wind_kz.json
{"header": {"discipline":0,"disciplineName":"Meteorological products","gribEdition":2,"gribLength":1102,"center":7,"centerName":"US National Weather Service - NCEP(WMC)","subcenter":0,"refTime":"2024-02-03T18:00:00.000Z","significanceOfRT":1,"significanceOfRTName":"Start of forecast","productStatus":0,"productStatusName":"Operational products","productType":1,"productTypeName":"Forecast products","productDefinitionTemplate":0,"productDefinitionTemplateName":"Analysis/forecast at horizontal level/layer at a point in time","parameterCategory":2,"parameterCategoryName":"UnknownDiscipline_0_Category_2","parameterNumber":2,"parameterNumberName":"UnknownParameter_D0_C2_2","parameterUnit":"Unknown","genProcessType":2,"genProcessTypeName":"Forecast","forecastTime":60,"surface1Type":103,"surface1TypeName":"Specified height level above ground","surface1Value":10.0,"surface2Type":255,"surface2TypeName":"Missing","surface2Value":0.0,"gridDefinitionTemplate":0,"gridDefinitionTemplateName":"Latitude_Longitude","numberPoints":615,"shape":6,"shapeName":"Earth spherical with radius of 6,371,229.0 m","gridUnits":"degrees","resolution":48,"winds":"true","scanMode":64,"nx":41,"ny":15,"basicAngle":0,"lo1":47.0,"la1":41.0,"lo2":87.0,"la2":55.0,"dx":1.0,"dy":1.0}, "data":
[rows 0 to 14 of 15, columns 0 to 40 of 41]
1.9494799,2.76948,2.55948,7.34948,11.69948,13.92948,10.21948,10.52948,8.08948,3.12948,3.25948,1.88948,1.11948,-0.22052002,-1.3005201,-2.12052,-3.09052,-1.69052,1.04948,1.37948,-5.59052,-5.52052,-1.6705201,-2.63052,-1.6605201,-1.65052,-2.29052,-2.20052,-0.42052,-0.18052001,-0.94052005,0.47947997,-0.12052002,-0.53052,-0.03052002,0.29948,-0.24052002,-0.63052005,-1.26052,-1.01052,-0.61052
6.50948,-1.13052,1.68948,-2.25052,2.28948,5.52948,4.59948,5.72948,8.69948,4.23948,3.46948,0.31947997,-0.08052002,-1.27052,-0.77052003,-1.9105201,-3.24052,-3.37052,-1.60052,-2.23052,-2.89052,-2.42052,-0.87052,-3.25052,-0.96052,0.009479981,-0.40052003,-0.78052,0.61947995,-1.22052,0.25947997,-0.33052003,0.58948,0.38948,0.34947997,0.52948,1.41948,0.92947996,0.36947998,-0.28052002,0.01947998
2.92948,7.29948,8.47948,11.65948,9.81948,7.0194798,9.30948,8.02948,4.67948,3.87948,3.84948,-0.31052002,-0.72052,-0.16052002,-2.28052,-2.40052,-0.76052004,-0.94052005,-1.19052,-1.51052,-3.06052,-3.6005201,-2.19052,-2.15052,-1.24052,0.20947999,-1.87052,-1.93052,-0.60052,0.02947998,-0.08052002,0.17947999,-0.84052,0.41947997,0.97947997,1.39948,-0.17052002,0.15947998,-1.0505201,-0.37052003,1.89948
8.95948,11.74948,14.49948,14.93948,11.71948,5.03948,5.53948,9.18948,7.17948,3.20948,0.85947996,0.32948,-1.12052,-1.6705201,-2.66052,-1.12052,-1.18052,-1.56052,-1.81052,-4.05052,-4.91052,-1.10052,-1.90052,-2.88052,-2.8505201,-2.80052,-3.24052,-1.24052,-0.42052,-2.59052,-3.73052,-4.46052,-4.16052,-1.74052,-0.42052,-0.25052002,-0.35052,1.4594799,-1.4205201,0.66947997,-0.06052002
10.30948,10.27948,14.30948,17.16948,12.99948,9.5094795,4.88948,10.52948,5.5194798,1.91948,-0.01052002,-0.06052002,-1.9205201,-2.90052,-2.69052,-2.03052,-1.70052,-2.25052,-2.6005201,-3.3605201,-3.66052,-4.33052,-5.42052,-5.17052,-5.13052,-4.05052,-5.18052,-3.93052,-6.54052,-1.62052,-0.79052,-0.42052,0.17947999,1.03948,-1.27052,-1.25052,-1.01052,-0.58052003,0.08947998,0.74948,0.33947998
11.26948,11.95948,14.95948,12.80948,10.49948,9.98948,6.43948,4.71948,1.11948,-0.10052002,-1.46052,-2.80052,-2.28052,-3.40052,-3.06052,-2.58052,-2.63052,-3.58052,-4.25052,-4.59052,-4.69052,-4.45052,-5.50052,-6.05052,-5.59052,-7.29052,-5.91052,-4.42052,-4.24052,-3.68052,-3.74052,-2.25052,-1.72052,-0.93052,0.21947998,-6.34052,0.12947997,-5.29052,-0.63052005,-0.54052,-1.84052
11.76948,12.41948,14.69948,9.13948,8.77948,9.29948,4.42948,1.67948,-0.34052002,-1.13052,-3.92052,-4.70052,-4.30052,-3.06052,-3.1105201,-3.31052,-3.19052,-4.15052,-5.30052,-5.09052,-4.50052,-4.61052,-4.69052,-5.41052,-7.2305202,-7.07052,-4.04052,-4.61052,-4.08052,-3.44052,-4.14052,-5.66052,-4.36052,-5.05052,-5.80052,-0.37052003,0.039479982,0.64948,-3.31052,1.71948,-1.57052
11.05948,11.98948,11.36948,8.08948,4.13948,0.26948,-0.15052003,-2.3605201,-0.78052,-2.22052,-4.18052,-4.71052,-3.74052,-3.75052,-2.91052,-3.34052,-3.73052,-4.63052,-4.31052,-5.34052,-3.8605201,-4.51052,-3.47052,-3.51052,-3.77052,-1.98052,-2.16052,-1.76052,-2.00052,-1.4205201,-2.19052,-1.81052,-1.02052,-0.47052002,-1.73052,-1.34052,-1.09052,0.84948,-7.63052,-10.81052,-2.31052
9.33948,9.79948,7.91948,1.37948,-2.29052,-1.23052,-1.23052,-2.28052,-3.27052,-2.8605201,-4.87052,-3.58052,-3.52052,-4.64052,-4.41052,-3.04052,-2.96052,-3.57052,-2.93052,-3.55052,-5.08052,-2.25052,-1.63052,-2.65052,-1.44052,-2.8505201,-1.97052,-0.92052,-0.59052,-0.73052,1.05948,1.4494799,0.85947996,-2.04052,-3.28052,-3.46052,0.08947998,-0.17052002,-1.73052,-0.58052003,-0.57052004
9.15948,8.0094795,5.54948,1.73948,-3.72052,-3.6105201,-3.18052,-1.86052,-2.66052,-2.8605201,-3.6005201,-2.98052,-2.56052,-3.33052,-4.09052,-2.93052,-2.21052,-1.50052,-2.30052,-2.18052,-1.34052,-0.73052,-1.43052,-0.91052,-1.39052,-1.25052,-0.04052002,-0.06052002,-0.04052002,0.72947997,0.81948,2.32948,0.74948,-1.9205201,-1.59052,-1.4205201,-1.6705201,-1.07052,0.32948,-0.40052003,-1.59052
8.60948,6.41948,4.37948,3.00948,-3.03052,-3.58052,-3.12052,-3.17052,-2.98052,-3.90052,-2.17052,0.07947998,-1.94052,-2.29052,-1.98052,-2.87052,-1.35052,-0.80052,-1.60052,-0.95052004,-1.18052,-2.19052,-1.38052,-1.11052,-0.10052002,-0.01052002,1.28948,1.62948,0.83948,1.42948,0.63948,-0.82052004,-2.07052,-1.11052,-1.40052,-0.93052,-0.45052,-0.32052,-0.71052,-0.18052001,-0.20052002
5.72948,2.12948,0.35948,0.14947999,-1.49052,-2.70052,-1.25052,-1.8005201,-2.68052,-2.39052,-0.88052005,0.43947998,-1.31052,-0.48052,0.29948,-0.53052,-0.48052,-0.79052,-1.72052,-0.71052,-1.24052,-0.69052005,-0.63052005,-0.36052,0.91947997,1.7094799,2.61948,1.39948,1.80948,-0.08052002,-0.51052004,-1.0405201,-1.11052,-1.84052,-0.30052003,-0.27052003,-0.07052002,-0.59052,-0.13052002,-0.74052,-1.19052
2.26948,0.17947999,-0.69052005,-0.35052,-0.49052003,-1.02052,-1.51052,0.08947998,-0.74052,-0.69052005,-0.19052002,0.68948,1.06948,1.50948,0.119479984,-0.64052004,-0.97052,-1.20052,-0.50052,0.60947996,0.47947997,0.78948,1.46948,1.22948,1.50948,1.50948,1.12948,0.55947995,0.52948,-0.26052,0.02947998,-0.32052,-1.01052,-0.86052,-0.74052,-0.18052001,-0.53052,-0.62052,-2.06052,-1.61052,-1.36052
-1.57052,-1.6605201,-1.11052,-1.08052,-1.1605201,-2.04052,-1.32052,-1.72052,-0.84052,-1.57052,-1.4205201,-1.70052,-0.45052,1.04948,0.74948,1.64948,0.69948,-0.36052,-0.10052002,1.46948,1.96948,1.91948,1.68948,2.40948,1.12948,-0.21052001,0.009479981,0.59948,0.92947996,0.12947997,0.19947998,0.23947997,-0.27052003,-0.23052002,-0.70052004,-0.21052001,0.07947998,-0.22052002,-0.42052,-0.22052002,-1.25052
-1.95052,-4.57052,-4.9805202,-3.99052,-3.84052,-3.75052,-3.52052,-4.24052,-3.01052,-2.00052,-2.07052,-0.69052005,-1.08052,0.70948,-0.24052002,-0.47052002,-0.25052002,0.18947998,0.57948,1.50948,1.34948,1.13948,1.14948,0.83948,-0.13052002,0.28947997,0.44947997,0.60947996,0.82948,0.58948,0.32948,0.31947997,0.33947998,0.54947996,0.60947996,0.26948,-0.17052002,1.6994799,0.86947995,0.10947998,-1.64052
