wind.json
{"header": {"discipline":0,"disciplineName":"Meteorological products","gribEdition":2,"gribLength":1125,"center":7,"centerName":"US National Weather Service - NCEP(WMC)","subcenter":0,"refTime":"2023-06-30T06:00:00.000Z","significanceOfRT":1,"significanceOfRTName":"Start of forecast","productStatus":0,"productStatusName":"Operational products","productType":1,"productTypeName":"Forecast products","productDefinitionTemplate":0,"productDefinitionTemplateName":"Analysis/forecast at horizontal level/layer at a point in time","parameterCategory":2,"parameterCategoryName":"UnknownDiscipline_0_Category_2","parameterNumber":3,"parameterNumberName":"UnknownParameter_D0_C2_3","parameterUnit":"Unknown","genProcessType":2,"genProcessTypeName":"Forecast","forecastTime":60,"surface1Type":103,"surface1TypeName":"Specified height level above ground","surface1Value":10.0,"surface2Type":255,"surface2TypeName":"Missing","surface2Value":0.0,"gridDefinitionTemplate":0,"gridDefinitionTemplateName":"Latitude_Longitude","numberPoints":688,"shape":6,"shapeName":"Earth spherical with radius of 6,371,229.0 m","gridUnits":"degrees","resolution":48,"winds":"true","scanMode":64,"nx":43,"ny":16,"basicAngle":0,"lo1":45.0,"la1":40.0,"lo2":87.0,"la2":55.0,"dx":1.0,"dy":1.0}, "data":
[rows 0 to 15 of 16, columns 0 to 42 of 43]
-3.8635595,1.3564404,3.4564404,5.1164403,2.7764404,2.6364405,-1.4435595,-5.53356,-8.6035595,-7.1135597,-3.9635596,-3.4335597,-3.2835596,-3.7135596,-4.3835597,-4.1835594,-5.4335594,-6.9535594,-9.91356,-8.94356,-5.03356,-1.8035595,0.82644045,1.7664404,2.9664404,2.8864405,2.2564404,-1.5635595,0.09644043,-1.1735595,0.9964404,-1.3735596,-1.4835596,-1.4535595,-1.4635596,-2.7035596,1.7064404,2.5964403,1.5264404,0.9764404,1.6564404,1.9064404,3.0764403
0.94644046,-0.38355958,4.0064406,-1.4435595,1.9564404,3.0664403,-2.6235595,-4.3635597,-5.6435595,-7.5635595,-6.4635596,-4.2735596,-3.3335595,-1.1535596,-1.9035596,-3.6935596,-5.1335597,-5.9835596,-8.79356,-10.143559,-7.7035594,-6.8135595,-2.8635595,-3.8035595,1.3764404,-1.2235596,1.5664405,0.6264404,-1.0335596,2.7464404,2.3564405,3.0964403,-0.59355956,0.10644043,0.8664404,-2.8335595,-0.86355954,1.0764405,1.6264404,1.9864404,1.2864404,3.2664404,0.23644044
-0.44355956,-3.1835597,4.69644,1.9264405,3.0064404,1.7364404,-1.5135596,-3.1235595,-3.8535595,-3.4235597,-3.8735595,-1.9635596,-1.6635596,-1.3335595,-1.2535596,-1.0235596,-2.4035597,-3.6835597,-4.9035597,-6.5635595,-9.253559,-6.8335595,-8.44356,-5.7335596,2.0464404,1.8564404,0.48644042,-2.8435595,-5.2535596,1.0564405,-0.0035595703,1.2664404,2.4864404,2.8164403,0.49644044,-1.2035595,-3.2035596,-1.1235596,-0.9535596,-1.4335595,-0.92355955,-1.9535595,0.18644042
2.3764405,2.7764404,2.4964404,6.0564404,3.6164405,2.7064404,0.41644043,-0.9335596,-1.2535596,-2.2535596,-3.3635595,-1.9835596,-4.4235597,-4.7535596,-4.2135596,3.9364405,1.9264405,-1.3235595,-1.2735596,-3.4035597,-5.3435597,-6.3335595,-5.9635596,-5.1835594,-0.97355956,1.5564405,3.9864404,4.71644,4.8364406,0.89644045,-0.5635596,2.7364404,3.4864404,1.3764404,2.8264403,-2.0535595,-0.29355958,4.1364403,3.9864404,-0.54355955,0.64644045,0.11644043,0.9164404
-1.2335596,4.1464405,5.2264404,8.05644,6.1564403,3.4764404,0.39644042,-1.2635596,-2.6235595,-4.1335597,-6.1235595,-6.7035594,-4.2135596,-2.6435595,-3.4335597,-1.3735596,0.29644042,-0.09355957,-1.1835595,-1.9135596,-2.4035597,-1.6035596,-2.2835596,-4.7435594,-0.7635596,-3.4035597,0.9864404,4.4164405,1.6764405,-0.14355958,1.4964404,-0.59355956,0.33644044,-2.3635595,-1.9435595,-1.6735595,0.23644044,-4.5235596,-1.6035596,2.0564404,1.8564404,1.7764404,3.6564405
-2.2635596,-0.5235596,6.7564406,8.196441,6.2464404,4.6264405,2.2064404,-0.04355957,-0.42355958,-1.7735596,-2.2535596,-3.6235595,-4.0135593,-1.9835596,-0.44355956,1.5764405,0.83644044,-0.41355956,-0.8835596,-2.2635596,-2.3335595,-3.3835595,-3.8335595,-5.9535594,-3.8735595,-2.1035595,0.64644045,0.40644044,0.19644043,0.10644043,-2.0035596,-2.5735595,-2.5935595,0.35644042,2.7264404,2.6164405,-0.86355954,-2.3335595,-0.7435596,0.41644043,4.19644,3.3364403,2.0764403
0.5064404,0.8064404,-1.3735596,3.8564405,3.1564405,5.5564404,4.1164403,3.6064405,1.4564404,0.19644043,0.22644043,-0.6935596,-3.1135595,-1.4835596,-2.9035597,0.11644043,1.8064405,0.7464404,0.5564404,-1.0235596,-1.7635596,-0.47355956,-4.4635596,-4.3135595,3.2164404,1.4464405,-0.09355957,0.28644043,-0.35355958,-0.41355956,-1.0935596,-1.4935596,-3.7235596,-3.2535596,-2.2235596,-1.4535595,2.6464405,-0.65355957,3.0764403,0.59644043,0.71644044,2.2464404,1.1464404
-0.43355957,1.0964404,-0.27355957,0.25644043,0.69644046,-0.02355957,-0.7535596,2.8364403,3.2864404,0.6864404,-1.3035595,-2.9635596,-1.8435596,-1.6135596,-0.71355957,-2.9435596,-4.1135597,-5.4235597,-2.3635595,-2.3235595,-4.6735597,0.26644042,-2.0435596,-4.7635593,5.8464403,4.44644,3.0364404,1.0264404,0.45644042,0.35644042,-0.36355957,-1.0835595,-3.5135596,-5.6535597,-7.0235596,-4.30356,-1.9135596,-3.5635595,-5.1735597,-3.4935596,-0.92355955,0.15644044,1.0464405
-0.13355957,-1.4335595,-1.8035595,-1.4735596,-1.5635595,-0.25355956,-1.9835596,-1.9435595,-0.53355956,0.9864404,-0.9535596,-1.1235596,-1.8435596,-0.9335596,-1.0735595,-1.7135596,-4.4935594,-4.1435595,-5.6035595,-0.91355956,-1.2935596,2.3664405,-3.6235595,4.7364407,5.2764406,5.2064404,4.6464405,1.6564404,2.4764404,1.5264404,0.90644044,0.21644042,-1.6635596,-2.7635596,-4.3435597,-4.9335594,-1.7035595,-1.3635596,-1.5235596,-1.7035595,0.70644045,0.89644045,-2.2335596
0.38644043,-0.06355957,-0.72355956,-2.5235596,-0.59355956,0.20644043,-1.2535596,0.33644044,-0.06355957,1.4064404,0.09644043,0.82644045,-0.78355956,-0.113559574,-1.3835596,-0.55355954,-3.3035595,-3.7435596,-4.3635597,-2.4635596,4.2864404,5.1364403,-2.5135596,2.7664404,6.9164405,4.4164405,2.5564404,4.3464403,3.0964403,2.6864405,3.4164405,1.3064405,0.44644043,-0.5135596,0.26644042,-1.8135595,-1.4035596,-1.5735595,-3.8335595,-0.8835596,-2.6935596,-2.0735595,-2.8035595
0.43644044,-0.09355957,-0.0035595703,-1.7535596,-0.5135596,-0.55355954,-0.29355958,-0.8135596,1.8264405,-0.07355957,-0.60355955,-0.6435596,-0.80355954,0.5064404,-0.033559572,-1.4835596,-3.0435596,-3.1635597,-3.9535596,-4.8435597,3.3064404,0.20644043,-5.7635593,4.7064404,4.0064406,3.1964405,3.5264404,2.0064404,2.1464405,2.2564404,2.9864404,2.2464404,2.1564405,1.5964404,1.0464405,-0.66355956,-2.0435596,-0.9535596,0.51644045,-3.3235595,-1.6535596,0.34644043,-0.013559571
0.7464404,0.02644043,-0.72355956,-0.5635596,-0.24355957,0.6164404,-0.46355957,-0.013559571,1.4464405,0.6264404,0.94644046,0.016440429,1.7764404,1.9864404,0.20644043,-1.0535595,-1.0635595,-3.4235597,0.6164404,3.9864404,-1.9035596,-4.6335597,-3.1235595,3.8864405,2.7364404,3.4364405,2.1864405,4.1164403,1.6264404,3.0564404,2.7564404,4.1664405,2.1464405,1.2964405,1.1464404,-0.45355958,-1.5935596,-2.9835596,-1.2335596,1.5164404,0.13644043,-0.47355956,-0.60355955
1.3464404,0.5564404,0.48644042,0.19644043,-0.02355957,0.71644044,0.6164404,0.06644043,1.6664405,0.31644043,0.24644043,-0.26355958,0.24644043,-0.78355956,-0.8235596,-2.4135597,-4.1135597,-1.4635596,0.32644042,-2.7035596,-2.7635596,-2.5635595,2.7964404,3.2764404,1.5564405,2.6064405,4.3864403,3.0964403,4.2564406,4.0364404,3.2764404,2.7564404,2.0864403,1.5964404,1.4764404,0.57644045,0.24644043,-1.2335596,0.12644044,1.8264405,2.0164404,1.6064404,1.2364404
1.3464404,1.3964404,1.1264404,1.0764405,0.78644043,0.41644043,0.7264404,1.2064404,1.8964404,1.1564404,0.63644046,0.40644044,0.63644046,0.0064404295,-0.18355957,5.4164405,-0.37355956,0.57644045,-0.6935596,-0.6435596,-1.9335595,-0.8835596,3.4364405,3.8564405,1.7064404,2.6764405,3.6364405,3.6364405,3.4764404,3.0164404,2.6564405,2.1964405,3.0764403,2.8564405,2.5364404,2.4664404,2.4664404,1.0164404,0.22644043,-0.59355956,0.38644043,0.28644043,0.33644044
0.14644043,1.1464404,1.4364405,1.3564404,0.53644043,0.11644043,1.2364404,1.1464404,1.5664405,1.3764404,1.7364404,1.4364405,1.9164405,0.9364404,0.15644044,1.0764405,-0.14355958,2.2864404,2.3364403,-0.7035596,-3.5735595,-3.5735595,2.5564404,3.1964405,2.9864404,2.4064405,3.4664404,2.4064405,2.4864404,2.8164403,3.1864405,3.1664405,3.6364405,3.7964404,3.5764403,3.9864404,2.2064404,2.0864403,0.9264404,1.2764404,0.04644043,0.13644043,-0.6235596
0.59644043,0.59644043,0.78644043,1.1764405,0.30644044,1.8864404,1.6964405,1.7864404,1.3564404,1.3664404,2.3564405,1.9864404,1.3364404,1.5564405,0.95644045,-0.013559571,2.1764405,2.0264404,2.0764403,0.6064404,-1.5135596,-2.0835595,-1.8135595,2.6564405,3.1364405,2.7064404,2.9764404,3.7064404,3.1764405,3.2864404,3.0364404,2.5964403,2.8364403,2.8464403,1.1864405,3.8564405,2.8864405,2.0964403,0.9264404,0.29644042,-2.1435595,-2.2835596,0.14644043
