wind_kz.json
{"header": {"discipline":0,"disciplineName":"Meteorological products","gribEdition":2,"gribLength":1102,"center":7,"centerName":"US National Weather Service - NCEP(WMC)","subcenter":0,"refTime":"2023-10-04T18:00:00.000Z","significanceOfRT":1,"significanceOfRTName":"Start of forecast","productStatus":0,"productStatusName":"Operational products","productType":1,"productTypeName":"Forecast products","productDefinitionTemplate":0,"productDefinitionTemplateName":"Analysis/forecast at horizontal level/layer at a point in time","parameterCategory":2,"parameterCategoryName":"UnknownDiscipline_0_Category_2","parameterNumber":2,"parameterNumberName":"UnknownParameter_D0_C2_2","parameterUnit":"Unknown","genProcessType":2,"genProcessTypeName":"Forecast","forecastTime":120,"surface1Type":103,"surface1TypeName":"Specified height level above ground","surface1Value":10.0,"surface2Type":255,"surface2TypeName":"Missing","surface2Value":0.0,"gridDefinitionTemplate":0,"gridDefinitionTemplateName":"Latitude_Longitude","numberPoints":615,"shape":6,"shapeName":"Earth spherical with radius of 6,371,229.0 m","gridUnits":"degrees","resolution":48,"winds":"true","scanMode":64,"nx":41,"ny":15,"basicAngle":0,"lo1":47.0,"la1":41.0,"lo2":87.0,"la2":55.0,"dx":1.0,"dy":1.0}, "data":
[rows 0 to 14 of 15, columns 0 to 40 of 41]
7.9590993,-0.57090086,4.2290993,9.809099,7.8990993,7.359099,7.639099,8.009099,5.4590993,-0.090900876,-3.590901,-4.5009007,-5.160901,-4.5009007,-3.9809008,-3.300901,-2.9809008,-2.580901,-5.140901,-4.5609007,-3.600901,-3.100901,-1.7409009,-2.6109009,0.5090991,-1.7809008,-2.600901,0.11909912,0.089099124,0.5890991,-1.5309008,1.6390991,0.8190991,1.1690991,0.24909912,-3.6209009,3.929099,-1.5709009,-2.9309008,-1.8409009,-0.5309009
3.1190991,-0.6709009,10.069099,9.509099,9.559099,10.079099,9.469099,6.909099,6.089099,-0.07090088,-3.1609008,-5.3109007,-4.780901,-3.8609009,-2.3609009,-2.830901,-3.4609008,-5.1009007,-4.320901,-4.8509007,-3.760901,-3.100901,-1.6509008,-3.030901,-0.57090086,1.1890991,-0.020900879,1.9090991,-0.30090088,0.029099122,0.7290991,-0.6109009,-0.31090087,-1.0809009,0.48909912,0.07909912,-1.6609008,2.1090991,-0.6009009,-0.94090086,-4.490901
8.269099,14.959099,13.899099,12.119099,10.559099,7.969099,7.119099,7.039099,4.559099,-3.310901,-3.3809009,-4.5609007,-4.090901,-3.3709009,-3.750901,-3.270901,-3.9609008,-3.530901,-4.200901,-4.240901,-3.540901,-3.4109008,-3.9009008,-4.140901,-2.6709008,-4.8109007,-2.9209008,-0.27090088,-1.0409008,-0.37090087,0.009099121,-0.45090088,-1.1209009,0.4590991,-3.520901,-1.0509009,-0.7809009,-1.2109009,0.8290991,-1.1609008,0.4290991
8.649099,14.9491,13.579099,12.579099,9.729099,7.1890993,11.149099,6.759099,5.559099,-3.2009008,-3.6209009,-4.0009007,-3.990901,-4.110901,-3.000901,-3.1309009,-2.850901,-3.1609008,-3.6709008,-3.6709008,-3.240901,-2.1309009,-2.4709008,-5.910901,-4.970901,-5.550901,-3.9509008,-5.970901,-2.4609008,-1.6209009,-2.300901,-3.1909008,-3.8809009,1.4790992,2.5690992,2.5890992,-0.87090087,-0.05090088,0.17909913,-0.5209009,-0.87090087
8.349099,10.839099,14.209099,12.4091,10.379099,8.689099,9.619099,6.969099,5.739099,-2.6309009,-3.4009008,-2.740901,-4.610901,-4.910901,-5.420901,-4.5409007,-4.360901,-3.9609008,-3.790901,-4.150901,-4.0609007,-4.490901,-5.120901,-4.2909007,-5.0409007,-5.0609007,-4.470901,-3.300901,-2.6909008,-2.080901,-3.4309008,-1.7209009,-1.6709008,-0.89090085,3.0790992,0.93909913,-1.8109009,-2.4309008,-3.540901,-2.7209008,-2.560901
7.159099,5.679099,9.399099,10.879099,9.4890995,9.529099,9.379099,7.739099,1.3690991,-4.460901,-5.260901,-5.590901,-6.0609007,-6.780901,-5.1009007,-4.150901,-3.6709008,-3.320901,-3.9109008,-3.3909009,-2.990901,-3.1309009,-3.6609008,-4.0409007,-4.450901,-4.720901,-1.7709008,0.009099121,-0.63090086,-3.1809008,-3.490901,-2.250901,-2.6809008,-2.1109009,-1.5209008,-0.45090088,-2.500901,0.20909911,-0.7309009,-3.600901,-3.000901
7.989099,5.909099,7.219099,9.219099,8.309099,5.839099,8.549099,6.9190993,1.2090992,-4.3309007,-5.1009007,-5.460901,-4.380901,-3.1509008,-3.240901,-3.070901,-2.3909009,-1.7909008,-2.4409008,-3.040901,-3.020901,-3.300901,-3.4209008,-2.7309008,-3.4709008,-3.280901,-1.6609008,-2.550901,-0.64090085,-2.850901,-3.8609009,-2.9509008,-1.2209009,0.06909912,3.169099,2.159099,-1.8509009,-0.23090088,-1.8209009,0.2790991,1.3090991
6.4190993,6.429099,5.779099,8.649099,7.309099,7.289099,7.109099,5.069099,5.1490993,-3.4409008,-4.230901,-3.1809008,-2.6109009,-2.3609009,-1.5509009,-1.8209009,-1.7309009,-2.040901,-2.1109009,-2.3709009,-1.3209009,-2.000901,-1.4909009,-2.1409009,-2.760901,-1.2309009,-0.9709009,0.40909913,-1.8509009,-0.8009009,-1.0509009,-0.70090085,-1.1109009,1.0590991,0.5990991,-1.4209008,-0.88090086,-1.3209009,-2.030901,-1.1909009,-1.5909009
6.139099,6.079099,5.1890993,5.829099,5.849099,7.129099,4.559099,5.529099,3.3390992,-0.15090089,-1.4209008,-2.1609008,-1.3909009,-1.6709008,-1.2909008,-1.0909009,-1.1009009,-1.4909009,-1.1009009,-1.3309009,-1.8709009,-0.6809009,-1.1209009,-1.0609009,-2.040901,-1.9409009,-0.3209009,-0.28090087,-0.7109009,-0.9109009,-0.3509009,0.3090991,1.5590991,0.61909914,-0.89090085,-1.4909009,-0.4409009,-2.770901,-1.4809009,0.41909912,-1.5909009
7.139099,6.159099,5.609099,5.2490993,7.599099,5.769099,6.219099,3.959099,2.149099,1.3690991,0.20909911,-0.5409009,-1.5509009,-1.2909008,-0.75090086,-0.22090088,-0.2909009,-0.5909009,-0.5309009,-0.6809009,-0.2909009,-0.16090088,0.14909913,-0.36090088,-1.1009009,-0.42090088,0.22909912,0.73909914,-0.24090087,-0.6109009,-0.9309009,-1.5209008,-3.260901,-3.4509008,-2.4109008,-1.5509009,-1.5309008,-0.010900879,-1.4609009,-0.64090085,-0.8009009
5.889099,6.129099,5.4390993,5.769099,4.9390993,4.889099,4.1490993,2.509099,4.039099,2.7790992,1.7790991,1.6990991,-0.7109009,-0.2909009,-0.12090088,0.32909912,0.32909912,1.2690991,0.089099124,0.44909912,0.6990991,0.5290991,0.80909914,0.32909912,0.34909913,-0.26090088,0.7190991,1.9790992,1.5790992,0.16909912,-2.7209008,-3.100901,-3.7109008,-2.4709008,-1.5109009,-1.3709009,-1.3009009,0.28909913,-0.5509009,0.79909915,-0.9009009
4.559099,4.509099,5.4390993,5.289099,4.889099,5.349099,3.3890991,3.0790992,3.2690992,3.3590991,1.7590991,1.5890992,2.929099,0.41909912,1.2190992,1.4290991,1.8190991,1.0590991,0.9590991,1.5790992,1.0190991,1.3890991,0.8890991,0.8490991,1.1090991,1.8790991,0.46909913,2.469099,2.259099,1.5690991,0.5890991,-0.56090087,-0.3209009,-0.3509009,0.4290991,1.5490991,0.5190991,-0.49090087,0.3990991,-0.6009009,-0.6009009
4.109099,4.079099,3.5190992,5.2490993,4.1690993,3.0890992,3.2990992,4.019099,3.2990992,2.009099,0.9790991,0.9790991,1.6690991,0.5290991,2.249099,1.3690991,2.2890992,2.419099,2.259099,1.7090992,1.3690991,1.3490992,2.759099,1.4990991,3.199099,2.8790991,2.929099,1.8490992,2.149099,1.9590992,1.4490991,1.4690992,1.4590992,0.74909914,1.7790991,1.6390991,0.7690991,-0.45090088,-0.6709009,-1.0209008,-1.0509009
4.629099,5.089099,5.219099,3.8190992,3.6190991,3.739099,2.909099,3.239099,2.8290992,1.9290991,-0.49090087,1.0590991,2.8390992,2.3490992,-1.0909009,1.3090991,2.739099,2.2690992,1.8790991,3.189099,2.7990992,3.399099,4.119099,3.6190991,3.239099,1.7890991,2.1190991,3.689099,3.3190992,1.9190991,1.6690991,1.1190991,0.9790991,1.1490991,1.8090991,1.7890991,0.8990991,-0.30090088,-1.8009009,-0.07090088,-0.3809009
3.679099,4.9190993,7.1490993,4.119099,4.289099,4.279099,4.369099,3.489099,3.0990992,2.209099,1.5390991,3.719099,1.0090991,0.34909913,1.7690991,2.929099,3.189099,3.5590992,3.0890992,3.7790992,4.129099,3.5390992,3.2990992,3.499099,3.199099,2.7990992,2.679099,3.3890991,3.6390991,3.3790991,2.5490992,2.0290992,0.86909914,1.1690991,1.2390991,1.9390991,0.04909912,0.28909913,0.26909912,0.23909912,-1.3609009
