wind_kz.json
{"header": {"discipline":0,"disciplineName":"Meteorological products","gribEdition":2,"gribLength":1025,"center":7,"centerName":"US National Weather Service - NCEP(WMC)","subcenter":0,"refTime":"2023-09-19T06:00:00.000Z","significanceOfRT":1,"significanceOfRTName":"Start of forecast","productStatus":0,"productStatusName":"Operational products","productType":1,"productTypeName":"Forecast products","productDefinitionTemplate":0,"productDefinitionTemplateName":"Analysis/forecast at horizontal level/layer at a point in time","parameterCategory":2,"parameterCategoryName":"UnknownDiscipline_0_Category_2","parameterNumber":3,"parameterNumberName":"UnknownParameter_D0_C2_3","parameterUnit":"Unknown","genProcessType":2,"genProcessTypeName":"Forecast","forecastTime":180,"surface1Type":103,"surface1TypeName":"Specified height level above ground","surface1Value":10.0,"surface2Type":255,"surface2TypeName":"Missing","surface2Value":0.0,"gridDefinitionTemplate":0,"gridDefinitionTemplateName":"Latitude_Longitude","numberPoints":615,"shape":6,"shapeName":"Earth spherical with radius of 6,371,229.0 m","gridUnits":"degrees","resolution":48,"winds":"true","scanMode":64,"nx":41,"ny":15,"basicAngle":0,"lo1":47.0,"la1":41.0,"lo2":87.0,"la2":55.0,"dx":1.0,"dy":1.0}, "data":
[rows 0 to 14 of 15, columns 0 to 40 of 41]
1.1003271,-1.4296728,0.010327148,-4.4896727,-5.629673,-4.5096726,-1.6296729,-1.2896729,-2.169673,-2.3396728,-3.429673,-3.5996728,-3.949673,-4.269673,-3.219673,-3.2896729,-3.699673,-3.6196728,-3.979673,-2.5296729,-1.6596729,-0.74967283,-1.0396729,-0.58967286,-3.1396728,3.2714845E-4,-1.1596729,1.1803272,-0.83967286,-0.5696728,1.4403272,1.3503271,-2.1196728,-1.4996729,-2.0396729,-2.5796728,-0.9496729,0.58032715,0.34032714,1.0503272,2.4503272
0.9303272,1.8103272,0.52032715,-1.9396728,-2.939673,-1.7596729,-2.3496728,-2.7896729,-3.6396728,-4.1996727,-5.0096726,-6.129673,-5.399673,-5.1996727,-6.2596726,-5.859673,-4.0096726,-2.919673,-3.1096728,-4.049673,-4.129673,-3.0796728,1.1003271,1.3803271,0.65032715,0.21032715,-1.8996729,-0.39967287,-0.6996729,-0.009672851,0.33032715,0.16032715,-1.5196729,-2.429673,-4.1596727,0.84032714,-0.43967286,-0.5196729,-0.8196728,-1.9496728,1.5503272
2.530327,3.520327,0.6803272,-2.5296729,-4.499673,-1.6496729,-1.2396729,-1.6696728,-2.199673,-3.7796729,-4.609673,-5.0296726,-4.999673,-4.539673,-5.1396728,-5.349673,-5.4696727,-5.079673,-2.939673,-2.209673,-2.3396728,-5.1596727,-5.229673,-1.6296729,-0.89967287,0.36032715,-0.28967285,0.75032717,-0.40967286,0.42032716,3.0903273,0.64032716,1.1803272,0.49032715,-1.6496729,2.4503272,4.7603273,-0.40967286,0.6203272,-2.719673,-2.669673
0.11032715,-0.35967284,-0.8296729,-1.4196728,-2.439673,-2.199673,-0.5196729,0.77032715,-0.60967284,-2.3196728,-3.939673,-5.319673,-6.5296726,-5.249673,-4.109673,-4.7396727,-5.589673,-5.2596726,-4.959673,-5.269673,-3.429673,-3.669673,-0.72967285,-3.479673,-3.5596728,-3.3596728,-3.3596728,-3.2696729,-1.0896728,-1.8496728,-1.1496729,0.14032716,-0.96967286,0.40032715,0.44032714,-3.679673,-2.3996727,0.64032716,6.2603273,1.6903272,2.3503273
-0.8296729,-1.4296728,-1.9196728,-2.2696729,-1.7796729,-1.4796729,-1.9396728,0.09032715,0.95032716,-0.20967285,-1.9796729,-3.449673,-5.7396727,-5.959673,-6.019673,-3.6096728,-3.5196729,-3.7796729,-4.079673,-4.369673,-2.929673,-1.2096728,-1.1696728,-1.5296729,-2.1396728,-2.3996727,-1.9896729,-2.239673,-2.3796728,-3.189673,-3.7796729,-0.19967285,1.8303272,3.3603272,-0.83967286,-1.3396728,-0.06967285,-0.5696728,-0.70967287,1.8903271,2.010327
-0.25967285,-0.90967286,-1.1496729,-1.2996728,-1.8696729,-1.5696728,-1.7096728,-1.7796729,-0.9396728,-1.0296729,-1.7896729,-2.449673,-3.8796728,-4.9896727,-5.079673,-4.709673,-4.399673,-2.699673,-3.249673,-3.3796728,-3.5296729,-0.95967287,1.1303271,-0.25967285,-0.92967284,-1.1796728,-1.1796728,-0.38967285,-0.52967286,-1.6096729,-2.6296728,-3.469673,-2.8196728,-3.1396728,0.19032715,6.650327,3.1403272,4.100327,2.0903273,1.0303272,0.77032715
1.8603271,1.7303271,1.0703272,0.82032716,-0.43967286,0.75032717,-0.019672852,-0.5096729,-0.95967287,-1.4396728,-1.5896728,-1.7396729,-2.2896729,-3.0996728,-3.189673,-4.349673,-4.6596727,-4.539673,-1.6796728,-2.0196729,-2.7996728,-3.2996728,-2.679673,-1.7096728,-1.0696728,0.23032714,-1.4796729,0.34032714,-0.029672852,0.91032714,-1.6096729,-3.1096728,-2.5996728,-0.22967285,-1.5996728,-1.8996729,-3.3596728,-1.7696729,3.2714845E-4,-1.7096728,-0.20967285
2.300327,1.8803271,-0.30967286,0.040327147,-0.29967284,-0.07967285,1.0403272,0.59032714,0.120327145,-1.2496729,-1.2296729,-0.27967286,-1.6296729,-2.2696729,-2.7796729,-3.0296729,-3.5296729,-3.6596727,-3.5396729,-1.0896728,-2.2596729,-2.5796728,-2.479673,-1.7796729,-1.9196728,-0.27967286,-0.96967286,-2.449673,-2.1096728,-1.7996728,-1.5396729,-1.6596729,-2.2796729,-2.669673,-0.49967286,0.35032713,0.5503271,0.29032716,1.1303271,0.53032714,-1.5196729
0.88032717,0.83032715,0.43032715,0.15032715,-0.28967285,-0.28967285,-0.83967286,-0.37967286,-0.47967285,-0.89967287,-1.5996728,0.010327148,0.48032716,0.6703271,-0.19967285,-1.1096729,-2.0796728,-2.3196728,-2.6096728,-2.0496728,-0.5096729,-2.219673,-2.969673,-2.459673,-2.479673,-1.4396728,0.120327145,0.72032714,-0.28967285,-1.2096728,-0.22967285,-1.2096728,-0.27967286,0.30032715,1.5103271,0.9203271,-2.2796729,0.24032715,0.52032715,-0.24967285,-3.3096728
1.7703271,1.3603271,1.5203271,1.3103272,1.0203271,-0.7596729,-1.4396728,-0.97967285,-1.7496729,-1.8596729,-2.5296729,-2.2796729,-0.92967284,-1.7496729,0.84032714,1.9503272,0.14032716,0.6703271,-1.2096728,-2.0096729,-0.83967286,-0.14967285,-1.7696729,-2.189673,-2.749673,-2.5996728,-2.0296729,1.3903271,1.1603272,1.0803272,0.94032717,1.9203272,2.1203272,1.2503271,0.48032716,0.6103271,0.30032715,-1.6996728,-0.83967286,2.5903273,2.9303272
2.3803272,2.7303271,1.7803272,0.46032715,1.1003271,-0.06967285,-0.48967284,-1.1896728,-1.7896729,-1.4296728,-1.5696728,-0.7696729,0.32032716,-0.95967287,-1.6396729,-0.52967286,1.5703272,1.3003272,1.3603271,-0.05967285,-1.2796729,-1.7696729,-2.0896728,-2.0896728,-1.7096728,-1.7096728,-0.92967284,-1.2696729,2.4703271,1.8803271,2.3503273,3.330327,2.9503272,2.5903273,2.020327,0.59032714,0.36032715,1.7803272,1.0703272,1.2503271,-0.05967285
1.3603271,3.1403272,1.9603271,2.3903272,2.2303271,1.7603271,0.9803271,0.77032715,-0.5096729,-1.0796728,-0.43967286,-1.7796729,-1.1196729,-0.85967284,-1.3196728,-0.40967286,-0.20967285,1.1303271,1.8703271,0.35032713,0.77032715,-0.65967286,-1.3796729,-1.4896729,-1.0396729,-1.9596728,-1.5396729,-1.0996728,-0.5196729,3.2403271,3.3803272,3.6603272,2.830327,3.030327,2.1303272,1.9003272,1.8303272,2.6903272,2.320327,2.2203271,1.2903272
-0.049672853,0.71032715,1.8703271,0.6203272,0.32032716,0.70032716,0.010327148,-0.55967283,0.65032715,1.0403272,0.46032715,-0.40967286,-1.2996728,-1.2296729,-0.90967286,0.48032716,1.0003271,1.0503272,0.91032714,0.91032714,1.1303271,1.2303271,0.9903271,0.6703271,0.030327149,0.20032714,-0.05967285,-0.21967286,3.2714845E-4,0.9303272,3.3403273,3.550327,3.300327,2.9003272,3.3803272,3.250327,2.820327,1.9903271,2.6603272,1.8703271,1.2303271
0.54032713,0.51032716,-0.22967285,1.7803272,1.2103271,1.0903271,1.2003272,1.7803272,1.2403271,0.9903271,2.1703272,1.1003271,-0.16967285,-0.33967286,-1.5596728,-1.4896729,-0.40967286,0.76032716,0.96032715,0.96032715,0.71032715,1.4403272,1.5203271,1.0603272,0.9803271,0.78032714,0.42032716,0.7303271,0.82032716,1.3603271,1.9703271,2.9703271,3.8903272,4.390327,2.8603272,3.2303271,2.8603272,2.9303272,2.330327,2.6903272,2.3903272
0.9203271,-0.20967285,-0.42967284,0.45032716,0.91032714,1.5303272,1.2703271,1.2403271,1.2103271,0.85032713,1.6403271,2.310327,2.300327,0.82032716,0.88032717,-0.24967285,-0.25967285,-0.60967284,-0.5796729,0.040327147,-0.67967284,-1.1796728,-1.3096728,-1.0396729,-0.5196729,-0.23967285,-0.12967286,0.10032715,0.9803271,1.3603271,1.4803271,2.3603272,2.560327,3.2303271,4.250327,4.5303273,4.900327,5.0303273,3.9603271,5.2603273,2.500327
