wind_kz.json
{"header": {"discipline":0,"disciplineName":"Meteorological products","gribEdition":2,"gribLength":1102,"center":7,"centerName":"US National Weather Service - NCEP(WMC)","subcenter":0,"refTime":"2024-01-30T18:00:00.000Z","significanceOfRT":1,"significanceOfRTName":"Start of forecast","productStatus":0,"productStatusName":"Operational products","productType":1,"productTypeName":"Forecast products","productDefinitionTemplate":0,"productDefinitionTemplateName":"Analysis/forecast at horizontal level/layer at a point in time","parameterCategory":2,"parameterCategoryName":"UnknownDiscipline_0_Category_2","parameterNumber":3,"parameterNumberName":"UnknownParameter_D0_C2_3","parameterUnit":"Unknown","genProcessType":2,"genProcessTypeName":"Forecast","forecastTime":180,"surface1Type":103,"surface1TypeName":"Specified height level above ground","surface1Value":10.0,"surface2Type":255,"surface2TypeName":"Missing","surface2Value":0.0,"gridDefinitionTemplate":0,"gridDefinitionTemplateName":"Latitude_Longitude","numberPoints":615,"shape":6,"shapeName":"Earth spherical with radius of 6,371,229.0 m","gridUnits":"degrees","resolution":48,"winds":"true","scanMode":64,"nx":41,"ny":15,"basicAngle":0,"lo1":47.0,"la1":41.0,"lo2":87.0,"la2":55.0,"dx":1.0,"dy":1.0}, "data":
[rows 0 to 14 of 15, columns 0 to 40 of 41]
-5.7665186,-0.9665186,3.3534815,-0.95651853,2.3834815,12.4034815,14.223481,10.503482,5.7634816,3.9634814,4.4734817,5.5234814,6.4934816,6.2634816,5.3334813,5.0934815,5.6334815,2.8434815,5.3034816,5.683481,3.8334816,7.8234816,3.4934814,-0.85651857,0.57348144,-1.2665186,-0.92651856,0.49348146,0.33348143,-0.44651854,-1.3665185,-2.2665186,-0.5365186,-0.41651857,0.24348144,0.6534814,0.5934814,0.57348144,0.57348144,0.18348144,-0.50651854
7.8034816,1.4434814,0.48348144,-0.36651856,0.25348145,5.1034813,10.993482,13.603481,8.6534815,6.913481,4.6534815,5.2934813,6.5434813,6.9434814,6.3234816,6.2434816,6.2434816,3.4534814,4.9234815,5.7634816,4.9534817,7.3534813,4.5534816,2.7334814,2.5734816,2.1834815,0.63348144,1.1334815,-0.11651856,2.5234814,2.5834816,1.9634814,1.0334815,-2.4765186,-1.6765186,0.94348145,-0.046518553,1.0634815,0.32348144,1.2534814,-0.026518555
2.1034815,7.0134816,5.9934816,4.3534813,4.5134816,5.5934815,8.723481,10.033482,7.5834813,5.5634813,5.9234815,5.7234817,7.9434814,8.583482,6.9034815,6.0034814,8.1534815,6.3634815,6.183481,5.413481,5.3934813,6.913481,2.2334814,3.7734814,3.7634814,3.2834814,1.8934815,0.67348146,1.0234815,1.1834815,0.41348144,0.9734814,2.0734816,-0.9665186,0.7734814,-0.6465185,-1.4365185,1.2934815,-0.19651856,-0.24651855,-0.57651854
2.2634814,6.663481,6.7634816,6.6434813,6.913481,8.423481,8.673481,9.593481,7.6934814,6.5934815,8.443481,7.2634816,7.5134816,7.6734815,5.8234816,8.313481,6.663481,5.1734815,5.183481,5.9434814,7.8634815,7.7034817,1.4334815,5.4434814,3.8934815,2.7934813,4.4034815,2.7634814,4.4834814,4.8334813,5.913481,0.33348143,0.25348145,-0.20651856,-0.046518553,0.31348145,1.5834814,2.2834814,-0.81651855,-1.4565185,-1.2665186
6.0334816,6.933481,7.2534814,8.093481,8.963482,8.333482,15.513481,12.843481,9.1534815,7.4034815,6.7734814,6.4934816,7.5634813,9.083482,8.273481,6.4034815,6.1234813,5.0934815,5.2034817,5.8334813,6.8134813,8.023481,4.4934816,3.5834816,3.3634815,3.4134815,5.8434815,4.7634816,4.7934813,8.043482,4.0134816,1.2334814,2.8334816,1.9734814,0.26348144,0.28348145,0.70348144,-0.23651856,-0.57651854,0.043481447,-0.086518556
-2.5965185,-0.21651855,10.083482,11.853481,10.693481,9.853481,9.853481,12.373482,10.983481,10.283482,7.0634813,6.7934813,9.533482,10.233481,5.9734817,5.8734813,5.2334814,4.7934813,4.3134813,3.7434814,4.8834815,5.4734817,4.8134813,6.2034817,6.433481,6.1534815,3.2734814,2.2434814,4.5034814,4.663481,3.8934815,2.1834815,1.3234814,1.1434815,1.3134815,8.033482,0.39348143,3.4134815,0.88348144,0.6634815,1.0634815
1.8434814,3.9934814,3.6134815,10.013481,11.923481,12.333482,11.693481,10.063481,10.053481,9.883481,8.993482,9.673481,8.923481,8.583482,7.433481,6.1134815,5.8334813,4.7234817,4.433481,3.4334815,3.3734815,4.6534815,5.2334814,6.2834816,6.4934816,3.7334814,1.0734814,2.8434815,1.6334815,4.2334814,3.0334814,1.6434815,-0.95651853,3.2134814,1.3434814,0.45348144,-1.5465186,1.0934814,1.1034814,1.1034814,2.3134813
1.5834814,3.2734814,6.663481,5.3634815,10.193481,14.303481,14.143481,12.173481,12.4034815,11.123482,12.1134815,12.023481,11.253482,9.453482,8.123482,7.9934816,6.7934813,5.4534817,5.413481,4.8034816,3.1234815,3.6834815,5.2434816,6.913481,8.343481,7.3534813,9.163482,5.0534816,2.4334815,3.2234814,2.1134815,2.8034813,3.3134813,3.8134813,0.56348145,-0.20651856,-0.93651855,1.4334815,-1.4265186,1.6634815,1.9834814
4.4234815,5.1734815,5.3334813,5.4734817,4.8934813,4.4034815,13.233481,13.683481,12.693481,12.6134815,12.993482,13.163482,11.793482,10.293482,8.443481,7.0734816,6.8334813,6.433481,6.413481,5.4734817,4.663481,2.6534815,3.3934815,6.2234817,9.283482,9.643481,8.263481,10.1534815,7.2534814,4.9034815,6.9034815,7.9734817,10.333482,8.503482,4.683481,5.4634814,-0.33651856,0.33348143,3.0334814,2.1834815,1.1134814
6.3634815,6.7534814,6.683481,5.8634815,4.5334816,4.5634813,8.383481,11.543482,13.343481,13.763481,14.763481,14.343481,12.923481,10.803481,9.733481,7.4834814,6.8234816,6.5034814,6.1434813,6.3734813,7.4834814,5.8234816,4.5234814,5.3034816,8.003482,9.053481,10.553481,11.183481,9.483481,8.503482,8.923481,9.473481,7.8534813,7.9934816,7.2334814,2.7934813,2.0834816,0.92348146,1.3534814,1.9534814,3.7334814
6.6134815,8.353481,8.023481,6.1034813,4.9034815,4.8634815,7.433481,11.713482,13.273481,13.803481,14.103481,13.343481,11.543482,10.743482,9.373482,8.083482,7.9034815,7.3734813,6.8834815,7.0734816,6.9934816,6.2034817,4.9534817,4.9534817,6.913481,8.193481,9.313481,10.463482,10.823482,10.013481,8.033482,7.0534816,8.003482,8.1534815,8.873482,3.4134815,2.7134814,2.5334814,2.9134815,2.4734814,1.5734814
3.4434814,8.013481,6.7434816,5.6034813,4.6434813,4.3634815,8.513481,8.383481,9.043482,9.813481,10.173481,7.2534814,8.743482,9.043482,8.383481,8.203482,8.783482,7.9934816,7.7134814,7.4834814,6.7734814,6.2434816,5.6534815,4.683481,4.4534817,8.433481,9.763481,10.1534815,8.923481,7.2134814,6.2534814,7.3134813,6.9534817,7.6534815,6.9234815,5.4734817,1.4134815,2.0434813,1.4034815,1.7334814,0.17348145
-5.4265184,-4.1365185,0.15348144,5.0434813,6.0234814,4.3934813,6.3134813,8.843481,10.603481,6.663481,4.0234814,5.663481,7.9034815,7.6134815,7.7334814,7.5234814,8.053481,7.7534814,8.263481,7.433481,7.8234816,6.9634814,6.4434814,6.4534817,6.1034813,8.723481,9.773481,8.4034815,9.193481,7.8934813,7.3734813,7.2334814,6.7434816,6.5234814,6.3434815,6.6734815,3.8034813,2.0234814,2.9434814,1.2034814,0.86348146
-5.7565184,-5.8265185,-4.5565186,-2.5565186,-0.7765186,1.1234814,2.2134814,4.0734816,4.5634813,5.5734816,4.3834815,1.6134814,4.0134816,6.4534817,6.5434813,6.9834814,7.2634816,7.683481,8.323482,7.5034814,7.0134816,6.8634815,6.2134814,4.5034814,4.7334814,7.9034815,8.963482,9.163482,8.603481,8.373482,7.663481,6.933481,6.6134815,6.7734814,4.7434816,6.1534815,4.2134814,2.5934815,2.7234814,2.6434815,1.3734814
-2.5965185,-3.2365186,-3.3465185,-1.5465186,-0.80651855,-0.31651855,1.9034815,3.5634813,4.9034815,5.0634813,2.9734814,3.3734815,1.5534815,2.5134814,6.2734814,6.8834815,7.7534814,7.7234817,7.6134815,7.5134816,6.9234815,6.7634816,6.413481,5.7534814,6.0734816,8.013481,8.933481,8.633481,8.183481,7.9034815,7.4234815,7.2234817,5.5134816,5.4834814,5.7834816,5.2334814,6.1534815,4.663481,1.4334815,2.2434814,1.0934814
