wind_kz.json
{"header": {"discipline":0,"disciplineName":"Meteorological products","gribEdition":2,"gribLength":1025,"center":7,"centerName":"US National Weather Service - NCEP(WMC)","subcenter":0,"refTime":"2023-10-05T06:00:00.000Z","significanceOfRT":1,"significanceOfRTName":"Start of forecast","productStatus":0,"productStatusName":"Operational products","productType":1,"productTypeName":"Forecast products","productDefinitionTemplate":0,"productDefinitionTemplateName":"Analysis/forecast at horizontal level/layer at a point in time","parameterCategory":2,"parameterCategoryName":"UnknownDiscipline_0_Category_2","parameterNumber":2,"parameterNumberName":"UnknownParameter_D0_C2_2","parameterUnit":"Unknown","genProcessType":2,"genProcessTypeName":"Forecast","forecastTime":300,"surface1Type":103,"surface1TypeName":"Specified height level above ground","surface1Value":10.0,"surface2Type":255,"surface2TypeName":"Missing","surface2Value":0.0,"gridDefinitionTemplate":0,"gridDefinitionTemplateName":"Latitude_Longitude","numberPoints":615,"shape":6,"shapeName":"Earth spherical with radius of 6,371,229.0 m","gridUnits":"degrees","resolution":48,"winds":"true","scanMode":64,"nx":41,"ny":15,"basicAngle":0,"lo1":47.0,"la1":41.0,"lo2":87.0,"la2":55.0,"dx":1.0,"dy":1.0}, "data":
[rows 0 to 14 of 15, columns 0 to 40 of 41]
-2.5036645,-0.36366454,1.9263355,-2.4836645,-1.7336645,-7.4036646,-7.4236646,-7.7436647,-7.6836643,-3.8836646,-4.2236648,-4.3736644,-4.1136646,-3.7236645,-2.8236647,-3.3136644,-2.2936645,-3.6936646,-4.7936645,-3.4036646,-2.5436645,-0.52366453,-1.3736645,-1.8336645,0.09633545,-1.9536645,-3.0036645,-4.2736645,-0.6036646,-0.33366454,-1.1536646,1.5463355,0.20633546,0.14633545,-2.3536646,-2.8636646,-3.3136644,-4.2136645,-4.0336647,-1.9136646,-2.1936646
1.0163355,1.3763355,-8.243665,-5.5836644,-8.903665,-8.4836645,-5.5036645,-7.2936645,-4.9836645,-4.5136647,-4.2936645,-4.6936646,-3.6636646,-2.8036644,-2.4536645,-2.8036644,-1.5936645,-3.6836646,-3.2436645,-3.6236646,-3.5036645,-2.3436646,-0.92366457,-2.7036645,-0.7836645,0.6463354,-1.4636645,-1.1636646,-3.5836647,-2.5236645,0.15633544,-0.57366455,2.0263355,-3.3836646,0.26633546,0.0063354494,0.38633546,0.60633546,2.4063354,2.7663355,0.91633546
0.05633545,-5.1136646,-7.1936646,-6.5036645,-9.353664,-7.7636647,-5.6636643,-3.9036646,-6.5436645,-5.3636646,-4.4636645,-4.0736647,-3.2736645,-3.6736646,-3.5736647,-3.3036644,-4.1836643,-3.4836645,-2.4236646,-2.1336646,-3.5836647,-8.003665,-7.4136643,-5.4836645,0.78633547,-2.3936646,-1.9436646,-2.5536644,-0.99366456,-1.1036645,-2.5636644,2.8763354,-0.013664551,-1.2136645,0.17633545,-0.89366454,0.18633544,-0.34366456,0.80633545,2.8663354,2.5863354
-3.8736646,-6.5136647,-6.7236648,-7.0336647,-6.2336645,-5.8236647,-2.8536646,-4.3436646,-4.8936644,-4.9036646,-4.2236648,-4.3436646,-6.1536646,-6.2736645,-4.0136647,-4.1636643,-4.1336646,-3.8336647,-4.4436646,-4.5236645,-5.8836646,-3.6736646,-2.3436646,-6.4636645,-7.1036644,-6.9436646,-7.6036644,-11.023664,-5.2336645,-1.7036645,-1.3936646,-6.1636643,-3.5036645,-2.5036645,-2.9236646,-2.8336647,-2.6136646,2.6463354,1.7563355,-0.17366455,1.1063354
-4.4236646,-5.6836643,-5.0336647,-4.6536646,-4.6636643,-3.6936646,-3.5036645,-3.6536646,-4.6036644,-4.1936646,-3.9636645,-4.9036646,-4.9736648,-5.9036646,-5.953665,-4.5636644,-4.6336646,-4.6936646,-6.3036647,-8.133664,-9.883664,-7.9336643,-7.4636645,-6.8736644,-7.5036645,-7.7136645,-9.373665,-7.4136643,-5.3036647,-5.1536646,-5.3436646,-2.2836645,-2.6836646,0.32633546,0.18633544,-0.7836645,-1.7136645,-0.83366454,-2.3236647,-0.5936645,0.57633543
-4.2636647,-2.7936645,-3.7436645,-4.9936647,-4.1936646,-4.703665,-3.9836645,-3.7636645,-4.7836647,-4.5536647,-3.6736646,-3.9036646,-4.4136643,-5.3636646,-4.9736648,-4.0636644,-4.453665,-4.7436647,-6.3836646,-5.0036645,-6.8236647,-5.9136643,-5.9236646,-6.4036646,-6.3736644,-7.2636647,-5.0136647,-8.843664,-5.2136645,-5.1236644,-5.2636647,-4.7436647,-4.1036644,-4.0136647,-3.1936646,-2.2936645,0.02633545,-1.0236646,-1.4136646,-4.0436645,-4.2636647
-3.7536645,-3.1336646,-3.2936645,-2.9036646,-3.6836646,-3.2436645,-3.0836647,-3.3036644,-3.7536645,-3.1336646,-2.5736647,-3.3136644,-3.0036645,-3.2436645,-3.1836646,-3.5136645,-3.7936645,-3.9636645,-4.4636645,-4.6936646,-4.3836646,-4.2736645,-4.1936646,-4.0036645,-4.6536646,-4.1436644,-3.5136645,-3.1136646,-2.9836645,-3.1136646,-3.2936645,-3.0636644,-2.3736646,-2.6636646,-2.7836645,-1.7736646,-0.96366453,0.54633546,-0.34366456,1.8863355,1.1763355
-2.2636645,-2.0536644,-2.3036644,-1.9936645,-1.7636646,-2.0636644,-1.9836645,-2.1336646,-2.1136646,-2.4036646,-1.7236645,-1.4736645,-1.5836645,-1.5836645,-1.4036646,-2.4636645,-2.6936646,-3.1436646,-2.7936645,-3.4436646,-3.0436645,-2.9836645,-2.5436645,-2.4036646,-2.0036645,-1.1936646,-0.93366456,-0.55366457,-0.42366454,0.34633544,0.32633546,0.6463354,-0.34366456,0.38633546,-0.80366457,-1.2336645,-1.4936645,-0.47366455,1.7063354,2.3763354,0.56633544
-1.2536645,-0.75366455,-0.9836646,-1.1436646,-0.39366454,-0.7236645,-1.1036645,-1.4036646,-1.2936646,-0.61366457,-0.23366456,-0.02366455,0.7663354,0.54633546,0.50633544,0.41633546,0.21633545,-0.24366455,-0.6036646,-1.0536646,-1.0636646,0.46633545,1.1363355,1.1963354,1.2263354,1.0663354,1.3163354,1.2763355,1.2363354,1.3363354,2.6463354,3.1863356,4.2563353,0.73633546,0.15633544,-1.4436646,-0.43366456,-1.7036645,-0.7836645,1.1363355,-2.0336645
0.26633546,-0.043664552,-0.27366456,-0.33366454,-0.14366455,-0.31366456,-0.58366454,0.0063354494,-0.02366455,0.11633545,1.2163354,1.8263354,1.7263354,2.0263355,1.9863354,2.1163354,1.9463354,1.7463355,1.6563355,1.7163354,2.4263353,2.8263354,2.9963355,3.0563354,2.7763355,2.6463354,3.1263354,3.6463354,4.8263354,5.8763356,3.9363356,4.5963354,1.6363355,0.7063354,-0.55366457,-1.5336646,-2.3136644,-0.81366456,-1.6136645,0.33633545,-1.2436645
1.3863355,1.0263355,0.12633544,0.05633545,0.27633545,0.19633545,1.0063355,1.1463355,0.43633544,0.42633545,1.8863355,3.0163355,1.7463355,3.1063354,3.0663354,2.8263354,2.8963354,3.1863356,2.0563354,3.4963355,3.8863354,3.0263355,4.2863355,3.7863355,3.9963355,3.6863356,5.9563355,5.1163354,6.0363355,5.9663353,4.8563356,3.5563354,1.7463355,2.3463354,-0.0036645508,-1.9836645,-1.3036646,1.1763355,-0.93366456,1.2163354,-1.0836645
1.7663355,1.7963355,1.9963355,0.99633545,1.3563354,1.4463354,1.2363354,1.4463354,1.9163355,-0.08366455,1.7363354,4.7263355,2.3663354,3.9763355,4.8963356,4.1263356,4.2663355,4.5063353,3.4063354,4.9363356,5.0663357,5.6063356,4.6863356,4.6463356,6.4463353,6.4963355,6.3363357,8.046335,6.8363357,4.7463355,2.9463356,3.1363354,2.1963356,2.6063354,2.3063354,3.5563354,2.7763355,-0.31366456,0.08633545,-0.25366455,-0.63366455
1.4963355,3.3163354,2.7663355,3.0163355,2.9663355,1.9263355,2.4063354,2.4063354,1.1663355,1.7963355,2.2163355,4.3663354,2.3763354,5.7363353,5.6963353,5.2163353,5.2763352,5.7663355,3.8763354,5.5763354,4.6763353,5.3363357,6.5563354,5.0063353,7.4663353,6.6663356,6.4263353,6.5963354,5.796335,3.7663355,2.8263354,2.8563354,2.5563354,3.1063354,3.4463356,4.1763353,4.7163353,2.7863355,3.0863354,0.60633546,-0.37366456
3.4963355,3.4663355,1.9463354,5.3563356,3.3363354,3.5563354,3.5563354,4.1663356,5.0863357,2.8063354,2.6063354,1.7363354,4.7363353,6.0263352,5.8663354,5.3663354,5.9463353,5.4663353,3.6163354,6.5663357,5.9963355,6.5063353,7.8563356,6.9863353,6.8363357,5.6463356,4.6463356,5.3763356,4.6563354,4.0063353,3.2563355,2.5963354,2.7263355,2.9063354,3.0963354,3.7763355,3.6063354,3.7363355,3.5963354,3.1963356,1.8363354
2.5363355,4.1663356,4.8863354,3.4663355,4.7163353,3.2963355,6.2763352,5.3563356,5.5863357,3.7963355,2.5263355,5.5663357,3.3463354,3.3863354,6.0263352,5.5863357,5.8863354,6.2563353,4.4663353,6.2163353,5.9163356,6.0763354,5.8263354,6.1063356,5.9963355,5.6063356,5.4263353,4.6963353,4.6063356,3.8263354,4.9663353,4.8263354,3.3363354,3.9263353,3.6563354,4.1363354,3.9563355,4.6263356,5.0863357,3.4763355,1.6963354
