wind_kz.json
{"header": {"discipline":0,"disciplineName":"Meteorological products","gribEdition":2,"gribLength":1025,"center":7,"centerName":"US National Weather Service - NCEP(WMC)","subcenter":0,"refTime":"2023-10-04T12:00:00.000Z","significanceOfRT":1,"significanceOfRTName":"Start of forecast","productStatus":0,"productStatusName":"Operational products","productType":1,"productTypeName":"Forecast products","productDefinitionTemplate":0,"productDefinitionTemplateName":"Analysis/forecast at horizontal level/layer at a point in time","parameterCategory":2,"parameterCategoryName":"UnknownDiscipline_0_Category_2","parameterNumber":2,"parameterNumberName":"UnknownParameter_D0_C2_2","parameterUnit":"Unknown","genProcessType":2,"genProcessTypeName":"Forecast","forecastTime":120,"surface1Type":103,"surface1TypeName":"Specified height level above ground","surface1Value":10.0,"surface2Type":255,"surface2TypeName":"Missing","surface2Value":0.0,"gridDefinitionTemplate":0,"gridDefinitionTemplateName":"Latitude_Longitude","numberPoints":615,"shape":6,"shapeName":"Earth spherical with radius of 6,371,229.0 m","gridUnits":"degrees","resolution":48,"winds":"true","scanMode":64,"nx":41,"ny":15,"basicAngle":0,"lo1":47.0,"la1":41.0,"lo2":87.0,"la2":55.0,"dx":1.0,"dy":1.0}, "data":
[rows 0 to 14 of 15, columns 0 to 40 of 41]
2.8962085,1.5862085,-1.1737915,4.5862083,5.2662086,4.7862086,5.9462085,5.3462086,2.1162086,-1.5537915,-3.4337914,-4.3337917,-4.1537914,-4.2037916,-3.8637915,-3.5737915,-3.7837915,-4.2037916,-5.3537917,-5.7637916,-4.0137916,-0.40379152,1.0262085,2.6262085,1.6762085,2.7462084,2.8662086,0.4362085,-0.16379151,0.9662085,-1.1237915,1.2862085,-1.2537915,-0.8837915,0.036208495,0.6262085,-0.2637915,-2.7637916,-2.4037914,-1.9637915,1.0862085
3.4762084,-0.7537915,2.2062085,3.9762084,5.8862085,5.2862086,6.2862086,6.7362084,2.4862084,-0.3037915,-3.1137915,-3.1337914,-2.5337915,-2.7537916,-3.5637915,-2.3837914,-3.9937916,-3.7937915,-4.1237917,-4.5437913,-3.4337914,-1.6237915,0.2162085,0.9162085,-0.3037915,-1.1237915,0.4262085,-0.5637915,1.8262085,-0.16379151,0.056208495,-0.5637915,-0.5837915,-2.1237915,0.4462085,0.6362085,0.4562085,-0.7437915,-0.1737915,-1.9737915,-0.2837915
3.6062086,-0.2437915,1.7762085,2.8462086,4.8462086,2.0162084,5.4662085,6.2962084,2.6562085,-1.2237915,-1.6837915,-1.8337915,-0.6737915,-1.7137915,-2.0037916,-2.2237916,-1.7837915,-3.6837914,-3.7937915,-3.4237914,-2.3437915,-0.54379153,-0.1237915,-5.2237916,-2.5337915,-3.7837915,-2.9837916,0.5462085,1.6462085,-1.0337915,-0.8837915,-1.6237915,0.24620849,0.016208496,-0.8337915,-0.4537915,0.5262085,-0.8337915,1.5162085,0.5062085,-1.3437915
3.1162086,2.3262086,2.7062085,0.2762085,-0.37379152,1.7662085,3.9962084,6.7962084,3.6062086,0.51620847,-0.0837915,0.1562085,-1.4137915,-0.8937915,-1.2637916,-1.1637915,-1.6037915,-2.0137916,-2.2037916,-2.0737915,0.1862085,-2.4837916,-2.9937916,-3.6837914,-3.4737916,-2.7037916,-2.0637915,-3.1537914,-4.3737917,-2.2437916,-0.3137915,-0.0837915,1.6262085,2.1162086,2.0462084,1.6062084,1.0262085,1.5962085,-1.8237915,-3.3437915,-1.5837915
4.4562087,3.8562086,3.0562086,2.2862084,0.6362085,0.7562085,3.6562085,5.3462086,5.1962085,1.4862084,1.1962085,0.006208496,-3.7837915,-3.2637916,0.5962085,-0.7637915,-1.5237916,-1.0637915,-1.4237915,-2.4837916,-2.7737916,-2.7937915,-2.4037914,-2.2337916,-1.5037915,-1.3937916,-1.4537915,-1.5937915,0.5462085,-1.6937915,-1.3937916,-1.0337915,-0.5337915,0.3862085,-2.8637915,-1.0537915,2.3162086,-2.8837914,-4.1037917,-2.3137915,-1.8537915
4.7562084,3.9762084,5.0262084,4.7862086,4.7362084,3.6662085,2.5762086,4.1162086,3.1262085,2.4462085,1.2662085,1.0262085,-1.2637916,-1.1037915,2.1562085,2.4262085,1.3762085,1.4262085,1.2262084,0.2062085,0.9362085,1.3862085,-0.5337915,-0.3237915,-1.2637916,-0.2837915,-1.2337915,-4.2537913,-0.103791505,0.1262085,0.1862085,-2.8337915,-0.053791504,1.6862085,-1.4937915,1.9362085,-0.3537915,1.7462085,-1.4637915,-2.5337915,-3.4137914
5.1762085,5.4662085,4.0662084,5.2362084,5.0262084,4.7162085,3.8962085,2.9562085,5.7262087,4.4062085,3.5162084,3.6862085,-0.0037915038,2.1962085,3.4462085,5.6662083,2.6162086,2.8962085,1.4162085,1.8862085,2.2762084,3.1562085,3.1562085,2.9962084,3.2462084,2.1362085,2.0962086,0.6262085,1.6362085,2.0562086,2.5362084,3.3262086,-1.2837915,1.9462085,0.9962085,2.3362086,1.6462085,0.8762085,1.3362085,0.70620847,-1.0737915
6.8062086,5.9362087,6.2162085,5.6662083,5.0262084,4.9362087,4.8762083,3.6762085,3.3662086,2.9162085,6.4762087,4.8662086,5.1162086,3.8362086,3.4062085,4.6562085,4.1962085,2.8462086,1.9162085,1.9962085,2.8662086,2.4762084,3.5762086,3.1562085,4.0962086,3.6362085,3.4262085,1.9162085,3.6162086,1.8362085,2.1162086,3.5862086,2.0362084,1.4162085,2.2662084,-0.7437915,-0.9437915,-0.5837915,-3.1837914,-2.7637916,-0.5037915
7.8262086,7.3062086,7.2062087,7.2062087,6.3462086,6.1062083,4.4562087,4.4962087,3.8762085,3.7962084,6.1662083,7.4962087,6.7062087,5.5962086,4.5362086,4.0262084,3.4762084,3.6462085,2.8962085,2.6062086,3.0562086,3.1362085,3.3662086,3.4262085,4.2162085,3.7262084,3.6462085,3.5562086,3.8662086,2.5462084,2.3662086,2.6662085,2.5862086,-1.7037915,2.7162085,-1.5037915,-2.4237914,-2.4637916,-0.2837915,-0.4437915,0.0662085
8.636209,8.316209,8.186209,7.6262083,7.8762083,6.9962087,6.6262083,5.8662086,5.4662085,5.4062085,4.6662083,6.0762086,7.1662083,6.5962086,5.3562083,5.6162086,4.7162085,4.0462084,3.7362084,3.1062086,4.1762085,4.0662084,3.9062085,2.9462085,4.0062084,4.0362086,4.2262087,3.3762085,3.8462086,2.7662084,1.9762084,2.2162085,0.2962085,0.6962085,-0.4737915,0.4562085,-1.9537915,-0.8037915,-1.1237915,0.026208496,0.2062085
7.6662083,9.826208,8.856209,8.906208,8.076208,8.036208,7.6862087,7.1562085,6.0362086,5.4362087,5.9062085,6.2862086,6.5062084,7.2662086,7.6662083,5.2762084,5.8962083,5.2862086,4.1662083,4.6162086,4.9362087,4.2362084,4.6562085,4.1762085,3.4062085,4.3462086,4.7262087,3.7562084,4.2462087,2.1262085,1.4062085,2.7062085,2.9762084,1.5162085,0.2662085,-2.2237916,-1.2037915,0.3562085,-0.7037915,1.0162085,0.6462085
8.046208,8.936209,8.576208,8.726209,8.466208,7.7062087,7.4362087,6.9062085,5.8662086,5.3062086,5.2762084,6.0862083,6.9562087,7.4962087,7.2562084,7.0762086,6.9562087,6.8062086,6.2662086,5.4762087,5.2462087,5.2662086,4.8862085,4.5962086,4.2662086,5.1062083,5.1662083,4.5762086,3.5362084,2.0862086,0.8862085,2.2562084,1.3062085,1.3862085,0.34620848,1.6662085,0.8362085,0.8962085,-0.8037915,-1.1437916,-0.6537915
6.8862085,8.706208,7.6462083,9.106209,7.2162085,6.2962084,6.5662084,8.906208,9.796208,6.0662084,4.5162086,5.5462084,6.2262087,7.2162085,7.2062087,7.5362086,7.2462087,8.166208,6.1862087,6.8562083,6.4362087,5.7362084,5.2362084,4.8262086,5.2562084,5.1662083,4.8862085,4.2262087,3.5262084,1.7162085,2.3862085,1.8462085,1.8262085,1.0762085,0.70620847,0.056208495,0.7762085,-0.3437915,-1.7537915,-1.0937915,-0.013791504
8.736209,9.256208,9.036208,8.336208,8.546208,8.516209,8.526209,8.036208,7.3562083,8.476209,5.0562086,5.3962083,6.0462084,6.9062085,7.4862084,6.5262084,6.1962085,7.3762083,5.9962087,8.046208,7.4462085,6.4962087,6.7062087,6.3662086,5.4262085,4.7562084,3.8362086,3.7362084,3.6562085,2.8462086,2.8062086,1.8762085,1.8962085,0.7962085,1.2662085,0.2662085,0.9362085,0.036208495,-0.2437915,-0.19379151,0.3062085
7.1462083,9.9262085,13.136209,9.826208,9.216208,8.606209,8.876208,8.806209,7.7162085,6.8662086,5.2362084,7.9262085,5.5362086,4.9162083,6.7362084,7.2162085,8.036208,6.5562086,5.4662085,6.3362083,7.8462086,6.6462083,5.6962085,5.8862085,5.0562086,3.9262085,3.9562085,3.4062085,4.0162086,3.1462085,2.6562085,1.8762085,1.5762085,1.3062085,0.8962085,1.0562085,1.0862085,0.8262085,-0.2337915,1.6862085,-1.3337915
