wind.json
{"header": {"discipline":0,"disciplineName":"Meteorological products","gribEdition":2,"gribLength":1211,"center":7,"centerName":"US National Weather Service - NCEP(WMC)","subcenter":0,"refTime":"2023-06-29T18:00:00.000Z","significanceOfRT":1,"significanceOfRTName":"Start of forecast","productStatus":0,"productStatusName":"Operational products","productType":1,"productTypeName":"Forecast products","productDefinitionTemplate":0,"productDefinitionTemplateName":"Analysis/forecast at horizontal level/layer at a point in time","parameterCategory":2,"parameterCategoryName":"UnknownDiscipline_0_Category_2","parameterNumber":2,"parameterNumberName":"UnknownParameter_D0_C2_2","parameterUnit":"Unknown","genProcessType":2,"genProcessTypeName":"Forecast","forecastTime":0,"surface1Type":103,"surface1TypeName":"Specified height level above ground","surface1Value":10.0,"surface2Type":255,"surface2TypeName":"Missing","surface2Value":0.0,"gridDefinitionTemplate":0,"gridDefinitionTemplateName":"Latitude_Longitude","numberPoints":688,"shape":6,"shapeName":"Earth spherical with radius of 6,371,229.0 m","gridUnits":"degrees","resolution":48,"winds":"true","scanMode":64,"nx":43,"ny":16,"basicAngle":0,"lo1":45.0,"la1":40.0,"lo2":87.0,"la2":55.0,"dx":1.0,"dy":1.0}, "data":
[rows 0 to 15 of 16, columns 0 to 42 of 43]
-0.36187744,0.13812256,-0.10187744,-3.6018775,-2.3618774,-0.9518774,0.33812255,1.5081226,2.3181226,1.6581225,5.648123,0.71812254,1.0081226,-8.181877,-7.5518775,-6.4718776,-4.5718775,-3.2918775,-3.7918775,-3.5418775,-3.2818775,-3.0918775,-3.9318774,-0.49187744,1.0281225,1.5181226,1.0681225,-0.40187743,-0.66187745,1.5981226,2.4681225,3.4481225,2.2881227,-9.451878,-10.501878,-8.591877,-3.8218775,-4.5018773,-0.011877442,2.6081226,-0.04187744,1.0181226,1.8481226
2.2081225,2.4981225,-1.4718775,1.1681225,1.4681226,0.15812255,1.6281226,2.8781226,4.5581226,6.1181226,6.1981225,2.9981225,-1.0918775,-7.4118776,-7.2118773,-7.4618773,-6.8718777,-4.9418774,-2.2218773,-3.4918776,-4.1818776,-3.2318773,-2.9518774,0.7381226,0.44812256,-1.5318774,1.0481225,-2.6318774,-2.1118774,0.06812256,2.1281226,0.89812255,1.5881226,-0.15187745,-0.9418774,-3.3118775,-2.9018774,2.0081224,-2.3518775,1.6481225,-0.49187744,-0.55187744,2.7981226
0.94812256,-1.2218775,1.3181225,0.58812255,-1.2618774,-0.40187743,1.7781225,4.0981226,5.3281226,0.05812256,1.7181226,3.4081225,-0.37187743,-6.0318775,-7.8018775,-6.6318774,-4.4618773,-3.2818775,-5.1318774,-5.0018773,-3.9618773,-1.9318775,-0.031877443,-1.7118775,-0.53187746,-2.9618773,0.21812256,0.24812256,-0.6918774,0.42812255,-4.1818776,-1.5018774,0.118122555,0.24812256,0.42812255,-2.0418775,0.20812255,-0.09187744,2.1681225,0.01812256,0.118122555,0.64812255,1.0681225
-0.6918774,0.7981226,-1.3818774,-2.4018774,-1.3918774,0.43812257,3.4081225,3.7581224,-0.09187744,4.9481225,4.0681224,2.8081226,-8.791878,-7.4018774,-8.761877,-6.7618775,-7.601877,-6.1818776,-4.6318774,-4.5718775,-3.3518775,-2.3318775,-2.9018774,-2.2318773,-3.7718775,-6.1318774,-1.6718774,-4.0318775,-2.7518775,-2.6418774,-3.3318775,-0.52187747,0.118122555,1.7981225,0.41812256,-0.5618774,-0.36187744,-0.84187746,0.01812256,0.29812256,5.0081224,2.9381225,-0.15187745
-4.4218774,-3.5418775,-1.7618774,-1.5618775,0.05812256,0.66812253,-0.6318774,-1.0418774,1.6981225,2.4981225,3.6881225,-12.221877,-10.991878,-8.831878,-10.611877,-9.881878,-4.2318773,-5.2918773,-3.6218774,-4.5318775,-3.8918774,-2.1218774,-2.3318775,-2.6018775,-2.3118775,-4.6318774,-6.7418776,-8.151877,-7.6118774,-6.8918777,-5.6318774,-2.9718773,-2.4818773,-1.5818775,2.8581226,3.9681225,-1.0118774,-0.86187744,0.038122557,1.5881226,-2.5018775,0.70812255,6.5581226
-2.4218774,-2.6718774,-0.7018774,1.2681226,0.22812256,1.2681226,1.8281226,2.1581225,3.1081226,5.0781226,-6.9118776,-10.061877,-10.581878,-8.231877,-11.461878,-8.931877,-5.2818775,-1.6718774,-4.7818775,-3.9518774,-3.2018774,-3.4718773,-3.6918774,-3.0018775,-3.2118773,-3.3918774,-5.5918775,-6.081877,-5.2918773,-2.8918774,-3.4618773,-1.4018774,-4.2918773,-2.8918774,-2.6118774,0.82812256,1.3181225,-1.0118774,0.09812256,2.2481225,5.918123,-0.10187744,5.2181225
-2.6418774,-2.4418774,0.44812256,0.30812255,3.0381227,4.2781224,5.2281227,4.7181225,4.0781226,4.5181227,-3.9318774,-6.2518773,-8.541878,-10.201878,-7.2818775,-5.851877,-3.6718774,-0.52187747,2.0081224,-5.2018776,-2.2618775,-0.39187744,-3.0918775,-3.4318774,-2.9518774,-2.4218774,-3.8618774,-3.3618774,-0.8218774,0.05812256,-1.0118774,-0.8918774,-1.1518774,-1.0918775,-0.5018774,-1.0418774,-0.22187744,-1.8918774,1.7981225,2.2081225,6.3481226,10.098123,-1.8718774
-1.1518774,-1.2018775,-2.4818773,1.4381225,-0.7018774,1.3381226,4.7181225,4.6981225,4.6581225,-0.09187744,-3.7318773,-6.1818776,-7.4218774,-6.8118773,-4.2318773,-2.4318774,-2.1018775,-2.6718774,-2.6018775,-1.8618774,0.04812256,-1.0118774,-0.031877443,-0.91187745,-3.0118775,-2.5918775,-2.8718774,-1.9318775,-1.9718775,1.6481225,-0.06187744,-4.2918773,-3.2718775,-3.2718775,1.8681226,0.91812253,1.1881225,-1.6818775,-1.3418775,2.0081224,1.6881225,-1.4918774,6.1781225
-0.72187746,-2.9718773,-0.19187744,-0.21187744,-0.66187745,0.46812257,-1.1718774,2.2581224,0.90812254,0.70812255,-4.4718776,-5.2818775,-4.7418776,-3.8518775,-2.5218775,-0.54187745,-1.6218774,-3.3618774,-1.9118774,-0.11187744,1.2781225,1.5681225,2.9881225,-2.9218774,-0.15187745,-0.41187745,-0.59187746,-0.09187744,2.7781227,-2.7818775,-1.8118775,-1.8118775,-1.6418774,-0.45187744,-0.71187747,0.35812256,-1.8318775,-0.29187745,-1.1418774,-1.0018774,2.3481226,6.3681226,1.3481226
-4.4218774,-3.2818775,-2.4418774,0.62812257,-2.7518775,0.18812256,-1.7118775,-3.1018775,-3.9818773,-4.601877,-4.6618776,-4.0018773,-3.1518774,-1.6118774,-0.9418774,-2.0418775,-0.7518774,0.15812255,0.9281226,1.9181225,3.3381226,0.31812257,-1.3318775,0.46812257,1.4481225,2.8181226,-0.47187746,0.81812257,1.4081225,-0.04187744,0.65812254,0.87812257,1.3981225,2.2581224,2.1781225,0.62812257,1.2881225,-0.22187744,0.57812256,-1.9818774,-0.19187744,1.2481226,-0.5118774
-1.6418774,-2.1718774,-0.65187746,-0.40187743,-2.6418774,-2.2718775,-3.6418774,-4.0118775,-4.6518774,-5.7218776,-5.5118775,-4.3818774,-3.4818773,-3.1818774,-1.7018775,-1.2618774,-0.29187745,-0.7518774,2.1881225,3.6981225,3.2781227,3.2381225,0.64812255,1.6181226,2.4781225,2.2281225,1.5781226,1.1781225,1.9581226,3.0681226,1.1281226,1.6581225,1.8181225,3.2581224,3.5681226,2.3681226,-0.35187745,-1.0818775,-1.9918774,-0.09187744,-0.92187744,0.96812254,0.9381226
-0.83187747,-0.74187744,-1.9418775,-2.4618773,-0.73187745,-2.4718773,-3.6618774,-4.1418777,-3.9518774,-3.8718774,-3.3618774,-2.5218775,-1.1118774,0.18812256,-0.98187745,-3.0418775,-2.1418774,-0.66187745,0.97812253,3.2181225,-0.84187746,-0.71187747,1.9481225,2.7581224,3.3581226,3.0681226,3.2581224,2.2681227,2.0181227,1.7781225,2.4481225,1.6881225,1.9781226,3.8581226,5.2981224,1.2381226,-0.10187744,-2.2518775,-1.6518774,0.62812257,-0.34187743,1.2281226,0.15812255
-1.9518775,-0.26187745,-0.18187743,-0.30187744,0.26812255,-1.9118774,-3.4418774,-4.0418773,-2.4318774,-3.0318775,-1.9118774,-1.4218774,-1.8218775,0.75812256,-0.7618774,-2.7618775,-0.09187744,-2.8218775,-1.8818774,0.01812256,-1.2918774,1.5881226,1.8381226,2.6781225,3.0581226,2.6381226,2.5781226,3.2981226,3.7781227,2.1581225,-0.60187745,2.8681226,1.6781225,-0.07187744,1.5081226,2.2181225,0.39812255,2.2381225,0.43812257,0.25812256,0.45812255,0.21812256,-0.15187745
-3.8018775,4.1181226,0.48812255,-0.38187745,0.37812257,-0.28187743,-1.8118775,-2.2818775,-2.5318775,-1.2118775,-0.53187746,-0.33187744,-0.71187747,-1.1218774,-0.8118774,0.7481226,2.1881225,1.9581226,2.0081224,1.2481226,0.6081226,1.0481225,1.6781225,1.8381226,1.7681226,2.8181226,3.4281225,0.23812255,-0.48187745,2.0581226,5.1281223,4.1281223,4.4781227,1.4381225,1.8481226,-0.96187747,0.6181226,2.2181225,2.9181225,2.1481225,3.5181227,1.8881226,1.7681226
1.4081225,-0.21187744,0.6181226,-0.20187744,-0.31187743,-1.7918774,-2.9318774,-2.3218775,-1.1318774,-1.1418774,-0.26187745,-0.33187744,-0.93187743,-0.6318774,0.97812253,0.18812256,0.83812255,0.77812254,2.8481226,1.2181226,1.5681225,2.3781226,2.2181225,3.0381227,2.6881225,3.7581224,2.8881226,3.1681225,3.9281225,4.9081225,4.7881227,6.5981226,5.2381225,2.5181227,3.2581224,4.0281224,3.2181225,2.8181226,2.9481225,1.9281225,0.8081226,1.4281225,3.4581225
2.1281226,0.34812257,-0.8218774,-1.5218774,-1.8018775,-2.4518774,-2.9118774,-0.9418774,0.7981226,0.37812257,1.5381225,1.4581226,-0.051877443,-0.48187745,-0.55187744,1.1581225,0.94812256,1.2181226,-0.38187745,1.4881226,2.4981225,2.9681225,1.9881226,1.0081226,1.0881226,1.9681226,3.1681225,3.1881225,3.5981226,3.9181225,3.8181226,4.3681226,5.1881227,2.6381226,2.0781226,2.5481226,4.0181227,4.4881225,1.2881225,2.8081226,3.0681226,2.7381225,-0.78187746
