wind_kz.json
{"header": {"discipline":0,"disciplineName":"Meteorological products","gribEdition":2,"gribLength":871,"center":7,"centerName":"US National Weather Service - NCEP(WMC)","subcenter":0,"refTime":"2023-09-29T06:00:00.000Z","significanceOfRT":1,"significanceOfRTName":"Start of forecast","productStatus":0,"productStatusName":"Operational products","productType":1,"productTypeName":"Forecast products","productDefinitionTemplate":0,"productDefinitionTemplateName":"Analysis/forecast at horizontal level/layer at a point in time","parameterCategory":0,"parameterCategoryName":"UnknownDiscipline_0_Category_0","parameterNumber":0,"parameterNumberName":"UnknownParameter_D0_C0_0","parameterUnit":"Unknown","genProcessType":2,"genProcessTypeName":"Forecast","forecastTime":0,"surface1Type":1,"surface1TypeName":"Ground or water surface","surface1Value":0.0,"surface2Type":255,"surface2TypeName":"Missing","surface2Value":0.0,"gridDefinitionTemplate":0,"gridDefinitionTemplateName":"Latitude_Longitude","numberPoints":615,"shape":6,"shapeName":"Earth spherical with radius of 6,371,229.0 m","gridUnits":"degrees","resolution":48,"winds":"true","scanMode":64,"nx":41,"ny":15,"basicAngle":0,"lo1":47.0,"la1":41.0,"lo2":87.0,"la2":55.0,"dx":1.0,"dy":1.0}, "data":
[rows 0 to 14 of 15, columns 0 to 40 of 41]
301.85992,291.35992,297.5599,295.0599,294.5599,293.35992,302.9599,308.0599,306.25992,307.9599,304.85992,306.5599,306.1599,303.35992,304.1599,310.9599,311.1599,307.75992,312.1599,308.75992,312.75992,309.1599,313.35992,306.5599,307.4599,307.6599,301.25992,289.35992,279.1599,282.6599,285.9599,281.5599,291.35992,297.75992,309.35992,311.9599,314.1599,310.9599,308.75992,310.25992,313.5599
285.5599,297.35992,294.75992,294.75992,294.6599,292.85992,308.1599,304.6599,303.5599,302.9599,303.25992,303.85992,304.75992,304.4599,299.4599,308.1599,312.0599,305.5599,312.4599,311.85992,311.9599,306.35992,306.4599,298.0599,287.25992,284.0599,296.35992,287.9599,292.75992,279.9599,291.35992,277.0599,289.85992,268.6599,279.9599,300.0599,304.1599,306.25992,308.25992,299.5599,284.5599
298.25992,294.25992,294.4599,293.75992,291.85992,302.25992,301.6599,302.1599,302.25992,300.75992,300.75992,301.85992,303.5599,304.75992,303.85992,306.6599,308.25992,301.25992,306.6599,311.4599,310.4599,307.4599,305.6599,300.5599,306.25992,304.1599,304.0599,302.4599,302.85992,290.35992,277.25992,280.4599,292.25992,297.35992,298.35992,294.4599,289.9599,290.5599,293.9599,287.5599,280.75992
300.1599,293.5599,294.0599,293.1599,294.35992,300.4599,299.0599,301.0599,300.6599,300.35992,300.75992,300.1599,291.25992,290.6599,303.5599,308.5599,302.85992,306.1599,309.0599,308.85992,305.25992,304.4599,302.85992,301.5599,303.75992,304.25992,303.25992,304.5599,300.85992,303.4599,296.85992,299.6599,299.5599,299.0599,306.1599,299.1599,288.75992,274.35992,293.35992,300.75992,300.6599
300.0599,293.1599,293.5599,292.6599,296.35992,300.5599,299.9599,300.9599,298.35992,299.25992,300.6599,301.0599,290.4599,289.4599,287.85992,303.4599,302.85992,297.75992,293.5599,300.35992,302.6599,303.1599,303.6599,302.4599,302.4599,302.4599,304.75992,301.9599,307.0599,307.25992,301.5599,299.6599,283.4599,276.75992,292.1599,296.85992,298.9599,305.25992,304.9599,304.85992,302.85992
301.0599,301.75992,292.0599,292.9599,292.75992,292.25992,301.0599,299.0599,298.1599,298.9599,299.85992,299.75992,291.5599,290.0599,295.9599,291.5599,299.75992,297.5599,296.85992,302.0599,301.75992,300.35992,301.1599,300.9599,300.4599,301.0599,302.75992,289.5599,306.35992,305.1599,306.35992,304.6599,305.35992,306.25992,301.35992,296.35992,295.4599,296.75992,304.9599,305.75992,300.35992
302.6599,303.4599,301.1599,301.1599,297.85992,300.4599,299.75992,298.1599,298.25992,297.35992,300.85992,298.5599,299.0599,299.6599,293.75992,300.35992,298.0599,300.9599,301.35992,300.75992,301.4599,300.9599,291.85992,298.0599,298.25992,298.4599,301.5599,304.85992,306.0599,306.85992,304.9599,304.0599,303.85992,300.75992,299.9599,299.75992,295.6599,293.25992,288.25992,287.9599,296.1599
302.35992,303.25992,304.1599,300.25992,298.35992,298.35992,297.75992,297.4599,296.9599,295.4599,295.6599,296.25992,290.6599,294.25992,299.5599,299.1599,299.35992,300.0599,299.5599,298.5599,298.35992,299.35992,298.6599,295.25992,293.75992,296.9599,296.35992,299.1599,296.25992,297.4599,295.5599,296.6599,297.5599,296.1599,298.25992,295.75992,296.85992,286.75992,293.9599,295.4599,295.5599
300.1599,299.6599,298.85992,297.9599,295.9599,294.75992,295.1599,294.9599,294.6599,294.35992,294.85992,294.9599,294.25992,294.25992,295.6599,298.6599,297.75992,299.4599,296.9599,291.6599,295.6599,295.85992,295.85992,296.1599,294.1599,290.4599,286.75992,292.5599,293.35992,289.75992,288.85992,286.9599,295.35992,292.9599,290.75992,289.25992,291.4599,291.85992,279.25992,277.5599,274.85992
296.75992,296.1599,296.4599,296.0599,294.5599,294.75992,294.25992,293.4599,292.85992,292.4599,291.1599,292.9599,293.6599,293.5599,293.4599,293.9599,295.6599,299.0599,298.1599,298.0599,296.0599,294.9599,295.75992,296.1599,296.6599,294.1599,293.5599,292.35992,293.25992,293.25992,291.6599,290.35992,285.6599,286.9599,287.4599,292.35992,286.1599,282.75992,283.35992,280.85992,277.75992
294.25992,294.35992,294.0599,293.25992,293.35992,294.25992,294.1599,292.75992,291.5599,290.1599,289.4599,289.6599,290.5599,290.5599,290.6599,290.0599,288.9599,294.35992,296.1599,287.5599,295.6599,291.6599,294.6599,294.75992,289.75992,295.25992,292.4599,295.6599,291.6599,297.0599,297.1599,291.35992,287.9599,286.35992,286.5599,286.35992,279.25992,277.25992,282.9599,284.25992,283.35992
293.25992,294.0599,293.9599,293.4599,292.9599,292.75992,291.75992,290.25992,291.4599,291.0599,288.5599,288.35992,290.6599,286.5599,290.35992,289.4599,290.75992,291.0599,291.1599,293.0599,288.6599,285.0599,285.1599,293.1599,292.4599,294.75992,294.4599,296.4599,296.35992,296.1599,295.6599,295.9599,294.1599,292.0599,289.75992,290.9599,290.25992,283.6599,283.0599,284.9599,285.85992
290.25992,290.1599,288.35992,287.9599,286.75992,286.75992,285.6599,287.35992,290.75992,289.85992,285.0599,286.1599,289.4599,288.1599,288.5599,289.85992,286.5599,289.75992,287.85992,285.0599,284.85992,284.85992,284.75992,284.6599,286.9599,293.5599,290.35992,294.0599,294.1599,291.35992,294.9599,293.85992,286.0599,289.0599,293.6599,291.6599,290.75992,288.0599,286.85992,281.5599,281.1599
287.75992,287.9599,287.1599,287.35992,289.85992,285.6599,283.75992,285.25992,283.5599,285.35992,281.6599,281.75992,284.5599,285.85992,285.0599,285.35992,285.9599,286.5599,289.4599,291.1599,287.35992,287.0599,285.25992,285.25992,285.4599,288.4599,290.6599,284.9599,292.35992,293.35992,293.25992,292.25992,291.0599,287.9599,284.75992,284.0599,283.25992,282.85992,285.25992,282.75992,285.25992
290.25992,291.9599,286.25992,288.75992,290.1599,289.25992,285.25992,286.75992,284.4599,284.4599,282.4599,282.75992,281.0599,286.0599,282.9599,284.25992,285.1599,286.25992,290.6599,285.25992,291.4599,286.85992,286.75992,288.9599,285.85992,287.5599,285.9599,284.4599,285.1599,284.35992,286.35992,285.6599,286.9599,284.6599,283.5599,283.4599,283.75992,284.0599,285.25992,284.35992,283.6599
