wind.json
{"header": {"discipline":0,"disciplineName":"Meteorological products","gribEdition":2,"gribLength":1039,"center":7,"centerName":"US National Weather Service - NCEP(WMC)","subcenter":0,"refTime":"2023-06-28T18:00:00.000Z","significanceOfRT":1,"significanceOfRTName":"Start of forecast","productStatus":0,"productStatusName":"Operational products","productType":1,"productTypeName":"Forecast products","productDefinitionTemplate":0,"productDefinitionTemplateName":"Analysis/forecast at horizontal level/layer at a point in time","parameterCategory":0,"parameterCategoryName":"UnknownDiscipline_0_Category_0","parameterNumber":0,"parameterNumberName":"UnknownParameter_D0_C0_0","parameterUnit":"Unknown","genProcessType":2,"genProcessTypeName":"Forecast","forecastTime":60,"surface1Type":1,"surface1TypeName":"Ground or water surface","surface1Value":0.0,"surface2Type":255,"surface2TypeName":"Missing","surface2Value":0.0,"gridDefinitionTemplate":0,"gridDefinitionTemplateName":"Latitude_Longitude","numberPoints":688,"shape":6,"shapeName":"Earth spherical with radius of 6,371,229.0 m","gridUnits":"degrees","resolution":48,"winds":"true","scanMode":64,"nx":43,"ny":16,"basicAngle":0,"lo1":45.0,"la1":40.0,"lo2":87.0,"la2":55.0,"dx":1.0,"dy":1.0}, "data":
[rows 0 to 15 of 16, columns 0 to 42 of 43]
291.40594,287.10593,297.60593,302.00592,314.90594,297.00592,296.30594,294.60593,311.40594,317.70593,319.60593,320.80594,322.90594,326.60593,326.70593,324.60593,324.00592,324.20593,323.30594,323.00592,327.60593,321.60593,319.10593,321.50592,318.70593,316.80594,316.10593,305.60593,302.70593,303.40594,306.30594,321.80594,318.00592,323.00592,329.90594,327.80594,327.70593,323.00592,304.40594,309.90594,316.10593,326.40594,329.20593
292.40594,301.00592,304.20593,291.10593,289.10593,296.10593,296.20593,294.70593,306.50592,318.80594,318.90594,323.90594,321.80594,321.40594,324.20593,323.70593,323.90594,326.10593,325.20593,321.60593,327.20593,324.40594,331.10593,325.10593,318.40594,322.50592,319.70593,322.40594,314.80594,295.60593,297.50592,299.60593,300.70593,300.80594,307.90594,319.80594,326.60593,326.20593,313.60593,313.00592,318.10593,320.10593,324.10593
289.80594,289.20593,284.00592,295.20593,296.20593,296.10593,296.00592,293.90594,305.90594,317.50592,318.50592,317.30594,321.30594,321.90594,322.50592,321.70593,325.50592,325.70593,326.20593,326.20593,325.50592,326.90594,328.70593,325.20593,323.50592,311.10593,299.90594,297.30594,300.50592,298.90594,297.70593,292.10593,298.90594,290.60593,307.20593,272.10593,294.10593,304.60593,305.80594,316.00592,315.30594,308.20593,285.20593
292.40594,294.60593,301.20593,296.50592,296.20593,296.10593,295.40594,305.00592,311.00592,309.70593,318.90594,315.10593,317.70593,313.10593,318.50592,321.40594,321.50592,325.30594,325.70593,324.30594,326.00592,327.50592,326.30594,321.20593,321.10593,311.00592,317.20593,316.10593,315.80594,315.80594,314.60593,296.00592,295.40594,293.80594,297.00592,302.20593,300.20593,300.60593,288.90594,288.00592,296.20593,292.40594,293.00592
300.80594,303.40594,304.40594,296.70593,297.00592,296.30594,298.00592,295.90594,302.50592,311.50592,320.40594,317.20593,314.30594,314.50592,294.70593,294.10593,321.70593,324.70593,321.70593,325.70593,325.50592,324.90594,318.50592,314.10593,318.60593,319.00592,320.40594,320.10593,321.00592,316.20593,315.70593,317.50592,318.60593,315.70593,321.20593,319.90594,316.30594,309.40594,294.40594,293.50592,296.70593,313.00592,318.30594
304.00592,306.20593,306.70593,297.40594,297.20593,298.00592,297.90594,294.50592,298.00592,311.50592,315.10593,313.10593,311.90594,314.00592,295.00592,294.70593,291.70593,319.90594,322.60593,319.50592,318.10593,319.20593,320.50592,321.70593,321.50592,320.80594,322.00592,322.50592,321.40594,314.80594,322.00592,322.10593,321.80594,315.40594,298.30594,294.70593,300.80594,316.10593,309.10593,324.70593,325.20593,318.20593,320.50592
302.80594,307.00592,307.30594,305.70593,298.00592,297.00592,296.80594,296.40594,297.20593,301.50592,306.10593,307.20593,310.70593,308.20593,296.60593,293.90594,305.30594,316.90594,321.90594,320.60593,320.90594,320.70593,321.90594,321.20593,324.90594,325.20593,325.30594,323.60593,320.90594,291.00592,325.90594,322.40594,319.50592,316.50592,317.90594,316.20593,309.50592,308.20593,301.30594,303.90594,322.00592,326.10593,321.90594
302.90594,305.80594,307.30594,308.10593,306.00592,302.00592,296.70593,293.00592,295.50592,303.90594,307.70593,307.80594,311.70593,303.20593,302.40594,306.10593,315.20593,321.10593,321.00592,323.90594,323.30594,320.70593,321.10593,321.50592,322.00592,323.00592,319.60593,320.80594,321.40594,324.30594,325.10593,326.00592,321.30594,321.30594,319.80594,315.20593,311.50592,310.50592,299.50592,295.00592,297.90594,296.90594,316.10593
302.30594,303.40594,305.10593,306.50592,307.10593,299.20593,297.50592,293.30594,294.60593,303.30594,306.40594,304.40594,310.70593,305.90594,302.60593,300.90594,318.00592,320.40594,324.60593,321.90594,321.40594,320.80594,319.50592,320.30594,318.10593,316.90594,320.90594,319.10593,315.20593,316.70593,313.00592,315.60593,312.20593,315.10593,312.40594,306.80594,307.80594,300.80594,313.40594,288.40594,310.50592,311.40594,304.60593
292.30594,302.80594,303.30594,305.70593,301.90594,297.90594,296.20593,293.30594,295.40594,303.40594,304.50592,307.60593,303.40594,299.30594,296.10593,304.10593,309.20593,317.80594,319.80594,321.10593,318.80594,319.60593,317.40594,315.00592,315.40594,314.60593,311.90594,312.50592,307.30594,305.90594,305.70593,301.40594,305.20593,299.80594,301.80594,296.20593,297.20593,298.30594,302.80594,301.80594,279.90594,287.30594,292.80594
298.10593,300.80594,301.10593,303.00592,299.60593,299.00592,292.10593,294.50592,302.20593,307.70593,301.30594,299.50592,300.80594,296.80594,299.00592,302.00592,303.20593,313.10593,315.10593,316.40594,316.90594,316.00592,315.10593,314.50592,315.00592,313.20593,311.40594,307.70593,307.30594,304.80594,301.60593,303.20593,304.60593,306.50592,305.70593,302.60593,300.80594,296.80594,288.40594,290.00592,290.60593,280.90594,283.60593
293.40594,294.20593,298.50592,298.30594,298.10593,297.40594,290.10593,294.10593,299.90594,304.50592,305.50592,305.10593,295.50592,297.50592,301.30594,298.90594,300.80594,305.70593,308.70593,311.80594,312.40594,311.20593,311.00592,310.80594,309.60593,308.10593,303.80594,304.40594,304.30594,303.30594,304.30594,308.20593,308.10593,305.90594,304.80594,301.60593,301.60593,298.70593,286.10593,283.70593,288.60593,285.30594,290.90594
291.00592,294.80594,297.10593,298.40594,299.60593,298.30594,290.90594,295.00592,300.50592,304.20593,303.30594,301.20593,297.60593,297.80594,300.00592,300.50592,298.20593,305.30594,300.80594,302.00592,307.40594,305.80594,304.00592,304.10593,303.90594,303.50592,302.50592,304.10593,305.00592,308.90594,307.40594,305.90594,302.30594,303.30594,295.60593,297.80594,297.40594,298.70593,297.30594,295.50592,293.90594,290.40594,288.80594
291.80594,292.80594,294.10593,294.60593,296.20593,293.40594,293.40594,296.60593,299.50592,305.70593,302.30594,299.60593,292.80594,293.80594,300.50592,299.50592,300.80594,300.70593,301.80594,300.50592,303.60593,301.10593,300.00592,298.60593,300.10593,299.90594,303.00592,308.60593,310.90594,304.60593,302.90594,301.80594,301.50592,301.70593,299.70593,297.80594,291.00592,295.00592,296.90594,291.60593,292.20593,293.50592,288.40594
291.80594,292.80594,293.90594,294.90594,292.50592,294.30594,294.20593,293.60593,297.30594,297.70593,298.20593,299.40594,296.90594,294.50592,297.20593,297.90594,298.70593,299.10593,298.40594,298.90594,300.50592,300.00592,299.10593,297.80594,299.50592,299.80594,300.70593,305.50592,300.50592,299.20593,300.30594,300.50592,299.90594,299.50592,298.60593,293.10593,292.20593,291.00592,292.70593,291.20593,291.80594,290.60593,291.10593
292.70593,293.60593,293.90594,295.80594,290.30594,296.20593,295.30594,296.40594,296.40594,297.70593,294.60593,297.40594,299.70593,299.20593,298.30594,297.50592,298.00592,297.80594,297.10593,298.00592,298.80594,296.40594,295.70593,295.90594,296.30594,296.70593,296.70593,296.80594,297.50592,297.30594,295.80594,296.30594,295.20593,290.80594,293.90594,295.60593,293.80594,293.30594,295.50592,293.00592,290.50592,288.70593,287.20593
