wind_kz.json
{"header": {"discipline":0,"disciplineName":"Meteorological products","gribEdition":2,"gribLength":1025,"center":7,"centerName":"US National Weather Service - NCEP(WMC)","subcenter":0,"refTime":"2023-09-28T06:00:00.000Z","significanceOfRT":1,"significanceOfRTName":"Start of forecast","productStatus":0,"productStatusName":"Operational products","productType":1,"productTypeName":"Forecast products","productDefinitionTemplate":0,"productDefinitionTemplateName":"Analysis/forecast at horizontal level/layer at a point in time","parameterCategory":2,"parameterCategoryName":"UnknownDiscipline_0_Category_2","parameterNumber":3,"parameterNumberName":"UnknownParameter_D0_C2_3","parameterUnit":"Unknown","genProcessType":2,"genProcessTypeName":"Forecast","forecastTime":180,"surface1Type":103,"surface1TypeName":"Specified height level above ground","surface1Value":10.0,"surface2Type":255,"surface2TypeName":"Missing","surface2Value":0.0,"gridDefinitionTemplate":0,"gridDefinitionTemplateName":"Latitude_Longitude","numberPoints":615,"shape":6,"shapeName":"Earth spherical with radius of 6,371,229.0 m","gridUnits":"degrees","resolution":48,"winds":"true","scanMode":64,"nx":41,"ny":15,"basicAngle":0,"lo1":47.0,"la1":41.0,"lo2":87.0,"la2":55.0,"dx":1.0,"dy":1.0}, "data":
[rows 0 to 14 of 15, columns 0 to 40 of 41]
-0.73243165,-1.2324317,-0.44243163,-5.5324316,-4.6524315,-3.7324317,-5.9824314,-3.4024317,-2.3024316,-2.3924317,-2.9524317,-3.3424315,-2.0124316,-5.022432,-5.9924316,-4.7424316,-2.7624316,-2.3724318,-2.7624316,-1.4124316,-2.2424316,-1.9424317,-1.7124317,-1.5224316,1.3575684,1.1075684,-0.38243163,1.2175684,1.1175684,-1.4324317,-0.84243166,0.17756836,-0.0024316406,2.1375685,1.1875683,1.7875683,-0.09243164,-0.37243164,-0.92243165,0.64756835,0.64756835
3.4175684,1.6475683,-2.1924317,-1.4224316,-0.37243164,-2.2324317,-2.5624316,-2.4924316,-2.8524315,-5.042432,-5.752432,-4.812432,-4.1224318,-3.5524316,-6.3724318,-4.042432,-2.9524317,-1.6224316,-3.3424315,-2.8624315,1.0175683,-0.91243166,0.41756836,1.8575684,1.2475684,2.0375683,-1.3324317,1.2275684,-1.2924316,1.0475683,0.74756837,0.31756836,-1.3224317,-0.20243163,-2.8824317,-2.3224316,-0.68243164,-1.7524316,-0.33243164,-2.2324317,0.95756835
3.0275683,5.0975685,2.3675683,0.50756836,-0.5224316,-0.96243167,-1.3924316,-1.0824317,-0.67243165,-1.7924316,-3.0624316,-3.9024317,-3.1124315,-2.5524316,-2.3524315,-2.8624315,-1.8424317,-3.3124316,-1.0724317,-1.5524316,0.89756835,-1.7524316,0.84756833,0.31756836,0.14756836,0.22756836,-0.8824316,-0.35243165,0.44756836,2.2475684,3.6475685,0.99756837,2.0175683,-0.60243165,-1.6124316,2.5275683,1.3175683,-1.6624316,-0.99243164,0.75756836,1.1675683
1.6275684,3.7575684,2.6175683,1.8875684,1.7975683,0.74756837,1.7275684,0.03756836,1.0675683,-0.15243164,-2.6724317,-3.1724317,-2.8124316,-4.1924314,-4.0324316,-0.60243165,-2.1324317,-1.9124316,-3.7624316,-2.8924317,-2.3124316,-1.4924316,0.83756834,-2.4124317,-1.9624317,-3.2624316,-3.9924316,-3.4724317,-0.02243164,-1.9024316,-2.1724317,-1.8124317,-1.5124316,0.8575684,0.18756837,-2.0224316,0.41756836,3.1775684,-0.26243165,0.6675684,1.1075684
2.1875684,2.1775684,1.7975683,1.1275684,-1.3124317,-3.4424317,-0.01243164,2.9575684,3.4775684,3.0675683,-1.5524316,-3.1924317,-6.2324314,-7.1124315,-4.3624315,-1.0224316,-1.8724316,-2.2224317,-2.2724316,-2.4824317,-2.4924316,-2.8224316,-3.1724317,-0.74243164,-1.0024316,-2.4924316,-3.0324316,-2.9624317,-3.1324317,-3.5924315,-2.7824316,-1.0824317,2.1775684,2.6275682,-0.67243165,-1.1424316,0.34756836,-2.2224317,-1.2024317,-1.5224316,-1.9324317
3.2875683,1.6275684,2.5775683,1.2675683,-0.93243164,-4.252432,-3.4324317,-3.3124316,4.0375686,0.6175684,3.4075685,-2.3824317,-3.5924315,-2.4424317,-4.602432,-3.9324317,-1.6924317,-2.5124316,-1.5724317,-1.6424316,-2.9124317,-2.2924316,-2.8524315,-1.9424317,0.0075683594,-1.1324316,-2.4424317,-3.1724317,-3.2724316,-3.2224317,-3.3924317,-3.0224316,-1.9624317,-1.5824317,1.5675683,1.3575684,1.8375684,3.6075683,-0.0024316406,-0.79243165,-0.37243164
4.997568,4.1375685,3.6875684,2.5375683,0.83756834,-1.6924317,-0.37243164,-1.9924316,-1.8024316,0.78756833,-1.5024316,-0.5724316,-2.9124317,-3.0524316,-3.6724317,-3.6224318,-3.2824316,-2.2024317,-0.6324316,-0.9424316,-1.5024316,-2.1024315,-2.5724316,-2.4724317,-2.6224318,-2.2024317,-3.5024316,-4.5924315,-2.8524315,-2.8624315,-3.6424317,-2.4024317,-3.4824317,-3.1124315,-2.1424317,-1.5424316,-3.0524316,-0.53243166,0.94756836,-0.31243163,1.7675683
4.6375685,5.8175683,6.3575683,4.0075684,2.6175683,2.6075683,0.7375684,-0.67243165,0.7975684,-0.39243165,0.01756836,-1.9824317,-3.1924317,-0.53243166,-2.3224316,-2.7724316,-2.3824317,-1.4224316,-0.35243165,0.5475684,-1.2724316,-1.7024317,-2.2824316,-1.8324317,-1.9924316,-0.80243164,-1.5924317,-2.6924317,-3.0124316,-5.522432,-3.5624316,-3.4924316,-3.2624316,-3.3424315,-1.0224316,0.35756835,-1.3324317,-1.5224316,-1.0724317,-0.37243164,-1.5624317
5.5475683,5.9075685,5.6375685,4.9675684,3.7275684,2.4675684,2.0475683,1.8675684,2.6175683,1.7175684,0.39756835,-0.74243164,-1.4424317,0.88756835,-0.02243164,-2.2824316,-1.6324316,-1.5724317,-0.7024316,0.56756836,0.7275684,-1.0324316,-1.4024316,-1.3224317,-1.4624317,-1.4424317,-0.56243163,-0.7624316,-1.1624316,-1.6824317,-2.3924317,-2.7824316,-1.6424316,-2.1124315,-1.6924317,-0.87243164,-1.8724316,0.34756836,1.1575683,0.99756837,-1.7124317
4.0275683,4.1375685,5.1375685,5.4275684,4.147568,3.0275683,4.1075683,3.4575684,3.5375683,4.0575686,2.7575684,0.64756835,1.6475683,2.2475684,1.5075684,1.3675684,0.14756836,0.43756837,-0.21243164,0.08756836,0.5575684,1.1875683,0.76756835,1.0275683,0.68756837,-0.02243164,-1.2324317,0.5475684,-0.39243165,-1.1024317,0.25756836,-0.13243164,-2.0324316,-1.9724317,-1.6124316,-1.1524316,-0.47243163,-1.0224316,0.35756835,2.8275683,2.6375685
3.4075685,2.9475684,3.3675683,3.0775683,2.6475685,1.7875683,1.8975683,3.1875684,3.2075684,3.6875684,3.4175684,2.8575683,2.6975684,2.8675683,2.2975683,2.1975684,1.5875684,0.09756836,0.32756835,0.29756835,0.6175684,0.49756837,0.8575684,0.8675684,0.41756836,0.04756836,0.63756835,0.77756834,1.1775683,0.8575684,1.9275683,1.8275684,0.51756835,-0.17243165,-1.1024317,-1.2024317,-0.47243163,1.3475684,0.04756836,0.19756836,0.05756836
2.0575683,2.7175684,2.6275682,2.9075685,3.2775683,2.5475683,1.5575683,1.9575684,1.7075684,3.2375684,2.0475683,2.0075684,1.8275684,2.1175683,2.8575683,2.3875685,2.0375683,1.5775684,1.7375684,1.5375683,1.4075683,0.89756835,0.99756837,1.6675683,1.7275684,1.4675684,1.9675684,1.6475683,2.0675683,2.1675684,1.0975684,1.1375684,2.1175683,1.9475684,0.5475684,-0.14243165,0.38756835,0.6175684,-0.03243164,1.1275684,0.20756836
1.8775684,2.4475684,2.8775682,2.9475684,2.8275683,1.2375684,1.7975683,2.4675684,3.0375683,2.3275683,1.7775683,2.3875685,3.0175683,2.2875683,1.5375683,1.6575683,2.3675683,2.2775683,2.1375685,2.1775684,2.2675683,2.3775682,2.0675683,1.8775684,1.2875683,1.9475684,1.7875683,2.8675683,2.6175683,1.8375684,1.5675683,0.48756835,2.4275684,2.6975684,2.2775683,1.7575684,1.1675683,0.26756835,0.42756835,0.21756835,0.32756835
-2.3924317,-2.2924316,-1.6424316,-0.5824316,1.5575683,2.7575684,2.5275683,2.7875683,2.4475684,3.0575683,2.4075685,1.6575683,1.5175683,2.6375685,2.2775683,2.1075683,2.2575684,2.4875684,2.2175684,2.3675683,2.5875683,2.6075683,2.4375684,2.4775684,2.4675684,2.0675683,2.5475683,2.9275684,2.7275684,2.4275684,1.8275684,1.7175684,2.4175684,3.1275682,2.1075683,1.9975684,1.6775683,1.3775684,0.89756835,0.90756834,1.4175683
0.29756835,-1.0524316,-0.85243165,-1.8124317,-1.8624316,-0.47243163,-0.01243164,1.4175683,2.1275682,2.6675684,2.2675683,2.8875685,2.4175684,1.4375683,2.1575685,1.6475683,1.5975684,1.9775684,2.5075684,2.0875683,2.1275682,2.3675683,2.5175683,2.4275684,2.6275682,2.8475683,3.6075683,3.2975683,2.9875684,2.9375684,2.6275682,2.3775682,2.3375683,2.6275682,3.2475684,3.1375685,2.7775683,3.0375683,2.2175684,2.0975683,1.3675684
