wind_kz.json
{"header": {"discipline":0,"disciplineName":"Meteorological products","gribEdition":2,"gribLength":1025,"center":7,"centerName":"US National Weather Service - NCEP(WMC)","subcenter":0,"refTime":"2024-02-03T18:00:00.000Z","significanceOfRT":1,"significanceOfRTName":"Start of forecast","productStatus":0,"productStatusName":"Operational products","productType":1,"productTypeName":"Forecast products","productDefinitionTemplate":0,"productDefinitionTemplateName":"Analysis/forecast at horizontal level/layer at a point in time","parameterCategory":2,"parameterCategoryName":"UnknownDiscipline_0_Category_2","parameterNumber":2,"parameterNumberName":"UnknownParameter_D0_C2_2","parameterUnit":"Unknown","genProcessType":2,"genProcessTypeName":"Forecast","forecastTime":0,"surface1Type":103,"surface1TypeName":"Specified height level above ground","surface1Value":10.0,"surface2Type":255,"surface2TypeName":"Missing","surface2Value":0.0,"gridDefinitionTemplate":0,"gridDefinitionTemplateName":"Latitude_Longitude","numberPoints":615,"shape":6,"shapeName":"Earth spherical with radius of 6,371,229.0 m","gridUnits":"degrees","resolution":48,"winds":"true","scanMode":64,"nx":41,"ny":15,"basicAngle":0,"lo1":47.0,"la1":41.0,"lo2":87.0,"la2":55.0,"dx":1.0,"dy":1.0}, "data":
[rows 0 to 14 of 15, columns 0 to 40 of 41]
4.0818114,-0.84818846,1.1818116,2.9218116,3.8018115,1.6518115,0.22181152,2.4118116,0.4618115,1.7118115,1.2818115,1.3418115,1.1618115,2.1118116,0.5618115,0.8218115,0.5718115,-1.1781884,0.32181153,4.3118114,2.6118116,-0.30818847,-0.12818848,0.33181152,-1.0181885,-0.6381885,-1.7581885,-0.3481885,1.8518115,0.5518115,0.6218115,1.5918115,-0.13818848,0.34181154,1.1818116,2.0118115,1.8518115,0.9918115,-0.77818847,-0.18818848,1.2318115
3.1018114,-0.60818845,-0.41818848,-3.3981886,-5.0981884,-4.2581882,-1.6581885,-2.8381884,-0.8681885,0.70181155,3.2918115,2.1118116,0.95181155,1.4118115,0.31181154,1.6118115,2.6318116,-0.5781885,0.10181152,2.1418116,3.5118115,1.6118115,1.1118115,-2.5081885,0.5118115,1.2818115,-0.72818846,1.2818115,-2.5581884,-0.9481885,0.38181153,-0.8081885,2.0518115,-2.7881885,0.8218115,0.42181152,1.3018116,0.8818115,-0.27818847,0.9418115,-0.9281885
-0.84818846,1.5818115,1.1618115,-0.46818846,-0.47818848,0.081811525,0.58181155,1.2618115,2.3118114,2.7118115,2.2918115,1.2618115,2.0918114,2.4018116,2.3018115,1.3218116,1.1318115,2.1618116,2.4218116,3.0918114,3.0718114,0.8718115,-2.6381884,-0.5181885,-0.21818848,-0.47818848,1.9618115,1.2218115,-0.7681885,-0.39818847,-1.8981885,2.7118115,0.64181155,0.10181152,0.52181154,-0.42818847,0.011811524,0.9418115,0.06181152,1.3118116,2.7118115
2.5918114,6.8618116,7.4218116,6.1618114,4.2118115,3.4618115,2.2418115,4.2418118,3.4318116,2.9918115,3.0718114,3.9018116,6.2918115,6.0818114,2.8218114,2.8018115,2.3618116,2.4718115,2.4618115,2.0318115,-0.47818848,-0.48818848,-3.2981884,-1.7181885,-0.71818846,-1.1581885,0.16181153,-3.0281885,-1.3881885,1.9718115,1.3018116,-1.2281885,0.7318115,-2.0681884,-1.8481885,-1.5581884,-1.8681885,2.9518116,0.38181153,1.1718116,2.3518114
3.4818115,4.8818116,6.6318116,5.9118114,4.9618115,4.2718115,4.7518115,5.4318113,5.4418116,5.2318115,4.6118116,5.2118115,6.9318113,7.0918117,6.5018115,2.4518116,2.7418115,2.2318115,0.71181154,-0.3181885,-3.2281885,-3.0081885,-3.6981885,-3.5781884,-3.7981884,-4.0581884,-4.6881886,-0.6281885,-2.3981886,-0.9981885,-1.5781884,-1.3881885,-3.1481886,1.4418116,1.9118115,-0.058188476,-0.44818848,0.8218115,1.2218115,1.7618115,0.8518115
5.1118116,4.9318113,4.2018113,4.5418115,4.7118115,4.7818117,4.3318114,4.3418117,3.4218116,4.7518115,5.4618115,5.9918118,7.4418116,8.841811,5.1818113,4.2418118,4.3318114,1.7718115,0.89181155,0.16181153,-1.0881885,-0.44818848,-1.6681885,-2.8481884,-3.2581885,-4.4881883,-2.6481886,-1.6481885,-2.8681884,-2.7281885,-2.4281886,-2.4581885,-0.5081885,0.17181152,0.9918115,-5.9381886,0.6118115,-3.4081886,2.1418116,-0.29818848,-2.7281885
5.2518115,6.2418118,5.8818116,5.8818116,4.7218113,4.3418117,4.5118117,4.1818113,3.7718115,5.1118116,4.4918118,5.2918115,6.9118114,4.8718114,5.8218117,4.9418116,3.6618116,2.9718115,-0.098188475,0.06181152,0.5718115,0.051811524,-0.33818847,-1.4681885,-2.9881885,-3.5581884,-0.65818846,-1.1981884,-1.6981884,-2.3281884,-2.6881886,-3.1381884,-0.18818848,-1.3281884,-1.1881884,-0.3481885,-0.3481885,1.7518115,-2.7081885,1.8818115,0.9818115
5.1918116,5.8118114,6.6618114,6.2718115,5.5318117,5.0218115,4.2418118,2.9318116,4.6418114,7.0718117,5.4318113,5.6418114,6.0018115,5.5718117,5.7918115,5.5518117,4.7918115,3.7918115,1.2118115,1.8418115,2.6318116,1.3018116,1.0718116,0.17181152,0.28181154,-0.5681885,0.5718115,-1.2081885,0.16181153,-0.79818845,-1.3981885,0.97181153,-1.2781885,0.78181154,-2.2681885,1.6418115,2.1118116,2.6218116,-3.9881885,-4.6281886,-2.8281884
5.1518116,5.4918118,5.3918114,4.4818115,5.4218116,4.9818115,5.1818113,3.0018115,3.4818115,4.8518114,6.8318114,7.0618114,6.7618117,3.7418115,5.2818117,4.1218114,4.6418114,3.9918115,4.1018114,3.4218116,5.2618117,3.1218116,2.0018115,1.8418115,3.0018115,1.6918116,0.48181152,-0.33818847,1.2918115,0.081811525,1.4718115,1.6118115,2.5418115,-1.4281884,-1.7681885,-2.8881884,0.6218115,-1.8081884,-1.6381885,0.4618115,-2.5481884
4.0318117,7.5918117,6.4018116,5.5418115,3.8618116,4.9018116,2.3518114,3.9118116,4.6318116,6.1218114,4.4318113,6.5918117,5.1718116,5.6618114,4.1418114,4.4918118,3.3418114,4.0718117,4.4318113,4.4618115,5.8718114,6.0318117,3.7418115,3.3118114,3.6318116,2.7918115,3.7918115,4.1918116,3.4818115,2.9018116,1.3418115,2.3918116,1.9918115,-0.5681885,-1.2381885,-0.6881885,-2.8081884,-0.06818847,-1.6581885,0.06181152,-1.6081885
3.6918116,4.3118114,5.2718115,4.5918117,3.8118114,3.8518114,4.6818113,5.1918116,3.6718116,3.2318115,4.7818117,5.6118116,4.0618114,5.9118114,4.9018116,4.7918115,5.2018113,4.8318114,4.6718116,5.1018114,5.5318117,4.3318114,4.1218114,3.0018115,2.9818115,2.7218115,4.1518116,5.4118114,6.0118117,3.6318116,3.8018115,0.71181154,-0.44818848,-0.24818848,0.25181153,-1.3581885,-1.5881885,0.70181155,-1.3381885,1.0818115,-1.6281885
2.0518115,3.0618114,5.4018116,4.8018117,5.2918115,4.3018117,4.7518115,5.8718114,4.2018113,2.5018115,4.5818114,7.1418114,5.4618115,6.4318113,6.9218116,4.5018115,4.9618115,5.9518113,5.7718115,4.9618115,4.4518113,3.2418115,2.6618116,2.8818116,3.1518116,3.4718115,4.1918116,5.2218113,4.5018115,4.2718115,3.6618116,3.0318115,1.9118115,0.36181152,1.0918115,2.2218115,0.041811522,-0.79818845,-0.018188477,-0.49818847,-0.7581885
3.7818115,3.1618116,2.5718114,5.3918114,4.6218114,3.5918114,3.9218116,3.9618115,4.2018113,2.5718114,2.7918115,4.9018116,5.0018115,5.8218117,4.7218113,4.3018117,3.9618115,3.9118116,3.7318115,3.2218115,2.5818114,1.7418115,2.1618116,1.0718116,3.1518116,3.0618114,2.6718116,2.5218115,2.4518116,2.4418116,2.7218115,3.2018116,2.6018114,1.4818115,1.4618115,1.3018116,-1.2081885,-1.4381884,-1.4681885,-0.8881885,-1.2181885
3.9618115,3.9318116,4.5418115,4.8018117,3.6518116,3.5218115,3.8218114,4.1018114,4.0118117,1.9418116,2.4418116,2.9618115,4.2218113,4.4218116,3.3118114,3.2518115,2.3618116,1.7618115,0.7618115,0.5418115,0.5018115,0.36181152,0.5718115,0.7518115,0.8718115,0.6218115,0.09181152,0.39181152,0.20181152,0.6918115,0.8218115,1.2218115,0.22181152,0.28181154,-0.24818848,-0.71818846,-1.1781884,-1.3181884,-1.7281885,-1.0681884,-1.2381885
2.8218114,3.8018115,5.2918115,2.6418116,3.3618116,4.9118114,6.2918115,5.3218117,3.5318115,1.9118115,1.7618115,4.9018116,2.1918116,1.1518115,1.1318115,-0.15818848,-1.0081885,-1.2681885,-1.2881885,-1.5381885,-1.8581885,-2.6181884,-2.9481885,-3.2481885,-2.9781885,-3.0481884,-2.8381884,-2.8381884,-2.7281885,-2.6081884,-2.5681884,-2.7981884,-2.1581886,-1.9481884,-1.1881884,-1.1381885,-0.9281885,-0.47818848,-2.1181884,-2.1481886,-1.4381884
