wind_kz.json
{"header": {"discipline":0,"disciplineName":"Meteorological products","gribEdition":2,"gribLength":948,"center":7,"centerName":"US National Weather Service - NCEP(WMC)","subcenter":0,"refTime":"2023-08-23T18:00:00.000Z","significanceOfRT":1,"significanceOfRTName":"Start of forecast","productStatus":0,"productStatusName":"Operational products","productType":1,"productTypeName":"Forecast products","productDefinitionTemplate":0,"productDefinitionTemplateName":"Analysis/forecast at horizontal level/layer at a point in time","parameterCategory":0,"parameterCategoryName":"UnknownDiscipline_0_Category_0","parameterNumber":0,"parameterNumberName":"UnknownParameter_D0_C0_0","parameterUnit":"Unknown","genProcessType":2,"genProcessTypeName":"Forecast","forecastTime":60,"surface1Type":1,"surface1TypeName":"Ground or water surface","surface1Value":0.0,"surface2Type":255,"surface2TypeName":"Missing","surface2Value":0.0,"gridDefinitionTemplate":0,"gridDefinitionTemplateName":"Latitude_Longitude","numberPoints":615,"shape":6,"shapeName":"Earth spherical with radius of 6,371,229.0 m","gridUnits":"degrees","resolution":48,"winds":"true","scanMode":64,"nx":41,"ny":15,"basicAngle":0,"lo1":47.0,"la1":41.0,"lo2":87.0,"la2":55.0,"dx":1.0,"dy":1.0}, "data":
[rows 0 to 14 of 15, columns 0 to 40 of 41]
297.2634,286.1634,293.4634,299.9634,299.7634,298.8634,309.2634,314.7634,313.3634,312.4634,304.2634,311.1634,311.9634,309.1634,304.3634,299.8634,312.9634,317.8634,323.7634,319.3634,321.1634,317.6634,317.1634,316.9634,317.56342,315.6634,314.3634,304.8634,293.4634,279.1634,279.7634,278.6634,294.9634,319.3634,323.2634,326.9634,327.9634,326.56342,330.7634,327.7634,326.4634
278.3634,302.6634,299.56342,299.8634,300.06342,298.56342,314.06342,312.06342,311.56342,311.3634,306.2634,303.2634,302.2634,303.3634,311.06342,319.8634,321.06342,321.06342,317.56342,318.8634,317.56342,316.2634,316.6634,308.9634,302.2634,298.9634,309.7634,305.56342,303.56342,287.56342,289.6634,280.56342,282.2634,273.2634,295.56342,308.2634,315.9634,318.6634,323.7634,313.9634,285.9634
304.7634,299.2634,300.06342,300.2634,298.7634,310.2634,309.06342,303.3634,310.2634,309.9634,310.56342,310.56342,300.06342,301.56342,305.2634,315.2634,316.6634,317.8634,320.1634,319.06342,321.1634,317.6634,317.9634,311.3634,321.56342,317.9634,315.56342,320.8634,313.9634,305.6634,287.06342,296.3634,303.7634,303.6634,307.6634,304.8634,299.9634,300.7634,306.6634,299.2634,297.7634
306.9634,300.1634,300.1634,299.56342,300.3634,307.2634,306.56342,306.8634,309.2634,310.06342,310.8634,308.56342,296.06342,295.2634,301.7634,315.9634,314.8634,318.06342,317.6634,319.6634,316.1634,317.2634,316.7634,314.1634,320.56342,319.6634,321.7634,319.1634,321.06342,319.1634,318.56342,317.3634,316.7634,314.7634,314.06342,312.2634,300.4634,299.9634,304.8634,318.7634,320.6634
307.4634,299.9634,300.1634,300.06342,303.56342,307.7634,307.06342,310.56342,309.6634,307.9634,310.6634,310.06342,296.1634,294.6634,292.1634,308.56342,312.2634,311.6634,313.4634,313.8634,319.06342,316.9634,315.06342,317.3634,320.06342,322.56342,321.8634,313.3634,323.4634,322.06342,322.3634,316.7634,303.2634,288.8634,302.1634,317.4634,312.3634,325.56342,325.8634,322.06342,322.9634
304.2634,296.2634,298.1634,299.4634,299.9634,299.56342,297.56342,306.8634,303.8634,309.06342,308.56342,299.2634,297.2634,295.2634,301.1634,302.56342,299.8634,307.4634,314.6634,314.1634,314.1634,314.3634,315.4634,314.06342,317.2634,317.2634,318.6634,293.9634,319.56342,319.56342,321.1634,317.3634,317.8634,319.1634,313.06342,308.2634,301.06342,303.3634,320.56342,323.2634,324.9634
304.7634,303.8634,304.06342,304.8634,302.9634,305.1634,309.4634,305.4634,300.7634,303.9634,308.2634,307.2634,306.3634,311.3634,312.9634,310.1634,312.6634,305.1634,313.2634,311.7634,312.2634,313.1634,314.3634,313.56342,311.3634,312.7634,314.7634,316.2634,319.6634,323.8634,319.8634,320.56342,322.06342,317.56342,315.7634,298.8634,308.1634,302.7634,306.1634,304.56342,317.7634
302.4634,303.3634,302.6634,303.2634,302.8634,293.1634,305.6634,302.3634,298.3634,293.9634,293.8634,305.4634,306.9634,307.3634,307.2634,297.2634,307.1634,301.7634,310.06342,306.4634,307.6634,309.8634,311.2634,310.3634,310.06342,308.6634,309.2634,310.8634,310.2634,312.7634,312.2634,314.4634,315.3634,309.1634,312.3634,314.3634,313.1634,289.6634,303.6634,314.3634,313.9634
301.7634,301.3634,300.9634,301.06342,301.1634,300.2634,294.8634,298.2634,294.7634,292.1634,298.3634,302.2634,301.2634,305.9634,305.4634,304.2634,306.7634,298.2634,300.9634,305.4634,302.56342,303.06342,308.4634,308.9634,307.1634,307.3634,308.1634,311.3634,307.3634,305.9634,305.2634,305.7634,306.9634,307.1634,307.56342,304.56342,302.4634,301.7634,293.1634,292.06342,292.3634
300.3634,297.9634,298.6634,297.4634,298.06342,297.2634,299.7634,299.56342,296.4634,302.4634,299.06342,300.1634,301.6634,301.7634,301.4634,303.1634,292.7634,290.1634,289.56342,294.3634,294.4634,292.3634,305.06342,307.56342,307.06342,303.1634,304.6634,305.56342,304.8634,304.06342,305.1634,306.7634,308.3634,307.1634,306.06342,303.4634,297.2634,297.3634,297.4634,294.3634,291.9634
297.3634,297.06342,296.3634,295.7634,295.8634,297.4634,294.56342,298.7634,298.06342,299.06342,298.7634,297.3634,299.3634,298.9634,300.4634,297.7634,293.06342,291.1634,298.7634,287.6634,291.3634,289.4634,295.8634,299.56342,304.1634,303.9634,302.1634,304.6634,304.06342,307.56342,308.9634,307.9634,311.3634,302.3634,301.9634,298.8634,287.06342,290.6634,300.7634,298.2634,296.9634
294.2634,293.6634,289.8634,295.7634,290.7634,293.7634,294.3634,295.4634,295.6634,295.6634,295.06342,296.1634,297.9634,297.06342,297.1634,293.1634,299.2634,297.3634,293.8634,284.6634,283.8634,283.7634,298.3634,301.06342,300.8634,301.2634,300.8634,304.9634,306.2634,303.7634,303.8634,305.7634,305.8634,302.56342,299.56342,299.9634,298.06342,287.8634,286.8634,289.4634,294.06342
290.1634,288.8634,292.3634,292.8634,290.7634,292.06342,292.8634,296.56342,296.2634,292.8634,288.3634,290.06342,293.3634,292.2634,292.8634,293.4634,295.56342,292.4634,295.06342,292.7634,287.56342,283.06342,283.4634,288.6634,298.56342,298.2634,301.6634,299.4634,303.9634,303.3634,303.2634,302.7634,305.3634,301.2634,301.4634,297.4634,297.2634,296.7634,289.8634,288.9634,289.6634
288.06342,290.2634,292.4634,292.56342,291.7634,292.8634,290.06342,291.2634,293.1634,293.1634,285.7634,285.56342,290.4634,290.7634,290.8634,289.6634,292.7634,294.06342,292.06342,286.1634,293.3634,292.1634,290.9634,294.9634,295.3634,298.6634,300.7634,298.6634,298.4634,296.9634,300.4634,300.56342,300.56342,297.7634,297.3634,297.56342,295.8634,295.56342,295.2634,292.06342,288.3634
288.8634,291.56342,291.2634,291.6634,292.06342,290.9634,290.7634,290.4634,291.2634,288.3634,288.6634,285.2634,281.4634,286.4634,290.1634,291.2634,291.8634,292.6634,293.2634,292.4634,294.2634,290.7634,294.4634,295.3634,295.2634,296.56342,299.6634,298.2634,297.4634,296.4634,296.8634,290.6634,295.6634,295.9634,295.9634,296.56342,297.3634,295.7634,295.9634,294.3634,289.06342
