wind_kz.json
{"header": {"discipline":0,"disciplineName":"Meteorological products","gribEdition":2,"gribLength":794,"center":7,"centerName":"US National Weather Service - NCEP(WMC)","subcenter":0,"refTime":"2023-08-25T00:00:00.000Z","significanceOfRT":1,"significanceOfRTName":"Start of forecast","productStatus":0,"productStatusName":"Operational products","productType":1,"productTypeName":"Forecast products","productDefinitionTemplate":0,"productDefinitionTemplateName":"Analysis/forecast at horizontal level/layer at a point in time","parameterCategory":2,"parameterCategoryName":"UnknownDiscipline_0_Category_2","parameterNumber":3,"parameterNumberName":"UnknownParameter_D0_C2_3","parameterUnit":"Unknown","genProcessType":2,"genProcessTypeName":"Forecast","forecastTime":120,"surface1Type":103,"surface1TypeName":"Specified height level above ground","surface1Value":10.0,"surface2Type":255,"surface2TypeName":"Missing","surface2Value":0.0,"gridDefinitionTemplate":0,"gridDefinitionTemplateName":"Latitude_Longitude","numberPoints":615,"shape":6,"shapeName":"Earth spherical with radius of 6,371,229.0 m","gridUnits":"degrees","resolution":48,"winds":"true","scanMode":64,"nx":41,"ny":15,"basicAngle":0,"lo1":47.0,"la1":41.0,"lo2":87.0,"la2":55.0,"dx":1.0,"dy":1.0}, "data":
[rows 0 to 14 of 15, columns 0 to 40 of 41]
-0.4345337,-1.8345337,-1.0345337,-8.734533,-8.934534,-9.834534,-7.3345337,-6.134534,-5.234534,-4.234534,-3.6345336,-0.9345337,0.3654663,1.2654663,1.8654664,1.6654663,1.4654663,0.76546633,0.76546633,-0.2345337,-0.03453369,1.6654663,0.8654663,-1.5345337,-0.3345337,-0.2345337,-0.9345337,0.3654663,2.8654664,3.7654662,-0.9345337,-2.1345336,1.2654663,-1.2345337,-1.7345337,-0.9345337,0.06546631,1.0654663,1.3654664,0.9654663,2.4654663
1.0654663,0.46546632,-3.4345336,-6.5345335,-8.5345335,-9.434534,-7.234534,-7.234534,-5.4345336,-5.234534,-4.8345337,-3.7345338,-3.8345337,1.5654663,2.4654663,2.2654662,0.16546631,0.8654663,-0.4345337,-0.2345337,3.1654663,3.2654662,2.4654663,1.7654663,0.6654663,0.06546631,-2.4345336,1.5654663,0.46546632,2.4654663,4.9654665,5.4654665,1.3654664,0.46546632,1.3654664,-2.4345336,-2.6345336,-2.0345337,-1.8345337,-1.3345337,0.2654663
2.0654664,0.46546632,-2.7345338,-5.634534,-7.3345337,-5.9345336,-7.234534,-6.8345337,-6.134534,-6.634534,-5.9345336,-5.634534,-5.4345336,-5.4345336,-4.734534,1.7654663,3.8654664,2.2654662,0.8654663,2.0654664,2.0654664,2.0654664,1.8654664,1.6654663,2.7654662,1.6654663,1.1654663,1.0654663,-0.73453367,4.0654664,6.765466,3.5654664,3.1654663,-0.9345337,-0.5345337,2.9654663,4.6654663,1.1654663,0.3654663,-0.73453367,1.6654663
-0.5345337,-2.9345336,-4.8345337,-6.734534,-4.5345335,-6.0345335,-6.8345337,-7.134534,-4.5345335,-5.0345335,-6.3345337,-6.5345335,-7.734534,-8.734533,-6.234534,-4.9345336,-3.6345336,3.6654663,4.4654665,3.9654663,2.6654663,2.1654663,2.1654663,1.6654663,2.9654663,4.0654664,3.2654662,-0.4345337,3.4654663,3.7654662,0.3654663,0.5654663,-1.9345337,-0.8345337,-0.73453367,-2.9345336,-0.13453369,2.8654664,0.6654663,0.9654663,0.9654663
-3.7345338,-8.434534,-8.334534,-5.8345337,-6.8345337,-3.3345337,-6.3345337,-5.734534,-6.0345335,-5.234534,-4.9345336,-3.6345336,-7.134534,-8.634534,-5.9345336,-6.3345337,-5.8345337,-5.8345337,-2.8345337,3.7654662,4.865466,3.1654663,3.2654662,2.6654663,3.5654664,2.2654662,2.5654664,2.6654663,1.9654663,0.6654663,-0.3345337,0.46546632,3.1654663,4.5654664,-1.7345337,-1.5345337,0.3654663,0.06546631,1.3654664,0.76546633,-0.13453369
-3.9345336,-1.7345337,-6.5345335,-6.734534,-6.3345337,-6.734534,-4.734534,-4.8345337,-4.634534,-4.9345336,-5.234534,-5.8345337,-7.3345337,-8.234533,-6.8345337,-4.4345336,-1.7345337,-3.9345336,-5.9345336,-5.8345337,0.9654663,5.1654663,5.0654664,4.4654665,3.4654663,3.7654662,3.1654663,5.865466,3.1654663,1.7654663,0.46546632,0.5654663,0.06546631,-1.1345336,1.7654663,-0.9345337,3.9654663,3.0654664,-1.1345336,-1.5345337,-0.2345337
-1.8345337,-2.5345337,-3.4345336,-3.5345337,-3.7345338,-3.5345337,-4.4345336,-3.4345336,-3.7345338,-4.634534,-4.634534,-4.734534,-5.0345335,-5.5345335,-4.9345336,-5.4345336,-4.0345335,2.9654663,1.3654664,-1.8345337,-4.0345335,-4.9345336,5.265466,6.265466,4.5654664,3.7654662,2.2654662,3.9654663,2.5654664,4.1654663,2.5654664,-0.2345337,-0.8345337,0.3654663,-1.5345337,-1.7345337,-3.1345336,0.3654663,1.7654663,0.5654663,1.2654663
-1.4345337,-2.5345337,-3.1345336,-3.6345336,-3.6345336,-3.5345337,-3.2345338,-3.2345338,-3.5345337,-3.6345336,-3.4345336,-1.9345337,-4.0345335,-5.234534,-4.734534,-4.4345336,-3.8345337,-4.3345337,2.5654664,3.7654662,2.7654662,-0.8345337,-3.7345338,2.2654662,7.6654663,4.6654663,6.365466,6.0654664,3.4654663,3.3654664,2.8654664,2.7654662,1.1654663,-0.2345337,0.76546633,0.06546631,0.06546631,1.3654664,-1.3345337,-0.4345337,-1.6345336
-0.4345337,-2.0345337,-2.9345336,-3.2345338,-3.2345338,-1.7345337,-2.3345337,-3.2345338,-2.6345336,-2.5345337,-3.7345338,-2.8345337,-2.2345338,-3.4345336,-4.234534,-3.8345337,-4.234534,-2.4345336,3.9654663,3.1654663,0.9654663,3.1654663,-3.7345338,-4.8345337,-0.2345337,7.365466,5.6654663,9.4654665,7.765466,3.1654663,3.8654664,4.1654663,4.365466,3.3654664,3.2654662,2.4654663,-2.5345337,0.16546631,1.8654664,1.1654663,-0.73453367
-1.7345337,-2.4345336,-3.1345336,-3.3345337,-4.9345336,-4.5345335,-2.6345336,-2.4345336,-4.8345337,-4.734534,-4.134534,-2.6345336,-2.0345337,-3.2345338,-2.6345336,-2.4345336,-2.2345338,-3.8345337,1.8654664,4.765466,3.0654664,3.8654664,1.7654663,-3.2345338,-6.5345335,-0.8345337,5.0654664,8.665466,5.9654665,5.6654663,6.4654665,5.6654663,4.365466,4.5654664,2.7654662,1.1654663,0.8654663,-2.4345336,-0.9345337,1.9654663,2.6654663
-3.4345336,-3.4345336,-3.5345337,-4.4345336,-4.134534,-5.134534,-5.4345336,-4.8345337,-3.8345337,-3.8345337,-2.7345338,-0.73453367,-1.3345337,-1.6345336,-2.4345336,-1.3345337,-2.9345336,-2.1345336,-3.6345336,-0.5345337,3.1654663,3.4654663,3.8654664,4.765466,-1.9345337,3.1654663,1.2654663,2.7654662,4.365466,7.865466,6.0654664,5.4654665,4.265466,3.8654664,5.0654664,1.9654663,0.8654663,2.1654663,1.4654663,1.5654663,0.16546631
-2.2345338,-3.7345338,-3.7345338,-4.3345337,-5.234534,-5.5345335,-4.5345335,-4.634534,-4.634534,-4.234534,-1.6345336,-1.5345337,-0.4345337,-0.2345337,-1.0345337,0.16546631,-0.2345337,0.3654663,2.4654663,0.9654663,2.5654664,3.4654663,4.6654663,4.0654664,2.4654663,-2.2345338,2.1654663,2.5654664,0.5654663,0.06546631,2.7654662,4.5654664,3.6654663,3.2654662,3.8654664,2.0654664,2.7654662,3.4654663,2.7654662,1.9654663,0.5654663
-3.0345337,-2.3345337,-3.7345338,-4.4345336,-4.734534,-3.4345336,-5.0345335,-5.634534,-6.0345335,-3.6345336,0.46546632,-0.9345337,-0.6345337,-0.3345337,0.06546631,0.06546631,-0.03453369,0.6654663,2.0654664,2.1654663,3.2654662,3.0654664,2.6654663,3.6654663,5.0654664,3.4654663,1.0654663,0.06546631,1.9654663,1.2654663,-1.1345336,3.1654663,4.4654665,5.1654663,4.1654663,3.6654663,2.4654663,1.5654663,1.7654663,0.76546633,0.3654663
-2.5345337,-4.4345336,-6.4345336,-5.5345335,-4.9345336,-5.4345336,-6.5345335,-6.734534,-6.9345336,-6.8345337,-1.8345337,-0.4345337,-2.1345336,-1.6345336,-1.2345337,-0.2345337,1.4654663,1.7654663,2.5654664,3.8654664,4.6654663,4.9654665,5.1654663,3.9654663,3.3654664,3.9654663,6.265466,3.7654662,2.7654662,2.7654662,2.2654662,-0.4345337,3.4654663,4.865466,3.2654662,3.0654664,1.8654664,0.8654663,1.4654663,1.3654664,0.46546632
-2.0345337,-4.3345337,-7.734534,-6.134534,-5.734534,-5.8345337,-5.234534,-6.8345337,-6.9345336,-7.0345335,-3.4345336,-0.03453369,0.76546633,-1.9345337,-3.8345337,-3.0345337,-2.4345336,-0.4345337,3.0654664,6.0654664,5.0654664,4.9654665,6.365466,6.265466,5.265466,5.9654665,5.1654663,3.9654663,4.0654664,3.9654663,4.5654664,2.9654663,2.3654664,3.9654663,6.265466,5.365466,4.765466,4.365466,2.0654664,2.0654664,0.46546632
