wind_kz.json
{"header": {"discipline":0,"disciplineName":"Meteorological products","gribEdition":2,"gribLength":1102,"center":7,"centerName":"US National Weather Service - NCEP(WMC)","subcenter":0,"refTime":"2024-02-03T06:00:00.000Z","significanceOfRT":1,"significanceOfRTName":"Start of forecast","productStatus":0,"productStatusName":"Operational products","productType":1,"productTypeName":"Forecast products","productDefinitionTemplate":0,"productDefinitionTemplateName":"Analysis/forecast at horizontal level/layer at a point in time","parameterCategory":2,"parameterCategoryName":"UnknownDiscipline_0_Category_2","parameterNumber":2,"parameterNumberName":"UnknownParameter_D0_C2_2","parameterUnit":"Unknown","genProcessType":2,"genProcessTypeName":"Forecast","forecastTime":120,"surface1Type":103,"surface1TypeName":"Specified height level above ground","surface1Value":10.0,"surface2Type":255,"surface2TypeName":"Missing","surface2Value":0.0,"gridDefinitionTemplate":0,"gridDefinitionTemplateName":"Latitude_Longitude","numberPoints":615,"shape":6,"shapeName":"Earth spherical with radius of 6,371,229.0 m","gridUnits":"degrees","resolution":48,"winds":"true","scanMode":64,"nx":41,"ny":15,"basicAngle":0,"lo1":47.0,"la1":41.0,"lo2":87.0,"la2":55.0,"dx":1.0,"dy":1.0}, "data":
[rows 0 to 14 of 15, columns 0 to 40 of 41]
2.083689,0.16368896,2.493689,6.273689,2.673689,-0.20631103,-1.1063111,-3.146311,-3.976311,-2.596311,-1.4763111,-0.10631104,0.643689,1.603689,2.093689,2.123689,2.4336889,3.043689,2.893689,5.463689,2.613689,-1.9863111,-3.376311,0.49368897,-2.426311,-4.556311,-0.976311,1.923689,1.033689,2.063689,-0.32631102,1.743689,0.513689,-0.09631103,0.953689,1.793689,3.253689,2.673689,2.823689,2.4536889,2.863689
1.993689,-0.09631103,-2.5663111,-4.176311,-1.826311,0.11368897,0.72368896,0.13368897,0.763689,-0.30631104,2.113689,3.393689,2.9436889,3.393689,4.133689,4.323689,4.783689,5.0636888,5.903689,5.323689,4.733689,0.34368896,0.563689,0.62368894,2.003689,0.78368896,-0.94631106,-0.62631106,1.593689,0.17368896,0.523689,0.953689,0.73368895,-0.616311,1.043689,0.563689,1.453689,1.353689,-0.07631104,1.083689,0.703689
2.103689,-3.5663111,-1.906311,-0.90631104,0.823689,0.92368895,0.31368896,1.053689,0.25368896,1.583689,2.983689,4.923689,3.843689,5.0636888,4.973689,4.213689,5.263689,5.913689,7.363689,7.983689,7.753689,5.163689,2.923689,5.243689,6.233689,2.413689,0.91368896,2.993689,0.44368896,1.4036889,1.1336889,-0.686311,-0.926311,2.893689,-0.36631104,-0.026311034,0.123688966,0.573689,-1.4963111,1.3936889,2.143689
-2.8063111,0.013688965,1.203689,3.153689,0.65368897,1.323689,2.773689,2.523689,2.643689,3.593689,2.893689,5.533689,6.203689,7.253689,5.983689,5.893689,6.913689,6.073689,6.783689,7.363689,5.643689,7.463689,2.1936889,8.883689,7.293689,6.163689,3.983689,1.963689,7.913689,5.383689,2.083689,3.593689,6.923689,8.773689,1.233689,2.163689,0.71368897,2.503689,-0.81631106,0.32368895,-0.15631104
1.843689,2.663689,2.783689,1.783689,3.593689,4.263689,2.383689,4.353689,2.223689,2.323689,4.653689,6.653689,7.503689,8.983689,9.803689,7.523689,7.103689,7.513689,7.653689,7.323689,8.713689,8.023689,7.473689,6.783689,7.283689,6.203689,7.263689,6.533689,8.903689,9.553689,2.593689,0.15368897,2.7136889,1.923689,-0.666311,0.13368897,1.283689,-0.32631102,0.813689,2.233689,-0.736311
4.5836887,3.973689,3.9436889,3.9536889,3.423689,3.1836889,1.963689,2.013689,2.303689,3.753689,4.243689,5.223689,8.283689,9.873689,7.973689,8.253689,8.383689,8.553689,7.543689,7.673689,7.0836887,7.343689,6.223689,5.983689,6.043689,6.623689,9.273689,8.613689,11.083689,7.523689,2.303689,2.6936889,4.8136888,1.8836889,2.063689,-3.256311,1.453689,1.163689,1.473689,1.183689,-1.676311
5.773689,5.873689,6.323689,5.483689,3.923689,4.663689,3.6836889,2.653689,2.923689,3.363689,4.103689,4.743689,5.983689,8.283689,8.413689,8.863689,8.963689,9.383689,9.013689,7.413689,8.453689,7.323689,6.0636888,4.8336887,5.473689,5.003689,7.893689,5.853689,6.973689,-0.56631106,0.73368895,1.683689,2.4536889,3.243689,-0.90631104,-0.856311,0.46368897,3.533689,-2.876311,2.523689,-1.8663111
5.103689,5.383689,5.673689,5.3136888,4.143689,4.293689,2.493689,1.563689,3.383689,2.533689,4.023689,5.3336887,6.523689,9.723689,9.093689,9.083689,9.283689,9.193689,8.153689,8.403689,9.043689,7.283689,5.473689,4.483689,4.983689,4.793689,5.153689,2.623689,3.163689,2.493689,3.113689,3.253689,0.563689,2.033689,3.893689,0.893689,-3.506311,-1.326311,-10.936311,-13.896311,-2.906311
5.383689,5.613689,5.793689,5.043689,4.013689,2.833689,1.2736889,1.9036889,1.943689,3.513689,5.053689,6.223689,9.093689,9.453689,9.163689,8.593689,9.223689,8.463689,8.013689,7.753689,8.5736885,6.873689,4.533689,2.893689,4.393689,3.893689,4.513689,3.643689,2.553689,3.4636889,3.9436889,4.963689,5.733689,0.833689,-0.33631104,-4.256311,1.493689,2.333689,-1.946311,-0.83631104,-0.686311
5.423689,5.213689,5.053689,4.703689,2.563689,1.433689,0.32368895,1.1436889,1.3936889,3.643689,5.923689,7.533689,10.003689,9.423689,9.353689,8.683689,8.233689,7.103689,6.203689,5.943689,7.913689,6.033689,3.103689,1.933689,2.123689,2.073689,2.753689,1.9036889,1.443689,3.9436889,3.563689,3.393689,2.603689,1.233689,-0.88631105,-2.5463111,-0.94631106,0.98368895,-1.3763111,0.033688966,-2.076311
4.623689,4.973689,4.413689,2.423689,0.86368895,-0.24631104,-0.45631105,1.943689,1.6436889,2.9436889,6.053689,8.333689,8.683689,10.103689,9.863689,8.423689,7.003689,5.603689,4.753689,5.933689,5.913689,2.883689,1.663689,1.473689,1.973689,1.5136889,3.243689,2.073689,3.303689,4.723689,4.253689,0.74368894,1.243689,0.693689,2.6936889,-1.446311,0.55368894,0.583689,-0.88631105,0.08368897,-1.526311
4.263689,4.013689,2.6836889,0.33368897,-0.70631105,-1.286311,-0.23631103,1.803689,1.8736889,3.333689,5.263689,8.0736885,7.643689,8.713689,8.753689,6.573689,5.423689,3.793689,3.993689,3.993689,1.493689,0.573689,-0.15631104,1.053689,1.533689,2.293689,2.923689,1.793689,3.423689,3.833689,2.503689,1.353689,0.54368895,-0.14631103,0.38368896,0.90368897,-0.45631105,1.433689,2.123689,-0.14631103,-0.87631106
2.033689,0.90368897,-0.09631103,-0.43631104,-0.90631104,-1.8563111,-0.24631104,0.43368897,3.423689,2.073689,1.313689,4.823689,5.103689,5.163689,2.743689,4.163689,3.353689,1.573689,1.693689,1.323689,-0.18631104,0.38368896,1.0036889,1.0236889,0.753689,0.26368895,1.443689,1.183689,0.28368896,1.2636889,0.633689,1.283689,1.813689,-0.43631104,0.62368894,1.913689,0.45368898,1.3836889,0.773689,-0.90631104,-0.44631103
1.443689,-0.22631103,-0.916311,-1.686311,-1.706311,-0.39631104,0.78368896,1.8936889,2.673689,2.163689,1.803689,2.493689,1.5236889,0.753689,1.553689,-0.09631103,-1.296311,-0.53631103,0.22368896,-0.746311,-0.546311,-0.26631105,-0.726311,-0.20631103,-0.71631104,-0.43631104,-0.736311,-0.926311,-0.15631104,0.513689,0.53368896,1.973689,-0.22631103,0.46368897,0.68368894,-0.12631103,-0.37631103,-0.39631104,0.28368896,-0.926311,-0.87631106
-0.866311,-2.416311,-1.2463111,-2.106311,-0.82631105,0.07368896,1.243689,2.053689,2.793689,3.653689,1.323689,1.913689,1.5136889,0.32368895,0.23368897,-0.116311036,-1.256311,-0.59631103,-2.016311,-2.106311,-2.176311,-1.306311,-1.056311,-0.726311,-0.64631104,-0.56631106,-0.27631104,-0.046311036,-0.056311034,0.07368896,1.213689,0.703689,0.68368894,0.36368898,-0.046311036,0.21368897,0.53368896,0.66368896,-1.506311,-0.36631104,-0.90631104
