wind_kz.json
{"header": {"discipline":0,"disciplineName":"Meteorological products","gribEdition":2,"gribLength":1025,"center":7,"centerName":"US National Weather Service - NCEP(WMC)","subcenter":0,"refTime":"2024-02-02T12:00:00.000Z","significanceOfRT":1,"significanceOfRTName":"Start of forecast","productStatus":0,"productStatusName":"Operational products","productType":1,"productTypeName":"Forecast products","productDefinitionTemplate":0,"productDefinitionTemplateName":"Analysis/forecast at horizontal level/layer at a point in time","parameterCategory":2,"parameterCategoryName":"UnknownDiscipline_0_Category_2","parameterNumber":3,"parameterNumberName":"UnknownParameter_D0_C2_3","parameterUnit":"Unknown","genProcessType":2,"genProcessTypeName":"Forecast","forecastTime":60,"surface1Type":103,"surface1TypeName":"Specified height level above ground","surface1Value":10.0,"surface2Type":255,"surface2TypeName":"Missing","surface2Value":0.0,"gridDefinitionTemplate":0,"gridDefinitionTemplateName":"Latitude_Longitude","numberPoints":615,"shape":6,"shapeName":"Earth spherical with radius of 6,371,229.0 m","gridUnits":"degrees","resolution":48,"winds":"true","scanMode":64,"nx":41,"ny":15,"basicAngle":0,"lo1":47.0,"la1":41.0,"lo2":87.0,"la2":55.0,"dx":1.0,"dy":1.0}, "data":
[rows 0 to 14 of 15, columns 0 to 40 of 41]
-2.2578027,-3.8378026,2.7221973,4.3621974,0.8721973,-0.7778027,-0.097802736,5.162197,2.8221972,2.3721972,4.8221974,4.4021974,3.7921972,3.4621973,3.4121974,3.1121972,2.7921972,1.0521972,0.29219726,0.71219724,1.4921973,1.9021972,-1.2478027,-1.2078028,-1.3278028,-1.7578027,-1.7378027,0.95219725,2.4921973,2.7321973,-1.2378027,-3.1478028,2.1321974,-0.92780274,0.84219724,1.1221973,0.082197264,0.42219725,2.0621972,-2.3178027,0.90219724
7.852197,1.6221973,4.0021973,0.25219727,0.022197265,-1.2878027,0.44219726,5.4421973,5.162197,5.5321975,4.1121974,4.222197,3.8121972,3.2821972,3.0021973,3.9021974,2.3221972,1.5821973,2.5121973,2.0121973,0.94219726,0.35219726,0.51219726,1.5321972,-2.2678027,-1.8078027,-3.5078027,1.2121973,0.7921973,0.57219726,5.122197,4.682197,-0.39780274,-1.2378027,-4.6378026,-2.6878028,-1.2478027,-1.3678027,0.19219726,-1.2578027,0.6121973
0.35219726,-0.8778027,2.9421973,1.8921973,-1.9978027,-2.0178027,1.6521972,3.5021973,3.8721972,5.0021973,6.5221972,5.6921973,4.372197,4.312197,3.9621973,4.2521973,4.0721974,3.8821974,3.6821973,3.1921973,1.8021972,-0.32780275,0.46219727,0.9721973,2.1921973,2.2821972,1.0121973,0.5421973,0.012197265,1.7021973,3.7521973,1.6421973,2.5121973,-2.1878028,-0.30780274,2.1421974,4.162197,0.32219726,0.7921973,-1.3678027,-1.2478027
0.082197264,-0.047802735,3.7021973,-1.8078027,-0.9578027,0.6121973,1.8721973,5.0521975,4.912197,4.8221974,4.6321974,5.162197,7.992197,7.562197,4.2121973,4.0721974,3.6021972,3.7021973,3.3521972,3.3621972,2.9321973,1.8721973,0.9721973,3.0421972,1.9421973,1.3321973,1.4121972,-0.55780274,2.3221972,1.9921973,2.8721972,-1.4078027,-1.1678027,-0.047802735,-1.2778027,-3.2178028,-0.8278027,0.9121973,1.9421973,1.3721973,1.0921973
2.7421973,2.7421973,2.7721972,1.9421973,2.3421972,2.7221973,3.9921973,3.6421974,5.4221973,7.182197,6.1921973,6.042197,8.482197,8.2621975,8.172197,4.7321973,4.562197,4.0021973,3.5221972,4.3021975,4.042197,0.9821973,-0.39780274,0.64219725,0.50219727,0.09219727,-0.39780274,-0.74780273,-0.6378027,0.6021973,1.7321973,1.2921972,2.3721972,1.4121972,-1.5078027,-0.11780273,-0.34780273,-0.60780275,-0.017802734,0.48219725,0.29219726
3.8521972,2.8321972,3.7221973,3.6021972,2.8821974,4.082197,5.1321974,4.332197,4.5121975,5.582197,6.2721972,5.912197,8.252197,9.502197,5.2321973,4.642197,4.4021974,4.3421974,3.2121973,2.6521974,3.4321973,3.6121972,3.4621973,2.8021972,1.9221972,0.9821973,-0.85780275,-1.1578027,-1.3778027,-1.2578027,-0.13780273,0.82219726,1.4421973,-0.73780274,1.3921973,5.0021973,2.6521974,1.7721972,0.42219725,-0.66780275,-0.91780275
3.0021973,3.6021972,3.4221973,3.9521973,5.6921973,4.722197,6.042197,6.5521975,5.9421973,6.452197,5.562197,6.3821974,5.4821973,4.9221973,4.372197,6.042197,6.7821975,4.582197,5.3421974,4.742197,3.9021974,3.9021974,4.582197,3.6921973,2.8621972,1.0921973,-0.037802733,-1.7778027,-1.9478028,-1.2678027,-1.0778028,-1.5178027,-2.9478028,0.95219725,-0.11780273,-1.9278027,-2.3478026,0.45219725,-1.0578027,-2.3578026,1.4321972
1.9821973,2.3721972,3.0521972,3.8321972,3.9521973,5.7821975,6.2621975,7.642197,8.832197,7.972197,8.482197,7.832197,6.602197,6.662197,5.7821975,6.352197,6.622197,6.392197,6.3021975,6.912197,4.412197,4.5521975,4.4221973,5.6521974,5.122197,3.8321972,3.3121972,0.70219725,0.36219728,-1.4178027,-0.59780276,0.23219727,-0.24780273,0.94219726,0.9721973,-0.08780274,-0.6278027,-0.037802733,-0.49780273,0.6721973,-1.2478027
1.6921973,1.4121972,2.9521973,2.8221972,3.6421974,5.182197,5.952197,7.4821973,8.7621975,9.562198,9.592197,9.712197,8.962197,7.472197,6.142197,7.0221972,7.222197,6.9421973,7.0721974,6.8221974,5.972197,4.972197,5.3221974,5.3221974,5.332197,5.1521974,3.6621974,3.1021972,3.0821972,2.2521973,2.6321974,4.1921973,2.4721973,4.5721974,2.8921974,3.3421972,-2.6778028,1.3921973,1.0121973,0.70219725,-2.3778028
1.8121972,1.8221973,1.8421973,1.7021973,3.4121974,4.432197,5.932197,7.222197,8.782197,9.212197,9.882197,10.832197,10.652197,9.612197,9.502197,8.382197,8.332197,8.002197,7.5021973,6.6721973,6.6921973,5.602197,4.9221973,5.0521975,5.5121975,5.242197,4.0521975,3.1121972,2.9921973,3.1221972,2.9721973,3.9321973,4.702197,3.4821973,4.992197,2.1221972,1.4721973,-2.8878028,0.81219727,3.3421972,4.162197
1.5321972,1.0621972,1.0321972,0.78219724,1.2021973,2.9821973,4.7621975,6.472197,7.6721973,8.602198,8.232197,8.462197,9.362197,10.162197,10.052197,9.592197,9.452197,9.342197,8.372197,8.202197,7.562197,6.2821975,5.5721974,5.4021974,3.8921974,4.642197,6.2621975,5.082197,4.372197,1.7221973,3.7021973,3.0121973,3.0321972,3.4321973,5.662197,2.1321974,1.8721973,3.4021974,2.8821974,1.9821973,0.18219727
0.78219724,0.84219724,1.1221973,0.8021973,0.40219727,1.4621973,3.6121972,5.0021973,6.3221974,6.9421973,7.3821974,7.3221974,8.532197,9.472198,9.892198,9.972198,10.072197,9.462197,9.092197,8.122197,7.6721973,6.7321973,5.562197,5.1721973,5.122197,5.082197,5.5221972,4.7321973,4.792197,3.4921973,3.5021973,3.8821974,2.7021973,3.4421973,4.182197,5.702197,4.412197,1.8721973,1.8921973,0.88219726,-0.44780272
0.71219724,1.0421972,2.1221972,1.7621973,0.41219726,0.6021973,1.7821972,3.7521973,7.2121973,6.792197,5.142197,5.1921973,8.312198,9.022198,9.132197,9.112197,9.002197,8.582197,8.172197,7.412197,7.7521973,7.3021975,6.6521974,5.642197,5.742197,5.222197,5.562197,4.5321975,4.2121973,3.9621973,3.9221973,4.292197,4.0221972,4.332197,4.5921974,5.162197,4.912197,3.2021973,3.5421972,2.8821974,1.7821972
1.9721973,1.2021973,0.6121973,0.94219726,1.0621972,1.4521973,0.59219724,3.7321973,5.1721973,6.8021975,4.892197,0.41219726,4.472197,7.3421974,8.222198,8.282197,8.0121975,7.4221973,7.0921974,6.4221973,6.202197,5.7721972,5.352197,5.0121975,4.642197,4.0921974,3.9121974,4.702197,4.3821974,4.4621973,4.3021975,4.2721972,4.5321975,4.6521974,4.182197,4.832197,4.1721973,4.702197,4.3421974,3.4921973,4.682197
1.4621973,1.8021972,1.7221973,2.0121973,2.1921973,2.2921972,2.6121972,2.7421973,4.562197,7.0721974,5.3821974,4.8021975,1.9221972,3.9621973,7.542197,7.3821974,6.7321973,6.372197,6.0721974,5.8421974,5.4821973,5.1321974,3.9921973,4.0321975,3.8321972,4.102197,4.3021975,4.182197,4.332197,4.5721974,4.582197,5.162197,4.602197,4.742197,4.7821975,4.5921974,5.062197,5.0221972,4.2521973,5.202197,4.102197
