wind_kz.json
{"header": {"discipline":0,"disciplineName":"Meteorological products","gribEdition":2,"gribLength":1025,"center":7,"centerName":"US National Weather Service - NCEP(WMC)","subcenter":0,"refTime":"2023-09-26T06:00:00.000Z","significanceOfRT":1,"significanceOfRTName":"Start of forecast","productStatus":0,"productStatusName":"Operational products","productType":1,"productTypeName":"Forecast products","productDefinitionTemplate":0,"productDefinitionTemplateName":"Analysis/forecast at horizontal level/layer at a point in time","parameterCategory":2,"parameterCategoryName":"UnknownDiscipline_0_Category_2","parameterNumber":3,"parameterNumberName":"UnknownParameter_D0_C2_3","parameterUnit":"Unknown","genProcessType":2,"genProcessTypeName":"Forecast","forecastTime":240,"surface1Type":103,"surface1TypeName":"Specified height level above ground","surface1Value":10.0,"surface2Type":255,"surface2TypeName":"Missing","surface2Value":0.0,"gridDefinitionTemplate":0,"gridDefinitionTemplateName":"Latitude_Longitude","numberPoints":615,"shape":6,"shapeName":"Earth spherical with radius of 6,371,229.0 m","gridUnits":"degrees","resolution":48,"winds":"true","scanMode":64,"nx":41,"ny":15,"basicAngle":0,"lo1":47.0,"la1":41.0,"lo2":87.0,"la2":55.0,"dx":1.0,"dy":1.0}, "data":
[rows 0 to 14 of 15, columns 0 to 40 of 41]
0.29948974,1.8794898,0.37948975,0.59948975,3.6794899,1.1694897,-0.13051026,-0.9405103,0.059489746,-1.3205103,-0.25051025,-0.48051026,0.049489748,-0.27051026,-0.11051025,-0.38051024,-1.4705102,-1.3905102,-2.8605103,-1.9605103,-0.95051026,-3.9005103,-0.79051024,1.0894897,2.2094898,-0.15051025,-1.6405102,1.0594897,-0.85051024,1.2694898,1.1894897,3.0294898,-0.5505102,0.21948975,-0.34051025,-1.0805103,-2.1705103,-0.16051026,0.39948976,2.1594896,-2.0005102
3.4994898,-0.020510254,2.1794899,1.5794897,4.04949,2.6994898,-0.08051025,-0.97051024,-1.2705102,-1.0905102,-1.5105102,-0.76051027,0.019489747,0.82948977,1.2994897,1.3094897,1.0294898,0.38948974,0.90948975,0.12948975,-2.5805101,-3.2705102,-3.7905102,-0.37051025,2.9794898,2.7494898,2.7194898,1.4894898,-0.13051026,2.7094898,-0.72051024,0.21948975,1.2494898,1.5194898,1.3794898,3.2094898,2.3894897,2.2894897,2.0194898,0.079489745,-0.09051026
1.5694897,-0.33051026,2.6794899,2.0494897,1.2694898,0.40948975,-0.73051023,-2.5705101,-1.5905102,-2.6205103,-2.5805101,-1.5505103,-0.23051025,1.0694897,2.0794897,1.6794897,2.4294899,1.5094898,2.3894897,2.3594897,0.77948976,-2.0505102,-1.0905102,0.54948974,-1.1505103,-1.7405102,-2.1705103,-1.8705102,0.66948974,0.64948976,-0.19051026,-0.12051025,-3.3005102,0.24948974,0.30948976,-2.8705103,-1.4505103,0.6294897,-1.8405102,-1.2605102,-1.4105103
0.6194897,-0.91051024,-0.92051023,-0.78051025,-0.92051023,-1.9105103,-3.9205103,-3.0005102,-3.2705102,-3.9505103,-3.6805103,-2.7105103,0.53948975,3.0994897,3.2094898,3.2094898,2.1994898,1.6494898,1.8494897,3.1694899,4.12949,2.3094897,0.77948976,-0.5005103,-0.67051023,-1.3005103,-2.1905103,-1.5205102,-0.78051025,-1.2505102,-0.82051027,-1.2805103,1.7494898,-5.102539E-4,0.41948974,1.9894898,2.3594897,1.0094898,-3.2905102,-2.4105103,-1.2505102
1.0994897,0.5594897,-0.16051026,-1.3905102,-2.6105103,-3.4205103,-3.7205102,-3.6405103,-3.8205101,-3.8205101,-4.2805104,-4.0105104,-1.2005103,2.3594897,6.1794896,5.1394897,3.9994898,2.6394897,3.0594897,3.2694898,5.87949,3.5794897,2.0194898,1.2794898,1.1394898,0.16948974,-0.040510252,-0.17051025,-0.57051027,-1.2305102,-0.24051026,0.83948976,0.28948975,-1.9805102,0.7594898,1.0794897,1.1494898,1.0594897,0.38948974,0.78948975,1.6894897
1.5694897,0.31948975,-1.1405102,-1.7105103,-3.6505103,-4.75051,-5.3205104,-4.4605103,-4.00051,-4.2805104,-5.1305103,-5.8405104,-3.0905104,2.9394898,8.34949,6.4694896,5.9294896,4.6194897,4.35949,4.22949,4.35949,4.72949,4.12949,2.7194898,2.0694897,1.4394897,1.4794898,1.6294898,-0.7505103,0.73948973,1.0894897,2.2994897,2.3794897,1.6794897,1.5994897,-2.4205103,-3.6705103,-2.9805102,3.4294899,2.3694897,1.8794898
0.57948977,1.2194897,0.70948976,-1.2705102,-2.2805102,-3.8605103,-4.9205103,-4.5905104,-3.8005102,-3.6505103,-4.7405105,-6.2205105,-5.8005104,2.2794898,6.2394896,6.2894897,6.49949,4.9894896,3.3694897,3.5594897,5.08949,5.29949,5.54949,5.51949,4.10949,2.9394898,1.9494897,2.2594898,4.01949,3.2094898,2.9094896,5.3894897,4.20949,1.7494898,2.0594897,3.1194897,1.9194897,2.5994897,-1.0205102,1.4194897,-0.89051026
0.96948975,0.06948975,-0.79051024,-0.9905102,-2.2005103,-2.7205102,-4.45051,-4.37051,-4.8205104,-6.08051,-5.29051,-2.7605102,-4.27051,-6.2205105,5.1594896,4.6394897,6.5994897,5.8094897,4.7194896,4.5394897,4.7194896,5.6994896,5.45949,6.8894897,6.2794895,5.49949,3.6594896,3.3594897,4.4894896,4.3294897,5.35949,6.5094895,5.16949,5.37949,4.14949,0.37948975,-0.09051026,0.48948973,-0.27051026,0.32948974,1.2394898
0.23948975,-0.45051026,-1.0605103,-1.2805103,-2.3105102,-2.0405102,-4.06051,-4.12051,-4.9605103,-5.4205103,-4.93051,-3.8305101,-4.2605104,-1.8705102,3.0894897,3.0494897,3.9994898,3.8094897,4.06949,5.0294895,4.0294895,5.51949,6.56949,9.0294895,8.769489,7.58949,6.3294897,5.47949,5.4494896,6.1194897,7.3294897,8.189489,6.8694897,5.1594896,3.9794898,3.8994896,2.3894897,0.119489744,0.67948973,0.66948974,-1.1505103
-0.97051024,-1.6105102,-1.1405102,-1.9705102,-2.2305102,-1.8005103,-2.5005102,-4.62051,-5.4605103,-5.0705104,-4.4705105,-3.7905102,-3.1505103,-2.3005102,-0.58051026,0.27948976,2.4194899,0.79948974,2.9594898,5.5994897,4.6594896,5.62949,7.0394897,8.54949,8.5694895,8.34949,7.68949,5.8494897,4.9694896,5.39949,7.0394897,6.3494897,5.0794897,5.0794897,3.8894897,3.3094897,2.2894897,1.9894898,1.8194897,1.0994897,2.3194897
-1.5005102,-1.6905103,-0.79051024,-2.7905102,-2.9405103,-2.4205103,-2.2805102,-3.6505103,-5.02051,-4.4405103,-3.3105102,-3.6305103,-3.7305102,-2.1405103,-0.44051024,1.0594897,3.7494898,1.7394898,4.7394896,5.3894897,7.04949,8.33949,6.87949,7.7794895,8.23949,7.8094897,6.8494897,6.12949,4.70949,6.5794897,5.2894897,5.6394897,5.8294897,5.24949,5.0394897,4.7794895,2.7894897,1.4894898,2.5394897,1.7294898,1.5294898
-1.2705102,-1.8005103,-1.7805103,-2.6705103,-3.4505103,-2.8805103,-2.4605103,-3.7705102,-5.0105104,-5.62051,-4.3805103,-5.35051,-2.1505103,-1.1505103,-0.8705103,2.8194897,1.2594898,2.2994897,3.8894897,5.6594896,6.79949,6.99949,7.62949,7.62949,7.66949,7.39949,5.6594896,4.93949,5.5094895,5.72949,5.35949,4.9494896,3.9294899,4.8494897,4.31949,3.9994898,0.98948973,-0.51051027,-0.79051024,0.25948974,-0.53051025
0.059489746,-1.4405103,-2.5005102,-2.0505102,-2.5905104,-1.8305103,-1.9305103,-3.6105103,-5.89051,-5.1705103,-1.9805102,-2.3905103,-1.5805103,-2.9105103,-0.40051025,-1.5705103,-3.4105103,0.91948974,4.6994896,4.9694896,5.5994897,4.8294897,6.60949,7.91949,7.97949,7.2394896,5.6394897,5.5294895,5.51949,5.35949,4.2394896,3.4994898,3.4694898,3.9194899,4.26949,3.5194898,2.6594896,1.4894898,1.8594898,1.5794897,1.0194898
0.51948977,-1.0205102,-2.5305102,-1.6705103,-2.3305101,-2.4305103,-2.1305103,-3.3205101,-4.91051,-4.9605103,-2.6905103,-0.91051024,-2.3705103,-1.5205102,-0.12051025,-3.4705102,0.059489746,0.47948974,4.0594897,3.1294897,2.9694898,5.45949,5.7794895,6.60949,7.83949,4.83949,4.26949,5.8494897,5.9494896,4.97949,5.26949,4.24949,4.12949,3.3594897,2.7694898,2.5194898,2.0494897,1.7494898,1.8094897,1.0294898,1.3994898
1.2894897,0.049489748,-2.0705101,-1.9205103,-1.9105103,-1.4005103,-1.9105103,-2.4205103,-3.8705103,-3.6305103,-2.2605102,-1.1105102,-1.8705102,-2.0605102,-4.1505103,-3.1405103,-2.4305103,-1.1205102,3.1394897,1.5194898,1.5094898,1.6894897,4.7194896,3.5294898,5.01949,5.33949,6.33949,5.08949,5.20949,5.8494897,4.4694896,4.22949,3.1594896,2.4794898,1.7894897,1.4194897,1.7394898,1.4494897,1.9794898,1.2894897,0.5594897
