wind_kz.json
{"header": {"discipline":0,"disciplineName":"Meteorological products","gribEdition":2,"gribLength":1025,"center":7,"centerName":"US National Weather Service - NCEP(WMC)","subcenter":0,"refTime":"2023-09-23T18:00:00.000Z","significanceOfRT":1,"significanceOfRTName":"Start of forecast","productStatus":0,"productStatusName":"Operational products","productType":1,"productTypeName":"Forecast products","productDefinitionTemplate":0,"productDefinitionTemplateName":"Analysis/forecast at horizontal level/layer at a point in time","parameterCategory":2,"parameterCategoryName":"UnknownDiscipline_0_Category_2","parameterNumber":2,"parameterNumberName":"UnknownParameter_D0_C2_2","parameterUnit":"Unknown","genProcessType":2,"genProcessTypeName":"Forecast","forecastTime":240,"surface1Type":103,"surface1TypeName":"Specified height level above ground","surface1Value":10.0,"surface2Type":255,"surface2TypeName":"Missing","surface2Value":0.0,"gridDefinitionTemplate":0,"gridDefinitionTemplateName":"Latitude_Longitude","numberPoints":615,"shape":6,"shapeName":"Earth spherical with radius of 6,371,229.0 m","gridUnits":"degrees","resolution":48,"winds":"true","scanMode":64,"nx":41,"ny":15,"basicAngle":0,"lo1":47.0,"la1":41.0,"lo2":87.0,"la2":55.0,"dx":1.0,"dy":1.0}, "data":
[rows 0 to 14 of 15, columns 0 to 40 of 41]
-3.8342133,0.035786744,1.3857868,3.5857868,1.7157867,2.7157867,3.4857867,5.275787,3.9057868,5.755787,2.5257866,2.5957868,3.3757868,2.7057867,-2.8542132,-2.4542131,-1.8042133,-0.54421324,-1.5442133,-1.5742133,-3.3042133,-2.4042132,-1.9642133,-1.2242132,0.115786746,-2.2242134,-3.0342133,0.10578674,1.8057867,0.14578675,-1.0942132,0.42578673,0.49578676,0.5557867,-0.65421325,-2.0942132,-3.1342132,-3.6542132,-3.3942132,-3.0242133,-2.8042133
1.0857867,1.4557867,6.4157867,3.9457867,3.2057867,4.0757866,3.6857867,0.9957867,3.5457869,3.4457867,4.735787,3.8157868,3.3957868,0.045786742,-1.4742132,-3.0342133,-2.1042132,-1.6142132,0.09578674,1.6357868,-3.0042133,-4.2142134,-1.2642132,-1.3942132,1.0157868,1.6857867,-0.25421324,1.6557868,-0.49421325,-0.77421325,0.36578673,-0.33421326,1.8157867,-3.2142134,-0.24421325,0.035786744,-0.34421325,0.18578674,-0.34421325,1.1057868,-1.8342133
1.2557868,7.315787,9.805787,6.565787,4.715787,2.8257868,2.6857867,3.6457868,3.5057867,4.9957867,4.6157866,4.255787,3.7157867,-0.79421324,-2.8942132,-1.9442133,-1.7342132,-2.7742133,-1.6942133,-1.8242133,-2.3942132,-2.6342132,-3.4842134,0.06578674,0.12578674,2.1057868,2.1457868,-0.39421326,-2.6942132,-0.28421324,-1.1042132,3.0457869,0.15578674,-0.38421327,0.30578673,-1.3342133,-0.27421325,0.41578674,-1.0942132,0.045786742,2.3957868
1.1157868,4.105787,7.8057866,5.565787,3.5757868,2.4957867,4.4757867,5.645787,6.005787,5.5157866,4.235787,3.7757866,-1.1042132,-4.664213,-4.074213,-3.0542133,-2.5842133,-1.4242133,-0.28421324,0.06578674,-0.57421327,-0.70421326,-1.3942132,-1.9342133,-1.5142132,0.24578674,-0.034213256,-0.8142133,0.6857867,2.4257867,-1.8242133,-2.4442132,-0.9942133,-1.7642132,-1.7742133,-1.9242133,-1.8142133,2.2057867,0.91578674,-0.30421326,-0.44421327
2.4157867,2.8857868,-0.9442133,0.9457867,3.5857868,4.275787,5.0157866,5.465787,6.8057866,5.505787,0.28578675,-3.2242134,-7.4242134,-6.954213,-5.604213,-3.0042133,-1.2542132,-1.3242133,-0.73421323,0.18578674,0.49578676,1.5857867,0.66578674,1.4057868,1.3857868,2.9257867,2.9057868,2.9657867,2.6857867,1.8557868,2.0657868,-1.7942133,-1.5742133,1.5857867,0.035786744,0.35578674,-1.9842132,-2.5942132,-2.9342132,-2.5242133,-2.1342132
1.2657868,1.0157868,0.5657867,-1.3242133,-2.5742133,-0.6242133,-0.054213256,1.5257868,2.2057867,-2.5842133,-6.5842133,-3.9542131,-4.3142133,-4.684213,-3.2842133,-1.6642133,-0.21421325,0.7457867,0.17578675,1.5557867,1.6857867,1.8857868,2.2157867,2.0357866,1.0557867,1.5357867,-0.6242133,1.2857867,-0.14421326,-1.8042133,-2.1442132,-1.6242132,0.53578675,0.49578676,0.045786742,-5.8842134,0.25578675,-2.7842133,-0.53421324,-1.7942133,-2.9542131
0.10578674,0.45578673,-0.71421325,-1.8942132,-1.3242133,0.84578675,0.19578674,0.6357868,0.9457867,-2.9942133,-3.4642134,-3.8242133,-2.8742132,-0.76421326,0.005786743,0.92578673,-0.024213256,-0.23421326,0.26578674,0.13578674,-2.1142132,-1.9042133,-0.83421326,-0.124213256,1.3757868,-2.0042133,-0.35421327,0.09578674,-0.6142132,-1.1842133,-1.1642133,-1.5542133,-0.10421326,-5.014213,-6.184213,-2.5342133,-0.39421326,2.7157867,-3.2242134,2.3957868,-0.14421326
0.72578675,1.1457868,0.8757867,-0.18421325,-0.88421327,-1.4642133,-0.83421326,-1.6542133,-1.4242133,-1.5842133,-3.5242133,-3.1942132,-2.2542133,0.24578674,2.0657868,0.45578673,1.2757868,0.77578676,1.0157868,1.0257868,0.20578675,-0.53421324,0.23578674,-0.9442133,-0.044213258,-0.5642133,0.24578674,0.70578676,0.5657867,1.3057867,-1.1942133,-1.4442133,-3.2942133,-1.6442132,-1.8442132,-1.1742133,-3.8842132,-9.504213,-8.434214,-6.604213,-3.0942132
0.64578676,0.46578676,-0.5542133,-0.5642133,-0.10421326,-0.63421327,-0.5542133,-2.9642134,-2.8642132,-2.3042133,-0.78421324,-0.28421324,0.18578674,1.4957868,0.79578674,1.3657868,-0.47421324,2.4257867,2.2757866,1.5957867,1.1457868,0.95578676,1.5657867,1.7657868,1.0257868,-0.024213256,0.085786745,-0.27421325,0.14578675,0.16578674,0.73578674,-0.35421327,0.30578673,-1.6342132,-2.5742133,-2.9142132,-0.35421327,-1.5342133,-2.0442133,-0.35421327,-2.5242133
0.70578676,-1.0342133,-1.4842132,-0.24421325,1.8157867,-0.67421323,-1.4742132,-1.2042133,-2.2042131,-1.8742132,-1.9742132,-1.9242133,0.035786744,1.7357868,2.3257868,0.51578677,2.1457868,0.70578676,1.0857867,2.0157866,1.7857867,1.8557868,1.7257867,1.5157868,1.9357867,1.4157867,0.43578675,0.36578673,1.1557868,1.0857867,0.51578677,0.10578674,-0.91421324,-1.3842132,-1.7442132,-1.8342133,-2.2742133,-0.23421326,-1.4142133,-0.06421325,-1.8542132
0.78578675,-2.3542132,-1.6342132,-1.1542133,-1.9142133,-1.4942132,-1.7342132,-0.10421326,-1.0142132,-1.0142132,-0.8142133,-0.22421326,0.025786743,-0.73421323,-2.4342132,0.22578675,-0.32421327,1.2457868,0.85578674,2.5457869,3.1557868,1.7557868,1.1557868,1.5357867,1.2957867,0.005786743,0.42578673,0.57578677,0.59578675,0.43578675,0.16578674,-0.91421324,-2.1942132,-1.5142132,-1.2842133,-2.1442132,-1.5442133,0.52578676,-1.0942132,0.89578676,-1.3642132
-2.6742132,-3.1342132,-1.4142133,-1.6542133,-0.5042133,-0.54421324,-1.5642133,-1.2642132,-1.6142132,0.26578674,-1.3042133,-0.5542133,-0.14421326,-0.47421324,-1.9542133,-1.5842133,0.5557867,-0.9942133,0.96578676,-1.0542133,2.6657867,2.8957868,0.96578676,1.1857867,1.1557868,1.9457867,1.6157868,2.7257867,2.7457867,0.58578676,-0.96421325,-0.66421324,-0.28421324,-1.2142133,-0.67421323,0.13578674,-0.45421326,-0.5542133,-0.054213256,-0.37421325,-0.5542133
-1.1142132,-1.0942132,0.25578675,-0.84421325,-0.64421326,-0.63421327,-0.59421325,-1.7642132,-1.9242133,0.54578674,0.29578674,0.49578676,0.49578676,0.12578674,-1.3642132,-1.6542133,-1.8142133,-1.4442133,0.7557867,-0.34421325,-0.07421326,0.45578673,-1.0942132,0.035786744,1.9157867,1.8657868,2.4857867,2.2757866,1.4757867,1.0157868,0.73578674,0.58578676,0.24578674,-0.21421325,0.33578673,1.0857867,1.1757867,-0.094213255,-0.46421325,-0.6142132,-0.9942133
-1.1842133,-0.59421325,-0.71421325,-0.23421326,-0.98421323,-1.0942132,-1.6642133,-1.5042132,0.47578675,1.0557867,0.085786745,0.21578674,-3.2742133,-3.0042133,-3.1242132,-1.8442132,-1.6942133,-2.0042133,-2.3842132,-1.2542132,-2.0742133,-0.5642133,-0.83421326,-0.46421325,0.19578674,1.1757867,2.5457869,1.9457867,1.7857867,1.3057867,1.2657868,1.0957867,0.91578674,0.90578675,1.2757868,0.8057867,0.95578676,0.82578677,-1.0342133,0.20578675,-0.63421327
-1.3342133,-0.77421325,-1.8842132,-1.5742133,-2.0642133,-2.0742133,-1.6342132,-1.5542133,-0.7442133,-1.1342132,-1.0642133,-2.3842132,-0.42421326,-1.7342132,-3.0442133,-2.3142133,-1.5942132,-1.2342132,-1.6942133,-1.6042132,-0.95421326,-0.88421327,0.37578675,-0.96421325,0.71578676,0.5557867,-0.14421326,2.6557868,1.9257867,1.4757867,1.9857868,1.3957868,1.3957868,1.5857867,1.5057868,2.0657868,0.52578676,1.3857868,1.5957867,0.8757867,-1.5242133
