wind_kz.json
{"header": {"discipline":0,"disciplineName":"Meteorological products","gribEdition":2,"gribLength":1025,"center":7,"centerName":"US National Weather Service - NCEP(WMC)","subcenter":0,"refTime":"2024-02-03T12:00:00.000Z","significanceOfRT":1,"significanceOfRTName":"Start of forecast","productStatus":0,"productStatusName":"Operational products","productType":1,"productTypeName":"Forecast products","productDefinitionTemplate":0,"productDefinitionTemplateName":"Analysis/forecast at horizontal level/layer at a point in time","parameterCategory":2,"parameterCategoryName":"UnknownDiscipline_0_Category_2","parameterNumber":3,"parameterNumberName":"UnknownParameter_D0_C2_3","parameterUnit":"Unknown","genProcessType":2,"genProcessTypeName":"Forecast","forecastTime":60,"surface1Type":103,"surface1TypeName":"Specified height level above ground","surface1Value":10.0,"surface2Type":255,"surface2TypeName":"Missing","surface2Value":0.0,"gridDefinitionTemplate":0,"gridDefinitionTemplateName":"Latitude_Longitude","numberPoints":615,"shape":6,"shapeName":"Earth spherical with radius of 6,371,229.0 m","gridUnits":"degrees","resolution":48,"winds":"true","scanMode":64,"nx":41,"ny":15,"basicAngle":0,"lo1":47.0,"la1":41.0,"lo2":87.0,"la2":55.0,"dx":1.0,"dy":1.0}, "data":
[rows 0 to 14 of 15, columns 0 to 40 of 41]
-4.0422435,-4.1022434,3.2277567,0.58775663,6.9477563,8.827756,13.117756,9.397757,4.7777567,3.7877567,5.6677566,5.6577563,5.4077563,4.7877564,4.4177566,3.4077566,3.6377566,1.6977566,2.0077567,1.2977567,2.5577567,5.0877566,1.4677566,-1.7722434,-0.8422434,-1.3822434,-1.7522434,0.58775663,2.8077567,3.5877566,-0.66224337,-2.5722435,2.5077567,-0.72224337,0.47775665,0.46775666,-0.11224335,0.47775665,-0.72224337,0.69775665,0.41775665
8.497756,2.8577566,5.6777563,2.8477566,2.9377565,5.4177566,8.577756,12.447757,10.307756,7.587756,5.627756,5.1077566,4.597757,3.7777567,3.8777566,4.387757,2.9177566,1.5177567,2.5977566,4.5877566,4.9577565,3.5677567,2.6877565,2.2877567,-1.7722434,-1.8122433,-3.1122434,0.8577567,0.8477566,1.2877567,5.4477563,5.7177563,-0.14224334,-1.1322434,-4.6222434,-2.8322434,-0.03224335,-1.9322433,-1.3922434,-0.93224335,-0.07224335
3.8277566,9.177756,6.6577563,6.067756,4.8177567,5.9477563,6.527756,8.817757,7.9077563,7.877756,8.037756,6.6477566,5.097757,5.1077566,4.6077566,4.9777565,5.1577563,4.9177566,5.7377563,4.3577566,3.1877565,1.5477567,0.80775666,1.2277566,1.9477566,3.0677567,0.7977567,0.86775666,-0.062243346,3.0677567,3.8877566,2.2277567,3.2977567,-2.3022432,-0.23224334,2.8377566,6.1777563,0.55775666,1.0377567,-1.0222434,-0.5322434
-2.8322434,3.5177567,6.7677565,6.6177564,5.2477565,6.7077565,8.347756,10.667756,9.357757,7.6977563,6.087756,6.1177564,8.207756,8.097756,4.8077564,4.6277566,4.657757,4.4677567,4.4877567,4.6077566,5.337756,3.2677567,1.2277566,2.3877566,2.0377567,1.7877567,2.1877565,-0.98224336,3.6377566,4.0177565,2.2677567,-1.2422433,-0.98224336,0.49775666,-1.1922433,-3.9122434,-2.7022433,2.3777566,3.2677567,1.7377566,1.3377566
9.757756,8.167756,7.357756,3.3977566,5.9177566,5.3477564,5.1577563,4.5177565,5.8277564,7.9977565,6.9877563,6.4577565,8.157757,7.9877563,7.0177565,4.5677567,4.8577566,4.7177567,4.7277565,4.827757,1.8477566,1.4477566,0.94775665,0.95775664,0.9077566,0.75775665,0.6077567,-0.9622433,-0.022243347,-0.5322434,-0.26224336,1.2777567,2.2177567,2.7377567,-1.5222434,-1.6222434,-0.62224334,-0.7122433,0.32775664,-0.062243346,0.14775665
8.627756,10.107757,11.207756,6.9577565,2.9977567,7.0177565,5.277756,5.097757,4.7777567,4.2777567,4.0277567,5.7077565,6.857756,7.2277565,4.4677567,4.3577566,5.0577564,5.2377563,4.5677567,3.6077566,3.1277566,3.9777567,3.5577567,1.5877566,1.2977567,0.8477566,-0.91224337,-1.8222433,-0.5222433,-1.3722434,-2.2222433,-1.1722434,-0.05224335,-1.0922433,2.3977566,11.437757,5.1477566,4.4177566,0.087756656,-1.1522434,-1.4122434
12.017756,11.967756,10.657757,9.697757,8.487757,5.6477566,5.797756,8.057756,4.867757,6.6777563,5.1077566,5.9577565,5.1777563,3.7477567,3.4377565,3.8277566,6.067756,4.117757,5.8477564,5.5177565,3.6077566,3.4377565,4.0677567,3.8277566,2.3877566,1.8077567,-1.7022433,-1.2522434,-2.5022433,-0.92224336,-1.1422434,-2.8222435,-3.9322433,-1.7322433,-1.9322433,-1.8722434,-4.0322433,-0.85224336,1.1177566,-0.5322434,2.2477567
9.427756,13.087756,10.747756,9.287756,9.567757,7.6677566,7.2377563,6.4477563,7.9277563,7.5977564,8.277757,7.1677566,5.1477566,4.5177565,3.8177567,4.407757,4.5277567,6.1477566,7.067756,7.7377563,2.8177567,3.2377567,2.7877567,5.6177564,6.027756,3.6877565,5.0877566,-0.05224335,-0.042243347,-2.3422434,-1.2622434,-1.2222433,-2.4122434,-2.4322433,0.5377567,0.26775664,-0.5822433,-0.56224334,-0.10224335,0.88775665,-1.4322433
1.8177567,6.0777564,8.247756,7.067756,6.6377563,7.3077564,6.337756,5.857756,6.0777564,8.597756,8.557756,7.127756,7.4177566,5.877756,6.1577563,4.7677565,5.6577563,6.6477566,8.367756,7.8677564,5.8877563,5.6677566,6.3677564,4.637757,6.1677566,3.9577568,1.9477566,3.2677567,3.2077568,1.9877566,2.8277566,4.1477566,2.6777565,4.2977567,5.5777564,4.2177567,-2.5822434,1.4177567,1.2277566,0.9677566,-2.9222434
2.0677567,3.0677567,3.0877566,3.9877567,4.117757,4.0177565,4.2277565,4.8177567,6.1677566,6.3977566,7.6377563,10.647757,10.157757,8.767756,7.817756,7.607756,7.2477565,7.7377563,8.017756,8.327756,7.4677563,8.627756,7.4077563,6.8877563,5.8077564,5.7377563,3.0777566,2.2777567,2.7577567,2.7577567,3.5577567,3.1777565,3.5677567,3.8677566,3.0677567,1.5377567,1.1377567,-2.8422434,-0.55224335,3.4977567,4.387757
4.1877565,4.097757,5.7677565,5.777756,5.587756,5.567756,5.3877563,4.847757,5.5977564,5.8977566,6.757756,7.3877563,9.197757,9.937757,10.887756,9.627756,9.267756,9.067757,8.9777565,9.787756,8.617756,7.5777564,7.547756,7.9877563,6.4077563,6.5977564,4.4577565,4.7677565,3.2977567,3.4377565,2.9277565,3.3277566,3.9877567,4.8977566,4.7077565,1.4577566,0.38775665,2.7877567,1.1577567,1.6477567,-0.49224335
5.0677567,5.6977563,5.8277564,5.877756,6.1377563,6.1477566,4.6677566,4.5477567,4.637757,4.617757,6.817756,7.2877564,8.367756,9.537756,9.747756,10.137756,9.767756,9.147757,9.337756,9.617756,9.707756,8.377756,7.5377564,7.5977564,7.627756,7.5377564,7.4477563,6.757756,5.9577565,3.9977567,3.3677566,3.9277565,3.5377567,3.7077568,3.7277567,1.7877567,1.6277566,3.2577567,2.8377566,2.2477567,0.8477566
4.657757,6.3977566,6.9177566,6.757756,6.257756,4.4177566,5.1577563,3.9077566,2.4677567,0.73775667,-0.042243347,4.3977566,7.9077563,8.037756,8.237757,8.217756,8.147757,7.9077563,9.387756,8.807756,9.077756,9.037756,8.817757,8.967756,8.647757,7.877756,7.0977564,5.277756,5.877756,5.0077567,5.1877565,5.0477567,4.327757,3.9877567,3.9477568,3.8877566,3.4777567,1.4577566,2.4277565,1.6477567,0.69775665
4.1077566,5.9777565,7.7077565,6.9177566,6.6377563,6.357756,5.3877563,5.2277565,2.6477566,1.8277566,0.6077567,-0.22224335,-0.25224334,1.8477566,4.3777566,4.9577565,6.357756,6.8077564,7.6477566,7.5577564,8.217756,7.7177563,7.9277563,7.6377563,6.2677565,6.9177566,6.6877565,6.8977566,6.4777565,6.2377563,5.3477564,5.1877565,5.6377563,6.087756,4.1677566,4.0177565,2.8677566,1.5877566,0.99775666,2.5077567,2.1377566
2.1577566,4.947757,6.6177564,6.7477565,7.0977564,6.6777563,5.4977565,3.2177567,2.9977567,2.8177567,0.44775665,1.0577567,1.4077567,0.86775666,4.7477565,4.327757,4.9577565,5.6477566,6.1877565,6.9277563,7.507756,7.377756,7.047756,7.3477564,7.6177564,7.1577563,7.587756,7.067756,6.797756,6.547756,6.337756,6.527756,5.6377563,5.3277564,5.4077563,5.2677565,5.3677564,4.7777567,2.7077568,4.1877565,1.0777566
