wind.json
{"header": {"discipline":0,"disciplineName":"Meteorological products","gribEdition":2,"gribLength":953,"center":7,"centerName":"US National Weather Service - NCEP(WMC)","subcenter":0,"refTime":"2023-05-29T18:00:00.000Z","significanceOfRT":1,"significanceOfRTName":"Start of forecast","productStatus":0,"productStatusName":"Operational products","productType":1,"productTypeName":"Forecast products","productDefinitionTemplate":0,"productDefinitionTemplateName":"Analysis/forecast at horizontal level/layer at a point in time","parameterCategory":0,"parameterCategoryName":"UnknownDiscipline_0_Category_0","parameterNumber":0,"parameterNumberName":"UnknownParameter_D0_C0_0","parameterUnit":"Unknown","genProcessType":2,"genProcessTypeName":"Forecast","forecastTime":240,"surface1Type":1,"surface1TypeName":"Ground or water surface","surface1Value":0.0,"surface2Type":255,"surface2TypeName":"Missing","surface2Value":0.0,"gridDefinitionTemplate":0,"gridDefinitionTemplateName":"Latitude_Longitude","numberPoints":688,"shape":6,"shapeName":"Earth spherical with radius of 6,371,229.0 m","gridUnits":"degrees","resolution":48,"winds":"true","scanMode":64,"nx":43,"ny":16,"basicAngle":0,"lo1":45.0,"la1":40.0,"lo2":87.0,"la2":55.0,"dx":1.0,"dy":1.0}, "data":
[rows 0 to 15 of 16, columns 0 to 42 of 43]
281.88458,279.6846,294.7846,295.9846,296.2846,294.0846,293.1846,292.5846,300.88458,301.9846,304.4846,301.4846,304.4846,306.2846,305.4846,305.5846,305.0846,304.5846,302.9846,303.7846,303.0846,299.4846,298.6846,299.7846,298.88458,295.7846,294.1846,286.7846,280.1846,279.2846,281.7846,294.9846,295.6846,297.6846,297.9846,297.7846,300.9846,299.1846,302.5846,301.7846,299.1846,298.0846,297.6846
288.2846,294.2846,295.4846,286.0846,288.7846,291.7846,292.2846,291.9846,296.0846,301.9846,303.6846,304.88458,303.0846,306.1846,305.38458,304.4846,303.88458,301.2846,302.6846,303.38458,302.9846,304.0846,305.6846,300.2846,297.38458,292.2846,299.6846,301.0846,293.5846,278.88458,279.5846,278.5846,278.38458,274.88458,290.5846,297.7846,300.1846,299.9846,299.7846,298.4846,299.1846,302.1846,301.1846
287.2846,283.38458,276.7846,288.1846,291.6846,291.6846,291.88458,291.4846,302.0846,304.2846,304.0846,303.0846,302.9846,302.38458,301.6846,300.9846,300.5846,300.5846,300.88458,302.38458,301.4846,305.38458,305.6846,303.4846,297.2846,289.4846,277.4846,278.4846,286.7846,278.4846,280.5846,275.2846,281.7846,271.5846,282.38458,263.9846,272.88458,295.88458,295.5846,296.1846,300.0846,292.4846,283.4846
286.2846,288.7846,291.38458,292.5846,291.7846,291.88458,291.2846,300.2846,301.88458,302.5846,302.6846,302.88458,301.6846,300.5846,297.7846,298.5846,300.38458,300.88458,298.1846,299.4846,299.6846,304.5846,306.2846,302.9846,300.2846,294.88458,295.7846,296.4846,294.5846,294.5846,294.1846,283.88458,274.1846,275.88458,282.0846,280.7846,281.6846,283.38458,278.0846,281.7846,284.2846,280.5846,279.1846
294.1846,295.7846,292.1846,294.0846,293.0846,292.0846,294.2846,301.7846,303.1846,301.88458,302.1846,302.4846,301.7846,300.6846,292.0846,292.38458,297.9846,299.9846,299.4846,298.4846,300.88458,304.0846,304.38458,299.7846,302.6846,303.5846,301.9846,303.5846,302.1846,297.38458,296.1846,296.6846,295.1846,293.1846,299.1846,294.88458,291.88458,287.88458,277.7846,279.0846,283.4846,292.6846,296.7846
294.2846,297.5846,297.1846,295.6846,295.2846,295.5846,297.0846,298.0846,300.7846,301.2846,300.4846,300.4846,299.7846,299.1846,293.1846,292.9846,290.5846,297.38458,299.2846,300.4846,300.0846,304.7846,306.1846,305.7846,305.88458,304.88458,303.7846,302.38458,301.9846,298.0846,299.5846,298.9846,300.9846,295.1846,281.88458,272.7846,286.7846,296.5846,297.0846,303.4846,303.4846,303.4846,301.9846
296.7846,299.2846,298.4846,296.1846,296.1846,295.5846,295.4846,295.5846,296.7846,301.1846,298.9846,298.6846,299.9846,300.1846,293.1846,292.2846,293.9846,297.1846,301.38458,301.4846,301.5846,303.5846,302.1846,301.9846,302.4846,303.2846,303.4846,299.0846,298.88458,290.38458,302.88458,302.9846,298.7846,300.1846,293.5846,293.38458,292.1846,290.4846,287.0846,290.4846,298.7846,299.6846,301.4846
294.7846,296.38458,296.5846,298.2846,300.2846,300.0846,297.4846,296.1846,298.0846,297.88458,298.2846,299.6846,298.0846,297.5846,298.5846,299.88458,300.1846,301.88458,300.1846,301.38458,300.7846,300.0846,299.6846,301.38458,302.88458,303.2846,299.7846,300.9846,296.7846,301.0846,298.4846,300.7846,299.6846,298.4846,297.2846,295.2846,294.6846,291.4846,288.5846,285.2846,282.88458,283.1846,296.1846
291.6846,291.9846,295.1846,296.88458,299.7846,301.0846,299.2846,298.38458,297.9846,296.4846,294.1846,295.0846,294.5846,294.38458,294.4846,297.6846,299.2846,299.9846,301.9846,300.9846,300.1846,297.7846,297.7846,298.7846,298.6846,299.5846,298.4846,293.1846,297.38458,298.4846,293.1846,297.1846,293.7846,294.6846,292.4846,288.0846,284.5846,292.0846,294.0846,287.88458,293.0846,294.6846,289.4846
287.9846,290.7846,290.7846,292.5846,295.0846,296.7846,299.2846,295.0846,295.2846,293.6846,293.1846,292.6846,292.0846,291.4846,291.1846,294.0846,295.7846,297.6846,298.38458,297.7846,297.7846,297.0846,295.4846,297.1846,294.4846,295.1846,296.6846,293.38458,292.6846,293.7846,289.38458,287.5846,290.2846,289.6846,288.2846,288.4846,288.6846,288.1846,289.2846,286.88458,276.2846,279.7846,277.2846
286.6846,286.9846,287.7846,288.1846,290.6846,291.7846,295.4846,289.9846,289.9846,290.88458,291.0846,290.1846,290.0846,289.38458,290.38458,292.38458,294.4846,296.0846,294.7846,295.0846,294.7846,296.38458,296.0846,296.1846,294.9846,295.7846,297.1846,293.2846,292.7846,292.1846,290.7846,292.38458,291.6846,292.38458,291.88458,290.88458,287.6846,289.9846,286.9846,283.0846,280.5846,278.38458,280.0846
283.9846,286.2846,286.5846,286.6846,286.2846,288.1846,288.88458,289.0846,288.1846,287.1846,287.7846,288.2846,288.6846,288.38458,291.5846,290.88458,291.4846,292.9846,293.5846,293.88458,293.9846,295.7846,297.5846,295.6846,294.5846,296.4846,292.88458,294.38458,291.2846,293.5846,293.9846,295.4846,293.9846,292.1846,292.6846,292.4846,290.0846,286.88458,286.9846,284.38458,283.4846,284.38458,282.5846
280.4846,280.0846,282.7846,287.2846,286.1846,285.5846,286.0846,286.88458,286.5846,286.38458,287.0846,286.88458,285.38458,287.5846,290.4846,292.0846,292.38458,293.7846,293.9846,294.38458,294.1846,296.4846,295.1846,293.4846,292.6846,295.2846,292.2846,293.2846,292.6846,293.7846,294.5846,295.0846,291.5846,290.9846,291.5846,288.1846,288.9846,287.4846,286.9846,286.2846,287.2846,287.7846,288.4846
279.7846,279.4846,279.9846,280.9846,286.5846,285.0846,285.5846,285.5846,284.9846,284.88458,284.38458,285.0846,284.7846,283.6846,288.4846,289.6846,291.7846,291.6846,293.0846,295.4846,295.6846,293.2846,293.0846,290.9846,291.1846,291.88458,292.6846,294.2846,295.88458,294.7846,294.6846,293.0846,292.0846,291.88458,289.1846,288.38458,287.2846,287.6846,287.1846,287.7846,286.4846,285.1846,286.2846
279.7846,279.6846,279.4846,280.2846,284.2846,285.2846,282.7846,282.9846,282.6846,283.7846,284.7846,285.5846,287.1846,282.5846,286.2846,287.9846,290.2846,290.4846,291.4846,292.4846,293.6846,292.88458,291.6846,292.6846,294.7846,292.88458,293.2846,294.0846,295.38458,294.9846,293.1846,291.9846,290.88458,289.4846,288.6846,287.7846,286.7846,285.88458,286.6846,286.2846,286.6846,286.2846,283.7846
279.9846,279.6846,279.6846,282.5846,285.7846,283.0846,282.38458,280.88458,282.2846,281.6846,284.38458,284.7846,285.6846,283.0846,283.6846,286.9846,288.2846,288.88458,289.6846,290.4846,292.4846,291.5846,291.5846,293.88458,292.1846,290.9846,291.6846,290.88458,292.38458,293.88458,290.6846,291.4846,288.5846,286.88458,288.7846,287.5846,286.7846,286.4846,286.5846,284.6846,285.1846,285.38458,287.9846
