wind_kz.json
{"header": {"discipline":0,"disciplineName":"Meteorological products","gribEdition":2,"gribLength":1025,"center":7,"centerName":"US National Weather Service - NCEP(WMC)","subcenter":0,"refTime":"2023-10-01T18:00:00.000Z","significanceOfRT":1,"significanceOfRTName":"Start of forecast","productStatus":0,"productStatusName":"Operational products","productType":1,"productTypeName":"Forecast products","productDefinitionTemplate":0,"productDefinitionTemplateName":"Analysis/forecast at horizontal level/layer at a point in time","parameterCategory":2,"parameterCategoryName":"UnknownDiscipline_0_Category_2","parameterNumber":2,"parameterNumberName":"UnknownParameter_D0_C2_2","parameterUnit":"Unknown","genProcessType":2,"genProcessTypeName":"Forecast","forecastTime":120,"surface1Type":103,"surface1TypeName":"Specified height level above ground","surface1Value":10.0,"surface2Type":255,"surface2TypeName":"Missing","surface2Value":0.0,"gridDefinitionTemplate":0,"gridDefinitionTemplateName":"Latitude_Longitude","numberPoints":615,"shape":6,"shapeName":"Earth spherical with radius of 6,371,229.0 m","gridUnits":"degrees","resolution":48,"winds":"true","scanMode":64,"nx":41,"ny":15,"basicAngle":0,"lo1":47.0,"la1":41.0,"lo2":87.0,"la2":55.0,"dx":1.0,"dy":1.0}, "data":
[rows 0 to 14 of 15, columns 0 to 40 of 41]
-1.3220459,0.1479541,2.017954,-0.9320459,-1.1320459,-0.0420459,1.6379541,2.6679542,-2.192046,-2.432046,-2.902046,-3.122046,-2.192046,-2.0620458,-3.5520458,-3.432046,-2.152046,0.057954103,-1.662046,0.2179541,-2.902046,-0.8520459,0.0779541,0.2579541,-0.5220459,-1.5820459,-2.5620458,0.8779541,0.7979541,0.037954103,-1.5820459,1.4779541,0.037954103,-0.1120459,-1.3920459,0.0479541,-1.7320459,-2.3220458,-2.2720459,-0.7720459,-1.052046
1.8179541,2.027954,-7.9020457,-4.6720457,-1.802046,0.4979541,0.6179541,-3.3020458,-2.8420458,2.2579541,1.0679541,-2.0920458,-2.382046,-0.2320459,-3.392046,-2.5720458,-1.1120459,0.4379541,0.2879541,-1.1820459,0.2679541,0.8879541,-0.0720459,0.0779541,1.4179541,-0.0120458985,-1.0220459,1.6179541,0.4779541,-1.7520459,0.0979541,-0.3920459,0.3179541,-2.4920459,0.087954104,1.457954,0.6179541,0.17795411,-0.052045897,0.5979541,-4.092046
-0.0720459,-3.9920459,-4.852046,-3.692046,-0.8220459,1.1379541,2.397954,-1.7220459,-1.6020459,-4.252046,-3.622046,-3.132046,-2.942046,-3.462046,-3.172046,-2.3220458,-0.8120459,1.1279541,1.9779541,-0.0820459,-2.162046,-0.2320459,-0.1120459,2.2079542,-1.7520459,-0.0020458985,1.4279541,1.9679542,1.8679541,0.0979541,-0.8320459,0.8479541,-0.0620459,0.0779541,0.9079541,-1.3420459,0.4179541,-0.18204589,1.5279541,-0.1920459,1.4179541
-2.0820458,-1.2420459,-1.162046,-0.6820459,1.2579541,1.6279541,-2.2420459,-0.052045897,0.2479541,-2.682046,-3.392046,-3.602046,-3.0420458,-2.452046,-1.9620459,-0.1520459,1.4079541,2.617954,3.017954,0.8879541,-1.542046,1.1279541,0.4879541,3.9079542,2.587954,5.067954,6.3079543,5.427954,8.907954,8.187954,7.757954,2.597954,3.297954,1.7879541,-1.1920459,-2.102046,-1.302046,1.947954,0.2579541,0.38795412,-0.3720459
-0.1620459,-0.3520459,0.4579541,1.1879541,2.4579542,0.9479541,0.0979541,0.037954103,-2.5220459,-1.6920459,-0.8620459,-0.4520459,0.5679541,1.5279541,1.2179542,2.817954,3.2379541,2.347954,2.0079541,1.1179541,2.2079542,6.167954,5.0379543,4.937954,5.487954,5.797954,5.8279543,9.007954,7.3479543,7.637954,-0.8220459,-0.2620459,-1.7820458,1.1879541,0.4479541,0.7379541,-1.302046,-2.2520459,-2.7520459,-2.922046,-2.652046
-2.172046,0.7879541,2.6879542,2.6579542,3.287954,3.6979542,2.587954,2.127954,1.1079541,1.4379541,1.4879541,-1.412046,2.7179542,3.4379542,4.267954,4.407954,4.127954,2.767954,3.1579542,2.9679542,3.1579542,6.017954,5.017954,5.587954,5.937954,5.437954,5.907954,8.497954,6.437954,-0.8920459,-0.1020459,1.2579541,0.9079541,1.4779541,0.5679541,-5.312046,0.3479541,-2.132046,0.027954102,-2.382046,-1.9820459
-0.1420459,2.017954,0.9679541,1.2679541,2.4079542,2.2079542,2.9679542,2.6679542,3.2279541,2.297954,3.367954,0.8279541,1.1479541,2.367954,3.4079542,0.6979541,1.5479541,2.627954,2.7479541,5.137954,5.227954,1.5479541,4.727954,4.917954,5.0579543,5.3479543,5.087954,3.807954,1.2779541,0.5979541,1.827954,0.9679541,0.1079541,-3.122046,-4.592046,-3.222046,-0.1720459,2.387954,-2.432046,1.9379541,1.1179541
2.797954,3.0079541,2.517954,0.117954105,0.3679541,1.707954,0.7379541,-0.032045897,2.2079542,4.337954,2.377954,2.277954,2.1679542,2.837954,2.4479542,1.1779541,2.0079541,2.4679542,2.777954,3.4679542,3.367954,2.7479541,-1.7020459,0.8379541,1.587954,1.1479541,-1.4420459,-2.192046,-1.0720459,-0.5320459,0.3779541,-0.8620459,-2.9920459,-0.8620459,-2.352046,-1.422046,-2.0620458,-4.022046,-3.9920459,-3.942046,-2.2920458
2.337954,3.107954,4.147954,1.6279541,1.197954,1.3879541,1.6079541,2.1879542,1.5179541,1.4879541,1.837954,2.057954,2.4379542,2.1579542,2.7579541,2.037954,2.307954,2.537954,3.1579542,2.807954,0.7979541,0.5679541,2.1679542,-0.5520459,-1.2220459,0.4779541,0.6279541,0.6379541,1.3979541,-1.8520459,1.577954,-0.0220459,0.7879541,-1.0620459,-0.9220459,-2.132046,-0.6220459,-2.132046,-1.5120459,0.3979541,-2.0520458
0.99795413,0.3379541,0.8779541,1.2979541,2.0079541,1.087954,1.337954,2.2479541,2.627954,1.5579541,-0.1120459,-0.052045897,0.4279541,3.4579542,3.6579542,2.4479542,1.8179541,1.8779541,1.1079541,1.087954,1.3779541,1.8079541,2.047954,0.4479541,1.1479541,2.397954,1.7879541,0.1979541,0.3679541,-0.3320459,-0.50204587,-0.3420459,-1.7320459,-1.7420459,-1.3920459,-1.5920459,-2.2820458,-0.1920459,-1.4720459,0.1979541,-1.4420459
1.5679541,1.3079541,1.3579541,1.5379541,1.3479542,1.0679541,1.7979541,2.7279541,2.527954,1.827954,1.9279541,2.017954,2.867954,2.867954,3.1579542,2.337954,2.6679542,2.547954,0.8979541,0.7679541,1.947954,1.2379541,5.0579543,3.4579542,1.7379541,-0.2420459,0.3479541,1.2279541,1.8679541,-0.3220459,-0.8420459,-1.3520459,-2.372046,-1.4720459,-1.4720459,-1.7220459,-1.542046,0.4479541,-1.0920459,1.087954,-1.3520459
1.6679541,1.337954,1.8479542,1.2279541,1.327954,1.5279541,1.327954,2.2379541,2.7279541,0.9679541,-0.1120459,1.5679541,2.607954,1.197954,2.6579542,3.6579542,2.7279541,2.6579542,1.7779541,2.517954,2.4279542,2.2279541,5.687954,3.337954,1.7879541,1.577954,0.9279541,2.4279542,-0.2120459,-1.7420459,-1.3820459,-1.4320459,-1.7620459,-2.7420459,-2.0020459,-1.8720459,-1.0920459,-0.3820459,0.1979541,-0.3720459,-0.6020459
4.0779543,2.127954,2.587954,1.2979541,1.1379541,-0.5120459,0.1279541,1.7479541,2.9679542,1.7779541,0.4579541,1.197954,1.4079541,2.517954,3.2479541,3.4479542,2.397954,2.357954,2.017954,3.017954,2.637954,2.037954,2.2379541,2.6779542,2.9179542,0.74795413,1.6179541,-0.7820459,-0.3320459,-0.8220459,-1.1120459,-1.4420459,-1.7120459,-1.7420459,-1.6020459,-1.9620459,-1.7220459,-1.3320459,-2.5320458,-1.5120459,-1.0720459
4.8479543,5.157954,3.0079541,3.787954,2.617954,1.0579541,-0.3320459,1.4979541,1.5279541,2.1879542,0.0479541,0.1379541,1.6779541,2.7379541,3.337954,1.7579541,1.8979541,2.647954,1.9979541,2.9279542,3.9579542,2.4279542,2.517954,2.9579542,3.267954,2.087954,1.457954,1.6379541,-0.18204589,0.0979541,-0.9320459,-1.292046,-0.9920459,-1.0620459,-0.4520459,-0.9420459,-1.5220459,-1.2120459,-1.292046,-0.6920459,-0.8520459
2.7279541,3.9479542,5.247954,5.107954,3.017954,2.1579542,1.3779541,2.9679542,1.3479542,1.7979541,0.3579541,0.3979541,0.3579541,1.2379541,2.6579542,2.9379542,2.9579542,3.0079541,2.1879542,3.067954,3.9779541,3.9379542,4.587954,4.0979543,4.357954,1.5079541,1.1179541,0.8179541,0.4279541,-0.0120458985,-0.5120459,-1.2720459,-0.5920459,-0.2120459,0.117954105,0.3279541,-0.4720459,0.0779541,-0.1120459,-0.4120459,-1.0220459
