wind_kz.json
{"header": {"discipline":0,"disciplineName":"Meteorological products","gribEdition":2,"gribLength":948,"center":7,"centerName":"US National Weather Service - NCEP(WMC)","subcenter":0,"refTime":"2023-08-20T18:00:00.000Z","significanceOfRT":1,"significanceOfRTName":"Start of forecast","productStatus":0,"productStatusName":"Operational products","productType":1,"productTypeName":"Forecast products","productDefinitionTemplate":0,"productDefinitionTemplateName":"Analysis/forecast at horizontal level/layer at a point in time","parameterCategory":0,"parameterCategoryName":"UnknownDiscipline_0_Category_0","parameterNumber":0,"parameterNumberName":"UnknownParameter_D0_C0_0","parameterUnit":"Unknown","genProcessType":2,"genProcessTypeName":"Forecast","forecastTime":300,"surface1Type":1,"surface1TypeName":"Ground or water surface","surface1Value":0.0,"surface2Type":255,"surface2TypeName":"Missing","surface2Value":0.0,"gridDefinitionTemplate":0,"gridDefinitionTemplateName":"Latitude_Longitude","numberPoints":615,"shape":6,"shapeName":"Earth spherical with radius of 6,371,229.0 m","gridUnits":"degrees","resolution":48,"winds":"true","scanMode":64,"nx":41,"ny":15,"basicAngle":0,"lo1":47.0,"la1":41.0,"lo2":87.0,"la2":55.0,"dx":1.0,"dy":1.0}, "data":
[rows 0 to 14 of 15, columns 0 to 40 of 41]
311.79254,299.79254,307.69257,298.99255,298.49255,297.49255,312.79254,322.59256,319.89255,323.99255,322.39255,322.99255,321.29254,321.29254,321.79254,324.09256,323.49255,322.19257,327.59256,325.49255,327.19257,322.49255,318.99255,318.69257,320.79254,319.69257,317.19257,307.59256,303.59256,300.89255,301.09256,297.79254,312.79254,322.99255,327.39255,324.09256,326.89255,325.29254,316.89255,325.89255,322.89255
290.29254,306.79254,299.09256,298.79254,298.39255,297.09256,317.99255,313.89255,312.69257,315.99255,319.79254,319.79254,322.69257,321.79254,323.29254,324.99255,321.79254,326.19257,323.89255,325.69257,329.09256,323.49255,320.99255,311.59256,303.99255,301.79254,312.49255,310.39255,306.19257,295.19257,301.59256,297.49255,303.19257,273.39255,298.39255,316.39255,317.79254,318.49255,325.49255,314.89255,287.09256
308.79254,298.59256,299.19257,299.09256,297.29254,311.39255,311.09256,312.89255,311.39255,310.69257,311.39255,314.29254,316.99255,318.89255,315.89255,317.99255,323.49255,323.39255,323.89255,324.59256,329.79254,324.89255,329.19257,323.09256,321.39255,321.89255,322.69257,317.89255,317.79254,306.29254,298.49255,302.09256,309.69257,309.39255,307.99255,305.89255,300.59256,297.29254,304.69257,297.89255,295.09256
311.49255,299.39255,299.09256,298.19257,300.79254,311.99255,311.79254,313.29254,315.99255,311.49255,311.39255,312.89255,295.29254,294.59256,316.49255,313.59256,312.99255,314.29254,321.29254,324.89255,323.59256,322.99255,318.09256,319.29254,322.99255,322.69257,322.79254,315.99255,315.59256,316.89255,315.79254,314.59256,318.39255,322.09256,318.49255,315.29254,301.59256,293.39255,302.69257,317.19257,318.99255
313.99255,298.89255,299.29254,298.59256,305.79254,313.59256,313.69257,318.39255,316.89255,314.79254,315.99255,314.69257,294.99255,293.79254,291.69257,311.79254,313.89255,316.29254,318.59256,318.39255,319.69257,320.49255,319.49255,317.79254,318.59256,319.99255,318.49255,312.39255,319.39255,315.59256,316.69257,317.39255,305.39255,300.09256,307.19257,315.79254,315.39255,323.49255,327.89255,322.69257,324.59256
311.49255,311.69257,297.19257,297.49255,298.19257,297.69257,314.39255,312.29254,314.19257,316.19257,315.99255,316.69257,297.69257,294.69257,302.69257,310.19257,311.29254,314.39255,314.29254,317.99255,318.99255,319.19257,319.69257,317.49255,317.19257,314.09256,314.89255,293.09256,315.99255,315.49255,314.39255,314.59256,321.29254,317.59256,312.69257,312.59256,310.79254,307.99255,322.29254,323.49255,320.69257
307.89255,310.79254,312.49255,311.89255,307.39255,311.79254,316.39255,315.29254,313.79254,312.59256,314.79254,315.79254,314.59256,312.79254,311.99255,308.99255,311.99255,311.49255,311.99255,315.59256,316.19257,316.89255,317.09256,316.89255,311.79254,312.19257,313.69257,315.29254,316.49255,317.69257,317.09256,316.19257,318.29254,315.39255,314.89255,316.29254,310.49255,306.09256,306.49255,300.79254,315.09256
306.39255,308.49255,311.09256,310.99255,310.89255,311.49255,315.69257,314.29254,312.69257,312.39255,313.59256,312.19257,312.79254,309.29254,310.59256,311.79254,312.19257,310.69257,314.29254,314.59256,313.99255,315.09256,314.39255,313.79254,312.89255,309.59256,309.59256,312.79254,311.29254,314.39255,312.29254,313.69257,314.09256,311.09256,312.39255,313.19257,316.09256,289.99255,316.79254,316.69257,313.09256
307.49255,303.99255,308.09256,308.89255,306.69257,306.99255,308.69257,307.79254,307.89255,308.29254,308.79254,308.39255,307.79254,308.69257,307.39255,311.19257,309.19257,310.69257,311.19257,313.59256,311.99255,310.49255,309.89255,310.69257,310.29254,310.19257,307.29254,306.39255,307.89255,306.99255,307.99255,307.69257,309.19257,310.19257,310.29254,311.39255,307.99255,306.59256,303.09256,297.89255,299.79254
304.49255,302.09256,303.19257,302.59256,302.29254,303.79254,304.49255,302.99255,304.29254,303.79254,303.79254,303.69257,305.99255,305.99255,304.69257,303.69257,305.59256,307.59256,308.09256,311.09256,310.09256,310.99255,308.29254,310.09256,309.89255,308.99255,308.19257,308.19257,308.39255,309.39255,310.39255,311.99255,310.79254,309.69257,308.09256,303.19257,301.69257,298.49255,300.99255,299.29254,300.79254
298.99255,299.19257,298.59256,297.99255,297.19257,297.49255,297.89255,299.09256,298.29254,299.19257,299.99255,300.29254,302.99255,301.99255,302.49255,304.19257,304.59256,304.29254,307.49255,305.59256,308.49255,309.19257,309.19257,308.89255,307.29254,308.49255,306.89255,309.79254,310.49255,311.59256,312.89255,313.89255,308.89255,306.89255,308.39255,305.09256,298.39255,297.19257,301.59256,297.49255,294.69257
290.39255,297.59256,295.09256,294.49255,293.49255,292.99255,291.79254,292.39255,293.49255,294.59256,293.29254,295.19257,297.69257,297.69257,298.59256,300.59256,301.59256,301.89255,302.89255,301.89255,302.49255,305.19257,307.39255,309.99255,306.19257,307.19257,307.79254,310.19257,311.29254,312.39255,310.39255,309.29254,305.69257,304.29254,301.79254,302.79254,301.49255,299.69257,298.09256,296.89255,296.39255
289.99255,291.49255,289.89255,291.29254,288.19257,285.19257,285.19257,284.89255,284.09256,284.99255,284.29254,288.09256,296.39255,295.49255,296.29254,297.29254,297.89255,297.69257,298.99255,298.19257,300.39255,301.89255,305.49255,306.19257,309.09256,309.69257,309.99255,307.69257,308.69257,308.19257,306.49255,297.49255,297.19257,304.29254,303.19257,298.79254,295.59256,295.89255,296.19257,294.69257,292.39255
282.89255,285.59256,290.09256,287.69257,283.89255,282.19257,282.49255,283.09256,285.09256,283.49255,281.59256,283.09256,293.19257,293.99255,295.59256,295.49255,295.49255,295.79254,296.89255,297.69257,300.09256,302.99255,303.89255,304.29254,308.09256,307.39255,303.79254,301.49255,301.19257,299.39255,297.59256,293.39255,295.99255,291.89255,295.79254,288.19257,288.69257,293.09256,292.89255,288.39255,288.49255
284.89255,286.59256,290.09256,285.99255,281.59256,280.09256,280.49255,281.29254,283.89255,284.89255,284.99255,285.19257,285.49255,285.69257,287.69257,292.99255,289.79254,290.99255,298.69257,297.39255,298.09256,297.99255,301.99255,301.79254,303.59256,303.79254,301.39255,299.79254,298.29254,293.99255,290.89255,285.69257,286.19257,288.49255,288.69257,288.69257,290.99255,284.89255,284.99255,287.79254,287.39255
