wind_kz.json
{"header": {"discipline":0,"disciplineName":"Meteorological products","gribEdition":2,"gribLength":1025,"center":7,"centerName":"US National Weather Service - NCEP(WMC)","subcenter":0,"refTime":"2023-10-03T06:00:00.000Z","significanceOfRT":1,"significanceOfRTName":"Start of forecast","productStatus":0,"productStatusName":"Operational products","productType":1,"productTypeName":"Forecast products","productDefinitionTemplate":0,"productDefinitionTemplateName":"Analysis/forecast at horizontal level/layer at a point in time","parameterCategory":2,"parameterCategoryName":"UnknownDiscipline_0_Category_2","parameterNumber":3,"parameterNumberName":"UnknownParameter_D0_C2_3","parameterUnit":"Unknown","genProcessType":2,"genProcessTypeName":"Forecast","forecastTime":120,"surface1Type":103,"surface1TypeName":"Specified height level above ground","surface1Value":10.0,"surface2Type":255,"surface2TypeName":"Missing","surface2Value":0.0,"gridDefinitionTemplate":0,"gridDefinitionTemplateName":"Latitude_Longitude","numberPoints":615,"shape":6,"shapeName":"Earth spherical with radius of 6,371,229.0 m","gridUnits":"degrees","resolution":48,"winds":"true","scanMode":64,"nx":41,"ny":15,"basicAngle":0,"lo1":47.0,"la1":41.0,"lo2":87.0,"la2":55.0,"dx":1.0,"dy":1.0}, "data":
[rows 0 to 14 of 15, columns 0 to 40 of 41]
3.6975536,1.0775537,-0.7324463,-4.9324465,-5.732446,-6.7624464,-5.252446,-4.7824464,-2.0924463,-0.84244627,-1.7024463,-2.7224462,-2.6124463,-0.8024463,-0.5224463,1.3475537,1.3675537,0.5775537,0.15755372,1.2975537,0.2875537,-1.1924462,-0.90244627,1.1175537,1.8175538,1.3475537,0.8675537,-0.0024462892,0.4575537,4.437554,2.1675537,2.2675538,0.7675537,0.6875537,2.1475537,0.44755372,-0.5824463,-1.7724463,3.0675538,2.0075538,1.4875537
3.5575538,1.5375537,-2.3724463,-4.6724463,-6.542446,-7.2224464,-6.122446,-5.4024463,-4.562446,-3.5924463,-2.8924463,-3.1724463,-3.3924463,-0.5824463,1.0575538,0.5075537,2.8475537,1.8175538,2.6875536,0.65755373,-1.2424463,-1.6624463,-1.7424463,0.6375537,3.0775537,3.1875536,3.0775537,2.0075538,0.9575537,2.3475537,0.1375537,3.8375537,1.9675537,2.1675537,2.3675537,2.4875536,0.6475537,1.7275537,1.8075538,1.7975537,0.3075537
1.5175537,0.5175537,-2.0124464,-3.0024462,-4.5124464,-5.4324465,-5.6324463,-6.692446,-5.8824463,-5.3924465,-5.8424463,-4.1524463,-4.442446,-2.1424463,0.32755372,0.48755372,3.0975537,3.4975538,3.3375537,0.14755371,-1.5024463,0.9375537,0.2875537,0.83755374,-1.3024462,-1.5824463,-1.6724463,-1.3924463,-0.9524463,-1.9524463,0.38755372,2.2275536,-0.2824463,1.9175537,0.32755372,-2.0024462,1.2175537,3.0175538,-0.8024463,3.5975537,2.3675537
1.7675537,1.0375537,-0.6224463,-0.6124463,-2.0224464,-4.9524465,-5.7024465,-5.352446,-5.7624464,-6.062446,-6.292446,-6.0324464,-4.4524465,-2.1324463,0.5175537,1.1975538,2.6375537,3.5775537,1.8975537,0.2475537,-1.9524463,0.14755371,-0.8324463,-0.27244627,0.07755371,-1.1924462,-2.0624464,-1.8124462,0.52755374,-1.1424463,1.1875538,1.0275537,0.7375537,0.14755371,0.6375537,2.2275536,2.8575537,1.9775537,-3.1524463,-2.4924462,-1.7424463
1.6375537,1.8175538,0.7475537,0.16755371,-2.6524463,-3.4024463,-3.0824463,-4.9224463,-5.4024463,-4.1424465,-3.5724463,-4.9224463,-7.812446,-0.3524463,0.41755372,1.4275537,3.7875538,3.8775537,3.7775538,1.7675537,0.09755371,-0.42244628,-0.4024463,-0.15244628,0.4275537,-0.18244629,0.3675537,0.3175537,1.5475537,-0.1424463,-1.6924462,-2.1424463,-1.0224463,0.15755372,0.48755372,1.4675537,2.7775538,-0.3224463,-0.9324463,-1.3124462,-1.8824463
3.9275537,2.3675537,1.8075538,0.19755371,-0.3424463,-2.6724463,-3.5324464,-4.3224463,-5.732446,-5.1724463,-4.0124464,-2.1824462,-4.9924464,-5.6724463,3.3375537,2.3175538,2.3275537,3.5275538,3.6675537,2.3575537,1.1975538,0.2475537,-0.6824463,1.4575537,2.2375536,0.6375537,2.5475538,1.0275537,0.9275537,-0.24244629,-0.5724463,-1.3724463,-1.2624463,-1.0324463,-2.5424464,2.2675538,-2.1924462,5.0275536,0.5575537,0.4975537,0.12755372
4.917554,4.287554,3.4775536,2.3075538,1.5375537,0.11755371,-0.84244627,-3.2724464,-4.6624465,-5.292446,-5.6724463,-3.5124464,-1.1024463,-4.812446,1.1775537,4.307554,3.2375536,2.8275537,3.6675537,2.0475538,1.8175538,0.59755373,0.8075537,4.167554,4.267554,3.2275536,3.7575538,2.6675537,0.7375537,2.1175537,1.1175537,-0.13244629,-2.0924463,2.0975537,1.5875537,2.5075538,2.3275537,3.2275536,0.6375537,2.0575538,0.6275537
5.6575537,5.6775537,3.8675537,3.5775537,1.9475538,0.8775537,0.47755373,-0.9824463,-3.1224463,-4.5124464,-4.8024464,-5.2024465,-2.4024463,-0.8824463,-3.7324462,2.3675537,3.7975538,3.2975538,3.0575538,4.307554,2.4575536,1.5975537,3.4075537,5.3575535,4.917554,4.557554,5.267554,4.4275537,2.9775536,1.9575537,1.8075538,0.22755371,1.1175537,-0.90244627,0.23755372,-0.4024463,-1.4924463,0.9775537,-0.4924463,0.8275537,1.9675537
7.2575536,5.707554,3.9875536,3.5775537,2.1875536,1.4975537,0.8675537,0.3175537,-0.4124463,-3.0324464,-3.9524462,-4.2824464,-3.8424463,0.7575537,-0.6724463,-0.90244627,4.0475535,4.227554,4.937554,3.6475537,2.6875536,3.4775536,5.3275537,5.147554,3.9475536,3.6375537,4.017554,5.0675535,4.877554,4.3575535,3.4675536,2.1075537,1.5975537,0.26755372,-0.06244629,2.2375536,1.9375538,-0.05244629,1.9075537,2.2075536,1.8375537
7.647554,5.727554,5.3575535,3.9775536,3.1375537,2.3875537,1.7575537,1.2475537,0.41755372,-0.3524463,-2.2324462,-2.8424463,-3.1324463,-2.5524464,1.0675538,-0.8124463,0.7275537,4.7175536,4.9475536,3.7375536,2.8075538,3.9375536,5.6575537,4.5975537,3.6675537,3.9975538,3.0475538,3.3675537,3.1175537,2.6475537,2.4875536,1.8975537,1.9475538,0.7975537,0.6075537,0.7575537,1.2875537,1.0175537,1.8875537,1.2975537,2.1475537
8.047554,7.0475535,6.4075537,4.5675535,3.6975536,3.0275538,2.4675536,2.2875538,0.9275537,0.47755373,0.44755372,-1.1524463,-1.9124463,-2.0424464,0.07755371,1.7275537,-1.6524463,3.7875538,5.667554,5.437554,4.1075535,4.767554,5.247554,5.017554,4.1175537,3.8075538,4.1775537,3.4875536,2.8175538,3.0575538,2.1875536,2.1075537,2.2575538,1.9375538,1.2575537,1.9075537,2.6775537,2.1675537,2.5175538,1.3875537,0.7375537
7.287554,7.0475535,6.6175537,5.6975536,4.497554,3.2075536,2.1275537,2.7575538,1.2675537,2.3875537,1.8275537,0.6675537,-0.9624463,-0.8824463,-0.18244629,-0.4424463,2.9875536,-0.5724463,6.5775537,6.8175535,5.9475536,5.5875535,5.187554,5.037554,4.8275537,3.9775536,3.2575538,3.0275538,3.1975536,2.4875536,2.3075538,2.1575537,1.9175537,2.0875537,0.6475537,2.4275537,1.3475537,0.41755372,-0.5524463,0.07755371,-0.36244628
7.3375535,7.7975535,6.7775536,5.727554,4.5775537,2.8775537,3.1075537,2.7775538,3.4475536,2.8475537,1.8275537,1.0175537,0.35755372,-0.5724463,0.04755371,2.3075538,2.9975538,2.9075537,5.747554,7.557554,7.4275537,6.9075537,6.267554,6.4675536,5.457554,4.5475535,3.7675538,3.6575537,4.247554,3.0775537,2.5275538,2.2475538,1.6675537,0.8875537,1.6375537,1.1875538,1.9075537,2.2875538,2.0275538,1.6375537,0.09755371
8.577554,8.237554,8.477553,6.3375535,5.557554,4.0975537,4.9875536,4.267554,3.5175538,3.9975538,2.8575537,1.5575538,1.3575537,0.9275537,0.23755372,2.2175536,3.3075538,3.3975537,-1.0824463,6.747554,8.037554,7.7975535,7.247554,6.4475536,5.8675537,5.0475535,4.747554,5.0075536,4.5275536,3.9175537,2.9275537,2.4675536,2.3175538,1.7175537,1.6575537,2.0075538,1.8175538,1.7475537,2.5375538,1.8975537,2.1375537
5.8675537,8.1075535,9.527554,7.0675535,5.6175537,4.5075536,4.4475536,4.6375537,4.5075536,4.287554,3.4575536,4.3875537,2.1775537,0.4675537,0.20755371,3.3475537,3.4175537,2.8875537,2.2875538,3.7875538,7.147554,8.097553,7.6175537,7.0475535,6.4875536,5.8375535,5.4275537,5.647554,4.187554,4.187554,3.4475536,2.5875537,2.2675538,2.2375536,1.9875537,1.9675537,2.0175538,1.3875537,1.1375537,2.3675537,1.8275537
