wind_kz.json
{"header": {"discipline":0,"disciplineName":"Meteorological products","gribEdition":2,"gribLength":1025,"center":7,"centerName":"US National Weather Service - NCEP(WMC)","subcenter":0,"refTime":"2023-09-22T06:00:00.000Z","significanceOfRT":1,"significanceOfRTName":"Start of forecast","productStatus":0,"productStatusName":"Operational products","productType":1,"productTypeName":"Forecast products","productDefinitionTemplate":0,"productDefinitionTemplateName":"Analysis/forecast at horizontal level/layer at a point in time","parameterCategory":2,"parameterCategoryName":"UnknownDiscipline_0_Category_2","parameterNumber":3,"parameterNumberName":"UnknownParameter_D0_C2_3","parameterUnit":"Unknown","genProcessType":2,"genProcessTypeName":"Forecast","forecastTime":180,"surface1Type":103,"surface1TypeName":"Specified height level above ground","surface1Value":10.0,"surface2Type":255,"surface2TypeName":"Missing","surface2Value":0.0,"gridDefinitionTemplate":0,"gridDefinitionTemplateName":"Latitude_Longitude","numberPoints":615,"shape":6,"shapeName":"Earth spherical with radius of 6,371,229.0 m","gridUnits":"degrees","resolution":48,"winds":"true","scanMode":64,"nx":41,"ny":15,"basicAngle":0,"lo1":47.0,"la1":41.0,"lo2":87.0,"la2":55.0,"dx":1.0,"dy":1.0}, "data":
[rows 0 to 14 of 15, columns 0 to 40 of 41]
-1.292295,-1.692295,2.8177052,5.267705,2.217705,-2.7022948,-4.242295,-3.7222948,-1.8422949,-0.9422949,-2.752295,-0.3922949,-2.752295,-4.5522947,-2.512295,-3.312295,-4.332295,-3.252295,-2.642295,-0.90229493,-0.43229493,-3.292295,-0.84229493,-0.08229492,-1.4722949,0.6377051,-0.77229494,1.5177051,2.387705,3.117705,1.557705,1.3477051,-0.70229495,-1.292295,1.2377051,-0.77229494,-1.082295,-0.8822949,-1.792295,-0.58229494,2.657705
1.0977051,0.7477051,2.0277052,2.8277051,0.21770507,-3.252295,-3.7222948,-2.9122949,-1.332295,-1.6022949,-2.102295,-1.942295,-2.142295,-2.9022949,-3.9222949,-4.562295,-2.532295,-4.2822948,-5.5322948,-4.252295,-1.1022949,0.13770507,1.4677051,0.9377051,0.13770507,1.297705,-1.832295,0.6377051,-0.6222949,1.8477051,2.0277052,1.8477051,1.4777051,1.2777051,0.98770505,-0.8622949,-1.052295,-1.942295,-1.8522949,-2.612295,0.72770506
2.8477051,3.607705,1.207705,0.66770506,-3.4522948,-3.042295,-3.1522949,-2.7222948,-1.3822949,-2.6722949,-2.6622949,2.867705,-0.9322949,-2.7122948,-3.562295,-4.372295,-4.5522947,-2.382295,-4.392295,-4.222295,-4.372295,-0.2722949,0.97770506,0.42770508,3.757705,2.127705,3.907705,2.0977051,0.37770507,1.7777051,2.3077052,1.3377051,1.5277051,-0.012294922,-0.17229491,0.7777051,1.417705,-2.252295,-0.76229495,1.1077051,0.9477051
0.3877051,0.2577051,-1.692295,-2.772295,-4.142295,-2.882295,-4.132295,-6.212295,-3.4322948,-4.162295,-2.872295,-0.40229493,-1.452295,-8.342295,-3.252295,-4.362295,-3.6922948,-2.502295,-3.822295,-4.672295,-3.9722948,0.30770507,2.867705,0.9477051,-0.17229491,7.277705,2.117705,0.7577051,2.747705,2.3077052,0.19770508,-0.89229494,-0.8522949,-0.7922949,-0.18229492,-1.6222949,0.43770507,2.0577052,0.31770507,0.92770505,-0.11229492
0.65770507,0.3577051,-0.64229494,-2.112295,-3.4322948,-3.9222949,-4.852295,-3.9122949,-3.992295,-4.832295,-1.7222949,-2.572295,-6.2822948,-1.7722949,-8.352295,-5.672295,-8.242295,-2.392295,-3.062295,-4.262295,-2.4222949,-1.072295,0.72770506,-0.05229492,-0.21229492,-1.3822949,-0.71229494,-1.192295,-0.52229494,-1.7222949,-1.4822949,-0.20229492,1.8877051,1.797705,-0.43229493,-0.012294922,0.11770508,-0.16229492,-0.14229493,-1.192295,-2.762295
1.5177051,1.1277051,0.20770508,-2.552295,-4.402295,-3.622295,-4.132295,-4.602295,-4.0322948,-5.942295,-6.652295,-4.8222947,-4.972295,-4.012295,-1.5322949,-7.7822948,-8.822295,-4.632295,-4.582295,-1.9022949,-2.272295,-2.362295,-1.6422949,-1.8622949,1.5377051,-0.6722949,-1.182295,-0.59229493,-0.6622949,-1.582295,-2.302295,-2.9022949,-1.432295,-0.9122949,1.957705,4.327705,0.2577051,0.98770505,2.197705,-0.3922949,-1.6022949
-0.8822949,-1.2622949,-2.072295,-2.112295,-3.4422948,-3.482295,-3.732295,-3.6722949,-3.4522948,-3.792295,-3.612295,-2.2222948,-4.502295,-3.782295,-2.612295,-4.482295,-6.182295,-5.7822948,-3.832295,-2.1922948,-3.322295,-4.122295,-2.892295,-2.2022948,1.047705,2.3177052,0.48770508,0.42770508,-0.45229492,-0.8622949,-2.7022948,-3.4622948,-4.642295,-3.552295,-0.6622949,-1.2422949,-1.4822949,-1.1422949,1.297705,-0.4222949,0.7177051
-0.51229495,-1.2822949,-1.542295,-1.9922949,-3.1622949,-3.542295,-4.042295,-3.352295,-1.2422949,-2.7222948,-3.772295,-1.9722949,-4.292295,-5.272295,-3.542295,-2.232295,-4.292295,-4.992295,-5.462295,-0.23229492,-2.322295,-2.9622948,-3.482295,-3.4222949,-2.282295,-0.52229494,0.17770508,-1.702295,-0.5622949,-0.5422949,-1.6422949,-0.22229493,-2.2022948,-3.7122948,-1.7122949,-0.6722949,0.66770506,-1.5022949,-0.26229492,-0.3022949,-2.342295
-0.25229493,-0.48229492,-2.022295,-2.232295,-2.112295,-3.122295,-3.292295,-2.1822948,-3.1722949,-2.852295,-2.862295,-2.4422948,-3.762295,-4.2822948,-3.002295,-5.732295,-4.652295,-4.962295,-4.512295,-3.092295,-1.8522949,-3.082295,-2.9222949,-3.352295,-3.062295,-2.812295,-1.2522949,-1.0222949,-0.37229493,-0.20229492,-0.44229493,-2.572295,-0.8822949,-2.812295,-1.192295,-1.3422949,-2.1722949,-0.26229492,0.60770506,0.11770508,-2.9322948
-0.6822949,-0.7322949,-1.202295,-2.762295,-1.3422949,-2.6822948,-3.012295,0.4477051,-1.4822949,-2.502295,-3.7022948,-4.352295,-2.832295,-3.2122948,-3.2222948,-3.542295,-4.7822948,-4.922295,-4.202295,-3.4022949,-2.532295,-1.7322949,-1.9822949,-1.6122949,-2.1922948,-2.322295,-3.9122949,-3.252295,-2.602295,-3.022295,-1.0122949,0.6977051,-1.4122949,-1.8922949,-1.7522949,-1.072295,-0.03229492,-2.6822948,0.4177051,3.417705,3.0977051
-0.32229492,-1.7622949,-2.2022948,-2.2222948,-2.482295,-1.3522949,-0.25229493,0.73770505,0.21770507,-1.1022949,-2.502295,-2.552295,-2.7222948,-2.732295,-1.7622949,-2.622295,-3.142295,-3.992295,-3.302295,-3.522295,-3.482295,-3.052295,-2.252295,-1.8822949,-2.4422948,-3.072295,-2.252295,-3.622295,-4.202295,-2.382295,-3.1622949,-3.7222948,-1.792295,0.15770508,-0.5322949,-1.172295,-0.6622949,1.167705,0.12770508,1.2177051,-0.32229492
0.5677051,-0.8622949,-1.7122949,-1.9722949,-1.9622949,-2.4622948,-0.7922949,0.59770507,0.8277051,-0.41229492,-1.1422949,-2.852295,-3.602295,-0.90229493,-1.1022949,-1.9722949,-1.942295,-2.072295,-2.7222948,-2.602295,-2.2122948,-2.4722948,-1.8722949,-2.382295,-2.262295,-2.9222949,-2.772295,-2.7222948,-2.9322948,-3.292295,-3.492295,-3.7022948,-2.562295,-1.7522949,-0.042294923,-1.4122949,-0.95229495,0.5777051,0.42770508,1.7777051,0.91770506
0.7477051,0.37770507,-0.28229493,-1.0922949,-0.83229494,-0.51229495,-1.2422949,-1.8822949,-1.172295,0.9577051,-0.3622949,-1.0022949,-2.9522948,-1.8822949,-0.15229492,-0.8722949,-1.572295,-1.952295,-1.072295,-1.6522949,-0.71229494,-1.0322949,0.12770508,-0.7222949,-1.582295,-1.432295,-2.4022949,-3.062295,-3.362295,-3.002295,-2.842295,-2.6822948,-2.122295,-0.7822949,-0.5322949,-1.052295,-1.5222949,-1.4722949,-2.272295,-0.8022949,0.10770508
1.1377051,1.0977051,1.3977051,0.84770507,0.5677051,0.23770508,-0.18229492,-0.20229492,-0.7222949,0.8677051,0.4777051,-0.3922949,-1.5022949,-1.8522949,0.7077051,-0.3622949,0.027705079,-0.6322949,0.11770508,0.28770506,-0.21229492,-0.52229494,-0.22229493,0.17770508,-0.7522949,-1.332295,-1.2622949,-1.3922949,-2.382295,-3.552295,-3.9022949,-4.042295,-1.7522949,-1.2722949,-1.052295,-0.84229493,-1.6422949,-2.302295,-1.9922949,-1.072295,-1.5022949
1.207705,3.197705,2.697705,2.497705,1.957705,1.9977051,1.807705,1.1477051,0.79770505,0.59770507,0.30770507,1.4077051,1.6377051,-0.3322949,2.457705,1.1377051,1.707705,0.66770506,0.65770507,0.9477051,0.5577051,1.1177051,0.36770508,0.06770508,-2.262295,-0.43229493,-0.82229495,-1.172295,-1.8622949,-2.362295,-2.6722949,-3.852295,-2.562295,-1.8922949,-1.672295,-1.922295,-1.6022949,-2.052295,-2.2222948,-2.752295,-0.40229493
