wind_kz.json
{"header": {"discipline":0,"disciplineName":"Meteorological products","gribEdition":2,"gribLength":871,"center":7,"centerName":"US National Weather Service - NCEP(WMC)","subcenter":0,"refTime":"2024-02-02T06:00:00.000Z","significanceOfRT":1,"significanceOfRTName":"Start of forecast","productStatus":0,"productStatusName":"Operational products","productType":1,"productTypeName":"Forecast products","productDefinitionTemplate":0,"productDefinitionTemplateName":"Analysis/forecast at horizontal level/layer at a point in time","parameterCategory":0,"parameterCategoryName":"UnknownDiscipline_0_Category_0","parameterNumber":0,"parameterNumberName":"UnknownParameter_D0_C0_0","parameterUnit":"Unknown","genProcessType":2,"genProcessTypeName":"Forecast","forecastTime":0,"surface1Type":1,"surface1TypeName":"Ground or water surface","surface1Value":0.0,"surface2Type":255,"surface2TypeName":"Missing","surface2Value":0.0,"gridDefinitionTemplate":0,"gridDefinitionTemplateName":"Latitude_Longitude","numberPoints":615,"shape":6,"shapeName":"Earth spherical with radius of 6,371,229.0 m","gridUnits":"degrees","resolution":48,"winds":"true","scanMode":64,"nx":41,"ny":15,"basicAngle":0,"lo1":47.0,"la1":41.0,"lo2":87.0,"la2":55.0,"dx":1.0,"dy":1.0}, "data":
[rows 0 to 14 of 15, columns 0 to 40 of 41]
278.3454,271.74542,278.3454,280.5454,280.8454,282.24542,281.0454,281.3454,278.5454,279.4454,279.0454,277.8454,275.9454,274.8454,277.5454,278.64542,278.24542,278.3454,279.3454,280.4454,281.3454,282.8454,284.14542,277.3454,280.74542,282.14542,272.64542,261.64542,260.24542,258.24542,263.8454,255.64542,269.0454,279.8454,278.4454,276.74542,278.8454,276.4454,275.4454,272.8454,276.8454
259.9454,278.64542,280.24542,280.14542,280.74542,281.3454,275.0454,275.3454,278.4454,278.8454,278.8454,274.24542,276.4454,275.5454,274.14542,272.74542,273.8454,273.9454,274.74542,276.14542,279.0454,281.9454,273.5454,268.9454,259.3454,261.0454,264.8454,261.5454,260.4454,257.9454,265.0454,256.8454,270.9454,246.34541,259.9454,271.0454,272.24542,274.0454,274.24542,269.14542,271.74542
277.3454,279.0454,280.24542,280.4454,280.64542,278.0454,274.14542,273.9454,272.64542,271.9454,270.9454,272.4454,274.74542,275.4454,270.4454,269.74542,271.24542,270.74542,272.0454,272.74542,273.5454,275.8454,275.14542,268.9454,273.24542,270.0454,270.8454,270.8454,271.5454,265.64542,261.74542,264.3454,264.9454,263.4454,263.74542,267.9454,265.74542,263.24542,263.3454,263.64542,263.0454
274.5454,276.0454,277.9454,279.14542,278.74542,274.64542,273.8454,273.3454,273.24542,272.5454,272.4454,270.64542,281.14542,281.8454,271.74542,271.0454,271.24542,270.64542,269.9454,272.0454,272.3454,267.9454,272.5454,271.24542,270.5454,271.3454,272.3454,268.74542,269.24542,271.14542,271.24542,270.3454,276.74542,272.14542,272.8454,268.5454,263.3454,259.64542,267.74542,268.4454,267.0454
274.24542,272.4454,271.64542,273.24542,273.4454,275.4454,273.9454,274.9454,273.8454,272.3454,271.0454,270.8454,279.0454,279.0454,278.3454,271.24542,271.24542,271.3454,271.24542,269.24542,268.5454,269.74542,264.74542,265.74542,265.64542,265.9454,265.74542,267.14542,271.74542,272.4454,271.9454,272.5454,263.4454,259.64542,266.5454,269.74542,268.24542,268.5454,268.64542,266.74542,265.4454
273.64542,273.9454,272.9454,271.3454,271.4454,272.0454,275.24542,273.8454,273.24542,273.64542,270.9454,270.64542,277.9454,279.24542,273.3454,273.0454,270.14542,270.4454,269.14542,268.14542,264.8454,264.5454,264.14542,262.9454,263.4454,261.8454,266.14542,265.0454,265.64542,266.4454,267.64542,270.5454,270.64542,270.64542,270.64542,272.24542,266.4454,267.5454,267.64542,263.64542,264.4454
272.3454,272.9454,273.5454,273.74542,272.4454,273.8454,274.0454,273.4454,272.9454,272.4454,271.4454,270.14542,269.74542,269.8454,270.5454,270.14542,268.8454,268.14542,264.4454,261.8454,262.9454,260.5454,259.8454,260.4454,259.64542,259.8454,258.9454,261.9454,261.64542,263.14542,262.8454,264.9454,268.74542,271.0454,266.9454,266.5454,265.64542,267.14542,265.74542,264.3454,268.14542
272.64542,272.3454,272.74542,272.8454,272.4454,272.0454,272.14542,272.5454,272.8454,272.5454,271.14542,270.14542,269.0454,269.0454,269.14542,268.74542,267.64542,266.5454,263.0454,260.3454,263.24542,259.4454,259.5454,259.8454,259.74542,258.8454,258.64542,255.34541,256.3454,257.4454,259.5454,261.8454,265.4454,266.8454,267.24542,266.3454,265.0454,266.0454,264.64542,265.3454,265.9454
272.24542,272.5454,273.14542,273.14542,273.24542,272.8454,271.3454,271.4454,272.0454,271.5454,270.8454,269.5454,268.74542,269.24542,267.64542,266.4454,265.5454,264.9454,263.0454,261.64542,260.24542,260.0454,261.64542,261.9454,259.3454,258.74542,257.64542,257.74542,257.14542,256.4454,256.24542,259.14542,265.4454,270.0454,268.9454,263.24542,263.8454,266.74542,263.64542,264.14542,264.8454
273.24542,273.24542,273.24542,273.14542,273.14542,272.14542,270.9454,270.3454,270.9454,271.14542,269.64542,268.74542,269.14542,267.5454,266.3454,264.0454,263.24542,263.9454,262.8454,261.0454,259.8454,259.24542,262.24542,262.24542,261.4454,260.3454,260.24542,260.4454,258.9454,258.9454,263.0454,266.74542,269.14542,269.8454,268.24542,268.64542,268.74542,266.8454,266.4454,266.64542,263.4454
273.14542,273.24542,273.24542,272.4454,271.3454,270.64542,270.64542,270.5454,270.24542,270.0454,268.9454,268.24542,267.0454,265.5454,262.0454,261.14542,260.64542,262.4454,260.74542,257.74542,259.24542,260.9454,261.4454,262.0454,262.3454,262.64542,260.64542,261.5454,262.3454,264.5454,264.64542,266.24542,267.4454,270.4454,268.9454,270.0454,268.64542,269.0454,267.14542,266.24542,265.74542
273.0454,271.74542,267.0454,266.8454,269.4454,270.14542,269.8454,269.0454,268.8454,267.5454,265.8454,263.9454,262.14542,261.14542,260.74542,258.9454,261.9454,262.74542,258.8454,258.3454,259.8454,261.4454,261.64542,261.9454,262.3454,263.8454,263.9454,264.8454,265.64542,264.8454,265.5454,265.8454,269.14542,269.5454,270.5454,269.9454,271.0454,270.3454,270.5454,270.14542,269.0454
272.3454,271.0454,268.0454,267.9454,270.14542,270.74542,268.9454,268.0454,265.5454,264.14542,264.3454,263.24542,256.8454,258.3454,258.24542,260.64542,263.0454,258.64542,257.14542,259.5454,260.4454,261.3454,262.24542,261.8454,263.14542,263.24542,263.24542,264.9454,264.14542,265.5454,266.64542,267.9454,267.0454,267.9454,268.24542,269.64542,271.0454,268.64542,268.14542,266.8454,269.4454
272.5454,272.0454,269.4454,268.9454,269.3454,269.0454,268.24542,265.74542,264.8454,263.5454,262.24542,262.3454,258.74542,255.64542,258.9454,263.64542,259.5454,257.5454,256.24542,258.0454,260.4454,261.64542,261.3454,260.4454,258.14542,260.9454,262.8454,264.24542,266.14542,265.4454,266.9454,267.5454,269.0454,268.4454,269.8454,270.14542,269.24542,269.0454,268.9454,271.4454,266.74542
272.9454,270.74542,269.24542,269.64542,269.0454,268.4454,266.5454,264.74542,262.8454,261.9454,262.3454,260.9454,264.64542,261.14542,263.3454,260.24542,258.8454,258.64542,258.74542,258.4454,259.24542,260.74542,257.0454,258.5454,257.5454,259.4454,261.4454,260.74542,263.14542,265.24542,265.24542,266.14542,266.64542,267.9454,268.8454,268.3454,269.0454,270.0454,266.0454,265.8454,269.9454
