wind_kz.json
{"header": {"discipline":0,"disciplineName":"Meteorological products","gribEdition":2,"gribLength":1025,"center":7,"centerName":"US National Weather Service - NCEP(WMC)","subcenter":0,"refTime":"2023-09-19T12:00:00.000Z","significanceOfRT":1,"significanceOfRTName":"Start of forecast","productStatus":0,"productStatusName":"Operational products","productType":1,"productTypeName":"Forecast products","productDefinitionTemplate":0,"productDefinitionTemplateName":"Analysis/forecast at horizontal level/layer at a point in time","parameterCategory":2,"parameterCategoryName":"UnknownDiscipline_0_Category_2","parameterNumber":3,"parameterNumberName":"UnknownParameter_D0_C2_3","parameterUnit":"Unknown","genProcessType":2,"genProcessTypeName":"Forecast","forecastTime":300,"surface1Type":103,"surface1TypeName":"Specified height level above ground","surface1Value":10.0,"surface2Type":255,"surface2TypeName":"Missing","surface2Value":0.0,"gridDefinitionTemplate":0,"gridDefinitionTemplateName":"Latitude_Longitude","numberPoints":615,"shape":6,"shapeName":"Earth spherical with radius of 6,371,229.0 m","gridUnits":"degrees","resolution":48,"winds":"true","scanMode":64,"nx":41,"ny":15,"basicAngle":0,"lo1":47.0,"la1":41.0,"lo2":87.0,"la2":55.0,"dx":1.0,"dy":1.0}, "data":
[rows 0 to 14 of 15, columns 0 to 40 of 41]
0.96678954,-1.4632105,0.97678953,4.65679,1.3367896,-1.2332104,-1.8832104,0.16678955,-0.43321046,-1.5532105,-3.1332104,-2.9432104,-2.9232104,-3.3332105,-3.6332104,-3.2932105,-4.2732105,-4.1132107,-1.0132104,1.6067896,1.2167896,3.4867895,3.2067895,-0.36321044,-0.12321045,-1.4832104,-1.4432105,0.96678954,0.87678957,2.8767896,0.83678955,-1.9732105,0.88678956,-0.29321045,0.24678954,-0.20321044,0.32678956,-0.09321045,0.72678953,-2.4632103,1.0467895
5.1267896,2.0767896,4.8767896,3.8967896,1.6267896,0.21678954,-1.2832104,0.04678955,-0.8232105,-1.9232105,-2.0332105,-3.0632105,-3.0032105,-2.9232104,-3.2932105,-2.0432105,-1.3032105,-1.0432105,-1.8232105,-0.13321045,1.8067895,4.8067894,5.3967896,2.7767897,1.6967895,1.5267895,-1.6732105,0.9867895,-0.14321046,2.3867896,2.7367895,3.3067896,-0.31321046,-0.22321045,-0.28321046,-0.46321046,-1.1132104,-1.6032104,-0.46321046,-1.2932105,0.34678954
1.5667895,8.346789,6.7867894,4.2067895,1.9067895,0.38678956,0.56678957,-1.2532104,-0.80321044,-2.1432104,-2.4732103,-2.3532104,-1.9032104,-1.5532105,-1.7032105,-2.6732104,-0.96321046,-1.1432104,-1.1932105,-3.0132105,0.52678955,2.1267896,4.5867896,3.5967896,2.9667895,1.6867895,1.8367896,1.3067895,0.18678956,2.3267896,2.5467896,0.07678955,0.83678955,-1.4732105,-1.0232104,2.4767895,1.7767895,-0.24321045,0.41678956,0.8567895,1.4967896
2.9467895,6.9167895,5.5767894,3.4667895,2.0367897,1.6367896,1.4767896,0.48678955,-0.52321047,-1.2832104,-1.5532105,-1.4332105,-3.5232105,-5.4132104,-3.5832105,-2.1432104,-3.1732104,0.23678955,-0.39321044,0.42678955,-3.5732105,5.8267894,4.0867896,6.7267895,4.4667897,4.4767895,4.7167897,1.5167896,4.40679,3.5167894,2.4367895,-0.78321046,-0.83321047,1.0167896,-0.02321045,-1.8832104,0.6167896,3.1267896,0.76678956,0.91678953,-0.11321045
2.9067895,4.0467896,4.2367897,2.6467896,3.7067895,3.0367897,2.6667895,2.1867895,0.18678956,0.01678955,-0.36321044,-1.0432105,-4.1232104,-4.2832103,-3.4932106,-2.3832104,-2.7932105,-3.0232105,-1.0532105,1.0667895,-1.2132105,0.52678955,4.9967895,5.3267894,5.0767894,5.8467894,5.1867895,4.40679,4.5267897,3.7567894,1.7867895,2.0267897,2.3067896,1.7667896,-0.47321045,-1.8332105,0.35678956,0.05678955,-1.6132104,-1.6032104,0.71678954
3.8867896,3.2367895,4.2367897,3.4167895,3.1867895,2.0467896,3.5967896,2.7367895,1.1767895,0.49678954,-0.06321045,-1.1132104,-2.6632104,-3.4132104,-2.9932106,-1.8032105,-3.3232105,-4.6132107,-5.7632103,-4.4432106,-1.8632104,0.9367896,5.6367893,4.7467895,5.2767897,4.9867897,6.0567894,4.6267896,5.0667896,4.3067894,2.5967896,-0.99321043,-0.74321043,1.9167895,2.7367895,5.2467895,1.0567895,3.5867896,-0.77321047,-2.4332104,0.56678957
4.2367897,3.8567896,3.9467895,3.6367896,3.4067895,1.4167895,3.0867896,3.0667896,2.2367895,0.69678956,0.34678954,-0.18321045,-1.2832104,-1.8432105,-2.0532105,-2.1432104,-1.5132104,-3.6032104,-4.8132105,-3.7732105,-1.2832104,-1.6332104,3.6767895,6.7467895,5.8767896,5.8567896,3.8267896,4.5867896,4.0767894,4.3067894,1.6267896,-4.5632105,-3.0332105,1.2867895,0.5567896,0.17678955,-2.4232104,1.2767895,2.5667896,1.6167896,1.0267895
3.7967896,5.2167897,5.3667893,4.7967896,1.9067895,2.4767895,4.3967896,3.0167894,1.7067895,1.5067896,-0.06321045,-0.44321045,-0.5632104,-0.96321046,-1.9032104,-1.6032104,-1.6332104,-2.8432105,-5.8232102,-5.5532103,-4.4132104,-1.8132105,0.31678954,5.5667896,6.8167896,6.2667894,6.2867894,3.6667895,3.6667895,5.1067896,4.7167897,0.44678956,0.31678954,-0.16321045,0.05678955,-1.3232105,0.77678955,3.0467896,-1.2832104,-0.22321045,-2.1432104
2.6467896,4.4467897,6.5967894,6.6267896,3.7367895,2.2067895,4.65679,3.6867895,3.2767897,2.5067894,1.3167895,0.19678955,-0.78321046,-0.9532105,-1.4532105,-0.39321044,-2.4132104,-3.4232104,-5.3532104,-6.5632105,-5.0332103,-2.2332106,-0.02321045,3.9867895,7.2167897,7.1767898,4.3467894,5.4167895,3.9067895,5.2667894,8.126789,6.3967896,3.8767896,3.3767896,3.1867895,3.1367896,-1.8132105,0.0067895507,1.9567895,1.5867896,-2.7032104
-0.44321045,2.3567896,4.2667894,6.6467896,5.3367896,3.9667895,2.4667895,4.4367895,4.0467896,3.8667896,2.5267897,1.4267895,0.01678955,-1.5132104,-1.9632105,-0.24321045,-3.0432105,-2.8832104,-4.3732104,-6.3932104,-6.1332107,-4.5232105,-0.7032105,0.83678955,5.9567895,7.6367893,7.40679,5.7867894,5.7267895,5.4167895,7.8667893,10.336789,7.6367893,6.1867895,5.4867897,1.4267895,1.3867896,-2.0532105,0.39678955,4.0067897,3.7867897
-0.71321046,0.05678955,3.2467895,5.4967895,5.9967895,5.8967896,3.6267896,4.6167893,4.0467896,3.1767895,2.7067895,1.7167896,-0.39321044,-1.3832104,-0.44321045,-1.6532104,-2.5732105,-2.2932105,-3.8532104,-5.5232105,-6.3332105,-6.2732105,-1.4232105,0.14678955,3.6367896,6.8067894,6.4567895,6.7867894,4.90679,7.0267897,7.1467896,6.7967896,5.9867897,5.8467894,7.1867895,2.5967896,1.6067896,3.4367895,2.3767896,2.0867896,0.64678955
-1.6132104,-0.43321046,2.2767897,5.3467894,6.8867893,6.0767894,4.9767895,4.4467897,3.4867895,3.0367897,2.2367895,1.3067895,-0.02321045,1.2067895,-0.15321045,-1.6932105,-2.0532105,-3.0732105,-5.3032103,-5.7332106,-6.1232104,-6.5432105,-5.8932104,-2.9232104,0.82678956,5.8367896,7.3867893,8.10679,7.8167896,6.5967894,5.4767895,5.3867893,4.8567896,4.9967895,4.8567896,5.6067896,4.6767898,4.2467895,3.8767896,2.9067895,1.2267896
-1.9732105,-1.6132104,0.48678955,5.0467896,5.7367897,4.1267896,3.7267895,3.5167894,4.7167897,1.9767896,1.2967895,1.4967896,1.8367896,0.26678956,-0.98321044,-1.6332104,-1.9632105,-3.1632104,-4.5132103,-4.6732106,-5.3832107,-4.9632106,-5.8732104,-5.9732103,-5.7032104,-3.4932106,1.3767896,7.4767895,7.0567894,6.7667894,6.15679,6.15679,5.3467894,6.5567894,6.2567897,6.5267897,5.0267897,2.3767896,3.9967895,2.6767895,1.0967896
-4.1232104,-2.2032104,-1.9132104,5.0267897,4.6467896,5.3667893,3.9967895,3.9167895,2.5067894,2.2767897,1.3467896,0.87678957,1.9767896,0.8067896,-1.3532104,-1.8232105,-2.2732105,-2.8532104,-3.4232104,-4.0132103,-5.1132107,-5.3532104,-5.7732105,-6.0332103,-5.5032105,-4.8132105,-3.4032104,2.6767895,5.3567896,6.3767896,6.1667895,5.90679,6.0067897,6.2167897,4.8267894,4.2467895,3.3167896,3.9567895,2.4067895,2.5067894,2.3567896
-2.4432104,-2.8232105,4.1467896,4.0167894,4.1467896,4.1967897,4.2367897,4.0667896,2.8767896,1.4567895,0.5567896,0.96678954,0.77678955,0.26678956,-1.0732105,-1.8932104,-2.0332105,-2.9232104,-3.2832105,-3.2032104,-4.5132103,-5.3332105,-5.5432105,-5.8632107,-5.5532103,-4.4132104,-4.7432103,-4.0732102,0.096789554,5.2967896,6.5167894,8.256789,5.9967895,5.6667895,5.4967895,6.1067896,5.5767894,6.7467895,6.7367897,5.4467897,1.3367896
