wind_kz.json
{"header": {"discipline":0,"disciplineName":"Meteorological products","gribEdition":2,"gribLength":1025,"center":7,"centerName":"US National Weather Service - NCEP(WMC)","subcenter":0,"refTime":"2024-03-19T18:00:00.000Z","significanceOfRT":1,"significanceOfRTName":"Start of forecast","productStatus":0,"productStatusName":"Operational products","productType":1,"productTypeName":"Forecast products","productDefinitionTemplate":0,"productDefinitionTemplateName":"Analysis/forecast at horizontal level/layer at a point in time","parameterCategory":2,"parameterCategoryName":"UnknownDiscipline_0_Category_2","parameterNumber":2,"parameterNumberName":"UnknownParameter_D0_C2_2","parameterUnit":"Unknown","genProcessType":2,"genProcessTypeName":"Forecast","forecastTime":240,"surface1Type":103,"surface1TypeName":"Specified height level above ground","surface1Value":10.0,"surface2Type":255,"surface2TypeName":"Missing","surface2Value":0.0,"gridDefinitionTemplate":0,"gridDefinitionTemplateName":"Latitude_Longitude","numberPoints":615,"shape":6,"shapeName":"Earth spherical with radius of 6,371,229.0 m","gridUnits":"degrees","resolution":48,"winds":"true","scanMode":64,"nx":41,"ny":15,"basicAngle":0,"lo1":47.0,"la1":41.0,"lo2":87.0,"la2":55.0,"dx":1.0,"dy":1.0}, "data":
[rows 0 to 14 of 15, columns 0 to 40 of 41]
-3.5338502,-0.4738501,1.8861499,5.75615,3.26615,-0.023850098,-0.033850096,1.2061499,-3.12385,-4.30385,-4.9738503,-5.12385,-6.40385,-7.30385,-6.4738503,-5.37385,-4.29385,-3.73385,-4.15385,-4.59385,-4.65385,-2.8038502,-0.8838501,-0.6938501,-0.23385009,-0.6238501,-0.8738501,-0.4138501,0.1361499,0.2461499,-1.1338501,1.6061499,0.3861499,-0.0938501,-1.7038502,-1.0938501,0.4061499,-1.0838501,-2.5738502,-0.8138501,-0.0538501
0.4861499,1.82615,4.0861497,3.24615,3.00615,-0.4738501,-0.0038500978,-2.2738502,-5.49385,-2.97385,-4.48385,-5.46385,-4.81385,-5.32385,-4.06385,-3.5238502,-3.20385,-4.38385,-3.2638502,-3.7738502,-4.90385,-3.72385,-2.23385,-1.9638501,-0.30385008,1.6261499,-1.05385,0.6561499,-2.71385,-0.6838501,0.3761499,-0.66385007,2.35615,-2.36385,-0.2538501,1.7261499,1.6061499,2.26615,-0.4138501,1.8961499,-3.18385
0.9861499,3.04615,3.6761498,4.0261497,3.6661499,-0.043850098,-0.2438501,0.6361499,-6.53385,-0.5538501,-3.65385,-5.9338503,-5.63385,-5.31385,-4.4538503,-3.73385,-4.4338503,-4.1838503,-3.14385,-0.2138501,-2.8138502,-3.16385,-2.73385,-2.1038501,1.4761499,-0.7638501,-1.5438501,0.3661499,1.81615,-0.4638501,-1.4038501,0.4361499,1.0461498,-0.113850094,-0.1538501,-1.30385,-0.1238501,0.7161499,-0.5538501,0.7561499,2.37615
1.8461499,4.59615,5.47615,4.66615,4.3561497,-0.2238501,1.1561499,1.3861499,-4.4538503,-1.7938501,-6.61385,-6.36385,-7.33385,-6.26385,-3.36385,-2.43385,-3.38385,-3.19385,-2.0638502,-2.62385,-2.5338502,-1.2738501,-1.3638501,-2.8438501,1.2561499,-3.3438501,-1.9038501,-2.23385,0.7861499,2.4361498,1.05615,-0.7838501,2.2261498,1.3461499,0.0961499,-1.0438501,-2.24385,2.1661499,0.4061499,-0.5638501,0.3661499
2.9761498,3.60615,5.07615,5.19615,3.4761498,2.59615,1.2961498,1.2361499,-1.5238501,0.056149904,1.6661499,-3.5738502,-4.51385,-4.01385,-1.69385,0.8961499,1.5461498,0.2661499,1.9261498,1.4161499,-1.2238501,-0.043850098,-0.113850094,-1.0138501,0.7161499,1.1661499,1.2761499,3.37615,3.25615,3.2161498,2.1561499,1.1361499,-1.3438501,0.7861499,-0.2638501,-1.1338501,-1.7738501,-0.6938501,-0.5138501,-0.9638501,-3.8538501
3.6861498,3.24615,4.0661497,4.2961497,2.9361498,3.27615,2.1961498,2.1761498,1.94615,1.8461499,2.1561499,-0.8738501,0.2961499,0.9761499,1.2761499,2.31615,1.0261499,0.016149903,2.2061498,0.9661499,1.9861499,1.1661499,2.12615,1.8361499,2.53615,3.28615,3.81615,3.7161498,4.42615,2.7061498,2.79615,3.28615,0.8661499,3.2261498,1.31615,-5.08385,0.8261499,-2.25385,0.7261499,-0.3138501,-2.0338502
2.75615,3.83615,4.39615,3.02615,3.2261498,3.79615,4.95615,3.53615,4.92615,3.01615,0.4961499,0.8061499,1.18615,2.08615,2.6561499,3.2161498,3.29615,2.31615,-1.3838501,0.9861499,2.6461499,2.34615,2.50615,0.5461499,1.8861499,0.6561499,2.12615,2.51615,2.4861498,2.78615,3.11615,3.36615,3.08615,-1.05385,-4.36385,-1.5338501,-0.8538501,3.50615,-3.0338502,2.38615,-0.4638501
1.2961498,2.2061498,2.8961499,4.5461497,4.80615,4.37615,4.41615,2.82615,3.83615,3.24615,2.12615,2.1461499,1.8461499,3.08615,3.54615,3.4861498,2.9561498,2.57615,0.15614991,2.09615,3.58615,3.1761498,3.50615,3.4861498,3.4461498,1.94615,3.63615,1.0261499,2.9761498,2.2261498,1.5861499,3.74615,0.3961499,3.4461498,0.4061499,1.2361499,2.1761498,-5.34385,-9.50385,-7.73385,-3.71385
0.1861499,0.0061499025,0.3561499,1.6161499,3.2261498,4.48615,2.9361498,2.77615,2.4261498,3.00615,3.04615,1.9261498,1.9861499,0.83614993,-0.013850098,-2.43385,-2.0338502,-1.5838501,1.1661499,2.74615,4.5861497,3.54615,3.32615,2.4161499,2.86615,4.0661497,2.27615,0.9861499,2.53615,2.34615,2.9361498,3.8961499,8.14615,4.34615,-2.41385,-4.17385,0.3561499,-2.17385,-2.22385,0.2761499,-1.8238502
-0.4238501,-0.1638501,-0.4338501,-0.4138501,0.3761499,1.1261499,1.5061499,1.1361499,2.26615,2.2361498,1.9761499,1.1361499,-0.023850098,2.9461498,4.03615,1.1661499,0.4261499,1.3461499,2.9061499,4.00615,4.63615,3.74615,4.0661497,3.6561499,3.09615,2.29615,2.78615,3.6761498,3.38615,5.43615,5.7761497,4.53615,3.59615,1.0861499,-2.1038501,-2.47385,-3.3338501,-0.6738501,-1.94385,0.4561499,-1.8338501
-0.2538501,-0.2238501,-1.0038501,-1.6138501,-0.9338501,-0.3138501,0.9961499,2.32615,2.2061498,1.7561499,1.2461499,1.5461498,2.35615,3.62615,3.78615,2.36615,2.6661499,4.14615,2.85615,5.57615,4.84615,3.7361498,3.61615,2.9661498,2.4461498,3.1661499,4.75615,5.0661497,5.5661497,5.67615,6.20615,4.22615,-0.6038501,-0.6938501,-0.8838501,-1.4838501,-1.80385,0.6961499,-0.9538501,1.81615,-1.68385
-0.8138501,-0.8938501,-0.0638501,-1.6138501,-2.11385,-1.3838501,-0.5938501,0.44614992,1.30615,0.6761499,2.6761498,2.04615,1.5261499,2.7261498,4.45615,3.4161499,5.5261497,5.3161497,3.88615,4.39615,3.4761498,3.75615,3.27615,2.9161499,4.15615,2.9361498,4.48615,5.48615,5.48615,3.05615,2.9761498,1.6061499,-0.1738501,-2.0638502,0.2761499,3.79615,1.0061499,-0.8838501,-0.7638501,0.1961499,-0.30385008
-0.8038501,-1.0238501,-0.5638501,-2.2638502,-1.9038501,-1.2938501,-1.8738501,-1.9638501,-1.5338501,-0.4638501,-0.3638501,-1.1038501,0.5461499,-0.1938501,0.5761499,1.2261499,1.2161499,1.8761499,0.3261499,1.32615,1.4661499,2.02615,1.8661499,1.43615,1.19615,2.6961498,2.6761498,3.01615,3.10615,2.4561498,2.30615,2.1961498,0.7661499,1.06615,1.3361499,2.9561498,4.5661497,-0.3238501,-0.073850095,-0.7238501,-1.0138501
-0.6538501,-1.7538501,0.106149904,-1.55385,-2.7738502,-2.66385,-2.90385,-2.50385,-0.9938501,-0.7438501,-0.4738501,-1.2238501,-0.9538501,0.1161499,0.4161499,0.1361499,-0.8738501,-1.1338501,-1.1438501,-0.3738501,-0.4738501,-0.5038501,0.9461499,1.5861499,1.1061499,1.3461499,1.4661499,1.2961498,0.8261499,1.6361499,2.1761498,1.9761499,1.0161499,1.1061499,0.6161499,1.1361499,0.7361499,0.8561499,-0.5738501,4.15615,-1.2938501
-0.5638501,-1.8938501,-2.13385,-1.7938501,-2.2838502,-3.0338502,-2.50385,-2.2638502,-1.8438501,-2.20385,-2.2738502,-4.09385,-1.17385,-1.9938501,-2.5638502,-1.9038501,-1.5838501,-2.0738502,-1.8338501,-1.4638501,-0.9238501,-1.0038501,-0.8838501,-0.8638501,-1.5138501,-1.4738501,-0.7738501,-0.4238501,-0.3938501,-0.4638501,0.3561499,-0.0938501,0.4261499,0.9961499,1.06615,0.6861499,-0.073850095,1.1061499,0.1961499,0.3061499,-1.05385
