wind_kz.json
{"header": {"discipline":0,"disciplineName":"Meteorological products","gribEdition":2,"gribLength":871,"center":7,"centerName":"US National Weather Service - NCEP(WMC)","subcenter":0,"refTime":"2024-04-07T00:00:00.000Z","significanceOfRT":1,"significanceOfRTName":"Start of forecast","productStatus":0,"productStatusName":"Operational products","productType":1,"productTypeName":"Forecast products","productDefinitionTemplate":0,"productDefinitionTemplateName":"Analysis/forecast at horizontal level/layer at a point in time","parameterCategory":0,"parameterCategoryName":"UnknownDiscipline_0_Category_0","parameterNumber":0,"parameterNumberName":"UnknownParameter_D0_C0_0","parameterUnit":"Unknown","genProcessType":2,"genProcessTypeName":"Forecast","forecastTime":0,"surface1Type":1,"surface1TypeName":"Ground or water surface","surface1Value":0.0,"surface2Type":255,"surface2TypeName":"Missing","surface2Value":0.0,"gridDefinitionTemplate":0,"gridDefinitionTemplateName":"Latitude_Longitude","numberPoints":615,"shape":6,"shapeName":"Earth spherical with radius of 6,371,229.0 m","gridUnits":"degrees","resolution":48,"winds":"true","scanMode":64,"nx":41,"ny":15,"basicAngle":0,"lo1":47.0,"la1":41.0,"lo2":87.0,"la2":55.0,"dx":1.0,"dy":1.0}, "data":
[rows 0 to 14 of 15, columns 0 to 40 of 41]
284.0904,276.4904,280.39038,281.29037,282.29037,283.4904,285.9904,288.9904,286.29037,286.39038,284.89038,285.9904,285.4904,286.0904,286.69037,285.29037,285.79037,284.0904,286.0904,283.0904,283.69037,281.89038,281.0904,276.29037,279.89038,281.69037,277.9904,262.0904,263.4904,263.39038,257.79037,268.4904,278.19037,282.9904,282.69037,281.39038,281.0904,280.29037,280.29037,280.0904,279.89038
266.69037,278.9904,281.4904,281.69037,281.9904,282.39038,286.5904,286.69037,285.19037,284.39038,284.69037,283.79037,284.5904,284.89038,286.39038,285.79037,285.9904,286.19037,283.9904,284.69037,283.39038,281.4904,278.19037,268.0904,253.19038,255.29037,275.39038,262.0904,268.39038,264.9904,265.0904,262.4904,268.69037,247.09038,256.4904,277.89038,276.19037,277.69037,280.29037,273.69037,278.4904
280.0904,280.69037,280.9904,281.4904,281.69037,282.5904,283.4904,284.4904,284.5904,284.9904,284.29037,284.79037,285.89038,286.69037,285.69037,285.9904,285.79037,285.9904,285.29037,284.4904,284.0904,281.89038,279.5904,275.29037,278.5904,276.5904,278.29037,278.89038,277.79037,273.39038,266.19037,268.79037,274.89038,274.79037,274.19037,274.4904,265.79037,270.0904,267.69037,256.4904,255.49039
281.39038,281.5904,280.89038,280.79037,280.9904,281.0904,282.69037,283.39038,285.9904,285.79037,287.0904,286.89038,284.89038,285.39038,285.4904,286.0904,286.0904,286.69037,285.89038,285.4904,282.29037,276.29037,280.29037,280.39038,280.4904,281.29037,280.9904,278.69037,279.29037,282.19037,283.19037,280.9904,282.9904,284.29037,282.69037,275.89038,261.5904,252.39038,270.5904,274.89038,277.79037
281.29037,281.9904,280.69037,281.29037,281.29037,281.39038,282.39038,282.9904,283.79037,285.79037,285.89038,285.79037,283.79037,283.4904,281.9904,285.9904,286.39038,286.29037,285.29037,284.39038,283.4904,283.79037,282.89038,282.0904,281.19037,281.19037,279.4904,280.39038,284.5904,284.9904,286.39038,283.79037,272.79037,264.69037,274.4904,278.0904,277.4904,280.69037,281.4904,280.39038,280.5904
280.29037,280.5904,281.5904,280.29037,278.9904,279.89038,281.29037,283.19037,282.39038,284.69037,285.9904,286.29037,282.9904,282.89038,279.0904,286.19037,286.29037,285.9904,284.9904,283.5904,282.89038,281.5904,281.39038,281.39038,281.4904,280.29037,281.19037,271.89038,281.39038,282.69037,284.79037,284.9904,281.69037,282.0904,279.79037,277.69037,272.69037,272.29037,279.0904,280.19037,280.19037
279.69037,279.89038,281.19037,281.19037,280.19037,280.9904,281.4904,282.19037,282.39038,283.89038,284.79037,285.19037,285.19037,284.89038,284.5904,284.9904,285.0904,284.5904,283.5904,282.4904,280.4904,280.79037,280.89038,279.69037,278.89038,278.9904,278.29037,280.0904,279.9904,279.9904,280.39038,281.29037,281.4904,279.69037,278.4904,277.69037,274.79037,272.89038,266.5904,267.19037,276.89038
279.0904,281.79037,280.19037,280.89038,280.79037,280.79037,280.89038,280.79037,280.4904,281.39038,282.69037,283.79037,284.39038,284.29037,284.19037,284.69037,283.39038,282.5904,281.29037,280.0904,278.9904,279.4904,278.5904,278.69037,276.79037,274.19037,274.69037,277.0904,275.4904,276.9904,276.0904,278.0904,278.0904,274.29037,275.29037,274.29037,275.5904,272.5904,276.39038,277.0904,275.19037
279.9904,280.0904,280.89038,281.19037,281.29037,280.0904,279.29037,279.0904,278.9904,279.19037,281.5904,280.5904,281.39038,282.39038,282.29037,281.9904,281.79037,281.0904,280.39038,278.29037,276.29037,277.19037,276.9904,276.39038,274.89038,274.89038,272.39038,271.9904,272.9904,271.79037,272.69037,274.69037,278.39038,277.79037,275.79037,271.5904,271.4904,270.79037,258.89038,264.39038,260.4904
277.5904,278.19037,278.9904,279.39038,277.89038,280.0904,278.0904,279.79037,279.19037,280.79037,281.29037,279.69037,281.39038,281.39038,281.29037,280.5904,280.5904,280.19037,280.0904,278.39038,276.69037,275.9904,275.69037,275.29037,274.39038,272.19037,274.5904,274.79037,275.4904,276.39038,277.4904,279.29037,280.0904,278.4904,276.29037,275.5904,271.39038,268.69037,265.89038,266.4904,262.9904
277.9904,278.5904,278.4904,276.4904,277.0904,278.79037,279.9904,278.79037,279.0904,280.5904,280.4904,280.19037,281.29037,280.39038,279.89038,279.4904,278.69037,278.39038,278.19037,275.89038,277.0904,277.9904,277.29037,277.39038,277.9904,275.9904,273.5904,277.4904,278.29037,280.39038,280.79037,280.79037,280.69037,278.19037,276.5904,275.4904,271.39038,268.89038,272.29037,270.29037,267.5904
275.89038,278.69037,278.89038,276.79037,278.39038,276.5904,276.5904,277.5904,279.69037,278.89038,277.9904,278.5904,279.0904,277.0904,276.39038,276.79037,277.0904,277.39038,277.29037,277.0904,273.79037,273.39038,273.5904,273.4904,275.9904,277.39038,277.0904,278.9904,280.0904,280.69037,279.69037,279.4904,280.19037,278.79037,278.19037,277.89038,278.5904,278.4904,276.69037,277.4904,274.39038
274.19037,275.19037,276.5904,279.4904,279.19037,279.69037,279.29037,274.0904,273.79037,275.89038,274.69037,272.69037,274.9904,273.89038,274.29037,273.9904,274.19037,273.5904,275.0904,274.19037,273.89038,272.89038,274.0904,273.89038,274.89038,275.19037,275.79037,275.89038,276.79037,277.79037,278.4904,278.5904,279.4904,278.39038,278.29037,276.89038,278.29037,277.79037,275.5904,273.5904,275.69037
273.0904,273.19037,273.79037,275.79037,276.0904,276.79037,275.19037,275.0904,277.9904,276.89038,274.5904,271.5904,270.79037,271.69037,270.9904,270.0904,271.0904,271.79037,272.29037,271.69037,271.89038,271.9904,271.89038,271.79037,271.89038,272.29037,272.79037,273.19037,273.29037,274.29037,274.9904,276.4904,276.89038,276.29037,276.39038,275.29037,273.89038,274.29037,274.5904,273.69037,276.39038
272.9904,273.0904,273.19037,273.9904,273.79037,273.5904,273.79037,275.39038,276.5904,275.9904,275.39038,273.4904,271.39038,271.69037,270.69037,271.39038,269.29037,268.19037,269.4904,265.5904,266.0904,265.9904,266.39038,267.0904,266.19037,267.19037,267.5904,268.5904,269.4904,271.29037,271.79037,271.5904,272.29037,273.4904,274.79037,276.39038,275.4904,273.9904,276.39038,275.5904,275.4904
