wind_kz.json
{"header": {"discipline":0,"disciplineName":"Meteorological products","gribEdition":2,"gribLength":1025,"center":7,"centerName":"US National Weather Service - NCEP(WMC)","subcenter":0,"refTime":"2024-02-02T18:00:00.000Z","significanceOfRT":1,"significanceOfRTName":"Start of forecast","productStatus":0,"productStatusName":"Operational products","productType":1,"productTypeName":"Forecast products","productDefinitionTemplate":0,"productDefinitionTemplateName":"Analysis/forecast at horizontal level/layer at a point in time","parameterCategory":2,"parameterCategoryName":"UnknownDiscipline_0_Category_2","parameterNumber":2,"parameterNumberName":"UnknownParameter_D0_C2_2","parameterUnit":"Unknown","genProcessType":2,"genProcessTypeName":"Forecast","forecastTime":60,"surface1Type":103,"surface1TypeName":"Specified height level above ground","surface1Value":10.0,"surface2Type":255,"surface2TypeName":"Missing","surface2Value":0.0,"gridDefinitionTemplate":0,"gridDefinitionTemplateName":"Latitude_Longitude","numberPoints":615,"shape":6,"shapeName":"Earth spherical with radius of 6,371,229.0 m","gridUnits":"degrees","resolution":48,"winds":"true","scanMode":64,"nx":41,"ny":15,"basicAngle":0,"lo1":47.0,"la1":41.0,"lo2":87.0,"la2":55.0,"dx":1.0,"dy":1.0}, "data":
[rows 0 to 14 of 15, columns 0 to 40 of 41]
5.3559084,0.5559082,1.6359082,-4.114092,-3.824092,2.2359083,-1.4540918,2.3659081,3.2959082,0.5559082,2.175908,0.3659082,-0.6240918,-1.8640918,-2.9640918,-3.3740919,-2.6640918,-2.7140918,-1.5540918,-1.6740918,-4.534092,-2.4940917,-0.4040918,-0.9840918,-1.0440918,-1.5940918,-1.7340918,-1.9440918,-0.6240918,0.0059082033,-1.1740918,0.0059082033,0.1959082,0.035908204,0.6359082,0.35590822,0.9059082,1.3359082,0.3359082,-0.2940918,-0.2740918
2.7859082,-0.2240918,-3.3840919,-4.6840916,-1.9340918,0.6059082,-0.6840918,1.6159081,3.8059082,3.0359082,1.3159082,0.2259082,-1.1340919,-1.8440918,-1.1940918,-1.9640918,-2.0240917,-2.0540917,-2.2640917,-1.5740918,-2.1640918,-1.6440918,-1.0440918,-0.9640918,-0.7440918,0.0059082033,-0.4040918,-0.5740918,0.6359082,-1.0240918,0.17590821,-0.15409179,1.0359082,-0.5340918,-0.024091797,-0.3040918,-0.3740918,0.3259082,-0.36409178,-0.1340918,-0.8640918
-0.2440918,3.405908,-0.18409179,-3.5440917,-1.0140918,-1.9040918,-0.39409178,0.015908204,1.4859082,0.5859082,0.6359082,-0.014091797,-0.014091797,-0.2440918,-1.2340918,-1.2840918,-0.15409179,-0.5540918,-1.0340918,-1.6940918,-2.3640919,-2.834092,-1.7240918,-0.9640918,-0.3040918,-1.7840918,-3.2740917,-1.6740918,0.4659082,-0.4140918,0.5159082,0.41590822,-1.4040918,0.0059082033,0.9559082,1.4759082,-0.6940918,0.4859082,-1.1040918,-0.3540918,0.8459082
0.3759082,-3.2940917,0.9559082,0.4059082,-0.4440918,0.0059082033,-0.5040918,1.1659082,3.5559082,2.675908,1.6459082,1.7759082,1.4659082,0.4859082,-0.9040918,-0.3440918,-0.2440918,-0.72409177,-0.9240918,-1.7040918,-2.5040917,-0.3440918,-1.9640918,-1.9240918,-3.0540917,-3.2440917,-3.094092,-1.6040918,-2.0540917,-2.1940918,-2.9440918,-3.334092,-4.5440917,-1.6040918,-0.1740918,-1.0540918,-0.6940918,1.2859082,-1.7440917,-0.6740918,-0.8240918
3.6159081,3.925908,3.3059082,4.095908,3.4959083,3.2059083,2.4859083,3.3859081,4.3559084,3.1359081,0.77590823,2.7459083,3.145908,1.6459082,-0.1340918,-0.5840918,-0.8340918,-1.2640918,-1.4240918,-2.4040918,-2.7440917,-2.604092,-2.9440918,-4.8140917,-4.344092,-3.3140917,-4.404092,-1.4940917,-1.8640918,-0.4340918,0.3259082,-1.1340919,0.1859082,-0.9840918,-1.1940918,-0.8640918,-2.3140917,-2.3740919,-1.7740918,-0.97409177,-1.0840918
6.005908,5.4959083,4.6059084,3.9359083,4.1859083,3.9759083,5.4159083,4.805908,2.9359083,4.005908,1.8759083,1.6759082,5.2059083,2.9559083,0.3059082,-0.7140918,-1.4740918,-1.6540918,-2.074092,-2.0240917,-2.4440918,-3.0140917,-3.834092,-4.514092,-4.4140916,-4.7340918,-3.6540918,-2.4240918,-2.2740917,-1.6340919,-1.2540917,-1.6340919,-1.5840918,-1.5740918,-0.1440918,-4.994092,-0.8940918,-1.8340918,-0.6840918,-0.5240918,-1.2640918
3.3059082,5.4359083,6.115908,6.215908,4.4759083,4.5159082,5.4359083,3.8159082,3.7959082,2.3759081,1.0359082,0.7259082,0.8759082,0.9859082,-1.1640918,-1.3540918,-1.3140918,-1.1940918,-2.7140918,-2.3740919,-0.8740918,-1.2340918,-1.7640918,-2.2040918,-2.9240918,-3.4340918,-0.9640918,-1.3740917,-1.6440918,-1.5240918,-1.8040918,-2.1840918,-1.2240918,-2.7740917,-1.8240918,-0.6940918,-0.2240918,0.3259082,-1.1740918,0.115908206,-1.5340918
3.9459083,6.285908,4.4359083,4.0659084,4.655908,4.555908,5.885908,3.4959083,2.5359082,2.1359081,0.4059082,1.6859082,0.8359082,0.5859082,0.1459082,0.2459082,-0.15409179,-0.6640918,-1.7640918,-1.3740917,-0.4740918,0.1459082,0.4859082,0.52590823,0.8259082,0.1959082,1.5659082,0.0059082033,0.3459082,-0.8840918,-0.5740918,-1.2340918,-1.4240918,1.0359082,-0.7640918,-1.3140918,-0.6340918,-0.6140918,-5.964092,-7.1040916,-1.5740918
2.8459082,3.1259081,2.8159082,3.6059082,4.195908,3.2659082,3.6359081,2.9359083,2.1859083,3.0359082,2.5159082,2.0759082,1.9259082,1.9959083,0.52590823,-0.2640918,0.07590821,0.4059082,0.6259082,1.0759082,0.7559082,1.7159082,1.5259082,0.7959082,1.9659082,1.2859082,2.3459082,1.5259082,1.4559082,0.9359082,1.7459083,1.7359082,3.655908,0.4459082,-2.0040917,-2.8140917,-0.8540918,0.20590821,-1.0240918,-0.7140918,-0.7440918
2.5159082,2.6359081,2.8559082,2.7459083,2.7059083,3.175908,3.5659082,3.655908,4.785908,4.405908,3.8859081,4.155908,3.8659081,2.1159081,2.395908,1.6859082,1.4859082,1.9159082,2.5659082,2.7959082,4.2259083,4.345908,3.1159081,2.905908,2.3459082,1.7359082,3.2659082,3.3859081,3.8259082,2.665908,1.9059082,3.3659081,2.8659081,0.1959082,-1.1140918,-1.2940918,-1.8540918,-1.1340919,1.2559083,1.0059083,-1.5040917
2.165908,1.9659082,1.9659082,1.7859082,2.5159082,3.1259081,3.405908,2.9859083,3.7359083,4.1259084,4.3959084,3.8559082,3.7259083,5.025908,3.895908,3.7459083,3.3859081,3.4659083,3.1159081,3.8359082,5.095908,3.8059082,2.8159082,2.0059083,2.4359083,3.0959082,4.8159084,3.7559083,3.9859083,2.4759083,2.8159082,0.9559082,-0.5040918,-0.10409179,-0.2240918,-1.1940918,-0.4640918,0.38590822,-0.4840918,-0.2840918,0.2859082
3.1159081,2.2659082,1.8959082,2.2959082,2.2659082,2.5859082,3.2559083,3.8659081,3.8359082,3.7459083,4.275908,4.6459084,4.295908,5.0659084,5.425908,5.235908,5.3359084,5.305908,4.1059084,4.445908,4.7459083,4.325908,3.2259083,2.145908,2.9659083,3.9559083,4.7259083,3.7559083,3.4859083,2.3159082,1.3959082,0.9559082,2.0159082,0.4659082,0.7959082,2.9359083,4.325908,-0.3040918,-0.8240918,-0.6240918,-0.72409177
3.8459082,3.9759083,3.0059083,2.9359083,2.8159082,1.8959082,2.7659082,3.5659082,5.825908,3.1859083,3.2559083,4.1659083,4.3159084,5.8759084,5.295908,5.965908,6.095908,5.795908,4.1859083,4.635908,3.405908,3.1159081,3.1259081,2.0659082,3.8659081,2.7159083,3.175908,2.1059082,2.1259081,1.4959083,1.2059082,1.7259082,1.7159082,0.9959082,1.6259083,2.6359081,3.3559082,2.5859082,3.6159081,3.6359081,2.175908
3.4659083,4.8159084,2.8559082,3.165908,2.0759082,2.7359083,3.4859083,3.5959082,3.4959083,3.6259081,3.6859083,4.255908,3.2159083,4.8159084,5.3159084,5.285908,4.885908,4.3959084,2.2259083,3.4659083,2.8759081,3.3559082,2.905908,2.0459082,1.5659082,0.8659082,0.2159082,1.7259082,1.4259082,1.7759082,1.5959082,1.8459082,2.0759082,1.9759082,2.4759083,3.145908,2.9859083,3.1059082,2.895908,3.2959082,2.6059082
3.0159082,5.715908,5.305908,4.965908,3.7959082,3.405908,4.925908,4.235908,6.445908,3.7459083,3.145908,6.155908,1.6259083,1.8659081,4.095908,3.9859083,3.5759082,2.4359083,1.9059082,1.9559082,1.3359082,0.7859082,-0.2140918,-0.2540918,0.115908206,-0.1240918,-0.1440918,0.5159082,0.9059082,1.3959082,1.5359082,1.8359082,2.0759082,2.7259083,3.5559082,4.075908,3.5959082,5.045908,4.5859084,3.5859082,2.7059083
