wind_kz.json
{"header": {"discipline":0,"disciplineName":"Meteorological products","gribEdition":2,"gribLength":1025,"center":7,"centerName":"US National Weather Service - NCEP(WMC)","subcenter":0,"refTime":"2023-08-21T12:00:00.000Z","significanceOfRT":1,"significanceOfRTName":"Start of forecast","productStatus":0,"productStatusName":"Operational products","productType":1,"productTypeName":"Forecast products","productDefinitionTemplate":0,"productDefinitionTemplateName":"Analysis/forecast at horizontal level/layer at a point in time","parameterCategory":2,"parameterCategoryName":"UnknownDiscipline_0_Category_2","parameterNumber":2,"parameterNumberName":"UnknownParameter_D0_C2_2","parameterUnit":"Unknown","genProcessType":2,"genProcessTypeName":"Forecast","forecastTime":60,"surface1Type":103,"surface1TypeName":"Specified height level above ground","surface1Value":10.0,"surface2Type":255,"surface2TypeName":"Missing","surface2Value":0.0,"gridDefinitionTemplate":0,"gridDefinitionTemplateName":"Latitude_Longitude","numberPoints":615,"shape":6,"shapeName":"Earth spherical with radius of 6,371,229.0 m","gridUnits":"degrees","resolution":48,"winds":"true","scanMode":64,"nx":41,"ny":15,"basicAngle":0,"lo1":47.0,"la1":41.0,"lo2":87.0,"la2":55.0,"dx":1.0,"dy":1.0}, "data":
[rows 0 to 14 of 15, columns 0 to 40 of 41]
-1.6497022,-1.2197021,2.090298,1.0102979,0.81029785,-0.15970215,0.010297852,1.7102978,-0.7797021,1.3002979,1.4202979,1.7402978,1.0802978,3.2702978,3.330298,0.7802979,2.2502978,1.0602978,-1.4497021,0.42029786,2.6702979,-0.80970216,-0.87970215,0.48029786,0.63029784,-1.8397021,-2.9797022,0.22029786,1.0402979,1.5802978,1.5002979,0.5902979,-0.019702148,1.1102978,-1.1497022,-3.1997023,-2.3397021,-2.0197022,-2.5197022,-1.9997021,-0.57970214
1.5802978,2.6602979,1.2202978,1.9202979,2.5402977,2.4302979,1.6102978,-0.6597021,-0.30970216,-0.17970215,0.020297851,-1.9697021,-0.32970214,0.79029787,2.1902978,4.020298,2.110298,1.6802979,0.61029786,2.6502979,0.94029784,1.1402979,1.2602979,-2.3397021,1.1602979,0.85029787,-0.67970216,-0.23970215,-0.5397022,-0.49970216,0.61029786,-0.23970215,0.31029785,-0.51970214,-0.48970214,0.49029785,-0.36970216,2.340298,2.0302978,1.4302979,-0.9697021
2.350298,8.640298,4.770298,4.810298,4.330298,2.4702978,-0.15970215,0.64029783,-0.09970215,0.47029784,0.74029785,0.69029784,0.56029785,1.1202979,2.380298,2.840298,3.390298,1.8902979,2.570298,2.7602978,3.0402977,0.31029785,-3.2597022,0.6602979,0.15029785,1.0502979,1.5302979,2.2402978,-2.9797022,-0.36970216,0.13029785,1.8202978,0.17029785,0.07029785,1.4102979,-0.5297021,0.35029784,0.11029785,0.37029785,1.4402978,1.1802979
3.4602978,4.3802977,5.5302978,6.350298,3.7602978,3.0202978,2.7402978,0.73029786,-0.06970215,0.49029785,0.8302978,-0.06970215,-0.19970214,1.2902979,2.850298,2.2102978,2.8002977,2.0502977,2.570298,2.2402978,1.9402978,0.63029784,2.9502978,2.4902978,2.7302978,3.9302979,2.590298,0.57029784,2.840298,2.4002979,0.28029785,0.33029786,-0.30970216,-3.4497023,-3.2697022,-2.5197022,-1.4297022,2.340298,1.4102979,0.38029784,1.1802979
2.090298,3.5502977,4.580298,5.160298,6.290298,3.4802978,2.4102979,-0.15970215,1.5002979,0.10029785,0.18029785,1.6602979,1.1402979,1.5802978,2.9002979,2.830298,4.120298,3.610298,2.830298,2.560298,3.570298,3.4402978,3.2702978,2.7102978,3.4102979,2.5102978,2.9802978,4.180298,3.860298,-0.54970217,1.1202979,-2.2497022,-2.7297022,1.5102979,3.060298,1.2902979,-2.909702,-0.5897021,-1.4797021,0.32029784,0.79029787
3.1602979,3.1702979,6.5702977,7.8402977,7.6302977,4.1702976,-0.019702148,-1.4097022,-2.639702,-1.2397021,-2.2797022,-2.0997021,-0.039702147,2.120298,4.310298,3.5202978,4.0502977,3.9002979,3.390298,3.7702978,3.060298,3.820298,3.6502979,3.2102978,1.8402978,3.4602978,2.4202979,-0.02970215,-2.609702,-3.0997021,-2.659702,-2.9497023,-2.629702,-0.81970215,0.13029785,0.80029786,0.79029787,0.08029785,0.16029786,-3.6997023,-4.129702
2.2502978,3.880298,4.2802978,3.6602979,1.4502978,-0.60970217,-2.5097022,-0.88970214,-3.139702,-2.5597022,-1.4197022,0.42029786,2.9202979,4.790298,3.9702978,3.7602978,5.100298,3.6602979,2.390298,2.7102978,2.620298,3.070298,3.2602978,2.610298,2.0102978,0.69029784,1.5602978,-0.57970214,-0.009702149,-2.2797022,-0.93970215,-1.9897021,-0.7797021,-2.359702,-1.6497022,-1.3797021,-1.1097021,2.4302979,-0.87970215,-0.30970216,0.35029784
3.3002977,4.450298,6.740298,1.1602979,-1.5297022,-0.87970215,-2.2297022,-2.159702,-0.37970215,0.79029787,2.2302978,2.560298,3.850298,4.730298,5.3602977,6.080298,5.660298,4.940298,3.6702979,1.8502978,0.17029785,0.07029785,3.6502979,1.6302979,1.7902979,0.35029784,1.6702979,-1.5297022,-0.12970215,0.27029786,1.3202978,-0.04970215,-1.9397022,-0.49970216,-1.5297022,0.9602978,0.7802979,3.6502979,-1.3297021,-0.63970214,-1.5197022
5.260298,5.290298,4.8402977,1.4702978,0.85029787,-0.059702147,0.11029785,0.7202979,0.40029785,2.580298,2.9202979,3.4702978,4.620298,4.0902977,5.370298,6.3802977,6.730298,6.620298,5.5902977,0.94029784,-0.17970215,-2.929702,1.1702979,3.600298,-1.2597022,2.310298,-0.15970215,-1.1897022,0.16029786,0.7202979,0.49029785,-0.41970214,3.4402978,-0.8497021,0.45029786,-0.23970215,0.13029785,-2.2897022,-0.34970215,-0.119702145,-1.6797022
2.2602978,1.6702979,-2.2097023,-3.669702,-1.7997022,-1.0497022,-0.06970215,-0.5997021,0.6502979,1.5402979,2.560298,0.76029783,2.090298,4.010298,3.070298,3.330298,2.4202979,5.100298,2.9802978,1.5302979,2.080298,2.590298,-1.6897022,-1.0397022,3.060298,-0.68970215,2.860298,-1.0197022,0.79029787,0.60029787,0.50029784,1.4602978,1.7902979,-0.32970214,-1.2997022,-1.3297021,-1.8397021,-0.35970214,-2.3497021,-0.50970215,-0.92970216
-0.82970214,-2.129702,-3.149702,-4.209702,-2.2797022,-0.56970215,-0.67970216,0.7802979,0.87029785,2.4302979,0.27029786,0.41029784,2.2602978,1.8202978,0.87029785,1.0102979,1.0902978,1.5302979,2.0002978,1.0402979,1.0202979,-0.09970215,2.0202978,-0.6697022,0.31029785,3.4702978,2.5402977,1.7502979,1.4202979,1.6902978,2.0302978,-0.20970215,-3.0497022,-0.21970215,-1.0297022,-2.0397022,-1.4397022,-0.039702147,-1.2097021,0.85029787,-1.3497021
-0.10970215,-2.649702,-0.45970213,-0.57970214,-1.1597022,-0.51970214,2.9785157E-4,0.38029784,0.48029786,0.79029787,-0.6597021,1.7802979,0.8402979,0.74029785,1.0102979,0.67029786,0.39029786,0.22029786,-0.25970215,2.1602979,4.3602977,4.8202977,3.7802978,1.4102979,2.820298,3.090298,4.0502977,2.860298,3.9602978,2.4502978,1.2502979,0.23029785,-1.6797022,-1.8697021,-1.0897021,-1.4897021,-0.74970216,-0.95970213,-0.34970215,-0.7797021,-0.7897022
1.3602978,-0.10970215,-0.5897021,-0.82970214,-0.20970215,2.9785157E-4,0.09029785,0.32029784,1.3002979,1.2702979,0.41029784,0.9602978,-0.18970215,1.0902978,0.37029785,0.6502979,0.6502979,-0.30970216,-0.12970215,-0.92970216,1.2802979,1.8302978,2.7702978,2.9602978,3.6802979,3.2402978,4.560298,2.320298,3.4702978,2.9502978,0.5302979,1.0602978,-1.2597022,-1.8097022,-1.5697021,-1.8497021,-2.5197022,-1.7697022,-3.0197022,-1.7997022,-1.2097021
1.9702978,-0.50970215,0.06029785,0.010297852,0.42029786,0.69029784,0.55029786,0.9002979,1.3402978,2.1502979,0.94029784,0.38029784,0.94029784,0.8402979,0.74029785,0.23029785,0.34029785,-0.35970214,-0.75970215,-0.70970213,-1.8997022,-1.0697021,1.3202978,1.6102978,2.370298,4.7802978,2.7302978,2.9702978,0.70029783,0.79029787,-0.9097021,-2.2697022,-2.159702,-2.9497023,-2.419702,-1.8697021,-2.159702,-2.389702,-1.7797022,-1.2797022,-1.3897022
-1.8797021,-2.419702,-1.9097022,-0.24970216,0.41029784,0.28029785,0.9602978,1.0902978,1.5102979,1.2602979,0.9002979,0.17029785,0.5902979,1.2002978,0.99029785,1.1802979,1.2302978,-0.059702147,0.81029785,-0.24970216,-0.22970214,-2.119702,-0.41970214,0.7702978,1.7902979,1.9102979,1.7102978,2.100298,1.3602978,0.7802979,-0.51970214,-3.5097022,-2.939702,-2.8397021,-2.5397022,-1.3397021,-1.8797021,-0.64970213,-2.0497022,-1.7897022,-1.5597022
