wind_kz.json
{"header": {"discipline":0,"disciplineName":"Meteorological products","gribEdition":2,"gribLength":1102,"center":7,"centerName":"US National Weather Service - NCEP(WMC)","subcenter":0,"refTime":"2023-08-22T18:00:00.000Z","significanceOfRT":1,"significanceOfRTName":"Start of forecast","productStatus":0,"productStatusName":"Operational products","productType":1,"productTypeName":"Forecast products","productDefinitionTemplate":0,"productDefinitionTemplateName":"Analysis/forecast at horizontal level/layer at a point in time","parameterCategory":2,"parameterCategoryName":"UnknownDiscipline_0_Category_2","parameterNumber":3,"parameterNumberName":"UnknownParameter_D0_C2_3","parameterUnit":"Unknown","genProcessType":2,"genProcessTypeName":"Forecast","forecastTime":300,"surface1Type":103,"surface1TypeName":"Specified height level above ground","surface1Value":10.0,"surface2Type":255,"surface2TypeName":"Missing","surface2Value":0.0,"gridDefinitionTemplate":0,"gridDefinitionTemplateName":"Latitude_Longitude","numberPoints":615,"shape":6,"shapeName":"Earth spherical with radius of 6,371,229.0 m","gridUnits":"degrees","resolution":48,"winds":"true","scanMode":64,"nx":41,"ny":15,"basicAngle":0,"lo1":47.0,"la1":41.0,"lo2":87.0,"la2":55.0,"dx":1.0,"dy":1.0}, "data":
[rows 0 to 14 of 15, columns 0 to 40 of 41]
2.4080567,1.7280567,4.4580564,5.4480567,3.7980566,2.7580566,3.0380566,2.8180566,2.3980567,2.0980566,0.54805666,0.16805664,-0.51194334,-1.7119434,-2.0019433,-3.1419435,-2.9919434,-3.2619433,-4.481943,-3.4019434,-2.7719433,-4.8019433,-3.3919435,2.1980567,3.2180567,2.8680565,-0.25194335,1.8080566,-3.1419435,-3.2719433,-1.4219433,-1.5619434,-0.68194336,-6.1219435,-0.68194336,1.5980567,3.3580565,1.5280566,1.3480567,2.5880566,2.4680567
3.4080567,3.4280567,5.8980565,5.8580565,5.9780564,4.1580567,2.7980566,3.5780566,4.0680566,2.9080567,1.7580566,0.99805665,0.30805665,-0.30194336,-1.8119434,-2.3719435,-2.4019434,-2.3019433,-2.5819433,-3.5919433,-4.2219434,-4.2619433,-3.7719433,0.11805664,0.61805665,2.7880566,2.7780566,5.8380566,-0.64194334,6.1980567,0.05805664,3.9380567,2.9680567,3.5080566,2.7580566,2.1380568,4.368057,4.0880566,4.4580564,0.30805665,0.97805667
4.2180567,8.038056,6.4880567,6.038057,5.1980567,4.2780566,3.7680566,4.5080566,4.538057,2.9680567,1.6780566,1.4980567,-0.051943358,-0.34194335,-2.2919433,-2.7719433,-2.9519434,-2.8719435,-1.9919434,-2.3519433,-2.5019433,-3.6019433,-1.3819433,0.97805667,-2.3719435,-1.9319434,-2.0519433,0.03805664,-6.9119434,-1.4419434,-2.5019433,-1.9319434,-4.2919436,-1.0919434,0.25805664,-2.3719435,-4.2519436,-6.9319434,1.4080566,6.058057,2.8880568
5.1480565,6.1980567,5.4180565,5.328057,5.118057,4.2980566,4.268057,3.8480566,3.0180566,2.6880567,1.4280566,-0.021943359,-0.87194335,-1.4219433,-1.5719434,-2.8619432,-2.7719433,-2.6819434,-2.5419433,-2.3119433,-2.4119434,-2.1419435,-2.8619432,-1.6519433,-2.0519433,-1.5119433,-1.2119434,2.9980567,1.5980567,-1.2619433,-0.9619434,-8.381944,-8.711944,4.1880565,0.008056641,1.6480566,4.4480567,2.2880566,-3.8119433,-5.4519434,-4.631943
3.0680566,3.7680566,4.0280566,2.9880567,2.1580567,3.0980566,3.1080565,3.5380566,2.6680567,2.2780566,1.5880567,0.008056641,-1.9619434,-0.82194334,-0.30194336,-2.6319435,-3.6319435,-3.7719433,-2.9819434,-2.6319435,-1.8619434,-1.2519433,-0.80194336,-1.0219433,-0.70194334,-1.5319433,-0.051943358,-1.0519433,2.0780566,4.768057,0.5980566,3.5180566,-0.7219434,-2.1419435,-0.33194336,0.06805664,-6.5619435,-6.9119434,-4.481943,-1.8519434,-4.6619434
1.5680566,2.6080565,1.6880566,2.6580567,2.8080566,2.3880568,2.4680567,2.5280566,2.2280567,2.0580566,1.7380567,-0.19194336,0.61805665,-1.0119433,-2.4519434,-3.5219433,-3.5719433,-3.5519433,-3.8019433,-2.9619434,-2.3519433,-1.6619433,-1.6219434,-0.8519434,-1.2619433,-0.76194334,-0.42194337,0.08805664,-1.6119434,-0.75194335,0.7880566,3.1580567,8.6680565,6.9380565,1.9080566,-0.50194335,-2.7619433,-4.3119435,-6.381943,-0.06194336,-2.0419433
1.3180566,0.81805664,0.54805666,1.4380566,1.7780566,1.3280567,1.2080567,1.4180566,0.41805664,1.1980567,1.2680566,-0.83194333,-0.9619434,-2.0519433,-1.9919434,-1.5419433,-2.2019434,-3.4019434,-3.7419434,-3.2419434,-2.9219434,-2.1319435,-2.1819434,-1.0219433,-1.5419433,-1.4619434,-0.6019434,-0.9619434,-1.4519434,0.88805664,4.6480565,1.6780566,5.328057,7.3180566,6.2180567,-0.95194334,3.3280566,1.1580566,-1.5219433,1.5980567,-10.0819435
1.7380567,1.1180567,0.7180566,1.3480567,0.98805666,0.6580566,0.5280566,0.20805664,-0.12194336,-0.88194335,-1.3519434,-2.0219433,-2.3819435,-2.3319433,-2.4019434,-1.5719434,-1.0719434,-1.9719434,-3.2819433,-2.9619434,-2.5719433,-2.1919434,-2.5519433,-2.8819435,-0.51194334,-0.44194335,-1.4719434,-1.7019434,-0.73194337,1.2180567,2.3480566,4.1680565,3.6280565,4.3580565,4.328057,3.8380566,-0.18194336,3.9780567,-1.4819434,-0.16194336,0.27805665
1.0880567,0.5280566,0.8380566,0.47805664,0.14805664,-0.051943358,-0.51194334,-0.77194333,-0.98194337,-1.7119434,-2.4119434,-2.8219433,-3.8419433,-3.9819434,-3.7119434,-3.1519434,-0.57194334,-0.39194337,-1.3019433,-1.4019433,-1.5019433,-2.0919433,-1.9919434,-2.8519433,-2.4419434,-1.8519434,-0.62194335,3.4880567,3.6780567,1.9580567,4.0880566,5.038057,5.2980566,4.618057,3.8180566,-0.04194336,-0.6619434,1.9680567,-1.2219434,-0.9119434,2.6280565
0.16805664,0.12805665,-0.5919434,-0.34194335,-0.6019434,-0.62194335,-0.45194337,-1.3519434,-1.9419434,-2.2419434,-2.7419434,-3.4319434,-3.8619432,-4.1119432,-3.9619434,-3.2019434,-1.4419434,-0.67194337,0.63805664,0.13805664,0.10805664,-0.93194336,-1.8219434,-2.3219433,-2.0519433,-1.7519433,-0.25194335,-1.4019433,5.2180567,6.598057,2.9580567,3.8180566,3.1780567,4.6680565,3.9280567,3.7680566,1.3380567,0.5280566,2.2980566,0.33805665,1.1780566
0.10805664,-0.08194336,-1.2419434,-1.2019434,-0.5419434,-0.6019434,-1.3719434,-1.7319434,-1.5919434,-2.0819433,-2.3719435,-2.1819434,-3.1519434,-1.8119434,-3.3019433,-2.4919434,-1.0219433,-0.18194336,1.3880566,2.1380568,0.76805663,0.12805665,-0.7919434,-0.7119434,-1.1619433,-1.0119433,-1.1919434,-0.8519434,-0.8419434,-0.37194335,6.768057,4.2480564,6.2480564,5.9880567,6.0280566,6.1580567,4.4980564,3.5680566,5.2780566,2.0980566,0.16805664
-0.9119434,-0.32194337,-1.1619433,-1.0719434,-1.8019433,-1.6219434,-2.0419433,-2.2219434,-2.8319433,-2.4019434,-1.2619433,-2.2319434,-2.3719435,-0.92194337,-1.2319434,-1.1919434,-2.1519434,-2.5419433,0.08805664,1.9980567,2.0080566,2.1280565,1.1080567,-0.37194335,-0.6519434,-0.81194335,-2.3319433,-3.1919434,-2.0119433,-1.9419434,-2.3619432,6.1480565,5.1880565,8.448056,6.3880568,7.3580565,6.0880566,3.6780567,-1.6419433,1.2280567,-2.4919434
-1.8719434,-2.6319435,-2.3219433,-2.2819433,-2.4919434,-1.8019433,-2.7319434,-3.3719435,-4.921943,-3.9519434,-0.39194337,-2.2019434,-3.8819435,-5.4319434,-5.941943,-5.5919433,-4.8619432,-3.2019434,-3.3919435,-0.28194335,0.87805665,1.7980566,2.2180567,-0.10194336,-1.2219434,-2.0719433,-2.8619432,-3.5019433,-2.6819434,-1.0519433,-1.3319434,0.86805665,7.828057,9.1680565,9.368056,7.768057,8.1680565,4.7180567,3.2180567,2.0380566,1.6780566
-2.1519434,-2.7119434,-3.0319433,-2.8119433,-3.3319433,-4.3519435,-3.9719434,-4.6419435,-5.211943,-4.8519435,-0.04194336,-0.70194334,-5.0019436,-5.1819434,-6.961943,-6.1619434,-6.6419435,-4.2519436,-5.8219433,-4.4519434,-2.5119433,0.24805664,1.1280566,1.2080567,-0.69194335,-1.7919433,-0.5319434,-1.2419434,-3.3419433,-2.5319433,-2.6719434,-1.5819434,8.108057,9.468057,9.318057,9.878057,7.8380566,7.768057,5.1780567,4.1380568,3.2980566
-1.7019434,-3.0319433,-2.6419435,-4.231943,-3.9419434,-4.2019434,-4.401943,-5.711943,-5.881943,-5.6419435,-2.8219433,-4.5519433,-3.9919434,-4.4919434,-7.401943,-8.251944,-7.731943,-7.671943,-5.921943,-6.7219434,-6.151943,-4.1219435,-1.3719434,-0.051943358,-0.41194335,-1.8819433,-2.7819433,-0.51194334,-1.6719433,-1.9119433,-1.2319434,1.7880566,7.8180566,9.108057,10.048057,10.808057,10.198056,9.338057,6.808057,5.078057,4.098057
