wind_kz.json
{"header": {"discipline":0,"disciplineName":"Meteorological products","gribEdition":2,"gribLength":1102,"center":7,"centerName":"US National Weather Service - NCEP(WMC)","subcenter":0,"refTime":"2024-01-30T18:00:00.000Z","significanceOfRT":1,"significanceOfRTName":"Start of forecast","productStatus":0,"productStatusName":"Operational products","productType":1,"productTypeName":"Forecast products","productDefinitionTemplate":0,"productDefinitionTemplateName":"Analysis/forecast at horizontal level/layer at a point in time","parameterCategory":2,"parameterCategoryName":"UnknownDiscipline_0_Category_2","parameterNumber":2,"parameterNumberName":"UnknownParameter_D0_C2_2","parameterUnit":"Unknown","genProcessType":2,"genProcessTypeName":"Forecast","forecastTime":300,"surface1Type":103,"surface1TypeName":"Specified height level above ground","surface1Value":10.0,"surface2Type":255,"surface2TypeName":"Missing","surface2Value":0.0,"gridDefinitionTemplate":0,"gridDefinitionTemplateName":"Latitude_Longitude","numberPoints":615,"shape":6,"shapeName":"Earth spherical with radius of 6,371,229.0 m","gridUnits":"degrees","resolution":48,"winds":"true","scanMode":64,"nx":41,"ny":15,"basicAngle":0,"lo1":47.0,"la1":41.0,"lo2":87.0,"la2":55.0,"dx":1.0,"dy":1.0}, "data":
[rows 0 to 14 of 15, columns 0 to 40 of 41]
1.855813,0.73581296,0.14581299,-3.384187,-5.934187,-11.044187,-10.854187,-12.064187,-13.214187,-9.174187,-9.414187,-9.044187,-8.574187,-7.254187,-6.524187,-6.034187,-6.964187,-7.744187,-7.994187,-8.024187,-5.694187,-3.374187,-1.754187,-1.9241871,-2.564187,-2.404187,-0.974187,3.0158129,0.67581296,1.235813,3.365813,1.595813,-0.174187,-1.444187,-3.104187,-3.024187,-2.804187,-3.444187,-2.324187,-3.594187,-5.054187
2.345813,2.195813,-6.524187,-10.954187,-10.404187,-11.604187,-9.224187,-11.704187,-10.124187,-9.804187,-9.154187,-8.624187,-7.254187,-6.754187,-6.444187,-6.814187,-6.654187,-6.624187,-5.304187,-4.874187,-4.984187,-4.124187,-2.304187,-1.274187,-0.014187012,-0.22418702,0.355813,1.275813,1.435813,0.27581298,0.13581298,1.305813,1.095813,1.135813,-0.044187013,-0.11418701,0.14581299,-1.604187,-2.124187,-0.37418702,0.445813
-2.144187,-7.544187,-11.894187,-11.444187,-11.904187,-10.884187,-10.184187,-8.844187,-10.864187,-8.484187,-7.734187,-7.434187,-6.534187,-6.674187,-6.174187,-5.654187,-5.754187,-4.784187,-4.194187,-3.544187,-3.364187,-3.204187,-2.434187,-1.7941871,-1.594187,-3.074187,-2.454187,-1.844187,0.09581299,0.21581298,2.555813,-0.714187,-1.014187,0.945813,0.445813,1.465813,1.155813,0.06581299,2.465813,3.945813,1.855813
-6.554187,-10.134187,-10.904187,-10.994187,-9.934187,-9.834187,-6.914187,-8.044187,-7.524187,-7.564187,-6.534187,-6.304187,-6.094187,-6.724187,-5.154187,-4.474187,-3.964187,-3.514187,-3.084187,-2.094187,-1.384187,-0.89418703,-2.744187,-2.014187,-0.16418701,-0.564187,-0.654187,-1.094187,2.555813,2.625813,1.525813,1.545813,4.725813,2.105813,0.185813,1.225813,0.10581299,3.005813,-0.794187,0.325813,3.005813
-8.024187,-7.684187,-7.354187,-7.174187,-7.304187,-6.854187,-6.534187,-6.6141872,-6.704187,-5.374187,-4.814187,-5.104187,-5.224187,-5.194187,-5.094187,-3.7341871,-3.354187,-2.724187,-1.934187,-2.214187,-2.224187,-1.9241871,-1.7941871,-1.034187,-0.15418701,-0.264187,1.3258129,2.095813,3.615813,3.965813,3.745813,3.095813,1.405813,3.405813,-1.804187,0.685813,2.665813,1.035813,3.225813,2.7658129,2.375813
-6.314187,-6.094187,-6.244187,-6.744187,-6.104187,-5.514187,-6.354187,-5.484187,-5.024187,-4.3641872,-3.494187,-3.674187,-3.674187,-3.844187,-2.414187,-2.084187,-1.764187,-1.354187,-1.094187,-0.844187,-1.074187,0.11581299,0.815813,0.525813,1.665813,2.155813,3.575813,3.485813,3.7658129,4.605813,6.005813,6.625813,5.085813,2.955813,3.425813,0.015812987,5.185813,4.495813,10.425813,1.275813,-0.494187
-6.004187,-5.534187,-6.134187,-5.634187,-5.194187,-5.174187,-4.654187,-4.404187,-4.074187,-3.044187,-2.064187,-2.2341871,-1.934187,-0.714187,-0.124187015,-0.014187012,-0.0041870116,0.11581299,-0.43418702,0.425813,1.855813,1.985813,1.935813,2.105813,2.715813,2.165813,3.5158129,2.635813,3.405813,3.605813,3.475813,4.725813,5.465813,4.665813,3.055813,0.30581298,0.23581299,1.655813,6.365813,-0.694187,0.865813
-5.204187,-4.924187,-4.724187,-4.444187,-4.284187,-3.884187,-3.444187,-2.864187,-2.094187,-2.214187,-0.984187,-0.234187,0.325813,0.905813,1.845813,1.785813,0.98581296,0.635813,0.775813,0.835813,3.425813,2.885813,3.0158129,2.555813,3.7658129,2.025813,5.005813,1.245813,3.285813,3.035813,3.355813,5.505813,3.7658129,4.065813,6.375813,8.365813,-3.074187,-2.224187,3.225813,3.7658129,2.245813
-3.874187,-3.194187,-3.184187,-3.044187,-2.504187,-2.384187,-2.104187,-1.804187,-1.904187,-0.21418701,-0.14418702,0.43581298,2.665813,1.925813,2.965813,2.055813,3.105813,2.055813,2.325813,1.915813,3.635813,4.315813,3.7658129,3.105813,3.455813,3.735813,3.905813,3.605813,4.375813,2.745813,3.385813,4.485813,8.515813,6.925813,6.015813,5.145813,1.925813,2.905813,2.555813,1.475813,2.235813
-2.344187,-2.044187,-1.414187,-0.89418703,-0.864187,-1.014187,-0.564187,-0.384187,0.185813,0.875813,1.545813,2.815813,3.495813,2.685813,3.605813,2.645813,2.645813,3.025813,2.585813,1.735813,4.285813,5.605813,4.3858128,3.405813,3.995813,4.555813,5.545813,6.295813,6.195813,7.325813,8.465813,6.6358128,6.005813,5.465813,4.3858128,2.355813,-0.0041870116,-0.994187,3.675813,2.775813,-0.0041870116
-0.634187,-0.19418702,-0.43418702,0.21581298,0.92581296,0.335813,1.405813,2.285813,1.795813,2.055813,3.665813,4.695813,3.185813,4.585813,4.455813,3.475813,3.135813,3.795813,1.735813,2.855813,4.345813,4.015813,4.435813,3.865813,3.865813,4.285813,5.815813,6.325813,8.315813,8.965813,7.8858128,6.945813,6.455813,5.345813,4.905813,2.655813,0.85581297,1.395813,3.075813,2.195813,2.335813
0.185813,0.895813,1.415813,1.425813,1.975813,1.935813,1.745813,2.795813,3.035813,2.025813,2.425813,5.595813,2.125813,4.195813,5.255813,3.025813,3.695813,3.495813,1.525813,2.915813,3.005813,3.685813,3.645813,3.555813,5.485813,5.345813,6.355813,8.115813,7.785813,7.545813,6.545813,6.285813,5.355813,5.065813,4.455813,4.665813,6.315813,6.475813,5.395813,0.785813,0.895813
2.655813,2.555813,2.5158129,2.945813,2.875813,2.445813,3.095813,3.325813,4.575813,0.185813,0.565813,3.505813,1.675813,3.865813,3.065813,2.465813,1.975813,2.135813,1.005813,2.855813,2.305813,3.075813,4.965813,4.595813,4.475813,5.185813,5.705813,5.585813,5.785813,5.995813,5.415813,5.395813,4.955813,4.895813,4.685813,5.035813,5.165813,4.085813,5.565813,4.785813,3.615813
3.845813,3.825813,1.845813,3.855813,1.975813,3.115813,3.465813,4.065813,3.705813,0.295813,0.015812987,0.46581298,1.815813,2.295813,1.9558129,1.735813,1.345813,1.285813,0.745813,2.415813,3.605813,3.945813,4.695813,4.825813,4.905813,4.255813,3.975813,4.715813,5.005813,4.945813,4.855813,4.695813,4.455813,4.235813,3.885813,4.565813,4.115813,4.715813,4.855813,4.105813,4.735813
3.115813,4.095813,3.645813,3.415813,3.575813,4.355813,4.305813,3.055813,1.555813,-1.024187,-0.524187,0.635813,1.245813,0.455813,0.79581296,1.055813,1.155813,2.155813,1.135813,3.235813,3.385813,3.465813,3.445813,4.025813,3.675813,3.525813,3.855813,4.295813,4.305813,4.6358128,4.745813,5.025813,4.305813,4.115813,4.235813,4.525813,4.215813,4.865813,4.445813,4.845813,3.655813
