wind_kz.json
{"header": {"discipline":0,"disciplineName":"Meteorological products","gribEdition":2,"gribLength":1025,"center":7,"centerName":"US National Weather Service - NCEP(WMC)","subcenter":0,"refTime":"2025-04-05T12:00:00.000Z","significanceOfRT":1,"significanceOfRTName":"Start of forecast","productStatus":0,"productStatusName":"Operational products","productType":1,"productTypeName":"Forecast products","productDefinitionTemplate":0,"productDefinitionTemplateName":"Analysis/forecast at horizontal level/layer at a point in time","parameterCategory":2,"parameterCategoryName":"UnknownDiscipline_0_Category_2","parameterNumber":3,"parameterNumberName":"UnknownParameter_D0_C2_3","parameterUnit":"Unknown","genProcessType":2,"genProcessTypeName":"Forecast","forecastTime":240,"surface1Type":103,"surface1TypeName":"Specified height level above ground","surface1Value":10.0,"surface2Type":255,"surface2TypeName":"Missing","surface2Value":0.0,"gridDefinitionTemplate":0,"gridDefinitionTemplateName":"Latitude_Longitude","numberPoints":615,"shape":6,"shapeName":"Earth spherical with radius of 6,371,229.0 m","gridUnits":"degrees","resolution":48,"winds":"true","scanMode":64,"nx":41,"ny":15,"basicAngle":0,"lo1":47.0,"la1":41.0,"lo2":87.0,"la2":55.0,"dx":1.0,"dy":1.0}, "data":
[rows 0 to 14 of 15, columns 0 to 40 of 41]
3.6933765,1.0333765,-2.8066235,-7.486624,-5.3366237,-2.0566235,1.0333765,-1.4466236,-0.91662353,-2.0366235,-4.6566234,-5.9066234,-6.0566235,-8.736624,-8.406624,-6.6766233,-4.4966235,2.2533765,5.0433764,8.963376,4.2333765,2.8933764,-0.77662355,1.6733764,3.9733765,3.2333765,0.10337646,1.1033765,-1.2166235,2.7633765,1.7133765,2.8633764,-0.116623536,4.0333767,3.8933764,1.9033765,2.4633765,2.6033764,1.6233765,1.9133765,2.2333765
4.4333763,-2.1666236,-4.486624,-5.1966233,-4.5166235,-0.6766235,4.513376,2.0233765,-1.5866235,-2.2866235,-3.9666235,-5.5066237,-4.3266234,-4.3566236,-7.7766237,-9.726624,-7.9366236,-1.3666235,5.5233765,2.6433764,6.3133764,5.1433764,2.0033765,0.17337647,3.3333764,3.6633766,2.0533764,2.1533766,1.0033765,1.8533765,2.3033764,1.7633765,-0.026623536,-0.71662354,-2.8766236,2.7733765,1.8633765,4.5633764,1.6833764,1.5533764,4.6733766
-1.3166236,-1.3966235,-5.3966236,-7.7466235,-6.8566236,3.6833766,0.78337646,1.0933765,-1.5766236,-1.8566235,-4.986624,-5.1266236,-6.4666233,-6.2966237,-6.0966234,-9.936624,-7.9366236,-2.9766235,0.77337646,2.0733764,3.9433765,1.3533765,-0.31662354,0.85337645,-3.4666235,-3.6766236,-2.4666235,-1.0966235,-0.23662354,-2.7866235,0.6833765,-1.7366235,-2.6966236,-1.1466235,0.78337646,-2.2066236,0.063376464,-2.0666234,0.8233765,-0.47662354,-0.63662356
0.80337644,-1.5766236,-4.6366234,-8.186624,-6.6866236,-4.8966236,-3.3566236,0.96337646,-0.88662356,-3.2466235,-4.8766236,-5.1866236,-4.2466235,-4.8566236,-3.9066236,-7.7466235,-4.0666237,-6.6766233,1.3733765,3.7833765,3.6433764,-0.51662356,1.1233765,-2.1466236,-5.1266236,-7.1266236,-7.2666235,-6.1566234,-4.9466233,-4.7066236,-7.0266237,-7.5366235,0.66337645,-0.29662353,-1.0566236,1.4033765,1.5033765,0.86337644,-2.3466234,-3.8966236,-5.8166237
1.2033764,-1.3566235,-3.6266236,-4.9266233,-7.4766235,-7.2066236,-5.986624,-4.7866235,-4.8866234,-2.0266235,-5.0166235,-6.1866236,-3.8666236,-4.0066237,-3.8766236,4.3433766,-6.0966234,-5.2066236,-2.0566235,-1.4266236,1.3933765,-0.44662353,0.34337646,-1.3966235,-2.9566236,-5.3166237,-6.5566235,-7.7766237,-6.1366234,-6.1566234,-6.3066235,-6.0266237,-3.4766235,-0.23662354,0.66337645,4.6933765,-7.5666237,3.8733764,-7.0666237,-2.3366234,-3.2666235
-0.056623533,0.11337647,2.1433764,-0.5666235,-3.7366235,-4.0066237,-5.3366237,-5.0066237,-5.2866235,-4.7866235,-5.0866237,-5.4566236,-5.1666236,-2.2666235,-4.3066235,-2.9566236,-6.8766236,-5.5466237,-2.5366235,-0.65662354,4.1433764,4.0833764,4.263376,6.2933764,4.6533766,2.8733764,0.8833765,-2.0966234,-3.8566236,-4.4666233,-4.6666236,-6.6566234,-5.9966235,-5.7166233,-1.7166235,0.9533765,-0.59662354,-5.4766235,-4.7566237,-0.16662353,-0.12662354
0.6833765,-0.23662354,-0.57662356,-1.6366235,-1.5866235,-3.6166236,-3.7266235,-3.7866235,-4.2566237,-3.7466235,-3.9866235,-4.1766233,-4.6166234,-4.3466234,-4.0166235,-4.8666234,-0.6766235,-4.0466237,-1.4366236,-0.8166235,-1.7966236,-0.9266235,-1.3266236,-3.4866235,-1.3366235,-0.57662356,-1.9466236,-1.7066236,-3.8966236,-4.5766234,-5.0466237,-5.5166235,-5.486624,-7.8966236,-7.6966233,-6.736624,-7.3866234,-5.3166237,-7.5366235,-3.9766235,-9.576624
0.92337644,0.58337647,0.30337647,-0.8066235,-1.6866236,-2.6166236,-3.0566235,-3.5166235,-2.9266236,-4.8566236,-3.6066236,-3.6166236,-3.1866236,-2.6466236,-1.6266235,-3.1766236,-2.5266235,-1.2566235,-1.2266235,-3.7066236,-1.9466236,-2.1166236,-3.1466236,-4.2466235,-5.3266234,-4.236624,-3.6966236,-3.4566236,-3.8366234,-5.3866234,-5.9266233,-6.9466233,-6.8566236,-6.6966233,-6.6366234,-6.3766236,-6.5766234,-1.7366235,-4.7766237,-0.37662354,-0.34662354
1.4833765,1.0033765,0.90337646,-0.016623534,-1.1366235,-1.2966236,-1.5266235,-1.7266235,-1.9666235,-2.9066236,-2.8866236,-4.8066235,-3.0366235,-2.2966235,-2.0966234,-0.5566235,-2.1266236,-1.7966236,-0.78662354,1.1833764,4.8733764,0.48337647,-1.0166235,-2.3566236,-2.7066236,-2.6966236,-3.0366235,-4.7866235,-4.3566236,-4.5866237,-5.8666234,-7.1766233,-8.496624,-7.3366237,-7.3366237,-7.3866234,-5.4966235,-6.2266235,-4.1266236,-4.0766234,-1.9366236
1.2533765,1.1533765,1.0733764,0.9433765,0.22337647,-0.09662353,-0.10662354,-0.24662353,-0.6766235,-1.6166235,-1.6666236,-1.4966235,-3.7866235,-4.4166236,-2.6166236,-0.51662356,-0.046623535,-0.33662355,0.0033764648,-0.59662354,0.32337648,4.3433766,0.9533765,-1.3166236,-2.3766236,-2.3366234,-2.8566236,-2.9666235,-3.6566236,-5.3666234,-5.4066234,-5.236624,-5.9466233,-6.736624,-7.2566237,-6.4966235,-2.6666236,-2.6566236,-4.1366234,-2.6566236,-2.5666234
1.4533764,1.1333765,1.8633765,1.9633765,1.7933764,2.1033764,2.9733765,1.2033764,0.31337646,0.30337647,-0.23662354,-0.30662355,-1.8166236,-2.3166234,-4.0766234,-1.9066235,0.9533765,0.7633765,-0.10662354,1.5333765,3.7533765,3.6033764,0.8733765,-0.82662356,-1.8366235,-2.1066236,-1.5766236,-2.5166235,-3.5366235,-4.4266233,-5.0166235,-4.4566236,-4.3466234,-4.6766233,-6.3466234,-6.7866235,-3.4566236,-0.046623535,-2.0766234,-2.3266234,-2.3766236
1.3233764,2.4833765,2.9933765,3.2533765,3.5633764,3.8233764,3.9833765,3.3633764,1.9033765,1.4833765,1.0633764,0.83337647,1.6833764,-0.27662355,-1.4666235,-4.2766237,-1.6166235,1.4933765,1.2933764,2.6533766,3.7933764,1.9733765,2.0133765,1.3733765,-0.7966235,-1.5366235,-0.82662356,-1.1466235,-3.0866234,-2.0166235,-2.9766235,-3.1766236,-2.9966235,-2.1866236,-3.0966234,-3.7266235,-3.1366236,-1.1466235,0.55337644,0.55337644,-0.22662354
2.2133765,2.4533765,3.2433765,3.9233766,4.6333766,3.5633764,4.8533764,5.3133764,5.3033767,3.4833765,1.8033764,1.3933765,1.8133764,2.8333764,2.8633764,-0.77662355,-2.9566236,0.34337646,2.2933764,2.9833765,3.7933764,3.0433764,2.9533765,2.0133765,-0.71662354,-0.5466235,0.40337646,-1.0366235,-1.3966235,-1.0166235,-0.016623534,0.28337646,-1.5366235,-2.6966236,-2.7066236,-3.3266234,-3.9666235,-3.7266235,-5.4266233,-5.8466234,0.44337645
2.6233764,3.0533764,3.1733766,3.7933764,5.0833764,5.3633766,6.2033763,6.1533766,6.6233764,6.2533765,3.4333766,2.1433764,2.7333765,2.1533766,3.1933765,2.0833764,-0.056623533,-1.2566235,4.0833764,4.0533767,4.0333767,3.9433765,2.4833765,1.8133764,1.5133765,1.7933764,1.0433764,0.49337646,0.38337648,0.38337648,-0.016623534,-0.32662353,-1.0166235,-2.5166235,-3.0966234,-2.8566236,-3.1366236,-3.9266236,-4.2966237,-4.3766236,-6.1466236
3.0133765,3.5333765,4.0933766,4.6433764,5.5933766,4.1333766,6.5933766,6.9333763,6.8633766,6.7333765,4.3633766,4.4633765,2.5933764,0.8833765,4.2533765,3.3633764,2.6833766,-0.52662355,2.3333764,4.4933763,4.2933764,4.1433764,3.8233764,3.0133765,3.5133765,3.3433764,2.4033766,1.3733765,1.8633765,1.7733765,0.25337645,0.033376466,-0.15662354,-0.76662356,-1.7766235,-2.4866235,-3.1266236,-3.1266236,-3.0566235,-3.9066236,-2.9166236
