wind_kz.json
{"header": {"discipline":0,"disciplineName":"Meteorological products","gribEdition":2,"gribLength":1102,"center":7,"centerName":"US National Weather Service - NCEP(WMC)","subcenter":0,"refTime":"2023-09-09T18:00:00.000Z","significanceOfRT":1,"significanceOfRTName":"Start of forecast","productStatus":0,"productStatusName":"Operational products","productType":1,"productTypeName":"Forecast products","productDefinitionTemplate":0,"productDefinitionTemplateName":"Analysis/forecast at horizontal level/layer at a point in time","parameterCategory":2,"parameterCategoryName":"UnknownDiscipline_0_Category_2","parameterNumber":2,"parameterNumberName":"UnknownParameter_D0_C2_2","parameterUnit":"Unknown","genProcessType":2,"genProcessTypeName":"Forecast","forecastTime":60,"surface1Type":103,"surface1TypeName":"Specified height level above ground","surface1Value":10.0,"surface2Type":255,"surface2TypeName":"Missing","surface2Value":0.0,"gridDefinitionTemplate":0,"gridDefinitionTemplateName":"Latitude_Longitude","numberPoints":615,"shape":6,"shapeName":"Earth spherical with radius of 6,371,229.0 m","gridUnits":"degrees","resolution":48,"winds":"true","scanMode":64,"nx":41,"ny":15,"basicAngle":0,"lo1":47.0,"la1":41.0,"lo2":87.0,"la2":55.0,"dx":1.0,"dy":1.0}, "data":
[rows 0 to 14 of 15, columns 0 to 40 of 41]
0.049277343,0.25927734,0.7292774,-6.3207226,-5.3007226,-2.9807227,-2.5707226,-1.7407227,-2.6707227,-2.7107227,-3.4707227,-3.5207226,-3.6007226,-3.2807226,-2.2307227,-2.5407226,-2.7707226,-4.1807227,-4.750723,-5.4907227,-3.5707226,-1.4907227,1.8792773,2.4792774,0.43927735,1.2492774,3.7892773,3.9792774,0.9792774,3.6092772,-1.0807227,1.1092774,1.0392773,-1.7907226,-5.0307226,-1.9007226,-2.2507226,-2.7407227,-2.7907226,-1.8007226,-0.73072267
-0.11072265,-0.87072265,-3.0407226,-2.0707226,-1.4107226,-1.8407227,-2.6907227,-2.2807226,-2.4907227,-1.5007226,-0.38072264,0.33927736,0.81927735,-0.25072265,-1.0707227,0.019277344,-0.46072266,-1.2707226,-1.3607227,-1.9507227,-1.6007227,-1.7107227,-0.92072266,3.6892774,2.9792774,0.039277345,1.1192774,1.2992773,3.7092774,2.4492774,1.7792773,0.9792774,-1.5307226,1.3592774,0.81927735,-0.25072265,-0.23072265,-1.9007226,-0.24072266,-2.0507226,-0.55072266
-1.0507226,-0.87072265,-0.73072267,-3.0807226,-3.2807226,-2.4507227,-3.5607226,-3.3307226,-3.4707227,-2.4307227,-1.8807226,-0.87072265,0.6592773,1.0792774,1.2392774,2.0292773,2.7392774,3.4992774,3.2492774,2.2592773,1.3692774,1.6092774,2.3992774,3.9492774,0.21927734,-0.50072265,-0.5207226,1.0092773,3.9892774,-0.58072263,2.4392774,-2.3407226,-1.3607227,-0.73072267,-4.2607226,-1.5707227,1.2292774,-0.76072264,-0.80072266,1.7492774,-0.34072265
0.68927735,2.5992773,1.8192773,-0.39072266,-0.11072265,0.5892773,-0.100722656,0.87927735,1.0192773,1.3492774,2.1992774,3.0192773,3.8392773,5.209277,5.7692776,5.709277,5.9492774,5.419277,5.9692774,4.999277,4.1792774,4.9892774,2.7292774,2.2792773,4.0392776,4.439277,3.6892774,3.7992773,2.8192773,2.0592773,2.6092772,1.0692773,6.5792775,6.879277,6.0392776,1.9892774,0.7292774,0.45927733,-1.2307227,3.5192773,6.6392775
2.7292774,3.7392774,4.379277,2.8992774,3.4992774,3.7192774,3.9692774,4.9892774,4.4692774,4.8192773,5.7692776,6.6792774,6.9092774,7.5092773,6.4492774,7.379277,7.5592775,7.0592775,7.879277,7.7892776,7.8692775,8.449277,8.109278,8.559278,8.819278,7.4092774,7.379277,5.4892774,5.459277,4.8192773,4.169277,3.8992774,3.1892774,3.7392774,-2.8607225,1.2492774,10.049277,1.5592773,6.1592774,7.189277,4.729277
2.3292773,2.4192774,0.23927735,-1.5907227,-1.3807226,-1.5507226,3.1692774,2.5992773,3.4192774,5.5192776,6.5792775,7.3492775,8.179277,9.129277,8.739277,8.059278,7.5692773,8.549277,9.469277,8.479278,8.519278,8.129277,9.889277,9.229278,9.519278,8.669277,8.0992775,5.2892776,6.5292773,5.999277,6.4092774,6.0692773,6.4892774,3.1292772,-0.73072267,-1.6807227,2.0692773,8.109278,15.259277,-1.8807226,-6.2007227
-4.2307224,-3.6507227,-2.1107225,-1.7107227,-0.5907227,0.91927737,2.4192774,3.3992774,4.7392774,6.189277,7.129277,7.5092773,7.6592774,7.6592774,7.0492773,7.6392775,7.8592772,7.9092774,7.7892776,7.979277,9.209277,8.929277,8.5992775,8.529278,8.959277,9.539277,9.199277,7.6792774,7.2392774,6.959277,7.209277,7.379277,6.6592774,6.8092775,-0.020722656,2.8592772,3.7892773,1.8092773,4.1592774,-0.23072265,6.689277
-3.2207227,-0.5907227,0.99927735,1.7492774,1.6692773,2.1292772,4.0292773,4.979277,6.439277,6.8592772,7.4692774,7.919277,7.9092774,8.159277,8.209277,8.459277,8.359278,8.409277,8.819278,10.069278,11.429277,11.989277,12.029278,11.909277,11.639277,10.249277,8.5992775,8.289277,9.109278,8.149278,8.069278,7.4292774,6.4692774,7.419277,8.059278,10.819278,0.44927734,-2.1307228,3.9092774,4.499277,7.899277
-0.6007227,0.46927735,0.88927734,0.5392773,1.0192773,2.5092773,3.4592774,4.419277,5.6392775,6.1392775,6.7192774,7.2992773,8.269278,7.2592773,7.4292774,8.579277,8.859278,10.159277,10.609278,10.889277,11.989277,12.539277,12.819278,12.239277,12.209277,10.379277,10.219277,10.779278,10.039277,9.039277,8.5992775,8.089277,8.139277,8.079277,7.9492774,7.2692776,5.669277,6.1192775,2.4092774,-0.51072264,-2.2407227
-1.3707227,-0.95072263,-0.33072266,1.0292773,1.0792774,2.4192774,4.209277,5.5792775,6.5592775,6.7892776,7.0092773,6.709277,7.2592773,7.8492775,8.159277,8.559278,8.729278,8.939278,9.729278,9.739277,10.649278,10.979278,11.229278,10.229278,11.139277,11.859278,11.289277,11.229278,10.779278,10.819278,10.489277,8.699277,8.299277,8.109278,7.479277,6.8092775,3.3092773,-1.2207227,4.2192774,0.44927734,-1.2507226
-1.8707227,-1.9107226,-1.5107226,-0.7207227,0.88927734,1.9292773,3.5192773,4.5592775,4.709277,5.0692773,4.459277,3.8492773,5.229277,5.7592773,6.9292774,7.669277,6.499277,5.3092775,7.0292773,8.129277,8.979278,8.8492775,10.339277,11.809278,7.1592774,7.4692774,8.399278,8.3492775,8.709277,10.399278,10.979278,9.699277,8.929277,8.209277,8.149278,5.939277,1.3192773,1.0392773,0.25927734,0.7292774,-0.82072264
-2.1907227,-1.4007226,-0.87072265,-0.64072263,1.3992773,1.3792773,1.8792773,0.61927736,-2.0107226,-1.4207226,-2.8307226,-4.600723,-3.7007227,-4.270723,-3.3007226,-2.2207227,-1.3707227,-1.2707226,0.39927733,1.9492774,4.2392774,4.5192776,3.8792772,2.0692773,2.3392773,4.2792773,5.399277,7.189277,9.279278,9.889277,9.039277,9.829277,8.319278,8.389277,6.2392774,7.8692775,8.949277,7.1992774,-0.16072266,-0.8407227,-0.93072265
-0.9707227,-2.0107226,-0.94072264,-0.75072265,1.3892773,0.49927735,-0.99072266,-1.9507227,-2.9707227,-1.3107227,-3.2307227,-5.1907225,-5.0307226,-5.1907225,-4.870723,-4.560723,-3.1907227,-2.5807226,-2.2007227,-2.8907228,-3.5807226,-2.5607226,0.43927735,1.9992774,2.6292772,3.0292773,4.5492773,5.399277,6.0592775,6.0992775,8.3492775,9.139277,9.449277,8.509277,7.2992773,6.169277,1.5492773,-0.09072266,1.1192774,-2.2707226,0.12927735
-2.3407226,-2.3807228,-1.5107226,-0.7207227,0.70927733,-2.4307227,-3.9407227,-3.8707228,-3.7007227,-4.310723,-3.2407227,-4.7407227,-5.9407225,-4.9007225,-4.8607225,-4.9807224,-5.2407227,-5.580723,-5.2607226,-5.1807227,-4.3407226,-4.9307227,-5.2607226,-5.6107225,-6.9607224,-6.0907226,-4.4207225,-2.8107226,-0.030722655,3.7192774,5.8892775,4.459277,5.1192775,3.9192774,0.49927735,-0.39072266,-0.7207227,-0.6607227,-1.7207227,0.15927735,2.0992773
-2.0007226,-2.1807227,-3.4007227,-2.2607226,-2.3707228,-3.0607226,-2.9507227,-3.7607226,-4.1907225,-4.1807227,-3.5807226,-2.6107225,-2.8007226,-3.2907226,-4.2307224,-4.6807227,-4.9907227,-5.8007226,-5.9807224,-6.600723,-6.4907227,-6.9007225,-7.2307224,-6.5107226,-5.7407227,-5.040723,-4.310723,-4.3607225,-5.4407225,-5.5707226,-6.3007226,-7.2007227,-6.3807225,-5.8607225,-4.9807224,-4.6407228,-3.0907226,-3.9107227,-2.6407228,-1.2907226,-0.39072266
