wind_kz.json
{"header": {"discipline":0,"disciplineName":"Meteorological products","gribEdition":2,"gribLength":871,"center":7,"centerName":"US National Weather Service - NCEP(WMC)","subcenter":0,"refTime":"2024-04-07T18:00:00.000Z","significanceOfRT":1,"significanceOfRTName":"Start of forecast","productStatus":0,"productStatusName":"Operational products","productType":1,"productTypeName":"Forecast products","productDefinitionTemplate":0,"productDefinitionTemplateName":"Analysis/forecast at horizontal level/layer at a point in time","parameterCategory":0,"parameterCategoryName":"UnknownDiscipline_0_Category_0","parameterNumber":0,"parameterNumberName":"UnknownParameter_D0_C0_0","parameterUnit":"Unknown","genProcessType":2,"genProcessTypeName":"Forecast","forecastTime":120,"surface1Type":1,"surface1TypeName":"Ground or water surface","surface1Value":0.0,"surface2Type":255,"surface2TypeName":"Missing","surface2Value":0.0,"gridDefinitionTemplate":0,"gridDefinitionTemplateName":"Latitude_Longitude","numberPoints":615,"shape":6,"shapeName":"Earth spherical with radius of 6,371,229.0 m","gridUnits":"degrees","resolution":48,"winds":"true","scanMode":64,"nx":41,"ny":15,"basicAngle":0,"lo1":47.0,"la1":41.0,"lo2":87.0,"la2":55.0,"dx":1.0,"dy":1.0}, "data":
[rows 0 to 14 of 15, columns 0 to 40 of 41]
286.61954,278.91953,280.41953,281.61954,282.71954,283.81952,288.41953,292.61954,288.91953,290.51953,290.21954,291.61954,289.31952,289.71954,293.31952,293.71954,292.21954,288.01953,287.31952,286.31952,288.71954,287.41953,287.61954,284.31952,290.11954,290.41953,285.41953,274.31952,273.91953,273.41953,268.11954,268.21954,281.51953,287.41953,288.51953,288.91953,289.31952,288.51953,288.41953,288.51953,288.71954
259.21954,281.51953,282.01953,282.01953,282.21954,282.81952,289.11954,288.91953,288.71954,287.61954,287.01953,287.51953,288.51953,290.21954,291.11954,291.31952,291.61954,291.51953,287.91953,288.61954,289.31952,289.51953,284.21954,278.41953,264.21954,268.51953,282.51953,273.71954,276.01953,267.01953,276.51953,253.31953,271.71954,246.41953,257.41953,283.11954,282.11954,284.41953,287.21954,280.21954,279.21954
283.61954,281.61954,281.81952,282.11954,282.21954,287.81952,287.21954,287.31952,286.81952,285.71954,284.91953,284.91953,286.71954,287.41953,289.11954,290.91953,289.91953,290.01953,289.21954,289.71954,290.71954,289.31952,287.21954,281.21954,283.11954,283.71954,283.91953,284.81952,285.41953,277.41953,266.31952,271.41953,277.11954,276.11954,277.01953,276.91953,263.11954,271.41953,271.21954,266.91953,259.71954
283.71954,282.61954,281.71954,281.61954,283.51953,286.91953,287.91953,285.41953,286.21954,285.71954,283.81952,282.41953,285.41953,286.11954,287.51953,289.11954,287.61954,289.21954,289.11954,290.21954,288.81952,284.41953,287.81952,285.51953,286.21954,285.51953,284.91953,281.61954,280.01953,279.41953,280.01953,280.21954,284.01953,284.11954,282.31952,278.01953,267.01953,258.51953,269.71954,274.41953,276.21954
286.91953,283.41953,282.01953,282.41953,283.71954,285.71954,287.31952,287.21954,286.11954,285.71954,284.41953,282.11954,284.51953,284.41953,282.81952,285.61954,286.21954,286.31952,286.51953,287.11954,286.61954,286.81952,285.51953,285.51953,284.01953,283.01953,280.71954,279.91953,280.51953,279.81952,279.71954,277.71954,270.41953,257.01953,274.31952,277.61954,276.61954,279.51953,278.11954,276.71954,275.31952
289.81952,288.21954,283.21954,281.91953,280.51953,281.01953,286.41953,288.21954,285.51953,284.61954,285.41953,285.11954,283.31952,283.51953,277.11954,283.81952,285.51953,284.91953,285.41953,285.31952,285.31952,284.21954,284.31952,282.61954,281.81952,279.71954,279.31952,271.81952,280.11954,279.31952,277.51953,277.91953,274.91953,272.91953,269.91953,273.21954,263.01953,270.11954,273.21954,275.51953,274.41953
291.01953,290.31952,292.51953,289.81952,284.21954,285.41953,286.61954,287.51953,286.81952,285.71954,282.81952,282.41953,281.51953,282.01953,281.31952,282.31952,281.91953,282.51953,282.61954,281.81952,281.61954,283.31952,282.21954,280.81952,278.81952,278.41953,277.71954,278.21954,278.41953,277.61954,276.21954,275.41953,274.91953,274.11954,273.71954,272.41953,263.91953,257.51953,251.31953,257.51953,269.11954
292.51953,291.61954,293.01953,291.61954,289.91953,287.31952,287.91953,286.31952,285.31952,284.91953,283.31952,281.81952,281.11954,280.81952,280.31952,280.91953,280.51953,280.51953,279.51953,277.71954,277.51953,277.81952,278.11954,278.11954,276.21954,274.51953,274.51953,275.61954,274.01953,274.61954,272.81952,273.01953,271.41953,270.31952,269.91953,271.41953,272.31952,271.51953,272.21954,272.01953,270.81952
287.31952,287.41953,289.11954,291.61954,291.91953,290.61954,289.31952,286.81952,286.71954,285.41953,282.91953,282.11954,280.51953,280.21954,279.81952,279.61954,279.01953,278.61954,278.51953,277.81952,276.31952,276.11954,276.51953,276.01953,275.21954,275.21954,273.51953,272.91953,272.61954,271.71954,271.81952,271.21954,271.01953,271.81952,271.21954,266.81952,270.31952,269.71954,250.61954,253.31953,250.51953
285.81952,286.21954,285.51953,284.91953,285.71954,285.71954,287.21954,286.91953,286.41953,284.31952,284.01953,283.61954,283.01953,282.61954,279.71954,279.81952,279.01953,278.81952,278.51953,277.81952,277.21954,276.81952,277.11954,276.41953,276.11954,274.41953,274.91953,274.11954,273.01953,272.21954,271.51953,272.41953,272.81952,271.91953,271.31952,270.31952,266.91953,260.11954,251.41953,253.41953,249.61954
285.71954,285.71954,284.91953,284.71954,283.91953,282.51953,282.21954,283.01953,284.11954,284.51953,282.91953,283.41953,283.61954,282.81952,282.11954,281.21954,281.11954,280.91953,279.01953,276.91953,277.11954,276.11954,275.31952,276.11954,275.21954,274.91953,273.21954,274.91953,274.71954,275.41953,274.51953,273.51953,272.51953,271.91953,271.51953,271.11954,260.11954,256.51953,264.51953,259.61954,251.11954
284.01953,284.71954,284.31952,283.31952,282.41953,281.81952,280.51953,280.51953,281.01953,281.11954,279.71954,280.21954,281.61954,281.21954,281.41953,282.81952,282.71954,282.01953,280.01953,279.81952,277.81952,276.81952,275.51953,273.61954,273.81952,273.91953,274.11954,275.61954,274.91953,275.11954,273.81952,272.71954,272.51953,271.41953,271.71954,272.61954,272.21954,268.81952,265.81952,267.01953,266.31952
283.91953,284.41953,285.61954,285.41953,284.21954,283.81952,282.61954,280.21954,278.61954,280.51953,279.61954,279.41953,278.81952,279.11954,280.41953,280.71954,280.91953,280.51953,280.91953,279.41953,279.11954,277.51953,277.11954,276.31952,276.61954,276.01953,276.51953,274.51953,274.91953,274.31952,272.91953,272.51953,272.51953,272.21954,271.71954,271.51953,271.71954,271.81952,271.31952,270.61954,268.91953
283.11954,283.31952,277.51953,283.01953,282.61954,282.21954,281.41953,280.71954,281.11954,281.71954,279.81952,278.31952,278.61954,278.31952,279.31952,280.41953,279.61954,279.71954,279.71954,279.61954,279.51953,279.41953,279.01953,278.41953,277.61954,276.91953,276.21954,275.11954,273.81952,273.31952,272.61954,272.11954,271.91953,271.61954,271.21954,270.81952,270.41953,270.91953,270.81952,268.31952,270.01953
281.91953,282.51953,273.21954,281.11954,280.81952,280.41953,280.31952,279.71954,280.21954,280.41953,280.21954,279.41953,278.41953,279.41953,279.11954,278.61954,279.21954,279.61954,279.81952,278.81952,278.81952,278.51953,278.41953,278.11954,277.61954,276.71954,276.11954,274.51953,274.51953,273.81952,272.81952,271.81952,271.81952,271.91953,271.61954,271.41953,270.81952,270.71954,270.81952,270.11954,269.11954
