wind_kz.json
{"header": {"discipline":0,"disciplineName":"Meteorological products","gribEdition":2,"gribLength":1025,"center":7,"centerName":"US National Weather Service - NCEP(WMC)","subcenter":0,"refTime":"2025-04-04T18:00:00.000Z","significanceOfRT":1,"significanceOfRTName":"Start of forecast","productStatus":0,"productStatusName":"Operational products","productType":1,"productTypeName":"Forecast products","productDefinitionTemplate":0,"productDefinitionTemplateName":"Analysis/forecast at horizontal level/layer at a point in time","parameterCategory":2,"parameterCategoryName":"UnknownDiscipline_0_Category_2","parameterNumber":3,"parameterNumberName":"UnknownParameter_D0_C2_3","parameterUnit":"Unknown","genProcessType":2,"genProcessTypeName":"Forecast","forecastTime":240,"surface1Type":103,"surface1TypeName":"Specified height level above ground","surface1Value":10.0,"surface2Type":255,"surface2TypeName":"Missing","surface2Value":0.0,"gridDefinitionTemplate":0,"gridDefinitionTemplateName":"Latitude_Longitude","numberPoints":615,"shape":6,"shapeName":"Earth spherical with radius of 6,371,229.0 m","gridUnits":"degrees","resolution":48,"winds":"true","scanMode":64,"nx":41,"ny":15,"basicAngle":0,"lo1":47.0,"la1":41.0,"lo2":87.0,"la2":55.0,"dx":1.0,"dy":1.0}, "data":
[rows 0 to 14 of 15, columns 0 to 40 of 41]
6.5982738,-0.0017260743,-4.871726,-8.921726,-4.6317263,-3.681726,-2.361726,0.32827392,5.1582737,3.2282739,0.5682739,0.88827395,-0.84172606,-1.5417261,-1.7017261,-2.081726,-3.4917262,-2.381726,-3.151726,-2.341726,-2.7217262,0.3682739,-0.8317261,0.098273925,0.10827392,0.9782739,-0.17172608,2.348274,-0.29172608,4.438274,1.5582739,1.7882739,-0.16172607,0.24827392,1.6982739,-0.061726075,-2.661726,1.9582739,2.2782738,1.748274,-0.35172608
-2.201726,-3.411726,-11.8917265,-8.121726,-1.4417261,-1.6917261,-3.2717261,0.19827393,4.288274,3.938274,2.858274,1.4282739,1.2982739,0.63827395,-2.081726,-2.321726,-2.341726,-3.401726,-4.211726,-3.7117262,-3.161726,-2.7817261,2.138274,4.228274,2.9782739,2.838274,-0.0017260743,3.688274,1.3082739,3.2682738,5.588274,6.308274,1.768274,0.42827392,-4.031726,-1.0817261,-1.2917261,-2.201726,-0.8917261,-1.501726,0.70827395
-0.54172605,-5.701726,-9.381726,-6.521726,-2.821726,-1.7017261,0.42827392,1.618274,4.708274,5.458274,6.288274,5.448274,3.308274,1.6682739,0.17827393,-0.6817261,-1.8317261,-2.121726,-2.0317261,-2.941726,-2.5217261,-2.311726,-1.501726,3.5182738,1.998274,0.70827395,1.2082739,0.9482739,0.29827392,-0.47172606,3.438274,2.118274,1.2882739,0.89827394,-0.86172605,3.578274,7.428274,-0.021726074,0.28827393,1.0382739,1.4682739
-1.121726,-2.7717261,-6.3617263,-8.411726,-8.561726,-3.811726,-0.18172607,1.7082739,4.568274,4.1582737,3.588274,1.118274,3.888274,1.608274,0.70827395,0.20827393,-2.191726,-3.851726,-4.311726,-2.901726,-1.4017261,0.9482739,-1.0917261,0.84827393,3.568274,2.428274,1.6982739,-0.29172608,1.3282739,1.0282739,-6.521726,-0.061726075,-0.42172608,-2.5317261,-1.391726,-4.8417263,-1.4417261,3.618274,1.488274,0.14827393,-0.5817261
-4.351726,-1.9517261,-4.081726,-5.771726,-6.011726,-7.121726,-6.241726,-3.2717261,3.418274,3.5282738,5.3682737,4.298274,2.918274,1.0282739,-1.5317261,-2.7617261,-0.73172605,1.2782739,-2.7117262,-6.121726,1.9782739,-0.6417261,0.59827393,-0.5217261,-2.121726,-2.881726,1.4482739,-0.8717261,-2.2617261,-2.611726,-3.861726,-2.891726,2.2482738,4.218274,-1.2017261,-0.22172607,2.2882738,-4.531726,-0.7417261,-1.481726,-4.441726
-7.981726,-4.701726,-5.051726,-2.7317262,-2.901726,-3.7417262,-3.131726,-4.731726,-6.021726,-5.351726,2.4682739,5.088274,4.668274,2.938274,-0.10172608,-1.141726,0.3082739,-1.1517261,-0.5017261,-1.891726,-3.881726,-0.5017261,2.888274,4.858274,3.9882739,2.2382739,-1.3417261,-1.4517261,-0.9517261,0.18827392,-3.171726,-3.9617262,-3.581726,-4.251726,0.64827394,-1.5417261,2.808274,3.9882739,0.7482739,-1.0317261,-3.141726
-6.061726,-6.061726,-6.691726,-6.011726,-8.281726,-2.2217262,-0.8917261,1.3182739,0.12827392,-4.141726,-4.741726,-3.2117262,6.058274,4.498274,3.328274,2.318274,0.41827393,0.6882739,-1.9717261,-1.361726,-2.151726,-3.2717261,-3.121726,3.388274,2.578274,1.988274,0.35827392,-2.591726,-2.371726,1.488274,2.118274,1.768274,-0.29172608,-0.31172606,-0.5817261,-2.111726,-3.821726,-0.67172605,1.5282739,0.8682739,-1.5917261
-3.201726,-2.581726,-3.351726,-3.9717262,-5.501726,-2.931726,-2.861726,-4.921726,-6.391726,3.5382738,5.778274,3.598274,0.6882739,3.888274,5.948274,4.898274,3.7482738,1.5982739,-0.22172607,-1.3217261,0.028273925,-1.6917261,-2.151726,-2.5117261,-1.6617261,1.138274,2.9982738,1.9382739,1.5882739,-0.5517261,-1.3217261,-2.041726,0.40827394,-1.861726,0.10827392,0.6082739,0.9382739,1.008274,-1.5817261,0.028273925,-0.86172605
-6.571726,-6.731726,-5.241726,-5.141726,-6.471726,-4.121726,-0.07172608,-0.48172608,-1.9217261,-4.501726,-3.651726,2.308274,2.7782738,5.278274,3.2382739,3.7382739,4.418274,4.9082737,3.568274,1.858274,1.6582739,2.7782738,2.088274,0.53827393,-0.25172606,0.5482739,0.41827393,0.7282739,0.5682739,0.9482739,0.89827394,-0.07172608,-0.10172608,-1.1517261,1.618274,3.4882739,-1.8117261,0.46827394,-0.17172608,-0.30172607,-2.631726
-9.101727,-9.321726,-7.531726,-4.911726,-2.921726,-3.161726,-0.18172607,-1.5917261,0.40827394,-0.061726075,-0.92172605,-2.921726,-2.811726,-0.09172607,4.208274,3.848274,4.048274,4.758274,4.818274,4.3682737,3.168274,2.7182739,2.178274,2.548274,3.668274,3.098274,2.158274,1.498274,0.76827395,-0.09172607,-0.40172607,0.10827392,1.628274,1.648274,0.6682739,1.248274,0.40827394,-2.101726,1.018274,4.258274,3.168274
-8.191726,-8.741726,-9.271726,-8.651726,-5.691726,-2.161726,1.118274,3.2382739,2.7582738,1.738274,-0.46172607,0.43827394,-4.311726,0.08827393,-2.551726,-2.931726,-3.921726,0.8782739,6.198274,6.758274,6.088274,5.178274,3.698274,3.168274,2.608274,3.088274,2.568274,3.0182738,2.688274,2.128274,2.088274,1.498274,2.378274,2.5182738,3.068274,1.4382739,1.4382739,2.5382738,2.5382738,1.5582739,1.258274
-7.971726,-9.021726,-8.1417265,-9.121726,-8.111726,-4.961726,-3.7417262,0.8082739,-0.61172605,1.1882739,1.498274,-0.22172607,0.5082739,-1.001726,-2.0017262,1.3382739,2.138274,-0.0017260743,-1.4617261,-2.591726,-1.481726,3.588274,6.3682737,5.528274,5.058274,4.128274,4.148274,4.078274,3.808274,3.7882738,3.5182738,3.608274,3.0282738,3.558274,2.7182739,2.7182739,3.188274,3.318274,2.568274,1.8482739,0.8182739
-6.411726,-7.911726,-8.321726,-6.101726,-8.981726,-3.361726,-1.8317261,0.22827393,-0.85172606,0.3682739,0.45827392,-0.16172607,-2.041726,-2.121726,0.8582739,0.008273926,0.41827393,0.07827392,-0.8917261,4.278274,3.798274,3.128274,-0.46172607,0.26827392,0.16827393,3.378274,5.988274,6.3682737,6.308274,4.948274,4.558274,4.418274,4.448274,4.9082737,5.068274,4.8882737,4.178274,3.058274,4.168274,3.108274,1.6882739
-6.231726,-7.4017262,-7.871726,-7.201726,-7.311726,-10.461726,-3.851726,-1.981726,-1.2017261,-1.481726,0.76827395,0.43827394,-0.9517261,-2.9917262,-2.881726,-3.351726,-1.5317261,-0.7517261,-1.3417261,0.13827392,1.2082739,-1.9017261,-3.061726,-1.2817261,4.008274,4.438274,0.27827394,1.268274,3.2582738,2.828274,4.668274,5.018274,5.358274,5.608274,4.678274,4.698274,4.018274,4.198274,4.8482738,3.808274,4.3682737
-3.4917262,-5.961726,-6.101726,-5.6517262,-6.511726,-5.9017262,-5.3817263,-6.961726,-6.021726,-4.271726,-1.381726,0.5482739,1.878274,-0.10172608,-1.7217261,-2.071726,-2.2317262,-1.9317261,-1.881726,-1.141726,0.32827392,0.9882739,-0.18172607,0.64827394,0.7582739,-1.4317261,0.14827393,2.928274,2.598274,3.4982738,3.448274,4.898274,5.748274,5.218274,3.398274,5.988274,4.648274,5.438274,3.878274,5.628274,4.218274
