wind_kz.json
{"header": {"discipline":0,"disciplineName":"Meteorological products","gribEdition":2,"gribLength":1102,"center":7,"centerName":"US National Weather Service - NCEP(WMC)","subcenter":0,"refTime":"2023-09-07T00:00:00.000Z","significanceOfRT":1,"significanceOfRTName":"Start of forecast","productStatus":0,"productStatusName":"Operational products","productType":1,"productTypeName":"Forecast products","productDefinitionTemplate":0,"productDefinitionTemplateName":"Analysis/forecast at horizontal level/layer at a point in time","parameterCategory":2,"parameterCategoryName":"UnknownDiscipline_0_Category_2","parameterNumber":2,"parameterNumberName":"UnknownParameter_D0_C2_2","parameterUnit":"Unknown","genProcessType":2,"genProcessTypeName":"Forecast","forecastTime":180,"surface1Type":103,"surface1TypeName":"Specified height level above ground","surface1Value":10.0,"surface2Type":255,"surface2TypeName":"Missing","surface2Value":0.0,"gridDefinitionTemplate":0,"gridDefinitionTemplateName":"Latitude_Longitude","numberPoints":615,"shape":6,"shapeName":"Earth spherical with radius of 6,371,229.0 m","gridUnits":"degrees","resolution":48,"winds":"true","scanMode":64,"nx":41,"ny":15,"basicAngle":0,"lo1":47.0,"la1":41.0,"lo2":87.0,"la2":55.0,"dx":1.0,"dy":1.0}, "data":
[rows 0 to 14 of 15, columns 0 to 40 of 41]
-0.13282226,1.2671777,1.2071778,0.027177734,-3.0728223,-1.8328223,-7.9028225,-8.532823,-7.8528223,-6.762822,-6.3328223,-5.472822,-4.632822,-4.1428223,-3.3628223,-2.6128223,-1.6128223,-1.4128222,-2.2728224,-1.9828223,-1.0628222,0.89717776,1.8771777,2.9071777,4.0871778,4.5971775,3.9171777,6.757178,6.7071776,7.237178,9.557178,2.0871778,-0.052822266,-3.2528222,-2.7828224,-2.5628223,-3.8428223,-4.2328224,-4.3528223,-5.6728225,-8.562822
0.0071777343,-0.042822264,0.32717773,-3.7328222,-3.9828222,-4.8928223,-3.5228224,-6.2328224,-5.9228225,-4.6928225,-4.1028223,-2.9528222,-2.4428222,-1.9428222,-2.0428224,-0.39282227,0.067177735,-0.43282226,-0.10282227,0.017177735,0.46717775,1.2471777,1.6171777,1.8971777,2.9171777,2.0771778,2.5571778,5.6671777,8.397178,5.237178,4.177178,7.907178,6.657178,0.107177734,0.49717772,0.6171777,0.9471777,-1.0128223,-1.1128223,-3.4828222,-6.802822
-2.0228224,0.22717774,-5.072822,-4.9228225,-2.2628222,-1.6128223,-3.4328222,-4.202822,-3.9028223,-3.6928222,-3.2628222,-3.0228224,-4.842822,-0.49282226,0.79717773,0.9971777,1.3571777,1.3671777,2.0971777,2.5371778,2.8971777,4.1471777,4.6271777,5.3271775,4.7071776,3.6971776,3.4071777,4.447178,3.1471777,-1.1528223,1.5671778,-0.78282225,-0.8728223,5.4971776,1.2471777,-0.16282226,3.1871777,-0.9928223,3.3871777,-1.3128222,0.60717773
-1.3428223,-6.072822,-4.842822,0.18717773,0.47717774,-2.7028222,-2.6428223,-3.2428222,-2.8028224,-3.0428224,-1.8528223,-6.222822,-4.992822,-2.1028223,1.1271777,0.017177735,0.12717773,0.72717774,1.1171777,1.6571777,2.8571777,4.657178,4.7271776,5.3371778,6.0371776,6.717178,6.3971777,4.4371777,6.1071777,4.2071776,4.197178,5.947178,10.507177,12.717177,12.987178,8.827178,3.2371778,2.8171778,-3.1428223,-5.6528225,-4.032822
-4.4228225,-2.1328223,-2.2128222,-1.8128222,-0.47282228,-3.0828223,-2.8728223,-2.3328223,-1.1128223,-0.54282224,0.107177734,-5.202822,-1.7528223,0.21717773,3.0871778,1.2671777,1.2871777,1.8671777,1.7871777,2.9771776,3.5971777,4.5571775,6.177178,7.487178,7.3471775,8.217177,8.587177,3.6371777,3.9271777,1.7371777,3.7771778,-0.47282228,-1.1928222,2.1071777,2.8371778,-2.4728222,9.017178,-4.2328224,-5.1428223,-4.1928225,-4.322822
-1.5328223,-1.1028223,-0.5728223,-2.7628222,0.6771777,1.0671778,3.2771778,-1.0728222,-0.22282226,0.46717775,0.5671777,0.42717773,1.3271778,2.0371778,1.8271778,2.6771777,2.6571777,2.7671778,2.6971776,3.5371778,4.1871777,4.007178,5.137178,6.0871778,7.4171777,7.2271776,7.3071775,-1.4328222,3.7571778,6.117178,6.907178,3.9071777,4.007178,5.2871776,3.5771778,5.3571777,5.277178,7.4371777,-1.9028223,-0.59282225,-2.4328222
-3.8528223,-0.36282226,-1.5028223,-1.2528223,-0.32282227,1.9271778,-1.6628222,-0.8028223,-0.18282227,-1.3528223,-1.1128223,1.5771778,1.0471778,0.9271777,1.5071777,1.7771777,3.2271776,3.4071777,3.0371778,3.8071778,4.677178,3.8671777,3.5071778,3.4771776,6.217178,6.8971777,6.407178,9.217177,7.8071775,6.0971775,7.4771776,-0.032822266,8.357178,10.687178,4.817178,0.78717774,3.0271778,1.3171778,2.4871778,0.51717776,-3.2728224
-2.2428222,-1.6928222,-2.2028222,-0.91282225,-0.89282227,-0.27282226,-1.0428222,-1.1228223,-0.58282226,0.42717773,-0.30282226,0.82717776,0.49717772,1.5071777,1.8771777,2.0371778,2.9571776,4.067178,3.8771777,3.6471777,3.2471778,1.8471777,2.5971777,2.4971778,4.617178,3.7671778,4.2871776,4.1871777,6.6071777,4.197178,5.157178,8.107178,5.737178,4.737178,3.6571777,1.5671778,0.28717774,5.967178,-1.2428223,0.6171777,0.78717774
-4.972822,-1.6628222,0.057177734,0.24717773,-1.1828222,-1.0128223,-0.44282228,-0.052822266,1.5371777,1.1271777,1.5971777,1.5071777,1.3571777,1.4671777,1.1771778,1.2471777,2.4571776,2.9471776,3.1871777,0.47717774,3.8971777,4.737178,4.0371776,4.3771777,3.9171777,3.7271776,2.6171777,5.5771775,6.2671776,5.6071777,5.6871777,7.157178,6.5971775,1.1671777,7.8971777,1.5771778,0.047177736,-1.3128222,1.3571777,0.8671777,0.19717774
-0.8828223,-1.7328223,-2.1328223,-1.7228223,-0.79282224,0.34717774,0.6971777,0.28717774,0.49717772,0.9971777,1.3271778,1.3871777,0.72717774,0.32717773,1.1371777,2.1471777,0.9471777,0.8071777,2.4371777,1.6871778,3.6771777,2.6971776,4.5871778,4.657178,4.3071775,5.137178,4.5371776,5.0771775,3.9671776,5.007178,5.1471777,3.0571778,6.527178,3.6671777,1.0771778,-0.19282226,-0.6828223,-0.27282226,1.3671777,0.82717776,0.7471777
-0.64282227,0.96717775,-0.70282227,-2.4428222,-2.7028222,-2.6628222,-1.1328223,-0.042822264,-0.66282225,-0.09282227,0.41717774,-0.08282226,0.47717774,1.5371777,1.7971778,3.5471778,1.1071777,1.0471778,2.1671777,1.7771777,3.0771778,2.4671776,3.9371777,3.5571778,4.297178,4.0171776,3.5171778,4.7271776,5.1271777,6.427178,5.6471777,0.78717774,1.7571777,4.027178,0.6271777,-2.5528224,-0.52282226,-0.77282226,1.8871777,1.0371777,0.40717775
0.31717774,1.5571778,-0.5528223,-2.1928222,-0.78282225,0.6271777,1.3371778,1.5871778,1.4371778,1.8771777,1.8171778,1.5971777,1.1671777,1.7571777,2.2871778,2.3271778,1.0771778,1.8771777,2.0371778,2.9671776,1.5171777,3.5371778,3.2471778,2.3571777,2.9271777,4.277178,4.7071776,3.9271777,3.3771777,2.5971777,0.8771777,2.2871778,2.5271778,1.0571778,1.0571778,-0.8628223,-0.40282226,-1.1828222,0.5071777,-1.3828223,-1.2528223
-0.60282224,-0.38282228,0.42717773,-0.012822266,1.9171777,1.6071777,2.8271778,2.6271777,2.4171777,1.3371778,1.6571777,2.5071778,1.7971778,2.1071777,1.1671777,1.6771778,1.6971778,1.4071777,1.9371778,2.4771776,0.16717774,2.1271777,2.1971776,2.5871778,2.6571777,1.1671777,2.2771778,1.7471777,1.6571777,1.2671777,2.0771778,1.7171777,-0.36282226,1.7871777,1.3171778,-1.5428222,-3.5428224,3.0871778,3.7171776,-2.3628223,-1.0528222
1.9771777,2.2271776,-0.9928223,2.5471778,2.6871777,3.0171778,3.8471777,2.1671777,1.4371778,1.2671777,0.9371777,2.7071776,1.8871777,2.3271778,1.0471778,1.7571777,1.4871777,1.4971777,1.1671777,1.2571777,1.0971777,0.97717774,1.9171777,1.1271777,-0.67282224,1.1171777,1.0971777,1.3271778,-0.58282226,-0.40282226,0.23717773,-0.85282224,-1.1728222,-1.7728223,-2.3028224,-1.3228222,-2.5528224,3.4571776,-2.6528223,-2.2828224,-1.6328223
2.2471778,3.0171778,1.2371777,4.3271775,3.8471777,3.2771778,2.3371778,2.8371778,1.4471778,0.16717774,1.1671777,2.4371777,3.0471778,2.7671778,2.6971776,1.4271778,2.4971778,2.8071778,-0.31282225,0.17717773,0.84717774,-1.4428222,-0.15282227,0.39717773,-1.5028223,0.24717773,-0.5028223,-1.6628222,-1.7928222,-1.5728222,-2.6228223,-2.1528223,-1.6528223,-1.1428223,-0.052822266,0.43717775,-0.9928223,-0.15282227,-2.5228224,-2.5628223,-1.3128222
