wind_kz.json
{"header": {"discipline":0,"disciplineName":"Meteorological products","gribEdition":2,"gribLength":871,"center":7,"centerName":"US National Weather Service - NCEP(WMC)","subcenter":0,"refTime":"2023-08-20T06:00:00.000Z","significanceOfRT":1,"significanceOfRTName":"Start of forecast","productStatus":0,"productStatusName":"Operational products","productType":1,"productTypeName":"Forecast products","productDefinitionTemplate":0,"productDefinitionTemplateName":"Analysis/forecast at horizontal level/layer at a point in time","parameterCategory":0,"parameterCategoryName":"UnknownDiscipline_0_Category_0","parameterNumber":0,"parameterNumberName":"UnknownParameter_D0_C0_0","parameterUnit":"Unknown","genProcessType":2,"genProcessTypeName":"Forecast","forecastTime":300,"surface1Type":1,"surface1TypeName":"Ground or water surface","surface1Value":0.0,"surface2Type":255,"surface2TypeName":"Missing","surface2Value":0.0,"gridDefinitionTemplate":0,"gridDefinitionTemplateName":"Latitude_Longitude","numberPoints":615,"shape":6,"shapeName":"Earth spherical with radius of 6,371,229.0 m","gridUnits":"degrees","resolution":48,"winds":"true","scanMode":64,"nx":41,"ny":15,"basicAngle":0,"lo1":47.0,"la1":41.0,"lo2":87.0,"la2":55.0,"dx":1.0,"dy":1.0}, "data":
[rows 0 to 14 of 15, columns 0 to 40 of 41]
300.98657,291.18658,294.58658,298.38657,298.28656,297.28656,300.38657,303.18658,301.28656,301.28656,300.68658,302.88657,301.68658,302.78656,302.98657,300.18658,300.38657,300.68658,301.28656,300.78656,300.38657,296.88657,294.88657,290.88657,295.68658,296.18658,294.58658,281.98657,281.78656,279.98657,278.88657,278.98657,291.58658,298.28656,298.18658,298.08658,298.68658,297.68658,298.98657,299.38657,299.18658
280.38657,294.68658,298.38657,298.58658,298.28656,297.08658,301.58658,300.68658,299.28656,298.88657,300.38657,299.38657,298.68658,298.78656,298.68658,301.08658,300.08658,298.28656,297.08658,301.78656,298.48657,298.48657,297.08658,290.78656,281.18658,280.68658,289.28656,279.28656,282.48657,275.68658,280.48657,274.28656,281.48657,257.88657,278.78656,295.48657,293.88657,296.38657,299.68658,290.98657,284.08658
295.98657,298.38657,298.78656,298.98657,297.08658,300.68658,300.18658,298.68658,297.18658,296.28656,295.88657,296.68658,295.48657,297.68658,299.58658,297.88657,296.98657,295.98657,297.58658,299.68658,299.38657,299.38657,299.08658,293.08658,291.28656,292.58658,292.88657,290.18658,291.78656,283.18658,275.28656,277.48657,282.98657,282.88657,284.08658,285.38657,276.78656,277.98657,280.18658,276.08658,275.88657
294.38657,298.98657,298.48657,297.68658,297.08658,299.88657,299.38657,298.08658,297.88657,297.18658,296.88657,296.88657,295.08658,294.48657,300.78656,301.58658,299.58658,299.28656,300.88657,298.98657,299.28656,292.88657,296.58658,297.48657,296.28656,295.48657,295.88657,295.68658,292.68658,291.58658,293.68658,290.98657,297.28656,294.38657,292.48657,290.18658,278.68658,278.18658,280.78656,291.08658,293.28656
297.78656,298.38657,298.38657,297.88657,298.78656,301.48657,301.38657,299.88657,298.88657,298.58658,298.18658,297.18658,294.98657,293.68658,291.38657,300.38657,300.68658,299.08658,298.38657,298.58658,299.58658,299.58658,297.68658,296.98657,296.28656,295.18658,294.58658,294.08658,293.68658,295.48657,296.28656,292.28656,282.78656,275.08658,284.88657,292.98657,295.28656,297.18658,297.98657,298.28656,298.38657
296.58658,295.88657,296.88657,297.38657,297.78656,297.38657,300.98657,302.18658,299.68658,298.88657,300.18658,299.98657,295.18658,294.48657,296.78656,299.68658,301.48657,300.58658,300.98657,300.18658,298.88657,297.88657,295.78656,296.38657,295.48657,295.18658,295.88657,293.08658,298.48657,298.48657,296.48657,297.28656,296.28656,293.08658,290.48657,291.78656,285.68658,289.08658,295.58658,297.38657,295.58658
297.38657,296.88657,301.38657,302.08658,299.38657,299.48657,301.28656,300.78656,301.48657,301.68658,299.38657,298.88657,298.48657,298.18658,296.98657,300.08658,299.78656,301.28656,300.78656,300.38657,299.88657,300.28656,299.38657,298.48657,297.78656,298.28656,296.68658,298.08658,297.88657,297.68658,296.38657,296.18658,295.98657,297.28656,294.78656,293.08658,287.48657,283.68658,277.98657,280.08658,291.88657
300.68658,299.38657,301.78656,302.78656,302.98657,302.48657,301.18658,300.28656,299.38657,300.28656,299.58658,299.48657,298.58658,298.68658,299.18658,300.78656,300.58658,300.18658,300.28656,298.08658,298.18658,298.08658,297.88657,296.98657,296.18658,293.08658,293.88657,295.58658,293.98657,295.18658,293.78656,294.08658,292.98657,290.38657,289.28656,291.08658,293.28656,289.48657,289.68658,289.58658,284.18658
301.18658,299.98657,301.18658,300.98657,302.68658,300.68658,299.78656,299.18658,298.28656,298.28656,296.88657,296.78656,296.38657,298.08658,298.78656,299.28656,300.08658,300.08658,299.18658,296.98657,295.38657,295.88657,296.48657,297.08658,295.98657,297.48657,292.38657,291.48657,289.38657,288.38657,290.48657,290.68658,292.08658,292.98657,291.48657,288.08658,288.28656,287.18658,277.38657,277.78656,274.58658
300.18658,301.58658,301.38657,300.88657,300.28656,298.48657,298.18658,298.78656,298.28656,297.58658,296.68658,296.48657,296.88657,297.38657,297.58658,298.18658,298.28656,298.88657,298.68658,298.08658,296.28656,296.38657,296.58658,296.38657,295.18658,293.08658,292.88657,291.88657,290.98657,290.48657,289.48657,292.88657,294.08658,294.08658,293.18658,290.48657,286.98657,284.78656,277.88657,276.38657,276.48657
300.08658,300.18658,300.68658,299.08658,298.68658,299.48657,298.88657,297.98657,297.68658,296.98657,296.18658,295.28656,297.08658,296.18658,296.58658,297.08658,296.98657,297.18658,297.68658,296.28656,296.28656,295.88657,294.78656,294.08658,292.58658,291.48657,289.18658,290.88657,290.88657,291.98657,292.48657,292.88657,290.98657,291.78656,288.98657,287.58658,284.58658,282.38657,281.98657,283.48657,281.28656
298.68658,300.48657,298.68658,298.58658,298.18658,297.48657,296.08658,296.58658,295.28656,296.18658,293.98657,293.68658,295.98657,295.38657,295.28656,295.58658,295.78656,295.48657,295.88657,294.48657,292.68658,291.68658,291.78656,291.18658,289.38657,289.58658,289.18658,289.78656,290.28656,289.88657,288.08658,289.88657,290.88657,287.78656,288.38657,287.78656,287.58658,287.98657,285.68658,286.38657,285.88657
295.48657,294.68658,296.48657,297.88657,298.48657,296.38657,295.58658,295.78656,292.58658,293.28656,290.78656,290.68658,293.48657,292.48657,293.98657,294.48657,294.28656,294.18658,293.98657,291.58658,289.78656,287.68658,286.48657,285.58658,287.48657,288.18658,289.48657,288.48657,288.88657,287.68658,288.48657,288.38657,288.08658,287.08658,285.88657,285.68658,286.18658,286.08658,284.78656,284.48657,286.48657
292.08658,294.08658,291.98657,296.38657,296.38657,295.08658,293.98657,295.48657,294.18658,293.68658,291.68658,289.88657,288.98657,290.78656,291.78656,291.88657,292.58658,291.48657,291.28656,289.58658,289.08658,287.78656,287.58658,287.08658,287.18658,287.28656,286.98657,286.98657,286.18658,286.58658,286.58658,286.38657,286.28656,285.18658,284.98657,284.38657,286.68658,286.08658,285.38657,281.28656,281.38657
290.28656,292.88657,290.48657,294.68658,294.18658,296.78656,292.68658,294.08658,295.18658,293.98657,292.68658,290.18658,288.28656,288.88657,289.88657,290.78656,289.88657,289.08658,288.68658,287.78656,287.38657,286.38657,285.58658,285.18658,285.18658,284.78656,284.58658,284.38657,284.48657,284.08658,284.48657,284.08658,283.08658,283.78656,283.18658,283.48657,285.18658,284.48657,284.98657,284.18658,283.38657
