wind_kz.json
{"header": {"discipline":0,"disciplineName":"Meteorological products","gribEdition":2,"gribLength":1025,"center":7,"centerName":"US National Weather Service - NCEP(WMC)","subcenter":0,"refTime":"2023-08-07T12:00:00.000Z","significanceOfRT":1,"significanceOfRTName":"Start of forecast","productStatus":0,"productStatusName":"Operational products","productType":1,"productTypeName":"Forecast products","productDefinitionTemplate":0,"productDefinitionTemplateName":"Analysis/forecast at horizontal level/layer at a point in time","parameterCategory":2,"parameterCategoryName":"UnknownDiscipline_0_Category_2","parameterNumber":3,"parameterNumberName":"UnknownParameter_D0_C2_3","parameterUnit":"Unknown","genProcessType":2,"genProcessTypeName":"Forecast","forecastTime":60,"surface1Type":103,"surface1TypeName":"Specified height level above ground","surface1Value":10.0,"surface2Type":255,"surface2TypeName":"Missing","surface2Value":0.0,"gridDefinitionTemplate":0,"gridDefinitionTemplateName":"Latitude_Longitude","numberPoints":615,"shape":6,"shapeName":"Earth spherical with radius of 6,371,229.0 m","gridUnits":"degrees","resolution":48,"winds":"true","scanMode":64,"nx":41,"ny":15,"basicAngle":0,"lo1":47.0,"la1":41.0,"lo2":87.0,"la2":55.0,"dx":1.0,"dy":1.0}, "data":
[rows 0 to 14 of 15, columns 0 to 40 of 41]
1.2938209,-2.6461792,2.1838207,0.5938208,-2.736179,-3.0861793,-4.436179,-3.8761792,-2.3861792,-0.8361792,-1.7261792,-1.5761791,-1.1861792,-2.9561791,-3.4061792,-4.0861793,-4.386179,-3.3461792,-2.1061792,-1.1161792,-0.9661792,-1.4161792,0.1638208,-0.7961792,-2.0261793,-1.1061792,-0.7661792,1.0238208,0.4538208,1.4738208,0.1738208,-0.9961792,-0.3361792,-0.9661792,-2.0261793,-1.6261792,-1.7861792,-1.8261791,0.2738208,-1.4361792,3.1538208
3.3038208,2.1338208,3.1138208,-0.21617919,-4.9061794,-4.2961793,-4.4861794,-4.7961793,-3.2161791,-0.6161792,-1.9861792,-1.2061791,-1.9361792,-2.6961792,-3.4161792,-3.016179,-3.0861793,-0.7561792,-3.7061791,-2.8861792,-1.6961792,3.3638208,1.8538208,1.4038208,-0.0861792,0.5638208,-2.0261793,0.8738208,-0.3761792,1.1838208,3.263821,3.4638207,-0.1561792,-1.0461792,-3.236179,-2.9061792,-2.8561792,-5.136179,-3.0761793,-2.7161791,0.8338208
2.3838208,5.4338207,2.1838207,-0.6361792,-2.3261793,-3.4061792,-3.9761791,-4.5461793,-2.3361793,-2.8961792,-2.756179,-1.0661792,-0.7961792,-1.7761792,-2.6661792,-3.2861793,-2.736179,-1.6961792,-1.6961792,-2.8361793,-2.4061792,1.8538208,1.8638208,1.6738209,2.6238208,1.5838208,2.243821,0.7538208,0.3038208,2.7838209,3.5338209,1.5138208,2.5938208,-1.1661792,-0.0561792,2.983821,3.4238207,0.5438208,0.3838208,-1.4061792,-0.5261792
2.5338209,3.8038208,2.5538208,-0.3661792,-2.4261792,-2.246179,-4.0861793,-4.2561793,-3.8661792,-3.496179,-2.9161792,-1.2261792,-0.9661792,-1.0361792,-2.1361792,-1.8961792,-3.8261793,-2.2061791,-1.3361793,-0.8761792,-0.8361792,1.9338208,2.5738208,2.2938209,0.5338208,1.8838208,2.0838208,1.4438208,2.993821,1.5738208,2.483821,-0.5161792,-1.7861792,-0.4661792,-1.0361792,-2.9661791,-1.0661792,2.4138207,3.6338208,1.2838207,0.9738208
3.5438209,3.5238209,1.6138208,-0.4661792,-3.496179,-2.986179,-4.116179,-1.7961792,-2.236179,-3.8261793,-3.9261792,-3.5361793,-3.9261792,-2.5461793,-3.6761792,-1.3461792,-1.0561792,-2.1661792,-4.016179,-0.7661792,0.6238208,-0.1561792,-2.7761793,-2.5661793,-2.1061792,0.0238208,2.0338209,-0.1661792,1.9738208,3.243821,2.2738209,1.9638208,1.7738208,2.243821,-0.9561792,-1.7661792,1.3038208,-1.1861792,-2.9561791,-2.1861792,-0.5961792
3.6038208,2.4338207,0.9038208,-2.1161792,-3.3261793,-3.6661792,-3.6361792,-4.2361794,-3.5761793,-3.516179,-3.8261793,-4.5061793,-5.346179,-5.2161794,-4.396179,-3.9061792,1.4338208,2.6638207,-0.4461792,-0.8161792,-5.206179,-1.0661792,-1.0261792,3.0538208,0.6338208,-2.3261793,-2.236179,-1.1861792,-3.6461792,1.2838207,1.0638208,0.9138208,1.1538208,3.493821,3.0238209,2.6438208,3.4138207,2.1138208,-1.2261792,-2.3561792,-2.0461793
1.9138207,1.9938208,0.123820804,-0.9561792,-3.0961792,-3.3661792,-3.7961793,-3.7861793,-4.2961793,-5.396179,-5.4861794,-3.7061791,-6.056179,-5.876179,-5.6561794,-5.646179,-5.416179,-1.8161792,2.5738208,0.9038208,0.4438208,-2.766179,-0.7361792,0.1938208,2.3738208,1.7138208,0.4538208,-1.4261792,-3.0361793,1.2638208,1.5638208,-0.6061792,-2.6061792,0.0338208,-0.4861792,-0.5661792,-2.5561793,0.3338208,-0.5461792,-0.9461792,-0.3061792
-0.046179198,0.2438208,-1.8261791,-1.3561792,-2.246179,-3.6861792,-4.146179,-4.596179,-4.9261794,-5.5261793,-6.436179,-5.746179,-6.246179,-6.456179,-5.996179,-5.886179,-6.186179,-2.3461792,-5.886179,2.5938208,2.0438209,-0.0761792,-1.8161792,-2.8361793,-0.5961792,1.6738209,0.4438208,-0.016179198,0.9038208,-4.0461793,-1.1461792,-0.28617918,-1.0861793,-2.1661792,-0.006179199,-0.3861792,-0.3861792,1.3638208,-1.1661792,0.0838208,-1.1061792
0.5838208,0.4038208,-0.046179198,-2.1661792,-2.1761792,-2.9161792,-3.3461792,-4.456179,-5.3161793,-4.5461793,-5.096179,-6.0461793,-5.686179,-6.206179,-5.5861793,-5.536179,-3.236179,-1.8461792,-0.28617918,-0.6261792,0.4538208,-1.6661792,-1.0561792,-2.3561792,-1.5261792,3.1538208,1.6238208,1.8338208,0.8838208,0.8038208,0.3738208,0.1438208,0.8538208,-0.9161792,-0.3561792,1.7438208,-1.6061792,-0.016179198,0.5438208,0.4238208,0.013820801
0.6538208,0.7038208,-0.3461792,-0.9261792,-1.1761792,-2.2861793,-2.9561791,-3.5861793,-4.746179,-4.4861794,-4.626179,-4.9461794,-5.8161793,-6.386179,-6.706179,-6.136179,-4.416179,-3.9461792,-2.6461792,-1.4761792,1.2838207,0.4838208,-2.4361792,-1.0461792,-1.0061792,-0.7261792,0.3838208,1.3938208,0.9338208,-0.3561792,0.8738208,0.6238208,-1.0561792,0.3438208,0.5038208,0.3238208,0.3838208,-0.8261792,0.9638208,2.493821,1.6738209
0.9438208,1.1638207,0.8138208,-0.8261792,-1.5861793,-1.5661792,-2.4161792,-3.5261793,-4.896179,-5.726179,-4.9061794,-2.8461792,-5.496179,-5.266179,-6.606179,-5.826179,-4.2961793,-4.786179,-3.0861793,-2.6461792,-0.8361792,-0.8861792,-1.7561792,-0.3461792,-2.5461793,-2.0861793,-0.8661792,0.7838208,1.6938208,2.743821,2.7238207,2.5538208,1.8038208,0.043820802,-0.0561792,-0.2361792,0.8438208,0.6938208,1.5638208,0.8738208,0.043820802
0.2738208,1.4638208,1.7738208,1.4738208,1.1538208,-0.9061792,-2.0461793,-2.8861792,-3.6961792,-3.3661792,-3.746179,-5.916179,-5.806179,-5.286179,-5.106179,-5.436179,-6.096179,-6.2561793,-5.3161793,-3.4161792,-3.7161791,-2.8461792,-1.7461792,-1.4961792,-1.4161792,-1.8561792,-1.1161792,-2.3061793,-0.6061792,2.0238209,2.753821,3.1038208,1.3838208,0.8838208,-0.7661792,-0.5561792,1.6738209,2.7138207,2.6438208,2.6138208,1.2938209
2.0838208,1.1938208,1.0838208,2.1238208,1.2538208,-0.0761792,-1.3161792,-2.4561791,-3.266179,-1.9961792,-1.9061792,-2.5861793,-3.9761791,-5.0261793,-4.576179,-4.1961794,-4.136179,-3.986179,-4.266179,-4.106179,-2.2861793,-1.0861793,-1.2261792,-1.2061791,-1.5461792,-1.5561792,-0.4461792,0.3838208,1.3438208,1.8838208,1.7138208,0.9438208,0.8838208,1.1438208,0.3838208,-0.9361792,-0.7061792,0.5938208,1.7538208,2.4238207,1.4538208
1.9538208,1.6938208,0.0038208007,1.4138207,1.3238208,0.8238208,-0.6861792,-1.0661792,-1.3261791,-1.6961792,0.4138208,-1.2361792,-1.3661792,-2.3061793,-3.4661791,-3.7961793,-3.5561793,-3.2961793,-3.1661792,-3.4361792,-3.0361793,-2.6761792,-2.6461792,-2.5961792,-2.8861792,-3.1661792,-3.5761793,-2.4661791,1.4738208,2.5738208,2.5438209,2.0638208,1.5438209,1.9538208,0.7938208,0.2738208,-0.4161792,-0.6661792,0.9338208,1.5938208,1.8938208
1.5338207,1.3538208,-0.2261792,1.6238208,-0.1961792,0.1438208,-0.8861792,-1.6261792,-2.0361793,-1.9861792,-0.7861792,0.5238208,0.8638208,-0.6861792,-2.8861792,-3.0961792,-3.2861793,-3.4661791,-3.1761792,-3.266179,-3.236179,-3.1461792,-3.3261793,-3.1861792,-3.236179,-2.8161793,-3.996179,-5.0261793,-5.9261794,-4.4661794,-4.806179,-2.2161791,-0.3461792,0.3838208,1.7138208,1.5938208,1.7438208,2.0238209,1.7538208,1.0638208,0.6838208
