wind_kz.json
{"header": {"discipline":0,"disciplineName":"Meteorological products","gribEdition":2,"gribLength":1102,"center":7,"centerName":"US National Weather Service - NCEP(WMC)","subcenter":0,"refTime":"2025-04-06T00:00:00.000Z","significanceOfRT":1,"significanceOfRTName":"Start of forecast","productStatus":0,"productStatusName":"Operational products","productType":1,"productTypeName":"Forecast products","productDefinitionTemplate":0,"productDefinitionTemplateName":"Analysis/forecast at horizontal level/layer at a point in time","parameterCategory":2,"parameterCategoryName":"UnknownDiscipline_0_Category_2","parameterNumber":2,"parameterNumberName":"UnknownParameter_D0_C2_2","parameterUnit":"Unknown","genProcessType":2,"genProcessTypeName":"Forecast","forecastTime":60,"surface1Type":103,"surface1TypeName":"Specified height level above ground","surface1Value":10.0,"surface2Type":255,"surface2TypeName":"Missing","surface2Value":0.0,"gridDefinitionTemplate":0,"gridDefinitionTemplateName":"Latitude_Longitude","numberPoints":615,"shape":6,"shapeName":"Earth spherical with radius of 6,371,229.0 m","gridUnits":"degrees","resolution":48,"winds":"true","scanMode":64,"nx":41,"ny":15,"basicAngle":0,"lo1":47.0,"la1":41.0,"lo2":87.0,"la2":55.0,"dx":1.0,"dy":1.0}, "data":
[rows 0 to 14 of 15, columns 0 to 40 of 41]
3.2219758,3.6019757,-0.4280243,3.9819758,3.6419756,1.1919757,4.5519757,6.3419757,2.5119758,-1.5080243,-2.4780242,-2.5980244,-2.0080242,-4.278024,-4.108024,-3.5980244,-4.378024,-5.898024,-7.0380244,-6.878024,-4.6180243,-1.5080243,2.3219757,1.3219757,2.1219757,1.0319757,1.1819757,-1.2780243,0.8819757,-0.57802427,-1.1680243,0.5219757,-1.3480242,-1.5380243,-1.8680243,-0.49802428,-1.5680243,-1.7680243,0.021975707,0.2619757,1.1419758
2.8219757,-2.2180243,4.431976,3.9619758,0.4119757,0.4719757,5.7819757,7.141976,1.0519757,0.061975706,-2.0580244,-3.9880242,-3.3680243,-4.8280244,-4.6980243,-4.5380244,-4.8280244,-4.9680243,-4.298024,-3.4880242,-2.1680243,-2.1180243,-0.82802427,0.2019757,0.19197571,0.4519757,-0.8480243,1.1419758,-1.4780242,-0.11802429,0.7619757,0.28197572,-1.0080243,0.7019757,-0.4480243,1.2319757,1.9119757,1.0319757,-0.40802428,1.7319757,1.1519758
5.7519755,-1.3280243,1.7619758,4.0419755,3.2019758,2.4219756,7.3219757,5.991976,-0.7180243,-1.4480243,-1.9380243,-2.8480244,-5.358024,-4.568024,-4.7080245,-3.7680242,-3.5380242,-2.9480243,-1.6280243,-1.3080243,-0.048024293,1.5219758,2.3319757,2.4019756,-1.4080243,1.5719757,1.2319757,1.3419757,2.9819758,-0.1580243,1.2119757,-2.1280243,0.19197571,2.6319757,0.40197572,-0.3980243,1.0719757,0.8419757,0.24197571,2.7319758,3.0519757
8.901976,5.411976,5.1519756,5.0519757,5.241976,4.3419757,2.5519757,0.92197573,-1.7080243,-1.2380242,-4.608024,-8.928024,-7.508024,-6.008024,-3.6780243,-2.6880243,-1.7180243,-0.11802429,0.8819757,1.8819757,1.8319757,1.3919758,3.3919756,4.5519757,4.681976,5.181976,4.6319757,4.2919755,6.371976,5.0619755,-0.4480243,2.8319757,0.2619757,1.5319757,2.1419756,1.7119757,0.2919757,2.2619758,-1.5980242,-3.6880243,-3.6680243
10.841975,4.1319757,3.4219756,4.971976,5.2519755,4.221976,4.411976,0.9119757,-2.2680242,-3.0080242,-7.318024,-7.608024,-5.7080245,-4.278024,-2.0980244,-1.8680243,-0.8180243,1.1019757,1.4919757,2.3919756,3.9519758,4.7119756,6.2319756,7.4019756,8.221975,8.391975,8.581976,7.911976,7.4619756,7.391976,7.5919757,5.391976,2.9619758,3.0519757,-2.3280244,-3.2180243,-0.4280243,-3.0280242,-2.0980244,-1.7880243,-1.7880243
11.861975,5.5219755,-1.9880242,1.4319757,-2.4480243,-5.008024,-3.6580243,-7.6180243,-5.6780243,-7.2480245,-6.528024,-5.6780243,-2.5080242,-1.9280243,0.1719757,-0.9680243,2.1819756,1.7119757,1.8219757,1.9219757,3.3219757,5.2319756,6.0519757,7.641976,8.401976,10.431975,10.621975,2.2019758,6.511976,8.351975,8.871976,9.101975,8.901976,7.6719756,1.2119757,-0.05802429,2.2919757,0.7219757,3.0319757,2.2419758,4.3619757
11.791975,1.0819757,-2.9080243,-4.838024,-6.7180243,-8.058024,-7.1980243,-7.358024,-7.398024,-6.7880244,-4.278024,-2.8980243,-1.1080242,0.121975705,0.6619757,1.3819757,1.8519757,2.2019758,1.0719757,3.9619758,5.2119756,4.5619755,5.331976,7.221976,7.621976,9.381976,10.391975,9.2719755,4.3019757,5.7519755,7.7319756,8.0219755,8.631976,8.381976,6.581976,4.9019756,2.8619757,0.6519757,4.9219756,1.4119757,-0.8480243
10.371975,2.6519756,-1.6380243,-4.488024,-6.088024,-6.4780245,-6.3280244,-5.5180244,-5.0580244,-4.2180243,-2.7380242,-1.3980243,-0.05802429,0.8119757,1.2419757,3.0619757,3.0719757,2.5519757,3.3419757,1.9819757,2.0419757,2.9119756,3.6019757,4.8219757,7.4219756,8.171976,8.181975,7.431976,8.351975,7.8419757,6.7719755,8.381976,6.911976,7.3119755,6.971976,8.201976,7.9619756,-4.9080243,-7.4980245,-7.9780245,-4.508024
9.621976,5.2919755,0.9919757,-0.9480243,-2.8080244,-3.3080244,-3.3080244,-3.9480243,-3.4080243,-2.5680244,-1.6180243,0.09197571,1.2819757,2.1819756,2.2019758,1.9219757,1.7219757,3.4319756,3.1719756,3.4019756,4.5719757,3.6419756,-0.3580243,3.8419757,4.721976,4.951976,5.0619755,7.0619755,6.7919755,7.0519757,6.3419757,7.431976,8.281976,8.761975,7.581976,4.0719757,-1.2080243,-3.5680244,-2.3480244,-0.2380243,-1.0380243
9.871976,3.6519756,2.0519757,1.0519757,-0.5480243,-1.3980243,-1.3280243,-1.0880243,-1.1580243,-0.24802428,0.8619757,2.0019758,2.9019756,3.3019757,2.5919757,0.6319757,1.7619758,2.0919757,2.8019757,2.7519758,3.3719757,3.0919757,0.5119757,2.0619757,2.6219757,2.7619758,3.4819758,4.6719756,6.5219755,7.991976,8.511975,9.011975,8.691976,6.5319757,7.0919757,2.3319757,-1.4180243,-2.1580243,0.6319757,-0.70802426,-1.1980243
9.111976,4.3019757,2.6819756,0.9419757,0.5719757,-0.2580243,0.021975707,-0.4580243,-0.098024294,0.40197572,1.5119758,2.8719757,3.8419757,3.2919757,2.1719756,2.3119757,1.4519757,2.5319757,1.6119757,2.9819758,0.3019757,1.1619757,1.3619757,-1.1880243,0.8119757,2.7319758,2.6119757,4.121976,2.7819757,4.5319757,5.081976,6.4819756,5.181976,5.5319757,6.0219755,1.6219757,-0.2980243,-0.8780243,0.7519757,0.8319757,-0.8680243
8.991976,0.9019757,5.871976,0.31197572,0.7419757,0.67197573,0.1419757,1.0419757,0.6919757,1.3319757,2.4619758,3.5419757,1.1619757,0.9119757,-0.4480243,-2.1680243,0.1519757,0.40197572,1.3619757,1.7719758,2.0919757,1.2719758,-0.028024292,0.2619757,1.9619757,2.9519758,0.9419757,0.7119757,1.9719757,3.8319757,2.5319757,2.6519756,3.0519757,1.8319757,3.2219758,0.2719757,3.9119756,-0.3680243,-2.0880244,-0.9980243,-1.3380243
5.831976,2.9419756,5.0519757,-0.13802429,-0.098024294,-0.018024292,-0.5680243,2.5819757,0.7719757,1.8919758,2.5019758,2.5819757,0.6819757,-2.2680242,-2.1280243,-1.7980243,-0.22802429,0.7419757,-0.018024292,0.5519757,1.0919757,0.4919757,0.121975705,0.43197572,0.4419757,0.6319757,0.121975705,3.6919756,0.5619757,0.3919757,-0.9780243,0.7119757,-2.3780243,-0.2180243,-2.8580244,-1.9480243,-1.5080243,-2.1580243,-0.19802429,-1.4580243,0.8019757
-1.1680243,-1.5880243,-2.0580244,-0.7480243,0.22197571,1.1819757,0.6619757,0.5119757,1.8819757,1.0619757,1.5219758,0.8919757,-1.2180243,-0.6580243,-1.1980243,-0.8580243,1.3319757,0.061975706,0.001975708,-0.6680243,-0.24802428,0.4519757,1.1119757,1.2519757,1.4019758,0.98197573,0.9719757,0.121975705,-0.6680243,-0.9080243,-0.7580243,-1.4880242,-2.2480242,-3.4480243,-2.1380243,-2.6580243,-1.0380243,1.9319757,0.11197571,-0.028024292,0.3319757
-1.5880243,-2.1680243,-0.46802428,0.09197571,-0.03802429,0.40197572,-0.06802429,1.3419757,1.7919757,-0.3080243,0.9719757,2.7419758,-1.2780243,-0.37802428,-0.11802429,0.4619757,0.25197572,0.2319757,-0.6880243,-0.5480243,-0.1880243,-0.17802429,-0.2980243,0.07197571,0.79197574,0.9919757,0.9319757,0.4119757,1.1319757,-0.57802427,-0.2580243,1.4319757,1.7619758,0.4519757,0.1819757,1.3219757,0.7719757,2.4919758,2.6719756,4.6119757,1.2519757
