wind_kz.json
{"header": {"discipline":0,"disciplineName":"Meteorological products","gribEdition":2,"gribLength":1025,"center":7,"centerName":"US National Weather Service - NCEP(WMC)","subcenter":0,"refTime":"2023-08-22T06:00:00.000Z","significanceOfRT":1,"significanceOfRTName":"Start of forecast","productStatus":0,"productStatusName":"Operational products","productType":1,"productTypeName":"Forecast products","productDefinitionTemplate":0,"productDefinitionTemplateName":"Analysis/forecast at horizontal level/layer at a point in time","parameterCategory":2,"parameterCategoryName":"UnknownDiscipline_0_Category_2","parameterNumber":2,"parameterNumberName":"UnknownParameter_D0_C2_2","parameterUnit":"Unknown","genProcessType":2,"genProcessTypeName":"Forecast","forecastTime":180,"surface1Type":103,"surface1TypeName":"Specified height level above ground","surface1Value":10.0,"surface2Type":255,"surface2TypeName":"Missing","surface2Value":0.0,"gridDefinitionTemplate":0,"gridDefinitionTemplateName":"Latitude_Longitude","numberPoints":615,"shape":6,"shapeName":"Earth spherical with radius of 6,371,229.0 m","gridUnits":"degrees","resolution":48,"winds":"true","scanMode":64,"nx":41,"ny":15,"basicAngle":0,"lo1":47.0,"la1":41.0,"lo2":87.0,"la2":55.0,"dx":1.0,"dy":1.0}, "data":
[rows 0 to 14 of 15, columns 0 to 40 of 41]
2.0108302,-0.47916993,2.0508301,1.4308301,-0.15916993,0.87083006,1.5408301,1.00083,-4.28917,-2.52917,-2.4991698,-2.7391698,-2.4491699,-2.93917,-3.39917,-3.9491699,-3.9691699,-2.89917,-4.27917,-2.05917,-0.8591699,-1.0491699,-1.74917,-0.8391699,1.66083,-2.16917,-2.88917,0.26083007,0.17083007,0.4308301,-1.74917,0.9108301,-0.47916993,2.12083,3.95083,-1.60917,-2.03917,0.6508301,0.18083008,-3.89917,-2.11917
0.30083007,1.4208301,1.1908301,0.32083008,-0.22916992,2.5008302,2.38083,-1.4391699,-1.0391699,-0.35916993,-2.79917,-0.42916992,-1.48917,-3.12917,-3.87917,-4.75917,-2.9791698,-3.2291698,-1.2091699,-0.55916995,0.5108301,-0.009169922,-1.47917,-2.4891698,1.5608301,0.8308301,-0.62916994,2.07083,-0.14916992,-1.1491699,0.4608301,-1.2591699,-0.26916993,-3.07917,-0.39916992,-0.029169923,-0.26916993,0.2808301,-0.5191699,1.5608301,-3.03917
-0.61916995,-1.5291699,-2.88917,-0.9091699,1.6108301,1.64083,-2.52917,0.8508301,0.62083006,0.93083006,0.20083007,1.16083,-3.2391698,-3.9491699,-4.37917,-4.23917,-3.33917,-1.71917,-0.7091699,-0.26916993,-0.7291699,-1.6591699,-3.08917,-1.6491699,0.48083007,1.2108301,2.34083,0.7708301,-2.84917,0.15083008,-0.7391699,2.9908302,-0.18916993,-0.7191699,0.07083008,-1.1891699,-0.68916994,0.10083008,-2.15917,8.3007815E-4,1.9608301
-3.11917,-6.47917,-5.8891697,-5.01917,-4.25917,-3.2091699,1.51083,-2.53917,-1.9091699,-0.9791699,-1.7691699,-4.5991697,-5.72917,-4.55917,-2.55917,-3.4591699,-3.67917,-3.7091699,-3.58917,-3.7291698,-0.12916993,-0.68916994,1.6008301,-1.12917,-2.1991699,0.3408301,-0.74916995,1.27083,0.44083008,1.3508301,-1.5591699,-1.6791699,-1.3291699,-2.54917,-2.61917,-2.77917,-1.83917,1.1708301,0.45083007,-1.1791699,-0.88916993
-3.04917,-5.29917,-4.96917,-4.04917,-3.32917,-2.03917,-1.49917,-1.84917,-1.0291699,-0.42916992,-0.5191699,-0.7291699,-1.5591699,0.3408301,1.9608301,1.12083,0.30083007,-2.59917,-2.17917,-1.7691699,-1.7091699,-1.85917,-2.9891698,0.5308301,0.41083008,0.55083007,1.2908301,2.43083,1.9808301,1.6708301,-3.2591698,-1.5691699,-2.02917,-0.3191699,1.7108301,2.0408301,-2.65917,-3.89917,-4.28917,-4.05917,-3.32917
-2.7191699,-2.54917,-3.53917,-3.06917,-1.6691699,-2.04917,-1.6691699,-1.0491699,0.23083007,0.06083008,-0.35916993,0.33083007,1.4508301,4.23083,3.47083,2.88083,1.6108301,1.14083,-0.24916992,1.16083,2.5408301,2.38083,1.8608301,0.81083006,-0.5291699,1.12083,3.42083,4.35083,3.2908301,0.7108301,0.99083006,-3.53917,0.3708301,-2.07917,-1.5691699,-4.81917,-1.10917,-2.67917,-2.29917,-3.02917,-2.7191699
-2.79917,-2.1991699,-1.4591699,-1.3291699,-1.4491699,0.56083006,-0.6691699,-0.24916992,-0.039169922,0.22083008,1.02083,0.3708301,0.07083008,0.69083005,-0.20916992,0.41083008,3.07083,2.86083,1.2308301,1.38083,1.7408301,1.64083,0.5408301,0.2808301,1.4708301,1.76083,0.6608301,3.46083,3.57083,0.5108301,-1.98917,-1.12917,-1.3991699,-0.63916993,-4.39917,-3.2391698,-2.41917,2.18083,-3.60917,3.0408301,2.84083
-2.2191699,-1.7991699,-0.04916992,-0.6791699,-0.7191699,0.5908301,0.13083008,0.39083007,0.80083007,1.0408301,1.3408301,1.66083,1.1908301,0.9608301,1.3508301,1.2908301,1.1908301,-0.7891699,-1.2891699,2.72083,3.88083,2.92083,3.0108302,1.38083,1.8208301,4.02083,7.03083,5.49083,5.81083,3.5108302,2.0008302,0.16083008,-0.8391699,0.38083008,-1.47917,1.02083,-1.34917,-4.20917,-2.13917,-4.23917,-2.17917
-1.0491699,-0.47916993,-0.20916992,0.93083006,1.2108301,1.9208301,1.9508301,3.42083,3.0508301,4.09083,4.12083,2.68083,1.9508301,1.0808301,1.4208301,2.47083,3.38083,3.44083,3.0408301,2.06083,1.87083,1.7208301,1.51083,2.19083,2.84083,3.32083,4.87083,5.9208302,8.76083,8.04083,5.4008303,2.47083,2.5208302,0.110830076,-0.38916993,1.4208301,0.9008301,-2.5091698,-2.2091699,-0.5991699,-1.21917
0.26083007,0.5308301,0.61083007,1.51083,2.07083,3.71083,3.88083,3.19083,3.2908301,3.72083,3.2908301,3.4908302,4.53083,5.35083,4.43083,5.39083,4.81083,4.51083,4.99083,3.33083,4.1508303,3.20083,2.68083,2.84083,4.72083,4.45083,4.19083,6.89083,7.51083,11.36083,11.11083,3.82083,0.35083008,0.020830078,-0.8591699,-0.48916993,-2.68917,-0.88916993,-1.85917,-0.48916993,-1.58917
2.96083,2.7508302,1.9908301,2.40083,3.2708302,1.87083,2.63083,3.9808302,-0.8491699,1.9308301,4.70083,7.46083,6.23083,7.23083,7.24083,7.6308303,6.77083,7.07083,5.03083,3.2408302,2.9808302,3.0108302,3.0408301,5.52083,4.76083,4.1308303,6.28083,6.69083,7.21083,8.71083,11.08083,9.77083,-1.21917,-0.15916993,-0.48916993,-2.12917,-1.5391699,-0.50916994,-0.75916994,0.7108301,-2.17917
0.86083007,0.4308301,0.7008301,1.3508301,2.31083,3.0508301,1.4208301,1.6708301,3.7608302,3.95083,4.68083,5.95083,6.01083,6.98083,7.66083,7.44083,7.1708302,6.80083,6.62083,3.88083,3.33083,5.1708302,5.27083,6.1708302,5.1308303,6.26083,7.04083,7.85083,9.52083,6.35083,6.25083,3.0408301,-4.24917,-5.54917,-4.35917,-4.45917,-3.07917,-1.9091699,-1.12917,-1.0091699,-0.88916993
0.99083006,1.1808301,1.8508301,1.7208301,1.9308301,1.8208301,3.5008302,4.10083,5.75083,4.07083,2.96083,5.21083,6.16083,6.9008303,7.26083,7.21083,6.8608303,5.8808303,4.59083,4.07083,3.62083,4.72083,5.72083,6.48083,7.23083,8.1608305,5.8808303,6.57083,4.29083,4.08083,6.03083,-5.66917,-6.96917,-6.46917,-5.27917,-5.28917,-3.4691699,-2.1991699,-2.9491699,-2.15917,-1.4391699
1.53083,2.08083,1.9808301,2.0308301,1.53083,3.33083,3.5308301,3.85083,4.76083,6.45083,2.33083,3.4808302,4.72083,4.97083,6.24083,7.1508303,5.70083,4.25083,2.9908302,3.21083,3.13083,5.29083,4.3808303,3.17083,5.53083,1.16083,2.88083,0.93083006,-1.36917,0.8908301,-3.43917,-5.60917,-5.78917,-5.15917,-3.36917,-3.7691698,-2.41917,-1.8191699,-1.7791699,-0.5991699,-0.32916993
1.1908301,2.2908301,1.39083,1.76083,2.2908301,3.7308302,4.6308303,4.05083,5.56083,4.30083,2.0008302,4.64083,3.16083,2.87083,3.09083,3.31083,1.4908301,0.42083007,0.6608301,1.1808301,3.82083,-0.04916992,-1.59917,0.06083008,-2.61917,-4.04917,-4.20917,-1.8991699,4.28083,-6.03917,-7.0991697,-6.41917,-5.22917,-3.87917,-3.15917,-2.36917,-2.06917,-1.33917,-0.5891699,-0.4091699,-1.21917
