wind_kz.json
{"header": {"discipline":0,"disciplineName":"Meteorological products","gribEdition":2,"gribLength":948,"center":7,"centerName":"US National Weather Service - NCEP(WMC)","subcenter":0,"refTime":"2023-08-20T06:00:00.000Z","significanceOfRT":1,"significanceOfRTName":"Start of forecast","productStatus":0,"productStatusName":"Operational products","productType":1,"productTypeName":"Forecast products","productDefinitionTemplate":0,"productDefinitionTemplateName":"Analysis/forecast at horizontal level/layer at a point in time","parameterCategory":0,"parameterCategoryName":"UnknownDiscipline_0_Category_0","parameterNumber":0,"parameterNumberName":"UnknownParameter_D0_C0_0","parameterUnit":"Unknown","genProcessType":2,"genProcessTypeName":"Forecast","forecastTime":120,"surface1Type":1,"surface1TypeName":"Ground or water surface","surface1Value":0.0,"surface2Type":255,"surface2TypeName":"Missing","surface2Value":0.0,"gridDefinitionTemplate":0,"gridDefinitionTemplateName":"Latitude_Longitude","numberPoints":615,"shape":6,"shapeName":"Earth spherical with radius of 6,371,229.0 m","gridUnits":"degrees","resolution":48,"winds":"true","scanMode":64,"nx":41,"ny":15,"basicAngle":0,"lo1":47.0,"la1":41.0,"lo2":87.0,"la2":55.0,"dx":1.0,"dy":1.0}, "data":
[rows 0 to 14 of 15, columns 0 to 40 of 41]
312.02472,298.32474,309.02472,299.62473,299.22473,298.02472,311.02472,318.62473,317.22473,317.72473,312.22473,317.72473,319.02472,320.12473,319.92474,321.32474,320.82474,319.82474,322.92474,321.02472,322.62473,316.32474,316.82474,317.02472,318.32474,316.92474,314.92474,304.72473,304.02472,300.82474,299.72473,294.62473,303.52472,318.82474,320.12473,326.92474,327.22473,322.72473,321.22473,324.82474,315.32474
291.72473,308.12473,299.32474,299.42474,299.32474,298.12473,318.62473,301.22473,303.42474,314.82474,316.42474,316.42474,317.42474,316.42474,320.22473,319.92474,321.02472,323.12473,321.52472,321.92474,321.42474,317.52472,316.72473,311.12473,304.12473,300.42474,310.42474,305.52472,304.22473,294.12473,300.22473,297.72473,304.12473,273.12473,291.52472,305.02472,317.62473,313.32474,320.42474,310.82474,285.62473
312.62473,299.22473,299.82474,299.92474,298.22473,315.62473,315.22473,316.82474,316.02472,315.42474,315.72473,315.92474,319.82474,319.22473,317.32474,318.82474,318.52472,318.82474,318.22473,319.82474,320.02472,316.62473,316.92474,314.32474,319.52472,317.52472,317.52472,317.62473,317.22473,310.12473,297.02472,298.52472,309.82474,308.92474,311.72473,306.72473,297.72473,297.42474,300.32474,296.72473,291.62473
313.42474,299.92474,299.72473,299.02472,300.72473,310.72473,311.92474,311.52472,313.52472,312.92474,313.22473,312.42474,296.12473,295.52472,315.82474,315.62473,313.92474,314.92474,313.02472,315.92474,314.42474,313.42474,315.32474,316.82474,320.52472,321.62473,323.32474,321.82474,327.52472,325.42474,322.92474,320.62473,321.22473,329.82474,329.62473,317.52472,302.02472,295.92474,303.42474,316.82474,319.52472
315.62473,299.62473,299.42474,299.02472,305.22473,312.42474,313.22473,314.72473,311.02472,310.32474,311.62473,311.12473,296.12473,294.82474,292.62473,313.22473,313.02472,309.62473,310.32474,311.42474,313.62473,314.92474,316.32474,316.72473,318.62473,321.02472,322.82474,316.22473,327.02472,325.72473,327.22473,329.42474,306.92474,298.62473,309.02472,319.72473,313.22473,326.82474,330.12473,324.32474,325.72473
311.62473,310.12473,298.32474,298.62473,299.02472,298.62473,311.82474,309.72473,308.52472,309.02472,308.12473,309.72473,297.52472,295.42474,303.12473,308.72473,311.02472,310.62473,310.32474,311.32474,311.72473,312.42474,315.12473,316.12473,317.32474,316.52472,319.32474,294.22473,318.72473,323.12473,324.22473,321.82474,326.02472,326.32474,316.02472,314.42474,312.42474,311.72473,324.52472,326.02472,324.42474
309.92474,310.82474,311.32474,314.02472,307.12473,310.22473,312.52472,310.92474,310.02472,310.12473,312.12473,311.72473,311.92474,311.62473,311.42474,308.32474,309.52472,308.82474,309.62473,308.42474,309.82474,311.42474,313.02472,313.52472,312.02472,313.22473,315.32474,316.32474,319.92474,321.42474,321.52472,321.72473,323.82474,320.82474,321.12473,317.62473,311.82474,312.32474,310.02472,303.32474,316.52472
308.82474,310.12473,310.82474,312.92474,309.22473,308.72473,307.62473,304.82474,303.92474,305.52472,307.52472,300.92474,309.12473,308.22473,309.52472,307.92474,308.32474,306.82474,306.32474,306.02472,306.92474,309.62473,309.62473,309.72473,309.32474,308.02472,309.52472,309.92474,311.92474,315.22473,311.62473,316.62473,315.82474,314.42474,316.32474,318.02472,319.12473,290.42474,320.42474,320.72473,316.62473
305.62473,306.32474,306.72473,305.22473,304.02472,304.22473,302.62473,301.12473,300.42474,300.32474,301.82474,301.52472,304.22473,306.72473,304.72473,306.22473,304.82474,304.32474,303.82474,305.02472,299.92474,304.52472,305.72473,305.42474,305.12473,305.82474,304.12473,304.82474,306.72473,305.72473,308.62473,304.12473,313.02472,314.22473,315.22473,309.62473,310.32474,311.82474,304.22473,299.32474,300.82474
289.72473,291.82474,292.82474,294.62473,300.42474,303.02472,299.42474,297.22473,295.62473,296.32474,295.32474,294.32474,300.82474,299.62473,300.52472,299.22473,292.12473,297.82474,297.92474,298.32474,294.42474,291.72473,300.92474,299.12473,302.32474,302.52472,302.72473,302.52472,304.12473,308.22473,310.52472,312.62473,314.02472,314.12473,314.42474,310.92474,303.52472,300.02472,302.72473,300.52472,300.32474
287.82474,286.92474,285.82474,289.12473,288.62473,295.92474,297.92474,296.32474,296.32474,293.52472,293.32474,292.02472,297.92474,296.02472,300.42474,299.82474,287.52472,293.02472,293.02472,294.22473,297.42474,294.92474,293.32474,296.02472,294.02472,301.12473,299.72473,303.52472,303.62473,308.62473,312.82474,313.12473,312.62473,308.72473,309.72473,306.52472,301.52472,299.92474,302.02472,298.52472,298.32474
284.82474,285.62473,286.22473,288.02472,294.62473,295.02472,293.92474,293.42474,288.42474,291.12473,285.52472,290.02472,288.02472,289.82474,287.32474,286.32474,285.62473,287.72473,297.42474,289.12473,283.92474,284.52472,299.62473,293.22473,292.72473,295.62473,300.72473,306.12473,303.72473,302.32474,306.92474,307.82474,309.82474,308.72473,307.32474,305.92474,307.42474,308.02472,307.12473,305.22473,302.72473
293.62473,296.22473,294.72473,295.72473,293.82474,293.72473,295.02472,293.12473,288.42474,287.62473,286.02472,283.92474,283.92474,285.52472,284.52472,288.12473,287.02472,289.22473,295.62473,288.22473,285.52472,283.12473,283.32474,284.32474,285.92474,289.32474,293.32474,298.52472,299.12473,295.42474,297.82474,304.62473,307.02472,307.72473,303.72473,303.62473,303.92474,305.22473,304.02472,302.42474,301.12473
295.22473,296.62473,293.62473,295.42474,294.62473,294.52472,290.42474,289.42474,291.52472,290.22473,285.52472,283.02472,281.72473,281.22473,281.92474,284.62473,293.62473,292.92474,294.82474,289.02472,287.22473,285.52472,286.02472,285.02472,285.72473,287.12473,287.92474,293.62473,295.92474,293.62473,293.52472,298.02472,301.22473,300.12473,295.62473,297.02472,303.02472,303.12473,303.42474,300.22473,300.02472
289.22473,292.22473,291.12473,291.82474,292.12473,291.02472,287.32474,284.42474,291.82474,290.62473,286.22473,284.42474,282.12473,280.72473,281.82474,281.22473,289.62473,291.22473,292.12473,293.12473,292.52472,290.62473,287.32474,294.22473,292.92474,289.12473,294.62473,290.52472,289.62473,292.12473,292.82474,290.22473,297.72473,299.62473,299.72473,300.02472,299.12473,301.22473,303.42474,302.32474,301.42474
