wind.json
{"header": {"discipline":0,"disciplineName":"Meteorological products","gribEdition":2,"gribLength":1039,"center":7,"centerName":"US National Weather Service - NCEP(WMC)","subcenter":0,"refTime":"2023-06-29T00:00:00.000Z","significanceOfRT":1,"significanceOfRTName":"Start of forecast","productStatus":0,"productStatusName":"Operational products","productType":1,"productTypeName":"Forecast products","productDefinitionTemplate":0,"productDefinitionTemplateName":"Analysis/forecast at horizontal level/layer at a point in time","parameterCategory":0,"parameterCategoryName":"UnknownDiscipline_0_Category_0","parameterNumber":0,"parameterNumberName":"UnknownParameter_D0_C0_0","parameterUnit":"Unknown","genProcessType":2,"genProcessTypeName":"Forecast","forecastTime":300,"surface1Type":1,"surface1TypeName":"Ground or water surface","surface1Value":0.0,"surface2Type":255,"surface2TypeName":"Missing","surface2Value":0.0,"gridDefinitionTemplate":0,"gridDefinitionTemplateName":"Latitude_Longitude","numberPoints":688,"shape":6,"shapeName":"Earth spherical with radius of 6,371,229.0 m","gridUnits":"degrees","resolution":48,"winds":"true","scanMode":64,"nx":43,"ny":16,"basicAngle":0,"lo1":45.0,"la1":40.0,"lo2":87.0,"la2":55.0,"dx":1.0,"dy":1.0}, "data":
[rows 0 to 15 of 16, columns 0 to 42 of 43]
299.4658,295.1658,317.36578,325.4658,321.86578,298.4658,297.9658,296.4658,326.1658,327.0658,326.5658,324.86578,325.6658,324.1658,322.86578,321.7658,321.0658,320.7658,320.9658,320.1658,318.2658,319.4658,314.36578,317.36578,314.9658,311.4658,310.7658,299.5658,296.2658,297.0658,301.1658,313.1658,316.2658,316.36578,318.9658,319.36578,319.2658,317.5658,318.4658,317.7658,317.86578,317.9658,317.36578
301.4658,320.2658,317.86578,303.1658,309.7658,297.86578,297.7658,296.2658,315.6658,316.7658,320.9658,325.5658,323.4658,323.5658,322.6658,322.0658,320.7658,320.5658,320.2658,319.4658,321.0658,319.5658,321.9658,316.9658,318.4658,312.36578,314.1658,317.6658,312.5658,292.4658,293.6658,292.2658,292.0658,292.6658,306.86578,316.9658,318.4658,317.1658,316.2658,316.6658,316.36578,317.2658,316.9658
301.9658,297.5658,290.2658,302.36578,298.1658,298.1658,297.86578,295.2658,312.4658,318.7658,317.9658,322.9658,324.2658,324.0658,320.2658,319.6658,321.2658,320.36578,320.6658,320.2658,319.7658,320.4658,319.7658,316.9658,315.86578,306.7658,294.4658,293.2658,301.36578,294.0658,296.0658,288.4658,293.5658,287.36578,298.5658,268.9658,293.1658,309.1658,306.7658,305.0658,312.7658,306.2658,286.9658
293.2658,297.86578,307.4658,299.0658,298.0658,298.0658,297.36578,309.9658,312.1658,320.7658,320.7658,321.4658,322.36578,323.7658,319.5658,320.0658,322.9658,320.36578,319.86578,318.7658,318.9658,319.9658,320.7658,315.86578,314.6658,307.86578,312.0658,310.86578,310.86578,310.9658,309.0658,295.0658,288.0658,288.6658,294.86578,296.1658,296.0658,296.5658,287.0658,284.6658,289.0658,280.36578,282.7658
312.86578,314.86578,318.7658,300.5658,300.0658,298.6658,299.2658,306.6658,308.6658,312.0658,322.0658,314.1658,322.2658,320.86578,296.36578,296.5658,319.0658,323.5658,320.9658,317.86578,319.5658,319.2658,314.6658,311.2658,315.6658,314.6658,313.7658,314.6658,315.86578,312.6658,312.0658,311.0658,311.5658,306.2658,311.6658,311.6658,310.1658,303.86578,289.7658,287.5658,290.86578,299.6658,299.9658
316.2658,313.5658,321.1658,299.36578,299.0658,299.0658,301.5658,307.5658,316.7658,310.9658,316.86578,326.2658,326.2658,321.36578,297.86578,299.6658,294.2658,321.6658,322.9658,318.0658,315.0658,317.4658,318.1658,317.6658,315.6658,313.9658,313.86578,315.5658,315.7658,307.1658,311.4658,312.1658,314.2658,309.36578,293.2658,282.86578,296.1658,301.7658,300.2658,311.9658,312.7658,310.36578,311.1658
308.36578,315.36578,320.0658,319.0658,299.36578,298.4658,298.2658,297.7658,312.86578,314.6658,316.2658,326.7658,327.1658,324.4658,299.7658,296.7658,306.4658,318.6658,320.6658,320.0658,318.86578,320.1658,318.5658,315.4658,313.4658,311.1658,312.2658,312.6658,314.4658,291.86578,313.4658,314.0658,312.1658,311.36578,308.4658,306.7658,303.2658,299.0658,288.2658,297.1658,307.86578,308.6658,304.0658
309.0658,311.86578,316.36578,316.36578,305.86578,303.2658,306.2658,311.7658,313.0658,319.9658,318.86578,321.7658,325.5658,323.7658,321.9658,323.0658,320.86578,320.4658,320.0658,320.6658,319.7658,317.1658,316.0658,313.0658,309.9658,308.86578,308.4658,306.86578,310.36578,311.2658,308.2658,311.0658,309.1658,306.36578,302.9658,300.6658,304.4658,301.9658,291.6658,287.36578,284.0658,288.2658,298.86578
312.7658,305.4658,316.2658,318.36578,317.5658,310.0658,311.5658,311.4658,316.6658,320.5658,323.2658,323.4658,323.2658,319.0658,321.7658,320.7658,319.9658,320.5658,321.2658,318.7658,317.0658,313.6658,312.4658,307.4658,305.9658,300.6658,301.0658,300.9658,301.36578,298.7658,296.7658,298.9658,300.1658,305.5658,302.5658,294.1658,291.9658,293.36578,297.1658,288.5658,291.1658,290.86578,292.4658
300.0658,301.7658,306.4658,310.86578,318.4658,319.0658,319.1658,321.7658,320.86578,321.36578,320.86578,322.1658,316.4658,317.36578,318.36578,318.86578,317.6658,318.4658,316.86578,316.7658,314.6658,312.6658,307.0658,299.0658,299.5658,301.0658,301.4658,299.86578,295.1658,293.4658,295.0658,294.7658,297.9658,295.4658,301.2658,296.2658,296.1658,294.86578,295.7658,292.1658,281.1658,282.4658,283.36578
298.5658,303.4658,306.7658,316.86578,318.4658,317.5658,316.5658,317.6658,316.86578,315.4658,316.6658,317.2658,315.4658,314.2658,316.9658,314.1658,313.9658,314.0658,314.1658,313.7658,312.7658,309.36578,302.7658,298.5658,298.6658,298.5658,297.1658,298.0658,297.6658,294.5658,295.1658,298.1658,295.1658,297.2658,298.6658,296.9658,293.9658,300.1658,291.2658,286.86578,284.9658,286.6658,284.1658
306.0658,299.4658,311.0658,313.7658,314.5658,313.7658,315.0658,313.86578,312.2658,311.6658,310.4658,310.0658,309.36578,309.7658,312.1658,309.86578,308.6658,309.0658,308.5658,310.5658,309.1658,299.7658,301.9658,303.2658,299.36578,300.36578,297.5658,296.6658,294.6658,297.7658,297.9658,301.9658,305.5658,298.86578,301.36578,303.7658,300.1658,294.86578,292.4658,289.9658,289.9658,287.1658,286.0658
304.36578,307.36578,309.9658,308.5658,313.5658,311.4658,309.4658,308.6658,308.1658,307.4658,306.5658,307.6658,306.5658,303.86578,306.0658,305.2658,305.1658,306.0658,305.7658,307.86578,307.0658,298.6658,300.7658,295.86578,300.36578,298.2658,298.86578,298.4658,296.9658,297.1658,301.0658,303.86578,293.5658,307.36578,303.86578,303.2658,298.9658,299.7658,298.7658,298.7658,295.1658,291.9658,289.2658
303.4658,305.0658,304.5658,306.6658,307.1658,304.6658,305.5658,304.9658,304.1658,306.1658,305.4658,305.9658,301.7658,299.86578,302.0658,298.4658,300.2658,302.9658,303.4658,303.36578,303.36578,298.0658,297.6658,295.0658,296.7658,300.6658,300.36578,300.7658,298.0658,299.6658,299.7658,298.9658,298.7658,304.1658,302.36578,302.9658,302.6658,297.6658,299.6658,299.86578,292.6658,297.5658,294.5658
298.7658,300.6658,300.4658,301.7658,298.0658,303.86578,301.5658,298.2658,301.4658,299.0658,300.86578,298.6658,294.0658,295.7658,297.36578,301.36578,298.6658,301.0658,301.4658,300.36578,302.36578,299.5658,298.4658,298.5658,301.1658,300.4658,300.4658,301.9658,298.5658,297.5658,299.36578,301.1658,302.1658,299.2658,301.0658,303.6658,301.9658,296.0658,299.2658,300.36578,301.36578,292.6658,294.9658
297.6658,298.36578,299.9658,300.2658,292.9658,299.7658,299.9658,301.0658,302.6658,302.5658,301.7658,301.36578,296.9658,296.9658,291.4658,292.1658,295.6658,301.2658,301.36578,301.6658,302.6658,295.86578,300.0658,295.7658,299.4658,300.4658,299.6658,300.86578,300.5658,298.7658,296.7658,301.0658,298.4658,295.36578,293.1658,296.0658,298.7658,297.1658,298.9658,299.4658,300.5658,299.1658,291.7658
