wind_kz.json
{"header": {"discipline":0,"disciplineName":"Meteorological products","gribEdition":2,"gribLength":1025,"center":7,"centerName":"US National Weather Service - NCEP(WMC)","subcenter":0,"refTime":"2023-09-29T18:00:00.000Z","significanceOfRT":1,"significanceOfRTName":"Start of forecast","productStatus":0,"productStatusName":"Operational products","productType":1,"productTypeName":"Forecast products","productDefinitionTemplate":0,"productDefinitionTemplateName":"Analysis/forecast at horizontal level/layer at a point in time","parameterCategory":2,"parameterCategoryName":"UnknownDiscipline_0_Category_2","parameterNumber":2,"parameterNumberName":"UnknownParameter_D0_C2_2","parameterUnit":"Unknown","genProcessType":2,"genProcessTypeName":"Forecast","forecastTime":60,"surface1Type":103,"surface1TypeName":"Specified height level above ground","surface1Value":10.0,"surface2Type":255,"surface2TypeName":"Missing","surface2Value":0.0,"gridDefinitionTemplate":0,"gridDefinitionTemplateName":"Latitude_Longitude","numberPoints":615,"shape":6,"shapeName":"Earth spherical with radius of 6,371,229.0 m","gridUnits":"degrees","resolution":48,"winds":"true","scanMode":64,"nx":41,"ny":15,"basicAngle":0,"lo1":47.0,"la1":41.0,"lo2":87.0,"la2":55.0,"dx":1.0,"dy":1.0}, "data":
[rows 0 to 14 of 15, columns 0 to 40 of 41]
-0.76716554,1.2328345,-1.4071655,-1.1671655,-2.0771656,-5.7971654,-6.7471657,-7.3771653,-7.4671655,-5.2071657,-6.0971656,-6.0471654,-5.4071655,-3.8671656,-1.8971655,-1.1571655,0.31283447,1.0028344,1.3528345,2.1628344,1.4428345,0.5028345,1.6928345,2.8728344,-1.9371655,-0.70716554,2.2428346,2.7528346,-0.017165527,0.27283448,-2.1671655,2.0128345,0.23283447,-1.3871655,-0.5471655,0.06283447,-0.35716552,-0.9671655,-0.6671655,-1.6571655,-2.0871656
-0.027165527,-1.6971655,-2.7971656,-3.1071656,-5.5171657,-6.0071654,-5.4471655,-6.5071654,-6.1271653,-6.4071655,-5.8471656,-4.9471655,-3.0371656,-1.6271656,-0.25716552,1.4228345,0.0028344726,-0.0071655274,0.9428345,3.3728344,3.9828346,2.6828344,2.6828344,3.5028346,1.3228345,0.30283448,1.0928345,0.48283446,3.1428344,1.3228345,0.5128345,0.10283447,-1.8271655,0.91283447,0.73283446,1.1928345,1.0628345,-2.0771656,-1.1771655,-1.1171656,-1.4271655
-2.2371655,-3.8971655,-4.7071657,-5.6471653,-6.6671658,-5.5271654,-5.8571653,-4.5671654,-5.8771653,-5.2371655,-4.7971654,-2.2871656,-0.64716554,-0.62716556,0.33283448,-2.5771656,-4.0171657,-3.3571656,-2.5271654,-0.08716553,0.8228345,2.4428344,2.2428346,4.6828346,1.2428344,0.92283446,1.5628345,2.1828344,3.1528344,-0.15716553,1.5828345,-0.9671655,-0.39716554,-0.17716552,0.19283447,1.3028345,-0.51716554,0.43283448,-0.58716553,1.6128345,1.6028345
-4.8971653,-5.5971656,-5.4871655,-5.9771657,-5.2271657,-4.5671654,-3.7271655,-3.0571656,-4.3671656,-4.8971653,-4.0671654,-3.9671655,-2.6071656,-2.7671654,-3.1771655,-3.1971655,-2.8271656,-2.0271654,-2.6971655,-3.4971654,-2.4871655,-0.75716555,3.0328345,3.9628344,5.8328342,5.0128345,5.6728344,4.1228347,4.2428346,-1.5971656,-2.3571656,-2.7971656,-1.8371655,0.7828345,-0.56716555,-1.4471655,-0.0071655274,1.5628345,-2.1071656,-2.4971654,-2.7771654
-4.9271655,-6.0371656,-5.8471656,-5.2271657,-3.4971654,-3.8971655,-3.2271655,-2.7171655,-3.9071655,-4.1771655,-4.7471657,-6.0571656,-6.2671657,-4.8471656,-3.4371655,-4.5071654,-3.6971655,-1.2571656,-1.9271655,-2.5671656,-2.3171656,-0.6771655,0.41283447,3.0128345,5.7028346,6.1828346,5.6728344,4.3828344,0.33283448,-2.3671656,-2.8571656,-1.8571656,2.4628344,1.5128344,-2.4471655,-2.6871655,-4.0171657,-5.7471657,-3.6671655,-4.3571653,-4.4371657
-4.6671658,-4.0171657,-4.7471657,-3.6771655,-3.6171656,-4.0871654,-4.8171654,-4.7471657,-4.3971653,-4.6971655,-4.9371657,-5.7571654,-5.2871656,-4.7771654,-3.0971656,-2.8471656,-1.0571655,-0.70716554,-3.0371656,-3.0771656,-3.5971656,-1.7571656,-0.94716555,-1.1771655,-0.57716554,0.042834472,1.3028345,-1.5571655,-6.2371655,-7.4071655,-8.457166,-7.5071654,-4.8871655,-3.6871655,-0.7271655,-3.9371655,0.042834472,-4.0871654,-4.0871654,-4.4771657,-4.1271653
-3.7771654,-3.4871655,-3.3171656,-3.1671655,-3.4271655,-3.7271655,-4.4271655,-5.1971655,-5.6171656,-5.7971654,-5.4971657,-6.0571656,-5.0971656,-4.4871655,-3.9671655,-3.5271654,-3.7971656,-3.1671655,-3.3271656,-4.1271653,-4.0671654,-3.9671655,-3.1171656,-1.9271655,-3.8471656,-5.7171655,-6.9571657,-7.3371654,-5.8671656,-4.9871655,-6.1071653,-6.2371655,-4.9871655,-3.0871656,-4.7171655,-4.5671654,-1.5871655,-1.3871655,-1.0371655,1.8328345,-1.8271655
-2.4771655,-2.7971656,-1.9271655,-1.9171655,-2.2371655,-2.7771654,-4.0671654,-4.9771657,-5.6871657,-5.7671657,-5.6871657,-5.9471655,-5.2171655,-4.5471654,-3.8871655,-3.6971655,-3.7871656,-4.1171656,-3.5571656,-3.8171656,-4.7671657,-4.4371657,-4.2171655,-3.6871655,-3.4671655,-6.8971653,-6.1871657,-6.7071657,-8.387165,-7.6871657,-7.7171655,-4.7271657,-5.7071657,-4.0571656,-3.2471654,-4.1071653,-2.4671655,-0.52716553,-3.5171654,-2.8271656,-0.5971655
-2.3371656,-1.9271655,-2.0171654,-3.0371656,-3.5971656,-3.6571655,-3.4871655,-3.3771656,-3.4071655,-3.5871656,-3.3671656,-3.2671654,-3.8771656,-3.9871655,-4.1971655,-3.0071654,-3.9471655,-5.0971656,-4.9871655,-5.0571656,-6.5471654,-6.4171658,-5.4771657,-6.9871655,-7.2071657,-5.4771657,-6.6771655,-6.1671658,-5.8471656,-8.4471655,-6.6771655,-5.9171658,-4.5971656,-3.1771655,-2.2371655,-2.0871656,-3.1171656,-0.11716553,1.0928345,-1.0771655,-0.34716552
-1.2871655,-1.4071655,-1.6371655,-1.9671655,-3.1671655,-2.7071655,-2.4771655,-2.1671655,-1.3971655,-2.7971656,-2.3371656,-2.8871655,-2.9071655,-3.1471655,-3.6571655,-3.5571656,-3.2871656,-3.6271656,-3.5471656,-3.9171655,-4.5571656,-4.3871655,-4.7971654,-5.7771654,-6.5971656,-7.1271653,-6.7671657,-6.2971654,-5.5471654,-5.7371655,-5.3471656,-3.7371655,-2.2571654,-1.6371655,-0.70716554,-2.3271656,-0.25716552,-0.94716555,0.8328345,-0.31716552,-1.0071656
-0.23716553,-0.56716555,-1.2371656,-1.3871655,-1.3071655,-1.8571656,-1.9171655,-1.4471655,-1.5271655,-3.0071654,-2.1171656,-1.5571655,-1.8371655,-2.6471655,-2.3771656,-2.6971655,-3.1471655,-3.1371655,-2.8571656,-3.9371655,-3.9671655,-4.0771656,-5.0071654,-5.5671654,-5.8371654,-5.5471654,-5.9371657,-6.0471654,-6.3071656,-5.3671656,-4.7271657,-3.8271656,-3.4871655,-3.1671655,-2.2771654,-0.12716553,0.61283445,-0.69716555,-0.12716553,-0.95716554,-0.13716553
0.13283448,0.47283447,0.30283448,-0.23716553,-1.0971656,-1.2771655,-1.7771655,-1.7271656,-1.4771656,-2.0571656,-1.0471655,-0.64716554,-0.5471655,-0.37716553,-0.44716552,-0.44716552,-1.6571655,-1.9471655,-2.0571656,-2.1971655,-2.8271656,-3.6271656,-4.0071654,-4.3771653,-4.9071655,-5.0971656,-5.1271653,-4.6371655,-4.3971653,-3.9071655,-3.3371656,-3.1371655,-2.5571656,-3.0471656,-3.0971656,-4.0571656,-4.2971654,-3.0071654,-1.7471656,-1.1871655,-0.64716554
1.3428345,0.85283446,1.4628345,1.3328345,1.3528345,0.122834474,0.25283447,0.18283448,-0.097165525,-0.37716553,0.0028344726,1.0528345,1.1328344,0.7128345,0.052834474,-0.57716554,-0.50716555,-0.9671655,-0.9371655,-1.4671655,-1.0971656,-1.4071655,-1.6871655,-2.1971655,-2.4771655,-2.9271655,-2.9071655,-2.7871656,-2.7971656,-2.9171655,-2.8071656,-2.4371655,-2.3771656,-2.1471655,-2.3371656,-2.4171655,-2.1371655,-1.2871655,-2.2071655,-1.8771656,-0.8571655
4.4828343,2.1628344,1.3828344,2.2128344,1.1228344,2.2328346,2.4628344,2.1728344,2.0028346,0.9528345,0.7528345,0.6528345,1.9428345,3.2728345,2.1228344,1.8428345,1.5428345,1.3328345,1.1328344,0.67283446,0.30283448,0.022834472,-0.50716555,-0.83716553,-1.0071656,-0.8471655,-0.82716554,-1.2571656,-1.1971655,-0.9671655,-1.2071655,-1.3371655,-1.3071655,-1.1571655,-0.6771655,-0.8671655,-0.9671655,-0.7971655,0.012834473,-0.10716553,-0.7871655
1.4628345,3.3728344,3.5728345,2.8728344,3.4028344,3.7528346,4.5828342,3.4528344,2.3128345,0.27283448,1.1728345,3.3528345,1.8828344,0.47283447,2.9628344,3.3128345,2.9128344,3.1128345,2.2028344,2.1528344,1.5128344,1.5128344,1.5028344,1.2128345,1.0928345,1.3428345,1.2228345,1.3628345,1.3228345,1.0428345,1.1628345,2.2028344,1.3528345,1.4628345,1.5828345,1.7028345,1.9028344,2.3528345,1.8528345,1.8028345,1.2028345
