wind_kz.json
{"header": {"discipline":0,"disciplineName":"Meteorological products","gribEdition":2,"gribLength":871,"center":7,"centerName":"US National Weather Service - NCEP(WMC)","subcenter":0,"refTime":"2023-10-04T00:00:00.000Z","significanceOfRT":1,"significanceOfRTName":"Start of forecast","productStatus":0,"productStatusName":"Operational products","productType":1,"productTypeName":"Forecast products","productDefinitionTemplate":0,"productDefinitionTemplateName":"Analysis/forecast at horizontal level/layer at a point in time","parameterCategory":0,"parameterCategoryName":"UnknownDiscipline_0_Category_0","parameterNumber":0,"parameterNumberName":"UnknownParameter_D0_C0_0","parameterUnit":"Unknown","genProcessType":2,"genProcessTypeName":"Forecast","forecastTime":120,"surface1Type":1,"surface1TypeName":"Ground or water surface","surface1Value":0.0,"surface2Type":255,"surface2TypeName":"Missing","surface2Value":0.0,"gridDefinitionTemplate":0,"gridDefinitionTemplateName":"Latitude_Longitude","numberPoints":615,"shape":6,"shapeName":"Earth spherical with radius of 6,371,229.0 m","gridUnits":"degrees","resolution":48,"winds":"true","scanMode":64,"nx":41,"ny":15,"basicAngle":0,"lo1":47.0,"la1":41.0,"lo2":87.0,"la2":55.0,"dx":1.0,"dy":1.0}, "data":
[rows 0 to 14 of 15, columns 0 to 40 of 41]
285.88187,279.58185,284.08185,293.58185,293.58185,291.98187,290.08185,290.58185,288.38187,289.38187,287.48187,288.68185,288.38187,287.78186,288.18185,285.08185,284.38187,285.48187,284.78186,285.68185,286.88187,285.08185,285.68185,280.88187,283.98187,287.48187,283.68185,273.38187,273.48187,272.88187,272.28186,268.28186,279.28186,285.08185,286.68185,286.48187,286.38187,286.48187,287.28186,286.88187,285.08185
268.28186,284.28186,293.18185,293.38187,293.48187,291.48187,287.88187,288.18185,286.38187,286.88187,287.58185,287.28186,286.98187,286.08185,283.28186,284.08185,283.98187,283.68185,281.38187,283.48187,284.38187,286.98187,286.38187,279.38187,271.28186,273.38187,278.98187,272.58185,274.28186,272.18185,277.18185,269.78186,273.28186,251.88187,270.98187,283.78186,281.08185,284.18185,286.08185,279.88187,283.48187
284.38187,292.88187,292.98187,292.58185,290.88187,287.28186,286.38187,285.88187,285.08185,284.58185,284.78186,285.78186,284.28186,285.78186,286.08185,285.28186,283.88187,282.18185,281.58185,281.38187,283.48187,285.38187,284.18185,282.48187,285.68185,284.88187,284.68185,286.08185,284.38187,278.48187,271.18185,272.78186,275.98187,275.88187,278.38187,278.18185,271.68185,271.88187,272.08185,269.08185,268.58185
286.58185,291.68185,292.58185,291.78186,289.58185,286.08185,286.58185,285.58185,285.48187,285.28186,284.78186,284.18185,289.58185,289.08185,284.78186,282.88187,284.68185,283.28186,283.88187,281.68185,283.08185,280.68185,285.38187,285.68185,285.58185,288.18185,288.48187,286.08185,286.58185,286.88187,285.18185,283.68185,287.18185,286.08185,285.58185,282.28186,271.28186,265.08185,272.88187,280.98187,284.08185
287.68185,291.38187,291.68185,290.98187,288.98187,286.28186,286.58185,286.78186,286.08185,285.58185,285.08185,283.98187,288.68185,287.38187,285.88187,283.08185,283.58185,284.38187,279.68185,283.58185,284.48187,284.88187,284.18185,283.88187,284.78186,285.38187,286.98187,286.08185,285.18185,287.48187,288.78186,285.18185,275.48187,267.98187,275.58185,282.68185,286.58185,285.58185,287.28186,288.08185,288.48187
286.38187,287.08185,289.58185,290.08185,290.38187,289.78186,286.08185,286.58185,285.58185,285.58185,285.38187,284.68185,287.58185,288.28186,286.18185,282.98187,284.48187,283.08185,283.28186,283.68185,283.58185,283.78186,283.88187,282.88187,283.28186,283.98187,282.88187,287.18185,285.18185,286.98187,284.88187,287.58185,286.38187,284.18185,283.98187,286.08185,278.78186,279.38187,282.58185,287.48187,288.18185
288.98187,287.58185,287.78186,288.08185,288.28186,287.48187,287.28186,286.58185,286.48187,286.28186,284.68185,284.48187,284.08185,283.58185,283.68185,284.08185,283.48187,283.98187,283.38187,282.98187,282.68185,283.78186,284.28186,285.98187,283.48187,283.88187,283.98187,285.88187,283.58185,284.18185,283.48187,284.48187,285.28186,285.68185,285.88187,284.88187,280.18185,278.38187,276.18185,275.98187,283.18185
290.18185,289.28186,289.68185,289.78186,288.78186,288.08185,287.78186,287.08185,286.58185,285.58185,284.88187,284.68185,284.18185,283.98187,284.08185,283.98187,284.28186,283.98187,283.88187,281.78186,281.68185,281.38187,282.28186,282.68185,282.48187,279.78186,280.18185,284.98187,280.58185,283.08185,282.78186,282.98187,283.18185,280.18185,280.38187,284.08185,283.98187,285.18185,286.78186,282.88187,280.88187
288.18185,287.58185,289.08185,289.78186,290.08185,289.68185,289.38187,288.98187,288.38187,285.78186,285.58185,285.28186,283.88187,284.98187,283.18185,283.98187,283.58185,283.28186,283.28186,282.58185,281.08185,280.58185,281.38187,281.48187,280.78186,281.08185,279.58185,279.18185,279.18185,278.58185,279.68185,282.38187,282.78186,282.78186,283.28186,281.88187,283.78186,280.98187,271.48187,271.58185,269.78186
287.38187,287.18185,287.18185,287.08185,287.38187,288.08185,288.68185,288.08185,286.58185,287.08185,285.68185,284.78186,285.58185,286.18185,285.48187,285.58185,284.18185,283.88187,283.08185,282.88187,282.18185,282.08185,282.18185,281.68185,281.58185,280.58185,279.68185,279.78186,279.28186,280.38187,280.78186,283.18185,283.68185,283.48187,283.88187,282.98187,284.08185,280.68185,277.28186,273.48187,270.98187
281.28186,282.48187,286.78186,286.48187,286.48187,286.08185,286.18185,286.38187,286.48187,285.38187,283.68185,284.38187,285.78186,284.78186,285.08185,285.88187,285.18185,285.88187,283.98187,283.18185,283.08185,282.68185,281.68185,281.48187,281.28186,280.88187,279.18185,280.68185,281.48187,282.48187,283.18185,283.18185,283.48187,284.08185,285.78186,283.18185,279.68185,278.08185,274.68185,275.88187,272.98187
278.18185,279.78186,280.38187,280.28186,281.68185,284.38187,284.98187,284.78186,284.88187,284.68185,282.48187,282.28186,283.08185,282.88187,284.28186,285.48187,285.88187,285.88187,285.68185,285.18185,283.28186,282.78186,282.38187,282.18185,280.88187,281.18185,280.98187,282.18185,282.68185,282.88187,282.48187,281.98187,282.78186,281.38187,283.78186,285.18185,284.08185,284.58185,283.98187,279.88187,279.48187
276.48187,277.18185,278.38187,278.88187,278.38187,278.58185,279.38187,279.98187,283.38187,283.08185,281.18185,280.28186,281.58185,281.58185,283.18185,285.08185,285.08185,284.88187,285.68185,285.48187,285.58185,284.68185,283.48187,282.58185,281.88187,282.78186,283.18185,282.18185,282.08185,282.18185,282.18185,282.18185,281.88187,281.38187,282.38187,282.78186,282.78186,284.68185,284.18185,282.68185,280.98187
274.38187,276.48187,280.98187,277.88187,277.48187,277.58185,277.08185,276.98187,277.98187,278.48187,279.48187,277.98187,279.48187,280.88187,281.78186,282.48187,283.28186,284.28186,284.78186,285.18185,286.08185,286.58185,286.18185,285.38187,284.58185,283.68185,282.58185,282.58185,281.78186,281.38187,281.58185,281.48187,281.38187,281.58185,281.28186,281.68185,283.28186,281.28186,282.88187,282.58185,281.58185
271.78186,274.48187,283.98187,275.18185,274.78186,274.98187,276.18185,276.28186,277.48187,277.08185,276.78186,276.78186,278.28186,279.68185,280.48187,281.08185,280.98187,281.38187,282.18185,282.98187,285.58185,286.08185,286.88187,285.98187,285.58185,284.08185,283.98187,283.68185,282.28186,281.58185,281.38187,282.28186,280.38187,280.78186,281.98187,283.48187,282.08185,281.28186,283.18185,282.38187,280.88187
