wind_kz.json
{"header": {"discipline":0,"disciplineName":"Meteorological products","gribEdition":2,"gribLength":794,"center":7,"centerName":"US National Weather Service - NCEP(WMC)","subcenter":0,"refTime":"2023-09-07T06:00:00.000Z","significanceOfRT":1,"significanceOfRTName":"Start of forecast","productStatus":0,"productStatusName":"Operational products","productType":1,"productTypeName":"Forecast products","productDefinitionTemplate":0,"productDefinitionTemplateName":"Analysis/forecast at horizontal level/layer at a point in time","parameterCategory":2,"parameterCategoryName":"UnknownDiscipline_0_Category_2","parameterNumber":3,"parameterNumberName":"UnknownParameter_D0_C2_3","parameterUnit":"Unknown","genProcessType":2,"genProcessTypeName":"Forecast","forecastTime":60,"surface1Type":103,"surface1TypeName":"Specified height level above ground","surface1Value":10.0,"surface2Type":255,"surface2TypeName":"Missing","surface2Value":0.0,"gridDefinitionTemplate":0,"gridDefinitionTemplateName":"Latitude_Longitude","numberPoints":615,"shape":6,"shapeName":"Earth spherical with radius of 6,371,229.0 m","gridUnits":"degrees","resolution":48,"winds":"true","scanMode":64,"nx":41,"ny":15,"basicAngle":0,"lo1":47.0,"la1":41.0,"lo2":87.0,"la2":55.0,"dx":1.0,"dy":1.0}, "data":
[rows 0 to 14 of 15, columns 0 to 40 of 41]
-1.3557053,1.8442948,-1.6557052,-4.7557054,-5.955705,-6.8557053,-5.455705,-0.45570526,-4.055705,-3.5557053,-6.6557055,-4.7557054,-5.8557053,-5.7557054,-4.555705,-3.6557052,-2.6557052,-3.8557053,-5.2557054,-4.455705,-4.455705,-4.955705,-3.7557054,-2.1557052,-2.9557052,-1.0557053,-2.0557053,1.9442947,2.3442948,2.7442946,-0.85570526,-2.7557054,-1.0557053,-1.0557053,-2.5557053,-4.555705,-1.5557053,-2.1557052,0.94429475,-3.4557052,0.8442947
5.1442947,-1.0557053,-2.7557054,-3.5557053,-6.055705,-5.1557055,-3.1557052,-4.6557055,-2.3557053,-3.3557053,-4.6557055,-6.7557054,-4.955705,-3.5557053,-5.455705,-6.455705,-4.455705,-4.7557054,-5.055705,-4.6557055,-4.955705,-5.055705,-2.6557052,1.4442947,1.8442948,1.5442947,-1.0557053,2.7442946,-0.45570526,2.0442948,2.2442946,3.3442948,0.44429475,-0.35570526,-3.5557053,-4.3557053,-3.2557054,-4.8557053,-2.0557053,-3.3557053,1.8442948
-2.1557052,-4.055705,1.0442947,-1.3557053,-3.6557052,-1.8557053,-3.7557054,-4.1557055,-3.7557054,-3.8557053,-4.2557054,-3.7557054,-4.055705,-5.1557055,-4.055705,-3.1557052,-3.0557053,-4.3557053,-4.1557055,-5.1557055,-5.8557053,-4.3557053,-5.555705,-1.2557052,-2.0557053,-0.6557053,-1.1557052,0.64429474,-0.15570526,2.0442948,4.044295,0.94429475,2.3442948,-0.15570526,-1.1557052,0.8442947,-1.2557052,-0.6557053,-0.35570526,-0.25570527,-0.75570524
-4.3557053,-6.7557054,-7.055705,5.044295,2.0442948,1.1442947,0.64429474,1.1442947,-0.45570526,0.8442947,-1.1557052,-0.05570526,0.14429474,-1.4557053,-3.3557053,-4.3557053,-2.3557053,-0.75570524,-3.0557053,-3.6557052,-3.8557053,-2.0557053,-2.4557052,-3.9557052,-3.8557053,-3.0557053,-3.2557054,-2.3557053,0.5442947,2.2442946,0.8442947,-0.75570524,-1.5557053,-3.2557054,-1.4557053,-1.2557052,-0.85570526,2.5442948,0.74429476,1.7442948,2.6442947
-7.8557053,-5.8557053,-4.455705,-0.25570527,-1.9557053,2.7442946,2.3442948,0.8442947,1.3442948,2.5442948,0.74429476,2.2442946,1.0442947,-0.55570525,-2.7557054,-2.7557054,-2.7557054,-2.8557053,-1.1557052,-1.2557052,-3.5557053,-4.955705,-4.055705,-3.5557053,-3.8557053,-3.9557052,-2.9557052,-2.4557052,-1.8557053,-1.4557053,3.4442947,1.5442947,2.3442948,2.3442948,-0.35570526,-1.4557053,-0.05570526,-1.2557052,2.7442946,2.9442947,1.6442947
0.64429474,-1.8557053,-0.45570526,-0.35570526,1.2442948,0.044294737,1.2442948,2.2442946,-0.15570526,-0.25570527,-2.8557053,-2.2557054,2.3442948,0.94429475,-0.6557053,-3.2557054,-3.6557052,-2.3557053,-1.0557053,-1.6557052,-2.7557054,-3.9557052,-4.955705,-4.1557055,-2.9557052,-2.5557053,-1.3557053,-1.2557052,-1.0557053,0.34429473,2.2442946,2.8442948,2.8442948,2.9442947,2.5442948,1.4442947,3.2442946,1.7442948,1.3442948,-0.05570526,1.8442948
-5.555705,-2.3557053,4.944295,4.1442947,-0.45570526,-3.2557054,-2.9557052,-1.8557053,-1.0557053,0.74429476,1.9442947,-1.1557052,-2.6557052,-1.4557053,-1.3557053,-2.4557052,-3.0557053,-3.2557054,-3.3557053,-2.7557054,-2.2557054,-3.2557054,-4.3557053,-5.3557053,-3.7557054,-4.7557054,-4.555705,-2.8557053,1.3442948,4.1442947,3.5442948,2.4442947,1.5442947,2.2442946,-0.55570525,-1.4557053,-2.9557052,-0.45570526,-0.45570526,0.5442947,0.5442947
-4.6557055,-4.055705,-0.15570526,2.3442948,0.64429474,-1.9557053,-2.8557053,-1.8557053,1.0442947,-0.6557053,1.3442948,0.44429475,-0.25570527,-0.45570526,-0.85570526,-0.55570525,-0.55570525,-1.0557053,-1.9557053,-1.6557052,-1.0557053,-1.5557053,-2.7557054,-4.555705,-2.3557053,-3.8557053,-4.055705,-4.6557055,2.2442946,4.544295,5.044295,3.8442948,2.0442948,1.6442947,1.4442947,2.4442947,2.2442946,0.94429475,1.2442948,0.74429476,-0.9557053
-2.4557052,2.1442947,3.6442947,0.74429476,-2.0557053,1.0442947,-2.9557052,-2.1557052,0.64429474,0.44429475,-0.9557053,-1.5557053,-1.3557053,-1.8557053,-0.35570526,1.0442947,1.5442947,1.4442947,1.3442948,0.044294737,-0.05570526,0.14429474,-0.85570526,-3.1557052,-3.9557052,-2.8557053,-1.5557053,-1.9557053,3.5442948,3.0442948,4.044295,3.8442948,3.4442947,3.0442948,4.1442947,2.1442947,-2.2557054,0.34429473,0.64429474,0.24429473,-0.45570526
-2.8557053,-3.2557054,1.8442948,-0.15570526,-1.7557052,-1.8557053,-0.55570525,-1.2557052,1.1442947,2.2442946,1.6442947,0.94429475,-0.35570526,-0.6557053,-0.85570526,-1.4557053,-0.85570526,-1.7557052,-1.0557053,1.7442948,1.1442947,0.8442947,0.74429476,-0.75570524,-2.2557054,-2.4557052,-0.05570526,2.2442946,4.2442946,3.9442947,2.6442947,2.9442947,3.4442947,2.9442947,2.1442947,0.94429475,0.34429473,-2.4557052,0.24429473,3.6442947,2.3442948
-2.2557054,-2.5557053,-3.4557052,-3.0557053,-1.7557052,-3.4557052,-3.9557052,-3.4557052,-3.0557053,-1.9557053,-0.15570526,0.5442947,0.14429474,0.44429475,2.8442948,1.3442948,0.94429475,1.7442948,0.64429474,0.34429473,-0.45570526,0.24429473,-0.15570526,-1.4557053,-3.3557053,-1.4557053,3.3442948,4.544295,2.7442946,3.4442947,3.5442948,2.9442947,2.4442947,2.7442946,2.3442948,1.2442948,0.34429473,2.1442947,1.0442947,1.1442947,0.044294737
-4.455705,-4.1557055,-3.6557052,-3.4557052,-3.7557054,-2.3557053,-1.0557053,-0.9557053,-0.9557053,-1.5557053,-1.4557053,-1.2557052,0.24429473,1.4442947,1.2442948,1.8442948,2.2442946,2.1442947,3.8442948,2.9442947,3.3442948,0.14429474,0.74429476,-1.5557053,-2.8557053,1.9442947,2.6442947,2.2442946,1.5442947,0.64429474,2.1442947,1.7442948,1.2442948,1.2442948,0.94429475,0.14429474,0.8442947,2.8442948,2.3442948,1.8442948,0.94429475
-4.3557053,-0.9557053,0.8442947,-0.6557053,1.0442947,1.1442947,0.74429476,2.1442947,2.1442947,1.1442947,0.34429473,-0.45570526,0.8442947,0.44429475,0.5442947,1.2442948,2.3442948,2.4442947,4.944295,4.044295,3.6442947,3.2442946,2.0442948,-1.5557053,1.4442947,0.34429473,1.4442947,2.2442946,3.6442947,1.8442948,0.64429474,0.94429475,-0.15570526,0.044294737,0.5442947,0.94429475,0.5442947,-0.05570526,0.44429475,0.5442947,0.34429473
-3.4557052,-4.955705,-5.7557054,-3.2557054,-2.2557054,-2.4557052,-1.4557053,-0.85570526,0.34429473,1.5442947,0.64429474,0.24429473,-2.6557052,1.2442948,0.14429474,-1.1557052,-0.85570526,1.8442948,2.9442947,2.2442946,2.4442947,2.2442946,-0.35570526,2.3442948,-0.15570526,-0.05570526,0.24429473,1.0442947,-0.05570526,0.14429474,0.24429473,-0.15570526,0.74429476,1.2442948,0.44429475,0.14429474,0.24429473,-0.55570525,-0.25570527,0.34429473,-0.45570526
-2.4557052,-4.8557053,-7.2557054,-3.9557052,-4.555705,-4.455705,-4.1557055,-4.6557055,-4.455705,-4.055705,0.74429476,-5.455705,-2.6557052,-3.6557052,-5.3557053,-3.7557054,-2.3557053,-1.1557052,-0.75570524,-0.45570526,2.0442948,3.5442948,0.94429475,1.1442947,0.64429474,2.2442946,0.5442947,0.34429473,0.34429473,0.34429473,0.14429474,-0.15570526,0.14429474,0.64429474,0.44429475,0.34429473,0.14429474,-0.05570526,0.64429474,0.64429474,0.34429473
