wind_kz.json
{"header": {"discipline":0,"disciplineName":"Meteorological products","gribEdition":2,"gribLength":871,"center":7,"centerName":"US National Weather Service - NCEP(WMC)","subcenter":0,"refTime":"2023-09-20T06:00:00.000Z","significanceOfRT":1,"significanceOfRTName":"Start of forecast","productStatus":0,"productStatusName":"Operational products","productType":1,"productTypeName":"Forecast products","productDefinitionTemplate":0,"productDefinitionTemplateName":"Analysis/forecast at horizontal level/layer at a point in time","parameterCategory":0,"parameterCategoryName":"UnknownDiscipline_0_Category_0","parameterNumber":0,"parameterNumberName":"UnknownParameter_D0_C0_0","parameterUnit":"Unknown","genProcessType":2,"genProcessTypeName":"Forecast","forecastTime":120,"surface1Type":1,"surface1TypeName":"Ground or water surface","surface1Value":0.0,"surface2Type":255,"surface2TypeName":"Missing","surface2Value":0.0,"gridDefinitionTemplate":0,"gridDefinitionTemplateName":"Latitude_Longitude","numberPoints":615,"shape":6,"shapeName":"Earth spherical with radius of 6,371,229.0 m","gridUnits":"degrees","resolution":48,"winds":"true","scanMode":64,"nx":41,"ny":15,"basicAngle":0,"lo1":47.0,"la1":41.0,"lo2":87.0,"la2":55.0,"dx":1.0,"dy":1.0}, "data":
[rows 0 to 14 of 15, columns 0 to 40 of 41]
302.10773,292.00775,298.40775,294.30774,294.50775,294.00775,302.20773,308.10773,304.10773,306.90775,306.20773,307.70773,307.50775,307.30774,307.60773,309.10773,309.70773,306.90775,310.70773,310.20773,314.20773,310.70773,310.30774,309.10773,309.00775,313.10773,307.70773,295.80774,294.10773,290.50775,292.00775,288.10773,299.90775,307.20773,310.80774,313.50775,314.80774,314.00775,311.80774,313.50775,313.90775
286.40775,296.10773,294.10773,294.20773,294.00775,292.40775,306.80774,303.90775,303.50775,304.90775,307.20773,304.50775,306.40775,305.90775,308.00775,309.30774,312.30774,311.70773,309.10773,309.50775,311.40775,312.50775,312.10773,301.10773,291.70773,293.30774,298.70773,295.20773,298.20773,274.90775,293.40775,283.30774,294.40775,266.20773,282.90775,303.10773,305.70773,307.10773,307.90775,298.70773,284.30774
297.20773,293.10773,294.40775,293.90775,291.60773,301.20773,301.40775,302.60773,302.70773,303.30774,303.70773,305.00775,306.50775,306.40775,305.10773,308.20773,307.50775,307.60773,309.70773,315.10773,310.50775,304.90775,305.90775,296.90775,302.90775,300.20773,300.80774,304.40775,302.50775,290.30774,282.90775,282.90775,294.20773,296.20773,292.00775,292.30774,277.70773,287.80774,288.80774,280.20773,273.60773
300.80774,292.90775,294.40775,293.00775,294.30774,301.10773,301.50775,301.90775,302.60773,303.40775,304.00775,302.30774,291.80774,291.20773,303.80774,305.50775,303.40775,305.60773,305.30774,306.70773,305.20773,301.10773,302.70773,302.30774,301.40775,300.40775,301.30774,298.90775,297.80774,298.90775,299.90775,301.50775,304.40775,306.60773,303.20773,298.00775,286.20773,273.10773,288.60773,297.10773,297.60773
298.70773,292.00775,293.00775,292.10773,296.20773,301.60773,302.40775,302.10773,300.30774,300.80774,301.30774,296.60773,290.70773,289.60773,288.10773,304.10773,303.90775,302.00775,302.50775,301.40775,302.00775,303.20773,303.60773,303.20773,301.10773,301.90775,300.20773,297.60773,301.50775,300.70773,299.40775,296.30774,292.70773,283.90775,292.90775,300.40775,300.50775,307.30774,306.30774,302.90775,299.90775
299.00775,300.00775,291.20773,291.10773,291.80774,291.20773,297.80774,302.30774,300.50775,300.80774,300.20773,296.20773,292.10773,290.50775,297.10773,302.20773,301.40775,303.20773,301.90775,303.00775,302.80774,302.30774,302.00775,301.90775,302.00775,301.40775,301.30774,288.30774,298.50775,298.80774,299.40775,297.90775,298.90775,299.70773,296.40775,297.10773,291.60773,291.20773,303.20773,303.60773,298.20773
299.80774,302.30774,300.80774,302.10773,300.50775,304.00775,303.00775,300.90775,300.40775,299.60773,299.30774,298.20773,298.30774,299.00775,300.50775,300.60773,302.20773,302.20773,303.50775,302.10773,302.00775,302.30774,301.40775,299.80774,298.30774,299.00775,300.90775,303.00775,299.70773,299.70773,299.20773,298.60773,297.30774,299.30774,296.00775,294.30774,295.30774,288.80774,274.20773,278.50775,291.60773
302.10773,303.80774,303.50775,296.40775,302.10773,302.60773,302.80774,301.50775,300.00775,298.20773,298.20773,297.10773,298.00775,296.90775,299.20773,300.30774,300.50775,301.10773,302.00775,301.10773,299.90775,301.00775,301.70773,299.50775,299.20773,297.60773,296.10773,298.90775,296.20773,296.30774,293.70773,295.60773,294.90775,291.90775,292.00775,295.90775,295.40775,287.50775,292.10773,292.90775,290.70773
302.80774,302.10773,302.30774,297.80774,301.70773,301.10773,301.50775,300.00775,299.40775,298.20773,297.50775,298.30774,297.50775,298.90775,298.40775,299.90775,299.70773,301.10773,299.70773,299.70773,298.50775,298.70773,299.90775,300.00775,299.00775,292.20773,291.60773,294.60773,290.30774,294.30774,293.60773,293.50775,293.40775,293.00775,292.50775,288.20773,294.30774,286.60773,271.90775,273.00775,272.60773
301.30774,299.70773,300.80774,300.90775,300.10773,301.90775,301.30774,300.40775,299.30774,299.00775,298.30774,297.30774,298.30774,298.20773,298.60773,298.90775,299.80774,301.10773,301.10773,301.10773,300.10773,299.00775,298.80774,300.70773,300.80774,291.90775,291.80774,289.90775,289.80774,293.00775,295.70773,295.60773,294.70773,294.70773,292.70773,289.10773,282.30774,287.00775,282.30774,275.70773,271.70773
300.10773,300.20773,299.90775,300.20773,300.60773,301.80774,301.10773,300.50775,300.30774,299.60773,298.00775,298.10773,298.50775,297.90775,299.20773,299.80774,299.70773,300.50775,301.20773,299.50775,300.20773,299.40775,298.70773,299.00775,298.10773,293.40775,289.50775,289.00775,288.10773,290.10773,289.60773,296.10773,293.20773,291.70773,291.20773,287.80774,281.20773,279.40775,284.20773,278.40775,275.60773
299.20773,300.00775,300.90775,300.90775,300.30774,300.40775,299.40775,299.30774,299.30774,298.80774,298.50775,296.90775,296.90775,296.20773,296.60773,297.90775,298.20773,298.50775,298.50775,298.30774,296.70773,296.60773,296.30774,290.00775,288.50775,289.70773,290.40775,289.60773,289.90775,287.70773,287.60773,289.10773,285.90775,288.30774,287.00775,288.10773,287.60773,288.30774,283.20773,284.00775,280.70773
295.00775,297.70773,299.70773,300.30774,298.70773,297.90775,299.00775,300.30774,299.20773,296.90775,294.60773,294.80774,296.00775,295.40775,296.90775,297.20773,297.50775,296.60773,298.10773,296.50775,291.80774,289.80774,293.90775,293.70773,289.80774,289.90775,291.10773,288.70773,288.50775,286.20773,285.80774,284.50775,285.10773,284.80774,287.50775,286.50775,286.40775,285.20773,284.30774,283.50775,279.70773
295.60773,296.00775,292.50775,298.70773,297.90775,297.80774,296.90775,295.60773,296.50775,295.90775,294.10773,292.70773,295.80774,295.00775,295.70773,296.50775,296.60773,296.00775,296.90775,297.10773,297.50775,297.10773,297.20773,296.70773,297.40775,290.30774,290.50775,293.10773,289.10773,286.00775,286.60773,285.50775,287.20773,284.80774,283.40775,280.00775,281.30774,281.40775,282.30774,279.00775,280.10773
292.60773,296.40775,287.10773,296.70773,297.00775,297.30774,297.00775,296.90775,297.80774,297.30774,294.20773,295.40775,292.60773,293.80774,295.10773,296.00775,295.50775,295.90775,297.50775,296.50775,297.50775,297.80774,297.90775,297.50775,297.00775,297.00775,296.90775,295.50775,295.30774,292.80774,291.80774,284.40775,284.50775,284.10773,281.60773,279.80774,279.30774,278.40775,280.30774,279.50775,278.50775
