wind_kz.json
{"header": {"discipline":0,"disciplineName":"Meteorological products","gribEdition":2,"gribLength":1025,"center":7,"centerName":"US National Weather Service - NCEP(WMC)","subcenter":0,"refTime":"2023-09-28T00:00:00.000Z","significanceOfRT":1,"significanceOfRTName":"Start of forecast","productStatus":0,"productStatusName":"Operational products","productType":1,"productTypeName":"Forecast products","productDefinitionTemplate":0,"productDefinitionTemplateName":"Analysis/forecast at horizontal level/layer at a point in time","parameterCategory":2,"parameterCategoryName":"UnknownDiscipline_0_Category_2","parameterNumber":2,"parameterNumberName":"UnknownParameter_D0_C2_2","parameterUnit":"Unknown","genProcessType":2,"genProcessTypeName":"Forecast","forecastTime":180,"surface1Type":103,"surface1TypeName":"Specified height level above ground","surface1Value":10.0,"surface2Type":255,"surface2TypeName":"Missing","surface2Value":0.0,"gridDefinitionTemplate":0,"gridDefinitionTemplateName":"Latitude_Longitude","numberPoints":615,"shape":6,"shapeName":"Earth spherical with radius of 6,371,229.0 m","gridUnits":"degrees","resolution":48,"winds":"true","scanMode":64,"nx":41,"ny":15,"basicAngle":0,"lo1":47.0,"la1":41.0,"lo2":87.0,"la2":55.0,"dx":1.0,"dy":1.0}, "data":
[rows 0 to 14 of 15, columns 0 to 40 of 41]
1.5029956,0.8429956,-1.8770044,2.6029956,3.3929956,7.1229954,8.792995,8.842996,8.952995,-0.09700439,2.5329957,-1.3370044,-4.5570045,-4.2670045,-2.3470044,-2.1970043,-0.18700439,-1.2270044,-1.4870044,-0.5070044,0.8029956,-0.34700438,2.6029956,2.0829957,1.7029957,2.6629956,2.6229956,2.7129955,1.6629956,1.3029956,2.5429957,1.6329956,-1.0670044,-1.6170044,-2.5870044,-0.0070043947,0.7229956,1.5529956,1.8029956,0.9929956,-0.9270044
1.2129956,-2.5270045,-0.6570044,1.4229956,1.9429955,5.3329954,-2.6470044,-6.837004,-2.6870043,-2.0370045,1.5229956,-1.8570044,-2.8370044,-1.9570044,-1.9470044,0.5829956,0.4129956,-1.0770044,-0.6070044,0.8829956,1.5129956,0.6829956,0.8429956,0.79299563,1.4129956,-0.95700437,-0.2970044,2.4629955,0.022995606,-0.1470044,-0.077004395,-0.5370044,1.0729957,-1.6570044,-0.21700439,0.2329956,0.9029956,-0.0670044,-0.8670044,-0.16700439,0.49299562
-3.2770045,-2.7070043,-1.9470044,-1.3970044,-0.4270044,-2.2270043,-2.0070045,-3.7770045,-4.2570043,-0.18700439,-5.9070044,-4.1470046,-3.1770043,-3.9070044,-2.8970044,-2.6570044,-2.5370045,-2.3670044,-1.4370044,-1.6270044,-1.2970043,1.5929956,1.4529957,-4.3270044,-1.1470044,-3.9870043,-1.8670044,-2.9670043,1.6129956,-1.1270044,-0.7770044,-1.3270044,0.1829956,-0.5770044,-1.3670044,-0.8370044,0.85299563,2.7429955,4.932996,3.0929956,-0.6770044
-4.9870043,-2.4070044,-2.1370044,-2.6970043,-2.1670043,-2.4470043,1.8929956,-3.1970043,-4.607004,-5.1370044,-5.1370044,-5.1770043,-4.4270043,-2.5170045,-2.5070045,-4.0270042,-3.1770043,-3.4870043,-4.2370043,-5.6370044,-5.797004,-7.3870044,-4.7170043,-4.9070044,-5.357004,-6.4070044,-6.7370043,-6.9870043,-5.2170043,-2.8970044,-0.027004395,0.102995604,3.1029956,1.9229956,1.7729956,2.2629957,1.0429956,1.8229957,-1.2870044,-2.3570044,-1.4170043
-1.0970044,-1.0470043,-0.5470044,-1.1470044,-1.0870044,0.7229956,-1.3570044,-4.5070043,-3.9070044,-2.6270044,-5.4970045,-5.567004,-4.6370044,-1.6670043,2.1929955,-4.0170045,-4.067004,-3.9970045,-4.047004,-4.2770042,-5.1170044,-4.9470043,-4.817004,-4.3770046,-5.8970046,-6.857004,-6.1670046,-3.2070043,-4.3870044,-3.7470045,-3.7770045,-1.7770044,0.3329956,1.5229956,-2.0770044,-1.9370044,2.0929956,-2.1870043,-1.5070044,-2.1070044,-0.8570044
1.3229957,3.0329957,-0.31700438,0.17299561,0.3929956,1.2829956,0.2929956,-1.9970044,-3.1870043,-3.2570045,-4.107004,-4.2670045,-4.1470046,-2.7170043,-2.0670044,-2.7570045,-3.7870045,-3.8070045,-4.1670046,-3.9270043,-4.7770042,-4.2070045,-4.9870043,-5.0370045,-5.0970044,-5.7570043,-5.817004,-4.4970045,-4.317004,-4.9570045,-4.6970043,-3.9470043,-3.1070044,-1.6070044,-1.2570044,1.9829956,0.6629956,2.0629957,-2.4270043,-2.6770043,-2.5970044
3.2229955,2.8429956,0.6729956,0.102995604,1.4529957,3.2129955,0.2729956,-1.2370044,-1.9570044,-2.9370043,-3.7070043,-4.6870046,-3.7670045,-3.6970043,-3.6570044,-3.5470045,-3.0770044,-3.2170043,-4.1170044,-5.2170043,-5.2170043,-4.9870043,-4.4570045,-3.7670045,-3.2970045,-2.9570043,-3.3470044,-1.9470044,-2.2070043,-1.6870044,-1.8270044,-2.0470045,-1.1570044,-0.1270044,2.5729957,2.0829957,2.2329955,-0.4170044,1.9629956,-0.3670044,-0.31700438
4.7229958,1.2029957,2.8929956,2.3329957,2.9029956,2.3129957,3.2729957,0.60299563,-0.28700438,-1.3170044,-1.1270044,-2.4970045,-2.3870044,-1.8370044,-1.3770044,-1.2670044,-1.4770044,-3.2070043,-2.0370045,-2.9270043,-3.5470045,-3.9470043,-4.1770043,-4.0270042,-3.2770045,-2.8270044,-1.2670044,-0.5170044,-0.3970044,-1.3770044,-0.9170044,-0.2370044,0.7329956,-1.5970044,0.042995606,-2.4370043,-2.0370045,3.4229956,3.7529955,3.4329956,2.1629956
4.912996,5.2329955,4.4429955,4.0429955,3.8729956,3.2529955,3.7629957,2.1629956,1.2229956,1.2629956,-0.1770044,0.1629956,-1.4870044,-1.2870044,0.14299561,-0.1970044,-0.4770044,0.032995604,-0.9370044,-1.1370044,-1.6970044,-2.1570044,-1.9070044,-1.2370044,-1.7270044,-0.5470044,-0.64700437,-1.7470044,-1.6170044,-0.6770044,-0.1770044,-0.5870044,-0.1770044,-0.1970044,1.4529957,1.1029956,2.0929956,-0.95700437,-1.0770044,0.7229956,-1.0770044
5.8329954,5.3129954,5.7129955,4.5129957,4.1929955,4.5129957,3.6329956,2.7729957,2.6729956,2.4029956,2.6929955,1.7429956,0.2729956,0.8329956,0.8229956,0.79299563,0.7429956,0.54299563,1.0029956,0.8629956,1.4229956,0.7529956,0.7529956,1.8929956,1.5229956,1.8329957,1.8729956,2.1629956,2.6229956,2.0629957,1.1129956,0.052995607,1.3029956,2.2429955,2.1229956,2.8829956,-0.7870044,-0.047004394,0.5229956,1.3829956,0.1629956
5.5929956,6.1929955,5.5929956,5.3629956,3.2229955,2.6929955,3.8829956,3.2829957,3.4729955,4.3729954,4.2729955,4.0429955,2.6329956,4.4229956,4.0329957,2.9329956,3.0129957,2.7729957,2.3429956,2.9929955,3.3229957,2.9929955,2.1529956,2.3229957,2.3529956,2.4629955,2.9429955,2.5729957,2.3029957,1.1329956,0.9529956,1.1529956,2.5529957,3.1229956,2.3729956,1.4829956,-0.5670044,0.1829956,1.1629956,1.8629956,1.2629956
5.5129957,5.0829954,5.682996,6.0829954,4.8429956,3.4829955,4.5829954,4.912996,3.9329956,3.5029955,4.7529955,4.5629954,4.9229956,4.3829956,5.4829955,5.2429957,4.142996,3.8729956,3.9529955,4.3829956,4.5529957,4.7229958,2.4129956,2.2429955,2.4529955,2.8429956,2.3329957,1.6829956,1.5229956,1.6529956,1.9729956,2.5829957,2.5529957,1.9229956,2.3629956,2.6429956,-0.117004395,-1.6470044,0.3329956,3.0729957,0.8629956
5.1529956,4.4629955,4.8429956,4.9029956,5.1129956,3.7929957,4.5329957,4.4729958,6.4829955,3.4629955,2.6029956,5.2229958,5.7129955,4.8629956,3.8729956,5.2529955,4.8529954,4.5429955,4.1729956,4.4029956,4.702996,4.932996,3.6029956,2.4829955,1.9129956,1.5629956,2.1029956,2.1029956,2.0929956,1.4829956,1.5229956,2.4829955,1.7429956,2.1729956,3.0329957,3.0929956,1.3529956,0.5829956,2.7329955,4.0629954,2.1529956
6.2829957,7.1029954,4.5929956,5.2229958,5.0029955,5.1329956,6.0129957,5.932996,5.4829955,5.0529957,3.5229957,4.1729956,5.2829957,5.6529956,5.0429955,4.6229954,5.5329957,5.0529957,4.6029954,4.8429956,4.4929957,4.0129957,3.4729955,1.6929955,1.8929956,1.8229957,2.4229956,2.7829957,2.5529957,2.2829957,2.0229957,1.0829957,2.4329956,1.9829956,2.2729957,3.1229956,1.4729956,1.7229956,3.0729957,2.9129956,2.4729955
3.5229957,7.0629954,8.522996,5.8529954,6.0529957,5.4229956,5.7629957,5.7429957,5.4229956,4.9929957,3.8429956,5.4629955,4.4429955,3.3729956,3.0329957,3.8029957,4.682996,5.4029956,4.6229954,4.5829954,4.0329957,4.6529956,3.4529955,2.0529957,2.6629956,2.8129957,2.9529955,2.9329956,2.6629956,1.9929956,2.7929957,3.0229957,2.7729957,2.4929955,1.7529956,2.9429955,1.8029956,3.6929955,3.7129955,-1.0670044,-1.1670043
