wind_kz.json
{"header": {"discipline":0,"disciplineName":"Meteorological products","gribEdition":2,"gribLength":1025,"center":7,"centerName":"US National Weather Service - NCEP(WMC)","subcenter":0,"refTime":"2023-10-04T12:00:00.000Z","significanceOfRT":1,"significanceOfRTName":"Start of forecast","productStatus":0,"productStatusName":"Operational products","productType":1,"productTypeName":"Forecast products","productDefinitionTemplate":0,"productDefinitionTemplateName":"Analysis/forecast at horizontal level/layer at a point in time","parameterCategory":2,"parameterCategoryName":"UnknownDiscipline_0_Category_2","parameterNumber":3,"parameterNumberName":"UnknownParameter_D0_C2_3","parameterUnit":"Unknown","genProcessType":2,"genProcessTypeName":"Forecast","forecastTime":0,"surface1Type":103,"surface1TypeName":"Specified height level above ground","surface1Value":10.0,"surface2Type":255,"surface2TypeName":"Missing","surface2Value":0.0,"gridDefinitionTemplate":0,"gridDefinitionTemplateName":"Latitude_Longitude","numberPoints":615,"shape":6,"shapeName":"Earth spherical with radius of 6,371,229.0 m","gridUnits":"degrees","resolution":48,"winds":"true","scanMode":64,"nx":41,"ny":15,"basicAngle":0,"lo1":47.0,"la1":41.0,"lo2":87.0,"la2":55.0,"dx":1.0,"dy":1.0}, "data":
[rows 0 to 14 of 15, columns 0 to 40 of 41]
2.7304394,0.81043947,-1.9995606,-9.86956,-7.7895603,-4.2195606,-1.9895606,-0.61956054,1.1904395,1.6304394,1.0104394,0.7304394,-0.66956055,-0.87956053,-1.8395605,-3.7095606,-3.1895607,-2.3795605,-5.1995606,-4.3395605,-3.5995605,-4.9095607,-2.0795605,1.4704394,4.3604393,0.89043945,1.0204395,2.5504394,-1.9495605,-1.4895606,-3.2395606,-1.6695606,2.5904396,0.26043946,-0.44956055,0.19043945,1.8004395,3.2804394,2.9104395,2.2604394,-1.4695605
-1.3095605,-1.5395606,-8.469561,-8.65956,-6.5895605,-1.0495605,1.8304394,6.0204396,5.1804395,3.3404396,1.2304394,-0.049560547,-0.099560544,-0.46956053,-1.7795606,-3.1195605,-3.8495605,-3.7695606,-3.6995606,-2.7095606,-3.9695606,-3.6795607,-2.8695605,-0.37956056,2.2204394,2.6004395,1.2304394,1.0404395,-0.61956054,1.2204394,-0.21956055,-1.7695606,-1.9195606,-3.1395605,-1.3195605,2.3404396,1.3204395,3.2804394,0.63043946,-0.60956055,-0.68956053
0.30043945,-7.0895605,-8.559561,-6.5495605,-4.1395607,-1.8395605,-2.8795605,1.8404394,3.4204395,2.1104395,0.31043947,0.9804394,1.0604395,-0.98956054,-2.3395605,-3.3895605,-3.6795607,-3.9095604,-3.1795607,-3.3395605,-1.6395606,-2.8595605,-1.4895606,0.120439455,-1.4295605,-0.6995605,-2.0995605,-2.8695605,-1.3995606,-1.6195606,-0.8295605,-1.6095605,-2.1695604,-3.4995606,0.030439453,-0.66956055,-1.9595605,-3.1695604,-1.5795605,-0.31956056,1.1304394
-1.8295605,-4.3295608,-6.5095606,-2.2295606,-4.5695605,-8.649561,-3.5095606,-1.9495605,-2.0395606,0.57043946,1.4804394,-0.7095606,-1.9995606,-4.7495604,-1.1795605,-2.0095606,-2.8395605,-4.2595606,-4.9695606,-5.7395606,-5.2195606,-1.7695606,-0.6495606,-2.2695606,-1.7295605,-2.6395605,-3.8095605,-4.4395604,-2.6195605,-2.4595606,-3.5395606,-0.6495606,2.2404394,1.4904394,0.84043944,0.060439453,2.0004394,2.7304394,-1.6395606,-1.7195605,-3.1995606
-0.019560548,-0.42956054,-2.8195605,-2.6695604,-0.34956056,0.6804395,-2.0395606,-2.2295606,-1.1395606,-0.40956056,4.1204395,3.3604395,1.4104395,-1.0795605,-2.4695606,-2.2495606,-2.9295607,-3.6295605,-3.5595605,-3.0195606,-2.2395606,-1.0195606,-0.45956054,-1.3895606,-0.85956055,-1.9095606,-2.9695606,-6.0395603,-1.8495605,-2.6895607,-3.1795607,-2.2895606,-0.53956056,1.1804395,0.44043946,2.3004394,-1.0395606,0.45043945,-0.15956055,-0.5195606,-3.9995606
-2.0495605,-0.8195605,0.19043945,-2.0895605,0.65043944,2.8004394,1.4204395,0.26043946,-0.99956053,2.2604394,2.1204395,5.4204392,3.3404396,0.14043945,-5.6295605,-2.7195606,-1.8895606,-3.2495606,-2.8295605,-2.0495605,-2.4495606,-2.7095606,-1.8095605,-0.72956055,-0.24956055,0.11043945,-0.43956053,-4.9595604,-1.9495605,-1.6595606,-2.2995605,-3.8295605,-4.1195607,-2.2495606,-1.6795605,-1.4995606,-1.8495605,-3.0295606,-2.0895605,-2.0095606,-3.2995605
-2.5795605,-2.0695605,0.21043946,1.1504395,3.5404394,3.6904395,0.76043946,0.13043946,-0.39956054,1.3404394,3.3104393,5.1304393,4.0604396,2.0104394,-2.7895606,-2.1695604,-0.6395605,-2.3695605,-2.6095605,-2.0195606,-2.2595606,-1.3895606,-1.6495606,-1.4995606,-0.72956055,-0.43956053,-1.1195606,-1.9495605,-1.4195606,-0.86956054,0.010439453,-0.58956057,-1.8195605,-1.2395606,0.6004394,0.69043946,0.48043945,-0.45956054,-1.3795606,-0.13956055,-1.4695605
1.7404394,-1.4995606,2.0304394,3.7704394,-1.7495606,-1.5095606,-0.18956055,-0.019560548,-1.1995605,0.25043947,1.1304394,2.0404394,1.1604395,-0.44956055,-1.0995605,-1.4095606,-2.3395605,-1.1495606,-2.5395606,-2.5895605,-1.5995605,-1.2795606,-1.6595606,-1.6195606,-0.24956055,0.32043946,-0.34956056,-0.66956055,-0.35956055,-0.80956054,-0.42956054,-1.2495606,-3.5895605,-5.3295608,-2.1695604,-1.5395606,0.57043946,0.87043947,1.3804394,-1.0095606,0.060439453
1.8404394,0.21043946,2.4704394,4.7304397,3.5704393,2.8404396,0.27043945,-1.2395606,-2.7795606,-3.0595605,0.62043947,1.0504395,1.6104394,0.48043945,0.6804395,-0.54956055,-1.0395606,-2.1695604,-2.1995606,-1.3995606,-1.5095606,-0.85956055,-0.68956053,-0.43956053,0.47043946,0.90043944,-1.1895605,-0.6495606,-1.0895605,0.34043944,-0.21956055,-2.7295606,-1.4995606,-1.6795605,-2.8495605,-2.5595605,0.080439456,-2.5895605,-2.0095606,-1.1495606,0.48043945
0.58043945,1.8804394,1.3004395,3.3804395,3.6704395,3.5904396,3.6104395,3.5504394,2.5604393,0.9304395,1.4704394,0.10043945,3.0304394,3.1804395,2.3304396,1.9804394,0.82043946,-0.47956055,-1.4495605,-1.1795605,-1.2195605,-1.0295606,-0.38956055,-0.039560545,-0.049560547,0.39043945,-0.42956054,-0.39956054,-0.54956055,0.080439456,-1.9695605,-0.97956055,-1.1495606,-0.38956055,-0.62956053,-1.5995605,-0.68956053,0.5504395,4.394531E-4,0.010439453,-0.46956053
1.4804394,2.0904396,1.6604395,2.6104395,2.8104393,4.2104397,2.7504394,1.8204395,0.75043947,1.2604394,0.07043945,2.0204394,2.5104394,3.6404395,3.5904396,2.8204393,2.4304395,1.7004395,1.4704394,0.50043947,0.060439453,0.22043945,0.5404394,0.030439453,0.37043944,-0.17956054,0.25043947,0.44043946,-0.16956055,-0.8995606,-1.2195605,-1.3695606,0.7904394,-1.5495605,-2.6595604,-1.1195606,0.25043947,-0.7695606,-2.2495606,-1.5595605,-1.7695606
2.6604395,2.2704394,2.1904395,2.1704395,2.1304395,1.6504395,1.9204395,2.0104394,2.9504395,2.3904395,2.5304394,2.0204394,-0.009560547,2.8304396,3.0804396,2.7804394,3.2904394,3.4404395,2.8304396,2.1104395,1.6404395,0.95043945,0.62043947,-0.009560547,0.23043945,0.030439453,0.010439453,0.8504394,1.1304394,0.76043946,-0.25956056,-0.90956056,-0.8995606,-2.4695606,-0.90956056,-1.7295605,-1.2595606,-0.65956056,-0.029560547,-0.6495606,-0.55956054
3.0004394,3.7804394,3.6404395,2.2104394,1.8304394,1.7104394,2.2504394,2.3304396,1.8904395,2.4404395,1.4204395,0.17043945,2.5604393,4.0604396,2.8204393,1.6304394,2.4904394,3.1404395,4.3904395,3.3104393,3.5904396,3.1704395,2.5904396,2.0804396,1.2704395,1.4904394,0.70043945,1.5804394,1.8804394,1.7004395,1.5004394,0.9804394,0.91043943,-0.60956055,-1.0795605,-1.5195606,-1.8795606,-1.0795605,-0.8895605,-0.53956056,-0.10956055
4.3504395,4.1204395,4.1804395,4.0404396,2.8804395,2.8204393,2.7104394,2.5204394,2.4104395,0.6104395,0.88043946,0.26043946,0.38043946,1.0204395,3.2804394,2.1104395,3.9704394,3.1804395,2.3904395,3.3504395,4.2104397,4.1304393,3.4704394,3.2704394,2.9804394,2.1804395,2.3204393,2.6504395,2.5604393,2.6404395,2.5304394,2.4204395,1.4304395,0.57043946,-0.43956053,-0.79956055,-0.86956054,-0.46956053,-1.1595606,-0.46956053,-1.3095605
4.0104394,4.7604394,6.1604395,4.5704393,4.7704396,3.8704395,3.2504394,2.9404395,2.1404395,2.1404395,2.3804395,2.1704395,0.9904395,0.20043945,-1.9595605,2.6904395,0.9804394,3.8904395,4.6604395,3.3504395,3.0104394,2.9004395,2.8904395,3.4104395,3.9504395,3.9804394,3.8404396,3.5604393,3.1504395,2.9004395,3.0704393,2.5304394,2.2004395,1.8004395,1.4404395,1.3504394,1.6404395,1.5504395,0.21043946,0.90043944,0.35043946
