wind_kz.json
{"header": {"discipline":0,"disciplineName":"Meteorological products","gribEdition":2,"gribLength":1025,"center":7,"centerName":"US National Weather Service - NCEP(WMC)","subcenter":0,"refTime":"2023-08-06T06:00:00.000Z","significanceOfRT":1,"significanceOfRTName":"Start of forecast","productStatus":0,"productStatusName":"Operational products","productType":1,"productTypeName":"Forecast products","productDefinitionTemplate":0,"productDefinitionTemplateName":"Analysis/forecast at horizontal level/layer at a point in time","parameterCategory":2,"parameterCategoryName":"UnknownDiscipline_0_Category_2","parameterNumber":2,"parameterNumberName":"UnknownParameter_D0_C2_2","parameterUnit":"Unknown","genProcessType":2,"genProcessTypeName":"Forecast","forecastTime":180,"surface1Type":103,"surface1TypeName":"Specified height level above ground","surface1Value":10.0,"surface2Type":255,"surface2TypeName":"Missing","surface2Value":0.0,"gridDefinitionTemplate":0,"gridDefinitionTemplateName":"Latitude_Longitude","numberPoints":615,"shape":6,"shapeName":"Earth spherical with radius of 6,371,229.0 m","gridUnits":"degrees","resolution":48,"winds":"true","scanMode":64,"nx":41,"ny":15,"basicAngle":0,"lo1":47.0,"la1":41.0,"lo2":87.0,"la2":55.0,"dx":1.0,"dy":1.0}, "data":
[rows 0 to 14 of 15, columns 0 to 40 of 41]
-5.2478485,-0.04784851,1.7421515,2.0421515,0.6021515,-0.11784851,-0.42784852,-4.8878484,-4.0178485,-3.2778485,-3.2478485,-4.1278486,-3.9778485,-3.4378486,-3.3078485,-3.4778485,-4.3978486,-4.3478484,-5.9678483,-4.3478484,-1.8678485,0.5421515,0.7921515,-0.2778485,0.22215149,-3.7878485,-2.1578486,0.5421515,1.5321515,1.1221515,0.5621515,0.7621515,0.2721515,-1.7678485,-3.8778486,-2.2778485,-0.07784851,-1.0278485,-0.9378485,0.3321515,-4.4078484
2.5121515,1.4621515,2.8321514,1.3621515,1.1921515,0.5721515,1.8321515,-4.3278484,-3.1378486,-2.1878486,-2.1878486,-4.6878486,-3.9278486,-3.0078485,-3.1678486,-3.7778485,-3.6278486,-3.9578485,-3.9678485,-2.6378486,-2.2978485,-3.3678484,-1.8478485,-1.5278485,0.39215147,1.2321515,-1.2578485,1.2121515,-4.0178485,-0.11784851,-0.39784852,-0.5878485,-0.36784852,-1.6078485,-0.10784851,0.3121515,-0.9478485,0.77215147,-0.8678485,-1.0978485,-8.507849
0.07215149,0.5721515,-0.5578485,0.19215149,2.3221514,2.5421515,2.8521514,0.32215148,-2.1178484,0.6921515,-1.8178486,-2.7878485,-3.0478485,-1.4078485,-1.7278485,-3.0978484,-3.9678485,-3.5878484,-4.1078486,-2.2078485,-2.4878485,-0.7978485,-3.8278484,-7.0278487,-1.8878485,-2.7778485,-0.7778485,2.4621515,-2.2278485,-0.0078485105,0.07215149,1.6221515,0.3621515,-0.01784851,0.8721515,-2.4978485,0.32215148,-0.01784851,2.6421516,2.3221514,2.2221515
-1.1078485,-0.14784852,1.1621515,2.9421515,1.7121515,2.2021515,3.9921515,3.2721515,0.19215149,1.4521515,-0.5478485,2.3121514,1.8921515,2.7621515,2.7021515,0.4721515,0.48215148,-3.5778484,-3.2778485,-2.9578485,-2.1878486,-4.1378484,-1.9878485,-2.0478485,-1.7478485,-0.6278485,-0.2778485,-3.9978485,-4.2878485,-3.0578485,-1.9578485,-0.8678485,3.9021516,5.3121514,-0.97784853,-0.3378485,-1.5378485,2.2421515,-0.6778485,1.2121515,0.9521515
1.1421515,4.2921515,4.3721514,4.1521516,4.5121517,5.1121516,6.0321517,3.0721514,4.7721515,0.4721515,2.3721514,4.5521517,5.2121515,6.6721516,4.9521513,0.9821515,2.7821515,-0.6378485,-0.9878485,-2.0778484,-2.5478485,-2.1778486,-2.9878485,-1.5178485,-2.0378485,-1.5178485,-0.9278485,2.8121514,-3.1078484,-3.5878484,-3.8178484,-2.5578485,-1.4678485,2.0121515,-2.3578484,-0.13784851,2.6121514,-0.8178485,-0.1278485,1.7921515,2.4021516
1.1821514,1.7621515,3.5721514,5.1121516,5.6621513,6.4721513,4.9921513,4.9921513,1.5321515,1.9921515,4.4121513,4.2921515,3.6921515,6.4121513,6.3421516,0.8221515,2.5221515,1.5921515,0.6121515,-2.6878486,-3.0878484,-1.7178485,-2.1778486,-2.7278485,-2.0978484,-0.6678485,1.2921515,3.0221515,1.6421515,-0.8678485,0.6321515,1.4721515,0.78215146,-0.04784851,0.13215148,-0.0078485105,1.7121515,5.0221515,7.0321517,2.8221514,1.9821515
3.9721515,3.8321514,2.4321516,3.2421515,2.8321514,3.4921515,4.3321514,3.8821516,4.2821517,3.2321515,3.4821515,2.4521515,-3.5478485,-1.4678485,-2.6178484,1.5521514,0.38215148,-5.5078487,-3.6378486,-3.4078486,-1.4778485,0.012151489,1.7221515,1.2621515,0.08215149,-0.42784852,1.2821515,-0.8578485,-4.4778485,-3.6678486,-3.3978486,-3.0678484,-2.2178485,-1.6878486,-1.6078485,-0.087848514,-1.3378485,1.9721515,1.4421515,-0.36784852,1.5021515
3.7021515,4.1721516,3.2821515,2.9421515,3.2321515,3.7621515,3.7221515,4.4121513,4.4121513,2.4621515,-3.0478485,-3.9078486,-3.3878486,-2.4078486,-7.0678487,-6.1678486,-5.0878487,-4.6778483,-2.9878485,-2.4878485,-0.2778485,-0.11784851,-1.1678485,-2.6678486,-2.2878485,-1.3478485,-0.71784854,-0.4178485,-2.4378486,-3.0578485,-2.4778485,-0.5878485,-1.2778485,-0.8778485,-1.1578485,0.42215148,2.4021516,1.9221514,2.5821514,2.9021516,-0.7478485
5.1921515,4.5221515,4.1121516,4.3321514,2.1321516,2.4321516,4.4121513,4.3421516,3.5721514,3.0521514,-1.0378485,-1.7078485,-1.4678485,-5.3278484,-6.4778485,-4.8278484,-5.1078486,-3.9478486,-2.3078485,-2.4678485,-2.4978485,-1.3778485,-1.2178485,-1.7178485,-1.8978485,-1.6178485,-0.2878485,0.7521515,1.9721515,-0.06784851,1.3621515,1.5621514,-0.10784851,-0.087848514,-0.03784851,0.6321515,0.9521515,-0.65784854,0.8821515,0.53215146,-0.4178485
3.4821515,3.0921514,4.9221516,4.2621517,3.0821514,3.1321516,4.8621516,3.9321516,3.0721514,4.1921515,-3.2678485,0.22215149,-5.6478486,-5.8778486,-5.7678485,-5.0878487,-4.2978487,-3.3378484,-2.7978485,-2.1478486,-2.1778486,-1.0678486,-0.9578485,-1.0978485,-0.05784851,0.09215149,-0.3478485,-1.0378485,-0.35784853,1.0821515,1.4221514,2.4121516,-0.07784851,-0.8578485,0.8721515,0.3721515,0.78215146,0.6421515,-0.3878485,0.71215147,0.8821515
3.6621516,4.5921516,4.6121516,3.7821515,4.7121515,2.8821516,5.2121515,4.0121517,5.2121515,-1.2478485,-4.9678483,-6.3178487,-6.5078487,-6.4978485,-5.3678484,-4.4278483,-3.6178484,-2.4578485,-3.0678484,-1.5978485,-0.9178485,-1.1378485,0.8521515,-0.2878485,-1.8378485,-2.3078485,0.21215148,-0.2078485,0.9521515,1.9821515,0.8021515,-2.8878486,-2.7978485,1.0621514,2.7721515,0.012151489,0.6421515,-0.1278485,-0.6078485,0.96215147,0.03215149
5.1421514,4.9421515,4.2621517,2.7921515,3.2821515,0.7021515,0.65215147,3.7421515,-6.9378486,-8.627849,-8.197848,-6.1678486,-5.0078487,-5.6578484,-4.2078485,-3.4678485,-3.0978484,-1.0478485,-0.72784853,1.2421515,0.012151489,0.5521515,-2.3878486,-1.3178486,-0.5278485,1.0421515,0.8621515,-0.16784851,-1.0478485,-2.5178485,-2.0878484,0.10215149,1.5121515,1.9921515,2.2421515,1.8121514,3.2721515,0.04215149,0.90215147,-0.7978485,1.5721515
4.0821514,4.0121517,2.9021516,3.9921515,3.6121514,-0.13784851,-5.5178485,-2.7378485,-4.5578485,-3.6778486,-3.0978484,-3.6078484,-4.2278485,-3.4478486,-3.0378485,-2.0778484,-0.8878485,0.8221515,1.8421515,1.5521514,0.7521515,0.8321515,0.6921515,0.7221515,2.6821516,2.5621514,1.4821515,1.4021515,1.9521515,0.7921515,1.6021515,1.4021515,2.1821516,1.0721515,1.7321515,2.6521516,0.26215148,0.45215148,1.9821515,0.2521515,-0.71784854
2.9421515,3.9021516,2.8321514,3.0621514,-3.2978485,-1.5378485,-0.8778485,-4.2478485,-0.5478485,-3.8178484,-2.1278486,-2.1278486,-0.84784853,-2.0878484,-1.9378486,-0.65784854,1.2721515,1.7321515,1.2021515,1.8521515,-0.16784851,-0.5478485,0.1821515,1.7421515,1.1521515,0.6821515,1.3721515,1.9121515,-0.5778485,-0.8278485,3.1521516,1.9621515,2.3221514,2.2521515,1.4721515,1.6821514,1.8021514,0.7921515,0.22215149,0.022151489,-0.9478485
1.8521515,-0.5078485,-2.9378486,-3.0278485,-2.1078484,0.14215149,1.8921515,-6.5778484,-6.1578484,-5.2978487,-3.3278484,-1.8478485,-2.0878484,0.17215149,-0.96784854,-1.3778485,-0.29784852,1.2321515,0.7421515,-0.4178485,3.3421514,2.8821516,1.4621515,1.4521515,1.0721515,-0.78784853,-0.5078485,-0.84784853,-1.2678485,-0.45784852,0.04215149,1.7721515,-0.1578485,1.0321515,1.8421515,1.8521515,0.53215146,1.9121515,2.2321515,-1.0778486,-1.6078485
