wind_kz.json
{"header": {"discipline":0,"disciplineName":"Meteorological products","gribEdition":2,"gribLength":1025,"center":7,"centerName":"US National Weather Service - NCEP(WMC)","subcenter":0,"refTime":"2024-04-08T12:00:00.000Z","significanceOfRT":1,"significanceOfRTName":"Start of forecast","productStatus":0,"productStatusName":"Operational products","productType":1,"productTypeName":"Forecast products","productDefinitionTemplate":0,"productDefinitionTemplateName":"Analysis/forecast at horizontal level/layer at a point in time","parameterCategory":2,"parameterCategoryName":"UnknownDiscipline_0_Category_2","parameterNumber":2,"parameterNumberName":"UnknownParameter_D0_C2_2","parameterUnit":"Unknown","genProcessType":2,"genProcessTypeName":"Forecast","forecastTime":120,"surface1Type":103,"surface1TypeName":"Specified height level above ground","surface1Value":10.0,"surface2Type":255,"surface2TypeName":"Missing","surface2Value":0.0,"gridDefinitionTemplate":0,"gridDefinitionTemplateName":"Latitude_Longitude","numberPoints":615,"shape":6,"shapeName":"Earth spherical with radius of 6,371,229.0 m","gridUnits":"degrees","resolution":48,"winds":"true","scanMode":64,"nx":41,"ny":15,"basicAngle":0,"lo1":47.0,"la1":41.0,"lo2":87.0,"la2":55.0,"dx":1.0,"dy":1.0}, "data":
[rows 0 to 14 of 15, columns 0 to 40 of 41]
-0.2266333,1.5333667,-2.0766332,-0.0866333,-1.9666333,1.9633667,2.9733667,0.3133667,-0.6466333,-0.6066333,-0.6766333,0.5833667,0.3233667,1.0433667,-0.6566333,0.1533667,1.7833667,-1.1566333,-0.5466333,-0.2366333,0.1633667,-2.6166334,-2.1666334,-1.1166333,2.2633667,4.7833667,4.643367,3.5633667,0.8233667,-2.5866332,-2.0566332,-2.3666334,-2.3266332,-5.7366333,-5.816633,-4.8266335,-7.836633,-5.6566334,-4.7566333,-3.9266334,-4.8666334
-1.6266333,-2.6566334,-2.5166333,-2.3866334,-0.1366333,2.7833667,-1.9966333,-2.1066332,-1.2466333,-1.0566334,1.8933667,-0.4566333,-1.1366333,-0.3666333,-0.8266333,-0.1266333,-0.2466333,-0.8166333,-1.5866333,0.9433667,2.1733668,1.7133667,-0.5266333,1.4833667,1.0433667,-0.3166333,-0.0266333,2.2933667,1.6433667,-0.2266333,0.0733667,-0.7766333,-1.0866333,-0.3566333,0.4833667,-3.3066332,-2.5266333,-2.3866334,-0.7566333,-1.7566333,-1.7466333
-0.0566333,-2.8466332,-1.0666333,-0.0266333,1.6133667,4.433367,1.2533667,-0.9966333,0.0833667,-0.0966333,-0.2866333,1.0133667,-1.8966333,0.1533667,-0.9166333,-0.3166333,-1.4766333,-1.3666333,0.4733667,1.7233667,4.933367,4.663367,4.123367,4.5533667,2.6633668,2.0833666,1.7133667,1.9433666,4.3833666,0.0933667,-0.0666333,-1.5166333,-0.6666333,-1.4966333,-0.6566333,-0.4366333,-0.6366333,-0.4466333,2.5633667,1.3933667,1.6333667
-1.2766333,-0.8266333,1.6533667,1.3033667,4.2133665,4.8833666,2.4233668,3.5333667,1.5533667,0.9233667,0.8733667,0.6433667,-0.6266333,0.3333667,2.0033667,-0.0266333,-0.2966333,-0.9066333,-2.0666332,-0.3566333,2.3633666,0.7833667,-2.8766334,-0.1466333,-1.0766333,-2.0566332,-0.9066333,-4.626633,-4.4266334,-1.9966333,0.0433667,0.5633667,-2.5666332,-1.5966333,-1.1066333,-0.4966333,-1.1766334,1.9133667,-0.8366333,-2.4766333,-3.0666332
1.8633667,1.4033667,3.1733668,3.5533667,3.8733666,5.3633666,4.273367,3.9733667,3.1833668,2.4033668,2.8833666,1.2533667,1.0333667,3.2033668,4.5033665,3.4233668,0.1233667,-0.3366333,-2.3166332,-3.1366334,-3.8266332,-3.5166333,-2.9666333,-2.6866333,-3.1466334,-4.6766334,-5.5266333,1.0733666,-3.8666334,-3.0066333,-2.1966333,-1.8266333,-0.16663331,0.4933667,-1.7166333,-1.8166333,-2.4066334,-3.7066333,-2.3666334,-1.4866333,-0.7066333
4.4733667,4.083367,2.9333668,4.393367,4.5533667,5.0133667,6.103367,5.603367,4.6733665,4.6733665,4.3233666,4.1333666,1.7033668,3.2333667,3.8533666,2.5933666,1.5833668,0.6833667,-0.2966333,-0.5166333,-1.8066334,-1.7266333,-2.0966332,-2.0466332,-2.9866333,-4.456633,-4.646633,-1.9666333,-4.1166334,-4.2366333,-4.0466332,-4.166633,-4.206633,-2.3466332,-1.4366333,-3.3066332,-0.7166333,-2.8666334,-3.1266334,-1.2266333,-1.3766333
4.5333667,3.1033666,4.0933666,5.3633666,4.4033666,6.0133667,6.9933667,7.5333667,6.623367,6.0033665,5.7333665,5.8033667,5.773367,6.143367,4.913367,5.0133667,4.9933667,3.1733668,1.9933667,2.4933667,1.7733667,0.8933667,0.8533667,0.2833667,-0.1466333,-1.1066333,-1.4066333,-0.8366333,-0.8466333,-1.0566334,-2.0966332,-3.5666332,-4.0266333,-3.8766334,-3.3166332,-0.6966333,-1.0366333,0.9433667,-1.3266333,0.7033667,-1.9366333
2.9133668,3.8833666,5.103367,4.873367,5.353367,5.2433667,5.6733665,5.4733667,7.5533667,6.2333665,8.503366,7.9233665,7.913367,8.413366,8.283367,6.813367,4.8233666,6.603367,5.2333665,5.873367,5.433367,4.043367,3.5733666,3.1233666,3.2533667,3.5233667,3.3233666,2.0833666,2.9233668,1.4533668,1.8933667,1.1133667,0.6333667,-1.7366333,-1.6866333,-0.9366333,-2.9266334,-2.4466333,-5.2166333,-4.9966335,-2.2766333
3.7233667,4.103367,4.643367,5.103367,5.103367,5.1533666,5.3633666,6.2333665,7.603367,8.033367,7.913367,8.473367,10.773367,9.433367,9.883367,7.3433666,6.6133666,5.643367,5.183367,7.083367,7.563367,6.893367,6.563367,4.5933666,5.3033667,4.9033666,4.9833665,4.9533668,4.063367,4.0733666,3.9233668,3.4133668,2.6933668,1.2533667,-1.4266334,-3.6966333,-1.6466333,-0.3666333,-0.6666333,-0.1966333,-0.6766333
3.3533666,4.623367,5.0333667,5.4033666,5.9633665,6.393367,6.3833666,7.353367,7.833367,8.053367,8.323367,8.913366,8.7133665,8.633367,8.353367,6.273367,6.4533668,6.2233667,7.0933666,5.9233665,7.8033667,8.763367,7.123367,4.313367,7.333367,4.9033666,5.8633666,5.0333667,6.523367,6.683367,6.663367,5.373367,3.0133667,0.6133667,-0.3266333,-0.9566333,-2.5566332,-1.1366333,1.0533667,0.8633667,0.0333667
5.0033665,5.333367,5.7333665,6.4433665,6.683367,6.9833665,7.9833665,7.023367,5.853367,5.333367,5.143367,4.9833665,5.3033667,5.9633665,6.293367,5.413367,5.7133665,7.0933666,6.9033666,5.8033667,6.0733666,5.3433666,7.5033665,7.853367,6.0933666,4.2233667,6.8233666,7.7533665,8.133367,7.913367,5.853367,2.3433666,-1.0666333,1.2033668,0.6733667,-1.2566333,-0.0666333,0.7433667,-0.5166333,0.2033667,0.6433667
5.5033665,4.5033665,4.853367,6.603367,6.7133665,5.933367,5.1733665,5.7033668,3.7233667,3.1733668,5.8433666,6.9233665,6.083367,5.373367,6.353367,7.4433665,7.623367,5.8433666,5.543367,6.603367,6.4733667,6.2233667,5.9033666,3.9633667,4.913367,6.1133666,6.9733667,8.093367,8.123366,5.853367,4.433367,3.2633667,3.8433666,3.7033668,3.2633667,4.563367,3.7533667,-0.5666333,0.1033667,-0.8766333,-0.2066333
3.9333668,4.9833665,4.293367,4.6933665,5.7633667,5.9233665,7.1133666,5.413367,6.3833666,5.8633666,3.6533668,5.3633666,6.7233667,6.9833665,4.5733666,5.0533667,5.6533666,6.6133666,5.5033665,4.523367,6.123367,7.083367,5.913367,5.8833666,5.4433665,5.2633667,6.7033668,6.2333665,4.3633666,3.7033668,4.793367,4.5933666,3.2933667,2.4233668,3.0333667,4.353367,5.023367,2.5433667,3.0433667,-0.2966333,0.6133667
5.4833665,6.293367,4.1733665,4.9033666,5.4633665,5.1533666,6.2333665,7.143367,6.4733667,3.4333668,6.4233665,5.043367,6.413367,6.3633666,5.1133666,4.373367,4.1533666,6.3633666,6.2833667,5.773367,4.4933667,4.1133666,6.7533665,5.5133667,3.6533668,3.5133667,5.0133667,5.643367,5.2333665,5.603367,3.6133666,2.8833666,2.5933666,2.2733667,2.9433668,2.6133666,2.0633667,2.6933668,0.8733667,2.5033667,-1.2866333
3.7133667,6.183367,5.433367,6.683367,5.6533666,4.6933665,5.3433666,4.813367,3.4133668,3.7233667,1.9233667,3.6733668,3.5533667,5.273367,7.0333667,7.2433667,6.683367,4.7833667,6.3033667,7.3233666,5.933367,6.4833665,6.623367,7.1733665,7.0533667,6.4233665,6.393367,5.683367,4.5133667,2.7933667,2.3533666,2.4833667,2.1333666,2.4433668,2.0833666,2.3333666,1.1233667,2.4133668,1.1333667,1.6233667,-0.6966333
