wind_kz.json
{"header": {"discipline":0,"disciplineName":"Meteorological products","gribEdition":2,"gribLength":1025,"center":7,"centerName":"US National Weather Service - NCEP(WMC)","subcenter":0,"refTime":"2023-09-22T18:00:00.000Z","significanceOfRT":1,"significanceOfRTName":"Start of forecast","productStatus":0,"productStatusName":"Operational products","productType":1,"productTypeName":"Forecast products","productDefinitionTemplate":0,"productDefinitionTemplateName":"Analysis/forecast at horizontal level/layer at a point in time","parameterCategory":2,"parameterCategoryName":"UnknownDiscipline_0_Category_2","parameterNumber":3,"parameterNumberName":"UnknownParameter_D0_C2_3","parameterUnit":"Unknown","genProcessType":2,"genProcessTypeName":"Forecast","forecastTime":60,"surface1Type":103,"surface1TypeName":"Specified height level above ground","surface1Value":10.0,"surface2Type":255,"surface2TypeName":"Missing","surface2Value":0.0,"gridDefinitionTemplate":0,"gridDefinitionTemplateName":"Latitude_Longitude","numberPoints":615,"shape":6,"shapeName":"Earth spherical with radius of 6,371,229.0 m","gridUnits":"degrees","resolution":48,"winds":"true","scanMode":64,"nx":41,"ny":15,"basicAngle":0,"lo1":47.0,"la1":41.0,"lo2":87.0,"la2":55.0,"dx":1.0,"dy":1.0}, "data":
[rows 0 to 14 of 15, columns 0 to 40 of 41]
-1.6917187,1.4082812,2.0082812,2.9382813,1.3382813,-0.10171875,1.2282813,0.6382812,-0.52171874,0.01828125,-2.5117188,-2.0017188,-2.9017189,-4.1717186,-4.681719,-5.3217187,-4.101719,-2.1917188,-4.101719,-3.9717188,-4.121719,-0.42171875,2.8482811,1.0382812,1.2582812,2.1582813,1.3182813,-1.5517187,-2.3517187,-1.5017188,0.7682812,1.7682812,-1.6917187,0.06828125,1.2682812,0.32828125,-0.04171875,-1.1617187,-0.27171874,1.2882812,2.1782813
1.5282812,-0.70171875,4.438281,2.9682813,1.6082813,1.6382812,-0.46171874,-0.16171876,-1.2417188,-1.5217187,-0.71171874,-2.6217186,-3.9917188,-3.9217188,-4.831719,-5.0317187,-2.9717188,-3.1017187,-3.3517187,-5.521719,-5.741719,-0.28171876,4.778281,-1.7917187,1.5882813,2.8182812,3.2882812,-0.62171876,-1.9317187,-1.0817188,-2.3417187,-1.6717187,0.50828123,-1.5517187,1.1282812,2.1282814,2.3282812,2.1982813,2.4682813,-0.45171875,0.27828124
0.84828126,4.978281,3.4582813,2.5182812,1.2182813,0.49828124,-0.09171875,-0.96171874,-0.52171874,-1.7717187,-1.6317188,-2.6917188,-3.7317188,-3.1017187,-3.5417187,-4.8617187,-5.0717187,-5.8217187,-4.601719,0.9482812,-1.7917187,-4.641719,-5.4817185,-2.2317188,-1.9917188,-1.6217188,-1.5617187,-1.6117188,-0.10171875,-3.2017188,-0.02171875,-0.53171873,-2.6517189,1.6282812,0.12828125,-2.8417187,-2.0917187,-1.0017188,-1.5717187,-0.87171876,-0.21171875
3.9282813,2.8082812,2.8982813,2.1582813,1.4482813,0.85828125,0.81828123,-0.84171873,-0.87171876,-0.24171875,-0.9717187,-2.3717186,-2.7717187,-3.5017188,-2.3717186,-3.8817186,-4.9217186,-6.0017185,-6.431719,-4.491719,-2.2517188,-3.1317186,0.65828127,-1.4017187,-2.0717187,-2.9717188,-2.9217188,-2.3917189,-3.1417189,-4.991719,0.22828124,1.5682813,1.5482812,3.3982813,-0.45171875,1.3582813,1.1082813,1.5682813,-2.5417187,-3.2317188,-2.5817187
3.2482812,1.3382813,1.8282813,1.3782812,1.5282812,1.7982812,0.13828126,-0.29171875,-0.63171875,-1.1117188,-0.71171874,-2.0017188,-2.1417189,-3.0217187,-2.5217187,-2.6217186,-4.101719,-4.3617187,-4.081719,-2.9417188,-1.2917187,0.22828124,-0.12171875,-0.47171876,-0.68171877,-1.5017188,-2.6417189,-1.9417187,-2.4917188,-4.311719,-5.521719,-5.661719,-2.4317188,-1.1317188,0.7682812,1.1582812,-1.6117188,0.14828125,-4.2517185,-1.6517187,-0.49171874
1.0782813,1.3582813,-0.52171874,1.6382812,1.1582812,1.4982812,1.4782813,0.13828126,-0.68171877,-0.37171876,-1.2317188,-1.6017188,-1.7917187,-2.5017188,-2.9117188,-1.9917188,-1.5317187,-1.9417187,-1.8117187,-0.90171874,-0.96171874,-0.99171877,-0.24171875,-0.8017188,-1.0217187,-1.4217187,-1.7017188,-3.1617188,-2.5517187,-2.4817188,-3.1017187,-3.6017187,-2.5717187,-3.9817188,-2.9217188,-1.1317188,-2.1517189,-2.9417188,-2.0517187,-0.58171874,1.8082813
0.41828126,0.93828124,0.97828126,1.2882812,1.0782813,0.5782812,1.0782813,0.73828125,0.04828125,-0.23171875,-0.81171876,-1.6617187,-1.9817188,-2.5117188,-2.5117188,-2.1517189,-1.0017188,-0.09171875,0.13828126,0.03828125,-0.6117188,-1.1017188,-1.5817188,-1.5517187,-0.93171877,-0.8517187,-2.1817188,-2.4617188,-2.8717186,-2.7917187,-3.0817187,-2.3917189,-1.2217188,-2.4317188,-0.16171876,1.6682812,2.6282814,-0.41171876,-2.5517187,0.5282813,-0.05171875
0.99828124,1.1482812,2.5982811,1.9582813,2.1882813,1.6182812,1.2282813,0.87828124,0.54828125,0.04828125,-0.62171876,-0.63171875,-1.9317187,-1.8017187,-1.7817187,-1.0717187,-1.3117187,-0.38171875,-0.13171875,0.6482813,-0.48171875,-1.0017188,-1.6317188,-2.0217187,-2.5417187,-3.4117188,-3.8617187,-3.8517187,-3.4117188,-2.4417188,-2.5417187,-2.1117187,-2.1617188,-1.2617188,0.8882812,-0.44171876,-0.99171877,-1.7417188,-0.49171874,-2.8117187,-0.9217188
-0.02171875,0.8982813,2.6782813,2.0582812,2.9982812,2.5082812,2.0982811,1.8182813,1.1782813,0.25828126,-0.06171875,-0.28171876,-0.57171875,-0.95171875,-1.1717187,-1.4517188,-1.0217187,-0.89171875,-0.81171876,-1.0717187,-0.51171875,-1.3817188,-1.9917188,-2.3417187,-2.5817187,-2.7417188,-1.3517188,-2.2017188,-3.3717186,-2.6817188,-4.4017186,-2.3517187,-2.4917188,-1.3817188,0.25828126,-0.09171875,1.4282813,-2.3417187,-2.1017187,-2.4517188,-0.27171874
-1.3817188,-0.45171875,-0.09171875,2.4582813,2.8582811,2.9682813,2.2882812,1.4882812,1.3782812,1.2782812,1.1982813,0.5182812,0.49828124,0.31828126,-0.09171875,-0.09171875,-0.24171875,0.05828125,-0.06171875,-0.49171874,-1.4617188,-1.8817188,-2.4117188,-2.4617188,-1.8617188,-1.8617188,-1.7817187,-0.78171873,-1.3417188,-1.3217187,-1.9817188,-2.1617188,-0.56171876,1.3382813,2.7682812,1.9982812,1.0082812,2.5282812,1.2382812,-0.7917187,-1.7617188
-0.49171874,-0.23171875,0.59828126,1.5582813,2.3082812,2.3582811,1.4982812,0.7682812,1.5682813,1.9582813,1.8882812,0.79828125,2.8782814,1.5082812,0.41828126,0.26828125,0.11828125,-0.24171875,0.26828125,-0.7917187,-1.3817188,-1.1417187,-1.4617188,-1.2117188,-0.99171877,-0.45171875,-1.1217188,-0.51171875,-0.43171874,-0.59171873,-1.5817188,-0.9217188,1.7682812,2.0282812,2.7382812,4.228281,2.3382812,0.99828124,1.1882813,1.2382812,-0.13171875
0.72828126,0.04828125,-0.03171875,1.0182812,1.8182813,1.8682812,1.5282812,1.8282813,1.0582813,0.7682812,-0.34171876,-0.78171873,0.66828126,1.7882812,-0.16171876,-0.30171874,-0.71171874,-0.75171876,-0.28171876,-0.95171875,-1.0417187,-1.5917188,-1.2717187,-0.78171873,-1.1417187,-2.0317187,-0.59171873,-1.3017187,-1.3917187,-0.5517188,0.32828125,1.5282812,1.3182813,2.0282812,2.1882813,4.418281,4.378281,2.5582812,0.5782812,-0.13171875,-1.4717188
1.4282813,0.78828126,0.97828126,0.50828123,0.50828123,1.2182813,1.9482813,1.6782813,1.1482812,1.3082813,0.22828124,0.40828124,1.2182813,1.2182813,0.8282812,-0.52171874,-1.1417187,-1.2517188,-0.84171873,-1.1117188,-1.0417187,-1.5317187,-1.5617187,-1.0617187,-1.5517187,-0.94171876,-2.0917187,-2.8417187,-1.0417187,0.06828125,1.2482812,1.3682812,1.7482812,2.3882813,2.4982812,3.2182813,3.6782813,2.7882812,4.028281,3.5582812,2.1982813
2.8282812,2.4982812,2.0582812,1.6382812,1.5182812,1.7782812,2.4482813,2.1582813,2.0982811,3.2282813,1.2682812,0.71828127,1.0582813,1.5082812,0.91828126,0.03828125,-0.94171876,-1.1117188,-0.82171875,-1.1117188,-1.3017187,-1.1017188,-1.1617187,-1.2017188,-0.53171873,-0.09171875,1.0682813,0.6982812,-0.09171875,0.56828123,1.7582812,1.5382812,1.6282812,1.9182812,1.9882812,2.5982811,3.1082811,2.9882812,2.7882812,3.0082812,2.8882813
2.9182813,3.1882813,3.1382813,3.0582812,3.2482812,2.8382812,2.7582812,2.4882812,2.3382812,3.0182812,2.4182813,2.1182814,1.2482812,0.5882813,1.1182812,0.5882813,-1.0717187,-1.0517187,-0.8617188,-1.0217187,-1.4617188,-1.7217188,-1.5017188,-1.5117188,-1.6117188,-1.7217188,-0.96171874,-0.14171875,1.3982812,1.6382812,1.6982813,2.6382813,1.7682812,1.5282812,2.7282813,4.0982814,3.8782814,3.5982811,3.8382812,3.8882813,3.0682812
