wind_kz.json
{"header": {"discipline":0,"disciplineName":"Meteorological products","gribEdition":2,"gribLength":948,"center":7,"centerName":"US National Weather Service - NCEP(WMC)","subcenter":0,"refTime":"2023-09-07T06:00:00.000Z","significanceOfRT":1,"significanceOfRTName":"Start of forecast","productStatus":0,"productStatusName":"Operational products","productType":1,"productTypeName":"Forecast products","productDefinitionTemplate":0,"productDefinitionTemplateName":"Analysis/forecast at horizontal level/layer at a point in time","parameterCategory":0,"parameterCategoryName":"UnknownDiscipline_0_Category_0","parameterNumber":0,"parameterNumberName":"UnknownParameter_D0_C0_0","parameterUnit":"Unknown","genProcessType":2,"genProcessTypeName":"Forecast","forecastTime":0,"surface1Type":1,"surface1TypeName":"Ground or water surface","surface1Value":0.0,"surface2Type":255,"surface2TypeName":"Missing","surface2Value":0.0,"gridDefinitionTemplate":0,"gridDefinitionTemplateName":"Latitude_Longitude","numberPoints":615,"shape":6,"shapeName":"Earth spherical with radius of 6,371,229.0 m","gridUnits":"degrees","resolution":48,"winds":"true","scanMode":64,"nx":41,"ny":15,"basicAngle":0,"lo1":47.0,"la1":41.0,"lo2":87.0,"la2":55.0,"dx":1.0,"dy":1.0}, "data":
[rows 0 to 14 of 15, columns 0 to 40 of 41]
307.9441,291.74408,301.9441,298.4441,298.74408,297.1441,306.5441,311.5441,313.0441,315.5441,312.4441,312.4441,311.9441,313.6441,313.5441,317.1441,316.9441,312.8441,319.5441,316.1441,317.5441,313.9441,318.9441,311.5441,313.0441,312.5441,309.24408,300.9441,300.8441,298.1441,294.3441,288.1441,305.8441,306.0441,318.6441,320.4441,320.6441,321.4441,323.5441,323.1441,322.74408
288.1441,299.8441,297.74408,298.0441,298.1441,296.3441,311.6441,311.1441,310.3441,311.74408,312.1441,311.6441,311.74408,309.74408,311.1441,310.24408,313.4441,315.4441,320.5441,322.74408,317.5441,315.0441,310.1441,300.4441,291.8441,293.4441,303.6441,298.3441,300.9441,291.4441,298.8441,284.3441,296.74408,271.4441,289.1441,313.74408,315.24408,313.24408,319.3441,311.3441,285.3441
296.24408,297.3441,298.24408,298.0441,295.4441,306.1441,304.9441,306.0441,308.1441,310.24408,303.0441,301.1441,302.0441,304.0441,307.5441,307.9441,309.74408,312.6441,316.0441,318.6441,310.9441,312.24408,312.24408,304.74408,309.6441,304.74408,306.9441,308.8441,309.8441,301.5441,293.3441,294.8441,299.1441,299.8441,298.1441,297.74408,296.5441,296.3441,299.74408,289.6441,286.8441
305.74408,297.0441,298.3441,297.4441,298.24408,305.0441,305.0441,305.5441,307.9441,309.74408,305.3441,297.6441,294.3441,293.5441,296.6441,301.8441,307.9441,301.5441,305.3441,304.4441,312.0441,312.1441,305.74408,305.6441,306.4441,306.3441,310.6441,309.1441,311.24408,311.74408,310.9441,309.1441,311.1441,308.0441,309.0441,303.5441,293.3441,291.9441,296.4441,306.9441,308.8441
306.1441,295.8441,296.8441,295.4441,299.6441,306.0441,306.74408,307.9441,306.24408,308.1441,301.5441,305.1441,294.0441,292.74408,290.6441,306.6441,296.0441,293.3441,299.9441,306.4441,303.9441,306.4441,303.9441,303.0441,304.9441,308.24408,308.3441,303.74408,311.6441,310.4441,309.8441,308.3441,295.6441,285.74408,300.4441,300.0441,304.8441,315.9441,315.0441,312.24408,309.3441
305.24408,304.24408,294.74408,294.3441,294.74408,294.24408,306.6441,303.8441,293.1441,297.6441,296.3441,299.8441,293.24408,293.6441,298.1441,301.5441,294.74408,293.74408,292.1441,298.5441,301.24408,302.1441,302.74408,302.8441,302.9441,303.8441,304.0441,292.1441,304.24408,306.5441,307.4441,308.0441,309.1441,307.5441,304.9441,302.4441,296.9441,301.5441,312.6441,313.1441,313.6441
305.4441,305.74408,305.74408,306.1441,302.4441,304.74408,305.6441,297.4441,300.6441,292.4441,291.6441,291.8441,291.3441,292.5441,293.3441,296.1441,291.6441,291.5441,291.1441,292.0441,296.6441,302.6441,303.4441,303.5441,301.4441,301.24408,303.6441,306.6441,305.74408,306.1441,306.3441,307.8441,309.3441,308.24408,307.0441,303.5441,296.74408,293.5441,293.24408,291.4441,305.0441
304.24408,306.24408,306.5441,306.6441,305.9441,305.9441,308.0441,299.24408,302.8441,296.0441,299.6441,295.74408,302.5441,291.6441,291.24408,291.6441,291.4441,294.9441,292.4441,292.0441,289.0441,293.1441,293.3441,296.0441,294.24408,300.4441,301.0441,302.8441,302.1441,305.24408,302.8441,302.74408,303.6441,303.1441,301.5441,304.6441,304.4441,289.4441,306.3441,304.1441,300.6441
303.5441,305.24408,305.1441,306.1441,304.1441,305.8441,307.0441,304.1441,303.9441,302.3441,305.5441,307.6441,306.0441,303.8441,298.24408,292.8441,295.1441,294.24408,296.9441,293.8441,290.9441,293.24408,286.3441,292.9441,285.74408,290.5441,297.5441,297.24408,297.1441,294.74408,298.0441,298.5441,301.4441,301.4441,302.24408,298.1441,297.74408,297.5441,284.24408,283.8441,282.24408
297.0441,293.6441,293.6441,303.24408,299.6441,305.1441,304.8441,304.6441,304.8441,304.0441,306.8441,305.9441,304.74408,301.5441,300.8441,299.5441,299.9441,301.5441,301.24408,300.24408,295.8441,297.3441,298.3441,294.9441,299.74408,298.9441,298.24408,297.4441,296.0441,296.0441,296.74408,298.5441,299.4441,299.4441,300.1441,302.74408,290.4441,289.74408,289.1441,283.24408,284.3441
295.8441,299.3441,300.4441,295.0441,294.24408,301.5441,301.0441,301.8441,302.3441,302.3441,302.74408,302.3441,295.3441,290.4441,302.5441,302.0441,301.4441,296.5441,301.4441,299.24408,300.0441,299.9441,298.4441,299.1441,297.1441,297.6441,295.0441,296.9441,298.4441,299.4441,299.5441,293.74408,293.3441,290.24408,290.6441,290.4441,283.5441,286.9441,289.8441,285.1441,280.6441
286.8441,287.4441,288.24408,297.6441,292.74408,297.5441,294.24408,297.5441,300.3441,298.6441,292.9441,298.4441,291.24408,288.5441,296.4441,299.3441,298.6441,293.6441,299.9441,297.4441,294.6441,294.0441,294.74408,295.3441,294.8441,297.0441,296.3441,298.0441,298.4441,291.4441,286.9441,290.1441,288.9441,285.6441,285.9441,289.74408,291.24408,289.24408,289.4441,288.5441,285.74408
288.4441,291.4441,292.74408,287.24408,289.24408,293.74408,293.9441,298.24408,297.24408,294.6441,288.74408,291.9441,288.0441,290.0441,294.3441,295.1441,295.6441,295.24408,296.3441,294.4441,294.1441,293.1441,292.1441,292.5441,294.0441,294.0441,296.0441,296.0441,293.24408,291.24408,284.8441,284.24408,284.3441,287.9441,285.1441,289.9441,291.9441,290.3441,289.24408,289.5441,287.1441
288.74408,289.6441,289.0441,287.3441,285.8441,289.3441,288.8441,294.24408,295.4441,294.0441,288.6441,289.6441,291.8441,293.4441,293.6441,293.6441,293.74408,293.1441,294.24408,295.0441,294.74408,293.5441,293.1441,291.9441,293.4441,294.0441,292.9441,292.74408,291.24408,291.5441,284.0441,283.6441,286.74408,287.6441,287.3441,289.8441,287.9441,288.6441,286.6441,279.3441,281.1441
284.74408,287.8441,289.5441,288.74408,288.1441,284.9441,287.4441,293.4441,295.0441,287.8441,290.0441,293.0441,291.8441,291.1441,292.0441,292.74408,292.9441,293.3441,294.74408,294.4441,294.74408,293.8441,292.74408,291.5441,289.8441,290.24408,291.5441,282.8441,283.8441,283.5441,283.74408,286.1441,288.3441,288.0441,290.0441,291.3441,292.24408,287.8441,282.9441,284.4441,281.6441
