wind_kz.json
{"header": {"discipline":0,"disciplineName":"Meteorological products","gribEdition":2,"gribLength":948,"center":7,"centerName":"US National Weather Service - NCEP(WMC)","subcenter":0,"refTime":"2023-09-23T12:00:00.000Z","significanceOfRT":1,"significanceOfRTName":"Start of forecast","productStatus":0,"productStatusName":"Operational products","productType":1,"productTypeName":"Forecast products","productDefinitionTemplate":0,"productDefinitionTemplateName":"Analysis/forecast at horizontal level/layer at a point in time","parameterCategory":0,"parameterCategoryName":"UnknownDiscipline_0_Category_0","parameterNumber":0,"parameterNumberName":"UnknownParameter_D0_C0_0","parameterUnit":"Unknown","genProcessType":2,"genProcessTypeName":"Forecast","forecastTime":240,"surface1Type":1,"surface1TypeName":"Ground or water surface","surface1Value":0.0,"surface2Type":255,"surface2TypeName":"Missing","surface2Value":0.0,"gridDefinitionTemplate":0,"gridDefinitionTemplateName":"Latitude_Longitude","numberPoints":615,"shape":6,"shapeName":"Earth spherical with radius of 6,371,229.0 m","gridUnits":"degrees","resolution":48,"winds":"true","scanMode":64,"nx":41,"ny":15,"basicAngle":0,"lo1":47.0,"la1":41.0,"lo2":87.0,"la2":55.0,"dx":1.0,"dy":1.0}, "data":
[rows 0 to 14 of 15, columns 0 to 40 of 41]
304.0978,293.2978,297.9978,293.7978,293.7978,293.3978,302.5978,305.0978,304.3978,305.8978,304.0978,303.4978,302.2978,301.6978,301.4978,301.2978,301.3978,299.8978,301.0978,301.3978,302.3978,298.0978,299.3978,294.0978,295.9978,298.1978,292.4978,279.0978,266.8978,273.5978,272.3978,273.1978,285.5978,292.6978,294.1978,293.3978,293.8978,293.8978,294.1978,293.9978,291.8978
282.9978,294.0978,293.6978,293.9978,292.8978,292.0978,307.0978,302.9978,300.0978,302.3978,302.2978,301.7978,302.3978,301.2978,300.9978,300.2978,300.1978,300.1978,298.7978,299.0978,299.0978,298.3978,296.4978,287.6978,278.1978,268.3978,285.7978,280.2978,278.0978,260.6978,277.1978,259.4978,261.3978,248.59781,260.6978,290.4978,287.2978,289.3978,294.0978,287.6978,283.8978
295.2978,292.7978,293.7978,292.7978,291.1978,304.1978,301.5978,300.7978,298.6978,299.4978,299.3978,300.5978,300.4978,299.7978,299.6978,299.8978,299.1978,298.3978,298.9978,298.3978,300.2978,298.1978,297.2978,290.4978,293.6978,290.9978,291.4978,289.8978,289.4978,278.5978,262.0978,266.9978,279.3978,278.4978,279.2978,277.5978,268.5978,273.0978,275.3978,274.0978,271.8978
296.9978,292.3978,292.7978,291.6978,294.6978,302.5978,300.9978,300.4978,300.4978,299.9978,299.7978,296.4978,290.4978,289.9978,299.2978,299.5978,298.4978,298.6978,299.1978,300.1978,298.1978,293.4978,296.3978,296.4978,296.7978,295.9978,295.4978,292.1978,289.2978,291.3978,291.3978,287.4978,291.5978,289.1978,287.7978,281.7978,273.0978,266.1978,275.4978,284.0978,286.5978
294.0978,291.3978,291.5978,290.6978,294.5978,297.1978,299.4978,300.7978,297.0978,298.7978,298.1978,295.8978,289.3978,288.3978,287.3978,298.9978,299.1978,298.0978,297.5978,297.0978,297.3978,297.3978,296.3978,296.0978,295.4978,294.9978,292.3978,291.6978,293.6978,293.2978,295.1978,291.1978,277.4978,269.0978,281.5978,289.1978,291.0978,291.3978,289.9978,288.1978,288.3978
295.3978,293.1978,289.9978,290.5978,290.7978,290.3978,295.9978,296.4978,297.1978,296.6978,297.8978,296.6978,290.3978,289.2978,294.2978,297.1978,298.3978,297.7978,297.4978,297.8978,296.9978,295.6978,294.9978,294.4978,294.1978,292.9978,292.9978,286.8978,294.2978,294.9978,292.7978,293.4978,292.1978,289.4978,285.8978,288.4978,282.9978,283.8978,286.3978,288.1978,287.5978
293.1978,293.5978,293.5978,295.1978,293.0978,295.8978,296.1978,297.1978,298.1978,298.3978,297.1978,297.1978,296.6978,297.3978,296.9978,297.4978,297.6978,298.0978,297.4978,295.9978,294.4978,295.6978,295.3978,294.7978,292.2978,293.0978,292.6978,293.7978,292.4978,292.8978,292.8978,292.1978,291.9978,291.8978,290.3978,287.7978,281.5978,280.0978,277.6978,277.2978,287.7978
297.3978,298.0978,298.4978,296.4978,298.7978,298.6978,298.9978,298.3978,296.8978,296.2978,295.8978,296.0978,296.0978,296.6978,297.2978,297.6978,296.8978,297.4978,296.5978,293.4978,292.5978,292.8978,292.8978,292.4978,291.7978,289.3978,289.6978,290.1978,288.8978,290.4978,289.6978,290.3978,288.6978,285.3978,285.2978,286.8978,287.6978,285.9978,286.5978,286.2978,283.1978
298.6978,297.5978,297.9978,294.8978,293.9978,297.3978,298.2978,298.0978,296.7978,296.5978,295.3978,295.3978,294.5978,295.8978,295.2978,296.1978,295.6978,295.4978,294.4978,292.9978,290.9978,290.2978,290.9978,290.0978,289.4978,290.1978,287.9978,287.5978,287.0978,285.7978,286.6978,287.2978,286.9978,286.5978,285.5978,283.8978,284.1978,282.9978,272.3978,269.2978,269.5978
297.6978,297.0978,296.5978,297.4978,297.4978,297.3978,297.3978,296.9978,295.6978,295.6978,294.2978,293.7978,294.2978,293.5978,293.3978,293.2978,293.4978,293.2978,293.7978,292.8978,290.9978,290.3978,290.1978,290.0978,289.7978,288.4978,288.3978,288.2978,287.2978,286.9978,287.1978,288.3978,288.7978,288.0978,286.2978,284.8978,282.1978,278.4978,274.1978,273.7978,268.5978
295.1978,295.4978,293.6978,291.9978,294.3978,294.2978,294.3978,293.5978,293.3978,293.3978,292.0978,292.1978,293.3978,292.2978,292.9978,293.1978,292.4978,292.9978,292.1978,291.0978,290.8978,290.1978,289.5978,289.3978,288.1978,288.0978,286.3978,288.2978,288.4978,289.7978,289.5978,289.4978,288.3978,288.5978,287.7978,283.8978,280.0978,278.1978,278.4978,279.6978,274.9978
293.3978,293.6978,294.5978,293.8978,291.1978,289.2978,290.3978,290.2978,290.7978,290.8978,288.6978,289.7978,290.9978,289.6978,290.1978,290.8978,291.1978,290.9978,291.0978,289.9978,288.5978,288.1978,287.6978,287.2978,286.9978,287.9978,287.9978,289.0978,288.8978,288.9978,288.1978,288.4978,288.7978,286.5978,287.0978,285.5978,284.5978,282.7978,281.8978,282.0978,282.2978
288.9978,290.3978,291.2978,291.7978,291.1978,291.0978,291.3978,291.8978,289.3978,284.2978,283.2978,284.0978,287.1978,287.0978,288.4978,288.9978,289.4978,289.5978,289.8978,288.3978,287.9978,286.7978,286.4978,285.9978,287.4978,287.8978,288.6978,287.8978,287.7978,287.4978,288.2978,287.8978,287.5978,286.5978,286.6978,286.1978,285.0978,285.8978,283.5978,282.3978,282.1978
287.9978,286.0978,286.3978,286.5978,288.2978,288.8978,288.4978,288.1978,289.1978,288.4978,285.2978,281.7978,284.3978,284.8978,285.8978,286.9978,287.0978,287.0978,288.3978,287.9978,288.1978,287.8978,288.0978,287.6978,288.4978,288.7978,288.4978,288.2978,287.7978,287.6978,287.1978,286.5978,286.2978,285.1978,285.3978,284.1978,284.6978,284.9978,283.9978,282.2978,282.4978
285.9978,285.2978,285.3978,285.3978,285.3978,284.6978,285.2978,285.2978,285.3978,286.0978,286.2978,284.6978,282.7978,284.9978,286.5978,287.3978,287.0978,285.9978,286.3978,285.0978,286.1978,286.4978,287.3978,287.3978,287.2978,287.3978,287.4978,287.6978,287.5978,287.3978,287.0978,285.1978,285.4978,284.9978,284.8978,284.3978,284.3978,283.6978,284.6978,284.4978,283.5978
