wind_kz.json
[{"header":{"discipline":0,"disciplineName":"Meteorological products","gribEdition":2,"gribLength":948,"center":7,"centerName":"US National Weather Service - NCEP(WMC)","subcenter":0,"refTime":"2024-01-31T00:00:00.000Z","significanceOfRT":1,"significanceOfRTName":"Start of forecast","productStatus":0,"productStatusName":"Operational products","productType":1,"productTypeName":"Forecast products","productDefinitionTemplate":0,"productDefinitionTemplateName":"Analysis/forecast at horizontal level/layer at a point in time","parameterCategory":0,"parameterCategoryName":"UnknownDiscipline_0_Category_0","parameterNumber":0,"parameterNumberName":"UnknownParameter_D0_C0_0","parameterUnit":"Unknown","genProcessType":2,"genProcessTypeName":"Forecast","forecastTime":180,"surface1Type":1,"surface1TypeName":"Ground or water surface","surface1Value":0.0,"surface2Type":255,"surface2TypeName":"Missing","surface2Value":0.0,"gridDefinitionTemplate":0,"gridDefinitionTemplateName":"Latitude_Longitude","numberPoints":615,"shape":6,"shapeName":"Earth spherical with radius of 6,371,229.0 m","gridUnits":"degrees","resolution":48,"winds":"true","scanMode":64,"nx":41,"ny":15,"basicAngle":0,"lo1":47.0,"la1":41.0,"lo2":87.0,"la2":55.0,"dx":1.0,"dy":1.0},"data":[287.4,277.8,283.4,280.4,280.6,282.3,284.6,287.8,285.5,285.6,283.8,284.2,284.0,283.5,283.5,282.7,282.1,281.4,284.8,284.3,285.2,284.8,281.8,277.8,279.1,281.5,270.8,257.2,254.3,250.4,250.5,250.7,257.0,269.5,269.8,270.2,270.7,270.2,270.3,270.3,270.2,265.1,283.9,280.0,279.9,280.5,281.1,282.8,284.3,284.8,284.2,283.7,281.8,282.0,282.2,282.9,281.5,281.4,280.9,280.9,282.6,283.8,283.7,279.2,271.2,261.4,257.2,261.8,254.3,257.9,249.3,259.7,245.6,260.1,236.6,248.1,260.9,267.7,266.4,269.7,263.1,268.8,278.5,278.5,280.3,280.4,280.4,281.4,281.7,283.1,281.5,280.7,280.1,280.2,280.7,281.6,276.2,273.6,275.0,273.9,274.6,277.3,279.8,281.8,282.8,273.2,281.2,274.0,272.4,273.0,274.3,264.6,253.0,255.0,258.6,256.9,255.6,261.6,252.9,251.5,251.7,253.6,250.2,279.8,276.0,278.1,279.2,279.6,278.9,278.5,278.5,280.1,278.8,279.3,279.0,281.2,281.7,278.4,273.8,274.1,273.6,273.2,273.8,276.4,272.5,276.6,275.1,275.2,274.0,273.4,272.3,271.4,271.3,269.2,267.7,271.3,265.4,261.0,263.2,251.8,251.2,261.3,258.5,258.1,276.1,272.9,272.8,272.9,275.2,278.2,277.7,278.9,277.2,275.7,274.4,275.7,279.0,278.9,278.2,273.7,273.8,273.7,273.7,273.1,273.4,275.1,274.1,274.6,273.6,273.3,273.2,271.1,273.0,273.1,271.6,271.3,261.7,251.3,261.0,254.5,258.3,256.4,259.0,261.2,260.0,273.9,274.3,273.2,272.9,272.9,273.0,276.2,276.1,276.5,275.1,273.5,273.7,278.1,279.1,272.4,273.1,271.1,271.9,272.0,273.1,273.2,273.2,273.3,273.2,273.1,273.0,269.6,269.1,269.2,268.2,265.4,268.0,262.7,260.9,265.3,264.1,263.4,260.9,257.0,257.8,258.0,273.7,274.3,274.4,274.1,273.4,274.1,273.7,274.2,273.6,272.7,271.3,270.4,271.0,270.2,269.6,270.2,269.6,271.2,271.8,272.0,273.2,273.2,273.1,273.1,271.0,268.2,266.2,266.9,264.9,264.1,261.5,260.2,258.1,259.3,260.8,260.4,260.9,260.6,255.9,256.5,260.4,275.1,274.6,273.6,274.2,273.8,273.9,273.6,272.8,271.9,270.5,269.8,268.9,266.9,266.8,270.6,269.4,269.8,271.4,271.7,272.7,273.0,272.9,272.8,272.1,269.7,266.3,265.3,264.4,262.8,262.7,259.1,258.2,258.6,256.9,255.9,249.3,251.2,254.4,263.3,263.7,260.1,274.0,274.0,274.1,273.5,272.8,273.4,272.8,271.4,270.9,270.5,270.3,268.6,267.2,266.1,265.1,267.8,269.6,271.6,273.0,273.2,272.1,270.7,269.7,269.5,269.5,267.7,266.8,266.5,263.8,259.6,258.5,259.5,264.0,265.0,258.9,257.2,256.2,255.8,255.9,252.8,253.2,271.3,271.4,271.6,272.3,271.6,270.5,270.4,270.2,270.8,270.2,269.1,268.2,268.7,264.6,263.4,266.8,270.6,271.9,273.2,272.8,271.6,270.1,270.2,270.5,270.9,269.8,269.4,268.0,261.8,262.7,265.3,268.4,269.4,265.8,259.8,257.1,261.5,258.2,258.6,259.6,255.0,271.1,271.4,271.4,270.6,270.5,270.3,271.4,270.0,269.5,268.5,267.7,266.5,264.4,263.6,263.0,266.8,270.0,272.5,272.9,271.8,270.9,269.9,270.5,269.8,270.6,269.7,267.6,265.7,263.8,265.4,265.7,266.9,265.6,265.1,263.5,258.7,261.1,258.8,256.0,258.3,255.0,270.8,270.0,269.8,269.7,269.7,268.1,268.0,269.8,269.5,268.6,268.2,265.5,262.7,264.2,265.5,267.8,270.2,272.5,272.4,271.4,269.6,269.4,268.7,268.7,268.3,267.8,267.0,267.1,265.4,263.9,264.3,264.5,265.7,263.8,263.2,257.8,259.4,259.9,262.5,260.4,260.0,265.7,265.8,269.0,268.4,268.7,269.7,267.3,266.0,268.1,267.4,267.3,265.5,262.8,263.4,265.6,268.3,270.9,272.0,273.0,271.3,269.5,268.4,268.1,267.6,266.7,266.1,266.2,266.0,264.3,263.3,263.1,263.0,262.6,262.3,262.0,261.0,257.4,260.8,258.4,256.0,260.3,264.4,264.5,264.7,264.8,266.5,266.9,265.8,266.6,267.9,267.0,267.3,266.6,262.3,262.9,265.1,268.5,270.5,271.9,271.6,270.5,270.3,270.2,269.9,268.3,266.5,265.0,265.4,264.6,263.5,263.5,262.4,261.5,261.8,263.1,260.2,261.0,259.8,258.2,256.4,259.7,255.4,264.5,264.5,263.2,263.8,264.4,265.0,265.8,267.6,267.1,266.5,268.6,266.5,264.7,266.3,265.6,268.1,270.6,271.2,271.3,270.4,270.4,269.9,267.2,266.8,265.5,264.5,264.3,263.8,263.2,263.2,262.1,261.0,261.4,260.8,260.4,258.4,258.0,258.1,256.1,255.7,258.5]},{"header":{"discipline":0,"disciplineName":"Meteorological products","gribEdition":2,"gribLength":1102,"center":7,"centerName":"US National Weather Service - NCEP(WMC)","subcenter":0,"refTime":"2024-01-31T00:00:00.000Z","significanceOfRT":1,"significanceOfRTName":"Start of forecast","productStatus":0,"productStatusName":"Operational products","productType":1,"productTypeName":"Forecast products","productDefinitionTemplate":0,"productDefinitionTemplateName":"Analysis/forecast at horizontal level/layer at a point in time","parameterCategory":2,"parameterCategoryName":"UnknownDiscipline_0_Category_2","parameterNumber":2,"parameterNumberName":"UnknownParameter_D0_C2_2","parameterUnit":"Unknown","genProcessType":2,"genProcessTypeName":"Forecast","forecastTime":180,"surface1Type":103,"surface1TypeName":"Specified height level above ground","surface1Value":10.0,"surface2Type":255,"surface2TypeName":"Missing","surface2Value":0.0,"gridDefinitionTemplate":0,"gridDefinitionTemplateName":"Latitude_Longitude","numberPoints":615,"shape":6,"shapeName":"Earth spherical with radius of 6,371,229.0 m","gridUnits":"degrees","resolution":48,"winds":"true","scanMode":64,"nx":41,"ny":15,"basicAngle":0,"lo1":47.0,"la1":41.0,"lo2":87.0,"la2":55.0,"dx":1.0,"dy":1.0},"data":[4.984292,3.874292,3.324292,6.704292,8.844292,6.464292,5.004292,4.414292,1.554292,1.004292,0.764292,-0.08570801,-0.365708,-0.08570801,0.644292,1.564292,2.844292,5.294292,6.894292,8.314292,7.434292,10.014292,1.524292,-1.835708,-0.555708,0.904292,-2.985708,-1.975708,0.824292,0.67429197,-1.305708,2.554292,-0.265708,-0.505708,-2.025708,0.874292,2.374292,2.544292,2.884292,2.524292,2.054292,12.144292,-1.6657081,3.6442919,6.934292,8.424292,4.644292,2.714292,5.744292,2.714292,1.7042919,1.304292,0.034291994,0.114291996,0.764292,1.244292,2.064292,3.914292,5.744292,7.994292,9.494292,8.774292,8.894292,1.524292,-0.995708,0.004291992,0.194292,-1.675708,-0.07570801,-2.385708,-1.075708,0.274292,-1.0457081,3.724292,-2.385708,0.264292,0.494292,1.484292,1.174292,0.15429199,1.534292,2.974292,4.944292,8.974292,8.954292,7.534292,4.414292,4.164292,3.334292,4.014292,3.764292,0.514292,1.174292,1.114292,1.404292,0.684292,0.12429199,1.9542919,4.694292,5.684292,8.014292,7.904292,9.174292,8.674292,8.944292,2.564292,-1.995708,-0.94570804,-2.395708,-3.415708,-2.1057081,-0.935708,-1.215708,2.104292,0.894292,-0.27570802,0.164292,-1.315708,-0.315708,0.724292,0.31429198,2.474292,2.084292,9.244292,13.364292,14.684292,10.814292,2.704292,5.014292,3.804292,3.804292,4.174292,1.5842919,2.234292,2.514292,2.284292,1.364292,3.664292,2.774292,4.474292,6.464292,7.464292,10.184292,7.934292,6.884292,8.014292,5.244292,7.174292,-2.485708,-3.165708,-3.225708,-0.135708,-1.155708,-5.095708,-4.915708,-3.765708,-0.765708,-1.515708,-2.315708,-2.225708,2.464292,0.34429199,-0.08570801,-0.045708008,11.574292,13.844292,11.104292,4.674292,3.404292,3.004292,2.384292,2.704292,-0.285708,0.404292,0.774292,1.674292,2.384292,5.854292,7.824292,6.014292,7.134292,7.464292,8.224292,11.274292,9.704292,7.554292,9.414292,4.624292,1.154292,-3.8557081,-3.025708,-0.805708,-3.955708,-3.955708,-2.365708,-2.335708,-2.455708,1.524292,1.884292,-0.11570801,-0.185708,-1.645708,-1.475708,-1.355708,0.534292,9.104292,7.724292,0.524292,-2.645708,-3.475708,-3.155708,-1.725708,-1.595708,1.744292,1.534292,1.154292,1.894292,5.114292,8.244292,5.414292,5.814292,6.634292,9.104292,10.244292,10.934292,10.484292,7.124292,3.694292,-1.175708,-2.255708,-5.415708,-5.265708,-3.165708,-6.525708,-4.865708,-4.435708,-3.425708,-3.255708,-2.465708,-0.365708,-6.035708,0.034291994,-3.435708,-0.63570803,0.334292,0.28429198,5.094292,1.504292,-0.955708,-0.935708,0.634292,0.454292,2.194292,3.174292,1.294292,-0.055708006,0.534292,2.574292,4.544292,4.794292,5.454292,6.554292,6.964292,10.264292,11.004292,12.484292,6.494292,3.074292,0.164292,-2.625708,-5.035708,-9.225708,-5.345708,-5.945708,-4.815708,-3.955708,-4.415708,-3.785708,-1.0457081,-2.795708,-3.285708,-1.725708,-1.0457081,3.6442919,-3.025708,2.054292,0.944292,6.464292,3.744292,1.664292,0.944292,2.544292,2.154292,2.574292,1.664292,1.734292,1.964292,1.974292,3.844292,2.904292,4.164292,6.924292,7.864292,9.304292,11.204292,12.044292,5.174292,0.994292,-1.195708,-1.485708,-4.155708,-4.725708,-3.775708,-4.915708,-2.935708,-3.495708,-2.705708,-3.975708,-3.095708,-3.465708,0.884292,-2.275708,0.164292,0.21429199,1.734292,-4.705708,-7.135708,-2.755708,6.574292,5.194292,3.904292,3.1442919,2.944292,2.784292,2.1442919,1.7042919,1.324292,1.824292,3.954292,2.774292,6.214292,3.464292,4.034292,7.174292,9.024292,9.284292,6.354292,1.914292,-2.775708,-2.895708,-3.305708,-3.935708,-3.375708,-6.245708,-4.465708,-3.915708,-2.055708,-2.435708,-1.705708,-0.535708,0.874292,-1.705708,-2.625708,-2.555708,0.374292,-1.535708,-1.925708,0.484292,-2.145708,6.684292,4.614292,4.034292,4.064292,2.824292,2.174292,0.874292,1.414292,2.084292,3.3942919,4.204292,5.414292,6.344292,4.414292,4.194292,6.664292,6.954292,9.054292,1.464292,-0.06570801,-1.085708,-2.635708,-3.385708,-3.805708,-4.675708,-4.985708,-1.925708,-4.185708,-1.895708,-1.815708,-1.035708,-0.565708,-1.515708,-3.805708,-1.685708,-0.27570802,-2.775708,-0.15570801,-1.615708,-0.365708,-1.485708,4.904292,3.954292,3.524292,2.504292,1.484292,1.554292,2.154292,2.094292,1.074292,2.104292,2.634292,3.8942919,2.694292,4.694292,4.364292,5.304292,6.834292,4.804292,-0.265708,-1.895708,-3.875708,-5.535708,-5.315708,-4.995708,-4.055708,-4.425708,-2.935708,-2.205708,-1.935708,-2.255708,-3.345708,-4.455708,-4.835708,-2.315708,-1.925708,-1.135708,-1.465708,0.28429198,-1.445708,1.554292,-1.825708,2.714292,1.554292,2.754292,2.734292,0.724292,1.404292,1.7042919,2.174292,1.464292,0.704292,1.994292,3.654292,2.054292,4.254292,4.924292,5.724292,5.644292,2.114292,-1.335708,-3.655708,-6.165708,-5.845708,-4.695708,-4.775708,-4.065708,-3.365708,-3.765708,-3.455708,-3.545708,-4.465708,-4.155708,-4.535708,-3.245708,-3.455708,-2.195708,-1.825708,-1.835708,-0.925708,-0.355708,-0.795708,-0.395708,4.134292,3.8942919,2.494292,2.224292,2.424292,1.824292,1.804292,2.1442919,1.364292,0.34429199,1.054292,3.174292,0.18429199,3.514292,3.774292,4.364292,3.794292,-0.475708,-1.765708,-3.525708,-4.015708,-4.285708,-2.545708,-4.375708,-3.815708,-4.735708,-4.085708,-5.065708,-4.535708,-4.135708,-4.155708,-4.045708,-4.015708,-3.445708,-2.565708,-2.615708,-1.895708,-1.735708,-2.585708,-1.025708,-0.965708,4.944292,4.374292,2.524292,3.1442919,2.954292,3.364292,2.744292,3.114292,1.3342919,0.364292,0.754292,1.994292,1.0842919,2.174292,2.554292,2.3942919,3.284292,-0.17570801,-3.015708,-3.195708,-3.235708,-4.215708,-5.135708,-6.075708,-5.555708,-5.155708,-4.775708,-4.615708,-4.505708,-4.385708,-3.975708,-3.305708,-3.095708,-3.045708,-2.405708,-2.525708,-2.215708,-1.995708,-0.705708,-0.985708,0.634292,3.924292,4.264292,3.104292,2.624292,2.664292,3.054292,3.314292,2.424292,0.61429197,-0.285708,0.904292,1.924292,0.764292,0.274292,-0.025708009,1.574292,1.0842919,-1.9157081,-3.145708,-4.125708,-4.135708,-4.875708,-5.285708,-5.435708,-5.405708,-4.665708,-4.685708,-4.275708,-3.725708,-4.055708,-4.385708,-3.395708,-3.175708,-2.805708,-2.335708,-2.025708,-1.635708,-1.2957081,-1.845708,-1.4157081,-0.655708]},{"header":{"discipline":0,"disciplineName":"Meteorological products","gribEdition":2,"gribLength":1102,"center":7,"centerName":"US National Weather Service - NCEP(WMC)","subcenter":0,"refTime":"2024-01-31T00:00:00.000Z","significanceOfRT":1,"significanceOfRTName":"Start of forecast","productStatus":0,"productStatusName":"Operational products","productType":1,"productTypeName":"Forecast products","productDefinitionTemplate":0,"productDefinitionTemplateName":"Analysis/forecast at horizontal level/layer at a point in time","parameterCategory":2,"parameterCategoryName":"UnknownDiscipline_0_Category_2","parameterNumber":3,"parameterNumberName":"UnknownParameter_D0_C2_3","parameterUnit":"Unknown","genProcessType":2,"genProcessTypeName":"Forecast","forecastTime":180,"surface1Type":103,"surface1TypeName":"Specified height level above ground","surface1Value":10.0,"surface2Type":255,"surface2TypeName":"Missing","surface2Value":0.0,"gridDefinitionTemplate":0,"gridDefinitionTemplateName":"Latitude_Longitude","numberPoints":615,"shape":6,"shapeName":"Earth spherical with radius of 6,371,229.0 m","gridUnits":"degrees","resolution":48,"winds":"true","scanMode":64,"nx":41,"ny":15,"basicAngle":0,"lo1":47.0,"la1":41.0,"lo2":87.0,"la2":55.0,"dx":1.0,"dy":1.0},"data":[-5.229836,1.5701642,-4.449836,13.110164,14.900164,14.210163,12.730164,10.350163,6.730164,7.7801642,6.9701643,5.6001644,4.570164,3.5901642,2.6501641,1.5501642,0.5301642,-0.33983582,0.32016417,1.4801642,3.3601642,6.060164,3.0501642,-0.7398358,0.6501642,1.4301642,-2.4198358,0.8901642,1.6601642,1.5601642,-2.6398358,-4.139836,1.4601642,-0.8598358,0.44016418,1.0701642,2.3901641,3.2301643,2.180164,2.3401642,1.2001642,7.730164,-4.689836,-7.9698358,-7.3598356,10.480164,14.180163,11.120164,11.420163,10.100164,9.200164,7.110164,6.6801643,5.730164,4.750164,3.190164,2.0301642,1.8101642,1.0201641,-0.7298358,-0.6798358,2.5601642,0.8401642,8.600164,3.2601643,3.1201642,1.8901641,-3.3698359,1.6901642,0.31016418,1.6701642,5.2401643,3.5601642,-0.8698358,-2.2098358,-5.1498356,-1.7898358,-0.2898358,-1.4798359,-0.8498358,-0.39983582,0.060164183,-5.499836,-8.829836,-8.259836,-2.9698358,6.8701644,9.630164,10.5601635,9.750164,8.840164,8.560164,8.900165,7.4701643,6.1801643,4.9101644,4.040164,2.920164,1.6401641,1.2101642,0.24016419,0.28016418,-2.1198359,1.6701642,6.2601643,6.290164,1.7901642,3.0101643,1.8301642,0.7001642,0.5201642,2.5901642,2.8101642,1.5701642,3.190164,-2.539836,-0.8698358,1.7501642,4.2601643,-0.9898358,0.99016416,-0.8998358,-0.17983581,-1.8198358,0.15016419,0.28016418,3.0101643,9.640164,10.720163,12.790164,11.100163,8.030164,7.1801643,6.770164,6.1801643,5.1001644,3.0001643,2.210164,1.4301642,0.7001642,1.4601642,2.200164,1.2301642,2.440164,5.190164,5.0101643,6.690164,6.460164,6.5101643,4.270164,-0.45983583,4.7401643,5.550164,6.9701643,-0.69983584,-1.1398358,-0.7998358,-1.5598358,-3.8698359,-2.039836,2.460164,2.7201643,0.7101642,1.9601642,-5.229836,1.2001642,5.810164,8.380164,9.980165,10.600163,9.980165,7.800164,6.300164,3.0801642,3.5401642,4.250164,3.0801642,2.5801642,2.420164,1.3601642,1.0201641,1.3101642,0.9601642,1.2601641,3.2501643,5.810164,7.480164,7.6001644,5.610164,4.710164,4.6201644,2.930164,2.5701642,5.520164,0.55016416,0.7201642,2.7301643,2.960164,-1.2798358,-0.8598358,-1.3198358,-2.059836,-1.3898358,0.030164184,0.0101641845,-6.8998356,-0.22983581,4.790164,1.1001642,0.93016416,0.92016417,1.4901642,2.6501641,4.360164,5.170164,4.0301642,3.180164,2.2701643,2.3501642,1.6001642,0.7801642,0.3601642,0.3001642,1.0801642,2.6301641,5.000164,7.9501643,7.5101643,7.6401644,8.650165,3.0701642,1.6501641,-0.3898358,1.8101642,2.0801642,0.050164185,-0.22983581,0.08016419,-1.6498358,2.4001641,10.140164,3.910164,4.820164,0.47016418,-0.5598358,-0.4198358,-2.8498359,1.1101642,1.9701642,2.930164,1.5601642,4.110164,4.840164,3.950164,3.7201643,3.430164,3.410164,3.7601643,3.8701642,2.0901642,0.8401642,0.8101642,0.7601642,0.35016418,-0.4198358,3.0401642,9.570164,8.800164,9.200164,9.750164,7.690164,5.7401643,2.2201643,0.31016418,-0.30983582,1.7901642,1.1601642,-1.5498358,-2.1798358,-0.089835815,-0.49983582,-1.7698358,-3.9398358,-0.5598358,0.5801642,-0.75983584,2.5901642,-0.029835815,1.9801642,1.5501642,1.9301642,4.810164,4.840164,4.420164,4.810164,5.400164,5.210164,5.840164,4.6601644,3.0801642,2.6101642,0.7601642,-0.9198358,-0.24983582,-0.049835816,-0.9998358,8.530164,9.400165,8.340164,7.9901643,10.900164,11.320164,5.790164,8.970164,3.6301641,1.7501642,-0.11983582,-0.5398358,1.5601642,0.15016419,-0.30983582,0.5301642,0.18016419,-0.5198358,-1.3398358,-1.1698358,0.44016418,-0.20983581,0.6001642,3.5901642,4.090164,5.290164,4.650164,4.1001644,4.940164,4.9901643,5.610164,5.810164,5.3901644,3.4701643,2.2901642,2.170164,1.1201642,0.0101641845,-0.81983584,-1.9698358,4.3501644,9.170164,8.860165,9.060164,9.560164,8.220164,8.690165,7.1601644,8.000164,9.0201645,4.2401643,2.6001642,4.2401643,4.6601644,3.5801642,3.5901642,4.2801642,4.2401643,-2.789836,1.2401642,1.2301642,1.0001642,-2.1698358,1.2401642,2.1501641,2.6301641,3.5301642,4.090164,4.170164,4.3501644,5.360164,5.6401644,5.6201644,4.860164,3.430164,2.5701642,0.8801642,1.2501642,-1.1698358,-3.2198358,-4.309836,4.670164,7.560164,9.480165,11.510163,10.490164,8.330164,7.550164,8.220164,6.5301642,5.8501644,0.9101642,2.8201642,5.480164,5.000164,3.9701643,3.5201643,3.3101642,1.7201642,1.2701641,-2.6298358,-0.2998358,2.7801642,3.1201642,3.2501643,3.5301642,4.130164,4.050164,3.2201643,3.5301642,5.1601644,5.460164,5.520164,5.0101643,4.540164,4.500164,2.2501643,1.6101642,0.61016417,-2.039836,-3.3998358,0.07016418,4.550164,6.2801642,6.3701644,8.300164,8.060164,7.920164,6.4301643,6.5301642,4.9701643,3.690164,2.2201643,2.5301642,2.7801642,3.5601642,3.8401642,4.340164,4.4101644,1.4301642,0.32016417,2.430164,0.8901642,1.0501642,-0.3298358,3.6401641,4.440164,3.430164,3.3101642,4.8701644,4.0101643,3.460164,4.540164,5.1001644,4.630164,4.2201643,3.3701642,2.6301641,2.430164,1.1201642,-0.57983583,-2.3898358,2.2301643,5.0301642,5.710164,6.7201643,5.5301642,5.1201644,5.7401643,6.560164,4.1801643,4.1401644,5.310164,3.460164,2.7401643,2.6201642,3.5901642,3.2901642,3.7201643,2.2701643,-0.039835814,0.6501642,1.9401642,2.0701642,1.5801642,0.35016418,2.210164,3.6101642,3.0001643,4.7201643,4.1001644,3.9901643,4.060164,4.070164,6.090164,4.960164,2.8301642,2.0501642,3.3001642,1.9701642,1.3001642,0.2701642,-0.8098358,3.410164,4.460164,5.550164,7.1801643,8.600164,7.710164,5.8901644,4.730164,4.1201644,3.8701642,3.940164,3.3901641,2.5701642,2.7701643,2.6401641,2.1001642,1.5001642,2.5301642,2.160164,1.0201641,0.4501642,0.31016418,-0.20983581,-0.5198358,3.910164,4.270164,4.590164,5.190164,5.2601643,5.570164,4.860164,5.2201643,4.9301643,6.090164,3.0801642,2.1301641,1.7301642,2.410164,1.5901642,1.4801642,-1.0998359,3.6301641,5.070164,4.480164,4.790164,4.7001643,5.310164,4.790164,4.500164,3.670164,3.8001642,3.8801641,3.3901641,3.5501642,2.9701643,2.7401643,2.8201642,3.410164,1.6701642,1.9901642,0.6601642,0.10016418,-0.10983582,0.19016418,-0.48983583,3.9801643,5.380164,6.1401644,5.880164,6.5301642,5.8701644,5.9101644,6.460164,5.940164,5.730164,3.7901642,3.2601643,0.93016416,0.8901642,1.7301642,1.1301641,1.8001642,4.340164,4.8501644,5.310164,5.090164,5.6401644,4.770164,5.580164,5.090164,4.050164,4.460164,3.6501641,3.3601642,3.5301642,3.2601643,2.4901643,2.440164,2.460164,2.0501642,1.9501642,1.2101642,0.9101642,0.6301642,0.060164183,-0.5198358]}]