wind_kz.json
{"header": {"discipline":0,"disciplineName":"Meteorological products","gribEdition":2,"gribLength":1025,"center":7,"centerName":"US National Weather Service - NCEP(WMC)","subcenter":0,"refTime":"2023-10-04T00:00:00.000Z","significanceOfRT":1,"significanceOfRTName":"Start of forecast","productStatus":0,"productStatusName":"Operational products","productType":1,"productTypeName":"Forecast products","productDefinitionTemplate":0,"productDefinitionTemplateName":"Analysis/forecast at horizontal level/layer at a point in time","parameterCategory":2,"parameterCategoryName":"UnknownDiscipline_0_Category_2","parameterNumber":3,"parameterNumberName":"UnknownParameter_D0_C2_3","parameterUnit":"Unknown","genProcessType":2,"genProcessTypeName":"Forecast","forecastTime":240,"surface1Type":103,"surface1TypeName":"Specified height level above ground","surface1Value":10.0,"surface2Type":255,"surface2TypeName":"Missing","surface2Value":0.0,"gridDefinitionTemplate":0,"gridDefinitionTemplateName":"Latitude_Longitude","numberPoints":615,"shape":6,"shapeName":"Earth spherical with radius of 6,371,229.0 m","gridUnits":"degrees","resolution":48,"winds":"true","scanMode":64,"nx":41,"ny":15,"basicAngle":0,"lo1":47.0,"la1":41.0,"lo2":87.0,"la2":55.0,"dx":1.0,"dy":1.0}, "data":
[rows 0 to 14 of 15, columns 0 to 40 of 41]
-0.8282129,-2.648213,3.381787,10.101788,6.011787,5.301787,1.3717871,1.0517871,0.6417871,0.4017871,0.12178711,-0.15821289,-0.9982129,-1.9382129,-2.598213,-3.4482129,-4.318213,-4.038213,-5.238213,-2.0282128,0.1317871,0.011787109,-1.3882129,-0.42821288,-1.2982129,-0.75821286,-0.5482129,0.1817871,-0.9282129,-0.94821286,-2.298213,-4.978213,0.3917871,-0.87821287,-1.1382129,-0.3482129,-2.608213,-1.8782129,-1.0182129,-1.4582129,1.6517872
5.741787,1.2017871,11.501787,10.911787,8.401787,6.911787,0.7817871,2.401787,1.5417871,1.4717871,-0.02821289,-0.7782129,-1.2882129,-1.8482128,-3.2282128,-2.7682128,-2.5382128,-3.648213,-6.788213,-4.438213,-2.838213,-2.368213,-2.5082128,-0.4182129,0.08178711,0.26178712,0.5017871,-0.3482129,0.4017871,-0.18821289,-0.12821288,-2.0382128,-2.298213,-3.7482128,-5.168213,-2.808213,-2.7482128,-5.248213,-3.548213,-3.388213,0.3417871
1.9117872,8.841787,9.811787,9.691787,8.801787,3.381787,2.0517871,1.5717871,1.7817872,1.6917871,1.2317871,0.87178713,-0.19821289,-1.1682129,-1.8482128,-2.6882129,-3.0182128,-3.5082128,-3.908213,-4.188213,-3.2382128,-2.668213,-5.3482127,-1.6482129,-0.7382129,-0.1482129,0.4317871,-0.4682129,0.05178711,-0.21821289,-0.81821287,-0.5582129,-0.6682129,-0.6682129,0.7817871,-1.4982129,-2.608213,-1.8682129,-0.8382129,-1.2282128,-3.4782128
3.5317872,7.681787,8.881787,9.241787,4.331787,4.3417873,3.7617872,3.5317872,3.071787,2.431787,2.351787,1.0317872,1.3017871,0.8417871,-0.2982129,-1.7582129,-2.888213,-3.368213,-3.368213,-4.228213,-4.548213,-1.8082129,-0.50821286,-1.6782129,-1.608213,-0.01821289,-0.4182129,-1.1582129,-1.0782129,-1.7182128,-2.348213,-2.9582129,0.10178711,1.1517872,0.55178714,1.2717872,3.2617872,2.5217872,-1.7882129,-0.7382129,-0.01821289
5.711787,6.951787,7.061787,7.6917872,4.891787,3.4717872,3.4617872,3.401787,3.641787,3.4917872,2.851787,1.6317871,0.62178713,0.9117871,-0.5582129,-0.94821286,-1.608213,-2.168213,-1.988213,-2.618213,-1.6782129,-1.0482129,-1.6582129,-1.1982129,-1.1482129,-1.5782129,-0.6082129,-0.6382129,0.011787109,0.1517871,0.1817871,0.48178712,2.2817872,-0.10821289,-0.19821289,0.8917871,-7.8082128,1.761787,-3.358213,-7.008213,-1.8782129
0.8517871,1.4417871,6.5917873,6.551787,6.771787,6.9217873,3.331787,3.661787,3.4717872,2.7917871,2.2217872,1.2817872,-0.8882129,0.3017871,0.22178711,0.7917871,0.5117871,-0.15821289,-0.75821286,-0.24821289,0.011787109,0.7117871,0.3117871,-0.4182129,-0.5582129,-1.2482129,-0.9082129,-0.4482129,2.091787,2.391787,2.0117872,1.891787,2.131787,2.7517872,2.591787,-0.8482129,1.1117871,-3.598213,-3.6982129,-2.408213,3.601787
2.0217872,2.2617872,2.091787,2.611787,3.4717872,3.3017871,3.581787,2.881787,2.5517871,1.5917871,1.1017871,0.6317871,0.3417871,0.3317871,0.7117871,1.0217872,1.9117872,1.761787,1.2117871,1.0317872,1.4817871,2.081787,2.321787,2.351787,1.641787,1.8017871,1.1117871,1.4617871,1.1917871,1.5917871,2.4617872,1.6017871,1.9517871,2.371787,-0.21821289,-0.7082129,0.19178711,1.8017871,-2.408213,1.2117871,-3.2682128
3.701787,3.7217872,3.351787,3.201787,3.2717872,3.091787,2.901787,2.7117872,2.621787,1.511787,1.7417871,1.5817871,0.5917871,1.011787,1.2717872,1.9617871,2.881787,2.821787,2.831787,2.691787,0.9517871,2.0217872,3.191787,4.271787,4.211787,3.4617872,2.611787,2.2117872,3.411787,3.901787,4.101787,4.411787,3.3017871,4.121787,5.1717873,2.9617872,2.351787,2.131787,0.3317871,1.3817871,-1.4282129
3.7117872,3.911787,3.671787,3.651787,3.7517872,3.821787,3.7217872,3.381787,2.831787,3.321787,2.5317872,1.9417871,0.8317871,1.6117871,1.1617872,2.0417871,2.641787,2.891787,3.621787,4.4217873,4.081787,2.151787,2.641787,3.8117871,5.481787,5.281787,4.751787,4.561787,4.741787,3.0417871,5.1517873,7.1517873,8.601788,7.011787,7.021787,4.741787,1.3117871,0.8617871,-1.5182129,-2.5282128,-3.648213
4.071787,4.311787,4.391787,4.261787,4.1117873,4.161787,4.4417872,4.571787,4.761787,4.391787,3.5217872,3.0517871,2.441787,0.4317871,1.5917871,1.6017871,2.921787,4.011787,4.251787,4.3417873,4.761787,4.3617873,2.4717872,3.2617872,3.841787,4.951787,5.9217873,5.231787,5.461787,5.501787,4.721787,5.761787,5.271787,7.221787,5.071787,3.2317872,1.5917871,1.0717871,3.321787,4.711787,2.681787
4.161787,4.141787,3.951787,3.4917872,3.7217872,4.3617873,4.6717873,4.641787,3.7817872,3.8117871,3.891787,3.341787,1.3017871,1.7217871,1.0917871,1.1917871,1.761787,2.611787,4.021787,4.1317873,4.471787,3.661787,2.9717872,3.5417871,4.211787,4.821787,5.291787,5.021787,5.681787,5.291787,4.031787,4.211787,6.141787,6.551787,7.661787,7.751787,5.1717873,3.851787,4.731787,2.451787,1.2717872
4.0917873,4.471787,4.431787,4.501787,4.121787,4.351787,3.9817872,3.821787,3.5117872,3.0417871,3.0317872,1.9917871,1.9017872,2.891787,2.181787,1.6017871,1.8317871,1.3317871,3.921787,3.931787,3.921787,3.2617872,3.071787,3.7517872,4.101787,4.331787,5.1917872,4.761787,4.201787,4.4017873,4.641787,5.3617873,6.061787,8.101788,7.701787,9.961787,10.201787,4.571787,3.2417872,1.9817871,1.0217872
2.661787,3.641787,3.901787,3.5417871,3.2517872,2.451787,3.2817872,3.7617872,3.4617872,3.651787,2.7117872,1.2817872,1.0417871,2.111787,2.3017871,2.0217872,2.161787,2.161787,1.6617872,2.941787,3.951787,3.9817872,3.7517872,3.171787,3.071787,3.081787,2.7817872,2.931787,3.631787,4.9017873,5.911787,6.4017873,7.181787,7.8817873,8.651787,9.391788,9.271787,5.751787,5.9217873,3.631787,2.2517872
3.5117872,3.581787,3.5317872,3.891787,3.341787,3.641787,3.7617872,3.2917871,3.841787,2.8017871,3.2317872,1.3417871,1.6017871,1.4817871,0.8317871,1.3017871,2.0617871,2.191787,2.091787,2.641787,2.401787,2.601787,2.631787,1.9917871,2.0517871,2.4917872,2.5517871,3.4617872,4.141787,5.1717873,5.971787,7.1717873,7.961787,8.391788,7.9017873,8.4317875,7.181787,7.701787,6.531787,5.241787,5.931787
2.7817872,2.7517872,3.131787,3.4617872,3.331787,3.2417872,3.2217872,2.831787,3.171787,2.831787,2.8017871,3.141787,1.7417871,1.0817871,1.5817871,1.9017872,2.4917872,1.9917871,1.391787,0.9617871,1.2017871,1.6317871,1.5017871,1.8217871,2.2117872,2.571787,2.8017871,3.371787,4.1117873,5.331787,6.791787,9.261787,7.581787,8.231787,8.401787,8.621787,9.371787,9.251787,8.241787,7.781787,5.211787
