wind.json
{"header": {"discipline":0,"disciplineName":"Meteorological products","gribEdition":2,"gribLength":953,"center":7,"centerName":"US National Weather Service - NCEP(WMC)","subcenter":0,"refTime":"2023-07-02T00:00:00.000Z","significanceOfRT":1,"significanceOfRTName":"Start of forecast","productStatus":0,"productStatusName":"Operational products","productType":1,"productTypeName":"Forecast products","productDefinitionTemplate":0,"productDefinitionTemplateName":"Analysis/forecast at horizontal level/layer at a point in time","parameterCategory":0,"parameterCategoryName":"UnknownDiscipline_0_Category_0","parameterNumber":0,"parameterNumberName":"UnknownParameter_D0_C0_0","parameterUnit":"Unknown","genProcessType":2,"genProcessTypeName":"Forecast","forecastTime":0,"surface1Type":1,"surface1TypeName":"Ground or water surface","surface1Value":0.0,"surface2Type":255,"surface2TypeName":"Missing","surface2Value":0.0,"gridDefinitionTemplate":0,"gridDefinitionTemplateName":"Latitude_Longitude","numberPoints":688,"shape":6,"shapeName":"Earth spherical with radius of 6,371,229.0 m","gridUnits":"degrees","resolution":48,"winds":"true","scanMode":64,"nx":43,"ny":16,"basicAngle":0,"lo1":45.0,"la1":40.0,"lo2":87.0,"la2":55.0,"dx":1.0,"dy":1.0}, "data":
[rows 0 to 15 of 16, columns 0 to 42 of 43]
279.20172,275.9017,290.4017,293.0017,292.3017,297.20172,296.3017,294.70172,292.6017,292.5017,297.3017,297.20172,300.70172,300.6017,300.4017,301.5017,300.6017,300.0017,298.70172,297.70172,296.9017,294.70172,292.4017,294.9017,290.4017,288.9017,290.20172,283.4017,276.8017,276.20172,280.5017,291.20172,292.0017,291.70172,294.4017,294.9017,296.70172,294.6017,295.8017,294.6017,292.8017,294.8017,293.8017
282.6017,291.3017,291.0017,281.6017,287.1017,296.1017,295.6017,294.0017,293.5017,296.4017,297.0017,298.8017,298.1017,299.5017,299.4017,300.20172,301.3017,298.5017,296.5017,296.70172,294.3017,296.6017,297.20172,292.70172,292.9017,291.0017,293.8017,294.20172,290.9017,275.5017,275.8017,276.1017,275.4017,279.0017,287.6017,293.5017,295.20172,294.9017,294.0017,293.5017,293.5017,294.1017,294.8017
281.70172,280.0017,271.6017,288.1017,295.9017,295.9017,295.4017,293.0017,292.70172,293.5017,294.5017,296.3017,297.4017,297.3017,297.4017,297.6017,298.8017,296.3017,296.4017,295.1017,293.9017,293.3017,293.3017,295.0017,295.5017,288.20172,273.70172,274.9017,284.4017,274.9017,277.6017,274.3017,279.0017,265.0017,279.4017,255.00171,272.8017,290.5017,289.6017,291.4017,293.4017,286.4017,283.20172
284.5017,286.9017,289.9017,296.1017,295.9017,295.70172,295.1017,292.70172,292.9017,292.70172,292.70172,293.70172,294.1017,295.8017,294.6017,296.3017,297.70172,296.5017,298.0017,293.8017,294.9017,294.70172,293.8017,294.3017,293.70172,288.70172,287.5017,289.6017,289.4017,288.9017,289.9017,281.0017,273.8017,274.3017,279.20172,278.9017,279.4017,281.5017,274.8017,276.1017,277.6017,273.9017,268.6017
291.1017,293.9017,291.8017,296.9017,296.70172,296.1017,295.1017,292.4017,292.8017,291.70172,293.0017,293.20172,293.5017,294.4017,294.6017,294.20172,296.3017,296.70172,297.0017,294.3017,294.9017,292.9017,292.4017,288.3017,293.1017,293.5017,291.20172,292.1017,293.0017,293.6017,289.70172,290.20172,290.5017,288.20172,292.3017,289.0017,289.70172,286.70172,275.9017,266.70172,279.0017,288.9017,291.20172
290.9017,293.20172,293.70172,297.70172,297.3017,298.0017,296.9017,294.1017,293.1017,293.8017,292.8017,292.8017,292.4017,292.5017,295.20172,294.70172,291.9017,300.20172,297.8017,296.0017,293.6017,296.5017,296.1017,294.6017,295.1017,294.6017,295.0017,294.70172,292.8017,291.8017,292.3017,293.0017,293.8017,289.70172,279.9017,269.0017,281.5017,291.1017,293.20172,296.0017,295.1017,294.20172,294.4017
289.9017,292.4017,292.0017,292.20172,298.5017,297.70172,297.4017,297.0017,294.4017,294.3017,293.20172,292.6017,292.20172,292.70172,293.6017,293.8017,295.5017,299.3017,297.1017,296.20172,295.70172,295.70172,295.0017,296.4017,293.9017,293.20172,292.70172,291.70172,292.20172,290.5017,292.3017,293.8017,293.1017,292.70172,291.1017,288.5017,288.4017,290.20172,282.4017,284.8017,293.1017,293.9017,293.20172
290.9017,291.8017,292.1017,291.0017,293.8017,294.0017,294.4017,292.1017,294.0017,293.1017,292.6017,292.3017,291.70172,292.0017,294.4017,295.70172,298.3017,299.70172,297.9017,295.6017,297.1017,295.70172,295.1017,294.5017,294.5017,293.6017,292.0017,292.4017,291.70172,292.70172,291.4017,292.20172,291.9017,291.70172,290.8017,291.0017,289.6017,287.6017,283.1017,280.3017,278.1017,278.3017,290.0017
290.20172,290.0017,291.1017,291.1017,292.4017,292.8017,293.5017,292.70172,292.0017,291.3017,289.5017,289.5017,290.5017,291.70172,292.8017,297.3017,300.5017,299.20172,297.70172,297.8017,296.9017,294.6017,292.3017,293.0017,292.5017,293.4017,291.3017,287.3017,289.20172,289.20172,287.9017,289.4017,287.9017,288.20172,288.0017,285.70172,285.70172,288.20172,289.4017,288.0017,288.8017,287.8017,286.1017
289.9017,290.0017,289.9017,289.5017,289.9017,289.5017,290.70172,290.0017,289.4017,290.0017,289.20172,288.9017,289.4017,292.20172,293.0017,295.3017,296.20172,299.6017,297.1017,295.1017,295.6017,295.1017,292.1017,290.6017,292.20172,291.70172,289.70172,289.5017,286.1017,285.70172,283.70172,283.0017,284.5017,285.20172,286.6017,287.70172,287.20172,284.8017,285.20172,284.9017,276.70172,276.8017,277.1017
287.5017,287.9017,287.6017,288.1017,287.9017,287.8017,288.1017,287.70172,287.9017,288.6017,288.4017,288.3017,290.3017,290.70172,294.8017,293.1017,295.70172,295.1017,297.3017,294.8017,294.70172,294.3017,292.3017,292.1017,292.20172,290.8017,289.0017,287.6017,287.3017,286.0017,285.4017,285.5017,286.1017,288.9017,289.20172,289.1017,288.3017,286.3017,282.70172,282.20172,278.70172,278.70172,276.70172
285.8017,288.20172,286.3017,286.1017,287.20172,286.5017,286.5017,286.4017,287.3017,287.9017,287.6017,287.70172,289.8017,290.5017,294.8017,293.5017,295.20172,295.3017,292.5017,292.70172,294.8017,292.9017,292.20172,291.8017,290.0017,289.3017,287.3017,287.0017,285.20172,287.20172,287.9017,289.9017,290.70172,290.4017,289.8017,289.4017,287.20172,285.20172,282.4017,279.20172,279.1017,279.8017,278.3017
285.4017,284.6017,284.8017,285.4017,285.5017,285.8017,285.5017,286.1017,286.9017,286.5017,288.6017,289.3017,288.70172,290.8017,295.5017,294.4017,292.3017,291.9017,293.0017,292.9017,294.20172,292.1017,290.8017,289.6017,289.20172,288.1017,287.4017,287.6017,287.9017,289.20172,290.20172,290.70172,289.3017,289.6017,289.3017,288.0017,287.8017,287.20172,287.20172,286.20172,284.8017,284.4017,284.20172
284.6017,284.1017,283.70172,283.8017,285.0017,285.8017,287.9017,288.0017,287.8017,287.8017,288.4017,289.0017,287.9017,288.1017,291.20172,290.8017,289.0017,291.0017,292.8017,293.1017,292.8017,290.5017,290.9017,289.20172,288.8017,288.1017,289.20172,289.8017,290.70172,289.0017,289.0017,288.3017,289.8017,288.8017,288.5017,288.0017,288.4017,287.1017,287.20172,285.6017,285.9017,286.0017,284.4017
284.5017,283.4017,282.9017,284.1017,288.1017,285.6017,287.3017,287.1017,287.0017,287.0017,288.5017,289.0017,288.6017,288.0017,287.4017,288.8017,291.0017,292.4017,292.4017,292.70172,292.20172,291.20172,290.4017,290.0017,289.9017,289.3017,290.0017,289.3017,288.0017,289.1017,287.6017,288.0017,288.8017,288.9017,288.6017,289.20172,288.1017,288.0017,287.4017,286.1017,285.8017,283.6017,285.4017
284.0017,283.8017,283.3017,284.6017,290.0017,285.1017,286.20172,286.8017,287.4017,287.5017,288.8017,288.4017,288.8017,288.3017,287.1017,285.3017,287.4017,291.3017,292.70172,291.70172,291.1017,290.0017,290.3017,289.0017,289.4017,288.9017,287.0017,286.3017,287.8017,287.4017,287.1017,287.6017,287.3017,285.6017,288.0017,288.3017,287.8017,288.0017,286.70172,285.5017,286.9017,286.5017,284.9017
