wind.json
{"header": {"discipline":0,"disciplineName":"Meteorological products","gribEdition":2,"gribLength":106064,"center":7,"centerName":"US National Weather Service - NCEP(WMC)","subcenter":0,"refTime":"2023-02-25T06:00:00.000Z","significanceOfRT":1,"significanceOfRTName":"Start of forecast","productStatus":0,"productStatusName":"Operational products","productType":1,"productTypeName":"Forecast products","productDefinitionTemplate":0,"productDefinitionTemplateName":"Analysis/forecast at horizontal level/layer at a point in time","parameterCategory":2,"parameterCategoryName":"Momentum","parameterNumber":3,"parameterNumberName":"V-component_of_wind","parameterUnit":"m.s-1","genProcessType":2,"genProcessTypeName":"Forecast","forecastTime":0,"surface1Type":103,"surface1TypeName":"Specified height level above ground","surface1Value":10.0,"surface2Type":255,"surface2TypeName":"Missing","surface2Value":0.0,"gridDefinitionTemplate":0,"gridDefinitionTemplateName":"Latitude_Longitude","numberPoints":65160,"shape":6,"shapeName":"Earth spherical with radius of 6,371,229.0 m","gridUnits":"degrees","resolution":48,"winds":"true","scanMode":64,"nx":360,"ny":181,"basicAngle":0,"lo1":0.0,"la1":-90.0,"lo2":359.0,"la2":90.0,"dx":1.0,"dy":1.0}, "data":
[rows 26 to 51 of 181, columns 171 to 227 of 360]
-7.5679884,-7.7179885,-8.397988,-8.717988,-7.7379885,-7.4579883,-6.617988,-5.7579885,-5.267988,-4.557988,-4.097988,-3.9079883,-3.6979883,-3.6279883,-3.0179882,-2.3879883,-2.0779884,-1.5379883,-1.0679883,-0.8079883,-0.22798829,-0.067988284,0.3820117,0.6420117,1.0920117,1.3820118,2.2720118,2.7520118,3.0120118,4.0420117,4.8120117,5.112012,5.1420116,6.4120116,5.4120116,5.2420115,5.2020116,4.5820117,3.5820117,2.7520118,2.8420117,2.4920118,2.3120117,2.0020118,1.6420118,0.91201174,0.49201173,0.16201171,-0.40798828,-0.9479883,-1.5479883,-2.0579882,-2.8679883,-4.2379885,-4.9379883,-10.287989,-15.847988
-5.2179885,-5.5279884,-7.2979884,-7.2979884,-7.3379884,-6.5879884,-5.807988,-4.9679885,-4.4379883,-4.0279884,-3.7579882,-3.3479884,-3.5679884,-3.7379882,-3.2579882,-2.8379884,-2.8479884,-2.1479883,-1.6579883,-0.8479883,-0.76798826,-0.46798828,-0.31798828,0.16201171,0.9020117,2.0520117,2.5520117,2.4420118,3.4820118,3.0020118,4.362012,3.4620118,3.3320117,3.5820117,4.5520115,4.252012,4.0220118,4.592012,4.9720116,3.8320117,3.3320117,3.1820116,2.9020116,2.8520117,2.8920116,2.4020116,2.1920118,1.1920117,0.5020117,-0.04798828,-0.8779883,-1.6979883,-1.7779883,-2.5979884,-3.2379882,-9.027988,-14.897988
-4.097988,-3.0379882,-3.9979882,-5.0879884,-4.5879884,-4.577988,-3.8279884,-3.5679884,-4.057988,-3.7179883,-2.8179884,-2.5979884,-3.0079882,-3.4679883,-3.9779882,-4.1079884,-3.7079883,-3.6479883,-3.3779883,-2.6079884,-1.8079883,-1.0979882,-0.5079883,-0.28798828,0.032011718,0.67201173,1.1120117,1.2820117,2.1720116,2.6020117,3.4820118,3.4420118,4.002012,3.2020118,3.3920116,4.342012,3.8520117,5.232012,4.0820117,3.4920118,3.3720117,3.0120118,2.9720118,3.1420116,3.0120118,2.7220118,2.4320116,1.4020118,0.8720117,0.28201172,-0.31798828,-0.4879883,-0.8679883,-1.4479883,-3.4179883,-9.957989,-14.157989
-2.9479883,-2.2379882,-2.5679884,-3.2179883,-3.2479882,-3.1279883,-3.7079883,-4.6279883,-4.9379883,-5.0479884,-5.2779884,-6.0479884,-5.577988,-5.997988,-5.1279883,-5.5879884,-4.787988,-4.367988,-3.4279883,-2.8779883,-2.0379882,-2.0179882,-1.8379883,-0.9779883,0.86201173,1.1020117,1.4620117,1.4620117,1.9820117,2.0320117,2.7220118,2.7320118,2.9520118,3.0020118,3.5220118,3.9420118,4.3520117,4.9120116,5.0320115,3.5720117,3.3720117,3.5520117,3.8820117,3.5920117,2.9620118,2.2520118,1.8320117,1.9020118,1.0920117,1.0820117,1.0720117,0.9320117,-0.7279883,-1.8879883,-5.597988,-11.857988,-13.547988
-3.0479882,-3.0779884,-3.1879883,-3.1279883,-3.4279883,-3.8579884,-4.577988,-4.7379885,-4.9779882,-5.787988,-6.1279883,-6.8179884,-7.287988,-7.427988,-7.0279884,-6.557988,-5.867988,-5.247988,-4.2279882,-3.4979882,-3.3879883,-2.7579882,-2.3079882,-2.3879883,-1.9879882,-1.3179883,-1.1079882,-0.6879883,0.3820117,0.85201174,2.1420116,2.7920117,3.1020117,3.5620117,3.6720116,3.6920118,4.0320115,4.252012,3.9520118,3.7720118,4.3920116,4.5520115,4.3720117,3.1920118,3.2520118,2.5620117,2.5120118,2.5620117,2.1120117,2.7720118,1.2620118,0.0020117187,-0.8179883,-3.9479883,-9.457989,-12.247989,-12.437988
-3.1879883,-3.5679884,-4.3979883,-4.387988,-4.157988,-4.1679883,-5.137988,-5.7179885,-6.4479885,-6.827988,-6.867988,-7.7279882,-7.8779883,-7.517988,-6.9179883,-6.6079884,-5.037988,-4.887988,-4.5279884,-3.9779882,-3.4679883,-2.8079882,-2.3779883,-2.1179883,-2.0779884,-2.2279882,-2.2179883,-1.7079883,-1.1679883,-1.0879883,-1.0079883,-1.0279883,-0.41798827,-0.22798829,0.4420117,0.4420117,1.1220117,1.6020117,1.9620117,1.7420117,2.2520118,2.3820117,2.1920118,2.3520117,1.9720117,2.3420117,2.1820116,2.2720118,2.0920117,1.1920117,0.4420117,0.0020117187,-2.4079883,-6.927988,-10.617989,-11.067988,-10.577989
-4.927988,-5.2379885,-5.427988,-6.1479883,-6.7779884,-7.3379884,-7.4779882,-7.7579885,-7.807988,-8.1979885,-7.7279882,-7.7779884,-7.7179885,-6.8979883,-6.8779883,-6.4179883,-6.117988,-5.367988,-4.747988,-4.1879883,-3.5279882,-2.7579882,-2.3179884,-2.0279882,-1.5079883,-0.95798826,-0.8779883,-1.0579883,-1.4779882,-1.1779883,-1.3079883,-1.3679882,-1.6479883,-1.1079882,-0.7979883,-0.44798827,-0.09798828,0.14201172,0.39201173,0.4520117,0.85201174,1.3020117,1.5620117,1.3020117,1.4520117,1.4320117,1.6420118,1.3020117,1.5220118,1.3420117,0.33201173,-1.1479883,-4.787988,-8.937988,-10.227988,-9.287989,-7.3179884
-8.217988,-8.647988,-8.767988,-8.9479885,-9.047988,-8.827989,-9.067988,-9.757988,-10.297988,-10.497989,-10.507988,-10.107988,-9.647988,-9.347988,-8.887988,-8.017988,-6.9879885,-5.517988,-4.7979884,-4.307988,-3.6979883,-3.1679883,-2.3379884,-1.9779882,-1.6979883,-1.4179883,-1.5779883,-2.1479883,-2.7679882,-2.7479882,-2.5479882,-1.7179883,-0.9279883,-0.38798827,-0.007988282,0.16201171,0.2920117,0.6520117,0.5020117,0.66201174,1.1020117,1.3220117,1.5020118,1.6420118,1.5020118,1.6220117,1.6020117,1.2120117,1.3120117,1.4320117,0.18201172,-2.7979882,-7.177988,-9.037989,-7.5679884,-6.3179884,-5.327988
-9.6979885,-10.077989,-10.157989,-10.427988,-10.087988,-9.657989,-10.647988,-10.847988,-10.147988,-9.797988,-9.557988,-8.967988,-8.367989,-7.657988,-7.307988,-6.8579884,-5.9179883,-5.3779883,-5.0479884,-4.577988,-4.0679884,-3.6279883,-3.1879883,-2.8879883,-2.5879884,-2.1379883,-2.2379882,-2.4479883,-3.0479882,-2.9879882,-2.2479882,-1.3379883,-1.0379883,-0.5079883,-0.2679883,0.3220117,0.60201174,0.5520117,0.49201173,1.2720118,1.4720117,1.7720118,2.0020118,1.8220117,1.5620117,1.2120117,1.4220117,1.8320117,1.2920117,0.40201172,-2.5979884,-6.7379885,-6.767988,-6.2979884,-5.5679884,-4.517988,-2.9479883
-10.297988,-10.317988,-9.997989,-10.517988,-12.027988,-11.767988,-10.927988,-10.537989,-9.737988,-8.757988,-7.8979883,-7.0679884,-6.577988,-6.4679885,-5.8579884,-4.9179883,-4.407988,-3.7479882,-3.6579883,-3.1579883,-2.9279883,-2.8679883,-2.5879884,-2.1779883,-2.1379883,-2.0079882,-1.8079883,-2.0379882,-2.0479882,-1.6279883,-1.2679883,-0.71798825,0.16201171,0.33201173,0.67201173,0.97201174,1.0920117,0.8020117,1.0220118,0.9520117,0.9420117,1.0620117,1.4420117,0.9420117,1.5420117,1.7920117,2.0920117,1.8820118,0.7720117,-2.8579884,-4.9479885,-4.5279884,-3.9779882,-3.3379884,-2.5279882,-1.3979883,-0.3679883
-10.747989,-11.727988,-11.897988,-11.357988,-11.007988,-10.807988,-9.747989,-9.097988,-8.207989,-7.1079884,-7.017988,-6.9579883,-6.2579885,-5.787988,-5.177988,-4.747988,-4.177988,-3.3879883,-2.9579883,-2.9779882,-2.6579883,-2.7979882,-2.6779883,-2.6079884,-1.9079883,-1.4979882,-1.6079882,-0.89798826,0.06201172,0.7020117,0.6320117,0.30201173,0.24201173,0.85201174,1.0520117,0.9320117,1.0420117,1.6020117,1.6520118,1.4220117,1.5620117,2.3420117,2.7020118,2.9120116,3.0120118,2.3120117,1.2720118,0.17201172,-1.6679883,-2.9179883,-2.9079883,-0.6679883,-1.2679883,-0.77798826,-0.12798828,0.97201174,1.7920117
-10.967988,-11.037989,-10.807988,-10.567988,-9.367989,-9.567988,-8.967988,-8.187988,-8.417988,-7.9679885,-6.8579884,-6.7179885,-6.3779883,-3.8579884,-4.2779884,-3.5179882,-2.9879882,-3.0279882,-2.4679883,-2.3579884,-1.4479883,-1.6579883,-1.6679883,-0.76798826,0.18201172,0.2620117,1.4120117,0.25201172,1.6920117,1.9620117,1.4820117,2.0620117,2.0720117,1.9820117,2.2620118,2.2820117,2.6320117,2.7520118,3.1820116,3.2320118,3.5020118,3.6020117,3.1320117,2.7420118,1.7020117,0.5020117,-0.2979883,-0.5979883,-0.6879883,0.33201173,1.2820117,0.14201172,0.6320117,1.5820117,2.4020116,3.3920116,3.9620118
-9.007988,-8.897988,-9.657989,-9.087988,-8.667988,-8.687988,-8.397988,-8.177988,-7.5479884,-7.387988,-6.3179884,-4.4579883,-4.2179885,-3.6179883,-3.0979884,-3.0379882,-2.3179884,-1.8579882,-1.0579883,-0.5979883,-0.37798828,-0.43798828,-0.6179883,0.07201172,-0.09798828,-0.14798827,-0.3379883,-0.6079883,-0.067988284,1.3620117,1.5720117,2.1420116,2.0320117,2.7120118,2.7820117,3.0020118,2.9520118,2.9420118,2.5820117,2.5320117,1.9820117,1.7720118,1.6420118,1.5920117,0.5020117,0.25201172,1.2520118,1.5620117,2.3820117,2.9520118,3.3320117,2.6220117,3.0220118,2.8220117,4.192012,4.942012,5.462012
-6.617988,-8.407989,-7.867988,-7.5679884,-7.9179883,-8.767988,-8.247989,-7.847988,-7.0279884,-6.037988,-4.8379884,-4.637988,-4.4179883,-3.6579883,-2.3479884,-1.6079882,-0.9779883,-0.63798827,-0.2679883,-0.21798828,-1.1679883,-0.15798828,0.09201172,0.2620117,0.7720117,0.9420117,1.2520118,1.9120117,2.3020117,2.7220118,2.4220116,2.5520117,2.4320116,2.6720116,2.6320117,2.5320117,2.0320117,2.0420117,0.9620117,0.24201173,0.4120117,0.86201173,2.1120117,2.0220118,2.3120117,2.3120117,2.2520118,3.2020118,3.9520118,3.2620118,2.8320117,4.2820115,3.4520118,3.7820117,5.3720117,6.322012,6.8920116
-6.3579884,-8.417988,-9.037989,-7.327988,-7.6479883,-7.2979884,-6.307988,-6.0679884,-5.077988,-3.8679883,-2.9879882,-4.0679884,-3.4379883,-2.0979884,-1.3979883,-0.6879883,-0.15798828,0.36201173,0.6820117,1.2120117,1.4020118,2.4420118,2.4720118,2.2620118,1.8620117,0.8820117,1.8820118,2.0820117,1.2120117,3.0520117,2.2020118,2.7820117,3.2020118,3.3120117,2.9520118,2.8020117,1.4720117,1.4020118,2.2420118,1.6020117,1.2220117,0.8220117,2.2720118,2.1420116,2.8220117,3.6020117,3.8520117,3.6520116,3.9320116,4.8920116,3.8620117,4.3120117,4.502012,5.2820115,6.5320115,7.9520116,8.3020115
-6.7379885,-7.7979884,-7.157988,-6.577988,-5.7979884,-4.2279882,-6.7279882,-5.2179885,-4.537988,-4.617988,-3.7079883,-3.3779883,-3.1079884,-2.7179883,-1.9079883,-0.35798827,0.4520117,1.6420118,1.6920117,1.3520117,2.4920118,2.4120116,4.3120117,2.9820118,4.442012,3.9820118,2.6020117,2.3320117,3.7920117,3.0320117,3.2420118,2.7920117,2.4520118,2.7120118,2.5520117,1.8020117,1.4520117,2.1020117,1.8820118,1.4220117,2.3320117,3.5320117,3.4820118,3.5320117,4.1220117,4.1020117,5.092012,5.342012,5.1020117,3.8020117,4.2420115,4.9120116,5.3020115,6.462012,7.752012,9.942012,9.532012
-7.0679884,-7.7779884,-7.807988,-6.9779882,-5.8579884,-5.097988,-6.057988,-4.997988,-4.1879883,-4.4879885,-2.8279884,-2.5879884,-4.517988,-3.6479883,-3.3379884,-0.95798826,0.85201174,1.2720118,1.2420117,2.1820116,3.0320117,4.5820117,4.212012,3.9420118,3.8120117,4.2020116,3.0320117,4.5620117,3.8620117,4.752012,4.2220116,3.1420116,2.3520117,2.4920118,2.8720117,1.9520117,2.2320118,1.5820117,1.4020118,3.0320117,3.7420118,3.6320117,4.112012,4.7420115,3.2720118,4.362012,6.092012,6.2720118,1.4420117,1.8520117,3.5420117,3.5820117,5.7020116,7.6220117,9.8020115,10.492012,10.692012
-7.4579883,-7.8979883,-7.517988,-7.017988,-5.8579884,-5.2579885,-5.847988,-4.8779883,-4.847988,-4.2379885,-3.6379883,-3.6779883,-4.2179885,-4.9579883,-3.3379884,-2.0679884,-0.5579883,1.2920117,3.0020118,4.002012,4.0620117,4.362012,5.2720118,3.9620118,4.252012,4.5220118,4.2720118,3.5020118,4.632012,4.5820117,3.8920116,3.5520117,2.9620118,3.0920117,3.3920116,3.4820118,3.4220116,3.6220117,3.4820118,2.5920117,1.3620117,0.6520117,1.3520117,0.9420117,1.0620117,2.6120117,2.6320117,2.4420118,2.4420118,2.9920118,4.2620115,6.322012,7.592012,9.672011,10.662012,10.732012,11.182012
-8.667988,-7.907988,-5.5879884,-3.7979882,-4.1079884,-4.6479883,-5.157988,-4.0479884,-3.2379882,-2.7079883,-2.4579883,-4.497988,-5.637988,-5.2979884,-5.287988,-3.7079883,-1.6179882,0.8220117,3.1420116,4.692012,5.842012,5.5120115,5.6020117,3.9420118,4.822012,4.3720117,4.8120117,4.7220116,4.842012,4.3320117,5.5620117,6.2820115,4.712012,3.6420116,4.0820117,3.8420117,2.3920116,3.2020118,3.0720117,2.5320117,2.1620116,2.1520116,2.2420118,2.1920118,3.2620118,3.9420118,3.8720117,3.7120118,4.5620117,5.652012,7.5820117,8.772012,9.692012,10.202012,10.722012,10.372012,11.692012
-5.2179885,-6.077988,-4.177988,-2.4679883,-3.7479882,-3.2679882,-2.0679884,-0.9079883,-1.4679883,-2.2179883,-3.3079882,-4.617988,-4.8779883,-4.5279884,-5.0479884,-3.7879882,-2.0279882,0.34201172,2.7120118,4.8120117,5.3020115,6.462012,3.7620118,3.6820116,4.2620115,4.2220116,4.422012,6.9520116,5.6220117,7.002012,5.6220117,4.842012,4.3320117,5.462012,5.5520115,5.502012,5.2420115,4.612012,3.7620118,3.0620117,2.3720117,2.2120118,1.4220117,1.3820118,1.7720118,3.0420117,3.9020116,5.362012,6.4720116,7.5220118,8.442012,9.142012,9.792011,10.522012,10.982012,11.172011,9.912012
2.4220116,-1.9979882,-4.3379884,-0.9479883,-1.0679883,-0.4279883,0.61201173,0.66201174,0.7520117,-1.9479883,-4.557988,-5.247988,-4.7079883,-3.6779883,-4.307988,-3.1879883,-2.4579883,-1.4879882,1.1720117,3.7220118,5.7020116,5.4720116,3.1620116,3.9120116,4.5420117,6.2920117,5.6220117,4.9720116,6.2420115,6.5120115,6.482012,7.652012,7.9320116,7.482012,6.5620117,6.0120115,5.5220118,4.712012,4.1220117,3.3120117,2.8920116,1.7120117,1.7920117,1.7920117,2.2320118,2.8620117,4.072012,4.922012,6.3320117,7.5420117,8.742012,9.172011,9.372012,9.862012,11.542011,11.642012,11.972012
-1.5579883,1.6720117,-1.1179882,0.30201173,2.9420118,3.3420117,3.3320117,0.23201172,-1.9579883,-4.7979884,-4.9779882,-4.867988,-5.407988,-5.057988,-4.057988,-3.7879882,-1.6079882,-0.6279883,1.1020117,2.1420116,2.6320117,2.6720116,3.2120118,4.732012,5.3920116,6.192012,6.7220116,7.0620117,8.212011,9.262012,9.622012,9.822012,9.772012,8.992012,8.232012,8.472012,7.502012,5.982012,4.2920117,3.1620116,1.7620118,1.5320117,1.7220117,2.0920117,3.0320117,3.8820117,4.712012,5.3120117,6.612012,8.142012,9.102012,9.422011,10.692012,11.782012,10.3020115,12.182012,12.272012
4.8320117,0.3220117,0.23201172,2.3720117,7.382012,4.8520117,0.0020117187,-0.8779883,-3.0279882,-3.2679882,-4.787988,-7.5879884,-6.597988,-6.7779884,-4.097988,-1.9079883,-0.9279883,0.10201172,0.5620117,2.5920117,3.0920117,3.9420118,3.3420117,4.8720117,6.172012,7.4320116,7.7820115,8.572012,9.522012,10.762012,11.342011,11.482012,11.402012,12.122012,12.942012,12.712011,8.702012,5.172012,2.3920116,0.4420117,0.7020117,0.5020117,1.0120118,2.4920118,2.5320117,3.8320117,4.982012,6.152012,7.112012,8.522012,9.272012,9.642012,10.8020115,11.622012,10.422011,12.192012,10.682012
6.0420117,2.7620118,-0.3979883,7.6420116,3.0520117,1.1720117,-3.3179884,-6.747988,-7.6479883,-6.927988,-5.8579884,-7.4179883,-7.1079884,-5.6879883,-4.1979885,-1.5879883,-0.6279883,0.24201173,1.1820117,3.1220117,3.8520117,4.152012,4.982012,5.6620116,6.3520117,7.342012,8.3020115,9.292011,10.332012,11.322012,12.232012,13.192012,14.172011,15.332012,17.782011,11.8020115,7.152012,2.7420118,0.9920117,-0.58798826,-2.6279883,-2.7579882,-2.5879884,-1.4779882,1.7220117,3.9220116,5.2720118,5.0620117,5.3320117,6.4520116,7.9120116,8.962011,9.032012,7.842012,7.132012,6.112012,6.3320117
4.3920116,5.692012,7.5320115,11.522012,-1.1679883,-0.44798827,-1.9679883,-7.497988,-8.427988,-8.177988,-6.1479883,-7.1279883,-6.407988,-5.597988,-3.0479882,-1.2179883,0.40201172,1.5420117,1.3320117,2.6720116,3.3120117,4.502012,5.7420115,6.422012,7.2020116,7.922012,8.812012,9.752011,10.922011,11.472012,12.882011,14.232012,16.102013,18.402012,16.582012,3.8620117,-2.1479883,-3.8179884,-6.577988,-6.1079884,-5.807988,-6.177988,-4.827988,-3.9879882,-1.5079883,0.92201173,0.9320117,0.7620117,2.0120118,4.572012,4.6820116,5.9520116,5.6220117,6.0420117,6.362012,6.092012,6.3720117
9.422011,9.312012,10.342011,5.3720117,1.2120117,0.3820117,0.5620117,3.2020118,-8.477988,-7.5879884,-6.8779883,-6.1979885,-4.9679885,-4.9679885,-3.0579882,-1.4079883,0.4120117,1.2820117,1.8520117,2.5220118,4.132012,4.842012,5.2920117,6.752012,7.1620116,7.962012,9.092011,10.132011,11.122012,11.732012,13.222012,14.682012,16.152012,14.812012,17.172012,3.0020118,-3.4879882,-4.847988,-6.9379883,-7.8379884,-8.567988,-6.517988,-5.7179885,-4.867988,-3.1379883,0.8320117,1.3920118,2.4520118,3.3220117,3.5920117,7.1420116,4.2020116,5.592012,6.1220117,6.1820116,7.502012,8.392012
