wind_kz.json
{"header": {"discipline":0,"disciplineName":"Meteorological products","gribEdition":2,"gribLength":871,"center":7,"centerName":"US National Weather Service - NCEP(WMC)","subcenter":0,"refTime":"2024-02-03T12:00:00.000Z","significanceOfRT":1,"significanceOfRTName":"Start of forecast","productStatus":0,"productStatusName":"Operational products","productType":1,"productTypeName":"Forecast products","productDefinitionTemplate":0,"productDefinitionTemplateName":"Analysis/forecast at horizontal level/layer at a point in time","parameterCategory":0,"parameterCategoryName":"UnknownDiscipline_0_Category_0","parameterNumber":0,"parameterNumberName":"UnknownParameter_D0_C0_0","parameterUnit":"Unknown","genProcessType":2,"genProcessTypeName":"Forecast","forecastTime":180,"surface1Type":1,"surface1TypeName":"Ground or water surface","surface1Value":0.0,"surface2Type":255,"surface2TypeName":"Missing","surface2Value":0.0,"gridDefinitionTemplate":0,"gridDefinitionTemplateName":"Latitude_Longitude","numberPoints":615,"shape":6,"shapeName":"Earth spherical with radius of 6,371,229.0 m","gridUnits":"degrees","resolution":48,"winds":"true","scanMode":64,"nx":41,"ny":15,"basicAngle":0,"lo1":47.0,"la1":41.0,"lo2":87.0,"la2":55.0,"dx":1.0,"dy":1.0}, "data":
[rows 0 to 14 of 15, columns 0 to 40 of 41]
275.65717,270.35718,275.95718,280.0572,280.5572,281.85718,278.45718,278.25717,275.95718,276.0572,275.45718,275.95718,275.45718,275.0572,274.75717,273.75717,273.95718,273.5572,275.65717,274.75717,275.5572,275.25717,275.95718,271.45718,272.45718,275.25717,270.85718,253.95718,252.65718,251.25717,253.25717,255.15718,260.0572,269.15717,270.0572,270.35718,269.45718,269.45718,270.15717,269.85718,269.85718
258.45718,276.15717,279.85718,279.5572,280.45718,281.0572,275.5572,277.0572,275.75717,275.45718,274.45718,274.15717,274.35718,274.45718,274.45718,274.0572,274.15717,274.5572,272.95718,273.75717,274.0572,273.75717,274.0572,266.95718,247.65718,253.95718,262.85718,254.75717,255.35718,251.55717,261.5572,245.65718,256.5572,243.55717,251.85718,260.75717,265.5572,267.15717,269.0572,263.45718,265.25717
275.85718,278.5572,279.65717,280.0572,280.25717,276.25717,275.35718,276.0572,274.85718,274.35718,274.5572,274.25717,274.45718,274.75717,273.0572,272.95718,272.95718,272.75717,272.75717,272.75717,272.85718,273.15717,273.25717,268.45718,274.5572,270.15717,268.5572,271.45718,271.65717,262.75717,257.65717,258.0572,259.35718,260.45718,258.0572,261.95718,253.35718,251.35718,250.95718,254.05717,251.65718
277.75717,275.75717,277.5572,278.85718,278.15717,273.95718,275.35718,274.35718,275.45718,274.0572,273.75717,273.75717,281.15717,281.85718,273.65717,272.85718,272.75717,272.65717,272.65717,272.85718,273.15717,268.45718,272.65717,272.5572,272.85718,272.85718,272.5572,270.45718,270.75717,270.65717,270.15717,269.95718,271.85718,268.5572,267.0572,266.15717,255.85718,258.5572,262.75717,264.75717,258.15717
275.75717,272.5572,271.5572,273.25717,273.5572,275.35718,274.65717,277.25717,274.45718,273.35718,273.5572,273.65717,279.0572,279.0572,278.25717,272.85718,272.75717,272.75717,272.5572,272.15717,272.65717,272.45718,271.85718,272.0572,270.95718,270.15717,269.0572,270.85718,271.75717,271.85718,272.45718,272.35718,265.95718,260.15717,264.25717,260.85718,261.35718,262.75717,263.15717,258.65717,257.85718
276.5572,275.25717,272.35718,272.0572,272.15717,272.85718,274.0572,273.75717,273.35718,274.35718,273.15717,273.35718,278.25717,279.15717,273.85718,272.95718,271.75717,271.65717,270.35718,271.45718,268.95718,270.85718,269.65717,268.65717,268.95718,267.0572,268.85718,268.85718,268.5572,268.65717,269.25717,270.45718,267.65717,266.95718,269.0572,268.75717,264.75717,262.95718,267.35718,262.35718,261.65717
275.15717,274.45718,276.45718,276.35718,273.45718,274.15717,275.5572,274.65717,273.95718,273.65717,273.35718,272.65717,272.25717,271.5572,272.35718,272.15717,271.25717,270.75717,270.25717,269.45718,268.0572,268.15717,267.5572,266.75717,264.35718,263.65717,262.45718,264.75717,264.25717,264.75717,261.15717,262.35718,265.35718,266.5572,265.65717,266.15717,263.75717,262.45718,261.25717,263.0572,268.35718
274.95718,274.85718,274.15717,274.35718,274.65717,274.5572,274.45718,273.75717,273.35718,273.15717,273.15717,272.35718,272.15717,270.85718,271.15717,270.75717,270.75717,269.95718,269.85718,268.25717,266.65717,266.75717,266.45718,266.25717,264.95718,262.5572,261.75717,261.35718,257.85718,256.5572,255.65718,259.45718,260.35718,260.15717,262.65717,265.35718,266.35718,267.65717,266.75717,265.35718,264.0572
273.75717,273.95718,273.85718,273.75717,273.35718,273.65717,273.35718,273.15717,273.15717,273.15717,272.85718,272.0572,270.5572,270.15717,269.5572,269.45718,269.25717,268.95718,268.45718,267.95718,266.45718,264.75717,265.15717,265.35718,264.25717,263.95718,261.5572,259.25717,257.95718,253.15718,254.35718,256.65717,261.15717,262.75717,261.25717,257.0572,257.85718,265.0572,257.65717,260.65717,260.45718
273.35718,273.25717,273.15717,272.45718,271.45718,271.45718,271.0572,271.0572,271.0572,271.25717,269.0572,269.15717,268.25717,268.15717,268.35718,268.45718,268.45718,268.45718,268.35718,267.65717,266.25717,265.85718,265.75717,264.45718,263.75717,262.5572,260.85718,260.35718,258.65717,257.65717,259.35718,262.85718,264.25717,262.35718,255.95718,255.85718,259.15717,254.15718,262.0572,259.0572,260.65717
272.45718,270.35718,267.75717,269.5572,269.5572,268.5572,264.15717,261.5572,262.0572,260.75717,262.75717,264.25717,265.45718,265.85718,266.85718,267.25717,267.35718,267.45718,267.65717,266.65717,265.15717,264.85718,263.65717,263.15717,262.75717,261.0572,260.15717,261.0572,261.65717,263.0572,263.0572,263.75717,263.15717,262.25717,259.85718,254.35718,259.35718,253.05717,254.95718,262.25717,263.85718
268.75717,268.35718,264.75717,266.75717,262.65717,263.95718,257.25717,257.0572,257.15717,260.15717,258.5572,257.5572,258.15717,260.35718,261.85718,263.15717,263.65717,263.95718,264.65717,264.15717,263.45718,263.0572,262.85718,262.85718,261.95718,262.35718,262.45718,263.15717,263.25717,263.0572,262.75717,261.35718,262.25717,260.25717,260.85718,259.95718,263.45718,263.35718,258.25717,256.45718,262.75717
265.25717,261.0572,264.45718,255.45718,256.25717,255.85718,253.85718,252.95718,252.05717,254.05717,261.95718,259.0572,256.75717,258.0572,260.45718,261.45718,261.65717,261.95718,262.25717,262.15717,262.25717,261.65717,261.65717,261.35718,262.15717,262.85718,263.0572,262.85718,263.45718,263.95718,263.95718,263.25717,262.35718,262.5572,262.15717,261.5572,260.5572,261.5572,260.25717,256.95718,254.65718
256.75717,253.25717,252.85718,251.35718,249.65718,249.25717,249.05717,250.45718,252.55717,252.65718,256.45718,254.75717,257.65717,258.15717,259.5572,259.85718,260.0572,260.35718,260.45718,259.75717,260.5572,261.45718,262.0572,261.95718,262.15717,262.75717,262.85718,263.25717,263.5572,264.15717,263.95718,263.75717,262.65717,261.75717,261.5572,260.75717,261.45718,260.95718,259.65717,259.0572,257.0572
250.95718,247.75717,251.15718,248.65718,248.75717,247.95718,252.25717,250.65718,254.85718,251.45718,256.95718,257.15717,257.35718,258.95718,254.85718,257.75717,258.35718,258.95718,258.95718,258.65717,259.15717,259.15717,259.35718,260.15717,260.95718,261.75717,262.35718,262.45718,262.5572,262.65717,263.0572,262.45718,261.95718,261.15717,260.35718,259.95718,260.5572,259.85718,259.15717,258.0572,259.0572
