wind_kz.json
{"header": {"discipline":0,"disciplineName":"Meteorological products","gribEdition":2,"gribLength":1025,"center":7,"centerName":"US National Weather Service - NCEP(WMC)","subcenter":0,"refTime":"2023-09-10T00:00:00.000Z","significanceOfRT":1,"significanceOfRTName":"Start of forecast","productStatus":0,"productStatusName":"Operational products","productType":1,"productTypeName":"Forecast products","productDefinitionTemplate":0,"productDefinitionTemplateName":"Analysis/forecast at horizontal level/layer at a point in time","parameterCategory":2,"parameterCategoryName":"UnknownDiscipline_0_Category_2","parameterNumber":2,"parameterNumberName":"UnknownParameter_D0_C2_2","parameterUnit":"Unknown","genProcessType":2,"genProcessTypeName":"Forecast","forecastTime":60,"surface1Type":103,"surface1TypeName":"Specified height level above ground","surface1Value":10.0,"surface2Type":255,"surface2TypeName":"Missing","surface2Value":0.0,"gridDefinitionTemplate":0,"gridDefinitionTemplateName":"Latitude_Longitude","numberPoints":615,"shape":6,"shapeName":"Earth spherical with radius of 6,371,229.0 m","gridUnits":"degrees","resolution":48,"winds":"true","scanMode":64,"nx":41,"ny":15,"basicAngle":0,"lo1":47.0,"la1":41.0,"lo2":87.0,"la2":55.0,"dx":1.0,"dy":1.0}, "data":
[rows 0 to 14 of 15, columns 0 to 40 of 41]
0.88929445,0.40929443,0.68929446,-6.9807057,-6.7207055,-4.3807054,-1.2307056,1.9492944,-4.6207056,-4.4107056,-5.3507056,-4.6407056,-4.0607057,-3.1607056,-2.7307055,-2.5307055,-1.7007055,-2.5407057,-2.9507055,-3.5007055,-2.4207056,-0.23070556,1.7892945,2.9792945,2.8092945,4.0492945,4.0692945,4.3992944,3.7292945,3.6592944,3.9292943,1.7992945,1.7992945,-1.5707055,-2.2207055,1.4592944,-1.0207056,-0.5207056,-1.7907056,-2.4507055,-0.47070557
0.9792944,-1.0807055,-4.1807055,-5.690706,-3.1207056,-0.5307056,-1.5607055,-0.87070554,-2.8007057,-3.6707056,-4.9907055,-3.1107056,-1.3907056,-3.3307056,-2.1407056,-1.0507056,-1.2907056,0.20929444,0.06929443,-0.33070555,-0.100705564,-0.030705566,0.6592944,2.0992944,3.2492945,0.6192944,1.7592944,4.0292945,6.5992947,4.9392943,3.5392945,1.7592944,-5.4307055,0.6092944,0.45929444,-1.6607056,-1.1007056,-0.8207056,1.0692945,-2.0507057,-0.16070557
-1.4007056,0.9792944,2.6892943,-1.7707056,-0.5907056,1.2392944,-1.7307056,-0.40070558,-1.1907055,-1.2807056,-2.0207055,-0.86070555,-0.9607056,-1.3107055,-7.0556643E-4,1.2892945,2.1292944,3.1492944,2.9892945,2.5692945,2.8092945,2.1692944,3.2792945,4.5892944,2.0492945,2.3292944,2.0692945,1.0192944,4.4592943,-0.5107056,1.0892944,-2.0407057,0.079294436,1.3692944,-2.6807055,-2.1907055,-0.100705564,-0.6307056,4.4592943,-2.1307056,-2.3507056
-2.1707056,0.64929444,0.0092944335,0.46929443,2.8492944,1.4892944,-0.86070555,0.99929446,0.68929446,1.0892944,1.7692944,2.2292945,-3.7607055,-1.2107055,2.8592944,3.5192945,4.1492944,4.9492946,6.0392942,6.3792944,5.4392943,6.6492944,7.7092943,4.309294,5.2592945,4.6892943,5.3192945,5.8892946,7.4392943,3.7592945,2.4792945,3.5992944,8.379294,8.7592945,7.8392944,4.6692944,1.4192945,1.3192945,-2.1307056,-1.3407055,4.9192944
1.8492944,1.5992944,4.7892942,2.9692945,3.2292945,4.1992946,1.5992944,2.2892945,1.6292944,2.4492943,3.6692944,4.7392945,0.21929443,2.1192944,3.8692944,7.4892945,8.029294,8.029294,6.9492946,6.8392944,7.4192944,8.879294,8.569294,8.719295,8.499294,9.129294,9.629294,8.989294,7.8392944,7.7292943,6.2692943,3.7392945,3.1392944,3.4592943,-2.0207055,1.1192944,6.3992944,-0.85070556,-1.3407055,1.5692945,-3.7707055
6.3392944,3.9992945,3.3292944,3.5992944,3.2892945,3.3992944,3.5892944,5.2292943,0.55929446,3.4092944,4.3492947,5.1492944,5.2192945,5.2592945,7.059294,6.7292943,6.8892946,6.5192943,7.079294,7.5492945,8.639295,8.7592945,8.669294,9.749294,9.109295,9.129294,11.299294,9.7592945,8.709294,8.969295,8.409294,7.1792946,6.9792943,2.0092945,1.6392944,0.83929443,1.4692944,4.2092943,11.399295,4.7392945,-2.2307055
2.4692945,3.1992943,3.8192945,6.8692946,3.9192944,5.0492945,5.3192945,3.9992945,3.9592943,4.7492943,5.4692945,6.079294,6.2292943,6.4992943,6.7692943,7.7192945,8.199294,7.7992945,7.9492946,9.119294,9.669294,9.749294,10.689295,10.879294,11.089294,10.159294,9.169294,11.449294,10.699294,8.269295,8.189295,9.429295,7.8992944,7.1092944,-0.44070557,1.8192945,1.8892944,0.69929445,2.0492945,0.15929443,4.4192944
1.5992944,1.5092944,2.6692944,4.059294,2.7692945,5.329294,3.3692944,4.1992946,4.7892942,4.8892946,6.6392946,5.2192945,6.4792943,4.9092946,7.9792943,6.8592944,8.029294,8.539294,9.869294,10.779294,11.249294,10.099295,10.479295,10.789294,10.939295,10.699294,9.989294,8.619294,10.239294,9.499294,11.109295,8.2592945,7.309294,7.059294,5.2192945,3.5092945,3.3392944,-3.0507057,0.7392944,2.0492945,2.1092944
1.1192944,1.8792944,1.6592945,3.0592945,2.6492944,3.2792945,4.0192943,2.7792945,3.8992944,5.4492946,4.4192944,4.8792944,6.1692944,5.829294,7.1192946,6.329294,5.5492945,8.189295,8.269295,6.7292943,8.679295,10.989294,11.019295,10.479295,9.779294,9.519295,9.949294,9.849295,9.389295,9.549294,8.549294,9.499294,9.199294,7.6092944,7.4192944,4.4792943,1.9492944,2.9892945,1.1992944,0.38929445,-0.40070558
-0.20070557,0.31929442,-3.5507057,-3.6107056,-0.26070556,0.64929444,2.3192945,3.5392945,3.1292944,2.7992945,1.3592944,5.8392944,2.0092945,5.4392943,5.4592943,5.5092945,5.7392945,6.7092943,7.1792946,8.989294,9.999294,9.429295,10.5092945,10.119294,8.589294,8.839294,9.639295,9.699294,11.719295,9.309295,8.549294,8.769295,7.6092944,8.859295,7.4592943,5.9592943,1.8992944,-1.9207056,0.06929443,1.5392945,1.1492944
-2.2607055,-2.6407056,-0.35070556,0.8592944,0.35929444,1.1992944,0.62929446,-0.13070557,1.2292944,-0.010705566,-2.0407057,0.47929442,1.0192944,0.95929444,1.7892945,1.5392945,1.5892944,0.5492944,-0.74070555,-0.85070556,-0.62070554,0.30929443,4.4192944,7.7292943,5.809294,6.5992947,7.8492947,9.319294,10.179295,9.749294,9.899295,8.849295,7.3892946,5.6092944,5.3492947,4.079294,1.6292944,0.80929446,0.29929444,1.5592945,0.87929446
-2.8307056,1.9992944,3.6492944,2.2092943,1.2892945,1.0292945,0.43929443,1.0792944,-1.8507056,-1.8607056,-1.2407056,1.4292945,2.1692944,1.9292945,1.1892945,0.68929446,2.4792945,-1.9707055,-2.5507057,-2.3407056,-2.7507055,-1.4707055,-0.93070555,-1.6607056,-0.9007056,0.16929443,2.9992945,6.8692946,7.5892944,7.079294,6.7892942,8.149295,6.3192945,7.1392946,2.0892944,5.0192943,4.4692945,4.2692943,1.7892945,-1.3607056,0.8492944
-0.62070554,-0.62070554,-0.29070556,-1.5207056,-4.2207055,-2.6607056,-1.8907056,-2.1307056,-1.9307055,0.48929444,-0.9007056,-1.7507056,-3.2107055,-1.7407056,-0.7707056,-1.7107055,-1.6807055,-1.8007056,-2.2807055,-1.4707055,-1.7507056,-1.1907055,-1.0107056,0.10929444,-0.30070555,0.28929442,1.8892944,1.4992944,1.5292945,3.8192945,4.3892946,5.4492946,2.3492944,2.5392945,3.8192945,3.5192945,4.4692945,3.3592944,3.3192945,-0.15070556,0.33929443
-1.6607056,-1.8607056,-3.3507056,-4.6307054,-4.7907057,-5.4807057,-4.5307055,-5.3007054,-2.5607057,-1.0407056,-0.5807056,-3.1807055,-3.6007056,-3.3907056,-2.0007055,-2.5807056,-3.2907057,-1.8307055,-4.0107055,-0.47070557,-1.9007056,-2.0907056,-1.5207056,-1.1307056,-1.9407055,-1.5907055,2.0092945,2.0492945,1.4192945,2.4592943,1.3492944,0.26929444,1.0292945,2.0892944,3.8392944,6.4092946,2.6692944,2.9492943,2.6292944,0.68929446,-0.42070556
-2.3407056,-3.6607056,-3.7207055,-3.8307056,-4.8207054,-4.8707056,-3.7307055,-3.7307055,-3.1207056,-5.3507056,-1.1207056,-3.3907056,-2.6107056,-2.4807055,-2.6007056,-2.4407055,-2.3207057,-2.6507056,-3.0907056,-1.7207055,-0.38070557,-2.4707055,-4.3807054,-1.1007056,-0.27070558,-3.4807055,-0.050705567,-1.2407056,-1.3507056,-1.9107056,0.059294432,0.8692944,1.2392944,2.4592943,3.4492943,4.9392943,2.9292943,0.42929444,-0.86070555,-1.8307055,-1.3107055
