wind_kz.json
{"header": {"discipline":0,"disciplineName":"Meteorological products","gribEdition":2,"gribLength":871,"center":7,"centerName":"US National Weather Service - NCEP(WMC)","subcenter":0,"refTime":"2024-02-02T06:00:00.000Z","significanceOfRT":1,"significanceOfRTName":"Start of forecast","productStatus":0,"productStatusName":"Operational products","productType":1,"productTypeName":"Forecast products","productDefinitionTemplate":0,"productDefinitionTemplateName":"Analysis/forecast at horizontal level/layer at a point in time","parameterCategory":0,"parameterCategoryName":"UnknownDiscipline_0_Category_0","parameterNumber":0,"parameterNumberName":"UnknownParameter_D0_C0_0","parameterUnit":"Unknown","genProcessType":2,"genProcessTypeName":"Forecast","forecastTime":180,"surface1Type":1,"surface1TypeName":"Ground or water surface","surface1Value":0.0,"surface2Type":255,"surface2TypeName":"Missing","surface2Value":0.0,"gridDefinitionTemplate":0,"gridDefinitionTemplateName":"Latitude_Longitude","numberPoints":615,"shape":6,"shapeName":"Earth spherical with radius of 6,371,229.0 m","gridUnits":"degrees","resolution":48,"winds":"true","scanMode":64,"nx":41,"ny":15,"basicAngle":0,"lo1":47.0,"la1":41.0,"lo2":87.0,"la2":55.0,"dx":1.0,"dy":1.0}, "data":
[rows 0 to 14 of 15, columns 0 to 40 of 41]
278.8874,272.1874,278.1874,280.1874,280.5874,281.8874,281.4874,281.1874,279.7874,280.1874,279.4874,280.1874,279.2874,278.9874,278.6874,277.5874,277.7874,276.7874,278.8874,276.8874,277.1874,276.6874,275.8874,271.5874,272.0874,273.4874,266.8874,251.9874,250.3874,249.8874,250.2874,248.3874,258.1874,269.2874,269.7874,270.3874,270.6874,270.5874,270.5874,270.2874,270.5874
258.2874,278.3874,279.9874,279.6874,280.4874,281.0874,280.8874,280.3874,279.7874,279.5874,279.8874,279.7874,279.4874,278.9874,278.7874,277.9874,278.5874,278.5874,277.1874,277.1874,276.6874,275.5874,271.7874,265.7874,250.5874,252.8874,257.0874,247.68741,252.3874,248.5874,256.4874,241.18741,258.7874,237.2874,245.68741,259.8874,257.6874,267.6874,269.6874,263.2874,267.8874
278.4874,278.7874,280.0874,280.3874,280.5874,279.6874,280.1874,279.6874,278.7874,278.5874,278.6874,279.1874,279.3874,278.9874,275.4874,273.3874,275.3874,274.0874,274.4874,274.1874,273.9874,274.9874,273.4874,265.8874,272.6874,269.2874,267.9874,268.5874,268.7874,259.5874,252.18741,253.4874,254.2874,253.0874,250.0874,258.6874,251.4874,248.4874,248.8874,250.4874,247.18741
278.4874,275.6874,277.6874,278.7874,279.2874,280.2874,279.7874,278.9874,278.9874,278.3874,278.7874,279.1874,281.2874,281.9874,277.3874,273.2874,273.8874,272.3874,272.4874,273.1874,273.5874,265.3874,272.9874,271.2874,271.9874,271.5874,271.5874,265.6874,266.6874,267.3874,263.8874,266.4874,270.0874,265.7874,257.6874,263.0874,251.5874,249.7874,259.5874,256.2874,256.8874
276.5874,272.2874,271.6874,272.7874,275.9874,279.0874,277.5874,278.8874,277.6874,276.6874,276.3874,277.6874,279.0874,279.0874,278.2874,273.0874,272.6874,273.1874,272.9874,271.9874,273.8874,273.3874,271.4874,271.0874,269.6874,267.5874,266.6874,267.8874,270.9874,270.2874,269.9874,268.2874,258.2874,246.68741,258.7874,254.8874,256.9874,252.68741,254.2874,255.0874,258.0874
278.5874,277.2874,271.7874,272.0874,272.1874,272.3874,278.2874,277.7874,276.0874,275.8874,273.2874,273.3874,278.3874,279.1874,273.9874,272.8874,272.7874,272.5874,271.8874,272.1874,269.5874,271.6874,270.9874,267.2874,268.4874,264.2874,268.2874,267.0874,266.2874,266.1874,266.0874,267.9874,263.4874,259.6874,263.6874,263.9874,260.6874,259.7874,255.7874,254.2874,256.2874
277.8874,277.5874,279.9874,279.0874,274.0874,276.5874,278.2874,274.1874,273.5874,273.2874,272.7874,271.4874,272.5874,272.5874,272.2874,272.7874,272.0874,271.6874,270.8874,269.7874,268.0874,268.0874,268.5874,268.0874,262.4874,262.4874,258.7874,261.8874,259.4874,261.9874,261.1874,265.1874,262.7874,262.4874,264.1874,262.4874,260.2874,258.8874,254.7874,253.9874,253.5874
277.0874,276.6874,277.2874,277.3874,276.5874,275.8874,273.7874,273.7874,273.3874,272.4874,272.0874,271.8874,271.3874,270.6874,271.3874,271.1874,270.9874,269.2874,269.4874,268.5874,267.3874,266.2874,266.2874,267.7874,265.7874,263.1874,265.3874,256.7874,259.9874,256.1874,260.3874,263.4874,264.2874,266.5874,261.8874,254.7874,252.3874,256.0874,259.9874,258.4874,253.7874
276.2874,275.1874,275.9874,276.3874,274.1874,276.4874,274.7874,273.2874,273.2874,273.1874,272.9874,272.6874,272.9874,270.0874,269.7874,273.1874,273.1874,273.0874,272.9874,268.4874,268.6874,268.0874,267.4874,267.5874,267.9874,267.5874,266.7874,265.4874,265.5874,263.6874,263.5874,264.8874,268.7874,268.6874,262.8874,261.5874,259.1874,258.3874,253.5874,248.3874,248.18741
274.2874,273.6874,274.8874,275.1874,274.3874,273.6874,273.2874,273.1874,273.1874,273.1874,273.0874,273.1874,273.1874,273.0874,273.1874,273.0874,273.1874,273.1874,273.1874,273.1874,272.6874,272.8874,272.7874,271.4874,269.3874,269.0874,268.8874,269.5874,269.7874,269.2874,270.4874,271.5874,272.7874,270.7874,265.8874,264.4874,265.1874,262.2874,257.5874,257.2874,252.18741
273.2874,273.1874,273.1874,273.1874,273.0874,273.1874,273.1874,273.1874,273.1874,273.1874,273.1874,273.0874,273.1874,272.9874,273.0874,270.8874,268.4874,270.1874,273.1874,272.3874,273.0874,273.1874,273.1874,273.1874,273.1874,273.1874,271.6874,272.2874,271.9874,272.9874,273.7874,273.8874,273.0874,271.9874,268.6874,268.3874,267.2874,263.2874,261.9874,261.1874,257.2874
273.1874,273.1874,273.1874,273.1874,273.1874,272.1874,270.7874,269.6874,268.3874,266.6874,261.1874,261.5874,264.3874,265.1874,266.8874,266.8874,267.5874,266.6874,264.0874,264.1874,263.0874,265.3874,266.6874,269.7874,271.2874,272.9874,273.1874,273.4874,273.6874,273.3874,273.2874,273.2874,273.8874,272.5874,271.8874,270.5874,271.8874,271.9874,268.5874,270.0874,265.6874
273.1874,273.1874,273.1874,273.1874,272.3874,269.6874,268.3874,266.9874,265.6874,265.6874,262.7874,262.8874,263.9874,263.7874,265.5874,266.0874,264.3874,263.4874,261.8874,261.6874,262.6874,263.1874,263.4874,264.6874,267.3874,267.0874,272.5874,272.6874,273.1874,273.1874,273.1874,273.1874,273.0874,273.1874,273.1874,271.0874,270.9874,272.3874,272.1874,269.5874,271.3874
273.1874,273.1874,271.7874,270.6874,267.8874,266.6874,265.9874,264.8874,265.7874,264.8874,261.7874,252.0874,253.9874,263.0874,264.8874,264.9874,264.5874,263.4874,261.7874,261.8874,261.1874,261.8874,262.8874,263.2874,263.5874,265.3874,264.0874,264.5874,266.4874,267.7874,273.1874,273.1874,273.1874,273.1874,273.2874,273.0874,272.3874,271.5874,271.8874,271.2874,271.5874
265.2874,265.1874,265.9874,265.0874,264.7874,264.5874,264.6874,264.3874,264.4874,263.8874,259.3874,253.7874,256.6874,256.9874,261.3874,262.1874,262.6874,262.8874,262.7874,261.6874,261.2874,261.6874,261.9874,262.1874,262.5874,262.8874,263.2874,263.4874,264.4874,265.6874,266.1874,267.3874,270.0874,271.1874,273.1874,273.1874,273.1874,272.5874,271.8874,272.1874,272.6874
