wind_kz.json
{"header": {"discipline":0,"disciplineName":"Meteorological products","gribEdition":2,"gribLength":1025,"center":7,"centerName":"US National Weather Service - NCEP(WMC)","subcenter":0,"refTime":"2023-09-19T00:00:00.000Z","significanceOfRT":1,"significanceOfRTName":"Start of forecast","productStatus":0,"productStatusName":"Operational products","productType":1,"productTypeName":"Forecast products","productDefinitionTemplate":0,"productDefinitionTemplateName":"Analysis/forecast at horizontal level/layer at a point in time","parameterCategory":2,"parameterCategoryName":"UnknownDiscipline_0_Category_2","parameterNumber":2,"parameterNumberName":"UnknownParameter_D0_C2_2","parameterUnit":"Unknown","genProcessType":2,"genProcessTypeName":"Forecast","forecastTime":300,"surface1Type":103,"surface1TypeName":"Specified height level above ground","surface1Value":10.0,"surface2Type":255,"surface2TypeName":"Missing","surface2Value":0.0,"gridDefinitionTemplate":0,"gridDefinitionTemplateName":"Latitude_Longitude","numberPoints":615,"shape":6,"shapeName":"Earth spherical with radius of 6,371,229.0 m","gridUnits":"degrees","resolution":48,"winds":"true","scanMode":64,"nx":41,"ny":15,"basicAngle":0,"lo1":47.0,"la1":41.0,"lo2":87.0,"la2":55.0,"dx":1.0,"dy":1.0}, "data":
[rows 0 to 14 of 15, columns 0 to 40 of 41]
1.1679443,1.3979443,-1.5920557,-0.38205567,0.61794436,2.7379444,6.6279445,3.6679444,-0.5920557,-1.3020557,-0.49205565,0.81794435,2.7079444,3.1179442,2.6979444,-0.23205566,0.6579443,0.40794432,1.7779443,3.9279444,1.5479443,0.89794433,0.33794433,2.5779443,2.4179444,2.4479444,3.7179444,3.0079443,1.9279443,1.3879443,-0.75205564,0.80794436,-0.55205566,-0.79205567,-1.6420556,-1.1520556,0.62794435,0.67794436,1.9779444,1.5179443,1.7679443
0.75794435,-1.9820557,-2.3120556,-1.5520557,0.88794434,3.4979444,4.967944,-0.09205566,2.2079444,1.7079444,2.7979443,2.4479444,3.0379443,1.9779444,3.1479445,5.9779444,0.43794432,1.3779444,2.4179444,2.6979444,1.0979444,2.1779444,-2.4420557,-1.4820557,0.24794434,-0.012055664,0.8579443,1.8679444,2.4179444,3.8679442,3.2079444,2.6279442,-1.8820556,-1.5020556,0.14794433,0.5479443,0.74794436,1.5679443,0.87794435,-1.0620557,-2.1920557
-5.2520556,-3.7820556,-2.8320556,-1.0620557,2.6279442,-0.67205566,-0.88205564,0.73794436,1.9979444,1.0679443,1.2979443,1.2679443,-0.86205566,0.47794434,3.0379443,0.23794433,-0.002055664,1.0579443,2.4079444,3.1479445,0.61794436,2.9379444,1.1379443,2.4679444,-1.3820556,2.4079444,-0.7720557,1.4179443,2.7379444,-1.2920556,0.11794434,-2.3820558,0.92794436,-1.4920557,-0.61205566,-0.69205564,-0.6620557,-0.07205567,-2.2720556,2.1179442,-0.062055662
-5.532056,-4.012056,-2.8220556,-0.36205566,-0.40205565,-1.2120557,0.087944336,-0.5320557,0.74794436,1.9779444,2.6079443,-0.69205564,-2.6120558,2.7479444,4.0679445,-0.37205565,-1.5120556,-0.26205567,2.7279444,3.2679443,2.2879443,4.0979443,-1.7520556,-1.3220557,1.4179443,3.4379444,2.9879444,1.8579444,-1.8520557,-0.81205565,0.62794435,0.37794435,2.4379444,1.1179444,1.7079444,1.2679443,-0.94205564,1.9779444,-1.0220556,-2.3020556,-2.7720556
-4.9720554,-2.9520557,-3.1720557,-2.8620558,-1.7520556,-0.9120557,0.63794434,0.89794433,1.6179444,1.8479444,2.5379443,3.0479443,-2.5820556,-0.61205566,1.3079443,3.8079443,-1.2120557,-0.50205564,4.9579444,2.5879443,5.7079444,4.0979443,1.0679443,1.1579443,1.6979443,2.8879442,2.9979444,1.6679443,1.3079443,0.6679443,-0.24205567,-0.36205566,-0.69205564,-0.44205567,-1.5320556,-1.1120557,2.1979444,-3.4620557,-2.9620557,-3.3020556,-2.4320557
-1.7920556,-0.27205566,-2.9720557,-1.9120556,-0.5220557,0.047944337,1.5979444,0.5979443,1.0179443,1.0479443,0.87794435,1.3079443,-0.22205566,-2.2020557,-1.9120556,-2.0620556,-0.21205567,1.0179443,1.0579443,3.1279442,4.6179442,3.5979443,4.2879443,4.427944,4.7079444,4.1279445,9.647944,-0.51205564,-0.16205567,0.13794434,1.8279443,1.1979443,0.037944335,2.2079444,2.0979443,1.5879444,1.3979443,-1.5820557,-1.1920557,-1.6620556,-1.3920556
-0.13205567,-0.18205567,0.44794434,0.50794435,0.82794434,0.16794434,0.14794433,0.11794434,0.11794434,0.27794433,-0.032055665,-0.61205566,-1.4020556,-2.7020557,-2.8820558,-2.8620558,-0.8920557,-0.32205567,0.45794433,1.5879444,2.1879444,2.2379444,3.4579444,3.9179444,4.137944,5.9179444,6.3779445,5.887944,0.5879443,2.8079443,2.5179443,4.467944,1.0679443,2.4579444,4.1179442,0.88794434,1.0779443,1.1979443,-0.17205566,1.6979443,0.37794435
1.1779443,1.4679444,1.4179443,1.3979443,1.0579443,0.92794436,0.57794434,0.07794434,0.19794434,0.22794433,-0.5320557,-0.26205567,-1.3620557,-1.8420557,-1.9120556,-1.6820557,-1.4920557,-1.0120556,-0.07205567,0.63794434,2.6379442,1.4079443,-1.2520556,-0.082055666,1.6879443,2.2979443,2.8679442,4.0879445,3.1479445,2.4579444,2.8179443,2.1079443,3.2079444,0.7179443,4.8479443,-1.1520556,-0.6520557,-0.9520557,-3.0820556,-3.9420557,-2.0020556
2.5879443,2.7879443,2.4179444,2.5479443,2.0279443,1.5479443,1.3179443,0.9679443,0.37794435,0.15794434,-0.09205566,-0.34205568,-0.48205566,-0.75205564,-1.0220556,-1.0820557,-0.73205566,-0.67205566,-0.34205568,-0.34205568,0.8579443,-0.032055665,-0.21205567,1.5979444,1.3679444,1.9079443,3.0079443,2.8479443,4.967944,4.3479443,3.6779444,3.5779443,2.4179444,2.0279443,2.0279443,0.057944335,0.33794433,2.3479443,0.55794436,1.4779444,-2.1220558
3.8379443,3.5179443,3.2479444,3.0579443,2.9879444,2.5479443,2.2779443,2.0179443,1.3879443,1.4279443,1.2779443,2.0479443,1.2379444,1.4279443,1.0079443,0.41794434,0.24794434,0.20794433,0.43794432,0.29794434,0.48794433,0.87794435,1.4979444,1.7679443,1.8379444,2.4679444,3.0779443,0.76794434,0.6679443,2.9479444,0.9079443,0.10794434,1.1779443,0.5979443,0.88794434,0.50794435,-0.61205566,-0.012055664,-0.55205566,0.93794435,0.62794435
4.7279444,4.5179443,4.3679442,3.9579444,3.8079443,3.5779443,3.4979444,3.2679443,3.1679444,2.8579443,2.7579443,3.3279443,2.0479443,2.7879443,2.4579444,1.4279443,1.0879444,1.0679443,1.3479444,1.6779443,1.7979443,1.9579444,1.8879443,1.9279443,1.9579444,2.5079443,2.6279442,2.8679442,1.7979443,2.4379444,2.8479443,1.8579444,2.3579443,2.1179442,2.7279444,1.5279443,-0.44205567,0.5979443,2.0579443,1.4779444,-0.10205566
4.6679444,5.387944,5.0979443,4.7879443,4.757944,4.157944,4.2079444,3.9079444,3.4579444,2.9079444,3.4979444,4.447944,2.9379444,3.3179443,2.9279444,2.4079444,2.2679443,2.2779443,2.5079443,3.3579443,3.4379444,3.5779443,3.5479443,3.6579444,3.3279443,3.5579443,3.7079444,4.177944,4.467944,4.697944,4.3579445,4.2979445,3.4479444,3.5479443,3.6279442,5.1479445,3.0779443,3.5579443,1.6679443,0.99794436,1.1179444
4.9179444,6.0979443,4.967944,5.3579445,4.5479445,3.5579443,4.507944,4.1179442,4.5979443,3.8879442,2.2779443,3.6479445,3.1479445,3.4379444,2.4979444,2.4779444,2.9579444,3.2479444,3.3179443,4.2079444,4.637944,4.5379443,4.3479443,4.8079443,5.0379443,4.8179445,5.407944,6.1479445,5.967944,6.217944,5.9779444,6.1879444,5.987944,4.447944,5.0779443,5.4579444,5.5879445,4.1479445,3.4379444,2.9279444,1.1879443
4.9979444,4.7979445,4.5979443,5.467944,5.3679442,5.1179442,4.757944,4.8079443,4.137944,3.9079444,2.0479443,2.9779444,4.6879444,2.0079443,2.4679444,3.1479445,3.6679444,3.8079443,4.1879444,4.8779445,4.6179442,4.8179445,5.3079443,5.8579445,6.217944,5.8279443,5.8479443,6.447944,6.137944,6.2479444,6.447944,6.427944,6.5179443,5.8179445,5.237944,4.6479445,4.7079444,5.5979443,4.467944,3.1079443,2.5579443
2.8479443,2.8479443,2.8379443,3.8979445,3.7779443,4.6679444,4.717944,3.9779444,2.4979444,4.5979443,1.9779444,4.197944,3.1479445,2.4279444,3.6379442,3.4879444,4.467944,4.3579445,4.5379443,5.007944,5.237944,5.1879444,5.4379444,6.1179442,5.967944,5.7679443,5.8079443,6.8579445,6.9579444,7.5779443,7.8479443,8.967944,7.0379443,6.8679442,6.7879443,4.8579445,5.197944,5.6679444,4.9379444,4.9779444,1.8479444
