wind_kz.json
{"header": {"discipline":0,"disciplineName":"Meteorological products","gribEdition":2,"gribLength":1025,"center":7,"centerName":"US National Weather Service - NCEP(WMC)","subcenter":0,"refTime":"2023-09-19T18:00:00.000Z","significanceOfRT":1,"significanceOfRTName":"Start of forecast","productStatus":0,"productStatusName":"Operational products","productType":1,"productTypeName":"Forecast products","productDefinitionTemplate":0,"productDefinitionTemplateName":"Analysis/forecast at horizontal level/layer at a point in time","parameterCategory":2,"parameterCategoryName":"UnknownDiscipline_0_Category_2","parameterNumber":3,"parameterNumberName":"UnknownParameter_D0_C2_3","parameterUnit":"Unknown","genProcessType":2,"genProcessTypeName":"Forecast","forecastTime":300,"surface1Type":103,"surface1TypeName":"Specified height level above ground","surface1Value":10.0,"surface2Type":255,"surface2TypeName":"Missing","surface2Value":0.0,"gridDefinitionTemplate":0,"gridDefinitionTemplateName":"Latitude_Longitude","numberPoints":615,"shape":6,"shapeName":"Earth spherical with radius of 6,371,229.0 m","gridUnits":"degrees","resolution":48,"winds":"true","scanMode":64,"nx":41,"ny":15,"basicAngle":0,"lo1":47.0,"la1":41.0,"lo2":87.0,"la2":55.0,"dx":1.0,"dy":1.0}, "data":
[rows 0 to 14 of 15, columns 0 to 40 of 41]
-0.5918506,1.8181494,-1.6618506,-4.1318507,0.4481494,2.2281494,1.3181494,1.5081494,0.9681494,0.7181494,-1.4918506,-0.9718506,-1.6318506,-2.4718506,-3.6018505,-4.031851,-3.1418505,-2.1918507,-0.6418506,-1.1618506,-1.0118506,0.33814943,0.7381494,0.95814943,1.5181494,0.94814944,1.0181494,0.23814942,0.14814942,3.0581493,1.6481494,2.2781494,-0.6618506,-0.23185058,0.10814942,1.9681494,1.1781495,1.8081495,0.028149415,0.51814944,-0.5118506
0.5981494,-1.6918505,-0.7118506,1.7481494,2.1381495,1.6381494,0.49814942,2.1681495,0.70814943,-0.7218506,-0.34185058,-1.7318506,-2.0518506,-2.8418505,-4.4018507,-4.8118505,-3.1818507,-2.5418506,0.08814941,-0.22185059,-2.1118505,0.63814944,2.7881494,0.13814941,0.9081494,2.3781495,1.1181494,0.018149413,0.058149412,1.5981494,-1.3718506,1.2981495,1.3881494,1.9981494,0.82814944,2.9481494,1.5181494,2.0881493,0.88814944,1.9981494,-0.47185057
-0.6818506,1.7381494,-0.061850585,3.0481493,2.3781495,1.8681494,2.2181494,0.89814943,1.2181494,-0.2618506,-1.7518506,-1.3818506,-1.8718506,-2.1018505,-3.4318507,-4.4918504,-4.9818506,-4.6118507,-1.4318506,1.3381494,-2.5118506,-1.3118505,0.028149415,0.9081494,-0.9618506,-1.5918506,-1.8518506,-1.2318506,-0.54185057,-1.2718506,0.14814942,-0.37185058,-2.0118506,1.7181494,1.1081494,-2.3918505,-2.3218505,1.8081495,-0.40185058,0.9981494,0.7981494
-0.37185058,3.7181494,2.4181495,3.7781494,3.0381494,3.0081494,2.5081494,1.4581494,1.1081494,0.6581494,-0.8218506,-1.5818505,-1.7718506,-2.2218506,-3.1018505,-3.9918506,-4.2118506,-4.821851,-5.1418505,-3.2718506,0.5281494,-0.98185056,0.6881494,-0.5018506,-1.0018506,-1.8718506,-1.1118506,0.51814944,0.018149413,-2.3218505,-2.2618506,1.3281494,1.1281494,0.9881494,1.2181494,1.6181494,2.1081495,1.7681494,-2.0818505,-2.0418506,-1.6618506
1.2081494,2.2681494,2.1481495,2.5381494,2.6181495,2.9281495,3.0981493,2.2181494,2.2881494,1.1881495,0.4181494,-0.6218506,-2.1218505,-2.9718506,-3.3118505,-3.2618506,-3.4518507,-3.4118507,-3.5618505,-3.0918505,-1.2118506,-0.101850584,-0.3918506,-0.4218506,-0.7118506,-0.14185059,-0.60185057,-1.2218506,-0.9018506,-2.4918506,-2.7018507,-1.1818506,-1.0818505,-1.5518506,0.57814944,0.5481494,2.6281495,-0.061850585,-0.92185056,-1.3818506,-1.7418506
1.8981494,1.1481494,1.3881494,2.0781493,1.4781494,2.3781495,4.1281495,2.9981494,2.0781493,1.5781494,1.0481495,-0.3618506,-1.2318506,-2.7018507,-3.7218506,-3.6918507,-2.7218506,-1.8918506,-1.8818506,-0.5618506,-0.85185057,-1.1218506,-0.5118506,-0.3618506,-0.5218506,-0.12185059,-0.7118506,-3.1218505,-1.9018506,-2.4318507,-2.6018505,-3.2818506,-1.8018506,-2.4618506,-2.6018505,5.9581494,-3.0118506,3.4881494,1.9281495,0.4781494,-0.8118506
3.5581493,2.2581494,1.9281495,2.4581494,2.7181494,2.5181494,3.7081494,3.0481493,1.6881495,1.7181494,1.5281494,0.20814942,-0.9918506,-2.0018506,-2.5518506,-3.1918507,-3.6818507,-1.8218505,-0.47185057,-0.60185057,-1.2918506,-1.6618506,-0.98185056,-0.3918506,0.27814943,0.10814942,-0.8218506,-0.7418506,-2.3718505,-2.4818506,-1.8918506,-2.1418505,-2.4818506,-0.19185059,1.0081494,1.2981495,2.7081494,-0.19185059,0.51814944,1.7781494,0.9381494
4.5381494,3.7081494,2.9881494,2.9581494,3.0781493,3.2481494,3.1281495,3.0081494,2.4181495,2.0481493,1.2481494,0.09814941,-0.28185058,-0.4218506,-0.73185056,-1.8018506,-2.6618507,-2.4618506,-1.6718506,-0.101850584,-0.6618506,-1.2518506,-1.5418506,-1.0218506,-0.8918506,0.27814943,0.5081494,-0.031850588,-0.9018506,-2.2418506,-2.2818506,-2.1718507,-0.2718506,-3.3218505,-0.7018506,-0.41185057,-0.9418506,0.5381494,0.2681494,0.9881494,1.7681494
4.968149,4.3581495,3.8281493,3.9581494,3.5581493,3.5381494,3.1981494,2.8781495,2.3081493,1.6281494,0.94814944,-0.091850586,-1.2518506,-1.2118506,-0.5018506,-0.18185058,-0.101850584,-0.7818506,-1.5318506,-1.3018506,0.4781494,0.18814941,-0.4818506,-0.8418506,-0.8218506,-0.9318506,-0.091850586,-0.25185058,-0.5118506,-0.5118506,-0.92185056,-1.4518505,-0.9518506,-1.0318506,0.28814942,2.0681493,2.0481493,-1.3318505,0.2681494,0.5481494,-1.0218506
4.948149,4.4381495,4.0481496,3.3481493,3.5881493,3.5381494,2.8581495,2.2381494,2.7381494,1.4981494,0.82814944,-0.12185059,-0.31185058,-0.9618506,-0.5818506,-0.7518506,-0.7618506,0.7181494,1.1881495,0.34814942,-0.11185059,0.118149415,0.19814941,-0.2918506,-0.34185058,-0.61185056,-0.49185058,-0.21185058,0.17814942,0.21814941,-0.061850585,0.21814941,0.8681494,1.0881494,0.8581494,0.63814944,0.70814943,2.2581494,1.4681494,0.6881494,0.24814941
4.3181496,4.4381495,3.8081493,2.7781494,3.2081494,3.6281495,3.1681495,2.4881494,2.4581494,1.8681494,1.1981494,0.25814942,0.008149414,-0.54185057,-1.5418506,-0.6518506,-1.0918506,-0.21185058,1.2981495,1.6681495,1.4281495,1.2581494,0.69814944,0.37814942,0.24814941,0.078149416,-0.3018506,0.34814942,0.6181494,0.008149414,0.3581494,0.9281494,2.1481495,2.6981494,2.8981495,2.5881493,1.6281494,0.3581494,0.7381494,1.2481494,0.43814942
2.8181493,3.1581495,2.9081495,3.5281494,3.4881494,2.9381495,2.8681495,2.5981493,2.2781494,1.7981495,1.5481495,0.5081494,0.6781494,0.27814943,-0.5918506,-0.80185056,-0.5118506,-0.031850588,0.95814943,0.4781494,1.0481495,1.2281494,1.0681494,0.94814944,0.6281494,0.20814942,0.9781494,0.058149412,0.08814941,0.4781494,0.89814943,1.5781494,1.8081495,2.8781495,2.8081493,3.8081493,2.6781495,0.4481494,0.5981494,0.89814943,-0.12185059
3.5981493,4.0181494,3.9481494,3.3481493,3.0981493,1.9381495,2.2281494,2.5181494,2.6081495,2.2281494,1.1781495,0.49814942,0.8581494,0.20814942,-0.061850585,-0.19185059,0.18814941,0.4481494,1.2681494,1.1481494,1.6481494,1.2381494,0.8681494,0.048149414,-0.14185059,0.018149413,-0.3818506,0.2681494,0.9081494,0.89814943,1.5781494,1.8281494,1.7381494,2.0081494,2.6481495,2.7381494,2.8381493,1.1481494,1.5281494,1.3381494,2.0281494
4.6281495,4.4881496,4.5281496,3.8381493,3.6881495,3.9681494,3.2281494,2.8981495,2.8381493,3.4981494,1.7581494,1.2881494,0.43814942,0.5081494,0.30814943,0.88814944,0.8381494,0.9781494,1.1481494,0.82814944,1.0381494,1.2381494,0.6881494,0.19814941,0.06814942,-0.15185058,0.3581494,0.63814944,0.7481494,1.3381494,2.0181494,2.3181493,2.6181495,2.6681495,2.4181495,3.5481493,2.0281494,1.6381494,1.1381494,1.7481494,1.7781494
3.4281495,3.7881494,4.6481495,4.1681495,3.9581494,3.9681494,3.6181495,3.4581494,2.4081495,2.7581494,2.8181493,2.5781493,1.7281494,-0.101850584,0.058149412,0.4481494,0.6781494,0.69814944,1.2381494,0.6781494,0.4281494,0.3881494,0.4281494,0.23814942,0.10814942,0.31814942,0.6281494,0.7581494,1.0481495,1.5681494,2.4581494,3.4281495,2.7281494,3.0981493,3.7781494,3.6481495,4.0181494,2.7181494,1.4581494,1.5581495,1.7181494
