wind_kz.json
{"header": {"discipline":0,"disciplineName":"Meteorological products","gribEdition":2,"gribLength":1025,"center":7,"centerName":"US National Weather Service - NCEP(WMC)","subcenter":0,"refTime":"2023-10-02T12:00:00.000Z","significanceOfRT":1,"significanceOfRTName":"Start of forecast","productStatus":0,"productStatusName":"Operational products","productType":1,"productTypeName":"Forecast products","productDefinitionTemplate":0,"productDefinitionTemplateName":"Analysis/forecast at horizontal level/layer at a point in time","parameterCategory":2,"parameterCategoryName":"UnknownDiscipline_0_Category_2","parameterNumber":2,"parameterNumberName":"UnknownParameter_D0_C2_2","parameterUnit":"Unknown","genProcessType":2,"genProcessTypeName":"Forecast","forecastTime":240,"surface1Type":103,"surface1TypeName":"Specified height level above ground","surface1Value":10.0,"surface2Type":255,"surface2TypeName":"Missing","surface2Value":0.0,"gridDefinitionTemplate":0,"gridDefinitionTemplateName":"Latitude_Longitude","numberPoints":615,"shape":6,"shapeName":"Earth spherical with radius of 6,371,229.0 m","gridUnits":"degrees","resolution":48,"winds":"true","scanMode":64,"nx":41,"ny":15,"basicAngle":0,"lo1":47.0,"la1":41.0,"lo2":87.0,"la2":55.0,"dx":1.0,"dy":1.0}, "data":
[rows 0 to 14 of 15, columns 0 to 40 of 41]
-0.4023218,1.3376782,0.66767824,3.8476782,3.5176783,0.43767822,1.2876782,2.7976782,1.0476782,0.5576782,-0.33232176,0.52767825,0.6476782,1.0476782,1.0776782,1.8376782,1.7876782,-0.29232177,-0.34232178,-1.8323218,-2.7323217,0.15767822,1.3476782,2.417678,1.7276782,2.4676783,1.9876782,0.7576782,-0.33232176,0.077678226,-1.0223218,1.0176783,-1.5923218,-3.2823217,-3.7323217,-3.6723218,-2.9123218,-3.0923219,-4.3323216,-3.5123217,-1.5723218
-0.21232177,-0.6323218,3.9576783,4.987678,6.4376783,5.5676785,2.927678,-0.51232177,2.167678,0.5576782,1.3276782,-1.0123218,-1.5423218,-1.2323217,-2.0323217,-0.012321778,-1.0623218,-2.3123217,-2.3923218,-2.2323217,-1.8523217,-1.4723217,0.32767823,0.66767824,1.0176783,0.10767822,0.39767823,0.6976782,1.4576782,1.8976783,-0.022321777,-0.15232177,-1.6223217,-2.6523218,0.09767822,-0.70232177,-0.6923218,-1.7223217,-2.0523217,0.5676782,0.117678225
2.3076782,3.8276782,5.4976783,5.157678,4.2876782,6.277678,4.447678,1.6676782,0.46767822,1.9076782,-0.32232177,-1.8423218,-2.9723217,-2.5023217,-3.0023217,-3.5123217,-3.4723217,-2.0623217,-1.7123218,-1.0723218,-0.12232178,1.2376782,-2.0023217,-1.4323218,-0.15232177,-2.6423218,-2.3123217,1.7576783,2.7276783,-0.17232178,-0.96232176,-0.31232178,0.3176782,-1.3023218,-2.3523219,-1.2523217,-0.6823218,-0.35232177,-1.2423217,2.0576782,0.78767824
1.9976783,3.6876783,4.987678,4.367678,4.327678,5.487678,4.1476784,3.8976781,1.8376782,2.1576781,-0.17232178,-2.9923217,-4.6623216,-4.072322,-2.6223218,-3.1223218,-2.3523219,-1.5023217,-1.5923218,-1.3823218,1.0076783,-2.0623217,1.1576782,0.66767824,-0.5523218,-1.9023218,0.057678223,-3.9723217,-5.5223217,-3.0323217,-1.0223218,-3.8023217,-3.7823217,-2.822322,-2.8023217,-2.4323218,-1.4923217,1.3976783,0.30767822,-2.7323217,-2.9523218
1.5976782,2.1976783,2.5376782,3.9676783,4.7876782,5.6876783,7.5676785,3.4076781,1.3976783,1.4976783,0.15767822,-3.2123218,-4.782322,-4.192322,-1.1623218,-2.2523217,-1.9323218,-1.4423218,-0.5423218,-0.48232177,-0.0023217774,0.9276782,1.1376783,0.5676782,-0.15232177,0.9976782,-3.822322,-0.5523218,-3.9623218,-2.4323218,-2.6223218,-2.1923218,-2.0423217,0.077678226,-2.0323217,-2.4223218,-3.7423217,-3.7023218,-2.5223217,-3.0023217,-2.6423218
1.7776783,2.2776783,1.8176782,1.3576782,3.4576783,4.347678,1.7176782,0.017678224,-1.3523217,-0.29232177,-1.2023218,-1.7023218,-1.6523218,-2.4423218,-1.2623218,-0.8623218,-1.1023217,-1.0623218,-0.42232177,1.0876782,-0.32232177,0.71767825,2.2876782,1.6576782,1.2276782,-3.7323217,-3.7023218,-4.7923217,-3.072322,-3.572322,-3.6823218,-2.8423219,-3.4423218,-2.9523218,-1.6423218,-4.2923217,-0.8523218,-2.9623218,-2.6523218,-1.8123218,-1.7323217
2.0476782,1.9876782,1.8476782,-0.022321777,1.0276783,0.007678223,-1.8123218,0.27767822,-1.4123218,-1.4623218,-0.06232178,0.8076782,-0.20232178,1.0676782,0.32767823,-0.21232177,-0.9223218,-0.35232177,-0.14232178,0.33767822,-0.8223218,0.04767822,0.59767824,2.4376783,1.2576783,-1.9323218,-1.8123218,-2.4223218,-2.3423219,-0.47232178,-2.9323218,-4.032322,-3.5023217,-2.5223217,-3.4123218,-2.0623217,-1.0223218,0.9576782,-1.5723218,1.4676782,-0.18232177
3.4076781,2.8976781,2.3476782,1.4376782,-1.0023217,-0.8123218,-2.3823218,-3.8723218,-4.8123217,-1.6723218,-0.6023218,1.0276783,4.117678,2.0176783,0.13767822,-0.19232178,-0.6223218,-0.6223218,-0.4323218,-1.0023217,-0.37232178,-0.4623218,-0.7323218,0.8176782,2.9776783,1.4476782,-0.12232178,-0.19232178,-1.2323217,-1.0523218,-1.6823218,-2.4823217,-1.9623218,-1.2023218,-2.8023217,-5.2123218,-3.332322,-4.4123216,-3.6223218,-3.3923218,-0.78232175
4.4976783,4.077678,3.4976783,2.1476781,1.5276783,-2.4723217,-0.96232176,-0.9423218,-0.22232178,2.5376782,2.7276783,3.7576783,3.6176782,2.7776783,2.167678,1.1876782,1.0176783,0.8076782,-0.092321776,-0.8623218,-0.16232178,-1.9123218,-1.4423218,-0.6923218,-0.59232175,1.7476783,1.9876782,0.9476782,0.077678226,-0.06232178,0.9276782,0.19767822,0.18767822,-1.0023217,-2.2423217,-2.3523219,-1.2123218,-0.6823218,0.2876782,0.037678223,0.46767822
5.3576784,5.077678,4.797678,4.027678,3.3176782,2.8076782,1.4776782,1.6076782,2.7276783,2.7576783,3.9976783,4.9976783,4.217678,4.1876783,3.7176783,3.3476782,2.5276783,2.2776783,1.4976783,0.8876782,0.057678223,-0.6023218,-0.6923218,-0.36232176,-0.51232177,0.9576782,1.5476782,0.7676782,1.0876782,0.4776782,-0.6623218,-2.2523217,-1.5523218,-0.5023218,-1.1423218,-0.6623218,-1.9423218,-0.59232175,0.40767822,0.59767824,0.22767822
5.617678,6.1076784,5.797678,5.237678,4.9976783,4.5176783,4.6276784,4.4576783,4.617678,5.1076784,4.557678,5.327678,4.9976783,5.237678,4.987678,4.797678,4.6076784,3.6476781,3.1276782,3.2476783,2.7076783,1.5776782,0.72767824,-0.06232178,0.2576782,0.027678223,-0.8723218,-1.5923218,-2.6323218,-2.5223217,-1.4223218,0.5776782,-0.6823218,-0.06232178,0.077678226,-0.9923218,-0.51232177,1.3276782,-0.64232177,0.39767823,0.19767822
6.1076784,6.2476783,6.3776784,6.257678,6.0176783,5.3976784,4.8176785,5.257678,5.237678,5.1676784,5.407678,5.637678,5.847678,5.617678,5.4576783,5.027678,5.047678,4.257678,3.7376783,3.6376781,3.7276783,3.3976781,2.2776783,2.2576783,1.8876783,1.6276783,1.4476782,-0.052321777,0.14767823,0.17767823,0.117678225,0.36767823,1.6476783,0.45767823,0.21767822,1.1276783,1.8876783,-0.4323218,-0.9223218,-0.78232175,-0.4623218
4.1876783,6.157678,5.827678,5.927678,5.507678,4.1476784,5.4976783,5.9176784,6.3376784,4.9776783,3.667678,5.027678,5.6276784,5.407678,5.3376784,5.5176783,5.3976784,5.047678,4.777678,4.027678,4.177678,4.137678,3.6976783,3.0476782,2.927678,2.3876781,2.8076782,2.6576781,2.1976783,1.4476782,1.0476782,0.84767824,1.2976782,1.3276782,0.8676782,1.4976783,1.6476783,-0.0023217774,-0.6923218,0.35767823,-0.3023218
5.797678,4.2676783,6.007678,5.8176785,4.947678,5.1476784,5.177678,5.1676784,5.487678,4.8576784,2.917678,4.0376782,5.887678,6.4776783,5.8976784,5.297678,5.407678,5.1076784,5.3776784,5.3576784,4.737678,4.007678,4.5676785,4.3976784,3.7476783,3.2176783,2.9476783,3.2576783,2.417678,2.4376783,2.1076782,1.9776782,0.8776782,1.4576782,1.2376782,1.4176782,1.6876782,-0.22232178,-1.0223218,0.42767823,1.1976782
4.3576784,4.677678,5.577678,4.8176785,4.8776784,4.5376782,5.347678,5.327678,5.597678,4.157678,2.3276782,5.047678,4.507678,4.137678,5.277678,4.547678,4.557678,4.887678,4.8976784,5.077678,5.1876783,5.217678,3.9376783,4.547678,4.677678,3.8476782,3.2876782,3.0676782,2.9576783,2.4476783,2.5376782,2.8176782,2.6576781,2.9476783,2.3776782,1.9776782,1.3176782,0.77767825,0.54767823,0.91767824,-0.34232178
