wind_kz.json
{"header": {"discipline":0,"disciplineName":"Meteorological products","gribEdition":2,"gribLength":1025,"center":7,"centerName":"US National Weather Service - NCEP(WMC)","subcenter":0,"refTime":"2023-08-24T00:00:00.000Z","significanceOfRT":1,"significanceOfRTName":"Start of forecast","productStatus":0,"productStatusName":"Operational products","productType":1,"productTypeName":"Forecast products","productDefinitionTemplate":0,"productDefinitionTemplateName":"Analysis/forecast at horizontal level/layer at a point in time","parameterCategory":2,"parameterCategoryName":"UnknownDiscipline_0_Category_2","parameterNumber":2,"parameterNumberName":"UnknownParameter_D0_C2_2","parameterUnit":"Unknown","genProcessType":2,"genProcessTypeName":"Forecast","forecastTime":0,"surface1Type":103,"surface1TypeName":"Specified height level above ground","surface1Value":10.0,"surface2Type":255,"surface2TypeName":"Missing","surface2Value":0.0,"gridDefinitionTemplate":0,"gridDefinitionTemplateName":"Latitude_Longitude","numberPoints":615,"shape":6,"shapeName":"Earth spherical with radius of 6,371,229.0 m","gridUnits":"degrees","resolution":48,"winds":"true","scanMode":64,"nx":41,"ny":15,"basicAngle":0,"lo1":47.0,"la1":41.0,"lo2":87.0,"la2":55.0,"dx":1.0,"dy":1.0}, "data":
[rows 0 to 14 of 15, columns 0 to 40 of 41]
-1.2425708,-0.9025708,1.5374292,-0.3925708,1.1774292,1.5074292,1.1874292,1.8874292,0.4674292,1.3474292,1.3674293,2.7174292,1.9974293,2.517429,1.1774292,2.6474292,2.8274293,1.7774292,-1.2625709,0.5574292,0.6174292,-0.1525708,-0.2025708,-0.1825708,1.0974292,-2.5225708,-2.6725707,0.3274292,0.3374292,1.2374291,1.1974292,0.9574292,0.7574292,0.5574292,1.3574291,-0.0825708,0.9074292,-1.2025708,-1.7325708,0.5974292,2.4374292
2.047429,2.7074292,-1.7625709,-0.7025708,1.3074292,1.6074291,2.2474291,-0.2725708,-0.5025708,0.0674292,0.0774292,-0.9725708,0.24742919,1.7774292,2.3374293,3.2574291,4.3074293,2.527429,2.4874291,0.7074292,1.5074292,1.6074291,0.4574292,-3.0525708,0.9874292,0.9474292,-0.7825708,0.3574292,-1.2025708,-0.4725708,0.1074292,0.0074291993,0.1974292,-1.5625708,0.1274292,-0.43257082,-0.4525708,0.5174292,1.3674293,0.5974292,-1.0225708
1.7774292,3.6074293,1.3574291,1.9274292,2.7274292,2.1474292,3.2074292,1.9574292,0.1174292,-0.0425708,0.3574292,1.9174292,0.3074292,-0.1425708,3.2374291,5.0374293,2.6574292,4.157429,4.2474294,3.4974291,1.7774292,0.1874292,-0.8225708,-1.1825708,1.7174292,0.9574292,2.4174292,0.3874292,-3.2425709,-0.6525708,-1.3525708,2.2174292,0.2374292,-0.0625708,1.0074292,-0.1725708,0.7074292,-0.3525708,2.8474293,1.3974292,0.5674292
0.8774292,1.8174292,3.9874291,4.7274294,4.277429,2.8774292,4.667429,4.0374293,0.5174292,0.5774292,0.8274292,0.1274292,0.4574292,1.5574292,1.8674293,3.8974292,4.6874294,4.797429,3.787429,3.3274293,2.5774293,0.3074292,2.1974292,2.9674292,2.0074291,2.8674293,0.8974292,-0.5725708,1.8274292,0.6074292,-1.2925708,-2.9025707,-2.3525708,-2.9425707,-3.3725708,-2.0725708,-1.3325708,1.4274292,1.0974292,0.3374292,0.6574292
2.037429,2.9674292,6.257429,5.857429,8.017429,8.877429,6.567429,1.3674293,1.0274292,-1.4725708,-0.1625708,1.4574292,2.4074292,3.4374292,4.1874294,3.2274292,3.7174292,3.777429,4.757429,3.6874292,3.297429,2.6174293,3.1774292,2.9374292,3.5574293,3.2474291,1.3474292,2.037429,-0.5325708,0.1274292,-0.7525708,-3.0025709,-2.3525708,1.2074292,3.2074292,0.5574292,-0.1825708,-1.5725708,-1.7225708,0.0774292,2.4874291
2.6674292,1.6974292,2.9574292,1.7574292,3.5074291,8.147429,-0.1025708,-0.8025708,-1.8525708,-1.8225708,-1.0625708,1.0974292,1.5774292,2.1474292,3.2074292,3.6874292,4.7274294,3.6374292,4.237429,5.067429,3.787429,2.6474292,2.7374291,2.8574293,3.277429,0.3874292,0.3574292,1.4074292,0.6274292,-1.5825708,-2.3725708,-3.2925708,-3.972571,-2.5025709,-0.3525708,-0.7125708,0.8574292,0.6474292,1.3674293,-1.7325708,-4.122571
0.7374292,2.1674292,3.1774292,3.017429,-1.7325708,-4.4025707,-5.512571,-3.8025708,-3.1825707,-1.4725708,0.2574292,1.0474292,2.0974293,4.2674294,4.337429,4.5574293,3.537429,2.3774292,1.3474292,3.1274292,3.2174292,0.6274292,1.1874292,0.5874292,3.7374291,-0.3325708,-1.0025707,-0.5725708,-1.9025708,-2.8825707,-2.1325707,-3.212571,-1.6125708,-3.4125707,-2.3425708,-1.4725708,-0.9425708,3.2474291,-0.5625708,-0.0625708,1.0474292
2.1374292,1.2774292,2.2574291,2.7074292,1.0074292,-1.3625708,-1.2825708,-1.2425708,-1.5525708,-0.3125708,1.6674292,2.5674293,4.3074293,4.9774294,5.257429,6.2674294,5.317429,4.1174293,1.6774292,-2.472571,-0.3825708,1.3274292,-1.9525708,-0.8225708,-0.4825708,-0.2925708,1.8974292,-1.6125708,0.7074292,1.0874292,0.7974292,0.3074292,-2.222571,-0.0025708007,-1.1725708,1.5374292,1.3974292,2.6874292,-1.0325708,-0.0025708007,-1.8525708
2.8874292,3.787429,1.8374292,-1.7125708,-1.9625708,-1.3125708,-1.5825708,-0.3425708,0.1074292,1.0874292,2.4174292,3.3374293,3.9674292,3.6374292,3.8474293,3.5074291,4.917429,4.2674294,1.9574292,0.6274292,-0.3825708,1.1274292,2.017429,-1.8625708,-0.2225708,2.2174292,0.9574292,-0.8825708,0.1174292,-0.5025708,0.0774292,0.2274292,3.1874292,-0.7325708,0.9974292,-0.3325708,-0.0025708007,-2.1925707,-0.2725708,-0.0325708,-1.6625708
3.5974293,1.6074291,0.31742918,0.1474292,-1.2025708,0.5074292,-0.7025708,-1.6125708,-1.7025708,-0.4625708,1.2174292,0.1474292,0.7374292,1.6674292,-0.8825708,-0.5525708,0.5874292,0.3874292,0.9074292,1.8074292,2.1274292,3.7074292,3.9974291,5.797429,-0.0025708007,3.4674292,-0.3925708,1.1474292,-0.2825708,0.6974292,0.3774292,1.5774292,1.9174292,-0.5925708,-1.1925708,-1.5125709,-1.8525708,-0.3225708,-2.3825707,-0.1525708,-0.8425708
-0.0825708,-2.0325708,-0.6625708,1.4474292,2.4374292,1.2274292,0.1374292,-0.8525708,0.3474292,-0.3025708,0.8274292,1.1674292,0.5874292,0.3474292,0.1674292,-0.5925708,-0.2225708,0.7374292,1.5074292,-0.1925708,4.0174294,4.127429,3.787429,5.967429,4.8074293,-2.1325707,1.8274292,-0.8025708,0.9374292,2.4374292,3.3274293,1.5074292,-1.0925708,-1.0025707,-1.0025707,-1.7025708,-1.5725708,0.0974292,-1.1525708,0.8674292,-0.9025708
0.9074292,0.2774292,-0.5025708,-1.0225708,-0.6725708,-0.7225708,0.4774292,-0.5325708,0.7174292,0.4074292,0.2274292,1.8274292,1.0674292,0.0774292,1.1374292,0.0474292,0.1074292,0.5274292,-0.8025708,-0.2725708,0.5474292,1.2574292,4.197429,4.0974293,3.6174293,3.0974293,2.537429,0.6174292,1.6574292,2.9074292,1.5074292,1.5474292,-0.2625708,-2.4325707,-0.7325708,-0.7625708,-0.4925708,-0.7825708,-0.2825708,-0.6125708,-0.6825708
-1.3025708,-0.7725708,-1.0725708,-0.0325708,0.1474292,0.5674292,1.3374292,0.8474292,0.8574292,0.2774292,0.6674292,1.3674293,1.3774292,1.5374292,0.9474292,1.6974292,1.4074292,0.0974292,0.3874292,0.0574292,-0.2725708,0.5874292,1.6474292,1.6674292,3.1874292,3.1574292,2.7174292,3.9774292,2.6374292,1.8874292,1.1274292,2.047429,-0.0425708,-1.2825708,-0.7525708,-1.0425708,-1.3625708,-1.3125708,-2.4225707,-1.6125708,-1.2325708
-0.4625708,0.0774292,-0.8625708,-1.1425709,0.6674292,1.0874292,0.8174292,-0.6225708,0.1074292,0.6174292,0.5674292,0.8074292,1.6074291,1.0974292,0.8774292,1.5374292,0.9974292,1.5474292,0.6274292,0.7474292,0.5574292,1.0674292,1.2774292,2.1674292,2.4474292,3.6474292,3.0874293,3.277429,2.6374292,2.1874292,-0.0625708,0.2374292,-0.5425708,-1.6325707,-1.9725708,-2.2825708,-1.8925709,-2.0825708,-1.7125708,-0.7825708,-1.3325708
-1.4825708,-0.6925708,-1.9425708,0.0974292,0.2574292,-0.3625708,-0.0625708,-0.7025708,0.4774292,0.2674292,-0.2525708,0.6474292,0.9874292,1.4274292,2.1474292,2.0674293,2.2174292,1.7674292,1.0174292,2.4774292,1.9174292,1.8874292,1.4174292,1.9174292,2.2074292,2.017429,4.067429,2.9174292,3.1474292,0.9174292,-0.0425708,-1.3725708,-2.8825707,-2.7725708,-2.6025708,-2.3525708,-1.9225708,-1.2925708,-1.9625708,-1.1325707,-1.4125708
