wind_kz.json
{"header": {"discipline":0,"disciplineName":"Meteorological products","gribEdition":2,"gribLength":1025,"center":7,"centerName":"US National Weather Service - NCEP(WMC)","subcenter":0,"refTime":"2023-09-26T18:00:00.000Z","significanceOfRT":1,"significanceOfRTName":"Start of forecast","productStatus":0,"productStatusName":"Operational products","productType":1,"productTypeName":"Forecast products","productDefinitionTemplate":0,"productDefinitionTemplateName":"Analysis/forecast at horizontal level/layer at a point in time","parameterCategory":2,"parameterCategoryName":"UnknownDiscipline_0_Category_2","parameterNumber":3,"parameterNumberName":"UnknownParameter_D0_C2_3","parameterUnit":"Unknown","genProcessType":2,"genProcessTypeName":"Forecast","forecastTime":120,"surface1Type":103,"surface1TypeName":"Specified height level above ground","surface1Value":10.0,"surface2Type":255,"surface2TypeName":"Missing","surface2Value":0.0,"gridDefinitionTemplate":0,"gridDefinitionTemplateName":"Latitude_Longitude","numberPoints":615,"shape":6,"shapeName":"Earth spherical with radius of 6,371,229.0 m","gridUnits":"degrees","resolution":48,"winds":"true","scanMode":64,"nx":41,"ny":15,"basicAngle":0,"lo1":47.0,"la1":41.0,"lo2":87.0,"la2":55.0,"dx":1.0,"dy":1.0}, "data":
[rows 0 to 14 of 15, columns 0 to 40 of 41]
-1.4193726,-1.4693725,2.3806274,5.0306273,0.50062746,-3.7093725,-1.2893726,-0.03937256,-1.5593725,-1.9193726,-2.1693726,-2.2993727,-1.6493726,-2.8793726,-0.59937257,-2.9993725,-3.1493726,-3.4093726,-3.0693727,-1.9393725,-1.3293725,-2.7493725,-1.2693726,-0.7193726,-1.3893726,-0.009372558,-0.90937257,1.3406274,2.5006275,3.8606274,1.5806274,1.9406275,0.5406274,-0.19937256,2.8406274,2.2606275,1.5306275,2.0606275,-0.109372556,-1.6893725,1.7406274
3.9906275,0.7206274,5.0806274,3.0706275,0.18062744,-1.9693725,-1.9393725,0.52062744,0.8506274,-0.35937256,-1.5593725,-3.3693726,-3.1193726,-3.9593725,-4.5193725,-1.7493726,-3.6193726,-3.9193726,-5.5893726,-4.5793724,-1.9493725,0.74062747,-0.26937255,1.8206275,1.7106274,0.8506274,-1.1693726,2.1906273,-0.37937257,1.7906275,2.0706275,4.6206274,-0.05937256,0.77062744,1.1006274,-0.92937255,-0.54937255,-0.24937256,0.68062747,-1.4293725,-0.5793726
2.1006274,5.4106274,3.5106275,1.9006275,-0.36937255,-0.41937256,-0.35937256,-2.2393725,-1.5493726,-2.7393725,-1.6393726,-1.2193725,-2.8793726,-3.4893725,-3.5593727,-3.6293726,-3.1493726,-2.6193726,-3.5793726,-4.429373,-4.0993724,-1.7093725,-0.73937255,0.63062745,0.63062745,1.5906274,0.15062743,1.2206274,0.39062744,1.3806274,4.2206273,0.95062745,1.0106274,-0.7793726,-0.48937255,1.0506275,1.6506275,0.18062744,-0.03937256,-0.41937256,1.0006274
1.5106274,2.0806274,0.68062747,-0.62937254,0.55062747,-1.3393725,0.43062744,-1.5293726,-1.5893725,-2.5993726,0.39062744,-2.1593726,-2.9393725,-3.3593726,-2.7393725,-3.0693727,-2.9993725,-0.90937257,-2.8493726,-3.5693727,-4.0193725,-1.2893726,-0.48937255,-2.9393725,-3.0293725,1.3506274,0.71062744,-2.1893725,-0.53937256,-0.26937255,-0.60937256,-1.3893726,-1.8393725,-1.0293726,-0.49937257,-3.7193725,-0.48937255,2.2706275,0.19062744,1.1706275,1.1906275
0.7806274,0.89062744,-0.50937253,-0.9693726,-1.3793726,-0.7193726,-1.3193725,-0.56937253,-1.0893725,-1.5593725,-0.49937257,0.38062745,-3.4393725,-4.4593725,-6.4193726,-2.4593725,-2.9793725,-1.6193726,-2.5393724,-4.0693727,-3.2293725,-4.0293727,-3.0293725,-2.3093727,-2.6793725,0.010627441,-0.33937255,-0.5293726,-0.03937256,-0.98937255,-2.3093727,-0.43937257,1.8606274,1.8806274,0.07062744,-0.85937256,0.58062744,-1.3293725,1.9806274,1.2606274,-3.1093726
1.1906275,0.100627445,0.9206274,0.59062743,0.20062745,-0.14937256,-1.1793725,-1.0093726,-0.08937256,-2.1293726,-2.6993725,-2.8093727,-2.2993727,-5.5693727,-4.7293725,-4.4793725,-4.1893725,-3.6893725,-2.0693727,-2.8093727,-5.2393727,-3.6893725,-4.3793726,-6.9993725,4.5206275,1.0806274,-0.55937254,-2.6093726,-3.1293726,-3.0993726,-2.1293726,-1.8693726,1.1506275,-0.68937254,2.0106275,0.95062745,1.8706274,0.51062745,-0.03937256,-1.7093725,-3.2293725
3.4206274,3.1406274,2.3906274,1.6406274,0.70062745,0.47062743,1.1506275,-0.079372555,-1.4793725,-1.3593726,-1.2293725,-0.5193726,-2.8993726,-2.4893725,-1.9593725,-3.4293725,-3.0393724,-3.3593726,-3.6893725,-2.2093725,-2.8193727,-3.8293726,-4.5493727,-3.1493726,-1.8493725,-0.06937256,-1.2793726,-2.2393725,-5.8593726,-0.27937257,-1.0393726,-2.5693727,-3.0893726,0.7806274,-0.7193726,-1.2093725,-2.3093727,-0.68937254,0.26062745,-0.43937257,-2.3793726
4.800627,3.8506274,3.0806274,1.6506275,1.3106275,0.36062744,-0.6493726,0.02062744,0.29062745,-1.1093726,-1.0693725,-1.7693726,-2.6193726,-2.2193725,-1.9993726,-3.2493725,-3.4293725,-3.1293726,-2.6693726,-1.3593726,-2.1393726,-1.8993726,-0.8293726,-2.3293726,-2.2393725,1.5506275,0.77062744,-1.4593725,-2.4993725,-4.3193727,-2.6493726,-1.3293725,-3.9693725,-4.1493726,-2.3793726,-1.0693725,-2.1593726,-2.5693727,-1.3493725,1.9106275,-1.0793725
3.3406274,3.3706274,3.0206275,2.7806275,1.8406274,1.1606275,0.18062744,0.34062743,0.21062744,0.28062743,-0.94937253,-0.5893726,-1.6893725,-3.2093725,-2.9193726,-3.2993727,-3.4193726,-3.4793725,-3.5493727,-1.0993725,-1.6993725,-2.5393724,-3.5193725,0.19062744,-0.049372558,0.40062743,0.100627445,-0.22937256,0.040627442,-0.5193726,-1.8893726,-2.1293726,-0.5893726,-2.1493726,-1.8993726,-0.6393726,-2.0293725,-1.2193725,-0.7093726,-1.2393726,-0.8293726
3.7406275,3.6806273,3.7106276,3.6706274,3.3306274,2.4806275,1.5706275,0.8506274,0.51062745,1.0006274,0.17062744,-1.8393725,-1.1893725,-2.1593726,-2.7593725,-1.8093725,-3.0693727,-2.6193726,-2.1793725,-2.7193725,-2.1093726,0.05062744,-2.2793725,-1.3493725,-1.1393726,-0.5793726,-0.74937254,-0.38937256,-0.68937254,-1.0693725,-0.5293726,-0.7193726,-0.23937255,-0.22937256,-1.8993726,-1.5293726,-0.42937255,-1.3493725,-0.50937253,1.3006275,0.35062745
3.8106275,3.8006275,3.6806273,3.3306274,3.4706275,3.6806273,3.4806275,2.6106274,1.6406274,1.8406274,0.8506274,-0.08937256,0.02062744,-0.13937256,-1.8493725,-2.0693727,-1.9493725,-1.6393726,-1.7293725,-2.4493725,-2.5093725,-1.1793725,-1.9393725,-1.3893726,-0.74937254,0.13062744,-0.7793726,0.06062744,-0.72937256,-1.1793725,-1.7793726,-1.7793726,-2.0893726,-1.3793726,-1.7093725,-1.5593725,-0.94937253,0.70062745,-1.1993725,-0.74937254,-0.81937253
3.0606275,3.5806274,3.4206274,3.8006275,3.9106274,3.9406273,2.9406273,2.5706275,2.0406275,1.1806275,1.0206275,0.82062745,1.5906274,-0.85937256,0.15062743,-0.61937255,0.02062744,-0.98937255,0.02062744,-0.11937256,-0.87937254,-0.8993726,-1.1893725,0.07062744,-0.12937255,-0.56937253,0.100627445,-0.17937256,-0.38937256,-1.2993726,-1.8093725,-1.9693725,-1.2293725,-0.68937254,-1.1293726,-1.9393725,-1.2393726,-1.1993725,-0.59937257,-0.19937256,0.41062745
3.5706275,3.6206274,3.8406274,3.0606275,2.8406274,2.3606274,2.9406273,3.3506274,3.6706274,2.0906274,1.0506275,1.5306275,1.8406274,1.8306274,1.6006274,1.3406274,1.1806275,1.3606274,1.7206274,1.5906274,1.3206275,1.1006274,1.3706274,1.1506275,0.9206274,0.6106274,0.6106274,0.03062744,0.12062744,-0.48937255,-1.3393725,-1.6293726,-1.4893726,-1.3693726,-1.3693726,-0.9593726,-1.4693725,-1.2093725,-2.0993726,-0.55937254,-0.81937253
3.2706275,3.1706274,3.3306274,3.3006275,2.4906275,2.8206275,3.3906274,4.4006276,3.1606274,3.1606274,1.9206275,0.55062747,1.9106275,2.7906275,2.5606275,2.0806274,1.7006274,2.0906274,2.0106275,2.3106275,2.1406274,2.1406274,2.1006274,2.1306274,2.0206275,1.6806275,1.2806275,1.1806275,1.0506275,0.22062744,0.09062744,-0.18937255,-0.38937256,0.15062743,-0.43937257,-0.74937254,-0.46937257,-0.78937256,-1.0693725,-0.68937254,-0.81937253
2.0506275,2.7806275,2.8606274,3.3806274,3.6106274,3.4106274,3.6906273,3.8706274,3.6906273,4.050627,2.7406275,2.5606275,2.4506273,1.9306275,3.6406274,3.1306274,2.6606274,3.0006275,3.0506275,3.1506274,3.0706275,3.1206274,2.9606276,2.8106275,2.7906275,2.8806274,2.6606274,2.8106275,2.6506274,2.1306274,0.9706274,1.6306274,0.96062744,0.83062744,0.87062746,0.76062745,0.34062743,0.82062745,0.03062744,-0.8993726,-0.90937257
