wind_kz.json
{"header": {"discipline":0,"disciplineName":"Meteorological products","gribEdition":2,"gribLength":871,"center":7,"centerName":"US National Weather Service - NCEP(WMC)","subcenter":0,"refTime":"2024-04-08T06:00:00.000Z","significanceOfRT":1,"significanceOfRTName":"Start of forecast","productStatus":0,"productStatusName":"Operational products","productType":1,"productTypeName":"Forecast products","productDefinitionTemplate":0,"productDefinitionTemplateName":"Analysis/forecast at horizontal level/layer at a point in time","parameterCategory":0,"parameterCategoryName":"UnknownDiscipline_0_Category_0","parameterNumber":0,"parameterNumberName":"UnknownParameter_D0_C0_0","parameterUnit":"Unknown","genProcessType":2,"genProcessTypeName":"Forecast","forecastTime":120,"surface1Type":1,"surface1TypeName":"Ground or water surface","surface1Value":0.0,"surface2Type":255,"surface2TypeName":"Missing","surface2Value":0.0,"gridDefinitionTemplate":0,"gridDefinitionTemplateName":"Latitude_Longitude","numberPoints":615,"shape":6,"shapeName":"Earth spherical with radius of 6,371,229.0 m","gridUnits":"degrees","resolution":48,"winds":"true","scanMode":64,"nx":41,"ny":15,"basicAngle":0,"lo1":47.0,"la1":41.0,"lo2":87.0,"la2":55.0,"dx":1.0,"dy":1.0}, "data":
[rows 0 to 14 of 15, columns 0 to 40 of 41]
297.52866,288.92865,293.72867,282.02866,283.02866,284.02866,300.52866,307.42865,304.22867,304.32867,304.42865,303.02866,302.12866,302.02866,302.12866,302.32867,303.72867,303.72867,303.12866,288.92865,292.02866,289.12866,292.62866,285.42865,302.02866,302.42865,294.72867,289.32867,292.32867,289.22867,284.42865,284.02866,302.22867,310.92865,308.82867,307.32867,311.42865,309.52866,306.52866,304.52866,306.42865
274.02866,295.42865,282.32867,282.42865,282.62866,283.02866,306.92865,302.22867,301.12866,300.62866,304.72867,302.12866,304.32867,303.52866,300.62866,299.62866,302.72867,303.42865,300.72867,297.52866,293.12866,288.72867,290.72867,289.32867,273.32867,279.42865,294.02866,282.92865,288.42865,277.62866,292.12866,273.42865,298.42865,269.82867,273.22867,301.62866,301.92865,302.62866,304.22867,301.42865,280.52866
299.32867,282.12866,282.12866,282.52866,282.52866,302.82867,302.22867,302.82867,302.42865,300.12866,299.52866,301.02866,302.62866,303.72867,299.92865,299.22867,297.92865,299.52866,299.82867,299.32867,300.02866,294.02866,291.02866,293.82867,294.62866,296.62866,296.22867,297.62866,296.12866,291.92865,281.62866,286.92865,294.32867,293.82867,290.42865,289.82867,275.82867,285.32867,288.52866,285.22867,280.72867
295.32867,283.02866,282.12866,282.22867,287.42865,303.02866,301.02866,304.02866,303.82867,303.72867,300.92865,298.42865,285.82867,286.42865,299.92865,299.22867,299.12866,297.42865,298.92865,297.92865,300.92865,296.52866,286.82867,299.12866,296.82867,296.22867,300.12866,299.82867,305.32867,298.92865,300.72867,297.92865,301.42865,303.92865,300.02866,296.42865,278.12866,273.82867,290.42865,292.32867,292.62866
296.62866,283.72867,282.52866,283.02866,290.52866,302.62866,302.92865,306.12866,305.52866,303.52866,301.72867,301.22867,285.02866,284.82867,283.32867,302.92865,302.42865,301.42865,298.12866,296.02866,297.12866,299.32867,297.92865,299.72867,296.82867,296.32867,294.12866,290.12866,297.62866,300.72867,297.72867,295.72867,286.02866,273.22867,290.42865,293.02866,288.02866,296.62866,297.32867,296.32867,293.82867
295.72867,297.22867,283.52866,282.22867,280.92865,281.52866,302.42865,300.72867,303.22867,302.12866,299.82867,300.02866,286.62866,284.12866,286.62866,302.42865,299.82867,302.62866,300.12866,300.72867,297.62866,298.02866,299.82867,297.62866,296.62866,295.32867,295.82867,272.02866,294.32867,294.32867,295.62866,291.62866,294.92865,292.52866,288.32867,288.12866,281.52866,286.42865,295.42865,297.02866,294.42865
296.52866,298.92865,297.62866,298.32867,293.12866,298.12866,299.62866,298.92865,298.82867,298.42865,296.22867,290.02866,296.62866,297.02866,298.32867,296.72867,293.02866,298.72867,298.92865,299.72867,299.42865,298.82867,297.12866,295.12866,293.52866,293.52866,294.82867,295.22867,297.42865,298.92865,297.52866,296.92865,293.92865,292.02866,291.62866,291.02866,283.22867,275.32867,274.12866,279.72867,287.02866
292.12866,297.52866,297.42865,298.52866,299.82867,298.62866,299.22867,298.42865,297.82867,295.42865,294.02866,293.62866,295.62866,288.62866,287.32867,294.32867,293.52866,295.12866,293.82867,294.12866,292.52866,294.92865,294.52866,291.12866,290.82867,290.82867,290.42865,292.82867,292.02866,294.82867,293.62866,296.82867,295.22867,289.02866,274.92865,285.92865,287.82867,273.12866,289.32867,289.92865,285.52866
298.72867,296.52866,301.22867,301.82867,300.22867,300.62866,300.12866,299.32867,297.82867,296.92865,296.72867,296.52866,295.42865,296.72867,296.72867,296.72867,295.02866,286.42865,285.82867,286.72867,289.02866,289.72867,286.42865,285.52866,289.22867,287.92865,287.12866,286.72867,287.02866,286.52866,286.82867,286.82867,290.52866,288.32867,289.72867,283.32867,286.72867,286.82867,273.02866,273.22867,273.22867
295.12866,294.52866,295.52866,296.42865,295.92865,297.02866,296.02866,295.92865,295.92865,294.72867,294.02866,294.22867,295.42865,295.52866,295.22867,295.22867,295.42865,295.52866,294.42865,285.02866,280.82867,284.52866,289.12866,284.42865,282.22867,281.22867,283.52866,288.72867,286.62866,286.32867,287.42865,290.82867,290.32867,287.42865,286.52866,286.32867,281.32867,273.22867,273.12866,273.62866,272.82867
292.32867,294.52866,294.72867,295.62866,292.62866,291.22867,292.02866,291.62866,291.22867,290.72867,289.32867,290.62866,290.92865,289.72867,284.82867,287.32867,286.72867,291.92865,294.42865,292.92865,293.02866,291.52866,283.32867,281.52866,280.62866,283.02866,276.72867,280.32867,280.22867,281.42865,286.12866,289.52866,291.52866,287.82867,285.22867,282.62866,274.52866,276.52866,274.02866,275.42865,273.72867
287.02866,286.82867,287.82867,287.32867,288.42865,290.92865,290.02866,289.62866,291.32867,290.02866,287.42865,286.62866,287.22867,287.22867,288.32867,290.52866,285.32867,291.52866,285.12866,286.52866,286.72867,287.32867,285.12866,282.82867,280.72867,279.32867,278.02866,279.22867,280.02866,279.72867,278.72867,278.22867,280.12866,284.82867,284.82867,279.52866,279.72867,282.72867,279.92865,279.82867,283.32867
284.92865,285.22867,286.12866,285.22867,284.32867,289.32867,284.52866,288.22867,283.12866,288.92865,284.82867,285.02866,284.72867,283.02866,284.12866,283.52866,283.12866,286.02866,282.12866,280.92865,281.52866,279.42865,279.62866,279.72867,280.02866,280.02866,281.22867,280.92865,281.12866,280.92865,278.42865,277.12866,276.62866,276.82867,281.32867,278.62866,278.12866,278.72867,278.12866,278.82867,280.42865
286.02866,285.72867,279.02866,283.62866,282.52866,282.02866,281.52866,280.52866,282.42865,281.82867,280.42865,278.12866,282.12866,283.92865,287.52866,282.62866,280.42865,287.72867,284.02866,287.92865,287.92865,287.72867,287.92865,285.72867,280.02866,280.52866,282.82867,284.42865,283.12866,280.92865,279.32867,277.62866,275.42865,274.02866,274.42865,277.02866,276.72867,276.52866,276.92865,275.62866,277.52866
282.32867,282.72867,273.22867,282.42865,281.92865,281.32867,281.12866,281.02866,283.12866,282.12866,281.22867,279.42865,278.52866,278.02866,284.62866,286.82867,284.22867,284.62866,288.02866,286.52866,285.02866,287.12866,287.82867,287.32867,284.02866,285.42865,286.62866,284.72867,283.42865,283.42865,281.82867,276.32867,275.72867,274.62866,273.82867,274.02866,275.02866,275.02866,276.02866,275.92865,277.92865
