wind_kz.json
{"header": {"discipline":0,"disciplineName":"Meteorological products","gribEdition":2,"gribLength":1025,"center":7,"centerName":"US National Weather Service - NCEP(WMC)","subcenter":0,"refTime":"2023-09-19T18:00:00.000Z","significanceOfRT":1,"significanceOfRTName":"Start of forecast","productStatus":0,"productStatusName":"Operational products","productType":1,"productTypeName":"Forecast products","productDefinitionTemplate":0,"productDefinitionTemplateName":"Analysis/forecast at horizontal level/layer at a point in time","parameterCategory":2,"parameterCategoryName":"UnknownDiscipline_0_Category_2","parameterNumber":2,"parameterNumberName":"UnknownParameter_D0_C2_2","parameterUnit":"Unknown","genProcessType":2,"genProcessTypeName":"Forecast","forecastTime":180,"surface1Type":103,"surface1TypeName":"Specified height level above ground","surface1Value":10.0,"surface2Type":255,"surface2TypeName":"Missing","surface2Value":0.0,"gridDefinitionTemplate":0,"gridDefinitionTemplateName":"Latitude_Longitude","numberPoints":615,"shape":6,"shapeName":"Earth spherical with radius of 6,371,229.0 m","gridUnits":"degrees","resolution":48,"winds":"true","scanMode":64,"nx":41,"ny":15,"basicAngle":0,"lo1":47.0,"la1":41.0,"lo2":87.0,"la2":55.0,"dx":1.0,"dy":1.0}, "data":
[rows 0 to 14 of 15, columns 0 to 40 of 41]
-1.5463794,0.6536206,-1.5963794,2.8936205,-2.4863794,-4.7963796,-2.8763795,-1.4963794,-2.5963793,-0.6563794,-1.3663794,-0.48637938,0.023620605,1.1136206,1.4136206,2.0736206,1.3936206,1.2336206,1.0436206,1.4836206,0.9836206,1.1036206,1.6536206,2.2136207,-2.3063793,0.023620605,2.3936205,-0.9163794,-0.3563794,0.6436206,-1.1063794,1.4936206,0.6936206,-2.6563795,-2.9863794,-2.8663795,-1.9763794,-2.6763794,-2.1163795,-0.9363794,-0.5563794
0.1336206,-2.2663794,2.0136206,-2.0963793,-4.6163793,-3.1463795,-4.6263795,-4.3063793,-3.6063795,-3.0763793,-2.8463793,-3.8063793,-3.9163795,-3.7863793,-3.1863794,-1.0763794,-1.1663795,-2.5363793,-1.5863794,-2.0763793,-1.3263794,0.8936206,3.0436206,2.7036207,-0.3263794,0.063620605,0.8836206,-0.9263794,0.5236206,0.9536206,0.7736206,0.4836206,-1.4563794,0.7936206,1.1436206,1.3536206,1.6036206,0.013620606,0.12362061,-1.2663794,-0.4763794
-3.3463793,-0.5463794,-4.0863795,-4.8363795,-4.8163795,-5.196379,-4.8663793,-3.8563795,-6.406379,-5.7063794,-5.0763793,-5.1363792,-5.7663794,-6.6163793,-6.2763796,-5.6863794,-5.0763793,-1.5463794,1.7136207,3.0036206,1.0336206,0.4136206,-2.4463794,-0.5763794,0.8136206,0.3136206,0.6936206,0.8336206,2.8936205,0.9836206,1.0336206,0.9836206,0.5036206,-0.016379394,0.26362062,1.6336206,-0.24637939,0.26362062,-1.9363794,-1.1263794,0.5336206
-5.9863796,-6.2363796,-5.7763796,-5.196379,-4.8663793,-6.3663793,-4.0863795,-5.8463793,-4.6063795,-5.1463795,-5.446379,-5.7263794,-4.2763796,-4.8363795,-6.2263794,-7.0463796,-6.5663795,-6.5563793,-6.7663794,-4.8363795,-0.8863794,-2.2563794,-3.0263793,-3.8563795,-4.4963794,-3.7363794,-3.0563793,-1.2463794,-1.3363794,-0.50637937,-2.0463793,-2.6763794,-3.2363794,-1.8163794,-2.3963795,-1.3063794,-0.3563794,1.0136206,-1.3663794,-1.1063794,-5.5563793
-7.3163795,-6.3663793,-5.5163794,-5.2663794,-5.1863794,-5.1363792,-5.0363793,-4.4763794,-5.1263795,-5.3663793,-5.5363793,-6.5363793,-5.3763795,-4.0363793,-3.2463794,-6.1063795,-6.3163795,-7.656379,-8.146379,-8.546379,-8.186379,-6.0863795,-5.9863796,-5.5563793,-5.8163795,-5.9963794,-6.966379,-2.5963793,-1.9263794,-0.3363794,1.1036206,2.0836205,2.2236207,0.2436206,-2.1163795,-2.6063795,-3.9663794,-4.2263794,-3.5663793,-3.1863794,-3.3263793
-5.1063795,-4.3663793,-4.2763796,-5.1163793,-5.0363793,-4.5263796,-4.406379,-4.6863794,-4.4763794,-4.3363795,-5.196379,-5.4763794,-5.8363795,-4.6063795,-4.5763793,-5.6863794,-5.8963795,-5.7063794,-6.3863792,-6.1363792,-6.5863795,-5.906379,-5.7663794,-5.8163795,-5.9163795,-6.7963796,-6.5663795,-5.1663795,-6.4763794,-6.466379,-5.6363792,-2.8163793,1.8036206,0.8836206,0.7736206,-7.2063794,-0.3063794,-6.9563794,-3.1363795,-2.7463794,-2.0363793
-4.8863792,-4.8063793,-4.3663793,-4.1463795,-4.1063795,-3.8663795,-3.6463795,-3.6863794,-4.1063795,-4.0563793,-4.0963793,-4.716379,-4.2663794,-4.5963793,-4.7563796,-4.5263796,-4.8663793,-4.8663793,-4.8763795,-5.9163795,-5.7263794,-4.7563796,-4.4363794,-4.4763794,-4.716379,-3.9663794,-4.676379,-3.7863793,-3.2763793,-2.8663795,-4.7263794,-6.6363792,-7.7763796,-8.056379,-8.226379,-7.8363795,-0.09637939,-0.9363794,-3.5063794,2.1936207,-1.3363794
-4.4763794,-4.446379,-4.3363795,-4.3763795,-3.7363794,-3.4163795,-3.0363793,-2.8463793,-2.7763793,-3.0963793,-2.8363793,-2.6463795,-2.9963794,-3.1363795,-2.8963795,-3.0863793,-3.3463793,-3.7163794,-3.4363794,-4.1063795,-4.676379,-4.426379,-4.0363793,-3.1463795,-2.9763794,-2.9263794,-2.5763793,-1.9263794,-2.8963795,-3.4063795,-3.8763795,-1.5963794,0.013620606,-0.6263794,-2.8863795,-4.8363795,-6.0363793,-6.5163794,-11.06638,-12.61638,-4.9863796
-3.9663794,-3.6163795,-3.3363793,-3.0163794,-2.8063793,-2.7163794,-2.4463794,-2.3663795,-2.4563794,-2.0963793,-1.7863793,-1.8263794,-1.3763794,-1.1363794,-0.9963794,-1.2663794,-1.5863794,-1.9463794,-2.1463795,-2.5463793,-2.7363794,-2.8563795,-2.3863795,-2.2563794,-2.3863795,-1.6563793,-1.7163794,-2.0563793,-1.9863794,-1.2763793,-2.7863793,-2.3563795,-3.2863793,-2.9063795,-6.3563795,-5.3863792,-2.8563795,0.6136206,-1.1863794,-0.9863794,-0.6663794
-1.6863794,-1.0763794,-0.3563794,-0.8263794,-1.1263794,-1.0363793,-1.0763794,-1.2563794,-1.1763794,-0.5163794,-0.2563794,0.6736206,0.7336206,0.8536206,1.1736206,0.6236206,0.6936206,0.4036206,0.5436206,0.053620607,0.11362061,-0.016379394,0.013620606,-0.116379395,-0.016379394,0.1836206,-0.18637939,0.023620605,-0.75637937,-0.8363794,0.0736206,-1.2563794,-2.6963794,-2.7563794,-1.1063794,-1.6263794,0.4236206,-0.4163794,1.1736206,0.5336206,-0.75637937
-1.7663794,-2.3763795,-2.3063793,-2.3663795,-2.1863794,-1.1863794,1.1836206,1.7736206,2.8536205,2.3636205,2.4136207,2.6336205,1.8236206,2.0336206,1.6636206,1.4236206,2.6436205,2.1636207,2.2936206,2.6236205,2.6236205,2.5336206,2.5336206,2.2636206,2.5236206,2.5336206,2.8736205,1.8836206,1.5136206,0.9136206,0.053620607,-0.076379396,0.7236206,1.2836206,1.4036206,1.1736206,0.8536206,0.8136206,0.7336206,-0.3463794,0.20362061
-0.5563794,-1.3063794,-1.6763794,-1.7063794,-0.6463794,-0.3263794,0.20362061,0.7636206,0.8136206,1.4936206,2.5136206,2.1636207,1.5436206,1.4836206,1.5336206,1.1436206,0.8136206,2.0036206,2.6736207,2.8036206,3.5536206,3.7136207,3.6536207,3.7436206,4.2436204,4.2436204,4.2536206,4.4536204,3.8536205,2.7936206,1.9436206,2.1336205,1.6836206,1.7336206,1.3236206,1.9336206,2.1336205,1.4036206,0.4536206,0.6336206,-0.21637939
0.5536206,0.4536206,-0.056379393,-0.3163794,-0.016379394,0.4236206,0.6736206,0.3336206,0.5036206,0.3736206,1.2136207,2.3636205,2.5536206,3.2436206,3.2736206,2.3336205,2.2436206,2.6736207,1.9636207,2.5236206,3.5136206,3.9636207,4.6236205,4.1236205,4.7036204,5.0236206,4.8736205,4.7236204,5.0836205,4.6336207,4.343621,4.0236206,3.7136207,3.4536207,3.4036207,3.3336205,2.6436205,1.4336206,1.2436206,0.5436206,0.5936206
0.4236206,0.74362063,0.7736206,1.5536206,1.4636207,1.7536206,2.3436205,2.5636206,1.9836206,2.1536207,1.3536206,2.9236207,2.5236206,3.6736207,2.0736206,3.9036207,4.4136205,4.3336205,4.3736205,4.8836207,4.7436204,5.0236206,5.6536207,5.8536205,5.9336205,5.7436204,5.9836206,6.1136208,5.9936204,5.7436204,5.6936207,5.2936206,4.6036205,4.553621,4.073621,3.9636207,2.9036207,2.4336207,1.9736207,1.8636206,0.1636206
1.1236206,1.8036206,2.1936207,2.5936205,3.2636206,3.5236206,4.4336205,4.2236204,4.5136204,3.6636207,2.1136205,4.7536206,4.2736206,4.4336205,6.2136207,5.9636207,5.8536205,6.3536205,6.7136207,7.2136207,6.9836206,6.6636205,6.093621,6.303621,6.4736204,6.3736205,6.5836205,6.6936207,7.1036205,7.0636206,6.553621,6.283621,6.1736207,5.8736205,5.4336205,5.073621,3.6536207,4.0836205,4.0036206,2.5236206,-0.026379395
