wind_kz.json
{"header": {"discipline":0,"disciplineName":"Meteorological products","gribEdition":2,"gribLength":1102,"center":7,"centerName":"US National Weather Service - NCEP(WMC)","subcenter":0,"refTime":"2023-08-26T18:00:00.000Z","significanceOfRT":1,"significanceOfRTName":"Start of forecast","productStatus":0,"productStatusName":"Operational products","productType":1,"productTypeName":"Forecast products","productDefinitionTemplate":0,"productDefinitionTemplateName":"Analysis/forecast at horizontal level/layer at a point in time","parameterCategory":2,"parameterCategoryName":"UnknownDiscipline_0_Category_2","parameterNumber":2,"parameterNumberName":"UnknownParameter_D0_C2_2","parameterUnit":"Unknown","genProcessType":2,"genProcessTypeName":"Forecast","forecastTime":60,"surface1Type":103,"surface1TypeName":"Specified height level above ground","surface1Value":10.0,"surface2Type":255,"surface2TypeName":"Missing","surface2Value":0.0,"gridDefinitionTemplate":0,"gridDefinitionTemplateName":"Latitude_Longitude","numberPoints":615,"shape":6,"shapeName":"Earth spherical with radius of 6,371,229.0 m","gridUnits":"degrees","resolution":48,"winds":"true","scanMode":64,"nx":41,"ny":15,"basicAngle":0,"lo1":47.0,"la1":41.0,"lo2":87.0,"la2":55.0,"dx":1.0,"dy":1.0}, "data":
[rows 0 to 14 of 15, columns 0 to 40 of 41]
0.78443605,1.624436,-0.28556398,0.35443604,-1.865564,-1.205564,2.3744361,2.774436,2.954436,1.1944361,1.8044361,0.944436,0.21443604,-0.42556396,-0.78556395,-0.40556395,-0.555564,-0.71556395,1.594436,2.474436,0.24443604,-3.1255639,1.0544361,-1.245564,-1.375564,-0.85556394,3.174436,-1.6755639,-1.225564,-0.10556397,-1.355564,-0.37556398,1.254436,0.46443602,-3.905564,-4.865564,-4.425564,-3.915564,-7.815564,-9.545564,-11.575564
-1.135564,-2.6055639,-0.18556397,-0.36556396,-0.59556395,-0.24556397,1.384436,1.214436,3.594436,3.914436,6.4944363,5.614436,3.444436,2.504436,2.324436,1.6944361,1.134436,0.53443605,-0.40556395,-0.28556398,-1.3055639,0.35443604,1.0544361,1.374436,0.004436035,0.38443604,1.004436,-1.0755639,1.784436,0.41443604,0.11443604,-0.31556398,-0.11556397,-0.64556396,0.07443604,-1.9355639,-5.855564,-3.675564,2.974436,-7.7555637,-7.715564
0.89443606,4.2444363,0.53443605,-0.17556396,-0.07556397,3.604436,3.1344361,2.694436,4.644436,4.694436,5.904436,7.484436,8.134436,6.254436,6.204436,4.034436,2.954436,1.8044361,1.224436,-0.54556394,-2.3855639,-2.1055639,-0.815564,0.42443603,-2.695564,-4.265564,-3.8855639,-3.525564,1.284436,-0.28556398,-1.705564,1.644436,-2.555564,-1.135564,-0.48556396,1.594436,0.40443602,-0.82556397,-0.14556396,-2.175564,-3.545564
-4.445564,-5.915564,-5.475564,-3.515564,-3.6055639,-2.495564,0.38443604,0.754436,1.614436,3.514436,5.2444363,5.144436,5.194436,5.274436,8.764436,6.094436,5.794436,3.254436,1.8144361,1.544436,0.89443606,2.474436,0.44443604,-2.3555639,-3.675564,-4.185564,-3.215564,-4.7355638,-8.575564,-7.195564,-6.065564,-8.425564,-6.315564,-3.075564,-2.835564,0.32443604,1.254436,-0.18556397,-1.8255639,0.71443605,-0.54556394
-4.085564,-3.465564,-2.555564,-1.625564,-2.595564,-1.395564,-0.71556395,0.054436035,0.91443604,1.404436,3.3844361,5.604436,3.534436,4.024436,8.484436,10.734436,9.154436,4.564436,2.1244361,1.634436,1.6844361,0.124436036,-1.785564,-2.765564,-4.435564,-4.855564,-6.745564,-7.455564,-6.265564,-6.515564,-5.975564,-3.6255639,0.26443604,-0.995564,-2.685564,-1.105564,3.454436,0.19443603,1.6944361,0.42443603,-0.59556395
-2.015564,-1.835564,-3.6255639,-2.445564,-0.23556396,1.774436,2.8644361,3.344436,3.534436,3.724436,3.554436,3.8744361,4.194436,6.414436,7.194436,7.914436,11.464436,6.834436,3.304436,1.474436,0.37443602,-0.90556395,-2.1155639,-2.485564,-2.725564,-3.3555639,-5.695564,-2.425564,-5.385564,-5.845564,-6.555564,-5.905564,-4.925564,-5.245564,-5.105564,3.3744361,-2.015564,1.364436,2.8944361,-3.275564,-5.895564
-2.695564,-1.5655639,-0.19556397,1.534436,3.064436,3.494436,4.314436,4.594436,4.644436,4.714436,5.354436,5.484436,5.334436,4.964436,5.644436,8.434436,6.944436,7.9944363,4.644436,1.164436,0.28443605,-0.875564,-1.8055639,-2.715564,-3.825564,-3.805564,-3.485564,-3.3655639,-2.005564,-1.955564,-3.055564,-3.6255639,-4.095564,-1.915564,-1.515564,-0.005563965,-0.46556395,-2.555564,-0.82556397,-0.83556396,3.8744361
-0.37556398,2.344436,3.814436,3.974436,4.854436,5.734436,6.344436,6.414436,6.824436,6.944436,6.004436,5.064436,4.864436,5.444436,4.234436,1.9444361,5.664436,0.38443604,4.144436,2.204436,1.624436,-0.005563965,-0.15556397,-1.025564,-1.885564,-1.3155639,-1.395564,-1.6855639,-1.5755639,-0.21556397,0.71443605,0.504436,0.15443604,-0.27556396,-0.28556398,-2.305564,-1.455564,0.91443604,3.224436,4.644436,3.024436
1.544436,2.484436,3.454436,4.654436,5.0144362,5.684436,6.324436,6.964436,7.434436,8.594436,7.654436,6.844436,6.024436,3.964436,3.294436,1.534436,1.664436,0.004436035,-1.765564,3.434436,-1.3255639,1.744436,0.45443603,0.48443604,-0.27556396,-0.16556397,0.08443604,0.934436,0.944436,0.96443605,1.9244361,2.204436,1.144436,0.64443606,0.564436,1.404436,-0.20556396,-0.24556397,0.92443603,-1.205564,2.274436
1.514436,2.154436,2.514436,3.264436,3.254436,4.284436,4.154436,4.954436,5.594436,7.384436,5.894436,6.2444363,4.9944363,3.794436,3.484436,-0.945564,0.504436,-2.965564,-2.485564,-1.625564,1.1744361,4.034436,-1.455564,0.53443605,0.72443604,0.19443603,0.46443602,0.61443603,1.4344361,2.264436,1.374436,1.624436,1.624436,2.3744361,1.544436,-0.84556395,1.224436,-0.815564,2.434436,0.694436,2.474436
1.014436,1.284436,1.734436,1.774436,2.164436,1.004436,1.0644361,1.124436,-0.865564,-2.045564,-1.265564,1.604436,3.294436,2.984436,2.684436,1.1944361,-0.45556396,-0.91556394,4.394436,-1.355564,-0.95556396,-0.22556396,-1.985564,-1.135564,3.3944361,2.104436,2.274436,1.594436,1.474436,1.714436,1.354436,1.134436,1.614436,1.584436,2.584436,2.694436,1.034436,1.634436,-1.0455639,-1.0655639,0.84443605
-0.10556397,0.24443604,1.0544361,1.0644361,0.944436,0.11443604,-0.16556397,-0.49556395,-1.485564,-1.785564,-0.44556397,0.52443606,0.934436,2.234436,1.914436,2.224436,-0.085563965,0.11443604,2.914436,-1.595564,-0.18556397,0.47443604,-0.17556396,0.754436,3.714436,3.654436,2.904436,2.604436,3.1344361,2.3944361,1.774436,2.8644361,3.214436,3.654436,3.684436,4.614436,4.7644362,4.484436,-0.37556398,-0.84556395,-0.46556395
-0.19556397,0.72443604,0.35443604,-0.34556398,0.46443602,1.8044361,0.814436,1.234436,0.58443606,0.44443604,0.92443603,1.7044361,2.004436,1.774436,1.744436,0.24443604,-0.12556396,-0.615564,0.14443603,-3.145564,-2.205564,-2.405564,-0.25556397,1.154436,1.8244361,1.524436,1.004436,-0.82556397,1.544436,1.844436,3.1244361,4.284436,4.904436,6.304436,6.284436,5.624436,4.624436,2.174436,-0.32556397,-0.925564,2.094436
0.11443604,0.11443604,1.654436,-0.45556396,-0.35556397,-0.26556396,-0.735564,0.07443604,2.8844361,1.8044361,1.344436,1.274436,2.974436,2.744436,2.094436,1.714436,-0.47556397,-1.095564,-1.5755639,-2.555564,-2.205564,-1.745564,-3.295564,-1.0655639,-0.035563964,-0.64556396,-0.24556397,0.46443602,1.854436,2.154436,4.004436,5.2644362,5.094436,6.4944363,5.784436,4.884436,3.1344361,3.284436,0.934436,0.52443606,2.524436
-0.44556397,-0.37556398,-0.52556396,-0.33556396,-1.615564,-1.215564,-0.88556397,-1.5455639,-2.045564,-3.165564,-3.155564,-2.905564,0.38443604,-2.265564,-3.755564,-1.905564,-4.645564,-1.205564,-4.525564,-4.015564,-4.165564,-2.1355639,-1.465564,-0.79556394,-1.385564,-2.065564,-0.72556394,1.384436,1.914436,3.084436,3.814436,4.854436,6.314436,6.774436,5.454436,4.164436,3.584436,3.834436,3.3744361,-1.535564,1.0644361
