wind_kz.json
{"header": {"discipline":0,"disciplineName":"Meteorological products","gribEdition":2,"gribLength":1025,"center":7,"centerName":"US National Weather Service - NCEP(WMC)","subcenter":0,"refTime":"2023-09-06T18:00:00.000Z","significanceOfRT":1,"significanceOfRTName":"Start of forecast","productStatus":0,"productStatusName":"Operational products","productType":1,"productTypeName":"Forecast products","productDefinitionTemplate":0,"productDefinitionTemplateName":"Analysis/forecast at horizontal level/layer at a point in time","parameterCategory":2,"parameterCategoryName":"UnknownDiscipline_0_Category_2","parameterNumber":2,"parameterNumberName":"UnknownParameter_D0_C2_2","parameterUnit":"Unknown","genProcessType":2,"genProcessTypeName":"Forecast","forecastTime":240,"surface1Type":103,"surface1TypeName":"Specified height level above ground","surface1Value":10.0,"surface2Type":255,"surface2TypeName":"Missing","surface2Value":0.0,"gridDefinitionTemplate":0,"gridDefinitionTemplateName":"Latitude_Longitude","numberPoints":615,"shape":6,"shapeName":"Earth spherical with radius of 6,371,229.0 m","gridUnits":"degrees","resolution":48,"winds":"true","scanMode":64,"nx":41,"ny":15,"basicAngle":0,"lo1":47.0,"la1":41.0,"lo2":87.0,"la2":55.0,"dx":1.0,"dy":1.0}, "data":
[rows 0 to 14 of 15, columns 0 to 40 of 41]
-2.2703564,-0.11035644,2.1696436,2.4796436,-2.7303565,-7.0303564,-7.8103566,-7.7403564,-6.8203564,-5.460356,-3.8303564,-5.5303564,-5.2803564,-3.8303564,-2.2103565,-3.0003564,-2.8403563,-2.3703566,-2.4703565,-3.1603565,-3.1603565,-0.48035645,-0.61035645,-0.94035643,0.41964355,-3.3203564,-2.1303566,0.69964355,1.6696435,1.7396436,1.8396436,0.46964356,0.14964356,-1.3103565,-3.7103565,-4.3903565,-4.710356,-4.5403566,-3.4003565,-4.1903563,-5.3103566
0.43964356,1.7596436,0.50964355,-0.08035645,-1.6803565,-3.9303565,-5.5103564,-8.740356,-7.1103563,-6.5703564,-5.2003565,-5.9103565,-5.0903563,-4.3403563,-3.8803566,-3.7503564,-4.1503563,-4.0003567,-4.9403563,-1.9403565,-3.6103563,-2.6703565,-0.67035645,-2.5603564,0.49964356,1.3496436,-0.62035644,1.3096435,-2.7103565,0.46964356,-0.33035645,0.65964353,0.39964354,-2.3403563,0.16964355,-0.08035645,-1.1303564,0.33964357,-0.8303564,-0.42035645,-5.9903564
-0.060356446,-2.1903565,-2.6703565,-4.7803564,-4.1203566,-0.41035643,-5.3603563,-6.960356,-3.1103563,-5.4203563,-5.4703565,-4.1203566,-2.6203566,-2.3903565,-3.1203566,-3.1303566,-3.9503565,-3.6703565,-2.8203564,-2.0403564,-3.1803565,-5.9303565,-5.3303566,-5.0803566,-0.62035644,-3.2303565,-0.78035647,-1.1903565,-2.3203564,-0.44035643,-0.100356445,1.3296436,0.46964356,-0.46035644,-0.67035645,-1.2503564,0.76964355,-0.31035644,3.5296435,3.3896437,2.5496435
-3.3803566,-6.1303563,-6.7403564,-7.9203563,-5.4503565,-4.980356,-4.1103563,-5.0903563,-4.3003564,-3.7003565,-3.7403564,-3.5203564,-4.230356,-4.2003565,-3.0803564,-3.7703564,-3.7103565,-3.0303564,-2.6503565,-2.5403564,-1.6603564,-4.4703565,-1.6303564,-7.6303563,-6.6503563,-6.0503564,-5.5403566,-8.370357,-4.4203563,-1.9303565,-1.0803565,-0.43035644,2.1596437,1.8896435,-0.7003564,-1.9603565,-1.4803565,2.1796436,1.1696435,1.3096435,-1.1203564
-3.5203564,-5.8003564,-5.8103566,-5.8803563,-4.9703565,-3.1903565,-2.7403564,-0.8303564,-3.1703565,-3.5403564,-3.2703564,-3.7103565,-5.0103564,-4.9903564,-3.7903564,-4.0003567,-2.8203564,-2.4703565,-2.4303565,-3.4403565,-2.8503563,-3.2603564,-6.9103565,-6.6803565,-6.0703564,-5.960356,-5.8003564,-4.2903566,-3.7203565,-2.7203565,-3.5103564,-2.0403564,-2.5903563,0.82964355,0.58964354,-0.8303564,2.9096437,-2.8303564,-1.0603565,2.5496435,-0.85035646
-3.4203565,-2.7203565,-4.960356,-4.2403564,-5.3503566,-5.6703563,-2.7203565,-2.6403565,-2.5403564,-1.3403565,-0.6403564,-2.1903565,-3.4003565,-5.4103565,-3.8303564,-2.3703566,-2.4603565,-2.6503565,-4.3603563,-2.9303565,-3.4603565,-4.0703564,-3.7203565,-4.7203565,-4.3603563,-4.4103565,-3.1203566,-4.0203567,-2.8303564,-1.6303564,-3.3403563,-5.3903565,-3.0703564,-0.9603565,0.18964356,-0.8303564,-0.19035645,3.4096437,4.3796434,-2.1803565,-4.7503567
-2.8003564,-3.5703564,-1.9603565,1.0596435,-1.8303565,-2.6603565,-1.9203564,-1.8203565,-3.4903564,0.6696436,-1.2303565,-3.5003564,-3.4603565,-2.8903565,-2.5303564,-2.6703565,-2.2703564,-3.5403564,-4.0003567,-4.1103563,-4.0803566,-5.0403566,-3.4303565,-4.2803564,-1.4603565,-3.8303564,-3.7103565,-3.3803566,-4.4703565,-6.2203565,-5.5003567,-4.5503564,-2.3503563,-3.0203564,-0.09035645,-2.3503563,-0.60035646,2.3096435,3.3096435,0.109643556,3.6496437
-4.5203567,-2.7103565,2.5296435,0.55964357,0.56964356,1.2596436,-1.0403564,-2.5703564,-1.6403564,1.2196436,-2.1003563,-2.2803564,-2.5903563,-2.6103563,-2.4903564,-2.7403564,-3.2303565,-3.5203564,-2.8503563,-3.6703565,-3.6503565,-4.1303563,-3.5603564,-2.9803565,-2.9103565,-1.9903564,-2.3803566,-3.7203565,-3.8603563,-3.4303565,-4.1803565,-2.4203565,-2.3603563,-0.100356445,-0.5103564,2.1396437,4.5496435,6.8296437,3.9196436,5.9996433,0.86964357
-0.27035645,1.8496436,3.5496435,5.7296433,3.2696435,3.7896435,2.6896436,2.9396436,2.2496436,2.2496436,-1.3703564,-1.2903564,-0.25035644,-2.4503565,-2.9403565,-2.6003563,-3.1703565,-3.1803565,-2.8903565,-2.6203566,-3.5803564,-2.4803565,-2.5303564,-2.0103564,-1.8803564,-2.4003565,-2.4303565,-2.5803564,-1.3603565,-1.1903565,-0.7703564,-1.1003565,1.2196436,-0.040356446,2.2596436,1.8596436,0.69964355,-2.2503564,-1.3503565,0.6696436,-0.09035645
2.0096436,1.5096436,1.4196435,-1.6703564,-0.7103565,-3.5403564,-2.7503564,-2.9803565,-2.9703565,-3.6603565,-3.0103564,-3.1503565,-1.0203564,-3.7203565,-4.2403564,-3.5003564,-2.6603565,-1.8603565,-1.6403564,-1.7503564,-2.3703566,-1.9503565,-2.6403565,-1.4303565,-1.1103565,-2.3003564,-0.55035645,-1.4003564,-1.7603564,-0.47035643,-0.30035645,0.95964354,1.6196436,1.4496436,0.82964355,1.1496435,-0.6403564,-0.17035645,-2.2203565,-0.43035644,0.61964357
2.3596435,1.9296435,-2.9303565,-2.3003564,-3.5603564,-2.1603565,-3.0403564,-3.1503565,-2.6603565,-1.9703565,-1.7503564,-0.84035647,-1.6703564,-3.3503563,-2.4703565,-2.5703564,-2.0803564,-0.92035645,-1.0703565,-0.53035647,-0.49035645,-0.14035645,0.90964353,-0.18035644,0.36964357,-0.86035645,0.09964356,0.039643556,-0.5703564,1.5396435,0.5496436,1.7596436,0.55964357,1.4196435,0.63964355,-0.16035645,-0.6403564,-0.07035644,-0.14035645,1.2996435,-0.16035645
-4.5003567,-4.0503564,-3.5203564,-2.8803566,-3.3903565,-3.7003565,-3.1703565,-3.7403564,-2.8003564,-1.7103565,-2.3003564,-1.8103565,-2.6303566,-3.0903563,-2.5503564,-1.6803565,-1.2003565,-0.73035645,-0.9603565,-0.38035643,-0.23035644,0.049643554,0.08964355,0.57964355,2.1096435,2.7796435,2.6996436,2.6496437,1.0596435,0.55964357,1.6996436,2.1496437,0.18964356,0.6696436,-0.48035645,0.41964355,-0.27035645,1.3096435,0.41964355,-0.40035644,0.079643555
-2.3103564,-3.0403564,-2.3603563,-2.6603565,-2.4803565,-2.9503565,-3.5003564,-3.7403564,-4.1103563,-0.050356444,-0.39035645,-1.5303564,-2.8203564,-4.5603566,-3.6603565,-2.8103564,-3.2703564,-2.3603563,-1.7203565,-1.6103565,0.33964357,0.96964353,1.2096436,1.4196435,2.3096435,1.4796436,2.9096437,2.4496436,2.7996435,2.4496436,2.6896436,2.4696436,0.9796436,2.3096435,0.57964355,0.26964355,1.3996435,0.9896436,-0.030356444,0.39964354,-0.26035646
-2.1803565,-2.3403563,-3.1603565,-3.5603564,-2.9803565,-2.4803565,-3.8803566,-3.3203564,-0.040356446,-0.07035644,-0.49035645,-1.6403564,-3.0503564,-3.7603564,-1.9603565,-2.5403564,-2.4703565,-1.8703564,-2.0703564,-1.4603565,-1.0203564,-0.86035645,-0.61035645,0.83964354,1.6596435,2.0596435,2.1996436,2.1196434,2.4796436,2.8996437,2.6996436,1.6296436,2.6596437,1.7096436,1.8496436,1.3196435,0.20964356,0.65964353,0.17964356,0.69964355,0.76964355
-2.1603565,-2.8703566,-6.3603563,-3.3003564,-2.6503565,-2.3803566,-1.7003565,-2.1503565,-1.0803565,-1.6403564,-1.4803565,-1.4603565,-1.5803565,-3.5644532E-4,-2.0603564,-1.6903565,-1.9603565,-1.2803564,-1.6103565,-1.3203565,-0.33035645,-1.1603564,-1.3803564,-0.6503565,0.24964355,0.41964355,1.8696436,2.2596436,2.4496436,2.3396435,2.6696436,3.6396437,2.2496436,2.0296435,2.3796434,2.8196435,0.56964356,1.3296436,1.3596436,0.6096436,0.06964356
