wind.json
{"header": {"discipline":0,"disciplineName":"Meteorological products","gribEdition":2,"gribLength":1211,"center":7,"centerName":"US National Weather Service - NCEP(WMC)","subcenter":0,"refTime":"2023-07-01T12:00:00.000Z","significanceOfRT":1,"significanceOfRTName":"Start of forecast","productStatus":0,"productStatusName":"Operational products","productType":1,"productTypeName":"Forecast products","productDefinitionTemplate":0,"productDefinitionTemplateName":"Analysis/forecast at horizontal level/layer at a point in time","parameterCategory":2,"parameterCategoryName":"UnknownDiscipline_0_Category_2","parameterNumber":2,"parameterNumberName":"UnknownParameter_D0_C2_2","parameterUnit":"Unknown","genProcessType":2,"genProcessTypeName":"Forecast","forecastTime":0,"surface1Type":103,"surface1TypeName":"Specified height level above ground","surface1Value":10.0,"surface2Type":255,"surface2TypeName":"Missing","surface2Value":0.0,"gridDefinitionTemplate":0,"gridDefinitionTemplateName":"Latitude_Longitude","numberPoints":688,"shape":6,"shapeName":"Earth spherical with radius of 6,371,229.0 m","gridUnits":"degrees","resolution":48,"winds":"true","scanMode":64,"nx":43,"ny":16,"basicAngle":0,"lo1":45.0,"la1":40.0,"lo2":87.0,"la2":55.0,"dx":1.0,"dy":1.0}, "data":
[rows 0 to 15 of 16, columns 0 to 42 of 43]
3.9618359,-0.67816406,2.301836,2.931836,-1.878164,-1.7281641,1.321836,2.4518359,5.551836,6.361836,6.781836,6.681836,6.681836,5.281836,4.591836,-2.898164,-2.898164,-3.708164,-2.7681642,-0.42816406,0.041835938,1.591836,-3.938164,-1.798164,-1.548164,-4.008164,-0.018164063,0.37183595,-0.82816404,4.521836,1.321836,-6.118164,-0.6081641,-0.7881641,-0.93816406,0.56183594,1.8818359,-0.64816403,1.1318359,1.8018359,0.38183594,6.741836,4.5818357
-2.0581641,4.991836,2.881836,1.1818359,-2.868164,0.7818359,2.331836,3.311836,7.691836,8.881836,8.771836,7.941836,5.531836,-0.79816407,5.911836,0.9018359,-1.7181641,-3.0381641,-1.8281641,-1.0981641,-1.0581641,-0.38816407,2.2418358,-0.54816407,2.261836,4.951836,-1.4581641,2.051836,4.301836,2.861836,1.1618359,1.851836,4.521836,1.1518359,-2.5281641,-3.358164,-1.4581641,-0.108164065,1.371836,2.4418359,4.031836,0.40183595,3.5018358
6.911836,1.851836,1.4418359,-2.118164,-0.93816406,2.891836,3.9718359,5.611836,6.701836,6.211836,5.461836,8.881836,5.091836,0.29183593,8.641836,-0.35816407,-1.998164,-4.438164,-1.0981641,-1.648164,-3.188164,-1.4481641,-2.228164,0.88183594,2.321836,2.931836,1.081836,-1.4381641,0.54183596,0.7818359,0.38183594,0.5318359,0.49183595,0.9018359,2.4518359,0.61183596,1.001836,2.9518359,3.4818358,1.221836,2.571836,-1.9381641,-2.5581641
0.28183594,1.4018359,1.6618359,-0.79816407,1.601836,3.2318358,4.091836,6.611836,4.931836,3.681836,9.751836,8.561836,3.7518358,5.531836,5.001836,-0.36816406,-4.4181643,-4.3781643,-5.028164,-3.888164,-1.278164,-4.1281643,-5.958164,-5.518164,-7.518164,-7.278164,-4.758164,-7.068164,-3.898164,-4.358164,-1.6181641,-1.8081641,0.9018359,-0.7781641,1.0518359,4.711836,4.041836,-1.268164,1.9318359,2.871836,8.461836,7.221836,-0.46816406
6.541836,8.061836,7.401836,1.461836,4.671836,5.691836,7.061836,5.001836,4.731836,6.161836,8.001836,9.551836,11.991836,6.891836,-6.438164,-4.518164,-2.878164,-5.1281643,-5.388164,-5.908164,-3.7781641,-4.038164,-5.008164,-8.628164,-7.028164,-8.518164,-8.158164,-8.148164,-8.048164,-7.748164,-6.1481643,-3.8081641,-1.268164,0.10183594,5.241836,4.781836,5.811836,3.131836,0.36183593,-0.26816407,3.301836,4.491836,-0.32816407
7.591836,7.131836,10.301836,3.351836,6.3718357,8.061836,7.891836,5.421836,5.711836,7.281836,9.141836,11.471836,12.251836,-8.998164,-9.948164,-7.298164,-6.538164,-5.518164,-4.108164,-5.428164,-6.178164,-6.908164,-8.758164,-7.838164,-7.458164,-7.338164,-7.818164,-7.858164,-7.408164,0.69183594,-4.478164,-3.328164,-1.788164,0.26183593,-0.23816407,1.841836,3.1918359,-3.2681642,5.981836,0.35183594,0.6618359,9.981836,4.171836
8.8618355,8.951836,9.021836,8.681836,5.8318357,7.591836,7.451836,8.491836,7.381836,6.741836,7.3718357,11.721836,-3.608164,-9.618164,-7.8981643,-3.988164,-1.668164,-3.618164,-3.908164,-3.108164,-3.7481642,-4.428164,-6.458164,-6.458164,-5.758164,-5.498164,-4.798164,-5.328164,-5.928164,-3.2581642,-2.988164,-1.6881641,1.111836,0.36183593,2.141836,4.811836,5.5818357,1.741836,4.861836,5.071836,7.841836,9.891836,1.861836
9.761836,10.191836,7.901836,6.801836,6.921836,7.0818357,4.0818357,5.211836,5.841836,7.591836,7.711836,12.871836,-9.278164,-6.338164,-4.6281643,-2.168164,-0.82816404,-1.6081641,-1.158164,-4.048164,-2.738164,-3.2481642,-3.428164,-4.6281643,-5.198164,-4.868164,-2.958164,-1.6881641,-1.898164,-2.0081642,-1.798164,-1.9681641,-1.518164,-0.23816407,0.76183593,0.011835937,3.6918359,0.9018359,-2.158164,0.45183593,5.531836,-1.9581641,4.721836
8.231836,7.341836,8.351836,8.941836,7.881836,7.011836,3.541836,2.331836,2.6918359,6.721836,13.081836,0.99183595,-0.14816406,-3.408164,-2.638164,0.32183594,-2.2681642,-1.6881641,0.79183596,-0.8381641,-0.038164064,-1.6181641,-3.358164,-3.828164,-3.418164,-3.5581641,-1.5881641,-0.69816405,-0.25816405,0.27183592,-1.3081641,-0.70816404,-0.68816406,-1.5581641,0.35183594,0.68183595,1.0618359,0.6418359,3.631836,6.3718357,7.551836,5.161836,3.561836
6.8318357,7.891836,8.991836,2.4818358,9.891836,3.371836,3.551836,3.891836,7.3718357,6.461836,10.281836,0.48183593,-2.198164,-1.4481641,-1.658164,5.251836,-2.888164,0.7118359,0.7218359,-0.32816407,0.12183594,-1.5581641,-3.118164,-2.608164,-2.618164,-0.87816405,-1.1881641,0.50183594,-2.0281641,-1.378164,-1.2381641,-0.38816407,-0.56816405,-0.49816406,0.98183596,0.79183596,2.361836,0.05183594,1.9318359,1.5318359,1.231836,0.76183593,0.31183594
7.491836,6.971836,6.631836,5.561836,4.281836,0.73183596,1.0118359,3.541836,7.731836,8.881836,4.031836,-1.2181641,4.141836,-4.068164,1.101836,-1.3281641,-2.598164,-1.428164,-1.538164,-2.7781641,-4.498164,-4.228164,-3.908164,-2.328164,-1.8581641,-1.2381641,-1.8281641,-0.6081641,0.17183594,-2.0181642,-1.168164,-1.5781641,-0.43816406,0.88183594,-3.2881641,1.571836,-0.51816404,0.38183594,-0.11816406,1.5518359,1.1918359,0.26183593,-0.43816406
5.341836,5.741836,5.001836,2.2318358,2.101836,-0.36816406,0.021835938,3.061836,6.811836,6.3518357,3.7018359,-1.898164,1.861836,-2.408164,0.56183594,-1.918164,-3.398164,-3.318164,-6.548164,-4.788164,-3.678164,-3.5181642,-4.1281643,-3.738164,-2.378164,-0.67816406,0.25183594,-1.3181641,-0.46816406,-0.6581641,-0.76816404,-0.62816405,1.2718359,1.201836,-1.648164,0.27183592,1.361836,-1.408164,-0.5281641,1.1618359,0.15183593,-0.08816406,1.0518359
4.791836,4.751836,5.161836,4.521836,2.111836,0.25183594,-1.5681641,2.7318358,4.171836,2.9418359,-2.908164,-3.648164,-1.928164,-1.768164,-0.048164062,-2.098164,-1.128164,-2.818164,-2.868164,-0.31816405,0.42183593,-0.19816406,0.5318359,-0.34816405,0.35183594,-1.2281641,-1.048164,-0.09816406,0.92183596,-0.18816406,0.32183594,1.851836,-0.99816406,-0.54816407,-3.4981642,2.131836,-0.038164064,0.69183594,1.9118359,2.831836,4.411836,1.231836,-0.34816405
3.101836,3.641836,2.911836,3.4618359,3.341836,-0.29816407,-0.80816406,2.171836,3.0018358,3.141836,0.67183596,1.371836,-0.69816405,-1.4481641,0.20183593,-0.35816407,-1.0581641,-1.4481641,0.42183593,2.411836,0.70183593,2.521836,1.0118359,1.2618359,1.461836,0.74183595,-0.82816404,0.29183593,0.23183593,-0.76816404,2.0018358,2.161836,1.3918359,1.6418359,1.071836,1.951836,2.111836,1.3818359,1.4118359,-1.248164,2.5018358,3.601836,1.591836
3.411836,2.781836,3.2118359,3.271836,2.081836,0.5818359,0.39183593,-1.7181641,3.621836,3.031836,-2.638164,-3.418164,-0.048164062,3.831836,2.021836,2.521836,0.37183595,-0.63816404,2.381836,2.031836,2.281836,2.371836,0.16183594,-0.17816406,-0.7881641,-0.6081641,-0.36816406,-0.25816405,1.211836,2.661836,1.8018359,2.9518359,3.2118359,1.5118359,1.731836,5.051836,-0.87816405,0.9118359,2.411836,2.091836,1.721836,2.131836,2.411836
4.1018357,3.161836,1.721836,2.931836,4.261836,-0.89816403,-0.48816407,0.61183596,-0.21816406,4.681836,-0.61816406,2.591836,-0.108164065,-0.33816406,4.151836,1.4018359,2.311836,2.171836,1.7818359,2.061836,1.9018359,-0.5381641,-1.0981641,-0.80816406,-0.81816405,-0.8581641,-0.43816406,-0.058164064,2.121836,2.371836,2.181836,3.411836,3.4618359,2.621836,3.9418359,3.331836,1.951836,4.241836,2.7518358,2.081836,2.7318358,3.911836,1.991836
