wind.json
{"header": {"discipline":0,"disciplineName":"Meteorological products","gribEdition":2,"gribLength":1125,"center":7,"centerName":"US National Weather Service - NCEP(WMC)","subcenter":0,"refTime":"2023-05-30T18:00:00.000Z","significanceOfRT":1,"significanceOfRTName":"Start of forecast","productStatus":0,"productStatusName":"Operational products","productType":1,"productTypeName":"Forecast products","productDefinitionTemplate":0,"productDefinitionTemplateName":"Analysis/forecast at horizontal level/layer at a point in time","parameterCategory":2,"parameterCategoryName":"UnknownDiscipline_0_Category_2","parameterNumber":2,"parameterNumberName":"UnknownParameter_D0_C2_2","parameterUnit":"Unknown","genProcessType":2,"genProcessTypeName":"Forecast","forecastTime":120,"surface1Type":103,"surface1TypeName":"Specified height level above ground","surface1Value":10.0,"surface2Type":255,"surface2TypeName":"Missing","surface2Value":0.0,"gridDefinitionTemplate":0,"gridDefinitionTemplateName":"Latitude_Longitude","numberPoints":688,"shape":6,"shapeName":"Earth spherical with radius of 6,371,229.0 m","gridUnits":"degrees","resolution":48,"winds":"true","scanMode":64,"nx":43,"ny":16,"basicAngle":0,"lo1":45.0,"la1":40.0,"lo2":87.0,"la2":55.0,"dx":1.0,"dy":1.0}, "data":
[rows 0 to 15 of 16, columns 0 to 42 of 43]
-4.278637,0.8413629,4.321363,-0.4186371,-3.238637,-0.7486371,3.571363,2.1713629,1.591363,0.6313629,-0.6286371,-2.618637,-2.878637,-4.058637,-3.0786371,-1.2086371,2.341363,0.22136292,1.211363,0.5313629,-2.118637,-2.0186372,-2.0786371,1.3113629,-0.4286371,-1.408637,-0.43863708,-0.6886371,-0.13863708,1.3913629,-0.51863706,1.0613629,-1.2186371,0.98136294,-1.658637,-2.708637,-3.2586372,-4.638637,-4.788637,-4.228637,-3.5186372,-2.398637,-4.928637
1.0513629,2.521363,1.351363,-3.658637,3.9813628,5.211363,3.091363,0.92136294,3.4613628,4.761363,2.7113628,-1.3786371,-3.7586372,-3.458637,-2.468637,-1.648637,-0.7886371,-3.0086372,-2.088637,0.31136292,-0.37863708,0.9313629,0.7513629,-0.6886371,-0.36863708,-2.898637,1.4113629,-0.5286371,-3.7886372,-0.7486371,-0.038637087,0.22136292,-0.9186371,2.541363,2.341363,1.451363,-2.348637,-0.8786371,-2.398637,-3.0586371,-3.878637,-3.958637,-1.1086371
0.7413629,-3.378637,0.5913629,1.831363,3.341363,-0.49863708,-0.21863708,2.0013628,3.131363,2.2313628,4.5613627,-3.908637,-3.628637,-4.9186373,-4.4186373,-2.0786371,-0.9786371,-3.718637,-0.5086371,-0.43863708,0.8813629,2.081363,1.3013629,-0.028637085,-2.158637,-3.7886372,-1.0586371,0.5313629,-0.31863707,0.31136292,-1.9986371,-0.17863709,0.3613629,0.061362915,1.5113629,-2.648637,0.14136292,-0.4886371,-0.18863708,-0.6586371,-1.528637,1.3113629,-4.238637
1.0213629,1.0613629,3.531363,5.481363,3.531363,2.571363,2.801363,4.521363,4.1213627,6.071363,-1.168637,-5.718637,-5.588637,-4.4386373,-2.5686371,-0.14863709,-1.908637,-1.418637,0.2613629,1.951363,-1.4386371,-2.408637,-4.298637,-4.3986373,-4.388637,-4.8786373,-0.5286371,-2.378637,1.4013629,-2.098637,-3.0386372,-0.4286371,-1.2486371,2.341363,0.61136293,0.021362916,0.6313629,-1.3486371,0.5213629,1.2813629,3.0013628,-0.5086371,1.0113629
3.4813628,1.5013629,1.4113629,3.121363,4.211363,4.151363,5.361363,4.231363,4.211363,6.051363,-4.538637,-6.468637,-4.498637,-3.198637,-0.4186371,-0.5986371,-0.40863708,1.9013629,-1.9486371,-1.658637,-3.928637,-4.3786373,-4.278637,-2.2786372,-4.558637,-5.258637,-5.498637,-4.498637,-3.618637,-3.088637,-0.4286371,-0.63863707,-0.8786371,-3.648637,-5.768637,-7.3786373,-6.448637,-2.738637,-2.2786372,1.1913629,2.1913629,-0.058637086,-0.2686371
1.3613629,0.5613629,1.1813629,3.521363,4.8113627,3.4713628,4.211363,2.311363,2.061363,-0.6186371,-4.948637,-0.9286371,-3.0586371,-0.6286371,1.831363,0.9713629,1.6113629,0.5813629,-2.658637,-2.628637,-3.898637,-3.928637,-3.5786371,-4.6286373,-4.368637,-4.608637,-4.3986373,-3.388637,-4.058637,-1.9686371,-4.548637,-6.098637,-5.348637,-3.608637,-2.178637,1.701363,3.1813629,1.9213629,-1.7386371,-0.8086371,2.281363,2.7513628,1.8613629
1.6113629,0.25136292,1.3013629,1.4813629,3.121363,4.471363,4.191363,0.7713629,1.1613629,-2.408637,-2.598637,1.5113629,-0.6586371,-0.33863708,2.0013628,4.241363,1.1713629,-1.5986371,-2.7686372,-2.688637,-3.088637,-1.9486371,-3.208637,-3.3286371,-4.058637,-4.088637,-3.3086371,-3.0586371,-2.118637,-4.768637,-3.198637,-2.408637,-2.918637,-3.458637,-4.3986373,-2.878637,-1.0586371,1.1613629,-0.64863706,1.471363,2.6813629,3.9913628,2.081363
-1.7286371,-1.038637,-0.09863708,-0.37863708,-0.088637084,-1.0686371,-0.4286371,5.131363,3.391363,0.021362916,0.37136292,-0.51863706,2.121363,0.18136291,0.85136294,1.6213629,0.051362917,-0.7786371,-2.8186371,-1.6886371,-3.0786371,-3.918637,-3.5186372,-3.838637,-4.618637,-3.688637,-2.628637,-2.8286371,-2.878637,-3.198637,-0.63863707,0.2613629,-3.928637,-4.208637,-1.4386371,-1.7586371,-2.0786371,-2.428637,-1.428637,1.831363,-1.8186371,-0.7386371,4.941363
-0.12863709,-1.418637,-0.43863708,0.11136291,-0.70863706,2.2013628,1.5513629,1.0413629,0.22136292,0.73136294,-1.5786371,2.071363,-0.40863708,-3.5486372,-4.038637,-2.5286372,-3.088637,-3.428637,-3.678637,-2.848637,-2.938637,-4.448637,-3.588637,-4.448637,-3.138637,-4.448637,-3.978637,-3.2986372,-4.258637,-4.928637,-3.698637,-3.598637,-3.858637,-3.218637,-4.1686373,-0.4286371,-2.368637,0.5013629,-2.148637,1.1213629,0.86136293,3.281363,0.8813629
0.8913629,-0.8686371,0.14136292,0.051362917,-0.19863708,1.0413629,3.131363,0.011362915,0.6513629,0.7613629,-3.428637,-1.788637,-4.1286373,-3.968637,-3.608637,0.67136294,-1.9886371,-4.078637,-4.078637,-3.098637,-3.738637,-4.448637,-4.768637,-3.7786372,-3.688637,-3.938637,-3.2886372,-4.048637,-3.388637,-4.048637,-1.7386371,-2.488637,-2.898637,-2.138637,0.9613629,-1.5186371,-0.3986371,-0.5986371,-0.038637087,-2.5786371,-1.7186371,0.5013629,-1.0586371
1.3013629,0.8913629,-0.36863708,0.12136292,2.121363,2.581363,2.261363,0.6313629,0.3013629,-0.5686371,-2.8286371,-2.848637,-3.2686372,-3.358637,-3.2486372,-0.8486371,-1.0686371,-2.8286371,-3.418637,-3.2786372,-3.408637,-4.328637,-4.058637,-2.878637,-3.108637,-4.368637,-4.708637,-4.468637,-3.8086371,-2.958637,-0.9786371,-1.7486371,-1.9386371,-4.1886373,-2.708637,-2.2786372,-0.018637085,0.7113629,-1.5586371,-0.22863708,-2.2486372,0.5713629,0.6913629
1.201363,2.131363,2.031363,1.1213629,1.9213629,2.391363,2.881363,2.2313628,1.081363,-0.6286371,0.22136292,-4.018637,-3.5086372,-2.3286371,-1.398637,-0.9886371,0.041362915,-0.7786371,-0.21863708,-1.3086371,-3.4986372,-3.8086371,-3.2886372,-2.678637,-2.4986372,-3.438637,-3.0386372,-2.9986372,-1.428637,-3.188637,-3.458637,-3.428637,-3.628637,-3.688637,-3.2486372,-2.228637,-1.1186371,-1.8186371,-1.418637,-1.0186371,-0.5886371,0.9013629,-1.428637
1.351363,1.2513629,1.4313629,2.1713629,1.841363,2.9513628,3.9513628,2.901363,-0.17863709,1.5513629,-0.048637085,2.131363,-2.858637,0.79136294,-0.06863709,-2.448637,-2.388637,-4.518637,-1.8386371,-3.908637,-4.978637,0.6913629,-2.608637,-0.94863707,-2.468637,-3.218637,-1.3386371,-3.218637,-3.228637,-2.7486372,-2.638637,-3.488637,-3.728637,-3.848637,-2.0486372,-2.978637,-2.228637,-2.218637,-2.728637,-1.278637,-0.088637084,0.85136294,-0.118637085
3.141363,2.631363,2.7513628,3.801363,3.6713629,2.9613628,3.161363,3.6813629,-0.16863708,0.9613629,3.891363,6.321363,-1.2586371,0.8913629,2.131363,-0.23863709,0.2613629,-2.108637,-2.988637,1.5013629,1.2613629,-2.838637,0.80136293,-1.278637,-0.21863708,-0.27863708,0.6213629,-1.3786371,-0.7886371,0.001362915,-0.6186371,-0.9986371,-0.5486371,-1.3686371,-1.2186371,-2.198637,-1.648637,-2.108637,-2.0586371,-1.5886371,-1.3586371,-1.4486371,-1.7186371
2.591363,2.531363,4.0813627,5.151363,6.6213627,5.571363,5.041363,5.951363,4.901363,2.571363,2.311363,5.901363,-1.668637,-0.5586371,2.381363,2.4213629,0.49136293,2.121363,-0.13863708,0.15136291,0.79136294,-1.7586371,-0.57863706,1.0013629,-0.018637085,1.9313629,-0.048637085,0.6313629,0.041362915,-2.428637,-2.338637,-3.5386372,-2.8086371,-3.0586371,-3.168637,-1.7386371,-1.6186371,-1.8886371,-2.098637,-2.0186372,-1.3386371,-0.88863707,-1.538637
4.241363,6.181363,5.5813627,7.931363,10.721362,7.6213627,6.421363,6.111363,7.0613627,3.341363,2.351363,4.821363,-2.358637,-1.0986371,1.0213629,0.22136292,-3.088637,-2.0486372,-0.038637087,-2.118637,-1.4486371,-1.408637,-1.928637,1.0413629,2.901363,-0.9686371,1.1613629,1.2413629,-1.2486371,-0.5886371,-2.0186372,-1.9886371,-2.178637,-4.258637,-3.0786371,0.7513629,-2.5786371,0.31136292,-1.9786371,-2.5386372,-1.3486371,-1.8586371,-1.3786371
