wind_kz.json
{"header": {"discipline":0,"disciplineName":"Meteorological products","gribEdition":2,"gribLength":1025,"center":7,"centerName":"US National Weather Service - NCEP(WMC)","subcenter":0,"refTime":"2023-08-26T18:00:00.000Z","significanceOfRT":1,"significanceOfRTName":"Start of forecast","productStatus":0,"productStatusName":"Operational products","productType":1,"productTypeName":"Forecast products","productDefinitionTemplate":0,"productDefinitionTemplateName":"Analysis/forecast at horizontal level/layer at a point in time","parameterCategory":2,"parameterCategoryName":"UnknownDiscipline_0_Category_2","parameterNumber":2,"parameterNumberName":"UnknownParameter_D0_C2_2","parameterUnit":"Unknown","genProcessType":2,"genProcessTypeName":"Forecast","forecastTime":300,"surface1Type":103,"surface1TypeName":"Specified height level above ground","surface1Value":10.0,"surface2Type":255,"surface2TypeName":"Missing","surface2Value":0.0,"gridDefinitionTemplate":0,"gridDefinitionTemplateName":"Latitude_Longitude","numberPoints":615,"shape":6,"shapeName":"Earth spherical with radius of 6,371,229.0 m","gridUnits":"degrees","resolution":48,"winds":"true","scanMode":64,"nx":41,"ny":15,"basicAngle":0,"lo1":47.0,"la1":41.0,"lo2":87.0,"la2":55.0,"dx":1.0,"dy":1.0}, "data":
[rows 0 to 14 of 15, columns 0 to 40 of 41]
-0.863833,0.996167,-0.863833,-1.983833,-5.133833,-6.623833,-7.243833,-7.733833,-7.353833,-5.403833,-4.613833,-5.183833,-5.613833,-4.913833,-4.483833,-4.473833,-4.553833,-6.563833,-5.863833,-5.063833,-2.983833,-0.393833,0.896167,3.006167,0.806167,1.036167,3.276167,3.856167,0.806167,1.066167,2.356167,1.646167,0.796167,-0.513833,0.15616699,1.786167,2.556167,2.486167,3.476167,3.736167,3.866167
-0.103833005,-2.333833,-5.013833,-5.153833,-6.343833,-4.893833,-5.533833,-5.563833,-4.823833,-4.493833,-4.733833,-4.783833,-2.643833,-3.323833,-2.753833,-3.103833,-3.653833,-4.423833,-4.033833,-3.613833,-1.643833,-1.673833,-0.213833,3.376167,1.206167,0.10616699,1.446167,2.796167,4.076167,2.866167,1.926167,3.866167,1.656167,1.466167,0.626167,2.056167,1.776167,1.5061669,-0.843833,0.176167,1.136167
-0.943833,-5.313833,-5.513833,-7.383833,-6.093833,-4.833833,-4.333833,-3.303833,-3.333833,-1.603833,-3.083833,-1.603833,-1.553833,-0.453833,0.406167,0.736167,-0.07383301,-0.813833,-1.413833,-1.843833,-2.543833,0.176167,-3.993833,-4.723833,0.916167,1.556167,3.756167,3.016167,3.526167,0.45616698,1.926167,-1.163833,-0.953833,2.306167,0.0061669922,1.266167,1.066167,0.626167,6.086167,7.496167,3.8161669
-4.713833,-5.633833,-6.053833,-7.033833,-4.053833,-2.883833,-2.133833,0.39616698,0.076166995,0.116166994,1.496167,1.456167,2.906167,3.486167,4.326167,4.376167,4.476167,3.986167,2.686167,0.886167,-0.303833,-3.643833,-0.533833,-1.193833,-0.313833,1.306167,2.206167,3.8161669,4.226167,0.936167,1.906167,3.396167,4.206167,3.366167,4.136167,5.256167,3.026167,3.396167,-2.123833,0.21616699,0.606167
-5.513833,-5.123833,-5.063833,-3.4338331,-1.543833,-1.063833,0.926167,2.966167,3.216167,3.306167,4.686167,4.856167,3.0661669,5.706167,4.516167,6.046167,4.806167,4.816167,5.446167,3.886167,2.8161669,1.156167,0.676167,0.026166992,-0.643833,-0.643833,-1.593833,0.286167,1.036167,1.116167,1.046167,2.496167,4.466167,3.726167,-3.443833,-1.793833,-0.833833,-3.273833,-2.743833,-1.603833,-0.533833
-5.623833,-4.173833,-3.673833,-1.903833,-0.19383301,0.10616699,3.646167,3.736167,2.486167,4.076167,4.706167,5.636167,5.876167,4.066167,5.136167,5.186167,4.166167,5.526167,5.756167,2.836167,4.846167,3.696167,4.226167,4.046167,1.746167,0.97616696,-0.053833008,-3.283833,-0.843833,-0.253833,-0.043833006,-0.623833,1.7561669,3.936167,6.056167,1.546167,5.816167,3.596167,-1.013833,-3.413833,-4.643833
-6.543833,-6.423833,-5.273833,-4.323833,-3.703833,-1.933833,-2.003833,-0.423833,2.226167,4.956167,6.456167,5.416167,6.056167,6.456167,4.406167,1.656167,0.506167,-2.6838331,5.376167,0.06616699,-1.793833,-0.633833,1.146167,2.346167,0.016166992,-1.683833,2.406167,1.496167,-0.533833,-1.1238331,-1.853833,-1.9938331,-1.7438331,0.886167,4.356167,4.786167,5.876167,0.97616696,7.136167,1.026167,-2.543833
-4.623833,-2.693833,-2.203833,-2.473833,-1.863833,-2.073833,-2.373833,-1.283833,0.126167,1.956167,2.406167,3.216167,4.036167,2.406167,1.866167,3.106167,0.72616696,-1.7438331,1.826167,-0.673833,-2.793833,-3.103833,-2.533833,-3.703833,-1.143833,1.116167,2.8161669,2.526167,-0.793833,-2.133833,-2.723833,-2.303833,-2.073833,-2.573833,-0.933833,-0.183833,1.316167,4.396167,5.666167,5.386167,2.996167
-5.553833,-6.253833,-5.463833,-4.433833,-3.203833,-2.643833,-1.643833,-0.853833,-0.90383303,0.586167,0.45616698,-1.143833,-1.273833,-1.693833,-2.643833,-3.143833,-3.773833,-3.953833,-5.633833,-5.133833,-5.643833,-4.503833,-2.793833,-2.503833,-2.673833,-2.103833,-1.523833,-0.923833,-1.193833,-0.313833,-1.343833,-2.393833,-1.273833,-0.683833,0.33616698,2.246167,2.456167,1.406167,4.496167,0.966167,3.946167
-5.983833,-4.653833,-2.9338331,-1.713833,-1.783833,-1.593833,-1.7438331,-3.323833,-3.413833,-3.533833,-3.323833,-3.043833,-1.013833,-1.643833,-3.443833,-4.673833,-4.463833,-5.433833,-7.503833,-7.543833,-7.573833,-5.633833,-4.823833,-4.513833,-3.983833,-3.813833,-3.743833,-3.123833,-3.163833,-3.263833,-1.943833,-1.273833,-0.843833,-0.20383301,0.316167,1.706167,2.686167,0.78616697,3.516167,2.436167,2.426167
-3.393833,-2.173833,-1.193833,-1.843833,-3.303833,-3.913833,-4.033833,-3.223833,-3.423833,-4.083833,-4.673833,-4.273833,-2.963833,-4.023833,-4.683833,-5.233833,-6.863833,-7.233833,-6.873833,-6.483833,-6.263833,-6.013833,-5.793833,-5.153833,-4.493833,-3.533833,-3.643833,-2.563833,-1.463833,0.09616699,1.886167,2.526167,2.696167,2.636167,2.766167,2.376167,2.426167,1.816167,1.386167,-1.043833,2.936167
-1.673833,-1.783833,-1.463833,-3.963833,-4.703833,-4.223833,-3.913833,-3.223833,-2.823833,-3.213833,-4.363833,-4.763833,-4.313833,-4.913833,-5.833833,-5.833833,-6.863833,-6.763833,-6.433833,-4.723833,-4.903833,-4.433833,-4.073833,-3.803833,-3.763833,-3.343833,-2.223833,-0.883833,0.45616698,1.636167,2.076167,2.186167,2.386167,3.776167,3.856167,4.216167,4.246167,3.776167,2.506167,1.936167,0.626167
-1.713833,-2.753833,-3.653833,-4.203833,-3.6838331,-3.113833,-3.753833,-3.153833,-3.553833,-0.053833008,-1.853833,-4.113833,-3.743833,-5.343833,-5.893833,-6.003833,-6.503833,-6.543833,-5.923833,-5.523833,-4.473833,-3.533833,-3.293833,-2.793833,-2.203833,-1.543833,-1.063833,-1.073833,-0.803833,-0.343833,0.626167,1.856167,2.0661669,2.726167,1.246167,2.016167,2.976167,2.496167,3.756167,3.856167,3.286167
-0.533833,-2.913833,-3.253833,-4.123833,-3.993833,-3.693833,-3.493833,-2.213833,-0.953833,-0.463833,-0.543833,-2.623833,-3.033833,-3.633833,-4.803833,-5.273833,-5.373833,-5.073833,-4.823833,-4.173833,-3.813833,-3.803833,-3.883833,-3.343833,-2.303833,-0.753833,0.0061669922,0.626167,0.84616697,1.266167,1.786167,1.546167,2.446167,2.836167,2.386167,2.296167,2.586167,3.3161669,3.536167,3.376167,3.736167
-1.543833,-3.123833,-3.083833,-3.743833,-3.773833,-3.503833,-2.723833,-1.8738331,-1.673833,-2.143833,-1.733833,-2.413833,-2.673833,-2.743833,-3.653833,-3.753833,-4.003833,-3.603833,-3.563833,-3.573833,-2.803833,-2.273833,-2.353833,-1.823833,-0.813833,0.036166992,1.036167,1.266167,1.816167,1.7561669,2.516167,2.556167,3.396167,2.786167,3.356167,3.756167,3.506167,4.326167,4.516167,4.576167,2.846167
