wind.json
{"header": {"discipline":0,"disciplineName":"Meteorological products","gribEdition":2,"gribLength":1211,"center":7,"centerName":"US National Weather Service - NCEP(WMC)","subcenter":0,"refTime":"2023-07-01T00:00:00.000Z","significanceOfRT":1,"significanceOfRTName":"Start of forecast","productStatus":0,"productStatusName":"Operational products","productType":1,"productTypeName":"Forecast products","productDefinitionTemplate":0,"productDefinitionTemplateName":"Analysis/forecast at horizontal level/layer at a point in time","parameterCategory":2,"parameterCategoryName":"UnknownDiscipline_0_Category_2","parameterNumber":2,"parameterNumberName":"UnknownParameter_D0_C2_2","parameterUnit":"Unknown","genProcessType":2,"genProcessTypeName":"Forecast","forecastTime":300,"surface1Type":103,"surface1TypeName":"Specified height level above ground","surface1Value":10.0,"surface2Type":255,"surface2TypeName":"Missing","surface2Value":0.0,"gridDefinitionTemplate":0,"gridDefinitionTemplateName":"Latitude_Longitude","numberPoints":688,"shape":6,"shapeName":"Earth spherical with radius of 6,371,229.0 m","gridUnits":"degrees","resolution":48,"winds":"true","scanMode":64,"nx":43,"ny":16,"basicAngle":0,"lo1":45.0,"la1":40.0,"lo2":87.0,"la2":55.0,"dx":1.0,"dy":1.0}, "data":
[rows 0 to 15 of 16, columns 0 to 42 of 43]
2.32334,-2.9766603,-0.83666015,-2.2666602,-2.0266602,0.54333985,3.9733398,5.1233397,7.0833397,5.53334,7.38334,7.3733397,8.01334,9.29334,9.403339,8.49334,7.8133397,8.70334,9.59334,8.903339,2.9533398,1.0433398,-1.2566601,2.35334,3.8933399,5.20334,3.05334,0.98333985,0.67333984,6.18334,3.84334,-1.9566602,4.1233397,-7.51666,-7.28666,-4.92666,-0.06666016,-3.87666,-5.44666,1.8433398,-0.086660154,-0.82666016,0.79333985
-1.3566601,-1.5866601,2.07334,-0.6766602,-3.4566603,0.62333983,2.4733398,3.83334,7.98334,8.903339,6.28334,5.8133397,7.96334,8.67334,9.95334,10.24334,10.09334,5.72334,8.04334,6.43334,1.8033398,1.2033398,1.3333398,1.9333398,6.26334,4.76334,2.7433398,6.3933396,5.7733397,5.74334,5.4133396,3.80334,1.8033398,2.0433397,-0.7966602,-4.26666,-2.9866602,0.6933398,4.0833397,4.42334,1.8233398,5.40334,1.5433398
-1.2266601,1.1933398,0.08333984,-4.17666,-1.9866601,2.60334,4.46334,5.6633396,8.67334,8.79334,5.8533397,8.18334,5.90334,8.60334,9.39334,9.0333395,10.84334,6.8933396,9.49334,2.86334,13.613339,2.6733398,1.7633399,0.32333985,3.4033399,4.0233397,2.3933399,-1.1166601,-3.11666,0.8233398,-8.70666,4.3733397,2.2233398,1.8233398,-0.58666015,1.0133399,-1.3566601,-1.0166602,2.38334,3.2933397,4.6033397,-0.64666015,2.7033398
0.37333983,1.2633399,1.7233398,-2.16666,2.31334,4.65334,6.19334,9.153339,6.53334,4.69334,7.7933397,6.40334,7.97334,7.1633396,7.25334,8.99334,7.1033397,-2.16666,4.18334,7.8333397,9.95334,0.59333986,-2.3166602,-3.4666603,-0.9866602,-4.2266603,0.86333984,1.1933398,-0.0066601564,0.90333986,5.53334,-3.9566603,1.6433399,-1.5866601,-0.24666016,2.6833398,2.36334,1.0533398,0.55333984,0.013339844,0.8933399,-0.38666016,-0.12666015
3.3933399,5.26334,5.3133397,-0.15666015,2.85334,4.68334,10.43334,3.81334,6.1033397,6.09334,6.43334,3.6633399,7.38334,4.80334,3.13334,5.34334,6.86334,2.63334,1.8033398,8.21334,-0.6766602,1.7933398,-3.4566603,-3.0466602,-1.3866601,-2.16666,-1.2366601,0.8933399,1.2133398,-0.81666017,-4.1066604,-6.80666,-8.57666,-3.0266602,-0.18666016,-1.3966602,2.2933397,1.5933398,0.17333984,0.19333984,1.7833399,-0.52666014,-0.27666014
4.17334,4.73334,6.00334,4.5233397,5.6433396,5.3533397,5.80334,5.42334,6.97334,8.35334,5.18334,7.15334,4.44334,3.9533398,3.11334,-1.3566601,2.4133399,2.0033398,3.2833397,10.96334,4.09334,4.82334,1.4633398,4.1033397,3.4533398,1.2933398,-0.62666017,-1.3966602,-4.94666,-0.66666013,-4.6866603,-4.8566604,-3.5266602,3.7733397,-1.1766602,-0.58666015,4.15334,0.17333984,4.34334,3.7933397,2.2633398,4.07334,-0.44666016
5.74334,6.30334,7.09334,7.11334,3.58334,5.0833397,4.8533397,7.28334,10.10334,9.653339,5.20334,6.55334,2.9533398,3.7233398,4.88334,2.4033399,-0.63666016,-2.67666,5.6033397,6.73334,4.71334,4.23334,4.11334,6.22334,4.67334,2.9333398,1.3133398,-0.95666015,-6.00666,-3.4766603,-7.2266603,-3.0866601,-1.6466602,-2.15666,0.6933398,4.8133397,5.5233397,3.13334,5.25334,3.7333398,-4.15666,-0.9266602,1.4833398
6.3533397,6.61334,6.95334,7.1633396,7.5233397,8.363339,7.3133397,7.84334,7.36334,7.0633397,8.04334,4.38334,5.50334,5.1633396,4.20334,5.20334,3.83334,3.2233398,3.7133398,3.1533399,4.3333397,7.21334,7.2933397,8.72334,8.153339,6.67334,5.32334,-0.49666014,-1.8866601,-1.9966601,2.5333397,0.023339843,-2.3466601,-0.52666014,0.30333984,2.4833398,2.9333398,5.8533397,1.4133399,-0.89666015,0.99333984,-0.83666015,0.24333984
5.38334,6.43334,5.76334,6.6633396,7.21334,7.71334,8.323339,8.31334,8.17334,8.41334,7.38334,8.23334,5.68334,5.05334,4.5433397,6.13334,6.1433396,4.23334,2.80334,2.1533399,8.573339,9.47334,5.3533397,3.1533399,4.21334,7.18334,4.36334,3.7733397,2.32334,-1.6266601,-0.66666013,-0.9366602,-1.9066602,-4.4566603,-4.1666603,-1.7466601,-0.45666015,-0.06666016,-2.68666,1.7133398,5.09334,4.1233397,4.59334
4.3933396,5.98334,6.05334,5.9133396,6.50334,6.84334,7.43334,7.5633397,7.73334,8.06334,8.04334,9.02334,8.47334,4.34334,1.8133398,-1.0366602,6.53334,7.8533397,0.85333985,7.86334,6.99334,7.1033397,9.26334,-3.92666,16.04334,4.53334,0.48333985,0.43333983,4.0633397,5.65334,-1.0766602,0.043339845,-4.49666,-3.93666,-2.8066602,-2.8066602,0.7633398,-0.10666016,-1.5566602,1.3633399,-1.2766602,-0.026660156,1.5933398
6.22334,5.17334,5.8933396,6.21334,7.3333397,6.28334,6.75334,7.30334,6.80334,6.7933397,8.18334,9.0333395,4.8333397,6.8933396,3.3933399,-1.5666602,0.99333984,6.55334,5.38334,2.9333398,4.05334,6.84334,7.6233397,7.45334,4.88334,-6.88666,2.4733398,0.0033398438,-3.66666,-4.01666,-5.71666,-3.90666,-4.11666,-3.62666,-2.0966601,-4.6666603,-1.7866602,-0.5466602,-1.6266601,1.0633398,0.42333984,-0.06666016,0.71333987
5.6233397,5.57334,5.00334,6.20334,5.94334,6.78334,6.32334,6.53334,6.09334,8.72334,7.40334,8.18334,8.04334,6.1433396,6.95334,3.2633398,5.75334,3.63334,0.62333983,3.58334,0.37333983,1.0933398,2.80334,0.6933398,4.0233397,-4.75666,-1.7266601,1.5133399,-4.9566603,-3.0366602,-4.0866604,-4.28666,-0.82666016,-2.0966601,-2.2466602,-4.15666,-4.3966603,-3.7166603,-1.3366601,0.32333985,-0.49666014,-0.37666017,-0.88666016
4.6033397,4.8333397,5.15334,6.3333397,7.38334,6.11334,5.38334,5.05334,5.90334,5.67334,8.26334,6.99334,7.6433396,5.57334,5.6633396,5.21334,4.05334,2.7033398,2.0333397,2.9533398,0.8133398,0.30333984,-3.3266602,-5.55666,-5.3366604,-4.1866603,-2.61666,-6.03666,-2.7166603,-2.37666,2.63334,1.8033398,0.9433398,2.2333398,-2.94666,-2.5966601,-4.61666,-3.7566602,-4.31666,-5.90666,-3.36666,-0.41666016,-0.9966602
4.2933397,5.1233397,4.76334,6.09334,6.1033397,4.74334,3.05334,4.61334,6.44334,7.2933397,6.67334,7.42334,4.3333397,6.1233397,1.0833398,6.1033397,5.5233397,3.4733398,3.0433397,2.32334,1.8333398,-1.9166602,0.18333985,-0.51666015,2.82334,0.61333984,2.6633399,-4.48666,-3.4766603,10.113339,-2.8266602,1.0233399,-8.30666,3.0133398,-2.3566601,0.78333986,-0.7466602,-3.9766603,-3.0866601,-2.68666,-1.2166601,-2.3366601,-1.5466602
5.19334,3.2333398,4.93334,6.73334,7.57334,6.15334,6.74334,4.28334,4.78334,7.6633396,6.38334,7.23334,3.58334,4.71334,6.90334,1.3233398,5.48334,4.46334,2.9633398,3.1733398,2.3933399,-0.78666013,1.0033399,0.87333983,0.043339845,-4.76666,0.78333986,0.66333985,-1.7666602,-1.1466602,0.93333983,-1.4766601,0.45333984,-1.0366602,-0.20666015,0.29333985,0.5633398,-2.9966602,-2.0566602,-1.4766601,-0.056660157,-3.2266603,0.7633398
4.82334,5.50334,4.3333397,6.22334,5.93334,5.73334,6.6233397,6.3333397,5.96334,5.93334,4.75334,5.3333397,2.8933399,4.99334,4.78334,4.5433397,3.07334,-0.30666015,3.8933399,3.8933399,1.8933399,0.7533398,0.11333984,0.43333983,1.6333399,-1.0566602,-0.47666016,-0.43666017,-0.45666015,0.30333984,-2.5166602,0.85333985,-0.88666016,2.05334,-1.1366601,-1.3166602,-0.10666016,-0.64666015,-1.0866601,0.67333984,-4.17666,-3.5066602,-0.82666016
