wind_kz.json
{"header": {"discipline":0,"disciplineName":"Meteorological products","gribEdition":2,"gribLength":1025,"center":7,"centerName":"US National Weather Service - NCEP(WMC)","subcenter":0,"refTime":"2023-09-08T12:00:00.000Z","significanceOfRT":1,"significanceOfRTName":"Start of forecast","productStatus":0,"productStatusName":"Operational products","productType":1,"productTypeName":"Forecast products","productDefinitionTemplate":0,"productDefinitionTemplateName":"Analysis/forecast at horizontal level/layer at a point in time","parameterCategory":2,"parameterCategoryName":"UnknownDiscipline_0_Category_2","parameterNumber":3,"parameterNumberName":"UnknownParameter_D0_C2_3","parameterUnit":"Unknown","genProcessType":2,"genProcessTypeName":"Forecast","forecastTime":300,"surface1Type":103,"surface1TypeName":"Specified height level above ground","surface1Value":10.0,"surface2Type":255,"surface2TypeName":"Missing","surface2Value":0.0,"gridDefinitionTemplate":0,"gridDefinitionTemplateName":"Latitude_Longitude","numberPoints":615,"shape":6,"shapeName":"Earth spherical with radius of 6,371,229.0 m","gridUnits":"degrees","resolution":48,"winds":"true","scanMode":64,"nx":41,"ny":15,"basicAngle":0,"lo1":47.0,"la1":41.0,"lo2":87.0,"la2":55.0,"dx":1.0,"dy":1.0}, "data":
[rows 0 to 14 of 15, columns 0 to 40 of 41]
0.44234648,-1.5576535,0.1923465,3.4323466,2.6323464,0.3223465,0.47234648,1.8523465,1.1723465,0.47234648,-0.8176535,-0.4076535,-0.4876535,-0.6876535,-1.5776535,-2.6876535,-3.7576535,-4.0976534,-4.1676536,-2.1776536,-0.4876535,-0.017653503,-1.5176535,-1.2376535,-1.6176535,-1.5976535,-1.4376535,1.0923465,0.3123465,-1.1876535,-2.9276536,-3.3376534,-1.6776536,0.1623465,0.80234647,2.1723466,-0.8676535,4.7023463,4.9323463,3.7623465,3.1923466
3.3923464,0.6123465,7.332346,6.402346,4.5523467,2.7223465,0.7823465,0.7123465,0.042346496,0.012346497,-0.9076535,-1.5476536,-1.4776535,0.042346496,-1.6576535,-1.0676535,-1.8176535,-2.1276536,-4.0076537,-4.1176534,-3.2576535,-3.4176536,-0.9776535,1.0423465,-2.2976534,-2.7676535,-1.4476535,-0.117653504,0.7623465,0.1823465,1.1623465,-1.3276535,-1.6276535,-3.0976534,-0.8476535,-0.1876535,-1.9376535,-4.1476536,-1.5176535,-0.7376535,1.9223465
0.9623465,5.0623465,7.942346,6.112346,4.3023467,1.3923465,1.0623465,1.3523465,1.4423465,0.1123465,-0.8976535,-0.8776535,-1.3176535,-1.3776535,-1.5376534,-1.1876535,-0.9776535,-1.3276535,-1.9976535,-2.8476534,-3.7776535,-3.8476534,-4.0176535,-1.4276536,-1.1076535,0.8123465,0.4323465,1.0223465,0.4223465,0.41234648,1.7023464,-0.20765351,1.2223465,-0.7976535,-0.9676535,-0.2476535,-0.5776535,-2.2676535,-0.7776535,-0.8376535,-2.1776536
2.4123466,8.202346,7.942346,6.862346,2.9423466,2.5023465,3.4223466,2.0823464,1.7423465,0.8523465,-0.1476535,-0.8076535,-1.6676536,-1.2576535,-1.2576535,-0.5976535,-0.9176535,-1.6776536,-1.9476535,-3.0176535,-2.9076536,-2.3376534,1.0723464,-0.2276535,-0.5476535,1.0323465,1.8023465,-0.3276535,0.4623465,-0.7276535,-0.7176535,-1.1676536,-0.3876535,-2.0376534,-0.3676535,-0.7976535,0.1323465,1.8423465,1.1023465,0.062346496,0.1123465
3.3323464,6.172346,5.942346,4.4523463,2.9923465,2.8223464,3.2223465,3.2623465,2.0923464,1.4323465,0.8623465,-0.017653503,-1.7376535,-2.6776536,-1.9876535,-2.1876535,-1.6176535,-2.2776535,-2.3576536,-2.6876535,-0.6176535,-0.077653505,0.2923465,-0.6476535,-0.9076535,-1.9176536,-0.4676535,-0.6076535,-0.27765352,-1.9376535,-0.7476535,0.9323465,1.2423465,-0.3976535,-0.3476535,-1.7376535,-1.1076535,0.2523465,1.4723465,-0.1876535,0.6623465
1.1223465,1.3423465,3.7123466,4.3523464,4.7823467,4.6623464,2.8223464,2.8223464,1.2423465,1.0623465,0.55234647,0.15234649,-1.7476535,-2.4876535,-0.8776535,-0.9976535,-1.5376534,-1.9376535,-2.6476536,-2.1276536,-2.5876534,-2.1976535,-1.2176535,-1.5876535,-0.1876535,-0.047653504,-1.0876535,-2.2976534,-1.0376534,-0.9276535,0.1123465,1.7123466,1.2223465,3.0223465,2.9523466,0.6023465,2.1823466,0.3823465,-2.5876534,3.0523465,2.5923464
-0.06765351,0.7823465,1.7623465,2.6723466,3.4423466,2.4523466,2.0023465,1.4223465,1.4023465,0.6823465,1.5123465,0.4823465,0.2423465,0.1823465,0.1323465,0.042346496,-0.2976535,-1.1476535,-1.6476535,-1.4276536,-2.1576536,-2.6076536,-3.0076535,-2.7076535,-2.3876536,-0.8876535,-0.2976535,-1.6076535,-1.6576535,-2.6676536,-2.6576536,-3.1976535,-2.5776534,0.9423465,0.062346496,-0.017653503,-2.2076535,0.6623465,-1.3676535,1.0123465,0.5323465
0.47234648,0.7823465,1.2223465,1.1823465,1.4823465,1.6223465,1.8123465,1.4123465,1.7723465,1.0323465,1.0123465,0.9823465,0.6623465,-0.5676535,-1.6676536,-0.4476535,-0.007653503,-0.3176535,-0.8576535,-0.7576535,-1.8276535,-2.3576536,-2.6376536,-2.0776534,-1.5476536,-1.2976536,-0.9276535,-1.6376535,-0.8376535,-0.7576535,-0.9176535,-2.1276536,-2.8076534,-1.4376535,-0.8676535,-0.3976535,-2.3376534,-2.6176536,-0.6076535,-0.3776535,-0.33765352
0.6123465,0.8423465,0.9223465,1.4723465,1.9823465,2.3723464,2.2823465,2.2023466,1.9923465,1.7523465,0.15234649,-0.8776535,-0.94765353,-1.3376535,-0.9976535,-0.3876535,0.2823465,0.3623465,0.6923465,0.8123465,0.3723465,-1.1476535,-1.1376535,-1.5476536,-0.2676535,-0.6876535,0.9623465,0.55234647,0.9323465,-0.007653503,-0.0976535,0.07234649,1.2023464,0.6223465,0.3123465,-0.4676535,-1.5376534,0.3823465,-0.5276535,1.5723464,0.55234647
2.2023466,2.4323466,2.2323465,2.6223464,2.4023466,2.2823465,2.2723465,1.7323465,1.9423465,1.0623465,0.6123465,0.3223465,0.3023465,-1.2776535,-1.0776535,-1.4176536,-0.4176535,0.3123465,0.5623465,0.3223465,1.3123465,1.2123466,0.4323465,0.4823465,0.4223465,0.5923465,0.9023465,1.3323464,1.2323465,1.7023464,1.8223464,2.4023466,1.5623465,1.0323465,1.2823465,-0.4376535,0.2123465,0.1923465,1.6023465,2.4423466,2.5423465
2.8223464,2.7523465,2.6923466,1.4823465,1.4423465,1.8323464,1.7123466,1.5223465,1.0023465,0.2623465,0.6823465,1.2423465,-1.0676535,-0.4876535,-1.1276535,-1.5076535,-1.4876535,-0.9176535,-0.2676535,0.5723465,1.0523465,0.6523465,0.102346495,0.3623465,0.8923465,1.6023465,1.4923465,1.3823465,2.1723466,2.2223465,1.8123465,1.5123465,1.6323465,1.8123465,3.2523465,2.0423465,1.6423465,0.7123465,1.3423465,0.3223465,0.1623465
0.9623465,2.1723466,2.7823465,2.9623466,2.7023466,1.7023464,1.2523465,0.8223465,0.0823465,0.102346495,0.44234648,-0.3876535,-0.6476535,-0.3976535,-0.5176535,-0.4676535,-0.6176535,-0.7076535,0.2423465,0.3223465,0.6923465,0.052346498,0.23234649,1.5223465,1.5523465,1.3123465,2.4423466,2.5623465,2.3423464,2.3023465,2.4323466,2.9623466,2.1023464,2.4123466,1.7823465,3.1023464,3.0123465,2.5623465,1.6123465,1.7223465,0.1323465
2.1723466,2.2523465,2.6823466,1.7323465,1.9223465,0.8223465,0.8623465,1.1623465,0.8723465,1.4023465,0.47234648,-0.1976535,0.8423465,-0.5176535,-0.3476535,-0.1776535,0.07234649,-0.2476535,-0.4576535,-0.3276535,1.1823465,1.2523465,1.2923465,0.80234647,0.7123465,1.9023465,0.9923465,1.6823465,2.3323464,2.6123464,3.6323464,4.3923464,3.2423465,2.6323464,2.6523466,3.0723464,2.9523466,2.0923464,2.1423464,2.6123464,2.9423466
2.8523464,2.4423466,2.3223464,2.4423466,1.7023464,1.6523465,1.5523465,1.6623465,2.0923464,2.5523465,2.1923466,0.3623465,0.2223465,1.0123465,-0.017653503,-0.5976535,-0.4376535,-0.3276535,-0.5576535,0.1323465,0.012346497,0.2623465,0.062346496,-0.1776535,0.042346496,0.4023465,0.0823465,0.4623465,1.1123465,1.2523465,3.7123466,5.402346,5.2823462,3.5723464,2.8223464,3.1323464,2.9623466,2.5423465,2.2823465,1.8223464,2.4823465
2.1923466,2.3923464,1.9423465,2.4023466,2.5823464,2.4523466,1.9823465,2.7423465,2.0723464,1.7823465,2.0523465,2.0523465,2.3523464,0.3123465,1.1223465,-0.0976535,-1.1376535,-1.3976535,-0.9176535,-0.5676535,-0.6176535,-0.3276535,-0.6576535,-0.5176535,-0.9176535,-0.7576535,-0.5876535,-0.15765351,-0.3176535,0.3623465,2.2423465,5.172346,4.2523465,4.2723465,3.8823464,3.7823465,3.7823465,4.0523467,3.4223466,3.1623466,1.4023465
