wind_kz.json
{"header": {"discipline":0,"disciplineName":"Meteorological products","gribEdition":2,"gribLength":1025,"center":7,"centerName":"US National Weather Service - NCEP(WMC)","subcenter":0,"refTime":"2023-09-19T06:00:00.000Z","significanceOfRT":1,"significanceOfRTName":"Start of forecast","productStatus":0,"productStatusName":"Operational products","productType":1,"productTypeName":"Forecast products","productDefinitionTemplate":0,"productDefinitionTemplateName":"Analysis/forecast at horizontal level/layer at a point in time","parameterCategory":2,"parameterCategoryName":"UnknownDiscipline_0_Category_2","parameterNumber":3,"parameterNumberName":"UnknownParameter_D0_C2_3","parameterUnit":"Unknown","genProcessType":2,"genProcessTypeName":"Forecast","forecastTime":240,"surface1Type":103,"surface1TypeName":"Specified height level above ground","surface1Value":10.0,"surface2Type":255,"surface2TypeName":"Missing","surface2Value":0.0,"gridDefinitionTemplate":0,"gridDefinitionTemplateName":"Latitude_Longitude","numberPoints":615,"shape":6,"shapeName":"Earth spherical with radius of 6,371,229.0 m","gridUnits":"degrees","resolution":48,"winds":"true","scanMode":64,"nx":41,"ny":15,"basicAngle":0,"lo1":47.0,"la1":41.0,"lo2":87.0,"la2":55.0,"dx":1.0,"dy":1.0}, "data":
[rows 0 to 14 of 15, columns 0 to 40 of 41]
1.1766797,1.9566797,2.8666797,4.39668,2.7666798,1.3266797,1.3466797,0.8466797,-1.5533203,-2.5833204,-4.31332,-3.2933204,-3.7833204,-3.8733203,-5.60332,-4.8033204,-5.10332,-2.6933203,-3.2433202,-2.4233203,-2.4733202,-3.1333203,0.7766797,1.0566797,1.0666797,2.0266798,1.6966797,-1.3733203,-0.62332034,0.9766797,1.8566797,2.2966797,-0.4133203,0.3466797,2.3766797,1.7166797,1.2466797,1.1566796,0.22667968,0.15667969,-0.4733203
0.8166797,0.11667969,5.0066795,4.5566797,2.8566797,2.2066796,0.20667969,-0.39332032,-0.6433203,-2.6333203,-3.1533203,-3.9533203,-3.9033203,-4.9033203,-5.06332,-5.56332,-2.3133204,-3.8833203,-3.4733202,-0.6433203,-4.5133204,-5.6633205,-3.2933204,-1.0333203,1.6966797,2.5766797,3.0766797,0.03667969,0.25667968,0.03667969,-2.2733202,-1.1633203,0.9566797,-1.3433204,0.11667969,2.2966797,0.29667968,2.1466796,0.87667966,1.5566797,1.3366797
3.7566798,6.4066796,3.9066796,3.4666796,2.9866798,2.2666798,1.1166797,-0.4133203,-0.5133203,-1.8833203,-3.8333204,-3.3933203,-4.1333203,-4.5133204,-4.83332,-4.60332,-4.6933203,-5.54332,-5.83332,-1.9433203,-1.7533203,-1.3933203,-5.8233204,-1.7833203,-2.1033204,-2.1933203,-1.9533203,-1.9733204,-1.3433204,-2.7233202,-2.0733204,-0.2233203,-2.0033202,1.0766797,1.0666797,-2.1833203,0.7966797,1.3066797,-0.3833203,-0.5233203,-0.62332034
5.2166796,3.8266797,3.4466796,2.9066796,2.3966796,1.7866797,1.3066797,-0.3833203,-0.88332033,-1.0533203,-1.7033203,-3.4033203,-3.5033202,-3.9433203,-4.62332,-5.23332,-4.8833203,-5.52332,-5.7133203,-6.1833205,-3.0233202,-1.5733203,-0.5233203,-1.8433204,-1.6533203,-3.1733203,-2.7633202,-0.23332031,-1.2833203,-2.6133204,-2.4033203,1.1766797,0.7066797,0.3966797,1.7266797,2.0266798,2.5966797,2.5866797,-0.4333203,-2.1633203,-0.9533203
3.2866797,1.4866797,1.9766797,1.1866797,1.0366797,1.0866797,0.15667969,-0.7233203,-1.1533203,-1.3633204,-2.1533203,-2.4733202,-2.8633204,-2.6133204,-3.4033203,-4.48332,-4.6833205,-4.48332,-4.56332,-3.8733203,-1.8533204,-0.48332033,-0.33332032,-0.8633203,-0.3133203,-0.9333203,-1.8133203,-1.8733203,-0.9933203,-2.2433202,-2.6833203,-1.9533203,0.15667969,-0.7433203,0.8366797,1.2066797,0.9466797,1.0466797,0.026679687,-0.073320314,1.2366797
2.3466797,2.4366796,0.48667967,0.7566797,0.5866797,0.12667969,0.3166797,-0.8033203,-1.0933204,-1.9933203,-2.1933203,-2.7133203,-2.9633203,-2.3633204,-3.5233202,-3.9633203,-4.3033204,-4.4233203,-4.35332,-2.4433203,-2.8533204,-2.5933204,-2.0433204,-1.2033203,-0.2533203,-0.6633203,-1.2233204,-1.2833203,-0.8233203,-1.1233203,-1.1133204,-0.5233203,-1.7933203,-1.6633203,-1.7033203,-2.5433204,-3.1933203,-3.1233203,-1.1933203,1.6866797,1.5766797
1.4566797,0.9766797,1.5066797,1.0466797,0.3466797,-1.2133203,-1.8833203,-1.5833203,-1.7933203,-2.8033204,-2.9833202,-2.5733204,-3.3033204,-2.5133202,-2.2833204,-2.1933203,-3.1633203,-4.5533204,-4.5533204,-2.5533204,-2.6833203,-2.5833204,-2.2533202,-2.2933204,-1.7333204,-1.4033203,-2.0033202,-2.8733203,-1.9733204,-1.7733203,-1.1633203,-0.3433203,-0.9333203,-0.63332033,-0.62332034,1.4366797,2.7966797,2.1066797,-0.4133203,0.7966797,-1.1733203
0.47667968,0.14667968,-0.4433203,-0.4633203,-0.7333203,-1.5633203,-1.9633203,-2.6033204,-2.8733203,-3.9133203,-4.4733205,-4.4433203,-3.4633203,-4.00332,-2.3033204,-0.56332034,-1.8133203,-3.5633204,-4.37332,-4.9433203,-2.9233203,-2.6533203,-3.8933203,-4.0133204,-3.1233203,-3.0033202,-2.8533204,-2.1633203,-2.5033202,-2.4633203,-1.8433204,-2.4033203,-2.2533202,-2.2733202,-1.7633203,-1.9333203,-1.5933204,0.21667969,-0.2233203,1.7666796,3.0166798
0.19667968,-0.073320314,0.076679684,-0.26332033,-1.0733203,-1.7133203,-1.7233204,-2.1433203,-4.2133203,-4.6133204,-5.5533204,-5.4133205,-6.1133204,-4.50332,-0.45332032,-0.88332033,-1.3033203,-3.2633202,-4.1833205,-3.1633203,-1.5433203,-3.6933203,-4.5733204,-4.29332,-4.29332,-3.9833202,-3.7033203,-1.9533203,-2.2333202,-2.9233203,-3.7433202,-4.2433205,-5.4033203,-4.8633204,-5.60332,-4.0733204,1.7666796,3.2066796,4.0566797,2.5166798,1.3466797
0.12667969,0.06667969,-0.7033203,-1.1333203,-0.8433203,-0.42332032,-0.69332033,-2.2833204,-3.1433203,-4.3633204,-5.0733204,-5.4933205,-5.8233204,-4.00332,-0.9833203,-0.9933203,-2.3633204,-3.7233202,-3.6733203,-3.4633203,-2.2533202,-3.7733202,-4.56332,-4.9233203,-4.3233204,-4.2233205,-3.5933204,-4.1833205,-2.9133203,-2.8733203,-3.7933204,-5.14332,-5.2133203,-4.6133204,-2.8733203,0.076679684,1.2766796,-1.7433203,0.7666797,3.8266797,3.6266797
-0.21332031,-0.7933203,-0.88332033,-0.5833203,-0.7933203,-0.16332032,-0.8333203,-1.7133203,-2.6933203,-3.5433204,-3.6433203,-3.4833202,-4.8433204,-2.3533204,-1.4633203,-1.6333203,-3.2833204,-3.5733204,-3.2633202,-3.4833202,-3.1633203,-3.7633202,-4.08332,-4.3033204,-4.1333203,-4.87332,-3.9833202,-5.6533203,-5.3433204,-5.3233204,-5.1733203,-5.4533205,-6.4033203,-5.56332,-3.9533203,-0.20332031,0.9266797,0.5766797,0.68667966,1.0866797,-0.50332034
-0.9633203,-1.2933203,-0.9233203,-1.5333203,-2.1733203,-1.4033203,-1.3533204,-1.6033204,-2.6333203,-2.3433204,-2.9833202,-2.2633202,-2.8733203,-2.7433202,-1.7933203,-2.5233202,-2.5633204,-2.2333202,-1.8933203,-2.2933204,-2.7833204,-3.3333204,-3.5033202,-3.5833204,-4.0933204,-4.4633203,-5.1933203,-5.6633205,-5.5133204,-5.7233205,-5.73332,-6.0133204,-4.81332,-5.6733203,-4.2633204,-4.4233203,-3.4933202,-3.8733203,-0.48332033,2.4266796,1.1666797
-0.5533203,-1.0933204,-1.4433203,-1.1933203,-0.9233203,-0.5733203,-0.9533203,-1.4033203,-1.8733203,-2.3833203,-1.0233203,-0.88332033,-2.3933203,-2.1833203,-2.7133203,-1.2533203,-1.2533203,-0.8933203,-2.6333203,-2.2433202,-2.3433204,-2.7033203,-2.7733202,-3.6633203,-4.23332,-4.6633205,-5.3033204,-5.1733203,-5.0333204,-5.0133204,-5.4933205,-5.9233203,-5.9733205,-5.4033203,-4.8433204,-5.1933203,-4.64332,-3.1533203,-4.1733203,-2.4633203,-1.4433203
-0.49332032,-0.7133203,-0.87332034,-0.5333203,-0.33332032,-0.4033203,-0.5833203,-1.2733203,-1.6433203,-1.8033203,-0.4733203,-0.36332032,-0.21332031,-1.5433203,-1.6833203,-1.2133203,-1.1333203,-1.7633203,-2.1433203,-1.7633203,-1.2533203,-1.7033203,-2.8433204,-3.7333202,-4.14332,-4.48332,-4.4733205,-4.3833203,-4.52332,-5.4233203,-5.4933205,-5.7833204,-5.48332,-4.9533205,-4.6333203,-4.5333204,-4.1533203,-4.1933203,-4.89332,-3.4433203,-4.2633204
0.7166797,0.99667966,0.6466797,1.3266797,1.3866796,1.0866797,0.5866797,-0.23332031,-0.8633203,-0.4033203,0.61667967,-0.6033203,-0.42332032,1.0366797,0.5066797,-0.3533203,-0.9233203,-0.8333203,-1.6033204,-0.8633203,-2.0333204,-2.8133204,-3.4733202,-3.6433203,-3.7133203,-3.6733203,-4.29332,-4.3433204,-4.37332,-4.7833204,-5.25332,-5.6533203,-5.1533203,-4.75332,-3.6733203,-4.1333203,-3.8433204,-3.7933204,-3.6333203,-3.7133203,-2.5833204
