wind_kz.json
{"header": {"discipline":0,"disciplineName":"Meteorological products","gribEdition":2,"gribLength":871,"center":7,"centerName":"US National Weather Service - NCEP(WMC)","subcenter":0,"refTime":"2023-09-26T18:00:00.000Z","significanceOfRT":1,"significanceOfRTName":"Start of forecast","productStatus":0,"productStatusName":"Operational products","productType":1,"productTypeName":"Forecast products","productDefinitionTemplate":0,"productDefinitionTemplateName":"Analysis/forecast at horizontal level/layer at a point in time","parameterCategory":0,"parameterCategoryName":"UnknownDiscipline_0_Category_0","parameterNumber":0,"parameterNumberName":"UnknownParameter_D0_C0_0","parameterUnit":"Unknown","genProcessType":2,"genProcessTypeName":"Forecast","forecastTime":60,"surface1Type":1,"surface1TypeName":"Ground or water surface","surface1Value":0.0,"surface2Type":255,"surface2TypeName":"Missing","surface2Value":0.0,"gridDefinitionTemplate":0,"gridDefinitionTemplateName":"Latitude_Longitude","numberPoints":615,"shape":6,"shapeName":"Earth spherical with radius of 6,371,229.0 m","gridUnits":"degrees","resolution":48,"winds":"true","scanMode":64,"nx":41,"ny":15,"basicAngle":0,"lo1":47.0,"la1":41.0,"lo2":87.0,"la2":55.0,"dx":1.0,"dy":1.0}, "data":
[rows 0 to 14 of 15, columns 0 to 40 of 41]
302.21274,291.71274,297.91275,294.31274,293.91275,293.01276,304.31274,309.51276,306.81274,307.71274,306.31274,307.61273,306.41275,307.51276,305.41275,307.51276,310.41275,309.61273,314.41275,311.01276,315.11273,311.11273,308.31274,307.81274,308.01276,306.71274,301.51276,283.41275,282.81274,287.91275,288.51276,282.81274,297.41275,303.41275,305.11273,307.51276,315.01276,313.01276,310.11273,311.41275,314.51276
286.21274,297.41275,293.81274,294.11273,293.51276,292.31274,309.01276,306.01276,305.41275,304.51276,305.61273,305.91275,306.61273,300.51276,308.61273,305.61273,311.01276,313.61273,313.01276,313.21274,310.41275,309.31274,311.31274,297.71274,284.61273,277.01276,301.01276,289.71274,283.81274,281.11273,292.21274,277.11273,286.81274,269.51276,284.61273,300.91275,304.01276,305.51276,306.81274,298.51276,284.71274
298.81274,293.61273,294.01276,293.41275,291.61273,303.51276,303.01276,303.41275,303.41275,302.21274,302.01276,303.11273,304.81274,306.01276,302.71274,308.61273,304.91275,302.61273,311.21274,314.01276,310.31274,309.31274,309.71274,301.91275,308.51276,299.51276,300.61273,304.31274,303.91275,294.61273,274.71274,283.31274,291.91275,294.51276,296.61273,294.71274,294.51276,292.51276,295.21274,288.81274,282.81274
300.51276,292.91275,293.71274,292.81274,294.41275,301.81274,300.11273,301.81274,302.31274,302.11273,301.51276,300.91275,291.31274,290.81274,304.31274,308.01276,303.81274,308.91275,294.01276,311.01276,306.61273,304.91275,305.21274,306.41275,306.11273,304.31274,307.51276,302.71274,303.81274,308.01276,304.01276,297.71274,297.61273,308.71274,305.91275,301.21274,290.31274,274.71274,293.71274,300.21274,301.01276
300.31274,292.71274,293.31274,292.31274,296.11273,300.91275,300.51276,302.41275,299.51276,299.61273,301.41275,302.51276,290.41275,289.31274,288.01276,300.61273,303.51276,295.91275,301.81274,301.61273,302.91275,303.01276,303.81274,305.91275,307.11273,308.51276,308.11273,302.31274,310.71274,308.51276,305.51276,298.11273,287.71274,280.51276,292.41275,301.31274,299.21274,305.81274,305.01276,304.31274,302.71274
300.11273,300.51276,291.51276,292.41275,292.41275,291.91275,302.11273,299.51276,298.31274,299.71274,299.61273,299.81274,291.71274,290.31274,296.11273,294.11273,301.51276,303.41275,301.21274,300.71274,301.81274,301.81274,303.11273,302.11273,305.51276,307.21274,310.11273,289.01276,303.11273,303.51276,303.91275,301.51276,301.91275,300.41275,299.41275,297.21274,297.01276,297.21274,306.21274,305.71274,302.21274
300.71274,302.51276,299.81274,300.61273,298.61273,301.51276,301.31274,298.81274,297.61273,298.31274,299.91275,299.41275,300.01276,300.51276,300.61273,299.91275,300.91275,300.41275,301.51276,297.71274,295.51276,300.41275,301.61273,302.11273,300.31274,301.41275,301.21274,301.51276,304.71274,305.11273,303.11273,302.41275,303.41275,301.11273,300.11273,300.41275,296.51276,294.51276,281.81274,290.11273,296.21274
300.81274,301.71274,300.31274,299.11273,298.91275,298.81274,298.11273,299.01276,297.81274,297.51276,297.81274,296.81274,297.41275,298.21274,300.91275,300.21274,299.81274,299.01276,299.01276,299.61273,298.51276,300.31274,287.81274,297.11273,293.01276,295.51276,296.51276,295.91275,295.51276,299.51276,299.11273,292.81274,292.81274,298.71274,298.61273,298.71274,298.21274,286.91275,296.11273,296.41275,294.41275
299.81274,299.21274,299.21274,298.41275,296.61273,297.21274,296.91275,296.31274,295.51276,294.71274,294.21274,294.81274,294.51276,296.21274,297.71274,299.21274,300.31274,299.01276,297.01276,297.21274,296.91275,296.91275,297.81274,296.81274,291.91275,292.81274,293.81274,293.41275,292.61273,292.11273,292.21274,295.01276,298.71274,296.81274,297.41275,287.61273,294.01276,293.51276,273.21274,273.21274,273.51276
297.61273,297.21274,296.81274,296.51276,296.91275,296.61273,296.11273,294.11273,294.61273,294.31274,292.71274,292.41275,294.01276,294.51276,294.01276,295.31274,296.81274,298.61273,296.81274,297.91275,296.81274,296.21274,297.01276,297.41275,297.51276,297.21274,296.11273,298.11273,296.11273,294.81274,294.51276,294.61273,295.41275,295.01276,294.71274,294.31274,286.01276,285.21274,278.91275,281.01276,277.71274
294.81274,294.71274,294.11273,293.91275,294.71274,293.31274,292.91275,292.41275,292.61273,293.01276,291.41275,289.51276,290.41275,289.41275,293.01276,293.61273,293.31274,294.01276,295.61273,289.51276,296.31274,296.71274,291.81274,296.21274,295.31274,294.81274,293.21274,296.61273,297.51276,297.61273,297.61273,295.71274,295.81274,292.11273,290.71274,285.61273,279.21274,280.81274,284.11273,282.81274,283.41275
292.81274,293.11273,294.51276,293.91275,293.81274,292.61273,292.31274,291.41275,292.31274,291.11273,287.11273,288.61273,290.01276,290.61273,290.01276,288.71274,291.01276,290.91275,290.01276,287.41275,286.31274,286.11273,286.71274,286.81274,291.21274,288.11273,295.11273,297.01276,294.91275,291.81274,294.41275,295.81274,289.91275,286.81274,284.41275,284.31274,282.41275,283.71274,283.21274,286.71274,286.51276
290.61273,292.41275,293.51276,293.11273,292.61273,291.01276,291.21274,287.71274,286.81274,285.81274,285.41275,285.01276,289.61273,289.71274,287.51276,287.71274,287.61273,289.21274,289.91275,286.31274,286.21274,285.41275,287.51276,286.71274,286.81274,286.51276,290.81274,294.81274,294.71274,294.01276,294.21274,293.21274,285.21274,284.61273,284.51276,285.61273,283.61273,284.31274,282.11273,281.91275,281.61273
291.51276,292.11273,288.91275,292.01276,290.21274,287.81274,290.31274,285.11273,285.81274,283.51276,282.21274,283.91275,287.31274,288.61273,286.31274,290.51276,288.01276,286.11273,286.01276,285.61273,289.81274,292.51276,293.01276,293.01276,292.11273,289.21274,286.71274,286.91275,291.61273,292.71274,288.41275,287.21274,283.11273,281.81274,281.91275,281.21274,283.01276,281.31274,282.61273,281.91275,282.61273
289.61273,291.31274,286.41275,291.21274,291.51276,287.41275,287.41275,288.81274,286.81274,288.51276,284.31274,283.01276,281.51276,282.21274,283.91275,283.01276,286.81274,285.81274,287.91275,288.81274,288.21274,285.71274,288.61273,290.31274,290.71274,289.91275,288.21274,290.71274,286.81274,287.31274,286.41275,285.21274,287.31274,281.71274,281.41275,280.81274,281.11273,280.21274,280.71274,282.41275,281.91275
