wind_kz.json
{"header": {"discipline":0,"disciplineName":"Meteorological products","gribEdition":2,"gribLength":1025,"center":7,"centerName":"US National Weather Service - NCEP(WMC)","subcenter":0,"refTime":"2023-08-26T06:00:00.000Z","significanceOfRT":1,"significanceOfRTName":"Start of forecast","productStatus":0,"productStatusName":"Operational products","productType":1,"productTypeName":"Forecast products","productDefinitionTemplate":0,"productDefinitionTemplateName":"Analysis/forecast at horizontal level/layer at a point in time","parameterCategory":2,"parameterCategoryName":"UnknownDiscipline_0_Category_2","parameterNumber":3,"parameterNumberName":"UnknownParameter_D0_C2_3","parameterUnit":"Unknown","genProcessType":2,"genProcessTypeName":"Forecast","forecastTime":180,"surface1Type":103,"surface1TypeName":"Specified height level above ground","surface1Value":10.0,"surface2Type":255,"surface2TypeName":"Missing","surface2Value":0.0,"gridDefinitionTemplate":0,"gridDefinitionTemplateName":"Latitude_Longitude","numberPoints":615,"shape":6,"shapeName":"Earth spherical with radius of 6,371,229.0 m","gridUnits":"degrees","resolution":48,"winds":"true","scanMode":64,"nx":41,"ny":15,"basicAngle":0,"lo1":47.0,"la1":41.0,"lo2":87.0,"la2":55.0,"dx":1.0,"dy":1.0}, "data":
[rows 0 to 14 of 15, columns 0 to 40 of 41]
5.4154224,-0.23457764,-0.29457763,-5.1545777,-5.9845777,-7.3945775,-7.4745774,-2.1145775,-2.0945776,-2.3245776,-2.3345776,-2.0245776,-3.6545777,-1.3845776,-1.8345777,-3.6145775,-4.4745774,-3.9845777,-4.1945777,-2.2745776,-4.7345777,-4.614578,-3.9445777,0.24542236,-1.0045776,0.70542234,0.25542235,1.8154224,0.24542236,2.1254225,-0.46457765,-2.5545776,0.83542234,-4.2245774,-2.6345778,-3.8645775,-3.9245777,-2.6745777,-3.7045777,-1.4745777,-0.21457763
1.4254223,0.48542237,-1.7245777,-4.2445774,-6.1345778,-6.6245775,-5.7245774,-2.1045775,-2.4345777,0.75542235,-3.0045776,-2.3245776,-2.5445776,-3.4445777,-5.9645777,-4.9445777,-4.6745777,-4.0245776,-5.2145777,-3.9645777,-3.1545777,-3.4345777,-1.8545777,0.06542236,1.8154224,2.1654224,-0.91457766,3.4354224,0.7354224,2.7054224,3.9854224,5.925422,0.69542235,1.0154223,-4.6045775,-2.6245775,-3.4545777,-5.2745776,-1.5245776,-2.3045776,2.8754225
2.1254225,1.3454224,-2.8245776,-5.534578,-5.6445775,-3.3245776,-4.844578,-5.014578,-1.7545776,-2.6445777,-2.9145777,0.36542237,-0.50457764,-3.0645776,-3.9745777,-4.1845775,-4.1745777,-4.2245774,-2.3845778,-2.9645777,-2.8445776,-3.6445777,-2.5645776,-1.0445776,-0.98457766,0.17542237,0.82542235,1.7054224,-0.124577634,0.13542236,2.3054223,1.7854223,1.0354223,-0.7045776,-1.0345776,2.0454223,2.5454223,0.11542236,-1.2545776,-1.0945777,0.41542235
0.86542237,0.045422364,-3.1045775,-5.594578,-5.7745776,-4.7145777,-5.574578,-4.7345777,-4.4945774,-3.6745777,-3.8245776,-0.5945776,0.20542236,-1.0045776,-3.1245775,-4.2545776,-4.4745774,-4.014578,-2.4945776,-1.5145776,-1.6745776,0.64542234,-0.63457763,-2.4245777,-2.2945776,-2.1945777,-2.8945777,-2.7845776,-1.8945776,-2.8845778,-3.6545777,-3.4045777,-1.3945776,1.0254223,1.4154223,-2.6045775,-1.0645776,2.1854224,0.9854224,-0.61457765,0.75542235
1.2454224,1.7454224,0.32542238,-1.9045776,-2.8045776,-3.2845776,-4.7945776,-2.8645775,-3.7145777,-3.7145777,-3.2545776,-1.8945776,1.3554224,-2.5645776,-3.7945776,-4.4445777,-4.8345776,-4.1545777,-3.7745776,-5.0045776,-4.6345778,-3.9245777,-3.3545775,-3.7145777,-4.2945776,-0.28457764,-1.5145776,-2.7645776,-2.9645777,-2.2745776,-3.8745775,-1.4745777,1.5354223,3.7654223,-0.91457766,-0.68457764,-0.56457764,1.3354224,1.2154224,0.43542236,1.7754223
2.9254224,1.7154224,1.0654224,-1.3045776,-4.764578,-4.0845776,-3.5945776,-4.034578,-3.6245775,-3.3745775,-2.7745776,-1.9145776,-1.4245776,-3.5145776,-4.2145777,-3.6345778,-4.4345775,-6.4945774,-7.5645776,-7.4645777,-5.8145776,-6.4845777,-7.2945776,-4.2245774,-2.6345778,-1.0845777,-0.56457764,-1.1645776,-1.0645776,-2.4545777,-2.0545776,-1.3045776,-2.5445776,-2.4145777,2.2354224,-4.1645775,1.7654223,0.57542235,-1.4845777,-2.3145776,-1.0245776
-0.61457765,-1.3645777,-1.7845776,-2.1945777,-3.0445776,-3.0145776,-3.8845778,-3.8045776,-5.3145776,-5.6745777,-2.8645775,-3.3645775,-5.4945774,-4.7945776,-4.364578,-3.8145776,-3.2745776,-4.534578,-5.4145775,-4.8345776,-4.9045777,-5.6045775,-5.4045777,-5.4145775,-4.324578,-3.9045777,-5.2045774,-3.7045777,0.25542235,-0.18457764,1.4254223,-1.1745776,-0.18457764,-0.35457763,-2.0645776,-1.8245777,-3.0345776,-0.5845776,-0.8245776,-1.0545776,-0.7145776
0.005422363,-1.2645776,-1.4945776,-1.4545777,-2.2545776,-3.2945776,-3.4345777,-3.1145775,-1.6145777,-2.9545777,-4.6545777,-3.1445777,-3.6945777,-4.6845775,-4.9645777,-5.2545776,-4.324578,-3.6345778,-4.6345778,-5.054578,-5.284578,-5.7945776,-5.1945777,-5.7145777,-3.3045776,-0.94457763,-0.97457767,-2.7245777,-1.7545776,-0.7845776,2.2454224,0.21542236,2.4554224,1.7854223,3.4054224,1.5554223,-0.14457764,-5.014578,0.14542237,-0.49457765,-1.8245777
0.44542235,-1.4245776,-1.6045777,-1.8745776,-2.1645777,-1.5645776,-1.8745776,-1.1345776,-1.7545776,-0.7045776,-2.7945776,-2.7845776,-3.0645776,-4.574578,-5.4945774,-3.3645775,-2.6445777,-3.5845776,-2.4245777,-2.6445777,-2.7845776,-3.7045777,-3.5145776,-2.2945776,-1.5245776,-0.31457764,1.7854223,2.1054223,2.2254224,1.1554223,-0.63457763,1.4754224,3.5854223,3.3754225,2.8654222,2.9554224,-1.2045777,2.5254223,1.5454223,1.4854224,0.9154224
-0.36457765,-0.20457764,-0.10457764,-1.3445777,-1.9745777,-1.2245777,0.035422362,-1.3745776,-1.5345776,-1.0645776,-2.1045775,-2.3745775,-2.8645775,-3.2145777,-3.0845776,-2.6945777,-3.4545777,-3.9145777,-2.9745777,-2.8545775,-2.5945776,-2.3645775,-3.2045777,-2.3245776,-3.8545775,-1.9145776,1.7454224,3.1954224,3.9954224,3.9054224,2.0054224,0.87542236,-1.4645777,2.3854225,1.2254224,0.15542236,2.3154223,0.7954224,3.7354224,4.8454223,3.3754225
0.68542236,-0.8445776,-0.32457763,-0.15457764,-1.2345777,-0.8245776,1.4454224,1.3754224,-0.69457763,-1.4445777,-0.15457764,-1.1145777,-2.7045777,-2.8545775,-3.7345777,-3.0145776,-4.1245775,-4.4345775,-3.5945776,-4.6645775,-4.074578,-3.2245777,-3.9845777,-6.7145777,-3.3345776,-1.4945776,-0.15457764,1.6954224,3.6154222,3.8654222,4.5054226,1.0154223,-0.21457763,-0.39457762,2.0654223,1.4954224,1.8354224,3.1754224,3.0454223,1.8854223,0.81542236
1.1854224,-0.36457765,-1.7545776,0.55542237,-0.17457764,-0.9645776,-0.66457766,-1.3645777,-1.5445776,-0.8345776,-1.8345777,-1.8845776,-2.2145777,-2.8945777,-3.2545776,-3.7545776,-4.3745775,-4.1345778,-3.2345777,-4.074578,-4.1445775,-3.2545776,-2.5345776,-4.7245774,-5.3945775,-3.3545775,-2.6845777,-3.4545777,3.7454224,3.9654224,3.2454224,1.8454224,0.9854224,1.3554224,-0.31457764,-2.8345776,3.3654222,4.0154223,3.3254223,2.5054224,1.3154224
0.48542237,0.5954224,-1.6245776,-0.62457764,-0.054577637,-0.42457762,-0.67457765,0.28542235,-1.0645776,-1.5645776,-1.5945777,-1.6845776,-2.0645776,-2.3645775,-2.9845777,-3.3445776,-3.1745777,-3.9345777,-4.0645776,-3.5445776,-3.4745777,-2.2845776,-2.4445777,-1.3345777,-4.4345775,-5.6445775,-3.5445776,-2.8145776,0.51542234,1.7354224,1.8854223,0.39542237,3.2754223,0.9854224,-1.8845776,-4.304578,0.9654224,2.1654224,1.9254223,1.2954223,0.80542237
1.4454224,0.9854224,-0.45457762,-0.46457765,-0.034577638,-0.13457763,-1.1045777,-0.91457766,-0.79457766,-2.2845776,-0.10457764,-1.4345776,-1.2545776,-1.7845776,-3.3445776,-3.7745776,-3.4145777,-3.2045777,-2.9345777,-3.4145777,-3.6345778,-3.5945776,-4.344578,-4.514578,-2.4945776,-2.8845778,-4.324578,-3.4645777,-2.6645777,0.9654224,2.0754223,2.0554223,2.0254223,1.6754223,-1.2545776,-2.2345777,-2.7945776,-0.35457763,0.68542236,0.9654224,0.12542236
0.61542237,2.9354224,1.9654224,0.7354224,0.43542236,0.8454224,-0.124577634,0.6654224,-0.0045776367,-1.4345776,-1.0645776,-0.48457763,-0.10457764,-0.8245776,-4.1845775,-3.6345778,-4.574578,-4.4245777,-4.1345778,-3.6945777,-3.1345778,-3.7445776,-3.8945777,-4.6545777,-4.7545776,-3.8245776,-3.5145776,-2.9945776,-2.4345777,-0.98457766,-1.3045776,-0.24457763,2.2054224,3.0154223,3.1754224,-0.21457763,1.1554223,-0.07457764,-1.3145776,-0.55457765,0.005422363
