wind_kz.json
{"header": {"discipline":0,"disciplineName":"Meteorological products","gribEdition":2,"gribLength":871,"center":7,"centerName":"US National Weather Service - NCEP(WMC)","subcenter":0,"refTime":"2023-09-07T12:00:00.000Z","significanceOfRT":1,"significanceOfRTName":"Start of forecast","productStatus":0,"productStatusName":"Operational products","productType":1,"productTypeName":"Forecast products","productDefinitionTemplate":0,"productDefinitionTemplateName":"Analysis/forecast at horizontal level/layer at a point in time","parameterCategory":0,"parameterCategoryName":"UnknownDiscipline_0_Category_0","parameterNumber":0,"parameterNumberName":"UnknownParameter_D0_C0_0","parameterUnit":"Unknown","genProcessType":2,"genProcessTypeName":"Forecast","forecastTime":60,"surface1Type":1,"surface1TypeName":"Ground or water surface","surface1Value":0.0,"surface2Type":255,"surface2TypeName":"Missing","surface2Value":0.0,"gridDefinitionTemplate":0,"gridDefinitionTemplateName":"Latitude_Longitude","numberPoints":615,"shape":6,"shapeName":"Earth spherical with radius of 6,371,229.0 m","gridUnits":"degrees","resolution":48,"winds":"true","scanMode":64,"nx":41,"ny":15,"basicAngle":0,"lo1":47.0,"la1":41.0,"lo2":87.0,"la2":55.0,"dx":1.0,"dy":1.0}, "data":
[rows 0 to 14 of 15, columns 0 to 40 of 41]
290.97327,284.77325,287.57327,298.07327,298.27325,296.77325,294.97327,295.17328,291.87326,292.17328,291.27325,293.07327,292.77325,293.27325,293.77325,292.37326,293.37326,292.77325,292.87326,292.37326,293.57327,291.27325,290.77325,290.17328,290.27325,291.37326,290.47327,276.67328,275.87326,276.07327,275.57327,276.97327,286.97327,292.47327,296.47327,295.37326,294.17328,295.27325,295.67328,293.27325,293.87326
270.77325,286.17328,297.57327,297.87326,297.87326,296.07327,292.37326,291.07327,290.87326,290.87326,291.27325,290.17328,291.47327,290.67328,289.47327,289.67328,291.27325,291.77325,290.87326,290.07327,291.77325,292.47327,292.37326,286.57327,273.67328,275.47327,284.07327,278.27325,276.87326,272.37326,279.47327,272.07327,277.97327,256.37326,275.77325,290.67328,290.87326,294.07327,295.27325,289.27325,284.07327
284.97327,297.17328,298.17328,297.97327,295.27325,290.77325,290.57327,289.67328,289.37326,289.67328,289.27325,289.87326,288.57327,290.17328,292.87326,288.67328,288.77325,288.47327,288.77325,290.17328,292.67328,290.87326,293.57327,287.07327,289.47327,289.07327,290.77325,287.37326,286.67328,281.47327,274.47327,276.47327,280.07327,279.27325,280.87326,281.97327,276.07327,277.07327,278.17328,274.27325,272.77325
286.37326,296.97327,297.97327,296.97327,293.37326,290.87326,292.07327,290.67328,291.07327,290.77325,289.17328,290.27325,293.97327,293.27325,291.27325,292.77325,292.37326,289.07327,289.17328,289.17328,291.57327,289.17328,291.27325,291.47327,291.77325,292.37326,292.17328,291.77325,288.67328,289.17328,290.37326,289.57327,292.57327,290.87326,291.07327,287.37326,275.27325,274.27325,278.17328,287.77325,290.87326
288.57327,295.57327,296.47327,295.27325,293.47327,291.07327,291.57327,293.17328,292.37326,292.27325,291.27325,288.37326,293.47327,292.27325,290.17328,290.27325,291.27325,291.67328,289.07327,291.07327,291.57327,292.87326,292.37326,290.27325,291.27325,290.87326,289.57327,291.27325,290.27325,290.47327,293.17328,290.47327,280.47327,270.57327,280.37326,288.97327,291.97327,293.07327,292.77325,293.07327,293.57327
287.37326,288.37326,294.27325,293.97327,294.37326,293.77325,291.37326,291.97327,291.47327,290.47327,289.67328,289.27325,292.27325,293.17328,289.57327,286.77325,289.17328,290.07327,288.87326,288.87326,288.77325,289.27325,288.87326,289.07327,289.07327,287.97327,288.97327,291.97327,290.47327,291.07327,291.47327,293.07327,289.97327,288.67328,288.77325,290.47327,283.77325,284.57327,289.07327,291.67328,290.37326
285.27325,283.87326,286.97327,287.47327,289.97327,289.47327,290.07327,290.37326,290.17328,289.87326,288.27325,288.07327,287.87326,288.17328,286.77325,287.17328,286.77325,287.77325,286.07327,286.37326,284.67328,285.97327,287.37326,287.57327,286.17328,286.97327,287.77325,288.97327,288.27325,288.17328,288.97327,289.57327,290.17328,291.07327,291.37326,288.77325,283.57327,280.77325,276.27325,273.97327,284.47327
284.07327,286.27325,283.17328,285.07327,287.47327,289.97327,289.97327,290.07327,288.67328,289.27325,287.27325,286.57327,285.27325,286.07327,286.87326,287.17328,285.97327,285.97327,285.47327,282.57327,283.37326,282.97327,283.87326,284.67328,284.77325,282.47327,282.47327,283.77325,283.47327,286.07327,286.17328,287.37326,286.97327,284.17328,284.77325,284.97327,286.87326,289.37326,285.67328,285.27325,282.67328
284.47327,284.27325,286.47327,285.87326,286.57327,284.77325,286.47327,285.97327,285.37326,286.17328,282.87326,283.17328,282.37326,283.67328,284.17328,285.17328,285.37326,285.77325,284.47327,283.27325,281.37326,282.17328,282.67328,282.57327,280.97327,282.27325,280.17328,280.37326,280.47327,279.87326,282.77325,284.67328,288.87326,287.77325,286.97327,286.47327,286.07327,282.47327,271.47327,271.77325,270.27325
279.87326,280.87326,282.97327,281.27325,285.77325,285.97327,281.27325,285.77325,283.07327,280.97327,280.37326,280.27325,281.07327,281.17328,281.27325,282.07327,282.47327,282.97327,282.67328,282.57327,281.67328,282.57327,282.97327,282.97327,282.77325,281.57327,281.87326,282.57327,282.47327,283.47327,284.87326,288.27325,289.97327,288.47327,286.37326,285.37326,284.07327,279.27325,272.37326,276.27325,272.57327
283.27325,281.67328,277.57327,282.77325,281.97327,280.37326,281.67328,281.27325,280.07327,280.37326,280.07327,279.57327,280.87326,279.77325,279.97327,280.17328,280.57327,281.67328,281.47327,280.67328,280.57327,280.67328,281.47327,281.97327,281.87326,281.77325,281.47327,283.87326,284.97327,287.07327,288.17328,289.77325,289.87326,290.07327,288.37326,284.87326,280.57327,276.87326,274.37326,275.37326,274.77325
284.57327,282.97327,282.67328,278.17328,277.07327,277.57327,277.27325,278.27325,280.77325,280.37326,278.87326,279.77325,280.57327,280.47327,280.97327,281.37326,281.07327,281.67328,281.67328,280.27325,279.37326,278.87326,279.27325,279.97327,280.47327,282.77325,284.07327,285.57327,286.77325,288.27325,288.77325,290.07327,288.57327,287.77325,285.87326,283.87326,283.77325,281.57327,281.27325,279.57327,277.97327
282.97327,283.87326,280.97327,281.97327,281.97327,281.37326,280.87326,280.77325,280.47327,280.47327,279.27325,278.57327,281.27325,282.07327,281.57327,281.57327,281.57327,281.87326,282.47327,280.07327,279.47327,278.67328,279.27325,279.27325,284.47327,285.57327,284.97327,285.97327,287.37326,288.07327,288.27325,287.17328,285.57327,287.17328,285.67328,282.57327,281.37326,281.67328,280.97327,279.47327,278.87326
280.37326,282.37326,285.47327,281.77325,281.67328,280.87326,281.37326,282.27325,282.77325,282.17328,280.67328,280.77325,281.67328,282.87326,282.27325,282.27325,280.07327,280.67328,281.57327,281.67328,280.37326,280.37326,283.47327,285.47327,285.67328,284.77325,287.07327,285.87326,285.57327,285.07327,285.57327,285.17328,285.67328,284.27325,283.37326,280.57327,280.37326,279.87326,279.37326,279.47327,278.17328
281.67328,282.37326,289.17328,283.77325,285.87326,285.47327,284.87326,285.17328,284.67328,284.57327,285.37326,283.47327,281.87326,281.77325,282.87326,283.77325,284.07327,284.47327,282.27325,282.57327,283.17328,284.57327,284.37326,284.37326,284.87326,285.57327,285.87326,283.97327,284.77325,283.37326,283.07327,282.17328,280.37326,280.07327,279.87326,280.07327,280.07327,279.17328,279.37326,279.67328,282.17328
