wind_kz.json
{"header": {"discipline":0,"disciplineName":"Meteorological products","gribEdition":2,"gribLength":1102,"center":7,"centerName":"US National Weather Service - NCEP(WMC)","subcenter":0,"refTime":"2024-01-31T00:00:00.000Z","significanceOfRT":1,"significanceOfRTName":"Start of forecast","productStatus":0,"productStatusName":"Operational products","productType":1,"productTypeName":"Forecast products","productDefinitionTemplate":0,"productDefinitionTemplateName":"Analysis/forecast at horizontal level/layer at a point in time","parameterCategory":2,"parameterCategoryName":"UnknownDiscipline_0_Category_2","parameterNumber":2,"parameterNumberName":"UnknownParameter_D0_C2_2","parameterUnit":"Unknown","genProcessType":2,"genProcessTypeName":"Forecast","forecastTime":240,"surface1Type":103,"surface1TypeName":"Specified height level above ground","surface1Value":10.0,"surface2Type":255,"surface2TypeName":"Missing","surface2Value":0.0,"gridDefinitionTemplate":0,"gridDefinitionTemplateName":"Latitude_Longitude","numberPoints":615,"shape":6,"shapeName":"Earth spherical with radius of 6,371,229.0 m","gridUnits":"degrees","resolution":48,"winds":"true","scanMode":64,"nx":41,"ny":15,"basicAngle":0,"lo1":47.0,"la1":41.0,"lo2":87.0,"la2":55.0,"dx":1.0,"dy":1.0}, "data":
[rows 0 to 14 of 15, columns 0 to 40 of 41]
-3.7684374,1.2915626,-1.7184376,0.2515625,0.8915625,2.2515626,0.9915625,1.8215625,3.0815625,3.1815624,2.9015625,3.1315625,2.3015625,3.1115625,3.7315626,3.5715625,4.4215627,3.4215624,4.5415626,6.6215625,7.2515626,3.6615624,2.0515625,-2.0784376,0.0015625,-1.8184375,-3.0984375,-0.2884375,1.9215626,0.8315625,-1.9384375,2.0715625,0.0115625,0.3615625,2.4015625,3.3915625,3.4615624,3.5215626,3.6715624,3.5815625,3.2815626
3.4515624,1.0015625,0.3915625,2.1015625,3.3015625,4.2915626,0.2815625,1.9215626,3.9515624,3.5215626,2.5815625,2.7515626,3.0915625,3.5215626,4.7415624,4.9615626,5.2615623,5.9915624,3.9215624,2.2715626,2.2915626,4.1415625,3.1815624,-1.9784375,0.1315625,0.8415625,-0.5884375,1.4715625,-2.7784376,-2.3884375,0.0115625,-1.1884375,2.4415624,-1.5784374,0.0315625,0.2715625,0.5915625,1.0515625,1.6015625,4.2515626,1.9815625
-1.0484375,1.4415625,3.9015625,4.7015624,5.4515624,-0.0684375,2.5815625,4.2115626,4.8715625,4.5015626,4.6215625,4.5315623,4.7115626,6.2515626,7.3015623,4.4915624,4.6215625,5.4315624,6.8015623,6.2915626,5.1415625,3.7715626,5.8315625,5.8415623,6.0515623,0.5415625,-1.2684375,-1.1184375,1.0815625,-0.6884375,-1.9484375,3.3115625,-0.2884375,-0.2384375,1.1715626,-0.6384375,-0.9684375,0.5715625,0.5615625,0.6015625,2.9315624
1.1915625,3.3615625,4.6515627,5.2115626,3.3215625,2.8615625,4.1015625,5.7215624,5.7215624,6.7715626,6.1415625,5.9315624,9.1015625,9.681562,5.6515627,3.9215624,2.7515626,2.9115624,3.9715624,7.4815626,6.0715623,3.8015625,1.9615625,3.9715624,6.8715625,5.3115625,-1.4084375,3.8415625,-0.0984375,-2.4884374,-5.7884374,-7.1284375,-3.9584374,0.1015625,-0.5584375,-2.7484374,-2.5184374,2.2715626,1.5915625,-0.1284375,0.9115625
2.8815625,3.6815624,3.7615626,4.2015624,4.6415625,5.5115623,5.4515624,5.0415626,6.4515624,7.1315627,7.0415626,7.2315626,9.291562,9.221562,9.371563,2.2815626,4.0415626,3.1215625,3.4715624,4.3215623,7.5115623,7.5115623,7.5215626,7.6915627,3.7815626,4.6815624,1.5715625,4.8415623,-2.8884375,1.1015625,1.8415625,-2.5084374,-2.6884375,0.6315625,3.3015625,-0.0784375,-0.7884375,-2.2284374,-1.0384375,-0.5984375,-0.3184375
3.6615624,3.7215624,3.7715626,4.4615626,4.9915624,5.1915627,5.1415625,5.8515625,5.0215626,5.6315627,6.6015625,6.4015627,6.5115623,8.091562,4.0315623,4.0215626,4.2515626,3.7415626,3.2915626,5.1815624,5.6515627,7.1615624,5.8315625,6.6015625,5.1715627,3.3715625,7.5115623,6.2115626,5.8715625,4.6715627,1.9315625,-0.4684375,-2.2684374,-1.8184375,-0.0384375,-6.7684374,0.4015625,-4.2884374,1.7415625,0.4315625,-1.8584375
3.9715624,4.4715624,5.2515626,5.8315625,5.3115625,6.0515623,4.6415625,4.2915626,4.4315624,4.3315625,4.0115623,3.8015625,3.9615624,4.2715626,4.2115626,4.6115627,4.0115623,3.9315624,2.2315626,3.9115624,5.3815627,6.3215623,5.9315624,5.6615624,5.2615623,4.0315623,3.7115624,0.1415625,0.3315625,-3.4384375,-5.0284376,-2.4584374,-1.6084375,-7.2984376,-6.8384376,-1.7284375,-0.9884375,3.7615626,-4.2184377,2.7415626,0.6415625
5.1815624,5.7815623,6.3915625,6.7115626,6.8015623,5.9615626,5.3415623,3.5515625,4.1015625,3.4615624,2.9215624,4.1215625,3.9115624,4.0615625,4.7615623,4.8115625,3.5415626,3.3415625,2.9515624,2.7415626,5.2815623,3.9815626,5.6115627,5.0915623,3.6015625,0.4115625,0.1615625,0.0515625,-0.7084375,-1.5484375,-1.8884375,-3.2984376,-5.1584377,0.4115625,-1.9484375,0.1115625,2.0615625,-3.8784375,-9.178437,-11.808437,-3.6184375
5.3615627,5.5815625,6.3615627,6.1315627,5.9015627,5.7615623,5.2615623,3.4915626,2.9615624,3.4015625,4.1215625,3.2815626,4.9415627,3.9115624,4.3415623,3.2215624,4.0615625,1.7215625,3.3015625,3.2915626,4.9115624,3.6515625,5.3615627,1.1415625,-1.1284375,-2.5284376,-1.7584375,-3.1884375,-2.0084374,-1.2184376,-2.4184375,-2.1584375,-1.5184375,-2.7884376,-3.2684374,-5.1184373,0.6715625,-1.1684375,-2.5184374,-0.8584375,-1.6484375
5.2015624,5.6515627,5.7715626,5.9515624,5.5115623,5.3215623,4.5615625,3.7115624,3.8815625,3.4415624,4.5015626,5.3615627,3.6515625,3.9315624,4.1915627,4.0615625,3.2915626,2.5615625,3.1715624,2.9215624,3.7515626,3.7515626,4.1415625,0.0415625,-2.9184375,-3.2984376,-3.1884375,-4.4784374,-3.5384376,-3.3484375,-2.2484374,-2.5884376,-4.7184377,-3.7784376,-2.4984374,-2.1784375,-1.7684375,-1.0984375,0.1515625,0.3915625,-2.1684375
4.3715625,5.2215624,5.3315625,4.9915624,4.6815624,3.7515626,3.4515624,3.3815625,2.9415624,3.2015624,4.0415626,5.2015624,2.8015625,3.9315624,4.3515625,4.0015626,3.9615624,3.7215624,2.0215626,2.9115624,2.3415625,1.9315625,2.2615626,-0.5384375,-1.7084374,-2.4284375,-2.2084374,-2.4784374,-2.1684375,-1.3284374,-1.9884375,-2.4284375,-2.5184374,-1.4984375,-0.8984375,-1.9884375,-0.6484375,-0.1284375,-1.1884375,0.2015625,-0.7584375
3.3215625,4.4715624,5.2315626,5.1415625,4.7115626,3.2515626,2.3315625,2.3415625,1.6615624,2.5615625,1.4215626,5.3715625,1.9515625,3.7615626,4.5215626,3.7715626,3.9415624,4.2015624,1.6315625,2.0815625,1.9915625,1.8715625,-0.8684375,-0.8584375,-0.7384375,-1.0384375,-1.9984375,-2.0984375,-1.9384375,-2.3584375,-2.3684375,-1.9584374,-1.5384375,-1.5484375,-0.7984375,-0.5884375,-0.4784375,-1.1584375,-1.8484375,-1.3084375,-1.0084375
3.8115625,4.4415627,4.3215623,4.4415627,3.8315625,2.8115625,1.8615625,1.7915626,1.8615625,1.3115625,0.4415625,3.3215625,2.4015625,3.6015625,3.5415626,3.1915624,2.5215626,2.7715626,1.4615625,1.2115625,0.0315625,0.2915625,0.7915625,-0.1384375,2.1215625,0.8815625,0.4315625,0.1615625,0.3015625,0.1915625,0.1815625,0.3115625,-0.1384375,-0.5084375,-0.2484375,-0.1984375,-0.0184375,-0.8384375,-1.1784375,-1.0784374,-1.0684375
4.1815624,4.1215625,4.8515625,4.4815626,3.5615625,2.9915626,1.7515625,2.5215626,1.8815625,2.4815626,0.2515625,0.5715625,1.9515625,2.1215625,2.4815626,2.1315625,2.0615625,1.8015625,0.3315625,1.0215625,1.2015625,1.0915625,1.6315625,1.0915625,1.2815624,0.5515625,-0.2184375,1.0615625,0.6115625,0.6415625,1.2515625,1.0415626,0.7715625,0.7915625,0.8715625,0.9215625,0.0415625,-0.3284375,-1.0984375,-0.0284375,-0.5084375
2.8515625,3.3815625,3.9415624,3.2915626,3.2715626,2.3515625,3.0015626,1.6515625,2.4615624,1.7015625,1.0315624,0.9915625,1.0915625,1.3115625,2.0915625,1.0515625,1.5015625,1.7115625,1.1715626,1.1815625,0.5715625,0.7015625,0.7915625,1.2115625,1.2715625,1.4715625,1.2615625,1.6415625,1.5215625,1.8015625,1.9615625,1.5615625,1.3515625,1.3215625,1.6815625,2.0315626,1.1215625,2.6815624,1.3315625,-0.3084375,-1.1484375
