wind_kz.json
[{"header":{"discipline":0,"disciplineName":"Meteorological products","gribEdition":2,"gribLength":948,"center":7,"centerName":"US National Weather Service - NCEP(WMC)","subcenter":0,"refTime":"2023-09-21T00:00:00.000Z","significanceOfRT":1,"significanceOfRTName":"Start of forecast","productStatus":0,"productStatusName":"Operational products","productType":1,"productTypeName":"Forecast products","productDefinitionTemplate":0,"productDefinitionTemplateName":"Analysis/forecast at horizontal level/layer at a point in time","parameterCategory":0,"parameterCategoryName":"UnknownDiscipline_0_Category_0","parameterNumber":0,"parameterNumberName":"UnknownParameter_D0_C0_0","parameterUnit":"Unknown","genProcessType":2,"genProcessTypeName":"Forecast","forecastTime":180,"surface1Type":1,"surface1TypeName":"Ground or water surface","surface1Value":0.0,"surface2Type":255,"surface2TypeName":"Missing","surface2Value":0.0,"gridDefinitionTemplate":0,"gridDefinitionTemplateName":"Latitude_Longitude","numberPoints":615,"shape":6,"shapeName":"Earth spherical with radius of 6,371,229.0 m","gridUnits":"degrees","resolution":48,"winds":"true","scanMode":64,"nx":41,"ny":15,"basicAngle":0,"lo1":47.0,"la1":41.0,"lo2":87.0,"la2":55.0,"dx":1.0,"dy":1.0},"data":[303.9,290.4,297.5,294.2,294.5,294.2,305.0,309.8,306.6,306.3,305.0,304.6,304.1,303.6,303.6,303.1,303.3,303.4,304.1,303.2,305.6,303.2,302.4,297.0,299.6,300.9,296.1,283.4,281.3,278.4,279.1,278.6,288.3,294.7,295.6,295.1,295.3,294.3,292.5,290.8,290.1,281.9,296.9,294.2,293.9,294.2,293.0,308.6,305.8,304.4,303.6,304.7,303.6,304.0,302.8,302.8,302.8,303.6,302.9,303.1,303.8,303.8,303.1,300.5,291.2,280.6,281.4,288.6,281.8,282.4,275.7,283.6,272.1,282.5,255.9,275.1,291.0,289.5,290.9,292.8,286.0,283.9,301.1,294.1,294.2,293.8,292.6,306.8,305.2,304.8,303.5,302.3,301.8,302.2,300.9,299.8,301.8,302.8,302.7,302.9,303.5,303.3,303.3,303.4,302.8,295.4,299.0,296.3,295.2,295.6,292.9,285.8,276.1,278.3,284.8,285.0,285.9,284.7,276.2,277.9,280.9,275.4,268.3,303.3,292.9,294.1,293.4,297.7,304.5,304.0,303.5,303.0,302.9,301.8,300.3,291.5,290.9,299.8,302.9,302.4,302.0,303.3,304.6,302.7,296.8,300.6,299.1,299.6,299.2,300.0,297.1,294.5,295.1,296.7,294.4,298.6,296.5,294.9,289.7,276.4,267.1,279.6,286.2,289.0,302.8,292.1,292.9,292.0,296.8,303.5,304.9,304.0,301.9,301.1,301.2,301.5,290.3,289.4,288.0,301.9,302.3,300.9,301.6,301.5,301.3,300.8,299.3,298.8,298.0,298.7,296.6,293.0,296.5,295.8,298.4,294.8,283.3,274.1,282.5,288.8,291.4,293.2,292.9,293.3,293.0,305.1,303.7,291.3,291.7,292.0,291.6,303.5,303.9,301.3,301.1,301.1,301.3,292.1,290.2,294.5,299.5,301.0,300.5,300.4,300.6,298.0,298.4,298.0,297.4,297.4,296.3,295.5,288.0,296.2,296.1,293.9,296.0,295.4,292.9,289.9,290.8,284.4,284.4,291.1,291.1,291.9,306.2,306.1,305.7,305.9,301.5,304.4,304.6,302.5,302.2,300.9,298.9,296.2,296.3,299.3,298.7,299.4,299.7,301.1,299.2,298.0,297.4,298.1,297.7,297.6,295.9,295.9,295.3,296.4,295.3,295.6,294.6,293.8,293.6,293.7,291.9,289.9,283.6,281.4,277.2,275.5,286.5,305.2,305.3,305.5,304.8,305.1,304.9,304.5,302.7,301.8,300.3,296.5,297.7,297.4,298.2,299.2,299.1,298.7,299.7,299.2,297.5,297.5,297.4,297.0,296.0,295.2,292.5,291.4,292.2,290.8,292.1,290.7,291.2,290.7,287.3,287.3,287.6,288.0,287.2,288.6,288.2,283.5,304.2,303.0,303.2,303.0,302.9,303.1,303.1,301.6,301.2,299.1,297.3,296.3,295.7,296.5,297.1,298.1,298.2,298.4,297.4,296.4,294.6,294.0,294.6,295.0,293.2,293.0,290.3,288.7,287.7,286.4,286.9,287.0,287.4,287.9,286.8,284.5,284.6,284.1,267.7,270.5,266.6,301.8,300.2,300.8,301.0,301.3,301.4,301.1,300.7,300.0,299.7,298.4,295.8,295.7,297.8,296.7,296.9,297.2,297.8,297.3,296.9,294.9,293.9,294.4,294.6,293.8,291.7,290.9,289.8,288.3,287.6,287.3,288.6,289.7,289.3,288.0,285.8,283.5,278.1,272.7,273.3,273.4,299.4,297.8,298.1,298.3,298.7,298.7,298.9,298.8,298.5,297.3,296.8,294.4,297.5,296.1,296.7,296.9,296.4,296.8,296.6,295.5,295.4,294.5,294.0,293.6,292.8,292.4,289.9,291.5,290.7,291.3,291.0,290.5,289.2,289.8,288.5,285.0,281.0,278.1,278.5,277.1,274.3,298.3,297.8,298.0,297.6,296.3,296.5,295.7,295.5,295.7,294.6,292.4,293.6,294.8,293.3,294.0,293.3,293.2,292.6,295.4,294.5,293.4,293.0,292.6,292.9,292.2,293.1,292.7,293.1,292.3,291.6,290.2,289.8,289.9,287.4,288.2,285.6,284.9,283.7,281.7,281.8,282.0,294.6,296.1,296.3,296.6,295.5,294.6,294.9,294.9,293.8,292.2,289.7,288.8,292.5,290.8,291.4,291.2,291.8,291.6,292.0,291.3,291.2,291.7,290.7,290.2,292.1,292.9,294.2,292.5,291.7,290.8,290.9,290.0,289.7,288.0,288.4,287.6,286.7,286.3,283.8,282.4,281.9,295.5,295.5,290.8,295.2,294.5,293.8,292.7,291.1,291.6,291.1,288.4,286.5,288.4,289.4,289.8,290.7,290.7,290.1,290.9,291.1,291.9,291.5,292.7,291.4,293.1,293.5,292.9,292.6,291.5,291.2,290.2,289.3,288.7,287.6,287.7,286.2,286.2,285.4,284.8,282.3,283.1,293.0,294.8,287.2,293.4,293.6,292.6,292.2,291.6,291.5,289.5,287.5,286.3,283.7,285.0,286.9,288.0,289.1,289.6,290.7,290.5,291.0,290.5,290.7,290.3,291.4,291.2,289.8,291.7,292.9,291.6,291.6,286.4,287.9,287.6,287.7,287.3,287.1,285.9,285.6,285.2,283.7]},{"header":{"discipline":0,"disciplineName":"Meteorological products","gribEdition":2,"gribLength":1025,"center":7,"centerName":"US National Weather Service - NCEP(WMC)","subcenter":0,"refTime":"2023-09-21T00:00:00.000Z","significanceOfRT":1,"significanceOfRTName":"Start of forecast","productStatus":0,"productStatusName":"Operational products","productType":1,"productTypeName":"Forecast products","productDefinitionTemplate":0,"productDefinitionTemplateName":"Analysis/forecast at horizontal level/layer at a point in time","parameterCategory":2,"parameterCategoryName":"UnknownDiscipline_0_Category_2","parameterNumber":2,"parameterNumberName":"UnknownParameter_D0_C2_2","parameterUnit":"Unknown","genProcessType":2,"genProcessTypeName":"Forecast","forecastTime":180,"surface1Type":103,"surface1TypeName":"Specified height level above ground","surface1Value":10.0,"surface2Type":255,"surface2TypeName":"Missing","surface2Value":0.0,"gridDefinitionTemplate":0,"gridDefinitionTemplateName":"Latitude_Longitude","numberPoints":615,"shape":6,"shapeName":"Earth spherical with radius of 6,371,229.0 m","gridUnits":"degrees","resolution":48,"winds":"true","scanMode":64,"nx":41,"ny":15,"basicAngle":0,"lo1":47.0,"la1":41.0,"lo2":87.0,"la2":55.0,"dx":1.0,"dy":1.0},"data":[-0.72286135,0.36713868,-1.8528613,-1.6628613,-2.9128613,-0.6428613,-2.5528612,-1.9028614,-2.7228613,-1.0228614,-0.73286134,0.43713868,1.9171387,3.8471386,3.4271386,3.8371387,4.387139,4.427139,3.5571387,6.1071386,3.7271388,2.0771387,2.5371387,4.657139,1.0071387,-0.6328613,1.7171386,0.5371387,-0.5128613,2.0471387,0.24713868,1.6271386,-0.7028613,-0.28286132,0.46713868,0.6771387,1.5471387,0.4271387,1.9671386,0.8071387,1.5571387,-1.5628613,-1.6928613,-2.7228613,-3.8428614,-2.7228613,-0.31286132,-3.9828613,-3.6728613,-2.2528613,-1.8028613,-0.23286133,-0.74286133,1.0471387,0.52713865,2.3371387,3.1371386,3.0171387,4.1071386,4.0671387,4.0571384,4.2871385,3.7971387,3.3871386,3.1171386,2.1071386,-0.6928613,-0.24286133,0.95713866,-2.7528613,1.4971386,-0.24286133,-0.33286133,-2.1628613,-2.1228614,0.52713865,2.3071387,1.9271387,0.69713867,0.31713867,-0.5028613,-0.98286134,-5.842861,-1.7428613,-4.172861,-2.6328614,1.8071387,-2.2928612,-2.1928613,-1.4828613,-1.0128614,-1.1628613,-0.46286133,-2.3128614,-0.35286132,1.5471387,3.0571387,2.7071388,3.5471387,4.2471385,2.9571388,4.4371386,2.3571386,1.7271386,3.8171387,1.7871387,-1.2128613,-0.36286134,-1.1328614,2.7371387,7.4371386,1.1371387,-1.0128614,1.1671387,1.8471386,-0.03286133,-0.17286132,-0.8828613,0.027138673,-0.85286134,3.4571388,-0.61286134,1.2271386,-5.7428613,-5.3728614,-3.5028613,0.75713867,-3.2628613,-3.0828614,-1.2028613,-2.8628614,-2.0528612,-1.7028613,-1.2828614,-4.3328614,0.34713867,1.7971387,2.8271387,0.64713866,0.17713867,3.7671387,5.2771387,-0.34286132,0.14713867,2.8471386,1.1471387,-2.7028613,-1.1028613,-0.03286133,1.2971387,1.9771386,-2.0228612,0.69713867,2.8571386,4.177139,4.177139,2.9471388,2.3771386,1.7371386,-0.33286133,2.8471386,-0.5128613,-2.7528613,-1.3928614,-6.9828615,-5.8128614,-5.172861,-4.032861,-2.8128614,-1.9728613,-2.5928614,-1.5928613,-0.22286133,-1.6128613,0.14713867,-0.9328613,-1.7828614,0.88713866,3.2571387,-0.90286136,-1.5428613,-1.1028613,1.3871387,-1.9128613,-0.28286132,-0.5128613,-1.5128614,-0.28286132,0.65713865,0.027138673,-2.9728613,2.6171386,-1.9128613,0.44713867,0.95713866,1.6071386,1.0771387,1.3071387,-0.6928613,-1.7228613,1.5071387,-2.9728613,-1.6328614,-0.86286134,-0.06286133,-6.2328615,-5.8728614,-3.3928614,-2.9328613,-1.3928614,0.63713866,0.40713868,-3.0228612,-1.6928613,-2.1328614,-1.2428613,-1.9728613,-3.3428614,-1.3428613,-1.4128613,-2.2528613,-2.6328614,-3.2828612,-3.3028612,-2.6328614,-2.5428612,-2.1328614,-1.3228613,-1.2128613,-1.2728614,-1.9328613,-3.1928613,-2.0028613,-1.3028613,-1.9228613,-1.7728614,0.33713868,1.8071387,1.8771386,0.7471387,-4.4928613,-0.41286132,-2.4228613,-1.4328613,-1.0228614,-0.46286133,-5.1428614,-4.6628613,-4.132861,-3.4428613,-2.5128613,-3.5928614,-2.1328614,-2.8628614,-3.3028612,-2.5328612,-2.1328614,-2.0128613,-0.85286134,-2.9128613,-3.4928613,-2.8028612,-2.5328612,-2.1928613,-2.0428612,-2.7528613,-2.3428614,-2.7228613,-2.0428612,-1.4028614,-0.9628613,-0.72286135,-0.38286132,0.07713867,-0.5828613,-0.9628613,-1.8928614,-3.0728614,-2.8328614,-1.8028613,-1.6328614,-2.2428613,0.48713866,0.38713866,-2.2028613,1.6671387,-1.2628614,-4.322861,-3.7528613,-3.6728613,-3.1628613,-2.9928613,-2.8028612,-2.0028613,-2.1328614,-2.7828612,-4.6428614,-2.3128614,-1.3028613,-1.7728614,-0.042861328,-2.8628614,-2.2728612,-2.0228612,-2.3928614,-1.5128614,-2.1228614,-2.2428613,-2.2328613,-1.8228613,-0.91286135,-0.16286133,-0.03286133,-0.092861325,-0.31286132,-0.98286134,-0.47286132,-0.66286135,-0.60286134,-2.1628613,-0.72286135,-3.6028614,-2.6928613,-0.9628613,-1.3228613,-4.7228613,-5.552861,-2.7628613,-3.9028614,-3.1128614,-2.7128613,-2.5428612,-1.4728613,-1.2128613,-1.4228613,-0.65286136,-1.2728614,-1.0328614,-0.34286132,0.8171387,-0.49286133,-3.0528612,-0.9528613,-0.29286134,-2.7528613,-2.2428613,-2.2128613,-1.7728614,-1.8428613,-1.8428613,-1.1828613,-0.55286133,-0.67286134,0.77713865,-0.43286133,-0.08286133,-0.7528613,-2.2028613,-2.5528612,-3.4328613,-2.3328614,-2.8528614,-2.3728614,-1.1128613,-1.9828613,-1.4028614,-1.3528613,-0.18286133,-2.2328613,-3.7928612,-3.1528614,-1.9628613,-1.0528613,-1.1328614,-0.03286133,-0.30286133,-1.0528613,0.20713867,0.52713865,-0.122861326,-0.33286133,0.17713867,-0.5228613,-1.1428614,-0.48286134,-1.0428613,-1.4428613,-0.61286134,-1.4728613,-1.3128613,-1.4628613,-0.54286134,-0.47286132,-0.65286136,-0.8328613,-1.1228614,-1.2328613,-1.2928613,-1.9228613,-2.1528614,-2.2528613,-1.0728613,-1.6228614,-0.45286134,-0.99286133,-0.25286132,-0.29286134,0.19713867,0.49713868,0.8671387,-1.7828614,-0.99286133,-0.6228613,0.05713867,0.5471387,1.0771387,1.3371387,1.7271386,1.1971387,2.0271387,2.5471387,2.2771387,1.3271387,1.4771386,1.1671387,1.5471387,0.5671387,0.48713866,1.8771386,1.8971387,1.4171387,0.88713866,1.1071386,0.35713866,0.36713868,-0.05286133,-0.19286133,0.17713867,-0.18286133,-0.97286135,-1.1328614,-0.6928613,0.52713865,-1.1328614,-0.27286133,-0.0028613282,0.18713868,1.1771387,-0.31286132,0.34713867,-0.53286135,0.05713867,-1.5128614,-0.31286132,-0.26286134,0.13713866,0.07713867,0.017138671,0.05713867,-0.27286133,0.9371387,2.8071387,2.2971387,2.4671388,1.5271387,0.46713868,-0.0028613282,0.25713867,2.6371386,2.6871386,2.4871387,3.1271386,2.3871386,2.6771386,1.6071386,2.7871387,2.1971388,1.5371387,0.31713867,0.50713867,0.43713868,1.1471387,0.71713865,0.89713866,0.96713865,-1.1928613,-0.8728613,-0.6228613,-0.9328613,-0.73286134,-0.8928613,-0.6428613,0.11713867,-0.05286133,-0.92286134,0.43713868,0.65713865,0.89713866,1.0371387,0.89713866,0.047138672,0.38713866,1.2171386,1.8371387,0.38713866,0.76713866,0.5671387,1.9271387,3.5071387,3.2971387,2.6371386,4.1071386,4.7271385,2.9871387,2.6871386,2.7671387,3.1371386,2.1071386,2.4071386,1.7371386,2.3471386,2.0371387,2.3371387,1.8771386,2.1271386,1.0371387,2.3571386,1.4971386,1.1171386,0.49713868,-0.03286133,-0.012861328,0.25713867,0.7471387,0.4271387,2.4771388,1.2671387,1.1171386,1.2371386,0.7471387,0.8771387,0.6671387,0.90713865,1.7871387,2.7971387,2.3371387,1.7771387,2.3871386,2.9371386,3.4171386,3.1971388,3.7371387,4.8571386,4.8571386,4.2671385,4.4871387,4.367139,4.077139,4.597139,4.2771387,3.8171387,3.4571388,2.9571388,2.7071388,2.5171387,2.4271386,2.6571386,2.1371386,2.3371387,1.6271386,1.6571387,1.1671387,0.84713864,1.3971387,1.1471387,1.7271386,1.3071387,2.1271386,2.0471387,0.7971387,0.8571387,1.4071387,0.20713867,1.0871387,0.9371387,1.9471387,1.7171386,2.4571388,3.4971387,3.3971386,3.7671387,3.7371387,3.9171386,4.4771385,3.6571386,3.9571388,4.3971386,4.8971386,4.7271385,5.697139,3.7571387,4.347139,4.827139,3.4671388,2.6971388,3.0471387,2.6371386,2.6671386,2.6871386,2.7471387,1.9471387,2.2271388,1.9371387,2.1071386,-0.012861328]},{"header":{"discipline":0,"disciplineName":"Meteorological products","gribEdition":2,"gribLength":1025,"center":7,"centerName":"US National Weather Service - NCEP(WMC)","subcenter":0,"refTime":"2023-09-21T00:00:00.000Z","significanceOfRT":1,"significanceOfRTName":"Start of forecast","productStatus":0,"productStatusName":"Operational products","productType":1,"productTypeName":"Forecast products","productDefinitionTemplate":0,"productDefinitionTemplateName":"Analysis/forecast at horizontal level/layer at a point in time","parameterCategory":2,"parameterCategoryName":"UnknownDiscipline_0_Category_2","parameterNumber":3,"parameterNumberName":"UnknownParameter_D0_C2_3","parameterUnit":"Unknown","genProcessType":2,"genProcessTypeName":"Forecast","forecastTime":180,"surface1Type":103,"surface1TypeName":"Specified height level above ground","surface1Value":10.0,"surface2Type":255,"surface2TypeName":"Missing","surface2Value":0.0,"gridDefinitionTemplate":0,"gridDefinitionTemplateName":"Latitude_Longitude","numberPoints":615,"shape":6,"shapeName":"Earth spherical with radius of 6,371,229.0 m","gridUnits":"degrees","resolution":48,"winds":"true","scanMode":64,"nx":41,"ny":15,"basicAngle":0,"lo1":47.0,"la1":41.0,"lo2":87.0,"la2":55.0,"dx":1.0,"dy":1.0},"data":[2.786521,1.746521,-3.453479,-4.273479,-4.463479,-5.253479,-2.983479,-3.763479,-3.093479,-4.643479,-4.193479,-4.453479,-4.833479,-4.183479,-4.873479,-4.093479,-3.333479,-0.943479,1.406521,0.796521,-3.213479,-3.393479,-3.893479,-0.713479,2.256521,1.786521,0.036520995,-0.963479,-0.413479,2.016521,0.956521,2.846521,0.916521,0.686521,0.986521,0.606521,0.826521,3.196521,0.696521,1.536521,-0.97347903,-2.703479,-4.413479,0.016520996,-0.043479003,-3.303479,-5.893479,-4.093479,-3.383479,-4.433479,-5.113479,-5.573479,-6.153479,-6.373479,-6.623479,-6.133479,-4.773479,-3.593479,-1.913479,-1.083479,-0.503479,0.746521,0.616521,1.596521,0.516521,0.596521,1.616521,0.816521,-0.403479,0.716521,3.136521,-1.733479,-1.353479,1.036521,-1.713479,1.676521,2.356521,1.256521,2.306521,1.416521,-0.503479,-0.543479,-0.703479,-2.653479,-0.18347901,-0.15347901,-2.163479,-2.783479,-4.033479,-4.293479,-4.983479,-5.973479,-6.693479,-6.493479,-8.003479,-7.723479,-7.553479,-5.343479,-3.013479,-1.673479,0.756521,-1.023479,1.716521,0.946521,2.146521,2.416521,-3.313479,-2.023479,2.296521,2.306521,1.026521,0.976521,-1.453479,-1.373479,-1.633479,0.616521,0.326521,-0.013479004,-0.953479,-0.133479,0.696521,2.116521,-0.193479,-1.783479,-1.573479,-1.793479,-1.003479,-3.453479,-4.233479,-5.463479,-5.143479,-6.293479,-6.313479,-7.933479,-5.403479,-5.483479,-6.223479,-7.233479,-6.343479,-4.323479,-2.153479,-0.833479,-0.323479,0.876521,1.356521,-2.903479,-1.963479,-1.863479,-1.713479,-1.623479,2.566521,-3.243479,-1.983479,-3.373479,-1.623479,2.146521,-0.073479004,-1.453479,0.15652099,0.086521,1.106521,0.106520995,-0.753479,-2.083479,0.036520995,-2.083479,-3.343479,-4.773479,-6.753479,-6.993479,-4.133479,-4.183479,-5.603479,-6.973479,-7.133479,-5.573479,-4.573479,-6.003479,-7.043479,-5.933479,-5.763479,-6.153479,4.206521,-0.513479,-0.923479,-1.033479,0.266521,-0.72347903,-0.883479,0.196521,-1.933479,-5.023479,-3.153479,-2.853479,-2.933479,-2.243479,-0.843479,-1.723479,0.396521,-0.173479,0.066521,-1.243479,-1.083479,-0.633479,-0.083479,1.726521,1.716521,0.396521,-1.373479,-2.073479,-2.983479,-5.993479,-6.073479,-4.303479,-4.983479,-6.423479,-5.193479,-3.793479,-4.103479,-6.863479,-6.303479,-5.393479,-4.953479,-2.613479,-0.813479,-1.373479,-0.033479005,-0.273479,1.026521,1.436521,1.286521,2.036521,-2.263479,-2.963479,-2.623479,-2.803479,-3.473479,-2.093479,-0.97347903,-0.443479,9.966521,-1.043479,4.206521,2.706521,-0.083479,0.276521,-2.493479,-2.933479,-3.433479,-3.813479,-3.983479,-3.783479,-6.063479,-5.453479,-4.883479,-6.703479,-7.693479,-5.743479,-6.763479,-5.883479,-6.563479,-6.843479,-5.943479,-4.083479,-2.723479,-1.093479,-0.413479,-0.453479,-0.323479,-0.743479,-0.15347901,-0.873479,-1.473479,-1.483479,-1.323479,-2.083479,-2.453479,-1.583479,-0.463479,2.346521,2.706521,0.066521,0.006520996,1.276521,2.146521,2.236521,2.766521,-3.683479,-3.813479,-3.923479,-4.243479,-4.213479,-4.123479,-5.093479,-6.873479,-5.883479,-1.503479,-4.903479,-5.943479,-4.623479,-6.423479,-5.113479,-5.793479,-6.323479,-5.513479,-5.283479,-2.333479,-1.873479,-1.413479,-1.203479,-1.423479,-1.393479,-1.433479,-1.533479,-1.233479,-0.243479,-1.873479,-1.843479,0.766521,-2.143479,-2.703479,-1.063479,-0.803479,-1.253479,0.006520996,-0.943479,0.556521,0.846521,-4.003479,-4.443479,-4.233479,-4.563479,-5.563479,-4.433479,-4.893479,-5.213479,-4.833479,-6.273479,-5.713479,-3.693479,-4.623479,-2.083479,-6.813479,-7.293479,-4.043479,-4.653479,-4.653479,-3.923479,-2.483479,-2.863479,-3.553479,-2.643479,-1.613479,-1.843479,-0.583479,-1.793479,-2.093479,-0.323479,-1.303479,-1.843479,-2.303479,-1.713479,0.226521,0.916521,-0.583479,-0.803479,0.966521,1.006521,-1.883479,-4.833479,-4.943479,-5.393479,-5.703479,-6.163479,-7.013479,-6.593479,-6.093479,-7.463479,-6.243479,-5.533479,-4.923479,-5.143479,-4.723479,-4.303479,-2.193479,-3.243479,-3.703479,-4.743479,-3.563479,-3.073479,-2.743479,-2.633479,-2.383479,-2.133479,-1.373479,-1.103479,-0.853479,-0.963479,-0.703479,1.026521,0.546521,-1.1934791,-1.663479,-2.403479,-1.283479,-0.983479,-0.113479,0.316521,1.296521,0.486521,-4.713479,-5.483479,-5.243479,-5.613479,-5.573479,-5.873479,-6.243479,-6.193479,-6.053479,-6.733479,-6.173479,-5.083479,-4.003479,-6.203479,-4.253479,-4.563479,-4.243479,-4.203479,-3.603479,-1.793479,-1.703479,-2.753479,-1.893479,-2.493479,-1.793479,-1.623479,-0.173479,-0.243479,-0.463479,0.58652097,0.486521,0.746521,-0.083479,-1.043479,-0.733479,-0.933479,0.106520995,0.666521,-0.703479,-0.033479005,0.226521,-3.953479,-4.003479,-4.743479,-4.893479,-5.243479,-5.483479,-5.783479,-5.963479,-6.183479,-6.203479,-5.453479,-5.383479,-5.863479,-4.403479,-4.023479,-5.433479,-6.493479,-7.813479,-2.773479,-2.683479,-2.513479,-1.853479,-0.533479,0.506521,-0.793479,-0.713479,-0.463479,0.166521,1.366521,1.226521,1.126521,1.246521,1.076521,-1.283479,1.376521,0.44652098,-0.963479,-1.353479,-0.043479003,-0.453479,-0.573479,-2.963479,-3.963479,-4.563479,-3.963479,-4.593479,-3.983479,-5.003479,-5.853479,-6.663479,-5.773479,-3.443479,-4.333479,-4.493479,-4.413479,-5.343479,-4.753479,-4.773479,-4.473479,-4.043479,-4.983479,-4.993479,-1.253479,-0.683479,-0.783479,-1.233479,0.496521,-0.643479,-0.573479,-0.113479,1.646521,1.606521,2.016521,1.786521,1.286521,0.956521,1.626521,2.076521,0.926521,1.756521,1.326521,-0.223479,-3.053479,-3.723479,-4.053479,-4.653479,-4.743479,-4.823479,-5.083479,-5.323479,-5.573479,-5.803479,-3.383479,-3.313479,-4.823479,-5.253479,-4.963479,-5.163479,-4.573479,-4.243479,-4.083479,-4.383479,-3.823479,-3.373479,-2.673479,-2.783479,1.156521,0.77652097,1.026521,1.486521,1.676521,2.476521,2.546521,2.436521,2.566521,1.936521,1.736521,2.116521,2.546521,1.836521,2.536521,1.496521,1.666521,-2.083479,-3.463479,-3.703479,-3.973479,-4.403479,-4.573479,-4.803479,-5.433479,-6.253479,-5.383479,-3.383479,-4.383479,-3.443479,-3.413479,-5.263479,-5.973479,-6.253479,-4.623479,-4.063479,-4.003479,-3.933479,-3.443479,-4.233479,-3.673479,-1.933479,-3.013479,-0.543479,1.336521,1.366521,1.696521,3.176521,3.436521,1.816521,2.306521,2.356521,2.376521,2.186521,2.796521,2.286521,3.246521,2.456521]}]