wind_kz.json
{"header": {"discipline":0,"disciplineName":"Meteorological products","gribEdition":2,"gribLength":1025,"center":7,"centerName":"US National Weather Service - NCEP(WMC)","subcenter":0,"refTime":"2023-09-07T00:00:00.000Z","significanceOfRT":1,"significanceOfRTName":"Start of forecast","productStatus":0,"productStatusName":"Operational products","productType":1,"productTypeName":"Forecast products","productDefinitionTemplate":0,"productDefinitionTemplateName":"Analysis/forecast at horizontal level/layer at a point in time","parameterCategory":2,"parameterCategoryName":"UnknownDiscipline_0_Category_2","parameterNumber":3,"parameterNumberName":"UnknownParameter_D0_C2_3","parameterUnit":"Unknown","genProcessType":2,"genProcessTypeName":"Forecast","forecastTime":0,"surface1Type":103,"surface1TypeName":"Specified height level above ground","surface1Value":10.0,"surface2Type":255,"surface2TypeName":"Missing","surface2Value":0.0,"gridDefinitionTemplate":0,"gridDefinitionTemplateName":"Latitude_Longitude","numberPoints":615,"shape":6,"shapeName":"Earth spherical with radius of 6,371,229.0 m","gridUnits":"degrees","resolution":48,"winds":"true","scanMode":64,"nx":41,"ny":15,"basicAngle":0,"lo1":47.0,"la1":41.0,"lo2":87.0,"la2":55.0,"dx":1.0,"dy":1.0}, "data":
[rows 0 to 14 of 15, columns 0 to 40 of 41]
0.73992676,-2.4100733,-1.9800732,-10.710073,-9.350073,-8.010074,-5.8300734,-1.7800733,0.42992675,2.9099267,3.0399268,2.1999269,1.3999268,1.1299268,0.08992676,0.7799268,-0.21007325,-1.0800732,-2.5700731,-1.8000733,0.32992676,0.44992676,0.46992674,-1.0800732,-0.46007323,-1.1400733,-1.4600732,1.6999267,1.3899268,0.22992676,-1.1000732,-0.9100732,0.10992676,-1.2000732,-1.2400732,-0.64007324,-0.5300732,-0.70007324,0.47992676,0.67992675,-0.7800732
2.4399269,-0.17007324,-9.250073,-10.020073,-9.200073,-7.3300734,-4.9600735,-2.0300732,3.7799268,5.0399265,4.1099267,4.4799266,3.1499267,1.7599268,0.60992676,1.1099267,0.87992674,-1.0800732,-2.9800732,-3.4600732,-0.020073242,-1.4600732,0.98992676,1.7699268,1.0699267,1.0699267,-2.2100732,2.9199266,0.62992674,3.0199268,3.3399267,4.6699266,1.3599267,-0.88007325,-1.5500733,-1.2900733,-1.0900732,-1.5000732,1.3699268,-1.9700732,0.099926755
-1.0400733,-5.280073,-8.870073,-10.480073,-8.770073,-5.010073,-1.5600733,0.6599268,3.7299268,4.779927,3.4699268,3.3699267,1.4999268,2.8999267,3.1699266,0.61992675,0.53992677,0.049926758,-2.0100732,-3.5600731,-0.27007324,-1.7000732,-3.0000732,-1.2000732,-0.65007323,0.20992675,0.49992675,0.53992677,-0.10007324,0.80992675,2.8999267,0.38992676,1.0499268,-0.81007326,-0.45007324,1.8499267,3.6799269,0.06992676,0.9599268,0.05992676,1.1099267
-3.5800734,-6.630073,-6.6600733,-8.680073,-6.440073,-7.970073,-7.820073,0.5799267,6.3599267,2.6899269,0.61992675,-0.75007325,-1.6300732,-2.7000732,-2.0700731,-0.61007327,0.8999268,0.31992677,-1.4300733,-3.1100733,-0.82007325,-1.4000733,1.5899267,-0.87007326,-1.8100733,0.13992676,-0.20007324,-1.7000732,0.14992675,-1.3900733,-1.8100733,-0.64007324,0.30992675,0.48992676,-0.040073242,-1.7900733,0.50992674,2.0099268,1.5899267,-1.0200733,0.72992676
-3.0400732,-5.530073,-6.5600734,-6.2000732,-4.1000733,-5.1000733,-7.6000733,-9.090074,-5.030073,-0.6000732,0.88992673,0.62992674,-0.76007324,-5.3300734,-3.9200733,4.2999268,3.0999267,0.93992674,0.8999268,-0.61007327,-0.95007324,-1.0100732,-1.7700733,-2.3700733,-2.3900733,-2.6100733,-2.5900733,-2.8700733,-2.7600732,-3.3200731,-2.7300732,-0.6600732,2.5899267,3.1899269,-0.58007324,-0.9800732,0.97992676,-1.6200732,-1.2700733,0.85992676,0.11992676
-2.0200732,-2.5800734,-5.3100734,-6.6000733,-3.1900733,-0.7200732,-1.8700732,-2.4400733,-3.0800734,-3.5000732,-3.3500733,-0.95007324,-0.96007323,-0.23007324,-2.0600731,0.27992675,-2.6100733,3.0399268,2.1099267,2.9699268,1.6899267,1.3599267,0.93992674,-0.34007323,-0.56007326,-1.2300732,-2.2200732,-5.1000733,-3.7000732,-3.7300732,-3.0800734,-2.2400732,0.39992675,-1.3000733,0.91992676,-0.020073242,1.8599267,2.6399267,-0.45007324,-0.6000732,1.5599267
-0.56007326,-1.6500733,-2.3700733,-3.1000733,-4.150073,-1.3200732,-1.7000732,-2.3900733,-1.5000732,-0.47007325,0.75992674,-1.8900733,-1.4800732,-2.2100732,-1.9700732,2.8199267,3.9799268,4.619927,4.509927,3.3899267,3.1799269,3.1399267,2.0599267,1.5299268,1.6099267,1.9499267,-0.58007324,-2.8900733,-3.3200731,-4.030073,-3.0500731,-2.9700732,-3.7100732,-1.8900733,-0.40007323,-0.64007324,-1.3800732,0.60992676,1.1599268,1.1599268,-0.56007326
0.72992676,-1.6700733,-0.49007323,-1.5600733,-1.2000732,-1.1300732,-0.32007325,-0.39007324,-1.4600732,-1.4800732,-0.71007323,0.5299268,-0.40007323,2.3699267,-1.3300732,1.7999268,-0.75007325,3.0899267,3.6499267,3.6899269,1.6899267,2.6399267,2.4999268,2.4299269,2.2399268,2.2499268,1.2099267,-0.120073244,-1.0100732,-1.9500732,-1.8900733,-2.6900733,-2.9500732,-3.0300732,-1.5700732,-1.5500733,-1.3400732,-0.10007324,-0.93007326,0.9599268,-2.0300732
1.1999267,0.49992675,0.44992676,0.98992676,0.53992677,0.59992677,0.5299268,1.2899268,1.4899268,-0.16007324,-1.2400732,1.3099267,2.8999267,-0.010073242,-0.46007323,-1.8700732,-2.6000733,2.5199268,3.8299267,3.4299269,1.4899268,3.4199266,2.4199266,1.0799267,2.1099267,1.7399268,1.9499267,1.8599267,0.99992675,0.99992675,0.91992676,0.53992677,0.86992675,0.24992676,-0.56007326,-1.8400732,-2.5700731,-0.27007324,2.4099267,2.5599267,1.9899268
-0.080073245,1.7099267,1.5399268,0.8999268,-0.06007324,1.2099267,0.18992676,0.6499268,-1.8200732,-2.5900733,-0.65007323,1.4599267,1.0199268,0.5799267,-0.28007326,-1.2000732,-1.0600733,-0.120073244,0.85992676,2.5899267,2.2699268,2.4499269,2.7999268,2.2199268,1.3999268,0.68992674,0.97992676,0.56992674,0.53992677,1.2099267,1.7099267,3.0599267,2.7399268,1.9799267,1.9499267,0.94992673,-0.34007323,-0.30007324,1.9499267,3.8299267,1.9099268
-1.1100732,-0.52007324,0.44992676,0.49992675,2.0499268,1.6099267,1.2799268,-0.6600732,-0.77007324,0.17992675,-1.8000733,0.38992676,-2.4800732,1.2099267,1.7499268,2.0299268,1.7799268,0.80992675,0.18992676,1.8199267,1.9199268,2.8899267,2.0699267,1.4099268,0.27992675,0.93992674,1.4599267,1.8299267,2.0599267,2.1099267,2.3899267,2.3499267,3.1799269,3.0099268,3.6999269,2.5799267,2.1199267,2.1499267,2.4799268,1.6299268,1.0499268
-0.19007324,0.009926758,0.39992675,0.38992676,2.0699267,2.5499268,1.9799267,1.5699267,1.4499267,1.1599268,0.24992676,-0.11007324,0.67992675,1.2699268,0.9699268,1.5599267,1.7699268,1.0499268,1.0999267,2.2799268,2.3099267,1.2099267,0.18992676,0.5799267,0.66992676,-7.324219E-5,0.92992675,0.7699268,0.9099268,0.5199268,1.6099267,1.8299267,2.1999269,2.9699268,2.7699268,3.2199268,2.8299267,2.4899268,1.7399268,1.6199268,0.99992675
-2.0000732,-0.77007324,-0.31007326,1.0999267,0.69992673,0.34992677,2.5199268,2.7999268,2.9499269,1.7299267,0.85992676,0.21992676,0.67992675,1.7199267,2.1499267,1.5999267,1.1499268,2.2499268,1.4199268,1.7599268,1.6299268,1.2699268,0.9599268,0.08992676,-0.7300732,-0.07007324,-0.50007325,-0.81007326,1.2199267,1.5899267,2.2699268,2.2899268,3.2499268,2.1099267,2.9499269,2.9899268,3.2099268,1.9999268,1.0399268,4.0899267,3.3299267
-3.7600732,-2.5900733,-1.7500732,1.0099268,1.7999268,1.3599267,3.0599267,3.1599267,2.8099267,2.7399268,1.8799268,0.7199268,0.009926758,1.6799268,2.3299267,2.4299269,2.4699268,1.8299267,1.0599267,0.20992675,-0.040073242,0.27992675,0.12992676,-0.5900732,-0.9800732,-1.3400732,-1.1700733,-0.41007325,-0.36007324,1.3899268,1.9899268,1.6199268,3.4599268,3.6099267,2.3199267,2.4499269,1.8499267,1.9199268,-2.4900732,-0.22007324,2.4399269
-1.8800732,-3.0400732,-4.3500733,0.62992674,0.84992677,2.5499268,2.9999268,2.6699266,3.3399267,2.3799267,1.1199268,1.7999268,2.0199268,0.32992676,2.5599267,2.5799267,2.2499268,1.2799268,0.55992675,-0.21007325,-0.61007327,-0.75007325,-1.0100732,-1.3800732,-1.8700732,-1.0800732,-0.75007325,0.31992677,1.2399268,1.9899268,1.9599267,2.1799269,2.5299268,2.9499269,3.2099268,2.6199267,2.2399268,2.4399269,2.2099268,0.7199268,0.10992676
