wind_kz.json
{"header": {"discipline":0,"disciplineName":"Meteorological products","gribEdition":2,"gribLength":948,"center":7,"centerName":"US National Weather Service - NCEP(WMC)","subcenter":0,"refTime":"2023-08-21T12:00:00.000Z","significanceOfRT":1,"significanceOfRTName":"Start of forecast","productStatus":0,"productStatusName":"Operational products","productType":1,"productTypeName":"Forecast products","productDefinitionTemplate":0,"productDefinitionTemplateName":"Analysis/forecast at horizontal level/layer at a point in time","parameterCategory":0,"parameterCategoryName":"UnknownDiscipline_0_Category_0","parameterNumber":0,"parameterNumberName":"UnknownParameter_D0_C0_0","parameterUnit":"Unknown","genProcessType":2,"genProcessTypeName":"Forecast","forecastTime":0,"surface1Type":1,"surface1TypeName":"Ground or water surface","surface1Value":0.0,"surface2Type":255,"surface2TypeName":"Missing","surface2Value":0.0,"gridDefinitionTemplate":0,"gridDefinitionTemplateName":"Latitude_Longitude","numberPoints":615,"shape":6,"shapeName":"Earth spherical with radius of 6,371,229.0 m","gridUnits":"degrees","resolution":48,"winds":"true","scanMode":64,"nx":41,"ny":15,"basicAngle":0,"lo1":47.0,"la1":41.0,"lo2":87.0,"la2":55.0,"dx":1.0,"dy":1.0}, "data":
[rows 0 to 14 of 15, columns 0 to 40 of 41]
318.64386,301.64386,308.74384,301.14386,300.64386,299.04385,311.54385,322.34384,321.14386,321.44385,317.54385,317.64386,314.04385,313.54385,312.14386,318.04385,316.34384,315.34384,317.74384,317.14386,319.94385,314.94385,314.44385,309.64386,311.24384,314.04385,309.64386,295.74384,294.14386,292.14386,289.34384,290.64386,303.84384,310.04385,312.74384,312.04385,311.74384,311.44385,310.54385,310.44385,310.34384
289.44385,309.44385,300.64386,301.94385,300.74384,299.54385,322.34384,320.54385,318.94385,317.44385,317.64386,316.94385,315.84384,313.34384,311.54385,307.74384,310.04385,315.44385,314.44385,318.64386,316.34384,315.94385,313.44385,304.94385,294.44385,294.14386,304.14386,294.94385,297.64386,288.74384,293.04385,285.74384,288.34384,270.64386,290.64386,302.84384,301.74384,299.84384,308.34384,299.34384,286.64386
312.04385,300.34384,302.64386,301.94385,299.64386,317.54385,319.54385,320.84384,319.64386,317.44385,317.34384,317.64386,308.04385,316.04385,314.94385,312.64386,312.74384,315.34384,315.54385,312.64386,315.64386,315.24384,315.44385,309.04385,313.04385,311.44385,311.34384,311.94385,308.74384,296.74384,286.94385,288.74384,296.64386,296.84384,292.24384,288.64386,286.64386,288.14386,289.54385,284.74384,284.04385
315.14386,302.74384,302.34384,300.94385,303.04385,320.84384,321.54385,320.04385,321.04385,319.34384,317.74384,314.04385,297.24384,296.54385,314.14386,308.04385,313.54385,316.14386,316.34384,310.64386,314.64386,313.24384,314.14386,315.54385,314.74384,314.34384,314.24384,310.64386,309.64386,309.44385,310.04385,306.44385,310.64386,310.34384,308.94385,302.74384,286.94385,287.64386,289.94385,300.74384,304.54385
319.44385,302.14386,301.74384,301.14386,307.84384,318.14386,319.04385,322.14386,319.44385,318.44385,319.54385,316.94385,297.44385,296.84384,294.14386,308.34384,303.64386,306.24384,302.14386,307.74384,316.24384,316.24384,314.84384,315.64386,315.04385,314.24384,311.24384,304.84384,311.34384,309.84384,311.14386,308.14386,294.14386,284.94385,296.04385,304.54385,303.74384,309.64386,309.04385,307.84384,308.74384
321.04385,309.44385,299.74384,301.24384,302.44385,301.64386,320.74384,319.64386,318.24384,319.64386,320.14386,320.24384,300.34384,297.44385,302.54385,308.64386,306.44385,308.34384,300.54385,307.34384,309.24384,315.24384,313.74384,313.74384,313.84384,312.24384,311.04385,295.54385,311.34384,312.24384,309.84384,309.64386,307.94385,305.64386,301.64386,301.04385,295.64386,297.54385,307.04385,307.84384,306.04385
321.34384,311.74384,323.64386,310.64386,306.34384,309.54385,321.74384,318.64386,318.04385,318.54385,318.44385,318.94385,319.04385,318.74384,315.34384,307.34384,308.64386,308.74384,305.74384,306.84384,309.74384,313.34384,314.84384,315.54385,312.84384,312.24384,312.94385,314.04385,310.24384,310.44385,311.94385,310.34384,310.44385,309.84384,306.64386,303.44385,297.24384,292.54385,289.54385,289.44385,300.04385
314.84384,322.24384,318.04385,321.64386,318.64386,309.24384,322.14386,317.64386,314.74384,314.24384,315.24384,315.64386,316.84384,317.84384,318.74384,319.24384,317.64386,307.84384,308.54385,304.94385,307.34384,312.74384,312.14386,311.54385,309.54385,306.64386,306.84384,308.24384,306.74384,308.24384,306.74384,308.64386,306.04385,302.14386,302.04385,303.34384,305.14386,290.24384,303.04385,303.04385,299.84384
318.14386,317.84384,318.84384,315.54385,318.94385,317.04385,312.84384,318.34384,314.64386,312.34384,312.44385,313.24384,313.34384,315.74384,314.14386,316.14386,317.44385,316.64386,314.24384,312.44385,310.34384,310.64386,311.24384,309.94385,307.24384,305.34384,303.34384,301.54385,301.44385,299.44385,299.14386,299.54385,299.54385,304.34384,302.54385,299.74384,298.74384,297.24384,286.34384,286.04385,286.84384
315.64386,310.74384,302.84384,313.34384,311.24384,310.84384,303.84384,311.34384,313.54385,311.14386,309.04385,309.14386,310.74384,310.34384,311.14386,311.44385,313.34384,308.64386,308.34384,313.34384,310.04385,309.24384,308.94385,307.84384,306.44385,304.04385,302.74384,302.74384,301.34384,302.04385,300.74384,302.54385,305.24384,305.14386,303.84384,300.44385,296.64386,293.14386,289.84384,286.54385,283.94385
306.64386,304.84384,306.94385,306.04385,306.94385,310.04385,306.84384,306.94385,308.94385,309.74384,306.74384,305.24384,308.94385,306.94385,307.14386,308.04385,308.24384,310.44385,303.44385,302.54385,308.34384,308.14386,305.54385,304.44385,304.24384,302.34384,299.34384,297.74384,301.94385,302.14386,302.04385,302.54385,300.24384,299.34384,298.74384,296.64386,290.14386,287.04385,289.54385,287.04385,284.74384
305.74384,304.84384,305.24384,304.44385,299.54385,304.24384,301.64386,304.84384,302.84384,302.34384,303.94385,303.74384,305.04385,303.84384,304.74384,304.04385,305.14386,305.34384,305.54385,303.74384,299.44385,301.44385,303.34384,303.54385,296.44385,297.84384,298.54385,302.24384,302.94385,302.14386,298.94385,299.34384,298.24384,296.04385,295.94385,295.44385,294.84384,294.34384,292.84384,293.14386,291.14386
298.44385,294.54385,306.14386,296.14386,302.44385,302.74384,302.84384,300.04385,303.04385,301.34384,297.64386,297.34384,300.04385,298.94385,300.54385,298.44385,300.34384,298.24384,302.74384,296.54385,291.04385,297.24384,298.34384,300.44385,297.04385,301.54385,302.74384,300.04385,300.04385,298.54385,299.14386,298.14386,296.74384,295.84384,295.54385,293.34384,293.94385,294.94385,292.64386,291.34384,291.34384
296.64386,297.14386,295.14386,298.74384,301.54385,301.44385,299.84384,300.74384,299.54385,292.84384,288.34384,289.54385,296.34384,294.14386,293.84384,294.94385,296.24384,297.24384,292.84384,297.74384,291.84384,298.84384,301.64386,297.64386,301.14386,300.54385,298.64386,297.14386,296.04385,295.34384,295.14386,295.14386,293.64386,293.14386,293.74384,292.14386,291.94385,292.24384,291.84384,290.14386,290.34384
294.34384,295.84384,292.04385,296.94385,296.94385,294.34384,290.34384,288.84384,288.34384,287.54385,287.34384,286.24384,285.24384,287.54385,292.54385,297.54385,293.24384,293.74384,294.94385,298.04385,294.94385,301.14386,301.94385,298.64386,295.04385,297.74384,296.64386,295.44385,293.44385,292.94385,288.94385,286.54385,291.74384,292.04385,292.14386,290.54385,289.64386,288.84384,290.24384,290.14386,290.54385
