wind_kz.json
{"header": {"discipline":0,"disciplineName":"Meteorological products","gribEdition":2,"gribLength":948,"center":7,"centerName":"US National Weather Service - NCEP(WMC)","subcenter":0,"refTime":"2023-08-22T18:00:00.000Z","significanceOfRT":1,"significanceOfRTName":"Start of forecast","productStatus":0,"productStatusName":"Operational products","productType":1,"productTypeName":"Forecast products","productDefinitionTemplate":0,"productDefinitionTemplateName":"Analysis/forecast at horizontal level/layer at a point in time","parameterCategory":0,"parameterCategoryName":"UnknownDiscipline_0_Category_0","parameterNumber":0,"parameterNumberName":"UnknownParameter_D0_C0_0","parameterUnit":"Unknown","genProcessType":2,"genProcessTypeName":"Forecast","forecastTime":60,"surface1Type":1,"surface1TypeName":"Ground or water surface","surface1Value":0.0,"surface2Type":255,"surface2TypeName":"Missing","surface2Value":0.0,"gridDefinitionTemplate":0,"gridDefinitionTemplateName":"Latitude_Longitude","numberPoints":615,"shape":6,"shapeName":"Earth spherical with radius of 6,371,229.0 m","gridUnits":"degrees","resolution":48,"winds":"true","scanMode":64,"nx":41,"ny":15,"basicAngle":0,"lo1":47.0,"la1":41.0,"lo2":87.0,"la2":55.0,"dx":1.0,"dy":1.0}, "data":
[rows 0 to 14 of 15, columns 0 to 40 of 41]
310.52667,296.92667,304.12665,299.82666,299.52667,298.62665,304.62665,309.72665,307.42667,306.42667,320.12665,318.22665,317.82666,318.72665,320.72665,323.02667,320.72665,318.22665,321.22665,319.52667,322.82666,316.32666,316.02667,315.12665,318.22665,317.02667,314.82666,305.02667,299.62665,297.82666,301.12665,296.32666,311.82666,320.92667,326.62665,326.82666,329.32666,326.72665,329.62665,327.12665,327.42667
285.12665,301.52667,299.72665,299.72665,299.62665,298.32666,309.32666,306.32666,303.92667,302.12665,302.12665,306.12665,316.52667,316.62665,320.62665,323.72665,324.12665,323.52667,320.62665,320.62665,320.82666,316.62665,317.02667,310.32666,302.32666,300.52667,311.82666,308.12665,306.52667,295.12665,299.82666,296.92667,303.12665,277.72665,297.12665,316.42667,316.42667,318.52667,322.22665,312.72665,286.52667
304.62665,299.42667,300.12665,300.02667,298.62665,310.32666,312.42667,314.52667,313.42667,312.92667,313.52667,314.82666,314.12665,316.12665,316.82666,320.82666,313.52667,322.22665,321.02667,319.52667,317.32666,315.82666,319.92667,314.52667,315.92667,317.22665,316.52667,316.12665,315.92667,308.62665,297.52667,300.12665,309.32666,308.22665,309.32666,307.12665,301.62665,299.02667,302.92667,297.72665,296.42667
311.92667,300.82666,300.32666,299.02667,300.82666,310.82666,311.22665,312.62665,313.42667,313.22665,312.22665,311.12665,296.02667,295.52667,314.22665,317.82666,315.92667,320.62665,320.02667,319.12665,312.52667,315.12665,313.92667,315.42667,319.72665,318.52667,320.32666,319.02667,322.42667,325.92667,319.82666,317.72665,319.92667,323.62665,322.72665,318.92667,302.22665,298.82666,304.32666,317.52667,322.42667
311.22665,300.32666,300.62665,300.22665,305.02667,310.72665,313.12665,314.62665,312.92667,311.72665,312.72665,312.42667,296.62665,294.82666,292.52667,305.42667,312.62665,312.92667,313.92667,312.52667,313.42667,315.22665,315.42667,315.32666,317.52667,318.92667,320.02667,313.62665,321.92667,323.72665,324.12665,321.72665,308.72665,301.22665,309.12665,321.42667,313.02667,329.22665,329.82666,324.62665,323.92667
308.92667,308.22665,298.42667,299.62665,299.82666,299.12665,313.02667,313.12665,313.02667,312.52667,311.82666,314.12665,298.42667,295.32666,305.12665,307.22665,307.02667,314.72665,317.62665,314.42667,313.02667,311.22665,312.02667,312.22665,313.62665,315.12665,317.32666,294.42667,318.42667,319.82666,319.22665,321.32666,323.82666,324.12665,319.22665,314.82666,312.62665,316.12665,326.92667,327.12665,324.82666
302.82666,310.22665,311.92667,310.42667,305.72665,308.32666,311.72665,312.72665,309.52667,309.92667,312.52667,297.22665,299.92667,314.12665,313.12665,309.92667,313.22665,312.52667,314.72665,316.32666,311.32666,309.82666,309.22665,309.22665,309.22665,310.52667,314.12665,317.02667,318.72665,321.02667,319.72665,320.82666,322.72665,320.02667,320.22665,317.12665,311.72665,312.82666,307.92667,305.72665,317.02667
308.72665,307.32666,309.22665,309.22665,308.12665,308.22665,311.32666,298.72665,310.92667,306.32666,308.92667,304.62665,307.62665,302.32666,310.02667,309.02667,310.02667,302.72665,312.02667,313.02667,310.02667,309.42667,308.52667,306.72665,306.42667,305.22665,304.32666,306.02667,310.62665,313.42667,314.22665,316.62665,317.12665,313.82666,314.92667,320.52667,320.92667,289.92667,319.02667,320.72665,316.22665
306.42667,303.92667,307.32666,302.62665,305.62665,307.72665,300.22665,307.62665,306.32666,307.02667,302.52667,301.02667,311.52667,310.82666,311.82666,312.82666,310.22665,305.92667,309.02667,312.62665,307.32666,306.52667,307.12665,305.62665,303.12665,302.92667,300.32666,293.02667,296.92667,304.12665,308.92667,309.72665,312.62665,313.52667,314.12665,309.32666,309.62665,311.42667,300.72665,296.02667,300.62665
300.72665,303.42667,303.12665,304.52667,301.52667,304.72665,304.42667,303.32666,303.92667,306.92667,296.52667,293.42667,305.62665,306.12665,307.82666,309.02667,307.12665,307.82666,308.82666,309.02667,305.62665,305.32666,305.72665,305.72665,305.12665,302.52667,302.72665,297.02667,289.72665,294.42667,295.02667,304.82666,309.52667,312.42667,315.42667,309.52667,303.62665,299.52667,300.42667,300.02667,297.42667
299.12665,298.92667,296.22665,296.12665,297.62665,292.02667,290.62665,298.22665,295.72665,298.62665,290.92667,296.72665,298.12665,302.42667,302.92667,304.52667,303.52667,299.82666,304.82666,303.72665,304.42667,303.32666,302.22665,302.52667,301.72665,302.12665,299.02667,299.82666,295.02667,292.52667,295.02667,298.12665,298.02667,300.92667,306.82666,306.32666,301.12665,299.12665,300.22665,298.32666,297.82666
292.72665,295.62665,296.82666,298.22665,297.82666,296.92667,290.72665,296.02667,292.82666,290.92667,289.32666,295.22665,300.52667,292.72665,291.52667,297.72665,298.52667,291.52667,289.32666,300.22665,299.32666,298.22665,299.42667,299.92667,299.52667,299.72665,299.92667,301.82666,302.22665,296.12665,293.32666,292.52667,291.12665,299.72665,301.12665,305.22665,303.22665,306.32666,306.12665,305.02667,304.12665
290.02667,295.42667,298.32666,297.72665,295.22665,295.42667,298.52667,299.92667,300.62665,296.52667,292.62665,293.12665,298.72665,296.52667,294.82666,294.72665,287.02667,286.72665,286.62665,294.42667,294.52667,295.32666,294.52667,296.52667,297.62665,297.22665,300.22665,300.42667,299.32666,294.32666,294.52667,295.42667,292.92667,291.92667,292.72665,301.52667,303.72665,303.62665,304.22665,303.12665,303.22665
292.12665,295.22665,291.92667,294.02667,293.82666,291.92667,292.42667,293.92667,295.62665,295.92667,289.82666,288.72665,295.82666,293.22665,293.42667,293.02667,288.42667,292.82666,295.32666,295.32666,295.82666,295.12665,296.72665,295.92667,297.62665,297.92667,294.32666,297.12665,296.32666,288.42667,288.32666,288.72665,289.62665,292.02667,293.62665,291.52667,299.22665,300.92667,303.72665,301.32666,301.22665
287.22665,291.72665,291.32666,293.22665,293.22665,291.92667,291.42667,289.92667,295.92667,296.52667,291.72665,292.02667,288.32666,289.92667,292.62665,288.62665,288.42667,290.22665,289.92667,289.42667,290.72665,296.42667,297.12665,295.12665,290.12665,295.02667,296.82666,297.52667,294.42667,293.42667,285.62665,286.32666,289.52667,292.72665,290.82666,296.22665,295.42667,297.92667,301.52667,302.82666,301.32666
