wind_kz.json
{"header": {"discipline":0,"disciplineName":"Meteorological products","gribEdition":2,"gribLength":1025,"center":7,"centerName":"US National Weather Service - NCEP(WMC)","subcenter":0,"refTime":"2023-09-25T06:00:00.000Z","significanceOfRT":1,"significanceOfRTName":"Start of forecast","productStatus":0,"productStatusName":"Operational products","productType":1,"productTypeName":"Forecast products","productDefinitionTemplate":0,"productDefinitionTemplateName":"Analysis/forecast at horizontal level/layer at a point in time","parameterCategory":2,"parameterCategoryName":"UnknownDiscipline_0_Category_2","parameterNumber":2,"parameterNumberName":"UnknownParameter_D0_C2_2","parameterUnit":"Unknown","genProcessType":2,"genProcessTypeName":"Forecast","forecastTime":0,"surface1Type":103,"surface1TypeName":"Specified height level above ground","surface1Value":10.0,"surface2Type":255,"surface2TypeName":"Missing","surface2Value":0.0,"gridDefinitionTemplate":0,"gridDefinitionTemplateName":"Latitude_Longitude","numberPoints":615,"shape":6,"shapeName":"Earth spherical with radius of 6,371,229.0 m","gridUnits":"degrees","resolution":48,"winds":"true","scanMode":64,"nx":41,"ny":15,"basicAngle":0,"lo1":47.0,"la1":41.0,"lo2":87.0,"la2":55.0,"dx":1.0,"dy":1.0}, "data":
[rows 0 to 14 of 15, columns 0 to 40 of 41]
-0.47257814,0.36742187,-1.7725781,-5.452578,-7.4025784,-7.2525783,-7.722578,-7.722578,-7.892578,-5.5225782,-5.472578,-5.2725782,-4.4825783,-3.652578,-2.8525782,-2.3725781,-2.3625782,-5.4025784,-6.032578,-1.9825782,1.7074219,2.3774219,2.317422,3.017422,-1.6425781,0.50742185,2.257422,-0.102578126,-1.5625781,-0.5325781,0.6574219,-1.0425781,-0.82257813,-1.6025782,-0.9225781,0.24742188,-0.08257812,-1.5325781,-2.432578,-4.332578,-5.052578
-1.0525781,-1.7725781,-6.2525783,-8.112578,-7.362578,-6.612578,-6.9225783,-8.152578,-6.642578,-5.102578,-5.592578,-5.072578,-4.7125783,-4.222578,-3.992578,-3.432578,-2.162578,-3.962578,-3.3925781,-6.112578,-3.662578,-1.9425781,0.8274219,2.6774218,0.5874219,-1.0025781,0.92742187,-0.112578124,-2.172578,-0.29257813,-0.09257813,0.08742187,-0.75257814,0.24742188,0.4674219,-0.3125781,-0.62257814,-4.062578,-2.6425781,-1.8525782,-2.412578
-2.952578,-7.282578,-8.592578,-8.542578,-7.452578,-7.382578,-5.992578,-4.6925783,-6.342578,-6.782578,-6.072578,-5.742578,-5.412578,-5.4425783,-5.072578,-4.952578,-4.852578,-2.692578,-0.7825781,0.28742188,-4.5025783,-11.902578,-7.572578,-7.952578,-2.452578,-3.6225781,-2.912578,-0.63257813,3.267422,-0.7325781,1.4374219,-1.9725782,-0.23257813,0.7074219,-1.7325782,1.1974219,0.9674219,-0.45257813,6.717422,6.237422,2.8674219
-7.592578,-8.862578,-8.232578,-7.2125783,-6.7525783,-6.972578,-5.042578,-6.322578,-6.222578,-6.432578,-6.892578,-6.7125783,-6.072578,-5.862578,-6.162578,-7.2325783,-7.202578,-8.262578,-9.252578,-9.352578,-8.702579,-5.952578,-7.132578,-9.162579,-9.352578,-9.432578,-9.902578,-10.542578,-8.772578,-4.6925783,-0.94257814,-1.1225781,-2.0425782,-0.27257812,0.9174219,1.7174219,-0.112578124,3.1874218,-0.17257813,-0.7025781,-0.36257812
-8.692578,-8.052578,-7.092578,-7.542578,-7.282578,-6.612578,-6.2525783,-6.0025783,-6.122578,-6.302578,-6.4625783,-6.7125783,-5.7125783,-4.952578,-4.112578,-6.862578,-7.782578,-8.352578,-9.542578,-11.122578,-11.9925785,-10.352578,-9.642578,-8.932578,-8.822578,-8.792578,-9.082578,-6.4825783,-5.4825783,-4.362578,-4.162578,-4.2325783,-0.42257813,0.6574219,-3.0825782,-1.7625781,4.637422,-0.5425781,-1.2625781,5.0974216,5.8474216
-7.412578,-6.852578,-7.162578,-8.382578,-6.9225783,-6.202578,-6.042578,-6.082578,-6.042578,-5.4425783,-5.472578,-5.412578,-5.592578,-5.2325783,-5.2725782,-5.842578,-6.352578,-7.202578,-8.102578,-7.9625783,-8.482578,-7.632578,-6.822578,-6.512578,-6.182578,-6.432578,-5.2325783,-3.8825781,-2.8725781,-1.6825781,-1.6825781,-1.5425781,-2.0425782,-2.452578,-1.3625782,1.5674219,3.497422,4.817422,2.1974218,-2.152578,-6.662578
-6.7525783,-6.572578,-6.492578,-5.452578,-5.2525783,-5.102578,-6.1925783,-6.042578,-5.852578,-5.1525784,-4.9625783,-5.182578,-4.882578,-5.242578,-4.6925783,-5.102578,-5.322578,-5.1525784,-5.412578,-5.782578,-5.292578,-4.6525784,-4.1925783,-3.3625782,-2.8025782,-1.6125782,-1.3325782,-0.6525781,0.44742188,1.6774219,1.4574219,1.5874219,1.1974219,-0.33257812,-0.6425781,1.0774219,1.1074219,-1.3525782,3.797422,0.80742186,1.3874218
-4.282578,-4.012578,-3.752578,-4.242578,-5.012578,-4.602578,-4.722578,-4.792578,-4.512578,-4.262578,-4.2125783,-4.322578,-4.302578,-4.332578,-3.912578,-4.042578,-3.442578,-3.3925781,-2.7725782,-2.8125782,-2.652578,-1.9625782,-1.6025782,-0.56257814,0.20742187,0.7274219,1.7774218,2.2174218,3.037422,2.737422,4.437422,4.5574217,3.757422,5.7874217,5.007422,7.397422,1.5974219,1.4774219,4.797422,6.437422,4.907422
-3.8825781,-4.612578,-5.4425783,-3.6125782,-3.402578,-2.3325782,-1.7625781,-2.162578,-2.212578,-2.442578,-2.0225782,-2.182578,-2.652578,-2.1125782,-2.452578,-2.192578,-2.212578,-1.9925781,-1.8525782,-1.2025781,-0.15257813,0.75742185,1.6274219,2.327422,3.047422,3.527422,3.4174218,4.3074217,4.857422,5.417422,5.907422,5.257422,6.367422,4.0574217,5.8474216,2.1574218,0.7074219,1.1874219,1.4774219,1.6374218,2.247422
-4.912578,-3.422578,-2.512578,-1.8225781,-1.3125781,-0.86257815,-0.9225781,-0.3725781,0.18742187,0.8974219,1.3574219,1.1574218,0.8574219,0.6474219,1.2074219,1.3274219,0.9674219,1.0974219,1.6374218,1.2674218,2.747422,3.837422,4.167422,4.417422,4.757422,4.867422,5.397422,4.957422,5.357422,6.717422,6.067422,5.907422,3.317422,5.277422,2.557422,-0.32257813,-1.9625782,-1.2425781,2.4774218,1.9974219,2.017422
-3.0825782,-3.3125782,-2.5525782,-1.3225781,-0.33257812,1.3674219,0.16742188,-0.57257813,-0.32257813,-0.30257812,0.67742187,1.8874218,1.1874219,1.2574219,2.087422,2.6374218,2.4674218,2.297422,2.577422,3.767422,4.0974216,4.157422,3.8674219,3.6074219,3.6974218,4.2874217,5.257422,5.0574217,4.927422,5.917422,5.357422,5.187422,3.4574218,4.5174217,3.987422,-1.0225781,-0.9025781,1.5574219,2.6774218,0.17742187,1.3874218
0.23742187,0.7174219,-0.002578125,1.2574219,0.9874219,0.5874219,0.48742187,1.0274218,1.2474219,0.7274219,1.4774219,1.7074219,2.1174219,2.1574218,1.5574219,0.56742185,2.057422,2.6374218,3.2174218,3.847422,3.837422,4.427422,3.797422,3.2174218,4.407422,5.047422,3.267422,4.7674217,5.0374217,4.717422,4.757422,4.667422,3.9374218,4.7874217,3.1074219,3.2074218,4.257422,5.457422,1.4074218,2.047422,0.7774219
2.1674218,2.557422,2.1174219,2.827422,2.987422,2.587422,2.3674219,1.6774219,2.8874218,1.8474219,1.0974219,2.1074219,2.047422,2.777422,2.6574218,2.7274218,2.9374218,3.567422,3.587422,4.797422,4.587422,4.757422,4.717422,3.317422,5.167422,4.447422,4.837422,4.677422,4.7274218,4.357422,3.987422,3.8574219,2.6674218,3.2274218,3.2174218,4.7874217,3.3674219,3.097422,4.2474217,1.4074218,0.7174219
4.0574217,3.827422,2.517422,3.9074218,3.3574219,3.347422,3.037422,3.027422,2.6874218,2.1774218,1.4874219,1.4074218,1.9674219,2.597422,3.1674218,3.487422,4.397422,4.687422,4.7274218,4.9974217,5.167422,5.277422,5.8074217,5.7474217,6.2274218,5.2474217,5.0774217,4.697422,4.687422,3.7274218,3.297422,1.5774219,1.5874219,1.9774219,1.6874219,1.0174218,1.9274219,1.9474219,1.9974219,1.6074219,-1.7125782
3.3974218,5.397422,4.437422,4.467422,4.0374217,3.777422,4.457422,3.337422,3.507422,2.067422,1.1974219,3.567422,2.537422,2.1774218,3.767422,3.837422,4.897422,5.4774218,4.8074217,5.397422,5.3074217,5.3274217,5.367422,5.357422,5.467422,5.5174217,5.0574217,4.3074217,3.807422,2.4774218,1.4474219,-0.49257812,0.14742188,0.9574219,-0.32257813,-1.8725781,-0.44257814,-2.732578,-1.1025782,-1.0525781,-2.3425782
