wind_kz.json
{"header": {"discipline":0,"disciplineName":"Meteorological products","gribEdition":2,"gribLength":1102,"center":7,"centerName":"US National Weather Service - NCEP(WMC)","subcenter":0,"refTime":"2023-08-27T18:00:00.000Z","significanceOfRT":1,"significanceOfRTName":"Start of forecast","productStatus":0,"productStatusName":"Operational products","productType":1,"productTypeName":"Forecast products","productDefinitionTemplate":0,"productDefinitionTemplateName":"Analysis/forecast at horizontal level/layer at a point in time","parameterCategory":2,"parameterCategoryName":"UnknownDiscipline_0_Category_2","parameterNumber":3,"parameterNumberName":"UnknownParameter_D0_C2_3","parameterUnit":"Unknown","genProcessType":2,"genProcessTypeName":"Forecast","forecastTime":60,"surface1Type":103,"surface1TypeName":"Specified height level above ground","surface1Value":10.0,"surface2Type":255,"surface2TypeName":"Missing","surface2Value":0.0,"gridDefinitionTemplate":0,"gridDefinitionTemplateName":"Latitude_Longitude","numberPoints":615,"shape":6,"shapeName":"Earth spherical with radius of 6,371,229.0 m","gridUnits":"degrees","resolution":48,"winds":"true","scanMode":64,"nx":41,"ny":15,"basicAngle":0,"lo1":47.0,"la1":41.0,"lo2":87.0,"la2":55.0,"dx":1.0,"dy":1.0}, "data":
[rows 0 to 14 of 15, columns 0 to 40 of 41]
4.609964,1.959964,-1.350036,-4.920036,-5.850036,-6.060036,-5.420036,-5.150036,-3.700036,-5.070036,-6.160036,-6.180036,-5.650036,-4.990036,-4.720036,-5.860036,-6.360036,-5.710036,2.259964,4.329964,2.469964,5.189964,5.099964,-0.09003601,2.499964,-1.6800361,-0.850036,1.029964,-3.601074E-5,3.299964,1.399964,1.799964,0.35996398,0.739964,-0.250036,-0.39003602,2.449964,1.349964,0.669964,-0.06003601,-0.48003602
0.259964,1.499964,-0.53003603,-3.920036,-4.400036,-5.590036,-5.5000362,-5.690036,-4.590036,-5.790036,-6.080036,-5.020036,-4.420036,-4.230036,-3.610036,-3.920036,-5.170036,-2.920036,-3.170036,-1.320036,3.8799639,5.409964,7.949964,7.059964,3.439964,3.689964,3.619964,2.729964,1.4399639,3.399964,1.729964,4.729964,1.359964,1.679964,2.169964,2.499964,3.649964,2.189964,1.899964,1.229964,1.159964
0.22996399,0.559964,-2.170036,-4.860036,-6.150036,-5.100036,-5.110036,-5.960036,-3.780036,-4.540036,-5.970036,-6.800036,-4.770036,-4.110036,-3.420036,-3.160036,-2.420036,-2.270036,-3.010036,-4.100036,-3.300036,2.049964,3.459964,5.629964,1.339964,-2.430036,-2.230036,-1.650036,-1.080036,-1.830036,2.019964,3.589964,2.959964,2.179964,0.239964,-2.020036,0.819964,2.859964,-1.130036,1.269964,1.239964
-0.96003604,-2.170036,-3.660036,-6.490036,-5.870036,-6.240036,-6.230036,-6.600036,-4.090036,-4.430036,-5.590036,-4.600036,-5.550036,-5.190036,-3.810036,-2.630036,-1.520036,-1.730036,0.20996399,-1.260036,-2.240036,5.729964,-1.940036,5.069964,3.099964,0.78996396,-1.650036,0.07996399,-4.090036,-1.440036,4.919964,3.229964,1.179964,0.21996398,0.21996398,3.079964,3.439964,2.299964,-3.650036,-2.540036,-2.060036
-0.35003603,-2.670036,-5.190036,-6.560036,-7.610036,-7.110036,-6.840036,-6.440036,-5.330036,-4.210036,-4.350036,-4.370036,-4.290036,-3.880036,-2.760036,-1.580036,-1.600036,-1.200036,0.679964,-0.06003601,1.719964,-1.150036,-2.8700361,-0.200036,0.21996398,1.029964,4.619964,2.169964,4.179964,1.999964,0.609964,-1.000036,-1.030036,1.299964,0.629964,1.079964,3.3799639,-0.18003601,-0.520036,-1.470036,-1.980036
-1.260036,-1.840036,-1.840036,-4.350036,-6.990036,-8.140036,-7.570036,-6.140036,-6.0000362,-5.050036,-4.2500362,-3.980036,-3.930036,-2.890036,-0.97003603,1.219964,0.569964,1.179964,1.779964,2.279964,2.279964,1.079964,1.469964,-2.550036,5.659964,7.029964,5.409964,5.289964,6.169964,4.109964,2.299964,0.409964,-1.600036,-3.590036,-2.910036,11.009963,-2.740036,4.969964,1.499964,0.35996398,-1.350036
-2.330036,0.019963989,-2.650036,-5.760036,-6.660036,-6.410036,-7.350036,-7.640036,-6.560036,-5.860036,-5.980036,-5.300036,-4.680036,-3.080036,-0.230036,2.349964,3.149964,3.349964,3.279964,3.979964,3.979964,4.649964,4.9999638,1.349964,-1.290036,6.869964,9.919964,6.919964,7.349964,7.119964,4.789964,2.869964,1.749964,5.219964,3.589964,3.789964,3.369964,3.489964,3.789964,5.289964,4.309964
-2.730036,-3.300036,-2.480036,-5.320036,-6.510036,-7.140036,-7.640036,-7.030036,-5.930036,-6.200036,-6.720036,-6.560036,-6.630036,-4.480036,-1.960036,1.9399639,5.339964,4.599964,4.819964,4.829964,4.969964,4.949964,5.069964,8.269964,0.379964,7.099964,8.829964,10.719963,9.959964,7.449964,6.049964,5.429964,6.589964,5.139964,1.179964,1.379964,-1.620036,-3.601074E-5,-0.340036,2.279964,5.159964
-3.540036,-2.910036,-4.100036,-5.350036,-6.520036,-7.570036,-7.770036,-7.430036,-7.540036,-6.560036,-5.990036,-6.420036,-8.270036,-5.360036,-1.350036,5.219964,7.649964,5.309964,5.409964,4.899964,5.209964,6.129964,6.469964,6.219964,6.639964,5.689964,8.469964,12.399963,11.119964,9.899964,8.049964,7.649964,5.789964,4.329964,5.119964,4.469964,2.359964,-0.04003601,3.339964,2.579964,2.6299639
-4.140036,-3.800036,-4.790036,-5.980036,-7.080036,-7.550036,-8.250036,-8.710036,-8.960036,-8.240036,-6.190036,-1.470036,-4.340036,-7.480036,-0.490036,2.179964,5.599964,6.039964,5.669964,4.509964,4.039964,3.729964,2.149964,9.329964,5.079964,3.039964,10.409964,12.409964,11.449964,9.269964,8.189964,5.859964,5.059964,4.809964,4.429964,1.269964,1.959964,1.709964,0.609964,0.369964,1.729964
-4.300036,-4.410036,-5.850036,-6.960036,-7.110036,-8.020036,-8.930036,-9.040036,-8.460036,-6.780036,-5.470036,0.08996399,-0.730036,-2.970036,2.299964,0.13996398,1.609964,5.829964,7.819964,5.519964,3.3799639,4.009964,1.489964,5.889964,4.829964,1.519964,5.4999638,10.659964,10.979963,9.839964,7.409964,5.949964,5.609964,5.689964,4.289964,2.579964,2.199964,1.209964,2.939964,1.1899639,0.889964
-4.100036,-5.730036,-5.7500362,-7.820036,-8.260036,-9.180036,-9.150036,-8.760036,-8.850036,-6.880036,-6.700036,-4.350036,2.449964,2.599964,1.969964,2.739964,3.519964,4.789964,4.859964,3.589964,3.559964,3.689964,2.539964,2.619964,3.759964,3.599964,-1.370036,8.699964,9.689964,9.899964,8.119964,6.829964,6.059964,5.029964,2.729964,0.32996398,-1.190036,-0.78003603,-1.720036,-1.320036,-1.280036
-4.010036,-5.850036,-6.420036,-6.270036,-7.720036,-6.800036,-8.820036,-9.370036,-9.820036,-7.140036,-4.440036,-5.130036,-4.740036,5.329964,2.539964,3.119964,3.719964,3.089964,3.319964,4.109964,3.889964,4.319964,2.429964,3.119964,3.579964,1.839964,-0.72003603,7.059964,8.369964,9.539964,8.679964,7.179964,6.119964,5.029964,2.849964,1.699964,1.139964,0.24996398,-0.29003602,-0.03003601,0.32996398
-4.390036,-5.710036,-7.040036,-7.350036,-8.610036,-8.210036,-7.860036,-7.650036,-8.260036,-8.840036,-4.570036,-2.550036,-3.430036,2.449964,3.969964,2.159964,2.769964,3.849964,3.499964,3.889964,3.789964,3.209964,2.859964,3.019964,3.579964,4.659964,3.589964,7.389964,8.609964,7.789964,7.469964,6.519964,5.789964,4.729964,3.369964,2.979964,1.679964,0.04996399,-0.53003603,-0.580036,0.019963989
-3.110036,-5.610036,-7.640036,-7.150036,-7.410036,-6.810036,-7.100036,-7.490036,-9.230036,-8.300036,-5.160036,-6.200036,-2.290036,1.619964,3.599964,4.239964,2.329964,2.499964,2.279964,3.359964,3.219964,3.559964,2.969964,2.529964,6.699964,4.619964,1.329964,5.239964,6.729964,5.9999638,5.059964,5.569964,5.519964,4.689964,3.969964,3.079964,2.119964,0.889964,0.239964,-1.110036,-0.150036
