wind_kz.json
{"header": {"discipline":0,"disciplineName":"Meteorological products","gribEdition":2,"gribLength":1025,"center":7,"centerName":"US National Weather Service - NCEP(WMC)","subcenter":0,"refTime":"2023-09-25T18:00:00.000Z","significanceOfRT":1,"significanceOfRTName":"Start of forecast","productStatus":0,"productStatusName":"Operational products","productType":1,"productTypeName":"Forecast products","productDefinitionTemplate":0,"productDefinitionTemplateName":"Analysis/forecast at horizontal level/layer at a point in time","parameterCategory":2,"parameterCategoryName":"UnknownDiscipline_0_Category_2","parameterNumber":3,"parameterNumberName":"UnknownParameter_D0_C2_3","parameterUnit":"Unknown","genProcessType":2,"genProcessTypeName":"Forecast","forecastTime":0,"surface1Type":103,"surface1TypeName":"Specified height level above ground","surface1Value":10.0,"surface2Type":255,"surface2TypeName":"Missing","surface2Value":0.0,"gridDefinitionTemplate":0,"gridDefinitionTemplateName":"Latitude_Longitude","numberPoints":615,"shape":6,"shapeName":"Earth spherical with radius of 6,371,229.0 m","gridUnits":"degrees","resolution":48,"winds":"true","scanMode":64,"nx":41,"ny":15,"basicAngle":0,"lo1":47.0,"la1":41.0,"lo2":87.0,"la2":55.0,"dx":1.0,"dy":1.0}, "data":
[rows 0 to 14 of 15, columns 0 to 40 of 41]
0.5651733,-2.0048265,-0.31482667,-4.6348267,-5.9248266,-6.0448265,-0.13482666,-1.4448266,-2.0648267,-2.4048266,-2.5448267,-2.6948266,-3.5248268,-3.6248267,-3.8748267,-3.2948267,-3.3448267,-4.2948265,-4.0648265,-1.1048267,-0.18482666,-0.24482666,-1.4748267,-1.5648266,-2.0448267,-1.3348267,-1.6448267,1.0251733,0.48517334,1.7551733,1.3151734,1.5851734,-0.6848267,1.7551733,2.2751734,0.5151733,0.9551733,0.92517334,1.4651734,2.7451735,1.9251733
-0.054826662,1.3751733,1.1551733,-2.1548266,-7.0848265,-1.0048267,-0.9248267,-0.63482666,-2.9048266,-4.164827,-4.4448266,-5.224827,-4.6748266,-3.9148266,-4.8448267,-3.2148266,-3.1448267,-2.3448267,-4.1548266,-4.3848267,-3.0748267,-3.2648268,-0.7948267,1.4851733,0.22517334,0.08517334,-2.1948266,0.11517334,-0.77482665,-0.08482666,0.62517333,2.1351733,0.90517336,-1.1048267,0.24517334,0.08517334,1.5051733,0.29517335,-1.1848266,0.5151733,-1.1548266
1.0551734,2.6151733,-0.78482664,-3.1248267,-6.0648265,-0.9948267,-0.9948267,-0.82482666,-1.1148267,-2.8248267,-3.9948266,-4.0748267,-4.9648266,-4.8148265,-4.7948265,-4.8448267,-4.1548266,-2.8148267,-2.0948267,-0.49482667,-1.9148266,-4.3548265,-4.994827,-1.6848266,-1.0448266,0.11517334,-0.91482663,0.55517334,-0.7348267,0.21517333,2.8151734,0.97517335,0.83517337,-1.0148267,-0.95482665,0.22517334,1.0151733,-1.1648266,-0.62482667,-0.45482665,0.12517335
-0.6748267,-1.3948267,-2.3848267,-2.8148267,-1.7848266,-0.75482666,-1.0748267,-0.50482666,0.8951733,-0.53482664,-3.0148268,-4.9448266,-7.3848267,-5.8048267,-4.3048267,-4.4248266,-4.434827,-4.0548267,-3.9748266,-3.4948266,-1.5248266,-3.3048267,0.12517335,-3.4348266,-3.5348268,-3.7248266,-4.0348268,-3.0548267,-0.89482665,-1.1548266,-3.2048266,-1.1248267,-1.0348266,0.06517334,-0.10482666,-1.9748267,-0.58482665,3.8451734,1.3051734,0.26517335,1.1951734
-1.0048267,-2.3648267,-3.1248267,-2.4548266,-1.9048266,-1.1448267,-1.2948266,-0.9348267,1.0551734,0.90517336,-1.0248266,-2.4948266,-5.2548265,-4.7748265,-4.6748266,-3.4448266,-3.4748266,-3.5648267,-3.4148266,-3.9648266,-3.2848268,-1.5448266,-1.3448267,-0.6848267,-0.45482665,-1.4648267,-2.1348267,-2.5548267,-2.1248267,-1.5248266,-2.2548265,-1.5848267,1.0351733,1.4651734,0.24517334,0.24517334,-2.2248266,1.4051733,0.34517333,3.2951734,2.3151734
1.1151733,-0.24482666,-1.6948266,-2.2948267,-1.9548267,-1.4248266,-0.96482664,-1.4248266,-1.0848267,-0.70482665,0.85517335,-1.5048267,-3.7248266,-4.474827,-3.5348268,-3.4348266,-3.3448267,-2.4848266,-2.3048267,-2.2348266,-2.7048266,-2.2448266,-2.8348267,-1.9948267,0.99517334,-0.22482666,-1.5948267,-2.6548266,-1.4848267,-1.6548266,0.31517333,-1.0448266,2.1851733,1.6251733,1.8351734,0.97517335,0.77517337,-1.3348267,-1.2748266,-0.95482665,0.60517335
3.0451734,2.6651733,1.8651733,1.3151734,-0.59482664,0.7651733,0.42517334,0.47517335,0.35517335,-0.29482666,-0.90482664,-1.2548267,-1.8248267,-2.3848267,-2.7748268,-3.6648266,-3.6448267,-3.7948267,-1.0648266,-0.65482664,-0.75482666,-0.90482664,-1.5948267,-1.6448267,-2.0948267,-1.9748267,-3.0548267,-3.5648267,-3.0048265,-2.8148267,-2.7448266,-1.8848267,1.1451733,1.9651734,0.09517334,-1.4848267,-0.13482666,1.3451734,-2.8648267,0.6351733,3.1151733
-0.35482666,0.67517334,0.77517337,0.32517335,0.12517335,0.15517335,0.5051733,0.66517335,0.49517334,1.0551734,1.3051734,0.87517333,-0.20482665,-1.0448266,-1.1948266,-2.0448267,-2.7048266,-2.7748268,-2.6948266,-1.9048266,-2.2348266,-2.1248267,-1.8948267,-1.8448267,-1.8148266,-1.4848267,-2.1948266,-2.0248268,-2.8748267,-1.9448266,-1.4148266,-2.2248266,-2.1948266,1.3951733,3.0151734,1.8451734,-0.81482667,0.98517334,0.99517334,0.44517335,1.2751733
-1.5448266,0.53517336,-0.19482666,1.3551733,1.0451733,0.5151733,-1.6648266,-0.22482666,-1.6548266,-2.1748266,-1.2348267,2.4751732,1.5751734,1.7451733,0.71517336,0.28517333,-0.26482666,-0.96482664,-0.77482665,-1.8048266,-1.1848266,-2.2048266,-2.2648268,-1.8648267,-0.6048267,-0.19482666,0.41517335,-0.26482666,-0.054826662,-0.33482665,-1.4048266,-0.32482666,1.5251733,0.40517333,1.1851734,0.05517334,0.93517333,4.2151732,2.4351733,2.8051734,1.5651734
0.6451733,0.47517335,0.5151733,0.42517334,0.10517334,0.06517334,-0.96482664,-1.3048266,0.47517335,0.58517337,-0.62482667,-1.3548267,2.1151733,1.1151733,-1.0248266,-1.4448266,-1.4948267,1.3051734,1.5651734,0.7551733,0.45517334,0.00517334,-0.43482667,-0.9348267,-1.5548266,-1.6748266,-0.7348267,-0.0048266603,0.54517335,0.09517334,-0.06482666,-0.47482666,-0.24482666,0.25517333,-0.21482666,-1.8048266,0.43517333,-0.33482665,1.7151734,2.7251732,2.2051733
-1.9748267,-2.1148267,0.98517334,0.41517335,0.30517334,-0.16482666,0.19517334,-0.17482667,-0.25482666,-0.83482665,-1.3648267,-0.82482666,2.1351733,2.7151732,1.4751734,-0.47482666,0.96517336,1.5751734,1.6651733,-0.04482666,-1.8648267,-1.8648267,-2.3948267,-1.5748267,-1.3548267,-0.51482666,-0.6848267,-0.9248267,-0.84482664,0.28517333,-0.09482666,-0.95482665,-2.9948266,-1.9748267,-2.4348266,-0.01482666,0.01517334,-0.06482666,1.3551733,0.48517334,-0.12482666
-1.1848266,0.84517336,0.61517334,-0.59482664,-2.0848267,-2.3348267,-2.5148268,-1.6048267,-1.5948267,-1.0848267,0.12517335,-1.3148266,-2.9848266,1.6051733,1.5151733,1.0351733,-0.64482665,0.45517334,0.20517334,0.30517334,-1.0348266,-1.5248266,-1.9548267,-1.8748267,-1.4048266,-1.2048267,-0.10482666,-0.35482666,-0.66482663,-0.46482667,-1.8648267,0.18517333,-0.24482666,0.5051733,-0.26482666,-1.1548266,-1.9648267,-1.4548267,-0.9248267,-0.24482666,0.8951733
-1.9848267,-2.0448267,-2.2048266,0.52517337,0.92517334,-0.04482666,-0.77482665,-0.88482666,-1.5348266,-0.5448267,0.93517333,0.36517334,-0.75482666,-2.3348267,-0.02482666,0.00517334,0.03517334,1.1151733,0.40517333,0.53517336,0.20517334,-0.07482666,0.24517334,-0.27482665,-0.83482665,-0.38482666,-0.69482666,-1.2048267,-0.8648267,-1.5248266,1.1951734,1.5751734,1.4651734,-0.07482666,-0.63482666,-1.3948267,-1.9948267,-1.5348266,-2.7048266,-1.2648267,0.34517333
-1.6148267,-1.6448267,-3.2948267,-3.3848267,-2.4248266,-1.4948267,-0.51482666,-0.27482665,0.34517333,-0.94482666,1.4151733,0.84517336,-0.04482666,-0.82482666,-2.2248266,-0.45482665,0.29517335,0.87517333,0.6351733,0.7051733,0.40517333,0.37517333,0.22517334,-0.08482666,-0.49482667,-1.1148267,-1.9548267,-1.8548267,-1.6948266,0.17517334,1.6451733,1.6951734,1.1451733,0.83517337,-0.75482666,-0.72482663,-1.6848266,-2.2148266,-2.3048267,-1.7548267,-1.7348267
-1.4748267,-2.9548266,-2.4048266,-1.5848267,-3.5748267,-2.3048267,-2.6648266,-1.1148267,0.08517334,0.87517333,1.2451733,1.2551733,2.1751733,0.61517334,0.6451733,0.04517334,-0.06482666,-0.054826662,0.5151733,0.62517333,0.45517334,0.32517335,-0.29482666,-0.70482665,-1.0348266,-1.2748266,-1.2548267,-0.91482663,-0.6048267,2.0751734,3.2051733,2.6251733,1.5651734,0.80517334,0.43517333,-0.51482666,-0.9848267,-1.6148267,-2.5048265,-3.3848267,-2.1748266
