wind_kz.json
{"header": {"discipline":0,"disciplineName":"Meteorological products","gribEdition":2,"gribLength":1025,"center":7,"centerName":"US National Weather Service - NCEP(WMC)","subcenter":0,"refTime":"2024-03-19T18:00:00.000Z","significanceOfRT":1,"significanceOfRTName":"Start of forecast","productStatus":0,"productStatusName":"Operational products","productType":1,"productTypeName":"Forecast products","productDefinitionTemplate":0,"productDefinitionTemplateName":"Analysis/forecast at horizontal level/layer at a point in time","parameterCategory":2,"parameterCategoryName":"UnknownDiscipline_0_Category_2","parameterNumber":2,"parameterNumberName":"UnknownParameter_D0_C2_2","parameterUnit":"Unknown","genProcessType":2,"genProcessTypeName":"Forecast","forecastTime":120,"surface1Type":103,"surface1TypeName":"Specified height level above ground","surface1Value":10.0,"surface2Type":255,"surface2TypeName":"Missing","surface2Value":0.0,"gridDefinitionTemplate":0,"gridDefinitionTemplateName":"Latitude_Longitude","numberPoints":615,"shape":6,"shapeName":"Earth spherical with radius of 6,371,229.0 m","gridUnits":"degrees","resolution":48,"winds":"true","scanMode":64,"nx":41,"ny":15,"basicAngle":0,"lo1":47.0,"la1":41.0,"lo2":87.0,"la2":55.0,"dx":1.0,"dy":1.0}, "data":
[rows 0 to 14 of 15, columns 0 to 40 of 41]
-0.31427184,-1.0642718,0.60572815,2.5757282,1.4757282,1.6757282,2.395728,-5.314272,-5.964272,-5.654272,-5.484272,-6.0542717,-5.444272,-4.8042717,-4.1342716,-3.4742718,-2.4042718,-3.064272,-3.3642719,-2.7342718,-3.084272,-2.8842719,-2.344272,-1.9542718,-1.4842719,-2.1542718,-1.6742718,2.1057281,1.8057282,1.1357281,0.20572814,1.7557281,-0.13427185,1.7057282,2.2357283,2.7357283,2.2857282,2.705728,1.8557281,-0.04427185,1.3657281
1.8957281,0.5057281,1.4657282,2.935728,2.175728,1.6757282,1.4957281,-4.854272,-5.144272,-5.0342717,-4.694272,-5.2642717,-4.404272,-3.6342719,-3.2542717,-3.6442719,-2.2442718,-3.4842718,-3.074272,-3.0142717,-3.334272,-2.784272,-1.7142719,-1.3642719,-0.18427186,0.18572815,-0.5542719,1.2757281,-0.6042718,0.38572815,-0.11427185,-0.58427185,1.4957281,-2.5042717,0.53572816,0.09572815,-0.21427184,1.0557282,0.48572814,1.0957282,-1.9242718
-1.5242718,-0.20427185,2.0757282,0.84572816,0.03572815,0.77572817,1.0857282,-4.2842717,-5.194272,-4.154272,-3.8642719,-4.084272,-3.9942718,-4.064272,-3.3742719,-2.7642717,-3.034272,-3.1442719,-3.2342718,-2.9342718,-1.8142718,0.8957282,0.9557282,0.8257282,-0.87427187,2.3157282,1.1057281,0.30572814,-0.12427185,0.58572817,-1.3742719,1.4157281,0.43572816,-0.18427186,0.33572814,-0.69427186,0.07572815,0.6957281,2.905728,2.965728,2.3057282
-2.3842719,-0.36427185,-0.48427185,-0.13427185,-1.5142719,-0.06427185,0.67572814,-4.274272,-3.284272,-3.4342718,-4.564272,-4.924272,-5.3242717,-4.104272,-1.4742719,-2.094272,-2.2642717,-2.2542717,-2.854272,-2.6442719,0.04572815,0.25572816,1.0057281,-1.6542718,-0.82427186,-2.554272,-2.2142718,-1.0442718,0.98572814,2.145728,0.9457281,0.25572816,2.655728,2.695728,-2.354272,-2.064272,-1.6542718,3.3557281,0.42572814,0.12572815,1.8057282
-0.91427183,-1.3842719,-2.304272,-3.324272,-2.2542717,1.3657281,0.21572815,-2.1142719,-2.804272,-3.034272,-2.9042718,-2.4342718,-2.294272,-1.4442718,-0.41427186,1.3257282,1.2357281,0.02572815,2.415728,-0.82427186,0.8157281,1.1057281,-0.22427185,-1.1542718,-1.6842718,-1.4342718,-2.5042717,-0.58427185,0.33572814,0.60572815,-0.52427185,0.12572815,-1.3642719,2.1057281,1.6157281,0.8857281,3.435728,2.445728,2.7557282,3.8157282,1.3657281
-1.3042718,-2.104272,-3.284272,-3.324272,-4.774272,-5.7642717,-4.774272,-6.1142716,-4.894272,-2.9842718,-2.834272,-1.2442719,0.22572815,1.1757282,1.6857282,2.3557281,2.5757282,0.65572816,2.4957283,1.9457282,0.40572816,2.2857282,1.6057281,-0.32427186,-0.14427185,-2.0142717,-1.3942719,0.21572815,1.2957282,1.9757282,1.7257282,1.3757281,1.0257281,0.60572815,-0.32427186,0.42572814,1.8557281,4.095728,8.595728,0.32572815,-2.784272
-2.6442719,-2.4042718,-1.5442718,-2.6742718,-2.4442718,-3.4742718,-4.394272,-4.354272,-3.834272,-2.6242719,-1.7042718,-0.38427186,0.9557282,1.9157281,2.965728,3.2657282,2.9857283,2.395728,1.9557282,2.5457282,2.145728,3.435728,0.45572814,-2.1442719,-0.94427186,0.33572814,1.6557281,1.7257282,1.4857281,2.0957282,1.2357281,0.30572814,-1.3942719,-1.9942719,-3.1642718,-1.4142718,-1.0442718,1.6257281,1.5857282,-0.88427186,0.7557281
-3.6842718,-2.9542718,-1.7842718,-2.2042718,-3.324272,-3.3742719,-2.9542718,-3.6242719,-2.344272,-2.5042717,-2.1642718,-1.2742718,0.39572814,0.47572815,-0.37427184,0.22572815,3.5057282,3.455728,3.2357283,3.3557281,4.015728,3.395728,3.0857282,0.7657282,1.6557281,0.97572815,2.3257282,0.86572814,2.2657282,1.0457282,0.7657282,2.0657282,1.3357282,2.5657282,2.7657282,1.1957282,-1.4242718,0.34572816,1.4357282,2.7957282,0.10572815
-2.9642718,-2.524272,-2.094272,-2.084272,-2.4242718,-2.3842719,-3.024272,-2.9342718,-2.6742718,-0.9842718,0.22572815,0.22572815,3.2657282,3.1157281,3.905728,3.5957282,3.925728,3.7657282,2.915728,3.1357281,3.5857282,3.895728,3.0257282,2.425728,2.7657282,1.9757282,3.2557282,0.91572815,3.455728,1.3057282,2.2857282,2.425728,6.605728,0.9557282,0.49572814,-0.63427186,-0.64427185,0.11572815,-0.34427184,1.0057281,-0.62427187
-0.27427185,-0.65427184,-0.25427186,0.45572814,0.8957282,-0.23427185,-1.5342718,-0.49427184,0.68572813,0.96572816,2.6357281,3.5857282,3.185728,4.4257283,4.535728,4.815728,4.6557283,4.7157283,3.915728,3.5257282,5.565728,7.315728,6.1157284,4.835728,4.565728,4.495728,5.7357283,5.935728,5.6357284,7.315728,3.165728,5.805728,3.3857281,2.185728,-0.26427186,-0.37427184,-2.2142718,-0.6742718,0.35572815,0.99572814,-0.90427184
0.83572817,1.7157282,1.6757282,2.1157281,2.4957283,1.6157281,1.4457282,2.145728,1.8557281,2.4857283,3.395728,4.8857284,3.0257282,5.935728,7.1557283,7.1757283,7.325728,7.1757283,4.435728,6.265728,8.155728,8.365728,8.315728,7.585728,6.7157283,6.565728,8.075728,8.285728,8.355728,8.775728,7.6357284,4.9657283,4.305728,2.935728,0.54572815,-0.9942719,-0.62427187,0.99572814,-0.89427185,1.4957281,-1.5442718
0.62572813,1.1457281,2.1257281,2.0557282,2.8557281,2.2557282,2.145728,2.7457283,3.225728,3.455728,3.5057282,5.8857284,5.7157283,6.645728,7.4457283,6.745728,7.845728,7.835728,6.1357284,7.4657283,8.015728,7.8857284,8.025728,7.745728,8.715728,8.375729,9.165729,9.865728,9.445728,8.445728,6.095728,5.705728,4.355728,3.435728,2.185728,3.8557281,4.815728,4.205728,0.34572816,-0.30427185,-0.41427186
1.3457282,1.4957281,1.9857281,1.8557281,1.4457282,1.6257281,1.5957282,2.7557282,5.275728,3.8357282,2.7857282,5.525728,4.585728,6.895728,6.7557282,7.225728,7.305728,7.6957283,5.795728,7.275728,6.785728,7.3857284,7.625728,7.815728,8.425728,8.895728,9.785728,9.675728,8.9957285,7.545728,7.3657284,7.095728,6.285728,5.335728,4.815728,4.4857283,5.575728,3.445728,4.845728,2.8857281,1.1157281
1.5757282,1.6657281,1.2257282,1.6157281,1.3157282,2.7957282,2.5757282,3.685728,3.725728,4.315728,3.4857283,5.775728,6.525728,5.785728,5.225728,6.3857284,6.685728,6.7557282,6.645728,7.065728,6.895728,7.495728,8.445728,8.375729,8.195728,7.955728,7.395728,7.9257283,7.185728,7.6557283,7.6157284,7.145728,6.6757283,6.4257283,5.6957283,5.315728,4.645728,4.345728,4.6157284,2.8457282,4.975728
0.77572817,1.5057281,2.725728,1.8357282,3.405728,2.9857283,4.495728,4.295728,5.045728,4.0057282,3.7657282,5.9257283,5.745728,8.045728,5.645728,6.6757283,6.895728,7.795728,7.065728,7.515728,7.935728,7.645728,7.325728,7.325728,7.015728,6.825728,6.9057283,6.855728,6.6757283,6.845728,6.855728,7.205728,6.6557283,6.575728,6.535728,6.4657283,5.185728,6.165728,5.915728,4.495728,2.175728
