wind_kz.json
{"header": {"discipline":0,"disciplineName":"Meteorological products","gribEdition":2,"gribLength":871,"center":7,"centerName":"US National Weather Service - NCEP(WMC)","subcenter":0,"refTime":"2023-09-10T00:00:00.000Z","significanceOfRT":1,"significanceOfRTName":"Start of forecast","productStatus":0,"productStatusName":"Operational products","productType":1,"productTypeName":"Forecast products","productDefinitionTemplate":0,"productDefinitionTemplateName":"Analysis/forecast at horizontal level/layer at a point in time","parameterCategory":0,"parameterCategoryName":"UnknownDiscipline_0_Category_0","parameterNumber":0,"parameterNumberName":"UnknownParameter_D0_C0_0","parameterUnit":"Unknown","genProcessType":2,"genProcessTypeName":"Forecast","forecastTime":0,"surface1Type":1,"surface1TypeName":"Ground or water surface","surface1Value":0.0,"surface2Type":255,"surface2TypeName":"Missing","surface2Value":0.0,"gridDefinitionTemplate":0,"gridDefinitionTemplateName":"Latitude_Longitude","numberPoints":615,"shape":6,"shapeName":"Earth spherical with radius of 6,371,229.0 m","gridUnits":"degrees","resolution":48,"winds":"true","scanMode":64,"nx":41,"ny":15,"basicAngle":0,"lo1":47.0,"la1":41.0,"lo2":87.0,"la2":55.0,"dx":1.0,"dy":1.0}, "data":
[rows 0 to 14 of 15, columns 0 to 40 of 41]
291.7556,282.35562,286.5556,298.45563,298.1556,296.85562,294.7556,293.2556,291.95563,290.95563,290.5556,292.0556,292.2556,292.0556,292.1556,290.95563,291.35562,290.95563,290.5556,290.6556,292.5556,290.0556,288.5556,289.7556,290.95563,291.45563,289.45563,276.0556,273.85562,274.95563,272.85562,274.95563,286.2556,292.2556,294.85562,294.0556,293.2556,295.5556,295.1556,293.2556,293.85562
270.45563,287.45563,297.6556,297.85562,297.7556,295.6556,291.95563,292.2556,290.85562,290.6556,290.85562,289.7556,289.35562,288.85562,289.5556,290.1556,289.45563,288.5556,287.6556,287.85562,288.85562,290.95563,290.0556,285.0556,273.45563,274.7556,282.95563,275.7556,276.2556,272.7556,279.1556,269.2556,277.7556,255.65561,273.7556,290.35562,289.95563,293.1556,295.45563,288.2556,284.0556
286.95563,297.2556,298.0556,297.5556,295.35562,289.95563,288.95563,288.5556,288.5556,288.6556,289.0556,289.85562,287.6556,288.35562,289.35562,290.45563,287.7556,288.1556,286.1556,286.95563,288.85562,288.85562,291.0556,285.7556,288.1556,287.7556,291.45563,290.35562,287.85562,282.0556,274.1556,275.6556,279.1556,278.45563,280.45563,281.0556,275.0556,276.35562,280.1556,273.6556,271.6556
287.6556,296.6556,297.5556,296.5556,293.1556,287.0556,288.35562,286.1556,286.5556,289.0556,289.95563,290.6556,293.95563,293.1556,290.2556,289.7556,289.85562,289.85562,289.5556,288.35562,289.2556,285.2556,289.6556,290.1556,290.6556,291.6556,292.0556,291.6556,289.95563,289.35562,290.1556,289.7556,291.2556,289.95563,289.5556,285.95563,274.35562,275.7556,279.0556,287.1556,291.1556
288.95563,294.6556,295.85562,294.35562,292.5556,291.5556,291.85562,290.5556,288.35562,286.6556,285.85562,287.35562,293.2556,291.85562,290.0556,289.7556,290.0556,288.85562,285.35562,288.6556,290.6556,291.0556,291.0556,291.0556,291.45563,291.5556,290.7556,292.2556,291.5556,291.1556,293.35562,289.85562,279.6556,268.6556,280.6556,288.85562,291.35562,292.0556,292.5556,292.7556,293.0556
286.45563,287.45563,293.95563,293.35562,293.95563,292.95563,290.45563,291.5556,290.6556,288.5556,288.85562,287.7556,291.85562,292.95563,288.7556,283.95563,287.45563,286.0556,287.5556,288.5556,288.45563,288.5556,288.85562,290.0556,290.45563,289.1556,291.95563,291.5556,292.0556,292.85562,291.5556,292.7556,291.5556,288.7556,288.5556,290.45563,283.35562,284.95563,287.85562,290.85562,289.6556
285.85562,285.5556,288.2556,288.0556,290.5556,289.5556,290.0556,289.5556,289.95563,290.0556,287.6556,286.85562,286.35562,286.2556,285.95563,286.45563,286.2556,286.95563,286.0556,284.7556,285.95563,287.1556,288.7556,289.1556,288.35562,288.45563,289.7556,290.95563,288.95563,288.6556,288.95563,289.1556,290.6556,290.2556,289.5556,288.5556,285.95563,283.5556,279.2556,273.6556,284.45563
285.5556,286.5556,287.45563,285.2556,288.7556,289.85562,290.45563,288.0556,287.2556,286.95563,286.2556,285.2556,284.2556,285.2556,284.7556,285.85562,285.7556,286.2556,285.85562,283.1556,282.95563,283.5556,285.1556,286.7556,286.5556,284.95563,285.35562,285.7556,285.7556,287.7556,285.6556,287.5556,287.0556,284.7556,283.95563,284.5556,286.45563,289.45563,285.45563,283.95563,281.2556
281.1556,280.1556,280.6556,282.5556,283.7556,285.35562,285.45563,288.1556,285.7556,284.95563,283.85562,283.2556,282.5556,283.7556,283.0556,283.7556,283.6556,283.45563,283.0556,281.95563,280.2556,281.0556,282.5556,283.85562,284.2556,284.6556,283.5556,283.5556,283.5556,282.1556,283.95563,285.2556,288.1556,287.2556,288.7556,286.2556,282.7556,281.85562,272.5556,272.35562,270.85562
280.7556,281.35562,281.0556,285.5556,280.85562,282.2556,284.7556,283.35562,283.1556,282.6556,281.7556,282.45563,283.5556,281.6556,281.0556,281.6556,282.35562,282.35562,281.85562,281.0556,280.45563,281.2556,282.5556,283.7556,285.0556,284.45563,283.2556,283.7556,283.7556,283.5556,284.5556,286.35562,288.6556,290.6556,288.2556,283.2556,282.6556,277.35562,271.0556,273.1556,271.45563
283.6556,279.7556,278.85562,279.45563,282.5556,283.35562,280.95563,281.2556,280.1556,282.85562,280.7556,279.2556,280.45563,279.6556,280.0556,280.95563,280.5556,281.7556,281.6556,280.45563,280.2556,280.5556,281.45563,283.5556,284.95563,285.35562,283.1556,284.95563,285.1556,287.1556,289.0556,288.85562,289.1556,288.0556,285.85562,283.1556,279.6556,274.85562,272.45563,274.1556,272.35562
284.45563,284.35562,283.45563,282.85562,279.2556,279.1556,278.7556,278.95563,279.5556,280.1556,278.0556,279.0556,279.95563,280.0556,281.1556,282.7556,282.1556,280.85562,280.35562,280.2556,279.45563,279.5556,280.35562,283.5556,285.45563,286.45563,285.2556,285.45563,287.35562,288.95563,288.7556,288.45563,286.95563,284.7556,284.1556,282.35562,281.5556,279.5556,279.7556,278.45563,277.1556
282.6556,284.1556,283.0556,283.85562,282.95563,282.45563,282.0556,281.85562,281.2556,281.1556,279.45563,278.35562,280.95563,280.5556,281.2556,281.35562,282.1556,282.45563,282.5556,279.35562,279.7556,278.95563,282.85562,284.45563,285.5556,286.95563,287.7556,285.7556,285.7556,287.35562,286.35562,284.0556,283.0556,282.35562,281.6556,281.2556,280.5556,281.5556,280.35562,279.2556,278.7556
281.85562,282.2556,284.7556,281.6556,283.6556,283.5556,283.35562,282.95563,283.35562,282.0556,280.2556,280.35562,281.35562,281.7556,282.35562,279.85562,280.2556,279.1556,279.5556,279.5556,280.7556,284.2556,285.35562,285.1556,285.1556,286.0556,285.2556,283.7556,283.1556,282.85562,282.6556,281.95563,281.5556,280.7556,280.0556,279.7556,280.2556,280.2556,279.5556,279.2556,281.95563
281.45563,282.85562,289.1556,282.6556,282.5556,281.45563,281.5556,281.7556,282.35562,284.85562,284.85562,282.0556,281.2556,282.45563,282.6556,283.5556,280.6556,280.1556,280.5556,282.45563,284.5556,284.45563,284.45563,283.95563,285.5556,285.6556,282.85562,282.2556,281.6556,281.2556,281.45563,282.0556,280.2556,279.95563,279.6556,280.0556,282.95563,283.35562,283.85562,283.35562,282.0556
