wind_kz.json
{"header": {"discipline":0,"disciplineName":"Meteorological products","gribEdition":2,"gribLength":1025,"center":7,"centerName":"US National Weather Service - NCEP(WMC)","subcenter":0,"refTime":"2023-09-07T06:00:00.000Z","significanceOfRT":1,"significanceOfRTName":"Start of forecast","productStatus":0,"productStatusName":"Operational products","productType":1,"productTypeName":"Forecast products","productDefinitionTemplate":0,"productDefinitionTemplateName":"Analysis/forecast at horizontal level/layer at a point in time","parameterCategory":2,"parameterCategoryName":"UnknownDiscipline_0_Category_2","parameterNumber":2,"parameterNumberName":"UnknownParameter_D0_C2_2","parameterUnit":"Unknown","genProcessType":2,"genProcessTypeName":"Forecast","forecastTime":240,"surface1Type":103,"surface1TypeName":"Specified height level above ground","surface1Value":10.0,"surface2Type":255,"surface2TypeName":"Missing","surface2Value":0.0,"gridDefinitionTemplate":0,"gridDefinitionTemplateName":"Latitude_Longitude","numberPoints":615,"shape":6,"shapeName":"Earth spherical with radius of 6,371,229.0 m","gridUnits":"degrees","resolution":48,"winds":"true","scanMode":64,"nx":41,"ny":15,"basicAngle":0,"lo1":47.0,"la1":41.0,"lo2":87.0,"la2":55.0,"dx":1.0,"dy":1.0}, "data":
[rows 0 to 14 of 15, columns 0 to 40 of 41]
-2.7956078,1.2743921,-0.9256079,1.9543921,0.5843921,-0.5256079,-2.425608,-1.2156079,-4.355608,-2.625608,-2.885608,-2.565608,-1.895608,-0.7556079,-0.24560791,0.6743921,1.0343921,-0.08560791,-1.7056079,-2.115608,-0.72560793,1.124392,1.3043921,2.054392,0.04439209,-0.2056079,1.8043921,5.334392,2.2143922,2.144392,2.904392,1.364392,0.1543921,-2.325608,-2.845608,-1.7256079,-1.145608,-1.2856079,-0.8556079,-1.4356079,-2.215608
0.8643921,-2.0056078,1.3843921,0.8743921,0.12439209,0.26439208,-2.455608,-3.2356079,-4.975608,-4.1556077,-3.075608,-2.9756079,-1.385608,-0.6656079,-0.4356079,0.2543921,0.8943921,-0.3756079,0.35439208,-0.6456079,-2.835608,-1.3256079,2.174392,3.2743921,0.9543921,0.2443921,1.224392,2.384392,3.4543922,2.434392,1.244392,1.4643921,0.2443921,0.9743921,0.8743921,1.8243921,1.4243921,-2.095608,-2.0156078,-1.3056079,-0.72560793
-1.6656079,0.8543921,2.034392,2.304392,0.96439207,0.3343921,-3.0356078,-3.835608,-4.075608,-3.665608,-3.685608,-2.915608,-2.215608,-1.0956079,-0.18560791,-0.12560791,-0.04560791,0.59439206,1.364392,-0.07560791,-1.025608,-0.2056079,-1.2256079,3.094392,1.1943921,0.01439209,-0.9256079,-0.84560794,3.4443922,0.77439207,2.0143921,-2.125608,-0.6256079,1.4043921,0.00439209,1.7043921,2.0243921,0.20439209,2.394392,7.014392,3.0143921
0.7043921,2.334392,3.384392,3.844392,2.7743921,0.3343921,-0.72560793,-3.7856078,-4.8456078,-4.1356077,-2.845608,-2.0356078,0.19439209,-0.6756079,-0.01560791,-1.4656079,-2.7956078,-2.875608,-1.125608,0.09439209,1.8843921,-1.025608,-4.565608,-4.9056077,-5.265608,-5.4056077,-4.835608,-6.6356077,-3.905608,-0.39560792,-1.1856079,-1.7056079,-3.575608,-2.315608,-0.8556079,1.0743921,1.0543921,2.114392,-2.2656078,-2.5156078,-3.4956079
0.5743921,2.2043922,3.7743921,4.6143923,2.534392,1.4543921,-4.145608,-5.6756077,-4.685608,-3.905608,-2.7856078,-0.4356079,1.364392,1.3343921,0.8743921,-1.7056079,-3.415608,-4.495608,-5.935608,-7.955608,-8.465608,-6.965608,-6.915608,-7.165608,-7.8856077,-8.575608,-9.425608,-6.015608,-5.515608,-4.645608,-3.675608,0.9343921,2.844392,1.604392,-2.5356078,-2.4956079,-2.4756079,-3.315608,-2.865608,-1.6656079,-1.7256079
-1.9856079,-2.625608,-6.945608,-7.305608,-7.745608,-7.445608,-6.485608,-4.6556077,-3.2956078,-2.685608,-1.7356079,0.03439209,2.2743921,1.4243921,-0.45560792,-1.3256079,-3.2556078,-4.995608,-6.275608,-5.8856077,-7.045608,-7.195608,-7.065608,-7.305608,-7.895608,-8.595608,-8.085608,-7.055608,-5.795608,-5.395608,-5.995608,-5.245608,-5.1756077,-3.9856079,-3.2456079,0.01439209,-0.09560791,-1.875608,-2.065608,-2.465608,-1.9856079
-3.9856079,-4.965608,-6.5956078,-6.8456078,-6.195608,-5.465608,-4.685608,-3.395608,-3.605608,-2.585608,-0.07560791,1.104392,0.9343921,-0.8656079,-1.5756079,-1.6956079,-1.515608,-4.4056077,-5.475608,-6.045608,-6.6556077,-5.525608,-5.465608,-5.765608,-6.6156077,-6.585608,-6.6356077,-6.245608,-6.515608,-6.3456078,-6.645608,-6.955608,-4.8456078,-2.125608,-1.4656079,0.13439208,-0.10560791,-2.5156078,1.874392,0.04439209,1.0443921
-3.105608,-2.945608,-3.405608,-3.435608,-4.005608,-4.1156077,-3.175608,-2.705608,-2.0056078,-0.07560791,0.6643921,0.96439207,-0.6756079,-0.7656079,-1.5556079,-1.9956079,-1.6756079,-1.2256079,-1.505608,-3.4956079,-3.715608,-3.935608,-3.675608,-2.895608,-3.5156078,-4.035608,-4.575608,-4.765608,-6.195608,-5.565608,-6.0956078,-5.3456078,-4.685608,-4.465608,-2.595608,0.14439209,1.744392,2.164392,3.414392,3.124392,3.614392
-2.845608,-2.855608,-3.145608,-3.2256079,-3.375608,-1.9256079,-1.6956079,-0.6256079,-0.78560793,-0.72560793,-0.04560791,-0.00560791,0.41439208,1.4443921,-1.775608,-2.0156078,-3.0556078,-1.015608,-0.5156079,-0.6756079,-2.625608,-2.575608,-1.6856079,-1.375608,-1.3456079,-2.415608,-2.895608,-2.395608,-2.465608,-3.2356079,-4.215608,-3.7256079,-2.4956079,-1.275608,0.35439208,1.6743921,0.2143921,0.07439209,0.6143921,1.0943921,1.6843921
-0.3156079,-1.6956079,-1.3556079,-0.5256079,-0.6656079,-0.7456079,-1.4756079,-2.445608,-1.9856079,-0.8856079,-0.22560792,-0.4456079,-2.5056078,-0.7956079,-2.715608,-0.9556079,-2.455608,-1.7956079,-2.465608,-2.7956078,-3.335608,-4.085608,-3.575608,-3.885608,-3.215608,-2.885608,-3.5056078,-3.685608,-3.845608,-4.035608,-3.115608,-2.325608,-0.8556079,-0.33560792,-0.2556079,-0.09560791,1.8443921,-0.2856079,0.3043921,-0.11560791,0.48439208
0.9343921,0.10439209,-0.07560791,0.8643921,-0.18560791,0.20439209,-0.22560792,-1.385608,-0.7456079,-1.2156079,-0.9556079,-0.15560791,-1.6756079,-0.8356079,-3.615608,-2.945608,-3.4956079,-4.0956078,-4.445608,-4.785608,-4.1556077,-4.395608,-4.915608,-5.145608,-4.795608,-4.225608,-5.075608,-4.045608,-4.195608,-3.915608,-3.215608,-2.0456078,-1.9956079,-1.8456079,-2.095608,-1.8156079,0.8943921,-0.4056079,-0.00560791,-1.5956079,0.2843921
0.1543921,1.0043921,1.0443921,2.414392,2.2443922,1.5043921,0.45439208,1.5943921,-0.09560791,-1.3256079,-0.04560791,-1.515608,-2.2656078,0.5343921,-1.895608,-2.155608,-2.8056078,-3.0156078,-3.835608,-3.605608,-4.005608,-4.585608,-4.575608,-4.165608,-4.555608,-4.455608,-4.1356077,-4.065608,-3.665608,-2.855608,-2.145608,-1.3256079,-2.425608,-2.2256079,-2.605608,-3.2256079,-3.565608,-3.585608,-2.355608,-1.7856079,-1.0756079
1.5043921,1.4243921,2.094392,1.5143921,0.8343921,-0.3756079,0.23439209,0.6143921,-0.12560791,0.4943921,-0.7756079,-0.7056079,0.9743921,0.5443921,-1.6156079,-1.525608,-2.375608,-3.335608,-2.655608,-3.065608,-2.325608,-2.215608,-2.395608,-3.465608,-3.645608,-3.875608,-3.425608,-3.145608,-2.665608,-2.625608,-3.2556078,-3.355608,-2.595608,-1.4456079,-2.065608,-2.655608,-2.3056078,-1.0756079,-2.175608,-2.395608,-1.515608
2.894392,2.2543921,0.9943921,2.184392,1.2643921,1.1543921,0.65439206,0.4343921,0.10439209,-0.5256079,-0.05560791,0.23439209,-0.03560791,1.2643921,-0.5256079,-1.0956079,-2.2456079,-1.7356079,-1.9756079,-2.105608,-1.765608,-1.9956079,-2.885608,-3.115608,-2.945608,-2.945608,-2.2556078,-2.815608,-2.905608,-3.195608,-2.0056078,-1.5756079,-1.765608,-2.165608,-2.0156078,-2.075608,-1.625608,-1.5356079,-1.395608,-1.525608,-1.7056079
2.094392,2.4443922,1.4443921,1.8143921,2.4543922,1.744392,1.0543921,0.4943921,0.6343921,-0.2856079,-0.4656079,-0.10560791,0.2743921,-0.26560792,0.8043921,-0.42560792,-1.5656079,-2.2556078,-1.3056079,-1.895608,-1.7356079,-2.0056078,-2.0156078,-2.445608,-1.8656079,-1.8256079,-1.1056079,-1.8256079,-1.4556079,-1.015608,-1.375608,-1.0656079,-0.5056079,-0.72560793,-0.7056079,-2.2456079,-2.2756078,-2.455608,-2.075608,-1.635608,0.12439209
