wind_kz.json
{"header": {"discipline":0,"disciplineName":"Meteorological products","gribEdition":2,"gribLength":1025,"center":7,"centerName":"US National Weather Service - NCEP(WMC)","subcenter":0,"refTime":"2023-09-29T18:00:00.000Z","significanceOfRT":1,"significanceOfRTName":"Start of forecast","productStatus":0,"productStatusName":"Operational products","productType":1,"productTypeName":"Forecast products","productDefinitionTemplate":0,"productDefinitionTemplateName":"Analysis/forecast at horizontal level/layer at a point in time","parameterCategory":2,"parameterCategoryName":"UnknownDiscipline_0_Category_2","parameterNumber":3,"parameterNumberName":"UnknownParameter_D0_C2_3","parameterUnit":"Unknown","genProcessType":2,"genProcessTypeName":"Forecast","forecastTime":180,"surface1Type":103,"surface1TypeName":"Specified height level above ground","surface1Value":10.0,"surface2Type":255,"surface2TypeName":"Missing","surface2Value":0.0,"gridDefinitionTemplate":0,"gridDefinitionTemplateName":"Latitude_Longitude","numberPoints":615,"shape":6,"shapeName":"Earth spherical with radius of 6,371,229.0 m","gridUnits":"degrees","resolution":48,"winds":"true","scanMode":64,"nx":41,"ny":15,"basicAngle":0,"lo1":47.0,"la1":41.0,"lo2":87.0,"la2":55.0,"dx":1.0,"dy":1.0}, "data":
[rows 0 to 14 of 15, columns 0 to 40 of 41]
-0.2597827,0.2702173,0.4102173,3.2702172,-0.7897827,-4.0397825,-4.1497827,-3.7797828,0.24021728,-0.5497827,3.7302172,5.6802173,6.4302173,5.2102175,3.6902173,2.0802174,0.5802173,-0.6197827,-2.3997827,-1.5297828,-0.4097827,-3.3297827,0.14021729,1.2502173,1.7602173,0.8502173,0.4302173,0.38021728,0.050217286,0.75021726,2.3702173,1.9802173,-0.22978272,0.3402173,-0.35978273,-0.029782714,1.0302173,1.8802173,1.1802173,1.0102173,0.5902173
2.3702173,0.87021726,3.0702174,2.0302172,-1.6297827,-2.9797828,-4.369783,-4.9197826,-3.8797827,-2.6097827,0.8002173,5.260217,6.4502172,5.0202174,4.0402174,2.7402172,1.3602173,0.4102173,1.0002173,0.21021728,-1.1497827,-3.7397828,-3.8297827,0.010217285,1.4902173,1.7602173,2.6202173,2.2402172,0.93021727,2.6302173,2.7902174,2.2202172,2.0702174,2.4702172,2.3102174,2.3902173,3.2402172,1.7802173,1.8102173,0.48021728,0.4702173
-1.0097827,3.8502173,3.2102172,0.7602173,-1.4997827,-2.5997827,-1.6897827,-2.4197826,-3.2797828,-4.2697825,-2.7797828,2.2202172,5.9302173,6.010217,2.2002172,4.0802174,2.5102172,2.6302173,1.6602173,0.020217285,0.10021728,-0.5897827,-2.9497826,-1.1797827,-1.8597827,-1.8797827,-1.1197827,-2.0797827,-0.009782715,-1.4597827,0.7602173,0.7202173,-3.1997826,1.2802173,0.7202173,-2.6397827,0.5402173,2.9602172,-0.18978271,2.2802172,1.9802173
1.1602173,5.3102174,2.6202173,0.62021726,-1.5497828,-1.3397827,-1.3897827,-0.8497827,-0.5297827,-2.4597826,-3.2597828,-1.9497827,2.2402172,3.8602173,2.6002173,5.4302173,4.7502174,3.7502172,2.0002172,1.2202172,0.8602173,-1.1597828,-1.2297827,-0.32978272,-0.5297827,0.050217286,-0.6097827,-0.009782715,-1.0197827,-1.0597827,-1.5597827,-2.7197828,1.0202173,0.6002173,2.2202172,2.0202172,3.4202173,1.9102173,-3.0597827,-2.6097827,-1.4997827
3.1102173,1.1602173,1.7102172,0.22021729,0.5402173,-0.4797827,-1.5697827,-0.6997827,0.48021728,-0.26978272,-1.2097827,-0.8897827,-0.4997827,2.9102173,7.2702174,6.800217,6.650217,5.2102175,4.0002174,2.4202173,1.0202173,-0.81978273,-0.5497827,0.8602173,0.50021726,1.6802173,2.2102172,0.010217285,-0.7297827,0.69021726,-0.6997827,0.9802173,1.1502173,0.2502173,-0.17978272,0.74021727,2.2202172,-0.26978272,-1.9297827,-1.7997828,-1.8397827
1.7802173,3.8202174,2.1302173,2.0802174,0.6302173,-1.0097827,-0.7997827,0.21021728,0.2702173,-0.29978272,-0.23978272,-0.17978272,-0.9197827,3.2402172,5.010217,4.380217,5.6902175,6.2302175,4.070217,2.8302174,1.3702173,-0.19978271,-1.4497827,-0.36978272,0.26021728,-0.09978271,0.6702173,3.6102173,1.7802173,0.19021729,-2.0097828,-5.7997828,-2.6597826,0.62021726,-0.9797827,1.0902172,-3.3797827,5.070217,-0.19978271,-0.8997827,-2.3297827
1.2602173,2.9702172,1.8302172,2.1102173,2.1402173,1.8802173,0.08021729,-0.3197827,1.0402173,-0.7997827,-2.6597826,0.62021726,4.2502174,4.070217,0.030217284,2.0902174,3.5902174,5.400217,3.7902174,2.1502173,1.2702173,1.5202173,0.050217286,0.11021729,2.1728515E-4,-1.1597828,-0.55978274,4.2902174,3.2502172,1.2802173,-1.7197827,-7.619783,-1.2497827,2.8702173,3.0802174,1.3702173,2.4202173,2.5202172,2.1302173,2.5302172,0.23021728
-0.9197827,0.2502173,1.3302172,1.9902173,2.9002173,2.2302172,2.0602174,-0.2797827,-0.5397827,-0.15978271,0.11021729,-1.7597827,2.2402172,4.380217,3.5002172,4.360217,4.240217,4.6902175,3.7302172,3.0602174,2.7302172,2.7902174,0.090217285,0.56021726,1.1202173,0.8602173,0.81021726,4.3702173,5.990217,0.9202173,-0.2797827,-2.4397826,1.9802173,-1.0997827,-1.3697827,-0.93978274,-0.9597827,1.5002173,-0.4997827,1.7102172,2.7202172
-2.8597827,0.8002173,1.5702173,3.0902174,2.1802173,3.2902174,1.7402173,-0.049782716,-0.7397827,-0.42978272,2.6202173,0.6402173,-1.0597827,-2.0197828,1.6002173,3.6802173,4.380217,5.5002174,4.1002173,3.9502172,3.2302172,1.8502173,1.6302173,0.4002173,1.9002173,1.4802173,1.3302172,2.8202174,5.3302174,5.3702173,3.8802173,3.2302172,0.9802173,0.08021729,3.3702173,4.050217,1.9802173,-0.9597827,1.7902173,1.4902173,0.19021729
3.0702174,1.8802173,3.5502174,3.2102172,3.6202173,3.1502173,0.9502173,1.0202173,1.2902173,-0.14978272,-0.3097827,1.5302173,-0.049782716,0.39021727,-2.6497827,-0.74978274,2.1302173,4.090217,3.5402174,6.0802174,3.8702173,2.6902173,3.8502173,2.7002172,1.1202173,2.6102173,1.7602173,1.2502173,2.7602172,2.8502173,3.2802172,2.1302173,1.7802173,1.6902173,1.9902173,1.9302173,1.6802173,1.9502172,1.5902172,0.6502173,2.3402174
2.4402173,1.2702173,3.5802174,2.9702172,3.6302173,3.7102172,2.6402173,1.3702173,1.0402173,0.17021729,-0.21978271,0.26021728,-1.4097828,-0.3497827,1.8502173,-0.9897827,-0.119782716,2.3402174,4.030217,3.8102174,2.8102174,3.4902172,3.9902172,3.8202174,2.6402173,2.4502172,1.5802172,1.6202173,2.7302172,0.8302173,1.6102173,4.4802175,3.7502172,2.5802174,1.9302173,2.2802172,2.3202174,1.0402173,1.4502172,1.4402173,1.0602173
0.9102173,3.5002172,5.1902175,3.0202172,1.9002173,4.130217,3.1702173,2.7702172,1.8402172,1.1202173,0.36021727,-0.68978274,-0.9797827,-0.09978271,-0.38978273,0.5302173,-3.0297828,-0.15978271,2.3602173,3.7902174,2.9902172,3.5602174,3.2302172,3.2802172,4.030217,2.5802174,2.1602173,1.4602172,1.2502173,2.7602172,4.5802174,4.1702175,2.9902172,2.5002172,1.4102173,0.5702173,0.23021728,-0.7197827,-1.1997827,0.3102173,-0.6397827
0.7202173,2.7002172,1.5402173,0.08021729,2.2102172,3.9502172,3.4002173,2.9602172,2.6702173,1.6902173,0.7102173,-0.56978273,-0.6497827,1.3802173,-1.5897827,0.2502173,0.060217284,-3.7897828,1.8502173,3.2302172,4.1902175,3.9902172,3.3502173,4.3502173,4.7502174,3.9602172,3.3202174,2.4102173,2.1702173,2.7502172,3.2902174,3.2802172,2.6402173,2.3002174,2.1702173,1.9102173,1.7502173,0.94021726,1.8502173,1.4202173,0.48021728
2.8002174,3.4402173,2.6902173,3.0502174,5.150217,3.9802172,3.8402174,3.1802173,2.3102174,2.4802172,1.1102173,0.30021727,2.1728515E-4,1.1402173,0.6102173,-1.6497827,-1.8797827,-2.9397826,-3.3697827,2.7002172,4.0402174,3.7902174,3.3902173,3.1402173,3.4802172,3.7302172,4.1702175,4.2502174,3.7002172,3.5802174,3.3002174,3.3302174,3.1702173,3.3502173,2.5002172,2.9002173,2.2202172,1.8502173,2.0102172,1.6802173,1.9602172
2.4502172,2.2902174,3.2102172,4.900217,5.030217,5.260217,4.1602173,2.9402173,2.5202172,2.4302173,1.7202172,0.9802173,0.4702173,-0.2897827,1.8102173,1.7402173,-0.9497827,-1.8097827,-4.349783,-3.6797826,2.3402174,2.6702173,3.4602172,3.4202173,3.3502173,3.6502173,3.6602173,3.3602173,3.3302174,3.6702173,3.8702173,3.5902174,3.7602172,3.8402174,3.3702173,3.3302174,3.7602172,3.3602173,1.8502173,2.7602172,1.7802173
