wind_kz.json
{"header": {"discipline":0,"disciplineName":"Meteorological products","gribEdition":2,"gribLength":1025,"center":7,"centerName":"US National Weather Service - NCEP(WMC)","subcenter":0,"refTime":"2023-08-24T12:00:00.000Z","significanceOfRT":1,"significanceOfRTName":"Start of forecast","productStatus":0,"productStatusName":"Operational products","productType":1,"productTypeName":"Forecast products","productDefinitionTemplate":0,"productDefinitionTemplateName":"Analysis/forecast at horizontal level/layer at a point in time","parameterCategory":2,"parameterCategoryName":"UnknownDiscipline_0_Category_2","parameterNumber":3,"parameterNumberName":"UnknownParameter_D0_C2_3","parameterUnit":"Unknown","genProcessType":2,"genProcessTypeName":"Forecast","forecastTime":240,"surface1Type":103,"surface1TypeName":"Specified height level above ground","surface1Value":10.0,"surface2Type":255,"surface2TypeName":"Missing","surface2Value":0.0,"gridDefinitionTemplate":0,"gridDefinitionTemplateName":"Latitude_Longitude","numberPoints":615,"shape":6,"shapeName":"Earth spherical with radius of 6,371,229.0 m","gridUnits":"degrees","resolution":48,"winds":"true","scanMode":64,"nx":41,"ny":15,"basicAngle":0,"lo1":47.0,"la1":41.0,"lo2":87.0,"la2":55.0,"dx":1.0,"dy":1.0}, "data":
[rows 0 to 14 of 15, columns 0 to 40 of 41]
3.2377148,2.347715,-0.46228516,3.2677147,0.52771485,-4.342285,0.77771485,0.21771485,0.30771485,-0.9522852,-1.5822852,-1.5322852,-2.8322852,-3.8722851,-5.1822853,-5.9722853,-6.532285,-6.322285,-7.902285,-6.822285,-4.1222854,-2.2222853,-2.2622852,0.83771485,3.9377148,2.2277148,1.0177149,1.0377148,3.4277148,3.857715,3.7077148,1.0277148,1.2577149,-3.0922852,-2.2922852,-2.6222851,3.0077147,0.29771483,-0.72228515,-4.6822853,1.5077149
-2.0422852,-1.2922852,4.5477147,4.017715,3.0077147,-3.8322852,1.1577148,1.2677149,0.94771487,1.0077149,1.1077149,-1.4422852,-2.6122851,-4.382285,-6.382285,-6.042285,-6.292285,-7.312285,-4.082285,-7.232285,-8.322285,-6.052285,-4.612285,-1.7322851,2.4677148,-0.27228516,-1.1022851,-2.712285,-4.3722854,-1.7722851,-1.8722851,-1.6822852,-2.422285,-1.5822852,1.9177148,2.5277147,2.1877148,1.6277149,0.82771486,0.20771484,-1.5322852
-2.422285,4.267715,5.227715,4.537715,2.107715,3.567715,2.547715,2.567715,2.6977148,0.65771484,-1.3522851,-2.8722851,-5.272285,-3.0522852,-5.282285,-5.192285,-6.512285,-7.562285,-7.762285,-5.9922853,-3.8122852,-6.2222853,-5.112285,-4.2422853,-4.262285,-1.1622852,-1.5722852,-0.16228515,1.7677149,-2.132285,-2.412285,-2.7222853,-3.0922852,-2.652285,0.24771485,-2.702285,-2.4822853,-4.802285,-2.912285,1.9177148,0.14771484
6.447715,5.887715,5.997715,4.967715,5.037715,3.827715,3.047715,2.9077148,2.587715,1.4177148,0.41771483,-2.5222852,-5.072285,-6.9722853,-4.632285,-4.2022853,-5.212285,-5.982285,-6.632285,-6.692285,-5.8522854,-6.332285,-1.9622852,-2.8522851,-3.4822853,-3.9722853,-3.5922852,-3.5722852,-4.4522853,-4.9522853,-5.3722854,-4.762285,3.4877148,2.087715,-0.24228516,0.27771485,-2.962285,-0.23228516,-2.0222852,-1.8122852,-3.3422852
6.3777146,7.667715,7.207715,6.197715,1.6677148,3.2177148,3.6977148,3.5077147,3.1577148,2.4577148,1.8977149,-0.35228515,-1.7722851,-4.752285,-4.3722854,-4.1422853,-4.572285,-5.632285,-5.752285,-5.8722854,-4.402285,-4.442285,-3.5722852,-3.912285,-2.3222852,-2.1222851,-5.072285,-8.622285,-4.342285,-5.712285,-7.212285,-6.752285,-3.932285,-2.702285,0.83771485,2.317715,1.5677148,-0.55228513,-2.912285,-2.7622852,-2.5822852
3.1277149,7.5877147,6.2777147,4.5677147,1.6877148,0.40771484,3.807715,4.907715,3.607715,2.6477149,2.9177148,2.8777149,2.1977148,-1.9922851,-3.922285,-2.5022852,-4.272285,-5.512285,-4.752285,-4.6222854,-4.772285,-4.832285,-5.1622853,-4.6022854,-4.042285,-3.5822852,0.09771484,-2.5522852,-5.052285,-3.922285,-4.612285,-5.782285,-6.6422853,-4.4722853,-1.7322851,-0.67228514,-2.0622852,-3.652285,-1.4522852,0.077714846,-3.1222851
2.597715,7.487715,8.857715,7.417715,5.2577147,6.117715,6.327715,5.637715,5.1277146,4.5477147,3.3977149,3.2177148,2.867715,1.0077149,-0.39228517,-1.0722852,-1.9122852,-2.7922852,-4.482285,-4.522285,-4.752285,-4.902285,-5.6022854,-5.812285,-5.442285,-3.422285,-3.462285,-3.192285,-5.2022853,-5.012285,-4.592285,-4.792285,-5.312285,-6.132285,0.06771484,-0.54228514,-2.402285,-3.5222852,-2.4722853,0.82771486,-7.032285
3.347715,7.137715,9.107715,8.867715,8.447715,6.457715,6.327715,5.8377147,5.437715,5.167715,4.447715,3.4377148,2.6377149,2.6477149,2.1877148,0.70771486,-1.0022851,-2.2322853,-2.5822852,-4.782285,-3.672285,-4.272285,-4.4322853,-4.812285,-5.062285,-5.2222853,-4.942285,-4.9722853,-4.692285,-2.962285,-4.112285,-5.582285,-4.612285,-6.4722853,-5.462285,-5.842285,-4.442285,-0.84228516,2.3977149,2.287715,1.1777148
3.9077148,6.3377147,8.057714,8.607715,8.087715,6.637715,5.8377147,5.937715,5.407715,4.807715,4.767715,4.887715,3.867715,2.607715,2.5077147,1.9277148,-0.29228514,-1.7022852,-2.462285,-3.2722852,-3.162285,-4.192285,-1.0522852,-3.712285,-4.312285,-4.812285,-4.6622853,-4.942285,-4.272285,-4.6022854,-4.692285,-4.7422853,-5.022285,-4.6622853,-4.9722853,-5.252285,-5.762285,-3.2922852,-4.212285,-2.3422852,-1.4222852
5.347715,6.517715,7.097715,6.747715,7.177715,6.307715,5.267715,5.437715,5.727715,5.657715,4.447715,3.827715,2.9977148,1.0477148,0.9377148,0.56771487,0.76771486,-0.28228515,-1.9922851,-2.5522852,-4.232285,-3.0522852,-1.6622852,0.45771486,-1.1922852,-3.142285,-3.3222852,-3.682285,-3.3422852,-4.172285,-4.2422853,-3.0322852,-3.5022852,-4.292285,-4.1622853,-2.7922852,-0.91228515,1.1177149,-1.9522852,-0.8722851,-1.3122852
3.7077148,4.677715,5.987715,6.167715,6.237715,6.947715,6.427715,5.227715,4.417715,3.587715,3.3977149,2.537715,1.6677148,0.117714845,-1.1922852,-1.7322851,-2.392285,-3.1122851,-4.302285,-4.7022853,-4.172285,-2.882285,-1.6622852,-1.7822852,-1.7622851,0.8777149,-1.4122852,-2.0622852,-2.5622852,-2.132285,-2.3622851,-1.1422851,-2.5422852,-2.9722853,-2.8722851,-2.8722851,-2.8222852,-1.7022852,-2.442285,-1.5622852,-1.0422852
0.08771484,3.2477148,6.0477147,6.3377147,5.437715,5.6077147,6.247715,5.3577147,4.0477147,2.5077147,1.6077149,2.8977149,1.6377149,0.6777148,1.4477148,-0.17228515,-2.6122851,-3.0922852,-3.3022852,-2.7922852,-3.202285,-1.7522851,-2.142285,-1.6522851,-0.65228516,-0.79228514,-0.022285156,-1.3022852,0.35771483,1.0177149,0.95771486,-0.58228517,-0.71228516,-1.5722852,-2.5022852,-0.98228514,-1.2422851,-1.3722851,-0.0022851562,-1.3222852,-0.8122852
1.6277149,3.307715,6.347715,5.5477147,5.447715,3.9777148,5.0877147,4.457715,5.237715,3.4977148,2.037715,1.5477148,1.4077148,0.94771487,0.72771484,0.53771484,-0.032285158,-0.44228515,0.37771484,-1.1922852,-1.0722852,-1.5322852,-1.6222851,-1.5822852,-2.8522851,-2.452285,0.077714846,0.21771485,0.85771483,1.4777149,1.3177148,1.8677149,1.7677149,-0.35228515,-1.0122851,-0.97228515,0.5577148,-0.6922852,-2.0922852,-1.6522851,-0.7622852
-0.12228516,1.8677149,-0.47228515,2.547715,0.6177148,-3.2922852,4.557715,4.2577147,4.187715,3.9777148,2.7777147,1.8977149,1.6577148,1.0877148,0.38771483,1.0977149,0.48771486,0.9277148,0.71771485,0.60771483,-0.19228515,-0.68228513,-0.92228514,-0.6922852,-1.3322852,-0.8222852,-0.67228514,-0.28228515,2.2077148,2.6577148,2.577715,2.537715,2.5177147,1.9677148,0.76771486,-1.4622852,2.6477149,2.057715,-0.12228516,-1.1122851,-1.8322852
1.0477148,1.3477149,4.937715,4.307715,6.0477147,5.637715,1.5477148,-3.2722852,0.25771484,2.9577148,2.4577148,2.617715,2.4477148,1.3777149,2.117715,2.9077148,0.8777149,0.95771486,-1.2822852,-0.23228516,-0.48228514,-1.3522851,-1.2122852,0.32771483,0.5477148,0.077714846,0.50771487,-0.54228514,1.4377148,1.7577149,1.8677149,2.057715,0.057714842,2.1577148,3.0177147,-0.13228516,2.317715,0.63771486,1.0877148,0.41771483,0.6277149
