wind_kz.json
{"header": {"discipline":0,"disciplineName":"Meteorological products","gribEdition":2,"gribLength":1025,"center":7,"centerName":"US National Weather Service - NCEP(WMC)","subcenter":0,"refTime":"2023-09-21T06:00:00.000Z","significanceOfRT":1,"significanceOfRTName":"Start of forecast","productStatus":0,"productStatusName":"Operational products","productType":1,"productTypeName":"Forecast products","productDefinitionTemplate":0,"productDefinitionTemplateName":"Analysis/forecast at horizontal level/layer at a point in time","parameterCategory":2,"parameterCategoryName":"UnknownDiscipline_0_Category_2","parameterNumber":3,"parameterNumberName":"UnknownParameter_D0_C2_3","parameterUnit":"Unknown","genProcessType":2,"genProcessTypeName":"Forecast","forecastTime":0,"surface1Type":103,"surface1TypeName":"Specified height level above ground","surface1Value":10.0,"surface2Type":255,"surface2TypeName":"Missing","surface2Value":0.0,"gridDefinitionTemplate":0,"gridDefinitionTemplateName":"Latitude_Longitude","numberPoints":615,"shape":6,"shapeName":"Earth spherical with radius of 6,371,229.0 m","gridUnits":"degrees","resolution":48,"winds":"true","scanMode":64,"nx":41,"ny":15,"basicAngle":0,"lo1":47.0,"la1":41.0,"lo2":87.0,"la2":55.0,"dx":1.0,"dy":1.0}, "data":
[rows 0 to 14 of 15, columns 0 to 40 of 41]
2.0564528,2.0364525,1.6764526,5.956453,5.1064525,2.6864526,1.8164526,0.85645264,0.046452638,-0.70354736,-0.57354736,-0.88354737,-1.7935474,-2.4735475,-2.7435474,-4.3535476,-4.1035476,-4.2235475,-2.4835474,-2.6035473,-2.7835474,-3.2635474,-1.4135474,1.5864526,3.1264527,1.5064527,0.46645263,0.90645266,-2.3135474,-2.3635473,-1.5635474,2.2464526,-0.9835474,1.5364527,-2.5135474,-5.2435474,-0.5635474,3.4664526,-5.543547,-6.0135474,1.0364527
-1.2635474,-2.2735474,7.786453,7.9264526,5.4264526,3.3664527,1.4064527,0.9464526,0.28645265,-0.22354737,-1.2135473,-1.2335473,-1.6535474,-2.6535473,-3.5535474,-3.9935474,-4.0335474,-4.793547,-4.253547,-4.1135473,-3.1735473,-3.4635475,2.5164526,0.96645266,3.5764527,2.5364525,2.8164527,2.3264527,-0.20354736,1.4964527,-1.7635474,0.60645264,-0.033547364,-1.9235474,-0.70354736,1.2964526,-5.1635475,1.4164526,7.0264525,0.78645265,1.1664526
1.4064527,5.496453,6.7364526,5.766453,3.6764526,3.2964525,1.8964527,1.2364526,0.41645265,0.48645264,-1.9735473,-1.6835474,-1.9435474,-0.78354734,-1.6235473,-3.3935473,-4.0735474,-4.733547,-4.733547,-3.6935472,-3.0335474,-3.9335473,-0.023547363,1.8164526,-1.3935474,-3.2735474,-1.6735474,-2.6335473,-3.4035473,-3.3935473,-2.4035473,1.0764526,-1.1635474,0.8864526,0.8164526,-2.3135474,-3.5535474,-2.1935472,-2.3035474,-0.18354736,-2.3235474
4.936453,4.2364526,4.976453,3.6664526,2.4264526,1.9764526,1.3764527,1.0364527,-0.07354736,-0.7935474,-1.7035474,-2.0135474,-2.7435474,-1.5735474,-1.1335473,-3.2135475,-3.8635473,-3.8935473,-4.793547,-2.7535474,-4.293547,-0.36354735,-2.7835474,-0.22354737,0.27645263,3.2664526,-0.24354737,-0.82354736,-1.0835474,-1.3535473,1.9164526,1.1264527,1.1764526,-0.023547363,0.5764526,1.9164526,2.7764525,2.2164526,-2.3235474,0.54645264,-2.6135473
3.3164527,1.3364526,1.9364526,1.4164526,1.2864527,-0.043547362,-0.59354734,-0.9835474,-0.7435474,-1.6735474,-1.9535474,-2.8635473,-2.8635473,0.5064526,0.06645264,-1.7935474,-5.1835475,-5.3735476,-4.1535473,-2.5135474,-3.2335474,-1.4035474,-1.8235474,1.8064526,2.6464527,-0.6735474,0.29645264,-0.19354737,0.23645264,0.13645263,1.0864526,1.1864526,3.3664527,0.46645263,1.2664527,1.9664526,0.8764526,1.1164527,0.12645264,-1.7235473,-1.2035474
2.4164526,1.5164527,-0.103547364,-1.0235474,-1.4735473,-2.6435473,-2.8935473,-3.0435474,-2.3735473,-2.5435474,-2.5735474,-1.8635473,0.23645264,-0.45354736,-3.0735474,-4.4035473,-5.753547,-5.3235474,-4.9135475,-3.6835473,-0.58354735,-2.2735474,-3.6735473,0.6364526,3.0364525,3.1464527,0.53645265,-0.7435474,-2.4235473,-2.2035475,-0.9835474,-0.39354736,2.0564528,1.2564527,2.3964527,-2.7035475,-2.5535474,-4.8835473,-3.1735473,-1.1735474,0.026452636
0.90645266,0.55645263,0.18645264,-0.9835474,-1.7535473,-2.4735475,-3.3535473,-3.5735474,-3.1435473,-2.7935474,-0.45354736,-0.6235474,-1.1335473,-2.7435474,-4.233547,-4.9535475,-5.6035476,-5.6935472,-5.023547,-3.2235475,-1.8235474,-0.95354736,0.97645265,2.0264525,1.9064527,1.7964526,0.48645264,0.046452638,-0.043547362,-5.1935472,-0.85354733,-2.5335474,0.20645264,2.7964525,2.2364526,1.0464526,1.4064527,4.036453,-0.89354736,2.3464527,-1.8335474
-0.13354737,0.5164526,-0.15354736,-0.8735474,-1.5335474,-2.3835473,-3.4835474,-2.4535475,-2.3635473,-1.7835474,-1.5735474,-0.97354734,-2.5035474,-3.1835473,-4.4935474,-5.563547,-5.6735473,-5.6935472,-5.0935473,-3.2935474,-0.9235474,-0.09354737,-0.023547363,0.40645263,-0.47354737,0.35645264,0.28645265,-3.1135473,-0.63354737,-2.7635474,-4.6335473,-2.3835473,-1.7335473,-2.3935473,-3.4635475,2.9564526,2.5964527,0.47645265,1.8764527,-0.7535474,0.31645262
0.39645264,0.85645264,0.54645264,0.42645264,-0.8135474,-1.3635473,-1.6435474,-0.45354736,-1.7935474,-1.5335474,-1.5935473,-2.0535474,-3.1435473,-3.5535474,-4.4035473,-5.1535473,-5.3335476,-5.1935472,-4.753547,-3.9735475,-1.2435473,0.59645265,0.5164526,0.54645264,-1.7635474,0.61645263,0.60645264,-1.5535474,-2.6735473,-1.3535473,-2.5535474,-4.813547,-4.8235474,-5.1035476,-5.6735473,1.5564526,4.2364526,3.3064528,4.7564526,2.6064527,1.5764526
0.77645266,0.89645267,0.9964526,0.55645263,-0.103547364,-0.47354737,-0.7435474,-0.36354735,-0.48354736,-0.52354735,-1.4335474,-1.9435474,-2.8135474,-2.6435473,-3.7035475,-4.4035473,-5.0335474,-5.1235476,-4.4735475,-3.0635474,-2.0635474,-1.6335473,-1.0835474,0.21645264,1.5064527,-2.8635473,-2.4735475,-3.3035474,-3.4435472,-3.1435473,-4.6235476,-2.5435474,-2.0935473,-0.84354734,-4.5135474,-1.0535474,0.10645264,0.91645265,2.1764526,1.4264526,1.8064526
2.6564527,2.0164526,1.9064527,1.9464526,1.1564527,0.40645263,-0.12354736,-0.34354737,-0.64354736,0.6264526,0.016452637,-0.76354736,-1.1835474,-1.6235473,-2.4135473,-3.2135475,-4.0835476,-5.4235473,-4.563547,-4.213547,-3.5235474,-2.4635475,-2.5635474,-1.9235474,-0.96354735,-2.2735474,-2.7935474,-3.8635473,-2.5535474,-3.4735475,-4.6235476,-3.4935474,-3.9635475,-2.7035475,-0.96354735,-0.6835474,1.1064526,0.65645266,1.6164527,0.44645265,0.32645264
2.4064527,2.1564527,2.0464525,2.4864526,2.3064528,2.0164526,1.1864526,0.47645265,0.036452636,0.8164526,-0.033547364,0.28645265,1.3764527,0.23645264,-0.48354736,-1.4735473,-2.4135473,-3.0235474,-2.8635473,-3.3235474,-3.3735473,-3.1735473,-2.8235474,-2.3635473,-2.2135475,-2.7235475,-3.4335473,-4.9735475,-4.3735476,-3.3135474,-3.1835473,-3.9235473,-3.1735473,-1.8435473,-1.6335473,-1.7535473,-0.58354735,1.3364526,1.5964526,-0.09354737,-1.1835474
2.2764525,2.4764526,2.6164527,2.4764526,2.3764527,1.6764526,1.9764526,1.8764527,1.5164527,1.4564526,0.13645263,-0.91354734,1.4364526,2.0064526,1.3064526,0.43645263,-0.103547364,-0.96354735,-1.6835474,-1.8935474,-2.2435474,-2.2135475,-1.8935474,-2.1635473,-2.4735475,-2.9735475,-3.8035474,-4.0535474,-3.4635475,-2.8135474,-2.8535473,-2.7135475,-1.7535473,-1.5535474,-1.4335474,-2.6035473,-2.9635475,-1.4435474,-0.023547363,0.39645264,-0.96354735
2.5264525,2.3664527,2.4864526,3.3964527,3.6864526,3.2464526,2.9064527,2.8164527,2.8364527,3.5464525,0.92645264,0.12645264,0.08645263,1.1264527,1.8364526,1.7364526,1.6264527,1.2864527,0.6964526,0.34645262,-0.17354736,-0.48354736,-0.9935474,-1.2435473,-1.6135473,-2.3535473,-2.8835473,-2.9835474,-2.9535475,-2.4335473,-1.7335473,-1.6335473,-1.5135474,-1.6635474,-0.63354737,-1.8435473,-2.4335473,-2.3935473,-2.1135473,-2.3835473,-2.7035475
2.5564528,2.6064527,3.6764526,3.9364526,4.6664524,4.1764526,3.7264526,3.9764526,3.6064527,3.4664526,2.6464527,2.5064526,1.4864526,0.15645264,1.9264526,2.2364526,2.2164526,2.2564526,1.9264526,1.6264527,1.3064526,0.78645265,0.5664526,0.25645265,0.34645262,-0.5535474,-1.3735473,-1.7835474,-2.6135473,-2.6935472,-1.4035474,-0.17354736,-0.33354735,0.016452637,-1.4035474,-0.41354737,-1.4935473,-2.6535473,-2.7135475,-2.3635473,-1.2035474
