wind_kz.json
{"header": {"discipline":0,"disciplineName":"Meteorological products","gribEdition":2,"gribLength":1025,"center":7,"centerName":"US National Weather Service - NCEP(WMC)","subcenter":0,"refTime":"2023-09-23T00:00:00.000Z","significanceOfRT":1,"significanceOfRTName":"Start of forecast","productStatus":0,"productStatusName":"Operational products","productType":1,"productTypeName":"Forecast products","productDefinitionTemplate":0,"productDefinitionTemplateName":"Analysis/forecast at horizontal level/layer at a point in time","parameterCategory":2,"parameterCategoryName":"UnknownDiscipline_0_Category_2","parameterNumber":3,"parameterNumberName":"UnknownParameter_D0_C2_3","parameterUnit":"Unknown","genProcessType":2,"genProcessTypeName":"Forecast","forecastTime":0,"surface1Type":103,"surface1TypeName":"Specified height level above ground","surface1Value":10.0,"surface2Type":255,"surface2TypeName":"Missing","surface2Value":0.0,"gridDefinitionTemplate":0,"gridDefinitionTemplateName":"Latitude_Longitude","numberPoints":615,"shape":6,"shapeName":"Earth spherical with radius of 6,371,229.0 m","gridUnits":"degrees","resolution":48,"winds":"true","scanMode":64,"nx":41,"ny":15,"basicAngle":0,"lo1":47.0,"la1":41.0,"lo2":87.0,"la2":55.0,"dx":1.0,"dy":1.0}, "data":
[rows 0 to 14 of 15, columns 0 to 40 of 41]
1.042818,-2.127182,1.6828179,-2.227182,1.782818,1.242818,-0.037182007,-0.657182,-2.227182,-1.927182,-2.607182,-0.53718203,-2.067182,-2.877182,-4.217182,-3.427182,-4.297182,-4.187182,-4.557182,-2.017182,-1.457182,-0.84718204,1.472818,-1.467182,-1.157182,-1.857182,-1.367182,1.142818,1.912818,-2.097182,-3.557182,-4.587182,-2.897182,-7.327182,-3.187182,-0.447182,-3.927182,-6.257182,2.092818,4.172818,2.632818
3.132818,1.812818,2.072818,2.162818,2.632818,1.122818,-1.497182,0.502818,-1.237182,-2.087182,-2.767182,-3.387182,-3.327182,-3.377182,-4.617182,-3.807182,-0.78718203,-3.747182,-4.047182,-3.947182,-3.447182,-3.957182,-2.117182,1.322818,-0.607182,-0.97718203,-3.087182,0.612818,1.072818,0.732818,4.662818,0.512818,-3.177182,-4.147182,-3.747182,2.082818,2.542818,-3.687182,-5.227182,-4.497182,-1.057182
2.852818,3.732818,2.832818,2.662818,0.802818,0.602818,0.462818,0.802818,-0.547182,-1.617182,-2.317182,-1.937182,-2.587182,-3.337182,-3.617182,-2.617182,-0.84718204,-2.227182,-2.667182,-3.547182,-2.2571821,-3.127182,-3.997182,-1.137182,0.10281799,1.202818,0.792818,0.562818,0.282818,2.322818,2.762818,1.232818,1.712818,-0.33718202,1.042818,-0.567182,-2.827182,-2.577182,-1.727182,0.042817995,-1.527182
1.102818,1.322818,2.362818,1.192818,0.65281796,0.432818,1.062818,0.982818,0.832818,-0.377182,-1.247182,-2.117182,-3.047182,-4.667182,-3.207182,-3.557182,-2.157182,-2.437182,-3.187182,-3.607182,-2.977182,-2.407182,-1.427182,1.062818,0.052817993,0.872818,1.622818,0.272818,1.262818,0.452818,1.422818,-1.937182,-1.357182,-1.327182,0.572818,1.392818,2.972818,0.162818,-0.827182,2.172818,-0.11718201
0.012817993,-0.21718201,0.432818,0.77281797,0.942818,0.492818,0.212818,0.722818,1.822818,-0.08718201,-0.24718201,-1.517182,-3.497182,-3.887182,-4.007182,-3.477182,-3.147182,-3.127182,-2.807182,-3.487182,-3.187182,-2.597182,-2.187182,-0.817182,1.112818,2.032818,1.672818,2.502818,0.642818,0.302818,3.062818,1.722818,0.742818,-0.627182,-0.547182,-0.707182,1.632818,1.632818,2.702818,-0.78718203,-0.717182
-0.577182,-0.837182,-0.197182,-0.07718201,1.892818,2.432818,0.802818,-0.387182,-0.557182,-0.257182,-2.087182,-2.377182,-3.027182,-2.637182,-2.317182,-2.647182,-2.697182,-2.897182,-3.937182,-3.447182,-4.017182,-1.907182,-2.147182,-1.787182,-2.637182,-0.067182004,1.442818,2.292818,2.362818,1.272818,1.312818,4.212818,3.542818,3.022818,2.902818,-0.11718201,0.932818,-2.547182,-3.677182,1.502818,0.432818
-0.027182007,0.432818,0.512818,1.012818,1.802818,1.352818,1.132818,0.462818,-0.767182,-1.907182,-2.767182,-1.857182,-1.957182,-2.137182,-2.387182,-1.957182,-1.857182,-2.057182,-2.487182,-2.617182,-2.987182,-2.867182,-3.027182,-2.657182,-1.867182,-1.767182,-1.007182,-0.997182,-0.587182,1.172818,2.562818,0.732818,1.772818,2.732818,0.10281799,-0.84718204,-0.907182,1.112818,-2.317182,0.892818,0.672818
-0.377182,-0.567182,0.112817995,1.002818,1.312818,1.202818,0.812818,0.182818,-1.587182,-2.197182,-2.337182,-2.227182,-2.327182,-2.047182,-2.387182,-1.877182,-1.177182,-0.827182,-1.197182,-1.307182,-2.237182,-2.067182,-1.737182,-1.397182,-0.887182,0.482818,0.422818,-0.737182,0.622818,1.132818,1.552818,2.362818,1.112818,2.132818,4.892818,2.512818,1.982818,1.942818,0.802818,0.542818,0.20281799
0.052817993,0.38281798,-0.147182,0.402818,0.90281796,1.212818,0.722818,-2.177182,-2.877182,-2.437182,-2.577182,-2.377182,-2.187182,-2.797182,-2.727182,-2.247182,-1.147182,-0.807182,-0.08718201,0.312818,0.472818,-1.107182,-0.317182,-0.387182,0.822818,1.292818,1.602818,2.152818,1.302818,1.622818,2.732818,3.752818,4.062818,3.402818,4.492818,3.102818,0.272818,3.252818,0.042817995,-1.007182,1.232818
0.882818,0.992818,1.062818,0.842818,0.532818,-1.257182,-2.377182,-2.687182,-2.217182,-1.947182,-2.117182,-2.167182,-2.287182,-2.957182,-2.867182,-3.097182,-2.687182,-1.557182,-0.287182,-0.437182,0.632818,0.422818,-0.937182,-1.467182,-0.627182,0.112817995,0.162818,0.052817993,0.09281799,-0.07718201,0.312818,2.542818,4.382818,4.912818,4.822818,4.242818,1.9328179,1.142818,3.622818,2.472818,2.702818
0.872818,0.082817994,-1.037182,-1.677182,-1.507182,-1.087182,-1.087182,-1.547182,-1.127182,-1.807182,-0.897182,-0.477182,-2.587182,-2.587182,-2.957182,-3.267182,-3.357182,-3.2571821,-2.647182,-1.897182,-1.417182,-1.617182,-3.127182,-3.837182,-4.247182,-3.307182,-3.127182,-2.467182,-4.247182,-1.737182,-1.087182,-1.907182,-1.637182,3.172818,5.872818,6.182818,4.112818,2.542818,4.642818,2.802818,1.442818
-0.11718201,0.132818,-0.307182,-0.967182,-1.907182,-1.277182,-1.267182,-1.037182,-1.827182,-1.557182,-1.307182,-1.907182,-2.337182,-2.667182,-2.887182,-3.067182,-3.177182,-3.667182,-3.567182,-4.257182,-2.967182,-4.367182,-5.017182,-5.327182,-3.897182,-4.747182,-6.367182,-6.807182,-6.687182,-6.077182,-5.527182,-4.997182,-3.867182,0.972818,2.882818,7.022818,8.092818,6.782818,5.442818,3.542818,2.052818
0.362818,0.182818,0.742818,0.822818,-0.13718201,-0.16718201,-0.677182,-0.817182,-1.487182,-0.707182,-0.507182,-0.577182,-1.347182,-2.7571821,-2.947182,-2.827182,-3.627182,-4.167182,-4.557182,-3.767182,-3.797182,-3.217182,-2.217182,-1.897182,-2.487182,-2.077182,-3.127182,-4.007182,-4.687182,-4.247182,-5.007182,-5.027182,-5.657182,-6.067182,-3.797182,2.702818,3.542818,5.372818,7.402818,5.812818,3.902818
1.1828179,0.22281799,-1.017182,0.06281799,-0.11718201,-0.317182,-0.277182,-1.367182,-0.567182,-0.317182,0.12281799,-0.617182,-0.667182,-2.057182,-3.237182,-3.777182,-3.827182,-3.307182,-3.527182,-3.227182,-3.287182,-3.317182,-2.857182,-2.597182,-3.207182,-3.687182,-3.297182,-3.177182,-3.697182,-4.207182,-4.467182,-4.457182,-4.827182,-5.937182,-5.017182,-4.967182,-4.977182,6.752818,5.982818,5.602818,6.502818
0.842818,0.132818,0.912818,0.602818,-0.147182,0.042817995,-0.11718201,-0.78718203,-1.027182,-1.357182,-0.667182,-0.177182,-0.617182,-0.24718201,-2.727182,-2.707182,-2.7571821,-3.107182,-3.337182,-3.327182,-3.477182,-3.107182,-3.367182,-2.947182,-3.537182,-3.637182,-3.307182,-3.5071821,-3.207182,-3.117182,-3.747182,-5.127182,-3.427182,-4.877182,-5.427182,-3.637182,-5.517182,-7.317182,6.782818,7.412818,5.412818
