wind_kz.json
{"header": {"discipline":0,"disciplineName":"Meteorological products","gribEdition":2,"gribLength":1025,"center":7,"centerName":"US National Weather Service - NCEP(WMC)","subcenter":0,"refTime":"2023-10-05T12:00:00.000Z","significanceOfRT":1,"significanceOfRTName":"Start of forecast","productStatus":0,"productStatusName":"Operational products","productType":1,"productTypeName":"Forecast products","productDefinitionTemplate":0,"productDefinitionTemplateName":"Analysis/forecast at horizontal level/layer at a point in time","parameterCategory":2,"parameterCategoryName":"UnknownDiscipline_0_Category_2","parameterNumber":2,"parameterNumberName":"UnknownParameter_D0_C2_2","parameterUnit":"Unknown","genProcessType":2,"genProcessTypeName":"Forecast","forecastTime":60,"surface1Type":103,"surface1TypeName":"Specified height level above ground","surface1Value":10.0,"surface2Type":255,"surface2TypeName":"Missing","surface2Value":0.0,"gridDefinitionTemplate":0,"gridDefinitionTemplateName":"Latitude_Longitude","numberPoints":615,"shape":6,"shapeName":"Earth spherical with radius of 6,371,229.0 m","gridUnits":"degrees","resolution":48,"winds":"true","scanMode":64,"nx":41,"ny":15,"basicAngle":0,"lo1":47.0,"la1":41.0,"lo2":87.0,"la2":55.0,"dx":1.0,"dy":1.0}, "data":
[rows 0 to 14 of 15, columns 0 to 40 of 41]
-1.916233,1.1337671,2.283767,-1.7962329,-2.4262328,-3.596233,-2.1262329,0.04376709,1.2937671,2.163767,2.8537672,2.933767,2.663767,2.5637672,2.6337671,1.8937671,2.283767,2.153767,1.5337671,2.8537672,3.943767,0.7237671,1.0037671,0.17376709,-0.3362329,-1.766233,-0.9562329,0.23376709,-0.34623292,0.27376708,-0.7862329,1.2537671,0.3337671,1.2637671,-1.406233,-0.8462329,-2.1162329,-1.646233,-2.786233,-0.7462329,-3.046233
3.143767,0.7737671,-1.3562329,-0.4262329,0.19376709,-0.1762329,0.14376709,0.3237671,2.783767,2.413767,3.183767,3.963767,3.3037672,2.8537672,3.283767,2.753767,2.533767,2.223767,2.743767,2.523767,-0.16623291,-0.1762329,0.46376708,0.20376709,0.5337671,0.9637671,0.6537671,0.2837671,0.1537671,-0.9362329,0.04376709,-0.40623292,-0.1762329,-2.246233,0.6837671,0.2837671,-1.0662329,-0.3662329,-0.2362329,-0.3962329,-3.1662328
0.3537671,-0.5662329,3.0637672,3.8637671,2.8237672,1.5237671,2.3737671,3.1037672,2.503767,2.8137672,1.9137671,2.033767,2.983767,4.2637672,3.663767,2.993767,2.763767,3.8337672,3.223767,2.003767,0.2637671,0.46376708,-0.3862329,-0.3662329,-0.6862329,0.10376709,-1.3762329,-1.3062329,-0.4262329,-0.6262329,-1.166233,1.1637671,-0.25623292,-0.37623292,0.02376709,-0.1262329,-0.7562329,0.5537671,-1.4362329,0.4737671,1.333767
0.20376709,1.2937671,2.393767,5.413767,3.8637671,1.5337671,3.6237671,3.433767,3.5537672,3.453767,3.473767,3.503767,6.293767,6.113767,4.2237673,2.783767,2.8837671,3.793767,2.743767,2.523767,0.01376709,-0.5562329,-0.09623291,-1.776233,-1.4862329,-1.2162329,-1.026233,-2.246233,-1.7462329,-0.6962329,0.9937671,-1.776233,0.2637671,-2.1162329,-0.3862329,-0.5262329,-1.2062329,1.483767,-0.6562329,-0.6362329,-0.7162329
2.8237672,5.793767,6.633767,7.583767,5.523767,2.983767,3.463767,4.273767,4.343767,3.963767,3.663767,4.463767,8.463767,7.823767,7.4737673,6.073767,3.033767,2.993767,3.033767,1.7937671,1.5737671,0.12376709,-0.3962329,-0.5062329,1.1137671,0.00376709,0.31376708,1.843767,1.6437671,1.0237671,0.5437671,0.7837671,-0.7862329,-0.44623291,-1.5562329,-0.7862329,-3.1662328,-2.9062328,-3.1362329,-2.4462328,-1.026233
4.063767,3.473767,6.863767,7.413767,8.253767,7.543767,4.833767,3.213767,3.023767,4.623767,4.773767,4.233767,7.093767,8.623767,8.793767,4.773767,3.963767,2.733767,3.253767,2.483767,0.03376709,1.9037671,0.7237671,-0.6062329,0.37376708,0.31376708,3.1237671,3.013767,2.503767,3.203767,2.413767,1.223767,1.473767,-1.5662329,-0.5162329,-0.98623294,-0.15623291,-0.61623293,1.1137671,-3.526233,-3.476233
6.273767,4.5137672,4.003767,3.993767,5.373767,4.2637672,3.3637671,3.493767,3.683767,4.4737673,4.983767,3.653767,5.093767,6.733767,5.9337673,5.983767,3.033767,4.543767,1.8837671,-0.8962329,-1.286233,-0.9362329,-0.8062329,0.02376709,0.9937671,2.183767,2.8837671,2.453767,2.403767,3.163767,0.6637671,-2.1662328,-1.6162329,-2.346233,-3.006233,-1.8862329,-1.3462329,1.963767,-1.4462329,1.3637671,0.7537671
7.0137672,6.063767,4.963767,4.403767,4.483767,4.333767,2.933767,2.1137671,2.903767,3.503767,4.163767,3.993767,3.6137671,6.133767,6.303767,4.903767,4.003767,4.533767,-0.5862329,-2.496233,-1.016233,-0.3862329,0.9337671,1.0037671,2.493767,0.6437671,1.9137671,0.70376706,2.3137672,1.1937671,-0.21623291,-1.9962329,-1.4662329,1.353767,-1.4562329,-0.8562329,-1.1162329,-2.846233,-2.1262329,0.1537671,-0.8262329
7.7237673,8.143767,6.423767,4.603767,3.8237672,3.693767,1.7537671,2.203767,3.0837672,5.603767,5.4337673,4.463767,4.943767,6.153767,5.633767,3.6337671,6.343767,0.30376709,-1.4462329,-1.516233,-1.8662329,-0.34623292,0.2637671,-0.03623291,-0.61623293,-0.15623291,0.57376707,0.6637671,0.7137671,1.5137671,0.06376709,0.4537671,4.843767,-0.5162329,-0.8562329,-1.8162329,-0.5162329,-1.036233,-1.026233,0.34376708,-2.1562328
7.9337673,6.913767,6.823767,3.8737671,2.993767,3.643767,2.973767,2.473767,3.703767,4.523767,4.273767,5.213767,5.163767,5.9337673,5.963767,3.223767,2.8837671,-1.026233,-1.156233,-1.1862329,-0.7862329,0.01376709,0.5837671,1.1137671,0.06376709,-0.5662329,0.8637671,1.4937671,2.513767,0.27376708,-0.02623291,2.953767,2.993767,0.9237671,-1.016233,-1.1362329,-2.3862329,-0.9962329,-0.7862329,0.2937671,-1.3062329
6.323767,6.2037673,6.283767,4.593767,6.353767,3.3637671,4.343767,2.933767,3.283767,4.363767,5.0137672,6.6837673,7.343767,8.473767,4.633767,4.303767,1.2937671,0.00376709,0.01376709,-0.15623291,0.5637671,0.49376708,0.2137671,0.43376708,1.4437671,1.0637671,1.2037671,2.503767,2.3137672,1.2837671,4.133767,4.043767,0.9437671,-0.4562329,-1.406233,-1.9662329,-1.6262329,0.10376709,-1.1362329,0.9637671,-1.1162329
6.843767,5.073767,6.633767,4.643767,6.0137672,5.463767,3.8537672,1.3937671,2.513767,3.183767,3.963767,7.4337673,4.003767,2.1337671,2.503767,1.5037671,-0.5162329,-0.5162329,-0.8062329,-0.3362329,-0.86623293,-0.43623292,-0.6062329,0.8737671,1.2637671,2.263767,1.343767,2.973767,1.103767,4.533767,3.8437672,1.1937671,-0.7562329,-1.8462329,-0.5962329,-0.18623291,-0.4162329,-0.5862329,-0.18623291,-0.5662329,-0.6062329
5.143767,5.4337673,4.313767,4.063767,4.103767,3.253767,3.513767,1.5037671,1.973767,1.9337671,2.5637672,1.6237671,1.2037671,1.333767,1.1937671,1.3837671,0.49376708,-0.02623291,0.8037671,-1.1262329,-1.156233,-0.3362329,0.11376709,-0.3362329,1.8637671,2.263767,2.043767,2.6237671,2.423767,1.9537671,-0.1262329,-0.98623294,-1.3562329,-0.9462329,-0.4662329,-0.4262329,-0.05623291,-0.86623293,-1.3162329,-1.1362329,-1.026233
5.213767,4.313767,4.7237673,2.8337672,2.463767,2.933767,3.933767,2.283767,1.1837671,1.7637671,1.733767,0.03376709,0.8137671,0.17376709,0.5937671,0.22376709,1.353767,0.20376709,-0.8462329,-0.43623292,0.05376709,0.37376708,0.6137671,0.5637671,1.333767,1.483767,0.9737671,1.9937671,1.733767,1.963767,0.2637671,-0.2962329,-0.8862329,-0.9062329,-1.0962329,-0.9162329,-0.9662329,-0.86623293,-1.4662329,-0.2662329,-0.7862329
3.3837671,3.5937672,2.723767,0.6937671,1.1337671,2.203767,2.533767,1.5737671,0.7437671,0.2937671,1.6737671,0.13376708,-0.54623294,0.43376708,-0.0062329103,-0.3862329,-0.18623291,-1.146233,-1.1862329,-0.6362329,-0.6462329,-0.1462329,0.03376709,0.5537671,1.0637671,1.3837671,1.4337671,1.8037671,1.7037671,1.8737671,1.2737671,-0.6862329,-0.8362329,-0.6862329,-0.5262329,-0.5362329,-1.026233,0.12376709,-0.3562329,-0.9462329,-1.2262329
