wind_kz.json
{"header": {"discipline":0,"disciplineName":"Meteorological products","gribEdition":2,"gribLength":871,"center":7,"centerName":"US National Weather Service - NCEP(WMC)","subcenter":0,"refTime":"2023-09-24T06:00:00.000Z","significanceOfRT":1,"significanceOfRTName":"Start of forecast","productStatus":0,"productStatusName":"Operational products","productType":1,"productTypeName":"Forecast products","productDefinitionTemplate":0,"productDefinitionTemplateName":"Analysis/forecast at horizontal level/layer at a point in time","parameterCategory":0,"parameterCategoryName":"UnknownDiscipline_0_Category_0","parameterNumber":0,"parameterNumberName":"UnknownParameter_D0_C0_0","parameterUnit":"Unknown","genProcessType":2,"genProcessTypeName":"Forecast","forecastTime":300,"surface1Type":1,"surface1TypeName":"Ground or water surface","surface1Value":0.0,"surface2Type":255,"surface2TypeName":"Missing","surface2Value":0.0,"gridDefinitionTemplate":0,"gridDefinitionTemplateName":"Latitude_Longitude","numberPoints":615,"shape":6,"shapeName":"Earth spherical with radius of 6,371,229.0 m","gridUnits":"degrees","resolution":48,"winds":"true","scanMode":64,"nx":41,"ny":15,"basicAngle":0,"lo1":47.0,"la1":41.0,"lo2":87.0,"la2":55.0,"dx":1.0,"dy":1.0}, "data":
[rows 0 to 14 of 15, columns 0 to 40 of 41]
285.7492,276.34918,282.1492,292.5492,292.6492,292.1492,289.7492,290.6492,288.0492,288.34918,286.5492,287.34918,286.5492,285.4492,285.84918,283.84918,284.9492,286.7492,288.5492,290.4492,291.1492,290.1492,288.5492,283.34918,288.2492,289.84918,286.1492,276.84918,276.2492,277.0492,275.9492,276.1492,284.1492,289.4492,290.5492,290.6492,290.4492,289.2492,288.9492,288.5492,287.2492
264.0492,281.6492,291.9492,292.2492,292.34918,291.2492,287.5492,286.2492,286.5492,286.7492,287.6492,285.7492,285.4492,284.2492,282.9492,284.5492,283.84918,285.1492,286.7492,289.1492,287.4492,290.9492,288.9492,283.0492,276.34918,276.0492,283.5492,278.0492,279.34918,273.2492,278.1492,270.2492,278.0492,254.8492,271.6492,286.7492,285.1492,287.84918,290.6492,284.34918,283.5492
284.34918,291.84918,292.2492,291.84918,290.4492,287.34918,287.0492,286.84918,287.2492,286.9492,286.2492,285.5492,284.6492,287.6492,287.5492,283.84918,282.34918,282.4492,286.6492,286.0492,290.5492,286.0492,289.7492,286.2492,288.5492,287.9492,289.1492,288.4492,287.0492,281.2492,272.34918,275.34918,280.7492,280.1492,282.0492,283.1492,275.0492,276.1492,277.0492,272.5492,271.0492
286.2492,291.0492,291.84918,291.1492,289.9492,286.84918,287.0492,285.6492,286.7492,285.5492,285.1492,284.34918,289.9492,289.4492,288.5492,288.2492,285.6492,285.84918,287.4492,285.34918,289.0492,285.34918,288.5492,289.6492,291.7492,294.0492,293.2492,290.0492,290.0492,292.2492,292.0492,290.6492,292.4492,291.34918,290.1492,287.84918,274.9492,267.1492,279.2492,285.84918,288.9492
289.1492,290.34918,290.7492,290.0492,289.2492,288.2492,287.6492,286.84918,286.0492,285.6492,285.2492,285.34918,288.84918,287.7492,286.4492,287.4492,286.1492,287.9492,287.34918,287.84918,289.2492,290.84918,289.34918,291.1492,291.2492,293.4492,292.0492,290.4492,291.0492,292.9492,294.34918,292.9492,281.9492,270.5492,281.1492,288.84918,289.7492,290.7492,291.1492,291.4492,290.9492
289.0492,287.9492,289.2492,289.7492,290.1492,289.6492,288.2492,289.9492,288.6492,285.4492,285.9492,287.84918,288.4492,288.5492,288.2492,287.34918,286.7492,286.2492,287.4492,289.0492,288.4492,288.84918,289.4492,290.6492,291.0492,290.4492,291.1492,286.1492,293.1492,294.2492,291.5492,291.6492,291.4492,289.0492,288.7492,288.0492,282.9492,282.9492,289.0492,290.0492,289.5492
287.84918,287.9492,289.2492,290.5492,289.9492,290.0492,288.6492,287.9492,285.7492,284.6492,285.9492,285.4492,285.1492,284.34918,285.9492,287.34918,287.34918,287.6492,287.4492,286.6492,286.9492,288.4492,288.34918,289.0492,288.2492,288.5492,289.9492,291.0492,290.34918,290.84918,290.1492,289.6492,288.7492,289.6492,288.4492,286.9492,283.0492,280.0492,276.2492,275.9492,285.2492
287.1492,287.1492,287.9492,289.0492,289.9492,289.84918,289.1492,287.7492,282.7492,282.34918,285.4492,285.2492,285.0492,285.4492,285.2492,286.7492,287.2492,287.6492,287.4492,285.4492,284.84918,285.6492,285.9492,285.4492,285.6492,283.9492,284.2492,285.84918,284.9492,287.2492,285.5492,286.1492,284.34918,282.2492,282.7492,283.1492,284.4492,285.4492,284.1492,285.0492,281.4492
286.34918,283.2492,284.84918,287.1492,286.0492,285.9492,287.5492,286.2492,283.0492,281.7492,285.2492,284.2492,283.2492,281.0492,281.2492,282.6492,284.4492,285.5492,286.4492,285.9492,283.5492,284.7492,285.9492,284.2492,283.4492,283.6492,282.1492,282.84918,282.5492,282.0492,282.0492,281.7492,281.9492,282.34918,280.9492,278.6492,278.9492,279.34918,268.1492,268.4492,266.9492
282.84918,284.34918,285.7492,286.0492,286.0492,286.5492,286.4492,285.9492,283.84918,281.5492,282.1492,281.1492,282.9492,280.1492,279.4492,280.0492,282.1492,282.2492,282.7492,282.84918,281.34918,284.7492,286.1492,286.6492,283.0492,281.4492,282.6492,282.1492,281.4492,281.2492,281.34918,282.2492,283.1492,282.34918,281.1492,279.9492,277.7492,274.0492,271.34918,272.2492,269.84918
282.84918,282.34918,284.0492,280.7492,285.34918,282.9492,285.0492,285.1492,283.5492,282.1492,284.5492,283.1492,283.5492,281.4492,282.34918,282.9492,281.2492,281.84918,281.84918,282.6492,282.84918,283.5492,284.34918,284.2492,282.0492,281.84918,281.6492,281.4492,281.5492,282.2492,282.1492,282.34918,281.2492,281.34918,280.34918,278.5492,275.2492,272.2492,272.1492,272.7492,273.6492
281.1492,282.2492,281.0492,284.6492,282.84918,283.4492,283.4492,283.5492,283.5492,281.0492,279.6492,282.6492,284.6492,282.5492,281.84918,281.9492,280.84918,280.7492,282.4492,281.6492,281.84918,282.4492,284.0492,284.4492,282.9492,283.2492,283.4492,283.2492,282.7492,282.9492,282.1492,282.4492,284.5492,283.5492,282.5492,282.6492,282.1492,281.7492,280.34918,280.1492,279.34918
279.84918,280.5492,280.2492,280.6492,281.9492,282.84918,282.4492,283.6492,284.1492,284.5492,278.7492,278.1492,282.84918,280.1492,280.7492,281.2492,280.2492,279.7492,282.4492,282.0492,282.0492,281.84918,282.6492,281.6492,282.34918,282.2492,284.34918,283.9492,284.6492,285.34918,285.4492,285.0492,284.5492,283.84918,283.84918,282.4492,281.5492,278.84918,277.7492,277.4492,277.4492
281.7492,282.0492,283.1492,279.5492,280.1492,281.84918,281.84918,281.9492,283.1492,282.6492,280.4492,277.5492,276.9492,279.4492,282.7492,283.34918,281.7492,279.5492,280.1492,280.9492,281.6492,281.84918,283.0492,283.2492,283.4492,283.5492,283.9492,284.0492,283.5492,283.7492,284.4492,283.7492,283.1492,282.5492,282.1492,278.5492,277.84918,277.5492,277.1492,276.1492,276.84918
280.9492,282.4492,284.84918,280.6492,280.7492,281.1492,281.6492,281.0492,282.2492,281.84918,281.84918,280.7492,279.1492,277.84918,278.2492,279.9492,279.6492,280.0492,281.2492,281.2492,279.2492,280.34918,280.2492,279.6492,279.9492,279.5492,280.1492,280.0492,279.9492,280.2492,281.2492,283.6492,283.0492,282.4492,279.1492,279.5492,282.34918,278.2492,281.34918,280.84918,277.84918
