wind_kz.json
{"header": {"discipline":0,"disciplineName":"Meteorological products","gribEdition":2,"gribLength":1025,"center":7,"centerName":"US National Weather Service - NCEP(WMC)","subcenter":0,"refTime":"2024-04-07T18:00:00.000Z","significanceOfRT":1,"significanceOfRTName":"Start of forecast","productStatus":0,"productStatusName":"Operational products","productType":1,"productTypeName":"Forecast products","productDefinitionTemplate":0,"productDefinitionTemplateName":"Analysis/forecast at horizontal level/layer at a point in time","parameterCategory":2,"parameterCategoryName":"UnknownDiscipline_0_Category_2","parameterNumber":3,"parameterNumberName":"UnknownParameter_D0_C2_3","parameterUnit":"Unknown","genProcessType":2,"genProcessTypeName":"Forecast","forecastTime":120,"surface1Type":103,"surface1TypeName":"Specified height level above ground","surface1Value":10.0,"surface2Type":255,"surface2TypeName":"Missing","surface2Value":0.0,"gridDefinitionTemplate":0,"gridDefinitionTemplateName":"Latitude_Longitude","numberPoints":615,"shape":6,"shapeName":"Earth spherical with radius of 6,371,229.0 m","gridUnits":"degrees","resolution":48,"winds":"true","scanMode":64,"nx":41,"ny":15,"basicAngle":0,"lo1":47.0,"la1":41.0,"lo2":87.0,"la2":55.0,"dx":1.0,"dy":1.0}, "data":
[rows 0 to 14 of 15, columns 0 to 40 of 41]
4.1244335,-0.5955664,-0.025566407,-4.7555666,-6.8955665,-9.115566,-4.5955663,0.17443359,-2.2955663,-5.1455665,-5.3055663,-1.3655664,-2.4555664,-3.5755663,-4.4955664,-5.0155663,1.5944335,-0.4055664,-2.1755664,-1.1555665,-0.3355664,-2.5655663,-0.6855664,0.104433596,-0.9155664,2.2944336,0.9744336,0.8144336,0.1944336,2.2844336,-2.0355663,-4.0755663,0.27443358,-2.2455664,-1.2555664,-1.8855664,-3.2355664,-3.5055664,-5.7855663,-2.3855665,-1.2255664
1.7944336,0.9244336,0.0044335937,-3.2655663,-4.0455666,-6.7255664,-3.4755664,-3.1555665,-0.6555664,-3.3155663,-6.3755665,-7.1255665,-6.4955664,-5.4855666,-6.2955666,-5.4855666,-3.1055665,1.9644336,0.14443359,-1.8455664,-4.885566,-4.9655666,0.5344336,1.2844336,-0.3055664,0.4744336,-3.0755663,2.0144336,0.30443358,0.7144336,3.8644335,4.054434,-1.4355664,-1.8455664,-7.0855665,-3.9955664,-4.5555663,-6.9155664,-5.6055665,-3.3755665,-0.3955664
1.2644336,3.3644335,-0.6355664,-4.0455666,-5.7555666,-2.8955665,-2.9655664,-3.8555665,-0.7955664,-1.3655664,-4.2655663,-5.0255666,-6.2555666,-6.4855666,-5.5855665,-5.8355665,-5.3355665,-4.9855666,1.9244336,4.114434,1.2044336,-4.0555663,-5.8155665,-1.4955664,-1.4955664,-0.7355664,-2.1655664,-1.7155664,-0.1755664,1.5744336,5.0044336,2.6744337,1.4944336,-0.3355664,-2.4355664,0.1344336,3.3444335,-1.6555665,0.7844336,-2.3355665,-1.9455664
2.9344337,3.2644336,1.2344337,-1.5955664,-4.635566,-2.4655664,-2.2055664,-1.5655664,-3.5555663,0.7444336,-1.3555664,-3.5655663,-6.3955665,-7.8355665,-4.2555666,-5.1855664,-5.5155663,-5.0755663,-6.0455666,0.4444336,2.1044335,-1.0255665,2.9444337,-2.3155663,-2.5555663,-2.5055664,-2.7755663,-3.4355664,-1.1555665,-3.0155663,-2.1655664,-0.09556641,-2.1955664,1.6544336,0.2544336,-2.2855663,-0.9155664,3.8344336,4.0044336,-0.6055664,-0.055566408
5.0844336,5.2344337,3.9444337,2.3244336,0.2244336,-2.0455663,-3.1555665,-1.4555664,-1.2955664,-1.8655664,2.0844336,-1.4755664,-4.6155663,-6.5155663,-5.9655666,-4.675566,-5.2355666,-4.925566,-3.7255664,-3.8255663,-0.6555664,-0.1655664,-0.67556643,-1.3955665,-1.9955664,-1.2655663,-3.1255665,-1.7555664,-2.3155663,-3.6655664,-5.7455664,-1.3855664,2.5444336,3.7144337,-0.7555664,0.08443359,-4.0955663,-1.7755665,0.7644336,-1.2355664,0.4144336
5.1844335,4.1844335,5.324434,4.7944336,3.6644335,2.5944335,-0.4955664,-2.4455664,0.7944336,-1.3655664,-2.8955665,-0.1755664,-0.25556642,-3.5555663,-4.2455664,-4.1655664,-3.8755665,-4.6055665,-3.8455665,-1.5655664,-0.7155664,0.2844336,1.4344336,1.1344336,0.2944336,-0.21556641,-0.7055664,-2.1555665,-0.6855664,-1.1455665,-2.0855665,-2.0355663,-2.0755663,-3.5355663,1.1044335,1.5444336,3.4244337,-1.0855664,-7.3255663,3.5044336,1.4744335
2.5144336,2.3244336,2.3244336,5.6244335,5.1744337,3.8044336,2.5744336,0.8444336,2.8444335,2.0944335,0.8144336,-0.4655664,-1.2855664,-0.5955664,-1.5655664,-3.1755664,-3.5155663,-3.2555664,-2.3155663,-2.2555664,-2.3655665,1.6444336,2.5044336,2.0144336,2.2044337,2.3644335,1.9644336,1.9244336,0.8644336,0.4444336,-0.6555664,-2.3655665,-4.0055666,-5.175566,0.2644336,1.0444336,-1.9155664,-2.3055663,-1.9555664,0.27443358,-0.6955664
-0.5055664,2.1744337,2.6044335,3.5144336,5.7044334,6.9244337,5.574434,3.1244335,3.6744337,2.4644337,3.4544337,2.8344336,1.4344336,2.0844336,1.6644336,0.3244336,-0.5855664,-2.1355665,-0.9655664,1.2344337,0.074433595,-0.4155664,1.2244335,3.7344337,4.2244334,2.5744336,4.2644334,3.1244335,1.9644336,1.5444336,0.8544336,0.6744336,-1.1255664,-2.2355664,-0.6555664,0.8744336,0.69443357,1.2844336,0.82443357,2.3644335,-0.9055664
-3.4155664,-3.3955665,-3.6355665,-2.7555664,1.6444336,4.9544334,5.6044335,4.3744335,4.8144336,3.8444335,3.0744336,3.0044336,2.7944336,3.3844335,3.7144337,3.2144337,2.0744336,1.5944335,1.1944336,2.0644336,2.8444335,2.7844336,2.7644336,2.7944336,3.7544336,4.114434,3.4844337,4.3544335,3.3944335,2.2344337,4.4744334,3.6844337,2.8344336,1.8544335,1.3344336,0.08443359,-1.7055664,-0.9755664,-4.2255664,-3.3155663,-4.905566
-2.0455663,-2.4455664,-2.6255665,-2.6455665,-3.0055664,-3.0355663,-0.1155664,3.5344336,4.9744334,5.3844337,5.2744336,4.8544335,4.324434,3.6244335,4.4444337,4.3744335,4.6644335,4.054434,3.0444336,2.2644336,2.6244335,3.5444336,4.7344337,4.1844335,3.4444337,3.8844335,3.1344335,3.6544335,3.4844337,4.2144337,4.5344334,4.7744336,5.1844335,4.0344334,2.4044335,1.0644336,0.3844336,-2.8655665,-0.6555664,2.8844335,2.4444337
-1.3355664,-1.8755664,-1.9355664,-2.0455663,-1.8655664,-1.8855664,-1.3755664,-0.5855664,0.7244336,2.1944337,3.7644336,4.0044336,2.8744335,4.7644334,3.8344336,4.7144337,6.4644337,6.614434,5.9144335,5.1044335,4.4444337,3.5444336,2.9844337,5.8344336,4.9244337,4.1744337,3.3444335,3.5244336,3.8044336,4.2244334,5.304434,5.4744334,5.1044335,3.7944336,3.4744337,2.3644335,0.8344336,2.6244335,0.8144336,1.4244336,-0.25556642
-0.13556641,0.1844336,-0.0755664,-0.1655664,-0.8155664,-1.0855664,-1.2355664,-0.5955664,-0.3355664,-0.4155664,0.9344336,1.2144336,2.0944335,3.7744336,2.6344335,3.5144336,3.5544336,4.5244336,7.2444334,7.364434,6.594434,5.6044335,4.5844336,4.2344337,5.6344337,5.7044334,6.3544335,6.0844336,5.3744335,6.9144335,6.824434,6.9644337,4.9744334,4.0344334,3.8044336,3.4544337,2.9644337,2.6344335,2.2244337,1.4144336,1.2844336
-1.7455664,-2.0255663,-1.9455664,-3.1255665,-1.8455664,-1.8555664,-1.8655664,-1.4555664,-0.80556643,0.4544336,0.2244336,0.1644336,1.1844336,2.3644335,2.4844337,2.5644336,2.6844337,3.2944336,4.5444336,5.9544334,6.1444335,7.0044336,6.1044335,6.6944337,6.1744337,6.2444334,6.7744336,6.4944334,6.8744335,7.9944334,7.8144336,7.9944334,6.7944336,6.1444335,5.4744334,4.9144335,3.9744337,1.9844337,2.6644335,2.9744337,1.2344337
-1.7955664,-1.8655664,-1.2655663,-0.9155664,-1.9255664,-0.8255664,-1.1055664,-2.4155664,-2.5455663,-3.1055665,-1.0555664,-0.09556641,1.5044336,1.1144336,3.4144335,2.8644335,2.8644335,1.9644336,3.1344335,3.7244337,4.8944335,5.7244334,6.6044335,6.2644334,5.5244336,6.7744336,6.1044335,7.0144334,7.5644336,8.574433,8.984433,8.794434,8.1244335,7.364434,6.0644336,5.4244337,4.4844337,3.7444336,4.1544337,2.8544335,2.8944335
-0.4155664,-0.5455664,-0.7655664,-0.6955664,-1.3555664,-0.47556642,-0.9755664,-0.3355664,-1.5455664,-0.9855664,-0.6655664,-0.47556642,0.4444336,0.6844336,0.9944336,3.2344337,3.9844337,2.5144336,2.6244335,1.7944336,3.8944335,5.0344334,5.1044335,5.7444334,5.9344335,6.8344336,7.614434,7.7244334,7.344434,8.514434,9.514434,10.304434,8.594434,8.334434,7.5344334,6.9344335,6.364434,5.4644337,4.5044336,4.7544336,2.9344337
