wind.json
{"header": {"discipline":0,"disciplineName":"Meteorological products","gribEdition":2,"gribLength":1211,"center":7,"centerName":"US National Weather Service - NCEP(WMC)","subcenter":0,"refTime":"2023-06-30T06:00:00.000Z","significanceOfRT":1,"significanceOfRTName":"Start of forecast","productStatus":0,"productStatusName":"Operational products","productType":1,"productTypeName":"Forecast products","productDefinitionTemplate":0,"productDefinitionTemplateName":"Analysis/forecast at horizontal level/layer at a point in time","parameterCategory":2,"parameterCategoryName":"UnknownDiscipline_0_Category_2","parameterNumber":2,"parameterNumberName":"UnknownParameter_D0_C2_2","parameterUnit":"Unknown","genProcessType":2,"genProcessTypeName":"Forecast","forecastTime":60,"surface1Type":103,"surface1TypeName":"Specified height level above ground","surface1Value":10.0,"surface2Type":255,"surface2TypeName":"Missing","surface2Value":0.0,"gridDefinitionTemplate":0,"gridDefinitionTemplateName":"Latitude_Longitude","numberPoints":688,"shape":6,"shapeName":"Earth spherical with radius of 6,371,229.0 m","gridUnits":"degrees","resolution":48,"winds":"true","scanMode":64,"nx":43,"ny":16,"basicAngle":0,"lo1":45.0,"la1":40.0,"lo2":87.0,"la2":55.0,"dx":1.0,"dy":1.0}, "data":
[rows 0 to 15 of 16, columns 0 to 42 of 43]
-4.4188404,-0.78884035,-0.6288403,-3.9688404,-2.7388403,0.31115967,-2.2488403,-1.3888403,-0.24884033,-1.9388404,-1.8188404,-3.0688403,-1.3188404,-0.53884035,0.94115967,1.2311597,2.6611598,-1.9388404,0.22115967,1.9011596,1.4411597,3.1511598,-0.22884034,0.05115967,0.7411597,-0.46884033,1.1711596,-0.7788403,0.50115967,0.18115968,-0.8988403,0.82115966,-1.1688403,-0.16884033,-1.0988404,-3.5088403,-3.7788403,-3.6588404,-4.2288404,-0.80884033,-0.61884034,-0.5088403,-0.6388403
-0.10884033,-0.37884033,-5.0188403,-0.018840332,1.7611597,-3.1388404,-1.6988404,-1.5088403,1.3511597,1.7711596,-0.72884035,0.22115967,0.65115964,-0.53884035,3.1311598,0.8611597,-0.7788403,-2.3588402,0.20115967,4.11116,3.8011596,4.8111596,4.2111597,1.5111597,3.1811597,-1.4988403,9.4511595,3.7811596,-3.3188403,-0.42884034,0.5511597,1.3811597,1.5111597,1.9211596,1.3611597,0.6211597,-1.1888404,-2.4488404,-0.47884032,2.7011597,3.2311597,0.38115966,-2.0388403
-1.0788404,-1.9988403,2.1911597,1.0011597,-3.2588403,-2.5888402,-0.99884033,0.50115967,3.2611597,3.3811598,5.90116,5.4711595,3.7611597,3.6411598,3.1311598,0.9211597,-2.3788404,-0.96884036,2.2311597,4.6911597,4.76116,4.1011596,4.2311597,4.5011597,-2.1188402,-2.7088404,-1.0088403,-0.018840332,-1.8388404,1.9411597,-2.1888404,-1.6988404,0.41115966,0.32115966,-0.9488403,-3.1888404,1.2411597,0.88115966,0.6111597,0.7411597,0.33115968,-0.16884033,-5.1088405
-0.7688403,0.24115966,-0.05884033,-3.3988404,-1.3588403,0.5511597,2.3111596,3.6811597,4.7711596,4.9211597,3.5711596,3.3211596,0.07115967,0.6011597,1.6511596,-0.36884034,-0.34884033,1.1911597,3.5811596,5.8311596,6.0011597,7.1211596,6.78116,6.9411597,-1.8488404,-0.8288403,0.6711597,1.0511596,1.0811597,0.90115964,-1.7188404,-0.73884034,-1.0088403,2.8611596,0.51115966,-0.07884033,0.6111597,-1.9788404,0.16115966,0.6011597,2.0411596,2.1611598,1.9911597
1.1711596,-5.3588405,-2.9188404,0.11115967,2.4011598,2.5911596,3.6711597,2.2411597,2.9411597,3.5811596,3.1711597,3.1211596,2.8011596,2.5111597,1.9111596,1.7611597,0.94115967,3.6411598,4.65116,6.2011595,8.27116,7.2711596,7.1011596,0.69115967,1.3311597,2.0811596,4.2911596,2.4211597,-2.3988404,-4.4388404,-3.4088404,-1.9988403,-2.0188403,-1.9388404,-1.1088403,-3.8188403,-2.6888404,-2.3788404,-1.6088403,2.0311596,0.96115965,-0.74884033,-0.73884034
-0.21884033,-0.11884033,1.1311597,3.1711597,4.4511595,4.40116,6.1411595,4.4511595,3.1811597,2.5511596,4.51116,5.86116,5.4111595,4.34116,4.7211595,5.53116,6.5411596,5.6611595,7.38116,6.82116,5.8311596,5.5411596,5.7211595,8.85116,2.6411598,-0.018840332,-6.3388405,-10.02884,-9.15884,-5.11884,-5.2688403,-4.6888404,-5.1488404,-2.8388402,-2.6588404,1.3811597,3.0711596,0.89115965,-2.1988404,-3.0488403,-3.4788404,-3.4488404,-3.2588403
3.0511596,3.7611597,2.1311598,0.52115965,5.4111595,7.09116,9.38116,9.64116,6.4511595,6.28116,4.6011596,5.7211595,7.03116,5.07116,4.4711595,4.88116,6.3511596,7.3911595,9.37116,9.01116,8.21116,5.7511597,5.30116,12.01116,-7.1688404,-9.87884,-9.35884,-9.098841,-6.0788403,-7.5688405,-5.5388403,-5.7288404,-7.9188404,-4.0388403,-3.2388403,-4.1088405,-2.3588402,-1.2488403,-0.15884033,-0.12884033,0.30115968,-2.7288404,-3.3388402
2.2311597,3.4911597,3.3111596,2.5811596,5.2311597,3.6211596,4.28116,3.7211597,4.4211597,3.0411596,4.34116,5.84116,4.53116,4.90116,3.6911597,2.6311598,4.6811595,5.9811597,5.5611596,6.2011595,5.01116,-0.088840336,4.8511596,1.8511597,-5.7788405,-8.47884,-7.7288404,-5.6888404,-4.15884,-4.7588406,-3.3888404,-6.88884,-6.6888404,-7.09884,-4.7688403,-5.2088404,-2.8988404,-2.9488404,-1.3488404,2.1811597,0.081159666,0.84115964,4.4811597
2.7411597,1.9911597,2.4211597,3.8411596,4.9111595,2.9611597,-1.0488403,2.4011598,3.4311597,2.7211597,3.5911596,2.8311596,3.8211596,5.2511597,3.3411596,3.9911597,4.9411597,5.76116,7.0611596,7.03116,4.2511597,1.2311597,1.5611596,0.14115967,-5.1088405,-5.4788404,-4.69884,-2.9088404,-1.4388404,-3.4788404,-4.6688404,-6.94884,-5.84884,-4.5388403,-5.5288405,-3.9488404,-3.8088403,0.29115966,1.2611597,3.3511596,3.0211596,3.2911596,-0.44884032
3.7611597,3.1511598,2.6911597,6.2111597,7.11116,2.2811596,3.6011596,3.4711597,2.7411597,3.3711596,3.5311596,3.3911598,4.4711595,3.3911598,4.2111597,2.9211597,4.5611596,5.9211597,4.9511595,5.7911596,1.2611597,-1.2488403,1.7011597,-3.8988404,-4.2088404,-3.0488403,-2.9688404,-3.5688403,-2.5488403,-2.6188402,-3.1588404,-4.5388403,-5.3588405,-3.6988404,-3.0788403,-3.5088403,-1.4688404,0.24115966,1.2011597,-2.5888402,-2.2888403,0.71115965,-0.9488403
3.4311597,3.9511597,4.0011597,5.03116,3.6911597,3.2211597,2.9411597,2.3611596,2.1711597,3.1511598,3.5611596,2.5011597,4.7711596,1.1111597,2.8911598,3.4111598,4.6911597,6.3711596,6.57116,6.63116,-0.27884033,-3.6188402,-0.18884033,-1.6888404,-2.6888404,-3.5788403,-3.6588404,-4.8088403,-4.2488403,-4.4188404,-5.7488403,-3.8688402,-4.3088403,-3.7088404,-3.9488404,-3.5388403,-1.5188403,1.4211596,-1.2888403,-0.17884034,-2.8588402,-0.5188403,-0.09884033
2.7411597,4.2211595,3.6111596,3.8111596,3.6811597,3.5811596,3.6211596,3.0411596,2.2111597,3.6311598,2.3211596,3.5111597,1.3811597,3.4711597,3.5311596,3.6011596,5.7311597,5.6011596,7.82116,3.2511597,-4.2688403,-1.2588403,1.0211596,-4.17884,-3.9688404,-4.0188403,-4.40884,-5.5488405,-4.3388405,-5.17884,-4.71884,-4.2688403,-4.59884,-3.7888403,-4.59884,-3.2088404,-2.9288404,-1.5688404,-1.6788403,-1.1688403,-0.8988403,0.8611597,-1.3088403
3.3911598,2.7811596,3.4011598,3.5811596,4.1011596,4.01116,3.2211597,2.9911597,1.6211597,2.4711597,2.3811598,2.7611597,1.2611597,2.4211597,2.4111598,-0.19884034,4.2211595,3.1911597,-6.38884,-5.5088406,-3.1688404,1.2311597,-3.8688402,-6.6288404,-5.9588404,-5.5188403,-5.1488404,-3.9088404,-5.36884,-4.8088403,-4.63884,-4.3988404,-3.6288404,-4.0688405,-3.8188403,-3.7588403,-2.5288403,-2.5188403,-2.5988402,-0.90884036,-0.7588403,-0.6288403,-0.42884034
3.3111596,3.8411596,3.5511596,3.7711596,3.7511597,3.5711596,3.3511596,1.1311597,1.6611596,1.8311597,2.4411597,1.9811597,-0.22884034,1.2411597,2.6611598,3.0811596,3.3611596,1.4011596,-2.0588403,-4.5588403,-2.8088403,-3.9688404,-5.98884,-5.4788404,-2.7588403,-3.9588404,-3.3488402,-4.5788403,-4.1888404,-5.0588403,-4.23884,-3.8788404,-4.0088406,-3.0188403,-2.6688404,-1.9088403,-1.7088404,-1.7188404,-2.7088404,-1.5688404,-1.5988404,-1.3788403,-0.60884035
3.2711596,2.0811596,3.2011597,3.5711596,3.8711596,3.4111598,2.6411598,1.2011597,1.5011597,2.1011596,1.8011596,2.3311596,0.19115967,0.11115967,1.1811596,1.1011597,0.8511597,-1.2088404,-1.8288404,-5.40884,-3.9788404,-2.0888402,1.5911597,-3.7288404,-3.6688404,-3.9588404,-4.4988403,-4.3588405,-4.11884,-3.3588402,-2.7688403,-2.0788403,-1.5188403,-0.5788403,0.53115964,-0.7088403,-1.4888403,-2.3688402,-2.0788403,-2.3388402,-1.4888403,-0.43884033,0.41115966
3.3311596,3.2611597,2.2411597,2.9311597,4.1811595,2.6211596,2.3311596,1.7811596,2.2111597,2.0711596,1.6211597,0.82115966,-1.0288403,0.35115966,-0.32884035,0.96115965,1.7711596,1.4311596,-2.3288403,-3.6088402,-3.5688403,-0.66884035,-0.7688403,-0.8388403,-3.2988403,-3.2488403,-3.3588402,-3.8088403,-3.1988404,-2.4988403,-2.0588403,-1.2388403,-1.1588403,-1.8288404,-2.2188404,-1.1088403,-1.1788403,-2.4588404,-2.8688402,-2.4288404,-0.43884033,0.84115964,-0.78884035
