wind_kz.json
{"header": {"discipline":0,"disciplineName":"Meteorological products","gribEdition":2,"gribLength":1025,"center":7,"centerName":"US National Weather Service - NCEP(WMC)","subcenter":0,"refTime":"2023-09-07T12:00:00.000Z","significanceOfRT":1,"significanceOfRTName":"Start of forecast","productStatus":0,"productStatusName":"Operational products","productType":1,"productTypeName":"Forecast products","productDefinitionTemplate":0,"productDefinitionTemplateName":"Analysis/forecast at horizontal level/layer at a point in time","parameterCategory":2,"parameterCategoryName":"UnknownDiscipline_0_Category_2","parameterNumber":2,"parameterNumberName":"UnknownParameter_D0_C2_2","parameterUnit":"Unknown","genProcessType":2,"genProcessTypeName":"Forecast","forecastTime":300,"surface1Type":103,"surface1TypeName":"Specified height level above ground","surface1Value":10.0,"surface2Type":255,"surface2TypeName":"Missing","surface2Value":0.0,"gridDefinitionTemplate":0,"gridDefinitionTemplateName":"Latitude_Longitude","numberPoints":615,"shape":6,"shapeName":"Earth spherical with radius of 6,371,229.0 m","gridUnits":"degrees","resolution":48,"winds":"true","scanMode":64,"nx":41,"ny":15,"basicAngle":0,"lo1":47.0,"la1":41.0,"lo2":87.0,"la2":55.0,"dx":1.0,"dy":1.0}, "data":
[rows 0 to 14 of 15, columns 0 to 40 of 41]
-2.983136,-2.033136,3.336864,3.236864,1.226864,-11.043136,-10.713136,-10.913136,-11.893136,-7.643136,-6.383136,-6.953136,-5.323136,-4.733136,-4.623136,-2.913136,-2.323136,0.14686401,-4.223136,-0.37313598,0.73686403,1.976864,-0.303136,-1.3631359,-0.16313599,-2.5531359,-2.773136,-0.44313598,1.476864,1.066864,-1.283136,2.466864,-0.423136,0.20686401,-0.19313599,-2.063136,-0.543136,-3.143136,-3.743136,-2.513136,-0.903136
-1.153136,1.666864,1.146864,-4.443136,-7.193136,-11.533136,-11.083136,-13.163136,-10.513136,-8.383136,-6.6731358,-6.983136,-5.333136,-3.973136,-2.843136,-4.093136,-0.043135986,-0.863136,-3.073136,0.22686401,0.686864,1.076864,0.136864,-2.433136,-0.58313596,1.0168641,-0.273136,0.60686404,-0.223136,-1.023136,0.036864012,-0.15313599,1.426864,-2.023136,0.526864,-0.52313596,-0.18313599,0.326864,-0.64313596,0.40686402,0.53686404
0.0068640136,0.20686401,-0.493136,-2.313136,-4.6731358,-7.113136,-9.123136,-7.113136,-8.263136,-6.653136,-5.4231358,-4.463136,-2.483136,-1.973136,-2.183136,-2.233136,-2.623136,0.566864,1.476864,0.936864,1.196864,1.5068641,-2.973136,-1.753136,1.656864,1.2668641,-0.563136,-1.753136,-1.903136,-0.683136,-0.95313597,2.046864,-0.35313597,-0.503136,0.476864,-0.06313599,-0.113135986,0.11686401,2.426864,3.546864,1.746864
-1.603136,-3.723136,-5.183136,-5.803136,-4.243136,-2.083136,0.096864015,-3.043136,-3.153136,-1.513136,-0.16313599,-1.933136,-3.973136,-2.573136,0.78686404,0.826864,0.636864,1.216864,2.1968641,2.026864,1.346864,-0.433136,-0.64313596,-0.83313596,-2.433136,-3.013136,-3.0531359,-3.643136,-2.013136,-1.023136,0.49686402,-2.933136,-2.623136,-2.963136,-2.873136,-2.893136,-1.703136,1.936864,1.2568641,-0.123135984,0.706864
-2.893136,-3.393136,-3.133136,-1.173136,-3.023136,-2.173136,-2.193136,-2.353136,-2.233136,-1.213136,0.296864,-0.10313599,2.146864,2.686864,-0.333136,0.27686402,1.606864,1.226864,2.246864,4.406864,3.716864,1.316864,-1.073136,-2.403136,-3.663136,-2.943136,-4.6731358,-3.133136,-3.443136,-3.313136,-3.393136,-2.353136,-2.153136,1.616864,0.656864,0.18686402,1.616864,-2.593136,-1.263136,-2.223136,-3.283136
-2.0531359,-1.663136,-2.373136,-2.673136,-3.383136,-3.153136,-2.503136,-2.513136,-1.7431359,-0.333136,0.17686401,1.3868641,0.22686401,1.526864,3.296864,4.206864,5.726864,2.286864,3.096864,6.436864,4.316864,1.956864,-1.1131359,-2.433136,-1.8631359,-2.713136,-1.093136,-1.703136,-2.023136,-2.563136,-3.153136,-2.863136,-2.173136,0.036864012,0.286864,-2.413136,0.136864,0.73686403,1.7668641,-3.103136,-2.933136
-2.703136,-2.433136,-3.083136,-2.753136,-2.263136,-2.223136,-1.553136,-1.063136,-0.853136,-0.13313599,0.37686402,1.236864,2.786864,2.976864,3.026864,2.296864,2.616864,0.826864,2.766864,4.606864,4.3268642,2.676864,0.626864,0.096864015,-0.613136,-0.903136,0.446864,0.846864,0.896864,-1.383136,-1.023136,-1.553136,-0.13313599,0.656864,-0.673136,-1.663136,-0.983136,2.306864,-0.41313598,1.656864,0.056864012
-2.113136,-2.253136,-3.113136,-3.043136,-2.523136,-2.183136,-1.553136,-1.503136,-0.783136,-1.023136,-0.77313596,0.956864,-0.013135986,0.046864014,0.78686404,0.346864,0.956864,1.056864,0.08686402,1.626864,0.956864,0.946864,1.286864,0.386864,0.296864,-0.19313599,2.236864,0.72686404,3.366864,1.746864,0.936864,1.1368641,-0.52313596,-0.333136,-1.503136,1.066864,2.476864,2.416864,-0.493136,-0.34313598,-0.673136
-1.773136,-2.063136,-1.973136,-1.723136,-1.7331359,-1.453136,-1.523136,-1.453136,-1.403136,-0.44313598,0.15686402,0.676864,1.926864,1.776864,1.296864,0.346864,1.216864,0.18686402,-0.453136,-0.533136,-0.593136,-0.803136,-2.343136,-1.283136,0.73686403,1.076864,0.946864,-0.38313597,1.2668641,0.506864,1.436864,2.046864,2.1968641,0.416864,0.30686402,-0.10313599,-0.20313598,-1.903136,-0.25313598,0.296864,-1.043136
0.10686401,-0.0031359864,0.346864,0.036864012,-0.273136,-0.813136,-0.51313597,-0.593136,-1.123136,-0.733136,0.21686402,-0.24313599,0.46686402,0.66686404,0.20686401,0.876864,0.956864,0.46686402,-0.13313599,-0.34313598,-1.143136,-0.453136,-0.58313596,-0.043135986,-2.363136,0.16686401,0.616864,1.406864,1.5168641,1.276864,0.766864,1.556864,1.576864,0.586864,0.056864012,-0.983136,-1.623136,-0.363136,-1.203136,0.296864,-0.38313597
2.726864,2.926864,2.296864,1.856864,1.316864,1.366864,1.0168641,1.236864,0.36686403,0.24686402,0.39686403,1.216864,1.246864,1.536864,1.646864,1.796864,1.396864,0.54686403,-0.44313598,-1.403136,0.42686403,-0.663136,-0.37313598,0.816864,0.576864,-0.28313598,2.356864,0.19686401,0.556864,0.506864,4.016864,1.116864,-0.58313596,0.646864,-0.20313598,-1.523136,-1.313136,0.37686402,-0.983136,0.846864,-1.103136
1.206864,2.686864,3.496864,3.146864,2.556864,1.686864,1.346864,1.276864,1.436864,0.836864,0.626864,2.206864,1.446864,1.566864,2.216864,1.126864,0.476864,1.816864,1.556864,2.216864,1.796864,1.7568641,1.586864,1.146864,0.636864,1.616864,0.476864,0.256864,1.406864,0.346864,3.006864,1.286864,-0.223136,-0.693136,-0.453136,-0.783136,-0.463136,-0.543136,-0.263136,-0.71313596,-0.52313596
2.306864,2.596864,2.716864,2.176864,1.626864,0.72686404,1.856864,1.356864,2.1968641,0.716864,0.706864,1.586864,3.1968641,3.576864,3.466864,3.306864,2.826864,3.096864,2.766864,2.676864,2.476864,2.246864,2.036864,1.856864,2.556864,2.926864,2.206864,2.156864,1.566864,1.746864,2.056864,1.366864,0.556864,0.456864,-0.32313597,-0.793136,-1.093136,-1.293136,-1.903136,-1.253136,-1.083136
2.316864,2.786864,2.876864,2.056864,-0.13313599,1.676864,1.376864,0.846864,2.116864,1.706864,0.98686403,1.356864,2.116864,4.126864,4.436864,4.296864,3.776864,4.196864,2.9468641,3.076864,3.466864,3.156864,3.046864,2.736864,2.966864,0.78686404,1.1368641,1.176864,1.696864,2.146864,2.336864,0.706864,1.556864,-0.09313598,-1.083136,-0.95313597,-1.813136,-1.223136,-1.273136,-0.363136,-1.043136
0.936864,2.776864,3.866864,1.776864,1.116864,1.1368641,1.586864,1.686864,2.526864,1.986864,0.36686403,1.836864,1.616864,4.996864,5.116864,4.656864,4.676864,4.066864,3.576864,3.616864,3.086864,2.936864,2.466864,2.586864,2.376864,2.406864,2.046864,1.776864,1.366864,2.006864,2.126864,1.076864,-0.14313598,1.456864,0.356864,-0.35313597,-2.083136,-0.423136,0.746864,-0.723136,-1.123136
