wind_kz.json
{"header": {"discipline":0,"disciplineName":"Meteorological products","gribEdition":2,"gribLength":1025,"center":7,"centerName":"US National Weather Service - NCEP(WMC)","subcenter":0,"refTime":"2023-10-02T00:00:00.000Z","significanceOfRT":1,"significanceOfRTName":"Start of forecast","productStatus":0,"productStatusName":"Operational products","productType":1,"productTypeName":"Forecast products","productDefinitionTemplate":0,"productDefinitionTemplateName":"Analysis/forecast at horizontal level/layer at a point in time","parameterCategory":2,"parameterCategoryName":"UnknownDiscipline_0_Category_2","parameterNumber":2,"parameterNumberName":"UnknownParameter_D0_C2_2","parameterUnit":"Unknown","genProcessType":2,"genProcessTypeName":"Forecast","forecastTime":180,"surface1Type":103,"surface1TypeName":"Specified height level above ground","surface1Value":10.0,"surface2Type":255,"surface2TypeName":"Missing","surface2Value":0.0,"gridDefinitionTemplate":0,"gridDefinitionTemplateName":"Latitude_Longitude","numberPoints":615,"shape":6,"shapeName":"Earth spherical with radius of 6,371,229.0 m","gridUnits":"degrees","resolution":48,"winds":"true","scanMode":64,"nx":41,"ny":15,"basicAngle":0,"lo1":47.0,"la1":41.0,"lo2":87.0,"la2":55.0,"dx":1.0,"dy":1.0}, "data":
[rows 0 to 14 of 15, columns 0 to 40 of 41]
5.5423045,2.132305,-1.0276951,1.612305,5.112305,7.4423046,8.632305,12.262304,9.082305,7.7923045,6.7723045,5.412305,4.342305,4.042305,3.742305,2.622305,0.612305,0.542305,0.452305,-0.367695,-4.167695,-2.977695,0.542305,1.542305,0.862305,2.562305,2.482305,2.572305,-0.037695006,-1.357695,-0.947695,2.042305,-1.237695,-1.247695,-1.3976951,0.592305,1.822305,0.752305,-0.377695,-0.23769501,-1.807695
2.532305,-1.877695,3.542305,5.4623046,4.472305,2.552305,5.5623045,8.742305,9.632305,8.842304,7.412305,6.392305,6.412305,5.2523046,5.072305,4.002305,2.942305,1.192305,1.432305,0.392305,-0.337695,0.392305,1.362305,2.332305,1.322305,0.0023049926,-0.297695,0.472305,0.49230498,0.862305,0.30230498,0.472305,0.132305,-0.647695,0.20230499,0.642305,0.652305,0.872305,-0.147695,-0.47769502,-1.2776951
5.8623047,10.672305,10.622305,9.342304,7.3323045,9.302304,7.8323045,7.392305,10.672305,9.392304,8.0623045,7.5523047,6.3823047,6.682305,6.682305,5.4623046,5.202305,4.002305,3.432305,1.902305,-0.197695,0.852305,0.862305,2.292305,-3.527695,-2.817695,-3.007695,-0.117695004,3.022305,-0.92769504,-0.897695,1.092305,-0.44769502,0.022304993,-0.13769501,-0.767695,0.592305,-0.947695,4.102305,-0.907695,-2.067695
6.952305,10.3123045,8.852304,7.782305,8.342304,9.942305,6.3123045,9.482305,10.832305,10.192305,10.282305,9.172305,7.8623047,5.3023047,6.1523046,6.3423047,6.182305,5.2723045,5.7723045,2.212305,0.03230499,1.152305,-0.507695,3.942305,-1.187695,0.412305,1.552305,0.94230497,-2.557695,-2.777695,-2.067695,-2.297695,-2.947695,-1.657695,0.30230498,1.302305,-0.077695005,-0.957695,0.072304994,0.102304995,1.242305
9.292305,9.432304,10.792305,9.752305,11.202305,8.732305,7.392305,9.022305,7.222305,12.432304,11.252305,10.632305,4.942305,2.832305,2.172305,6.392305,5.9623046,6.3823047,6.4223046,3.452305,2.042305,3.222305,-1.487695,-0.567695,-0.397695,0.762305,2.522305,2.372305,2.982305,2.062305,2.452305,0.962305,0.672305,0.522305,-1.427695,2.942305,1.7223049,5.722305,2.202305,1.2223049,1.112305
9.692305,8.112305,9.332305,11.572305,10.832305,9.732305,7.6323047,8.102304,7.9423046,9.952305,10.142304,11.412305,7.682305,3.802305,3.352305,4.832305,6.2323046,6.7123046,6.972305,4.092305,2.332305,3.482305,2.612305,1.752305,2.022305,2.322305,3.622305,0.992305,3.102305,4.302305,3.632305,3.712305,2.262305,-1.057695,0.012304992,-3.507695,0.12230499,2.862305,2.062305,0.392305,-0.15769501
8.462305,8.852304,8.832305,8.982305,8.732305,8.862305,8.752305,7.7723045,7.762305,8.102304,8.5623045,10.002305,8.732305,7.7123046,5.4823046,4.982305,5.7523046,5.3523045,5.1323047,5.032305,4.072305,3.972305,3.872305,3.712305,3.142305,3.682305,3.472305,3.652305,2.462305,3.142305,4.512305,3.212305,0.282305,-3.427695,-1.727695,-1.567695,-0.24769501,0.722305,2.102305,-0.297695,-0.547695
8.842304,9.302304,9.3123045,9.232305,9.102304,8.212305,8.482305,6.9623046,8.0623045,8.152305,8.642304,8.602304,11.032305,7.702305,7.702305,4.752305,6.4823046,6.282305,5.702305,5.052305,3.842305,4.262305,4.342305,4.272305,3.712305,3.612305,3.422305,3.312305,4.162305,1.652305,2.182305,1.112305,-2.177695,1.002305,1.862305,-3.507695,-1.467695,2.562305,-2.357695,-2.037695,0.072304994
7.3523045,5.9023046,7.9423046,8.102304,8.172305,7.282305,7.122305,7.702305,7.682305,7.1523046,7.7723045,8.202305,9.392304,10.522305,7.7523046,6.702305,5.372305,7.4623046,6.2523046,4.272305,3.462305,3.6623049,3.952305,4.012305,4.002305,3.722305,2.792305,2.4123049,3.452305,0.94230497,1.322305,0.992305,1.752305,1.172305,0.072304994,-2.637695,-1.247695,-0.08769501,0.052304994,0.88230497,0.052304994
6.872305,7.202305,6.372305,7.532305,7.392305,7.4823046,7.182305,6.6123047,5.6123047,6.7323046,6.9423046,7.1923046,9.522305,7.5823045,10.472304,6.432305,6.2523046,5.3423047,6.5423045,6.2323046,4.392305,4.882305,3.672305,4.692305,3.532305,4.392305,4.042305,2.752305,2.922305,2.882305,2.272305,2.232305,0.812305,-1.5276951,-0.877695,0.482305,-2.237695,-0.797695,-0.777695,0.322305,-0.25769502
5.9423046,6.4023046,4.802305,5.6323047,5.8023047,6.3323045,6.0923047,5.8623047,6.5623045,5.7323046,5.4023046,5.9823046,5.4823046,7.1523046,11.872305,5.052305,4.282305,4.502305,3.4123049,4.102305,5.682305,7.492305,5.8223047,6.012305,3.642305,6.1723046,5.282305,3.522305,3.402305,2.502305,0.69230497,-1.747695,-1.8976951,-1.337695,0.342305,-0.21769501,-0.28769502,0.512305,-1.317695,1.172305,0.11230499
6.892305,6.162305,5.082305,4.622305,5.2723045,5.1523046,5.3523045,5.3423047,4.982305,5.282305,5.4823046,4.292305,3.312305,3.772305,2.622305,6.392305,3.582305,3.972305,3.582305,3.862305,3.302305,3.322305,3.982305,3.032305,4.802305,5.4023046,7.8323045,2.832305,2.652305,1.862305,-0.367695,0.69230497,-0.857695,-1.887695,-0.587695,-0.017695008,0.862305,-0.917695,-1.137695,-0.967695,-0.28769502
4.982305,5.9223046,5.872305,4.232305,3.652305,4.122305,5.222305,5.952305,5.8523045,3.992305,3.272305,3.832305,3.262305,2.402305,2.432305,-2.3376951,-2.517695,1.942305,0.69230497,0.022304993,1.432305,2.132305,2.122305,2.792305,3.332305,3.312305,3.702305,1.482305,1.522305,1.122305,0.09230499,-0.397695,-1.417695,-1.8976951,-1.117695,-0.197695,-0.227695,-0.647695,-0.207695,0.252305,0.062304992
6.6523046,6.4623046,7.0223045,5.1723046,4.622305,4.992305,5.182305,4.682305,4.342305,5.3423047,3.202305,4.242305,2.852305,2.712305,1.742305,2.462305,0.712305,-0.717695,-0.337695,0.452305,-0.687695,0.63230497,1.552305,1.742305,1.732305,1.492305,1.552305,2.062305,0.952305,0.772305,-1.087695,-1.0276951,-2.667695,-1.847695,-1.417695,-0.897695,-1.117695,-0.937695,-1.657695,-0.55769503,-0.017695008
2.862305,3.892305,8.332305,5.032305,4.572305,5.722305,5.492305,4.942305,5.6523046,5.7323046,4.552305,5.392305,4.242305,3.6623049,3.932305,2.112305,2.782305,0.312305,2.792305,2.692305,-0.387695,0.182305,0.33230498,0.182305,0.69230497,0.982305,1.662305,1.772305,-0.687695,-0.437695,-2.617695,-2.357695,-2.227695,-1.997695,-1.717695,-1.587695,-1.537695,-1.187695,-0.577695,-1.807695,-0.847695
