wind_kz.json
{"header": {"discipline":0,"disciplineName":"Meteorological products","gribEdition":2,"gribLength":1025,"center":7,"centerName":"US National Weather Service - NCEP(WMC)","subcenter":0,"refTime":"2024-01-31T18:00:00.000Z","significanceOfRT":1,"significanceOfRTName":"Start of forecast","productStatus":0,"productStatusName":"Operational products","productType":1,"productTypeName":"Forecast products","productDefinitionTemplate":0,"productDefinitionTemplateName":"Analysis/forecast at horizontal level/layer at a point in time","parameterCategory":2,"parameterCategoryName":"UnknownDiscipline_0_Category_2","parameterNumber":3,"parameterNumberName":"UnknownParameter_D0_C2_3","parameterUnit":"Unknown","genProcessType":2,"genProcessTypeName":"Forecast","forecastTime":0,"surface1Type":103,"surface1TypeName":"Specified height level above ground","surface1Value":10.0,"surface2Type":255,"surface2TypeName":"Missing","surface2Value":0.0,"gridDefinitionTemplate":0,"gridDefinitionTemplateName":"Latitude_Longitude","numberPoints":615,"shape":6,"shapeName":"Earth spherical with radius of 6,371,229.0 m","gridUnits":"degrees","resolution":48,"winds":"true","scanMode":64,"nx":41,"ny":15,"basicAngle":0,"lo1":47.0,"la1":41.0,"lo2":87.0,"la2":55.0,"dx":1.0,"dy":1.0}, "data":
[rows 0 to 14 of 15, columns 0 to 40 of 41]
-0.35479003,-2.11479,0.37520996,-2.4347901,-5.24479,-3.81479,-2.86479,-1.95479,-0.10479004,-0.15479004,1.57521,1.79521,1.82521,2.22521,1.46521,1.3752099,2.23521,3.24521,5.17521,4.4352098,0.60520995,5.01521,2.73521,-0.37479004,-1.59479,-0.81479,-1.8847901,1.3852099,2.8352098,2.5652099,-2.70479,-2.95479,0.15520996,-0.83479005,-1.95479,-0.79479,-1.02479,0.51521,-0.61479,-2.4447901,-1.09479
0.65520996,-0.49479005,-0.81479,-6.75479,-5.13479,-4.87479,-3.49479,-2.40479,-2.07479,-1.67479,-1.7447901,-2.48479,-0.13479003,1.33521,2.60521,3.18521,3.0852098,2.69521,3.74521,5.30521,4.9352098,3.50521,6.89521,3.45521,0.83520997,1.16521,-1.21479,3.12521,1.18521,2.43521,7.37521,5.46521,-0.33479005,-0.20479004,-0.83479005,-1.1247901,-1.01479,-1.04479,-0.31479004,-0.52479005,0.74520993
0.41520995,-2.82479,-3.22479,-4.34479,-5.02479,-3.45479,-3.49479,-2.74479,-2.08479,-4.36479,-4.17479,-3.35479,-1.52479,-1.31479,0.21520996,3.73521,5.11521,5.28521,5.30521,5.08521,4.35521,5.84521,4.33521,3.50521,2.46521,2.5652099,0.59520996,-0.46479005,0.23520996,0.30520996,4.74521,1.60521,1.41521,-1.9847901,-0.19479004,0.14520997,2.77521,-1.4947901,0.66520995,-1.2547901,-0.70479006
-0.04479004,-1.44479,-2.58479,-3.59479,-3.45479,-2.97479,-3.4147902,-2.1647902,-2.26479,-3.78479,-4.33479,-3.84479,-3.78479,-4.47479,0.24520996,3.59521,5.61521,5.94521,6.40521,8.12521,6.25521,10.62521,2.79521,6.39521,4.31521,3.39521,2.13521,0.18520996,2.44521,3.14521,1.96521,-3.26479,0.19520997,0.75521,-0.53479004,-1.20479,-0.58479005,1.57521,1.18521,1.47521,1.1152099
0.47520995,-0.73479,-0.53479004,-0.32479003,-0.26479003,-0.94479007,-2.98479,-1.40479,-2.21479,-3.25479,-3.00479,-2.80479,-6.48479,-4.65479,-3.4147902,0.16520996,2.76521,5.31521,6.54521,8.20521,9.05521,8.22521,6.58521,4.35521,6.9552097,4.4352098,4.49521,2.12521,2.54521,2.28521,2.69521,1.6152099,2.21521,3.15521,-1.54479,-0.96479005,-0.55479,-0.29479003,1.28521,1.2452099,0.70521
0.13520996,-0.0147900395,-0.74479,-1.02479,-1.44479,-1.4747901,-2.14479,-2.74479,-2.99479,-2.54479,-2.29479,-2.49479,-4.51479,-4.21479,-1.20479,2.04521,4.65521,4.91521,5.58521,8.21521,8.85521,9.70521,9.59521,8.40521,7.13521,6.07521,3.61521,3.3052099,2.3052099,2.43521,3.16521,3.14521,1.57521,2.3052099,2.09521,3.01521,2.10521,1.5252099,0.99520993,0.23520996,-0.0047900393
0.42520997,-0.60479003,-1.3747901,-1.6047901,-1.95479,-2.38479,-2.04479,-2.38479,-2.6847901,-3.14479,-4.03479,-3.70479,-3.4447901,-3.58479,-2.99479,0.37520996,5.35521,7.39521,6.7052097,5.16521,9.23521,9.71521,10.02521,10.27521,9.13521,6.94521,3.97521,3.96521,2.0552099,2.50521,3.41521,1.6252099,1.58521,3.09521,1.56521,-0.34479004,-2.40479,0.93521,-0.37479004,-1.20479,0.56521
0.005209961,-0.64479005,-1.02479,-1.6147901,-2.4247901,-2.82479,-2.89479,-2.58479,-4.37479,-5.57479,-5.33479,-6.01479,-6.3147902,-6.62479,-5.10479,-1.8647901,-0.11479004,7.23521,7.36521,7.56521,7.89521,9.46521,9.50521,9.41521,9.52521,6.83521,7.07521,5.07521,3.79521,3.34521,3.18521,3.37521,3.0752099,5.84521,5.79521,1.21521,0.08520996,0.07520996,-0.33479005,-0.0047900393,0.025209961
0.21520996,-0.52479005,-1.19479,-1.56479,-2.26479,-2.4247901,-2.85479,-3.15479,-4.26479,-5.85479,-7.33479,-8.19479,-8.61479,-7.09479,-6.08479,-3.6747901,0.46520996,3.48521,5.77521,6.48521,5.28521,8.91521,8.50521,8.09521,8.42521,7.17521,4.91521,6.50521,6.17521,3.61521,5.78521,6.88521,7.72521,7.50521,3.12521,3.78521,-1.57479,1.44521,1.2652099,0.47520995,-1.20479
1.0252099,-0.37479004,-0.50479007,-0.49479005,-2.20479,-2.32479,-2.77479,-3.08479,-3.83479,-5.09479,-8.10479,-6.88479,-6.8147902,-6.57479,-6.28479,-4.92479,-2.97479,-0.45479003,0.56521,5.78521,6.09521,6.89521,6.44521,5.75521,5.94521,6.26521,5.61521,4.83521,3.94521,4.29521,5.23521,5.44521,6.38521,6.61521,6.40521,2.46521,1.82521,-0.79479,0.69521,4.27521,3.63521
0.34520996,-0.43479005,-1.0047901,-1.89479,-1.7547901,-2.30479,-1.96479,-2.10479,-2.50479,-5.8147902,-6.24479,-1.65479,-4.39479,-5.33479,-5.11479,-4.38479,-2.80479,-2.56479,-1.04479,0.22520997,1.94521,3.16521,3.47521,4.13521,3.72521,4.4352098,4.14521,5.69521,5.46521,2.3352098,4.09521,2.90521,3.8252099,6.77521,7.76521,6.40521,2.22521,3.12521,2.20521,1.83521,-0.24479003
0.05520996,1.06521,0.50521,-0.60479003,-1.4847901,-1.08479,-1.90479,-1.41479,-2.23479,-4.03479,-2.85479,-3.71479,-2.80479,-3.31479,-3.51479,-2.84479,-2.02479,-1.89479,-0.37479004,0.31520995,1.9952099,1.6452099,1.96521,2.52521,3.09521,3.77521,5.59521,4.82521,4.88521,3.38521,2.34521,3.03521,3.5552099,5.25521,5.41521,5.04521,1.3652099,2.89521,2.70521,1.60521,0.80520993
0.98520994,0.85520995,0.33520997,0.77520996,0.025209961,-0.45479003,-0.92479,-0.16479003,-1.78479,-1.41479,-2.22479,-1.8647901,-1.71479,-1.93479,-1.8647901,-1.39479,-0.60479003,-0.27479005,0.28520995,1.20521,1.30521,1.57521,1.41521,1.82521,2.78521,2.59521,2.66521,2.3352098,2.75521,2.37521,2.5652099,2.68521,2.48521,2.54521,3.13521,4.07521,2.92521,1.5252099,1.78521,0.50521,0.52520996
1.28521,1.07521,-1.07479,0.40520996,-0.12479004,-0.27479005,-0.32479003,-0.17479004,-0.15479004,-1.3847901,-0.46479005,-1.14479,-1.21479,-1.7247901,-0.97479004,-0.64479005,0.07520996,1.08521,0.41520995,1.1252099,1.09521,0.95521,0.17520995,0.42520997,0.34520996,1.45521,1.80521,1.59521,2.0652099,2.27521,1.72521,1.7752099,1.56521,2.5752099,1.82521,2.68521,2.8252099,2.89521,1.1252099,0.91520995,0.49520996
1.28521,0.24520996,0.58520997,-0.39479005,-0.05479004,0.70521,0.61520994,0.32520998,-0.22479004,-1.21479,-0.66479003,-0.23479004,-0.14479004,-1.02479,-1.91479,0.10520996,0.91520995,0.94521,1.6252099,1.5252099,1.1352099,0.84520996,-0.68479,0.50521,0.86520994,1.15521,1.90521,1.9952099,1.46521,1.93521,1.8852099,1.94521,1.85521,2.0752099,2.37521,2.51521,3.35521,2.3352098,0.59520996,1.47521,0.24520996
