wind_kz.json
{"header": {"discipline":0,"disciplineName":"Meteorological products","gribEdition":2,"gribLength":1025,"center":7,"centerName":"US National Weather Service - NCEP(WMC)","subcenter":0,"refTime":"2023-10-01T00:00:00.000Z","significanceOfRT":1,"significanceOfRTName":"Start of forecast","productStatus":0,"productStatusName":"Operational products","productType":1,"productTypeName":"Forecast products","productDefinitionTemplate":0,"productDefinitionTemplateName":"Analysis/forecast at horizontal level/layer at a point in time","parameterCategory":2,"parameterCategoryName":"UnknownDiscipline_0_Category_2","parameterNumber":3,"parameterNumberName":"UnknownParameter_D0_C2_3","parameterUnit":"Unknown","genProcessType":2,"genProcessTypeName":"Forecast","forecastTime":300,"surface1Type":103,"surface1TypeName":"Specified height level above ground","surface1Value":10.0,"surface2Type":255,"surface2TypeName":"Missing","surface2Value":0.0,"gridDefinitionTemplate":0,"gridDefinitionTemplateName":"Latitude_Longitude","numberPoints":615,"shape":6,"shapeName":"Earth spherical with radius of 6,371,229.0 m","gridUnits":"degrees","resolution":48,"winds":"true","scanMode":64,"nx":41,"ny":15,"basicAngle":0,"lo1":47.0,"la1":41.0,"lo2":87.0,"la2":55.0,"dx":1.0,"dy":1.0}, "data":
[rows 0 to 14 of 15, columns 0 to 40 of 41]
0.902959,0.602959,-1.267041,0.86295897,7.152959,5.782959,2.3929589,3.792959,4.5229588,4.0229588,3.682959,2.862959,1.982959,1.052959,0.28295898,-0.56704104,-0.837041,-1.877041,-2.527041,-1.097041,-0.24704102,-0.587041,-2.057041,0.62295896,1.242959,2.192959,0.87295896,-1.257041,-1.6570411,-0.447041,-1.2870411,1.412959,-2.007041,0.502959,-0.56704104,-2.337041,-2.327041,-1.347041,-0.907041,1.232959,3.862959
5.892959,-0.62704104,-3.447041,-1.947041,7.602959,5.982959,4.722959,6.642959,6.422959,5.142959,4.122959,3.472959,2.812959,1.532959,0.602959,0.362959,0.582959,-0.14704102,-1.807041,-2.507041,-2.167041,-2.337041,-4.097041,-0.93704104,-0.557041,-2.427041,-2.957041,1.452959,-1.127041,0.712959,1.042959,2.262959,-1.087041,-2.377041,-1.777041,2.332959,1.882959,0.81295896,1.392959,0.86295897,-0.527041
-2.837041,-0.647041,-0.317041,3.852959,4.0229588,5.112959,5.552959,6.712959,7.332959,6.532959,5.822959,4.402959,3.192959,2.1529589,0.81295896,0.20295899,-0.16704102,-0.56704104,-2.217041,-0.807041,-1.467041,-4.837041,-3.417041,-1.117041,-2.677041,-0.977041,-0.81704104,-0.797041,-0.17704101,-0.677041,3.122959,1.272959,-0.88704103,0.912959,-0.907041,0.17295898,1.132959,-1.977041,-0.847041,0.0029589843,0.792959
-4.2270412,-4.067041,4.062959,5.302959,5.702959,6.032959,5.742959,8.062959,8.032959,7.392959,6.212959,4.032959,-0.48704103,0.08295898,2.292959,1.062959,-0.24704102,-1.217041,-3.117041,-3.197041,-1.877041,-1.7870411,0.652959,-1.237041,-2.237041,-3.457041,-2.127041,-1.367041,-1.107041,-2.227041,2.552959,-0.027041016,0.502959,-1.2870411,-1.387041,-0.22704102,-1.247041,2.932959,-0.14704102,-1.2870411,-0.707041
-0.547041,-0.18704101,3.242959,4.412959,3.622959,5.142959,6.582959,5.682959,6.942959,7.492959,7.342959,5.092959,3.412959,2.032959,-0.18704101,2.462959,1.882959,0.902959,-0.997041,-0.957041,-0.09704102,0.62295896,0.25295898,-0.647041,-0.87704104,-1.757041,-1.847041,-3.827041,-1.587041,-2.707041,-4.177041,-3.637041,0.062958986,1.722959,0.502959,2.042959,1.362959,0.502959,2.452959,1.442959,-0.057041015
0.662959,4.802959,4.7729588,5.172959,3.762959,4.192959,7.092959,6.872959,6.512959,7.632959,7.282959,7.502959,5.242959,4.152959,2.802959,3.572959,3.1429589,2.352959,1.662959,0.81295896,0.48295897,0.572959,0.982959,0.432959,-0.0070410157,-0.117041014,2.182959,-1.127041,-1.127041,-0.49704102,-0.837041,-1.877041,-2.537041,-2.237041,-0.047041014,-1.717041,-0.42704102,-0.897041,-0.807041,-0.977041,-1.207041
1.932959,3.072959,3.542959,6.192959,6.932959,7.002959,6.862959,6.982959,7.462959,7.552959,7.562959,7.972959,7.812959,7.0229588,5.402959,3.382959,3.932959,3.622959,3.732959,3.242959,2.662959,3.012959,2.082959,1.4629589,1.112959,0.792959,0.81295896,0.16295898,3.502959,2.422959,1.392959,0.56295896,2.862959,1.422959,-1.217041,-1.577041,0.642959,2.212959,-0.88704103,1.822959,-0.82704103
1.142959,2.582959,3.742959,4.952959,7.432959,8.432959,9.452959,8.252959,7.782959,7.732959,7.302959,6.572959,6.642959,6.422959,6.712959,5.762959,4.942959,4.452959,3.662959,3.072959,1.912959,2.592959,2.282959,2.912959,1.822959,1.772959,0.892959,1.2129589,1.472959,1.372959,0.532959,1.282959,2.272959,3.182959,4.752959,-0.18704101,0.952959,-2.017041,-2.967041,-1.387041,0.22295898
0.13295898,1.392959,3.372959,4.622959,5.962959,7.322959,8.052959,8.362959,8.342959,8.042959,7.682959,6.862959,6.202959,6.162959,5.642959,5.492959,5.062959,4.782959,3.762959,3.682959,2.872959,1.552959,1.7129589,2.932959,2.702959,2.342959,2.002959,2.112959,3.502959,2.262959,2.922959,3.742959,4.0229588,3.292959,4.912959,3.1429589,0.17295898,1.822959,1.932959,0.762959,0.762959
1.542959,-0.26704103,2.052959,4.832959,5.222959,5.972959,6.972959,8.402959,8.742959,8.642959,8.582959,7.862959,7.5229588,6.322959,6.382959,5.572959,5.222959,4.922959,4.112959,4.222959,3.782959,2.762959,1.692959,1.302959,2.132959,2.662959,3.002959,3.022959,2.842959,3.012959,2.732959,1.5829589,1.152959,3.672959,3.842959,2.362959,1.222959,0.15295899,3.282959,2.562959,2.6529589
0.25295898,0.602959,0.492959,-1.257041,1.302959,6.722959,6.212959,7.322959,7.602959,7.982959,8.092959,7.892959,7.462959,7.642959,6.242959,6.372959,6.492959,5.532959,4.712959,4.832959,4.222959,3.412959,2.732959,2.442959,2.102959,2.212959,2.372959,3.862959,3.792959,2.342959,2.042959,1.8429589,1.942959,4.212959,5.052959,5.812959,3.1429589,3.052959,4.642959,2.382959,1.812959
0.14295898,2.1529589,1.302959,-0.047041014,-0.81704104,0.902959,4.372959,6.252959,6.832959,6.882959,7.212959,7.172959,7.682959,7.552959,7.392959,6.782959,6.532959,5.902959,5.852959,5.312959,4.792959,4.122959,3.362959,3.602959,3.412959,2.792959,2.962959,2.192959,1.552959,1.402959,1.532959,2.122959,2.592959,4.112959,3.972959,6.612959,8.052959,6.472959,1.492959,-0.767041,0.38295898
1.232959,1.262959,2.042959,1.472959,0.832959,-0.967041,1.002959,2.362959,8.692959,5.302959,4.602959,5.382959,7.222959,7.702959,7.642959,7.032959,6.822959,6.242959,6.532959,5.712959,5.372959,5.332959,4.832959,4.802959,4.762959,4.492959,3.602959,3.102959,2.262959,2.282959,2.622959,2.482959,2.622959,3.312959,3.322959,4.0229588,4.542959,3.462959,6.122959,4.5229588,1.452959
1.622959,0.09295899,1.532959,1.632959,3.342959,2.352959,2.822959,0.272959,0.56295896,0.042958986,5.412959,4.582959,6.412959,6.172959,6.692959,6.882959,6.962959,6.952959,6.7729588,6.682959,6.082959,5.712959,5.312959,4.622959,4.242959,3.442959,3.672959,2.9029589,2.662959,3.262959,3.332959,2.992959,3.202959,3.672959,3.1429589,3.062959,2.3929589,2.042959,2.472959,3.062959,3.412959
2.442959,1.872959,1.912959,2.702959,2.822959,3.732959,3.132959,3.512959,3.002959,2.372959,0.372959,-2.377041,3.842959,5.412959,8.202959,7.5229588,7.472959,7.332959,7.252959,7.102959,6.842959,6.812959,6.032959,5.822959,4.7729588,3.912959,3.802959,3.792959,3.422959,3.032959,3.972959,4.752959,3.822959,4.352959,4.702959,4.5229588,4.632959,4.752959,4.342959,5.0229588,3.522959
