wind.json
{"header": {"discipline":0,"disciplineName":"Meteorological products","gribEdition":2,"gribLength":953,"center":7,"centerName":"US National Weather Service - NCEP(WMC)","subcenter":0,"refTime":"2023-06-29T06:00:00.000Z","significanceOfRT":1,"significanceOfRTName":"Start of forecast","productStatus":0,"productStatusName":"Operational products","productType":1,"productTypeName":"Forecast products","productDefinitionTemplate":0,"productDefinitionTemplateName":"Analysis/forecast at horizontal level/layer at a point in time","parameterCategory":0,"parameterCategoryName":"UnknownDiscipline_0_Category_0","parameterNumber":0,"parameterNumberName":"UnknownParameter_D0_C0_0","parameterUnit":"Unknown","genProcessType":2,"genProcessTypeName":"Forecast","forecastTime":180,"surface1Type":1,"surface1TypeName":"Ground or water surface","surface1Value":0.0,"surface2Type":255,"surface2TypeName":"Missing","surface2Value":0.0,"gridDefinitionTemplate":0,"gridDefinitionTemplateName":"Latitude_Longitude","numberPoints":688,"shape":6,"shapeName":"Earth spherical with radius of 6,371,229.0 m","gridUnits":"degrees","resolution":48,"winds":"true","scanMode":64,"nx":43,"ny":16,"basicAngle":0,"lo1":45.0,"la1":40.0,"lo2":87.0,"la2":55.0,"dx":1.0,"dy":1.0}, "data":
[rows 0 to 15 of 16, columns 0 to 42 of 43]
284.3934,279.5934,299.0934,301.3934,301.7934,297.3934,296.7934,295.19342,303.3934,305.0934,308.3934,305.3934,307.69342,303.0934,301.2934,304.69342,304.8934,304.8934,302.5934,301.69342,301.7934,300.0934,300.2934,297.19342,295.4934,290.69342,293.0934,283.8934,277.4934,281.4934,284.2934,295.5934,295.3934,296.9934,296.5934,296.3934,298.0934,295.2934,297.4934,299.9934,298.9934,301.8934,298.4934
288.9934,302.2934,302.9934,288.69342,291.5934,296.7934,296.5934,295.2934,300.5934,307.7934,307.4934,305.9934,305.69342,307.19342,304.9934,304.19342,303.69342,301.5934,302.4934,301.9934,300.4934,301.3934,304.4934,297.19342,297.19342,289.4934,298.4934,301.0934,292.19342,278.7934,277.0934,276.7934,279.19342,282.2934,289.69342,295.5934,297.5934,297.3934,298.8934,301.0934,301.4934,301.7934,301.7934
290.0934,286.2934,279.69342,291.69342,296.69342,296.69342,296.3934,294.4934,305.5934,305.9934,305.19342,307.69342,308.3934,305.4934,302.2934,300.5934,301.19342,298.9934,301.2934,298.4934,298.3934,298.7934,298.69342,299.8934,295.5934,285.9934,275.69342,277.19342,286.2934,277.2934,277.7934,272.5934,280.19342,273.0934,283.8934,260.5934,278.8934,294.3934,292.9934,297.0934,300.69342,292.69342,286.3934
288.7934,291.4934,293.8934,297.3934,296.8934,296.69342,295.8934,302.5934,302.8934,302.7934,303.0934,302.7934,302.7934,302.7934,298.0934,299.19342,299.9934,298.3934,299.5934,302.4934,302.19342,300.19342,298.4934,302.19342,295.4934,290.5934,296.19342,295.3934,292.9934,291.4934,288.7934,282.3934,275.0934,274.8934,283.4934,280.19342,282.3934,284.0934,280.2934,282.0934,283.3934,278.9934,276.9934
301.4934,301.0934,295.19342,297.2934,297.4934,296.8934,297.3934,299.69342,300.5934,301.2934,301.7934,302.4934,302.4934,303.4934,295.19342,294.3934,297.9934,298.0934,300.69342,303.19342,297.9934,296.9934,298.2934,292.2934,301.4934,298.9934,294.69342,294.8934,301.3934,293.9934,292.5934,292.5934,294.69342,289.8934,296.2934,296.5934,289.9934,286.9934,277.7934,277.3934,284.0934,293.7934,297.0934
302.9934,301.7934,300.0934,297.8934,297.7934,298.19342,298.9934,299.9934,299.69342,301.8934,301.4934,302.69342,305.8934,301.8934,295.3934,294.7934,292.19342,301.19342,303.7934,300.8934,297.7934,301.69342,301.7934,301.4934,300.3934,296.7934,296.9934,296.7934,295.2934,295.2934,297.9934,296.4934,299.3934,294.5934,281.5934,272.7934,283.69342,293.3934,295.8934,300.69342,301.4934,302.69342,302.69342
300.69342,303.5934,300.69342,297.4934,298.5934,297.5934,297.5934,297.19342,299.8934,302.9934,301.9934,303.5934,304.8934,302.2934,295.2934,294.0934,296.69342,299.7934,303.2934,301.0934,302.8934,302.7934,300.3934,297.4934,295.0934,295.7934,292.5934,292.19342,295.4934,290.69342,301.0934,301.69342,298.5934,298.69342,293.9934,291.4934,288.5934,292.4934,287.19342,290.8934,297.4934,301.0934,301.3934
300.2934,301.4934,299.5934,300.3934,304.19342,303.8934,300.4934,300.7934,302.4934,301.5934,301.7934,302.69342,302.4934,302.4934,300.69342,301.4934,297.5934,299.8934,300.3934,304.3934,300.2934,298.7934,300.8934,298.0934,296.7934,297.69342,291.8934,293.69342,296.2934,298.3934,295.69342,296.0934,294.0934,295.4934,295.3934,296.19342,292.3934,290.2934,287.19342,283.2934,280.5934,281.0934,295.7934
298.7934,297.3934,300.7934,300.3934,303.0934,302.69342,302.4934,301.69342,301.5934,300.0934,298.9934,299.8934,299.19342,299.2934,297.2934,299.2934,299.19342,299.9934,302.5934,301.8934,298.9934,296.2934,300.19342,295.2934,294.69342,294.2934,291.7934,288.2934,288.9934,291.3934,293.2934,293.19342,292.4934,293.7934,290.3934,288.19342,287.7934,293.9934,297.3934,288.2934,294.0934,295.19342,287.19342
291.7934,297.2934,297.2934,297.8934,299.3934,298.0934,300.69342,299.3934,298.9934,299.0934,297.19342,295.5934,294.9934,296.5934,295.3934,297.0934,297.8934,298.19342,300.0934,301.3934,298.0934,297.4934,293.8934,295.19342,297.19342,294.2934,291.69342,289.9934,288.4934,287.4934,285.3934,287.2934,286.8934,288.0934,291.2934,295.19342,292.2934,290.7934,290.0934,289.7934,274.4934,277.7934,276.19342
291.3934,292.9934,293.9934,295.5934,296.3934,295.5934,296.0934,295.8934,295.9934,295.4934,295.9934,293.8934,293.3934,293.5934,293.9934,294.9934,296.0934,296.4934,297.3934,296.7934,295.19342,296.19342,294.19342,295.19342,298.5934,294.2934,291.9934,292.0934,291.3934,293.7934,289.69342,290.8934,290.3934,293.8934,294.19342,294.5934,290.8934,289.19342,288.8934,284.9934,278.2934,281.3934,279.0934
288.4934,290.2934,290.69342,291.3934,291.8934,293.3934,292.3934,292.9934,293.7934,292.69342,292.2934,292.7934,291.3934,290.0934,292.9934,292.7934,292.9934,294.2934,294.0934,296.3934,298.5934,296.8934,295.9934,298.2934,293.8934,296.7934,292.69342,292.5934,290.0934,292.9934,293.4934,294.7934,295.4934,294.9934,294.19342,295.0934,292.2934,289.4934,286.69342,283.0934,281.9934,283.19342,281.69342
286.8934,287.5934,288.5934,289.8934,290.7934,291.8934,289.69342,289.69342,288.3934,290.8934,288.4934,290.8934,287.0934,290.9934,289.5934,293.5934,292.0934,293.2934,291.9934,292.5934,291.19342,292.4934,291.8934,294.19342,293.19342,292.69342,294.2934,293.2934,293.19342,294.69342,294.9934,295.2934,292.9934,294.3934,294.69342,292.69342,292.4934,290.3934,289.4934,288.5934,288.4934,288.2934,287.4934
287.0934,287.4934,290.19342,285.8934,288.19342,288.4934,288.4934,292.0934,288.19342,286.3934,289.8934,291.5934,285.19342,285.5934,291.4934,287.0934,290.7934,292.0934,290.5934,290.19342,290.69342,291.2934,289.69342,291.0934,290.3934,291.3934,296.5934,296.7934,297.7934,293.9934,293.9934,292.69342,292.69342,292.19342,293.19342,292.8934,290.4934,290.2934,290.4934,291.5934,290.19342,288.7934,289.0934
286.9934,285.9934,285.2934,286.5934,288.9934,290.3934,286.5934,288.9934,289.5934,288.8934,289.69342,288.7934,284.69342,285.7934,286.2934,286.2934,289.0934,289.19342,290.19342,290.69342,290.69342,289.9934,290.8934,290.3934,291.0934,291.2934,292.19342,292.8934,292.5934,291.0934,291.5934,292.2934,294.19342,295.0934,291.5934,290.3934,289.3934,289.3934,290.3934,289.4934,288.4934,289.19342,287.7934
284.5934,285.2934,285.19342,286.3934,290.9934,286.2934,286.19342,285.19342,286.19342,285.5934,286.69342,289.69342,287.5934,284.2934,285.0934,286.9934,287.4934,291.2934,290.69342,289.7934,289.8934,290.5934,289.8934,290.5934,289.69342,290.69342,290.2934,290.4934,290.7934,288.9934,290.4934,290.5934,292.2934,288.19342,289.7934,288.5934,287.3934,287.2934,288.8934,287.0934,287.3934,288.7934,291.5934
