wind_kz.json
{"header": {"discipline":0,"disciplineName":"Meteorological products","gribEdition":2,"gribLength":1025,"center":7,"centerName":"US National Weather Service - NCEP(WMC)","subcenter":0,"refTime":"2023-09-10T18:00:00.000Z","significanceOfRT":1,"significanceOfRTName":"Start of forecast","productStatus":0,"productStatusName":"Operational products","productType":1,"productTypeName":"Forecast products","productDefinitionTemplate":0,"productDefinitionTemplateName":"Analysis/forecast at horizontal level/layer at a point in time","parameterCategory":2,"parameterCategoryName":"UnknownDiscipline_0_Category_2","parameterNumber":3,"parameterNumberName":"UnknownParameter_D0_C2_3","parameterUnit":"Unknown","genProcessType":2,"genProcessTypeName":"Forecast","forecastTime":180,"surface1Type":103,"surface1TypeName":"Specified height level above ground","surface1Value":10.0,"surface2Type":255,"surface2TypeName":"Missing","surface2Value":0.0,"gridDefinitionTemplate":0,"gridDefinitionTemplateName":"Latitude_Longitude","numberPoints":615,"shape":6,"shapeName":"Earth spherical with radius of 6,371,229.0 m","gridUnits":"degrees","resolution":48,"winds":"true","scanMode":64,"nx":41,"ny":15,"basicAngle":0,"lo1":47.0,"la1":41.0,"lo2":87.0,"la2":55.0,"dx":1.0,"dy":1.0}, "data":
[rows 0 to 14 of 15, columns 0 to 40 of 41]
3.1687574,0.13875732,-1.4512427,-6.071243,-0.5712427,-7.1512427,-4.8112426,-3.2112427,4.3587575,4.3687572,3.0387573,2.6587572,2.7487574,1.4387573,-0.47124267,-2.9512427,-5.5812426,-5.071243,-5.511243,-3.6912427,-2.2412426,-3.9412427,-3.2312427,2.0187573,2.5887573,3.2987573,-3.3712428,0.6787573,-2.7912426,-2.6212428,-0.91124266,3.8987572,-0.021242676,-0.9012427,-4.991243,-2.8712428,-0.54124266,0.6687573,0.9087573,0.71875733,-0.92124265
0.50875735,0.70875734,2.3087573,-0.6512427,-4.5212426,-5.7112427,-3.2112427,0.49875733,-0.6412427,-0.5912427,1.1387573,2.5787573,1.8587574,0.58875734,-2.2112427,-2.4012427,-2.8812428,-4.5612426,-4.8112426,-5.361243,-4.9612427,-4.6312428,-4.111243,-0.19124268,2.8187573,3.7287574,2.6987574,3.4687574,0.8487573,2.7287574,-1.3112427,-1.6212426,-0.5112427,1.7887573,2.4487574,-4.9212427,-3.4212427,1.9087573,1.5787573,1.7187573,-0.25124267
1.7487574,2.4687574,-0.67124265,-2.1512427,-3.5912428,-1.5912427,-1.2712426,-1.5412427,0.34875733,0.09875733,-0.34124267,0.07875732,-0.6512427,-0.8912427,-1.7712426,-2.7212427,-3.5312426,-4.1212425,-5.051243,-5.3512425,-5.611243,-4.8112426,0.4587573,-0.54124266,-3.2012427,-3.1912427,-2.6012428,-0.54124266,-1.3412427,0.41875732,-1.5312427,-1.3812426,-3.1012428,-3.9412427,-3.2412426,-3.0912428,-4.3712425,-0.41124266,-2.4912426,3.0287573,3.0787573
-0.46124268,-0.60124266,-0.6412427,-1.9312427,-2.4412427,-3.0312426,-1.0512427,-1.6712427,-0.24124268,0.2987573,0.5987573,0.44875732,-0.8412427,-2.3012426,-2.5912428,-2.8312426,-3.2112427,-4.111243,-5.1512427,-5.241243,-5.281243,-3.2812426,-4.0612426,-3.9012427,-3.9912426,-0.98124266,-0.9612427,-0.27124268,-0.86124265,-3.6312428,6.4987574,1.9387573,2.9587574,6.3687572,2.0287573,0.6287573,3.0387573,1.6387573,-3.4012427,-4.2012424,-4.301243
-0.061242677,-0.011242676,-0.14124268,-0.8212427,-1.9712427,-2.0612426,-2.4012427,-1.3412427,0.12875733,-0.34124267,0.83875734,0.4287573,-1.1612427,-1.6212426,-1.2912427,-2.1512427,-2.6412427,-3.4912426,-4.9112425,-5.551243,-4.3812428,-2.6512427,-2.2612426,-2.0012426,-2.4612427,-2.5012426,-0.39124268,-1.7212427,-1.5512427,-1.7312427,-0.2612427,6.508757,2.9887574,0.94875735,0.12875733,0.6687573,-1.8812426,-3.3712428,-5.0212426,-6.9512424,-5.7112427
-0.28124267,-0.33124268,-0.28124267,-0.14124268,-1.2312427,-1.0312427,-0.79124266,-1.4512427,-0.23124267,-0.66124266,-1.0412427,-0.7612427,-0.46124268,-1.7312427,-1.3312427,-2.3612428,-2.2812426,-2.6412427,-4.6912427,-5.9212427,-4.4512424,-3.0912428,-3.3512428,-2.7212427,-2.3112426,-1.5612427,-1.7012427,-0.7012427,-2.7212427,-0.80124265,0.9087573,0.008757324,1.8487573,3.7687573,1.6587573,-1.2912427,-3.1012428,-5.091243,5.008757,6.5987573,3.0687573
-0.5112427,0.5387573,-0.2912427,-1.3112427,-2.2712426,-2.5512426,-0.4812427,0.27875733,-0.36124268,-1.1312426,-1.6612427,-1.6812427,-1.8412427,-2.3212426,-2.5712426,-2.1912427,-2.0712426,-1.8712426,-2.2412426,-4.721243,-4.6212425,-4.511243,-4.3512425,-3.7112427,-3.5312426,-1.1812427,0.14875732,-2.1712427,-1.5012426,-3.3712428,0.77875733,3.3187573,3.0887573,2.0087574,0.6887573,1.2487574,2.7187574,3.5787573,0.6187573,3.6987574,6.138757
-1.2112427,-1.4812427,1.0987573,0.23875733,-1.7912427,-2.3512428,-1.6812427,-1.4812427,-1.7512426,-2.1012428,-2.5312426,-1.8812426,-1.5012426,-1.5912427,-2.0712426,-2.6412427,-2.3512428,-1.4112427,0.07875732,-1.5612427,-3.6712427,-5.2512426,-3.7212427,-3.9112427,-3.4912426,-3.1112428,-2.7512426,-1.2512426,-3.2612426,-5.5812426,-0.041242674,3.5487573,2.1287572,1.3487573,-0.5912427,-1.5512427,-1.4312427,0.70875734,0.69875735,1.0287573,2.6287572
-2.0112426,-1.5112426,-0.9012427,-1.0912427,-1.7012427,-2.4412427,-1.1112427,-2.0012426,-1.8612427,-2.2912426,-3.4212427,-3.0512426,-3.4212427,-2.9912426,-3.5212426,-3.4112427,-3.4412427,-1.9912426,1.4887574,0.8187573,-1.7812427,-3.6312428,-3.5612426,-3.8112426,-3.4812427,-3.7012427,-3.3012426,-2.3212426,-4.0012426,-0.34124267,-2.4212427,-1.8912426,-2.5612426,-3.8412428,-2.4812427,1.6287574,-0.98124266,-1.0612427,3.2387574,3.2687573,2.8587573
-2.2612426,-1.7212427,-1.2112427,-1.8312427,-2.6812427,-3.0012426,-2.8012426,-1.1012427,-0.8812427,-1.4712427,-3.0412426,-2.9312427,-3.0912428,-3.3512428,-3.6412427,-3.7112427,-3.4712427,-2.6612427,-0.13124268,0.96875733,-0.18124267,-1.2212427,-1.8912426,-0.97124267,-2.0212426,-1.8812426,-2.0912428,-2.7612426,-2.9912426,-2.2412426,-2.5612426,-0.2612427,1.9187573,0.058757324,-3.2812426,-2.2012427,0.038757324,2.0287573,3.3987572,1.8187573,2.1687574
-2.5012426,-2.0612426,-0.74124265,-1.5112426,-2.6912427,-2.7912426,-2.3312426,-1.2712426,0.038757324,-0.6812427,-1.9012427,-2.3412428,-2.2812426,-1.6812427,-2.4612427,-3.2112427,-3.6712427,-3.9112427,-3.3012426,-1.6912427,-1.3412427,-1.4512427,-0.041242674,0.33875734,-0.53124267,-0.6212427,-1.4112427,-2.3212426,-3.1312428,-1.2112427,-1.1612427,3.3587573,1.9087573,2.0087574,0.83875734,-0.43124267,0.16875732,-0.33124268,0.49875733,0.35875732,1.0687573
-2.0912428,-1.7312427,-0.78124267,-0.9512427,-2.3812428,-2.7712426,-2.6112428,-2.1312428,-1.3612427,-0.6912427,-0.7712427,-1.8412427,-2.4912426,-0.79124266,-1.0812427,-1.3512427,-2.1612427,-3.0812426,-3.5312426,-2.9012427,-2.7112427,-2.7412426,-2.7712426,-1.0712427,0.9887573,-0.6212427,0.068757325,-0.4512427,-0.5612427,-0.6312427,1.3887573,-0.53124267,-0.071242675,-0.0012426758,-0.18124267,0.6587573,0.048757326,-1.1912427,-1.9412427,-1.4112427,-0.9612427
-1.3512427,-1.5812427,-1.0912427,-0.7712427,-0.8312427,-1.0012426,-1.3012427,-1.4712427,-1.7512426,-1.5312427,-0.6512427,-1.3412427,-1.1212426,-1.2312427,0.51875734,-0.5812427,-0.4512427,-1.6912427,-2.4412427,-2.5412426,-2.4412427,-1.6312426,-1.2912427,-3.0812426,-4.341243,-1.5012426,-1.2112427,0.57875735,-0.49124268,-0.40124267,-0.85124266,-0.8712427,0.9787573,0.69875735,-1.3912426,-0.19124268,0.58875734,1.6487573,1.7287574,1.5287573,0.5487573
-0.8712427,-0.9012427,-1.5012426,-0.98124266,-1.0512427,-0.74124265,-0.53124267,-0.4512427,-0.5212427,-0.2912427,-0.27124268,-1.3112427,-0.5612427,-1.0812427,-0.9012427,-0.40124267,0.8087573,1.1087574,0.048757326,-1.7312427,-1.5412427,-1.8012427,-1.9812427,-2.0312426,-1.6612427,-2.0612426,1.9087573,-0.6912427,-1.0912427,0.13875732,0.32875732,0.39875734,-0.31124267,0.11875732,-0.46124268,1.2587574,1.5187573,2.3987572,1.4187573,0.7487573,1.3387573
0.30875733,-0.31124267,-0.6312427,0.34875733,-0.111242674,0.33875734,0.068757325,0.09875733,-0.021242676,0.76875734,1.3287573,1.1187574,0.71875733,-1.0512427,-0.61124265,-1.0712427,-0.2912427,0.16875732,1.5587573,0.24875732,-1.3812426,-1.8012427,-0.97124267,-1.9112427,-2.2512426,-1.9212427,-1.2312427,-0.36124268,0.69875735,-0.31124267,0.7487573,2.2487574,-0.14124268,-0.071242675,1.0787573,2.6287572,2.6787574,1.4087573,1.5187573,0.9187573,2.4587574
