wind_kz.json
{"header": {"discipline":0,"disciplineName":"Meteorological products","gribEdition":2,"gribLength":1025,"center":7,"centerName":"US National Weather Service - NCEP(WMC)","subcenter":0,"refTime":"2023-08-27T06:00:00.000Z","significanceOfRT":1,"significanceOfRTName":"Start of forecast","productStatus":0,"productStatusName":"Operational products","productType":1,"productTypeName":"Forecast products","productDefinitionTemplate":0,"productDefinitionTemplateName":"Analysis/forecast at horizontal level/layer at a point in time","parameterCategory":2,"parameterCategoryName":"UnknownDiscipline_0_Category_2","parameterNumber":3,"parameterNumberName":"UnknownParameter_D0_C2_3","parameterUnit":"Unknown","genProcessType":2,"genProcessTypeName":"Forecast","forecastTime":240,"surface1Type":103,"surface1TypeName":"Specified height level above ground","surface1Value":10.0,"surface2Type":255,"surface2TypeName":"Missing","surface2Value":0.0,"gridDefinitionTemplate":0,"gridDefinitionTemplateName":"Latitude_Longitude","numberPoints":615,"shape":6,"shapeName":"Earth spherical with radius of 6,371,229.0 m","gridUnits":"degrees","resolution":48,"winds":"true","scanMode":64,"nx":41,"ny":15,"basicAngle":0,"lo1":47.0,"la1":41.0,"lo2":87.0,"la2":55.0,"dx":1.0,"dy":1.0}, "data":
[rows 0 to 14 of 15, columns 0 to 40 of 41]
1.3923218,1.4423218,0.37232178,3.4523218,0.96232176,0.24232177,0.9223218,1.0423218,0.18232177,-0.007678223,-2.0676782,-2.1876783,-3.1876783,-4.347678,-5.427678,-6.547678,-5.9776783,-4.6676784,-6.0676785,-4.217678,-3.3476782,-3.9876783,1.8923218,1.4623218,2.3523219,3.6223218,-0.117678225,0.96232176,-2.6476781,-3.2176783,-1.5976782,-0.04767822,0.28232178,3.3023217,-2.8776782,-7.467678,-2.8676782,-3.7176783,-1.7676783,-1.8876783,2.7723217
-1.0076783,0.42232177,4.532322,3.5923219,2.8023217,1.7823218,0.3023218,0.6823218,0.25232178,-0.60767823,-0.65767825,-2.5176783,-2.8676782,-3.8676782,-5.0876784,-5.807678,-5.487678,-6.0876784,-6.867678,-5.1276784,-8.047678,-3.5376782,1.8123218,-1.4076782,2.9023218,3.332322,3.7323217,0.47232178,-0.10767822,-0.9276782,-2.8676782,-3.2576783,-1.6476783,-2.7676783,-2.2476783,-3.6176782,-2.8376782,-9.227678,-6.097678,0.29232177,0.0023217774
0.65232176,5.692322,4.512322,3.9223218,3.1823218,1.6323218,0.95232177,0.6023218,1.3023218,-0.6376782,-2.2676783,-2.4476783,-3.1076782,-2.927678,-4.3976784,-5.0376782,-5.407678,-5.947678,-6.847678,-8.157679,-2.7876782,-5.387678,-5.2676783,-1.9276782,-2.8576782,-2.5176783,-2.4576783,-2.3876781,-0.7676782,-2.5976782,-3.1576781,-1.2476783,-3.0076783,1.4323218,0.14232178,-1.5876782,-1.7676783,0.97232175,-1.2376782,1.1923218,1.4523218
2.8923218,4.822322,4.782322,3.7223217,2.6423218,1.7823218,1.7123218,0.77232176,0.7523218,-0.21767822,-1.1876782,-2.2276783,-3.167678,-3.5176783,-4.407678,-4.8776784,-5.277678,-5.7276783,-5.807678,-6.7276783,-6.0376782,-4.9576783,-1.2676783,-1.6576782,-2.3076782,-3.2076783,-2.6476781,-2.0076783,-1.7776783,-3.1876783,-3.1476781,-1.3376782,1.5123218,-0.057678223,-0.117678225,1.6823218,3.6623218,1.5823218,-2.4976783,-2.5076783,-1.8576782
3.7923217,3.5923219,3.8523219,2.3123217,2.0523217,2.6323218,1.9123218,1.3723217,1.0623218,-0.33767822,-2.0676782,-2.7476783,-2.4976783,-2.3576782,-3.2776783,-4.557678,-4.177678,-4.097678,-4.677678,-4.217678,-2.7576783,-1.3676782,-1.4776782,-1.4276782,-1.1376783,-1.8676782,-1.4876782,-1.5876782,-0.4476782,-1.4476782,-2.427678,-2.5176783,-1.6776782,-1.1576782,0.51232177,1.7523217,1.1923218,0.13232177,-3.2376783,-0.8876782,1.3723217
0.6623218,1.3523217,-0.98767823,1.7723218,3.4023218,3.6623218,2.7723217,1.5823218,-0.6176782,-1.4776782,-2.8576782,-4.2876782,-3.9876783,-1.6276783,-1.9876782,-4.1076784,-4.277678,-3.167678,-2.5576782,-3.3276782,-3.2976782,-3.1576781,-3.2776783,-2.0376782,-1.2676783,-1.2276782,0.42232177,2.6523218,-0.8876782,-0.41767824,-0.6876782,-0.13767822,-1.5476782,-1.7676783,-2.6176782,-1.4576782,-3.3276782,-2.5776782,-1.6976782,-1.8476782,0.77232176
-0.10767822,-0.2876782,-0.087678224,0.012321778,0.95232177,0.89232177,0.5423218,0.4923218,-0.46767822,-1.8676782,-2.7976782,-3.427678,-3.7576783,-4.007678,-3.5776782,-2.5876782,-2.6476781,-0.19767822,0.4023218,-1.1676782,-1.5876782,-2.6476781,-3.0176783,-3.427678,-3.0376782,-1.5976782,-0.9376782,-0.33767822,1.6323218,2.082322,1.5023217,1.2623218,1.9823217,0.6823218,0.25232178,1.8923218,3.1223218,2.8423219,-1.4876782,2.4123218,1.2523217
0.28232178,0.25232178,0.35232177,0.8023218,0.8523218,0.102321774,-0.84767824,-1.0076783,-2.3276782,-2.4476783,-2.3876781,-4.1476784,-4.7676783,-3.927678,-4.467678,-3.2676783,-3.177678,-0.30767822,-0.6476782,-3.2776783,-1.4676782,-2.0976782,-2.2776783,-2.5576782,-2.7376783,-3.0476782,-3.4476783,-2.9476783,-2.4376783,-1.4576782,-2.2676783,-3.6476781,-1.1276783,0.42232177,0.19232178,-1.0076783,-2.5176783,0.52232176,0.51232177,0.45232177,0.96232176
-0.37767822,-0.20767823,0.42232177,0.16232178,-0.97767824,-1.0776782,-1.5676782,-0.65767825,-0.8676782,-0.77767825,-2.8476782,-3.0476782,-4.297678,-4.5176783,-4.257678,-4.0376782,-3.2176783,-4.6276784,-2.7876782,-1.8776783,-1.9776782,-2.177678,-1.4076782,-1.8876783,-1.6876782,-2.4876783,-3.1076782,-3.0776782,-3.6376781,-3.4976783,-3.3076782,-3.4776783,-2.8676782,1.4923217,1.4823217,-0.15767822,1.1623218,-1.7976782,3.822322,1.1923218,2.572322
-1.7576783,-1.9476782,-2.3076782,-1.2076782,-2.9876783,-2.8576782,-3.6076782,-4.047678,-3.9776783,-2.7276783,-2.8576782,-2.0976782,-2.5776782,-3.0576782,-3.917678,-4.5676785,-5.057678,-5.4176784,-4.577678,-2.677678,-2.1176782,-1.8876783,-1.1576782,-0.17767823,-0.6376782,-1.3876783,-0.90767825,-0.8876782,-2.3076782,-2.1576781,-2.3176782,-3.4476783,-3.5876782,-0.32767823,0.7423218,1.6123217,1.3623217,1.2523217,2.2823217,3.832322,2.2523217
-2.9376783,-0.29767823,-0.85767823,-1.1876782,-1.9676782,-2.7876782,-3.0776782,-2.9376783,-3.4076781,-3.6376781,-2.667678,-2.6476781,-2.5976782,-3.3576782,-3.4776783,-4.7476783,-5.257678,-5.637678,-4.9976783,-4.097678,-3.2976782,-1.1676782,-1.2776783,-1.7376782,-2.7176783,-0.8076782,-1.7076782,0.39232177,0.53232175,-0.8676782,-1.9576782,-1.9476782,-2.8476782,-1.6176782,0.9323218,1.8823218,2.3723218,1.5723218,5.092322,2.2523217,1.6523218
-1.6876782,-2.4376783,-1.4176782,-0.8176782,-1.9576782,-3.177678,-3.1476781,-3.4076781,-2.9976783,-2.9376783,-2.7576783,-3.1476781,-2.9376783,-2.6876783,-2.5776782,-3.7176783,-3.5376782,-4.657678,-4.257678,-4.1276784,-3.177678,-1.9776782,-1.1676782,-1.3276782,-1.1076782,-1.1976782,-1.7776783,-1.5676782,-0.6776782,0.33232176,-0.10767822,-0.077678226,-2.0676782,-1.2676783,-1.4876782,1.9323218,3.3523219,3.5323217,2.0223217,1.1223217,0.6623218
-3.4076781,-2.9476783,-2.6876783,-2.1876783,-2.417678,-2.0976782,-2.917678,-2.9776783,-2.8776782,-3.7176783,-2.7876782,-3.5376782,-4.1876783,-4.1276784,-3.5976782,-3.3276782,-2.927678,-2.4876783,-2.8376782,-2.167678,-2.9876783,-2.7276783,-1.8376782,-2.5576782,-3.3176782,-2.4076781,-2.7576783,-1.0376782,0.90232176,-0.18767822,-0.8676782,-1.5476782,-1.9876782,-0.43767822,-0.49767822,1.0623218,2.7223217,2.6223218,2.8723218,3.4123218,3.1723218
-3.6276782,-3.2076783,-2.1976783,-2.0976782,-2.1076782,-2.8076782,-2.417678,-2.7576783,-2.6976783,-2.9976783,-1.7476783,-1.6976782,-4.0176783,-4.3376784,-4.197678,-3.9476783,-4.1876783,-3.5676782,-3.7676783,-3.2676783,-3.2276783,-2.3476782,-1.4676782,-0.8176782,-1.2576783,-1.7376782,-1.2076782,-0.16767822,-0.7676782,-0.4776782,1.8923218,0.15232177,-0.5676782,-0.7076782,-1.0676782,-1.9276782,0.33232176,2.8723218,3.0323217,2.582322,4.362322
-2.0076783,-2.9076781,-1.7576783,-2.4476783,-2.5876782,-2.417678,-2.5576782,-2.8676782,-2.8676782,-2.2076783,-1.0676782,-1.8276782,-1.8476782,-3.1976783,-4.0376782,-3.7976782,-3.9576783,-4.4576783,-4.3776784,-3.5276783,-3.5776782,-3.2676783,-2.9776783,-1.3076782,-0.39767823,-1.6076782,-3.3576782,-2.417678,-1.4976783,0.17232178,2.7023218,3.322322,0.8623218,-0.3176782,-1.3476782,-1.6976782,-1.8176782,-0.14767823,0.71232176,3.7223217,3.0623217
