wind_kz.json
{"header": {"discipline":0,"disciplineName":"Meteorological products","gribEdition":2,"gribLength":871,"center":7,"centerName":"US National Weather Service - NCEP(WMC)","subcenter":0,"refTime":"2025-04-05T06:00:00.000Z","significanceOfRT":1,"significanceOfRTName":"Start of forecast","productStatus":0,"productStatusName":"Operational products","productType":1,"productTypeName":"Forecast products","productDefinitionTemplate":0,"productDefinitionTemplateName":"Analysis/forecast at horizontal level/layer at a point in time","parameterCategory":0,"parameterCategoryName":"UnknownDiscipline_0_Category_0","parameterNumber":0,"parameterNumberName":"UnknownParameter_D0_C0_0","parameterUnit":"Unknown","genProcessType":2,"genProcessTypeName":"Forecast","forecastTime":120,"surface1Type":1,"surface1TypeName":"Ground or water surface","surface1Value":0.0,"surface2Type":255,"surface2TypeName":"Missing","surface2Value":0.0,"gridDefinitionTemplate":0,"gridDefinitionTemplateName":"Latitude_Longitude","numberPoints":615,"shape":6,"shapeName":"Earth spherical with radius of 6,371,229.0 m","gridUnits":"degrees","resolution":48,"winds":"true","scanMode":64,"nx":41,"ny":15,"basicAngle":0,"lo1":47.0,"la1":41.0,"lo2":87.0,"la2":55.0,"dx":1.0,"dy":1.0}, "data":
[rows 0 to 14 of 15, columns 0 to 40 of 41]
295.4299,290.1299,288.6299,282.5299,283.22992,283.8299,292.3299,307.3299,311.22992,309.6299,309.4299,310.22992,308.5299,309.3299,309.1299,311.22992,308.4299,310.9299,311.3299,311.8299,309.5299,308.6299,305.9299,302.72992,303.3299,308.4299,302.4299,278.4299,278.0299,276.0299,283.72992,288.22992,302.0299,308.6299,308.22992,307.8299,311.0299,307.5299,307.0299,308.22992,307.0299
271.5299,287.4299,282.0299,282.1299,282.6299,283.1299,297.9299,300.22992,305.8299,306.4299,309.4299,308.0299,310.5299,310.5299,307.6299,306.3299,306.8299,307.5299,305.72992,307.3299,307.9299,311.9299,299.5299,293.22992,273.3299,286.6299,299.3299,290.9299,295.9299,283.3299,291.3299,273.4299,296.8299,266.9299,273.1299,299.9299,307.8299,304.22992,311.4299,306.9299,281.9299
285.3299,280.72992,281.6299,282.0299,282.0299,288.8299,296.72992,298.6299,298.8299,304.1299,303.22992,306.22992,309.8299,309.6299,307.1299,304.5299,305.8299,305.8299,305.4299,306.1299,305.0299,306.6299,305.22992,296.22992,299.72992,299.4299,298.1299,298.1299,299.5299,293.4299,278.4299,289.5299,298.6299,297.3299,297.22992,289.22992,275.8299,277.9299,282.22992,285.72992,280.5299
286.3299,281.1299,280.3299,281.6299,284.9299,289.5299,292.4299,295.1299,300.72992,300.72992,303.72992,303.8299,285.6299,286.22992,304.1299,304.22992,306.1299,305.5299,305.9299,306.22992,310.1299,303.6299,301.3299,300.72992,299.0299,299.22992,300.72992,298.3299,300.1299,299.5299,301.22992,301.4299,305.8299,308.4299,304.0299,298.8299,285.5299,274.22992,283.72992,288.4299,297.9299
287.22992,281.5299,281.1299,281.9299,286.0299,291.6299,293.8299,296.5299,295.9299,299.4299,300.72992,301.5299,284.3299,283.72992,281.22992,302.22992,303.8299,304.8299,306.6299,305.8299,304.8299,304.5299,301.8299,300.72992,299.22992,300.1299,298.8299,292.9299,302.1299,301.3299,301.1299,298.9299,291.22992,273.22992,282.1299,297.8299,295.5299,304.22992,301.8299,296.8299,296.8299
282.6299,283.72992,281.8299,281.4299,280.5299,280.22992,296.0299,295.9299,295.72992,296.4299,298.5299,295.9299,283.8299,282.6299,286.9299,300.72992,302.0299,302.9299,301.6299,304.0299,303.22992,300.72992,299.0299,299.3299,298.22992,297.0299,298.5299,273.1299,301.22992,299.5299,300.4299,300.4299,303.22992,304.5299,297.0299,293.3299,291.9299,289.5299,300.6299,303.0299,304.5299
278.3299,277.72992,279.8299,287.0299,284.5299,297.22992,297.0299,297.0299,297.6299,295.8299,294.8299,296.22992,296.3299,294.22992,297.22992,299.9299,301.8299,301.1299,299.9299,298.8299,298.5299,296.9299,295.6299,295.0299,293.9299,294.22992,295.9299,298.4299,300.5299,301.22992,300.3299,300.72992,303.0299,300.6299,297.6299,297.5299,290.72992,287.6299,279.9299,288.8299,296.5299
277.4299,277.3299,277.5299,281.0299,286.4299,291.9299,291.1299,292.5299,293.3299,296.0299,295.0299,295.22992,296.5299,293.4299,294.22992,294.9299,297.3299,296.6299,296.0299,296.1299,293.9299,292.72992,294.72992,294.8299,292.8299,294.1299,294.8299,297.5299,296.5299,298.8299,295.4299,300.1299,296.9299,293.72992,295.1299,298.9299,302.0299,273.1299,297.5299,296.6299,294.5299
275.22992,277.3299,276.6299,276.8299,282.22992,293.3299,290.22992,293.1299,294.9299,294.3299,294.8299,294.8299,295.0299,292.8299,294.6299,292.72992,294.6299,295.9299,295.1299,295.9299,293.8299,291.8299,293.1299,292.0299,293.8299,292.72992,293.22992,293.72992,295.1299,294.22992,296.22992,296.0299,298.3299,299.0299,298.1299,292.6299,296.8299,291.4299,273.22992,274.4299,274.8299
276.22992,276.3299,275.5299,277.4299,279.3299,284.72992,288.5299,291.8299,294.22992,294.8299,294.1299,294.4299,295.9299,296.5299,295.4299,294.9299,294.8299,295.9299,293.1299,291.72992,292.1299,293.6299,294.5299,293.6299,294.0299,294.9299,297.5299,295.4299,294.72992,296.4299,299.0299,298.4299,301.1299,299.4299,296.4299,295.4299,291.9299,294.3299,289.22992,286.5299,285.0299
277.22992,278.22992,278.5299,278.9299,280.3299,280.9299,285.0299,286.0299,290.8299,293.72992,294.0299,294.8299,296.1299,295.22992,296.4299,295.5299,294.72992,296.4299,289.5299,288.6299,288.3299,291.8299,293.9299,294.4299,294.0299,294.4299,293.22992,297.1299,299.0299,300.6299,300.4299,299.5299,299.3299,298.3299,297.72992,293.1299,289.8299,289.22992,293.72992,290.5299,285.1299
278.8299,278.8299,279.1299,279.8299,281.0299,284.1299,281.72992,284.4299,285.6299,283.5299,283.4299,284.1299,291.22992,293.9299,295.22992,295.3299,296.1299,294.6299,289.1299,292.1299,285.72992,285.5299,284.72992,290.22992,291.4299,294.9299,295.72992,297.8299,299.0299,299.3299,298.4299,297.8299,298.0299,295.6299,295.0299,297.8299,296.9299,295.22992,291.22992,294.22992,290.4299
276.5299,278.4299,279.3299,280.4299,280.22992,282.9299,283.9299,285.4299,278.6299,279.9299,284.6299,279.22992,281.8299,283.9299,290.4299,287.0299,286.5299,286.4299,284.9299,285.6299,285.22992,284.3299,285.1299,291.0299,291.8299,292.8299,296.3299,296.22992,295.9299,297.22992,297.5299,296.5299,296.72992,296.5299,293.6299,291.1299,291.3299,291.0299,290.22992,291.0299,289.5299
277.0299,276.9299,276.22992,280.4299,281.9299,280.3299,282.0299,281.9299,284.72992,283.8299,279.4299,277.9299,279.8299,283.8299,281.9299,281.9299,283.3299,283.72992,285.4299,285.22992,285.9299,286.0299,286.9299,287.8299,292.1299,288.4299,292.5299,293.4299,292.3299,293.72992,292.3299,291.22992,292.22992,291.0299,290.3299,288.1299,287.6299,286.8299,287.3299,286.22992,288.1299
278.4299,279.1299,273.1299,278.3299,278.8299,280.9299,281.8299,282.6299,283.6299,284.8299,282.4299,284.0299,283.5299,289.22992,289.1299,290.9299,286.0299,281.3299,282.8299,283.72992,284.22992,284.5299,284.9299,284.6299,286.1299,292.4299,292.72992,289.72992,290.0299,289.6299,288.1299,283.1299,289.0299,288.5299,287.6299,287.1299,288.0299,285.9299,286.22992,284.9299,284.22992
