wind_kz.json
{"header": {"discipline":0,"disciplineName":"Meteorological products","gribEdition":2,"gribLength":1025,"center":7,"centerName":"US National Weather Service - NCEP(WMC)","subcenter":0,"refTime":"2024-04-09T12:00:00.000Z","significanceOfRT":1,"significanceOfRTName":"Start of forecast","productStatus":0,"productStatusName":"Operational products","productType":1,"productTypeName":"Forecast products","productDefinitionTemplate":0,"productDefinitionTemplateName":"Analysis/forecast at horizontal level/layer at a point in time","parameterCategory":2,"parameterCategoryName":"UnknownDiscipline_0_Category_2","parameterNumber":3,"parameterNumberName":"UnknownParameter_D0_C2_3","parameterUnit":"Unknown","genProcessType":2,"genProcessTypeName":"Forecast","forecastTime":300,"surface1Type":103,"surface1TypeName":"Specified height level above ground","surface1Value":10.0,"surface2Type":255,"surface2TypeName":"Missing","surface2Value":0.0,"gridDefinitionTemplate":0,"gridDefinitionTemplateName":"Latitude_Longitude","numberPoints":615,"shape":6,"shapeName":"Earth spherical with radius of 6,371,229.0 m","gridUnits":"degrees","resolution":48,"winds":"true","scanMode":64,"nx":41,"ny":15,"basicAngle":0,"lo1":47.0,"la1":41.0,"lo2":87.0,"la2":55.0,"dx":1.0,"dy":1.0}, "data":
[rows 0 to 14 of 15, columns 0 to 40 of 41]
1.8674146,-0.8025854,-1.0325855,-5.2725854,-3.8225853,-4.452585,-3.5025854,1.8674146,1.5074146,0.5674145,-0.73258543,-0.94258547,-1.8125855,3.1874146,2.3574145,0.60741454,0.047414552,0.34741455,0.09741455,1.9174145,-1.0425855,1.0474145,0.047414552,-0.45258546,-1.8825854,-0.42258546,-0.7425854,0.76741457,3.2674146,3.8074145,0.6874145,-1.5925854,-0.11258545,-1.8625854,-3.7525854,0.10741455,-1.2925855,-0.6725854,1.8974146,1.7374146,1.9174145
1.0974145,0.10741455,-4.4925857,-3.4825854,-1.9625854,-3.4625854,-2.9425855,0.96741456,0.83741456,0.047414552,-0.6825855,-1.0925854,-1.5325855,-0.19258545,0.43741456,-1.1725855,-0.70258546,2.1874146,1.0374146,1.2274146,2.2274146,4.2674146,2.2974145,1.2174145,0.25741455,-1.5725855,-1.8725854,1.3474145,1.3574146,1.8574146,4.8374147,4.7874146,-0.19258545,-0.5625855,-3.3325853,-1.8025855,-0.98258543,-1.4225855,0.08741455,-1.7825855,2.2974145
-1.5125854,-5.3625855,-2.8325853,-1.8725854,-0.76258546,-2.0925856,-1.6125854,-0.05258545,1.1274146,0.19741455,-1.5025854,1.8074145,-0.02258545,-0.54258543,-2.4625854,-0.07258545,-0.9225854,3.0474145,3.7774146,2.9974146,3.4074144,3.2974145,1.9174145,0.92741454,1.1074146,0.80741453,1.0774145,0.77741456,-0.36258546,0.8874146,3.1474144,0.9474146,1.1274146,-0.6125854,-0.43258545,3.1574144,4.5674148,0.6974146,0.8174145,-0.38258544,-0.29258546
-0.48258546,-2.5625854,-1.5125854,-2.1725855,-0.9925854,0.18741456,-2.3425856,1.5674145,1.5274146,-0.0025854493,-0.48258546,-2.1225855,-0.46258545,0.03741455,1.1374146,2.3274145,-0.64258546,1.5574145,-0.10258545,-1.7625854,3.8874145,3.0774145,2.3174145,0.6374146,0.65741456,-1.1925855,-0.14258546,-0.17258544,1.7074145,-0.69258547,-1.0825855,-0.71258545,-0.51258546,1.0674145,0.6974146,-2.6125855,-0.05258545,1.5074146,0.8274146,2.4974146,0.98741454
-1.7125854,-2.3225853,0.40741456,-2.3125854,-2.2425854,1.6574146,-0.6125854,1.0074146,0.6374146,-0.79258543,-1.8525854,-3.1225855,-2.8625855,-1.0925854,0.38741454,1.0274146,-0.9325855,3.1474144,-1.2925855,-2.5225854,1.0474145,1.4674145,1.0674145,0.65741456,-0.60258543,-1.2125854,-0.02258545,-1.4025855,-1.3225855,-1.4025855,-0.29258546,0.27741456,1.4974146,2.5374146,-0.82258546,-1.7125854,-0.5525854,-0.47258544,-3.0825853,0.78741455,2.1874146
-2.5925856,0.017414551,-0.46258545,-2.0025854,-3.0825853,-1.1325854,2.7374146,1.4674145,1.2674146,-0.96258545,-3.2825854,-2.9025855,-1.1725855,-1.9525855,-1.0525855,0.47741455,-2.2925854,-3.6725855,-3.9725854,-2.9025855,0.007414551,1.2474146,1.3874146,-0.79258543,-1.3025855,-1.0725855,-2.1825855,-2.6225855,-4.0625854,-2.4825854,-1.8525854,-1.8525854,-1.5425855,3.0174146,2.1274145,-0.53258544,2.0274146,2.4674146,-1.4725854,-0.70258546,0.66741455
-2.5025854,-1.8225855,3.0774145,1.5274146,-0.5525854,0.97741455,1.3974146,2.0674145,-1.5725855,-2.6125855,-0.95258546,-1.1125854,-2.3225853,-2.1825855,-0.9225854,1.9574145,0.5074146,-1.0425855,1.2074145,-0.63258547,-1.2025855,-0.73258543,-0.24258545,0.11741455,0.12741455,-0.6125854,-4.3825855,-3.4325855,-5.9825854,-5.0625854,-5.3025856,-5.6725855,-5.3925853,-3.0425854,-1.5025854,-2.2825854,-3.7525854,-2.5225854,1.1274146,0.47741455,-0.70258546
-3.7525854,-3.3625855,0.8774145,2.3374145,1.8674146,1.9674145,2.4774146,1.9874146,0.90741456,-0.37258545,0.07741455,0.10741455,-2.1625855,-1.5725855,-2.8325853,-1.3825854,-1.4525855,-0.54258543,0.17741455,1.2074145,-1.4425855,-0.5525854,-1.2025855,1.2274146,0.90741456,1.2874146,0.30741456,-2.4425855,-2.9325855,-6.2525854,-6.2925854,-4.7325854,-6.2425857,-5.5525856,-1.5025854,-1.3025855,-1.1825855,1.1874145,0.017414551,0.48741454,-2.2825854
-4.1025853,-5.4625854,-3.8525856,-2.9925854,2.3874145,2.9774146,2.4274147,1.9974146,0.97741455,0.9374145,-0.36258546,-0.54258543,-1.7425854,-2.4825854,-2.5725853,-2.8925855,-1.1725855,-0.66258544,-0.39258546,-0.05258545,0.70741457,-2.2925854,-0.98258543,-0.42258546,-0.28258544,-1.0725855,-0.16258545,-1.0725855,-1.6225854,-1.7425854,-4.4325852,-4.6825852,-2.9425855,-2.7125854,-0.78258544,-1.6125854,-3.1025856,-0.43258545,-0.77258545,-0.9925854,-3.5425854
-3.4725854,-4.0325856,-2.3125854,-4.8525853,-2.7225854,3.0274146,2.6574144,1.4974146,1.2674146,1.2574146,1.1074146,0.10741455,-0.23258545,-2.2825854,-1.8925854,-2.2225854,-2.1425855,-2.0125854,-1.8225855,-0.9225854,-1.5125854,-0.79258543,-0.66258544,-0.58258545,-0.79258543,-0.34258544,-1.0925854,-0.8625854,-1.6625855,-2.7425854,-1.9725854,-2.9525855,-4.1825852,-3.8325853,-1.0425855,-0.11258545,0.017414551,-2.1025856,-1.6225854,0.06741455,1.0074146
-3.2725854,-2.9625854,-1.7825855,-2.7825854,-4.6525855,-4.6325855,2.2674146,2.3174145,1.7874146,1.5974145,0.32741454,-0.21258545,0.77741456,-0.19258545,-1.3125855,-1.7725854,-1.2525854,-1.7625854,-1.3125855,-2.0025854,-1.4425855,-0.8625854,-1.2125854,-0.98258543,-0.97258544,-0.85258543,-0.73258543,-1.3825854,-1.6025854,-0.88258547,-2.3125854,-3.5425854,-5.0425854,-5.5125856,-5.3625855,-2.1425855,-1.2325854,1.2474146,0.017414551,0.09741455,-0.27258545
-1.5425855,-1.6125854,0.5774146,-0.7525855,-3.1025856,-6.4025855,-1.2725854,1.9174145,1.6074146,1.2074145,0.32741454,-0.08258545,0.16741455,0.35741454,0.19741455,-0.0025854493,0.48741454,-0.012585449,0.24741454,-0.06258545,-0.26258546,-0.8125855,-1.0225854,-0.89258546,-0.29258546,-1.2025855,0.37741455,0.58741456,-0.0025854493,-1.1925855,-2.0125854,-3.2325854,-3.1825855,-3.8425856,-3.7125854,-4.5925856,-3.9325855,-1.8825854,0.07741455,0.9474146,0.30741456
-1.1125854,-1.4525855,-0.11258545,1.0974145,0.21741456,-2.5625854,-2.2025855,1.4474145,3.3374145,1.4474145,-0.10258545,0.32741454,0.9374145,0.8774145,1.0674145,1.0474145,0.48741454,0.85741454,1.0374146,1.4274145,1.7574146,1.3374145,0.85741454,0.73741454,0.41741455,-0.30258545,-0.96258545,-0.91258544,-0.91258544,-0.91258544,-1.6725855,-1.9925854,-2.3425856,-3.0425854,-3.1725855,-3.1925855,-3.4825854,-2.4525855,-3.7025855,-2.6725855,-1.1325854
-1.5225854,1.3474145,1.5274146,0.58741456,1.7174145,0.49741456,-1.6525855,-2.8325853,0.84741455,2.2874146,0.9474146,0.23741455,1.1474146,1.8474145,2.2974145,1.8974146,2.1474144,2.2174146,2.7374146,2.7074146,2.2274146,1.7274146,1.3274145,1.1774145,0.8174145,0.13741454,-0.49258545,-0.46258545,-0.5625855,-0.53258544,-0.69258547,-1.1725855,-1.3325855,-1.4625854,-2.1525855,-2.3525856,-2.4525855,-3.0225854,-3.5825853,-3.6225855,-2.5125854
-0.71258545,1.9274145,1.5174146,2.3274145,1.7874146,2.3174145,-0.63258547,-1.2625854,-1.0625855,0.26741454,0.29741454,1.1374146,2.2274146,1.8774146,3.3874145,3.2774146,3.2474146,2.7574146,1.9774146,2.4974146,2.2874146,2.2974145,1.9074146,1.7474146,1.7074145,1.5974145,1.3674146,0.85741454,0.70741457,0.31741455,0.017414551,-0.46258545,-0.69258547,-1.1625855,-1.3125855,-1.9825854,-1.8525854,-1.6525855,-2.0325854,-3.5525854,-2.6125855
