wind_kz.json
{"header": {"discipline":0,"disciplineName":"Meteorological products","gribEdition":2,"gribLength":1025,"center":7,"centerName":"US National Weather Service - NCEP(WMC)","subcenter":0,"refTime":"2023-08-06T18:00:00.000Z","significanceOfRT":1,"significanceOfRTName":"Start of forecast","productStatus":0,"productStatusName":"Operational products","productType":1,"productTypeName":"Forecast products","productDefinitionTemplate":0,"productDefinitionTemplateName":"Analysis/forecast at horizontal level/layer at a point in time","parameterCategory":2,"parameterCategoryName":"UnknownDiscipline_0_Category_2","parameterNumber":3,"parameterNumberName":"UnknownParameter_D0_C2_3","parameterUnit":"Unknown","genProcessType":2,"genProcessTypeName":"Forecast","forecastTime":180,"surface1Type":103,"surface1TypeName":"Specified height level above ground","surface1Value":10.0,"surface2Type":255,"surface2TypeName":"Missing","surface2Value":0.0,"gridDefinitionTemplate":0,"gridDefinitionTemplateName":"Latitude_Longitude","numberPoints":615,"shape":6,"shapeName":"Earth spherical with radius of 6,371,229.0 m","gridUnits":"degrees","resolution":48,"winds":"true","scanMode":64,"nx":41,"ny":15,"basicAngle":0,"lo1":47.0,"la1":41.0,"lo2":87.0,"la2":55.0,"dx":1.0,"dy":1.0}, "data":
[rows 0 to 14 of 15, columns 0 to 40 of 41]
3.0401325,2.3201325,-1.1298676,0.51013243,-0.67986757,3.3601325,3.5701325,4.0801325,3.1801324,3.0801325,2.9401324,1.9001324,0.7801325,-1.0098675,-2.7298675,-4.9898677,-7.2298675,-6.9898677,-6.9798675,-6.2098675,-6.889868,-6.5898676,-0.58986753,2.0001326,2.8701324,2.8501325,1.6301324,1.1301324,-3.5098677,-3.1298676,-1.1798675,3.2801325,-2.0998676,-2.0598676,-1.4198675,0.50013244,0.040132448,-0.18986756,-0.52986753,-0.26986754,0.08013245
1.0301324,-0.7298676,2.6901324,2.9301324,0.54013246,4.1301327,5.5001326,6.0801325,5.5801325,5.0301323,4.4501324,3.8501325,3.2201324,1.3801324,-0.5998676,-1.4598676,-3.1298676,-5.4398675,-7.3998675,-8.079867,-6.7798676,-9.469868,-4.8398676,-1.7098676,2.9601324,3.7101324,3.6101325,2.2901325,-0.5998676,0.97013247,-2.6898675,-3.4098675,1.5201324,1.5601325,3.1301324,2.3001325,1.3901324,1.2101325,2.2801325,2.5301325,0.020132447
-1.4598676,-4.9598675,1.2801324,0.10013244,0.49013245,6.2201324,5.5301323,6.8801327,6.2501326,6.0501323,6.090132,5.0101323,3.9001324,3.1301324,1.9001324,0.28013244,-0.5498676,-3.2598677,-4.5298676,-7.2798676,-6.5798674,-5.1998677,-7.6998677,-2.5798676,-3.4598675,-2.5198677,-2.7498674,-3.3498676,-1.7398676,-3.7198675,-3.7898676,-1.1198676,-4.2398677,1.4101324,0.6501324,-3.6598675,-4.2098675,-0.089867555,-2.0198677,0.8301324,2.8901324
-3.8498676,-5.5198674,-2.8298676,0.33013245,1.8101325,4.110132,4.6701326,7.4101324,7.3101325,6.1601324,5.2601323,4.4801326,2.7701325,3.8001325,4.1601324,2.9201324,0.9501324,-0.32986754,-2.9798675,-4.5398674,-5.0798674,-6.6098676,-2.8598676,-3.0798676,-3.2798676,-2.7698677,-2.7998676,-2.5698676,-2.4098675,-3.1198676,-3.8398676,-1.7898675,1.8901324,1.8301325,0.090132445,1.9701325,3.4001324,2.8801324,-3.5398676,-1.7898675,-2.7098675
-4.8398676,-6.8798676,-6.5298676,-5.5398674,-3.0298676,-0.06986755,1.3601325,3.7501326,5.3201323,4.6201324,3.7601326,2.9101324,7.2401323,5.8001323,6.1901326,4.2201324,3.8201325,3.3101325,1.0301324,0.010132446,-0.14986755,-0.6098676,-0.43986756,-0.57986754,-0.42986757,-0.98986757,-1.4998676,-3.2698677,-2.1598675,-2.9298675,-2.5498676,-2.5398676,-0.44986755,0.16013245,0.73013246,1.5701325,-0.41986755,1.8701324,0.81013244,-3.4698675,-1.3298676
-5.4698677,-4.5798674,-3.3198676,-4.5898676,-5.9198675,-3.6998675,-0.15986755,2.4701324,2.8801324,4.0301323,3.0001326,1.8401325,3.7401323,4.1501327,2.0901325,1.4101324,4.8301325,5.5101323,3.5001326,0.74013245,-0.38986754,-2.5098677,-1.7598675,1.2201325,0.81013244,0.44013244,0.27013245,2.7101324,-0.70986754,-1.5898676,-2.2598677,-1.7698675,-2.2698677,-0.9798676,-0.77986753,-1.9998676,-3.0898676,-5.1898675,-3.2998676,-0.46986756,0.9001324
-4.9498677,-5.1698675,-5.7698674,-5.8098674,-5.6298676,-5.409868,-3.0598676,-1.0098675,1.8201325,2.4801323,2.5601325,1.4801325,-1.2798675,-1.9998676,-3.3598676,-0.74986756,5.4401326,6.1401324,4.4901323,1.6301324,-0.92986757,-1.8298676,-1.8298676,-0.38986754,0.31013244,0.030132446,-0.039867554,1.7201325,4.8901324,3.4901323,0.6401324,0.73013246,-0.10986755,-1.3498676,-1.1098676,1.0801325,3.5001326,4.2801323,-1.5098675,3.2501326,-5.9698677
-5.7798676,-5.2798676,-5.4198675,-5.9798675,-6.0498676,-5.0798674,-4.6298676,0.010132446,2.4201324,0.9001324,2.0901325,1.2601324,-1.1798675,-1.6498675,-3.1298676,-0.06986755,4.3701324,4.9901323,2.2401323,-0.20986755,-2.3398676,-1.5198675,-0.76986754,-1.0098675,-1.2698675,-1.2798675,-1.6298676,-0.39986756,1.2501324,3.0401325,2.0601325,1.3501325,1.0301324,1.6801324,0.56013244,0.060132448,-1.5498675,-1.3598676,0.82013243,0.050132446,-1.1498675
-4.5998673,-5.7198677,-5.1998677,-5.4198675,-5.6898675,-5.0898676,-4.8298674,-1.5798676,3.1201324,3.4501324,3.2001324,0.75013244,1.2601324,0.6501324,0.5801324,1.0101324,1.1701324,0.36013246,-0.68986756,-1.6798675,-2.4098675,-2.0698676,-2.2898676,-1.9598676,-1.0098675,0.19013244,-0.42986757,-1.0898676,-1.1098676,-0.5998676,0.51013243,1.5501324,2.2201324,3.0001326,1.0401324,0.090132445,1.0901325,-0.5998676,-1.9298675,-1.2398676,0.60013247
-3.3498676,-4.6698675,-4.8798676,-4.5298676,-4.6098676,-4.639868,-4.1098676,-2.1798675,5.0701323,4.2201324,4.5001326,3.6701324,3.6201324,3.5501325,3.2101324,1.6801324,-0.28986755,-2.0698676,-2.1698675,-2.3298676,-2.7298675,-2.0598676,-3.4198675,-2.4598675,-1.9798676,-0.47986755,-0.06986755,-0.41986755,-0.28986755,0.040132448,0.33013245,-0.13986756,-0.21986756,1.9301324,2.7801325,1.9401325,0.18013245,2.0801325,3.6101325,2.8801324,1.4101324
-3.6698675,-3.9098675,-3.0298676,-3.6498675,-3.9398675,-4.5198674,-4.1898675,-0.30986756,4.6601324,5.5801325,5.7801323,5.5801325,5.2601323,4.4001327,3.7301323,2.1201324,0.54013246,-2.3098676,-2.7398674,-3.0098677,-2.9198675,-2.6498675,-2.8598676,-2.7898676,-2.3898675,-1.4998676,-0.69986755,-1.2598675,-1.0298675,-0.94986755,-0.41986755,1.2001325,1.6501324,2.6601324,4.7601323,3.9401324,2.9701324,2.2001324,3.8001325,0.8901324,0.76013243
-2.6198676,-1.7698675,-1.4398675,-2.6298676,-3.6598675,-4.3698673,-4.0698676,2.7701325,5.1801324,5.8801327,5.7301326,5.2201324,4.4301324,3.6501324,2.4901323,1.5501324,0.51013243,-2.0698676,-1.9898676,-2.9298675,-3.2798676,-3.3598676,-3.3198676,-3.2698677,-3.4698675,-3.1198676,-2.0998676,-1.6498675,-0.43986756,0.12013245,1.2901324,1.8301325,2.9201324,2.8701324,3.6101325,4.4601326,4.5701323,1.4901325,0.020132447,-1.6098676,-1.4798676
-0.64986753,-1.7498676,-1.8898675,-1.8298676,-2.4198675,-2.2698677,-0.39986756,4.340132,6.3801327,5.9801326,2.3201325,3.3401325,2.4501324,1.7801324,1.1501324,0.9001324,-0.14986755,-2.1898675,-2.8898675,-3.0398676,-3.1198676,-2.9998674,-3.5898676,-3.9498675,-3.8498676,-3.4398675,-3.8198676,-2.3698676,-2.7298675,-1.6398675,0.030132446,2.0001326,4.0701323,3.4101324,5.3201323,4.6901326,4.4901323,2.0101326,3.1101325,2.5901325,1.2501324
-0.26986754,-0.82986754,-1.1998676,-1.3798676,-1.0798676,0.07013245,3.1601324,3.3701324,3.8701324,3.9101324,2.3001325,1.6001325,1.8301325,0.35013244,1.0301324,0.010132446,-1.5698676,-2.1098676,-2.5698676,-3.6198676,-3.1398675,-4.0998673,-4.6898675,-4.7998676,-4.4398675,-1.9898676,-2.5898676,-2.9598675,-1.9598676,-0.67986757,-1.4298675,-0.68986756,4.0301323,3.4701324,4.2901325,5.7101326,4.9901323,3.0701325,1.2501324,3.6801324,3.2801325
0.8301324,-1.3298676,-1.6598675,0.7001324,0.86013246,1.9401325,1.0001324,-1.2198676,-0.57986754,2.8301325,0.93013245,1.4101324,0.020132447,0.9601324,-0.80986756,-2.1298676,-2.8098676,-3.3498676,-3.9198675,-4.3998675,-4.7498674,-4.8498673,-4.5698676,-3.1498675,-2.9398675,-2.9798675,-1.9298675,-1.1598675,0.82013243,1.1101325,1.3201325,4.0301323,0.41013244,3.9301324,2.6201324,6.4501324,6.6701326,5.2701325,2.2401323,0.21013245,1.9901325
