wind.json
{"header": {"discipline":0,"disciplineName":"Meteorological products","gribEdition":2,"gribLength":1211,"center":7,"centerName":"US National Weather Service - NCEP(WMC)","subcenter":0,"refTime":"2023-06-28T12:00:00.000Z","significanceOfRT":1,"significanceOfRTName":"Start of forecast","productStatus":0,"productStatusName":"Operational products","productType":1,"productTypeName":"Forecast products","productDefinitionTemplate":0,"productDefinitionTemplateName":"Analysis/forecast at horizontal level/layer at a point in time","parameterCategory":2,"parameterCategoryName":"UnknownDiscipline_0_Category_2","parameterNumber":2,"parameterNumberName":"UnknownParameter_D0_C2_2","parameterUnit":"Unknown","genProcessType":2,"genProcessTypeName":"Forecast","forecastTime":240,"surface1Type":103,"surface1TypeName":"Specified height level above ground","surface1Value":10.0,"surface2Type":255,"surface2TypeName":"Missing","surface2Value":0.0,"gridDefinitionTemplate":0,"gridDefinitionTemplateName":"Latitude_Longitude","numberPoints":688,"shape":6,"shapeName":"Earth spherical with radius of 6,371,229.0 m","gridUnits":"degrees","resolution":48,"winds":"true","scanMode":64,"nx":43,"ny":16,"basicAngle":0,"lo1":45.0,"la1":40.0,"lo2":87.0,"la2":55.0,"dx":1.0,"dy":1.0}, "data":
[rows 0 to 15 of 16, columns 0 to 42 of 43]
-0.042182617,-3.3621826,-2.9021826,-6.182183,-5.8221827,-1.0221826,3.1878173,3.2878175,7.1778173,-2.9921827,-1.2921826,-1.1221826,-0.9421826,-1.1221826,0.8278174,2.0278175,0.2878174,1.3078173,1.6478174,4.6678176,5.7678175,3.1878173,-11.202183,-0.53218263,-4.8321824,1.6878173,7.0578175,-2.7721827,-1.5221826,-1.1221826,0.6378174,2.5278175,3.8878174,0.7578174,0.96781737,4.3678174,2.2878175,1.8578174,1.6278174,-2.1321826,-1.3321826,-1.6421826,-2.6121826
-1.8921826,-4.412183,-2.3821826,0.8578174,-4.5121827,-4.2321825,1.0178174,3.7178173,1.1278174,-4.412183,-5.2421827,-3.1321826,-1.9321827,-4.4821825,-3.3421826,-1.8721826,-6.702183,-13.802182,9.387817,0.26781738,-3.7021825,-1.3721826,-1.9321827,-2.5921826,4.7878175,1.3078173,-1.5121826,1.8178173,-2.1621826,-0.8721826,1.9878174,0.6978174,-1.2321826,-0.7321826,-0.53218263,-1.2021827,4.8278174,5.6578174,7.6878176,5.7578173,1.5078174,3.6878173,4.3078175
-3.0421827,0.17781739,1.2078174,-5.3621826,-9.512182,-3.4821825,-1.1021826,2.9478173,-5.0521827,-4.4721828,-4.9421825,-4.4221826,-1.9121826,-0.45218262,-4.932183,-1.7321826,-3.4321826,-6.0121827,-4.7821827,-5.2121825,-6.2421827,-9.002183,-5.2421827,-3.1021826,0.26781738,-5.1021824,2.1678174,-1.3221827,-2.0821826,1.1778173,-2.3921826,-0.4621826,-0.18218261,-0.6221826,-1.1221826,0.38781738,-1.7421826,2.2478173,2.8078175,1.5278174,0.90781736,-2.2221825,-1.2521826
-0.42218262,0.2878174,-8.182182,-6.9221826,-5.2821827,-2.5321827,-0.20218262,3.0978174,-4.622183,-3.5721827,-4.432183,-4.5821824,-5.8021827,-4.5621824,-3.6721826,0.29781738,-3.5721827,-6.6121826,-0.7321826,-3.4221826,-5.5621824,-6.3221827,-7.9621825,-10.782183,-10.092182,-8.432182,-5.9021826,-8.332183,-7.3221827,-5.8121824,-5.0221825,-1.4421827,-0.5421826,-1.2821826,0.42781737,-0.26218262,-1.3321826,-2.6621826,0.8278174,-1.5721827,5.587817,0.65781736,-1.2821826
-9.552182,-10.852182,-8.712183,-5.7221828,-3.4521825,2.0078173,3.4478173,-2.2721827,-1.2921826,-3.2621827,-2.8121827,-5.2621827,-7.3621826,-5.702183,-0.19218262,-0.52218264,0.26781738,-7.8121824,-4.8821826,-5.6021824,-8.102182,-2.0321827,-6.6921825,-10.022182,-9.462183,-9.652183,-8.192183,-8.452183,-8.042183,-7.7621827,-6.5221825,-3.1821826,-1.1921827,1.8678174,3.7778175,3.6078174,4.837817,2.2178173,0.16781738,-1.1021826,-0.122182615,1.1178174,1.8578174
-8.552182,-8.612183,-6.2521825,-5.5321827,-3.5621827,0.027817383,-0.5721826,-3.5621827,-2.8521826,-3.9621825,-0.4021826,-1.6821827,-5.3321824,-6.1721826,-2.6021826,-0.5121826,3.0778174,-7.8621826,-7.7321825,-5.162183,-6.3121824,-3.5321827,-6.8021827,-8.222182,-7.7621827,-9.202183,-9.122183,-8.162183,-6.4921827,-3.2621827,-7.0521827,-6.4421825,-4.8421826,-4.622183,-5.3421826,-0.7521826,-3.2921827,-1.1121826,10.057817,3.7878175,1.8578174,4.9678173,4.587817
-6.0521827,-6.5921826,-5.5321827,-6.1921825,-4.4421825,-3.7621827,-3.8721826,-0.9521826,2.7878175,0.6778174,-1.1221826,-2.5421827,-4.7821827,-1.4621826,3.1478174,1.8578174,-1.9421827,-5.0421824,-6.702183,-6.8421826,-6.4621825,-5.9221826,-5.9221826,-5.3221827,-5.912183,-5.4821825,-5.7521825,-7.2721825,-5.7521825,-0.9921826,-4.2821827,-5.4621825,-6.3621826,-7.0421824,-5.452183,-5.8321824,-2.5421827,2.7178173,0.72781736,3.2378173,-0.4921826,-10.702183,-5.912183
-4.932183,-2.7021825,-0.2721826,-5.4421825,-2.0321827,-2.1021826,1.3978174,3.0078173,5.9978175,-0.5721826,1.3278174,-5.8821826,-3.9021826,-0.5721826,-2.9121826,-5.0621824,-5.892183,-3.3021827,-3.5421827,-5.5621824,-7.8421826,-4.9221826,-6.6021824,-5.122183,-4.2821827,-4.2821827,-4.2521825,-3.7021825,-4.7721825,-4.0521827,-9.152183,-7.0421824,-7.0221825,-6.182183,-5.452183,-3.5821826,-4.3221827,-3.8721826,0.047817383,1.3278174,2.6378174,2.0978174,5.5778174
-0.9921826,-5.0321827,-2.6121826,-1.0121826,-2.1221826,0.15781738,-3.1121826,-2.9321826,-1.4121826,0.6478174,-3.5721827,-1.2321826,0.65781736,-3.6421826,-0.8621826,-2.7721827,-7.0121827,-0.84218264,-2.8221827,-3.3521826,-4.6921825,-5.5521827,-6.0821824,-4.2321825,-4.412183,-5.2221828,-5.2221828,-4.4021826,-5.5521827,-4.932183,-3.8921826,-4.8521824,-5.7721825,-2.5821826,-3.6821826,-2.1121826,0.3778174,2.5078173,-0.42218262,5.0778174,8.197818,9.127817,8.107818
-1.3521826,-2.3321826,-2.5421827,-3.0021827,0.007817383,-0.32218263,0.4078174,6.6978173,-4.4721828,-3.2921827,-3.0221827,-3.2721827,-1.3721826,-3.6221826,0.38781738,-5.2221828,-2.2321825,-1.7721826,0.9978174,-3.8721826,-3.8421826,-2.2421827,-3.5921826,-6.2321825,-4.5921826,-4.622183,-5.0721827,-4.5221825,-5.4621825,-6.0921826,-3.0521827,-0.84218264,-1.5321826,-1.2221826,0.39781737,1.4578174,2.4078174,2.9078174,2.7178173,0.8978174,-0.3421826,0.65781736,1.3678174
-4.6321826,-2.7321825,-4.0821824,-3.0821826,-0.7521826,-0.44218263,2.8078175,3.5078173,0.21781738,-3.7321825,-3.0521827,-3.0921826,-1.7521826,-3.2021825,-1.0021826,-2.1121826,-3.0921826,-6.5121827,-4.7821827,-3.9121826,-4.7521825,-3.4721825,-4.5321827,-5.412183,-4.0721827,-4.0321827,-3.7821827,-3.4721825,-3.5121827,-3.5721827,-2.1721826,-2.2321825,-0.10218262,0.42781737,2.3978174,2.6278174,3.6478174,3.0078173,0.8978174,1.3578174,0.32781738,-0.2521826,1.1478174
-3.7321825,-1.8821826,-2.5621827,-2.4721825,-1.9821826,1.5978174,2.5678174,-5.5621824,-5.7321825,-6.892183,-8.7321825,-8.212183,-1.5821826,-4.892183,-9.092182,-11.182182,-1.3221827,-5.4221826,-4.8621826,-5.162183,-5.162183,-5.0321827,-4.4221826,-4.2321825,-4.2721825,-4.662183,-3.5421827,-2.8221827,-1.9021826,-1.2321826,-0.84218264,-0.012182618,1.9878174,1.0578173,1.7278174,0.7978174,4.8078175,1.4478173,-1.0521827,1.2878174,0.11781738,-0.6621826,-0.13218261
-2.8821826,-3.0221827,-1.9121826,0.09781738,-1.0321826,-2.1621826,-2.4121826,-1.6521826,-0.8521826,-3.9921827,-5.2221828,-4.5921826,-4.5121827,-5.0521827,-6.182183,-7.2521825,-3.5121827,-3.5521827,-5.4421825,-5.392183,-4.3221827,-4.182183,-3.1921825,-1.5521827,-2.3221827,-0.39218262,-2.1721826,-1.7821826,0.09781738,-0.53218263,1.9478173,1.4678174,1.2678174,1.8478174,0.65781736,3.8578174,3.0378175,3.3578174,3.7378173,0.71781737,1.5778174,1.7778174,1.5078174
-5.0421824,-3.8121827,-3.2721827,-3.2021825,-1.5621827,-2.9321826,-3.1721826,-3.5221827,-1.9621826,-0.5121826,-0.4921826,-5.892183,-4.392183,-6.0021825,-5.1921825,-4.7521825,-2.9221826,1.9378173,-2.1821826,-3.7621827,-3.0521827,-2.2621827,-3.1521826,-1.4321827,-0.7421826,-0.22218262,-0.35218263,1.7578174,1.4078174,-0.05218262,1.8678174,5.4578176,2.3578174,3.8678174,4.127817,4.4378176,1.8578174,2.1578174,4.0578175,1.4478173,0.39781737,2.3178174,0.41781738
-6.162183,-2.5821826,-3.7221825,-4.162183,-3.6621826,-4.5821824,-5.2721825,-4.8221827,-5.8521824,-4.0221825,-4.412183,-5.6121826,-3.7621827,-5.372183,-3.8621826,-1.5621827,-1.7121826,-4.0121827,-3.0921826,-3.5521827,-2.1921825,-1.4921826,-1.1421826,-1.1821827,0.087817386,0.027817383,0.4978174,1.9178174,1.5778174,-0.72218263,0.6278174,1.7178174,2.6778173,3.5278175,6.337817,8.377817,2.9678173,3.0678174,1.9778174,2.7178173,-0.78218263,0.7978174,1.7678174
-5.2621827,-3.7621827,-5.0621824,-4.952183,-4.9021826,-5.4721828,-6.0921826,-6.392183,-8.302182,-7.2221828,-6.8621826,-5.7121825,-4.142183,-3.6321826,-1.0021826,-3.8221827,-4.642183,-2.9121826,-2.7721827,-0.72218263,-3.2121825,-2.1521826,-2.4721825,-1.5721827,-0.8721826,-1.0121826,0.6078174,0.2578174,-0.042182617,0.14781739,3.4578173,1.9678174,3.1678174,1.8978174,4.1978173,4.5378175,1.6078174,4.337817,1.4178174,2.1278174,0.9278174,2.4078174,1.7878174
