wind_kz.json
{"header": {"discipline":0,"disciplineName":"Meteorological products","gribEdition":2,"gribLength":1025,"center":7,"centerName":"US National Weather Service - NCEP(WMC)","subcenter":0,"refTime":"2023-09-19T12:00:00.000Z","significanceOfRT":1,"significanceOfRTName":"Start of forecast","productStatus":0,"productStatusName":"Operational products","productType":1,"productTypeName":"Forecast products","productDefinitionTemplate":0,"productDefinitionTemplateName":"Analysis/forecast at horizontal level/layer at a point in time","parameterCategory":2,"parameterCategoryName":"UnknownDiscipline_0_Category_2","parameterNumber":2,"parameterNumberName":"UnknownParameter_D0_C2_2","parameterUnit":"Unknown","genProcessType":2,"genProcessTypeName":"Forecast","forecastTime":0,"surface1Type":103,"surface1TypeName":"Specified height level above ground","surface1Value":10.0,"surface2Type":255,"surface2TypeName":"Missing","surface2Value":0.0,"gridDefinitionTemplate":0,"gridDefinitionTemplateName":"Latitude_Longitude","numberPoints":615,"shape":6,"shapeName":"Earth spherical with radius of 6,371,229.0 m","gridUnits":"degrees","resolution":48,"winds":"true","scanMode":64,"nx":41,"ny":15,"basicAngle":0,"lo1":47.0,"la1":41.0,"lo2":87.0,"la2":55.0,"dx":1.0,"dy":1.0}, "data":
[rows 0 to 14 of 15, columns 0 to 40 of 41]
-1.6751044,1.5948956,-3.2351043,0.5048956,1.5548956,2.3748956,6.6248956,4.5348954,4.0448956,4.5048957,4.4148955,6.404896,8.274896,7.7048955,8.654896,6.864896,5.5548954,7.384896,6.0248957,6.0448956,7.1448956,3.2348957,4.614896,4.5048957,2.5648956,3.6048956,3.9848957,4.134896,2.8348956,3.0548956,1.2048956,2.6548955,-1.5451044,-2.4251044,-2.3251045,-1.5451044,-1.4751043,-1.0251044,0.5048956,0.24489564,0.18489563
-1.4651043,-3.7351043,-1.0451044,0.19489563,1.5748956,4.3548956,4.2848954,3.5548956,4.4648957,4.7948956,6.5648956,6.7048955,7.0448956,5.7248955,5.7948956,5.4848957,3.0248957,4.2748957,8.4748955,8.124896,4.7548957,4.324896,4.4748955,3.6648955,2.8048956,0.48489562,1.9448956,3.6348956,4.324896,1.9348956,0.00489563,1.3448956,-1.7051044,0.01489563,0.5148956,2.3248956,0.22489563,3.0448956,3.5448956,0.68489563,3.7448957
-5.675104,-2.7651043,0.34489563,1.3948957,3.3248956,2.0848956,1.5248957,3.1848955,3.3548956,5.4948955,6.1648955,6.4348955,7.6848955,8.134895,6.3548956,5.5848956,0.6348956,2.6748955,5.7348957,7.1448956,7.0648956,6.674896,7.7048955,7.0048957,6.7648954,3.0148957,-0.62510437,0.5848956,2.7648957,0.6548956,1.1848956,-1.5051044,2.4348955,0.22489563,-2.8551044,-0.48510438,0.35489562,-0.21510437,1.0548956,3.2648957,3.5848956
-5.4551044,-2.4051044,-1.0751044,1.4748956,3.4648957,0.06489563,0.6348956,1.9048957,3.0548956,3.2948956,3.6048956,6.2048955,6.2448955,6.594896,7.2148957,10.104896,2.7548957,2.4848957,6.9948955,9.544895,5.5348954,7.9748955,2.7148957,-0.08510437,0.97489566,-1.2951044,0.07489563,-4.8151045,-4.0251045,-2.5851045,1.4748956,1.5048957,1.0948956,0.86489564,1.8448956,0.8348956,0.22489563,1.6048956,-1.8851044,-3.1351044,-3.0251043
-4.5351043,-0.5551044,-0.27510437,0.39489564,2.1048956,3.0148957,2.4748957,1.8848957,3.1848955,3.4548957,4.404896,3.7648957,3.6648955,4.8048954,6.5648956,7.5548954,3.3448956,9.494896,6.0548954,4.8048954,7.614896,-0.6051044,-1.6551044,-2.4351044,-0.56510437,-2.2451043,-4.0651045,-0.06510437,-3.4151044,-2.2551043,-3.2251043,-2.4851043,0.79489565,2.1748955,-2.5751045,-1.0951043,-3.2151043,-3.9351044,-3.4151044,-2.4851043,-1.9051044
-1.4051044,-0.82510436,-0.47510436,1.6848956,2.5548956,3.8948956,3.3348956,1.0648956,2.8248956,2.8248956,1.7548957,1.4348956,0.03489563,-1.3151044,-1.9451044,3.3748956,3.1148956,5.8348956,2.7248957,-1.7551044,-1.6951044,0.08489563,-0.47510436,-1.5651044,-2.4651043,-4.8351045,-5.2651043,-4.615104,-4.925104,-5.2751045,-4.405104,-3.0651045,-0.56510437,-1.8951044,-1.2451043,1.7748957,0.08489563,1.3348956,0.37489563,-0.5451044,0.10489563
2.4548957,3.8148956,1.9548956,0.79489565,1.4048957,2.2548957,1.3648956,-1.1451044,1.8148956,2.1048956,0.15489563,-0.18510437,-1.9751043,-1.2251043,0.27489564,0.92489564,1.8648956,3.7448957,1.7448956,-3.6151044,-5.1651044,3.4448957,-1.8351043,-3.0651045,-3.0351043,-2.6251044,-3.4051044,-3.7751043,0.46489564,-1.8751044,-2.3051043,-2.1451044,-2.1551044,-0.18510437,2.3048956,0.6548956,0.8848956,-0.08510437,4.0848956,0.93489563,-0.44510436
2.9848957,3.6248956,4.3548956,4.2548957,3.9948957,3.3548956,2.5048957,0.7648956,2.3448956,0.73489565,0.49489564,0.99489564,1.1248956,2.3248956,0.7748956,1.1348957,0.73489565,-1.9451044,-3.9251044,-2.0451043,-4.365104,-2.0351043,-1.8351043,-1.9851043,-1.6251044,-2.2051044,-1.7351043,-1.9351044,-2.3351045,-2.2151043,-2.7351043,-2.2751043,-3.4751043,-1.8951044,-3.5851045,-3.8851044,-0.57510436,3.1848955,-2.0051043,-3.2151043,-1.3651043
3.0948956,4.154896,6.574896,4.6648955,4.7148957,2.1948957,3.3648956,3.4348955,3.2748957,0.5848956,1.1248956,1.9248956,2.3148956,0.14489563,-0.21510437,1.2848957,0.9648956,-2.2751043,-4.1051044,-0.93510437,-2.8551044,-1.5051044,0.03489563,-1.7851044,-1.4451044,0.49489564,0.44489563,2.4248955,-0.87510437,0.7048956,-0.50510436,-2.7351043,-1.8851044,-0.12510437,-0.26510438,0.16489562,0.7148956,0.8448956,0.44489563,0.14489563,-0.04510437
2.3748956,1.4548956,2.2448957,4.2748957,5.0248957,4.654896,3.4348955,3.1748955,2.9848957,2.1348956,2.4548957,2.3448956,0.07489563,2.1148956,3.1448956,1.5348957,1.1248956,0.5948956,-1.9951043,-2.6551044,-1.7051044,-2.2751043,8.824896,0.03489563,1.4948956,-0.83510435,1.8748956,1.1348957,-2.2551043,0.53489566,-2.3251045,-2.0651045,-1.1951044,1.3148956,1.9248956,2.0748956,-0.9151044,0.46489564,0.53489566,0.8848956,1.3348956
2.0548956,1.8648956,2.1948957,0.56489563,2.4048955,1.9948956,3.7348957,2.1548955,2.0448956,3.2148957,3.2748957,4.074896,-0.6151044,1.6548957,-0.5551044,-0.95510435,-1.0851043,-1.7251043,-1.0351044,-1.2751044,0.85489565,3.5848956,2.1348956,0.5248956,1.1948956,1.7748957,-0.48510438,0.97489566,-1.2951044,-0.36510438,-1.5551044,0.5748956,0.21489564,-0.43510437,0.9448956,1.6248956,-0.38510436,1.2248956,1.8548956,0.81489563,0.48489562
1.1448957,-0.16510437,2.0548956,1.2748957,1.1848956,1.3548956,1.2648957,2.4848957,2.2448957,3.5948956,2.9848957,3.5948956,1.0048957,1.6848956,-1.2151043,-1.4151044,-2.1751044,-3.1151044,-1.0251044,2.7348957,5.8948956,1.2048956,0.5948956,0.5948956,0.6548956,-1.7251043,-2.1351044,-0.10510437,1.4548956,-0.30510437,1.2348956,-0.52510434,-0.7951044,0.03489563,0.5948956,2.1848955,2.7148957,-0.7351044,0.23489563,0.30489564,0.68489563
1.1348957,0.03489563,-0.58510435,1.7348956,1.3848957,1.2448956,1.7448956,2.2548957,0.9648956,0.6348956,2.5648956,2.8148956,1.3148956,1.6748956,-2.1851044,-0.02510437,0.49489564,0.33489564,3.3848956,1.0148957,2.1148956,1.3948957,1.7548957,1.1948956,1.5748956,-1.8151044,0.11489563,-1.4851043,-0.12510437,-2.0451043,-1.7451043,1.9748956,-0.9251044,2.0648956,-0.7951044,-2.1551044,-1.0051044,0.5248956,0.5048956,0.17489563,0.5748956
0.6448956,-0.33510438,2.2048957,0.8248956,0.80489564,0.93489563,0.38489562,1.3148956,0.17489563,1.8548956,1.8248956,3.0048957,0.99489564,1.1348957,2.3848956,1.9748956,3.6048956,2.0248957,2.0148957,2.3948956,2.6948957,-0.57510436,0.7148956,1.0248957,1.5748956,1.3748956,0.78489566,1.1748956,-1.0251044,0.7648956,-0.08510437,1.0448956,1.3848957,1.3048956,-0.22510438,-0.6051044,-0.23510437,-1.0051044,-2.5351043,-0.5551044,0.31489563
-0.32510436,0.30489564,-2.0051043,0.40489563,0.8248956,0.5848956,0.91489565,1.5948956,2.0148957,1.5348957,1.6648957,1.8748956,1.4748956,2.6248956,1.8848957,3.1248956,4.614896,3.8548956,3.7048957,3.4448957,3.5748956,3.3748956,1.5548956,2.6548955,1.7248956,1.9948956,1.2048956,0.79489565,-0.36510438,-0.21510437,-1.3651043,0.44489563,2.5548956,2.0748956,-0.68510437,-0.7951044,-0.32510436,-2.2251043,1.4948956,-1.0351044,0.33489564
