wind_kz.json
{"header": {"discipline":0,"disciplineName":"Meteorological products","gribEdition":2,"gribLength":794,"center":7,"centerName":"US National Weather Service - NCEP(WMC)","subcenter":0,"refTime":"2023-09-07T12:00:00.000Z","significanceOfRT":1,"significanceOfRTName":"Start of forecast","productStatus":0,"productStatusName":"Operational products","productType":1,"productTypeName":"Forecast products","productDefinitionTemplate":0,"productDefinitionTemplateName":"Analysis/forecast at horizontal level/layer at a point in time","parameterCategory":2,"parameterCategoryName":"UnknownDiscipline_0_Category_2","parameterNumber":3,"parameterNumberName":"UnknownParameter_D0_C2_3","parameterUnit":"Unknown","genProcessType":2,"genProcessTypeName":"Forecast","forecastTime":0,"surface1Type":103,"surface1TypeName":"Specified height level above ground","surface1Value":10.0,"surface2Type":255,"surface2TypeName":"Missing","surface2Value":0.0,"gridDefinitionTemplate":0,"gridDefinitionTemplateName":"Latitude_Longitude","numberPoints":615,"shape":6,"shapeName":"Earth spherical with radius of 6,371,229.0 m","gridUnits":"degrees","resolution":48,"winds":"true","scanMode":64,"nx":41,"ny":15,"basicAngle":0,"lo1":47.0,"la1":41.0,"lo2":87.0,"la2":55.0,"dx":1.0,"dy":1.0}, "data":
[rows 0 to 14 of 15, columns 0 to 40 of 41]
1.9523712,-0.6476288,-2.7476287,-8.247629,-8.247629,-7.547629,-5.7476287,-5.447629,-5.3476286,-5.047629,-1.9476287,0.4523712,1.9523712,1.5523713,2.0523713,0.4523712,-1.5476288,-1.3476288,-4.2476287,-3.1476288,-2.4476287,-3.5476289,-3.7476287,0.95237124,5.1523714,1.0523713,0.8523712,1.1523712,-3.4476287,-2.5476289,3.1523712,-1.3476288,2.5523713,2.3523712,0.25237122,-2.8476288,-2.5476289,-3.9476287,-2.3476288,0.35237122,-0.54762876
0.35237122,-1.5476288,-5.047629,-5.547629,-6.8476286,-6.947629,-7.447629,-7.8476286,-6.2476287,-4.3476286,-3.9476287,0.6523712,3.7523713,3.9523711,2.8523712,0.5523712,-2.2476287,-2.5476289,-5.647629,-4.047629,-2.7476287,-1.8476288,-1.9476287,-0.34762877,2.7523713,3.3523712,2.0523713,2.1523712,1.0523713,2.2523713,-0.8476288,0.4523712,1.6523712,-0.24762878,1.6523712,2.9523711,1.5523713,0.35237122,0.8523712,2.0523713,-1.0476288
-1.7476288,-2.1476288,-4.447629,-5.547629,-6.147629,-6.447629,-6.547629,-8.047628,-8.347629,-8.247629,-2.6476288,1.8523712,4.352371,3.0523713,1.5523713,1.5523713,-2.0476289,-3.3476288,-2.0476289,-3.4476287,-1.5476288,-0.047628783,-0.047628783,2.3523712,-2.2476287,-0.14762878,-2.5476289,-3.5476289,-1.6476288,-2.2476287,-0.54762876,-1.6476288,-2.9476287,1.1523712,3.2523713,-1.5476288,-2.1476288,-4.547629,-0.8476288,0.15237121,2.7523713
-4.547629,-2.3476288,-3.8476288,-4.8476286,-5.8476286,-8.147629,-8.147629,-6.547629,-9.247629,-9.947629,0.8523712,2.7523713,4.1523714,2.5523713,4.1523714,-1.0476288,-2.6476288,-2.2476287,-3.8476288,-3.4476287,-0.7476288,-1.1476288,-1.4476287,-1.0476288,0.052371215,-1.1476288,-2.1476288,-3.3476288,-2.8476288,-3.2476287,-4.8476286,-1.3476288,1.8523712,1.9523712,0.15237121,1.3523712,2.9523711,2.9523711,-1.4476287,-1.4476287,-4.2476287
-0.54762876,4.6523714,1.9523712,-1.2476288,-4.3476286,-6.8476286,-6.947629,-6.947629,-6.947629,-9.247629,-4.947629,1.3523712,4.452371,3.5523713,1.4523712,0.95237124,0.5523712,-1.2476288,-3.9476287,-3.1476288,0.6523712,1.3523712,2.1523712,0.95237124,1.0523713,-0.24762878,-2.7476287,-6.147629,-3.5476289,-3.9476287,-4.547629,-3.6476288,-0.7476288,0.95237124,0.5523712,2.6523712,0.25237122,0.95237124,-0.24762878,-2.2476287,-4.8476286
-3.1476288,-1.3476288,10.752371,4.1523714,0.25237122,-1.4476287,-4.547629,-5.3476286,-4.2476287,-6.8476286,-6.2476287,0.15237121,2.3523712,3.2523713,0.95237124,1.4523712,3.1523712,1.5523713,-4.047629,-5.3476286,-4.647629,-1.9476287,0.4523712,1.3523712,2.5523713,0.4523712,-1.1476288,-2.2476287,-3.5476289,-3.7476287,-3.7476287,-4.447629,-4.647629,-2.7476287,-3.0476289,-1.2476288,-2.7476287,-3.2476287,2.7523713,0.7523712,-1.8476288
-4.7476287,-1.1476288,-0.9476288,-0.54762876,5.852371,-1.3476288,-2.3476288,-0.9476288,-2.8476288,-0.34762877,-1.2476288,-1.0476288,-2.0476289,-2.1476288,-0.8476288,-0.047628783,1.9523712,2.4523711,1.7523712,-1.6476288,0.95237124,0.6523712,3.6523712,1.8523712,1.4523712,2.3523712,1.4523712,-1.6476288,-0.7476288,-3.0476289,-3.5476289,-3.0476289,-1.4476287,-3.4476287,-1.7476288,-0.9476288,1.4523712,2.2523713,1.0523713,1.0523713,-1.0476288
-5.147629,-8.147629,-1.0476288,0.35237122,1.5523713,0.7523712,-0.14762878,0.35237122,-1.4476287,-0.34762877,1.6523712,1.4523712,4.2523713,1.5523713,2.2523713,2.6523712,3.7523713,4.852371,3.2523713,1.9523712,-1.3476288,-4.147629,3.3523712,1.6523712,-2.7476287,0.6523712,-2.7476287,-3.3476288,-1.8476288,0.35237122,-2.0476289,-2.6476288,-2.1476288,-0.8476288,0.5523712,-2.1476288,0.8523712,-0.34762877,0.15237121,-0.4476288,-0.34762877
-10.447629,-4.147629,-7.647629,-0.8476288,-5.2476287,0.4523712,-2.2476287,0.95237124,-1.0476288,-1.9476287,-2.4476287,-0.8476288,-0.9476288,1.0523713,1.8523712,4.352371,3.8523712,4.2523713,3.9523711,3.1523712,4.452371,2.4523711,2.0523713,0.6523712,0.5523712,1.5523713,1.1523712,-1.4476287,-2.6476288,-2.0476289,-0.7476288,-0.9476288,-1.8476288,-2.2476287,-2.8476288,-2.9476287,-2.1476288,1.8523712,2.4523711,2.0523713,2.5523713
-7.447629,-5.147629,-5.547629,-7.2476287,0.15237121,-0.14762878,0.7523712,-0.6476288,1.9523712,-0.9476288,-2.4476287,-1.2476288,-1.9476287,2.8523712,2.8523712,2.7523713,0.95237124,0.5523712,7.852371,7.052371,7.552371,4.2523713,4.1523714,4.1523714,2.6523712,3.9523711,2.7523713,0.25237122,-0.8476288,-0.54762876,-0.9476288,-1.2476288,-0.24762878,-0.4476288,-1.9476287,-1.6476288,-1.7476288,0.95237124,1.2523712,2.5523713,1.7523712
-6.3476286,-5.947629,-4.3476286,-4.647629,-5.7476287,-7.647629,4.552371,-0.4476288,-0.54762876,0.4523712,-0.54762876,-1.1476288,0.6523712,1.7523712,1.1523712,0.8523712,2.9523711,0.052371215,-0.4476288,-1.7476288,-1.7476288,0.35237122,-0.8476288,0.8523712,2.3523712,-0.047628783,-0.4476288,0.8523712,1.2523712,1.6523712,1.0523713,1.1523712,-1.1476288,1.9523712,1.0523713,-0.4476288,1.1523712,0.4523712,-1.5476288,-1.5476288,-0.047628783
-6.447629,-5.647629,-5.947629,-5.2476287,-4.3476286,-4.8476286,-5.2476287,1.8523712,-2.2476287,2.4523711,2.6523712,0.4523712,2.0523713,3.3523712,1.9523712,0.8523712,1.1523712,1.7523712,-0.7476288,-0.9476288,-1.0476288,0.052371215,0.15237121,-0.047628783,-0.047628783,-0.6476288,-0.7476288,-2.1476288,-2.8476288,-1.8476288,-1.5476288,-1.9476287,-0.54762876,1.4523712,1.9523712,2.4523711,1.4523712,1.1523712,-0.54762876,0.8523712,1.2523712
-6.2476287,-8.447629,-6.147629,-5.047629,-2.6476288,-2.1476288,0.7523712,-5.147629,-0.4476288,2.8523712,2.1523712,0.5523712,1.0523713,3.6523712,3.3523712,2.8523712,2.2523713,2.1523712,1.2523712,1.1523712,1.9523712,1.7523712,0.7523712,-0.34762877,0.25237122,-1.2476288,-2.4476287,-3.0476289,-2.0476289,-1.9476287,-2.0476289,1.8523712,0.5523712,0.5523712,1.5523713,1.1523712,1.8523712,1.2523712,1.6523712,1.8523712,0.8523712
-5.047629,-5.047629,-6.2476287,-6.447629,-7.047629,-5.047629,-2.0476289,-1.4476287,-1.8476288,4.052371,0.5523712,0.6523712,3.5523713,4.952371,3.8523712,3.5523713,2.7523713,2.5523713,2.0523713,1.7523712,1.8523712,0.5523712,-0.4476288,-0.7476288,-1.5476288,-1.8476288,-1.8476288,-1.3476288,-2.4476287,-4.447629,-2.9476287,1.0523713,1.9523712,2.5523713,2.8523712,3.3523712,3.0523713,1.4523712,1.9523712,0.8523712,1.2523712
-2.9476287,-6.147629,-6.2476287,-4.647629,-4.8476286,-3.3476288,-3.8476288,-1.3476288,-2.3476288,-2.3476288,1.9523712,3.6523712,1.8523712,3.1523712,3.4523711,3.7523713,3.9523711,2.9523711,2.3523712,2.2523713,0.8523712,0.4523712,-0.54762876,-1.4476287,-1.2476288,-1.8476288,-2.0476289,-1.1476288,-1.2476288,-0.8476288,0.15237121,2.0523713,2.8523712,0.95237124,3.4523711,2.7523713,2.8523712,3.3523712,2.8523712,3.2523713,1.9523712
