wind_kz.json
{"header": {"discipline":0,"disciplineName":"Meteorological products","gribEdition":2,"gribLength":1102,"center":7,"centerName":"US National Weather Service - NCEP(WMC)","subcenter":0,"refTime":"2024-02-01T18:00:00.000Z","significanceOfRT":1,"significanceOfRTName":"Start of forecast","productStatus":0,"productStatusName":"Operational products","productType":1,"productTypeName":"Forecast products","productDefinitionTemplate":0,"productDefinitionTemplateName":"Analysis/forecast at horizontal level/layer at a point in time","parameterCategory":2,"parameterCategoryName":"UnknownDiscipline_0_Category_2","parameterNumber":2,"parameterNumberName":"UnknownParameter_D0_C2_2","parameterUnit":"Unknown","genProcessType":2,"genProcessTypeName":"Forecast","forecastTime":300,"surface1Type":103,"surface1TypeName":"Specified height level above ground","surface1Value":10.0,"surface2Type":255,"surface2TypeName":"Missing","surface2Value":0.0,"gridDefinitionTemplate":0,"gridDefinitionTemplateName":"Latitude_Longitude","numberPoints":615,"shape":6,"shapeName":"Earth spherical with radius of 6,371,229.0 m","gridUnits":"degrees","resolution":48,"winds":"true","scanMode":64,"nx":41,"ny":15,"basicAngle":0,"lo1":47.0,"la1":41.0,"lo2":87.0,"la2":55.0,"dx":1.0,"dy":1.0}, "data":
[rows 0 to 14 of 15, columns 0 to 40 of 41]
-0.7054248,-0.7554248,0.13457519,4.534575,3.644575,0.4745752,-1.3854249,-3.355425,-3.9554248,-1.6854248,-2.8654249,-3.1254249,-3.7454247,-3.5354247,-3.3754249,-3.6454248,-3.6554248,-2.6454248,0.3645752,-1.4254248,-2.0054247,-4.375425,-0.19542481,-2.105425,-1.0254248,-2.4254248,-3.4454248,-2.8054247,-0.65542483,-0.5454248,-2.0154247,0.3245752,-0.3254248,-2.4754248,-5.1354246,-4.3654246,-4.4254246,-4.585425,-4.545425,-4.8454247,-3.7254248
0.84457517,0.6145752,5.204575,0.9545752,-0.65542483,-2.8754249,-2.6554248,-2.0554247,-3.0354247,-3.075425,-3.6154249,-3.2254248,-3.0254247,-2.8654249,-1.9554248,-2.7454247,-2.5354247,-2.1454248,-1.4954247,0.4645752,-2.2454247,-0.7454248,0.2445752,-1.9754248,-0.9454248,-0.1754248,-0.6954248,-0.7754248,0.6445752,-1.5554248,0.2445752,-0.5654248,1.0945752,-1.1254249,1.0945752,-1.5154248,-1.3054248,-2.1554248,2.2345753,-0.4254248,-1.3054248
-0.0854248,2.914575,0.45457518,-4.705425,-5.205425,-4.3654246,-3.8954248,-2.845425,-3.585425,-3.2854247,-2.4654248,-2.5554247,-1.7954248,-2.325425,-1.9954247,-1.5454248,-0.9154248,-1.3754249,-1.8054248,-1.8454248,-1.7554249,-1.7454247,-0.65542483,-1.1854248,0.16457519,-0.3554248,-2.2254248,-3.7854247,-0.7854248,0.0945752,-0.8654248,2.4445753,-1.9254248,-1.0954248,1.1345752,1.3945752,-1.3654248,0.5445752,-1.9054248,1.2845752,1.7445751
-0.2554248,-0.3954248,-3.2954247,-4.525425,-4.1154246,-2.4854248,-1.7554249,-1.8654248,-1.4954247,-1.9554248,-1.6654248,-1.0954248,-1.2954248,-1.5254248,-1.1254249,-1.2754248,-1.6654248,-1.6454248,-1.3054248,-1.9654248,-1.5154248,-0.5754248,-1.0754248,-2.1354249,-3.2054248,-2.8854249,-1.0554248,-0.5154248,-1.7554249,-6.415425,-9.875424,-13.645425,-6.5554247,-3.4454248,-2.6954248,-2.3854249,-1.7354248,1.8545752,-0.6454248,-0.9354248,-1.4954247
-4.9054246,-4.205425,-3.6154249,-2.9354248,-2.085425,-2.7254248,-2.0154247,-0.3654248,-0.0054248045,0.07457519,-0.025424805,0.29457518,-0.65542483,-0.7154248,-0.9454248,-0.90542483,-0.45542482,-0.4654248,0.2045752,0.3045752,0.6245752,-1.5454248,-3.815425,-4.1154246,-4.735425,-3.9754248,-5.565425,-6.025425,-7.215425,-2.7954247,-2.065425,-0.5254248,-1.7654248,-0.5554248,-1.6554248,-1.7254248,-5.4054246,-5.3854246,-3.4054248,-2.2354248,-2.2854247
-6.605425,-4.6754246,-3.7254248,-3.2154248,-2.0554247,-1.5954248,-0.8554248,-1.0154248,-0.5554248,0.5445752,1.2945752,1.1145751,0.8745752,0.7245752,0.4345752,0.1745752,0.3145752,0.104575194,0.9245752,-0.06542481,-2.7054248,-2.3754249,-3.6854248,-4.895425,-5.2854247,-6.895425,-5.6554246,-5.255425,-4.465425,-4.045425,-4.5154247,-3.6854248,-3.7554247,-2.2554247,-1.4254248,-6.5954247,0.034575194,-4.1554246,-1.5754248,-2.1854248,-3.575425
-6.525425,-6.0754247,-6.6554246,-6.045425,-4.875425,-3.9954247,-2.6654248,0.064575195,0.7645752,1.9045752,2.0445752,1.8645751,2.2545753,2.9445753,2.3645751,1.8445752,0.2845752,0.1245752,-1.5554248,-2.4154248,-1.3554248,-3.0454247,-3.1954248,-2.7954247,-5.5754247,-6.0354247,-2.6354249,-3.9654248,-4.125425,-3.5154247,-3.2154248,-4.505425,-4.335425,-7.5354247,-5.8454247,-0.5654248,-0.9154248,1.0245752,-3.335425,2.2045753,-2.1554248
-6.4054246,-5.7854247,-5.475425,-4.795425,-4.275425,-3.4054248,-2.1154249,-2.105425,-1.0254248,1.0045753,2.1345751,3.4645753,3.3345752,3.7945752,3.3145752,2.4545753,1.7745752,0.024575196,-0.48542482,-1.4454248,-0.7154248,-0.7854248,-0.59542483,-1.6554248,-1.5954248,-0.7854248,-1.2954248,-1.6054248,-1.6154248,-1.3354248,-1.4754248,-3.065425,-2.9554248,0.4045752,-2.815425,-2.1654248,-2.595425,-8.425425,-10.905425,-10.925425,-2.6654248
-5.485425,-5.375425,-4.955425,-4.465425,-3.9854248,-3.0254247,-2.6754248,-2.0254247,-1.7654248,-0.1254248,0.5145752,2.3745751,4.894575,3.5345752,4.184575,3.184575,3.3445752,2.144575,2.424575,2.4545753,1.4545752,2.4545753,1.5745752,1.0845752,1.6145751,-0.48542482,-1.4154248,-0.045424804,-0.2154248,-0.6054248,0.7945752,1.4845752,2.6345751,-2.605425,-5.5354247,-4.2454247,-1.0554248,-0.10542481,-2.0354247,-0.8954248,-0.7854248
-3.9754248,-3.4754248,-3.1154249,-2.7454247,-2.2454247,-1.5754248,-1.3054248,-1.3854249,-1.3054248,-0.075424805,1.1145751,2.5645752,3.0445752,3.7745752,5.2545753,5.4845753,5.144575,4.3845754,4.2345753,4.0045753,6.2345753,5.304575,3.8745751,3.8645751,2.9645753,1.9445752,2.9745753,3.164575,3.3845751,3.394575,2.7145753,3.404575,2.2545753,-2.3854249,-2.085425,-2.6154249,-3.5454247,-1.5054249,1.1145751,0.8545752,-2.1554248
-1.2754248,-1.4554248,-0.9154248,-0.19542481,0.13457519,0.6445752,1.0445752,1.0145752,1.1445752,1.2045752,2.644575,4.5045753,3.6145751,4.4445753,4.5045753,4.534575,5.8845754,6.514575,5.974575,7.1545753,7.514575,7.374575,5.1945753,3.9745753,4.7345753,4.244575,5.9045753,5.874575,5.334575,3.0145752,3.674575,0.9845752,-0.3954248,-1.1854248,-0.6454248,-1.1754248,-0.8854248,0.5845752,-1.0954248,-0.115424804,-0.3754248
1.1645752,1.3345752,1.6145751,2.0245752,2.8545752,2.1945753,2.2145753,2.2445753,2.0645752,2.404575,2.5945752,4.9645753,4.704575,3.8045752,4.6145754,4.2145753,4.564575,5.0745754,5.3645754,8.134575,7.9445753,8.194575,7.974575,6.7345753,6.304575,6.034575,6.1945753,7.534575,7.314575,5.744575,3.0245752,1.3045752,0.5745752,-0.13542481,1.4345752,4.8645754,6.274575,-0.7154248,0.0945752,-0.2354248,-1.2654248
2.1245751,2.394575,2.7445753,3.1145751,3.2945752,3.1345751,3.5545752,3.5445752,3.7145753,2.8345752,2.4945753,5.224575,5.584575,3.644575,5.454575,5.104575,3.8045752,4.6945753,4.4845753,5.494575,4.4645753,8.164576,8.234575,7.9245753,8.484575,8.464575,7.1145754,8.844575,6.2545753,4.4445753,3.5945752,3.5445752,2.7545753,2.154575,2.5345752,4.264575,6.024575,4.274575,1.0045753,-0.48542482,-0.6054248
3.7445753,3.0445752,4.4645753,3.8545752,4.264575,4.184575,4.124575,4.7345753,4.0045753,4.8245754,3.8245752,5.8845754,4.304575,6.1945753,4.2545753,5.774575,6.4045753,7.034575,6.4045753,7.0945754,6.794575,7.014575,7.564575,6.9845753,8.224575,7.774575,7.494575,7.704575,6.8245754,6.2145753,5.144575,4.244575,3.404575,3.164575,3.654575,3.7945752,3.7445753,4.264575,3.5845752,3.914575,-0.3354248
2.934575,4.6945753,5.434575,4.9645753,5.1145754,4.9045753,5.334575,5.204575,5.544575,5.454575,4.064575,6.774575,6.4845753,6.6545753,7.994575,7.6145754,7.764575,7.934575,7.354575,8.574575,7.834575,7.8645754,7.2345753,7.474575,7.9245753,7.5945754,6.8645754,7.1145754,7.314575,6.144575,6.394575,5.5045753,4.684575,4.4845753,4.644575,4.9445753,3.5045753,4.854575,5.2145753,2.684575,-0.3754248
