wind_kz.json
{"header": {"discipline":0,"disciplineName":"Meteorological products","gribEdition":2,"gribLength":948,"center":7,"centerName":"US National Weather Service - NCEP(WMC)","subcenter":0,"refTime":"2023-09-10T18:00:00.000Z","significanceOfRT":1,"significanceOfRTName":"Start of forecast","productStatus":0,"productStatusName":"Operational products","productType":1,"productTypeName":"Forecast products","productDefinitionTemplate":0,"productDefinitionTemplateName":"Analysis/forecast at horizontal level/layer at a point in time","parameterCategory":0,"parameterCategoryName":"UnknownDiscipline_0_Category_0","parameterNumber":0,"parameterNumberName":"UnknownParameter_D0_C0_0","parameterUnit":"Unknown","genProcessType":2,"genProcessTypeName":"Forecast","forecastTime":300,"surface1Type":1,"surface1TypeName":"Ground or water surface","surface1Value":0.0,"surface2Type":255,"surface2TypeName":"Missing","surface2Value":0.0,"gridDefinitionTemplate":0,"gridDefinitionTemplateName":"Latitude_Longitude","numberPoints":615,"shape":6,"shapeName":"Earth spherical with radius of 6,371,229.0 m","gridUnits":"degrees","resolution":48,"winds":"true","scanMode":64,"nx":41,"ny":15,"basicAngle":0,"lo1":47.0,"la1":41.0,"lo2":87.0,"la2":55.0,"dx":1.0,"dy":1.0}, "data":
[rows 0 to 14 of 15, columns 0 to 40 of 41]
300.04315,287.64313,297.44315,296.44315,296.24313,295.14313,299.94315,303.04315,298.94315,300.64313,299.64313,299.94315,299.24313,298.84314,298.24313,298.64313,300.84314,299.44315,302.54315,301.84314,306.84314,305.34314,309.14313,305.34314,303.94315,309.94315,303.94315,273.94315,291.84314,287.74313,276.94315,277.84314,297.74313,309.64313,314.44315,310.24313,319.14313,315.84314,307.54315,314.74313,303.84314
284.24313,298.34314,295.84314,295.94315,295.64313,293.94315,302.64313,298.44315,297.34314,297.14313,298.94315,298.54315,299.34314,298.04315,297.94315,298.84314,300.44315,302.04315,301.04315,301.54315,300.64313,301.64313,301.54315,296.54315,290.54315,288.74313,295.04315,278.74313,291.24313,275.94315,289.34314,276.84314,292.04315,262.44315,272.44315,291.14313,292.24313,295.34314,299.34314,298.44315,284.44315
300.74313,295.24313,296.04315,295.64313,293.74313,297.84314,296.74313,297.14313,296.74313,296.44315,296.64313,297.94315,298.44315,298.84314,297.14313,300.44315,299.74313,299.64313,300.74313,303.44315,304.14313,298.54315,297.94315,290.64313,296.34314,294.74313,294.44315,294.44315,295.04315,274.54315,272.14313,273.24313,273.34314,282.34314,278.24313,275.44315,268.94315,271.54315,271.44315,274.34314,276.54315
299.54315,294.24313,295.14313,294.44315,294.04315,296.84314,294.44315,295.44315,296.44315,296.84314,297.04315,296.84314,291.94315,291.24313,298.84314,299.44315,298.14313,300.04315,300.44315,300.74313,297.84314,296.54315,298.44315,298.04315,297.74313,297.24313,299.54315,298.84314,300.34314,298.74313,294.94315,291.24313,295.74313,294.14313,291.14313,281.04315,267.34314,267.34314,273.74313,282.34314,284.44315
299.64313,292.14313,293.14313,291.84314,294.14313,296.34314,296.64313,296.34314,294.94315,294.94315,296.54315,297.04315,290.94315,289.74313,288.24313,298.94315,300.24313,298.54315,298.34314,297.14313,297.84314,298.94315,299.64313,299.64313,300.64313,300.74313,300.44315,297.44315,300.84314,299.64313,297.84314,288.24313,273.74313,267.54315,281.94315,286.74313,292.24313,292.34314,288.74313,292.14313,290.34314
298.34314,298.14313,291.54315,290.74313,291.14313,290.24313,297.04315,296.34314,294.44315,294.74313,294.54315,295.84314,291.54315,290.84314,294.84314,297.84314,297.34314,299.84314,297.94315,300.04315,300.44315,299.54315,301.14313,302.34314,304.34314,302.04315,301.74313,288.44315,295.84314,296.34314,297.54315,288.84314,282.64313,279.94315,286.24313,288.54315,275.34314,277.34314,285.74313,294.44315,292.74313
299.34314,299.34314,298.54315,298.64313,295.34314,296.44315,296.94315,295.14313,295.34314,295.04315,295.34314,295.24313,296.54315,297.74313,297.44315,296.44315,299.14313,298.64313,301.44315,300.34314,298.84314,297.54315,297.44315,293.04315,291.94315,292.14313,294.64313,295.74313,297.44315,293.64313,296.84314,296.04315,288.44315,289.24313,283.24313,280.84314,277.74313,275.74313,272.44315,277.14313,284.74313
298.44315,297.94315,297.84314,297.24313,296.44315,295.34314,296.44315,294.94315,295.54315,295.24313,295.64313,294.84314,296.24313,293.94315,296.14313,295.24313,295.64313,295.14313,295.04315,294.64313,293.34314,294.34314,294.24313,293.74313,290.84314,284.54315,284.34314,282.14313,279.44315,287.04315,292.54315,291.14313,289.64313,283.64313,280.14313,285.34314,287.94315,287.94315,284.54315,283.34314,280.74313
297.94315,297.04315,296.64313,296.74313,295.74313,295.84314,296.34314,296.24313,295.14313,295.54315,295.04315,295.04315,294.14313,295.34314,294.64313,295.64313,293.84314,294.64313,292.54315,292.24313,290.04315,291.04315,291.74313,290.24313,285.24313,280.24313,277.24313,275.54315,273.54315,273.54315,274.14313,282.44315,289.44315,288.64313,289.04315,282.54315,282.24313,279.64313,276.14313,276.54315,275.44315
297.14313,296.84314,296.04315,296.74313,296.74313,296.04315,296.24313,295.34314,294.94315,294.84314,294.14313,293.74313,295.14313,294.94315,294.64313,292.94315,294.54315,294.34314,293.84314,292.84314,290.04315,289.84314,289.74313,290.94315,290.44315,286.94315,281.64313,276.84314,274.14313,273.24313,273.64313,278.04315,290.34314,290.74313,289.84314,287.84314,276.54315,277.64313,279.84314,277.94315,276.64313
296.34314,297.14313,296.74313,295.84314,296.24313,295.64313,295.44315,295.54315,294.94315,294.24313,292.04315,292.04315,293.24313,291.84314,292.64313,293.34314,293.54315,294.34314,295.04315,292.64313,293.04315,292.74313,291.84314,292.34314,290.64313,290.14313,279.64313,280.34314,280.84314,280.34314,279.54315,286.74313,287.84314,286.64313,289.04315,286.64313,275.94315,275.54315,276.84314,276.44315,282.74313
297.04315,298.44315,298.84314,297.74313,296.24313,295.44315,294.44315,293.64313,294.24313,293.44315,290.44315,290.04315,291.44315,290.24313,290.24313,292.24313,293.04315,293.24313,293.54315,292.44315,289.94315,289.74313,290.04315,289.14313,285.94315,291.04315,281.44315,290.74313,288.64313,283.94315,282.04315,280.14313,285.94315,286.34314,283.94315,286.24313,284.24313,276.84314,277.34314,276.64313,276.54315
294.34314,297.64313,296.54315,296.04315,295.24313,293.94315,294.64313,294.64313,293.94315,293.24313,288.14313,287.14313,289.04315,289.14313,288.94315,291.24313,291.44315,290.84314,291.64313,289.04315,290.04315,281.54315,286.74313,287.34314,289.14313,289.94315,291.24313,286.14313,285.84314,285.84314,281.14313,279.84314,282.44315,287.04315,285.84314,282.74313,284.14313,284.24313,284.84314,279.44315,277.14313
295.04315,294.44315,290.74313,294.14313,293.74313,293.14313,292.34314,290.94315,291.84314,291.74313,284.84314,281.14313,287.14313,286.14313,288.44315,285.84314,285.34314,286.14313,288.94315,283.24313,282.54315,282.84314,283.24313,289.74313,287.04315,286.94315,289.24313,283.04315,282.24313,284.04315,282.94315,279.44315,278.94315,280.14313,285.34314,283.84314,283.54315,282.34314,283.24313,281.34314,284.64313
291.54315,293.24313,287.54315,293.44315,288.34314,289.24313,291.64313,292.04315,292.74313,292.64313,290.94315,286.44315,284.34314,286.24313,289.34314,290.74313,291.04315,289.74313,291.34314,287.24313,291.14313,290.74313,290.84314,289.34314,289.14313,287.84314,288.64313,285.74313,286.94315,281.54315,281.34314,282.64313,278.74313,278.74313,279.64313,283.74313,286.04315,284.14313,284.44315,284.24313,282.14313
