wind_kz.json
{"header": {"discipline":0,"disciplineName":"Meteorological products","gribEdition":2,"gribLength":871,"center":7,"centerName":"US National Weather Service - NCEP(WMC)","subcenter":0,"refTime":"2023-10-02T18:00:00.000Z","significanceOfRT":1,"significanceOfRTName":"Start of forecast","productStatus":0,"productStatusName":"Operational products","productType":1,"productTypeName":"Forecast products","productDefinitionTemplate":0,"productDefinitionTemplateName":"Analysis/forecast at horizontal level/layer at a point in time","parameterCategory":0,"parameterCategoryName":"UnknownDiscipline_0_Category_0","parameterNumber":0,"parameterNumberName":"UnknownParameter_D0_C0_0","parameterUnit":"Unknown","genProcessType":2,"genProcessTypeName":"Forecast","forecastTime":0,"surface1Type":1,"surface1TypeName":"Ground or water surface","surface1Value":0.0,"surface2Type":255,"surface2TypeName":"Missing","surface2Value":0.0,"gridDefinitionTemplate":0,"gridDefinitionTemplateName":"Latitude_Longitude","numberPoints":615,"shape":6,"shapeName":"Earth spherical with radius of 6,371,229.0 m","gridUnits":"degrees","resolution":48,"winds":"true","scanMode":64,"nx":41,"ny":15,"basicAngle":0,"lo1":47.0,"la1":41.0,"lo2":87.0,"la2":55.0,"dx":1.0,"dy":1.0}, "data":
[rows 0 to 14 of 15, columns 0 to 40 of 41]
290.43665,282.43665,287.13666,294.43665,293.93665,292.23663,293.63666,295.03665,292.73663,292.13666,291.13666,291.23663,290.13666,289.83664,289.63666,287.73663,288.03665,289.23663,286.93665,288.83664,289.53665,286.53665,286.63666,281.53665,285.23663,287.83664,284.83664,273.23663,272.43665,272.43665,270.23663,273.83664,282.73663,290.23663,291.43665,291.03665,291.83664,291.23663,291.73663,290.93665,288.23663
273.73663,286.73663,293.93665,294.03665,293.93665,292.13666,293.93665,292.03665,290.73663,290.03665,290.63666,288.83664,288.83664,288.13666,286.43665,284.23663,284.53665,286.43665,284.83664,284.23663,286.33664,288.63666,285.63666,279.13666,271.23663,271.13666,279.33664,272.83664,272.53665,269.53665,274.73663,267.23663,276.43665,258.33664,271.83664,286.33664,285.93665,287.93665,291.73663,283.43665,283.73663
289.13666,293.73663,293.73663,293.23663,291.33664,292.83664,292.03665,291.03665,288.83664,288.63666,287.63666,287.63666,286.23663,286.73663,288.03665,286.33664,285.63666,285.53665,285.83664,286.33664,287.13666,287.13666,287.83664,281.53665,283.73663,282.73663,285.93665,286.73663,283.83664,279.23663,268.13666,272.83664,278.13666,278.93665,280.83664,280.83664,272.83664,275.53665,276.03665,271.63666,269.83664
288.23663,292.73663,293.63666,292.73663,291.63666,291.53665,291.83664,289.93665,289.83664,288.73663,287.63666,286.43665,290.63666,289.93665,287.13666,286.93665,288.03665,286.53665,287.63666,286.83664,286.43665,280.63666,286.93665,287.53665,286.23663,288.03665,288.53665,285.83664,285.83664,287.53665,288.03665,286.03665,289.93665,286.83664,284.73663,283.23663,274.03665,265.43665,275.53665,283.03665,286.33664
291.83664,292.83664,293.13666,292.43665,292.23663,291.53665,292.03665,291.63666,290.43665,289.23663,287.73663,285.93665,289.63666,288.43665,286.93665,287.23663,287.63666,287.33664,286.03665,288.43665,288.33664,287.83664,285.23663,286.03665,285.53665,285.83664,284.93665,286.83664,287.43665,288.23663,290.23663,290.73663,276.73663,267.73663,277.03665,285.73663,288.63666,289.63666,289.63666,289.93665,289.33664
291.63666,289.03665,291.03665,291.73663,292.13666,291.63666,291.73663,292.43665,290.53665,289.33664,290.03665,287.63666,288.93665,289.33664,287.53665,285.93665,287.73663,285.73663,287.73663,288.13666,287.53665,286.53665,286.93665,288.53665,287.63666,283.53665,285.13666,287.73663,287.93665,288.73663,287.53665,290.53665,288.03665,285.33664,284.33664,287.93665,282.33664,282.53665,286.33664,287.93665,287.53665
290.73663,289.93665,292.63666,291.03665,289.93665,289.63666,291.53665,290.33664,291.43665,291.93665,288.53665,287.53665,287.13666,286.63666,286.03665,287.03665,286.73663,287.73663,287.13666,286.33664,285.43665,284.73663,286.73663,286.63666,283.93665,285.63666,284.13666,285.73663,286.13666,286.23663,286.03665,286.53665,286.63666,287.53665,286.53665,285.43665,280.63666,277.03665,274.43665,272.93665,283.43665
287.73663,288.33664,291.03665,292.23663,291.83664,290.93665,290.93665,288.83664,287.53665,290.53665,286.83664,286.03665,285.53665,286.43665,286.73663,286.83664,286.43665,287.23663,286.43665,283.53665,282.93665,285.53665,283.13666,285.03665,284.43665,281.53665,281.43665,281.63666,283.33664,283.63666,282.83664,283.03665,283.13666,280.73663,282.93665,281.03665,282.43665,286.13666,283.03665,282.63666,280.73663
287.03665,287.73663,289.03665,287.13666,288.73663,289.43665,292.43665,290.93665,288.53665,289.73663,285.33664,284.43665,284.03665,285.23663,284.83664,285.83664,285.63666,285.23663,284.43665,283.23663,281.43665,280.13666,283.13666,283.33664,282.13666,282.73663,280.63666,280.23663,279.23663,278.73663,279.83664,280.33664,279.83664,280.83664,280.33664,279.33664,279.63666,279.13666,270.53665,270.13666,266.53665
286.13666,288.43665,289.03665,287.93665,287.83664,291.93665,291.43665,290.43665,290.43665,288.73663,285.03665,283.83664,284.53665,284.93665,284.33664,284.23663,284.33664,283.83664,283.63666,283.23663,282.83664,281.23663,281.23663,284.33664,283.33664,282.13666,280.53665,279.83664,279.43665,279.13666,279.03665,280.13666,282.33664,282.63666,281.23663,279.93665,278.73663,275.33664,271.73663,269.43665,265.93665
286.73663,285.43665,287.03665,287.03665,290.03665,290.13666,287.63666,288.13666,289.23663,288.33664,284.13666,284.13666,284.73663,284.33664,283.03665,283.53665,283.43665,283.63666,283.83664,282.63666,282.23663,281.53665,280.73663,280.43665,279.93665,282.63666,281.63666,281.23663,280.03665,280.73663,280.63666,281.83664,280.43665,280.33664,279.73663,278.03665,275.83664,272.43665,271.73663,272.63666,267.83664
285.83664,286.13666,286.43665,285.93665,284.93665,284.63666,284.13666,284.63666,285.13666,284.93665,283.03665,282.83664,283.83664,282.73663,282.73663,283.03665,282.53665,282.03665,282.93665,282.53665,281.43665,280.13666,279.53665,279.13666,278.03665,278.13666,278.83664,279.73663,280.43665,280.43665,279.13666,279.03665,278.63666,276.63666,277.13666,276.63666,277.03665,276.43665,275.93665,275.93665,275.23663
284.93665,285.03665,285.63666,285.43665,285.93665,285.43665,283.93665,284.03665,283.53665,283.53665,281.83664,280.03665,283.23663,282.03665,282.93665,282.73663,282.43665,282.03665,282.33664,281.83664,281.53665,279.93665,278.73663,277.73663,278.03665,278.53665,279.03665,278.03665,278.23663,277.63666,278.43665,278.03665,277.33664,275.73663,275.63666,275.53665,274.73663,276.13666,274.63666,274.33664,274.73663
284.33664,285.93665,285.33664,286.23663,284.93665,284.33664,284.33664,284.53665,284.73663,283.73663,282.23663,279.73663,281.13666,283.03665,283.13666,283.13666,282.33664,281.83664,281.83664,282.03665,281.93665,281.63666,281.73663,280.93665,280.53665,279.93665,278.83664,278.83664,277.33664,276.73663,275.93665,275.53665,275.13666,274.33664,274.73663,273.83664,274.43665,274.53665,273.73663,272.63666,272.63666
284.13666,285.43665,285.63666,287.83664,286.93665,284.93665,285.73663,284.53665,284.63666,284.23663,283.53665,284.73663,282.13666,284.03665,283.73663,285.43665,283.13666,282.23663,282.03665,281.83664,281.73663,281.33664,281.23663,280.83664,280.63666,280.23663,279.73663,279.03665,278.83664,277.93665,277.73663,279.43665,275.73663,275.43665,275.53665,275.73663,275.03665,274.23663,274.23663,273.63666,272.83664
