wind_kz.json
{"header": {"discipline":0,"disciplineName":"Meteorological products","gribEdition":2,"gribLength":948,"center":7,"centerName":"US National Weather Service - NCEP(WMC)","subcenter":0,"refTime":"2023-09-10T18:00:00.000Z","significanceOfRT":1,"significanceOfRTName":"Start of forecast","productStatus":0,"productStatusName":"Operational products","productType":1,"productTypeName":"Forecast products","productDefinitionTemplate":0,"productDefinitionTemplateName":"Analysis/forecast at horizontal level/layer at a point in time","parameterCategory":0,"parameterCategoryName":"UnknownDiscipline_0_Category_0","parameterNumber":0,"parameterNumberName":"UnknownParameter_D0_C0_0","parameterUnit":"Unknown","genProcessType":2,"genProcessTypeName":"Forecast","forecastTime":60,"surface1Type":1,"surface1TypeName":"Ground or water surface","surface1Value":0.0,"surface2Type":255,"surface2TypeName":"Missing","surface2Value":0.0,"gridDefinitionTemplate":0,"gridDefinitionTemplateName":"Latitude_Longitude","numberPoints":615,"shape":6,"shapeName":"Earth spherical with radius of 6,371,229.0 m","gridUnits":"degrees","resolution":48,"winds":"true","scanMode":64,"nx":41,"ny":15,"basicAngle":0,"lo1":47.0,"la1":41.0,"lo2":87.0,"la2":55.0,"dx":1.0,"dy":1.0}, "data":
[rows 0 to 14 of 15, columns 0 to 40 of 41]
293.66693,282.96695,286.36694,297.86694,297.66693,296.46695,304.66693,309.46695,306.66693,307.86694,306.76694,307.26694,306.66693,306.46695,307.36694,308.16693,309.36694,308.16693,312.46695,311.16693,315.36694,309.76694,309.66693,309.16693,311.76694,310.76694,309.76694,298.46695,298.66693,298.36694,295.36694,295.26694,310.06696,320.16693,324.36694,323.46695,328.16693,323.46695,321.96695,323.06696,322.46695
273.46695,287.86694,297.16693,297.26694,297.26694,295.36694,295.86694,298.46695,303.46695,303.66693,306.16693,306.06696,306.66693,305.66693,304.66693,305.76694,309.16693,311.56696,311.16693,312.56696,309.86694,309.36694,306.16693,300.96695,296.36694,295.36694,305.06696,300.56696,300.26694,292.96695,299.76694,292.76694,299.66693,271.96695,296.26694,314.36694,314.56696,315.56696,319.36694,311.66693,285.26694
296.96695,296.56696,297.36694,297.16693,295.06696,292.66693,291.36694,292.46695,292.16693,293.26694,298.76694,297.86694,301.76694,305.66693,304.26694,309.46695,309.76694,309.86694,310.46695,311.56696,308.96695,308.26694,308.16693,302.46695,305.56696,305.66693,308.36694,306.96695,305.56696,298.06696,291.86694,293.86694,296.86694,299.56696,300.36694,294.26694,287.96695,291.46695,283.66693,287.96695,287.66693
298.66693,295.76694,296.56696,295.96695,294.76694,292.46695,292.06696,290.66693,293.26694,302.56696,303.36694,296.26694,293.76694,293.16693,305.76694,307.06696,306.36694,309.86694,311.16693,311.06696,306.96695,305.66693,306.56696,307.56696,307.66693,307.26694,308.96695,307.66693,308.66693,313.26694,309.56696,309.06696,312.66693,316.66693,310.56696,300.86694,287.26694,279.76694,287.56696,293.96695,294.76694
300.26694,293.96695,295.06696,293.76694,295.46695,296.46695,300.36694,300.66693,298.36694,298.46695,301.36694,304.96695,292.96695,291.76694,290.06696,304.76694,305.76694,303.96695,304.26694,303.56696,305.46695,306.26694,306.76694,306.36694,306.96695,306.76694,305.96695,302.16693,306.76694,306.86694,307.26694,305.16693,290.86694,285.06696,293.96695,299.66693,299.36694,298.76694,294.16693,295.56696,294.86694
298.06696,299.86694,293.76694,292.96695,293.26694,292.46695,299.46695,298.26694,297.36694,295.56696,299.26694,298.96695,293.76694,292.76694,297.16693,300.56696,300.46695,302.06696,298.16693,298.36694,296.86694,299.06696,302.56696,303.86694,304.56696,303.66693,304.86694,291.06696,302.96695,304.16693,305.96695,304.36694,303.26694,305.46695,302.66693,303.66693,289.96695,298.66693,297.36694,305.76694,305.26694
301.56696,301.86694,302.46695,304.86694,301.06696,302.56696,303.16693,300.46695,299.86694,299.56696,295.66693,296.66693,297.56696,298.56696,295.26694,298.16693,297.66693,298.16693,300.16693,291.46695,288.46695,288.46695,287.16693,287.56696,286.66693,289.06696,300.66693,303.26694,303.46695,303.46695,303.66693,304.46695,305.86694,304.46695,301.06696,298.26694,291.36694,297.66693,294.66693,294.26694,307.26694
297.46695,301.16693,302.86694,305.36694,304.26694,305.16693,305.16693,303.16693,301.46695,298.36694,298.16693,297.36694,299.16693,289.16693,294.46695,298.26694,298.86694,298.76694,299.16693,298.36694,296.86694,298.36694,299.36694,298.46695,293.26694,283.06696,283.06696,284.96695,287.36694,298.76694,299.66693,301.16693,301.46695,299.16693,298.76694,302.96695,307.26694,289.76694,306.26694,307.06696,303.46695
294.46695,302.06696,299.96695,303.86694,302.06696,303.56696,299.46695,302.26694,301.16693,299.76694,298.56696,298.46695,285.86694,290.96695,297.36694,297.86694,296.66693,297.16693,295.26694,291.96695,285.76694,289.86694,289.56696,285.26694,283.86694,284.46695,283.66693,283.36694,283.66693,283.26694,285.46695,296.66693,299.46695,296.66693,295.26694,293.96695,292.96695,294.06696,284.46695,287.56696,288.06696
296.46695,296.86694,293.66693,300.96695,301.06696,299.76694,300.36694,299.56696,299.36694,298.06696,285.16693,284.96695,290.46695,296.56696,295.66693,295.06696,289.16693,288.36694,288.66693,290.26694,291.36694,291.86694,287.76694,285.96695,283.76694,283.46695,282.46695,282.76694,282.46695,282.86694,283.66693,287.56696,290.26694,291.16693,295.66693,296.66693,291.26694,284.96695,281.46695,288.66693,285.66693
293.56696,293.26694,297.36694,297.26694,294.66693,298.66693,297.96695,298.26694,291.26694,287.96695,289.46695,293.56696,294.56696,293.76694,291.06696,286.36694,286.46695,288.36694,293.56696,290.86694,294.06696,284.86694,283.86694,283.76694,284.36694,289.16693,282.66693,283.76694,284.46695,285.96695,288.36694,288.56696,292.46695,287.66693,289.66693,289.36694,287.66693,287.16693,289.56696,288.96695,286.86694
289.46695,294.76694,294.76694,295.16693,295.66693,295.66693,286.06696,292.16693,294.06696,294.46695,289.16693,290.96695,291.36694,289.06696,284.06696,285.26694,289.66693,293.06696,288.36694,287.26694,288.86694,286.56696,286.86694,282.46695,282.96695,289.26694,285.86694,285.36694,289.76694,296.26694,293.76694,297.56696,291.26694,288.56696,291.56696,294.76694,295.16693,296.96695,297.06696,293.86694,293.86694
289.86694,288.06696,285.06696,286.26694,288.76694,287.96695,290.76694,296.06696,295.16693,290.86694,289.96695,285.66693,285.86694,284.16693,284.46695,285.66693,286.86694,287.86694,291.96695,290.06696,289.36694,288.26694,281.96695,281.36694,282.16693,283.46695,286.66693,290.96695,286.46695,292.26694,287.96695,289.26694,290.16693,287.66693,292.56696,291.36694,296.26694,295.56696,294.46695,294.86694,290.76694
289.26694,289.16693,290.16693,290.46695,288.26694,290.36694,287.76694,289.16693,292.66693,291.86694,290.06696,288.76694,287.56696,288.96695,286.66693,285.76694,290.26694,290.56696,290.96695,290.86694,291.06696,290.56696,290.16693,283.06696,285.86694,285.86694,286.06696,286.26694,285.66693,284.76694,286.86694,289.56696,291.56696,291.26694,293.86694,293.46695,291.66693,293.26694,294.56696,289.66693,296.16693
286.66693,287.56696,288.86694,292.96695,292.66693,290.86694,291.36694,291.56696,292.16693,292.96695,292.56696,289.96695,287.46695,288.06696,288.46695,290.36694,290.86694,290.66693,291.66693,291.56696,292.46695,291.56696,291.96695,289.46695,290.96695,286.96695,287.06696,289.26694,289.76694,292.46695,293.06696,289.16693,292.16693,290.26694,286.16693,291.76694,291.96695,294.86694,296.06696,295.56696,292.96695
