wind_kz.json
{"header": {"discipline":0,"disciplineName":"Meteorological products","gribEdition":2,"gribLength":1025,"center":7,"centerName":"US National Weather Service - NCEP(WMC)","subcenter":0,"refTime":"2023-09-21T12:00:00.000Z","significanceOfRT":1,"significanceOfRTName":"Start of forecast","productStatus":0,"productStatusName":"Operational products","productType":1,"productTypeName":"Forecast products","productDefinitionTemplate":0,"productDefinitionTemplateName":"Analysis/forecast at horizontal level/layer at a point in time","parameterCategory":2,"parameterCategoryName":"UnknownDiscipline_0_Category_2","parameterNumber":2,"parameterNumberName":"UnknownParameter_D0_C2_2","parameterUnit":"Unknown","genProcessType":2,"genProcessTypeName":"Forecast","forecastTime":0,"surface1Type":103,"surface1TypeName":"Specified height level above ground","surface1Value":10.0,"surface2Type":255,"surface2TypeName":"Missing","surface2Value":0.0,"gridDefinitionTemplate":0,"gridDefinitionTemplateName":"Latitude_Longitude","numberPoints":615,"shape":6,"shapeName":"Earth spherical with radius of 6,371,229.0 m","gridUnits":"degrees","resolution":48,"winds":"true","scanMode":64,"nx":41,"ny":15,"basicAngle":0,"lo1":47.0,"la1":41.0,"lo2":87.0,"la2":55.0,"dx":1.0,"dy":1.0}, "data":
[rows 0 to 14 of 15, columns 0 to 40 of 41]
-0.3261151,1.1538849,-0.7661151,-7.476115,-2.7361152,0.013884888,-5.976115,-6.586115,-6.446115,-5.496115,-5.016115,-4.1861153,-3.2961152,-2.5461152,-1.9661151,-0.43611512,-0.3261151,-0.50611514,-0.5161151,0.3738849,2.313885,1.9838849,3.653885,5.0638847,4.303885,3.053885,3.893885,3.793885,3.383885,1.7738849,3.9838848,1.2138848,-3.7361152,-4.326115,-2.656115,0.8738849,-5.136115,-4.366115,-1.8961151,-1.3361151,0.32388487
-0.24611512,-2.846115,-9.806115,-6.656115,-1.9761151,1.6338849,-4.7061152,-4.746115,-4.976115,-3.896115,-3.626115,-2.166115,-1.5461152,-0.9061151,-1.2761151,0.41388488,0.3438849,2.873885,1.8338848,2.083885,5.213885,1.5238849,5.003885,4.513885,2.553885,-0.026115112,1.9838849,3.833885,4.733885,0.5238849,2.5238848,0.8938849,0.7038849,-1.7361151,0.93388486,-2.2261152,0.063884884,0.22388488,-1.1361151,0.013884888,-2.116115
-5.796115,-7.696115,-8.186115,-5.836115,-1.9861151,-2.5361152,-3.5861151,-2.5061152,-2.2661152,-0.7461151,-0.086115114,1.3638849,3.4338849,0.55388486,1.5238849,-2.0561152,-0.17611511,2.793885,4.0438848,2.9838848,2.7538848,3.2638848,4.3138847,5.663885,0.3438849,-0.3861151,0.1638849,2.323885,-0.2961151,-1.2761151,0.24388489,-1.8161151,-0.22611511,-0.4861151,-4.216115,1.3838849,0.4838849,-0.2861151,5.943885,2.903885,0.6238849
-7.806115,-7.906115,-6.696115,-2.656115,3.4738848,-1.8161151,-1.2461151,0.80388486,1.4038849,1.8338848,1.1738849,2.9238849,-3.8161151,0.7738849,2.2038848,0.68388486,3.9538848,2.9638848,1.1438849,3.5238848,2.4338849,1.6338849,3.883885,2.613885,1.593885,1.2738849,0.21388489,1.2138848,-3.416115,-2.2561152,-0.75611514,2.623885,2.823885,2.1838849,1.9938849,2.303885,1.1938848,1.3338848,-2.456115,-0.9561151,-0.21611512
-8.086115,-6.836115,-5.306115,-4.246115,-2.646115,-0.8661151,1.1838849,1.6838849,1.7138848,3.143885,2.353885,-3.7261152,-2.136115,-3.466115,2.093885,1.6538849,2.2738848,2.9338849,2.9138849,0.07388489,2.5238848,4.7938848,-1.9361151,4.223885,-1.0661151,-5.756115,-3.4761152,1.0538849,-2.176115,-1.5961151,1.1738849,2.063885,2.593885,2.2738848,-3.866115,-4.616115,2.583885,-0.5461151,1.9838849,-0.9361151,-0.1661151
-5.8961153,-4.986115,-5.3761153,-4.596115,-2.966115,-1.3061152,1.7138848,0.20388488,0.13388489,-0.4061151,-1.8861151,-4.786115,-4.846115,-1.5961151,-0.9261151,-0.14611511,1.0238849,2.2238848,0.5238849,3.863885,2.083885,1.2338849,3.633885,-5.096115,-1.5361152,4.973885,-3.696115,-2.9761152,0.23388489,0.6538849,3.2738848,4.173885,4.3738847,5.593885,0.5338849,3.2338848,2.533885,3.0038848,7.493885,7.193885,-0.2561151
-4.3561153,-4.176115,-2.7661152,-2.5861151,-0.9861151,-1.8861151,-1.6061151,-0.94611514,-1.7961152,-4.016115,-4.086115,-3.0561152,-1.5061151,-1.7361151,-0.9261151,0.13388489,0.4838849,1.1838849,1.5338849,-0.4861151,3.153885,0.5638849,-1.1861151,-0.8461151,-0.3261151,0.6638849,-0.9661151,-1.8861151,1.5538849,-2.2761152,-0.6161151,-1.1161151,-1.6861151,1.3238848,3.1738849,0.5938849,0.17388488,0.5738849,2.9338849,-0.4161151,2.0138848
-3.636115,-3.146115,-3.5761151,-3.196115,-2.676115,-3.2761152,-3.616115,-3.4861152,-3.2861152,-2.926115,-2.436115,-2.216115,-1.7961152,-0.9861151,-1.0161151,-0.33611512,-0.14611511,-0.14611511,-1.3961151,0.1638849,-1.7061151,-1.7961152,-2.7261152,-2.646115,-3.8161151,-2.2661152,-2.2961152,-0.57611513,0.7638849,-2.396115,0.8838849,-0.116115116,1.8038849,-0.6061151,-0.016115112,3.393885,4.0838847,3.7638848,1.8038849,3.043885,2.603885
-2.4861152,-2.5461152,-2.376115,-2.0661151,-1.9661151,-1.7561151,-2.626115,-3.4961152,-3.5361152,-2.926115,-2.2961152,-1.7161151,-2.2261152,-1.2761151,-1.5861151,-1.1361151,-2.0361152,-1.9961151,-1.5361152,-0.2561151,-1.5061151,-2.126115,-1.2661151,-2.5561152,-1.9861151,-1.5361152,-0.036115114,0.6638849,-0.4461151,0.3338849,-0.36611512,0.74388486,1.5538849,1.9538848,0.92388487,4.173885,-0.22611511,-1.3161151,0.2638849,0.13388489,0.0038848878
-2.5361152,-1.4761151,-1.0161151,-0.7361151,-0.5961151,-0.5561151,-0.39611512,-0.9261151,-0.9661151,-0.7161151,-1.4461151,-1.6061151,-0.9061151,-0.4161151,-0.6461151,-1.1161151,-1.1861151,-2.2761152,-1.4961151,-1.8861151,-1.2861152,-2.0761151,-1.4361151,-2.926115,-0.8961151,-0.6661151,-0.7761151,-1.2761151,-0.7961151,-0.2561151,-0.2961151,1.1238849,1.4538848,1.2538849,-1.0561152,0.25388488,-1.7361151,-1.3961151,1.3338848,0.7138849,0.9538849
0.3038849,0.17388488,0.5238849,1.2538849,2.043885,1.7938849,1.4938849,1.2038848,2.2538848,2.363885,2.5038848,2.2038848,1.7138848,1.3938849,1.1838849,0.8338849,0.013884888,-0.69611514,-1.2161151,-1.1961151,-0.7661151,-1.2261151,-0.10611511,0.92388487,0.11388489,-0.2661151,0.61388487,-1.9161152,-1.1461151,1.1838849,-0.43611512,-0.016115112,0.04388489,-1.0661151,-0.9161151,-0.24611512,-0.9361151,-0.15611511,0.6038849,0.9138849,0.6438849
2.833885,2.5238848,2.803885,2.623885,2.853885,3.153885,3.323885,3.4838848,2.9738848,2.793885,3.1938848,4.283885,2.533885,3.623885,3.133885,3.2038848,2.783885,2.553885,1.7638849,0.7838849,1.3938849,0.3038849,-0.3161151,-0.016115112,-0.9161151,-0.50611514,0.7938849,-0.8661151,1.9138849,0.32388487,-0.026115112,-1.1061151,-1.1861151,-0.56611514,0.4938849,-0.23611511,-0.49611512,-0.20611511,0.8338849,0.29388487,0.4538849
3.323885,3.373885,2.823885,3.4838848,3.033885,2.293885,3.7138848,4.633885,5.213885,3.5038848,2.7238848,3.583885,3.5238848,3.1638849,3.4638848,3.5238848,3.6638849,3.613885,3.2038848,3.0238848,2.7738848,2.5138848,2.2138848,2.2238848,2.063885,2.803885,2.883885,3.0138848,1.8138849,1.6138849,1.1538849,0.14388488,-0.42611513,-0.09611511,-0.7261151,-0.3461151,-1.6861151,-0.2961151,-0.016115112,0.3738849,0.41388488
4.653885,5.093885,3.623885,4.193885,4.8138847,4.463885,4.523885,4.273885,3.813885,3.4838848,2.303885,3.313885,4.183885,2.803885,3.2738848,3.7338848,3.9638848,3.9338849,4.0838847,4.433885,4.383885,3.9438848,4.233885,3.843885,4.3138847,4.153885,4.053885,3.303885,3.343885,2.843885,2.9138849,0.29388487,2.2538848,1.3638849,0.5238849,-1.2561151,0.5338849,0.5138849,0.1938849,-0.056115113,0.5038849
4.183885,6.6438847,6.413885,5.743885,5.8138847,5.1438847,5.383885,4.963885,5.053885,3.053885,2.0038848,5.093885,3.4438848,2.843885,3.113885,4.263885,4.5438848,4.883885,4.973885,5.343885,5.413885,5.3538847,5.003885,4.5838847,4.1438847,4.113885,4.163885,3.6638849,3.403885,3.313885,3.363885,3.063885,3.653885,2.7038848,2.373885,1.5138849,1.2238849,0.9838849,1.343885,0.023884887,0.93388486
