wind_kz.json
{"header": {"discipline":0,"disciplineName":"Meteorological products","gribEdition":2,"gribLength":1025,"center":7,"centerName":"US National Weather Service - NCEP(WMC)","subcenter":0,"refTime":"2023-08-24T00:00:00.000Z","significanceOfRT":1,"significanceOfRTName":"Start of forecast","productStatus":0,"productStatusName":"Operational products","productType":1,"productTypeName":"Forecast products","productDefinitionTemplate":0,"productDefinitionTemplateName":"Analysis/forecast at horizontal level/layer at a point in time","parameterCategory":2,"parameterCategoryName":"UnknownDiscipline_0_Category_2","parameterNumber":2,"parameterNumberName":"UnknownParameter_D0_C2_2","parameterUnit":"Unknown","genProcessType":2,"genProcessTypeName":"Forecast","forecastTime":300,"surface1Type":103,"surface1TypeName":"Specified height level above ground","surface1Value":10.0,"surface2Type":255,"surface2TypeName":"Missing","surface2Value":0.0,"gridDefinitionTemplate":0,"gridDefinitionTemplateName":"Latitude_Longitude","numberPoints":615,"shape":6,"shapeName":"Earth spherical with radius of 6,371,229.0 m","gridUnits":"degrees","resolution":48,"winds":"true","scanMode":64,"nx":41,"ny":15,"basicAngle":0,"lo1":47.0,"la1":41.0,"lo2":87.0,"la2":55.0,"dx":1.0,"dy":1.0}, "data":
[rows 0 to 14 of 15, columns 0 to 40 of 41]
0.40251952,1.2925196,-0.42748046,-1.2474805,0.27251953,2.2325196,7.2225194,5.4425197,4.1625195,4.1825194,5.6225195,5.6925197,2.8725195,1.4925195,0.7925195,1.1725196,1.7925196,2.6725194,4.1725197,4.0825195,5.0625196,4.9525194,5.2125196,4.3125196,9.26252,3.1825194,3.3925195,6.2925196,2.2725196,2.5125196,3.3825195,1.6225195,1.1625196,4.9125195,3.2525196,-0.38748047,-2.4374804,-1.2374805,0.6025195,1.4325196,3.7525196
1.3325195,1.6625196,0.7825195,0.81251955,2.2425196,5.4025197,5.1125197,3.8825195,5.5125194,4.4225197,5.4825196,3.5825195,1.0125195,2.1925194,0.44251955,1.5525196,0.8425195,3.2625196,3.5025196,3.6025195,4.6725197,6.1525197,5.3725195,4.5925198,2.5725195,-0.43748048,0.5325195,3.8725195,-3.7574804,0.63251954,0.9225195,0.012519531,-0.5174805,-0.14748047,0.23251954,1.9325196,0.99251956,3.9325194,3.4525194,3.0025196,-2.2574804
-0.09748047,0.70251954,1.8325195,3.5025196,4.5125194,6.8125196,3.6125195,3.0025196,5.1825194,3.6325195,2.3325195,1.9725195,4.3525195,0.042519532,0.6625195,1.5225196,2.1525195,2.3725195,4.0025196,5.3325195,5.6125197,6.3525195,5.1525197,7.2225194,5.9425197,5.4225197,1.5425196,0.20251954,3.8125196,-0.6574805,0.5325195,-1.7074804,3.4925196,-3.7874804,-0.37748048,-2.6074805,0.64251953,-0.67748046,4.9625196,-2.2474804,-0.7074805
-0.43748048,-0.92748046,1.3725195,2.6425195,7.5425196,4.4225197,3.8525195,1.3725195,1.9525195,3.1825194,3.4925196,3.8225195,-2.8974805,-1.9374804,3.2125196,5.0125194,3.3025196,3.5625196,4.2425194,5.5825195,4.4625196,5.9625196,5.8125196,4.6625195,6.5125194,7.9225197,-2.3574805,-2.2874804,-2.5574806,0.64251953,2.9625196,2.9825196,-0.18748046,0.37251952,0.68251956,2.2225196,-0.9074805,0.5225195,-0.8474805,-2.1474805,-1.6574805
5.5725193,0.32251954,1.1025195,1.5725195,2.0625196,3.3225195,4.6025195,2.9125195,1.7925196,1.9625195,1.5025195,3.4525194,-0.32748047,2.1625195,3.2525196,6.9025197,7.6825194,4.3725195,4.5425196,4.7625194,5.2625194,3.3225195,3.9725196,4.8325195,4.9825196,-5.3374805,-5.6074805,0.47251952,-3.3274806,-1.5974804,-0.7674805,-2.7474804,-1.2774805,-0.12748046,-2.1074805,-0.85748047,1.6825196,-1.5274805,-0.5974805,-0.7274805,-0.85748047
4.8925195,5.0325193,2.1925194,2.2325196,2.3725195,4.9125195,5.8825197,6.0225196,5.0425196,5.4625196,5.3525195,5.3025193,4.2025194,4.3625197,5.1125197,7.4025197,8.652519,4.7225194,4.4625196,2.7925196,2.6025195,-0.03748047,0.40251952,-1.6874804,-1.4674804,-6.3874803,-4.5574803,-4.8174806,-2.4174805,-0.75748044,-0.75748044,-0.93748045,0.82251954,0.48251954,-1.0874804,0.81251955,1.5625196,3.1225195,-0.05748047,0.27251953,0.5425195
4.8625197,5.8825197,4.1325197,5.1025195,4.2825193,4.8325195,5.0825195,6.1325197,6.2525196,6.7425194,6.9825196,6.4525194,6.8625197,8.952519,8.88252,5.3325195,6.8925195,3.3825195,2.6625195,2.5925195,1.8425195,0.12251953,-0.54748046,-0.03748047,-1.5274805,-0.08748047,-1.8274804,-1.3974805,-0.5174805,-0.67748046,-0.5974805,-0.61748046,-0.047480468,0.94251955,2.9725196,1.3925195,1.6325195,-1.0274805,3.0225196,-0.49748048,0.03251953
4.5025196,4.8825197,5.2425194,5.0625196,4.5125194,4.4425197,3.9025195,4.0525193,5.9525194,7.1525197,7.3425198,7.5825195,3.5325196,7.4325194,5.6725197,0.24251953,1.9825195,0.93251956,-0.69748044,2.9925196,1.9625195,1.1125195,-0.61748046,-0.047480468,-0.31748047,0.33251953,0.45251954,0.09251953,-1.1474805,-0.50748044,-1.8974805,-2.3874805,-3.4474804,-1.1674805,-1.5074805,-2.8474805,-1.8474804,1.8925195,4.2025194,3.5925195,2.9825196
6.3025193,6.3525195,6.2225194,6.2125196,6.4825196,5.5125194,4.6625195,4.3725195,4.2025194,5.5525193,6.7125196,6.9325194,0.42251953,-0.0074804686,-0.40748048,-3.5274804,-2.2074804,-0.14748047,0.5225195,2.4525194,-0.16748047,0.89251953,-0.32748047,0.20251954,1.2925196,1.3725195,1.1025195,0.81251955,1.4025196,1.0425196,0.63251954,-1.3974805,-2.4474804,-2.4374804,-1.0974804,1.3025196,-0.6574805,-0.81748044,0.23251954,0.07251953,0.6725195
5.6225195,5.3625197,6.7525196,7.6025195,7.4725194,7.3925195,6.7725196,5.7925196,5.3625197,4.8325195,6.4825196,3.5525196,2.4825196,0.75251955,-3.9174805,-1.3874805,2.2625196,10.452519,3.5725195,-2.8574805,-4.5374804,-3.0674806,-1.6774805,0.40251952,0.95251954,2.2825196,2.3325195,2.5325196,1.5225196,2.1725194,1.2125195,-0.5874805,-1.0574805,-0.46748048,-1.0474805,0.02251953,0.32251954,0.35251954,0.7825195,0.63251954,0.82251954
5.0725193,5.5825195,2.9825196,4.3325195,7.4825196,5.9725194,3.8425195,6.4125195,7.1225195,5.9325194,5.3325195,7.1325197,-0.7174805,0.63251954,1.4025196,0.18251953,0.88251954,2.0025196,-0.5774805,1.1325195,0.27251953,4.8825197,2.3325195,1.8325195,2.0825195,1.6725196,2.7625196,-0.15748046,1.3525195,2.2425196,1.0625196,0.06251953,0.6525195,1.5525196,-0.5174805,-0.8874805,0.15251952,0.8625195,-0.22748047,-0.31748047,0.95251954
4.3625197,5.0525193,4.9825196,6.5025196,6.7925196,5.6725197,5.2925196,8.272519,8.1225195,6.1125197,5.8725195,6.0625196,3.1725194,0.27251953,2.3625195,1.4925195,1.2125195,4.4925194,5.1225195,1.9625195,2.1325195,1.6725196,3.4625196,1.4925195,1.8225195,1.7625195,0.34251952,-1.7874805,0.49251953,2.8525195,3.4325194,3.0325196,1.5925195,0.80251956,0.102519535,-0.21748047,0.09251953,-1.8374804,-1.7774805,-1.1574805,-0.75748044
2.8025196,5.5725193,5.4125195,4.3425198,4.5525193,4.5325193,5.7825193,4.6625195,6.5225196,4.4925194,0.6625195,3.4225194,3.0525196,3.5925195,-1.5674804,0.88251954,2.2325196,3.6225195,2.5225196,2.6325195,2.7025194,5.0225196,-0.37748048,0.45251954,-2.0074804,0.37251952,1.4525195,1.0725195,3.0925195,3.1025195,3.0025196,2.8625195,2.1425195,2.2425196,2.3625195,1.2425195,0.03251953,-0.38748047,-1.0274805,-1.5774804,-0.5974805
3.2225196,5.2825193,6.7325196,6.1725197,6.4425197,6.1325197,6.3425198,6.3025193,4.5625196,5.4025197,0.32251954,0.37251952,4.0825195,0.95251954,-1.0474805,-0.50748044,-0.28748047,-1.1974804,-2.4774804,-2.9874804,-2.5274804,-1.5074805,-1.5774804,-1.0474805,1.4225196,1.3625195,3.7025194,3.6925194,3.9225194,4.3625197,4.5825195,4.6425195,3.6125195,2.7225196,2.4925196,1.1525196,-0.27748048,0.9725195,0.6725195,0.44251955,-0.16748047
2.4325194,3.7125196,5.7125196,4.8125196,5.4525194,5.7425194,7.3625197,7.4425197,7.6425195,5.5825195,0.5425195,1.2625195,-0.46748048,0.38251954,-2.8974805,-2.9474804,-2.6774805,-1.9274805,-2.1974804,-0.99748045,-0.49748048,1.2925196,2.4425194,2.6225195,3.0125196,3.1725194,2.4725196,3.3225195,2.9625196,3.4325194,4.6325197,3.9225194,4.1725197,4.5225196,4.8025193,3.3625195,2.6125195,4.4325194,4.4625196,0.80251956,-1.4074805
