wind.json
{"header": {"discipline":0,"disciplineName":"Meteorological products","gribEdition":2,"gribLength":1039,"center":7,"centerName":"US National Weather Service - NCEP(WMC)","subcenter":0,"refTime":"2023-06-29T18:00:00.000Z","significanceOfRT":1,"significanceOfRTName":"Start of forecast","productStatus":0,"productStatusName":"Operational products","productType":1,"productTypeName":"Forecast products","productDefinitionTemplate":0,"productDefinitionTemplateName":"Analysis/forecast at horizontal level/layer at a point in time","parameterCategory":0,"parameterCategoryName":"UnknownDiscipline_0_Category_0","parameterNumber":0,"parameterNumberName":"UnknownParameter_D0_C0_0","parameterUnit":"Unknown","genProcessType":2,"genProcessTypeName":"Forecast","forecastTime":300,"surface1Type":1,"surface1TypeName":"Ground or water surface","surface1Value":0.0,"surface2Type":255,"surface2TypeName":"Missing","surface2Value":0.0,"gridDefinitionTemplate":0,"gridDefinitionTemplateName":"Latitude_Longitude","numberPoints":688,"shape":6,"shapeName":"Earth spherical with radius of 6,371,229.0 m","gridUnits":"degrees","resolution":48,"winds":"true","scanMode":64,"nx":43,"ny":16,"basicAngle":0,"lo1":45.0,"la1":40.0,"lo2":87.0,"la2":55.0,"dx":1.0,"dy":1.0}, "data":
[rows 0 to 15 of 16, columns 0 to 42 of 43]
293.10883,285.50885,298.50885,306.80884,302.80884,298.40884,297.60883,296.10883,307.90884,307.80884,302.10883,300.30884,299.10883,305.00885,303.10883,315.90884,308.70883,327.60883,331.90884,331.00885,328.40884,327.90884,324.30884,324.30884,321.20883,315.30884,316.10883,307.30884,304.40884,305.00885,307.50885,320.40884,323.70883,325.80884,330.40884,330.10883,331.20883,335.00885,333.20883,337.20883,338.00885,339.10883,344.80884
295.10883,306.90884,301.10883,291.10883,304.00885,297.30884,297.40884,296.00885,309.70883,318.80884,310.70883,308.10883,307.50885,305.50885,304.30884,302.00885,306.60883,325.60883,316.10883,325.80884,332.40884,332.20883,333.00885,329.20883,320.40884,322.30884,321.30884,324.40884,318.40884,296.50885,298.70883,301.00885,303.10883,298.10883,310.60883,323.60883,327.30884,328.60883,330.50885,332.80884,336.40884,336.20883,338.00885
291.80884,291.10883,284.60883,295.10883,297.50885,297.50885,297.30884,295.10883,323.30884,319.00885,318.80884,318.30884,313.70883,315.00885,313.20883,307.60883,310.00885,318.70883,309.20883,322.90884,319.80884,327.90884,329.80884,323.10883,324.00885,311.20883,296.70883,294.10883,302.80884,298.60883,296.10883,288.80884,298.70883,296.00885,308.50885,273.20883,301.20883,321.40884,325.50885,329.10883,331.20883,320.00885,287.10883
293.80884,298.10883,306.20883,298.00885,298.10883,297.90884,296.70883,319.40884,320.30884,321.60883,319.20883,317.50885,316.60883,317.40884,314.10883,312.10883,308.90884,311.10883,318.00885,321.60883,318.80884,315.90884,320.60883,311.90884,323.20883,314.80884,317.30884,317.70883,320.00885,319.20883,320.40884,299.40884,288.30884,297.30884,300.80884,305.40884,308.20883,305.90884,300.20883,298.00885,304.30884,300.00885,299.20883
307.80884,311.50885,311.60883,298.40884,298.70883,297.90884,301.90884,317.10883,318.00885,320.30884,318.80884,318.50885,316.40884,314.20883,295.40884,294.80884,314.00885,314.10883,315.20883,320.30884,322.30884,319.60883,318.40884,313.30884,317.70883,323.00885,324.00885,322.00885,324.60883,322.40884,316.90884,324.90884,327.70883,315.20883,330.70883,320.90884,324.40884,317.00885,299.20883,287.50885,305.40884,327.90884,328.10883
308.70883,310.50885,312.80884,299.00885,299.10883,299.50885,305.70883,314.80884,317.60883,318.10883,317.30884,316.70883,316.90884,316.00885,295.90884,295.30884,292.40884,316.10883,317.90884,313.90884,313.90884,318.00885,320.70883,319.30884,319.10883,321.70883,321.70883,315.40884,325.30884,315.40884,325.20883,325.60883,324.10883,320.80884,291.80884,292.40884,306.20883,322.00885,316.40884,330.70883,332.80884,328.60883,329.80884
307.70883,311.10883,311.20883,311.40884,299.40884,298.80884,298.60883,297.80884,317.00885,317.20883,316.10883,315.30884,315.00885,314.60883,297.50885,294.50885,303.00885,311.20883,315.50885,315.60883,314.80884,315.90884,316.00885,317.20883,319.10883,320.40884,312.10883,315.60883,320.30884,291.20883,320.90884,325.90884,323.70883,322.80884,317.60883,322.10883,317.50885,311.20883,312.10883,314.20883,330.50885,336.20883,325.80884
308.80884,310.20883,309.30884,309.70883,311.70883,312.70883,309.20883,310.20883,313.60883,313.50885,313.40884,311.10883,312.00885,312.20883,313.30884,313.80884,313.90884,311.40884,312.40884,308.50885,313.00885,312.90884,313.40884,315.80884,317.10883,317.60883,317.90884,318.10883,321.20883,313.60883,327.90884,324.60883,324.60883,325.10883,321.60883,323.90884,328.10883,320.80884,308.50885,310.20883,306.10883,305.90884,322.00885
308.10883,305.60883,308.90884,310.80884,311.20883,311.10883,311.90884,309.20883,312.90884,309.30884,309.90884,309.70883,309.60883,309.60883,311.80884,311.10883,311.80884,308.60883,311.90884,310.40884,310.10883,312.00885,310.20883,305.80884,317.10883,315.60883,314.70883,308.80884,306.70883,309.60883,316.80884,321.40884,320.30884,322.80884,319.20883,307.80884,313.60883,324.60883,331.60883,289.40884,323.00885,322.70883,317.10883
294.20883,307.20883,307.50885,309.50885,310.30884,309.40884,310.10883,309.70883,308.60883,306.70883,307.90884,307.50885,300.00885,306.20883,307.10883,309.50885,305.00885,305.20883,306.80884,308.00885,305.10883,303.10883,301.70883,310.30884,314.70883,314.00885,314.40884,314.90884,306.40884,302.50885,296.20883,308.50885,314.50885,316.20883,318.60883,306.70883,311.00885,317.00885,317.30884,315.90884,300.70883,295.70883,299.70883
302.80884,305.00885,304.60883,306.10883,302.70883,298.50885,305.30884,301.70883,298.30884,306.80884,306.80884,303.50885,302.70883,302.10883,299.90884,304.10883,301.50885,302.30884,299.80884,300.10883,292.80884,301.50885,301.80884,303.40884,305.40884,304.80884,312.10883,310.80884,309.50885,308.30884,309.10883,313.60883,317.70883,320.60883,319.20883,315.40884,318.60883,309.40884,307.10883,300.60883,302.00885,301.40884,301.10883
300.30884,296.30884,302.40884,302.60883,302.60883,295.40884,303.10883,291.60883,296.40884,304.50885,303.20883,301.20883,300.50885,299.10883,302.00885,299.10883,297.10883,291.70883,291.00885,293.60883,291.60883,290.30884,293.10883,295.20883,303.70883,300.80884,301.40884,307.30884,305.40884,311.20883,312.50885,319.60883,320.70883,320.00885,318.90884,313.80884,314.00885,313.60883,303.80884,301.80884,300.70883,301.10883,298.40884
298.20883,299.30884,300.40884,300.60883,298.30884,296.80884,300.20883,288.20883,290.00885,300.70883,300.40884,301.10883,297.40884,295.10883,297.50885,295.00885,289.10883,287.10883,287.40884,289.10883,290.50885,289.90884,289.30884,294.10883,297.90884,300.80884,300.30884,308.50885,310.60883,311.60883,317.40884,316.90884,312.20883,314.90884,313.10883,309.50885,311.70883,315.30884,316.50885,311.80884,306.40884,304.60883,303.40884
297.60883,298.40884,293.60883,297.20883,299.40884,299.90884,290.60883,289.20883,296.80884,300.50885,300.40884,297.90884,293.20883,291.60883,293.40884,290.20883,285.80884,284.60883,285.60883,286.40884,287.70883,286.90884,287.00885,287.30884,289.00885,289.50885,296.20883,306.60883,312.90884,312.80884,315.90884,315.30884,310.00885,309.40884,298.10883,307.90884,311.10883,310.40884,308.40884,304.70883,303.80884,303.20883,302.20883
296.60883,296.10883,294.30884,298.20883,295.00885,298.10883,297.40884,296.40884,297.30884,289.50885,296.80884,296.90884,291.20883,290.20883,292.30884,289.20883,285.70883,283.70883,284.30884,285.20883,285.50885,286.80884,287.90884,289.40884,291.70883,292.10883,293.90884,303.00885,302.70883,303.70883,305.50885,302.00885,310.60883,306.90884,310.10883,309.00885,307.40884,306.70883,305.20883,305.90884,306.40884,302.00885,299.60883
293.10883,292.50885,292.00885,291.00885,292.30884,294.70883,296.50885,296.80884,294.20883,297.20883,297.50885,297.30884,294.00885,289.80884,289.10883,289.00885,284.80884,283.70883,284.10883,284.90884,285.50885,286.50885,287.10883,288.10883,289.50885,292.80884,297.70883,294.30884,299.30884,296.60883,294.00885,305.50885,299.70883,296.80884,303.60883,302.60883,307.00885,304.20883,302.60883,303.40884,304.30884,302.60883,302.70883
