wind_kz.json
{"header": {"discipline":0,"disciplineName":"Meteorological products","gribEdition":2,"gribLength":1025,"center":7,"centerName":"US National Weather Service - NCEP(WMC)","subcenter":0,"refTime":"2024-02-02T06:00:00.000Z","significanceOfRT":1,"significanceOfRTName":"Start of forecast","productStatus":0,"productStatusName":"Operational products","productType":1,"productTypeName":"Forecast products","productDefinitionTemplate":0,"productDefinitionTemplateName":"Analysis/forecast at horizontal level/layer at a point in time","parameterCategory":2,"parameterCategoryName":"UnknownDiscipline_0_Category_2","parameterNumber":2,"parameterNumberName":"UnknownParameter_D0_C2_2","parameterUnit":"Unknown","genProcessType":2,"genProcessTypeName":"Forecast","forecastTime":300,"surface1Type":103,"surface1TypeName":"Specified height level above ground","surface1Value":10.0,"surface2Type":255,"surface2TypeName":"Missing","surface2Value":0.0,"gridDefinitionTemplate":0,"gridDefinitionTemplateName":"Latitude_Longitude","numberPoints":615,"shape":6,"shapeName":"Earth spherical with radius of 6,371,229.0 m","gridUnits":"degrees","resolution":48,"winds":"true","scanMode":64,"nx":41,"ny":15,"basicAngle":0,"lo1":47.0,"la1":41.0,"lo2":87.0,"la2":55.0,"dx":1.0,"dy":1.0}, "data":
[rows 0 to 14 of 15, columns 0 to 40 of 41]
2.285213,-0.054786988,-0.69478697,5.055213,1.8352131,0.37521303,1.9652131,-4.494787,-7.314787,-6.054787,-5.684787,-5.994787,-7.354787,-5.944787,-5.004787,-6.054787,-4.7247868,-3.284787,-3.524787,-3.344787,-4.744787,-1.884787,-1.994787,-2.814787,-0.974787,-2.1047869,-3.654787,-1.234787,1.575213,1.595213,1.325213,2.105213,0.565213,0.695213,3.1452131,3.135213,3.255213,3.235213,2.785213,2.935213,2.875213
2.035213,0.44521302,5.0252132,6.625213,0.12521301,-3.514787,-3.884787,-5.524787,-6.644787,-6.644787,-5.734787,-5.594787,-5.904787,-4.874787,-2.994787,-4.554787,-3.684787,-3.234787,-2.704787,-2.734787,-2.094787,-1.684787,-1.024787,-4.164787,0.035213012,1.945213,-1.514787,1.275213,-1.7947869,-0.554787,0.28521302,-0.07478699,2.045213,-2.304787,0.685213,-0.034786988,0.335213,0.265213,0.86521304,0.16521302,-0.354787
2.485213,2.375213,4.015213,-0.044786986,-4.204787,-4.254787,-5.074787,-3.814787,-7.684787,-6.9747868,-4.344787,-5.644787,-4.364787,-4.634787,-4.174787,-4.074787,-3.474787,-2.714787,-3.004787,-3.124787,-3.264787,-2.924787,-3.134787,-1.464787,-0.044786986,-0.774787,-1.984787,-1.874787,-2.154787,-0.484787,-1.524787,2.705213,0.645213,0.14521301,0.685213,-0.43478698,0.435213,0.80521303,0.74521303,2.765213,0.545213
5.755213,3.195213,5.515213,-1.344787,-0.254787,-4.554787,-3.624787,-4.894787,-5.574787,-4.764787,-5.644787,-5.294787,-4.924787,-5.044787,-4.264787,-4.074787,-3.844787,-3.734787,-2.704787,-2.414787,-2.494787,-1.384787,-2.154787,-0.684787,1.315213,1.725213,0.115213014,-2.324787,2.635213,1.855213,-2.444787,-2.874787,-2.744787,-2.654787,-2.004787,-2.264787,-1.934787,2.375213,1.285213,0.605213,0.585213
2.965213,1.905213,1.055213,0.98521304,-0.254787,-4.904787,-4.9747868,-4.414787,-5.234787,-5.484787,-5.214787,-5.304787,-5.264787,-5.684787,-5.824787,-3.954787,-3.724787,-3.044787,-1.984787,-0.674787,-0.914787,-1.924787,-2.244787,-2.704787,-2.864787,-3.184787,-3.124787,-0.27478698,-3.074787,-3.1047869,-2.314787,-1.1647869,-2.3547869,1.355213,2.425213,0.705213,-0.18478699,-0.18478699,0.295213,0.16521302,-0.46478698
-2.754787,-2.074787,-3.404787,-3.044787,-4.314787,-4.7247868,-4.814787,-5.514787,-4.994787,-5.544787,-5.384787,-5.034787,-4.704787,-5.694787,-3.664787,-3.584787,-3.724787,-3.414787,-3.904787,-2.834787,-3.144787,-0.954787,-1.254787,-1.934787,-2.994787,-3.734787,-2.714787,-2.574787,-3.084787,-2.8547869,-2.974787,-2.454787,-1.374787,-0.11478699,0.335213,-1.474787,1.255213,2.275213,0.025213012,-1.5447869,-1.644787
-5.764787,-5.004787,-5.264787,-5.154787,-4.754787,-4.694787,-5.214787,-5.194787,-5.594787,-5.414787,-4.484787,-5.234787,-3.994787,-3.614787,-3.254787,-3.614787,-3.394787,-3.824787,-3.694787,-4.154787,-3.194787,-2.624787,-2.344787,-1.994787,-3.1047869,-3.814787,-1.1647869,-2.074787,-1.514787,-2.214787,-1.714787,-0.914787,-0.294787,-1.994787,-1.864787,-1.7847869,-1.234787,2.605213,-0.20478699,1.595213,1.245213
-5.554787,-6.544787,-6.594787,-5.334787,-4.574787,-4.564787,-4.554787,-4.504787,-3.974787,-4.984787,-3.814787,-4.714787,-3.3547869,-2.874787,-3.074787,-3.894787,-4.374787,-3.894787,-2.594787,-3.714787,-2.504787,-1.7947869,-2.284787,-1.904787,-1.5347869,-1.0447869,0.015213013,0.535213,1.575213,1.905213,1.315213,2.325213,0.34521303,2.215213,-0.344787,0.775213,0.885213,1.565213,-1.0447869,-0.864787,-1.964787
-4.774787,-5.574787,-5.894787,-5.484787,-5.134787,-4.074787,-4.174787,-4.144787,-4.454787,-3.564787,-3.974787,-3.824787,-2.664787,-2.704787,-4.064787,-2.804787,-3.054787,-2.8547869,-2.124787,-1.314787,-1.734787,-0.524787,-0.27478698,-0.454787,-0.12478699,0.485213,0.955213,1.365213,1.265213,2.125213,1.865213,2.235213,2.965213,0.945213,0.225213,-1.374787,-0.044786986,-0.22478698,0.845213,0.465213,-0.964787
-4.184787,-4.534787,-4.804787,-5.144787,-5.624787,-5.244787,-5.274787,-5.524787,-4.554787,-3.994787,-4.144787,-5.434787,-3.834787,-3.314787,-3.204787,-3.064787,-2.774787,-1.904787,-1.2947869,-1.344787,0.025213012,0.895213,0.665213,0.47521302,0.80521303,1.425213,2.115213,2.795213,3.845213,4.835213,4.675213,3.885213,3.565213,1.375213,-0.414787,-0.40478697,-1.824787,-0.50478697,1.475213,1.735213,0.695213
-4.304787,-4.874787,-4.164787,-3.754787,-4.394787,-4.484787,-4.454787,-4.254787,-4.894787,-5.904787,-6.044787,-5.084787,-4.384787,-5.544787,-5.534787,-5.374787,-4.684787,-3.504787,-3.834787,-3.614787,-3.774787,-3.154787,-2.164787,-0.524787,1.615213,2.345213,3.315213,3.365213,3.775213,3.265213,3.615213,4.535213,3.945213,3.325213,1.795213,0.38521302,-0.0047869873,1.355213,-0.63478696,1.805213,1.115213
-3.064787,-3.284787,-3.274787,-3.144787,-3.054787,-3.314787,-3.704787,-3.684787,-2.074787,-2.394787,-6.254787,-4.514787,-4.814787,-5.664787,-5.584787,-5.134787,-5.364787,-4.574787,-4.124787,-2.834787,-2.464787,-1.974787,-2.084787,-1.364787,-1.814787,-1.0347869,-0.024786986,1.135213,2.495213,2.225213,2.825213,2.155213,1.575213,0.015213013,1.9652131,4.825213,5.895213,7.295213,6.335213,4.105213,1.815213
-2.414787,-2.134787,-1.234787,-1.804787,-1.614787,-2.1047869,-3.334787,-3.274787,-4.814787,-0.024786986,-2.474787,-4.4747868,-4.354787,-5.114787,-4.754787,-4.294787,-3.524787,-2.994787,-1.734787,-1.804787,-1.704787,-0.914787,0.005213013,0.435213,1.4552131,1.8352131,2.565213,2.735213,2.875213,2.845213,2.715213,2.435213,2.325213,2.015213,2.355213,3.085213,3.725213,3.295213,0.655213,2.615213,4.375213
-0.76478696,-1.194787,0.835213,-1.604787,-1.1647869,-1.424787,-3.064787,-2.974787,-0.624787,-0.814787,-1.454787,-3.384787,-2.024787,-3.424787,-3.424787,-2.824787,-2.314787,-1.6647869,-1.674787,-1.7847869,-0.964787,-0.36478698,0.505213,1.255213,1.855213,1.785213,1.785213,2.095213,2.245213,2.485213,2.445213,2.435213,2.215213,2.425213,2.675213,2.6452131,2.235213,1.595213,1.145213,2.115213,1.235213
-1.064787,-0.164787,0.015213013,-1.244787,-0.954787,-1.314787,-0.384787,-1.2847869,0.395213,-0.484787,-2.314787,-0.854787,-1.874787,-2.484787,-2.954787,-2.414787,-2.114787,-2.364787,-2.624787,-1.634787,-1.274787,-0.444787,-0.544787,0.395213,0.61521304,1.345213,1.485213,2.155213,2.245213,2.265213,2.615213,2.595213,2.475213,2.635213,2.595213,3.165213,1.175213,2.265213,2.355213,2.105213,0.16521302
