wind.json
{"header": {"discipline":0,"disciplineName":"Meteorological products","gribEdition":2,"gribLength":1211,"center":7,"centerName":"US National Weather Service - NCEP(WMC)","subcenter":0,"refTime":"2023-06-27T18:00:00.000Z","significanceOfRT":1,"significanceOfRTName":"Start of forecast","productStatus":0,"productStatusName":"Operational products","productType":1,"productTypeName":"Forecast products","productDefinitionTemplate":0,"productDefinitionTemplateName":"Analysis/forecast at horizontal level/layer at a point in time","parameterCategory":2,"parameterCategoryName":"UnknownDiscipline_0_Category_2","parameterNumber":2,"parameterNumberName":"UnknownParameter_D0_C2_2","parameterUnit":"Unknown","genProcessType":2,"genProcessTypeName":"Forecast","forecastTime":120,"surface1Type":103,"surface1TypeName":"Specified height level above ground","surface1Value":10.0,"surface2Type":255,"surface2TypeName":"Missing","surface2Value":0.0,"gridDefinitionTemplate":0,"gridDefinitionTemplateName":"Latitude_Longitude","numberPoints":688,"shape":6,"shapeName":"Earth spherical with radius of 6,371,229.0 m","gridUnits":"degrees","resolution":48,"winds":"true","scanMode":64,"nx":43,"ny":16,"basicAngle":0,"lo1":45.0,"la1":40.0,"lo2":87.0,"la2":55.0,"dx":1.0,"dy":1.0}, "data":
[rows 0 to 15 of 16, columns 0 to 42 of 43]
-4.371682,0.17831787,0.09831787,-4.741682,-2.531682,0.60831785,-0.6716821,-1.4116821,-0.03168213,-2.3816822,-1.5516821,-3.741682,-1.4216821,-1.7316822,-2.181682,2.038318,2.5883179,0.11831787,-0.7916821,0.54831785,1.3083179,1.3383179,-1.9516821,0.5683179,-0.43168214,0.23831788,0.02831787,-0.65168214,-0.12168213,0.8883179,1.2983179,4.438318,-0.58168215,0.8983179,-0.78168213,-4.6916823,-4.4816823,-4.051682,-1.7716821,-2.951682,-0.19168213,0.8183179,-0.8716821
0.18831787,0.048317872,-4.701682,-0.41168213,2.538318,-0.14168213,-0.6916821,-1.7516822,2.1983178,2.278318,-2.5716822,-2.201682,-0.9816821,-0.84168214,2.6883178,0.27831787,0.71831787,-2.5516822,-1.3116821,3.1483178,2.4283178,2.8783178,4.908318,3.318318,3.3283179,-0.38168213,2.758318,-2.501682,-3.241682,-0.7316821,3.3383179,2.238318,2.038318,1.2483178,1.3683178,-0.20168214,-3.0516822,-2.501682,0.01831787,1.8983178,1.6583179,2.1383178,-0.17168213
-0.9916821,-1.9916822,2.3683178,2.218318,-9.541682,-4.851682,-1.8416821,-0.16168213,2.4383178,3.3283179,2.6983178,-0.7916821,-0.03168213,-0.14168213,1.3283179,-0.08168213,-2.0516822,-0.061682127,2.8383179,3.6983178,4.9583178,5.238318,5.368318,6.188318,-0.34168214,-0.5016821,2.4183178,0.02831787,-2.0916822,0.23831788,-0.83168215,-0.21168213,-0.45168212,1.7883179,-0.13168213,-3.011682,0.5883179,0.6383179,1.1083179,-0.05168213,1.0183178,1.4783179,-1.1916821
-0.5516821,0.12831788,-1.1616821,-5.741682,-5.351682,-2.8016822,-0.48168212,2.818318,5.648318,7.218318,1.8783178,-0.77168214,0.9483179,1.9283179,2.6483178,-0.21168213,-0.09168213,2.778318,3.6083179,4.898318,6.238318,8.018318,8.038318,3.778318,3.6083179,-0.11168213,1.4283179,2.9083178,4.108318,1.0583179,-4.6716824,-0.15168212,-1.2716821,2.5883179,0.8283179,-0.17168213,1.0183178,-1.2316822,0.8183179,0.32831788,2.2083178,2.268318,2.1583178
-4.351682,-5.741682,-3.6516821,-3.6616821,-2.0716822,-0.021682128,2.008318,3.488318,2.538318,1.4483179,-0.45168212,0.13831787,1.6783179,2.568318,2.268318,3.258318,3.998318,4.5583177,4.118318,6.298318,8.788318,7.548318,5.568318,3.8583179,2.3583179,9.378318,6.168318,5.098318,1.3383179,-2.3916821,-2.691682,-2.6116822,-0.33168212,-0.51168215,0.47831786,0.12831788,-2.5816822,-1.8916821,-1.3916821,2.278318,0.84831786,-0.25168213,-1.8516822
-1.3616822,-2.251682,-0.6016821,1.0283179,2.488318,3.808318,5.2283177,3.3783178,3.1383178,2.268318,3.8383179,4.4783177,4.438318,5.0383177,4.2483177,6.2483177,7.128318,6.278318,7.088318,7.8083177,6.8283176,7.528318,9.768318,6.718318,8.2383175,-2.201682,-0.15168212,-6.561682,-8.971683,-4.891682,-6.471682,-5.031682,-3.8716822,-3.3816822,-2.5516822,1.6283178,2.548318,1.1683179,-0.5016821,-3.011682,-3.741682,-3.5616822,-5.141682
1.6883179,2.028318,1.3683178,2.528318,6.7883177,5.628318,6.598318,7.928318,6.588318,6.138318,4.648318,6.2083178,7.3283176,3.6483178,4.7283177,4.848318,6.128318,6.408318,8.178318,9.978318,5.908318,6.798318,3.038318,2.6683178,-0.41168213,-6.861682,-6.811682,-8.541682,-5.741682,-7.451682,-5.2316823,-5.091682,-5.281682,-5.081682,-2.8416822,-2.451682,-1.3016821,-1.1216822,-0.16168213,-0.13168213,1.1183178,-5.381682,-5.591682
5.348318,3.1483178,1.9583179,0.78831786,3.248318,3.0883179,8.228318,6.798318,7.5383177,7.9783177,8.578318,9.008318,3.1583178,2.548318,0.40831786,2.8983178,3.4083178,4.528318,6.2883177,5.2683177,4.468318,2.298318,-2.011682,11.378318,-1.4016821,-3.461682,-6.411682,-6.971682,-3.961682,-4.741682,-4.2516823,-5.9416823,-6.741682,-5.7316823,-2.9116821,-4.091682,-2.211682,-2.1616821,-1.3316821,1.3983178,-0.16168213,1.2583178,4.408318
3.3383179,3.278318,2.4183178,3.6383178,1.2883179,0.8283179,1.7383178,3.4483178,2.518318,2.718318,2.998318,3.1483178,0.45831788,-1.2616822,0.90831786,2.6983178,3.6383178,3.9583178,5.738318,3.6883178,5.0783176,4.218318,3.6183178,3.0883179,-2.3416822,-4.781682,-4.631682,-3.1616821,-2.0716822,-2.001682,-5.121682,-6.5416822,-4.9416823,-3.0716822,-3.6416821,-1.7116821,-3.191682,-1.1516821,0.01831787,1.8583179,1.2483178,5.168318,-1.3616822
4.098318,0.5683179,0.25831786,1.7983179,2.8283179,2.6583178,2.8483179,2.3483179,3.498318,1.7883179,1.4983178,1.5583179,2.288318,0.40831786,3.538318,2.9583178,4.818318,2.7083178,4.148318,1.4483179,3.978318,1.9383179,-1.7916821,-4.301682,5.4583178,-2.761682,-3.021682,-3.761682,-2.761682,-3.531682,-4.131682,-4.4816823,-4.721682,-2.3316822,-1.8016821,-2.761682,-0.7316821,-0.19168213,0.78831786,-2.5616822,-1.9816822,1.1283178,-1.9416821
3.548318,2.8483179,2.1883178,1.7183179,3.1283178,3.6983178,4.0383177,2.4483178,2.298318,2.808318,3.1683178,3.018318,3.278318,2.278318,3.568318,2.4583178,2.1483178,1.4183179,2.298318,3.6583178,4.648318,-1.6916821,1.7883179,0.9483179,-2.1616821,-4.831682,-4.9216824,-5.9416823,-6.0016823,-7.131682,-5.611682,-4.201682,-4.1916823,-4.601682,-4.0016823,-2.731682,0.41831788,1.1283178,-2.021682,0.23831788,-2.9216821,-0.59168214,-0.49168214
2.038318,-0.9116821,0.29831788,2.8583179,3.8883178,3.4183178,3.4083178,3.1683178,3.478318,3.4383178,2.4383178,3.6983178,2.068318,4.0383177,3.4283178,3.8783178,3.1383178,2.978318,1.9683179,4.088318,3.4583178,-0.8016821,1.6683179,-1.7516822,-8.561682,-8.051682,-6.2716823,-5.9816823,-5.9216824,-6.5416822,-4.4216824,-4.581682,-4.801682,-5.651682,-4.611682,-3.251682,-1.6616821,-1.5116822,-1.7516822,-1.3316821,-0.83168215,0.66831785,-1.5716821
2.308318,1.9883178,2.1083179,3.3783178,4.888318,3.488318,3.988318,3.218318,2.978318,1.9683179,3.1383178,1.0483179,2.548318,3.068318,3.1983178,3.238318,3.4183178,3.298318,3.298318,2.6283178,0.7583179,-1.0916821,1.5183178,1.5583179,-6.511682,-5.7516823,-6.011682,-4.701682,-6.451682,-6.901682,-5.971682,-8.251682,-6.5016823,-5.111682,-3.2916822,-3.6116822,-3.181682,-3.0816822,-3.6716821,-2.231682,-0.95168215,-0.8616821,-0.6116821
2.478318,2.8383179,2.268318,2.9483178,3.8383179,3.218318,2.728318,1.6383178,2.308318,2.0883179,3.4383178,2.1083179,0.7483179,2.258318,2.0783179,3.0783179,3.278318,3.028318,1.4183179,2.4083178,1.2483178,0.32831788,-0.8116821,1.1683179,-3.6216822,-5.0016823,-3.8716822,-6.031682,-5.651682,-5.6716824,-6.651682,-6.0016823,-5.341682,-4.2716823,-3.6716821,-3.8116822,-3.6016822,-3.211682,-3.0416822,-2.711682,-3.5516822,-1.9716821,-1.3516822
3.248318,1.7283179,3.1183178,2.818318,4.008318,4.2883177,3.3483179,3.5783179,2.028318,3.0983179,2.528318,2.1283178,0.5783179,1.2183179,1.6783179,2.4283178,2.478318,2.7083178,2.038318,2.5983179,0.98831785,3.558318,-1.7116821,-2.0816822,-1.2416822,-4.611682,-4.491682,-6.0416822,-5.531682,-5.201682,-5.5016823,-4.471682,-3.721682,-2.531682,-3.6116822,-3.4016821,-2.5516822,-3.6316822,-3.1616821,-2.8116822,-2.231682,-1.5616821,-1.2216821
1.6983179,1.9083179,1.3783178,3.4583178,4.688318,3.8583179,4.378318,3.8383179,3.048318,2.8283179,3.258318,3.718318,0.19831787,0.06831787,0.37831786,1.3083179,1.9983178,1.7683178,0.97831786,1.1283178,0.67831784,2.288318,0.36831787,-0.37168214,-1.6816821,-4.681682,-4.581682,-4.841682,-4.701682,-4.311682,-3.761682,-3.0516822,-2.8016822,-3.8716822,-3.1516821,-3.0516822,-2.9016821,-2.8516822,-2.451682,-2.3716822,-2.231682,-2.8516822,-1.2716821
