wind_kz.json
{"header": {"discipline":0,"disciplineName":"Meteorological products","gribEdition":2,"gribLength":1025,"center":7,"centerName":"US National Weather Service - NCEP(WMC)","subcenter":0,"refTime":"2023-08-19T00:00:00.000Z","significanceOfRT":1,"significanceOfRTName":"Start of forecast","productStatus":0,"productStatusName":"Operational products","productType":1,"productTypeName":"Forecast products","productDefinitionTemplate":0,"productDefinitionTemplateName":"Analysis/forecast at horizontal level/layer at a point in time","parameterCategory":2,"parameterCategoryName":"UnknownDiscipline_0_Category_2","parameterNumber":3,"parameterNumberName":"UnknownParameter_D0_C2_3","parameterUnit":"Unknown","genProcessType":2,"genProcessTypeName":"Forecast","forecastTime":0,"surface1Type":103,"surface1TypeName":"Specified height level above ground","surface1Value":10.0,"surface2Type":255,"surface2TypeName":"Missing","surface2Value":0.0,"gridDefinitionTemplate":0,"gridDefinitionTemplateName":"Latitude_Longitude","numberPoints":615,"shape":6,"shapeName":"Earth spherical with radius of 6,371,229.0 m","gridUnits":"degrees","resolution":48,"winds":"true","scanMode":64,"nx":41,"ny":15,"basicAngle":0,"lo1":47.0,"la1":41.0,"lo2":87.0,"la2":55.0,"dx":1.0,"dy":1.0}, "data":
[rows 0 to 14 of 15, columns 0 to 40 of 41]
0.3395215,-1.9504786,1.6095215,-2.3004785,-5.3304787,-6.2604785,-4.4704785,-3.7604785,-3.3004785,-3.6204786,-4.4604783,1.1495215,2.5195215,3.3295214,1.8495215,-0.32047853,-1.9704785,-2.0504785,-2.3504784,-0.5104785,-0.8204785,0.3495215,1.0495214,-1.3804785,-1.0904785,-1.6304785,-1.2704785,0.6795215,0.65952146,2.6895216,-0.65047854,-1.2804785,2.0895214,0.32952148,-0.7504785,0.119521484,0.52952147,-2.1604786,-1.1604785,-2.1204786,1.3395215
-0.09047852,1.5995215,2.5495214,-1.8104786,-5.5704784,-6.5904784,-5.8104787,-3.1104784,-3.3404784,-3.1204786,-3.1004784,-3.0104785,3.1395216,2.7595215,0.83952147,0.15952149,-1.4304786,-3.3404784,-1.6104785,1.1195215,-0.85047853,-2.5704784,-1.0304785,1.5195215,0.20952149,-0.5604785,-2.3204784,0.35952148,-0.6404785,1.3695215,3.4095216,3.8695214,0.41952148,-0.5704785,-2.1304786,-1.2704785,-2.2004786,-5.2004786,-3.7104785,-5.3204784,-2.6904786
1.7395215,2.2095215,1.6295215,-0.97047853,-4.1704783,-4.0304785,-4.8804784,-5.3004785,-3.5604784,-3.8004785,-3.9304786,-2.0004785,3.7095215,2.8995216,2.2995214,0.41952148,-1.0304785,-3.5604784,0.5695215,3.3295214,1.6995215,-1.1104785,-3.1604786,-1.5404785,-0.59047854,0.6395215,0.65952146,1.7595215,-0.36047852,2.0095215,2.6795216,0.6695215,2.0795214,-1.2204785,-0.18047851,2.2495215,3.7395215,0.7395215,-0.29047853,-1.1804786,1.2895215
-0.7504785,0.44952148,-0.45047852,-0.9304785,-2.7904785,-2.5704784,-3.2504785,-4.3904786,-3.4304786,-3.0104785,-2.5904784,-0.6304785,1.8195214,4.9595213,2.7895215,-0.100478515,-1.6204785,-1.8604785,-1.4604785,-1.6704785,-0.6804785,-1.8104786,2.6895216,0.14952148,-1.9604785,-3.1704786,-2.9704785,-2.1904786,0.7995215,-1.1204785,-2.1304786,-1.7704785,-0.3104785,-0.72047853,-0.6704785,-2.4204786,-0.4004785,2.6395216,1.8195214,1.7195215,0.9195215
-0.08047852,2.0495214,0.53952146,0.06952149,-0.17047852,-0.6404785,-1.6404785,-0.8004785,-2.9904785,-0.6704785,-1.2304785,0.35952148,1.9395214,1.8095214,1.5795215,0.9295215,1.2095215,0.9195215,-0.050478514,-0.8304785,-1.3004785,1.5895215,0.5495215,-0.030478515,-0.14047852,-1.8504785,-2.4704785,-1.7804785,-2.2304785,-2.2004786,-1.4704785,-0.27047852,2.2995214,3.2595215,-0.5804785,-1.6704785,-2.4704785,0.9295215,-2.8104784,1.4995215,2.8695214
-3.1704786,-1.7804785,-1.2304785,-3.3604784,0.4395215,-0.5604785,-1.8304785,-3.7204785,-3.4304786,-1.6104785,-2.8304784,-1.9304786,-2.4504786,-2.0804784,-1.1404785,-1.2804785,-0.12047852,0.8195215,0.9895215,0.32952148,-1.4004785,0.2795215,1.9595215,0.8195215,-0.11047851,-0.8804785,-2.3504784,-3.8704786,-2.6104784,-1.1204785,-0.78047854,-0.5604785,-0.72047853,2.3395214,3.2895215,-1.4804785,2.4595215,-0.49047852,-2.1804786,-1.4804785,-3.0704784
-2.3204784,-2.2004786,-1.8604785,-2.3104784,-1.9404786,-0.91047853,-1.7004786,0.59952146,-0.42047852,-0.3804785,-2.3304784,-1.1604785,-0.6304785,-2.2504785,-2.6704786,-2.4404786,0.47952148,1.7495215,0.6895215,-0.3404785,-0.17047852,-1.0404785,-0.4604785,0.14952148,-1.0704786,-0.23047851,-1.7404785,-1.3804785,-3.1904786,1.8095214,0.26952147,-2.0504785,-3.2304785,-4.2804785,-1.1904786,-1.5104785,-3.4604785,-2.3704786,-0.59047854,-0.19047852,-4.2104783
-3.2804785,-2.7804785,-3.4104786,-3.2304785,-3.2104785,-3.1404786,-3.9404786,-2.3004785,-1.1904786,-2.3404784,-1.4304786,-0.9404785,-2.4404786,-2.1304786,-1.8804785,-2.2004786,-1.8304785,0.6295215,0.59952146,2.5795214,0.48952147,-0.49047852,0.2895215,0.39952147,0.13952148,0.16952148,-0.5704785,-0.7604785,-0.4704785,-1.2104785,-1.0904785,-1.5804785,-2.7204785,-3.1704786,-1.0404785,-1.1704785,-1.4704785,0.52952147,0.06952149,0.21952148,-0.66047853
-3.3704786,-2.8704786,-2.2304785,-3.0004785,-2.5104785,-1.3904785,-2.5404785,-2.5804784,-1.4404786,-0.66047853,-0.6804785,-0.040478516,-1.3804785,-2.2804785,-1.5704786,-3.0904784,-2.3304784,-2.4304786,1.2295215,0.39952147,1.1595215,-0.33047852,-0.5704785,0.09952149,0.20952149,0.7295215,1.6795214,-0.35047853,-0.32047853,0.8595215,0.41952148,-0.4304785,-0.7604785,-1.6904786,-1.1104785,-1.2404785,-3.1904786,0.5595215,-1.7704785,-1.6704785,0.009521484
-3.1204786,-3.0504785,-2.6904786,-2.6404786,-2.7004786,-2.2904785,-2.1404786,-1.9604785,-2.0004785,-1.4304786,-1.2704785,-1.8704785,-2.2004786,-2.2204785,-2.5504785,-2.7004786,-2.6604786,-2.3004785,-1.6704785,-0.8604785,0.35952148,-0.8904785,-1.1304785,1.1895214,0.6295215,0.9295215,0.019521484,0.39952147,-0.4304785,-0.5404785,0.5095215,0.24952148,-0.60047853,-0.27047852,-1.1704785,-0.5404785,0.59952146,-1.7404785,1.6895214,2.8395214,2.5895214
-2.6304786,-2.9404786,-2.5404785,-2.2504785,-2.4704785,-1.9304786,-2.2704785,-2.2904785,-1.2904785,0.18952149,0.45952147,0.14952148,-1.2504785,-1.0804785,-2.2404785,-2.2104785,-1.8104786,-1.7404785,-0.97047853,-0.91047853,-1.3504785,-1.3804785,-1.0804785,1.3195214,1.4495215,1.3795215,0.8095215,0.59952146,1.6395215,1.1495215,1.4595215,1.7295215,1.2995214,1.0395215,-0.100478515,0.049521483,-0.5704785,0.7995215,0.14952148,0.18952149,0.2795215
-1.8404785,-2.7604785,-1.5004785,-1.0804785,-1.2304785,-1.4104785,-1.6804786,-1.5204785,-2.2704785,-0.8904785,-0.8104785,-2.3304784,-1.8804785,-0.8704785,-0.7904785,-1.0004785,-2.0004785,-1.9704785,-0.36047852,-1.5804785,-0.20047851,-0.6804785,0.26952147,0.8295215,1.0895215,0.8595215,1.9695215,1.9095215,1.7595215,1.8195214,2.2895215,2.2395215,1.8295215,1.6095215,1.3295215,1.8595215,2.3095214,2.3995216,2.4295216,1.7995214,0.6395215
-1.9704785,-2.2304785,-2.7304785,-1.6204785,-0.7404785,-0.71047854,-1.5104785,-1.7104785,-0.5504785,0.78952146,0.21952148,-0.7704785,-0.90047854,-1.7504785,0.32952148,0.21952148,0.019521484,-0.8204785,-0.8004785,-0.100478515,1.5795215,1.1795214,1.4095215,1.7495215,1.2995214,1.5095215,1.3295215,2.3495214,2.4395216,1.1195215,1.7195215,1.9895215,1.7995214,1.6295215,1.9795215,2.4995215,1.5395215,2.0795214,2.8395214,2.3195214,1.4795215
-1.9404786,-2.6704786,-3.0204785,-3.0604784,-2.1404786,-2.2104785,-1.0404785,-0.12047852,-0.14047852,1.1295215,1.3595215,0.049521483,-0.5804785,0.29952148,-0.26047853,0.09952149,-0.3804785,-0.7304785,-0.33047852,-0.36047852,1.1095215,1.7995214,1.4595215,0.9795215,0.8895215,0.35952148,0.48952147,0.8795215,1.3895215,1.7695215,2.0895214,1.8095214,1.9095215,2.1095214,2.4095216,2.3595214,1.5995215,1.4095215,2.1295214,2.1495216,2.1895216
-1.6304785,-2.4904785,-2.7704785,-2.8504784,-3.0504785,-2.5404785,-1.7704785,-1.2704785,-0.9904785,-0.9904785,0.6895215,1.0595214,1.8395215,-0.5604785,-0.53047854,-0.9204785,-1.1804786,-0.8604785,-0.3704785,0.29952148,0.4995215,1.9495215,1.5195215,0.8895215,-0.09047852,-0.2804785,0.079521485,-0.24047852,-0.35047853,0.5495215,0.7095215,0.71952146,1.5095215,2.7295215,2.6395216,1.8795215,2.0695214,2.9295216,2.2695215,2.1695216,1.0795215
