wind_kz.json
{"header": {"discipline":0,"disciplineName":"Meteorological products","gribEdition":2,"gribLength":948,"center":7,"centerName":"US National Weather Service - NCEP(WMC)","subcenter":0,"refTime":"2023-09-20T12:00:00.000Z","significanceOfRT":1,"significanceOfRTName":"Start of forecast","productStatus":0,"productStatusName":"Operational products","productType":1,"productTypeName":"Forecast products","productDefinitionTemplate":0,"productDefinitionTemplateName":"Analysis/forecast at horizontal level/layer at a point in time","parameterCategory":2,"parameterCategoryName":"UnknownDiscipline_0_Category_2","parameterNumber":2,"parameterNumberName":"UnknownParameter_D0_C2_2","parameterUnit":"Unknown","genProcessType":2,"genProcessTypeName":"Forecast","forecastTime":300,"surface1Type":103,"surface1TypeName":"Specified height level above ground","surface1Value":10.0,"surface2Type":255,"surface2TypeName":"Missing","surface2Value":0.0,"gridDefinitionTemplate":0,"gridDefinitionTemplateName":"Latitude_Longitude","numberPoints":615,"shape":6,"shapeName":"Earth spherical with radius of 6,371,229.0 m","gridUnits":"degrees","resolution":48,"winds":"true","scanMode":64,"nx":41,"ny":15,"basicAngle":0,"lo1":47.0,"la1":41.0,"lo2":87.0,"la2":55.0,"dx":1.0,"dy":1.0}, "data":
[rows 0 to 14 of 15, columns 0 to 40 of 41]
-0.29606873,-1.4860687,1.7839313,-1.7260687,-1.5660688,-1.8060688,-4.1860685,-5.5460687,-6.676069,-3.0260687,-3.7760687,-4.156069,-3.5260687,-3.4460688,-2.9060688,-3.4760687,-2.0660686,-0.95606875,-2.8260686,-0.32606873,2.2439313,0.48393127,-0.30606872,-1.4460688,-1.1760688,-2.0360687,-2.5460687,-0.9460687,-0.25606874,0.17393127,-1.1260687,1.6739312,0.8239313,1.3839313,-2.1760688,0.7639313,-0.28606874,-2.3760688,-1.7360687,2.3839312,-0.35606873
2.3639312,1.8239312,-0.14606872,0.09393127,0.25393128,-4.9360685,-3.4060688,-6.9360685,-4.8760686,-4.4360685,-3.9160688,-4.3160686,-3.2660687,-2.7860687,-2.1960688,-3.3760688,-2.4460688,-3.3760688,-1.1460687,-0.47606874,-1.0760688,-1.3260688,0.3139313,-2.4460688,-0.056068726,0.8239313,0.21393128,0.58393127,0.043931276,-0.6360687,0.30393127,-0.33606872,-0.45606872,-1.4160687,-0.14606872,0.5539313,-1.2260687,0.13393128,0.84393126,0.53393126,-4.536069
0.9439313,0.77393126,-0.22606872,-0.45606872,-4.746069,-5.696069,-4.9160686,-3.1660688,-4.946069,-4.1260686,-4.3560686,-3.9160688,-2.7960687,-2.8760688,-3.1060686,-3.6260688,-4.3160686,-1.1660687,-0.25606874,0.053931274,-2.5660686,-3.7360687,-3.0860686,-2.8860688,1.1639313,-0.16606873,-0.27606872,-0.026068725,-1.4260688,-0.16606873,-0.5660687,2.1839314,0.7339313,0.19393128,-0.32606873,-0.8160687,-0.52606875,-0.3760687,-1.0260687,-0.5060687,0.6339313
-0.11606873,-1.7660687,-2.7160687,-2.6860688,-3.9660687,-3.5460687,-2.9360688,-2.8660688,-2.8960688,-2.9960687,-2.8460686,-2.8960688,-1.6360687,-1.4460688,-2.3760688,-2.8360686,-2.8960688,-1.7660687,-1.0760688,0.023931274,1.0939313,-0.7360687,-2.6060686,-3.1560688,-2.7460687,-2.7060688,-1.5460687,-3.4760687,-1.2060688,1.1839312,1.9639313,0.22393127,1.9439312,1.1839312,-0.6760687,-0.6960687,-1.1360687,1.3839313,0.033931274,-0.016068725,-0.7560687
0.23393127,-0.34606874,-1.8060688,-1.2360687,-1.6760688,-2.2860687,-1.4460688,-1.2460687,-2.0460687,-1.8160688,-1.9960687,-2.0060687,-1.4760687,-1.3060688,-2.0660686,-2.5260687,-2.2360687,-0.77606875,0.44393128,-1.4460688,-4.636069,-4.4160686,-4.286069,-3.7160687,-3.1360688,-3.0260687,-4.246069,-2.2360687,-1.7960687,-0.9860687,-0.9460687,0.18393128,-1.2060688,-0.78606874,-0.9460687,-0.5460687,-3.0760686,-3.3860688,-2.8360686,-2.6760688,-2.2260687
1.5139313,0.66393125,1.2739313,-0.046068724,0.3139313,-1.6860688,-2.1160688,-2.5960686,-2.1660688,-2.5760686,-2.3060687,-1.7660687,-1.5160687,-1.9960687,-2.1060686,-1.4260688,-1.5060687,-0.11606873,-0.5160687,-1.0560688,-3.6760688,-2.6460688,-3.1060686,-3.7160687,-3.2460687,-2.9460688,-1.2360687,-0.7660687,-1.2460687,-1.4560688,-1.2460687,-1.0560688,-1.7160687,-0.97606874,0.59393126,-2.4760687,0.53393126,-1.6760688,-0.12606873,-2.6260688,-3.4460688
1.7039313,1.6739312,1.7739313,1.3039312,0.27393126,-2.3260686,-2.8460686,-3.0860686,-2.3460686,-2.0160687,-1.4560688,-1.5560688,-0.5660687,-0.91606873,-0.5760687,-0.5560687,-0.49606872,0.6139313,0.9239313,-0.9460687,-0.83606875,-1.0260687,-0.7360687,-1.8760687,-1.0360687,-0.60606873,-0.4660687,-1.0660688,-2.3760688,-2.7660687,-2.9360688,-2.2260687,-0.18606873,-2.2460687,-1.6660687,-1.2660687,-0.9860687,1.7339313,-2.0360687,0.35393128,-0.36606872
1.5639312,2.6239312,1.8439313,1.1639313,-1.1060687,-2.9260688,-3.2560687,-2.0960686,-2.1260688,-1.7960687,-1.5060687,-0.4060687,0.49393126,0.77393126,0.46393126,-0.17606872,-0.84606874,-0.5660687,-0.10606872,0.9439313,0.48393127,-0.22606872,1.1339313,0.79393125,0.59393126,0.123931274,-0.33606872,-1.1760688,-1.0560688,-1.0660688,-2.1660688,-0.41606873,-1.2760687,-0.5460687,-1.7560687,-1.5560688,-0.97606874,-2.9760687,-2.4060688,-2.6160688,-1.6860688
0.8039313,3.2839313,0.9239313,-0.6360687,-2.1560688,-2.8060687,-2.7060688,-2.3760688,-1.8760687,-0.6860687,-0.16606873,0.25393128,1.9439312,1.9439312,2.1139312,0.47393128,-0.7960687,-0.84606874,0.17393127,1.1839312,1.0839313,0.72393125,0.9939313,1.2939312,1.6339313,0.9439313,1.3039312,0.36393127,0.6939313,0.38393128,0.6139313,-0.36606872,0.06393127,-0.10606872,-1.4460688,-1.4260688,-0.36606872,-1.4960687,-0.66606873,0.16393128,-1.5760688
0.9839313,1.8939313,0.25393128,-1.6160687,-1.4760687,-1.7360687,-1.8260688,-1.5260687,-0.9460687,1.0539312,1.7739313,2.2739313,2.6739314,2.9739313,2.5439312,2.4539313,1.5839313,-0.3760687,-0.5160687,-0.4660687,-0.18606873,2.3939314,2.3939314,1.6139313,1.3639313,1.2039313,1.3639313,0.5739313,1.3739313,2.0939312,0.96393126,0.38393128,-0.7960687,-1.0560688,-1.3960687,-1.2860687,-1.9260688,-0.4360687,-1.0560688,0.71393126,-0.96606874
0.5539313,0.8239313,-1.2460687,-1.6960688,-1.7960687,-3.2460687,-2.7260687,-0.24606873,-0.70606875,2.3239312,2.3139312,2.1739314,1.9939313,2.4639313,2.8039312,2.3839312,2.5039313,2.5139313,-0.34606874,-1.7960687,-1.9060687,-2.5360687,-3.0760686,-3.2160687,-2.2860687,-1.4460688,0.23393127,1.2639313,1.5539312,0.78393126,0.22393127,-1.5460687,-1.9160687,-0.5560687,-0.89606875,-1.4860687,-1.4760687,0.46393126,-0.89606875,1.1339313,-1.1260687
-0.5460687,-0.36606872,0.42393127,0.083931275,-0.64606875,-0.64606875,-1.2660687,0.19393128,0.8239313,0.8639313,-0.036068726,2.5939312,1.2239313,1.8539313,2.2639313,1.9939313,2.5339313,3.1139312,1.2839313,1.2339313,-0.48606873,-0.45606872,-1.3360687,-1.0060687,0.21393128,1.4439312,1.2239313,2.1939313,2.1139312,1.1539313,0.26393127,0.21393128,0.013931274,-0.72606874,0.24393128,0.6139313,0.13393128,-0.29606873,0.053931274,-0.42606872,-0.47606874
-0.58606875,-0.4360687,-0.6160687,-0.48606873,0.27393126,-0.59606874,-0.5460687,2.7539313,3.0739312,-0.52606875,-0.18606873,1.5739312,0.96393126,2.6739314,2.7139313,1.8839313,1.9739313,1.7239313,1.1639313,1.7539313,1.0039313,0.9939313,1.2839313,0.8839313,2.8639312,2.6539314,2.6939313,2.7639313,2.4439313,1.6639313,1.4039313,1.6039313,1.3539313,0.8239313,1.0339313,1.3139312,1.5439312,0.06393127,0.32393128,-0.20606872,-0.78606874
-0.41606873,-0.32606873,0.8639313,0.44393128,1.3639313,0.3739313,-0.6860687,0.58393127,1.7039313,0.27393126,0.72393125,-0.5760687,1.7739313,2.0739312,2.2139313,2.0339313,2.1539314,1.8539313,0.053931274,2.3139312,2.0239313,2.2839313,2.7739313,2.8939314,3.0739312,2.5239313,2.0139313,2.7539313,2.2539313,2.3339312,2.2439313,2.0839312,1.7539313,1.6939312,1.8339313,1.6639313,1.3039312,0.7439313,-0.53606874,0.52393126,-0.5160687
0.083931275,1.1139313,1.2739313,0.89393127,1.4239312,0.6239313,0.71393126,1.4139313,-0.38606873,1.1139313,-0.36606872,-0.5460687,0.30393127,0.71393126,2.9939313,2.7739313,2.9839313,2.9339314,1.9139313,2.3939314,2.3839312,2.6739314,2.6239312,2.8939314,2.7439313,2.6639314,2.9039314,2.7939312,2.5639312,2.3939314,2.7839313,2.9339314,2.0239313,2.2139313,2.1739314,2.7539313,0.45393127,1.8439313,1.8539313,0.42393127,-1.5060687
