wind_kz.json
{"header": {"discipline":0,"disciplineName":"Meteorological products","gribEdition":2,"gribLength":1025,"center":7,"centerName":"US National Weather Service - NCEP(WMC)","subcenter":0,"refTime":"2023-09-11T00:00:00.000Z","significanceOfRT":1,"significanceOfRTName":"Start of forecast","productStatus":0,"productStatusName":"Operational products","productType":1,"productTypeName":"Forecast products","productDefinitionTemplate":0,"productDefinitionTemplateName":"Analysis/forecast at horizontal level/layer at a point in time","parameterCategory":2,"parameterCategoryName":"UnknownDiscipline_0_Category_2","parameterNumber":3,"parameterNumberName":"UnknownParameter_D0_C2_3","parameterUnit":"Unknown","genProcessType":2,"genProcessTypeName":"Forecast","forecastTime":120,"surface1Type":103,"surface1TypeName":"Specified height level above ground","surface1Value":10.0,"surface2Type":255,"surface2TypeName":"Missing","surface2Value":0.0,"gridDefinitionTemplate":0,"gridDefinitionTemplateName":"Latitude_Longitude","numberPoints":615,"shape":6,"shapeName":"Earth spherical with radius of 6,371,229.0 m","gridUnits":"degrees","resolution":48,"winds":"true","scanMode":64,"nx":41,"ny":15,"basicAngle":0,"lo1":47.0,"la1":41.0,"lo2":87.0,"la2":55.0,"dx":1.0,"dy":1.0}, "data":
[rows 0 to 14 of 15, columns 0 to 40 of 41]
0.4231787,-1.5068213,0.6231787,-6.1868215,-6.2268214,-3.6268213,-1.8168213,-1.2268213,-0.5868213,-1.5568213,-2.6468213,-2.6768212,-2.8368213,-3.4268212,-4.006821,-4.3968215,-4.856821,-4.2068214,-3.6568213,-2.1268213,-2.1568213,-2.1868212,1.1131787,0.09317871,-0.7468213,-0.5568213,-1.2868212,2.1731787,2.6331787,1.0431787,-0.7568213,-1.7068213,-0.95682126,-0.5268213,-3.3968213,-2.2368212,1.0531787,1.0831788,1.0231787,-0.3068213,2.4331787
2.3331788,0.6231787,-1.1868213,-4.4368215,-6.8868213,-5.8668213,-1.7468213,0.8331787,1.9131787,1.1231787,-0.4168213,-1.5268213,-2.4268212,-2.8068213,-3.7568214,-4.006821,-3.2268212,-3.8768213,-6.856821,-3.4568212,-2.9868212,-3.4568212,1.3431787,1.2131788,0.86317873,0.5831787,-2.1268213,2.5031786,0.9531787,2.7831788,3.6231787,3.6331787,0.7231787,-0.4868213,-0.6768213,-4.7668214,-2.4568212,-1.2368213,1.8631787,-2.3968213,1.9231787
1.7031788,1.5231787,-1.5168213,-3.5668213,-5.1568213,-3.6568213,-3.8668213,-2.6468213,1.9431787,3.2531786,1.3731787,-0.28682128,-1.3668213,-2.2868214,-3.0868213,-3.4868212,-2.5668213,-3.4468212,-3.8568213,-3.5568213,-2.7968214,-2.5868213,-3.4768212,-1.4368213,-0.5468213,0.6431787,-0.49682128,1.3431787,-0.1568213,0.34317872,1.4831787,-0.1568213,1.2931787,-0.13682128,1.1531787,0.10317871,1.9731787,-0.3968213,-0.37682128,0.5631787,0.7031787
0.31317872,-0.096821286,-1.3068213,-2.1768212,-0.5368213,-1.0368212,-3.0068214,-3.2568214,2.8331788,3.9331787,2.3431787,1.7031788,-1.7668213,-2.0568213,-2.1668212,-2.7968214,-3.5868213,-3.1368213,-3.8268213,-4.4068213,-4.1868215,-1.5268213,1.6231787,-0.25682127,-1.1268213,-2.2968214,-2.7768214,-2.6268213,0.18317871,-1.3068213,-0.64682126,-1.0768213,-1.1868213,-0.6968213,-0.34682128,-2.3368213,-0.34682128,3.8431787,0.24317871,0.2731787,0.54317874
-1.5868213,-2.2268212,-2.1668212,-2.7168212,-1.9668213,-0.9968213,-0.9168213,-0.9668213,1.9131787,2.6031787,4.1731787,2.7131786,1.6231787,-0.70682126,-2.7268212,-2.8968213,-3.3968213,-3.5168214,-2.0268214,-2.0668213,-1.4468213,-1.5468212,-0.37682128,-0.3668213,-0.8468213,-1.9668213,-2.2068212,-2.0168214,-2.0568213,-1.8868213,-2.0768213,-0.46682128,2.1731787,2.9731786,0.3831787,-0.1568213,0.5731787,1.0331787,-1.5868213,-0.7468213,2.6331787
-2.2668214,-2.5768213,-3.6368213,-4.676821,-2.1868212,-2.2868214,-1.6668212,-0.8368213,4.4031787,7.1731787,3.2631788,2.4631786,1.0631787,-0.6268213,-1.5568213,-2.8468213,-3.6468213,-2.8968213,0.49317873,-0.2368213,-2.4468212,-1.3168213,-1.6368213,-0.4568213,-0.76682127,-1.9668213,-2.6968212,-1.3868213,-0.9868213,-0.25682127,-0.63682127,-1.1968213,-0.6868213,-0.28682128,1.5331787,-0.5568213,2.1131787,0.22317871,-0.63682127,-3.8668213,1.9031787
-2.8068213,-3.0168214,-1.4168212,-1.5368212,-2.4868212,-2.0068214,-0.6168213,-0.16682129,3.8231788,1.9031787,0.9631787,3.2431786,1.6831787,-0.63682127,-2.1668212,-2.4768212,-3.5768213,-2.5368214,-1.1368213,-0.2668213,-0.7268213,-1.0168213,-0.46682128,0.21317871,-0.7968213,-2.0268214,-3.9368212,-1.2368213,-0.9468213,-1.8768213,-2.3468213,-3.3268213,-3.7768214,-3.5068214,-1.3468213,-1.0568213,-2.6568213,-0.76682127,-1.1868213,-0.3068213,0.92317873
-2.8368213,-3.5968213,-3.5468214,-0.95682126,-0.3568213,-0.1568213,-0.8568213,3.1631787,1.7031788,4.053179,3.0131788,5.2531786,3.1831787,2.3031788,0.5531787,-2.4568212,-2.9668212,-0.6868213,0.2331787,0.3931787,-2.0768213,-1.6068213,-2.9768212,-1.1668212,-2.1468213,-0.6568213,-1.4668213,-1.6468213,-1.0368212,-2.5868213,-2.5168214,-3.0768213,-2.2968214,-2.6568213,0.07317871,-0.04682129,-1.3268213,-1.1668212,-0.24682128,0.24317871,-1.1968213
-3.7768214,-4.486821,-4.6468215,-2.4368212,-2.3068213,0.7631787,-1.3168213,4.2931786,2.8231788,-1.2368213,-4.0168214,-2.4868212,0.6331787,1.7231787,-0.76682127,-2.1968212,0.083178714,0.013178711,-0.1568213,0.8731787,0.49317873,-1.4968213,-1.4868213,-0.5068213,-1.3468213,-1.4768213,-1.3168213,-1.7368213,-1.5868213,-1.9568213,-2.0168214,-2.4068213,-2.5468214,-2.5668213,-1.4468213,-0.8068213,-2.3368213,-0.4868213,-1.6168213,-1.7568213,-1.3868213
-3.5768213,-4.4568214,-4.4968214,-4.776821,-0.8768213,0.3331787,1.6131787,1.9431787,3.3931787,2.1831787,2.2531786,-0.9968213,0.06317871,1.8131787,-0.3668213,-1.2368213,0.013178711,2.1831787,0.22317871,-0.006821289,1.4531788,0.9031787,1.4431787,-0.22682129,-0.3968213,-1.1668212,-2.2668214,-1.8768213,-2.6668212,-2.4568212,-1.5468212,-1.8068213,-3.1668212,-2.4368212,-2.4968214,-0.06682129,0.24317871,-1.0668213,-1.4268212,-0.1568213,-0.51682127
-3.5268214,-4.3768215,-3.4568212,-3.6168213,-1.8368213,-1.3068213,0.19317871,0.8131787,1.7231787,1.1331787,-1.0068213,-0.82682127,2.0431788,1.7031788,0.92317873,-0.5268213,0.3631787,0.8131787,-0.7468213,1.1531787,2.2031786,1.1531787,1.1831787,1.2031788,0.4531787,0.06317871,-0.9268213,-2.1668212,-2.1868212,-1.8168213,-2.5968213,-2.7468214,-2.9668212,-2.4268212,-0.31682128,-0.4768213,0.053178713,0.11317871,0.8731787,0.6431787,0.12317871
-2.2668214,-3.5768213,-3.2368212,-2.9568212,-0.9168213,-1.4968213,-1.1068213,0.5031787,-0.31682128,-0.51682127,0.5131787,0.2631787,0.3231787,0.4231787,0.10317871,-0.05682129,-0.8568213,1.9431787,1.9831787,0.6231787,2.4031787,0.6531787,0.25317872,0.10317871,0.06317871,-0.3968213,-1.0468212,-1.9768213,-2.3668213,-2.5668213,-2.4168212,-2.8368213,-2.2768214,-2.8568213,-1.9768213,-1.1268213,1.6231787,2.2331786,1.2931787,1.5631787,0.8331787
-1.6768212,-1.7568213,-3.1268213,-2.5768213,-1.7568213,-0.7468213,-1.3768213,-1.5168213,-1.8568213,-0.5268213,-0.2968213,0.07317871,-0.5368213,-0.2368213,-0.1268213,-0.2068213,1.5231787,1.9031787,2.5031786,1.4231787,1.8131787,1.4931787,1.4731787,1.1731787,-0.7468213,-1.1068213,-1.2368213,-1.9868213,-1.8468213,-1.2968212,-1.8368213,-2.3768213,-2.6768212,-2.4168212,-2.7968214,-2.8568213,-2.6068213,0.6831787,0.9331787,2.0831788,1.3231788
-1.3468213,-1.9568213,-2.8268213,-2.4768212,-1.7568213,-1.9068213,-2.0968213,-1.6468213,-2.9568212,-2.0068214,0.3531787,-0.16682129,-0.9768213,-1.0168213,-1.7468213,-0.2968213,1.4631788,1.8731787,1.7531787,1.8931787,1.2831787,1.6431787,0.98317873,0.8031787,-0.01682129,-1.4368213,-1.5868213,-1.0868213,-2.1468213,-1.7968212,0.3331787,-0.3968213,-1.6368213,-2.0068214,-2.5068214,-3.4668212,-2.5968213,-1.9668213,-1.5768213,0.2331787,1.9131787
-1.1568213,-2.4068213,-2.1568213,-1.2568213,-1.9868213,0.28317872,-0.5968213,0.61317873,-0.19682129,-0.2668213,-1.0768213,-0.3868213,-0.2068213,-0.6568213,-1.7668213,-0.14682129,1.2131788,1.3231788,1.0731788,0.6231787,1.7731787,0.7531787,0.7831787,0.4831787,1.0331787,-0.4768213,-1.0168213,-1.3068213,-1.7068213,-1.7568213,-2.2268212,-2.2468214,-1.8568213,-1.9068213,-2.2168212,-2.6568213,-2.2968214,-1.9568213,-1.4868213,-2.1068213,0.5331787
