wind_kz.json
{"header": {"discipline":0,"disciplineName":"Meteorological products","gribEdition":2,"gribLength":871,"center":7,"centerName":"US National Weather Service - NCEP(WMC)","subcenter":0,"refTime":"2023-09-08T18:00:00.000Z","significanceOfRT":1,"significanceOfRTName":"Start of forecast","productStatus":0,"productStatusName":"Operational products","productType":1,"productTypeName":"Forecast products","productDefinitionTemplate":0,"productDefinitionTemplateName":"Analysis/forecast at horizontal level/layer at a point in time","parameterCategory":0,"parameterCategoryName":"UnknownDiscipline_0_Category_0","parameterNumber":0,"parameterNumberName":"UnknownParameter_D0_C0_0","parameterUnit":"Unknown","genProcessType":2,"genProcessTypeName":"Forecast","forecastTime":180,"surface1Type":1,"surface1TypeName":"Ground or water surface","surface1Value":0.0,"surface2Type":255,"surface2TypeName":"Missing","surface2Value":0.0,"gridDefinitionTemplate":0,"gridDefinitionTemplateName":"Latitude_Longitude","numberPoints":615,"shape":6,"shapeName":"Earth spherical with radius of 6,371,229.0 m","gridUnits":"degrees","resolution":48,"winds":"true","scanMode":64,"nx":41,"ny":15,"basicAngle":0,"lo1":47.0,"la1":41.0,"lo2":87.0,"la2":55.0,"dx":1.0,"dy":1.0}, "data":
[rows 0 to 14 of 15, columns 0 to 40 of 41]
304.40002,292.40002,298.00003,297.60004,297.50003,296.40002,307.30002,316.00003,312.50003,309.80002,310.00003,310.80002,310.60004,310.30002,310.00003,311.90002,311.00003,308.40002,312.10004,310.60004,314.60004,309.30002,308.60004,308.7,310.90002,309.50003,308.7,300.90002,302.7,298.00003,296.2,294.40002,306.7,313.80002,317.50003,316.90002,317.30002,318.60004,319.7,322.00003,322.90002
283.30002,298.40002,297.2,297.40002,297.2,295.60004,311.50003,309.40002,307.50003,306.80002,305.00003,307.50003,309.10004,308.2,310.30002,311.7,311.2,312.2,311.30002,311.90002,314.80002,310.00003,308.80002,302.00003,293.40002,295.50003,305.30002,301.10004,302.00003,293.90002,299.80002,290.90002,298.30002,272.30002,293.00003,306.50003,309.2,315.2,321.30002,312.30002,285.10004
300.90002,296.7,297.7,297.30002,294.90002,307.60004,306.00003,305.2,304.00003,303.80002,302.50003,298.7,306.30002,307.30002,305.90002,311.2,311.50003,311.80002,312.40002,311.80002,311.60004,313.50003,307.90002,303.2,306.50003,306.80002,308.40002,308.30002,307.10004,300.00003,293.80002,295.80002,300.40002,304.7,303.50003,300.10004,297.10004,295.7,301.10004,295.10004,293.10004
302.00003,296.2,297.00003,296.2,296.2,301.10004,301.40002,301.50003,301.2,302.50003,298.2,300.50003,293.40002,292.7,304.10004,308.90002,309.7,312.50003,313.00003,313.40002,308.2,305.90002,308.7,310.00003,309.40002,305.10004,311.40002,310.7,313.2,311.50003,311.30002,312.30002,312.7,314.90002,311.90002,307.00003,297.2,293.80002,297.10004,307.40002,309.90002
302.90002,294.10004,295.10004,293.90002,297.80002,303.30002,302.80002,301.7,299.30002,299.40002,297.40002,302.7,292.50003,291.2,289.90002,307.60004,308.30002,307.50003,308.60004,307.30002,309.2,310.40002,310.40002,309.2,311.30002,312.60004,310.60004,303.60004,309.30002,309.10004,308.40002,306.90002,295.40002,287.60004,298.90002,309.40002,307.30002,316.60004,315.2,311.2,312.30002
301.2,301.2,293.40002,292.7,293.2,292.40002,294.00003,293.2,299.30002,298.30002,299.30002,299.50003,293.7,292.80002,298.50003,305.60004,305.00003,308.00003,304.90002,307.40002,307.7,306.10004,307.00003,307.60004,309.60004,311.00003,311.2,291.00003,306.2,305.80002,308.00003,304.90002,306.00003,306.7,302.90002,302.40002,293.90002,300.00003,312.10004,312.60004,312.2
299.50003,302.00003,302.60004,304.80002,300.80002,303.10004,301.50003,294.7,294.00003,296.10004,298.00003,298.30002,299.00003,300.7,302.90002,301.50003,302.80002,303.2,305.90002,304.50003,294.10004,296.60004,298.80002,297.50003,299.30002,301.40002,298.10004,310.40002,311.10004,311.00003,308.80002,309.2,309.10004,306.40002,304.2,301.7,298.00003,296.90002,292.90002,291.2,306.60004
298.00003,292.30002,293.50003,300.7,302.50003,303.80002,303.2,298.90002,296.60004,299.90002,300.00003,299.2,300.40002,299.2,301.40002,299.90002,300.2,299.30002,300.50003,301.00003,299.00003,301.7,303.2,301.2,296.00003,293.30002,297.00003,301.50003,301.2,304.50003,303.60004,305.2,303.90002,303.10004,301.90002,305.30002,306.2,289.50003,309.2,307.10004,305.40002
297.90002,299.00003,298.60004,298.60004,299.60004,302.7,301.2,296.10004,300.10004,300.30002,299.2,298.00003,296.40002,299.10004,300.00003,296.90002,296.2,301.00003,297.00003,297.10004,292.60004,295.60004,299.2,294.40002,294.30002,297.40002,295.50003,289.60004,286.50003,293.7,293.00003,299.50003,297.60004,302.40002,300.90002,299.00003,300.60004,301.10004,284.30002,283.2,288.90002
295.30002,295.60004,294.60004,299.40002,293.90002,299.10004,300.80002,298.60004,296.40002,296.80002,298.80002,298.40002,289.10004,293.90002,290.30002,295.2,296.10004,296.50003,294.7,288.7,292.7,289.90002,290.90002,296.7,292.90002,289.50003,289.50003,289.40002,288.7,294.50003,294.80002,298.60004,298.90002,301.80002,300.40002,299.60004,290.30002,289.40002,289.90002,290.50003,288.10004
294.60004,293.40002,295.40002,297.80002,299.30002,297.50003,295.2,294.50003,298.50003,297.00003,294.50003,286.00003,293.40002,287.7,293.00003,290.40002,293.50003,294.40002,293.90002,285.10004,287.50003,284.2,284.40002,292.30002,287.30002,287.60004,288.30002,291.7,294.60004,295.7,300.90002,299.7,299.50003,293.50003,299.30002,295.80002,285.90002,285.50003,291.10004,290.7,289.90002
295.80002,297.80002,295.10004,297.80002,297.7,298.10004,296.00003,294.10004,294.10004,292.7,284.90002,288.2,291.10004,287.60004,290.80002,292.2,291.30002,291.90002,292.10004,292.50003,292.10004,289.7,289.7,293.30002,292.10004,295.2,291.7,291.90002,296.80002,298.00003,296.80002,293.50003,289.00003,286.2,288.30002,298.80002,298.40002,298.10004,294.2,295.00003,294.30002
292.60004,294.90002,295.60004,294.60004,292.80002,292.00003,295.80002,296.90002,292.60004,290.2,285.00003,285.50003,287.40002,288.7,288.10004,290.10004,289.2,286.60004,285.2,286.30002,287.60004,283.7,284.00003,285.80002,286.80002,293.10004,295.50003,295.90002,287.00003,295.60004,295.80002,299.10004,296.60004,296.7,296.00003,295.7,296.80002,297.00003,299.7,296.30002,294.40002
287.7,288.90002,290.00003,295.2,295.00003,289.80002,288.80002,287.50003,287.10004,286.40002,282.80002,284.00003,285.30002,288.50003,289.60004,290.50003,290.2,284.10004,288.60004,287.2,285.40002,289.80002,287.50003,289.00003,287.30002,289.30002,288.50003,291.90002,287.7,293.2,293.50003,293.30002,294.00003,295.30002,297.60004,298.30002,295.50003,295.80002,296.7,292.80002,294.60004
288.10004,294.7,288.50003,295.50003,293.7,289.2,288.7,290.10004,289.10004,287.50003,290.50003,287.10004,286.10004,286.00003,289.2,290.90002,291.10004,287.60004,286.60004,285.2,291.7,291.00003,288.90002,288.50003,287.10004,286.40002,290.90002,290.50003,284.60004,283.90002,286.60004,288.30002,291.00003,291.60004,292.50003,293.50003,294.80002,293.50003,294.2,295.2,295.2
