wind_kz.json
{"header": {"discipline":0,"disciplineName":"Meteorological products","gribEdition":2,"gribLength":871,"center":7,"centerName":"US National Weather Service - NCEP(WMC)","subcenter":0,"refTime":"2023-08-19T00:00:00.000Z","significanceOfRT":1,"significanceOfRTName":"Start of forecast","productStatus":0,"productStatusName":"Operational products","productType":1,"productTypeName":"Forecast products","productDefinitionTemplate":0,"productDefinitionTemplateName":"Analysis/forecast at horizontal level/layer at a point in time","parameterCategory":0,"parameterCategoryName":"UnknownDiscipline_0_Category_0","parameterNumber":0,"parameterNumberName":"UnknownParameter_D0_C0_0","parameterUnit":"Unknown","genProcessType":2,"genProcessTypeName":"Forecast","forecastTime":0,"surface1Type":1,"surface1TypeName":"Ground or water surface","surface1Value":0.0,"surface2Type":255,"surface2TypeName":"Missing","surface2Value":0.0,"gridDefinitionTemplate":0,"gridDefinitionTemplateName":"Latitude_Longitude","numberPoints":615,"shape":6,"shapeName":"Earth spherical with radius of 6,371,229.0 m","gridUnits":"degrees","resolution":48,"winds":"true","scanMode":64,"nx":41,"ny":15,"basicAngle":0,"lo1":47.0,"la1":41.0,"lo2":87.0,"la2":55.0,"dx":1.0,"dy":1.0}, "data":
[rows 0 to 14 of 15, columns 0 to 40 of 41]
294.0262,286.82623,291.22623,299.82623,299.4262,298.22623,298.62622,300.9262,299.22623,299.62622,298.9262,300.12622,300.32623,300.4262,299.32623,297.0262,296.4262,296.82623,295.72623,296.5262,294.82623,289.4262,288.4262,288.22623,288.62622,291.12622,288.5262,273.5262,272.62622,273.72623,275.32623,277.72623,286.72623,293.82623,297.0262,295.82623,295.5262,295.82623,296.4262,297.22623,297.0262
278.5262,292.22623,299.72623,299.9262,299.82623,298.22623,298.72623,297.72623,297.82623,298.5262,299.82623,298.32623,299.0262,297.22623,293.82623,296.12622,294.4262,294.12622,293.22623,295.12622,291.62622,294.72623,291.9262,285.0262,274.12622,273.5262,282.9262,272.72623,274.72623,271.5262,277.62622,271.4262,279.22623,256.72623,276.0262,291.72623,289.82623,292.22623,297.12622,289.72623,284.0262
293.72623,299.9262,300.5262,300.32623,298.12622,297.12622,297.5262,297.22623,296.62622,297.4262,298.12622,298.22623,296.5262,297.22623,297.4262,295.9262,293.72623,293.4262,290.9262,296.62622,296.72623,294.82623,294.0262,288.22623,288.12622,287.12622,288.4262,288.0262,287.62622,280.72623,272.0262,274.22623,278.72623,278.0262,279.82623,281.32623,274.9262,275.9262,279.22623,275.12622,277.0262
295.9262,300.72623,300.32623,299.72623,297.0262,295.22623,296.32623,296.4262,297.12622,297.22623,297.82623,298.12622,296.5262,295.72623,297.82623,295.62622,296.72623,294.72623,295.4262,294.12622,292.4262,290.22623,293.82623,293.0262,290.22623,291.72623,292.22623,291.62622,289.12622,288.4262,290.12622,288.82623,291.82623,290.0262,289.9262,287.32623,275.12622,274.62622,280.82623,289.0262,292.4262
299.4262,300.82623,300.62622,300.32623,299.12622,296.5262,296.32623,297.4262,297.12622,297.62622,296.9262,295.32623,297.22623,295.62622,292.5262,297.12622,296.72623,295.72623,294.12622,296.22623,295.5262,294.9262,293.0262,292.22623,291.72623,291.12622,289.5262,291.22623,289.12622,289.4262,291.9262,288.0262,279.5262,270.62622,281.12622,289.5262,293.5262,295.22623,296.0262,297.0262,297.22623
301.0262,295.0262,299.32623,299.4262,300.22623,300.22623,297.72623,299.82623,298.4262,299.4262,297.62622,299.12622,296.4262,295.9262,295.5262,295.82623,295.32623,295.5262,294.5262,295.62622,294.5262,293.62622,291.9262,291.82623,290.9262,289.82623,289.9262,294.4262,291.5262,292.72623,291.22623,291.9262,289.82623,287.12622,287.5262,290.0262,283.22623,285.72623,292.72623,294.9262,293.62622
297.12622,296.12622,297.72623,296.9262,298.22623,295.9262,296.62622,296.4262,298.22623,299.0262,297.32623,296.4262,296.22623,295.4262,293.9262,296.32623,295.62622,297.0262,295.9262,293.9262,294.62622,293.72623,293.22623,293.0262,290.72623,290.32623,290.4262,291.82623,291.0262,290.82623,290.32623,290.22623,290.32623,291.0262,288.62622,287.5262,283.4262,279.72623,277.12622,277.12622,289.32623
297.5262,296.72623,297.4262,297.62622,298.9262,298.22623,297.32623,297.4262,296.32623,296.12622,294.9262,295.62622,294.22623,295.22623,295.9262,296.32623,295.22623,295.22623,294.72623,293.0262,291.0262,290.62622,289.62622,291.22623,289.22623,286.4262,287.32623,289.32623,288.22623,289.62622,288.82623,289.9262,286.9262,284.82623,284.12622,287.0262,288.62622,289.22623,288.5262,287.82623,284.0262
296.22623,295.0262,295.9262,295.62622,296.62622,297.0262,295.4262,295.82623,295.0262,294.22623,293.0262,293.22623,292.22623,293.22623,294.5262,294.4262,295.12622,295.82623,296.72623,292.5262,288.5262,289.82623,290.62622,290.4262,288.62622,291.5262,289.9262,284.0262,283.12622,281.72623,283.5262,284.12622,284.9262,286.5262,286.0262,284.0262,284.62622,283.72623,273.22623,275.32623,274.5262
294.9262,295.5262,295.4262,295.32623,295.32623,296.0262,295.72623,295.62622,294.82623,293.62622,292.4262,291.9262,292.22623,291.9262,292.5262,293.72623,294.22623,293.22623,293.22623,292.0262,291.32623,290.4262,291.5262,290.12622,290.12622,287.72623,286.0262,284.72623,283.9262,282.22623,282.72623,285.62622,286.22623,286.72623,285.4262,284.62622,283.12622,278.9262,276.0262,276.72623,274.9262
294.32623,294.12622,294.0262,293.9262,293.32623,294.4262,294.62622,293.32623,292.5262,292.32623,293.62622,290.5262,291.4262,290.82623,291.0262,291.72623,292.5262,292.62622,292.4262,291.12622,289.9262,289.32623,288.72623,288.5262,287.82623,286.12622,283.9262,285.22623,285.4262,286.5262,286.82623,286.9262,285.72623,286.4262,284.62622,283.0262,280.0262,277.12622,279.72623,278.82623,278.0262
291.72623,292.72623,292.0262,292.9262,292.32623,292.9262,292.32623,291.5262,291.82623,290.9262,288.4262,289.62622,290.9262,290.32623,290.0262,289.82623,290.22623,290.72623,289.0262,288.9262,287.5262,286.82623,286.9262,286.32623,286.0262,286.9262,287.32623,288.12622,288.5262,288.5262,287.4262,287.12622,286.72623,284.62622,284.62622,284.12622,283.4262,283.22623,282.0262,282.4262,283.22623
291.22623,290.12622,292.0262,291.12622,292.4262,291.62622,291.22623,290.12622,288.22623,287.22623,286.72623,285.9262,288.9262,289.72623,290.22623,290.22623,290.0262,289.82623,290.22623,289.0262,288.22623,286.5262,285.72623,285.5262,287.62622,288.72623,289.9262,290.82623,290.5262,290.5262,288.32623,288.12622,288.32623,288.22623,288.12622,285.5262,286.12622,286.22623,284.9262,283.82623,281.12622
289.62622,291.62622,291.9262,292.5262,291.72623,291.82623,290.72623,291.4262,289.82623,287.9262,290.9262,285.82623,286.72623,289.62622,289.82623,290.4262,291.12622,290.9262,290.32623,289.62622,289.5262,289.0262,288.9262,289.0262,288.9262,288.82623,290.12622,289.72623,287.22623,288.12622,287.0262,286.72623,286.9262,287.22623,286.32623,285.5262,285.0262,285.32623,284.12622,280.72623,281.22623
290.72623,292.12622,292.32623,291.62622,291.82623,291.22623,291.9262,289.22623,290.62622,289.5262,288.12622,286.0262,287.22623,288.32623,290.5262,290.12622,290.9262,291.12622,289.72623,290.4262,289.82623,289.82623,289.82623,289.4262,287.9262,288.0262,288.12622,288.22623,287.82623,287.22623,286.9262,284.9262,285.12622,285.62622,284.82623,286.22623,286.4262,285.22623,285.0262,283.82623,282.9262
