wind_kz.json
{"header": {"discipline":0,"disciplineName":"Meteorological products","gribEdition":2,"gribLength":1025,"center":7,"centerName":"US National Weather Service - NCEP(WMC)","subcenter":0,"refTime":"2023-08-19T06:00:00.000Z","significanceOfRT":1,"significanceOfRTName":"Start of forecast","productStatus":0,"productStatusName":"Operational products","productType":1,"productTypeName":"Forecast products","productDefinitionTemplate":0,"productDefinitionTemplateName":"Analysis/forecast at horizontal level/layer at a point in time","parameterCategory":2,"parameterCategoryName":"UnknownDiscipline_0_Category_2","parameterNumber":2,"parameterNumberName":"UnknownParameter_D0_C2_2","parameterUnit":"Unknown","genProcessType":2,"genProcessTypeName":"Forecast","forecastTime":180,"surface1Type":103,"surface1TypeName":"Specified height level above ground","surface1Value":10.0,"surface2Type":255,"surface2TypeName":"Missing","surface2Value":0.0,"gridDefinitionTemplate":0,"gridDefinitionTemplateName":"Latitude_Longitude","numberPoints":615,"shape":6,"shapeName":"Earth spherical with radius of 6,371,229.0 m","gridUnits":"degrees","resolution":48,"winds":"true","scanMode":64,"nx":41,"ny":15,"basicAngle":0,"lo1":47.0,"la1":41.0,"lo2":87.0,"la2":55.0,"dx":1.0,"dy":1.0}, "data":
[rows 0 to 14 of 15, columns 0 to 40 of 41]
-5.082724,0.747276,1.447276,1.157276,0.817276,2.747276,2.837276,6.167276,5.477276,3.127276,4.817276,6.817276,1.967276,3.247276,2.607276,2.617276,0.617276,0.837276,4.007276,2.377276,3.417276,3.147276,1.667276,0.977276,2.917276,-2.462724,-2.512724,2.157276,-0.242724,-0.512724,-1.132724,-0.562724,0.457276,0.447276,-2.092724,-0.802724,0.587276,-0.082724,0.517276,1.477276,1.377276
1.687276,1.577276,-0.592724,1.767276,3.617276,5.107276,6.197276,5.727276,6.867276,1.307276,3.197276,0.937276,-0.872724,0.467276,-1.812724,-1.222724,-0.912724,-1.112724,1.187276,4.587276,2.877276,5.047276,2.007276,0.837276,1.427276,0.987276,-0.732724,1.427276,-2.932724,-3.402724,0.017276,-0.612724,-0.362724,-2.572724,0.847276,0.457276,-0.932724,0.557276,-0.332724,1.637276,-0.952724
-1.792724,-1.772724,0.197276,1.127276,2.597276,2.097276,1.267276,1.967276,0.637276,0.447276,-0.302724,-0.792724,0.897276,-0.402724,-0.592724,-0.032724,0.987276,3.017276,4.157276,5.217276,5.697276,7.617276,6.847276,1.397276,2.127276,5.277276,3.357276,-0.442724,-2.662724,-0.482724,-1.542724,1.537276,-0.592724,-0.262724,0.527276,-2.122724,-0.792724,0.587276,-1.812724,0.687276,0.717276
-0.012723999,0.137276,2.547276,2.907276,1.707276,1.587276,2.387276,2.997276,3.757276,2.697276,3.237276,3.237276,7.477276,6.527276,4.627276,3.517276,4.327276,5.677276,7.187276,7.257276,6.657276,5.557276,8.437276,5.347276,6.047276,6.037276,7.817276,0.837276,-1.082724,2.027276,-2.152724,-2.182724,2.117276,-1.852724,-2.902724,-2.332724,-2.092724,0.657276,1.917276,0.327276,1.167276
-0.402724,1.537276,3.167276,2.837276,3.477276,3.827276,4.587276,5.857276,7.317276,5.907276,2.267276,3.297276,5.187276,7.877276,7.807276,5.717276,5.237276,5.397276,5.917276,8.267276,7.947276,8.597276,10.077276,6.507276,4.727276,5.897276,6.917276,5.307276,-1.272724,-0.022723999,-2.762724,-3.332724,-2.152724,-1.302724,2.827276,2.437276,-0.292724,-3.712724,-3.832724,-4.282724,-4.032724
1.827276,1.197276,2.797276,4.187276,4.587276,5.247276,3.517276,-0.832724,0.997276,4.137276,4.047276,5.547276,6.747276,9.167276,8.677276,7.477276,8.867276,7.217276,7.287276,8.347276,9.867276,8.187276,8.937276,4.717276,3.817276,5.627276,5.137276,0.377276,-2.502724,-0.152724,-2.862724,-4.162724,3.057276,0.727276,-0.702724,-1.902724,-0.412724,-1.872724,-1.272724,-2.212724,-2.902724
0.847276,2.967276,3.337276,2.797276,3.947276,4.097276,-0.892724,0.417276,1.917276,4.327276,4.957276,5.877276,7.097276,7.907276,7.437276,8.227276,8.087276,9.257276,8.177276,8.107276,7.027276,7.667276,5.347276,2.697276,3.997276,4.907276,6.787276,2.867276,-2.502724,-5.202724,-3.282724,-2.162724,4.417276,3.117276,3.807276,-2.752724,-2.142724,3.667276,-2.032724,1.607276,1.667276
1.297276,3.457276,4.127276,3.627276,4.467276,4.407276,3.317276,2.777276,4.087276,6.267276,6.967276,6.627276,7.467276,7.847276,8.307276,8.337276,8.147276,8.647276,7.207276,7.687276,8.697276,6.267276,1.457276,3.117276,2.907276,2.817276,3.227276,2.457276,-1.452724,-0.862724,-0.992724,1.497276,2.797276,4.857276,0.557276,-0.252724,2.837276,3.307276,-3.822724,-3.592724,-2.482724
2.827276,3.417276,1.647276,-1.012724,0.297276,1.167276,1.427276,3.617276,3.587276,4.177276,5.507276,6.217276,6.767276,6.257276,6.527276,6.057276,6.147276,6.877276,2.147276,4.717276,5.187276,2.547276,1.867276,3.107276,3.957276,2.737276,1.247276,1.207276,2.117276,0.637276,0.367276,0.307276,2.287276,3.517276,1.527276,-1.602724,-0.782724,-2.692724,-2.442724,-0.182724,-2.032724
-0.722724,1.297276,1.757276,3.577276,2.467276,2.337276,4.407276,2.507276,2.707276,4.477276,5.857276,6.117276,6.437276,5.347276,5.307276,4.277276,5.347276,-0.192724,2.997276,4.807276,5.387276,2.267276,0.717276,2.957276,1.447276,3.527276,1.927276,2.127276,9.537276,8.917276,-0.202724,1.007276,1.817276,5.087276,0.197276,-0.502724,-2.642724,-1.362724,-1.902724,-0.332724,-0.782724
2.837276,3.207276,2.777276,3.207276,3.307276,3.577276,3.567276,3.717276,4.187276,3.517276,4.157276,3.657276,5.117276,5.977276,4.147276,3.157276,2.087276,2.447276,2.337276,5.587276,0.867276,1.067276,0.837276,0.157276,1.077276,1.227276,3.197276,3.787276,9.417276,0.827276,-4.012724,-3.112724,-2.652724,-0.672724,0.577276,-0.262724,-2.122724,-0.622724,-1.692724,1.557276,-1.532724
2.757276,3.497276,3.857276,4.237276,4.227276,3.507276,2.827276,3.087276,3.497276,3.687276,3.117276,3.077276,2.827276,1.287276,2.807276,1.297276,1.957276,1.217276,0.027276002,-2.402724,-0.832724,1.227276,-0.782724,4.227276,2.887276,1.467276,-2.392724,7.217276,-0.292724,-4.312724,-4.862724,-5.752724,-4.202724,-3.162724,1.577276,0.497276,-0.982724,-1.682724,-0.842724,-1.332724,-0.932724
2.347276,4.167276,2.797276,3.647276,2.447276,3.507276,3.707276,2.767276,4.367276,3.157276,2.287276,2.837276,2.527276,-0.342724,1.327276,2.657276,0.587276,0.207276,-0.822724,-0.472724,-2.642724,-0.982724,5.217276,1.157276,-2.262724,-3.632724,4.467276,-1.442724,-8.192724,-5.402724,-5.302724,-3.872724,-2.612724,-3.942724,-0.012723999,1.947276,-1.822724,-3.012724,-3.022724,-2.672724,-0.622724
3.417276,1.647276,3.757276,4.227276,4.217276,3.617276,3.017276,3.227276,3.627276,3.427276,1.767276,1.937276,1.747276,1.977276,1.137276,1.367276,1.507276,0.827276,-0.062724,0.787276,-4.472724,4.177276,5.537276,1.967276,-0.002723999,-2.372724,-3.302724,-6.272724,-6.402724,-4.412724,-3.882724,-4.232724,-5.542724,-2.332724,1.107276,2.337276,-0.402724,-1.632724,-1.202724,-1.172724,-0.612724
2.067276,4.067276,5.107276,2.307276,2.677276,2.477276,3.547276,3.277276,3.057276,2.897276,1.677276,1.687276,1.037276,0.42727602,0.787276,1.747276,0.037276,-1.312724,1.367276,0.437276,1.997276,1.847276,-0.352724,-1.852724,-3.002724,-3.172724,-3.412724,-3.772724,-3.482724,-2.862724,-3.542724,-4.962724,-2.792724,-6.172724,0.617276,5.477276,-3.042724,-0.692724,-1.952724,-2.592724,-2.042724
