wind_kz.json
[{"header":{"discipline":0,"disciplineName":"Meteorological products","gribEdition":2,"gribLength":871,"center":7,"centerName":"US National Weather Service - NCEP(WMC)","subcenter":0,"refTime":"2024-02-01T12:00:00.000Z","significanceOfRT":1,"significanceOfRTName":"Start of forecast","productStatus":0,"productStatusName":"Operational products","productType":1,"productTypeName":"Forecast products","productDefinitionTemplate":0,"productDefinitionTemplateName":"Analysis/forecast at horizontal level/layer at a point in time","parameterCategory":0,"parameterCategoryName":"UnknownDiscipline_0_Category_0","parameterNumber":0,"parameterNumberName":"UnknownParameter_D0_C0_0","parameterUnit":"Unknown","genProcessType":2,"genProcessTypeName":"Forecast","forecastTime":300,"surface1Type":1,"surface1TypeName":"Ground or water surface","surface1Value":0.0,"surface2Type":255,"surface2TypeName":"Missing","surface2Value":0.0,"gridDefinitionTemplate":0,"gridDefinitionTemplateName":"Latitude_Longitude","numberPoints":615,"shape":6,"shapeName":"Earth spherical with radius of 6,371,229.0 m","gridUnits":"degrees","resolution":48,"winds":"true","scanMode":64,"nx":41,"ny":15,"basicAngle":0,"lo1":47.0,"la1":41.0,"lo2":87.0,"la2":55.0,"dx":1.0,"dy":1.0},"data":[279.7,274.7,281.3,280.2,280.5,281.7,281.5,280.9,279.8,279.0,278.0,279.0,278.6,278.4,278.3,277.8,278.2,276.8,278.6,277.2,277.9,277.7,277.5,273.9,273.6,276.6,272.7,253.8,251.9,250.0,251.3,252.4,262.7,269.7,270.7,271.0,270.9,271.0,271.4,271.5,271.3,265.4,281.1,280.4,280.1,280.6,280.9,280.6,279.9,278.3,277.6,277.9,277.3,277.6,277.7,277.6,277.2,277.0,276.9,275.7,276.1,276.1,275.3,274.6,268.9,250.3,254.6,260.9,250.3,254.0,248.3,261.8,244.1,258.9,241.0,249.3,264.5,263.1,269.6,270.5,267.2,269.2,279.2,278.2,280.0,280.3,280.3,279.8,279.4,278.0,277.0,276.3,275.5,275.8,275.8,275.5,274.6,273.6,273.5,272.4,272.3,272.4,274.0,274.5,274.0,266.6,270.8,271.0,272.0,271.7,271.6,266.0,252.3,255.3,263.0,258.0,260.6,266.5,257.9,260.1,258.4,255.6,254.5,279.3,275.7,277.8,278.9,279.6,279.2,278.3,276.5,275.8,275.2,274.9,275.0,281.2,281.8,273.3,272.3,272.0,272.5,272.4,272.6,272.5,266.5,271.6,271.6,272.1,272.0,272.1,269.6,271.9,269.8,268.3,265.9,269.5,269.6,267.7,264.9,250.6,247.5,260.8,263.9,262.1,277.4,273.1,272.2,273.3,275.7,277.6,276.4,276.4,275.2,274.7,274.7,276.8,279.0,279.0,278.1,272.0,271.5,271.1,270.0,270.8,270.7,270.0,269.5,269.4,268.7,267.9,263.1,267.3,266.5,266.7,269.0,268.7,250.5,235.3,260.1,262.6,263.7,260.1,263.2,261.1,260.8,277.5,278.5,273.1,272.9,272.3,272.8,275.7,275.3,274.3,274.3,274.9,272.9,277.9,278.9,270.7,271.3,270.5,270.4,270.0,269.1,263.9,267.5,263.3,260.7,261.8,260.6,265.0,264.6,263.7,263.2,262.5,263.3,255.9,252.3,259.7,260.3,253.3,252.7,260.0,256.8,260.8,278.3,277.2,278.1,275.9,273.8,274.8,274.9,273.3,274.2,274.1,273.5,271.7,271.5,270.7,270.0,270.5,269.0,269.2,265.2,262.8,262.2,262.1,262.0,261.5,258.8,257.3,256.1,259.9,258.9,259.7,257.3,254.7,255.8,255.2,250.4,252.0,251.9,251.1,247.4,249.1,250.6,277.4,277.0,276.1,275.4,274.5,273.5,272.7,272.8,272.4,272.2,269.1,268.0,265.3,264.6,268.2,266.9,266.1,263.5,262.4,260.6,259.7,258.8,258.9,257.7,257.3,251.2,253.5,250.1,248.4,251.6,248.5,255.3,248.8,252.4,248.3,249.9,253.7,255.2,250.6,251.7,245.7,276.1,276.0,275.5,275.0,273.5,273.5,272.9,271.9,271.2,269.4,267.4,264.2,263.5,263.3,263.6,263.7,263.1,263.2,261.6,259.2,258.1,256.2,256.2,254.7,252.5,254.3,248.6,246.3,247.6,245.7,245.6,250.0,258.0,260.2,257.6,249.2,248.6,249.3,241.1,244.6,241.3,275.2,274.6,274.3,273.8,272.7,272.3,270.7,269.3,268.3,268.4,265.5,263.7,264.7,263.7,262.8,262.7,261.0,260.3,260.4,258.9,257.0,258.3,257.7,252.8,253.3,251.5,251.4,252.1,250.4,250.8,256.0,260.7,261.3,260.9,256.8,252.4,249.4,246.1,244.2,248.2,246.1,274.6,274.1,273.0,271.8,271.5,270.0,270.4,270.0,267.1,265.3,263.2,264.2,265.4,264.3,263.4,262.7,262.1,260.6,258.3,258.9,260.8,258.8,254.4,255.0,254.8,253.5,248.8,257.5,258.9,260.2,260.0,260.3,260.6,259.2,258.1,254.8,250.1,249.1,249.0,256.3,249.7,272.6,273.0,273.3,271.0,269.5,268.8,268.2,267.2,266.0,265.0,261.6,263.6,265.2,264.8,265.2,264.9,264.6,263.1,261.1,260.3,260.4,259.5,258.4,256.8,256.3,256.3,256.5,258.7,258.9,258.8,258.2,258.2,258.9,258.0,258.0,256.9,257.8,258.9,256.7,257.3,256.2,273.1,273.2,273.2,272.6,270.4,269.8,268.6,267.7,265.6,265.5,263.2,264.6,266.1,265.3,266.0,265.8,265.0,264.2,263.0,262.3,261.3,260.1,260.0,258.5,257.2,255.9,257.7,253.2,253.7,255.4,255.9,256.1,257.7,257.1,255.7,254.1,253.0,254.4,249.3,249.1,254.2,273.2,273.1,273.2,273.2,271.8,268.4,267.9,267.4,267.7,266.8,267.9,267.8,269.1,267.3,267.2,266.2,265.4,264.4,263.3,263.0,262.5,261.8,260.0,256.1,253.2,248.8,248.3,250.6,252.7,254.0,255.6,257.0,255.5,252.9,249.1,243.9,243.1,242.3,242.7,242.5,245.7,273.2,273.2,273.1,273.2,273.2,272.7,271.7,269.2,269.6,269.8,270.2,270.5,270.7,267.2,268.1,266.4,265.2,264.2,264.0,263.1,261.9,259.1,250.8,248.1,246.4,246.1,247.4,249.1,253.0,256.1,255.2,247.2,244.3,244.3,243.9,245.5,243.6,244.6,248.0,248.6,248.4]},{"header":{"discipline":0,"disciplineName":"Meteorological products","gribEdition":2,"gribLength":1102,"center":7,"centerName":"US National Weather Service - NCEP(WMC)","subcenter":0,"refTime":"2024-02-01T12:00:00.000Z","significanceOfRT":1,"significanceOfRTName":"Start of forecast","productStatus":0,"productStatusName":"Operational products","productType":1,"productTypeName":"Forecast products","productDefinitionTemplate":0,"productDefinitionTemplateName":"Analysis/forecast at horizontal level/layer at a point in time","parameterCategory":2,"parameterCategoryName":"UnknownDiscipline_0_Category_2","parameterNumber":2,"parameterNumberName":"UnknownParameter_D0_C2_2","parameterUnit":"Unknown","genProcessType":2,"genProcessTypeName":"Forecast","forecastTime":300,"surface1Type":103,"surface1TypeName":"Specified height level above ground","surface1Value":10.0,"surface2Type":255,"surface2TypeName":"Missing","surface2Value":0.0,"gridDefinitionTemplate":0,"gridDefinitionTemplateName":"Latitude_Longitude","numberPoints":615,"shape":6,"shapeName":"Earth spherical with radius of 6,371,229.0 m","gridUnits":"degrees","resolution":48,"winds":"true","scanMode":64,"nx":41,"ny":15,"basicAngle":0,"lo1":47.0,"la1":41.0,"lo2":87.0,"la2":55.0,"dx":1.0,"dy":1.0},"data":[1.127721,-0.51227903,3.1077209,-4.092279,-5.2522793,-8.542279,-8.432279,-7.972279,-11.232279,-4.962279,-4.812279,-5.932279,-5.5422792,-4.822279,-4.302279,-3.692279,-3.492279,-2.782279,-3.272279,-3.1322792,-2.722279,-0.75227904,-0.56227905,-1.892279,-0.11227905,-2.042279,-3.272279,-0.85227907,1.857721,2.0877209,0.80772096,3.8377209,3.247721,1.137721,1.0677209,1.447721,1.947721,2.457721,2.3677208,1.837721,0.76772094,3.927721,-0.87227905,-5.192279,-9.852279,-10.572279,-10.562279,-6.5222793,-9.772279,-7.592279,-6.612279,-5.122279,-5.652279,-4.802279,-4.532279,-3.932279,-4.432279,-3.732279,-3.242279,-1.922279,-2.362279,-2.532279,-2.022279,-0.99227905,-3.362279,-0.122279055,1.6677209,-1.152279,1.6477209,-3.1522791,-0.57227904,0.16772094,2.057721,3.3777208,-1.9822791,1.107721,0.7877209,-1.152279,-0.122279055,0.43772095,0.51772094,-2.432279,1.0577209,-2.602279,-10.682279,-11.492279,-11.462279,-10.342279,-9.462279,-5.872279,-8.802279,-6.7722793,-5.202279,-5.532279,-4.722279,-5.492279,-5.232279,-4.7522793,-5.2522793,-3.1522791,-1.902279,-1.1922791,-2.532279,-2.6422791,-3.932279,-3.6322792,-1.0622791,-2.752279,-1.7222791,-0.19227906,-1.022279,0.027720947,-0.21227905,3.217721,0.26772094,0.37772095,1.207721,-0.062279053,0.23772095,-0.56227905,6.887721,10.397721,9.417721,-2.432279,-6.082279,-12.432279,-11.952279,-10.682279,-9.592279,-7.202279,-7.5022793,-6.5422792,-7.0422792,-6.692279,-6.952279,-9.002279,-9.102279,-5.812279,-5.672279,-5.142279,-4.5222793,-3.552279,-2.502279,-2.822279,-2.6222792,-3.8922791,-5.352279,-5.862279,-5.942279,-2.512279,-7.302279,-3.442279,-2.6422791,1.137721,-0.36227906,5.4977207,7.907721,6.107721,1.867721,-0.51227903,3.3777208,0.69772094,-0.03227905,0.41772094,-6.882279,-7.652279,-10.232279,-9.022279,-8.5122795,-8.432279,-7.692279,-7.852279,-7.722279,-7.102279,-7.962279,-8.942279,-9.102279,-9.332279,-9.402279,-6.102279,-5.892279,-5.2522793,-5.112279,-7.232279,-8.282279,-6.812279,-6.842279,-6.322279,-6.732279,-6.842279,-6.822279,-5.322279,-4.632279,-4.152279,-4.972279,-1.752279,-3.302279,1.617721,1.227721,-1.392279,4.787721,1.487721,1.8077209,1.4277209,-4.892279,-7.202279,-8.722279,-9.552279,-10.2622795,-10.492279,-9.632279,-9.342279,-8.342279,-8.042279,-7.962279,-7.632279,-7.332279,-8.622279,-9.492279,-5.672279,-5.482279,-5.722279,-5.802279,-7.682279,-6.262279,-6.432279,-5.982279,-5.322279,-5.5222793,-5.2922792,-6.222279,-5.362279,-4.0422792,-3.852279,-3.702279,-4.092279,-3.202279,-2.602279,-0.56227905,2.147721,-2.722279,3.457721,2.947721,10.427721,-4.262279,-4.632279,-8.592279,-9.402279,-9.592279,-9.902279,-10.372279,-9.142279,-8.922279,-8.242279,-7.892279,-7.322279,-7.072279,-6.822279,-5.952279,-5.762279,-5.372279,-5.312279,-5.2722793,-5.722279,-5.232279,-6.2722793,-4.472279,-3.942279,-3.9222791,-3.962279,-5.0222793,-4.032279,-1.542279,-2.562279,-2.752279,-2.512279,-3.312279,-1.9822791,-0.08227906,2.0877209,-1.0622791,-1.912279,-0.582279,2.157721,0.9677209,1.957721,0.9677209,-9.702279,-9.5122795,-9.382279,-8.922279,-9.322279,-8.222279,-7.922279,-7.122279,-6.942279,-6.952279,-5.452279,-6.0222793,-4.762279,-4.652279,-3.6322792,-4.162279,-4.172279,-4.282279,-3.342279,-5.432279,-3.312279,-3.012279,-2.722279,-2.6422791,-2.222279,-1.2122791,-0.26227906,-1.2322791,0.49772096,-0.91227907,-1.622279,-0.012279052,-0.46227905,-0.37227905,-1.612279,2.927721,5.167721,6.717721,5.837721,4.9577208,-1.5822791,-8.292279,-8.592279,-7.972279,-7.662279,-7.632279,-7.0422792,-7.0222793,-6.582279,-6.242279,-6.102279,-5.172279,-4.422279,-4.112279,-2.9122791,-3.482279,-2.212279,-3.182279,-2.6622791,-2.302279,-1.8522791,-2.962279,-0.60227907,-1.362279,-1.2222791,-1.672279,-1.262279,-1.272279,-1.042279,0.607721,-0.27227905,0.9677209,1.0177209,1.5277209,1.077721,2.5877209,1.1477209,1.1477209,-2.982279,-1.2322791,1.9377209,-1.3222791,-7.782279,-7.162279,-6.872279,-6.412279,-6.622279,-6.362279,-5.602279,-5.7722793,-5.372279,-4.822279,-4.202279,-4.472279,-3.202279,-2.252279,-2.432279,-2.002279,-2.1722791,-2.232279,-1.9622791,-2.082279,-2.092279,-0.9022791,-0.47227904,-0.03227905,-0.88227904,-0.56227905,0.41772094,-0.21227905,1.1777209,2.637721,2.037721,2.397721,2.147721,3.267721,-0.14227906,1.5677209,-1.402279,0.50772095,-1.132279,0.44772094,-0.892279,-5.842279,-6.2922792,-6.222279,-6.052279,-5.442279,-5.162279,-5.212279,-5.552279,-4.122279,-4.512279,-2.942279,-1.792279,-1.8322791,-0.79227906,-0.51227903,-0.35227907,-0.32227907,-1.012279,-1.862279,-1.632279,-1.4722791,-0.522279,0.76772094,1.227721,1.5277209,0.98772097,1.977721,1.977721,2.3677208,3.427721,3.177721,2.757721,2.717721,2.1077209,1.887721,-0.5322791,-1.022279,0.977721,0.07772095,0.11772095,-0.51227903,-4.932279,-4.312279,-4.632279,-4.922279,-4.922279,-4.162279,-4.532279,-4.532279,-3.302279,-3.082279,-2.262279,-0.86227906,-0.55227906,1.257721,2.1077209,1.477721,1.6577209,0.16772094,-0.16227905,-0.21227905,0.047720946,1.377721,1.827721,1.8977209,2.537721,2.887721,2.727721,2.897721,2.8477209,2.517721,2.8577209,3.1277208,2.687721,2.387721,2.317721,2.3577209,3.707721,4.607721,2.167721,0.25772095,0.42772093,-2.6522791,-3.212279,-3.042279,-3.742279,-3.092279,-2.8922791,-3.1522791,-2.452279,-2.522279,-2.232279,-1.3422791,0.03772095,0.56772095,3.807721,3.3677208,2.007721,1.607721,1.097721,0.7177209,0.57772094,0.75772095,1.237721,1.457721,1.2677209,1.4177209,2.527721,2.447721,2.8377209,2.647721,2.687721,2.917721,3.217721,2.8377209,2.3477209,2.657721,2.897721,2.5977209,2.257721,2.177721,1.617721,2.507721,-2.802279,-2.3922791,-2.442279,-2.6322792,-2.752279,-2.612279,-1.622279,-1.122279,-1.012279,-0.55227906,-1.002279,0.58772093,1.637721,3.3677208,3.0977209,2.797721,1.617721,0.73772097,-0.54227906,0.13772094,0.62772095,1.8177209,1.837721,1.8077209,2.507721,1.487721,1.387721,2.3377209,2.407721,2.6077209,2.8477209,2.477721,2.1177208,2.307721,1.957721,2.1277208,1.5177209,1.367721,0.47772095,0.727721,0.99772096,-1.9822791,-2.6522791,-2.1522791,-1.8122791,-1.052279,-0.8422791,-0.5922791,-0.5322791,-0.522279,-1.2222791,0.33772096,1.5677209,0.94772094,0.40772095,0.39772093,-0.94227904,-1.0922791,-1.3222791,-1.6822791,-1.3522791,-0.40227905,0.33772096,0.19772094,0.88772094,0.95772094,1.5577209,1.867721,1.737721,1.987721,1.987721,1.8177209,1.347721,1.6477209,1.7977209,1.9177209,2.507721,0.61772096,2.047721,2.3477209,1.6577209,-0.07227905]},{"header":{"discipline":0,"disciplineName":"Meteorological products","gribEdition":2,"gribLength":1025,"center":7,"centerName":"US National Weather Service - NCEP(WMC)","subcenter":0,"refTime":"2024-02-01T12:00:00.000Z","significanceOfRT":1,"significanceOfRTName":"Start of forecast","productStatus":0,"productStatusName":"Operational products","productType":1,"productTypeName":"Forecast products","productDefinitionTemplate":0,"productDefinitionTemplateName":"Analysis/forecast at horizontal level/layer at a point in time","parameterCategory":2,"parameterCategoryName":"UnknownDiscipline_0_Category_2","parameterNumber":3,"parameterNumberName":"UnknownParameter_D0_C2_3","parameterUnit":"Unknown","genProcessType":2,"genProcessTypeName":"Forecast","forecastTime":300,"surface1Type":103,"surface1TypeName":"Specified height level above ground","surface1Value":10.0,"surface2Type":255,"surface2TypeName":"Missing","surface2Value":0.0,"gridDefinitionTemplate":0,"gridDefinitionTemplateName":"Latitude_Longitude","numberPoints":615,"shape":6,"shapeName":"Earth spherical with radius of 6,371,229.0 m","gridUnits":"degrees","resolution":48,"winds":"true","scanMode":64,"nx":41,"ny":15,"basicAngle":0,"lo1":47.0,"la1":41.0,"lo2":87.0,"la2":55.0,"dx":1.0,"dy":1.0},"data":[-1.6359662,-1.4759662,5.624034,10.414033,5.7140336,3.7740338,3.4840338,1.9940338,2.3340337,0.9240338,-0.115966186,1.5440338,1.8840338,1.4840338,0.9440338,0.3740338,-0.8059662,-1.0459661,-3.3259661,-1.8359662,-1.1059662,-2.1559663,-0.3359662,-1.8059661,-1.4459662,-2.0659661,-1.5859662,1.6740338,1.5740339,-1.4459662,-5.8859663,-6.6759663,2.4640338,-1.9759662,-1.9459662,0.65403384,0.45403382,1.3740338,1.3140339,0.4440338,-0.4059662,6.954034,1.5140338,8.804034,11.664033,8.924034,7.3240337,3.124034,5.084034,3.2440338,2.2140338,0.39403382,0.11403381,0.5640338,1.1640338,-0.38596618,0.2840338,0.18403381,-2.1759663,-2.0359662,-2.6859663,-1.8359662,-2.8159661,-0.7359662,1.4340339,-3.6759663,-2.9759662,-4.1159663,1.4940338,1.5040338,1.2840338,6.0740337,0.90403384,-2.5759661,-5.9259663,-7.2659664,-5.3459663,-3.5759661,-3.5459661,0.08403382,-2.6759663,0.5840338,-1.6359662,3.404034,11.634033,10.684033,8.764034,5.534034,4.5740337,3.0540338,4.874034,3.414034,1.8940338,1.2840338,-0.22596619,-0.20596619,-0.9959662,-1.7159662,-1.1359662,-1.6559662,-2.625966,-1.6259662,-0.09596619,-0.42596617,-4.3659663,-0.5659662,-0.3359662,-0.19596618,-0.84596616,-0.8759662,-0.1859662,2.0740337,1.0440338,1.3040338,-1.0159662,-2.855966,-1.3659662,-1.3359662,-3.0259662,-1.3359662,-1.2459662,-0.035966188,-0.32596618,2.4340339,6.9440336,9.384034,9.714034,7.204034,7.434034,7.4040337,5.4640336,3.5840337,3.0840337,1.4540339,1.0540338,2.4540339,2.0540338,-0.14596619,-0.9959662,-1.8659662,-2.835966,-3.595966,-2.335966,-1.8759662,-1.7159662,2.404034,-0.59596616,-1.2259662,-2.2759662,-1.9659662,-3.8059661,-0.52596617,-2.095966,-3.5259662,-4.005966,-1.9559662,3.1840339,-0.3759662,-0.3659662,0.3440338,1.6140338,0.024033813,0.7040338,0.53403383,3.4440339,4.6740336,5.334034,2.134034,3.384034,3.7140338,3.0740337,4.394034,3.5640337,2.0740337,2.664034,3.3540337,1.9340339,1.6740338,0.7640338,-1.1259662,-1.7059662,-2.6359663,-3.3259661,-3.4559662,-1.6259662,-0.58596617,-0.5559662,-0.58596617,-0.65596616,-1.5759662,-2.1559663,-1.1759661,-1.1059662,-1.6659662,-3.0559661,-1.0259662,1.5040338,1.1340338,-1.8659662,-1.8859662,-5.755966,-1.0959662,2.5140338,0.59403384,1.4940338,5.264034,4.744034,2.6040337,2.7040339,3.0240338,3.2040339,3.9240339,3.5540338,3.2440338,3.5240338,2.7440338,2.0840337,1.0240338,0.71403384,0.064033814,-0.3359662,-0.7359662,-1.3259662,-1.4459662,-1.8059661,-2.595966,-0.6959662,-0.3659662,-1.1859661,-1.1359662,-1.0659661,-1.1659662,-1.5959662,-1.3159661,-1.2159662,-1.1159662,-0.42596617,0.3440338,1.3140339,2.7440338,0.0040338133,2.9240339,-1.4659662,-5.355966,0.5040338,0.39403382,4.1740336,4.2140336,4.064034,4.4840336,4.3840337,4.774034,4.3040338,3.6840339,3.2540338,2.5840337,2.164034,2.2440338,1.9240338,0.84403384,0.024033813,0.0040338133,-0.15596619,0.4040338,-0.6659662,-0.6159662,-1.8559662,-1.2859662,0.10403381,0.6740338,0.8240338,-0.48596618,-2.4059663,-2.2959661,-3.0659661,-1.7459662,-1.9459662,-3.0359662,-3.4359663,-4.215966,-1.1359662,-1.6959662,-3.2259662,-2.2559662,-2.6759663,-3.0659661,1.2840338,3.0440338,3.5740337,3.914034,4.2140336,4.5540338,4.254034,4.224034,4.274034,4.474034,3.7440338,2.5140338,2.0240338,-0.20596619,-0.3659662,-1.2859662,0.32403383,-0.115966186,0.32403383,-0.115966186,1.7840338,-1.2059662,-1.2059662,-1.6159662,0.4640338,1.8340338,2.124034,2.2040339,-1.0959662,-1.3859662,-2.6859663,-2.0359662,-2.5259662,-2.6859663,-3.0059662,1.0140338,1.3040338,0.044033814,0.5240338,-0.4759662,-2.0759661,-2.115966,2.5340338,3.144034,3.9340339,4.124034,4.3640337,4.374034,4.1940336,3.8440337,4.034034,3.8640337,2.7340338,1.6440338,1.3440338,-0.115966186,0.5040338,-1.2059662,0.97403383,1.5540338,2.0540338,1.2440338,1.8440338,0.08403382,0.124033816,-0.17596619,0.23403381,1.2140338,1.0440338,1.3640338,1.9440339,0.024033813,-0.7459662,0.4140338,-0.4959662,-2.605966,-0.5459662,-1.1759661,-3.7559662,-1.3159661,-2.7059662,-2.4059663,-4.225966,2.5440338,2.5940337,2.6740339,3.134034,3.2640338,3.2240338,3.4240339,3.384034,3.5340338,3.1740339,3.0640337,2.3440337,3.0240338,2.2840338,2.144034,0.9440338,0.39403382,0.4740338,1.0940338,1.2440338,1.9940338,2.4940338,1.6940339,1.1740338,1.4840338,1.6740338,1.4340339,1.5140338,1.3440338,1.2240338,0.8640338,-1.1659662,-1.5559661,-1.4559662,0.30403382,0.66403383,0.4940338,-3.095966,0.5640338,1.9940338,2.8140337,2.8340337,3.404034,4.064034,2.6840339,2.3640337,2.9940338,3.2940338,2.8340337,2.4640338,3.4540339,1.2540338,1.0640339,2.2040339,2.9540339,2.5640337,2.2640338,2.3240337,1.3140339,1.0340338,1.7340338,1.8740338,2.124034,1.7140338,1.5540338,1.1440338,1.6140338,0.7540338,1.7040339,1.1040338,-0.22596619,-0.7959662,-0.7359662,-0.8059662,0.054033812,1.1240338,1.6740338,0.7340338,1.8740338,1.3940338,-0.7059662,-0.3359662,1.5140338,1.9440339,3.0940337,3.394034,4.144034,3.7240338,3.7840338,4.004034,2.3340337,1.4640338,-0.045966186,1.3440338,2.7040339,2.7940338,3.0240338,3.0640337,2.7840338,2.8240337,2.154034,2.4540339,2.0440338,1.4540339,0.30403382,0.72403383,0.4740338,0.5440338,1.6540338,0.2840338,-0.14596619,-0.6859662,-0.6159662,-0.21596618,-0.14596619,0.4340338,0.5840338,1.8140339,2.644034,1.3040338,0.2840338,-0.6759662,-0.5459662,3.6040337,4.0540338,2.5740337,3.4940338,2.3640337,2.3640337,3.0840337,2.9940338,4.3240337,1.4040338,0.3840338,1.2540338,3.404034,3.1040337,3.2340338,3.2640338,3.634034,3.384034,3.2440338,2.4440339,2.4240339,1.7540338,0.65403384,0.3840338,-0.8259662,-0.10596619,-0.83596617,-1.0459661,-0.7059662,-0.29596618,-0.22596619,0.15403381,0.16403382,0.14403382,0.39403382,0.59403384,0.8340338,0.39403382,1.0540338,1.4740338,1.3440338,5.1140337,4.4640336,4.834034,4.2340336,4.504034,3.0840337,2.914034,4.064034,2.9540339,3.2240338,0.97403383,0.36403382,1.7440338,3.3340337,3.3340337,3.894034,4.5740337,4.8240337,3.9640338,2.5740337,1.9240338,1.0040338,0.054033812,-0.14596619,-0.5659662,-1.1959662,-1.2559662,-0.8159662,-0.6259662,-0.4959662,-0.19596618,-0.015966186,0.024033813,0.014033813,-0.15596619,-0.53596616,-0.09596619,0.08403382,0.22403382,1.1640338,1.5940338,3.124034,4.974034,4.994034,4.564034,4.4840336,3.7840338,3.1140337,3.1740339,3.9440339,3.7740338,2.6040337,1.7540338,0.024033813,0.4740338,0.29403383,1.7840338,2.654034,3.0740337,2.6740339,1.8140339,1.0940338,0.14403382,-0.21596618,-0.96596617,-1.2759662,-1.1759661,-0.8059662,-0.9159662,-1.2759662,-1.2059662,-1.7359662,-1.6559662,-0.7359662,-0.3759662,0.08403382,-0.115966186,0.7440338,1.2240338,0.78403383,0.7740338,0.4140338]}]