wind_kz.json
{"header": {"discipline":0,"disciplineName":"Meteorological products","gribEdition":2,"gribLength":1025,"center":7,"centerName":"US National Weather Service - NCEP(WMC)","subcenter":0,"refTime":"2023-08-20T12:00:00.000Z","significanceOfRT":1,"significanceOfRTName":"Start of forecast","productStatus":0,"productStatusName":"Operational products","productType":1,"productTypeName":"Forecast products","productDefinitionTemplate":0,"productDefinitionTemplateName":"Analysis/forecast at horizontal level/layer at a point in time","parameterCategory":2,"parameterCategoryName":"UnknownDiscipline_0_Category_2","parameterNumber":3,"parameterNumberName":"UnknownParameter_D0_C2_3","parameterUnit":"Unknown","genProcessType":2,"genProcessTypeName":"Forecast","forecastTime":300,"surface1Type":103,"surface1TypeName":"Specified height level above ground","surface1Value":10.0,"surface2Type":255,"surface2TypeName":"Missing","surface2Value":0.0,"gridDefinitionTemplate":0,"gridDefinitionTemplateName":"Latitude_Longitude","numberPoints":615,"shape":6,"shapeName":"Earth spherical with radius of 6,371,229.0 m","gridUnits":"degrees","resolution":48,"winds":"true","scanMode":64,"nx":41,"ny":15,"basicAngle":0,"lo1":47.0,"la1":41.0,"lo2":87.0,"la2":55.0,"dx":1.0,"dy":1.0}, "data":
[rows 0 to 14 of 15, columns 0 to 40 of 41]
0.6247583,-2.3252418,-1.4052417,-10.645242,-10.275242,-5.5952415,1.7647583,1.2047583,-0.9252417,-0.1552417,-3.1652417,-1.2952417,-2.1252418,-3.0752418,-3.9452417,-5.045242,-6.2252417,-2.6652417,-3.5152416,-2.4152417,-2.5452416,-3.0352416,3.7347584,-1.1452417,-1.0652417,-1.2952417,-1.9752417,0.9147583,0.7347583,1.3947583,-1.8452417,-3.3352418,1.9647583,-3.1552417,-1.9452417,-3.4952416,-3.3552418,-0.4752417,-0.7152417,-0.0352417,-1.9252417
3.1247582,0.8147583,-5.9752417,-7.8252416,-8.075242,-6.025242,-1.9652417,0.2047583,0.1147583,-0.4952417,-0.4652417,-1.7152417,-1.9652417,-2.7252417,-4.855242,-5.025242,-2.6452417,-5.1752415,-6.3652415,-4.795242,-4.3652415,-4.6452417,1.8447583,1.5847583,-0.7552417,-0.5752417,-1.6152416,1.2047583,0.6947583,2.1947584,3.6947584,2.9947584,0.6847583,1.4547583,-1.5952417,-3.4952416,-2.0452416,-3.5652418,-3.3052416,-1.9852417,0.3247583
0.1547583,-4.815242,-5.215242,-6.465242,-5.3852415,-0.8652417,1.0147583,-0.8752417,0.3747583,-0.2252417,-0.8652417,-0.2752417,-1.2352417,-2.3952417,-3.2252417,-4.0352416,-3.6352417,-4.985242,-4.775242,-4.8452415,-4.2852416,-3.9752417,-6.1852417,-1.6252418,-1.4352417,0.2147583,-0.7752417,0.0647583,-0.8052417,0.1647583,1.8847584,0.2547583,1.4847583,-1.1652417,-0.6352417,2.1947584,0.6547583,-1.1352417,0.4847583,-1.1952417,-1.6652417
-3.1452417,-5.755242,-3.6852417,-4.965242,-1.7352417,-1.2152417,2.6647582,2.5647583,1.2447582,0.8147583,0.1147583,-1.0152417,-0.9752417,-2.3352418,-2.9852417,-4.025242,-4.5152416,-4.8652415,-5.465242,-5.8452415,-4.505242,-3.4552417,0.3747583,-1.8252417,-3.1652417,-3.9752417,-3.5652418,-4.0552416,-0.9952417,-3.0252416,-3.4552417,-2.0552416,-0.2252417,0.5647583,1.2847583,-1.8352417,-0.4352417,2.8147583,1.0947583,-0.5852417,-0.4252417
-3.1352417,-5.315242,-1.4652417,-3.2252417,-3.1452417,-1.0552417,3.2347584,4.4247584,3.3947582,1.2747583,1.4247583,-0.1652417,-1.0952417,-2.2252417,-3.1252418,-3.2052417,-4.2252417,-4.4152417,-4.6852417,-5.525242,-2.5652418,-1.3452417,-1.2852417,-1.5252417,-1.4152417,-2.0352416,-4.0752416,-2.5852418,-2.7652416,-3.8352418,-4.9352417,-2.0152416,1.6147583,3.2647583,-1.0852417,-0.3752417,-0.4452417,-2.2752416,-2.8852417,-0.7952417,-3.9252417
-3.6552417,-3.6952417,-1.9752417,-3.0552416,-3.1252418,-1.2852417,1.3847584,3.3347583,2.9947584,2.2147584,0.4947583,0.8747583,-1.8252417,-2.1952417,-1.2152417,-2.4552417,-3.8552418,-4.2452416,-4.5752416,-3.6352417,-4.2252417,-0.8152417,-0.1752417,0.24475831,-0.4452417,-2.0952418,-3.2452416,-4.4252415,-4.3252416,-5.0152416,-5.6752415,-6.065242,-4.755242,1.9347583,1.7047583,-0.1852417,2.0847583,-0.1852417,2.7947583,2.2347584,-4.6452417
-3.1452417,-1.4052417,-4.215242,-4.315242,-6.4552417,-2.6952417,3.0247583,4.264758,3.4747584,2.7847583,2.1247582,1.7047583,1.3047583,-0.005241699,-1.2952417,-1.2752417,-2.3352418,-3.5452416,-4.2252417,-3.5652418,-4.6352415,-3.5652418,-0.9052417,0.8047583,1.8847584,0.4847583,-2.5852418,-3.4252417,-5.1552415,-5.525242,-6.6552415,-8.965241,-8.855242,-9.465241,-1.4952416,-2.0452416,-4.3452415,-3.8352418,-2.6252418,-3.0852418,-5.3052416
-4.795242,-4.775242,-3.0352416,-4.295242,-8.555242,-8.005241,-1.0352417,1.9047583,4.1747584,2.2947583,4.264758,3.4347582,2.6947584,1.9047583,0.9847583,0.3247583,-0.4452417,-1.9452417,-2.7752416,-2.3952417,-4.105242,-4.0752416,-4.3652415,-0.5652417,2.0647583,1.2647583,1.0347583,-1.4452417,-3.0652418,-4.775242,-5.6252418,-5.485242,-8.025242,-9.125241,-1.8052417,0.42475832,-0.4252417,0.6747583,0.1447583,0.5347583,-0.6652417
-4.565242,-4.9552417,-5.5952415,-5.0952415,-5.255242,-8.665241,-7.4952416,-0.8452417,1.1747583,3.9047582,4.7147584,4.144758,3.5247583,3.2547584,3.3247583,1.9747583,1.4447583,0.6247583,-0.5852417,-0.9852417,-0.7752417,-2.9152417,-3.5152416,-2.4552417,0.2147583,1.2647583,0.3747583,-0.6152417,-1.2252417,-1.6852417,-3.6952417,-4.065242,-2.5452416,-4.855242,-3.9552417,-2.3152418,-3.0352416,-2.6252418,-4.065242,-3.5552416,-4.0152416
-4.195242,-4.1752415,-4.1352415,-4.005242,-3.7652416,-1.3652416,-3.5152416,-4.5152416,-3.8052416,-0.2452417,3.3847582,5.3747582,4.704758,4.3447585,3.9847584,3.4247582,3.1747582,2.5747583,1.9947582,1.1747583,0.4547583,0.9647583,0.1747583,-0.2052417,0.2647583,1.3447583,1.1347584,1.2747583,0.3847583,-0.6452417,0.0347583,-0.7452417,-2.5652418,-3.1452417,-3.0052416,-0.6252417,0.2947583,-2.6252418,-2.2252417,-0.1152417,-0.6952417
-3.2352417,-3.7952416,-3.7252417,-3.7852416,-3.4652417,-3.3452418,-3.0252416,-2.9752417,-3.1752417,-3.9252417,-0.3152417,2.7647583,3.5147583,4.264758,5.204758,6.2147584,4.394758,3.8947582,3.7047584,3.4047582,3.3947582,2.5947583,2.5747583,2.1547582,1.7047583,2.3647583,1.3547583,2.3147583,2.0647583,1.8947583,1.9047583,0.8247583,-1.9352417,-1.7952417,-3.3252418,-3.0752418,-1.7452416,1.3347583,0.6847583,0.9047583,-0.1452417
-1.8152417,-2.3752418,-2.9352417,-3.0752418,-3.0252416,-3.1752417,-3.2752416,-3.2052417,-3.2352417,-2.9252417,-1.6652417,-2.4852417,-0.7152417,1.3747582,3.2247584,1.0447583,2.7347584,5.1047583,3.6547582,3.7347584,4.2547584,3.5547583,3.2647583,2.1147583,3.2347584,2.5647583,3.0847583,3.6447582,3.3947582,2.8747582,3.0447583,2.9447584,1.2747583,-0.2852417,-1.2952417,-1.4052417,-1.6652417,1.9447583,1.7847583,1.8047583,0.9647583
-0.5652417,-0.5152417,-2.0352416,-0.9052417,-1.6752417,-1.0152417,-1.4252417,-2.5152416,-3.8252418,-2.1152418,-1.1752417,-1.5652417,-2.5252416,-3.0252416,-3.0452416,-1.8852417,1.0147583,3.3847582,4.0247583,3.5047584,3.8447583,3.1047583,3.6247582,3.5147583,3.8147583,3.4847584,4.2547584,3.6447582,3.4147582,3.3347583,2.9947584,3.9447584,2.9047582,1.9347583,1.1047583,0.2547583,1.3847584,1.0447583,1.6047583,0.3047583,0.0747583
0.1647583,0.42475832,-1.0252417,-0.5752417,-0.7152417,-0.8852417,-0.5952417,-1.0852417,-0.0352417,-1.1152416,0.5047583,-0.2752417,0.0647583,-0.1652417,-1.8352417,-2.0652418,-2.3052416,-1.8852417,0.6047583,3.1247582,5.764758,5.284758,1.4947582,4.5447583,5.014758,4.204758,3.6947584,4.7147584,4.284758,4.184758,3.5247583,3.4447584,3.2347584,3.4047582,1.5747583,1.5947583,1.2647583,0.7847583,0.6547583,1.3447583,2.3147583
0.9647583,0.3247583,-0.6752417,0.2147583,-0.4852417,0.7947583,0.5147583,0.42475832,0.2747583,-0.095241696,0.9747583,1.5147583,1.6747583,0.7547583,0.7547583,-0.4452417,-1.2452416,-1.7652417,-1.5352417,-1.8852417,-0.2452417,2.0047584,2.5147583,3.4147582,4.4247584,3.9947584,5.2147584,4.994758,5.0947585,4.6347585,4.0447583,4.454758,3.0947583,2.8047583,2.8747582,1.7147583,1.9247583,2.4147582,1.4247583,1.2747583,1.3847584
