wind_kz.json
{"header": {"discipline":0,"disciplineName":"Meteorological products","gribEdition":2,"gribLength":1102,"center":7,"centerName":"US National Weather Service - NCEP(WMC)","subcenter":0,"refTime":"2023-10-04T18:00:00.000Z","significanceOfRT":1,"significanceOfRTName":"Start of forecast","productStatus":0,"productStatusName":"Operational products","productType":1,"productTypeName":"Forecast products","productDefinitionTemplate":0,"productDefinitionTemplateName":"Analysis/forecast at horizontal level/layer at a point in time","parameterCategory":2,"parameterCategoryName":"UnknownDiscipline_0_Category_2","parameterNumber":3,"parameterNumberName":"UnknownParameter_D0_C2_3","parameterUnit":"Unknown","genProcessType":2,"genProcessTypeName":"Forecast","forecastTime":120,"surface1Type":103,"surface1TypeName":"Specified height level above ground","surface1Value":10.0,"surface2Type":255,"surface2TypeName":"Missing","surface2Value":0.0,"gridDefinitionTemplate":0,"gridDefinitionTemplateName":"Latitude_Longitude","numberPoints":615,"shape":6,"shapeName":"Earth spherical with radius of 6,371,229.0 m","gridUnits":"degrees","resolution":48,"winds":"true","scanMode":64,"nx":41,"ny":15,"basicAngle":0,"lo1":47.0,"la1":41.0,"lo2":87.0,"la2":55.0,"dx":1.0,"dy":1.0}, "data":
[rows 0 to 14 of 15, columns 0 to 40 of 41]
-5.2485642,-1.0585644,-6.9985642,-17.448565,-18.648565,-16.188564,-8.128565,-1.8185644,-2.6085644,1.9514356,5.4314356,4.8514357,4.1414356,3.2314355,2.7714355,2.4614356,0.8214356,-0.16856445,-1.3085644,-0.36856446,0.43143556,-1.8785645,-1.3885645,-1.8885645,-1.7085644,-0.76856446,-1.5285645,1.4114356,1.4114356,4.3314357,1.4714355,0.79143554,0.98143554,4.1814356,0.58143556,3.1914356,-0.37856445,1.4214356,-0.79856443,1.7414355,0.96143556
3.8914356,-5.0285645,-19.458565,-18.238564,-17.608564,-16.538565,-7.4485645,-0.21856445,-0.58856446,4.6114354,5.2714357,5.6914353,4.6314354,3.1614356,3.0414355,3.2014356,1.7214355,0.20143555,-0.6185644,-0.28856444,-1.9185644,-2.0085645,-0.7485645,1.5014355,-1.0185645,-1.2885644,-1.9685645,1.7914356,0.49143556,1.9514356,2.1214356,5.0514355,1.9514356,2.2114356,2.5214355,-5.1885643,-3.0785644,-0.94856447,-1.3985645,-1.7485645,0.8214356
-3.9285645,-12.758564,-14.7385645,-15.748565,-16.608564,-17.268564,-6.6185646,-0.8785645,0.83143556,6.3714356,8.241436,6.7814355,5.5314355,4.231436,3.1614356,3.4614356,2.5614355,2.9114356,2.2114356,0.90143555,-0.95856446,-2.3485644,-2.4785645,-0.94856447,-0.84856445,0.37143555,0.29143554,-0.24856445,-0.29856446,-0.54856443,2.7214355,0.51143557,0.61143553,-1.0485644,-0.5085645,-1.6585644,0.39143553,-1.8785645,-0.47856444,1.5514356,2.2914355
-2.3185644,-9.108564,-12.578565,-13.808564,-13.098564,-14.528564,-11.918565,-0.48856446,-0.6185644,6.7714357,6.5914354,6.4114356,6.5414357,6.0714355,4.481436,3.0914354,2.7314355,3.1814356,3.3114355,1.5614356,-1.5785644,-0.85856444,2.1814356,0.71143556,-0.33856446,-1.1385645,-2.2685645,-3.7185645,-0.45856446,0.0014355469,-0.30856445,-1.0585644,0.15143555,-0.24856445,1.7014356,1.9614356,1.9414356,2.0314355,-0.25856444,1.1414355,-0.07856445
-2.9885645,-8.798565,-10.158565,-10.7385645,-12.898564,-11.858564,-13.918565,-3.1585646,1.7914356,9.391436,7.5414357,5.6214356,7.1914353,6.0114355,5.0314355,3.4614356,2.0914354,1.4514356,1.2214355,0.31143555,1.9914355,0.8214356,0.43143556,1.2514355,-0.26856446,-0.59856445,-0.77856445,-1.1685644,-1.5785644,-2.5785644,-0.95856446,0.15143555,1.4014355,2.7714355,0.55143553,-0.028564453,-0.31856444,-0.71856445,-0.48856446,-1.8485645,-3.2285645
-2.3585644,-4.1685643,-7.6385646,-11.018564,-12.638564,-14.278564,-12.968564,-5.4985642,6.8214355,6.7414355,6.2414355,6.5914354,6.9314356,5.3114357,3.8414354,3.0714355,2.8914356,2.5714355,1.3214356,1.2014356,2.4214356,2.2914355,2.4414356,1.3514355,1.5014355,-0.27856445,0.9914355,0.43143556,-2.2885644,-1.4885645,-0.17856446,0.7414355,-1.0385644,-2.3285644,-0.43856445,-0.11856446,0.6314356,0.041435547,-0.60856444,-1.7685645,-3.3585644
-2.0385644,-0.09856445,-4.9485645,-7.7485642,-9.958565,-9.588565,-10.978564,-11.728564,3.7814355,8.321436,8.391436,7.3614354,6.4014354,4.7614355,3.9214356,4.0914354,3.9814355,3.5914354,2.9214356,2.3114355,2.1614356,2.0814354,1.7114356,2.8114355,1.7814355,1.0414356,-2.1585646,1.0514356,0.54143554,0.55143553,0.71143556,-0.58856446,-1.1685644,-3.2885644,-2.8185644,1.0714356,0.5714356,0.15143555,0.6214355,-1.6485645,-0.94856447
-2.9785645,-0.31856444,-2.5485644,-5.8685646,-6.6985645,-8.358564,-9.158565,-8.468564,-3.8385644,9.201435,10.441436,9.471436,6.5714355,6.1114354,4.0014358,4.7914357,4.4314356,3.9214356,3.2414355,3.6114357,2.6814356,2.6514356,2.6814356,2.9214356,2.8214355,1.5114355,0.44143555,-1.3285644,1.3114356,2.3114355,0.91143554,1.0114355,-1.8285644,-0.71856445,-0.60856444,0.28143555,-1.0085645,0.17143555,-1.1485645,-0.70856446,-2.0585644
-2.7885644,-3.6785645,1.3214356,-2.1985645,-3.2585645,-5.8385644,-6.8185644,-8.198565,-7.0585647,7.9714355,8.921435,9.441436,8.461435,6.3814354,6.0714355,4.7714357,4.8114357,4.3714356,4.0814357,3.8114355,2.7514355,3.2114356,3.4114356,3.3014355,3.1114357,2.9814355,1.0814356,-0.40856445,2.0714355,1.2014356,1.3214356,2.5714355,0.70143557,-0.64856446,1.1914356,0.49143556,-3.0885644,-0.7485645,-1.2185645,-1.1485645,-2.5385644
-2.0085645,-0.6185644,-1.4085644,-1.4285644,-1.6485645,-2.5385644,-4.5085645,-6.5785646,-7.4185643,-5.6385646,8.411435,9.961435,9.041435,8.501435,7.9314356,6.2714357,5.6814356,4.7714357,4.3614354,3.9914355,3.9414356,3.8214355,3.5914354,3.6914356,4.0014358,3.6114357,2.2914355,0.55143553,-0.8085644,1.0514356,1.0914356,1.8114356,0.32143554,0.49143556,-0.12856445,-0.27856445,-0.048564453,-2.6885645,-0.43856445,0.7514355,2.0914354
-1.8785645,-0.9985645,-0.008564454,-0.44856444,-1.6985644,0.14143555,-1.8385644,-0.46856445,-5.6685643,-4.7485642,-3.1185644,8.071436,9.2614355,9.941436,8.691436,8.231436,7.9114356,7.3214355,5.7914357,4.9314356,4.5514355,4.3114357,3.7114356,3.5714355,3.4914355,3.6414356,2.6514356,2.3514357,1.2714355,2.9814355,3.3314354,2.1014357,0.6314356,-0.5685645,-0.53856444,0.32143554,0.061435547,1.3914355,0.90143555,0.73143554,-0.008564454
-0.9385645,-0.8085644,-0.7485645,0.041435547,-0.65856445,-1.7585645,2.3614357,0.64143556,-0.83856446,-4.0785646,-1.5585644,-1.8585645,4.4114356,9.601436,9.061436,8.951435,8.701435,7.7414355,7.3914356,6.4314356,5.8814354,4.6614356,4.0414357,3.7714355,3.6014357,3.5214355,4.0614357,3.3014355,2.5414355,2.5314355,3.1814356,3.5614355,1.8414356,1.1314355,0.011435547,0.32143554,2.4614356,2.3214355,1.8914355,1.9814355,0.9914355
-1.1185645,-0.41856444,-0.43856445,-1.1185645,0.27143556,-0.30856445,0.031435546,0.38143554,-2.2685645,0.33143556,1.2614355,-0.63856447,-0.65856445,1.7514355,7.5214357,9.461435,8.811436,8.091435,8.131435,6.8014355,6.9514356,6.5614357,5.7814355,5.0614357,5.5114355,5.6314354,4.8614354,4.0714355,3.5914354,3.1914356,3.3114355,3.5814354,3.2714355,3.1314356,2.4014356,1.7114356,2.4614356,1.8014356,2.8914356,1.2614355,0.35143554
-1.0085645,-0.28856444,-1.1085645,-1.6585644,-1.3285644,0.91143554,1.1614356,0.091435544,1.2414355,2.7914355,1.5914356,-0.19856445,-0.19856445,-0.72856444,1.2614355,-0.21856445,8.0114355,8.831435,8.131435,8.0114355,7.2914357,6.8914356,6.3214355,5.6514354,4.7914357,4.8914356,4.9914355,5.5714355,4.9314356,3.8714356,3.6114357,3.8914356,3.6214356,3.5114355,2.1514356,1.8514355,2.0114355,2.1814356,1.9814355,1.9414356,1.8814355
-0.31856444,0.011435547,-2.1585646,-0.33856446,0.5014355,0.42143553,1.5814356,1.9814355,1.7514355,-0.35856447,3.2914355,2.8014355,1.9814355,-0.70856446,2.4014356,4.5514355,2.2014356,3.9714355,7.4214354,8.611436,7.8514357,7.0814357,6.6114354,6.2414355,5.9514356,6.0214357,6.1414356,5.6614356,5.3014355,5.3014355,5.3614354,5.9614353,3.7914355,3.6214356,3.3814356,3.1414356,2.8814356,3.0714355,2.9214356,3.1314356,0.97143555
