wind_kz.json
{"header": {"discipline":0,"disciplineName":"Meteorological products","gribEdition":2,"gribLength":871,"center":7,"centerName":"US National Weather Service - NCEP(WMC)","subcenter":0,"refTime":"2023-09-06T18:00:00.000Z","significanceOfRT":1,"significanceOfRTName":"Start of forecast","productStatus":0,"productStatusName":"Operational products","productType":1,"productTypeName":"Forecast products","productDefinitionTemplate":0,"productDefinitionTemplateName":"Analysis/forecast at horizontal level/layer at a point in time","parameterCategory":2,"parameterCategoryName":"UnknownDiscipline_0_Category_2","parameterNumber":2,"parameterNumberName":"UnknownParameter_D0_C2_2","parameterUnit":"Unknown","genProcessType":2,"genProcessTypeName":"Forecast","forecastTime":120,"surface1Type":103,"surface1TypeName":"Specified height level above ground","surface1Value":10.0,"surface2Type":255,"surface2TypeName":"Missing","surface2Value":0.0,"gridDefinitionTemplate":0,"gridDefinitionTemplateName":"Latitude_Longitude","numberPoints":615,"shape":6,"shapeName":"Earth spherical with radius of 6,371,229.0 m","gridUnits":"degrees","resolution":48,"winds":"true","scanMode":64,"nx":41,"ny":15,"basicAngle":0,"lo1":47.0,"la1":41.0,"lo2":87.0,"la2":55.0,"dx":1.0,"dy":1.0}, "data":
[rows 0 to 14 of 15, columns 0 to 40 of 41]
-0.7136475,0.5863525,-0.11364746,-1.0136474,-3.1136475,-1.3136475,0.5863525,1.1863525,-0.51364744,-2.9136474,-2.3136475,-3.0136476,-3.1136475,-2.9136474,-1.2136475,1.8863525,-1.9136474,-0.7136475,-2.3136475,-1.5136474,-0.81364745,-0.9136475,-0.9136475,-0.41364747,0.08635254,-4.0136476,-2.2136474,1.6863525,0.88635254,0.98635256,-1.1136475,0.18635254,0.7863525,-0.81364745,-4.2136474,-4.5136476,-4.6136475,-4.6136475,-3.9136474,-3.0136476,-3.8136475
0.88635254,-0.31364745,-1.2136475,-1.5136474,-1.5136474,0.48635253,1.1863525,-1.9136474,-2.3136475,-2.4136474,-1.8136475,-2.1136475,-0.9136475,0.98635256,2.6863525,-0.7136475,1.5863526,1.3863525,1.7863525,2.4863524,1.5863526,-0.9136475,-0.9136475,-1.0136474,1.2863525,0.98635256,0.08635254,2.0863526,-0.41364747,0.68635255,0.28635255,-1.1136475,-0.013647461,-2.1136475,0.28635255,-0.11364746,-0.31364745,-0.21364745,-0.7136475,1.2863525,-4.2136474
0.38635254,-1.9136474,0.08635254,-0.11364746,0.48635253,2.0863526,0.68635255,-0.61364746,-0.31364745,-0.9136475,-0.61364746,-0.81364745,-0.11364746,0.7863525,-1.3136475,-2.1136475,-0.81364745,0.5863525,2.5863526,2.2863526,2.1863525,0.18635254,0.48635253,0.88635254,-1.4136474,-0.013647461,0.98635256,0.88635254,0.98635256,-0.81364745,-0.11364746,1.2863525,0.98635256,3.1863525,1.0863526,-2.0136476,1.6863525,0.18635254,0.48635253,-0.013647461,0.48635253
-1.2136475,0.98635256,2.8863525,4.3863525,2.8863525,1.2863525,1.6863525,2.7863526,2.9863524,3.3863525,3.0863526,3.2863526,5.0863523,3.9863524,2.4863524,2.9863524,2.7863526,2.8863525,3.1863525,3.4863524,1.9863526,-0.013647461,0.88635254,2.2863526,3.5863526,2.1863525,1.6863525,3.2863526,5.5863523,6.3863525,6.0863523,2.2863526,9.286352,12.486353,7.1863527,4.9863524,-1.1136475,-0.013647461,-0.41364747,1.9863526,1.0863526
1.4863526,5.9863524,6.3863525,5.3863525,4.6863527,3.0863526,3.1863525,2.4863524,2.8863525,3.5863526,4.6863527,4.8863525,7.9863524,7.2863526,6.9863524,5.9863524,5.2863526,4.3863525,3.6863525,4.9863524,5.5863523,5.3863525,4.2863526,2.2863526,2.8863525,5.8863525,6.8863525,6.1863527,4.8863525,5.5863523,4.4863524,4.8863525,1.1863525,-1.3136475,1.8863525,1.4863526,7.5863523,-1.2136475,-2.9136474,-0.7136475,-2.2136474
0.48635253,-0.51364744,-0.9136475,1.1863525,4.1863527,5.6863527,5.4863524,5.5863523,3.8863525,3.3863525,4.5863523,4.0863523,5.5863523,7.6863527,8.186353,5.6863527,5.8863525,7.0863523,7.8863525,7.7863526,7.7863526,6.8863525,3.5863526,1.1863525,2.2863526,6.1863527,9.386353,12.086352,8.286352,8.586352,5.6863527,4.7863526,6.7863526,4.3863525,5.4863524,4.6863527,6.9863524,9.786352,17.486353,0.7863525,0.7863525
1.8863525,0.98635256,1.7863525,1.7863525,2.7863526,2.5863526,0.7863525,3.5863526,4.2863526,4.5863523,3.8863525,4.1863527,5.8863525,6.6863527,5.5863523,5.5863523,5.3863525,5.8863525,6.7863526,7.4863524,7.8863525,8.086352,7.3863525,6.1863527,9.386353,10.586352,9.986353,10.486353,9.086352,9.486353,10.086352,5.2863526,3.8863525,7.2863526,8.886353,9.886353,6.4863524,0.7863525,1.6863525,1.4863526,1.1863525
2.8863525,1.9863526,2.7863526,4.0863523,2.8863525,3.0863526,4.1863527,0.68635255,3.2863526,3.1863525,3.2863526,4.1863527,4.0863523,5.5863523,3.8863525,5.6863527,5.6863527,4.1863527,4.3863525,6.7863526,9.286352,8.986353,9.386353,9.486353,11.386353,13.586352,13.186353,10.686353,11.286352,9.586352,10.586352,7.9863524,5.8863525,3.1863525,6.3863525,15.886353,10.086352,14.486353,-3.8136475,-2.9136474,-2.6136475
2.7863526,3.5863526,2.9863524,3.1863525,3.3863525,4.3863525,4.3863525,3.4863524,3.6863525,3.9863524,3.5863526,4.2863526,5.5863523,4.0863523,4.2863526,-1.2136475,1.6863525,2.1863525,5.5863523,7.9863524,11.086352,12.786352,13.086352,13.986353,15.086352,12.186353,11.286352,11.786352,10.686353,8.086352,9.786352,8.086352,7.9863524,5.2863526,4.0863523,7.2863526,4.6863527,5.2863526,-1.5136474,0.68635255,-1.9136474
3.1863525,2.9863524,4.0863523,4.3863525,3.7863526,1.4863526,0.18635254,3.2863526,3.3863525,3.9863524,2.4863524,3.1863525,3.4863524,-1.6136475,-0.013647461,2.3863525,3.9863524,5.9863524,8.386353,10.986353,12.986353,14.586352,14.086352,14.186353,13.286352,9.086352,9.686353,10.186353,9.786352,10.186353,9.686353,7.7863526,5.3863525,8.186353,1.7863525,4.4863524,-0.11364746,1.3863525,2.2863526,0.5863525,-0.9136475
0.88635254,-1.9136474,-1.0136474,-2.1136475,-0.41364747,0.5863525,0.48635253,1.7863525,1.9863526,2.2863526,1.9863526,3.2863526,1.8863525,0.88635254,2.7863526,3.8863525,6.1863527,8.386353,9.386353,11.286352,12.886353,13.286352,11.686353,7.1863527,5.6863527,6.5863523,7.8863525,7.5863523,7.6863527,7.2863526,6.5863523,5.8863525,4.7863526,2.4863524,2.5863526,2.9863524,1.0863526,0.7863525,-1.2136475,1.2863525,-1.4136474
0.68635255,-3.6136475,1.6863525,1.7863525,0.98635256,2.1863525,1.1863525,1.7863525,1.9863526,1.4863526,0.5863525,-1.8136475,-0.21364745,2.6863525,3.6863525,5.5863523,7.3863525,9.586352,9.486353,9.886353,9.286352,8.286352,3.3863525,3.0863526,4.2863526,5.6863527,5.1863527,4.3863525,5.1863527,5.6863527,2.9863524,4.8863525,2.4863524,4.9863524,5.0863523,6.1863527,3.5863526,-0.7136475,0.38635254,-0.41364747,-1.1136475
0.7863525,-1.4136474,2.7863526,0.38635254,1.6863525,1.4863526,1.6863525,1.3863525,0.28635255,0.48635253,-1.2136475,0.08635254,2.4863524,2.8863525,4.0863523,5.1863527,6.5863523,6.6863527,6.2863526,7.5863523,5.3863525,1.0863526,0.7863525,0.98635256,1.6863525,1.5863526,1.9863526,-0.21364745,0.38635254,0.88635254,4.0863523,2.5863526,6.9863524,5.9863524,5.6863527,-3.8136475,-3.8136475,-1.9136474,-3.4136474,-2.0136476,-1.9136474
0.38635254,0.7863525,0.98635256,1.7863525,0.68635255,0.88635254,0.28635255,-0.21364745,0.88635254,-0.11364746,-0.81364745,0.08635254,1.8863525,3.2863526,4.2863526,4.8863525,4.6863527,4.7863526,3.7863526,3.7863526,2.5863526,-0.61364746,-1.7136475,-1.2136475,-0.41364747,-2.0136476,-1.2136475,-0.41364747,1.4863526,2.7863526,-0.9136475,1.0863526,-4.3136473,-7.1136475,-5.7136474,-5.9136477,-4.1136475,-3.9136474,-3.3136475,-1.8136475,-2.5136476
0.48635253,-0.11364746,-1.6136475,0.18635254,-0.013647461,0.08635254,0.18635254,-0.61364746,-0.013647461,-1.0136474,-1.1136475,0.7863525,1.6863525,2.5863526,3.0863526,3.2863526,3.2863526,3.4863524,1.6863525,0.08635254,-0.9136475,-1.4136474,-2.3136475,-2.3136475,-3.4136474,-3.0136476,-1.5136474,-1.0136474,-3.2136474,-6.0136476,-8.913648,-3.8136475,-5.9136477,-6.8136473,-4.9136477,-5.2136474,-3.8136475,-3.8136475,-2.9136474,-2.4136474,-1.7136475
