wind_kz.json
{"header": {"discipline":0,"disciplineName":"Meteorological products","gribEdition":2,"gribLength":1025,"center":7,"centerName":"US National Weather Service - NCEP(WMC)","subcenter":0,"refTime":"2024-04-08T06:00:00.000Z","significanceOfRT":1,"significanceOfRTName":"Start of forecast","productStatus":0,"productStatusName":"Operational products","productType":1,"productTypeName":"Forecast products","productDefinitionTemplate":0,"productDefinitionTemplateName":"Analysis/forecast at horizontal level/layer at a point in time","parameterCategory":2,"parameterCategoryName":"UnknownDiscipline_0_Category_2","parameterNumber":2,"parameterNumberName":"UnknownParameter_D0_C2_2","parameterUnit":"Unknown","genProcessType":2,"genProcessTypeName":"Forecast","forecastTime":60,"surface1Type":103,"surface1TypeName":"Specified height level above ground","surface1Value":10.0,"surface2Type":255,"surface2TypeName":"Missing","surface2Value":0.0,"gridDefinitionTemplate":0,"gridDefinitionTemplateName":"Latitude_Longitude","numberPoints":615,"shape":6,"shapeName":"Earth spherical with radius of 6,371,229.0 m","gridUnits":"degrees","resolution":48,"winds":"true","scanMode":64,"nx":41,"ny":15,"basicAngle":0,"lo1":47.0,"la1":41.0,"lo2":87.0,"la2":55.0,"dx":1.0,"dy":1.0}, "data":
[rows 0 to 14 of 15, columns 0 to 40 of 41]
1.5753546,-1.8546454,-0.25464538,-1.0946454,0.2853546,-1.4146454,-6.434645,-6.934645,-7.7246456,-5.684645,-5.2346454,-4.9046454,-4.9746456,-3.5946455,-3.5446453,-4.664645,-3.6846454,-3.7746453,-6.2646456,-4.874645,-3.6646454,-1.8546454,-0.38464537,-2.9846454,0.4853546,-1.4346454,-3.0346453,-0.6446454,0.4553546,0.035354614,-1.0946454,1.7753546,0.9853546,-0.6446454,-2.0346453,-3.9146454,-4.3446455,-3.8946455,-2.1946454,-3.5946455,-0.6946454
-1.3246454,1.8553547,-2.3946455,-2.1846454,-3.7146454,-6.1346455,-7.164645,-7.3446455,-5.3546453,-4.4246454,-5.684645,-5.9046454,-4.184645,-3.4746454,-3.0546453,-4.204645,-3.9246454,-4.434645,-3.6946454,-3.6746454,-1.9046454,-1.6546454,-1.5946454,-4.394645,-0.5046454,2.2353547,-1.3946453,1.5753546,-1.6946454,-0.9346454,0.18535462,-0.8446454,2.7253547,-2.0346453,0.36535463,-0.114645384,-0.7546454,0.8953546,-0.41464537,1.3953546,0.6753546
-0.6046454,-2.3946455,-2.8246453,-4.124645,-4.2746453,-6.8146453,-5.0546455,-4.1746454,-4.2746453,-4.624645,-4.3246455,-6.0246453,-4.5846453,-2.9646454,-3.5646453,-3.1246455,-3.3646455,-3.1546454,-2.8046453,-2.2446454,-0.43464538,-2.2146454,-3.3146453,-3.5746453,-1.3946453,-2.5046453,-2.8146453,-2.2446454,-2.4746454,-0.20464538,-0.8446454,2.4253547,0.7253546,-0.7146454,-0.99464536,-0.4646454,0.34535462,-0.8746454,2.5553546,3.1053545,2.6353545
-4.5446453,-5.914645,-3.8846455,-3.4346454,-4.8646455,-3.4046454,-1.5546454,-4.4046454,-3.5146453,-4.6046453,-4.3646455,-3.5746453,-3.4046454,-3.6246455,-1.5246453,-0.8246454,-2.1546454,-0.9546454,-1.1746454,-3.1446455,-0.80464536,-1.9246454,0.0053546145,-1.3046454,-3.0346453,-3.3346453,-2.8246453,-2.5946455,-0.5146454,0.15535462,-0.6946454,-1.4046454,0.37535462,-2.3046453,-2.2146454,-2.2646453,-2.1246455,3.1053545,1.0153546,-0.34464538,-0.10464539
-4.7246456,-5.2546453,-4.6546454,-6.3446455,-4.5946455,-2.2846453,-2.0946455,-1.4346454,-2.4746454,-0.74464536,-0.8246454,0.5453546,1.3353546,1.2553546,1.8253546,2.5453546,2.6653547,1.1153547,-0.23464538,-0.12464538,0.7153546,0.5853546,1.4553546,2.1053545,1.2553546,0.70535463,0.7153546,2.3553545,1.0453546,1.2453547,0.9153546,0.5353546,-1.0646454,2.5553546,1.0153546,-0.4846454,2.7353547,-2.2146454,-3.1146455,-1.8146454,0.4553546
-2.4646454,-2.9046454,-3.6146455,-3.8046453,-3.0046453,-1.6346453,-0.5946454,0.6553546,0.39535463,0.9853546,-0.114645384,2.4353547,2.3453546,3.7853546,3.2153547,3.5953546,3.2553546,1.9553546,-0.054645386,-0.16464539,0.8653546,2.3653545,1.6353546,-1.5146453,-0.74464536,0.13535461,1.1453546,0.76535463,1.7753546,2.6253545,3.6253545,2.9653547,2.6953547,-0.21464539,0.33535463,-1.3646454,1.2753546,1.6653546,8.195354,4.6553545,2.9553547
-2.1446455,-2.4546454,-0.4246454,1.5453546,0.9953546,2.0153546,3.0753546,2.4753547,1.7953546,3.0653546,3.6653547,2.9753547,3.9453547,3.5453546,3.8353546,3.9053545,4.2853546,1.9853547,2.4053545,1.9953547,2.8653545,2.7053547,2.0253546,1.8753546,2.4853547,1.9453546,3.2453547,3.4853547,3.6853547,3.9553547,4.2153544,5.5353546,3.2053547,1.7153546,-0.24464539,-1.6946454,-0.5246454,1.8353546,2.7453547,0.50535464,-1.3146454
-0.28464538,1.9653546,2.9553547,3.1653547,3.3253546,3.2753546,3.9353547,3.7253547,4.0553546,3.9453547,3.9753547,4.5353546,4.7853546,5.045355,4.4253545,0.4853546,0.34535462,1.9353546,1.9353546,1.9053546,2.8753545,3.1853547,3.5453546,1.9853547,2.5053546,2.0653546,5.125355,3.5153546,3.0553546,3.0053546,2.9253547,5.6453547,4.625355,2.5153546,5.1353545,7.0753546,-0.5346454,-0.8146454,0.39535463,-0.3646454,0.7253546
3.1653547,3.2553546,3.3753545,2.9753547,0.7153546,-0.4846454,0.49535462,2.7153547,2.5453546,5.125355,5.9153547,5.7053547,6.835355,3.9853547,2.5753546,1.9053546,2.8453546,2.7453547,4.0353546,2.5353546,3.1053545,1.9753547,-2.5946455,-2.7746453,-2.2346454,-1.8846453,-0.40464538,1.1653546,2.0953546,1.9453546,2.8853545,2.8953545,2.3653545,1.9853547,6.2553544,3.6353545,1.9853547,1.0053546,0.15535462,0.17535461,0.7353546
-4.2746453,-4.3446455,-3.6046455,-2.5346453,-2.0946455,-1.7546453,-1.8046454,-2.6046455,-3.7146454,-3.0946455,-2.9246454,-2.7046454,-2.3046453,-2.8946455,-0.13464539,-0.6946454,-0.8746454,-0.8246454,-2.0746453,-1.9246454,-2.1446455,-0.6646454,1.1153547,2.0553546,1.7853546,-0.3246454,-0.074645385,1.5653546,1.5553546,2.0753546,4.4353547,4.6353545,4.9053545,4.875355,6.085355,5.6453547,0.18535462,0.8453546,0.5253546,1.1953546,0.6553546
-4.1346455,-5.0146456,-3.5346453,-2.5246453,-2.1146455,-1.4646454,-0.7146454,0.31535462,-0.3646454,0.5253546,1.3453546,2.1753547,2.8953545,2.7153547,3.4153547,1.5553546,-2.0946455,-3.2546453,-3.6646454,-3.0046453,-1.6946454,0.2953546,1.3053546,1.6153547,-0.21464539,-0.014645386,2.1053545,2.1853547,3.3353546,3.6853547,2.9953547,3.7153547,3.8453546,4.4253545,7.6353545,6.3453546,-0.24464539,-0.3346454,-0.6846454,0.27535462,0.6653546
-2.2346454,-1.3546454,-0.80464536,-0.12464538,0.31535462,0.8953546,0.5253546,1.0153546,1.0153546,0.8153546,1.0153546,1.2353547,-1.4446454,-3.2246454,-2.4146454,-4.2246456,-3.2946453,-3.6346455,-2.6746454,-0.8846454,-0.24464539,0.20535462,1.1653546,0.95535463,1.7053546,2.1653547,2.5053546,3.3053546,1.3853546,1.3853546,2.3553545,1.5553546,1.4853547,1.8953546,1.3353546,2.1853547,0.19535461,-0.6546454,0.21535462,0.13535461,0.5453546
-1.3046454,-1.3446454,-0.8546454,-1.1546454,-0.5946454,-0.8446454,-2.0046453,-2.8346453,-3.0946455,0.08535461,-0.23464538,-0.44464538,-1.7046454,-2.5546453,-1.2746453,-0.6246454,-2.9546454,-1.6646454,-1.0346454,-0.6946454,0.49535462,1.5653546,2.9753547,2.8853545,2.0753546,2.5653546,2.8653545,2.5553546,2.2453547,0.9853546,0.015354615,-0.25464538,0.4253546,1.7453547,0.7253546,-0.12464538,-1.3446454,-1.1946454,1.1753546,1.2253547,1.4753547
-1.6746454,-2.5846453,-1.2946454,-0.99464536,-0.3646454,-1.6146454,-1.8946453,-2.0646453,-1.4946454,-0.44464538,0.9653546,0.4153546,-0.9546454,-2.2246454,-1.0746454,-1.9046454,-1.6746454,-0.73464537,0.12535462,0.5453546,0.8953546,2.1153545,2.1353545,2.3253546,2.3753545,1.7153546,1.3153546,1.7953546,-2.1546454,-2.8146453,-2.1546454,-1.6446453,-1.1646454,-0.6946454,-0.044645384,-0.6646454,-0.014645386,-0.8446454,-0.5746454,-0.25464538,-0.43464538
-1.7146454,-2.7546453,-2.8346453,-2.6146455,-1.5146453,-1.8746454,-1.3746454,-1.0046453,-1.2746453,-1.6046454,0.39535463,-1.3746454,-0.06464539,0.7353546,-0.3046454,-0.9546454,-1.4446454,-0.31464538,0.5253546,0.69535464,1.0853546,1.8853546,1.3853546,1.2053546,-0.15464538,-0.9746454,-2.7746453,-3.5046453,-3.3846455,-2.4146454,-1.6746454,-1.5346454,-1.3246454,-2.1346455,-1.8446454,-2.2646453,-2.3046453,-2.1046455,-1.7646453,-1.0646454,-0.13464539
