wind_kz.json
{"header": {"discipline":0,"disciplineName":"Meteorological products","gribEdition":2,"gribLength":948,"center":7,"centerName":"US National Weather Service - NCEP(WMC)","subcenter":0,"refTime":"2023-09-23T00:00:00.000Z","significanceOfRT":1,"significanceOfRTName":"Start of forecast","productStatus":0,"productStatusName":"Operational products","productType":1,"productTypeName":"Forecast products","productDefinitionTemplate":0,"productDefinitionTemplateName":"Analysis/forecast at horizontal level/layer at a point in time","parameterCategory":0,"parameterCategoryName":"UnknownDiscipline_0_Category_0","parameterNumber":0,"parameterNumberName":"UnknownParameter_D0_C0_0","parameterUnit":"Unknown","genProcessType":2,"genProcessTypeName":"Forecast","forecastTime":300,"surface1Type":1,"surface1TypeName":"Ground or water surface","surface1Value":0.0,"surface2Type":255,"surface2TypeName":"Missing","surface2Value":0.0,"gridDefinitionTemplate":0,"gridDefinitionTemplateName":"Latitude_Longitude","numberPoints":615,"shape":6,"shapeName":"Earth spherical with radius of 6,371,229.0 m","gridUnits":"degrees","resolution":48,"winds":"true","scanMode":64,"nx":41,"ny":15,"basicAngle":0,"lo1":47.0,"la1":41.0,"lo2":87.0,"la2":55.0,"dx":1.0,"dy":1.0}, "data":
[rows 0 to 14 of 15, columns 0 to 40 of 41]
305.357,288.457,288.357,293.057,293.157,292.75702,299.75702,306.557,305.357,306.357,304.657,305.25702,304.357,303.957,303.657,303.357,302.457,302.057,302.25702,301.557,301.457,300.857,301.557,296.25702,296.957,299.357,294.857,281.25702,275.957,277.157,276.857,277.357,286.157,293.057,292.857,292.25702,292.957,291.75702,290.25702,290.057,291.657
282.25702,289.75702,292.357,292.857,292.457,291.657,304.457,304.557,303.357,302.857,303.957,304.057,304.657,303.957,304.157,303.157,302.957,301.75702,299.657,300.357,299.357,297.457,297.75702,290.157,279.057,278.75702,286.957,280.75702,280.557,265.957,279.557,268.75702,277.057,251.257,272.25702,289.057,287.25702,288.657,291.957,284.75702,283.857
291.457,292.057,292.657,292.557,290.857,299.357,301.957,303.157,302.557,302.557,302.25702,302.557,303.357,303.557,302.357,301.357,300.457,300.657,300.25702,299.657,300.957,298.857,297.657,292.857,294.657,293.25702,293.357,293.357,291.557,282.75702,268.157,272.657,280.157,279.657,280.957,279.75702,269.157,274.057,275.75702,267.557,258.057
300.057,291.25702,292.357,291.557,293.057,298.357,299.957,300.857,302.057,302.657,301.957,300.857,291.057,290.75702,300.157,301.457,299.857,300.557,299.057,299.857,298.957,295.157,297.157,297.357,297.457,297.657,297.857,294.75702,291.657,292.057,292.557,288.957,293.657,290.557,288.557,283.557,271.057,261.457,275.857,284.857,288.857
299.857,290.857,291.157,290.357,293.75702,297.75702,297.957,299.557,300.457,300.25702,300.657,300.857,289.557,288.657,288.857,300.457,299.957,298.557,298.357,297.157,296.75702,297.557,296.25702,296.057,295.75702,295.457,293.657,291.857,293.957,293.057,295.657,292.057,278.857,265.857,280.457,288.957,291.057,292.25702,292.357,292.457,292.157
297.057,295.857,289.557,289.957,289.957,289.75702,297.75702,297.657,297.657,297.057,299.857,300.557,290.75702,289.357,293.557,299.457,299.057,298.25702,296.957,296.657,296.357,295.75702,294.857,294.557,293.857,291.657,291.657,286.657,294.057,294.057,292.25702,293.857,292.057,289.75702,285.557,290.557,281.157,284.25702,290.157,290.557,291.157
294.657,295.157,296.057,296.857,294.457,296.357,297.357,294.957,296.157,295.457,297.457,299.057,298.657,298.857,298.557,299.057,298.75702,298.457,297.75702,296.157,295.357,295.657,295.457,294.357,292.357,292.25702,291.25702,292.75702,292.057,292.357,291.75702,291.057,291.157,291.857,289.957,287.857,282.25702,278.557,277.157,276.557,287.357
293.157,293.057,293.857,294.357,295.457,295.057,295.157,292.357,290.457,294.057,294.657,296.557,297.057,297.75702,298.657,298.657,298.057,298.25702,296.957,294.657,293.957,293.657,293.657,293.457,292.057,289.157,288.957,289.457,288.157,289.75702,288.657,289.25702,287.657,285.657,285.157,286.75702,287.557,285.75702,286.457,287.057,282.857
289.457,290.357,291.657,291.457,292.357,292.957,292.157,291.157,289.857,289.657,290.557,294.457,295.457,296.657,296.457,297.75702,297.157,297.25702,296.25702,294.657,292.157,291.657,292.25702,291.957,290.557,290.357,287.957,287.457,286.557,285.057,285.557,285.657,286.057,286.25702,285.357,283.857,284.25702,282.75702,272.25702,274.457,270.657
283.357,284.557,287.25702,287.057,287.057,289.75702,289.857,290.857,288.857,287.457,288.25702,290.357,294.75702,294.657,295.25702,295.157,295.957,296.657,295.957,295.25702,293.25702,292.157,291.557,291.957,291.557,289.957,289.75702,288.857,287.557,286.857,286.25702,287.357,288.357,287.557,286.25702,284.157,281.75702,277.857,274.957,273.75702,272.657
284.357,281.957,282.857,283.357,282.457,283.957,286.857,288.25702,288.057,286.657,287.057,289.25702,293.75702,293.057,293.957,293.957,294.557,295.25702,295.25702,293.75702,293.857,292.957,291.857,291.157,290.25702,289.957,287.75702,289.25702,289.057,289.657,288.75702,288.157,286.657,288.057,286.75702,284.057,279.557,276.357,277.657,276.157,274.357
279.75702,281.057,280.357,282.25702,283.75702,286.057,286.857,288.25702,286.857,286.157,284.957,285.857,291.557,291.457,292.357,293.357,293.457,293.157,293.657,292.957,291.557,290.25702,289.557,289.25702,289.157,290.157,289.857,290.357,290.357,289.857,288.057,287.157,287.75702,285.057,286.057,284.75702,284.25702,282.857,281.657,281.657,280.657
275.457,277.657,279.857,281.857,284.057,285.657,287.75702,286.457,284.357,285.357,283.557,282.957,289.657,290.357,291.75702,292.457,292.657,292.557,291.957,291.75702,290.957,289.357,288.25702,287.657,289.357,290.457,290.857,289.657,289.657,288.857,288.857,287.557,286.657,285.057,285.057,284.75702,283.957,285.25702,282.457,281.657,281.557
274.857,276.357,282.25702,280.25702,281.75702,285.157,284.557,281.857,284.357,284.557,283.857,282.057,287.357,289.957,290.75702,291.857,291.557,291.457,291.957,291.657,291.657,290.457,290.657,290.657,290.957,290.75702,289.75702,289.457,288.657,288.557,288.057,286.75702,285.457,284.157,283.857,282.157,282.357,282.057,281.75702,280.657,281.75702
274.357,276.457,285.057,278.457,279.657,284.457,283.657,283.157,283.25702,284.357,284.557,284.057,285.75702,287.357,289.657,291.157,291.057,291.057,291.657,291.157,290.657,289.857,289.457,289.25702,289.457,289.75702,289.357,288.357,287.957,287.357,286.957,285.057,285.25702,284.457,283.657,283.657,283.157,281.75702,282.857,282.357,281.857
