wind.json
{"header": {"discipline":0,"disciplineName":"Meteorological products","gribEdition":2,"gribLength":1125,"center":7,"centerName":"US National Weather Service - NCEP(WMC)","subcenter":0,"refTime":"2023-05-30T12:00:00.000Z","significanceOfRT":1,"significanceOfRTName":"Start of forecast","productStatus":0,"productStatusName":"Operational products","productType":1,"productTypeName":"Forecast products","productDefinitionTemplate":0,"productDefinitionTemplateName":"Analysis/forecast at horizontal level/layer at a point in time","parameterCategory":2,"parameterCategoryName":"UnknownDiscipline_0_Category_2","parameterNumber":2,"parameterNumberName":"UnknownParameter_D0_C2_2","parameterUnit":"Unknown","genProcessType":2,"genProcessTypeName":"Forecast","forecastTime":180,"surface1Type":103,"surface1TypeName":"Specified height level above ground","surface1Value":10.0,"surface2Type":255,"surface2TypeName":"Missing","surface2Value":0.0,"gridDefinitionTemplate":0,"gridDefinitionTemplateName":"Latitude_Longitude","numberPoints":688,"shape":6,"shapeName":"Earth spherical with radius of 6,371,229.0 m","gridUnits":"degrees","resolution":48,"winds":"true","scanMode":64,"nx":43,"ny":16,"basicAngle":0,"lo1":45.0,"la1":40.0,"lo2":87.0,"la2":55.0,"dx":1.0,"dy":1.0}, "data":
[rows 0 to 15 of 16, columns 0 to 42 of 43]
-2.2888427,1.9011573,1.0311573,-3.6388428,-1.1388428,0.09115723,4.681157,1.8411572,0.98115724,0.12115723,5.511157,5.2911572,8.2811575,7.2311573,4.3411574,-3.8488429,-2.6888428,-0.23884277,-0.27884278,-2.6088428,-1.3588427,-0.20884277,-2.3288429,0.8911572,-0.13884278,-1.5488428,-0.52884275,-0.2988428,0.37115723,0.9611572,1.6911572,1.0111573,-0.45884278,0.6911572,0.98115724,-0.6088428,0.68115723,-0.9288428,-0.63884276,-2.4988427,-2.8788428,-3.1988428,-2.0788429
1.2911572,-3.8588428,-2.9588428,-0.6288428,0.86115724,4.9011574,6.721157,-1.3388427,1.9311572,4.551157,5.261157,6.951157,5.9011574,4.221157,1.6211572,-3.6988428,-2.7888427,-0.58884275,-1.0888427,0.42115724,-1.3788428,-0.43884277,-0.5488428,-0.96884274,-1.2988428,-3.0888429,0.80115724,-2.1288428,-3.6688428,-2.5188427,0.6511572,-0.44884276,-0.108842775,2.1511571,2.4811573,1.6711572,0.9611572,-1.4188428,-0.6588428,0.08115723,-3.2388427,-1.6388428,-0.70884275
-2.1788428,1.7011572,0.7611572,0.20115723,1.3811573,4.0711575,0.53115726,0.6511572,0.37115723,-4.838843,-1.7088428,-0.28884277,-1.3088428,1.2911572,-2.9488428,-2.6888428,-1.0688428,-0.82884276,-0.058842774,-2.5588427,-1.8588427,-0.7988428,0.7011572,-2.7488427,-1.0488428,-4.3288426,-0.9188428,0.40115723,-0.49884278,0.72115725,-1.8688427,-1.1888428,0.14115722,0.15115723,0.6311572,-2.4988427,0.12115723,0.061157227,-1.1388428,0.93115723,-0.6088428,0.53115726,1.1011572
-0.23884277,-0.47884277,0.6411572,0.5111572,0.5911572,0.8411572,-0.4888428,-2.0288427,-2.0388427,-0.9788428,-4.048843,-2.1388428,-0.22884278,0.6511572,-1.5988427,-2.9788427,-2.5988429,-1.4288428,-2.8688428,-1.5088428,2.0111573,-1.8288428,-0.8488428,-3.2988427,-2.7788427,-2.6288428,-0.8588428,0.91115725,-0.9888428,-1.8988428,-2.8288429,-0.63884276,-0.42884278,2.1711571,-0.35884276,-0.35884276,1.0311573,-0.058842774,0.22115722,-0.2688428,1.0811572,0.85115725,1.0511572
1.2011572,0.101157226,1.5211573,1.8911573,1.3511572,0.8111572,-1.1888428,-1.3788428,1.3011572,-0.6888428,-0.27884278,-0.13884278,-0.15884277,-1.4388428,-4.448843,-2.4688427,-2.8288429,-2.9888427,-0.8688428,-0.96884274,-0.048842773,0.68115723,-1.0688428,-1.0088428,1.3311572,0.061157227,1.0911572,1.8711572,-2.6488428,-3.1788428,-0.8688428,1.1711572,-1.7288427,-2.9588428,-3.5888429,-3.1788428,-3.4388428,-2.7288427,-1.4688427,2.0211573,1.4811572,1.4811572,2.6011572
-0.49884278,-2.0288427,-1.6188427,-1.4388428,1.1311573,1.0911572,-0.16884278,-0.31884277,-0.4888428,0.44115722,0.6211572,-0.19884278,0.28115723,-0.51884276,-1.7588428,-1.2788428,-2.9688427,-3.3988428,-2.1088428,-0.77884275,0.67115724,1.9211572,-0.40884277,0.28115723,0.40115723,1.6611573,2.6311572,-3.1288428,-1.2288427,0.53115726,-1.9688427,-1.4388428,1.3611572,-1.7288427,-2.4388428,1.5211573,3.2711573,2.7911572,2.4911573,1.9211572,3.8911572,2.6911573,0.6311572
-1.9988427,-1.7688428,-0.69884276,-1.0788428,-4.698843,-5.3888426,-4.448843,-4.008843,-2.6488428,-1.4488428,-0.44884276,1.2711573,0.98115724,1.5011573,1.7411572,2.7711573,0.53115726,-2.8488429,-1.5788428,-1.1988428,-2.8388429,0.051157225,-3.2988427,-1.2488427,-2.5588427,-3.8588428,-2.818843,-1.9988427,-2.8888428,-1.2788428,-1.9488428,1.4711572,-0.36884278,-0.36884278,0.99115723,1.1711572,0.36115724,0.9511572,1.6111572,2.2611573,5.7311573,-1.3188428,-6.3888426
-1.8288428,-2.1488428,-2.3888428,-3.1488428,-3.318843,-2.9388428,-1.8988428,-1.7888428,-1.2288427,0.24115723,1.2311572,0.7511572,2.0511572,2.0911572,2.1011572,2.0311573,3.4611573,-2.068843,-2.5488427,-1.6988428,-4.0388427,-2.2388427,-1.3088428,-1.6188427,-2.818843,-3.4688427,-3.0988429,-1.0788428,0.91115725,-2.0588427,-2.568843,-1.3888428,-3.1788428,-2.0088427,-1.3988428,-2.4788427,-0.95884275,-1.3888428,-0.8788428,2.7511573,0.33115724,0.6211572,3.4211571
-2.2388427,-2.3388429,-2.4788427,-2.7988427,-2.5588427,-1.7088428,-0.5588428,0.041157227,0.6911572,1.8611572,1.9411572,2.3811572,1.1411573,2.1511571,1.6411573,3.3011572,3.7811573,4.3411574,-2.3588428,-2.068843,-2.5088427,-1.1388428,0.36115724,0.72115725,-2.1388428,-1.1988428,1.7711573,1.2011572,-0.52884275,-0.6788428,-0.028842773,-1.0688428,-0.9288428,-0.17884277,0.49115723,1.9411572,0.43115723,1.4811572,0.6911572,2.5611572,2.9711573,3.9511573,0.41115722
-2.1888428,-2.5388427,-2.5288427,-2.0288427,-1.3688427,-0.5988428,0.29115722,1.5211573,1.8511572,2.5911572,1.9711572,2.681157,1.5511572,0.6511572,1.5511572,0.85115725,0.4811572,2.9111571,0.98115724,-2.1688428,-0.12884277,-0.028842773,0.8711572,0.12115723,-0.70884275,-0.30884278,0.12115723,-2.3288429,-1.5888427,0.7611572,0.11115722,1.1511573,-0.45884278,0.8311572,1.8711572,0.7611572,0.32115722,1.5411572,-0.058842774,-0.6688428,-0.81884277,-0.9988428,-1.7588428
-1.9088428,-1.5888427,-2.1788428,-1.2788428,-0.7888428,-0.13884278,1.0311573,1.6611573,2.0511572,1.4911572,0.9611572,0.78115726,-2.9288428,-3.8688428,-1.5088428,-2.9588428,-2.3088427,0.30115724,0.011157227,-0.34884277,0.4811572,-0.13884278,-0.31884277,-2.7888427,2.9411573,-2.8788428,-3.6988428,-2.4388428,-2.4588428,-1.1188427,-0.23884277,0.021157227,2.5111573,3.4911573,1.2611573,-0.64884275,-0.6588428,-1.1988428,-0.76884276,-0.18884277,-1.8888428,-0.83884275,-0.81884277
-1.6788428,-0.30884278,-2.0088427,-1.2488427,-0.83884275,0.61115724,1.0411572,0.9611572,1.2211572,-0.11884277,-2.1488428,-2.4888427,-4.878843,-4.7288427,-2.6888428,-4.718843,-2.8888428,-1.8488427,-1.6688428,0.041157227,1.6311573,1.2811573,-2.7688427,-3.3488429,-0.34884277,-1.0888427,-3.068843,-1.1188427,-1.3588427,-0.9288428,0.8811572,2.8111572,3.6311572,0.32115722,-0.63884276,0.49115723,0.101157226,-1.2988428,-1.0088428,-0.33884278,-0.7888428,0.32115722,-0.7288428
-2.2588427,0.31115723,-1.1388428,-1.1688428,-0.4888428,-0.11884277,0.46115723,0.36115724,-0.18884277,-0.5988428,-1.9288428,-2.4388428,-4.608843,-4.698843,-3.0588427,-3.5988429,-2.4588428,-1.4488428,-0.76884276,-1.2388427,-5.6388426,-4.008843,-4.2488427,-3.8088427,-3.4888427,-2.3088427,-2.6188428,-1.9588428,-1.7188427,1.2711573,0.7511572,-0.40884277,-1.7788428,-0.2688428,0.8311572,-1.5788428,1.1111572,1.6911572,0.8311572,-0.25884277,0.16115722,-0.18884277,-0.71884274
-1.4388428,0.24115723,-0.8688428,-0.46884277,0.18115723,0.021157227,-0.018842774,-0.21884277,-0.57884276,-1.3588427,-2.0988429,-1.3688427,-3.3388429,-4.3888426,-3.068843,-2.6288428,-1.5388428,-1.5688428,-1.4588428,-0.75884277,-3.1188428,-4.5588427,-4.3888426,-5.5388427,-3.3788428,1.6811572,-0.9088428,-1.4288428,-0.51884276,-1.7788428,-0.2688428,-0.5988428,0.55115724,-2.3488429,-0.6888428,0.4811572,-0.9288428,-0.94884276,-1.6888428,-0.35884276,0.40115723,0.35115722,-0.38884276
-0.51884276,-0.038842775,0.18115723,0.44115722,0.5711572,-0.38884276,0.011157227,-0.6188428,-0.94884276,-2.0488427,-0.39884278,0.13115722,-1.3388427,-2.6788428,-3.1088428,-2.2188427,-1.8288428,-1.6888428,-3.1288428,-2.9288428,-3.4888427,-6.338843,-1.7088428,-4.2888427,-6.128843,-2.1888428,-1.1688428,-1.0788428,-1.1888428,-2.2988427,0.18115723,0.25115722,-0.64884275,-0.8588428,0.37115723,-1.9988427,-0.95884275,-1.1288428,-1.4588428,-0.5488428,-0.8788428,-0.9788428,-0.8588428
0.5211572,1.0211573,-0.038842775,0.8111572,-0.9788428,-0.6188428,-0.37884277,-0.6588428,-0.46884277,-1.4188428,-1.1088427,-2.4988427,-1.9488428,-1.6088427,-1.1188427,0.28115723,-0.69884276,-2.0788429,-2.9388428,-4.108843,-4.2488427,-4.6588426,-4.3288426,-3.6588428,-4.338843,-2.8788428,-3.0788429,-1.8588427,-1.9288428,-2.1888428,-1.6188427,-1.8388427,-2.6288428,-1.7088428,-1.4688427,-2.2188427,-1.2988428,-1.0388428,-0.9088428,0.31115723,0.49115723,-1.2288427,-0.8688428
