wind_kz.json
{"header": {"discipline":0,"disciplineName":"Meteorological products","gribEdition":2,"gribLength":1025,"center":7,"centerName":"US National Weather Service - NCEP(WMC)","subcenter":0,"refTime":"2023-09-08T00:00:00.000Z","significanceOfRT":1,"significanceOfRTName":"Start of forecast","productStatus":0,"productStatusName":"Operational products","productType":1,"productTypeName":"Forecast products","productDefinitionTemplate":0,"productDefinitionTemplateName":"Analysis/forecast at horizontal level/layer at a point in time","parameterCategory":2,"parameterCategoryName":"UnknownDiscipline_0_Category_2","parameterNumber":3,"parameterNumberName":"UnknownParameter_D0_C2_3","parameterUnit":"Unknown","genProcessType":2,"genProcessTypeName":"Forecast","forecastTime":0,"surface1Type":103,"surface1TypeName":"Specified height level above ground","surface1Value":10.0,"surface2Type":255,"surface2TypeName":"Missing","surface2Value":0.0,"gridDefinitionTemplate":0,"gridDefinitionTemplateName":"Latitude_Longitude","numberPoints":615,"shape":6,"shapeName":"Earth spherical with radius of 6,371,229.0 m","gridUnits":"degrees","resolution":48,"winds":"true","scanMode":64,"nx":41,"ny":15,"basicAngle":0,"lo1":47.0,"la1":41.0,"lo2":87.0,"la2":55.0,"dx":1.0,"dy":1.0}, "data":
[rows 0 to 14 of 15, columns 0 to 40 of 41]
1.3653595,-0.2446405,-0.41464052,-5.9546404,-6.4246407,-6.8846407,-4.8946404,-5.0646405,-3.7446406,-3.6946404,-2.2946405,-2.8846405,-2.9546404,-2.7646406,-1.0546405,2.3753595,2.9553595,0.6053595,-0.6846405,-1.0046405,-2.1846404,-2.6046405,-0.2446405,-0.6446405,-1.5646405,-0.7546405,-0.7746405,1.8153595,0.4753595,2.5053594,0.7853595,0.105359495,0.9853595,0.1453595,-0.7646405,0.0853595,0.2253595,0.3753595,3.7753594,2.2053595,2.7153594
0.5953595,1.6653595,-1.5546405,-3.6746404,-4.6246405,-5.0446405,-3.5446405,-4.4646406,-4.0646405,-3.3646405,-2.5246406,-1.7546405,-0.6646405,-0.6046405,-0.5346405,4.1953597,2.0453596,-0.7846405,0.2053595,-0.8646405,-2.3646405,-3.1946404,-1.7346405,2.0353594,0.7253595,1.5053595,-1.0946405,2.3953595,0.7553595,2.9453595,4.6153593,4.9553595,1.1653595,0.8053595,-2.0146406,-1.0846405,-0.3146405,-2.4146404,-0.1246405,-1.1646405,1.1453595
0.6753595,-0.5046405,-0.9546405,-4.0746403,-4.7946405,-2.7146406,-3.0046406,-3.2846406,-3.0846405,-4.8846407,-5.3046403,-2.9346404,1.2053595,1.8053595,1.8353595,1.8553596,0.9753595,2.0053594,0.9153595,-1.6246405,-2.8646405,-2.0046406,-0.5246405,0.7553595,-0.9746405,-0.004640503,3.0553596,0.4453595,0.005359497,0.12535949,3.9353595,2.7353594,1.4453595,-1.3746405,-0.114640504,3.2453594,6.2953596,1.1753595,0.8953595,0.0853595,1.3353595
0.7253595,1.6653595,-1.1846405,-3.2346406,-1.7146405,-0.9746405,-1.5546405,-3.4946406,-3.9446404,-5.4746404,-6.3946404,-4.0546403,1.5253595,4.1853595,2.0053594,1.1053596,1.2753595,0.3753595,-0.4346405,-1.6246405,-2.9346404,-0.4946405,-0.9046405,-0.8246405,-0.7846405,-1.4146405,-2.2046404,-2.4546404,1.1853595,-1.5246406,-0.1446405,-0.4046405,-0.6346405,-0.3146405,-0.4346405,-2.7746406,-1.1546406,3.2753594,2.9153595,0.6853595,0.3553595
-4.1846404,-8.49464,-4.4346404,-6.2546406,-0.5646405,2.5753596,0.2553595,-0.5146405,-2.5446405,-4.2146406,-4.0646405,-2.0146406,-1.2046405,0.8053595,1.2453595,1.2253594,1.4753594,0.6553595,-0.5446405,-2.7846406,-2.8946404,1.7453595,0.9353595,-0.2446405,-1.5746405,-3.9046404,-3.9646406,-4.5046406,-3.4346404,-4.4046407,-2.2346406,-0.3946405,1.8053595,3.0353594,-0.3746405,-1.6946405,0.045359496,-1.7446405,-1.4346405,-0.7046405,-1.1046405
-4.4046407,-3.6546404,-7.1846404,-9.37464,-7.6346407,-7.1846404,3.3853595,-0.004640503,-0.7746405,-2.1046405,-1.2446405,-1.3546405,-1.6246405,-0.4846405,-0.0846405,0.9953595,1.0653595,0.7653595,-0.7346405,-1.7746406,-3.2446406,-0.6346405,2.6253595,0.7753595,2.3053596,0.3553595,1.4953595,0.6853595,-2.6446404,-4.3146405,-1.4646405,-2.8046405,-1.0046405,0.7853595,-0.2846405,-2.8346405,0.6453595,3.2253594,0.6353595,-2.5146406,-3.5746405
-4.6446404,-3.9346404,-4.8246403,-4.3446407,-5.4946404,-4.2046404,-1.4946405,2.4253595,1.4353595,1.5453595,1.5853595,1.5853595,1.5953594,0.7253595,-0.2246405,0.5853595,-0.6246405,2.0553596,0.8153595,-0.6646405,-0.9146405,0.3753595,-1.2646405,-1.5446405,-1.0146405,1.7153594,2.3053596,-0.3846405,-2.1146405,0.025359496,0.23535949,-2.3146405,-3.6846404,-1.7246405,1.6353595,-0.6046405,-1.5246406,-0.6046405,-0.2946405,-1.2346405,-1.2146405
-4.6446404,-5.0646405,-5.4546404,-5.5246406,-5.8746405,-6.8946404,-3.8246405,-1.7246405,-3.1346405,2.3553596,2.5853596,2.7753594,2.7453594,2.4553595,1.4753594,2.1053596,2.1253595,1.8053595,0.1753595,1.1153595,-0.8146405,0.9253595,0.5853595,2.7753594,-0.23464051,-0.3646405,-1.0146405,-2.0346406,-2.3446405,2.0353594,1.2053595,1.0353595,-1.7646405,-3.2046404,-0.6046405,0.2853595,-1.1346405,2.2053595,-1.3046405,-0.5946405,-1.5346406
-4.3846407,-4.5446405,-5.0246406,-5.3146405,-3.8446405,-4.7446404,-5.3446407,-1.2546405,-3.2546406,-1.1446404,-0.3846405,-2.1646404,2.9453595,3.4753594,2.0253594,1.9553595,2.1653595,2.5753596,2.3953595,1.2853595,0.6753595,0.94535947,1.6853595,3.5053594,1.6853595,0.7253595,1.3253595,-0.2446405,-1.5846405,0.015359497,1.1653595,2.5653596,2.2053595,1.0753595,1.1353595,0.4053595,-2.2146406,-0.6246405,1.2853595,1.0453595,0.2053595
-3.1746404,-3.5246406,-3.9746406,-4.2646403,-3.9846406,-4.2946405,-4.3746405,-5.0646405,-1.2946405,1.0053595,-1.3546405,-0.3946405,2.7753594,4.1553593,3.6353595,2.5853596,2.4153595,2.2953596,2.3153596,0.4753595,0.4553595,0.15535949,-0.2846405,2.2353594,2.1153595,2.1853595,1.8953595,3.1453595,2.4853594,1.7153594,2.2853594,1.7453595,2.2353594,2.4953594,0.9853595,1.0053595,0.1753595,-2.3546405,0.4153595,3.9853594,2.8953595
-3.1146405,-3.2346406,-2.3346405,-3.1046405,-2.9046404,-2.9446404,-3.4146404,-3.0446405,-2.4946406,-3.0146406,1.1653595,-0.3146405,-1.5646405,4.2453594,3.8353596,3.3753595,3.7653594,3.6453595,3.0653596,3.0053594,1.2953595,0.12535949,0.2753595,1.8453594,1.0353595,-0.1446405,-0.0646405,1.1853595,1.6653595,1.7353595,2.2153594,2.7753594,2.6953595,3.0053594,3.2653594,1.1453595,0.6253595,2.0753596,1.2653595,1.3653595,0.3953595
-1.2146405,-2.4446404,-3.5746405,-2.4646406,-2.5546405,-2.7946405,-3.4346404,-3.4546404,-4.4746404,0.4153595,3.0053594,3.5053594,0.3553595,0.8453595,2.2053595,3.0553596,2.4153595,3.4053595,2.9953594,2.5553596,1.4653594,0.3453595,0.4853595,0.8553595,0.3653595,-0.4246405,-0.2246405,0.2053595,0.15535949,0.2053595,0.5453595,2.0353594,1.5853595,2.5453596,2.6753595,2.9853594,2.3253596,3.0653596,2.8253596,2.5753596,1.2953595
-1.5246406,-1.0946405,-2.5146406,-2.6146405,-1.9846405,-1.8246405,-2.1146405,-2.6246405,-6.3546405,0.015359497,-0.6546405,2.7553594,2.8853595,2.6653595,1.6853595,2.1053596,2.0853596,2.1653595,1.4653594,2.1553595,2.3353596,1.2953595,1.0253595,1.0353595,0.2553595,0.105359495,-0.8146405,-0.2946405,-0.7346405,-0.7346405,-0.7546405,-1.4746405,-1.1446404,0.7353595,0.7653595,1.1653595,1.6553595,1.5753595,2.7053595,2.8653595,0.6153595
-0.5046405,-1.2746406,-4.2646403,-2.6246405,-3.8246405,-1.9946405,-1.7046405,-1.9146405,-2.4046404,-3.3746405,-0.1246405,0.015359497,1.8053595,1.8653595,2.4953594,2.6553595,3.0253594,2.4053595,2.3853595,1.9153595,1.9353595,1.6253595,1.5353595,1.2553595,0.065359496,-1.1446404,-1.1046405,-0.8146405,-0.3946405,0.035359498,-0.6146405,-0.5646405,-0.1546405,-0.4546405,1.1053596,1.9753594,1.7353595,2.2153594,1.9753594,2.0253594,2.3053596
-0.1446405,-1.1346405,-4.9646406,-2.3146405,-2.7446406,-1.0646405,-2.2246406,-3.3346405,-1.1446404,-0.9046405,-0.8346405,0.2753595,1.1053596,0.105359495,2.9353595,2.6053596,3.9053595,2.5853596,1.6953595,2.2053595,2.0153594,1.3153595,0.3253595,0.6253595,-0.9746405,-0.4646405,-0.5046405,-0.80464053,0.2753595,0.8653595,-0.0546405,0.055359498,0.2653595,1.6553595,1.6353595,1.6253595,1.7653595,1.7553595,0.9353595,2.1353595,0.6253595
