wind_kz.json
{"header": {"discipline":0,"disciplineName":"Meteorological products","gribEdition":2,"gribLength":1025,"center":7,"centerName":"US National Weather Service - NCEP(WMC)","subcenter":0,"refTime":"2023-08-07T06:00:00.000Z","significanceOfRT":1,"significanceOfRTName":"Start of forecast","productStatus":0,"productStatusName":"Operational products","productType":1,"productTypeName":"Forecast products","productDefinitionTemplate":0,"productDefinitionTemplateName":"Analysis/forecast at horizontal level/layer at a point in time","parameterCategory":2,"parameterCategoryName":"UnknownDiscipline_0_Category_2","parameterNumber":2,"parameterNumberName":"UnknownParameter_D0_C2_2","parameterUnit":"Unknown","genProcessType":2,"genProcessTypeName":"Forecast","forecastTime":0,"surface1Type":103,"surface1TypeName":"Specified height level above ground","surface1Value":10.0,"surface2Type":255,"surface2TypeName":"Missing","surface2Value":0.0,"gridDefinitionTemplate":0,"gridDefinitionTemplateName":"Latitude_Longitude","numberPoints":615,"shape":6,"shapeName":"Earth spherical with radius of 6,371,229.0 m","gridUnits":"degrees","resolution":48,"winds":"true","scanMode":64,"nx":41,"ny":15,"basicAngle":0,"lo1":47.0,"la1":41.0,"lo2":87.0,"la2":55.0,"dx":1.0,"dy":1.0}, "data":
[rows 0 to 14 of 15, columns 0 to 40 of 41]
2.526621,1.7866211,-2.7933788,-2.133379,1.596621,-0.56337893,-0.5033789,0.2066211,0.7666211,0.11662109,-0.7333789,0.026621094,0.48662108,0.7166211,1.5466211,2.786621,3.4666212,4.306621,2.7266212,2.576621,1.4466211,3.536621,-2.2533789,2.9866211,-1.8733789,-2.143379,-1.7133789,3.2566211,1.0166211,0.8566211,-0.3333789,-0.13337891,-0.9433789,-0.14337891,-1.4633789,2.846621,2.9666212,-1.2133789,-3.0333788,-4.6433787,-5.853379
-0.3433789,-2.183379,-4.483379,-0.7533789,-1.3433789,-0.9033789,-3.0133789,-1.0633789,-0.1533789,0.7566211,2.056621,3.796621,4.3566213,1.7566211,2.016621,1.6866211,0.7166211,0.4666211,4.206621,3.126621,3.026621,2.4266212,4.196621,1.8166211,1.3766211,0.5466211,0.3566211,0.6466211,4.756621,2.9266212,0.68662107,1.2866211,-3.0533788,1.5166211,-0.48337892,-1.1233789,3.096621,-1.403379,0.7766211,-1.7433789,-1.0533789
-0.8333789,-4.043379,-2.093379,-1.1433789,-2.453379,-3.913379,-1.2533789,-0.8833789,2.2566211,1.826621,3.106621,4.0666213,4.006621,5.506621,4.256621,2.4966211,3.156621,2.816621,2.526621,3.066621,-0.033378907,0.1266211,1.716621,4.746621,0.7766211,1.326621,1.596621,3.076621,2.146621,0.7266211,0.4066211,-0.7233789,0.2366211,-0.1233789,-3.3133788,0.11662109,-0.2333789,-0.6633789,-1.2133789,-1.1233789,0.24662109
-5.783379,-3.2433789,-2.443379,-2.183379,-0.4333789,0.066621095,1.1866211,0.8866211,1.4266211,2.4966211,3.786621,5.686621,4.1066213,4.676621,6.766621,2.7566211,1.706621,3.4966211,2.9366212,1.4366211,1.7966211,-0.93337893,0.6566211,3.616621,5.386621,4.176621,2.846621,3.596621,4.786621,8.866621,6.946621,1.7766211,7.186621,5.476621,2.1866212,3.2266212,1.7666211,0.7666211,-0.053378906,4.116621,1.4166211
-4.983379,-3.7733788,-3.7933788,-2.7833788,0.08662109,2.036621,4.1066213,5.3566213,4.576621,5.286621,4.726621,6.536621,0.2866211,-1.3933789,-4.903379,-0.013378906,-0.4733789,2.566621,2.1666212,1.9266211,2.076621,2.4666212,1.0466211,2.636621,2.866621,3.886621,5.916621,4.446621,7.1066213,3.5066211,3.1966212,0.9066211,-1.0633789,0.56662107,-3.643379,-1.793379,1.8666211,0.7166211,-2.8033788,-3.403379,-2.103379
-4.513379,-3.853379,-3.2433789,-1.1833789,-3.7533789,-4.2033787,-3.943379,-2.2633789,-1.9533789,-0.6433789,-0.013378906,0.3866211,-0.5833789,-3.693379,-3.423379,-0.8633789,2.1766212,2.9266212,1.4166211,1.6766211,1.586621,1.706621,2.536621,2.046621,3.9366212,4.696621,4.236621,0.4766211,6.1066213,2.6666212,3.6766212,4.7966213,5.8366213,4.236621,2.7066212,-0.6733789,2.4766212,4.956621,5.786621,-4.843379,-7.213379
-5.523379,-6.243379,-6.323379,-5.883379,-5.033379,-4.733379,-3.973379,-2.8233788,-2.123379,-1.413379,-0.9533789,-0.013378906,-1.2433789,-2.3033788,-1.653379,-0.7933789,-1.8933789,1.2266212,1.2566211,-0.45337892,-0.9433789,-0.9233789,-0.5133789,0.5466211,1.9166211,1.6566211,-0.2133789,-0.5133789,0.26662108,0.066621095,-0.14337891,0.5166211,1.2866211,3.4166212,5.216621,5.766621,1.0066211,2.566621,5.016621,2.136621,3.566621
-7.253379,-6.753379,-6.053379,-5.723379,-5.813379,-4.363379,-3.633379,-2.593379,-1.673379,-1.793379,-1.3133789,-0.45337892,-1.7633789,-1.8933789,-1.153379,-0.5933789,-1.8233789,-0.2033789,1.9466211,-0.9233789,-2.163379,-1.0633789,-2.443379,-1.0133789,-0.5833789,-0.3133789,-1.2633789,0.056621093,-1.7033789,-2.0333788,-1.8933789,-1.9533789,-0.6433789,-0.9733789,4.926621,7.426621,-3.873379,-7.093379,-1.6933789,6.666621,6.056621
-6.483379,-6.403379,-6.113379,-5.483379,-4.853379,-3.7833788,-3.653379,-3.3333788,-2.5233788,-2.363379,-2.103379,-2.5333788,-1.783379,-2.393379,-2.0733788,-2.883379,-1.783379,-2.233379,-2.5033789,-1.783379,-2.613379,-2.683379,-1.8633789,-2.483379,-3.7533789,-3.5233788,-2.853379,-2.093379,-1.1333789,-0.10337891,1.0366211,0.056621093,-3.633379,-0.5233789,0.5566211,-0.9033789,-2.8033788,1.1966211,2.2166212,-0.3633789,-0.13337891
-5.753379,-5.003379,-4.293379,-3.623379,-3.0333788,-3.7933788,-3.3333788,-3.383379,-2.3233788,-1.1433789,-1.9833789,-2.5133789,-1.9533789,-3.233379,-3.5433788,-3.2733788,-2.7833788,-3.0033789,-2.5433788,-2.683379,-3.733379,-2.443379,-3.4933789,-5.003379,-5.783379,-6.073379,-6.263379,-5.233379,-3.2733788,-1.9533789,-1.2633789,-2.403379,-0.6433789,1.1866211,2.066621,0.7766211,0.5866211,1.2266212,2.276621,1.6166211,0.9066211
-4.733379,-4.463379,-3.703379,-3.2933788,-3.0633788,-2.163379,-2.2533789,-1.8933789,-0.9033789,-0.9033789,-1.2733788,-2.3333788,-2.8233788,-2.953379,-3.2933788,-3.2933788,-3.363379,-2.963379,-3.593379,-3.733379,-3.3133788,-4.243379,-3.913379,-5.253379,-5.9533787,-5.173379,-5.1433787,-3.5133789,-2.933379,-0.043378904,-2.2633789,-2.683379,-2.103379,-1.6033789,-0.9833789,1.3766211,1.846621,1.4366211,0.45662108,0.8266211,1.206621
-4.4133787,-3.143379,-3.2633789,-3.0433788,-3.163379,-2.183379,-2.103379,-1.5133789,-2.0033789,-2.0233788,-1.7033789,-3.233379,-2.8233788,-2.943379,-2.2833788,-1.903379,-2.233379,-2.593379,-2.8033788,-3.153379,-4.533379,-5.693379,-6.633379,-4.133379,-3.883379,-5.193379,-4.343379,-3.393379,-4.523379,-5.2033787,-5.283379,-5.553379,-2.713379,-1.8733789,-0.87337893,-2.173379,-1.5833789,-0.9733789,-1.0933789,0.1466211,-0.5733789
-3.423379,-3.453379,-2.143379,-1.9533789,-1.4833789,-1.4633789,-2.393379,-1.9633789,-3.0133789,-1.7333789,-0.6433789,-1.8033789,-2.5633788,-2.223379,-1.5033789,-1.9733789,-2.4933789,-3.3333788,-3.5433788,-4.903379,-4.823379,-4.773379,-3.7733788,-3.5533788,-4.043379,-4.353379,-4.293379,-4.193379,-4.223379,-4.443379,-3.733379,-3.2533789,-3.903379,-3.613379,-3.703379,-2.5133789,-1.653379,-0.93337893,-1.6033789,-0.3433789,0.62662107
-3.453379,-3.3233788,-2.423379,-2.393379,-1.7733788,-1.543379,-1.8533789,-0.9533789,-1.3433789,-0.9533789,-0.043378904,0.066621095,-1.7733788,-2.5833788,-1.8933789,-1.0833789,-2.0833788,-3.653379,-4.483379,-3.233379,-3.733379,-3.653379,-4.4133787,-4.1633787,-4.003379,-3.983379,-3.943379,-3.893379,-3.3033788,-3.443379,-2.8133788,-2.363379,-1.9833789,-2.213379,-2.203379,-2.213379,-1.153379,0.5066211,0.6666211,0.3966211,1.2866211
-1.673379,-2.2933788,-2.7533789,-1.7033789,-1.5533789,-1.2733788,-0.9833789,-1.2133789,-1.3533789,-1.4533789,-0.8833789,-1.7533789,0.4366211,0.5966211,-0.6633789,-1.4633789,-2.653379,-4.633379,-3.113379,-3.713379,-3.673379,-3.7933788,-3.5333788,-4.053379,-3.7933788,-3.213379,-2.203379,-1.1433789,-1.6233789,-0.4433789,0.48662108,2.1966212,0.7266211,-0.13337891,1.6666211,1.5566211,2.386621,2.376621,1.6266211,0.9266211,1.6466211
