wind_kz.json
{"header": {"discipline":0,"disciplineName":"Meteorological products","gribEdition":2,"gribLength":1025,"center":7,"centerName":"US National Weather Service - NCEP(WMC)","subcenter":0,"refTime":"2023-09-30T00:00:00.000Z","significanceOfRT":1,"significanceOfRTName":"Start of forecast","productStatus":0,"productStatusName":"Operational products","productType":1,"productTypeName":"Forecast products","productDefinitionTemplate":0,"productDefinitionTemplateName":"Analysis/forecast at horizontal level/layer at a point in time","parameterCategory":2,"parameterCategoryName":"UnknownDiscipline_0_Category_2","parameterNumber":3,"parameterNumberName":"UnknownParameter_D0_C2_3","parameterUnit":"Unknown","genProcessType":2,"genProcessTypeName":"Forecast","forecastTime":240,"surface1Type":103,"surface1TypeName":"Specified height level above ground","surface1Value":10.0,"surface2Type":255,"surface2TypeName":"Missing","surface2Value":0.0,"gridDefinitionTemplate":0,"gridDefinitionTemplateName":"Latitude_Longitude","numberPoints":615,"shape":6,"shapeName":"Earth spherical with radius of 6,371,229.0 m","gridUnits":"degrees","resolution":48,"winds":"true","scanMode":64,"nx":41,"ny":15,"basicAngle":0,"lo1":47.0,"la1":41.0,"lo2":87.0,"la2":55.0,"dx":1.0,"dy":1.0}, "data":
[rows 0 to 14 of 15, columns 0 to 40 of 41]
-1.7698535,-2.6098535,2.3901465,11.880146,6.6401463,3.9901464,2.5001464,1.4001465,0.98014647,0.6001465,-0.6098535,0.3001465,-0.07985351,-0.4898535,-1.3598535,-2.2298536,-2.4098535,-1.8098536,-3.6498535,-2.5898535,-3.1898534,-4.4698534,-2.7598536,-0.33985353,-1.2998536,-0.40985352,-1.7798535,1.3201464,0.020146484,0.24014649,-3.5298536,-3.8598535,0.5101465,-1.6798536,1.4601464,-0.34985352,-0.2598535,-2.1398535,0.070146486,0.3301465,1.8301464
5.6301465,1.1801465,-0.029853515,9.700147,6.1201463,6.2101464,2.1901464,3.0201464,2.2401464,1.7501465,0.20014648,-1.0698535,-0.76985353,-0.21985352,-2.5998535,-0.4198535,0.22014648,-1.5198535,-2.2298536,-2.6398535,-2.3698535,-3.4598534,-1.5398536,0.9001465,-1.7598535,1.2501465,-1.3998535,1.6801465,0.010146485,1.4601464,1.6501465,0.8301465,-1.5398536,-1.7898536,-2.9298534,-1.6398535,-0.8598535,-2.1898534,-2.5298536,0.5201465,0.8501465
0.9501465,4.5701466,7.1101465,6.2101464,5.1301465,3.2601464,2.8101466,2.0901465,4.0801463,2.4801464,1.5801464,1.3501465,0.110146485,-0.6898535,-1.2098535,-1.2498535,-0.18985352,0.5301465,-1.2498535,-2.5198536,-3.4498534,1.0001465,-2.6598535,-0.94985354,0.080146484,1.2701465,-1.4698535,-2.2698536,-0.07985351,1.2701465,0.19014649,-1.8298535,-2.2498536,-1.6898535,-1.2498535,-1.7198535,-2.5098536,-2.0998535,-0.2598535,-0.30985352,0.6601465
2.4501464,5.6601467,5.9501467,5.9701467,2.0301466,3.2901466,3.7701464,4.1601467,3.7501464,3.3601465,2.4001465,2.2901466,1.7401465,0.6401465,-0.5998535,-1.2498535,-1.1598535,0.28014648,-0.4898535,-3.1398535,-4.0398536,-1.9098535,1.7001464,0.38014647,0.2701465,-1.1098535,-1.8398535,-0.6498535,-1.3798535,-2.4998536,-3.8498535,-2.7798536,0.050146483,5.6501465,-0.019853516,0.8101465,2.6801465,1.2601465,-0.33985353,1.7701465,-0.3598535
3.4301465,5.2501464,5.1801467,4.0101466,2.9801464,3.1501465,3.3301466,5.0801463,4.2201467,3.7701464,3.9401464,3.6401465,2.9701464,1.5801464,0.8201465,0.40014648,-0.8598535,-1.2598535,-1.3898535,-2.0598536,-1.0198535,0.010146485,-0.6198535,-1.2298535,-1.8398535,-2.0198536,-1.5498536,-1.2398535,-0.9898535,-1.4798535,-0.4898535,0.8201465,2.8001466,1.7101464,-0.8098535,-1.7598535,-2.6198535,-0.46985352,-1.2398535,0.3301465,-2.6098535
2.3801465,1.9901465,4.9201465,5.6401463,5.7701464,4.7101464,3.2601464,3.3901465,3.1501465,3.3801465,3.1401465,3.0101464,1.7401465,2.0801466,0.32014647,1.1801465,-0.049853515,-0.5898535,-0.9298535,-1.3598535,-1.2698535,-1.1698536,-1.7998536,-0.95985353,-0.76985353,-1.1498535,-0.9198535,-2.1698534,-0.76985353,0.3301465,0.10014649,-0.10985351,-0.6798535,-0.5498535,2.6401465,-1.0798535,0.070146486,-1.7198535,1.7601465,1.7301465,-2.6898534
3.3001466,3.1501465,3.2401464,3.1401465,4.3601465,3.3601465,3.7901466,3.6001465,3.4301465,3.3201466,3.2301464,2.3001466,1.8001465,0.73014647,0.15014648,-0.18985352,0.34014648,0.16014649,1.4648438E-4,1.4648438E-4,-0.18985352,-0.2998535,0.17014648,0.050146483,-0.10985351,-0.37985352,-0.24985352,-0.21985352,-0.3198535,-0.5898535,0.15014648,-0.7398535,-0.3598535,-0.2898535,0.19014649,-0.9398535,0.9501465,1.7501465,-0.46985352,-0.069853514,0.68014646
4.5701466,4.2401466,3.9901464,3.8001466,3.8801465,3.8101466,3.9701464,3.8201466,3.8101466,3.4201465,3.1301465,2.4401464,1.1201465,0.6301465,0.070146486,0.060146485,0.24014649,0.5101465,0.6501465,0.80014646,0.29014647,1.2601465,1.4601464,1.5701464,1.4701465,0.9501465,-0.36985353,-1.0098535,-0.37985352,0.41014647,0.44014648,0.8901465,0.14014648,0.020146484,1.4001465,1.2901465,0.31014648,-1.6998535,-0.23985352,2.9501464,-0.82985353
5.2301464,5.0601463,4.6601467,4.6201463,4.5001464,4.2501464,4.2801466,4.0901465,3.5801466,3.4201465,3.0301466,2.2901466,1.2701465,0.8901465,0.55014646,0.73014647,1.0301465,1.1801465,1.5801464,1.5801464,0.92014647,0.110146485,2.0101464,2.3401465,2.6801465,2.5601466,2.1801465,2.0501466,1.9201465,0.2701465,0.8501465,1.4701465,1.7701465,1.6201465,1.2501465,0.73014647,0.5201465,3.5401466,6.4201465,3.2401464,3.5101464
5.9401464,6.0501466,5.8701463,5.3201466,5.1201463,4.6901464,4.4601464,4.2301464,4.2801466,3.7801466,3.3101466,2.7501464,2.2301464,1.7001464,1.3901465,1.1901464,1.2401465,1.5301465,1.9401464,1.9701465,2.4301465,2.1301465,1.2401465,1.3901465,1.5001465,1.8101465,2.0801466,1.9501464,1.6001465,1.3201464,1.2501465,2.0201464,1.4701465,-0.3298535,1.7101464,2.0101464,1.6001465,0.5001465,5.6201463,4.0901465,2.6201465
5.9101467,5.8701463,5.7101464,4.6501465,5.0901465,5.6601467,5.9601464,5.3201466,4.8001466,4.1901464,4.3901463,4.1401463,3.7201464,3.3101466,2.4701464,2.4201465,1.1201465,1.6401465,2.7201464,2.0401466,1.7301465,1.7001464,1.6201465,2.0001464,2.2101464,2.5401466,2.4401464,2.4901464,2.4901464,1.1901464,0.9401465,0.35014647,0.5901465,1.7601465,3.7601464,-1.2998536,2.2401464,3.2501464,4.5801463,1.9501464,1.5601465
5.6001463,5.9701467,6.5101466,6.5001464,6.4101467,5.9901466,5.5001464,5.9301467,5.4401464,5.0401464,4.8501463,3.5501466,3.6501465,4.5701466,3.9401464,4.1801467,3.3801465,1.3001465,2.4701464,2.4801464,2.2601464,2.0401466,2.0801466,2.4101465,2.4301465,1.9201465,2.5001464,2.1801465,2.0301466,1.7001464,1.8101465,2.3701465,1.3201464,2.9301465,2.9801464,3.8401465,2.6301465,2.6501465,1.5301465,-0.4898535,-0.019853516
5.5101466,7.1701465,7.6601467,6.7201467,6.1001463,4.4501467,5.4701467,6.8901463,6.3601465,5.7701464,3.2901466,2.6501465,2.2901466,3.1401465,3.6401465,4.3101463,3.5301466,2.9101465,2.2601464,2.8701465,2.6401465,2.2701464,2.3601465,1.6701465,1.6201465,1.8201464,1.5301465,1.7001464,2.0401466,2.6301465,2.7501464,2.7801466,1.5801464,3.1701465,4.5701466,4.4201465,3.3401465,2.3801465,3.0501466,2.4801464,1.1301465
5.2201467,5.9401464,7.7601466,7.7501464,6.7701464,7.1001463,6.6101465,6.2301464,6.4401464,6.7301464,4.2401466,1.4001465,1.8601465,3.0701466,3.0401466,3.4201465,2.9001465,2.7701464,2.6401465,2.1601465,1.8601465,1.4401464,1.5901465,1.3301464,0.99014646,0.9601465,0.8701465,1.3301464,2.1201465,2.9001465,3.2201464,3.5601466,3.6901464,3.7501464,3.6801465,4.2001467,4.5001464,3.9101465,3.4601464,3.5801466,3.0201464
3.6501465,5.1001463,7.3201466,6.9501467,6.8101463,7.1601467,7.5301466,6.4701467,5.6701465,5.3301463,4.4601464,4.3201466,2.3901465,1.8501465,4.3101463,3.1101465,1.9601464,1.9001465,2.3301466,1.8601465,1.1901464,1.2401465,0.98014647,0.6501465,0.5701465,0.74014646,0.6901465,1.3301464,2.2901466,2.7101464,3.2801466,4.0601463,5.1501465,4.9001465,5.0601463,5.1001463,5.2801466,5.9501467,5.6801467,5.6801467,3.9501464
