wind_kz.json
{"header": {"discipline":0,"disciplineName":"Meteorological products","gribEdition":2,"gribLength":1025,"center":7,"centerName":"US National Weather Service - NCEP(WMC)","subcenter":0,"refTime":"2023-09-28T00:00:00.000Z","significanceOfRT":1,"significanceOfRTName":"Start of forecast","productStatus":0,"productStatusName":"Operational products","productType":1,"productTypeName":"Forecast products","productDefinitionTemplate":0,"productDefinitionTemplateName":"Analysis/forecast at horizontal level/layer at a point in time","parameterCategory":2,"parameterCategoryName":"UnknownDiscipline_0_Category_2","parameterNumber":2,"parameterNumberName":"UnknownParameter_D0_C2_2","parameterUnit":"Unknown","genProcessType":2,"genProcessTypeName":"Forecast","forecastTime":300,"surface1Type":103,"surface1TypeName":"Specified height level above ground","surface1Value":10.0,"surface2Type":255,"surface2TypeName":"Missing","surface2Value":0.0,"gridDefinitionTemplate":0,"gridDefinitionTemplateName":"Latitude_Longitude","numberPoints":615,"shape":6,"shapeName":"Earth spherical with radius of 6,371,229.0 m","gridUnits":"degrees","resolution":48,"winds":"true","scanMode":64,"nx":41,"ny":15,"basicAngle":0,"lo1":47.0,"la1":41.0,"lo2":87.0,"la2":55.0,"dx":1.0,"dy":1.0}, "data":
[rows 0 to 14 of 15, columns 0 to 40 of 41]
1.5433502,1.4833503,-2.0266497,-5.37665,-3.1266499,2.3733501,-7.52665,-8.88665,-8.72665,-6.5366497,-5.9066496,-5.00665,-4.00665,-2.84665,-1.3366498,-1.1966498,-0.9266498,-3.09665,-3.0766497,-3.1666498,-0.9966498,0.0033502197,2.6933503,3.6333501,2.0433502,2.3433502,2.8133502,-1.1066498,-2.1966498,-1.1866498,-0.7466498,0.9133502,-2.1966498,-1.2866498,-1.9466498,-0.20664978,-0.05664978,0.32335022,-0.2566498,0.26335022,0.033350218
2.1033502,-0.19664977,-5.4466496,-5.6166496,-4.18665,-5.1166496,-7.58665,-7.4766498,-7.3866496,-6.31665,-5.12665,-3.9666498,-3.1466498,-3.6866498,-3.5466497,-2.4266498,-1.1466498,-1.5166497,-3.2066498,-2.2166498,-2.4366498,-0.21664979,1.3933502,0.6333502,-0.98664975,0.9433502,0.7333502,-1.3666497,-4.58665,-0.73664975,0.033350218,-1.1966498,1.5433502,-2.4066498,-0.24664979,0.8633502,0.24335022,-0.4166498,-1.6066498,-0.05664978,-0.6966498
0.89335024,-6.10665,-7.0166497,-7.66665,-6.5966496,-8.71665,-7.37665,-6.66665,-6.6766496,-5.54665,-4.8666496,-3.8766499,-4.8466496,-4.77665,-4.3066497,-3.8266497,-4.0166497,-2.7566497,-1.3966498,0.4633502,0.6933502,-6.1166496,-5.85665,-5.8666496,-3.5166497,-4.0366497,-1.9266498,-1.4366498,0.16335022,-1.3666497,-1.2066498,-2.0166497,0.06335022,-1.1166497,-1.3566498,-0.6466498,-0.21664979,-0.6366498,2.9333503,2.5933502,0.5533502
-6.12665,-7.3466496,-7.04665,-3.9666498,-6.62665,-7.21665,-5.83665,-6.73665,-6.1566496,-6.10665,-6.75665,-6.3266497,-4.4966497,-3.7666497,-4.5766497,-4.46665,-3.6166499,-3.7066498,-3.7066498,-4.6966496,-6.3666496,-8.13665,-4.9466496,-6.08665,-6.31665,-6.6766496,-6.91665,-6.87665,-5.96665,-2.8566499,-0.12664978,-0.5566498,-2.2766497,-0.84664977,0.26335022,1.1533502,0.17335021,1.0433502,-0.90664977,-0.04664978,-0.84664977
-7.50665,-7.0366497,-7.73665,-7.5766497,-6.8266497,-7.43665,-7.04665,-6.48665,-5.9966497,-6.4266496,-7.1566496,-6.93665,-5.20665,-2.6366498,0.64335024,-3.3866498,-3.6966498,-3.1266499,-3.4566498,-4.1766496,-5.0966496,-5.41665,-5.3466496,-4.95665,-5.8866496,-6.46665,-5.8866496,-3.4066498,-4.6366496,-4.3066497,-4.4766498,-2.6166499,-2.0466497,-1.1766498,-0.7766498,-0.90664977,6.1133504,0.6833502,-0.54664975,-1.5666498,-0.37664977
-7.1166496,-7.39665,-9.32665,-9.45665,-9.00665,-6.12665,-7.23665,-6.2666497,-5.8866496,-4.9066496,-4.6766496,-4.4966497,-4.20665,-3.3766499,-1.5966498,-2.6766498,-3.8766499,-3.4666498,-3.5766497,-3.4866498,-4.4066496,-3.6266499,-3.5066497,-3.6466498,-4.14665,-5.02665,-5.29665,-3.59665,-3.5666497,-3.5166497,-4.00665,-3.5166497,-2.3666499,-2.5366497,-1.9466498,1.2333503,0.6033502,2.4633503,5.6133504,-3.3166497,-2.7666497
-7.50665,-7.7266498,-8.30665,-8.09665,-6.79665,-5.9066496,-6.25665,-5.4466496,-5.04665,-4.4066496,-4.02665,-3.8866498,-2.8766499,-3.0266497,-2.7866497,-2.7066498,-2.7566497,-3.1166499,-3.4066498,-4.08665,-4.23665,-3.84665,-3.2266498,-2.6466498,-2.9466498,-2.0166497,-3.1166499,-1.8466498,-2.34665,-1.5366498,-1.7866498,-2.3866498,-1.1266497,-0.33664978,3.0933502,1.5433502,0.7533502,-0.7766498,2.16335,0.28335023,2.5133502
-7.79665,-6.9966497,-6.4966497,-5.4266496,-5.4066496,-4.2466497,-3.3166497,-1.9466498,-2.2766497,-1.7966498,-1.2966498,-1.9566498,-2.2666497,-2.2166498,-1.8466498,-2.33665,-1.5166497,-2.1566498,-1.7466497,-2.7766497,-3.3866498,-3.3766499,-3.1066499,-2.7766497,-2.6566498,-2.2466497,-1.3166498,-0.8966498,-0.72664976,-1.4266498,-1.1466498,-0.3866498,0.14335021,-2.1666498,-0.01664978,-0.02664978,-0.5566498,3.7633502,5.5733504,8.20335,5.8433504
-6.3466496,-5.8466496,-5.21665,-4.0166497,-2.9966497,-1.8666497,-1.0966498,-0.5266498,-0.22664978,-0.21664979,-0.65664977,-0.5266498,-1.2966498,-0.98664975,-0.45664978,-0.33664978,-0.46664977,-0.7766498,-1.2866498,-1.2666497,-1.5866498,-2.0066497,-1.8666497,-1.1566498,-1.6366497,-0.9666498,-0.6766498,-0.06664978,-0.5866498,0.22335023,0.2733502,-0.07664978,0.24335022,0.19335023,1.0533502,0.96335024,1.8833503,-2.6666498,-0.8866498,0.9733502,-0.09664978
-5.70665,-4.91665,-4.54665,-3.4966497,-2.5266497,-1.3866497,-0.7166498,-0.37664977,0.05335022,-0.24664979,-0.14664978,0.28335023,0.25335023,0.7833502,0.95335025,0.16335022,0.37335023,0.44335023,0.07335022,-0.16664977,-0.16664977,-0.26664978,-0.16664977,0.3033502,0.5733502,0.84335023,1.2633502,1.4433502,1.7133502,1.8033502,1.5933502,1.0733502,1.6333503,2.3033502,1.9933503,1.8333502,-0.6966498,-0.29664978,0.5733502,1.2833502,0.8233502
-4.98665,-4.5766497,-3.6166499,-2.7866497,-1.9266498,-0.8866498,-0.5566498,-0.7166498,0.23335022,0.22335023,1.1033502,1.7433503,1.3433502,2.0233502,1.9433502,1.2533503,0.6633502,0.15335022,0.38335022,0.5433502,0.4933502,0.96335024,1.2733502,1.3033502,1.5433502,2.0433502,2.4433503,2.0533502,2.2533503,2.5433502,2.5533502,2.66335,2.8233502,2.4633503,2.8333502,1.4933503,-0.3566498,1.3733503,0.8233502,1.7233502,0.5033502
-3.7866497,-2.8966498,-2.2066498,-1.3266498,-0.30664977,0.6233502,0.8833502,0.9733502,0.5433502,0.8833502,1.8133502,2.5633502,1.2933502,1.5833502,1.0633502,1.1733502,0.34335023,0.4933502,0.8633502,0.7333502,1.4033502,1.7733502,1.9833503,2.3633502,2.4833503,2.6233501,2.4533503,2.8333502,3.1433501,3.1233501,2.9633503,3.4233503,2.6433501,2.8833501,2.3733501,3.0133502,3.4933503,5.6733503,5.35335,2.7833502,0.8533502
-1.1466498,-1.0866498,-0.24664979,0.37335023,0.8233502,0.9233502,1.7533503,1.4333502,1.2133502,1.0833502,1.4033502,1.4933503,-0.39664978,1.4833503,0.4333502,-0.34664977,-0.01664978,0.84335023,0.9333502,1.6733502,1.8433502,1.9933503,2.0333502,2.2333503,2.65335,2.7233503,2.8833501,3.4233503,3.3833501,3.3433502,3.6133502,3.6333501,3.4433503,3.3233502,3.6133502,4.35335,4.1933503,3.7933502,5.4433503,5.0533504,3.8533502
0.40335023,0.9833502,-0.05664978,1.7533503,1.6033502,1.8733503,2.3033502,2.0733502,1.7933502,1.2333503,1.2433503,1.6733502,0.6633502,0.8733502,0.15335022,0.21335022,1.3233502,1.6333503,1.9333502,2.3933501,2.40335,2.5133502,2.7533503,2.7433503,2.9333503,2.7733502,2.7533503,2.8333502,2.9233503,2.8733501,2.9733503,3.0933502,2.9733503,3.2933502,3.7533503,4.3633504,4.29335,4.18335,5.16335,5.20335,6.24335
0.6333502,1.3533502,1.2933502,2.41335,2.4733503,2.6033502,2.7233503,2.3133502,2.3233502,1.1533502,1.1033502,2.5833502,1.4533502,0.76335025,1.8633503,1.5533502,2.2333503,2.3733501,2.3933501,2.5233502,2.3033502,2.3133502,2.3833501,2.3233502,2.3233502,2.2633502,2.3033502,2.0633502,2.16335,2.1133502,2.4433503,2.6233501,2.5933502,2.9633503,3.2733502,4.28335,4.5033503,5.29335,5.66335,6.33335,4.7733502
