wind_kz.json
{"header": {"discipline":0,"disciplineName":"Meteorological products","gribEdition":2,"gribLength":1025,"center":7,"centerName":"US National Weather Service - NCEP(WMC)","subcenter":0,"refTime":"2023-09-10T06:00:00.000Z","significanceOfRT":1,"significanceOfRTName":"Start of forecast","productStatus":0,"productStatusName":"Operational products","productType":1,"productTypeName":"Forecast products","productDefinitionTemplate":0,"productDefinitionTemplateName":"Analysis/forecast at horizontal level/layer at a point in time","parameterCategory":2,"parameterCategoryName":"UnknownDiscipline_0_Category_2","parameterNumber":2,"parameterNumberName":"UnknownParameter_D0_C2_2","parameterUnit":"Unknown","genProcessType":2,"genProcessTypeName":"Forecast","forecastTime":60,"surface1Type":103,"surface1TypeName":"Specified height level above ground","surface1Value":10.0,"surface2Type":255,"surface2TypeName":"Missing","surface2Value":0.0,"gridDefinitionTemplate":0,"gridDefinitionTemplateName":"Latitude_Longitude","numberPoints":615,"shape":6,"shapeName":"Earth spherical with radius of 6,371,229.0 m","gridUnits":"degrees","resolution":48,"winds":"true","scanMode":64,"nx":41,"ny":15,"basicAngle":0,"lo1":47.0,"la1":41.0,"lo2":87.0,"la2":55.0,"dx":1.0,"dy":1.0}, "data":
[rows 0 to 14 of 15, columns 0 to 40 of 41]
1.5926496,-0.24735047,1.9426495,-3.4073505,-5.2373505,-5.5473504,-4.3773503,-8.407351,-8.98735,-7.3073506,-5.3773503,-4.2473507,-4.0673504,-4.9173503,-3.0073504,-3.2273505,-2.2973504,-1.9873505,-3.8973505,-4.4673505,-4.1273503,-2.1073503,-1.0673505,-0.027350463,0.15264954,-3.0473504,-1.6873505,0.74264956,0.17264953,0.5426495,1.7126496,1.2826495,0.8526495,2.0326495,-1.7373505,-3.0073504,-1.8773504,-3.4973505,-4.2773504,-3.5473504,-4.22735
-0.5973505,1.2926495,-1.7873504,-2.7873504,-0.60735047,-4.5773506,-5.1773505,-7.0273504,-5.5673504,-5.1473503,-4.7473507,-4.7473507,-3.8173504,-3.6573505,-3.1273506,-2.8373504,-1.6873505,-2.8773506,-2.3473504,-2.2573504,-3.1473505,-2.9373505,-1.8973504,-1.0573505,1.3526496,1.0026495,-0.76735044,1.7726495,-0.087350465,-0.13735047,0.29264954,1.3726496,1.3526496,-1.3373505,-0.46735045,-0.62735045,0.092649534,0.6526495,-1.3473505,-0.7873505,-6.2873507
0.35264954,-1.7573504,-1.8173505,2.1426497,0.9126495,-1.6673504,-3.7573504,-4.0673504,-4.0073504,-1.0573505,-4.4173503,-6.2373505,-4.0973506,-4.1573505,-3.6373506,-1.8173505,-2.1373506,-1.2273505,-0.62735045,0.14264953,-1.4473505,-1.3173505,-1.2773504,-0.93735045,0.68264955,-0.39735046,0.28264955,1.0926496,-1.1473504,0.10264954,0.17264953,0.5426495,0.51264954,1.9926496,0.81264955,-0.8473505,-0.75735044,-1.1273504,2.7526495,1.1026496,-0.6473505
-1.4473505,-0.99735045,3.4626496,0.40264952,1.4726496,2.8826494,-1.3973504,-2.4473505,-3.6773505,-3.0873504,-3.1473505,-2.7073505,-4.0473504,-3.3773506,-0.6473505,0.44264954,1.5326495,2.5826495,2.8826494,2.6426497,2.2026496,0.7126495,3.4026496,1.3326496,-1.2973504,0.56264955,0.5426495,-0.49735045,2.1826496,1.0226495,-0.41735047,0.032649536,4.4026494,4.6626496,-2.4873505,-0.49735045,-0.8473505,0.87264955,0.24264954,0.81264955,0.93264955
0.82264954,3.3126495,4.0626497,2.8426495,3.5726495,-0.047350463,-1.1373504,0.49264953,-1.1773505,-0.37735045,1.1826495,0.122649536,1.4926496,3.5826495,3.9126496,2.8426495,3.2426496,2.9526496,3.4626496,4.0826497,4.1326494,2.5826495,2.8226495,3.3426495,2.8326495,2.5026495,3.3226495,3.6126494,2.2826495,3.0626495,1.4226495,1.7426496,-0.31735048,1.8826495,2.7926495,0.9726495,0.38264954,0.6526495,-0.24735047,1.1126496,2.0126495
0.93264955,-2.2173505,5.9126496,3.9326496,4.3526497,3.6226494,2.4726496,1.7826495,1.4926496,1.0226495,0.61264956,-0.69735044,1.3226495,3.8226495,3.2226496,3.5126495,4.6626496,5.1026497,4.8426495,3.0826495,2.9726496,3.3226495,4.1726494,3.8126495,4.6426497,6.7126493,6.3026495,6.7526493,3.2426496,4.9026494,4.3526497,2.2026496,0.88264954,2.1626496,0.76264954,-0.7873505,0.98264956,0.29264954,7.9826493,6.5026493,3.1526496
-0.087350465,0.93264955,2.1926496,1.6326495,5.3326497,2.8226495,1.7126496,2.4026496,2.9426496,-0.027350463,2.3226495,2.1926496,2.6926496,3.1226494,3.3526495,2.3426495,2.8926497,3.5426495,3.6526496,3.7626495,4.6326494,5.3526497,5.7226496,5.9526496,6.52265,6.3626494,5.9926496,7.0826497,6.1726494,5.1926494,3.1026495,5.7826495,2.8526495,1.4926496,-0.8473505,-0.31735048,-0.8473505,1.8326496,0.76264954,-0.46735045,1.8926495
1.7026496,1.2426496,3.2426496,-1.0573505,1.6126496,0.89264953,2.5926495,2.6326494,-0.45735046,-2.3073504,-0.42735046,0.81264955,0.29264954,-2.1273506,0.34264955,2.4626496,2.6026495,2.8426495,3.1326494,4.5526495,6.6026497,7.6826496,8.382649,8.93265,8.35265,7.7526493,7.2126493,6.0326495,7.0926495,5.1026497,5.52265,5.3326497,4.9226494,2.6526496,5.1926494,4.5426497,4.4026494,5.8026495,0.8426495,2.6326494,-0.017350463
0.5226495,1.8126495,3.7726495,-0.5873505,-3.9073505,-3.7773504,-3.8973505,-3.4873505,-1.0673505,-0.5973505,-3.1073503,-2.0873504,0.81264955,1.4126495,1.9726496,1.2726495,1.7226496,2.2526495,1.3726496,2.5126495,3.8226495,4.9626493,6.6126494,8.10265,8.61265,8.40265,9.35265,8.422649,7.3626494,6.3526497,6.6126494,4.6026497,4.7426496,5.4926496,5.1826496,2.2926495,3.3526495,0.87264955,-0.06735046,1.0526495,-0.027350463
-0.8973505,-1.5573505,-0.60735047,-3.0973504,-3.9573505,-3.7673504,-3.7073505,-3.1173506,-4.5373507,-3.8573503,-1.8073505,-0.6573505,0.7726495,1.4126495,0.80264956,1.4126495,2.0826495,1.6126496,2.7826495,0.99264956,1.4626496,2.6726496,3.8026495,3.0526495,4.2226496,5.6626496,8.86265,9.042649,8.82265,8.36265,7.6926494,5.8126497,4.5526495,1.5126495,1.2326496,0.9026495,-2.0973504,-1.5273504,0.15264954,0.63264954,0.73264956
-2.0973504,-3.6973505,-3.8673506,-2.7773504,-3.1373506,-4.2673507,-3.9473505,-3.1473505,-3.1473505,-1.1373504,-1.5773505,0.64264953,1.4526496,1.6926495,1.9226495,1.9526496,1.2226496,1.4626496,3.0126495,3.7426496,4.4926496,5.6326494,5.4126496,5.4826493,4.3426495,5.8826494,6.4126496,5.7826495,7.5526495,6.2026496,7.0326495,4.7126493,5.0826497,2.4526496,0.19264954,-0.9573505,-1.0673505,0.27264953,-1.1573504,1.0426495,-0.62735045
-0.85735047,-1.1873505,-1.4873505,-2.3273504,-2.1173506,-1.9173504,-1.1173505,-1.2973504,-0.94735044,-0.7173505,0.16264954,-0.19735046,-0.74735045,-0.7873505,0.08264954,0.82264954,1.4626496,2.1026495,1.7026496,1.9026495,2.9126496,3.9926496,3.9626496,4.7526493,5.5326495,5.1726494,6.8626494,6.5526495,7.2126493,3.1826496,2.7726495,0.46264952,0.32264954,-1.2473505,-1.9173504,-0.57735044,0.23264953,-1.7473505,-0.5873505,0.5426495,-0.7173505
-1.0173504,-0.8973505,-1.5773505,-1.2773504,-1.2673504,-0.68735045,-1.3773504,-1.1273504,-0.24735047,0.34264955,-0.26735047,-1.3573505,-1.3273505,0.052649535,1.4826496,1.7426496,1.0826496,0.99264956,1.3726496,1.3226495,1.0026495,1.5726495,1.9326495,2.6226494,4.4926496,3.2226496,1.7026496,-0.07735047,-2.1773505,-1.7273505,-0.7073505,0.17264953,-1.5073504,-2.3773506,-3.5473504,-3.0073504,-1.2473505,-1.8573505,-2.2873504,-0.26735047,-1.1673504
-0.60735047,-2.0673504,-1.9473505,-2.0073504,-1.7673504,-2.3173504,-0.5973505,-0.62735045,-0.46735045,-2.0973504,-1.3373505,-0.92735046,0.95264953,1.5626495,2.1426497,1.6926495,-0.37735045,0.36264953,0.5226495,0.042649537,0.6626495,0.5226495,-0.15735047,0.62264955,1.3326496,0.49264953,-0.8373505,-2.1273506,-2.2973504,-2.8573503,-2.0173504,-1.9373505,-2.2873504,-2.7573504,-1.8773504,-2.1973505,-2.4473505,-2.8673506,-1.7773504,-0.5373505,0.0026495361
-0.5973505,-1.3873504,-2.7673504,-2.6273506,-2.8573503,-2.2673504,-1.4773505,-2.0773504,-1.7073505,-1.4073504,-1.5373504,-0.7773505,-0.037350465,1.4826496,0.9126495,0.7926495,-1.9573505,0.022649536,0.36264953,0.26264954,0.74264956,-1.3873504,-2.9173505,-2.4273505,-3.0873504,-3.6473505,-3.7073505,-4.1073503,-3.5573504,-2.4973505,-2.8473504,-2.8673506,-2.6473505,-2.1573505,-1.3673505,-0.57735044,-1.1873505,0.0026495361,0.99264956,1.2526495,-0.79735047
