wind.json
{"header": {"discipline":0,"disciplineName":"Meteorological products","gribEdition":2,"gribLength":1125,"center":7,"centerName":"US National Weather Service - NCEP(WMC)","subcenter":0,"refTime":"2023-06-27T18:00:00.000Z","significanceOfRT":1,"significanceOfRTName":"Start of forecast","productStatus":0,"productStatusName":"Operational products","productType":1,"productTypeName":"Forecast products","productDefinitionTemplate":0,"productDefinitionTemplateName":"Analysis/forecast at horizontal level/layer at a point in time","parameterCategory":2,"parameterCategoryName":"UnknownDiscipline_0_Category_2","parameterNumber":2,"parameterNumberName":"UnknownParameter_D0_C2_2","parameterUnit":"Unknown","genProcessType":2,"genProcessTypeName":"Forecast","forecastTime":240,"surface1Type":103,"surface1TypeName":"Specified height level above ground","surface1Value":10.0,"surface2Type":255,"surface2TypeName":"Missing","surface2Value":0.0,"gridDefinitionTemplate":0,"gridDefinitionTemplateName":"Latitude_Longitude","numberPoints":688,"shape":6,"shapeName":"Earth spherical with radius of 6,371,229.0 m","gridUnits":"degrees","resolution":48,"winds":"true","scanMode":64,"nx":43,"ny":16,"basicAngle":0,"lo1":45.0,"la1":40.0,"lo2":87.0,"la2":55.0,"dx":1.0,"dy":1.0}, "data":
[rows 0 to 15 of 16, columns 0 to 42 of 43]
-4.752698,0.39730224,-1.0626978,-4.4226975,-7.4526978,-2.2626977,0.99730223,0.8873022,1.6273023,1.2973022,3.2273023,-3.1626978,-3.5126977,-3.0926979,-1.4026978,1.6973022,-1.2026978,-1.4726977,0.64730227,1.2473023,-1.4126978,0.42730224,-4.122698,0.79730225,0.17730224,1.1973022,1.0373023,-0.47269776,-0.122697756,1.5173023,2.2473023,-0.8026978,0.057302248,1.6573023,-0.24269776,-4.4226975,3.7273023,7.2973022,3.2273023,8.037302,1.8473022,-3.6726978,-7.932698
1.1773022,-1.7626977,-6.0326977,-0.48269776,2.5073023,3.6973023,3.8573022,3.7273023,3.2973022,1.0073023,-3.4526978,-3.2126977,-1.8226978,-0.9926978,0.16730225,-3.9626977,-2.4326978,-0.36269775,0.84730226,3.5473022,4.4273024,2.2273023,-1.1526978,-2.1126978,-2.4026978,-1.1226977,1.0373023,-0.36269775,-4.3826976,-1.5426978,-0.40269774,1.0073023,1.8473022,-0.032697752,-0.64269775,2.8973022,1.7373023,8.777302,7.8073025,-2.5726976,-5.252698,-3.9626977,-2.7026978
-1.0426978,-1.9926977,1.7073022,1.7573023,1.2773023,3.2273023,4.087302,4.107302,1.7273022,-3.3126976,-1.8926978,-2.0526977,-0.44269776,-0.38269776,-3.3126976,-1.5526978,0.39730224,2.2573023,4.127302,3.4173021,5.817302,1.1973022,-4.2226977,-3.2626977,-1.8326977,-2.6426978,-0.06269775,0.38730225,-1.3326977,0.18730225,-0.20269775,-0.59269774,0.29730225,0.5773022,-0.25269777,-1.6926978,0.85730225,0.087302245,1.5573022,0.10730225,-1.5326978,1.4673022,-4.122698
-0.23269776,-0.6226978,-0.22269775,-0.89269775,-1.2326977,-2.1926978,-1.5326978,-4.0126977,-2.6926978,2.3673022,-2.2126977,-1.4226978,1.3073022,0.53730226,-1.1226977,0.83730227,2.0973022,2.9873023,4.8073025,7.2773023,7.6973023,-4.752698,-3.7426977,-4.272698,-3.6926978,-1.2026978,-2.2326977,-0.44269776,-0.7326977,-1.2826978,-3.7426977,-0.122697756,-1.1226977,2.2573023,-0.48269776,0.55730224,0.79730225,-0.042697754,0.34730226,0.09730224,3.7673023,2.7673023,1.6073022
-5.082698,-3.7626977,-2.3026977,-2.7826977,-2.6126978,-2.2526977,-1.8226978,-2.1326978,1.8173022,3.2873023,-1.0026977,1.1673023,2.6473022,2.3773022,3.5073023,5.287302,4.4273024,4.517302,6.377302,8.137302,2.0473022,-4.832698,-3.9726977,-0.89269775,2.5573022,-3.9626977,1.6373023,0.49730223,-1.2626977,0.97730225,-0.0126977535,5.1173024,6.037302,2.6773024,3.4973023,6.5073023,-3.0526977,0.31730226,-0.83269775,1.7673023,1.4173023,0.49730223,1.2573023
-1.8026978,-1.9526978,-0.26269776,0.16730225,-1.0126977,0.047302246,1.2073022,1.2273022,2.7273023,2.0573022,0.53730226,2.4773023,1.6973022,2.5373023,3.2873023,7.2573023,6.1573024,4.957302,3.7373023,-1.6826978,-5.962698,-3.8626978,-6.5726976,-2.5026977,-3.6826978,-3.3526978,-3.5526977,-3.1826978,-1.2026978,0.55730224,0.53730226,1.3073022,2.2973022,-0.17269775,-1.5126977,1.4873023,3.1573021,1.5073023,1.7473023,-0.89269775,0.66730225,0.20730224,1.2673023
-0.56269777,-1.2326977,-2.0126977,0.31730226,4.2173023,3.9073021,6.0573025,4.3873024,4.607302,2.9173021,1.4073023,1.0273023,1.1773022,2.5473022,3.0573022,3.7573023,3.1373022,4.917302,-3.4226978,-5.0926976,-4.752698,-1.8526977,-5.1926975,-0.20269775,-4.1126976,-3.2826977,-3.6326978,-6.4026976,-4.832698,-1.3526977,0.8273022,0.61730224,-0.15269776,-2.5426977,-3.0726976,1.2173022,0.21730225,-0.8626978,1.4473022,2.6873024,3.1573021,0.07730225,-3.8926978
-0.22269775,-1.1426978,0.99730223,-0.052697755,2.5673022,0.8773022,5.0573025,5.627302,1.0773022,2.1373022,1.1273023,1.7073022,0.52730227,0.77730227,1.3173022,1.8973023,1.0073023,-0.22269775,-0.6226978,-2.0826979,-4.432698,-1.8526977,-2.9726977,3.6273022,-3.7926977,-2.1426978,-2.0026977,-4.002698,-2.1126978,-0.77269775,-2.9726977,-1.9526978,-2.5126977,-3.5826979,-0.42269775,-2.2526977,0.42730224,-0.6226978,-1.2926978,2.6473022,-0.08269776,0.68730223,1.5973022
-1.0526978,1.5573022,1.3273022,2.2973022,0.72730225,-3.6626978,-1.6326977,-1.0426978,0.16730225,-1.0126977,2.2673023,2.9473023,1.0873022,0.9573023,1.3373022,1.1473023,1.3073022,-0.47269776,0.26730224,0.42730224,-2.4526978,-2.0626976,-3.5426977,-2.8926978,4.2973022,-4.2026978,-2.9026978,-2.9026978,-1.3826977,-2.6826978,-0.82269776,0.30730224,-1.2426977,1.2773023,0.17730224,0.99730223,1.1673023,1.6173023,2.7273023,-2.2626977,1.8373022,3.5673022,1.2673023
-0.26269776,0.09730224,0.48730224,-0.35269776,0.41730225,0.32730225,1.5673022,0.60730225,-0.58269775,1.4573022,-0.6726978,-1.5626978,-0.07269775,-1.7026978,0.90730226,2.6073022,3.9073021,1.5473022,1.5073023,2.9273024,3.6573021,1.8573022,-3.6426978,5.537302,-3.6226978,-3.4326978,-3.3026977,-3.3626978,-1.5426978,-1.5826977,0.92730224,0.8773022,-0.32269776,0.8273022,2.6173022,1.6773022,0.16730225,-0.33269775,0.46730223,-1.3526977,-0.53269774,0.47730225,-0.82269776
1.0273023,1.6173023,3.0473022,3.3673022,2.2573023,3.0073023,3.3273022,1.0573022,0.047302246,0.9573023,0.65730226,1.3773023,0.26730224,0.79730225,1.0873022,2.2173023,4.1573024,3.3373022,-0.60269773,-4.0526977,-0.29269776,-0.35269776,-1.0326978,-1.7826978,-1.9526978,-2.9626977,-2.9226978,-1.8626977,-2.6326978,-0.5426977,0.007302246,0.80730224,2.0473022,2.4073021,2.7673023,0.6973022,1.2673023,-0.06269775,-1.6326977,-0.49269775,0.037302244,0.55730224,-0.70269775
1.9473022,2.9073021,3.4873023,1.8673023,3.1073022,1.6573023,2.4573023,2.4873023,2.1273022,1.6073022,-0.94269776,2.0473022,2.1273022,1.8173022,1.1873022,2.9973023,4.017302,2.9373024,-3.3126976,-0.6826978,0.07730225,0.057302248,-1.7326977,-1.0726978,-4.622698,-3.3526978,-2.2626977,-0.6126978,0.8173022,0.89730227,3.6873024,1.5873022,5.317302,-0.13269776,3.2273023,1.8473022,0.8873022,-0.52269775,-0.44269776,1.0873022,-0.66269773,0.97730225,-0.64269775
3.4173021,2.8873022,3.3373022,3.6973023,3.9773023,3.2573023,3.4073021,2.6373022,2.1373022,3.6073022,2.1573021,0.64730227,1.2673023,2.8873022,2.7473023,4.0773025,3.8373022,1.8373022,0.48730224,1.8373022,2.5073023,-0.32269776,-0.38269776,-1.9726977,-3.3726978,-2.9826977,-1.9126978,0.29730225,1.4973023,-0.77269775,-0.32269776,-1.9026978,-0.42269775,-1.2126977,0.047302246,-2.2026978,0.67730224,2.1873024,1.1073022,1.3873023,-0.10269775,-0.8626978,-0.36269775
3.8573022,2.7173023,3.0873022,2.6073022,2.7273023,2.4973023,2.4473023,1.8773023,3.1973023,2.0073023,1.9773022,1.3273022,0.35730225,2.3773022,3.2873023,2.7673023,2.6573021,2.3573022,-0.95269775,-2.6726978,-2.0426977,0.60730225,0.8273022,-3.0826979,-1.5926977,-0.50269777,-0.32269776,-0.40269774,-0.30269775,0.5773022,-0.07269775,2.1773024,-0.96269774,-4.0726976,2.9673023,-2.2626977,-0.06269775,-1.8726977,0.087302245,-2.7926977,2.2273023,-0.19269775,1.0773022
3.5673022,0.28730226,2.2773023,2.8073022,4.667302,1.6173023,2.3873022,2.2073023,1.0773022,0.11730225,-0.24269776,1.5273023,0.40730226,0.79730225,1.2773023,1.0873022,-0.38269776,0.29730225,-2.5726976,-2.1526978,-3.3026977,-1.5126977,-2.9726977,-0.7426978,-0.19269775,-0.6126978,-1.6626978,-0.7426978,-1.5426978,0.41730225,1.4373022,1.5673022,-0.032697752,-1.5326978,-1.2326977,-0.7326977,-0.06269775,-2.4626977,-1.2426977,-0.23269776,0.26730224,-1.0226978,-2.3826978
3.6873024,1.9373022,1.1573023,3.7773023,3.6973023,1.0273023,1.0373023,-0.7926977,-1.1126977,-1.4126978,-2.0826979,-0.8626978,-0.70269775,0.17730224,0.20730224,1.0373023,1.2473023,-1.0326978,-3.0526977,-4.212698,0.37730226,-0.022697754,1.0773022,0.40730226,0.24730225,0.68730223,-1.3926978,-1.1126977,-0.95269775,-1.3826977,-1.4126978,-1.7826978,-0.97269773,-2.9026978,-1.4226978,-1.6626978,-1.3426977,-1.8726977,-2.4326978,-0.23269776,-3.2826977,-2.3826978,-1.7726978
