wind_kz.json
{"header": {"discipline":0,"disciplineName":"Meteorological products","gribEdition":2,"gribLength":1025,"center":7,"centerName":"US National Weather Service - NCEP(WMC)","subcenter":0,"refTime":"2023-09-23T18:00:00.000Z","significanceOfRT":1,"significanceOfRTName":"Start of forecast","productStatus":0,"productStatusName":"Operational products","productType":1,"productTypeName":"Forecast products","productDefinitionTemplate":0,"productDefinitionTemplateName":"Analysis/forecast at horizontal level/layer at a point in time","parameterCategory":2,"parameterCategoryName":"UnknownDiscipline_0_Category_2","parameterNumber":2,"parameterNumberName":"UnknownParameter_D0_C2_2","parameterUnit":"Unknown","genProcessType":2,"genProcessTypeName":"Forecast","forecastTime":120,"surface1Type":103,"surface1TypeName":"Specified height level above ground","surface1Value":10.0,"surface2Type":255,"surface2TypeName":"Missing","surface2Value":0.0,"gridDefinitionTemplate":0,"gridDefinitionTemplateName":"Latitude_Longitude","numberPoints":615,"shape":6,"shapeName":"Earth spherical with radius of 6,371,229.0 m","gridUnits":"degrees","resolution":48,"winds":"true","scanMode":64,"nx":41,"ny":15,"basicAngle":0,"lo1":47.0,"la1":41.0,"lo2":87.0,"la2":55.0,"dx":1.0,"dy":1.0}, "data":
[rows 0 to 14 of 15, columns 0 to 40 of 41]
-2.125852,-0.715852,0.95414793,-3.8258522,-3.295852,-1.7958521,0.974148,-0.88585204,-3.125852,-1.865852,1.4641479,0.17414795,-0.14585204,-2.995852,-0.88585204,-0.19585206,0.43414795,1.4741479,-0.56585205,0.99414796,0.7741479,0.784148,-1.4258521,-0.82585204,-0.7858521,-2.6058521,-2.435852,0.33414796,0.24414796,0.17414795,-1.225852,1.544148,-0.035852052,-0.31585205,-2.645852,-2.725852,-2.935852,-3.535852,-2.795852,-2.515852,-3.265852
1.1041479,0.58414793,-3.3158522,-4.095852,-2.5658522,-0.8458521,-1.475852,-3.5958521,-0.05585205,2.534148,3.874148,0.54414797,0.19414794,-1.7658521,-0.21585205,-0.67585206,0.24414796,-1.3758521,-1.0158521,0.50414795,1.9541479,0.47414795,-0.86585206,-1.5258521,-0.37585205,1.534148,-0.81585205,1.1141479,-0.61585206,-0.5958521,0.40414795,-0.26585206,-1.105852,-1.1558521,0.32414794,0.46414796,-0.55585206,-0.16585205,-0.56585205,0.46414796,-4.2358522
-1.225852,-4.665852,-4.435852,-2.865852,-0.585852,-0.13585205,-3.145852,1.5941479,-1.0258521,-0.36585206,-1.5458521,-3.485852,-1.6458521,-1.7658521,-0.9758521,1.924148,1.7441479,0.89414793,1.3641479,1.894148,2.014148,3.314148,2.014148,0.48414794,1.194148,-0.04585205,1.2241479,-0.01585205,-2.955852,-0.37585205,-1.1358521,0.49414796,1.134148,0.50414795,-0.70585203,-1.815852,-0.06585205,0.07414795,0.42414796,-0.39585206,2.264148
-5.185852,-7.375852,-6.995852,-6.425852,-5.255852,-2.8458521,-0.035852052,-1.365852,-0.15585205,0.33414796,0.58414793,1.564148,1.6141479,-0.73585206,1.914148,3.194148,3.604148,2.774148,-0.16585205,1.634148,2.084148,0.55414796,6.0141478,1.0941479,-0.41585204,-1.585852,-1.0358521,-0.8458521,1.894148,-0.69585204,-0.51585203,-0.01585205,1.184148,-0.43585205,-1.1658521,-1.3758521,-1.975852,2.104148,-0.70585203,0.014147949,-0.6558521
-5.2158523,-6.185852,-5.425852,-4.155852,-2.775852,-0.87585205,-0.94585204,-0.23585205,1.0941479,1.644148,1.9641479,-2.3558521,0.50414795,3.6541479,4.5541477,3.9141479,5.454148,-0.0058520506,0.16414794,0.79414797,2.514148,2.874148,4.004148,-0.07585205,0.82414794,1.414148,-2.8158522,0.82414794,-4.005852,-4.355852,-4.025852,-1.5158521,-1.495852,1.774148,-0.49585205,-1.1258521,-3.195852,-2.975852,-3.3158522,-2.705852,-1.685852
-2.195852,-1.8958521,-0.7258521,0.29414794,1.254148,2.1841478,1.764148,-0.13585205,-1.055852,-1.6258521,-0.55585206,1.154148,2.6641479,5.5341477,-0.29585207,4.294148,-0.04585205,-4.4658523,0.22414795,1.534148,2.294148,4.504148,0.664148,-2.455852,-2.625852,-2.165852,-0.49585205,-4.725852,-4.175852,-4.165852,-3.5858521,-3.285852,-3.405852,-2.915852,-1.075852,-2.5858521,0.09414795,-1.805852,-0.835852,-2.925852,-3.175852
-1.985852,-1.315852,-0.775852,-3.255852,-2.635852,-2.275852,-1.725852,-1.185852,-1.5058521,-0.93585205,-0.61585206,0.16414794,-0.9058521,-1.1458521,0.31414795,-1.6758521,-4.315852,-3.995852,0.92414796,1.914148,0.50414795,-0.13585205,-3.035852,-3.795852,-2.6058521,-1.9058521,-1.985852,-2.615852,-2.5758522,-2.115852,-0.645852,0.10414795,-1.3958521,-2.3558521,-2.295852,-2.665852,-1.095852,2.114148,-1.6258521,1.004148,-0.75585204
-4.535852,-3.945852,-3.725852,-3.3558521,-2.365852,-2.405852,-1.835852,-1.8858521,-1.215852,-1.1458521,-0.715852,-0.86585206,-0.67585206,-0.16585205,1.2041479,0.92414796,1.254148,-0.74585205,1.024148,-0.86585206,0.48414794,-2.8558521,-3.265852,-2.735852,-2.795852,-2.255852,-1.0458521,-2.285852,2.194148,-1.5258521,-2.395852,-0.85585207,-0.98585206,-2.235852,-2.495852,-1.5458521,-2.665852,-6.025852,-3.8558521,-3.385852,-2.975852
-4.045852,-3.435852,-2.8258522,-2.905852,-1.8858521,-1.835852,-1.5358521,-1.445852,-0.95585203,0.15414795,-0.92585206,-1.7658521,-0.56585205,-0.61585206,-0.43585205,-1.6458521,-0.29585207,1.4641479,1.394148,-1.705852,-1.955852,-1.7858521,-3.055852,-1.815852,-1.985852,-1.825852,-1.445852,-1.5358521,-1.055852,-1.065852,0.75414795,-0.12585205,-1.8958521,-1.965852,-1.825852,-1.965852,-0.585852,-1.5158521,-0.93585205,0.9041479,-2.535852
-3.455852,-2.945852,-2.245852,-2.025852,-2.035852,-1.805852,-1.455852,-1.2658521,-0.9758521,-0.8458521,-1.2758521,-1.605852,-0.86585206,-1.2858521,-1.095852,-0.87585205,-0.62585205,-0.39585206,-0.895852,3.344148,-1.095852,-1.115852,-2.045852,-1.075852,-0.47585204,-0.33585206,0.34414795,0.28414795,-0.23585205,-1.0358521,-1.955852,-2.915852,-2.465852,-2.235852,-0.24585205,-0.99585205,-2.385852,-0.43585205,-1.995852,0.004147949,-1.6658521
-2.905852,-2.195852,-2.005852,-1.7958521,-1.7558521,-1.9158521,-1.455852,-0.73585206,-0.9758521,-0.49585205,0.16414794,-0.9058521,-0.98585206,-0.56585205,-0.06585205,-0.18585205,-0.67585206,-0.05585205,0.004147949,-0.23585205,-0.70585203,-2.135852,-1.8958521,-1.935852,-1.995852,-0.98585206,-1.7958521,-2.5858521,-4.225852,-4.9458523,-3.705852,-3.3358521,-3.0858521,-1.935852,-2.045852,-1.185852,-1.475852,0.22414795,-1.465852,0.33414796,-1.455852
-0.80585206,-1.585852,-1.465852,-0.70585203,-1.0158521,-0.715852,-0.43585205,-0.56585205,-0.46585205,-0.73585206,-1.205852,-0.99585205,-1.095852,-0.30585206,0.27414796,0.82414794,0.9041479,0.6541479,-0.16585205,0.9641479,0.61414796,-2.695852,-0.775852,-2.725852,-2.655852,-1.965852,-3.475852,-2.775852,-4.095852,-3.745852,-3.0958521,-3.3458521,-2.405852,-2.685852,-1.325852,-1.615852,-1.6358521,-1.595852,-0.25585204,-0.34585205,-0.57585204
-0.035852052,-0.645852,0.35414794,0.114147946,-0.55585206,-0.41585204,-0.74585205,-0.74585205,-0.32585204,0.22414795,-0.51585203,-0.39585206,0.37414795,0.38414794,0.36414796,1.044148,0.49414796,0.41414794,0.34414795,-0.23585205,-1.7658521,-0.80585206,1.2341479,-0.31585205,-1.685852,-0.8458521,-2.615852,-3.0858521,-2.255852,-2.8358521,-3.0958521,-2.785852,-1.935852,-2.515852,-2.175852,-2.5958521,-2.285852,-1.4258521,-1.085852,-0.0058520506,-0.7258521
1.254148,0.724148,0.88414794,-0.37585205,0.30414796,-0.08585205,-0.24585205,-0.25585204,0.93414795,0.034147948,-0.61585206,-0.48585206,1.754148,1.414148,0.81414795,0.664148,1.014148,0.36414796,-0.5958521,-0.43585205,-0.47585204,-0.38585204,-0.02585205,-0.70585203,-0.10585205,0.92414796,-2.125852,-1.9058521,1.184148,-2.195852,-2.755852,-2.375852,-1.9258521,-2.0858521,-1.835852,-2.035852,-1.705852,-1.245852,-0.8458521,0.04414795,-0.39585206
0.55414796,0.93414795,1.2441479,1.674148,1.5941479,0.44414794,0.47414795,-0.33585206,1.0841479,0.6541479,0.054147948,0.14414795,1.294148,0.974148,0.24414796,-0.29585207,0.10414795,-0.22585206,-0.27585205,0.16414794,-0.7258521,-1.1658521,-1.305852,-2.295852,-2.365852,-2.225852,-2.185852,-1.845852,-2.5658522,-2.425852,-2.475852,-2.125852,-1.9258521,-1.7558521,-1.365852,-1.975852,-1.715852,-1.2758521,-0.11585205,0.33414796,-0.93585205
