wind_kz.json
{"header": {"discipline":0,"disciplineName":"Meteorological products","gribEdition":2,"gribLength":1102,"center":7,"centerName":"US National Weather Service - NCEP(WMC)","subcenter":0,"refTime":"2023-09-10T12:00:00.000Z","significanceOfRT":1,"significanceOfRTName":"Start of forecast","productStatus":0,"productStatusName":"Operational products","productType":1,"productTypeName":"Forecast products","productDefinitionTemplate":0,"productDefinitionTemplateName":"Analysis/forecast at horizontal level/layer at a point in time","parameterCategory":2,"parameterCategoryName":"UnknownDiscipline_0_Category_2","parameterNumber":3,"parameterNumberName":"UnknownParameter_D0_C2_3","parameterUnit":"Unknown","genProcessType":2,"genProcessTypeName":"Forecast","forecastTime":0,"surface1Type":103,"surface1TypeName":"Specified height level above ground","surface1Value":10.0,"surface2Type":255,"surface2TypeName":"Missing","surface2Value":0.0,"gridDefinitionTemplate":0,"gridDefinitionTemplateName":"Latitude_Longitude","numberPoints":615,"shape":6,"shapeName":"Earth spherical with radius of 6,371,229.0 m","gridUnits":"degrees","resolution":48,"winds":"true","scanMode":64,"nx":41,"ny":15,"basicAngle":0,"lo1":47.0,"la1":41.0,"lo2":87.0,"la2":55.0,"dx":1.0,"dy":1.0}, "data":
[rows 0 to 14 of 15, columns 0 to 40 of 41]
-8.202954,2.807046,-3.252954,-16.132954,-14.4629545,-13.152954,-11.472954,-12.7129545,-0.6929541,-1.8429542,0.2670459,3.327046,5.2570457,3.277046,1.5870459,-1.1829541,-0.7929541,-2.7829542,-4.062954,-2.8229542,-2.762954,-2.252954,0.87704587,0.8270459,-1.3729541,2.6670458,1.4870459,1.7670459,-3.012954,3.097046,-2.162954,2.037046,0.3570459,-0.3129541,-4.9129543,-2.5429542,-0.3029541,1.037046,1.7670459,1.0070459,1.537046
-1.7629541,0.3470459,-18.302954,-16.202953,-12.832954,-11.622954,-10.052954,-7.392954,-4.752954,5.117046,2.997046,3.6770458,5.477046,4.627046,2.4170458,0.4470459,-0.9729541,-1.6729541,-2.472954,-3.3629541,-3.712954,-4.042954,-2.432954,2.087046,-1.6229541,3.087046,0.8970459,1.927046,0.2570459,-0.1829541,-1.082954,0.5370459,-3.242954,0.5870459,2.087046,-4.9129543,0.9870459,1.287046,1.5070459,1.9370459,-0.6729541
-5.062954,-14.052954,-14.072954,-12.292954,-10.4629545,-7.922954,-6.2229543,-6.9529543,-0.5629541,9.357046,10.0370455,7.607046,5.767046,2.607046,1.4870459,-1.6929541,-0.7829541,-1.7929541,-2.652954,-3.3329542,-2.0529542,-2.3829541,-3.392954,2.1670458,-0.2529541,-1.8629541,2.247046,1.9070458,-1.7829541,-1.6529541,-1.1829541,-0.5629541,-2.932954,2.807046,-0.2029541,-1.4329541,0.16704589,-1.9929541,0.0970459,1.2170459,0.6770459
-4.942954,-9.202954,-13.452954,-11.262954,-6.752954,-8.522954,3.297046,-6.072954,0.4970459,-0.1229541,4.687046,2.8670459,3.257046,0.7870459,0.48704588,-0.1729541,-0.7429541,-1.7629541,-3.392954,-3.222954,0.2170459,0.047045898,-0.4029541,-0.1829541,0.3370459,1.2470459,-1.6329541,-2.682954,-2.402954,-5.942954,-3.1029541,0.8170459,0.6170459,-0.5729541,-1.6829541,0.7570459,1.4370459,2.087046,-1.1129541,-0.2529541,-1.6129541
-5.602954,-3.932954,-11.012954,-13.762954,-8.342954,-0.7829541,-1.6229541,-1.7629541,-3.522954,-2.0929542,6.597046,3.807046,2.607046,0.1070459,-2.932954,2.6170459,1.6570458,0.8370459,-1.1229541,-2.142954,-1.7729541,0.6170459,1.0970459,-0.6029541,-0.9629541,0.6770459,-0.1429541,-1.6529541,-1.6929541,-3.3029542,-4.332954,-1.8629541,-0.9029541,0.6470459,0.9370459,0.5170459,1.0170459,-2.272954,-3.712954,1.1170459,-1.1029541
-5.012954,0.9270459,-2.252954,-7.002954,-10.822954,4.477046,2.077046,1.4570459,1.6570458,-1.1529541,1.927046,2.067046,0.8670459,1.5970459,2.327046,1.6270459,1.9870459,0.8270459,0.027045898,-0.2229541,-1.1029541,-1.3929541,-1.2829541,-1.2929541,-0.5329541,-0.62295413,-0.0229541,2.6370459,-2.502954,-0.6429541,-2.392954,-4.882954,-2.972954,-2.492954,-0.8429541,8.267046,-0.012954102,6.2570457,2.307046,0.1870459,-1.2629541
-5.392954,-5.7429543,-6.542954,-8.352954,-7.7429543,0.2070459,1.667046,0.5970459,0.19704589,3.257046,4.057046,3.087046,-2.452954,0.3670459,1.4870459,0.9270459,0.7670459,1.0670459,0.48704588,0.1170459,-1.5129541,-1.202954,-2.5429542,-2.502954,-3.202954,-1.952954,-1.4729542,-1.9929541,4.477046,3.487046,0.4370459,-1.5129541,-3.502954,-5.7229543,-6.622954,-7.542954,0.8570459,0.5870459,0.3670459,2.557046,1.927046
-2.692954,-4.872954,-6.072954,-5.382954,-3.502954,-3.482954,-5.442954,0.4470459,-1.2629541,0.9470459,1.4070458,4.167046,3.9070458,5.7770457,3.257046,0.8470459,0.047045898,-0.3429541,-0.9829541,1.0270458,0.2870459,-1.322954,-2.962954,-3.3729541,-3.3029542,-3.8729541,-3.8429542,-3.2929542,-1.6529541,-1.4029541,4.407046,1.8170459,-0.102954105,1.3670459,1.797046,2.1470459,0.2770459,2.4170458,-0.0229541,1.6870459,1.7370459
-4.812954,-6.502954,-5.632954,-5.102954,-4.252954,-1.4929541,2.1170459,0.6970459,-0.6429541,-0.5429541,2.487046,3.6370459,3.6770458,3.2170458,3.477046,3.8870459,3.097046,1.7270459,-1.0429541,-1.3429542,-0.3429541,-0.9729541,-3.0729542,-3.462954,-4.052954,-4.612954,-4.802954,-4.102954,-3.3229542,0.3670459,3.077046,4.237046,3.497046,-0.8529541,-0.8929541,3.857046,-0.4829541,-0.4929541,0.2370459,-0.042954102,0.6770459
-3.3629541,-3.8729541,-4.302954,-7.272954,-5.112954,-3.8729541,-3.3529541,-0.0929541,3.997046,3.337046,-1.6829541,0.3970459,-0.0829541,5.487046,5.217046,4.0470457,4.197046,3.3970459,1.4570459,0.0570459,-0.8029541,-1.8029541,-3.002954,-3.8129542,-4.292954,-4.272954,-4.552954,-5.7229543,-3.972954,0.2370459,-1.6829541,0.16704589,3.587046,3.6570458,3.1870458,2.1670458,1.4470459,-0.1729541,0.4970459,1.8270459,0.4170459
-6.7229543,-4.802954,-0.1829541,-2.202954,-2.3829541,-2.962954,-3.972954,-6.4729543,-1.9129541,1.1270459,1.9770459,3.847046,2.9470458,0.9370459,2.837046,5.497046,5.3370457,4.0270457,3.777046,1.4770459,-0.1329541,-1.7829541,-3.452954,-4.532954,-3.742954,-4.052954,-4.602954,-3.7829542,-3.492954,-3.2829542,-1.0229541,0.0570459,0.4970459,-0.4329541,0.3570459,1.427046,-0.1129541,0.62704587,1.7770458,1.3170459,0.0370459
-6.402954,-7.532954,-6.292954,-6.072954,-4.882954,-6.6629543,-2.452954,-0.0329541,0.9870459,-0.3329541,-1.6929541,-1.8629541,-1.7229542,-0.3629541,0.2070459,3.237046,2.007046,4.847046,3.977046,3.4470458,1.6270459,-0.6129541,-2.152954,-2.992954,-3.6329541,-5.142954,-6.172954,-3.3029542,-3.012954,-4.7429543,-5.1629543,-5.132954,-3.712954,-1.952954,-2.022954,-2.412954,-1.9329541,-1.1929541,-0.3929541,-1.582954,-0.2229541
-5.9729543,-7.342954,-5.302954,-4.142954,-4.852954,-3.5329542,-4.9529543,-4.522954,-0.5329541,2.357046,1.5170459,2.307046,3.567046,3.9270458,4.117046,4.017046,3.1870458,3.1570458,2.757046,1.297046,2.8870459,0.8370459,-0.9729541,-2.652954,-3.012954,-4.842954,-4.602954,-1.1529541,-2.0329542,0.2570459,-0.5329541,-1.4129541,-0.3729541,-0.2529541,0.3270459,-0.0529541,-0.8429541,-0.5729541,0.1570459,-1.212954,-1.0429541
-6.862954,-6.322954,-6.282954,-6.2229543,-6.2229543,-5.7429543,-1.6329541,-4.7229543,-5.1829543,-4.482954,0.027045898,-1.4329541,0.5670459,0.9270459,1.4470459,4.8370457,6.427046,4.7570457,2.1970458,1.8370459,1.7570459,-0.5929541,-0.9229541,-1.3829541,-2.962954,-2.2829542,-2.5329542,-0.2129541,-0.3629541,-0.1729541,-0.3029541,-0.4929541,-0.7629541,-0.2929541,-0.1729541,-0.9429541,-1.3729541,-2.0429542,-1.7529541,-0.9129541,-3.0729542
-4.572954,-6.292954,-4.032954,-5.302954,-6.382954,-4.672954,-4.872954,-4.602954,-5.9329543,-4.802954,-3.0829542,-3.682954,-1.1929541,-0.9029541,1.1970459,2.9570458,4.537046,4.397046,4.0670457,2.277046,1.5870459,2.087046,1.3270459,0.2870459,-0.9829541,-0.3229541,1.3670459,-0.4929541,-0.19295411,-0.8829541,-1.3729541,-1.4929541,-0.9829541,-0.5729541,1.037046,0.7070459,-1.2529541,-0.9129541,-1.2429541,-2.0829542,-1.1929541
