wind_kz.json
{"header": {"discipline":0,"disciplineName":"Meteorological products","gribEdition":2,"gribLength":1025,"center":7,"centerName":"US National Weather Service - NCEP(WMC)","subcenter":0,"refTime":"2024-04-07T18:00:00.000Z","significanceOfRT":1,"significanceOfRTName":"Start of forecast","productStatus":0,"productStatusName":"Operational products","productType":1,"productTypeName":"Forecast products","productDefinitionTemplate":0,"productDefinitionTemplateName":"Analysis/forecast at horizontal level/layer at a point in time","parameterCategory":2,"parameterCategoryName":"UnknownDiscipline_0_Category_2","parameterNumber":3,"parameterNumberName":"UnknownParameter_D0_C2_3","parameterUnit":"Unknown","genProcessType":2,"genProcessTypeName":"Forecast","forecastTime":60,"surface1Type":103,"surface1TypeName":"Specified height level above ground","surface1Value":10.0,"surface2Type":255,"surface2TypeName":"Missing","surface2Value":0.0,"gridDefinitionTemplate":0,"gridDefinitionTemplateName":"Latitude_Longitude","numberPoints":615,"shape":6,"shapeName":"Earth spherical with radius of 6,371,229.0 m","gridUnits":"degrees","resolution":48,"winds":"true","scanMode":64,"nx":41,"ny":15,"basicAngle":0,"lo1":47.0,"la1":41.0,"lo2":87.0,"la2":55.0,"dx":1.0,"dy":1.0}, "data":
[rows 0 to 14 of 15, columns 0 to 40 of 41]
1.5952643,1.5452642,2.3952644,5.5252643,2.3552642,1.3752643,3.2152643,2.5952642,2.4652643,2.6752644,1.8752643,1.1652642,0.3352643,0.17526428,-0.45473573,-1.2947357,-1.5447357,-1.7847357,-2.5547357,-0.8847357,0.22526428,-2.1747358,-1.0947357,0.6052643,0.31526428,1.3852643,-1.0947357,1.3352643,-1.9347358,-3.3847358,-3.3847358,-3.4847357,-1.7347357,-2.3547356,1.0452642,1.9052643,2.2852643,1.7152643,0.14526428,0.7252643,0.14526428
3.5752642,0.35526428,3.4752643,6.6552644,5.1952643,3.8452642,2.7452643,3.4352643,2.9152644,1.9752643,1.5052643,0.26526427,0.32526428,0.12526429,-1.4747357,-0.59473574,0.3652643,-0.5747357,-0.5747357,0.035264283,-0.4147357,-2.1247358,-2.7747357,1.2352643,1.3052642,1.6252643,1.8552643,1.1352643,-0.48473573,1.8652643,-0.5747357,-2.3747358,-2.0547357,-3.2147357,-1.8247358,1.5052643,1.0652642,0.58526427,1.8452643,-0.114735715,-0.024735717
-1.6647357,2.3952644,4.455264,4.2852645,3.7652643,4.495264,4.0252643,3.1952643,4.0552645,3.0552642,1.5152643,0.8752643,0.16526428,-0.36473572,-0.5547357,-0.6147357,0.025264282,0.11526428,-0.2547357,-0.8647357,-1.0147357,-0.48473573,-1.0347357,0.2752643,-0.6947357,-1.5347357,-1.4647357,-1.6347357,-1.2447357,-0.09473572,-0.36473572,2.0252643,0.6252643,0.25526428,1.8352643,-1.9747357,-2.6047356,-3.7747357,-2.0447357,-0.35473573,0.6252643
3.2152643,2.4252644,3.0552642,4.6352644,4.6552644,4.5152645,4.105264,4.4852643,4.1552644,3.5652642,2.9252644,1.5752643,0.7052643,1.0152643,0.47526428,0.4952643,-0.074735716,0.13526428,-0.6347357,-0.78473574,-0.27473572,-0.4047357,-0.114735715,0.2752643,-0.16473572,0.15526429,0.4952643,1.7952642,0.44526428,0.26526427,1.4652643,-0.78473574,2.5652642,1.0852643,-2.2747357,-0.054735716,4.4852643,3.0852642,-2.7847357,-1.9347358,-5.4847355
1.4652643,0.07526428,1.2952642,0.83526427,2.0252643,3.2552643,3.5652642,4.0352645,4.0952644,3.3252642,2.5152643,0.6352643,2.8952644,2.6952643,2.3752642,1.0352643,0.65526426,0.6052643,0.11526428,0.13526428,0.28526428,0.45526427,0.6852643,0.16526428,-0.19473572,0.7952643,1.8752643,2.0552642,1.4052643,1.8352643,2.5652642,2.0952642,3.3652642,1.5952643,1.3552643,-1.1647357,-5.544736,0.9252643,-1.6247357,-2.8747358,0.47526428
-0.8847357,-0.13473572,-0.43473572,1.3052642,1.4152642,1.5552642,1.5252643,1.8052642,2.0852642,1.5652642,1.8452643,0.8852643,1.2452643,2.2352643,2.3252642,1.1952643,1.9052643,1.5052643,1.6052643,2.3152642,1.7652643,1.5552642,1.5952643,0.4952643,1.9252642,1.1852642,0.32526428,1.5452642,0.5752643,2.2952642,2.7052643,3.2652643,4.165264,2.1952643,3.0652642,-0.7947357,-1.7147357,-6.4647355,-5.004736,-1.2747357,4.5452642
0.4952643,1.0152643,1.6352643,1.9652643,2.0652642,1.0752643,1.0152643,1.3152642,1.0152643,1.2852643,1.7952642,1.1752642,1.0352643,0.42526427,-0.29473573,1.0052643,2.0352643,2.0552642,2.1952643,1.8752643,2.4252644,2.3052642,3.4152644,3.7752643,1.9652643,1.1652642,1.0352643,0.35526428,1.3252643,2.0452642,2.7552643,3.2252643,4.8652644,3.7352643,1.1652642,-0.7047357,1.6452643,2.5552642,-0.6247357,0.8752643,3.0452642
1.1952643,1.1252643,1.5352643,1.7452643,1.7952642,1.4452643,1.4752643,1.8752643,1.7352643,0.8752643,1.1452643,0.42526427,-0.6147357,-0.9547357,-1.1647357,0.4652643,1.3152642,0.8252643,2.1452644,4.0952644,2.9152644,2.3252642,2.1752644,2.8152642,3.5852642,3.5452642,3.3952644,1.3552643,2.7152643,2.0152643,0.7652643,0.71526426,0.7452643,4.1152644,5.5752645,4.105264,0.83526427,0.005264282,-0.3847357,-1.6947358,-1.9247357
0.4352643,0.5452643,0.6352643,0.7652643,0.5152643,0.5652643,0.84526426,1.1952643,1.8252643,1.5752643,0.065264285,-0.49473572,-1.5347357,-2.4647357,0.78526425,0.47526428,-0.42473572,1.6152643,1.2452643,1.2852643,0.9852643,-0.18473572,-0.45473573,-0.39473572,2.7552643,3.2252643,2.8752642,3.6252642,3.3852644,1.9952643,2.6752644,2.3552642,1.2652643,1.6952643,2.1752644,1.3352643,3.4152644,4.7152643,4.5952644,3.4252644,2.8752642
-0.054735716,0.28526428,0.19526428,0.3652643,0.025264282,-0.04473572,0.38526428,1.3452643,1.3152642,1.7052643,1.7052643,0.21526428,-0.8847357,-1.7147357,-0.074735716,-0.5147357,-2.1147356,-1.8547357,-1.2447357,-0.8747357,-1.0347357,-1.4047357,-1.3347358,-0.59473574,0.9852643,2.4552643,4.4452643,4.4852643,3.8952644,2.6352644,0.7352643,-1.4147357,1.2252643,1.3652643,-0.08473572,2.2852643,1.1552643,1.7252643,5.335264,4.995264,3.6352644
-1.7947357,-0.8747357,-0.46473572,-0.8747357,-0.65473574,-0.20473571,-0.2547357,-0.4147357,-0.054735716,1.5452642,1.5752643,1.3852643,-2.4247358,-0.3747357,-1.1747357,-1.8547357,-1.8447357,-2.7547357,-2.4147358,-1.3647357,-1.8247358,-1.5247357,-1.0247357,-0.35473573,0.47526428,1.4752643,2.5252643,3.2052643,1.4952643,0.7652643,-0.20473571,-0.7747357,-1.1247357,0.65526426,0.9452643,2.4252644,2.5352643,1.6852642,5.565264,4.395264,2.1352644
-0.6147357,-0.4747357,-1.1647357,-1.8047357,-3.0147357,-3.0447357,-2.7647357,-1.5947357,-1.2747357,-0.054735716,0.4352643,0.11526428,0.89526427,0.035264283,-0.7047357,-0.71473575,-1.1647357,-2.4847357,-2.1947358,-2.7947357,-1.6947358,-0.9447357,-2.0647357,-1.8447357,-0.014735717,1.0352643,2.1452644,-0.6747357,-2.6047356,-1.0547357,-0.8947357,-0.39473572,-0.39473572,0.10526428,0.8752643,3.6552644,3.0152643,3.7952642,2.5252643,-0.9347357,0.005264282
-0.66473573,0.18526429,-1.0747358,-2.0647357,-1.5047357,-1.1747357,-1.4747357,-1.2547357,0.12526429,1.4952643,1.0052643,0.14526428,0.6752643,-0.21473572,-2.0747356,-2.2547357,-3.7347357,-4.0947356,-3.1047356,-2.7347357,-2.5847356,-1.3547357,-0.9347357,-0.8247357,-2.4547358,0.78526425,1.1752642,-1.8347358,-1.2847357,-1.8047357,-1.7147357,-1.4347358,0.005264282,0.04526428,-0.30473572,1.0052643,0.11526428,2.5452642,2.9452643,3.3652642,2.0652642
-1.9247357,-3.4847357,-3.3047357,-2.8547356,-2.5847356,-2.4947357,-2.1947358,-2.1647358,-3.1747358,-1.7447357,0.005264282,-1.1747357,0.065264285,0.18526429,-0.7347357,-2.7047358,-3.3747358,-4.2047358,-3.4947357,-2.3747358,-2.4547358,-1.4247357,-0.3747357,-2.3247356,-0.6447357,-0.96473575,-1.3047357,-0.5847357,-0.8147357,-2.0947356,-2.0547357,-3.1647358,-3.0047357,-1.4847357,0.025264282,-0.8347357,0.025264282,0.025264282,0.7652643,1.0852643,0.04526428
-2.0447357,-4.144736,-3.1747358,-3.7047358,-3.4147358,-3.1147356,-2.9947357,-4.1547356,-3.6947358,-2.2647357,-0.9847357,-1.3347358,-1.3047357,-0.29473573,-1.5347357,-2.5647357,-3.2947357,-3.4447358,-4.2047358,-2.9847357,-2.4547358,-1.5747358,-1.4447358,-1.2247357,-0.27473572,-0.71473575,-1.0347357,-0.9347357,-2.0447357,-2.8447356,-2.9447358,-2.6447358,-2.9047358,-2.5647357,-2.2547357,-2.0047357,-1.7447357,-0.9347357,-0.5147357,0.42526427,1.0452642
