wind_kz.json
{"header": {"discipline":0,"disciplineName":"Meteorological products","gribEdition":2,"gribLength":1025,"center":7,"centerName":"US National Weather Service - NCEP(WMC)","subcenter":0,"refTime":"2023-10-03T06:00:00.000Z","significanceOfRT":1,"significanceOfRTName":"Start of forecast","productStatus":0,"productStatusName":"Operational products","productType":1,"productTypeName":"Forecast products","productDefinitionTemplate":0,"productDefinitionTemplateName":"Analysis/forecast at horizontal level/layer at a point in time","parameterCategory":2,"parameterCategoryName":"UnknownDiscipline_0_Category_2","parameterNumber":3,"parameterNumberName":"UnknownParameter_D0_C2_3","parameterUnit":"Unknown","genProcessType":2,"genProcessTypeName":"Forecast","forecastTime":300,"surface1Type":103,"surface1TypeName":"Specified height level above ground","surface1Value":10.0,"surface2Type":255,"surface2TypeName":"Missing","surface2Value":0.0,"gridDefinitionTemplate":0,"gridDefinitionTemplateName":"Latitude_Longitude","numberPoints":615,"shape":6,"shapeName":"Earth spherical with radius of 6,371,229.0 m","gridUnits":"degrees","resolution":48,"winds":"true","scanMode":64,"nx":41,"ny":15,"basicAngle":0,"lo1":47.0,"la1":41.0,"lo2":87.0,"la2":55.0,"dx":1.0,"dy":1.0}, "data":
[rows 0 to 14 of 15, columns 0 to 40 of 41]
0.2817456,0.16174561,-0.8182544,-4.5582542,-4.9582543,-5.9182544,-4.8982544,-6.5482545,-3.0382545,-1.7782544,-2.9482543,-2.8782544,-2.3482544,-1.7082543,-3.4082544,-3.1682544,-0.8182544,-1.1482544,-3.5382545,-1.7482544,-2.8782544,-2.7082543,-2.3182545,-2.3682544,-1.7882544,-2.7582543,-2.1382544,2.4817457,1.0417457,-2.1882544,-3.0882545,-5.0282545,-1.0282544,-1.3582544,-3.0482545,-1.6282544,2.1917455,1.8917456,2.1017456,1.7917457,-0.1882544
5.2217455,0.7717456,-0.9082544,-3.2182543,-4.7682543,-5.9682546,-4.0282545,-3.0282545,-3.6482544,-2.7382543,0.2817456,-0.4782544,-0.34825438,-1.4082544,-2.8282545,-2.7582543,-1.6682544,-1.5282544,-2.7782545,-3.6082544,-0.21825439,-0.8382544,-0.2782544,2.1817455,1.2917457,1.8217456,-0.4782544,2.2517457,-0.5282544,1.9717456,2.3117456,1.1617455,-0.9582544,-4.1082544,-4.4382544,-2.6782544,-1.0482544,-2.4182544,-0.4182544,-1.8982544,0.5417456
0.6917456,-4.4182544,-5.0582542,-4.9582543,-5.2282543,-2.0482545,-1.2682544,-1.8982544,-3.6782544,-3.2582543,-2.7782545,-1.8082544,1.8517456,1.5817456,-1.2982544,0.2317456,-0.108254395,-0.8582544,-1.4782544,-1.3382545,-2.5082543,1.8617456,1.2717456,1.2017456,0.051745605,1.4117455,0.12174561,0.5417456,-0.9082544,2.5617456,2.1317456,2.5317457,2.0217457,1.2517456,1.0917456,-0.108254395,-0.1782544,-2.1182544,-1.6182544,1.4217457,1.5517457
-2.6282544,-6.5682545,-6.5482545,-6.118254,-5.1482544,-1.6682544,-1.8282543,-1.3482544,-1.7582544,-3.1582544,-3.0082543,-0.1282544,-2.6082544,-3.4182544,3.7117455,2.4817457,0.7817456,1.3617456,0.16174561,-0.9182544,-0.6582544,2.1017456,2.2817457,1.1717457,4.1017456,2.9617455,2.8117456,-0.0682544,3.1017456,3.3317456,2.0017457,0.041745607,-0.98825437,0.43174562,0.9517456,1.2717456,3.1117456,4.3317456,0.3517456,0.0017456055,-1.6682544
-2.1182544,-5.8082542,-6.3582544,-6.9382544,-6.3982544,-3.3382545,-0.5882544,1.0117456,0.46174562,0.46174562,-1.0882545,-1.2582544,-1.1482544,-1.6482544,-0.9082544,4.8317456,3.3217456,1.5417457,2.3817456,1.4117455,1.1317456,-0.1282544,2.1617455,2.3417456,1.7217456,1.1917456,0.8317456,1.3417456,0.8017456,1.1417456,-0.1282544,-0.6182544,3.4817457,2.9117455,0.6817456,0.34174562,-3.3782544,1.5317456,-2.5682545,-1.0582544,-0.6882544
-0.6182544,-1.3182544,-4.098254,-5.9182544,-7.0682545,-6.5182543,-4.9382544,-4.6582546,-0.6882544,-0.4582544,-0.3382544,-1.0182544,0.9517456,0.5617456,-0.8882544,5.111746,5.2317457,3.3817456,3.1317456,3.4717455,1.3717456,2.7717457,0.8517456,2.5717456,3.2717457,1.2817456,0.5417456,1.7117456,-0.6982544,-0.7182544,-1.1382544,-1.1982543,-1.4082544,-2.4982543,-0.5082544,-1.8482544,1.4817456,-0.6482544,-2.5982544,-2.1882544,-0.4282544
-0.2082544,-0.4182544,-3.1182544,-2.3182545,-1.5682544,-1.9282544,-1.6382544,-1.8582544,-1.4482543,0.061745606,-0.08825439,2.0817456,-1.0182544,2.5617456,0.8617456,2.2317457,5.6817455,4.0317454,4.881746,3.7817457,3.1517456,2.8717456,6.2517457,6.401746,5.2017455,2.8717456,0.9617456,0.2917456,0.021745605,0.6817456,0.6917456,-0.1582544,-2.2382543,-3.4082544,-0.73825437,-0.6682544,-0.7482544,1.1617455,-1.5982544,-1.0182544,-4.5182543
-1.9582543,-1.8882544,-3.3582544,-3.1782544,-3.4982543,-2.9482543,-1.6282544,0.1717456,1.1517456,0.6317456,0.9317456,1.1117456,1.3517456,4.131746,2.5817456,2.4017456,6.6617455,5.0617456,5.7617455,4.401746,3.2217455,4.0117455,3.0117457,7.2917457,5.8917456,4.5117455,5.4517455,2.6117456,1.9717456,1.2717456,0.7317456,0.1117456,-0.8382544,-1.9582543,-1.1982543,-1.7282544,-1.0082544,-0.3282544,-1.4782544,1.3817456,-0.028254395
-2.4082544,-3.7982545,-5.888254,-5.5182543,-5.1982546,-5.3382545,-3.8982544,-1.1382544,2.9817457,3.5217457,2.3817456,1.6617455,-0.1282544,3.2817457,3.2717457,3.0217457,6.0017457,4.7217455,4.6917458,5.5917454,3.3117456,2.9717455,4.3417454,4.8717456,5.2417455,4.0017457,3.2917457,3.8617456,2.7517457,2.1617455,2.8517456,1.9817456,1.8417456,0.0017456055,-1.2182544,-2.4882543,-2.1682544,-0.2382544,3.4317455,1.7817456,1.5517457
-3.2582543,-4.4582543,-5.4182544,-6.3182545,-5.7682543,-7.1782546,-6.348254,-2.3782544,2.0017457,3.5017457,2.3017457,0.9817456,1.1617455,3.1017456,5.0117455,0.031745605,2.5817456,2.7717457,3.7317457,3.6517456,3.6717455,4.2117457,3.3617456,2.8117456,3.1417456,2.8217456,2.7917457,1.4817456,1.3717456,1.6217456,2.6417456,1.5817456,1.1117456,0.3817456,-0.2682544,-0.6582544,0.2517456,1.3717456,0.8917456,0.8117456,-0.3582544
-4.7682543,-5.7482543,-5.9782543,-6.4682546,-5.6082544,-6.9382544,-7.3182545,-7.5582542,-0.5282544,1.7517456,-0.6382544,-0.1782544,3.9617455,5.5017457,5.7517457,2.0917456,2.9217455,2.2817457,3.5217457,3.0417457,4.0117455,4.4817457,3.1717455,3.7617457,2.8717456,3.2117455,1.3017457,2.4817457,2.6917455,3.1617455,3.3617456,2.3317456,1.6817456,1.3017457,0.7217456,0.1717456,0.101745605,0.2317456,-1.5682544,-1.6382544,-1.2182544
-3.8882544,-4.8782544,-4.1682544,-4.1582546,-4.6082544,-5.9982543,-4.9682546,-5.4182544,-5.7182546,-2.0382545,-0.4482544,-0.9482544,-0.3682544,-0.28825438,0.12174561,1.1817456,0.3217456,2.0217457,3.1317456,4.0217457,4.3717456,3.3817456,3.1517456,3.0617456,3.4917457,3.0017457,3.4617455,3.8917456,3.5117457,3.1017456,2.7017455,2.7017455,1.1217456,0.9317456,0.8117456,1.2917457,0.8117456,0.1317456,-0.5382544,-0.8382544,-0.6582544
-3.7382543,-4.7782545,-4.0582542,-3.3482544,-2.9682543,-2.4182544,-3.7882545,-4.2882543,-5.3182545,-2.4582543,-1.2182544,-1.5782543,-0.2782544,-0.5482544,1.4617456,2.2417457,3.0517457,2.7617457,3.4117455,3.7417457,4.6417456,4.111746,3.7017455,3.3017457,3.2117455,3.2917457,3.6517456,3.8817456,3.0817456,2.5817456,2.6917455,2.5717456,1.8617456,1.4117455,1.4017456,1.2017456,0.5017456,-0.078254394,0.031745605,-0.13825439,-0.038254395
-3.4882543,-3.8382545,-3.5182543,-3.0182543,-3.8482544,-2.2282543,-3.2382543,-3.6682544,-3.5282545,-1.3882544,-0.5182544,-0.5282544,-1.6782544,0.6417456,1.4917456,1.5717456,-0.7982544,1.5717456,3.0017457,3.3717456,3.0117457,2.7517457,2.8017457,2.5917456,2.4617455,2.5617456,2.5517457,2.6517456,2.4917457,2.1817455,2.4717455,1.9517456,1.2917457,0.7517456,-0.19825439,0.3817456,1.4517456,2.1817455,1.3217456,1.3917456,1.1317456
-2.2782545,-3.4082544,-2.9082544,-2.4582543,-2.2782545,-2.1282544,-1.8982544,-3.1482544,-3.2582543,-2.6282544,-1.1482544,-1.1682544,0.5017456,-0.13825439,-1.8582544,4.8517456,2.3317456,2.5017457,2.3417456,2.3917456,2.3817456,2.3217456,1.9117455,2.2017455,1.9917456,2.3217456,2.5317457,2.5717456,2.1717455,1.9817456,1.1517456,1.2117456,0.4217456,-0.31825438,-1.2282544,-1.8682544,-2.1982543,-0.5282544,0.7717456,1.6817456,0.2717456
