wind_kz.json
{"header": {"discipline":0,"disciplineName":"Meteorological products","gribEdition":2,"gribLength":1025,"center":7,"centerName":"US National Weather Service - NCEP(WMC)","subcenter":0,"refTime":"2023-09-24T18:00:00.000Z","significanceOfRT":1,"significanceOfRTName":"Start of forecast","productStatus":0,"productStatusName":"Operational products","productType":1,"productTypeName":"Forecast products","productDefinitionTemplate":0,"productDefinitionTemplateName":"Analysis/forecast at horizontal level/layer at a point in time","parameterCategory":2,"parameterCategoryName":"UnknownDiscipline_0_Category_2","parameterNumber":2,"parameterNumberName":"UnknownParameter_D0_C2_2","parameterUnit":"Unknown","genProcessType":2,"genProcessTypeName":"Forecast","forecastTime":120,"surface1Type":103,"surface1TypeName":"Specified height level above ground","surface1Value":10.0,"surface2Type":255,"surface2TypeName":"Missing","surface2Value":0.0,"gridDefinitionTemplate":0,"gridDefinitionTemplateName":"Latitude_Longitude","numberPoints":615,"shape":6,"shapeName":"Earth spherical with radius of 6,371,229.0 m","gridUnits":"degrees","resolution":48,"winds":"true","scanMode":64,"nx":41,"ny":15,"basicAngle":0,"lo1":47.0,"la1":41.0,"lo2":87.0,"la2":55.0,"dx":1.0,"dy":1.0}, "data":
[rows 0 to 14 of 15, columns 0 to 40 of 41]
-2.8844628,-0.6244629,1.4755371,-2.764463,-1.8744628,-1.8244629,1.0655371,-3.8544629,-5.134463,-3.814463,-2.004463,-2.534463,-3.1244628,-2.4244628,-2.1644628,0.6155371,1.1355371,0.3155371,1.1355371,0.3655371,-4.204463,-2.804463,-1.8344629,0.12553711,2.5855372,1.8755372,0.3955371,1.7255371,-1.9244629,0.4055371,-0.85446286,1.4955372,1.0055372,-0.5444629,-1.7544628,-0.7644629,-0.33446288,-1.7444628,-2.554463,-1.6944629,0.015537109
1.4555371,1.0055372,-5.644463,-5.264463,-3.704463,-2.6344628,-4.304463,-4.5244627,-3.774463,-1.1744629,-2.044463,-4.7144628,-2.954463,-1.5044628,-0.42446288,1.1655371,3.8455372,-0.9644629,0.5655371,-4.514463,-4.034463,-3.824463,-2.974463,-1.1844629,1.3055371,0.5555371,-0.66446286,2.5655372,0.06553711,0.2755371,-0.36446288,-0.10446289,-1.764463,-0.9444629,0.3355371,0.9855371,0.9355371,-0.1644629,-1.1944629,0.4255371,-3.724463
-1.3144629,-5.3144627,-5.3144627,-4.674463,-1.9944628,-2.814463,-4.084463,-1.5244629,-3.964463,-3.6344628,-4.184463,-3.824463,-2.334463,-0.2244629,0.5955371,1.3155371,0.28553712,-2.8944628,-4.894463,-3.474463,-3.1944628,-3.3444629,-3.6044629,-2.224463,1.8855371,1.985537,2.235537,-0.02446289,0.6755371,-0.03446289,0.8555371,0.8055371,0.9355371,0.9255371,-0.23446289,-1.2144629,0.6055371,-0.15446289,0.8855371,-0.53446287,1.1655371
-4.694463,-7.194463,-5.584463,-6.0444627,-5.074463,-4.154463,-2.8844628,-4.454463,-3.6644628,-2.9344628,-3.5944629,-3.304463,-2.1944628,0.11553711,1.3755372,2.035537,0.4855371,-1.4244629,-1.2344629,-3.4244628,-2.8444629,-1.9944628,2.3555372,-0.97446287,0.1655371,3.665537,3.3755372,1.7055371,3.6455371,2.975537,3.985537,1.605537,7.875537,6.635537,1.0655371,-1.5044628,-1.4544629,1.7555372,-0.2844629,-0.6544629,-0.5244629
-5.534463,-7.354463,-7.554463,-6.994463,-5.094463,-3.3844628,-3.484463,-3.024463,-2.294463,-2.744463,-2.554463,-0.4344629,-0.3544629,0.52553713,-0.30446288,-1.0744629,-3.1644628,-2.4144628,-2.564463,-2.804463,-1.6044629,0.3955371,-0.11446289,-0.1644629,-0.33446288,0.3955371,0.14553711,2.8555372,4.075537,3.5855372,1.5955371,2.795537,1.1655371,-0.21446289,-0.6944629,0.4055371,-2.044463,-1.4944628,-1.7444628,-1.9544629,-1.6844629
-3.514463,-3.1644628,-4.634463,-3.9144628,-3.6544628,-2.744463,-0.9644629,-2.1944628,-0.4444629,-1.2544628,-1.1544629,-1.0044628,-2.4244628,-1.8144629,-2.294463,-1.9944628,-2.284463,-0.6844629,-0.2544629,0.5355371,0.5555371,0.8855371,-1.514463,-1.2344629,0.8055371,1.3855371,2.735537,6.375537,3.3155372,4.715537,-0.42446288,4.735537,-1.0444629,-1.7344629,-2.794463,0.015537109,-0.9944629,-1.8244629,-0.1944629,-1.7744629,-2.304463
-1.144463,-0.7444629,0.9955371,0.12553711,0.6255371,-1.4444629,-2.034463,-1.3444629,-2.084463,-0.9344629,-0.04446289,1.6255372,-2.1044629,-2.3644629,-1.2944629,-1.8844628,-0.7044629,0.3155371,-0.14446288,-0.3744629,-0.78446287,-0.36446288,-2.024463,-0.9844629,0.8155371,3.1555371,2.485537,0.5455371,3.795537,-0.46446288,2.005537,3.205537,1.5955371,0.9755371,-0.9944629,-1.8544629,-1.2544628,2.6055372,-2.264463,1.2855371,-0.2644629
-1.9744629,-2.8444629,-2.1344628,-1.9044629,-2.1144629,-1.9644629,-1.6644629,-1.6644629,-1.644463,-1.014463,-0.06446289,1.2555372,0.6055371,-0.7944629,-1.4844629,-2.004463,-0.6544629,0.4355371,0.3155371,-2.004463,0.7955371,1.8855371,0.7455371,-1.0944629,-0.02446289,0.10553711,-0.1644629,-1.5744629,3.485537,-3.044463,-0.3744629,2.235537,2.6055372,0.9555371,1.105537,1.8255371,-3.544463,-4.454463,-4.664463,-3.834463,-3.1544628
-0.5544629,-1.3744628,-2.074463,-1.5044628,-0.4544629,-0.4744629,0.04553711,0.8655371,0.15553711,0.5055371,0.20553711,-0.39446288,0.9955371,-0.60446286,-1.0644629,-1.5544629,-0.3744629,-0.53446287,-1.0044628,1.1455371,0.6855371,-0.23446289,1.2255371,1.3255371,1.7255371,0.3955371,0.18553711,0.3055371,-0.7544629,-0.12446289,1.5355371,-0.6444629,-0.004462891,1.0755371,2.675537,-1.4444629,-0.85446286,-0.03446289,-0.9544629,0.7355371,-2.244463
-1.764463,-1.1644629,-0.014462891,0.6855371,1.1855371,1.3255371,1.8455371,1.7855371,1.7755371,0.5655371,1.8155371,0.5655371,0.7855371,1.7455372,0.83553714,0.5055371,0.71553713,1.4655371,0.6855371,2.185537,0.5555371,0.7855371,0.8755371,-1.9544629,-1.2944629,1.8355371,-0.78446287,0.71553713,0.3955371,1.8255371,1.2855371,2.475537,2.985537,2.6455371,3.6355371,-0.30446288,-2.8644629,-0.3144629,-0.11446289,-0.5444629,-1.7744629
0.25553712,0.15553711,0.8155371,1.5355371,1.7555372,2.215537,2.795537,2.3555372,0.35553712,1.5755371,1.3455371,2.4055371,3.8855371,2.775537,1.7655371,1.3055371,1.8155371,1.4455371,2.225537,1.9455371,2.205537,1.1155372,0.9855371,1.3355371,1.3955371,1.3155371,0.7255371,1.3755372,1.7055371,2.185537,2.425537,1.8255371,2.505537,2.3255372,2.785537,1.1455371,-1.8344629,-0.3244629,-0.72446287,1.1655371,-1.1844629
1.5355371,2.0755372,2.1355371,2.035537,2.545537,1.8755372,1.4655371,0.9455371,1.8755372,1.2755371,1.355537,2.745537,2.425537,2.955537,2.8855371,2.245537,1.9055371,2.545537,2.665537,1.8655372,2.685537,1.6355371,1.0855371,2.3755372,3.0855372,2.8555372,2.8455372,3.1355371,2.455537,2.425537,2.8755372,2.545537,1.5055372,2.0655372,1.9655371,2.205537,1.735537,-0.4544629,0.9855371,-0.08446289,-0.4044629
1.9755371,2.015537,2.6555371,2.5855372,2.525537,1.8955371,1.7955371,1.7555372,2.3655372,1.735537,0.9455371,2.275537,2.6555371,3.005537,2.8255372,2.4055371,1.5655371,2.205537,2.545537,2.015537,1.2855371,1.8655372,1.6855371,1.5755371,2.755537,2.945537,3.185537,2.475537,2.705537,2.3755372,2.6555371,2.465537,2.025537,1.5355371,2.005537,2.1155372,1.2255371,0.9455371,-0.36446288,-0.5944629,-0.6544629
2.9055371,2.8655372,3.3655372,3.0855372,2.8555372,2.525537,2.015537,2.795537,2.275537,2.255537,0.9255371,1.5155371,2.275537,2.535537,2.485537,2.0555372,1.855537,2.045537,1.8255371,2.3555372,2.5755372,1.8055371,2.235537,2.3255372,2.3155372,1.8155371,0.6255371,0.7955371,1.1655371,2.545537,2.0655372,1.2955371,2.275537,1.8255371,1.355537,-0.8344629,0.20553711,0.8155371,0.0055371094,0.3955371,-1.0744629
2.175537,2.945537,4.485537,3.775537,3.6055372,3.6555371,3.995537,2.3455372,2.185537,0.83553714,0.5455371,1.4155371,1.6755371,1.8055371,2.8855371,2.3255372,2.285537,2.465537,1.7855371,2.265537,2.485537,2.0755372,1.2855371,-0.8344629,0.58553714,-1.3844628,-0.014462891,0.8655371,0.47553712,0.89553714,1.7155371,1.3655372,0.7555371,0.7455371,2.205537,0.8255371,-0.7944629,-0.4844629,-0.5744629,-0.8144629,0.1355371
