wind_kz.json
{"header": {"discipline":0,"disciplineName":"Meteorological products","gribEdition":2,"gribLength":871,"center":7,"centerName":"US National Weather Service - NCEP(WMC)","subcenter":0,"refTime":"2023-08-28T06:00:00.000Z","significanceOfRT":1,"significanceOfRTName":"Start of forecast","productStatus":0,"productStatusName":"Operational products","productType":1,"productTypeName":"Forecast products","productDefinitionTemplate":0,"productDefinitionTemplateName":"Analysis/forecast at horizontal level/layer at a point in time","parameterCategory":0,"parameterCategoryName":"UnknownDiscipline_0_Category_0","parameterNumber":0,"parameterNumberName":"UnknownParameter_D0_C0_0","parameterUnit":"Unknown","genProcessType":2,"genProcessTypeName":"Forecast","forecastTime":0,"surface1Type":1,"surface1TypeName":"Ground or water surface","surface1Value":0.0,"surface2Type":255,"surface2TypeName":"Missing","surface2Value":0.0,"gridDefinitionTemplate":0,"gridDefinitionTemplateName":"Latitude_Longitude","numberPoints":615,"shape":6,"shapeName":"Earth spherical with radius of 6,371,229.0 m","gridUnits":"degrees","resolution":48,"winds":"true","scanMode":64,"nx":41,"ny":15,"basicAngle":0,"lo1":47.0,"la1":41.0,"lo2":87.0,"la2":55.0,"dx":1.0,"dy":1.0}, "data":
[rows 0 to 14 of 15, columns 0 to 40 of 41]
311.0666,295.76657,303.46658,299.46658,299.26657,297.66656,308.86658,314.86658,309.96658,311.0666,309.46658,309.66656,308.5666,307.16656,310.96658,311.76657,313.66656,310.66656,316.46658,313.5666,313.26657,308.96658,307.66656,304.5666,299.76657,290.16656,287.86658,276.86658,280.36658,280.96658,277.16656,278.0666,302.46658,315.96658,319.66656,316.96658,312.5666,319.16656,320.96658,323.26657,321.46658
291.0666,304.16656,299.36658,299.76657,299.66656,297.66656,314.36658,311.96658,308.96658,308.5666,309.96658,309.26657,309.16656,307.5666,306.76657,308.26657,311.46658,313.5666,313.96658,316.0666,314.66656,309.66656,304.26657,293.66656,286.26657,279.76657,288.96658,289.46658,282.46658,283.16656,290.0666,274.36658,281.26657,273.46658,291.86658,311.66656,306.36658,309.36658,317.66656,307.96658,284.46658
308.66656,298.86658,299.66656,299.66656,297.86658,308.16656,308.0666,309.66656,308.5666,307.36658,306.66656,308.5666,307.96658,309.16656,309.86658,311.86658,310.96658,311.16656,311.96658,313.26657,314.5666,308.0666,305.36658,296.0666,305.96658,299.76657,289.26657,290.26657,287.16656,280.46658,273.76657,277.86658,285.86658,284.0666,286.16656,295.86658,288.26657,290.46658,303.0666,286.96658,296.76657
309.86658,298.96658,299.5666,298.76657,299.36658,306.76657,306.96658,307.46658,308.16656,307.36658,306.46658,305.5666,295.26657,294.36658,308.76657,311.76657,307.96658,310.5666,311.46658,313.96658,307.46658,303.46658,306.86658,305.46658,304.36658,305.26657,303.86658,304.5666,292.16656,295.96658,296.66656,289.46658,298.16656,300.5666,297.5666,292.96658,286.96658,294.86658,292.66656,310.16656,315.96658
309.76657,297.96658,298.76657,298.26657,302.66656,306.0666,306.36658,306.5666,307.5666,304.5666,306.5666,305.96658,295.36658,293.86658,291.66656,307.26657,307.86658,305.26657,306.76657,307.36658,307.76657,308.16656,307.96658,307.0666,306.66656,303.16656,307.36658,304.0666,306.5666,306.5666,301.46658,299.46658,284.96658,276.26657,286.96658,307.26657,299.86658,319.26657,317.0666,316.86658,320.5666
308.0666,306.46658,296.66656,296.66656,297.5666,297.0666,297.36658,294.96658,296.66656,303.0666,301.36658,305.86658,296.0666,294.66656,299.76657,303.76657,304.36658,306.76657,306.0666,306.86658,304.86658,301.0666,292.16656,302.26657,304.5666,304.96658,307.36658,293.16656,308.0666,303.46658,307.76657,305.5666,302.66656,302.86658,305.5666,291.16656,286.66656,289.0666,309.96658,320.0666,321.0666
306.66656,307.66656,306.66656,305.36658,300.66656,306.0666,297.86658,295.36658,295.76657,300.66656,295.5666,294.16656,303.0666,303.26657,303.36658,301.36658,300.76657,305.86658,305.5666,303.5666,304.5666,304.5666,299.36658,296.16656,298.26657,302.66656,305.26657,307.26657,307.96658,307.96658,306.76657,307.76657,303.76657,303.5666,296.66656,290.46658,293.0666,301.86658,303.26657,303.96658,310.0666
305.0666,305.16656,306.76657,306.26657,306.16656,307.5666,307.26657,304.46658,301.36658,301.16656,295.5666,299.0666,294.96658,298.86658,301.0666,301.26657,300.36658,297.76657,302.16656,297.66656,299.36658,303.66656,305.0666,303.26657,300.66656,292.46658,299.76657,302.66656,302.66656,298.5666,300.36658,301.46658,301.26657,301.16656,295.0666,291.26657,299.46658,289.5666,303.86658,303.46658,309.86658
301.86658,304.36658,304.26657,303.0666,303.46658,304.0666,304.16656,304.5666,303.36658,299.96658,295.96658,297.36658,292.66656,299.96658,297.66656,296.26657,297.86658,301.5666,300.46658,299.96658,297.5666,301.26657,303.16656,301.76657,295.36658,292.36658,298.66656,296.96658,298.86658,296.36658,297.86658,296.26657,297.96658,302.96658,296.0666,289.46658,289.96658,304.76657,300.76657,296.5666,293.26657
298.96658,301.46658,301.96658,300.96658,300.5666,300.16656,299.46658,295.5666,288.66656,293.66656,295.36658,296.16656,294.46658,297.16656,288.46658,288.16656,296.86658,300.26657,300.96658,299.76657,291.96658,298.16656,300.26657,296.46658,291.36658,290.46658,292.26657,299.76657,298.26657,297.46658,296.96658,297.16656,304.36658,305.96658,292.26657,290.86658,289.66656,292.5666,298.96658,299.96658,297.66656
296.76657,297.66656,292.16656,294.5666,295.0666,297.46658,298.16656,296.26657,292.76657,295.0666,289.36658,285.5666,287.86658,285.86658,284.96658,285.5666,296.66656,299.76657,301.86658,297.66656,298.0666,296.76657,296.26657,294.5666,287.16656,289.96658,291.96658,301.0666,300.76657,301.5666,301.5666,299.26657,300.96658,297.86658,291.16656,289.76657,287.66656,294.0666,297.16656,296.16656,295.16656
294.0666,293.96658,294.76657,294.16656,293.16656,292.36658,290.0666,289.5666,287.0666,290.46658,285.76657,283.76657,286.16656,284.26657,284.16656,287.0666,295.36658,296.46658,298.5666,298.46658,296.16656,292.86658,288.16656,285.0666,285.36658,291.36658,298.76657,301.46658,300.96658,300.26657,298.16656,299.5666,296.0666,296.26657,294.0666,291.16656,293.76657,297.86658,299.26657,300.0666,302.16656
287.96658,289.16656,289.0666,287.26657,289.16656,288.26657,288.96658,290.16656,284.96658,284.66656,280.86658,284.5666,283.36658,283.36658,283.36658,285.16656,295.26657,295.5666,296.36658,295.66656,295.5666,289.86658,292.16656,284.36658,286.5666,292.0666,301.26657,300.66656,298.76657,297.96658,300.26657,294.26657,301.36658,299.86658,296.16656,290.16656,293.76657,298.36658,296.76657,300.36658,300.5666
288.0666,287.0666,288.86658,284.76657,284.26657,283.96658,284.36658,281.86658,282.86658,282.5666,279.86658,279.36658,286.5666,282.96658,282.86658,290.76657,293.36658,294.5666,295.96658,296.5666,289.16656,286.0666,291.36658,285.5666,289.36658,293.76657,297.66656,299.5666,300.5666,294.36658,298.16656,292.16656,294.66656,290.86658,296.26657,296.46658,293.26657,296.96658,302.36658,300.46658,302.36658
286.36658,286.5666,290.76657,283.5666,282.16656,281.5666,281.36658,282.16656,281.16656,281.66656,280.5666,281.86658,279.86658,280.76657,282.86658,291.46658,292.46658,295.0666,296.5666,296.86658,300.96658,289.76657,285.5666,284.86658,287.26657,290.96658,297.36658,298.0666,293.46658,296.76657,295.36658,288.76657,292.96658,288.46658,294.46658,298.0666,295.66656,300.0666,303.26657,303.26657,302.5666
