wind_kz.json
{"header": {"discipline":0,"disciplineName":"Meteorological products","gribEdition":2,"gribLength":871,"center":7,"centerName":"US National Weather Service - NCEP(WMC)","subcenter":0,"refTime":"2023-09-26T00:00:00.000Z","significanceOfRT":1,"significanceOfRTName":"Start of forecast","productStatus":0,"productStatusName":"Operational products","productType":1,"productTypeName":"Forecast products","productDefinitionTemplate":0,"productDefinitionTemplateName":"Analysis/forecast at horizontal level/layer at a point in time","parameterCategory":0,"parameterCategoryName":"UnknownDiscipline_0_Category_0","parameterNumber":0,"parameterNumberName":"UnknownParameter_D0_C0_0","parameterUnit":"Unknown","genProcessType":2,"genProcessTypeName":"Forecast","forecastTime":60,"surface1Type":1,"surface1TypeName":"Ground or water surface","surface1Value":0.0,"surface2Type":255,"surface2TypeName":"Missing","surface2Value":0.0,"gridDefinitionTemplate":0,"gridDefinitionTemplateName":"Latitude_Longitude","numberPoints":615,"shape":6,"shapeName":"Earth spherical with radius of 6,371,229.0 m","gridUnits":"degrees","resolution":48,"winds":"true","scanMode":64,"nx":41,"ny":15,"basicAngle":0,"lo1":47.0,"la1":41.0,"lo2":87.0,"la2":55.0,"dx":1.0,"dy":1.0}, "data":
[rows 0 to 14 of 15, columns 0 to 40 of 41]
304.39005,292.09003,298.79004,294.79004,295.29004,294.99005,303.59003,310.19003,308.09003,307.29004,305.79004,304.59003,303.59003,303.59003,304.09003,303.39005,303.49005,302.79004,303.79004,303.79004,304.59003,301.79004,300.99005,295.29004,298.29004,300.29004,292.59003,281.59003,280.09003,280.09003,278.49005,277.09003,288.39005,294.89005,295.99005,296.19003,294.99005,295.39005,295.79004,295.49005,292.79004
284.29004,299.29004,294.29004,294.19003,294.09003,293.99005,310.69003,307.29004,306.19003,305.39005,305.59003,304.19003,303.89005,302.79004,303.89005,302.89005,303.09003,303.49005,301.99005,302.39005,302.39005,301.59003,299.59003,289.49005,280.59003,277.29004,287.79004,280.29004,280.29004,275.79004,281.19003,272.19003,281.79004,259.99005,278.09003,291.89005,290.79004,292.89005,294.99005,287.09003,284.49005
301.09003,293.59003,294.09003,293.39005,292.39005,307.19003,305.49005,305.29004,304.19003,302.89005,302.29004,303.29004,302.69003,303.79004,302.99005,302.79004,301.19003,300.49005,301.09003,301.29004,301.09003,301.19003,301.49005,294.29004,297.29004,295.69003,296.59003,295.39005,293.99005,283.89005,273.59003,276.59003,283.19003,283.19003,285.59003,282.99005,275.99005,279.39005,278.59003,271.29004,268.99005
301.99005,292.79004,293.49005,293.19003,296.99005,304.59003,303.79004,303.39005,302.39005,301.19003,301.19003,300.69003,292.29004,291.89005,300.89005,302.59003,301.19003,299.79004,299.99005,300.19003,299.19003,296.99005,299.69003,300.49005,300.09003,299.29004,299.49005,295.59003,294.09003,295.69003,294.99005,290.89005,295.59003,293.69003,292.79004,288.89005,277.09003,267.99005,278.99005,286.89005,289.79004
303.29004,292.39005,293.29004,292.89005,296.99005,304.19003,303.79004,302.69003,300.89005,300.09003,299.89005,298.99005,291.09003,289.69003,288.49005,299.19003,300.29004,298.49005,297.19003,297.79004,298.89005,300.19003,299.39005,299.39005,299.19003,299.19003,297.69003,294.29004,297.39005,297.09003,299.39005,293.89005,280.89005,271.39005,281.39005,288.89005,291.59003,292.99005,292.89005,293.29004,292.39005
305.39005,306.09003,292.29004,293.79004,293.09003,292.59003,301.89005,303.19003,300.39005,299.59003,299.39005,299.69003,291.99005,290.59003,293.79004,298.29004,298.19003,297.09003,295.99005,296.19003,296.39005,296.89005,297.69003,297.49005,297.39005,295.49005,297.19003,288.99005,297.29004,298.19003,295.19003,295.49005,293.19003,291.39005,287.79004,290.09003,283.69003,285.59003,289.79004,290.69003,290.89005
305.79004,305.19003,304.29004,304.19003,299.59003,303.69003,303.29004,301.79004,300.99005,299.79004,299.29004,298.49005,296.49005,297.39005,297.59003,296.99005,295.39005,295.89005,294.59003,293.89005,294.69003,294.79004,295.39005,295.39005,293.69003,294.39005,294.59003,295.59003,293.99005,294.79004,294.09003,294.19003,292.99005,292.39005,290.59003,288.69003,282.89005,281.79004,273.49005,275.89005,284.39005
305.69003,305.09003,304.09003,302.59003,301.89005,302.29004,301.69003,300.29004,299.19003,298.19003,297.29004,295.09003,294.39005,293.09003,291.49005,290.49005,294.89005,294.59003,293.49005,291.09003,292.19003,292.89005,292.39005,292.09003,290.99005,289.79004,289.79004,291.59003,289.29004,290.39005,289.49005,289.99005,288.89005,286.49005,285.89005,285.89005,285.49005,287.19003,284.39005,283.39005,279.39005
304.89005,303.29004,301.89005,299.59003,298.89005,298.89005,299.49005,298.69003,297.49005,296.59003,295.69003,295.79004,294.89005,293.19003,288.19003,294.59003,294.09003,293.29004,292.09003,290.69003,288.69003,289.09003,289.29004,289.29004,288.49005,288.49005,286.89005,287.49005,285.89005,284.79004,286.89005,286.39005,286.89005,286.89005,286.09003,283.79004,281.49005,280.59003,262.79004,261.99005,261.59003
301.49005,301.19003,300.79004,299.29004,298.89005,298.39005,297.59003,297.09003,296.29004,295.59003,294.59003,294.19003,293.99005,293.59003,293.29004,290.99005,292.09003,292.99005,291.79004,291.29004,289.49005,288.69003,288.79004,288.39005,287.59003,285.99005,286.89005,286.59003,287.29004,286.69003,287.69003,288.29004,289.49005,288.19003,287.19003,284.89005,281.19003,273.49005,268.99005,268.69003,266.69003
298.59003,298.49005,297.89005,297.09003,297.29004,296.39005,295.59003,296.19003,295.19003,294.29004,293.39005,292.79004,292.79004,291.99005,292.49005,292.19003,289.49005,292.09003,291.49005,290.19003,289.49005,288.89005,288.39005,288.49005,286.79004,284.39005,283.79004,285.19003,286.89005,288.19003,289.59003,289.99005,288.09003,289.99005,287.59003,283.49005,277.89005,274.89005,274.89005,274.79004,272.29004
297.79004,296.79004,297.19003,296.69003,295.49005,294.99005,293.39005,292.49005,293.79004,292.79004,290.69003,290.69003,290.99005,288.99005,289.49005,290.19003,288.89005,287.69003,288.09003,288.39005,288.59003,287.39005,286.39005,286.29004,285.69003,286.69003,284.59003,285.09003,286.19003,287.49005,287.49005,288.89005,287.39005,286.19003,286.89005,283.79004,282.79004,281.99005,279.89005,279.19003,278.99005
293.59003,294.99005,295.19003,295.19003,293.99005,293.09003,293.09003,292.59003,290.99005,290.29004,288.19003,286.89005,288.49005,285.19003,286.49005,287.69003,287.29004,287.29004,288.29004,287.59003,287.39005,285.09003,284.99005,283.39005,285.09003,286.99005,288.19003,287.49005,286.49005,283.99005,285.29004,286.79004,286.59003,285.59003,284.89005,285.79004,282.49005,283.29004,281.19003,279.09003,279.09003
293.89005,294.49005,289.99005,293.89005,293.19003,292.69003,291.79004,290.19003,290.79004,290.09003,286.59003,284.09003,285.39005,286.99005,286.99005,288.09003,287.49005,286.59003,286.89005,286.49005,288.09003,286.49005,284.29004,284.49005,284.99005,287.09003,286.19003,286.69003,286.29004,285.09003,283.29004,283.29004,282.29004,281.29004,281.39005,281.69003,282.49005,280.09003,282.39005,279.09003,279.69003
290.99005,292.79004,287.09003,292.39005,292.29004,292.09003,290.89005,290.19003,290.79004,290.29004,286.59003,285.69003,284.79004,285.69003,286.79004,288.69003,288.39005,287.99005,288.69003,287.19003,287.79004,285.29004,284.09003,283.59003,283.29004,282.39005,282.39005,282.39005,284.49005,284.29004,284.19003,283.29004,281.59003,281.59003,282.39005,281.39005,282.09003,281.99005,282.89005,280.69003,280.19003
