wind_kz.json
{"header": {"discipline":0,"disciplineName":"Meteorological products","gribEdition":2,"gribLength":1025,"center":7,"centerName":"US National Weather Service - NCEP(WMC)","subcenter":0,"refTime":"2023-09-23T00:00:00.000Z","significanceOfRT":1,"significanceOfRTName":"Start of forecast","productStatus":0,"productStatusName":"Operational products","productType":1,"productTypeName":"Forecast products","productDefinitionTemplate":0,"productDefinitionTemplateName":"Analysis/forecast at horizontal level/layer at a point in time","parameterCategory":2,"parameterCategoryName":"UnknownDiscipline_0_Category_2","parameterNumber":3,"parameterNumberName":"UnknownParameter_D0_C2_3","parameterUnit":"Unknown","genProcessType":2,"genProcessTypeName":"Forecast","forecastTime":120,"surface1Type":103,"surface1TypeName":"Specified height level above ground","surface1Value":10.0,"surface2Type":255,"surface2TypeName":"Missing","surface2Value":0.0,"gridDefinitionTemplate":0,"gridDefinitionTemplateName":"Latitude_Longitude","numberPoints":615,"shape":6,"shapeName":"Earth spherical with radius of 6,371,229.0 m","gridUnits":"degrees","resolution":48,"winds":"true","scanMode":64,"nx":41,"ny":15,"basicAngle":0,"lo1":47.0,"la1":41.0,"lo2":87.0,"la2":55.0,"dx":1.0,"dy":1.0}, "data":
[rows 0 to 14 of 15, columns 0 to 40 of 41]
-0.50242674,-1.8424268,2.6875732,1.7575732,-0.92242676,-0.11242676,0.89757323,0.73757327,-0.05242676,-0.60242677,-2.7824268,-2.9824266,-3.6324267,-3.7624269,-3.7924268,-4.2524266,-3.6824267,-2.5124269,-1.6224267,-2.2324266,-2.2824268,-1.0424267,1.6775732,-0.0024267577,0.79757327,-0.42242676,-0.73242676,1.1775732,1.4375732,3.7775733,1.5675732,1.2075733,0.7175732,-0.8424268,-0.18242675,1.4075732,1.4475732,1.7675732,1.9275732,2.1175733,1.2675732
3.5275733,1.8775733,2.5475733,-0.80242676,3.5275733,1.5375732,-1.1324267,1.2575732,1.2375733,-1.0924268,-2.7824268,-3.5624268,-3.6924267,-3.8024268,-4.742427,-3.9424267,-2.9324267,-2.3324268,-3.9424267,-3.8424268,-3.1424267,-0.11242676,0.28757325,1.3975732,-0.042426758,0.18757324,-1.2924267,1.0275732,-0.7224268,1.1475732,2.4575732,4.4175735,0.76757324,-0.40242675,-1.9224267,0.23757324,-0.19242676,-0.5324268,-0.46242675,-0.99242675,0.64757323
3.4475732,4.717573,1.7875732,0.047573242,-0.37242675,-0.34242675,-0.63242674,-1.1324267,-0.76242673,-0.82242674,-2.4424267,-2.5424268,-3.1324267,-4.1124268,-4.262427,-4.4024267,-2.8824267,-3.8324268,-3.7324266,-4.342427,-3.2624269,2.0175734,-0.36242676,0.6075733,-0.03242676,0.047573242,0.43757325,-0.56242675,-0.5824268,0.73757327,1.4075732,0.14757325,1.3475733,-0.70242673,-0.85242677,2.4875731,4.507573,0.31757325,0.33757323,-0.5924268,-0.5824268
0.50757325,2.0475733,1.9375732,0.047573242,-0.81242675,-0.43242675,-0.6424267,-1.8924267,-3.0124269,-2.0824268,-2.4824266,-2.9324267,-1.0924268,-2.4524267,-4.142427,-4.122427,-4.1524267,-4.0624266,-3.3324268,-4.5024266,-4.4824266,-1.4124267,-1.0724268,-0.7224268,-0.43242675,-0.93242675,-2.0424268,-0.62242675,1.6475732,0.21757324,-1.1824268,-0.16242675,-1.2724267,-0.60242677,-0.7224268,-2.8524268,-1.8724267,2.6475732,2.6775732,0.047573242,0.56757325
-0.13242675,-0.14242676,-0.61242676,-0.80242676,-1.4624268,-2.0724268,-3.2924268,-1.2224268,-1.6024268,-2.5824268,-1.9924268,-1.5724268,-3.4924269,-4.2724266,-2.5224268,-2.7824268,-2.9824266,-4.092427,-4.0424266,-2.4724267,-2.3924267,-1.9224267,-2.5624268,0.22757325,-0.45242676,-1.5624268,-0.80242676,-1.1724267,-1.0324267,-0.40242675,-2.4024267,0.63757324,2.1175733,3.1275733,-0.7724268,-2.3524268,0.89757323,-1.3924267,0.12757324,0.40757325,-0.46242675
-0.03242676,-1.2624267,-2.0424268,-3.0524268,-3.9524267,-2.8724267,-2.6024268,-3.3124268,-3.5624268,-2.6624267,-2.9824266,-2.2024267,-1.2124268,-2.9624267,-3.8024268,-3.7724268,-3.4924269,-3.7224267,-5.142427,-2.6024268,-2.1824267,-2.0024269,-1.4124267,1.2275733,0.27757323,-0.50242674,-1.4224267,-0.62242675,-0.37242675,-0.39242676,-0.87242675,-2.0024269,-0.05242676,1.9375732,1.9775733,7.967573,2.7475731,4.197573,0.5975732,-1.0724268,-0.7224268
-0.5224268,-1.9024267,-2.1924267,-0.50242674,-1.8824267,-2.5024269,-3.2424269,-3.4424267,-3.9324267,-3.9124267,-3.4124267,-0.25242674,-0.9624268,-1.9824268,-1.3624268,-3.6324267,-4.2324266,-3.0624268,-4.3624268,-3.2124267,-3.3024268,-5.532427,-2.0324268,2.0775733,0.49757326,-1.0524268,-1.9124267,-1.6324267,-2.2624269,-1.5124267,-1.7924267,-3.0324268,-2.9924269,-0.39242676,-0.7224268,-0.62242675,-2.6424267,-0.91242677,0.9775732,0.36757323,2.1375732
-0.22242676,0.89757323,1.4975733,-0.36242676,-2.5124269,-2.9024267,-3.4824266,-3.3024268,-3.4824266,-4.412427,-3.8524268,-1.6524267,-1.7024268,-0.92242676,-2.6824267,-3.3624268,-4.1324267,-5.012427,-3.3824267,-2.4624267,-2.6124268,-2.7324266,-3.0624268,-3.2524269,-2.1024268,-0.46242675,-1.0224267,-1.3824267,-1.6224267,-1.3924267,-1.7424268,-1.7024268,-0.95242673,-1.9324268,0.61757326,-0.13242675,-0.03242676,1.2975732,-1.6024268,0.37757325,-2.0024269
-0.20242676,0.07757324,-1.1324267,-1.1524267,-3.0824268,-3.2024267,-2.9024267,-2.7424269,-3.6924267,-3.4524267,-3.1324267,-2.7324266,-2.6324267,-1.8224268,-2.3124268,-3.2324266,-3.4824266,-3.9724267,-4.4624267,-2.7024267,-1.1024268,-1.4624268,-1.7424268,-1.5024267,-0.69242674,-1.3824267,0.23757324,-0.69242674,-1.2824267,-0.85242677,0.88757324,-0.14242676,-0.38242677,1.2575732,2.1575732,2.6875732,-1.7024268,0.41757324,1.3775733,1.5175732,-2.8224268
-1.3424268,-1.3424268,-1.3824267,-1.8024268,-2.9024267,-3.1524267,-3.1724267,-2.9524267,-3.1424267,-3.3624268,-3.7524269,-1.8324268,-0.67242676,-1.3724267,-2.2124267,-3.1524267,-3.3424268,-3.7924268,-3.6524267,-3.7424269,-2.8124268,-3.0124269,-1.9824268,-0.29242676,-0.61242676,0.73757327,-0.22242676,0.25757325,-0.41242677,-1.9524268,-1.3224268,0.98757327,1.1575732,2.6775732,1.1775732,0.81757325,0.56757325,-2.2524269,-0.0024267577,3.0775733,3.2475731
-1.5624268,-1.7924267,-2.5824268,-2.8524268,-2.9424267,-3.3024268,-2.8224268,-2.6924267,-3.1124268,-3.5724268,-2.9024267,-1.5624268,-2.6924267,-1.3924267,-2.6524267,-2.9324267,-2.8524268,-3.3224268,-3.5424268,-4.2124267,-3.4324267,-3.4024267,-2.8724267,-1.7024268,-2.0024269,-1.7324268,-0.60242677,-2.9524267,-1.1824268,-1.7424268,-2.9124267,1.0575732,2.5375733,2.5775733,2.6075733,0.80757326,0.5975732,1.9875733,1.3275733,1.6475732,0.18757324
-1.2124268,-2.1924267,-2.0524268,-2.7524269,-2.9724267,-3.1424267,-2.7724268,-2.5824268,-3.2224267,-2.4024267,-2.2824268,-2.7224267,-2.8324268,-2.0624268,-2.0524268,-2.6124268,-2.6224267,-2.8124268,-2.7824268,-3.3924267,-3.8224268,-2.6424267,-1.9124267,-1.2124268,-1.3224268,-1.3124268,-1.9324268,-2.2024267,-2.4224267,-3.1724267,-4.2524266,-3.3624268,1.9275732,2.7075732,2.2875733,2.6375732,2.3675733,2.7275732,2.2675734,2.3275733,0.9675732
-1.2324268,-1.8524268,-2.2024267,-1.3724267,-2.3024268,-1.9524268,-2.2924268,-2.9924269,-2.9524267,-1.6624267,-1.5124267,-1.2724267,-2.5224268,-3.3424268,-3.2624269,-2.5924268,-1.4224267,-2.1024268,-2.6124268,-2.4224267,-2.5024269,-2.3824267,-1.8724267,0.03757324,0.34757325,-0.32242677,-1.3224268,-2.2224267,-2.9924269,-2.6124268,-3.2224267,-2.8524268,-3.1524267,0.8575733,2.4575732,2.4675732,2.0075731,1.5575732,2.9975731,1.8175732,0.87757325
-1.4024267,-1.9724268,-2.8824267,-2.3624268,-2.0324268,-2.2924268,-2.8724267,-2.7424269,-1.8824267,-1.8924267,-0.8324268,-1.0624268,-1.1424267,-1.8524268,-2.5224268,-2.5124269,-2.2624269,-0.80242676,-1.3924267,-1.9124267,-2.2024267,-3.1724267,-2.6524267,-2.5324268,-0.20242676,0.46757326,-0.28242674,-1.5024267,-2.1424267,-2.7524269,-3.5124269,-3.6424267,-2.9924269,-2.5224268,-2.2724268,-1.3024268,0.35757324,1.3075732,1.6775732,2.5275733,2.4075732
-1.1924268,-1.8524268,-2.3324268,-2.4724267,-2.4924269,-2.1124268,-1.6224267,-1.6424267,-2.4124267,-2.4024267,-0.81242675,0.20757324,-0.17242676,-0.7824268,-3.5224268,-3.4324267,-2.9824266,-1.9924268,-2.3324268,-3.0624268,-0.51242673,-1.1224267,-1.9624268,-2.8624268,-1.8524268,1.2175733,1.3475733,0.24757324,-0.48242676,-0.94242674,-2.6224267,-3.1124268,-3.0524268,-3.0224268,-2.8424268,-2.6624267,-2.6124268,-2.4224267,-0.88242674,2.0675733,1.2875732
