wind_kz.json
{"header": {"discipline":0,"disciplineName":"Meteorological products","gribEdition":2,"gribLength":1025,"center":7,"centerName":"US National Weather Service - NCEP(WMC)","subcenter":0,"refTime":"2024-02-02T18:00:00.000Z","significanceOfRT":1,"significanceOfRTName":"Start of forecast","productStatus":0,"productStatusName":"Operational products","productType":1,"productTypeName":"Forecast products","productDefinitionTemplate":0,"productDefinitionTemplateName":"Analysis/forecast at horizontal level/layer at a point in time","parameterCategory":2,"parameterCategoryName":"UnknownDiscipline_0_Category_2","parameterNumber":3,"parameterNumberName":"UnknownParameter_D0_C2_3","parameterUnit":"Unknown","genProcessType":2,"genProcessTypeName":"Forecast","forecastTime":0,"surface1Type":103,"surface1TypeName":"Specified height level above ground","surface1Value":10.0,"surface2Type":255,"surface2TypeName":"Missing","surface2Value":0.0,"gridDefinitionTemplate":0,"gridDefinitionTemplateName":"Latitude_Longitude","numberPoints":615,"shape":6,"shapeName":"Earth spherical with radius of 6,371,229.0 m","gridUnits":"degrees","resolution":48,"winds":"true","scanMode":64,"nx":41,"ny":15,"basicAngle":0,"lo1":47.0,"la1":41.0,"lo2":87.0,"la2":55.0,"dx":1.0,"dy":1.0}, "data":
[rows 0 to 14 of 15, columns 0 to 40 of 41]
-0.6379538,-3.0379539,0.5720462,-1.2779537,-0.8579538,1.5820462,-0.8879538,0.9120462,0.062046204,0.1720462,-1.0079538,-0.5179538,-1.2179538,-1.9179538,-2.247954,-2.997954,-2.977954,-2.8079538,-4.077954,-2.7979538,0.3220462,0.1420462,-0.5579538,-2.4379537,-3.0279539,-3.0379539,-2.2779539,1.2820462,3.4720461,3.9120462,-1.0879538,-2.3879538,1.9020462,-1.1479537,2.0920463,1.0320462,1.0820462,0.7620462,0.6520462,-0.1379538,-1.1379538
2.4220462,0.2120462,-1.0979538,-2.3579538,-2.3979537,0.4320462,0.4420462,2.4620461,2.6520462,2.4220462,1.3520463,-0.1479538,0.16204621,-0.007953797,-2.3979537,-0.4479538,-0.5779538,-2.5179539,-3.1979537,-2.2179537,-1.9479538,-2.6479537,0.1820462,2.0520463,-2.1479537,-2.2879539,-4.457954,2.4120462,1.1020463,1.5520462,6.932046,6.3820457,-0.2879538,-0.7779538,-3.8779538,-2.5779538,0.1420462,-0.5779538,-1.2079538,-0.007953797,0.4220462
0.5720462,0.5820462,-0.7079538,-1.0379539,-1.0279537,1.3520463,2.4820461,3.1020463,3.8720462,3.742046,3.742046,3.3820462,2.6020463,2.012046,1.3620462,-0.067953795,0.032046203,0.5920462,0.5420462,0.5820462,-0.057953797,-1.4479538,-1.9179538,-1.0079538,0.2420462,2.262046,0.7120462,0.5520462,-0.9079538,2.242046,4.8420463,2.0320463,2.3220463,-1.6279538,-0.5079538,1.6220462,5.122046,0.072046205,-0.7879538,1.2120461,0.5820462
-0.8979538,0.19204621,-0.6479538,0.4320462,1.2020462,3.3320463,3.5820463,4.3220463,4.602046,4.5120463,4.0320463,3.6220462,5.892046,5.4020457,2.1920462,1.5620462,2.762046,2.8720462,2.5620463,1.5820462,-0.7379538,0.3020462,3.1420462,1.6920462,0.7220462,0.81204623,0.012046204,-2.1979537,4.5920463,1.9720463,0.0820462,-0.5279538,-0.9179538,-0.9479538,-0.8279538,-3.0579538,-1.7079538,3.0620463,0.4020462,2.002046,1.6520462
2.4320462,2.1320462,1.1020463,1.8620462,2.0720463,2.7920463,3.6920462,5.162046,5.4220457,4.8420463,5.332046,5.452046,7.392046,7.852046,8.6620455,4.812046,4.772046,4.1620464,3.012046,1.9020462,0.8620462,1.5420462,1.0820462,0.5720462,0.8620462,0.4420462,1.0820462,0.5420462,-0.2379538,-0.9479538,-1.2879539,1.2620462,3.4620461,4.5920463,-0.7979538,-0.5179538,-0.4179538,-0.3679538,-1.5279537,-0.1879538,1.0320462
2.4720461,2.1720462,2.4320462,2.5420463,2.4520462,3.1120462,3.7020462,4.1820464,5.322046,5.592046,5.562046,5.6920457,6.622046,9.212046,6.9220457,6.562046,5.782046,5.232046,4.652046,3.6120462,2.6520462,3.9320462,4.132046,2.6920462,2.3920462,1.7520462,0.6320462,0.8820462,0.5020462,0.012046204,-0.8179538,0.3420462,0.3720462,-0.5479538,1.6520462,-1.2279538,2.5820463,0.7320462,-0.6479538,-2.1879537,0.7620462
0.9120462,1.8520463,2.4720461,2.6720462,2.6120462,3.6120462,4.3020463,4.352046,4.542046,4.7620463,5.782046,6.322046,6.752046,7.122046,7.812046,8.422046,8.052046,6.562046,6.522046,6.472046,5.992046,5.222046,5.1120462,4.882046,3.2220461,2.2120461,-0.2379538,-0.4679538,-1.2379538,1.2220463,0.5520462,-1.6379538,-1.2879539,0.4420462,-1.3179538,-1.4479538,-2.4479537,0.7920462,-0.4379538,-1.4879538,0.9320462
0.4720462,1.5720462,1.9820462,2.9020462,3.0320463,3.2920463,3.7820463,4.8220463,5.162046,4.4720464,4.8420463,6.012046,6.532046,6.842046,8.152046,9.492046,10.082046,8.9120455,9.262046,9.092046,7.1720457,6.6920457,5.892046,6.582046,5.892046,4.3020463,5.0120463,0.7520462,1.3620462,0.4020462,1.4020462,1.7220463,0.0820462,0.9020462,2.3520463,1.5820462,-0.22795379,1.8520463,-1.4979538,-1.3379538,0.9120462
0.6920462,1.8320462,2.242046,2.7120461,3.2320461,3.492046,4.2220464,4.0520463,4.5520463,4.132046,3.2820463,3.502046,4.6820464,6.622046,6.9220457,8.392046,9.322046,10.362046,10.732046,10.332046,7.6920457,8.002046,7.952046,7.1920457,6.802046,5.9020457,3.4620461,3.4220462,4.1120462,2.8420463,3.7120461,5.242046,6.702046,5.9420457,4.0520463,3.0720463,-1.8379538,2.3120463,2.6420462,1.8620462,-0.7079538
0.2720462,2.002046,2.2120461,3.012046,3.3820462,4.0920463,4.2220464,4.272046,4.382046,4.062046,3.5920463,3.8120463,3.9020462,4.6820464,6.772046,6.6320457,7.532046,9.272046,9.402046,9.692046,9.632046,8.682046,8.822046,8.202045,7.1720457,6.7120457,5.622046,5.002046,4.482046,4.002046,3.6520462,5.532046,5.9420457,5.9420457,3.9520462,2.492046,0.8920462,0.8820462,3.2120461,5.622046,3.8820462
-0.22795379,1.3220462,1.6620462,2.6620462,3.022046,3.8720462,4.142046,4.352046,3.502046,3.5320463,4.082046,3.7120461,3.4420462,4.3220463,6.082046,6.1520457,6.3820457,6.072046,7.122046,7.642046,7.052046,6.322046,6.772046,6.982046,6.022046,6.592046,5.1920457,5.832046,5.6720457,3.0720463,4.462046,3.7320461,3.9120462,4.772046,5.6520457,3.1720462,3.8620462,2.9720461,2.492046,1.1920462,-0.2879538
1.1520462,1.2520462,2.1220462,2.6720462,3.0420463,4.192046,4.0720463,3.6420462,2.1020463,2.512046,2.2220461,1.2820462,3.3820462,3.5520463,3.9020462,4.402046,4.9320464,4.812046,5.592046,4.9320464,5.222046,4.442046,3.7820463,3.9420462,5.1320457,4.752046,5.0920463,4.632046,4.7620463,3.8520463,3.762046,4.5520463,4.232046,5.322046,4.772046,5.9420457,5.992046,3.252046,-0.1179538,0.9720462,0.10204621
1.2720462,-0.2579538,1.8720462,2.6920462,3.4020462,2.6420462,2.1220462,3.4620461,2.9520462,1.5720462,0.3520462,0.6520462,1.1420462,2.3920462,2.502046,2.742046,2.8120463,3.9420462,3.5520463,3.762046,4.652046,4.942046,4.7020464,4.3020463,3.492046,3.6320462,3.6720462,3.3820462,3.1220462,3.3820462,3.9320462,4.602046,5.332046,6.262046,6.272046,6.4620457,5.792046,3.5920463,1.5320462,-1.6579537,-0.5279538
1.7120461,1.6920462,0.7420462,2.4720461,3.1420462,3.3520463,2.9020462,3.8220463,3.4220462,2.9220462,0.9020462,0.26204622,0.5420462,0.7520462,1.6820462,2.0620463,2.6920462,3.002046,3.0820463,3.252046,2.7920463,3.022046,3.1220462,2.9120462,2.4420462,0.7720462,1.3420463,1.8720462,1.9820462,2.3020463,2.8320463,3.5620463,4.8620462,6.532046,5.742046,5.7120457,4.642046,3.8820462,3.4220462,2.6420462,1.3020462
1.4720463,1.4320462,1.7120461,2.8920462,4.5720463,3.9220462,3.012046,4.142046,4.7020464,4.022046,1.1020463,0.8020462,1.1020463,1.1220462,2.8220463,2.5320463,3.0520463,3.0320463,2.3020463,2.8020463,2.6220462,2.6520462,1.4820462,1.5820462,1.9020462,1.8420463,1.7220463,1.6120462,1.4320462,1.4120462,1.7120461,2.1220462,5.202046,5.612046,5.4620457,4.232046,5.0120463,6.042046,3.8220463,3.7320461,0.9020462
