wind.json
{"header": {"discipline":0,"disciplineName":"Meteorological products","gribEdition":2,"gribLength":1125,"center":7,"centerName":"US National Weather Service - NCEP(WMC)","subcenter":0,"refTime":"2023-07-02T00:00:00.000Z","significanceOfRT":1,"significanceOfRTName":"Start of forecast","productStatus":0,"productStatusName":"Operational products","productType":1,"productTypeName":"Forecast products","productDefinitionTemplate":0,"productDefinitionTemplateName":"Analysis/forecast at horizontal level/layer at a point in time","parameterCategory":2,"parameterCategoryName":"UnknownDiscipline_0_Category_2","parameterNumber":2,"parameterNumberName":"UnknownParameter_D0_C2_2","parameterUnit":"Unknown","genProcessType":2,"genProcessTypeName":"Forecast","forecastTime":0,"surface1Type":103,"surface1TypeName":"Specified height level above ground","surface1Value":10.0,"surface2Type":255,"surface2TypeName":"Missing","surface2Value":0.0,"gridDefinitionTemplate":0,"gridDefinitionTemplateName":"Latitude_Longitude","numberPoints":688,"shape":6,"shapeName":"Earth spherical with radius of 6,371,229.0 m","gridUnits":"degrees","resolution":48,"winds":"true","scanMode":64,"nx":43,"ny":16,"basicAngle":0,"lo1":45.0,"la1":40.0,"lo2":87.0,"la2":55.0,"dx":1.0,"dy":1.0}, "data":
[rows 0 to 15 of 16, columns 0 to 42 of 43]
-3.2914062,-0.58140624,0.8985937,-2.4814062,-0.07140625,3.4985938,2.9585938,2.5185938,1.9385937,0.04859375,5.0285935,3.4885938,3.2385938,3.7785938,3.7285938,4.2985935,3.6085937,2.6485937,-3.0314062,-3.1814063,-2.4114063,-0.6514062,-1.6414063,0.74859375,-0.13140625,-1.3414062,-0.19140625,-0.27140626,-0.40140626,-0.61140627,0.17859375,-0.70140624,0.81859374,-0.26140624,-1.1714063,-1.1014062,-2.4714062,-2.8014061,-2.7614062,-2.6314063,-0.63140625,-0.64140624,0.55859375
1.5585938,4.938594,-1.7314062,-1.5914062,2.8985937,2.1285937,3.9885938,4.0285935,2.2885938,3.1285937,1.8985938,1.6885937,1.5085938,1.4685937,2.5885937,4.148594,6.4485936,2.6385937,-0.93140626,-0.92140627,-2.3314064,3.1585937,3.1985939,-0.09140625,-1.6314063,-2.4314063,1.0485938,-2.0214062,-3.6514063,-2.2314062,0.67859375,-0.07140625,0.16859375,1.7585938,-0.48140624,-0.49140626,-1.7114062,-0.40140626,-0.14140625,0.97859377,2.9885938,3.1885939,-1.1814063
0.62859374,-1.6214062,1.5785937,2.6785936,3.8485937,4.0485935,5.5285935,4.6585937,4.668594,2.0185938,2.6085937,2.1985939,3.2485938,2.0185938,1.5185938,3.1385937,3.5685937,2.3185937,-2.3914063,-2.1514063,-1.2214062,0.45859376,1.6685938,2.2485938,0.01859375,-3.5714064,-0.63140625,0.92859375,-1.0214063,-0.51140624,-1.2214062,-1.3214062,0.30859375,-0.5314062,1.1785938,-2.7514062,0.5285938,0.14859375,0.47859374,0.54859376,-1.8414062,0.23859376,-1.7914063
0.08859375,0.24859375,2.7585938,6.688594,6.3485937,7.998594,5.818594,4.7785935,3.8385937,5.188594,3.5885937,2.6285937,3.3985937,3.6285937,1.8985938,5.2785935,6.188594,2.5685937,-1.7714063,-0.6614063,-2.9414062,-4.0914063,-3.1514063,-4.1914062,-3.8114061,-2.8914063,1.0285938,1.6385938,-2.2014062,-3.0514061,-2.6414063,-1.0614063,-1.1714063,2.5585938,0.06859375,-0.63140625,0.45859376,-0.75140625,1.2685938,0.19859375,1.9285938,3.4185936,2.3185937
4.1785936,6.1785936,4.128594,9.008594,8.228594,6.8485937,7.7385936,4.688594,7.0285935,4.898594,4.7585936,4.108594,4.288594,3.5685937,6.168594,7.208594,6.8685937,-0.81140625,-0.6514062,-2.2514062,-2.5214062,-2.2614062,-1.6514063,-2.3714063,-1.9314063,-5.0714064,-4.871406,-4.9514065,-5.4014063,-9.361406,-4.211406,-2.5114062,-2.2314062,-2.8614063,-3.2014062,-4.141406,-3.6314063,-2.5714064,-1.6914062,2.5985937,0.61859375,0.22859375,3.4085937
4.9285936,5.7585936,6.7785935,10.518594,9.858594,9.868594,8.668593,6.4485936,6.228594,6.768594,4.0585938,4.288594,6.4485936,5.8685937,6.648594,7.958594,6.688594,3.4685938,-1.8214062,-3.3014061,-4.3614063,-6.8414063,-7.5314064,-4.3814063,-7.1114063,-6.1314063,-7.411406,-7.3214064,-8.4514065,-4.6314063,-4.8214064,-5.291406,-4.851406,-3.4414062,-4.0514064,0.6585938,0.21859375,-0.95140624,-1.9514062,0.86859375,2.0985937,4.0785937,2.0085938
5.818594,5.5585938,5.088594,5.3485937,8.428594,8.618594,9.3385935,9.188594,7.478594,5.418594,4.038594,4.8085938,5.858594,5.5085936,6.1585937,8.118594,5.898594,3.0085938,-4.0714064,-3.6414063,-6.2214065,-4.4514065,-4.9514065,-6.001406,-5.001406,-4.811406,-5.141406,-5.3214064,-4.521406,-4.4214063,-4.8014064,-6.041406,-6.0914063,-6.001406,-4.931406,-3.1914062,-0.21140625,-0.74140626,1.9485937,2.6385937,4.878594,1.5985937,-0.75140625
5.268594,5.458594,5.3485937,4.3885937,6.0085936,6.8885937,6.6785936,4.7385936,5.768594,3.2285938,2.1485937,4.588594,4.608594,6.2185936,6.1585937,7.568594,1.7985938,-0.46140626,-1.1714063,-3.5014062,-6.751406,-6.7414064,-4.4914064,-3.8014061,-3.7814062,-4.1114063,-4.7214065,-4.4914064,-3.9014063,-6.2214065,-5.2814064,-6.6514063,-7.231406,-5.711406,-2.9014063,-2.4914062,-0.89140624,-1.5914062,-0.87140626,2.5385938,1.6785938,1.0685937,4.978594
4.8685937,5.5985937,5.918594,5.9485936,6.588594,6.2585936,6.3085938,4.2985935,2.7385938,1.6085937,2.2685938,1.9385937,4.918594,6.2185936,3.4485939,-0.8414062,2.8585937,0.01859375,-3.0014062,-5.291406,-5.5114064,-6.6914062,-4.0114064,-5.081406,-3.3114061,-3.4514062,-3.1314063,-2.2214062,-3.2914062,-4.121406,-3.9314063,-2.7214062,-3.5514061,-3.2014062,-2.1614063,-0.67140627,-1.5814062,1.9185938,3.5685937,6.0285935,4.708594,3.3785937,-0.83140624
6.4685936,5.8285937,5.628594,5.128594,5.0985937,5.168594,6.1185937,3.8185937,2.3985937,1.0185938,0.8985937,3.6685936,4.838594,5.7985935,1.6285938,-1.3114063,9.028594,-1.6914062,-3.3014061,-3.8614063,-3.5814064,-4.9414062,-5.2614064,-2.7214062,-3.3214064,-3.4114063,-3.2114062,-3.6414063,-2.7014062,-2.6114063,-1.2314062,-1.6314063,-2.1114063,-1.2514062,-0.04140625,-0.04140625,-0.39140624,1.1785938,0.81859374,-2.3514063,-1.6514063,0.98859376,-0.9114063
5.5285935,5.1785936,4.728594,4.4685936,4.818594,4.4485936,3.9185936,1.5585938,1.3685937,1.8985938,1.4985938,4.188594,5.358594,5.6985936,0.32859376,7.648594,-1.2714063,0.86859375,-2.5414062,-2.6914062,-3.3314064,-3.5714064,-3.6314063,-2.7614062,-3.4014063,-3.5714064,-3.6814063,-4.2214065,-2.5514061,-2.9014063,-2.1114063,-1.0714062,-1.1914062,-0.27140626,0.37859374,-0.6614063,-0.39140624,0.56859374,0.02859375,-0.21140625,-2.4514062,-0.9814063,0.36859375
3.3185937,4.5285935,3.5985937,3.7885938,4.0985937,3.3585937,2.3485937,0.67859375,2.2385938,1.4385937,2.3385937,4.608594,3.1685936,4.3885937,1.1985937,-1.9114063,5.038594,2.1585937,-3.0614061,-3.0114062,-4.581406,-4.641406,-4.731406,-4.521406,-2.8914063,-3.2314062,-2.8614063,-2.9214063,-1.6314063,-0.41140625,0.18859375,-0.82140625,-0.50140625,-0.56140625,-0.5314062,-0.06140625,-1.3014063,0.07859375,-1.0514063,-0.82140625,-0.23140626,0.25859374,-0.16140625
3.4285936,2.4185936,2.4285936,3.0785937,3.2685938,3.3585937,2.8285937,0.38859376,0.12859374,1.1985937,2.5185938,3.0785937,1.2385937,3.1685936,-1.8614062,1.5285938,-1.6214062,-2.1914062,-3.8614063,-3.3614063,-6.1514063,-4.231406,-4.271406,-2.6714063,-2.9814062,-2.7314062,-1.8914063,-1.3214062,-0.74140626,0.7085937,0.20859376,-0.57140625,-0.55140626,0.50859374,-0.03140625,-0.23140626,1.0185938,0.14859375,-0.06140625,-0.39140624,0.00859375,0.39859375,0.08859375
2.9585938,3.1585937,2.2985938,2.4785938,2.8985937,3.0185938,1.0085938,-0.77140623,0.5885937,1.9185938,3.8185937,-0.77140623,-0.05140625,-0.9814063,-1.4514062,-0.52140623,1.0585938,-0.43140626,-3.7414062,-3.9214063,-2.1214063,-2.8614063,-2.2214062,-1.6314063,-0.46140626,-1.1314063,1.1785938,0.31859374,0.01859375,-1.1614063,-0.99140626,-0.88140625,0.12859374,0.79859376,1.1185937,1.7685938,1.1985937,1.4885937,0.49859375,0.13859375,-0.29140624,0.30859375,0.17859375
2.9385939,1.5685937,2.2085938,2.9485939,3.0685937,2.7385938,-0.80140626,-0.11140625,0.7185938,1.6585938,2.5485938,-1.8114063,-0.96140623,-2.2614062,0.80859375,1.4885937,-0.93140626,-1.3514062,-2.6514063,-2.2714062,-2.3114061,-1.0914062,-0.17140625,-0.08140625,0.74859375,0.56859374,0.40859374,-0.39140624,-1.2414062,-1.0614063,-1.3014063,-0.49140626,-0.04140625,-0.37140626,0.73859376,1.3885938,1.3485937,0.75859374,-0.09140625,0.04859375,0.66859376,0.00859375,-0.83140624
2.9185936,2.5485938,1.2585938,2.5785937,3.3385937,1.8585937,-0.45140624,-0.8514063,1.6285938,2.0185938,0.75859374,-1.7914063,-1.1014062,-0.07140625,-0.21140625,0.12859374,-1.5514063,-2.0314062,-2.1214063,-2.4114063,-0.49140626,-0.7214062,0.7085937,0.31859374,1.0785937,1.2785938,0.16859375,-2.1814063,-0.45140624,-1.0814062,-0.99140626,-1.0814062,-0.47140625,-1.4914062,-0.20140626,1.2585938,1.6785938,2.0685937,1.6285938,2.0385938,2.0685937,1.1085937,-0.42140624
