wind_kz.json
{"header": {"discipline":0,"disciplineName":"Meteorological products","gribEdition":2,"gribLength":1102,"center":7,"centerName":"US National Weather Service - NCEP(WMC)","subcenter":0,"refTime":"2023-08-28T06:00:00.000Z","significanceOfRT":1,"significanceOfRTName":"Start of forecast","productStatus":0,"productStatusName":"Operational products","productType":1,"productTypeName":"Forecast products","productDefinitionTemplate":0,"productDefinitionTemplateName":"Analysis/forecast at horizontal level/layer at a point in time","parameterCategory":2,"parameterCategoryName":"UnknownDiscipline_0_Category_2","parameterNumber":2,"parameterNumberName":"UnknownParameter_D0_C2_2","parameterUnit":"Unknown","genProcessType":2,"genProcessTypeName":"Forecast","forecastTime":0,"surface1Type":103,"surface1TypeName":"Specified height level above ground","surface1Value":10.0,"surface2Type":255,"surface2TypeName":"Missing","surface2Value":0.0,"gridDefinitionTemplate":0,"gridDefinitionTemplateName":"Latitude_Longitude","numberPoints":615,"shape":6,"shapeName":"Earth spherical with radius of 6,371,229.0 m","gridUnits":"degrees","resolution":48,"winds":"true","scanMode":64,"nx":41,"ny":15,"basicAngle":0,"lo1":47.0,"la1":41.0,"lo2":87.0,"la2":55.0,"dx":1.0,"dy":1.0}, "data":
[rows 0 to 14 of 15, columns 0 to 40 of 41]
-0.4506006,1.5593994,-0.51060057,-0.34060058,-2.1006005,-2.1706007,-0.13060059,0.4593994,1.8893994,0.40939942,1.3293995,1.4593995,1.9093994,1.7093995,2.3593993,1.5593994,1.5093994,2.2793994,3.3593993,2.7493994,2.9093995,1.8393995,2.7593994,3.2593994,-0.8606006,-0.5606006,2.9493995,2.8793993,-0.09060059,0.5993994,-0.2706006,0.31939942,3.2693994,-1.0606006,-6.4406004,-1.8806006,-4.8506007,-0.9406006,-5.7206006,-5.5606008,-7.4406004
0.18939942,-2.2206006,2.5393994,-0.4206006,-2.9306006,-1.7406006,-0.12060059,0.7793994,1.2893994,2.8693993,3.0993993,2.4693995,2.5793993,2.6193993,2.7693994,3.2993994,2.2593994,3.4593995,3.7093995,2.7593994,4.8493996,5.0893993,3.6093993,2.6293993,3.5393994,0.33939943,-0.47060058,3.0393994,1.8793994,2.9393995,0.18939942,-1.5206006,2.0393994,-0.37060058,-0.030600585,-2.7806005,-0.9606006,-1.5906006,0.37939942,-5.7106004,-9.3106
-1.3506006,-2.7706006,-4.6506004,-3.4006007,-3.2506006,-0.83060056,0.46939942,0.8193994,3.2893994,3.8293993,3.6593995,3.6993995,4.4193993,3.1193993,4.0793996,4.8993993,5.6893992,5.6193995,5.6793995,5.2693996,4.3593993,5.959399,5.7893996,7.9293995,9.9394,5.5893993,2.2993994,1.6793994,-0.41060057,-1.9206005,-0.1706006,-1.4206005,0.13939941,-1.3106006,0.16939941,-1.6806006,-0.070600584,-0.9606006,-1.0806006,0.13939941,-2.0206006
-1.9706006,-1.1706005,-0.6706006,0.6193994,1.8693994,3.5093994,2.3893995,3.6593995,4.0693994,3.7393994,3.5093994,4.5493994,4.5693994,4.249399,5.2993994,5.0993996,5.6493993,6.3793993,6.1393995,5.249399,5.3193994,6.0193996,6.2393994,8.329399,10.6394,8.1094,8.419399,5.6193995,5.8093996,3.6393995,4.1593995,5.499399,9.659399,6.729399,7.459399,2.4593995,0.60939944,-0.18060058,-0.3306006,5.0693994,5.3993993
2.3493993,3.7393994,3.6193993,4.4393992,5.5993996,5.9393992,5.8393993,5.3593993,3.4693995,4.7593994,4.6693993,5.6693993,4.7793994,5.499399,3.9293995,6.4193993,6.0593996,5.9193993,5.1793995,4.1793995,6.0993996,7.3693995,7.4393992,8.409399,10.489399,9.209399,10.079399,8.4794,6.6193995,7.1793995,6.2693996,5.9893994,3.0293994,0.91939944,3.7593994,1.9693995,14.2294,7.0293994,6.8793993,2.6593995,6.1493993
5.9393992,6.4193993,6.3293996,9.0694,10.699399,10.8194,8.749399,5.9893994,5.4393992,6.1893992,6.3493996,5.1493993,6.4293995,7.3693995,7.2193995,5.1093993,5.5993996,6.5293994,6.5293994,6.249399,6.0493994,5.8293996,4.7593994,9.209399,10.0994,9.5994,8.959399,4.8293996,8.3194,5.7893996,6.7693996,6.6293993,5.5293994,4.1993995,0.13939941,2.0093994,3.6693995,6.5493994,14.539399,5.9193993,-1.5206006
4.5593996,5.8693995,7.5193996,9.239399,10.1494,10.409399,9.6894,9.6394,7.4293995,9.539399,7.1393995,7.5193996,8.3994,8.1394,7.2693996,6.6193995,6.0093994,7.0093994,6.709399,6.9393992,5.2193995,6.1493993,8.869399,7.9193993,6.9693995,8.5594,8.839399,8.879399,7.5393996,8.0294,7.4693995,5.5793996,4.709399,5.5993996,2.1493995,4.6493993,2.4693995,-2.3806007,3.6393995,-4.5706005,4.3093996
1.3793994,2.7093995,3.7193995,4.8993993,6.1093993,6.5593996,7.6693993,8.289399,8.4394,8.739399,8.159399,9.339399,8.4794,9.8594,7.8993993,7.8193994,5.4193993,6.9393992,7.1993995,7.0893993,6.9393992,6.1393995,6.3793993,5.2593994,7.2393994,8.509399,8.6394,7.479399,7.8093996,5.709399,7.9093995,5.459399,5.9293995,4.8793993,5.459399,5.7993994,7.459399,8.3194,10.3994,10.3994,7.3193994
2.2293994,1.9493995,2.8893995,3.7393994,4.6093993,6.0893993,5.6493993,6.6193995,7.5493994,7.6893992,7.2793994,7.749399,9.039399,10.4794,7.1693993,5.3593993,5.0393996,7.5893993,6.3993993,5.8193994,6.9493995,6.5893993,6.479399,5.6693993,7.3693995,6.4193993,8.5694,7.3793993,5.9093995,7.1093993,7.6593995,6.0993996,6.6793995,6.2793994,2.8993995,2.8493993,4.0293994,2.7293994,1.4193994,-1.4706006,-2.6606007
2.5693994,2.7993994,3.4193995,3.5793993,3.6393995,3.2393994,3.2493994,4.1393995,4.5593996,6.9393992,7.0893993,8.0194,8.3994,8.4293995,2.3393993,0.8493994,8.339399,7.1193995,5.9693995,6.4393992,6.5393996,7.5293994,7.6793995,6.2593994,7.4693995,6.6693993,8.289399,6.979399,5.3593993,5.6693993,5.1993995,5.8593993,6.6293993,6.1993995,0.12939942,2.2693994,0.67939943,3.1393995,3.7093995,-1.1406006,-0.040600587
4.0393996,4.6493993,3.6993995,3.1993995,3.0893993,4.2793994,4.8493996,3.9493995,4.4193993,6.3493996,6.0393996,6.6793995,1.5993994,-0.3906006,1.5493994,3.3193994,7.8893995,5.229399,5.0493994,5.1593995,5.8293996,6.7393994,6.7193995,4.6893992,6.3493996,6.499399,6.0493994,5.8093996,5.6893992,6.229399,6.0493994,5.3793993,4.8993993,4.3693995,-1.4806006,-0.46060058,0.4893994,1.5293994,0.06939942,-1.3206006,-0.37060058
1.4793994,1.3893994,2.2793994,2.7193995,2.7093995,3.0893993,3.5993993,4.7793994,4.3793993,2.6493995,1.9993994,3.4393995,5.0993996,4.749399,1.0293994,2.8193994,5.2393994,4.3693995,3.5893993,4.0093994,4.979399,4.9193993,5.4693995,3.3693993,4.9693995,5.6693993,6.2693996,6.4493995,4.8593993,5.4693995,4.7393994,3.6793995,4.6593995,2.8493993,1.1693994,1.5593994,4.4893994,8.6793995,4.0893993,2.5793993,1.9293994
1.0093994,1.7293994,2.3993995,3.2793994,3.8193994,3.2393994,4.5493994,4.9693995,4.7693996,3.7893994,1.3893994,4.5093994,3.1193993,3.6493995,0.5093994,2.4393995,3.1393995,1.8593994,1.7193995,2.1793995,3.9293995,3.3793993,3.9893994,3.3893995,5.3193994,5.6793995,5.1293993,4.229399,3.4393995,3.1393995,3.2593994,0.009399414,2.8593993,3.2593994,2.3493993,2.5693994,5.0993996,3.5893993,7.0093994,7.2993994,3.2693994
2.4793994,3.2193995,4.0093994,3.6693995,4.459399,4.8593993,4.8193994,4.7193995,4.5493994,5.0793996,2.1293993,3.4193995,5.6793995,2.0093994,-0.9106006,2.3293993,0.3993994,1.0493994,0.66939944,1.9293994,1.1993995,-0.9706006,2.9893994,3.8593993,4.6893992,4.9893994,4.6793995,1.7393994,2.1893995,1.1593994,0.6393994,-1.8506006,-1.2206006,0.2693994,1.0293994,3.0093994,1.9293994,3.4993994,4.5293994,1.2993994,-0.47060058
2.2393994,3.7993994,4.0693994,3.3493993,4.1893992,4.9293995,5.2193995,4.3193994,4.8893995,4.5493994,2.6493995,1.2893994,0.9093994,-0.9306006,-1.5606006,0.029399414,-1.6206006,-2.0106006,-2.6006005,-1.5706006,0.8793994,-1.5006006,1.2493994,2.9593995,2.8493993,1.6493994,-0.43060058,-2.0106006,-1.2406006,-1.2406006,-2.2506006,-2.2306006,-1.7306006,-2.0606005,-0.1706006,-0.89060056,0.17939942,3.7593994,-2.0206006,-1.6506006,-1.3406006
