wind_kz.json
{"header": {"discipline":0,"disciplineName":"Meteorological products","gribEdition":2,"gribLength":1102,"center":7,"centerName":"US National Weather Service - NCEP(WMC)","subcenter":0,"refTime":"2023-08-23T12:00:00.000Z","significanceOfRT":1,"significanceOfRTName":"Start of forecast","productStatus":0,"productStatusName":"Operational products","productType":1,"productTypeName":"Forecast products","productDefinitionTemplate":0,"productDefinitionTemplateName":"Analysis/forecast at horizontal level/layer at a point in time","parameterCategory":2,"parameterCategoryName":"UnknownDiscipline_0_Category_2","parameterNumber":2,"parameterNumberName":"UnknownParameter_D0_C2_2","parameterUnit":"Unknown","genProcessType":2,"genProcessTypeName":"Forecast","forecastTime":120,"surface1Type":103,"surface1TypeName":"Specified height level above ground","surface1Value":10.0,"surface2Type":255,"surface2TypeName":"Missing","surface2Value":0.0,"gridDefinitionTemplate":0,"gridDefinitionTemplateName":"Latitude_Longitude","numberPoints":615,"shape":6,"shapeName":"Earth spherical with radius of 6,371,229.0 m","gridUnits":"degrees","resolution":48,"winds":"true","scanMode":64,"nx":41,"ny":15,"basicAngle":0,"lo1":47.0,"la1":41.0,"lo2":87.0,"la2":55.0,"dx":1.0,"dy":1.0}, "data":
[rows 0 to 14 of 15, columns 0 to 40 of 41]
1.9011359,1.7311358,-1.6688641,-2.7288642,-1.9088641,0.6311359,5.171136,-2.4388642,-1.6988641,-2.0388641,-1.0988641,-1.8488641,-1.6688641,-0.48886412,0.66113585,0.47113585,-0.15886414,-0.048864137,2.391136,2.2211359,0.25113586,1.0011358,-0.078864135,2.7911358,-3.7088642,-1.1288642,-1.5388641,2.7711358,1.1111358,-1.2088641,3.341136,-0.31886414,0.72113585,4.881136,-1.7688642,1.7311358,3.9711359,-1.3988642,-5.618864,-8.378864,-9.668864
1.2611358,-2.118864,-1.0588641,-7.1488643,-2.868864,0.5611359,5.2011356,2.0211358,1.4211359,0.8211359,0.29113588,0.35113585,0.7611359,1.1011358,1.2411358,1.2411358,1.2411358,2.181136,1.7511358,3.7411358,2.7511358,0.6811359,3.5311358,3.891136,2.7111359,0.08113586,0.08113586,2.181136,2.9611359,-1.1588641,-0.6888641,1.6811359,-0.53886414,-0.6188641,-0.66886413,2.5411358,3.361136,-4.308864,-5.428864,-6.118864,-9.1788645
-4.028864,-2.0188642,-5.928864,-5.1088643,-2.858864,1.1411358,4.941136,2.651136,3.2211359,2.441136,2.8111358,2.8311357,3.2811358,0.78113586,2.2611358,2.861136,3.881136,3.591136,3.2411358,2.9711359,4.271136,3.2611358,4.8911357,5.741136,4.881136,0.7611359,-4.118864,-2.6988642,-2.2888641,-1.5288641,-0.75886416,0.33113587,2.911136,5.651136,3.151136,-3.408864,0.07113586,-1.3088641,6.561136,-1.2988641,-2.7388642
-7.4188643,-4.5688643,-3.4688642,-2.578864,0.54113585,3.621136,4.1011357,5.261136,5.541136,5.501136,5.241136,5.421136,-0.95886415,-3.088864,2.5211358,5.191136,4.721136,4.1011357,5.2011356,6.401136,3.401136,5.221136,5.8311357,6.171136,6.961136,5.881136,2.3211358,-1.1988641,2.7511358,0.7511359,0.061135866,3.2311358,10.101136,12.271135,7.8511357,5.801136,1.0211358,-0.36886415,0.061135866,4.281136,7.8311357
-5.3588643,-3.5288641,-2.0188642,0.6911359,4.131136,4.241136,3.9811358,5.441136,5.571136,5.0811357,5.591136,6.421136,-0.90886414,0.6911359,2.2511358,7.251136,8.211136,5.441136,5.341136,6.241136,7.6011357,6.241136,4.841136,5.591136,6.711136,6.671136,6.1611357,5.971136,2.5811357,3.2311358,2.0711358,2.401136,2.7011359,0.83113587,2.2011359,2.881136,14.241136,3.111136,5.751136,-0.29886413,1.9411359
1.8711358,0.32113588,2.871136,4.501136,5.941136,6.781136,6.5811357,7.551136,6.001136,6.221136,6.321136,6.651136,1.5111358,3.851136,5.9511356,8.051136,9.121136,8.661136,6.001136,6.521136,7.721136,6.9311357,6.7011356,7.281136,7.521136,5.3311357,6.671136,4.861136,6.151136,6.4511356,8.121136,6.571136,5.521136,2.2011359,2.091136,-0.84886414,3.631136,7.841136,17.811134,10.671135,-5.458864
4.291136,1.7511358,5.591136,3.2811358,6.8511357,8.601136,9.431136,8.401135,6.801136,2.2411358,4.1411357,6.941136,7.981136,9.8611355,6.061136,6.751136,9.161136,10.331135,8.661136,7.1811357,8.041136,6.991136,6.5811357,6.541136,4.521136,6.5811357,8.101136,7.771136,8.161136,6.761136,8.701136,10.271135,6.901136,5.361136,2.7511358,4.031136,2.0811357,-1.6888641,3.5311358,-1.8188641,10.081136
1.1511359,6.651136,5.251136,7.341136,7.151136,2.5111358,1.8711358,4.6211357,6.801136,7.9111357,11.951136,10.441135,10.081136,11.811135,7.901136,7.881136,10.161136,8.941135,8.8211355,8.671136,8.391136,9.1111355,7.241136,5.8511357,5.691136,6.571136,8.921136,9.281136,9.5711355,9.541136,7.171136,8.451136,8.471136,4.671136,5.711136,6.8311357,3.3011358,8.691135,10.6111355,13.3211355,11.851135
-2.7688642,-1.8488641,-0.5588641,2.2911358,5.041136,6.091136,6.611136,7.9311357,7.311136,8.081136,8.1111355,6.4111357,9.471136,9.261136,10.041136,8.511136,6.881136,8.141136,7.751136,10.871136,7.791136,7.471136,8.241136,5.401136,6.461136,4.321136,7.381136,7.9111357,10.391135,8.171136,8.411136,6.3911357,8.681136,5.401136,4.1011357,-2.078864,0.43113586,2.931136,0.6411359,1.1311358,-0.6888641
0.21113586,0.7011359,2.3311357,3.4511359,3.9911358,3.7511358,5.6211357,5.8511357,6.3311357,7.481136,8.391136,9.521136,9.051136,9.3211355,8.431136,11.031136,9.851136,5.311136,7.731136,7.211136,6.801136,7.381136,7.671136,6.801136,6.3511357,5.7011356,7.071136,5.981136,5.711136,9.021136,8.911136,6.1211357,8.8211355,1.0411359,0.34113586,-3.878864,-1.5288641,2.121136,2.3211358,2.0511358,1.4511359
1.2011359,1.4911358,2.4811358,2.4811358,2.381136,1.9711359,3.5111358,3.871136,4.611136,2.901136,5.041136,8.031136,9.511136,10.761135,10.451136,9.731136,5.361136,5.631136,5.271136,7.481136,3.5211358,5.211136,7.4511356,6.901136,4.301136,6.511136,4.741136,4.771136,2.651136,6.8511357,7.171136,9.041136,5.441136,2.871136,-2.138864,-3.098864,-1.5888641,1.1211358,1.2411358,1.4511359,0.52113587
1.5211358,0.67113584,2.3311357,-0.50886416,1.7811359,3.091136,3.421136,4.131136,4.821136,5.6611357,5.981136,7.091136,7.251136,7.341136,7.801136,9.561136,5.251136,5.541136,3.3011358,2.661136,2.5511358,4.001136,7.381136,4.881136,2.2611358,7.9111357,5.721136,4.1611357,4.8311357,5.8911357,6.241136,8.311136,2.0711358,-0.45886412,0.8911359,0.52113587,-1.8888642,3.941136,1.4811358,1.3511358,1.4711359
-0.30886415,0.55113584,2.361136,3.141136,4.781136,3.2111359,4.881136,4.2011356,6.381136,4.611136,3.651136,4.8711357,7.691136,8.931136,9.391136,7.361136,6.3311357,6.921136,2.181136,1.7111359,0.49113587,4.8511357,6.051136,3.3211358,4.131136,5.1211357,3.5511358,5.421136,4.791136,5.291136,8.771136,8.461136,7.091136,3.0711358,2.2511358,0.7511359,-2.148864,2.9911358,0.45113587,1.1211358,1.8011359
-0.8188641,3.431136,3.8111358,1.6811359,3.3311357,4.4311357,3.8311357,3.4711359,5.001136,5.8511357,4.1611357,5.541136,5.441136,6.9511356,3.2111359,4.811136,4.591136,-0.44886413,-0.31886414,0.26113588,1.7111359,6.071136,3.381136,3.9911358,3.9811358,3.4511359,2.691136,4.9111357,5.011136,7.6411357,9.441135,9.041136,8.061136,1.5411359,1.7511358,1.1911359,-0.64886415,-0.33886415,1.7911359,0.24113587,2.851136
1.1911359,1.0411359,2.7811358,2.401136,3.641136,3.2411358,4.651136,5.001136,5.131136,4.001136,3.0411358,5.191136,2.601136,1.0411359,-3.5488641,-2.408864,-2.7588642,-4.748864,-1.5888641,0.25113586,5.3311357,1.1011358,3.401136,1.8611358,3.4511359,2.861136,4.6411357,5.221136,6.401136,8.501136,7.6211357,7.791136,-1.5088642,-1.2388642,-1.3988642,-1.8788642,-1.8388641,-0.75886416,-0.82886416,2.941136,0.84113586
