wind_kz.json
{"header": {"discipline":0,"disciplineName":"Meteorological products","gribEdition":2,"gribLength":1025,"center":7,"centerName":"US National Weather Service - NCEP(WMC)","subcenter":0,"refTime":"2023-09-23T00:00:00.000Z","significanceOfRT":1,"significanceOfRTName":"Start of forecast","productStatus":0,"productStatusName":"Operational products","productType":1,"productTypeName":"Forecast products","productDefinitionTemplate":0,"productDefinitionTemplateName":"Analysis/forecast at horizontal level/layer at a point in time","parameterCategory":2,"parameterCategoryName":"UnknownDiscipline_0_Category_2","parameterNumber":2,"parameterNumberName":"UnknownParameter_D0_C2_2","parameterUnit":"Unknown","genProcessType":2,"genProcessTypeName":"Forecast","forecastTime":180,"surface1Type":103,"surface1TypeName":"Specified height level above ground","surface1Value":10.0,"surface2Type":255,"surface2TypeName":"Missing","surface2Value":0.0,"gridDefinitionTemplate":0,"gridDefinitionTemplateName":"Latitude_Longitude","numberPoints":615,"shape":6,"shapeName":"Earth spherical with radius of 6,371,229.0 m","gridUnits":"degrees","resolution":48,"winds":"true","scanMode":64,"nx":41,"ny":15,"basicAngle":0,"lo1":47.0,"la1":41.0,"lo2":87.0,"la2":55.0,"dx":1.0,"dy":1.0}, "data":
[rows 0 to 14 of 15, columns 0 to 40 of 41]
-2.5866554,1.1733447,-4.4766555,-6.8266554,-7.0966554,-5.5566554,-6.4666553,-5.4666553,-4.7066555,-3.0066552,-3.5266552,-1.3766552,-0.5666553,0.59334475,0.45334473,1.6733447,3.2433448,5.1733446,4.4633446,5.373345,0.40334472,-1.8166553,1.5033448,3.5633447,2.2533448,2.6433446,2.1933448,3.0333447,0.31334472,1.1633447,-1.3666552,0.5633447,-0.8766553,0.17334473,-2.3366554,0.39334473,1.4333447,0.36334473,0.21334472,0.71334475,0.26334473
0.10334472,-6.7166553,-8.386655,-8.396655,-5.896655,-2.8866553,-5.8066554,-4.8666553,-3.0366552,-2.4366553,-0.17665528,-2.0766554,0.7033447,-1.2866553,0.78334475,1.8533447,0.28334472,3.1133447,2.9133446,-2.5566552,-2.2866552,-0.036655273,1.6533448,2.3133447,2.1933448,0.17334473,0.093344726,1.0733447,0.7433447,0.92334473,0.13334472,-0.076655276,-1.5366553,-1.2566552,0.40334472,2.5533447,1.2333447,0.85334474,0.49334472,-0.70665526,-1.5466553
-9.176655,-10.266655,-9.916656,-8.106655,-4.566655,-5.6766553,-5.3466554,-4.436655,-3.9966552,-2.6166553,-1.3966553,-1.1366553,-0.36665526,1.0433447,1.9333447,-0.21665527,1.4933448,-0.51665527,-0.23665528,-1.6466553,-1.1666553,0.11334473,1.3533447,4.313345,-2.8766553,-4.3266554,3.4133446,7.6133447,4.0533447,-0.37665528,0.5033447,-2.7766552,-0.10665527,1.1333448,-2.4566553,-0.51665527,0.34334472,-1.2166553,2.4633448,-0.38665527,-1.0866553
-10.866655,-11.116655,-8.616655,-4.146655,-6.3866553,-6.666655,-5.0566554,-5.626655,-4.7166553,-3.6966553,-2.4666553,-4.0366554,-1.3766552,1.1833447,2.7733448,-0.40665528,0.033344727,-0.6166553,-0.6666553,-2.5366552,1.4533447,2.9133446,2.4433448,0.22334473,-3.0466552,-0.6366553,6.0933447,8.013345,-3.6666553,0.45334473,-0.52665526,2.9933448,4.2733445,2.6933448,2.4633448,1.6133447,-0.9966553,0.49334472,1.0433447,-1.6466553,-0.82665527
-11.466656,-10.926655,-10.546656,-6.816655,-6.856655,-5.9266553,-5.2866554,-4.816655,-3.9466553,-3.7266552,-2.9066553,-4.756655,-2.6466553,0.91334474,4.933345,-0.84665525,-2.1466553,-1.0266553,1.9633447,-4.0766554,1.3233447,3.3733447,6.6733446,1.7233447,-2.6066554,3.0633447,-1.3666552,6.893345,-2.3866553,-5.396655,-5.126655,-2.5566552,-2.5966554,-0.5566553,-1.5566553,-2.3466554,1.0533447,-1.8866553,-1.6466553,-1.1366553,-0.37665528
-8.916656,-8.226655,-9.126656,-8.866655,-6.986655,-2.4366553,-5.3066554,-4.916655,-4.2666554,-3.8566554,-3.9866552,-4.6966553,-4.526655,-2.3566554,-0.95665526,-0.58665526,0.6133447,-0.056655273,0.11334473,-2.8266554,5.3633447,6.7833447,-0.6066553,-0.8666553,-9.7066555,0.23334473,-5.6166553,-4.916655,-4.046655,-5.0766554,-5.0366554,-4.876655,-2.7566552,-1.1966553,-0.14665528,1.5533447,-0.36665526,0.033344727,-0.45665526,-0.31665528,-1.9666553
-7.8266554,-7.736655,-6.8666553,-5.4766555,-1.7466552,-4.296655,-4.0366554,-3.7466552,-3.5666552,-3.0166552,-4.006655,-4.486655,-4.9666553,-4.986655,-4.7666554,-3.6866553,-2.6966553,-2.3366554,-1.8366553,-1.8166553,-3.4466553,-3.0266552,-1.6266552,-3.5566552,-5.546655,-3.8066552,-3.3366554,-3.0266552,-2.8566554,-4.7166553,-4.0566554,-3.9166553,-3.7466552,-1.1866553,2.2333448,1.6533448,1.1833447,-0.36665526,1.4533447,0.29334474,0.10334472
-6.8066554,-6.5966554,-5.876655,-5.046655,-4.376655,-3.5366552,-2.7366552,-2.7366552,-2.9666553,-2.8266554,-3.2966552,-4.106655,-4.416655,-4.7666554,-5.0766554,-5.0566554,-5.606655,-4.5366554,-4.2066555,-4.0566554,-3.9166553,-2.4466553,-1.6166552,-3.8866553,-2.4766552,-2.1466553,-4.296655,-3.5866554,1.3133447,-3.0266552,-3.1966553,-4.1166553,-3.7866552,-3.0566552,-2.8066552,0.39334473,0.65334475,4.413345,3.8433447,4.453345,2.5133448
-5.816655,-5.4566555,-5.396655,-4.9266553,-4.526655,-4.4766555,-3.8666553,-3.5166552,-3.1966553,-3.0966554,-3.5266552,-3.9866552,-3.9166553,-4.0766554,-4.6566553,-4.7466555,-4.9966555,-5.146655,-5.5566554,-5.796655,-5.546655,-5.186655,-2.8966553,0.15334472,0.5733447,1.6233448,0.35334474,1.1533448,2.3933446,1.5833447,-4.9566555,-3.1566553,-1.5566553,-0.5566553,0.24334472,1.3433447,-1.0166553,-0.25665528,-1.4366553,0.9433447,-1.5466553
-4.296655,-3.8166552,-3.7266552,-3.3666553,-3.4066553,-3.1066554,-3.1166553,-3.0266552,-3.0166552,-2.5966554,-2.6166553,-3.1966553,-2.7966552,-3.1966553,-3.3666553,-3.6966553,-3.9466553,-4.3466554,-4.046655,-4.0966554,-4.9466553,-4.356655,-3.8966553,-4.3266554,-5.2266555,-5.046655,-4.646655,-3.8666553,-3.3066552,-4.186655,-3.0966554,-1.1466553,0.35334474,1.6833447,1.3433447,1.1833447,1.3633447,0.65334475,0.7033447,0.5133447,-0.8866553
-2.6766553,-2.9066553,-2.3466554,-2.0066552,-2.2066553,-1.9666553,-1.2266552,-0.8766553,-1.0766553,-0.5566553,-0.34665528,-1.5566553,-1.1566553,-1.4466553,-1.7566552,-2.1866553,-2.4266553,-2.4866552,-3.0166552,-3.2166553,-3.7866552,-3.2866552,-3.2266552,-3.4966552,-3.0766554,-2.8466554,-3.2766552,-2.6266553,-2.7266552,-1.8566552,-0.21665527,0.45334473,0.8333447,0.60334474,2.0333447,1.2833447,0.31334472,1.1833447,0.26334473,0.29334474,-1.4666553
-1.2766553,-0.83665526,-0.9366553,-0.34665528,-1.4066553,-1.1166552,-1.1666553,-0.9166553,-0.9466553,-0.036655273,1.6433448,-0.72665524,0.12334473,-0.39665526,-0.17665528,-0.026655274,0.033344727,-0.36665526,-0.18665527,-0.65665525,-0.19665527,-0.8566553,-1.3066553,-0.84665525,-1.2666553,-1.1566553,-0.6066553,-0.14665528,0.17334473,0.60334474,0.31334472,0.10334472,0.22334473,0.40334472,1.4033448,0.78334475,-0.42665526,-0.18665527,0.033344727,-0.72665524,0.45334473
0.8033447,0.023344727,0.9433447,0.54334474,0.38334474,0.66334474,0.8033447,0.37334472,0.20334473,0.053344727,0.79334474,1.5633447,0.29334474,1.1433448,0.67334473,1.1733447,1.4133447,1.2633448,1.1733447,1.9033448,1.9733447,1.7333447,1.5533447,1.4433447,2.0033448,2.1633446,1.9933448,2.4133446,2.7033448,2.5033448,1.5633447,0.07334473,1.1733447,2.0133448,1.2233447,0.7633447,0.36334473,0.08334473,0.27334473,0.2533447,0.38334474
2.5033448,2.0033448,-0.16665527,2.7833447,1.9133447,2.2133448,2.2633448,2.0233448,0.4733447,1.2533448,1.2733448,2.2833447,1.3433447,1.9333447,2.1033447,2.2233448,2.6833448,2.7933447,2.4533448,3.1533446,2.7533448,2.6733446,3.2033448,3.2633448,2.9133446,2.7433448,2.7233448,2.6433446,2.6733446,2.2333448,1.6333448,-0.016655274,0.7533447,1.7333447,1.6233448,1.2333447,0.063344724,1.1133447,0.59334475,-0.39665526,-1.5466553
2.2933447,3.3933446,1.5333447,3.6633446,3.3233447,3.4233446,3.4933448,3.1633446,3.0533447,2.7133448,1.6333448,2.7733448,2.4233446,3.3333447,3.1333447,3.6233447,3.7333448,3.8933446,3.2933447,3.3733447,3.2133448,3.0533447,3.1133447,2.2333448,2.8133447,2.2433448,-1.3566552,1.1133447,-0.116655275,1.5433447,0.91334474,1.8933448,2.4533448,1.5033448,2.3633447,2.0133448,-0.52665526,-1.1366553,1.9533447,0.6233447,-0.7466553
