wind_kz.json
{"header": {"discipline":0,"disciplineName":"Meteorological products","gribEdition":2,"gribLength":1025,"center":7,"centerName":"US National Weather Service - NCEP(WMC)","subcenter":0,"refTime":"2025-04-05T18:00:00.000Z","significanceOfRT":1,"significanceOfRTName":"Start of forecast","productStatus":0,"productStatusName":"Operational products","productType":1,"productTypeName":"Forecast products","productDefinitionTemplate":0,"productDefinitionTemplateName":"Analysis/forecast at horizontal level/layer at a point in time","parameterCategory":2,"parameterCategoryName":"UnknownDiscipline_0_Category_2","parameterNumber":3,"parameterNumberName":"UnknownParameter_D0_C2_3","parameterUnit":"Unknown","genProcessType":2,"genProcessTypeName":"Forecast","forecastTime":300,"surface1Type":103,"surface1TypeName":"Specified height level above ground","surface1Value":10.0,"surface2Type":255,"surface2TypeName":"Missing","surface2Value":0.0,"gridDefinitionTemplate":0,"gridDefinitionTemplateName":"Latitude_Longitude","numberPoints":615,"shape":6,"shapeName":"Earth spherical with radius of 6,371,229.0 m","gridUnits":"degrees","resolution":48,"winds":"true","scanMode":64,"nx":41,"ny":15,"basicAngle":0,"lo1":47.0,"la1":41.0,"lo2":87.0,"la2":55.0,"dx":1.0,"dy":1.0}, "data":
[rows 0 to 14 of 15, columns 0 to 40 of 41]
3.790752,1.6607519,-1.149248,-3.349248,-4.439248,-4.649248,-3.919248,-4.079248,-2.549248,-3.8792481,-3.839248,-5.319248,-5.499248,-7.079248,-7.039248,-7.419248,-5.7592483,-0.33924806,0.95075196,0.89075196,0.58075196,0.5507519,4.450752,1.2907519,2.670752,-0.32924804,0.38075197,1.030752,-0.759248,0.560752,1.780752,1.7007519,0.35075197,0.58075196,1.150752,0.73075193,-0.49924806,-0.099248044,0.39075196,2.460752,3.090752
4.770752,-0.749248,-1.369248,-1.9192481,-3.1092482,-4.479248,-4.329248,-3.6192482,-4.569248,-4.669248,-5.179248,-4.299248,-4.869248,-5.779248,-7.069248,-7.789248,-7.199248,-2.589248,-0.25924805,1.630752,1.4407519,2.750752,4.780752,4.070752,2.6207519,2.930752,2.790752,1.990752,1.280752,2.540752,1.760752,3.6107519,1.510752,2.070752,-0.22924805,3.790752,3.790752,2.550752,1.890752,0.60075194,-0.29924804
-0.29924804,-2.959248,-3.789248,-3.969248,-3.099248,-2.8892481,-2.979248,-3.819248,-4.039248,-4.809248,-5.139248,-4.549248,-3.239248,-4.569248,-5.929248,-6.4892483,-5.799248,-4.289248,-2.219248,-2.349248,3.1107519,2.090752,4.280752,2.400752,-0.35924804,-0.61924803,-1.969248,-0.13924804,-0.80924803,0.31075194,0.41075194,2.530752,1.000752,1.960752,-0.009248047,-2.439248,-0.29924804,0.51075196,-0.77924806,0.9207519,0.66075194
-1.4392481,-1.6692481,-3.029248,-4.349248,-4.679248,-5.289248,-6.519248,-4.419248,-4.349248,-3.989248,-4.349248,-3.499248,-2.999248,-0.41924804,-4.0092483,-4.4892483,-6.039248,-5.399248,-0.76924807,-2.599248,3.700752,6.750752,-0.26924804,-1.659248,-0.07924805,2.800752,3.1007519,2.1107519,4.750752,3.980752,4.930752,0.43075195,0.95075196,-0.6992481,2.080752,1.850752,3.530752,3.250752,-3.299248,-3.049248,-1.659248
-2.409248,-3.269248,-3.809248,-4.629248,-4.639248,-5.439248,-5.789248,-4.309248,-5.649248,-4.409248,-2.589248,-3.1392481,-0.65924805,-0.91924804,-1.8192481,-2.939248,-3.3592482,-5.669248,-0.14924805,7.290752,3.950752,2.300752,1.0407519,0.22075196,-1.769248,3.1107519,6.620752,3.8607519,5.300752,5.610752,0.6107519,0.21075195,2.560752,1.280752,0.32075197,1.600752,1.590752,0.040751953,-2.199248,-1.229248,1.0807519
-3.549248,-3.8992481,-4.379248,-4.669248,-5.219248,-4.559248,-4.969248,-4.999248,-6.769248,-6.639248,-8.309248,-1.4492481,0.49075195,1.0607519,0.13075195,-2.8792481,-3.1292481,-3.689248,-1.739248,0.990752,5.440752,5.680752,4.790752,5.080752,4.820752,4.830752,6.810752,3.580752,5.940752,4.230752,1.720752,1.530752,1.120752,-0.65924805,-1.889248,3.8607519,-2.409248,7.519531E-4,-0.33924806,0.71075195,3.230752
-3.509248,-3.8692482,-4.469248,-4.609248,-5.019248,-5.249248,-5.369248,-5.0092483,-3.299248,-4.629248,-5.449248,-7.969248,2.970752,0.84075195,0.13075195,-1.3392481,-3.349248,-3.509248,-4.4892483,2.010752,4.550752,7.360752,8.050752,6.440752,4.860752,3.460752,2.000752,2.690752,6.020752,5.920752,4.860752,3.340752,2.300752,3.340752,1.760752,2.510752,2.310752,3.740752,0.43075195,3.200752,3.400752
-3.819248,-3.829248,-3.599248,-3.789248,-4.0092483,-4.019248,-4.2592483,-3.969248,-4.469248,-4.419248,-4.369248,-4.249248,4.380752,3.290752,1.400752,-0.52924806,-2.8792481,-3.019248,-5.439248,2.330752,2.8807518,-1.109248,7.170752,5.430752,7.180752,2.920752,7.100752,1.0507519,5.420752,5.460752,5.190752,4.460752,3.990752,4.2607517,2.3707519,1.120752,-0.22924805,0.88075197,-0.65924805,0.52075195,3.010752
-4.139248,-3.799248,-3.569248,-3.549248,-4.039248,-2.8692482,-3.1192482,-2.919248,-2.809248,-3.6492481,-2.3692482,-3.809248,-2.309248,3.840752,-0.26924804,0.60075194,-2.329248,-4.099248,-3.479248,-4.449248,4.680752,3.080752,-1.2992481,6.630752,5.900752,6.030752,3.980752,6.730752,8.760752,4.750752,6.220752,5.140752,3.940752,3.760752,4.680752,4.640752,3.1307518,1.980752,2.910752,2.430752,2.1407518
-4.309248,-4.369248,-4.199248,-4.089248,-3.939248,-3.009248,-2.449248,-1.909248,-1.6892481,-1.4592481,-2.8692482,-3.349248,-3.1392481,-1.229248,-0.49924806,-1.779248,-2.549248,-3.549248,-3.849248,-2.469248,-5.229248,7.910752,3.580752,1.5407519,4.480752,7.800752,5.9907517,4.450752,6.060752,4.710752,2.900752,3.760752,1.1907519,3.8707519,4.960752,4.330752,2.8507519,2.1107519,2.830752,1.750752,2.8707519
-3.999248,-5.049248,-6.049248,-4.659248,-3.939248,-3.429248,-2.599248,-2.1092482,-0.91924804,0.27075195,-0.49924806,-1.3292481,-1.3192481,-1.639248,-1.9592481,-1.749248,-1.469248,-3.019248,-3.219248,-3.1092482,-1.749248,-2.429248,2.500752,2.590752,2.160752,1.3107519,4.400752,4.700752,4.5107517,1.7907519,2.550752,3.450752,2.1407518,4.590752,6.060752,6.680752,4.470752,2.830752,5.310752,2.280752,0.82075197
-4.0092483,-4.629248,-5.379248,-4.889248,-3.8592482,-2.509248,-1.6992481,0.20075196,1.2907519,0.6707519,1.360752,1.350752,0.29075196,-0.46924806,-1.769248,-0.79924804,-0.31924805,0.65075195,-1.369248,-3.189248,-2.3892481,-1.539248,0.6707519,-0.509248,0.13075195,-0.26924804,-1.3392481,-3.299248,-2.249248,-1.5492481,0.36075196,1.130752,1.780752,3.320752,4.050752,4.720752,4.140752,3.030752,1.350752,1.850752,0.98075193
-4.049248,-4.999248,-5.159248,-5.049248,-4.879248,-2.969248,-1.279248,0.9207519,5.680752,5.230752,3.150752,2.710752,3.430752,1.630752,-0.23924805,0.48075196,0.84075195,2.840752,0.95075196,-0.749248,-1.3092481,-0.76924807,-0.36924803,-0.689248,-0.67924803,-0.59924805,0.060751952,0.35075197,-2.069248,-2.249248,-3.249248,-2.8792481,-2.099248,-1.649248,0.48075196,0.29075196,0.36075196,0.59075195,2.180752,3.740752,2.320752
-4.4892483,-5.249248,-6.569248,-5.389248,-4.819248,-3.6392481,-2.769248,-1.979248,2.570752,6.9907517,4.650752,3.420752,3.820752,2.260752,1.270752,-0.629248,3.3607519,3.250752,1.9107519,1.730752,0.53075194,-0.55924803,-1.0592481,-0.91924804,-0.60924804,-1.139248,-1.859248,-2.089248,-2.279248,-1.769248,-2.259248,-3.179248,-2.6192482,-2.969248,-3.019248,-2.839248,-2.029248,0.740752,1.400752,1.490752,2.840752
-3.509248,-6.599248,-7.539248,-6.599248,-6.689248,-5.279248,-4.769248,-1.899248,3.760752,5.130752,3.920752,4.660752,2.260752,0.95075196,-0.38924804,3.6007519,5.410752,3.980752,2.400752,1.710752,1.030752,0.6107519,0.35075197,0.040751953,-0.29924804,-0.44924805,-0.9492481,-1.719248,-2.669248,-3.1092482,-3.089248,-2.479248,-2.8792481,-1.399248,1.240752,0.020751953,0.58075196,-0.569248,-1.369248,-1.869248,-1.759248
