wind_kz.json
{"header": {"discipline":0,"disciplineName":"Meteorological products","gribEdition":2,"gribLength":948,"center":7,"centerName":"US National Weather Service - NCEP(WMC)","subcenter":0,"refTime":"2023-09-27T12:00:00.000Z","significanceOfRT":1,"significanceOfRTName":"Start of forecast","productStatus":0,"productStatusName":"Operational products","productType":1,"productTypeName":"Forecast products","productDefinitionTemplate":0,"productDefinitionTemplateName":"Analysis/forecast at horizontal level/layer at a point in time","parameterCategory":2,"parameterCategoryName":"UnknownDiscipline_0_Category_2","parameterNumber":3,"parameterNumberName":"UnknownParameter_D0_C2_3","parameterUnit":"Unknown","genProcessType":2,"genProcessTypeName":"Forecast","forecastTime":60,"surface1Type":103,"surface1TypeName":"Specified height level above ground","surface1Value":10.0,"surface2Type":255,"surface2TypeName":"Missing","surface2Value":0.0,"gridDefinitionTemplate":0,"gridDefinitionTemplateName":"Latitude_Longitude","numberPoints":615,"shape":6,"shapeName":"Earth spherical with radius of 6,371,229.0 m","gridUnits":"degrees","resolution":48,"winds":"true","scanMode":64,"nx":41,"ny":15,"basicAngle":0,"lo1":47.0,"la1":41.0,"lo2":87.0,"la2":55.0,"dx":1.0,"dy":1.0}, "data":
[rows 0 to 14 of 15, columns 0 to 40 of 41]
0.42657715,-1.7734228,1.0665772,1.0665772,-1.1434228,-0.18342285,0.18657714,0.60657716,-0.5334228,-1.4034228,-3.273423,-2.263423,-2.1934228,-2.073423,-1.2534229,-0.083422855,1.3665771,0.20657715,-0.74342287,-0.20342284,-0.32342285,-1.1434228,-2.1234229,-0.87342286,-2.4034228,-0.29342285,-0.9134228,1.2465771,-0.69342285,1.7465771,1.4765772,0.74657714,1.1765771,-0.87342286,0.6365771,0.8265771,0.03657715,1.4365772,1.7865771,0.07657715,0.15657715
1.8865771,1.1165771,2.0265772,0.98657715,-0.9134228,-0.03342285,-1.9034228,-0.083422855,-1.2734228,-2.1134229,-3.073423,-2.6834228,-3.263423,-2.813423,-0.6134229,-0.7234228,0.47657716,0.67657715,1.2765771,1.5765772,1.7465771,-1.1134229,-0.7934229,1.6665771,1.3765771,0.56657714,-1.8234229,1.9065771,0.41657716,2.1465771,2.1065772,3.206577,1.4265771,1.0065771,1.0665772,-0.6134229,-0.49342287,-0.27342284,-0.37342286,-2.2134228,2.0465772
1.8565772,2.906577,0.03657715,-1.0134228,1.3365772,-1.0534228,-1.9734229,-1.3234229,-2.2134228,-3.3934228,-3.9134228,-2.1034229,-2.343423,-3.4034228,-1.3634229,1.7065772,3.3265772,2.7765772,2.946577,0.79657716,-0.41342285,-1.0334228,0.73657715,1.4665772,0.34657714,0.24657714,0.72657716,0.14657715,-0.013422851,1.3065772,0.62657714,-0.25342286,0.48657715,-1.0634228,-0.12342285,-0.0034228517,-0.77342284,-1.1134229,-0.43342286,-0.51342285,0.18657714
-0.33342284,0.11657715,0.11657715,-0.99342287,-1.4834229,-1.0034229,-1.9734229,-1.5934229,-1.9334228,-2.523423,-3.1934228,-3.583423,-1.6234229,-3.3634229,-2.823423,2.3865771,2.8165772,2.426577,2.3065772,0.13657714,-0.7834228,1.0765772,1.5765772,0.19657715,0.016577149,0.55657715,-0.13342285,2.2865772,2.2765772,2.3165772,0.93657714,0.016577149,-1.4434228,2.6065772,-1.4334228,-0.35342285,-0.5334228,0.98657715,0.91657716,1.1065772,0.31657714
0.79657716,0.59657717,-0.083422855,-0.38342285,0.026577149,0.12657715,-1.1134229,-0.39342284,-1.0834229,-2.1534228,-2.2434227,-2.563423,-5.163423,-1.1734228,-2.3534229,2.5365772,3.0965772,3.0565772,2.5465772,0.49657714,-1.4634229,-1.2834228,1.3365772,1.5165771,0.16657715,-1.5834229,1.1365771,1.2565771,0.11657715,0.7665771,2.3965771,2.216577,1.6065772,-1.1834228,-0.7834228,-0.10342285,0.18657714,-0.34342286,-0.25342286,0.72657716,-1.6534228
0.94657713,0.18657714,-1.6934228,-1.1134229,-1.5434228,-1.7534229,-1.8334229,-1.1834228,-1.0134228,-1.2334229,-1.8634229,-2.4734228,-4.0834227,-2.293423,-0.39342284,-0.28342286,2.0065773,3.1365771,2.5165772,1.2465771,-1.0934229,-2.3634229,-0.24342285,1.0765772,0.31657714,-0.47342286,0.68657714,0.86657715,2.0465772,3.3365772,2.236577,2.916577,2.436577,3.0865772,2.2865772,4.9965773,2.1165771,1.6065772,1.8265772,-0.46342286,-1.1034229
0.68657714,1.1265771,0.42657715,0.17657715,0.25657713,-0.40342286,-0.44342285,-0.57342285,-0.7934229,-1.4034228,-2.2434227,-0.9134228,-1.5634228,-2.4534228,-2.303423,-2.083423,-0.99342287,1.1965772,2.0765772,-0.40342286,-0.32342285,-2.033423,1.5065771,0.7765772,-0.74342287,-1.6234229,-1.5634228,-1.4734229,-0.50342286,4.056577,3.6465771,1.1265771,2.8265772,2.7965772,0.05657715,-1.0734229,-2.5034227,0.0065771486,-0.45342284,-0.17342286,0.47657716
-1.9234228,-1.8634229,-2.1634228,-2.1734228,-1.8234229,-1.2634228,-0.75342286,-0.03342285,0.38657716,-0.51342285,-0.24342285,-0.34342286,-0.76342285,-1.3434229,-2.4434228,-0.56342286,0.20657715,1.2465771,1.0265771,0.7765772,-1.1334229,-1.6534228,0.9665772,1.1465771,-0.64342284,-1.4634229,-1.2134229,-2.9934227,-1.4834229,3.7665772,3.166577,4.2665772,2.666577,2.8665771,2.0365772,0.10657715,1.3765771,3.3865771,-1.0434228,0.14657715,-2.1134229
-2.3834229,-2.6934228,-2.583423,-2.6834228,-2.343423,-2.0034227,-1.4634229,-0.50342286,0.31657714,0.62657714,0.28657714,0.72657716,-0.15342285,-1.0934229,-1.0634228,-2.043423,0.7165772,1.2665771,1.6965772,-0.59342283,-1.4134228,-0.99342287,-0.63342285,0.27657714,0.34657714,-1.7734228,-1.5334228,-1.8634229,-1.7634228,-1.1834228,0.49657714,-1.1334229,1.7165772,4.3765774,3.156577,3.5965772,-1.4234228,0.7765772,1.9365772,1.2465771,-2.263423
-3.1334229,-3.013423,-3.083423,-3.283423,-3.4734228,-3.3534229,-2.7234228,-0.9734228,-0.93342286,-1.7934228,-1.5134228,0.48657715,0.59657717,-1.3834229,-1.7134229,-1.4834229,1.2065772,1.5465771,2.226577,-0.16342285,0.49657714,-2.9434228,-1.5034229,-1.5934229,-1.1934228,-1.5734229,-2.313423,-0.71342283,-2.543423,-3.6834228,-0.57342285,-0.51342285,-2.1834228,-0.42342284,-0.80342287,-0.50342286,0.7165772,-1.7334229,1.1165771,4.4365773,3.8365772
-2.3734229,-2.6234229,-3.313423,-3.4734228,-3.543423,-3.533423,-3.0034227,-2.763423,-1.5234228,-0.74342287,-0.93342286,-0.8634229,-1.7034229,-1.2934228,-1.4434228,-1.2134229,1.3865771,0.7765772,-0.14342286,-1.6634228,0.74657714,-0.68342286,-0.94342285,-0.99342287,-1.4134228,-2.033423,-0.47342286,-1.8334229,-2.273423,-1.0534228,0.22657715,-0.93342286,-0.18342285,1.4965771,2.3265772,1.9465772,0.72657716,1.8265772,1.7965771,1.5365771,1.1865772
-1.8834229,-2.083423,-3.1034229,-3.323423,-3.063423,-3.6134229,-2.6734228,-2.1734228,-2.2534227,-0.27342284,-0.20342284,-1.3134228,-1.3334229,-1.2034229,-1.1634228,0.06657715,1.0165771,1.7665771,1.9465772,1.5765772,-0.17342286,-1.5134228,-1.3634229,-0.82342285,-1.7734228,-2.043423,-0.23342285,-1.1534228,-1.1334229,-1.5734229,-1.4934229,-2.6234229,-0.49342287,0.26657715,1.7465771,2.236577,2.0965772,1.8065772,1.8165772,0.9665772,1.0465771
-1.0934229,-0.75342286,-1.4934229,-1.7134229,-2.333423,-2.1034229,-2.9934227,-3.2334228,-2.803423,-0.06342285,-0.083422855,-0.84342283,-1.6134229,-0.84342283,-1.8334229,-1.9634229,-0.17342286,1.9765772,1.8165772,0.33657715,0.38657716,-1.1534228,-1.3734229,-0.6134229,-1.2734228,-1.5034229,-0.023422852,0.47657716,-1.2534229,-1.7934228,-2.053423,-0.8634229,-1.9034228,-1.2834228,-0.31342286,1.8165772,2.3465772,1.3565772,2.236577,0.98657715,0.97657716
0.05657715,-0.80342287,-2.583423,-2.6034229,-1.6534228,-1.7034229,-1.2334229,-2.4834228,-2.4834228,-1.1534228,0.31657714,0.03657715,-0.35342285,-0.76342285,-1.6134229,-1.6034229,-1.4434228,-0.6134229,0.22657715,0.5765771,-0.0034228517,-0.47342286,-1.0734229,-1.1534228,-1.0934229,-1.2334229,-0.6034229,-0.12342285,-0.12342285,-0.88342285,-0.7234228,-0.7334229,-0.49342287,-0.32342285,-0.87342286,0.75657713,1.2065772,1.7265772,1.9265771,2.1365771,2.0465772
0.37657714,-0.9234229,-1.0734229,-2.1034229,-2.763423,-2.273423,-2.6334229,-1.7834228,-2.4634228,-1.2734228,-0.25342286,-0.20342284,-0.82342285,-1.1034229,-1.9134228,-1.6734228,-0.99342287,-1.0534228,-0.9734228,0.41657716,0.5165771,-0.89342284,-1.1134229,-1.1234229,-1.0434228,0.39657715,0.06657715,-0.6634228,-0.76342285,-1.4834229,-1.4334228,-1.1334229,1.1965772,0.5265772,0.73657715,0.8965771,1.2565771,2.656577,1.5465771,2.736577,1.6765771
