wind_kz.json
{"header": {"discipline":0,"disciplineName":"Meteorological products","gribEdition":2,"gribLength":1025,"center":7,"centerName":"US National Weather Service - NCEP(WMC)","subcenter":0,"refTime":"2023-08-07T06:00:00.000Z","significanceOfRT":1,"significanceOfRTName":"Start of forecast","productStatus":0,"productStatusName":"Operational products","productType":1,"productTypeName":"Forecast products","productDefinitionTemplate":0,"productDefinitionTemplateName":"Analysis/forecast at horizontal level/layer at a point in time","parameterCategory":2,"parameterCategoryName":"UnknownDiscipline_0_Category_2","parameterNumber":2,"parameterNumberName":"UnknownParameter_D0_C2_2","parameterUnit":"Unknown","genProcessType":2,"genProcessTypeName":"Forecast","forecastTime":240,"surface1Type":103,"surface1TypeName":"Specified height level above ground","surface1Value":10.0,"surface2Type":255,"surface2TypeName":"Missing","surface2Value":0.0,"gridDefinitionTemplate":0,"gridDefinitionTemplateName":"Latitude_Longitude","numberPoints":615,"shape":6,"shapeName":"Earth spherical with radius of 6,371,229.0 m","gridUnits":"degrees","resolution":48,"winds":"true","scanMode":64,"nx":41,"ny":15,"basicAngle":0,"lo1":47.0,"la1":41.0,"lo2":87.0,"la2":55.0,"dx":1.0,"dy":1.0}, "data":
[rows 0 to 14 of 15, columns 0 to 40 of 41]
-3.216289,1.023711,-0.53628904,2.763711,0.15371093,0.29371095,-3.536289,-4.196289,-4.176289,-2.396289,-2.8262892,-1.986289,-1.8862891,-1.256289,-0.30628908,0.31371093,0.61371094,1.783711,1.773711,2.353711,1.8637109,0.29371095,1.7237109,2.3637109,0.52371097,0.28371093,4.033711,2.943711,0.5737109,4.763711,-0.29628906,3.513711,-0.35628906,-0.9262891,-2.3262892,-1.846289,-1.336289,-1.5362891,-1.3162891,-2.006289,-0.97628903
-0.43628907,-0.63628906,0.39371094,-0.65628904,-0.23628907,-0.63628906,-1.736289,-2.046289,-1.866289,-1.3962891,0.44371092,0.68371093,2.683711,3.053711,4.483711,4.403711,3.183711,4.673711,4.223711,2.3737109,2.793711,3.333711,2.213711,3.1137109,0.31371093,0.37371093,1.3137109,0.68371093,3.323711,1.913711,0.7637109,-0.37628907,2.6337109,1.273711,0.61371094,0.09371094,-0.6162891,-2.306289,-0.23628907,-0.22628906,0.54371095
-3.0762892,0.54371095,-0.7962891,-0.026289063,0.65371096,-2.546289,-2.3862891,-0.5462891,1.2137109,2.263711,2.573711,2.703711,4.0037107,6.603711,7.0237107,7.373711,7.0437107,7.143711,5.913711,5.7937107,2.943711,3.843711,2.803711,2.473711,-1.126289,-1.746289,-2.996289,-2.8662891,2.463711,-0.6762891,1.743711,-1.6362891,-1.0262891,0.62371093,-1.9462891,2.103711,1.173711,0.0037109375,0.7637109,6.243711,6.713711
-2.3862891,1.4437109,-1.7662891,-0.97628903,-0.9862891,-1.606289,0.45371094,-2.1262891,-0.88628906,0.52371097,-0.9162891,-1.2762891,1.8037109,3.543711,4.263711,6.803711,8.193711,8.343711,7.403711,6.263711,5.223711,4.723711,4.403711,4.193711,1.513711,-0.31628907,-1.1462891,-0.32628906,-1.0462891,-2.046289,-1.836289,0.49371094,-1.716289,-0.34628907,0.49371094,2.193711,1.763711,2.023711,-2.906289,-3.6162891,-3.5962892
-0.57628906,-1.746289,-0.89628905,-1.126289,0.6337109,0.13371094,-1.256289,0.97371095,0.34371093,0.08371094,0.043710936,0.31371093,1.0837109,0.9537109,4.513711,2.3737109,4.463711,4.283711,6.173711,7.083711,6.513711,7.2737107,5.153711,4.363711,4.913711,1.373711,1.6037109,0.16371094,1.1137109,1.9337109,2.233711,3.063711,4.063711,4.473711,-3.526289,-2.3862891,0.23371094,-0.39628905,-1.256289,-1.1662891,-0.32628906
-3.706289,-2.646289,-1.496289,-1.486289,-2.566289,-3.066289,-0.5462891,-0.27628908,-1.506289,-1.116289,-2.216289,-2.746289,-1.6362891,-1.746289,-2.1162891,-2.8562891,-3.256289,0.5037109,2.8837109,5.143711,4.173711,3.683711,2.733711,1.403711,1.1937109,-0.26628906,-1.476289,-1.606289,3.203711,1.753711,2.263711,1.283711,1.3337109,0.8937109,0.39371094,1.743711,4.093711,3.343711,2.1437109,2.253711,1.923711
-3.3562891,-2.206289,-1.6662891,-4.426289,-4.176289,-3.5762892,-2.296289,-2.196289,-1.9162891,-0.9862891,-2.986289,-3.716289,-2.8762891,-3.726289,-5.176289,-1.9362891,0.54371095,-2.976289,-2.3562891,-9.476289,-9.936289,-8.936289,-5.866289,-4.816289,-4.536289,-3.176289,-1.486289,1.8437109,1.0537109,2.253711,1.403711,0.5837109,0.40371093,-1.5562891,-0.45628905,1.9737109,2.213711,1.4637109,6.123711,-0.65628904,0.46371093
-2.646289,-2.526289,-3.0762892,-3.256289,-3.456289,-3.6262891,-4.006289,-3.246289,-3.446289,-4.836289,-3.8462892,-3.506289,-4.216289,-4.146289,-4.626289,-5.936289,-5.046289,-6.406289,-7.256289,-9.686289,-8.986289,-8.446289,-6.906289,-5.666289,-3.946289,-1.256289,-0.40628907,0.71371096,0.11371094,-1.126289,0.90371096,1.3537109,1.5937109,2.703711,4.763711,2.983711,-2.0862892,0.29371095,1.493711,0.93371093,1.6037109
-2.066289,-2.246289,-1.6862891,-1.576289,-1.326289,-2.8262892,-2.906289,-3.186289,-3.3362892,-3.956289,-2.956289,-2.6062891,-3.646289,-3.6062891,-4.546289,-5.526289,-5.9962893,-7.256289,-6.936289,-6.586289,-7.096289,-6.436289,-5.096289,-4.376289,-4.566289,-3.1162891,-2.786289,-2.016289,-1.5462891,-0.69628906,-2.646289,-3.3862891,-1.3062891,-0.76628906,0.29371095,1.9837109,4.473711,4.5037107,3.8937109,1.043711,3.263711
-0.7462891,-2.036289,-1.5462891,-1.6662891,-1.5262891,-1.1362891,-0.75628906,-1.376289,-2.226289,-1.2662891,-2.1062891,-3.526289,-3.266289,-4.156289,-4.396289,-4.966289,-6.356289,-6.296289,-6.156289,-5.826289,-5.546289,-4.7462893,-4.486289,-4.936289,-4.2462893,-2.976289,-3.1362891,-1.876289,-1.6962891,-2.1162891,-0.39628905,0.52371097,1.913711,2.323711,2.953711,2.833711,1.7337109,0.013710937,1.383711,1.243711,0.53371096
-2.156289,-1.9162891,-1.6362891,-0.59628904,-1.2962891,-1.206289,-0.8562891,-1.216289,-1.6962891,-1.376289,-3.166289,-3.666289,-2.256289,-2.496289,-2.8762891,-3.3562891,-2.5962892,-2.936289,-3.056289,-4.526289,-4.126289,-4.306289,-4.2062893,-3.8662891,-3.956289,-3.1362891,-3.236289,-2.186289,-1.9062891,-1.1362891,0.16371094,1.383711,2.523711,3.033711,3.573711,3.473711,3.333711,4.403711,6.893711,1.873711,1.5837109
0.9537109,-0.26628906,-1.0562891,-1.3862891,-1.2762891,-0.42628905,-1.0462891,-2.306289,-1.116289,-1.876289,-1.5362891,-3.246289,-2.946289,-3.046289,-1.996289,-0.64628905,-0.56628907,-0.16628906,-0.6062891,0.5737109,-0.96628904,-1.9462891,-1.826289,-1.5362891,-2.8262892,-2.756289,-2.446289,-1.626289,-0.9862891,0.19371094,0.29371095,0.85371095,1.4437109,2.8737109,3.063711,4.193711,4.993711,6.243711,5.0037107,3.4237108,1.1837109
2.073711,2.803711,1.163711,0.31371093,0.23371094,-0.09628906,-0.40628907,-0.17628907,0.103710935,-0.9162891,-0.36628905,-1.5662891,-3.3862891,-3.306289,-3.0962892,-1.6462891,-1.0262891,0.45371094,2.033711,0.18371093,3.093711,3.003711,1.283711,0.23371094,-1.486289,-1.9362891,-1.616289,-1.2662891,-1.3862891,-2.0962892,-0.65628904,0.97371095,2.223711,4.463711,3.933711,4.783711,6.2937107,4.663711,7.223711,6.173711,4.763711
4.203711,2.723711,0.79371095,2.213711,0.84371096,0.62371093,0.6337109,0.79371095,0.31371093,0.61371094,0.21371093,0.46371093,0.6937109,-1.4262891,-1.1462891,0.39371094,1.393711,1.623711,2.6437109,2.203711,1.8637109,4.193711,2.273711,-1.836289,-3.916289,-2.196289,-1.076289,-1.6462891,-1.7762891,-0.26628906,-0.056289062,-0.076289065,-0.90628904,2.253711,1.2137109,3.9137108,3.963711,4.563711,4.933711,2.9137108,5.343711
3.6437109,3.763711,2.023711,1.2137109,-0.32628906,1.5837109,1.5537109,1.873711,0.66371095,0.8937109,0.5637109,0.43371093,0.53371096,1.2037109,1.3237109,1.143711,2.3737109,2.433711,2.6637108,3.783711,2.933711,-0.20628907,1.4637109,-2.976289,-3.5862892,-1.1562891,1.163711,-0.83628905,0.043710936,0.0037109375,0.8837109,0.49371094,0.54371095,-0.19628906,2.1737108,0.90371096,1.4837109,1.893711,-0.53628904,0.26371095,1.4437109
