wind_kz.json
{"header": {"discipline":0,"disciplineName":"Meteorological products","gribEdition":2,"gribLength":1102,"center":7,"centerName":"US National Weather Service - NCEP(WMC)","subcenter":0,"refTime":"2023-09-21T06:00:00.000Z","significanceOfRT":1,"significanceOfRTName":"Start of forecast","productStatus":0,"productStatusName":"Operational products","productType":1,"productTypeName":"Forecast products","productDefinitionTemplate":0,"productDefinitionTemplateName":"Analysis/forecast at horizontal level/layer at a point in time","parameterCategory":2,"parameterCategoryName":"UnknownDiscipline_0_Category_2","parameterNumber":2,"parameterNumberName":"UnknownParameter_D0_C2_2","parameterUnit":"Unknown","genProcessType":2,"genProcessTypeName":"Forecast","forecastTime":300,"surface1Type":103,"surface1TypeName":"Specified height level above ground","surface1Value":10.0,"surface2Type":255,"surface2TypeName":"Missing","surface2Value":0.0,"gridDefinitionTemplate":0,"gridDefinitionTemplateName":"Latitude_Longitude","numberPoints":615,"shape":6,"shapeName":"Earth spherical with radius of 6,371,229.0 m","gridUnits":"degrees","resolution":48,"winds":"true","scanMode":64,"nx":41,"ny":15,"basicAngle":0,"lo1":47.0,"la1":41.0,"lo2":87.0,"la2":55.0,"dx":1.0,"dy":1.0}, "data":
[rows 0 to 14 of 15, columns 0 to 40 of 41]
-0.025334472,-0.46533448,1.6446655,2.8546655,-1.7753345,-12.415335,-11.735334,-11.175335,-11.745335,-7.2353344,-7.1353345,-6.4953346,-4.9053345,-3.9153345,-3.7653344,-4.0253344,-3.4853344,-2.4653344,-3.2353344,-1.6153345,-0.19533448,0.03466553,-1.8953345,-2.0953345,0.57466555,-2.2353344,-2.5653346,0.31466553,-0.49533448,0.08466553,-0.91533446,0.52466553,0.27466553,-0.11533447,-2.9253345,-3.2553344,-3.2953346,-5.6753345,-4.1453342,-5.2853346,-4.1553345
1.9846655,2.3546655,3.7346656,-4.3353343,-11.735334,-12.235334,-9.625335,-10.1153345,-9.575335,-8.915335,-7.5453343,-5.3053346,-4.8053346,-7.6953344,-6.4553347,-5.1853347,-4.2853346,-3.5653346,-1.8453345,-3.6153345,-2.7553344,-2.2553344,0.20466553,-2.6053345,0.64466554,0.6546655,-0.09533447,0.25466552,-2.7253344,-1.1553345,0.23466553,-0.53533447,0.5446655,-1.7953345,0.044665527,-0.06533447,-0.42533448,0.6246655,-1.2953345,0.33466554,-5.4953346
1.3246655,3.5146656,-7.5053344,-14.285335,-11.435334,-9.705335,-9.335335,-9.495335,-11.455335,-9.355334,-6.4153347,-5.5253344,-4.4053345,-7.2053347,-6.7553344,-6.0153346,-4.9153347,-4.4053345,-6.0753345,-2.5953345,-5.7053347,-8.565334,-6.2353344,-6.4853344,-0.78533447,-4.7753344,-2.2053344,-1.7153344,-1.3553345,-1.0453345,-1.8353344,1.3346655,-0.27533448,-0.9453345,-1.4353344,-1.3453345,-0.34533447,0.15466553,2.9046655,2.1546655,0.6546655
-2.3153346,-6.3753343,-11.075335,-10.995335,-10.385334,-9.525334,-8.675335,-9.735334,-8.745335,-7.4053345,-6.3153343,-5.8353343,-8.725334,-8.715335,-7.3253345,-4.5453343,-4.7453346,-6.1553345,-6.5653343,-6.3953342,-8.125335,-3.3553345,-5.1053343,-8.065334,-8.785335,-8.315334,-7.0453343,-11.095334,-5.4653344,-2.1053345,0.47466552,-1.8653345,-0.08533447,-2.3153346,-2.5953345,-0.105334476,-1.5153345,1.6246655,-0.6453345,-0.29533446,0.09466553
-6.2853346,-9.495335,-10.465335,-10.095334,-9.775334,-9.885334,-9.675335,-8.825335,-7.4753346,-6.4853344,-6.6753345,-6.5453343,-7.1853347,-7.7153344,-6.9453344,-4.5353346,-5.7553344,-5.6753345,-5.1453342,-7.3353343,-7.9753346,-8.065334,-7.7153344,-7.2953343,-7.4653344,-7.5953345,-9.995335,-6.3153343,-3.9453344,-3.9053345,-3.7253344,-2.0853345,-2.6953344,0.37466553,0.36466554,1.0546656,0.34466553,-0.53533447,0.44466552,-2.1653345,-3.0853345
-2.8653345,-7.5753345,-8.035335,-10.755335,-10.315334,-10.205335,-8.935334,-6.9853344,-5.5053344,-4.8053346,-6.5053344,-6.9753346,-6.6853347,-7.2053347,-4.9253345,-4.0453343,-4.7253346,-4.6853347,-6.0253344,-5.1253343,-6.0053344,-4.5453343,-4.1753345,-4.5453343,-4.7553344,-6.5953345,-5.2053347,-10.385334,-7.2053347,-6.8853345,-5.9753346,-5.9553347,-3.1053345,-2.8653345,-2.8753345,-1.1453345,-0.41533446,1.0246655,2.2846656,-2.4753344,-3.0353346
-5.7553344,-6.8553343,-7.4253345,-6.6553345,-7.3653345,-5.8853345,-5.3553343,-4.5953345,-6.1353345,-5.5653343,-4.8753343,-4.9553347,-4.5153346,-5.1553345,-3.7353344,-3.7853346,-3.9453344,-4.4553347,-4.9153347,-5.0053344,-4.0853343,-3.8053346,-3.6753345,-3.6853344,-4.0553346,-5.9653344,-6.5253344,-6.2153344,-6.4053345,-5.9753346,-6.8453345,-6.1253343,-3.4753344,-3.2953346,-2.2953346,-1.7853345,-1.2053344,0.41466552,0.17466553,0.7846655,1.1546655
-4.6153345,-4.6253343,-4.7753344,-5.5153346,-4.8753343,-4.6553345,-4.8553343,-5.5153346,-5.0253344,-5.3553343,-4.6953344,-4.6253343,-4.0253344,-3.6553345,-2.9353344,-3.5853345,-3.7453344,-3.6553345,-3.9353344,-4.3453345,-3.8953345,-3.6253345,-3.3853345,-3.7953346,-3.2553344,-2.1353345,-3.7953346,-4.4053345,-5.4453344,-3.7453344,-5.8353343,-2.3553345,-4.8853345,-2.0753345,-1.8053344,1.9946655,4.3446655,6.9546657,3.0346656,3.7446656,1.4246656
-4.9253345,-4.7553344,-5.0653343,-4.7153344,-4.5553346,-4.6253343,-4.6453342,-5.0253344,-4.7753344,-4.3653345,-4.0053344,-3.6953344,-3.3653345,-3.5053344,-3.3053346,-3.0353346,-3.2853346,-3.3953345,-3.4953344,-3.8653345,-3.8853345,-3.4053345,-3.2753344,-3.4053345,-2.9653344,-3.5353346,-2.2953346,-2.5653346,-1.5953345,-2.1153345,-2.4353344,-1.5853344,0.50466555,-0.0053344727,1.1846656,1.1646656,0.09466553,-2.8553345,-1.7053344,0.6646655,-2.2353344
-4.5953345,-4.1653347,-4.2653346,-4.2053347,-4.2053347,-4.1253343,-4.3953342,-4.3353343,-4.1653347,-3.2853346,-3.4753344,-2.7653344,-2.3553345,-2.5553346,-2.8653345,-2.9353344,-3.1653345,-3.2153344,-3.1653345,-3.5953345,-3.3153346,-2.6953344,-2.7653344,-3.1153345,-3.3853345,-3.5153344,-2.8153346,-2.5853345,-2.6453345,-2.1553345,-1.2253345,-0.9053345,-0.55533445,0.18466553,1.4146656,1.3246655,-0.8253345,-0.24533448,-2.7753344,-0.8353345,-0.8253345
-3.5453346,-3.5353346,-3.5753345,-3.5853345,-3.4853344,-3.7353344,-3.5853345,-3.1053345,-2.8653345,-1.9053345,-0.38533446,0.104665525,-1.9053345,-0.16533448,-0.5953345,-1.4153345,-2.0853345,-2.2153344,-2.9453344,-2.9953344,-1.9253345,-1.8253344,-1.9253345,-1.5853344,-1.4453344,-1.4353344,-0.5253345,-0.47533447,0.014665527,-0.67533445,-0.8253345,-1.1253345,-1.2153344,-0.7553345,-0.37533447,-0.24533448,-1.3453345,-0.9553345,-0.85533446,0.83466554,-0.8853345
-2.0453346,-2.8653345,-2.1453345,-2.1053345,-2.0853345,-1.5253345,-1.1453345,-1.6253345,-1.0953345,-0.7753345,-0.8853345,1.9446656,1.6046655,1.1146655,1.3246655,0.95466554,0.37466553,0.27466553,-0.8953345,0.08466553,-0.29533446,0.6546655,-0.11533447,0.75466555,1.3146656,2.2846656,1.0746655,1.6646656,1.1146655,0.8746655,1.1546655,1.0946655,-0.06533447,-0.7553345,-0.6453345,-1.5253345,-2.3153346,-0.8853345,-0.08533447,-0.35533446,-0.30533448
-1.6453345,-0.68533444,-1.0453345,-1.2753345,-1.0753344,-1.0453345,-0.8353345,-0.34533447,0.7346655,0.23466553,-0.35533446,0.71466553,0.9046655,2.7146654,1.9946655,1.6346655,1.2946656,1.6746656,1.7546655,1.5146655,1.4546655,1.4946655,1.8746655,1.9046655,3.4946656,3.0446656,3.2046654,2.2946656,1.7346655,1.9146656,2.2946656,2.2146654,1.7646655,1.4946655,1.4146656,1.2346655,0.6246655,-0.60533446,-0.66533446,-0.8253345,-0.80533445
-0.03533447,-0.29533446,-0.23533447,-0.46533448,0.044665527,0.64466554,0.9946655,1.4846655,1.4246656,1.3946655,0.20466553,0.21466553,1.5746655,1.4846655,1.1246655,2.1346655,2.2346656,2.1046655,1.5846655,2.7446656,2.8946655,2.7546656,3.0946655,2.9246655,2.8746655,2.8046656,2.2546656,2.5546656,2.3146656,2.6646655,2.7246656,2.7146654,2.4746656,2.5446656,2.4846656,2.3746655,1.7046655,1.2546655,0.49466553,0.6246655,0.17466553
-0.67533445,0.30466554,0.45466554,0.88466555,1.2246655,0.8546655,1.9046655,1.5946655,2.2546656,1.2646655,-0.5653345,1.0146655,1.2446655,1.5846655,3.3446655,3.2446656,3.0446656,3.4346654,2.6246655,3.2446656,2.9246655,3.0346656,2.6846654,2.8446655,2.7246656,2.6746655,2.7746656,2.8646655,2.7646656,2.6746655,3.6846654,5.1046658,2.7346656,2.6146655,2.6546655,2.9546654,1.7546655,2.0746655,1.8946655,1.8146656,-0.8753345
