wind_kz.json
{"header": {"discipline":0,"disciplineName":"Meteorological products","gribEdition":2,"gribLength":1025,"center":7,"centerName":"US National Weather Service - NCEP(WMC)","subcenter":0,"refTime":"2023-08-24T12:00:00.000Z","significanceOfRT":1,"significanceOfRTName":"Start of forecast","productStatus":0,"productStatusName":"Operational products","productType":1,"productTypeName":"Forecast products","productDefinitionTemplate":0,"productDefinitionTemplateName":"Analysis/forecast at horizontal level/layer at a point in time","parameterCategory":2,"parameterCategoryName":"UnknownDiscipline_0_Category_2","parameterNumber":3,"parameterNumberName":"UnknownParameter_D0_C2_3","parameterUnit":"Unknown","genProcessType":2,"genProcessTypeName":"Forecast","forecastTime":0,"surface1Type":103,"surface1TypeName":"Specified height level above ground","surface1Value":10.0,"surface2Type":255,"surface2TypeName":"Missing","surface2Value":0.0,"gridDefinitionTemplate":0,"gridDefinitionTemplateName":"Latitude_Longitude","numberPoints":615,"shape":6,"shapeName":"Earth spherical with radius of 6,371,229.0 m","gridUnits":"degrees","resolution":48,"winds":"true","scanMode":64,"nx":41,"ny":15,"basicAngle":0,"lo1":47.0,"la1":41.0,"lo2":87.0,"la2":55.0,"dx":1.0,"dy":1.0}, "data":
[rows 0 to 14 of 15, columns 0 to 40 of 41]
3.6498487,3.3998487,-3.7601514,-1.5901513,-1.8701514,-4.670151,-5.8001513,-3.3601513,-1.2101513,-1.7801514,-5.4301515,-6.420151,-5.9501514,-5.2201514,-5.6301513,-5.3101516,-5.8101516,-4.980151,-3.8501513,-2.0601513,-2.6401513,-1.4001514,-4.770151,-0.6901514,5.5298486,2.4698486,0.6698486,1.1198486,-3.2201514,-3.2201514,-1.8401513,2.3498487,1.5298486,2.1998487,3.3998487,-2.2801514,-2.8501513,-0.46015137,-1.0201514,-1.4201514,-2.4201515
-0.72015136,-2.1001513,-3.6501513,-2.2101514,-2.3201513,-3.8801513,-6.0801516,-4.1801515,-2.7601514,-3.3001513,-2.4401515,-2.3001513,-3.3301513,-4.9701514,-5.3901515,-6.4001513,-6.3601513,-3.8601513,-3.7001514,-1.2601514,-0.81015134,-1.3701514,-3.1301513,-2.9001513,-0.34015137,-2.4701514,-6.480151,-3.2301514,-4.5501513,-3.2701514,-2.6801515,-2.0001514,1.4498487,-2.0501513,2.0898485,-1.8001513,0.7498486,2.9998486,3.1398487,0.45984864,-1.8101513
-1.7101513,-0.06015137,-0.44015136,-2.9401515,-3.5101514,-3.3601513,0.33984864,-4.1801515,-5.1501513,-5.0801516,-4.8901515,-4.9701514,-1.3401513,-1.4901514,-5.0701513,-5.670151,-6.420151,-6.1301513,-6.190151,-5.6401515,-4.480151,-1.3501514,1.5498487,-0.14015137,-3.1901515,-3.7501514,0.51984864,-0.86015135,-1.2401514,-1.9001514,-0.41015136,-0.38015136,1.9798486,-3.3701513,-3.9801514,-1.2001513,-2.1301513,-1.9101514,-1.6301514,-1.6701514,0.08984863
-1.4601513,-2.5501513,-1.4601513,-1.1501514,-1.1701514,-5.4301515,-4.8801513,-4.3201513,-7.440151,-6.480151,-5.0401516,-2.9901514,1.1698487,0.90984863,-4.2401514,-6.1801515,-5.670151,-5.710151,-5.3801513,-5.7801514,-5.2401514,-1.7301514,0.57984865,-0.34015137,0.89984864,-0.31015137,-0.6901514,-1.9201514,-1.2501514,-3.6501513,-3.1401513,-1.4601513,-2.3301513,2.2098486,-6.420151,-0.07015137,-2.8301513,-0.34015137,5.0898485,5.289849,-2.2401514
-4.8101516,-0.22015136,2.0098486,0.45984864,-0.8301514,-2.9301515,-5.500151,-5.7201514,-4.710151,-1.7101513,0.13984863,-0.59015137,4.0098486,1.3698486,-1.5901513,-2.5201514,-4.8501515,-5.210151,-5.7801514,-5.2801514,-4.420151,-3.5701513,-2.6701515,2.0498486,-0.14015137,-0.16015136,0.52984864,2.3498487,-1.5701513,0.16984864,-2.4801514,-2.4301515,-1.2101513,-1.3901514,0.71984863,0.46984863,2.5498486,1.0198486,-1.3401513,-1.9501513,-1.9001514
-5.6301513,-4.0101514,-1.5701513,3.6998487,1.4698486,2.2398486,-0.81015134,-4.3401513,-7.3701515,-6.1801515,-3.9801514,-2.8601513,2.1698487,5.4398484,2.0398486,-3.7901514,-4.0801516,-4.5901513,-4.9001513,-5.5101514,-3.8601513,-1.0701513,0.49984863,1.6698487,2.9998486,1.7798486,2.6798487,5.8498487,1.5898486,-2.5601513,0.88984865,0.63984865,-1.2201514,-3.2401514,-0.5001514,0.58984864,-3.1501513,-3.9501514,0.7898486,-0.47015136,-2.3801513
-5.3201513,-2.0301514,-4.230151,1.7798486,-0.7501514,-2.0001514,-3.8701513,-0.6301514,0.6798486,-3.3001513,-2.9401515,-3.3901513,-2.5601513,-2.2501514,-2.4401515,-3.6601515,-3.8501513,-4.3101516,-5.1101513,-4.1401515,-2.0601513,0.009848633,1.6898487,2.6098487,3.0198486,3.7198486,4.5298486,-0.53015137,6.4898486,5.3598485,1.4898486,5.1998487,4.1198487,2.7198486,0.82984865,-2.6601515,-2.4301515,-2.1601515,-2.5601513,-1.4701514,0.46984863
-6.1601515,-4.8101516,-5.520151,-7.0101514,-1.3801514,5.3198485,1.8698486,-0.14015137,-5.690151,-1.7901514,-3.4801514,-4.0601516,-3.9801514,-2.9501514,-5.1301513,-4.8301516,-5.3801513,-4.4001513,-4.8001513,-9.070151,-2.9601514,-1.6201514,3.6598487,4.4098487,5.519849,3.8898487,5.0098486,3.3598487,0.07984863,3.7898486,3.2898486,4.559849,4.3198485,3.5898485,1.3098487,-0.04015137,-0.8801514,-0.36015138,0.39984864,-0.7001514,0.90984863
-5.2201514,-5.1201515,-5.9001513,-1.5601513,0.059848633,-3.5201514,-4.3401513,0.38984862,0.45984864,-0.86015135,-0.13015136,-1.0101514,-4.170151,-5.9701514,-6.6501513,-3.7201514,-4.6801515,-5.7201514,-4.940151,-5.0601516,-6.250151,-5.460151,-5.710151,-8.500152,-1.4601513,-3.0401514,4.3398485,-1.0401514,-2.3101513,2.0298486,5.269849,5.2398486,3.1898487,3.3798487,1.2198486,2.1898487,0.07984863,0.65984863,-1.3701514,1.0198486,0.9898486
-4.3801513,-5.8101516,-2.0401514,-1.3701514,1.6298486,-0.110151365,-1.8401513,0.5498486,1.1298486,-0.050151367,-2.2101514,-5.6301513,-3.6001513,-2.8901513,-3.5501513,-6.7601514,-5.670151,-5.2401514,-7.250151,-6.7601514,-8.260151,-8.920152,-7.5701513,0.34984863,-2.2801514,-4.9301515,-3.7201514,-0.22015136,7.1298485,-1.7201514,-5.8901515,1.6098486,-2.8601513,2.8398485,0.42984864,0.7998486,0.75984865,1.0598487,0.33984864,-0.68015134,2.1098487
-3.4501514,-4.750151,-4.2801514,-2.9101515,-3.0101514,2.7298486,-2.1801515,0.88984865,-1.2201514,-1.6001514,-2.1501513,-2.0101514,-2.4901514,-3.4501514,-3.0901513,-1.5801513,-3.7401514,-5.980151,-5.4901514,-5.8501515,-5.2901516,-7.1201515,-6.670151,-5.3101516,1.0298486,4.979849,4.6098485,1.5298486,3.2598486,-1.8801514,-3.9201515,-1.6501514,-2.0701513,-4.0601516,3.9798486,3.3798487,1.2898487,0.019848634,-2.3101513,0.04984863,-1.5401514
-0.80015135,0.30984864,-2.0001514,-2.1501513,-2.9201515,-5.250151,-4.770151,-3.8401513,-3.1501513,-2.6901515,-1.2701514,-2.0701513,-3.8201513,-1.6301514,-0.87015134,-2.5001514,-3.0301514,-2.6501513,-4.670151,-4.9301515,-6.480151,-6.0101514,-4.5501513,-4.4301515,-4.7901516,-5.920151,-7.0101514,6.229849,7.4398484,0.9998486,-0.25015137,4.809849,0.43984863,-4.750151,-1.4401513,4.9298487,1.7998487,-0.78015137,-0.53015137,-0.85015136,0.07984863
-2.4901514,-1.8701514,-4.170151,-2.7301514,-3.4001513,-2.6101513,-4.8401513,-6.7401514,-7.3901515,-2.6601515,-0.8201514,-1.4301513,-2.2401514,-2.4801514,-0.68015134,-1.8601514,-2.6201513,-4.0501513,-3.2301514,-2.6701515,-2.9401515,-4.5501513,-4.9101515,-5.0401516,-4.7801514,-4.940151,-4.0401516,-6.3801513,1.3598486,-0.32015136,-2.6101513,-2.2301514,-1.1201514,-1.9301513,3.8098485,4.7198486,3.1198487,1.5798486,2.0198486,0.6098486,-0.110151365
-2.1901515,-1.4701514,-0.98015136,-0.07015137,-0.22015136,0.16984864,1.1098486,-0.53015137,-3.4901514,-4.0401516,-1.4801514,-2.0101514,-1.7701514,-0.27015138,-0.91015136,-0.93015134,-2.0401514,-2.0501513,-3.5801513,-3.2601514,-2.4101515,-2.5101514,-2.5701513,-2.9201515,-3.5701513,-3.9101515,-3.2901514,-4.230151,-5.270151,0.24984863,0.45984864,-4.7001514,-1.3401513,-2.1801515,-0.080151364,5.6898484,3.8498487,2.4398487,2.2298486,1.2198486,-0.32015136
0.13984863,-0.45015135,2.7398486,-0.12015137,-0.33015138,-0.6401514,-1.5301514,-2.2901514,-2.8201513,-1.9601513,-1.5901513,-2.4601514,-2.9301515,-3.6501513,-4.0101514,-4.0301514,-3.7701514,-3.7101514,-5.8401513,-1.8601514,-2.3401513,-2.5201514,-2.8801513,-2.8601513,-2.7801514,-3.3701513,-3.7401514,-3.0601513,-2.4601514,-4.500151,1.1198486,-0.25015137,-0.8201514,-2.5301514,1.6698487,4.5898485,5.289849,4.1198487,3.0698485,3.1698487,0.94984865
