wind_kz.json
{"header": {"discipline":0,"disciplineName":"Meteorological products","gribEdition":2,"gribLength":948,"center":7,"centerName":"US National Weather Service - NCEP(WMC)","subcenter":0,"refTime":"2025-04-05T00:00:00.000Z","significanceOfRT":1,"significanceOfRTName":"Start of forecast","productStatus":0,"productStatusName":"Operational products","productType":1,"productTypeName":"Forecast products","productDefinitionTemplate":0,"productDefinitionTemplateName":"Analysis/forecast at horizontal level/layer at a point in time","parameterCategory":0,"parameterCategoryName":"UnknownDiscipline_0_Category_0","parameterNumber":0,"parameterNumberName":"UnknownParameter_D0_C0_0","parameterUnit":"Unknown","genProcessType":2,"genProcessTypeName":"Forecast","forecastTime":180,"surface1Type":1,"surface1TypeName":"Ground or water surface","surface1Value":0.0,"surface2Type":255,"surface2TypeName":"Missing","surface2Value":0.0,"gridDefinitionTemplate":0,"gridDefinitionTemplateName":"Latitude_Longitude","numberPoints":615,"shape":6,"shapeName":"Earth spherical with radius of 6,371,229.0 m","gridUnits":"degrees","resolution":48,"winds":"true","scanMode":64,"nx":41,"ny":15,"basicAngle":0,"lo1":47.0,"la1":41.0,"lo2":87.0,"la2":55.0,"dx":1.0,"dy":1.0}, "data":
[rows 0 to 14 of 15, columns 0 to 40 of 41]
296.651,289.251,294.551,282.651,283.551,284.351,297.551,307.051,303.551,304.551,303.551,304.551,302.351,302.151,304.751,302.351,303.051,310.551,308.451,308.251,312.051,306.651,304.851,298.051,304.651,306.151,298.151,285.551,284.251,274.851,276.451,271.451,286.251,293.951,292.551,294.251,295.251,297.251,296.651,296.851,296.751
269.851,296.951,282.151,282.251,282.751,283.451,305.251,302.951,300.651,300.651,302.251,302.351,302.051,300.251,303.751,302.751,304.151,304.151,304.951,306.751,308.151,309.251,300.451,291.251,273.651,286.651,294.051,287.651,291.451,278.951,285.551,270.051,283.751,258.651,268.651,290.451,290.051,294.251,296.451,289.851,282.151
294.151,280.951,281.751,282.251,282.251,299.951,299.851,299.151,298.951,298.351,297.551,298.451,297.151,300.651,299.651,301.951,301.951,302.251,303.151,305.151,307.451,307.451,304.551,296.351,300.651,300.151,300.651,300.451,297.151,289.451,276.351,278.151,286.251,285.151,290.151,288.751,274.851,275.551,279.651,276.651,273.651
291.151,281.551,280.551,281.751,286.551,296.751,296.451,296.551,297.551,296.751,295.051,292.951,285.351,286.151,296.651,301.051,301.351,302.951,304.651,305.451,305.351,303.451,304.851,304.451,305.651,305.151,304.251,299.751,298.951,297.951,299.551,296.051,302.451,302.851,299.151,293.551,281.551,263.951,283.851,291.251,294.751
285.251,281.951,281.551,282.251,287.451,296.151,296.251,294.751,294.451,295.151,296.251,292.651,284.451,283.751,281.451,298.351,299.251,301.051,302.151,302.851,304.551,306.251,304.851,307.451,304.651,304.351,301.251,292.351,304.651,302.651,303.651,298.351,286.251,267.751,287.351,296.251,292.551,298.151,297.951,297.651,296.951
289.451,291.551,282.251,281.751,280.851,280.551,293.451,296.251,292.551,293.051,294.551,292.951,284.351,283.151,283.951,297.451,298.551,298.751,298.751,301.751,302.951,301.651,304.451,301.851,302.351,299.351,300.551,273.051,301.251,301.951,299.751,301.951,301.351,298.551,295.551,289.951,290.051,287.751,296.551,296.651,296.551
289.451,292.251,292.051,292.651,289.951,296.551,295.751,293.851,292.951,293.451,293.951,292.851,292.451,292.251,292.851,296.051,296.351,296.451,295.751,297.451,298.951,298.351,299.651,299.351,297.251,297.751,297.851,301.151,300.551,301.251,300.751,300.151,299.551,296.651,295.751,295.051,289.551,288.851,284.451,284.251,292.851
291.251,292.051,293.351,294.651,294.551,292.251,293.951,291.951,290.151,290.151,290.551,291.651,291.151,291.651,292.651,293.651,294.751,294.251,293.251,292.851,293.451,294.851,295.851,295.651,296.551,294.251,294.651,297.751,296.851,297.851,296.251,297.751,295.751,293.551,292.751,292.951,293.451,273.051,295.451,294.051,291.451
291.051,290.851,291.651,291.251,291.051,291.551,289.951,291.451,291.351,290.751,290.051,290.151,291.051,291.751,290.851,291.351,291.251,291.251,291.451,291.351,291.051,292.051,293.051,292.551,293.851,294.651,293.551,293.851,294.351,292.951,294.051,294.351,296.851,296.651,292.951,289.551,290.051,289.051,270.351,274.751,271.251
291.551,290.751,290.651,289.751,290.051,289.951,290.751,289.951,291.051,291.751,291.051,290.351,290.551,291.251,291.551,290.751,290.451,290.651,291.151,290.851,290.551,291.451,292.351,292.151,293.151,295.051,296.051,294.351,294.351,295.851,296.851,297.951,297.351,295.351,292.351,291.751,289.451,287.351,287.151,283.451,277.751
291.251,292.251,290.651,289.351,288.651,288.551,289.751,291.051,290.551,289.451,288.651,289.451,289.651,288.951,290.051,290.351,289.751,289.351,289.951,289.951,290.851,290.151,290.551,290.151,290.851,292.451,292.251,295.351,296.751,298.651,299.151,299.951,297.651,298.151,297.251,291.451,288.451,287.451,288.251,285.751,279.251
290.751,291.051,290.451,289.251,289.351,288.351,286.651,287.351,289.351,288.751,285.351,285.751,287.451,285.851,287.951,288.651,288.851,288.551,289.151,289.151,287.351,287.151,287.351,287.951,288.751,289.451,293.151,296.251,297.051,298.051,298.551,297.851,299.551,294.751,296.251,293.451,293.951,293.751,291.251,289.651,288.851
286.951,288.151,290.051,287.551,288.451,287.351,287.151,285.851,285.751,286.551,282.451,282.051,285.551,284.551,285.651,286.851,287.651,287.851,288.051,286.951,287.151,286.151,287.651,287.651,289.551,290.351,291.051,293.951,295.251,296.451,297.051,297.351,297.151,296.951,295.251,294.151,291.651,292.651,288.651,287.951,288.251
285.751,287.151,279.651,284.351,286.351,284.551,284.751,281.751,282.751,283.251,280.651,278.651,281.251,282.951,284.751,284.851,285.451,285.651,286.151,286.551,286.551,287.251,287.851,288.251,289.251,289.351,289.551,291.551,293.451,294.551,294.351,294.551,294.551,293.951,293.851,291.451,290.851,288.751,288.051,286.351,287.651
284.651,285.351,273.251,286.251,284.151,283.551,283.451,282.451,282.151,280.951,279.951,278.651,277.651,279.951,281.451,283.351,283.751,283.751,285.051,285.251,286.151,286.651,286.651,287.751,287.651,287.751,289.051,289.751,291.251,293.151,291.851,283.351,293.251,292.651,292.551,291.951,290.051,288.851,288.451,286.751,286.051
