wind.json
{"header": {"discipline":0,"disciplineName":"Meteorological products","gribEdition":2,"gribLength":953,"center":7,"centerName":"US National Weather Service - NCEP(WMC)","subcenter":0,"refTime":"2023-07-01T12:00:00.000Z","significanceOfRT":1,"significanceOfRTName":"Start of forecast","productStatus":0,"productStatusName":"Operational products","productType":1,"productTypeName":"Forecast products","productDefinitionTemplate":0,"productDefinitionTemplateName":"Analysis/forecast at horizontal level/layer at a point in time","parameterCategory":0,"parameterCategoryName":"UnknownDiscipline_0_Category_0","parameterNumber":0,"parameterNumberName":"UnknownParameter_D0_C0_0","parameterUnit":"Unknown","genProcessType":2,"genProcessTypeName":"Forecast","forecastTime":60,"surface1Type":1,"surface1TypeName":"Ground or water surface","surface1Value":0.0,"surface2Type":255,"surface2TypeName":"Missing","surface2Value":0.0,"gridDefinitionTemplate":0,"gridDefinitionTemplateName":"Latitude_Longitude","numberPoints":688,"shape":6,"shapeName":"Earth spherical with radius of 6,371,229.0 m","gridUnits":"degrees","resolution":48,"winds":"true","scanMode":64,"nx":43,"ny":16,"basicAngle":0,"lo1":45.0,"la1":40.0,"lo2":87.0,"la2":55.0,"dx":1.0,"dy":1.0}, "data":
[rows 0 to 15 of 16, columns 0 to 42 of 43]
282.9877,279.2877,293.18768,294.7877,294.68768,297.7877,296.7877,295.0877,300.0877,298.7877,300.0877,299.8877,300.7877,300.2877,298.68768,299.18768,298.8877,298.0877,297.2877,297.4877,296.2877,296.5877,293.0877,291.9877,291.9877,289.5877,289.7877,283.18768,278.7877,279.0877,280.7877,293.3877,296.18768,297.2877,299.5877,298.2877,299.7877,298.7877,299.7877,299.2877,296.8877,297.0877,297.7877
286.2877,294.2877,293.18768,286.3877,289.2877,296.3877,296.18768,294.68768,297.9877,301.18768,299.8877,299.68768,298.3877,300.0877,299.2877,298.3877,297.7877,295.4877,296.0877,295.8877,296.5877,295.4877,295.68768,292.7877,293.8877,286.4877,293.68768,294.2877,291.4877,278.5877,278.4877,278.0877,278.4877,281.3877,289.2877,296.9877,299.18768,299.68768,298.4877,298.3877,298.2877,299.0877,299.0877
286.5877,283.8877,274.9877,289.5877,296.0877,296.0877,295.9877,293.3877,298.7877,298.4877,297.4877,297.2877,297.8877,297.0877,297.18768,296.8877,294.8877,293.8877,294.0877,293.2877,294.4877,294.2877,294.5877,294.5877,291.2877,284.18768,271.3877,274.2877,284.2877,275.8877,278.9877,277.0877,283.3877,273.0877,283.2877,262.8877,273.7877,295.8877,295.9877,297.4877,300.3877,292.0877,283.3877
287.4877,290.18768,291.5877,296.2877,295.9877,296.18768,295.2877,297.18768,297.7877,297.2877,296.7877,296.9877,297.3877,297.5877,294.8877,296.0877,296.3877,293.8877,293.0877,292.68768,292.68768,293.9877,294.7877,294.7877,293.18768,287.8877,289.3877,289.68768,292.18768,291.2877,291.18768,282.9877,275.4877,279.2877,284.0877,283.68768,283.5877,285.3877,280.2877,281.9877,283.5877,278.4877,276.7877
292.3877,293.9877,292.0877,297.2877,297.18768,296.68768,295.8877,296.2877,296.18768,296.3877,297.9877,298.3877,298.18768,297.4877,294.5877,294.0877,295.7877,293.4877,294.68768,293.8877,295.5877,295.2877,293.2877,288.0877,295.18768,295.18768,292.5877,293.2877,295.68768,292.18768,293.8877,294.8877,296.3877,291.9877,297.18768,294.4877,294.7877,291.8877,282.8877,279.3877,285.5877,295.68768,297.5877
292.9877,295.2877,294.8877,297.9877,297.68768,298.5877,297.4877,296.0877,296.68768,296.8877,296.18768,296.9877,297.0877,296.3877,295.2877,294.68768,291.8877,294.7877,295.68768,295.0877,292.8877,295.7877,296.2877,295.68768,294.9877,294.8877,294.5877,294.7877,294.4877,293.9877,295.2877,296.68768,299.5877,297.18768,285.2877,275.9877,287.0877,295.0877,297.18768,301.8877,301.2877,300.4877,299.68768
294.5877,297.2877,295.18768,293.8877,298.8877,298.2877,298.0877,297.68768,299.4877,298.8877,297.18768,296.5877,296.2877,295.8877,293.7877,293.7877,293.7877,293.8877,294.18768,295.2877,294.3877,296.3877,294.9877,294.4877,293.9877,293.5877,293.5877,293.0877,295.0877,290.4877,294.5877,297.2877,298.3877,297.5877,296.3877,294.4877,295.7877,292.8877,290.2877,290.7877,299.3877,298.9877,298.5877
297.4877,297.5877,297.5877,297.5877,298.0877,298.18768,298.9877,299.4877,297.8877,297.5877,298.5877,298.8877,295.9877,296.68768,296.4877,295.4877,294.3877,294.2877,294.2877,293.4877,293.68768,292.8877,292.5877,293.7877,293.8877,294.68768,292.3877,293.0877,293.2877,294.7877,294.4877,294.3877,295.5877,296.0877,295.3877,295.8877,294.3877,293.68768,290.8877,288.2877,285.18768,285.9877,295.2877
293.3877,292.7877,298.3877,297.2877,299.68768,298.8877,298.7877,298.2877,297.3877,296.0877,294.2877,294.4877,293.5877,293.18768,292.0877,293.9877,294.0877,294.7877,292.9877,292.7877,292.4877,289.7877,291.8877,291.18768,292.5877,293.0877,290.9877,287.7877,289.5877,291.0877,291.18768,295.5877,294.8877,293.7877,291.9877,290.8877,291.3877,294.7877,295.5877,288.0877,294.5877,293.7877,291.9877
290.2877,294.2877,294.5877,295.0877,296.4877,295.7877,296.8877,294.9877,293.5877,294.0877,295.0877,294.4877,291.0877,293.3877,293.18768,291.5877,291.18768,293.0877,290.5877,291.8877,291.18768,291.5877,288.0877,289.18768,290.2877,290.18768,288.9877,289.7877,286.8877,286.8877,288.2877,288.68768,289.18768,289.5877,290.8877,291.9877,292.0877,290.4877,292.18768,292.5877,283.4877,282.18768,282.9877
290.68768,291.4877,291.7877,293.5877,294.4877,294.7877,294.5877,294.0877,296.3877,293.18768,294.3877,290.68768,289.3877,289.5877,292.3877,289.4877,289.8877,290.0877,289.3877,289.4877,289.2877,289.18768,288.0877,288.9877,289.9877,289.8877,289.7877,289.68768,289.68768,289.4877,289.9877,290.0877,291.18768,292.4877,292.3877,292.7877,291.2877,289.7877,288.3877,287.0877,286.7877,283.8877,282.9877
289.4877,290.68768,291.4877,291.8877,292.4877,292.9877,292.7877,292.68768,292.5877,290.18768,292.8877,288.9877,291.3877,290.68768,288.68768,287.8877,287.5877,287.5877,286.9877,288.68768,289.0877,288.9877,289.18768,289.0877,289.0877,289.8877,289.2877,289.4877,288.68768,292.8877,293.7877,295.18768,294.7877,294.3877,293.5877,292.2877,290.0877,289.3877,286.7877,283.68768,283.2877,283.8877,283.3877
288.7877,289.4877,289.7877,290.5877,290.5877,290.5877,290.2877,290.0877,289.3877,288.4877,289.0877,288.5877,286.7877,286.7877,287.68768,286.9877,287.4877,287.0877,287.2877,288.0877,287.68768,288.18768,287.7877,289.68768,289.8877,289.18768,291.8877,293.5877,293.68768,295.4877,295.5877,294.8877,293.18768,293.4877,292.9877,291.3877,290.5877,289.2877,287.9877,288.18768,288.18768,286.3877,285.68768
288.18768,288.3877,289.3877,289.3877,289.5877,289.0877,291.9877,290.0877,288.3877,286.5877,286.0877,287.3877,285.3877,284.4877,286.0877,286.3877,286.8877,287.2877,288.5877,287.3877,287.9877,287.8877,287.7877,288.18768,290.0877,291.2877,294.18768,294.68768,294.9877,293.4877,293.8877,293.18768,293.9877,293.5877,291.9877,291.18768,290.4877,289.7877,288.5877,288.68768,287.0877,287.4877,287.0877
287.3877,287.5877,288.0877,288.3877,289.9877,289.4877,288.9877,288.3877,286.9877,287.4877,287.0877,286.5877,287.18768,284.2877,284.2877,286.18768,287.2877,287.7877,288.5877,288.2877,288.7877,289.4877,290.3877,289.8877,292.4877,292.8877,293.0877,293.68768,292.68768,292.4877,292.18768,292.7877,293.18768,292.7877,291.7877,290.2877,289.5877,289.18768,288.2877,287.5877,287.4877,286.9877,286.7877
285.0877,286.68768,287.4877,288.5877,290.4877,289.4877,289.2877,288.3877,288.4877,286.3877,287.8877,286.0877,287.7877,285.5877,285.3877,285.8877,286.9877,288.3877,288.9877,289.18768,290.0877,290.7877,290.3877,290.8877,290.68768,289.8877,290.7877,291.18768,291.3877,291.5877,291.3877,291.7877,290.9877,286.4877,289.18768,289.5877,289.0877,287.9877,287.8877,286.3877,287.4877,286.9877,287.8877
