wind.json
{"header": {"discipline":0,"disciplineName":"Meteorological products","gribEdition":2,"gribLength":1211,"center":7,"centerName":"US National Weather Service - NCEP(WMC)","subcenter":0,"refTime":"2023-06-28T18:00:00.000Z","significanceOfRT":1,"significanceOfRTName":"Start of forecast","productStatus":0,"productStatusName":"Operational products","productType":1,"productTypeName":"Forecast products","productDefinitionTemplate":0,"productDefinitionTemplateName":"Analysis/forecast at horizontal level/layer at a point in time","parameterCategory":2,"parameterCategoryName":"UnknownDiscipline_0_Category_2","parameterNumber":2,"parameterNumberName":"UnknownParameter_D0_C2_2","parameterUnit":"Unknown","genProcessType":2,"genProcessTypeName":"Forecast","forecastTime":60,"surface1Type":103,"surface1TypeName":"Specified height level above ground","surface1Value":10.0,"surface2Type":255,"surface2TypeName":"Missing","surface2Value":0.0,"gridDefinitionTemplate":0,"gridDefinitionTemplateName":"Latitude_Longitude","numberPoints":688,"shape":6,"shapeName":"Earth spherical with radius of 6,371,229.0 m","gridUnits":"degrees","resolution":48,"winds":"true","scanMode":64,"nx":43,"ny":16,"basicAngle":0,"lo1":45.0,"la1":40.0,"lo2":87.0,"la2":55.0,"dx":1.0,"dy":1.0}, "data":
[rows 0 to 15 of 16, columns 0 to 42 of 43]
2.8264747,-1.6335254,-3.6535254,5.2864747,-2.1035254,1.2064747,3.5864747,4.1064744,5.0264745,5.396475,5.646475,5.2164745,4.706475,-0.0035253905,-2.0835254,-4.9435253,-5.4135256,-4.9935255,-5.9235253,-5.0135255,-1.8735254,-3.6235254,-5.1935253,-2.6835253,-4.2535253,-3.3835254,-0.12352539,0.2764746,0.3364746,3.0164747,3.0564747,1.6264746,1.1264746,0.4764746,-0.19352539,1.9064746,-0.4835254,0.4764746,4.896475,-0.7535254,-1.9235253,-4.9135256,-6.7035255
-0.6235254,8.116474,2.9564745,1.5364746,2.4964745,6.2464747,5.3464746,4.9664745,6.4064746,7.146475,7.206475,3.6164746,0.8764746,-0.6035254,-3.9035254,-4.7535253,-4.273525,-4.7535253,-5.0135255,-5.8235254,-5.4535255,-4.103525,-0.40352538,0.4764746,1.7064747,0.54647464,-3.1535254,-1.5135254,3.3764746,2.8564746,1.6764746,2.6564746,3.5964746,-1.1335254,-2.0835254,-3.5535254,-4.3035254,-1.3835254,1.1964746,-4.4235253,-3.0535254,-1.0735254,-1.0235254
3.2064745,0.6864746,0.9664746,-1.3835254,5.9264746,5.1364746,4.5164747,5.1264744,5.916475,5.3364744,8.126474,0.9364746,-2.2835255,-1.6035254,-3.4235253,-5.1835256,-5.1735253,-5.8435254,-5.773525,-6.5135255,-6.5335255,-5.6335254,-4.2835255,-2.2735255,0.01647461,2.1564746,0.16647461,-0.7535254,1.0364746,0.4564746,3.7964747,1.2164747,-0.07352539,0.7764746,-1.7135254,1.6064746,-0.57352537,-0.5535254,0.16647461,-0.09352539,1.1764746,0.1864746,1.7264746
-0.7135254,0.8864746,1.5364746,3.6964746,6.0164747,3.8664746,5.3164744,4.3364744,3.7664747,7.3064747,7.3064747,0.05647461,-2.5735254,-2.7135253,-3.9135253,-4.2835255,-5.5535254,-5.333525,-5.9035254,-6.5735254,-5.833525,-4.5935254,-8.203526,-8.783525,-8.353525,-9.873526,-6.9135256,-6.813525,-4.813525,-2.6135254,2.9364746,-1.6435254,1.5464746,-2.6935253,-1.2435254,2.0564747,-1.1235254,0.6964746,1.2964746,0.2564746,6.9464746,7.0164747,3.1864746
5.8564744,6.7464747,7.0864744,7.5564747,6.956475,4.5264745,4.9864745,2.6264746,6.5164747,8.126474,2.1064746,-4.3035254,-5.0935254,-4.0535254,-4.353525,-3.4735253,-5.2435255,-5.2335253,-5.293525,-5.563525,-6.543525,-8.403525,-8.323525,-12.153525,-8.353525,-8.253526,-8.483525,-8.323525,-7.9335256,-8.343525,-7.0535254,-4.7835255,-2.3235254,1.0664746,3.5164747,4.9264746,6.3664746,5.4964747,3.2264745,4.416475,-1.6835254,-1.8135254,-1.3335254
7.5364747,6.8264747,7.0164747,8.096475,7.0064745,3.5164747,3.2664747,3.3664746,8.626474,8.386475,1.3864746,-5.4535255,-5.0335255,-8.393525,-6.0935254,-0.8435254,-5.6935253,-4.773525,-4.6635256,-4.7335253,-5.5335255,-6.9835253,-8.063525,-8.723525,-7.9235253,-8.043526,-7.603525,-7.6135254,-7.2235255,-2.7135253,-4.773525,-3.4035254,-1.7935253,-0.9635254,-0.5435254,1.6064746,-2.6235254,-0.11352539,6.956475,1.4464746,2.9464746,3.7264745,3.7664747
8.366474,6.7764745,6.9064746,5.8164744,4.7964745,3.7764747,0.4764746,7.5564747,7.416475,3.5464747,0.17647462,-4.813525,-4.543525,-9.253526,-5.9235253,-4.083525,-3.2835255,-4.2235255,-5.7835255,-5.2635255,-4.9235253,-5.8035254,-4.293525,-4.353525,-3.4635253,-3.7235253,-3.2635255,-3.6835253,-5.8735256,-3.0635254,-3.1435254,-3.0535254,-3.2535255,-2.3135254,0.6564746,2.7864747,4.436475,2.2864747,6.3864746,6.8764744,6.1164746,2.8164747,-0.7735254
8.156475,6.7664747,6.7664747,6.6164746,5.2364745,2.0864747,1.7264746,3.2764747,8.016475,4.7664747,0.6664746,-3.0035255,-4.5135255,-6.523525,-4.4235253,-2.5235255,-1.9735254,-2.9335253,-3.1135254,-3.8935254,-3.2435255,-4.2035255,-2.7535255,-2.8835254,-2.5335255,-1.6935254,-2.2935255,-2.3935254,-2.6035254,-1.3935254,-1.0135254,0.4764746,1.9364746,3.0664747,2.8564746,4.3764744,7.666475,7.976475,4.8264747,0.14647461,4.916475,0.10647461,-3.0435255
8.496474,6.3764744,6.726475,6.956475,4.8164744,3.0364747,0.5064746,5.6164746,7.1964746,6.1564746,3.9364746,-1.2635254,-5.4035254,-3.5635254,-5.1635256,0.34647462,4.2664747,-0.21352538,-2.5635254,-2.3235254,-2.2735255,-3.1335254,-3.2435255,-3.3235254,-3.4835253,-2.2435255,-1.0035254,-0.2035254,0.3364746,1.8964746,1.3564746,0.60647464,2.2064745,2.3964746,2.8864746,0.73647463,2.8864746,1.7764746,4.6564746,5.0964746,6.3664746,6.2364745,5.5164747
5.6164746,6.206475,6.6264744,5.6964746,3.8764746,2.4764745,1.7464746,5.3864746,8.5064745,5.6364746,5.0064745,0.3064746,-2.1035254,-0.18352538,-2.1235254,5.3664746,3.5064745,2.0064745,2.3464746,1.4864746,1.2364746,0.73647463,-0.8535254,-1.8235254,-1.8535254,-2.6135254,-1.8235254,-0.11352539,0.7864746,0.49647462,0.40647462,1.3264747,1.8864746,0.2064746,1.5964746,3.0264747,4.0864744,6.4464746,4.7964745,2.8964746,1.9564747,1.1864746,3.7264745
4.7964745,5.6364746,5.5064745,5.1064744,3.0364747,3.0964746,1.4264746,5.1064744,8.166474,6.7164745,3.1364746,-1.9535254,-3.0035255,0.2364746,-0.6035254,5.0464745,3.1564746,3.1764746,0.98647463,-0.02352539,-0.13352539,-0.3835254,-0.7335254,-1.0735254,-1.8835254,-1.7035254,-1.2135254,-0.6735254,-0.4835254,-0.40352538,-0.13352539,0.8064746,2.0464747,1.7564746,1.9764746,3.0664747,6.476475,3.1964746,2.4664745,2.1664746,2.8664746,1.2864746,3.6664746
4.3064747,3.8864746,4.4864745,3.9664745,2.5064745,2.0064745,0.6164746,6.3464746,7.0264745,4.686475,2.1464746,-1.5735254,-1.8135254,4.5064745,0.5764746,1.5764747,0.5764746,-0.9335254,-1.7635254,-1.7535254,-1.8735254,-1.3635254,-1.8935254,-1.8735254,-2.1035254,-1.8735254,-2.3135254,-1.8635254,-0.82352537,-1.0035254,0.4164746,1.8264747,2.4264746,3.7164745,3.7364745,3.4264746,6.4664745,3.6964746,1.7064747,1.3264747,1.3564746,0.08647461,0.6864746
3.0664747,4.0264745,2.9364746,2.3864746,1.8764746,2.0364747,0.5664746,5.8564744,3.7664747,1.5264746,-1.4335254,-3.1735253,-3.9635253,-1.3335254,3.1664746,3.5964746,0.10647461,-1.0635254,-2.6235254,-1.7835253,-1.4535254,-1.7935253,-1.8735254,-1.5035254,-1.4835254,-1.1235254,-1.2335254,-1.2735254,-0.4835254,-0.4235254,0.46647462,2.0764747,2.1664746,2.9264746,2.3064747,3.2264745,3.2064745,4.2664747,2.4264746,3.6964746,4.6064744,4.0264745,2.1564746
3.4164746,2.2964747,2.8664746,1.3764746,2.1364746,1.9364746,-2.2935255,4.3564744,3.0264747,1.4264746,-2.5435255,-5.1935253,-1.2135254,-1.0935254,1.0264746,1.7464746,0.2964746,-0.95352536,-2.6335254,-2.1135254,-2.5435255,-1.7935253,-0.9735254,-0.053525392,0.2764746,0.5064746,-0.2735254,0.37647462,0.6264746,1.1964746,1.5564746,1.1964746,1.7664746,2.9264746,3.3064747,4.3864746,1.9964746,5.0364747,4.8564744,2.3764746,3.2964747,3.8864746,2.4064746
2.2464745,2.0964746,2.7164745,2.2164745,-0.033525392,1.1164746,0.2764746,1.2864746,1.8964746,2.2764747,0.6164746,-1.0135254,-0.7135254,-1.9935254,-0.12352539,0.7064746,-0.13352539,-2.5235255,-2.2135253,-3.1235254,-1.7035254,-1.4835254,-1.2535254,-1.0735254,-0.8635254,-1.0835254,-0.25352538,1.2764746,2.7564745,2.8864746,2.6564746,2.0464747,1.9464746,2.1564746,2.3664746,3.3364747,3.0864747,2.5064745,0.9064746,1.2864746,2.3364747,2.5564747,3.0164747
2.4564745,2.4164746,2.3864746,2.2564745,1.2964746,1.8064746,1.7764746,2.0064745,3.3964746,2.5664747,1.0564746,-0.31352538,0.5964746,0.28647462,-0.6035254,0.7864746,-0.7435254,-1.8535254,-1.9735254,-2.5235255,-1.5635254,-1.7735254,-1.1735253,-0.82352537,-0.053525392,0.16647461,1.6164746,2.3964746,2.1964746,2.4064746,2.3764746,3.5964746,3.9064746,4.5764747,4.1564746,2.4464746,2.5764747,1.4764746,-1.2935253,0.7164746,1.2664746,1.7864746,1.4964746
