wind_kz.json
{"header": {"discipline":0,"disciplineName":"Meteorological products","gribEdition":2,"gribLength":1025,"center":7,"centerName":"US National Weather Service - NCEP(WMC)","subcenter":0,"refTime":"2023-10-04T06:00:00.000Z","significanceOfRT":1,"significanceOfRTName":"Start of forecast","productStatus":0,"productStatusName":"Operational products","productType":1,"productTypeName":"Forecast products","productDefinitionTemplate":0,"productDefinitionTemplateName":"Analysis/forecast at horizontal level/layer at a point in time","parameterCategory":2,"parameterCategoryName":"UnknownDiscipline_0_Category_2","parameterNumber":3,"parameterNumberName":"UnknownParameter_D0_C2_3","parameterUnit":"Unknown","genProcessType":2,"genProcessTypeName":"Forecast","forecastTime":0,"surface1Type":103,"surface1TypeName":"Specified height level above ground","surface1Value":10.0,"surface2Type":255,"surface2TypeName":"Missing","surface2Value":0.0,"gridDefinitionTemplate":0,"gridDefinitionTemplateName":"Latitude_Longitude","numberPoints":615,"shape":6,"shapeName":"Earth spherical with radius of 6,371,229.0 m","gridUnits":"degrees","resolution":48,"winds":"true","scanMode":64,"nx":41,"ny":15,"basicAngle":0,"lo1":47.0,"la1":41.0,"lo2":87.0,"la2":55.0,"dx":1.0,"dy":1.0}, "data":
[rows 0 to 14 of 15, columns 0 to 40 of 41]
1.7528546,0.8028546,-3.2371454,-9.957146,-7.6971455,-4.2371454,-2.3071454,0.06285462,2.8228545,1.2128546,1.2428546,0.18285461,-0.46714538,-1.1071454,-0.4271454,-0.47714537,-1.3771454,-1.7571454,-3.9271455,-2.3671453,-1.2571454,-2.8971453,0.51285464,1.2528546,2.6028547,-0.2971454,0.6228546,1.8028547,-0.2971454,-1.6371454,-0.5971454,0.8428546,-0.7171454,-1.2171454,-0.23714538,0.69285464,0.8628546,1.4728546,0.9228546,0.4528546,-0.2971454
-0.46714538,-0.5371454,-8.567145,-8.937145,-7.7371454,-0.80714536,0.31285462,6.1528544,3.0828545,1.8028547,1.1228546,0.012854614,-0.2771454,1.0028546,-0.2771454,-0.3971454,-0.7671454,-3.4871454,-3.1871455,-3.2171454,-3.6171453,-4.1171455,-2.1571455,2.5328546,3.2028546,3.2128546,2.4228547,2.1028547,-0.2771454,2.4428546,0.49285462,2.1328547,0.6728546,0.19285461,0.9828546,1.7228546,1.7628546,2.8328545,1.8128546,1.8228546,0.3828546
-2.4371455,-7.8971453,-8.797146,-10.067145,-1.2371454,2.6928546,1.8028547,1.1828547,1.8528546,0.5828546,-1.0371454,0.09285461,1.5328546,1.2328546,-0.3671454,-1.9671454,-2.3071454,-3.3071454,-2.5871453,-1.3971454,-2.0171454,-3.4771454,-0.40714538,-0.61714536,-0.9371454,-1.4371454,-1.0971454,-2.2371454,-0.6671454,-2.5971453,-1.1871454,0.24285461,-1.9571453,1.3828546,1.2028546,-1.8971454,-2.3671453,2.2928545,-1.2471454,0.7228546,1.0328546
-2.3271453,-6.8371453,-8.627146,-4.7771454,-4.0671453,-0.8871454,0.3228546,0.4128546,0.7928546,-0.2671454,-0.5771454,2.2428546,1.9528546,1.3228546,0.70285463,-0.7171454,-2.3571453,-3.5771453,-4.4671454,-3.1471453,-2.4771454,-1.3471454,0.76285464,-0.3271454,-1.0771453,-2.0471454,-1.9271454,-1.9871454,-0.18714538,-1.3171453,-2.2571454,1.2328546,1.1328546,0.08285461,1.3728546,1.1328546,3.4828546,3.0028546,-3.5771453,-2.0371454,-2.7071455
-2.6971455,-5.1471453,-7.1971455,-3.7171454,-0.2071454,-2.3371453,-0.6271454,-0.23714538,-0.107145384,0.40285462,1.0128546,3.9128547,3.6228547,2.1028547,1.2128546,-0.14714539,-1.2071453,-2.2471454,-2.6671455,-2.6471453,-1.3871454,-0.2771454,-0.057145387,0.24285461,0.25285462,-0.3671454,-1.4671454,-2.0571454,-0.23714538,-1.4471453,-1.8971454,-1.7071453,2.0828545,2.1628547,0.24285461,1.3828546,2.0228546,0.30285463,-0.46714538,-1.4471453,-2.9771454
-2.9671454,-2.7971454,-3.4671454,-2.3671453,-3.0171454,-2.8671453,0.7928546,-0.8871454,-0.44714537,-0.7071454,1.0328546,3.9928546,2.9428546,1.0728546,0.7128546,0.25285462,1.0828546,-0.16714539,-1.1371454,-1.2371454,-1.2771454,-1.2771454,0.25285462,-0.057145387,0.6528546,0.25285462,-0.9071454,-3.4171455,-0.67714536,-0.5071454,-1.1671454,-1.5271454,-1.5771453,0.12285461,-1.3971454,-4.0071454,-3.2471454,-3.0371454,-0.8971454,-0.85714537,-1.1171454
-0.017145386,-1.2271454,-1.1871454,-0.4271454,-0.3671454,-0.12714538,-0.98714536,-0.85714537,-0.8171454,-0.3271454,-0.3271454,1.8528546,2.3628547,1.2328546,-0.9771454,-0.6271454,1.6228546,1.9428546,0.22285461,-0.017145386,-0.7871454,-0.7171454,0.3628546,0.89285463,1.4328547,1.2828546,0.21285461,-0.7271454,-2.0971453,-2.7671454,-1.6271454,-1.2971454,-3.3471453,0.7728546,0.9128546,0.7228546,1.5628546,2.4728546,0.012854614,3.3528547,-1.4271454
-0.5171454,0.6828546,2.2828546,2.8228545,1.0828546,0.8328546,-1.6371454,-2.0871453,-1.6571454,-0.18714538,-0.107145384,1.2728546,1.8228546,0.5528546,-0.097145386,-0.17714539,0.08285461,2.2128546,1.2028546,0.69285464,0.27285463,0.4428546,0.09285461,0.19285461,1.0228546,1.5128546,1.1928546,-0.027145386,-0.80714536,-2.1871455,-2.7071455,-2.3871453,-1.2571454,-4.5871453,-1.3771454,0.032854613,-0.9171454,-2.1971455,-0.5071454,-0.027145386,0.57285464
-1.4471453,0.7728546,3.4928546,3.8828547,4.5828547,4.3628545,3.0328546,1.0828546,-1.3171453,-1.6671454,0.70285463,2.5028546,2.6828547,2.0828545,1.6828547,0.5028546,0.37285462,-0.2071454,1.7728546,1.4328547,1.8828546,1.0128546,0.8028546,1.1528546,1.0428547,1.4628546,0.9128546,-0.7871454,-0.28714538,-0.17714539,-1.0071454,-2.5071454,-2.8971453,-4.3871455,-2.3471453,-0.3671454,1.9128547,-1.5371454,-0.037145387,0.9328546,2.4228547
-3.2571454,-2.6771455,1.0728546,3.1328547,4.1928544,4.2428546,4.002855,3.1128547,2.2828546,0.6028546,1.2228546,3.4728546,3.3028545,3.1628547,2.8228545,2.1628547,1.2328546,0.49285462,0.76285464,1.4928546,1.9528546,1.6628547,1.7328546,1.4728546,1.6228546,1.9428546,1.1328546,0.8328546,0.64285463,-0.15714538,-1.1371454,-1.7171454,-2.7371454,-1.1571454,-1.7471454,-1.3671454,-0.7571454,-0.5271454,0.7728546,-1.8571454,0.2628546
-2.7171454,-3.0671453,-3.0271454,-1.3571454,1.2728546,2.1028547,2.2028546,2.1428547,1.9828546,-0.92714536,2.2928545,2.0628545,3.6928546,4.4028544,3.8228545,3.3028545,3.1828547,2.8528547,2.2828546,2.1128547,1.8228546,1.8228546,2.1028547,2.2628546,2.2028546,2.3828547,2.1728547,1.4228547,0.37285462,-0.18714538,-0.80714536,-1.0771453,-0.8471454,-2.5271454,-2.7671454,0.46285462,1.2428546,1.2728546,-0.3671454,-0.98714536,-0.17714539
-0.8871454,-1.5171454,-1.7771454,-1.7571454,-1.6971453,0.7928546,1.5528547,1.5628546,2.9028547,3.0328546,2.6828547,1.9028546,0.9628546,2.2928545,3.2228546,4.062855,4.1328545,4.0828547,3.9428546,3.3328545,3.0128546,2.5328546,2.0628545,1.9328547,2.4428546,2.3828547,1.7928547,1.9628546,1.8528546,0.8628546,0.14285462,-0.46714538,-1.1871454,-1.7171454,-1.4271454,-2.1271453,-1.9171454,-2.1871455,-1.9971454,-1.6171454,-0.9971454
1.1428546,0.82285464,-0.017145386,-0.23714538,-0.9671454,-0.21714538,0.10285462,0.6628546,2.6628547,3.6728547,2.2328546,2.6028547,2.2728546,1.6228546,2.0428545,2.3128545,3.8428545,4.1128545,5.252855,4.5728545,4.8428545,3.9028547,3.0528545,3.0028546,2.4728546,2.9128547,3.3428545,2.7528546,2.1428547,2.4028547,1.9128547,1.2328546,0.3828546,-0.4871454,-0.8771454,-1.1971453,-1.9571453,-1.3871454,-2.0471454,-1.7171454,-1.2171454
3.0528545,2.7028546,2.1228547,1.1328546,0.6028546,-0.61714536,0.7928546,0.4228546,0.7528546,0.5928546,1.8328546,1.7228546,2.6528547,3.8228545,3.4528546,2.8428545,3.0628545,3.3728547,3.9928546,4.6028547,5.0728545,4.792855,4.0928545,3.5728545,3.0728545,2.9128547,4.2228546,3.6928546,2.9728546,2.6028547,2.1128547,1.6028546,1.1628547,0.6828546,0.4128546,-0.107145384,-0.5071454,-0.7671454,-1.3271453,-1.6671454,-2.2971454
3.7428546,4.0828547,4.3728547,3.1828547,2.4828546,2.2628546,1.5328546,1.5028546,0.3528546,0.17285462,1.3028547,2.1428547,1.6928546,0.8528546,2.7628546,3.9828546,2.4328547,3.3228545,3.6628547,4.312855,4.8728547,4.732855,4.8028545,4.7828546,5.1828547,4.6828547,4.232855,4.482855,4.1128545,3.4728546,2.9428546,2.6428547,1.9028546,1.9228547,1.7828546,1.3428546,1.7928547,0.8128546,0.23285462,0.14285462,-0.60714537
