wind_kz.json
{"header": {"discipline":0,"disciplineName":"Meteorological products","gribEdition":2,"gribLength":1025,"center":7,"centerName":"US National Weather Service - NCEP(WMC)","subcenter":0,"refTime":"2023-09-20T18:00:00.000Z","significanceOfRT":1,"significanceOfRTName":"Start of forecast","productStatus":0,"productStatusName":"Operational products","productType":1,"productTypeName":"Forecast products","productDefinitionTemplate":0,"productDefinitionTemplateName":"Analysis/forecast at horizontal level/layer at a point in time","parameterCategory":2,"parameterCategoryName":"UnknownDiscipline_0_Category_2","parameterNumber":3,"parameterNumberName":"UnknownParameter_D0_C2_3","parameterUnit":"Unknown","genProcessType":2,"genProcessTypeName":"Forecast","forecastTime":0,"surface1Type":103,"surface1TypeName":"Specified height level above ground","surface1Value":10.0,"surface2Type":255,"surface2TypeName":"Missing","surface2Value":0.0,"gridDefinitionTemplate":0,"gridDefinitionTemplateName":"Latitude_Longitude","numberPoints":615,"shape":6,"shapeName":"Earth spherical with radius of 6,371,229.0 m","gridUnits":"degrees","resolution":48,"winds":"true","scanMode":64,"nx":41,"ny":15,"basicAngle":0,"lo1":47.0,"la1":41.0,"lo2":87.0,"la2":55.0,"dx":1.0,"dy":1.0}, "data":
[rows 0 to 14 of 15, columns 0 to 40 of 41]
1.6230909,0.13309082,2.8330908,6.863091,2.6230907,-3.2469091,0.6630908,1.4330908,-0.97690916,-1.7469091,-1.2669091,-2.5869093,-3.1469092,-2.4469092,-4.2769094,-3.536909,-4.266909,-2.316909,-0.78690916,-0.66690916,-1.9069092,-3.536909,-2.6969092,0.83309084,-3.1569092,-0.9369092,-0.6469092,1.9230908,0.29309082,-1.8969092,-2.7269092,-2.2169092,3.0330908,4.233091,-1.5769092,-4.0869093,-5.116909,-1.9869092,-1.4869092,-3.4869092,0.38309082
2.683091,-0.9269092,8.143091,6.133091,2.0630908,-2.4169092,-0.42690918,-0.36690918,0.5030908,-1.2969092,-2.1969092,-1.4969091,-3.1069093,-3.6969092,-5.036909,-5.766909,-4.7969093,-5.536909,-3.2369092,-2.816909,-1.9769092,0.25309083,-1.0269092,1.2530909,-1.1569092,2.213091,0.42309082,2.3130908,-0.85690916,1.2330909,-0.0069091795,-1.1869092,-2.7569091,-3.0869093,-3.776909,-4.076909,-3.786909,-6.7369094,-0.7469092,-2.3469093,1.6830908
2.9830909,5.7430906,4.963091,3.6630907,1.9930909,-1.0769092,0.8630908,-0.116909176,0.06309082,-1.1669092,-2.8569093,0.9430908,-0.8669092,-2.6069093,-3.6469092,-4.326909,-5.0269094,-3.1469092,-3.3969092,-2.7069092,-3.1469092,-1.1569092,-2.3869092,0.07309082,-0.04690918,2.5930908,0.07309082,1.1830908,1.4730908,3.3230908,0.2730908,-0.59690917,2.213091,-0.06690918,0.42309082,0.8230908,-1.7969092,-2.9869092,-0.6169092,2.183091,0.14309081
2.423091,4.273091,3.2630908,0.37309083,-1.2869092,1.6130909,-0.01690918,1.1930908,1.4430908,-0.5569092,-2.3769093,2.2430909,1.9530908,-0.09690918,-2.1669092,-2.8869092,-4.016909,-0.91690916,-2.8869092,-3.536909,-0.97690916,0.90309083,2.0830908,-0.49690917,0.14309081,2.4830909,-0.036909178,2.2830908,3.2330909,1.6330909,0.3030908,0.8130908,-0.7669092,-1.0769092,0.6830908,0.9230908,3.5730908,3.0730908,2.5030909,0.9930908,-0.7069092
1.6930908,2.7730908,0.65309083,-0.8169092,-1.4269092,-1.1169091,-1.9469092,-1.4469092,-2.1469092,-0.91690916,-0.37690917,-1.3969092,-2.796909,-0.19690917,-1.8169092,-2.5869093,-4.076909,-2.7169092,-2.8369093,-1.7969092,-0.53690916,1.5630908,0.22309083,1.7230908,2.6630907,0.26309082,0.22309083,2.3030908,1.1130909,2.0830908,2.1430907,3.7530909,3.7630908,3.2830908,-0.29690918,-0.71690917,-1.5669092,1.9730908,0.9230908,-2.8469093,-3.9469092
3.0830908,2.7730908,3.7930908,1.9130908,-0.30690917,-2.5969093,-2.056909,-1.8469092,-1.6869092,-1.6069092,0.7530908,2.0030909,-0.84690917,-1.4169092,-2.6369092,-1.9969091,-3.9569092,-3.026909,-2.5969093,-2.566909,-2.7069092,1.2930908,-0.36690918,-3.3969092,-0.13690919,-1.8269092,-1.2269092,-2.9769092,-1.5169091,1.0130908,1.4330908,4.1230907,8.743091,2.8430908,2.5630908,1.5730908,0.5630908,-2.9169092,-3.4269092,-1.4469092,-4.826909
3.2930908,2.193091,2.8730907,-0.27690917,-2.5069091,-3.0869093,-3.786909,-3.9569092,-3.5169091,-4.306909,1.3430908,1.1430908,0.8630908,-0.15690918,-1.9869092,-2.4569092,-2.2569091,-3.1669092,-2.8469093,-3.1269093,-2.1369092,-1.3769091,2.4030907,0.71309084,0.12309082,-1.3869091,-2.056909,-5.5069094,-5.156909,0.03309082,2.1230907,4.103091,8.3630905,3.6430907,1.3130908,-0.12690918,0.9230908,2.3830907,-0.49690917,1.9130908,0.7430908
0.02309082,-0.90690917,-1.5769092,-0.96690917,-1.4669092,-2.7669091,-3.2369092,-3.546909,-3.7269092,-4.896909,-1.9169092,1.3330908,-0.4169092,-2.4469092,-3.4369092,-3.546909,-4.016909,-3.5869093,-3.566909,-2.046909,-2.9969091,-1.3369092,0.5730908,-0.116909176,0.6930908,-0.2869092,-1.5569092,-6.7769094,-3.796909,-5.676909,-1.5769092,-1.1069092,2.703091,4.153091,6.1430907,4.323091,2.3030908,-2.816909,-1.3169092,0.38309082,0.23309082
0.6930908,-0.40690917,-0.91690916,-0.85690916,-1.5769092,-2.7469091,-2.8769093,-3.1569092,-3.7069092,-3.6669092,-2.326909,-3.1669092,-2.8769093,-3.9969091,-3.9569092,-3.556909,-4.786909,-4.076909,-3.8769093,-3.0169091,-1.2569091,-2.526909,2.8630908,0.9130908,-0.05690918,-2.2169092,-1.2769092,-2.3369093,-0.59690917,-1.7369092,-3.4569092,-3.9569092,-1.3569092,-0.3569092,3.7430909,2.1130908,0.84309083,1.4330908,2.3630908,1.7230908,1.0230908
1.9230908,1.0130908,0.22309083,1.1030908,-0.72690916,-2.1269093,-1.9369092,-3.2569091,-3.4469092,-1.4269092,-0.8669092,-2.1469092,-2.7069092,-3.816909,-4.3169093,-5.176909,-3.7069092,-5.7169094,-3.8369093,-4.476909,-4.0069094,-3.036909,-2.6269093,-0.48690918,-0.34690917,-2.7169092,-1.8469092,-1.6169091,-2.2269092,-3.326909,-2.2369092,2.933091,2.703091,2.1230907,-0.8769092,1.7230908,1.2530909,0.06309082,0.71309084,1.9930909,1.9230908
2.673091,2.5130908,1.6430908,1.0130908,-0.5669092,-1.0869092,-1.8069092,-1.9769092,-3.0869093,-2.4969091,-0.23690918,-0.14690918,-2.036909,-2.7169092,-3.576909,-4.036909,-3.7169092,-4.8369093,-4.0269094,-6.036909,-4.8169093,-3.9369092,-1.7469091,-1.5269092,-0.9369092,-1.5069091,-2.3669093,-3.276909,-2.1569092,-1.9769092,-2.026909,2.7430909,-1.6569092,-0.59690917,-0.54690915,0.14309081,0.17309082,0.7330908,-0.4469092,-0.90690917,-0.23690918
1.3630909,2.0930908,2.1230907,1.7530909,2.0330908,0.89309084,-0.8069092,-0.8069092,-2.1569092,-2.026909,-0.39690918,-0.40690917,-1.0069091,-2.4469092,-3.2169092,-3.3569093,-3.576909,-3.9169092,-3.296909,-3.9769092,-4.726909,-5.2369094,-4.1269093,-2.3869092,-1.9669092,1.7930908,0.44309083,-1.6569092,-1.8869091,-1.6569092,-1.2969092,-1.2069092,-1.4969091,-0.97690916,-1.0569092,-1.5669092,-1.0369092,1.2530909,1.2830908,1.2130908,0.65309083
2.6330907,3.193091,2.8330908,2.0730908,2.1030908,1.2030908,0.7330908,0.3630908,-0.5269092,-0.97690916,-0.8369092,0.19309083,0.7430908,-0.3869092,-1.9169092,-2.816909,-2.8869092,-2.9169092,-3.2169092,-3.6369092,-4.406909,-3.036909,-2.4869092,-3.5969093,-4.646909,-3.326909,-2.9469092,-2.796909,-3.276909,-2.5069091,-1.0469092,-1.1469092,-1.9569092,-1.9769092,-1.9569092,-0.60690916,-0.42690918,-0.01690918,-0.0069091795,-0.5569092,-0.04690918
3.1430907,3.203091,4.053091,3.5930908,2.1030908,2.443091,1.7530909,2.0330908,1.7130908,1.1330909,0.6130908,-0.5269092,-0.4169092,0.45309082,0.6730908,-0.9369092,-2.0969093,-2.5869093,-2.6769092,-2.6369092,-3.296909,-2.9869092,-2.8869092,-3.3369093,-3.4469092,-3.7369092,-4.076909,-2.9869092,-2.4369092,0.70309085,-0.90690917,-0.7069092,-1.5369092,-2.1369092,0.11309082,-0.6469092,-0.8369092,-1.2069092,-0.49690917,0.3630908,0.22309083
2.6530907,3.6230907,3.9030907,4.363091,3.223091,2.8330908,3.1030908,3.1530907,3.1130908,2.473091,1.5830908,1.8830909,2.1230907,0.03309082,0.5530908,0.10309082,0.5430908,-0.8269092,-1.4669092,-1.9369092,-2.1669092,-2.2169092,-2.5969093,-2.8869092,-2.6869092,-3.1569092,-3.286909,-3.286909,-2.4469092,-2.6469092,-0.3869092,-0.59690917,-1.0969092,-1.8569092,-0.4169092,-1.5269092,-0.49690917,-0.26690918,-0.3169092,1.3130908,-0.0069091795
