wind_kz.json
{"header": {"discipline":0,"disciplineName":"Meteorological products","gribEdition":2,"gribLength":1102,"center":7,"centerName":"US National Weather Service - NCEP(WMC)","subcenter":0,"refTime":"2023-08-24T18:00:00.000Z","significanceOfRT":1,"significanceOfRTName":"Start of forecast","productStatus":0,"productStatusName":"Operational products","productType":1,"productTypeName":"Forecast products","productDefinitionTemplate":0,"productDefinitionTemplateName":"Analysis/forecast at horizontal level/layer at a point in time","parameterCategory":2,"parameterCategoryName":"UnknownDiscipline_0_Category_2","parameterNumber":3,"parameterNumberName":"UnknownParameter_D0_C2_3","parameterUnit":"Unknown","genProcessType":2,"genProcessTypeName":"Forecast","forecastTime":60,"surface1Type":103,"surface1TypeName":"Specified height level above ground","surface1Value":10.0,"surface2Type":255,"surface2TypeName":"Missing","surface2Value":0.0,"gridDefinitionTemplate":0,"gridDefinitionTemplateName":"Latitude_Longitude","numberPoints":615,"shape":6,"shapeName":"Earth spherical with radius of 6,371,229.0 m","gridUnits":"degrees","resolution":48,"winds":"true","scanMode":64,"nx":41,"ny":15,"basicAngle":0,"lo1":47.0,"la1":41.0,"lo2":87.0,"la2":55.0,"dx":1.0,"dy":1.0}, "data":
[rows 0 to 14 of 15, columns 0 to 40 of 41]
1.0515625,1.7615625,-0.4084375,4.0715623,-0.3284375,-1.6984375,-4.4884377,-3.2884376,-3.8284376,-4.7184377,-5.5384374,-6.2084374,-5.3584375,-4.6284375,-3.4184375,-3.6184375,-3.1484375,-0.3384375,1.0815625,0.7215625,0.9015625,-1.0384375,-2.2884376,0.2115625,4.8115625,-0.3384375,3.1615624,0.6315625,-0.9584375,0.3515625,2.1415625,0.0915625,0.0615625,-8.338437,1.3015625,1.5715625,2.5115626,1.5815625,1.4415625,0.2615625,-0.7184375
-1.3384376,-1.1984375,2.7815626,0.0015625,-2.0584376,-0.7284375,-3.1484375,-3.0684376,-4.0684376,-5.1584377,-5.1284375,-5.2784376,-5.1984377,-4.7684374,-2.6484375,-2.4884374,-2.5384376,-0.0684375,2.6615624,2.7615626,2.7215624,2.8515625,2.8015625,4.0015626,2.1215625,4.1415625,2.5215626,2.7815626,0.1815625,2.2515626,-0.9684375,4.0015626,2.2315626,3.6915624,1.1715626,1.1215625,2.7715626,2.1215625,2.2015624,0.1515625,0.2115625
-1.8984375,2.2715626,1.6115625,-1.5484375,-2.8084376,-0.9484375,-3.1784375,-4.0684376,-2.4384375,-5.3584375,-6.2384377,-6.0484376,-6.4684377,-5.0484376,-4.1984377,-1.8984375,-0.8984375,-0.3984375,1.5015625,5.0115623,4.0515623,2.9915626,4.5615625,2.4715624,2.1315625,-0.8284375,-2.7984376,-5.7084374,-2.5184374,-4.2184377,-2.2284374,1.2915626,0.7315625,2.0215626,0.4215625,-2.9684374,5.0415626,3.0315626,0.5015625,4.1915627,3.2515626
-1.3284374,-1.2284375,-3.0784376,-3.9884374,-3.5984375,-4.7784376,-5.2284374,-4.9084377,-5.3884373,-5.5384374,-6.1184373,-6.1684375,-7.3484373,-8.948438,-5.2884374,-1.7484375,-0.1884375,1.9915625,1.5315624,4.0915623,3.5515625,6.3315625,-0.2384375,3.7215624,1.8015625,0.2715625,-2.0584376,-5.4784374,-6.4784374,-7.2984376,-4.2484374,3.0615625,1.1415625,-0.8584375,0.1515625,2.4115624,4.6215625,2.8215625,-3.7384374,-3.3484375,0.3215625
-1.0284375,-0.8084375,-2.6384375,-4.4484377,-5.0184374,-4.1584377,-5.8984375,-6.4684377,-6.2884374,-3.4584374,-5.4584374,-7.5984373,-8.958438,-10.138437,-5.7784376,0.8415625,0.3315625,2.5015626,4.8115625,4.6115627,3.6015625,3.2515626,3.5015626,3.4015625,4.5615625,4.9015627,2.6815624,0.4615625,-3.3884375,-8.878437,0.4115625,-2.3484375,-2.1184375,-0.4984375,0.7015625,-2.2484374,1.4115624,-0.1384375,-2.9084375,-0.1584375,2.6515625
0.5715625,-0.5784375,-0.7084375,-2.8284376,-4.6284375,-5.0684376,-5.0384374,-6.1184373,-6.8984375,-5.9984374,-6.5184374,-7.9984374,-8.718437,-10.178437,-7.4084377,-1.9084375,-2.5684376,1.6515625,3.4715624,4.5215626,4.6715627,3.5315626,4.1215625,4.3815627,4.4415627,6.5115623,5.3315625,6.1915627,-1.3684375,-5.2884374,-3.6784375,0.8515625,2.4115624,-0.6284375,-2.4684374,-0.0984375,7.5115623,-1.6084375,-3.9084375,-1.9184375,-1.3684375
0.2715625,-0.7484375,-0.9584375,-2.2784376,-3.8784375,-3.0484376,-3.1584375,-6.0484376,-6.2084374,-6.5184374,-6.8284373,-7.2884374,-7.2684374,-7.1284375,-9.288438,-6.8584375,-4.6684375,-4.3284373,2.1815624,1.9015625,4.1615624,4.5315623,4.3915625,3.5315626,5.3315625,5.5115623,6.7615623,3.9615624,3.6915624,-1.5684375,4.3415623,5.8315625,2.7715626,1.0515625,3.1915624,4.5215626,6.7115626,6.9815626,2.8115625,-1.5684375,-0.2784375
0.9415625,0.5815625,-1.1384375,-1.7284375,-3.3184376,-1.6984375,-2.9484375,-4.6784377,-6.0484376,-6.1684375,-6.4684377,-6.7684374,-4.2284374,-5.0884376,-3.3784375,-5.4984374,0.3415625,-0.1884375,1.2015625,-1.9184375,3.5015626,1.9415625,5.3515625,4.3115625,4.1215625,4.2415624,6.8515625,8.881562,11.271563,8.311563,6.3915625,4.8915625,4.7715626,3.6815624,2.2915626,-2.2184374,0.4715625,0.8215625,1.1315625,1.0015625,4.4715624
0.6315625,1.3915625,0.1215625,-1.1484375,-2.7284374,-1.8084375,-2.0284376,-3.1484375,-4.2784376,-5.5784373,-6.1184373,-6.0984373,-5.7284374,-3.7184374,-4.7484374,-7.2784376,-7.0684376,-5.9584374,-4.8584375,1.1215625,-1.7384375,2.5715625,2.3515625,0.4915625,-0.2584375,-0.7784375,7.7315626,10.951563,9.941563,10.231563,5.9715624,6.4615626,3.8315625,4.1315627,2.4415624,4.1315627,1.9915625,4.1615624,6.5015626,4.7015624,3.1215625
0.9615625,0.9615625,1.1015625,0.5615625,-0.6784375,-0.4684375,-1.1784375,-1.4784375,-3.3384376,-4.2184377,-4.4684377,-5.3284373,-5.4084377,-2.3084376,-3.2684374,-5.1584377,-7.1284375,-7.5784373,-6.3284373,-0.3584375,-2.4484375,4.8715625,2.1515625,0.3715625,-3.9384375,-3.3384376,3.0815625,4.8315625,7.5015626,5.6815624,3.5415626,4.1715627,3.3115625,2.0415626,0.8315625,2.5715625,2.3315625,1.8715625,2.5815625,3.5615625,2.9915626
3.4015625,1.8215625,0.0615625,-0.0984375,0.7015625,1.4815625,1.0215625,-0.3984375,-1.4284375,-2.8784375,-2.6384375,-2.3684375,-3.6984375,-1.4984375,-3.0984375,-4.0784373,-5.8384376,-6.0584373,-5.9484377,-4.8984375,-4.1584377,-2.9784374,1.3315625,3.7015624,-0.5184375,-3.1684375,-2.9484375,-0.7684375,3.2215624,2.6315625,3.4115624,4.0815625,2.0915625,0.0615625,0.0815625,0.4015625,3.0315626,3.3715625,6.0415626,1.4115624,2.2815626
-0.0184375,0.6315625,2.8515625,0.9115625,-0.9284375,-0.9784375,-0.9684375,-1.1184375,-0.5084375,-0.5684375,-1.4084375,-1.4884375,-1.4684376,-2.1184375,-2.9884374,-2.0884376,-2.6284375,-4.1684375,-4.3984375,-4.1484375,-2.6284375,-3.6484375,-3.1284375,-4.0484376,-1.4284375,-1.3684375,-4.0984373,-5.5784373,5.4115624,6.1015625,5.9815626,4.2715626,1.3115625,0.4115625,0.1815625,-0.2384375,-1.2584375,-1.3584375,-1.6284375,-1.2584375,-0.8184375
-0.6384375,-1.6484375,2.3215625,3.2615626,2.7515626,1.8215625,2.4815626,1.2515625,-0.3184375,0.3415625,-0.2084375,-0.1284375,-0.2884375,-1.4584374,0.5115625,-0.1684375,-2.0984375,-2.3684375,-3.3684375,-1.4584374,-1.9784375,-3.1984375,-2.8984375,-4.0084376,-3.8384376,-3.8784375,-3.7284374,-5.7484374,-0.0184375,4.3515625,3.7015624,3.3915625,1.6915625,0.8515625,-0.3084375,-0.3884375,-1.0984375,-0.8184375,-0.5684375,-0.0884375,0.2015625
-2.2484374,0.1415625,-0.8284375,2.0515625,1.9115624,2.4015625,2.4615624,0.7515625,-0.8584375,1.5215625,-0.0484375,0.3015625,0.1615625,0.6615625,3.3815625,1.0215625,-0.7084375,-1.3084375,-1.1784375,-0.6984375,-0.2084375,-0.5084375,-1.4184375,-1.6784375,-3.1684375,-2.2684374,-5.3984375,-3.9884374,-3.4784374,1.1415625,3.7915626,3.2615626,2.5115626,1.5615625,1.1415625,0.7415625,-0.4584375,-1.2384375,-0.7784375,-0.7484375,-0.4784375
-1.4084375,-2.3584375,-3.6184375,-1.4784375,1.8115625,1.0615625,1.2915626,1.2315625,-0.6384375,1.5015625,2.6115625,2.7315626,2.5915625,-0.1784375,2.3615625,2.2015624,1.6115625,1.4815625,1.5615625,0.3515625,-0.2784375,0.4215625,-1.1984375,-1.9884375,-1.2184376,-1.7684375,-0.9484375,-2.8284376,-1.2184376,-0.4284375,1.5715625,3.1915624,2.5115626,2.2215624,1.1415625,0.3015625,-0.8384375,-0.7784375,-1.6584375,-0.4784375,0.7515625
