wind_kz.json
{"header": {"discipline":0,"disciplineName":"Meteorological products","gribEdition":2,"gribLength":1025,"center":7,"centerName":"US National Weather Service - NCEP(WMC)","subcenter":0,"refTime":"2025-04-05T06:00:00.000Z","significanceOfRT":1,"significanceOfRTName":"Start of forecast","productStatus":0,"productStatusName":"Operational products","productType":1,"productTypeName":"Forecast products","productDefinitionTemplate":0,"productDefinitionTemplateName":"Analysis/forecast at horizontal level/layer at a point in time","parameterCategory":2,"parameterCategoryName":"UnknownDiscipline_0_Category_2","parameterNumber":3,"parameterNumberName":"UnknownParameter_D0_C2_3","parameterUnit":"Unknown","genProcessType":2,"genProcessTypeName":"Forecast","forecastTime":300,"surface1Type":103,"surface1TypeName":"Specified height level above ground","surface1Value":10.0,"surface2Type":255,"surface2TypeName":"Missing","surface2Value":0.0,"gridDefinitionTemplate":0,"gridDefinitionTemplateName":"Latitude_Longitude","numberPoints":615,"shape":6,"shapeName":"Earth spherical with radius of 6,371,229.0 m","gridUnits":"degrees","resolution":48,"winds":"true","scanMode":64,"nx":41,"ny":15,"basicAngle":0,"lo1":47.0,"la1":41.0,"lo2":87.0,"la2":55.0,"dx":1.0,"dy":1.0}, "data":
[rows 0 to 14 of 15, columns 0 to 40 of 41]
-0.41635987,-2.7963598,-0.23635986,4.8836403,0.89364016,-4.03636,-3.4763598,-3.5763597,-3.37636,-2.9963598,-2.40636,-0.5563599,-0.24635987,-1.8863598,-2.9863598,-4.14636,-5.6563597,-5.52636,-4.6163597,-3.7363598,-3.87636,3.0436401,-0.36635986,-0.65635985,-0.53635985,-1.4063599,-1.7963599,1.8836402,1.4236401,1.5436401,-0.9363599,-3.5763597,-0.97635984,-2.41636,-1.7363598,-2.4963598,-2.68636,-3.84636,-4.3263597,-1.8863598,3.32364
4.5536404,1.5336401,5.00364,5.00364,1.8536401,-0.49635985,-2.4763598,-1.1363598,-1.3863598,-1.3463598,-2.37636,-2.4863598,-1.6963599,0.47364014,-0.046359863,-2.63636,-4.28636,-4.71636,-6.3463597,-7.03636,-7.8663597,-0.9363599,2.4536402,2.14364,1.7936401,1.5936401,-0.73635983,2.4536402,0.8836401,1.8136401,3.66364,3.85364,-1.1163598,-1.5463599,-5.68636,-2.9463599,-4.3463597,-7.0963597,-5.3263597,-4.6763597,2.07364
0.6336401,5.5736403,6.23364,3.58364,1.7736402,-0.006359863,0.0036401367,-0.43635985,-1.0663599,-0.48635986,-0.18635987,-1.0863599,-1.2963599,-0.52635986,0.64364016,-0.96635985,-1.6363598,-4.79636,-5.95636,-6.6563597,-7.3463597,-6.14636,3.86364,2.16364,2.36364,2.08364,1.4136401,0.51364017,-0.42635986,1.6136402,3.34364,2.31364,2.16364,-0.43635985,-1.6063598,2.15364,2.0536401,-1.4863598,0.6836401,-1.3063599,-0.73635983
0.31364015,0.5036401,1.4836402,1.6736401,0.38364014,1.1036401,-0.20635986,-1.0963598,0.07364014,0.22364014,0.32364014,1.9736401,1.7836401,0.34364015,0.093640134,-0.5063599,-0.32635987,-2.0563598,-4.4063597,-5.00636,-4.04636,-0.60635984,4.8236403,4.01364,4.1736403,2.2936401,0.27364013,-1.3863598,1.9736401,1.7136401,-0.70635986,-2.5263598,-2.3063598,0.10364014,0.21364014,-1.4963598,0.37364015,3.4836402,0.60364014,-0.32635987,0.96364015
-1.9963598,-2.17636,-3.65636,-2.17636,-2.17636,0.083640136,0.8136401,0.41364014,-0.78635985,0.85364014,1.9236401,2.63364,4.0936403,4.3036404,1.6136402,3.2136402,2.62364,-0.03635986,-1.7963599,-2.7663598,-1.4263599,-3.42636,0.47364014,4.08364,2.85364,1.6236402,1.4436401,-0.36635986,-0.31635988,-0.6263599,-0.64635986,-0.006359863,2.5036402,3.4936402,0.38364014,0.37364015,-4.12636,0.51364017,-2.09636,-1.7763599,0.13364014
-1.0663599,0.9336401,-3.15636,-4.23636,-6.78636,-4.24636,-2.38636,-0.58635986,0.23364013,-0.45635986,-1.1663599,4.75364,4.5936403,5.9236403,3.2136402,3.65364,3.9436402,0.8836401,-0.84635985,-1.7763599,-3.0563598,-2.0563598,5.64364,3.66364,2.9936402,1.4236401,1.4236401,-0.53635985,-0.60635984,-0.58635986,-1.1763599,-2.62636,-2.2163599,-3.15636,1.7436402,1.4336401,2.3036401,-0.8663599,-2.9863598,-2.6963599,-3.7363598
-2.7663598,0.47364014,1.5836401,-1.9563599,-3.8063598,-6.1763597,-6.70636,-7.3263597,-1.4663599,0.92364013,1.3536401,1.1936401,3.66364,4.8636403,5.0536404,6.1736403,4.4036403,2.4836402,1.4336401,-0.6863599,5.01364,3.5436401,2.7236402,2.2836401,-0.51635987,2.7136402,1.7636402,0.40364015,0.11364014,-0.30635986,1.4836402,-0.7563599,-3.8063598,-6.52636,-3.17636,-2.42636,-3.83636,-1.7263598,-2.7063599,-4.1163597,-1.9363599
-3.12636,-2.92636,3.3036401,1.4436401,-1.2063599,-3.0263598,-5.99636,-4.12636,-4.35636,-3.0163598,-0.38635987,3.0236402,5.6736403,5.39364,4.3836403,4.1336403,4.50364,2.7536402,4.19364,5.8636403,1.5336401,0.38364014,-1.9763598,-1.9163599,-2.4863598,-1.7163599,-0.85635984,-0.006359863,0.37364015,2.34364,1.5036402,0.31364015,-1.9563599,-2.62636,-0.5663599,-1.4163599,-0.29635987,-0.14635986,1.1036401,3.7936401,-0.6363599
-3.2163599,-3.18636,-2.63636,0.27364013,0.97364014,-2.2463598,-3.2363598,-6.49636,-7.95636,-7.24636,-3.0763597,1.1936401,4.53364,5.14364,2.4736402,4.29364,9.38364,4.72364,6.62364,3.9436402,4.4236403,0.66364014,0.14364013,0.51364017,0.8736401,1.2636402,0.39364013,1.1836401,1.5536401,2.2836401,2.1836402,1.7936401,0.9936401,0.39364013,-0.77635986,-1.9363599,-2.14636,-1.5363599,-2.9763598,-2.5363598,-1.1463599
-3.7363598,-3.7963598,-3.9863598,-4.75636,-3.10636,0.06364014,-1.6163598,-6.1763597,-7.68636,-9.17636,-6.72636,-8.02636,-2.9563599,2.2136402,-0.48635986,-0.22635986,0.92364013,1.5436401,2.4536402,2.64364,2.64364,2.16364,1.3336401,-0.73635983,-0.60635984,0.25364015,0.46364012,0.98364013,0.43364012,-0.47635987,1.6036401,0.27364013,1.1036401,1.4036402,0.013640136,0.9936401,-0.79635984,-1.8063599,-0.98635983,-1.1763599,-2.60636
-2.3263597,-4.29636,-4.18636,-4.51636,-4.1963596,-5.60636,-0.45635986,1.3736402,-4.56636,-5.27636,-6.6963596,-6.48636,-7.39636,-5.5963597,-2.92636,-1.9563599,0.67364013,0.06364014,3.2336402,4.20364,3.91364,3.5536401,1.7636402,0.23364013,-1.2663598,1.1136402,0.06364014,-0.016359864,-0.6363599,0.41364014,1.4636401,0.07364014,1.0236402,-0.07635986,-0.15635987,1.2636402,-0.36635986,0.79364014,-0.8663599,-1.0463599,-0.24635987
-2.2963598,-2.7863598,-3.9963598,-3.86636,-4.3263597,-4.96636,-3.9863598,-4.72636,-0.9263599,-0.30635986,-3.0663598,-2.2863598,-5.51636,-3.5763597,-2.93636,-2.7363598,-1.8163599,-0.9263599,0.52364016,1.5136402,2.0036402,0.8136401,1.1036401,1.4436401,1.8536401,1.7436402,2.2736402,2.36364,0.6136401,0.07364014,0.28364015,0.31364015,0.6936401,-0.21635987,-1.5863599,-2.10636,-0.6863599,1.7336402,1.8536401,1.7136401,1.4736401
-2.09636,-1.7163599,-3.33636,-3.41636,-3.2363598,-2.60636,-3.14636,-3.9963598,-5.87636,-2.63636,-1.0963598,-0.8763599,-1.8263599,-2.0563598,-1.7563598,-2.10636,-1.9963598,-1.2663598,-0.76635987,-0.006359863,0.78364015,1.7236401,1.7636402,1.9636401,2.40364,2.4236403,3.2536402,2.5436401,-0.53635985,-1.5863599,-1.5963598,0.43364012,0.59364015,-0.29635987,0.10364014,-0.9963599,0.033640135,-0.9263599,-0.8063599,-0.76635987,-0.58635986
-1.6563599,-1.9963598,-1.8963599,-2.61636,-2.63636,-2.8263597,-2.89636,-3.11636,-2.90636,-3.17636,-1.2563598,-0.83635986,-1.6163598,-1.5563599,-1.9963598,-1.2063599,-1.1363598,-1.1763599,-0.51635987,0.26364014,0.31364015,0.91364014,0.91364014,1.1836401,1.2136401,0.44364014,1.2236401,1.2936401,1.8536401,1.5236402,1.0236402,-0.11635986,-1.5363599,-0.8063599,0.58364016,0.35364014,0.6936401,-0.83635986,-0.006359863,-0.43635985,-0.20635986
-1.1263598,-1.9863598,-2.5563598,-1.2163599,-1.7363598,-1.1863599,-1.4663599,-1.2263598,-2.35636,-2.5663598,-1.6463599,-0.30635986,0.9436401,0.53364015,1.4636401,1.9236401,1.8136401,1.7036401,1.9236401,1.7836401,1.7836401,2.6836402,2.36364,1.7636402,1.9536401,1.5736401,2.7036402,2.7536402,2.2736402,2.2836401,1.7436402,1.1336402,0.033640135,1.9236401,1.1236402,0.59364015,1.3236401,0.5636401,0.083640136,-0.65635985,0.6336401
