wind_kz.json
[{"header":{"discipline":0,"disciplineName":"Meteorological products","gribEdition":2,"gribLength":948,"center":7,"centerName":"US National Weather Service - NCEP(WMC)","subcenter":0,"refTime":"2023-09-27T00:00:00.000Z","significanceOfRT":1,"significanceOfRTName":"Start of forecast","productStatus":0,"productStatusName":"Operational products","productType":1,"productTypeName":"Forecast products","productDefinitionTemplate":0,"productDefinitionTemplateName":"Analysis/forecast at horizontal level/layer at a point in time","parameterCategory":0,"parameterCategoryName":"UnknownDiscipline_0_Category_0","parameterNumber":0,"parameterNumberName":"UnknownParameter_D0_C0_0","parameterUnit":"Unknown","genProcessType":2,"genProcessTypeName":"Forecast","forecastTime":60,"surface1Type":1,"surface1TypeName":"Ground or water surface","surface1Value":0.0,"surface2Type":255,"surface2TypeName":"Missing","surface2Value":0.0,"gridDefinitionTemplate":0,"gridDefinitionTemplateName":"Latitude_Longitude","numberPoints":615,"shape":6,"shapeName":"Earth spherical with radius of 6,371,229.0 m","gridUnits":"degrees","resolution":48,"winds":"true","scanMode":64,"nx":41,"ny":15,"basicAngle":0,"lo1":47.0,"la1":41.0,"lo2":87.0,"la2":55.0,"dx":1.0,"dy":1.0},"data":[304.5,292.5,299.0,294.7,295.2,294.8,304.0,309.9,307.2,306.1,304.1,304.3,303.2,302.8,302.5,301.5,302.0,302.0,302.4,302.4,303.9,300.3,301.1,295.3,298.0,299.6,293.3,279.9,276.0,277.9,278.3,277.2,288.7,295.0,296.1,296.0,295.2,294.7,294.7,294.9,293.0,283.1,298.3,294.2,294.4,294.1,293.4,310.1,305.6,304.1,303.0,303.2,302.0,301.7,301.1,301.6,301.9,302.1,301.7,300.9,300.7,301.1,299.4,297.6,287.6,277.6,275.2,287.0,279.0,280.8,275.1,281.1,271.3,281.0,255.1,277.4,291.2,290.2,292.4,294.4,286.8,284.6,300.6,293.9,294.2,293.8,292.5,306.3,304.1,303.5,302.7,301.4,300.9,301.3,301.0,301.5,301.7,301.3,298.3,299.2,299.6,299.2,299.4,297.9,297.9,292.3,296.5,292.6,293.7,294.2,292.2,282.1,273.5,275.9,282.2,282.6,284.4,283.2,277.0,280.4,281.0,273.9,271.3,300.1,293.0,293.7,293.3,296.7,303.8,302.4,302.4,302.2,301.8,301.2,299.2,291.5,291.2,299.1,299.9,299.7,299.1,298.9,298.4,297.0,292.0,296.0,296.8,298.3,298.5,298.2,293.5,292.7,295.8,294.6,291.4,294.2,292.8,292.0,288.6,275.4,267.7,279.4,286.8,289.8,301.6,292.6,293.1,292.5,295.9,301.4,303.0,302.6,300.6,300.8,301.7,299.4,290.5,289.8,288.5,299.8,300.0,298.2,296.9,296.6,296.8,296.8,296.0,295.7,296.3,297.7,296.7,295.6,298.5,297.4,298.5,293.4,281.2,272.6,280.4,289.8,292.4,292.9,293.6,293.5,293.6,304.2,302.6,291.9,292.8,292.8,292.3,301.5,301.5,298.5,299.9,300.8,300.8,291.7,290.6,294.0,297.5,297.8,296.8,296.2,296.9,297.1,297.0,296.1,295.2,294.8,294.6,297.0,289.4,298.3,297.7,295.4,296.8,294.4,291.5,288.9,290.5,284.0,287.1,292.0,292.5,291.9,304.7,304.6,304.4,304.0,298.9,302.1,302.5,299.9,299.9,299.0,297.8,297.4,297.2,297.4,296.7,297.6,296.4,296.1,294.8,295.3,296.3,296.2,294.8,295.2,294.0,294.6,294.2,295.8,294.8,295.0,293.9,293.1,293.1,293.2,290.8,288.4,282.6,280.8,279.0,276.5,286.2,305.6,304.8,303.8,302.7,302.0,301.6,301.4,299.5,298.5,296.7,295.3,294.9,294.7,294.3,295.5,295.7,295.4,295.1,294.2,292.0,293.5,293.7,293.4,292.5,291.2,290.2,288.0,290.8,290.1,291.8,291.3,291.6,289.9,287.7,287.5,287.9,287.5,286.9,285.9,285.6,281.7,302.7,301.1,299.7,300.9,300.0,299.8,299.2,298.2,296.8,294.9,293.7,293.1,292.9,293.3,292.3,293.4,293.8,293.3,291.8,291.1,289.7,290.2,291.1,290.9,289.2,288.8,287.7,286.9,285.2,284.5,285.5,287.2,287.1,287.1,287.5,285.9,282.5,282.0,271.8,269.8,264.8,301.5,300.8,300.2,299.7,299.2,298.9,297.7,296.8,296.0,294.7,292.6,291.7,292.6,292.2,292.0,291.6,291.5,291.9,290.6,290.9,288.2,288.4,289.4,290.1,289.9,288.4,288.6,288.2,288.0,286.5,286.8,287.9,288.5,287.3,285.8,282.8,281.4,278.0,275.4,272.2,269.6,299.6,299.2,298.5,298.0,298.2,297.3,295.3,294.9,293.9,293.5,292.2,290.7,292.2,291.0,291.0,291.0,290.0,290.5,290.4,288.8,288.2,287.9,287.0,287.1,287.1,287.3,285.8,287.6,288.3,289.1,289.6,289.6,286.9,286.8,285.7,284.1,279.5,276.4,277.3,277.9,272.5,299.0,299.6,298.7,298.1,296.6,292.1,293.7,292.6,290.5,290.6,289.6,288.5,289.0,289.2,289.6,289.9,289.6,288.8,286.1,288.6,287.0,286.3,285.5,286.2,285.2,287.0,286.9,288.3,289.0,288.6,287.5,287.4,286.7,285.1,285.6,282.0,280.9,282.0,280.8,280.3,280.2,294.8,296.9,297.3,295.8,294.8,294.0,293.4,292.6,291.9,290.0,285.0,285.2,288.7,285.6,284.8,285.8,287.3,287.3,286.2,286.3,287.0,285.4,284.8,284.0,286.5,286.9,288.2,287.4,287.9,287.3,287.7,287.2,286.8,287.0,284.3,283.0,283.0,282.1,280.3,280.0,280.0,293.8,295.4,290.4,295.1,294.0,292.5,292.1,291.5,291.6,290.0,286.0,282.0,285.5,285.2,284.0,284.3,285.5,284.9,284.2,286.5,287.2,286.9,286.6,286.6,287.7,287.8,286.6,287.4,286.7,286.4,285.4,285.0,283.6,282.6,283.5,280.6,280.6,279.5,280.0,280.0,281.0,292.7,292.3,286.6,293.4,293.2,290.4,289.6,291.5,290.1,288.5,285.8,285.8,281.2,283.8,284.2,282.8,283.3,284.0,285.6,286.0,287.2,287.5,286.8,283.9,285.8,285.2,285.3,285.3,285.5,285.0,284.6,283.3,282.6,281.4,282.0,281.8,281.1,280.5,281.0,280.8,280.4]},{"header":{"discipline":0,"disciplineName":"Meteorological products","gribEdition":2,"gribLength":1025,"center":7,"centerName":"US National Weather Service - NCEP(WMC)","subcenter":0,"refTime":"2023-09-27T00:00:00.000Z","significanceOfRT":1,"significanceOfRTName":"Start of forecast","productStatus":0,"productStatusName":"Operational products","productType":1,"productTypeName":"Forecast products","productDefinitionTemplate":0,"productDefinitionTemplateName":"Analysis/forecast at horizontal level/layer at a point in time","parameterCategory":2,"parameterCategoryName":"UnknownDiscipline_0_Category_2","parameterNumber":2,"parameterNumberName":"UnknownParameter_D0_C2_2","parameterUnit":"Unknown","genProcessType":2,"genProcessTypeName":"Forecast","forecastTime":60,"surface1Type":103,"surface1TypeName":"Specified height level above ground","surface1Value":10.0,"surface2Type":255,"surface2TypeName":"Missing","surface2Value":0.0,"gridDefinitionTemplate":0,"gridDefinitionTemplateName":"Latitude_Longitude","numberPoints":615,"shape":6,"shapeName":"Earth spherical with radius of 6,371,229.0 m","gridUnits":"degrees","resolution":48,"winds":"true","scanMode":64,"nx":41,"ny":15,"basicAngle":0,"lo1":47.0,"la1":41.0,"lo2":87.0,"la2":55.0,"dx":1.0,"dy":1.0},"data":[-1.5668677,1.5831323,-2.7768676,-4.006868,-1.4468677,0.50313234,2.2631323,2.4231324,-0.45686767,0.4731323,1.0131323,1.8831323,4.123132,4.0731325,2.7231324,5.493132,3.8931322,3.2631323,1.5731323,1.2231324,0.31313232,0.5531323,3.0031323,4.223132,2.5831323,1.3731323,1.1531323,2.7031324,1.4331323,-0.086867675,-0.7268677,1.9031323,0.0031323242,-0.7068677,-1.1968677,0.13313232,-0.61686766,-1.7368677,-0.9068677,-0.68686765,1.0031323,-1.6868677,-4.3068676,-4.5168676,-5.026868,-3.6168678,-0.7868677,-1.3768677,-0.45686767,0.9731323,1.2431324,2.3431323,2.3131323,3.8931322,3.0331323,3.8131323,3.0531323,0.6031323,3.1731324,1.9431323,0.6531323,0.7331323,1.7431324,2.7731323,-0.4968677,1.6531323,0.69313234,-0.38686767,1.5931324,1.8131323,2.4431324,0.22313233,1.0031323,-1.5468677,-1.7168677,0.21313232,1.5031323,1.7631323,-0.14686768,-0.22686768,-1.6868677,1.1831323,-5.4268675,-5.876868,-6.2668676,-4.816868,-0.9568677,0.8531323,0.21313232,0.24313232,1.1931323,0.7131323,1.8931323,2.9931324,4.4631324,-0.22686768,2.5631323,4.413132,-0.4668677,1.8131323,1.5931324,3.1131322,1.4331323,4.0831323,4.8831325,6.1731324,0.2831323,0.9031323,6.1331325,2.5831323,5.1931324,1.7131324,-0.67686766,-0.9668677,0.043132324,1.4631324,-2.3668678,-1.2468677,0.75313234,1.1831323,-0.13686767,-0.8968677,-1.8568677,-7.8268676,-7.6568675,-5.5768676,-1.8868676,0.38313234,-1.7468677,0.21313232,-0.18686767,1.1131324,1.5031323,0.76313233,-3.9968677,0.7231323,0.2531323,3.9031324,-0.06686768,0.17313233,2.5231323,1.8431324,4.2131324,3.6531324,4.7731323,5.433132,5.4431324,5.473132,4.0531325,5.7731323,-0.47686768,7.1131325,4.2931323,-1.4668677,0.99313235,1.6531323,2.1231322,2.8331323,3.0131323,0.6531323,1.7531323,-0.87686765,-1.6768677,0.22313233,-7.2268677,-5.6868677,-5.1168675,-3.4368677,-1.7968677,-1.0168676,0.33313233,1.4031323,2.0931323,2.0331323,0.8631323,-4.256868,-3.3168676,-1.8068677,2.0431323,-1.7468677,-0.8268677,1.4431323,2.3431323,5.413132,6.663132,6.3331323,6.873132,6.513132,6.5631323,6.893132,7.143132,5.7131324,0.9231323,3.7231324,1.8431324,0.8331323,1.1231323,0.74313235,-0.18686767,-0.5768677,3.1031322,-1.4768677,-1.0068676,-1.1468676,-0.13686767,-3.6268678,-3.6868677,-2.7468677,-2.2768676,-0.56686765,1.6131324,3.0931323,1.3031323,1.8631324,1.2831323,1.7631323,1.2831323,1.4631324,0.4731323,0.76313233,0.123132326,1.2831323,1.5231323,2.9931324,5.143132,6.0831323,1.0731323,3.3331323,3.6431322,5.3231325,5.703132,7.163132,-1.0268676,2.4131324,1.8531324,3.4631324,-0.19686767,-2.7968676,-2.9668677,-1.0568677,-2.6268678,-0.40686768,1.0831323,-1.0268676,-0.6368677,-2.1768677,-2.3668678,-2.3068676,-0.5268677,0.35313234,1.6231323,1.1331323,1.2131324,1.5731323,1.6531323,1.6331323,1.2831323,2.7031324,2.5631323,3.7331324,3.2631323,2.7631323,2.5231323,1.6131324,1.8231323,4.1931324,1.6131324,1.5331323,-0.14686768,0.093132325,2.7431324,4.9831324,5.763132,2.8831322,2.2331324,-2.1868677,-4.0968676,-2.9568677,-3.4968677,-1.8568677,-1.8968676,0.14313233,1.0731323,-0.4968677,1.3231323,1.1131324,-1.9768677,0.9731323,1.6031324,1.3331323,1.5631323,1.7731323,2.6631324,2.3931322,2.6531324,2.7931323,2.5631323,3.6331322,3.6731324,3.8631322,3.2231324,4.0231323,3.5531323,2.6831324,3.4531324,1.4231323,1.2731323,1.7331324,0.6131323,0.013132324,-0.28686768,-1.3368677,0.8331323,1.4131323,-0.7268677,-0.3068677,-2.1268678,-1.3068677,-2.4768677,-0.43686768,0.8631323,2.3731322,-3.8468676,-3.5268676,-3.1268678,-3.0768676,-3.1268678,0.22313233,1.1731323,1.5931324,2.7131324,3.2331324,3.1231322,3.6331322,3.5331323,3.5531323,3.7031324,3.7431324,4.1731324,4.4631324,4.933132,3.1831324,2.9631324,2.6831324,2.6131322,3.1431322,3.0731323,2.7631323,2.0431323,-0.23686768,-0.62686765,0.5431323,-0.7868677,-0.086867675,-0.68686765,-1.5168676,4.3631325,2.4431324,3.4831324,2.9231324,0.5831323,-1.4268677,-3.2968676,-0.62686765,-0.62686765,0.50313234,0.63313234,0.06313232,-0.56686765,2.3931322,2.8631322,3.5131323,4.263132,4.0931325,4.1531324,4.1031322,4.3431325,4.183132,4.183132,4.9031324,5.0831323,5.013132,5.3331323,3.6431322,2.6731324,2.8431323,2.1631324,2.2031324,2.4131324,2.4031324,0.23313232,2.0331323,1.8131323,0.07313232,0.63313234,0.50313234,-0.19686767,0.123132326,0.50313234,0.30313233,-2.1468678,-2.0268676,-2.0468676,-1.2768676,-1.6568676,-2.2268677,0.36313233,0.21313232,1.1431323,-1.0768677,3.3831322,3.9031324,3.9031324,4.0731325,4.2131324,4.513132,4.3631325,4.8431325,4.1031322,4.1531324,5.3131323,4.913132,5.2731323,4.2831326,4.6931324,3.8031323,3.9531324,3.8531322,3.5831323,2.5531323,1.3831323,1.7431324,1.4931324,1.0431323,2.0531323,1.5831323,1.9431323,-0.15686768,1.2831323,1.2931323,0.7131323,0.26313233,0.043132324,-2.0668676,-0.8468677,-1.6168677,-0.8968677,0.8531323,1.0431323,1.5231323,0.34313232,3.8031323,3.4431324,3.9931324,4.5031323,4.1931324,2.6131322,4.973132,5.2731323,3.8631322,4.6531324,4.1131325,5.4231324,4.3831325,3.2931323,4.3631325,4.8331323,3.8231323,2.4831324,4.4031324,3.2231324,2.3431323,1.5631323,2.0731323,2.5631323,1.5531323,1.6831323,0.9631323,2.1931324,1.5731323,1.0031323,1.7831323,2.1531324,2.0831323,0.88313234,-0.6468677,0.21313232,0.06313232,-1.1168677,-0.06686768,-0.7168677,0.6731323,2.6731324,2.7631323,2.6631324,3.0631323,3.7331324,2.7431324,4.1531324,4.873132,6.0231323,3.0331323,1.8731323,4.453132,4.143132,2.5031323,-2.8468676,0.94313234,1.2431324,0.6731323,1.3231323,5.183132,3.0631323,1.6231323,2.5731323,2.6131322,2.4331324,3.3531322,3.2831323,2.6831324,2.9631324,2.4631324,3.1131322,3.0031323,2.3831322,2.1531324,1.6131324,1.3231323,1.4331323,0.24313232,1.0031323,0.35313234,0.26313233,3.1231322,3.3731322,3.4131324,3.7231324,3.7131324,4.6131325,4.6331325,2.7831323,3.8931322,0.8931323,2.2531323,2.2231324,4.7931323,1.0931324,1.6531323,1.6431323,0.99313235,1.8531324,3.7531323,4.2731323,3.8731322,3.6131322,1.7631323,3.5531323,3.4731324,3.4731324,3.2331324,3.0231323,3.5231323,2.4331324,1.2231324,2.6031322,2.1631324,1.8731323,1.8331323,1.8931323,0.4431323,0.8431323,0.75313234,1.6331323,2.0031323,2.8331323,3.7831323,2.9531324,3.6931324,3.2231324,2.6331322,3.7031324,3.6031322,3.1431322,0.69313234,1.1631323,3.7731323,1.7231324,2.3331323,3.5731323,2.2231324,2.6531324,2.9031324,3.3031323,4.1031322,3.8531322,2.1231322,1.3731323,1.6031324,2.2031324,2.4231324,2.3031323,2.7131324,2.8331323,1.9331323,2.4831324,2.4931324,2.2231324,1.3131323,1.6731323,2.0731323,-0.6568677,1.9031323,2.2231324,1.1631323,0.39313233]},{"header":{"discipline":0,"disciplineName":"Meteorological products","gribEdition":2,"gribLength":1025,"center":7,"centerName":"US National Weather Service - NCEP(WMC)","subcenter":0,"refTime":"2023-09-27T00:00:00.000Z","significanceOfRT":1,"significanceOfRTName":"Start of forecast","productStatus":0,"productStatusName":"Operational products","productType":1,"productTypeName":"Forecast products","productDefinitionTemplate":0,"productDefinitionTemplateName":"Analysis/forecast at horizontal level/layer at a point in time","parameterCategory":2,"parameterCategoryName":"UnknownDiscipline_0_Category_2","parameterNumber":3,"parameterNumberName":"UnknownParameter_D0_C2_3","parameterUnit":"Unknown","genProcessType":2,"genProcessTypeName":"Forecast","forecastTime":60,"surface1Type":103,"surface1TypeName":"Specified height level above ground","surface1Value":10.0,"surface2Type":255,"surface2TypeName":"Missing","surface2Value":0.0,"gridDefinitionTemplate":0,"gridDefinitionTemplateName":"Latitude_Longitude","numberPoints":615,"shape":6,"shapeName":"Earth spherical with radius of 6,371,229.0 m","gridUnits":"degrees","resolution":48,"winds":"true","scanMode":64,"nx":41,"ny":15,"basicAngle":0,"lo1":47.0,"la1":41.0,"lo2":87.0,"la2":55.0,"dx":1.0,"dy":1.0},"data":[3.0049348,2.1949346,-0.3950653,1.2549347,-0.2650653,-2.1150653,-3.0050652,-2.5750654,-2.0550654,-4.245065,-4.9350653,-4.575065,-4.5250654,-3.8550653,-3.9450653,-5.515065,-3.5450654,-4.4150653,-4.0050654,-4.8150654,-4.995065,-5.5050654,-4.4450655,-0.6250653,4.9949346,2.7849348,0.5549347,1.0449347,-1.0450653,3.5349348,1.9049346,1.9549347,1.2749346,2.4149346,1.0049347,-0.7650653,0.2849347,3.1449347,1.0949347,-1.3450654,-2.6850653,-2.1850653,0.9949347,0.9149347,0.8249347,-0.55506533,-3.6450653,-2.8350654,-4.7750654,-4.0050654,-4.4550653,-4.0650654,-3.9950652,-3.4450653,-3.7450652,-3.5950654,1.5049347,-0.5450653,-3.1450653,-3.6650653,-4.2350655,-4.7550654,-5.245065,-4.9350653,-2.0150652,2.1749346,1.4849347,2.1049347,2.1249347,0.8049347,-0.015065308,-1.0650653,0.39493468,1.5549347,-0.06506531,1.3049347,2.9249346,1.0549347,1.8649347,1.3449347,0.5349347,-1.0950654,1.0149347,1.3849347,1.2449347,0.21493469,-0.3650653,-0.3650653,-3.4850652,-3.4350653,-3.7550652,-3.9550653,-4.3950653,-4.745065,-3.3150654,-4.1050653,-1.9950653,-1.1150653,-2.6450653,1.8249347,-2.1150653,-3.6250653,-4.2350655,-4.845065,-2.9650652,-0.5250653,-0.2950653,3.8949347,4.3749347,-2.4450653,-2.1050653,1.5949347,-1.0450653,-1.5550653,-2.3850653,-2.7350652,0.2249347,-1.6950653,-2.0450654,-4.745065,-0.7150653,2.0449347,1.2249347,-0.18506531,-0.3350653,-0.3150653,-0.14506531,-1.2350653,-2.9150653,-3.1650653,-3.5950654,-4.1550655,-4.265065,-4.305065,-3.7950654,-4.4650655,-2.3450654,-3.3650653,-1.7750653,-2.4750652,-4.2950654,-4.1550655,-1.9550653,-4.1050653,-3.1450653,-6.365065,-3.9050653,-3.6150653,-1.3250653,-0.5450653,5.024935,-1.1550653,-1.5550653,2.1549346,-0.6550653,2.0249348,2.0049348,0.8249347,0.6749347,-0.6250653,0.7349347,-0.7650653,-1.3350654,-2.2550652,0.1449347,-0.3350653,-1.2750653,-2.7550652,-6.345065,-5.0850654,-2.8250654,-3.8350654,-3.5250654,-2.8850653,-3.4150653,-2.3550653,-2.7650652,-2.7850654,-2.8650653,-1.3350654,-2.5150652,-3.1950653,-4.865065,-4.1550655,-2.8450654,-2.0750654,0.11493469,0.88493466,0.9949347,0.8449347,1.6149347,2.3549347,2.7549348,0.63493466,0.8349347,-0.09506531,0.8749347,-1.6450653,0.15493469,-0.1650653,-1.3250653,-0.6250653,-1.0150653,-1.2350653,-2.2050653,-1.2550653,3.1349347,1.4549347,-0.2250653,-1.5350653,-2.2350652,-3.6350653,-4.0050654,-3.8350654,-2.9050653,-1.6750653,-0.055065308,3.0049348,-0.2650653,-4.2550654,-2.2650652,-4.6550655,-4.845065,-5.865065,-3.9450653,0.08493469,-3.9050653,-4.725065,0.9349347,3.1449347,1.9549347,-0.74506533,1.9749347,1.0249346,-0.99506533,0.3249347,0.8249347,-0.25506532,-2.1750653,-0.9050653,6.0549345,0.18493469,0.05493469,3.5949347,0.9849347,-1.9050653,-1.4050653,-1.9750654,-1.8550653,-2.5750654,-0.7550653,-3.3150654,-3.4150653,-3.5450654,-3.4250653,-3.2450652,-2.5550654,-2.3750653,-2.4950652,-3.0250654,-2.7050653,-1.4250653,-2.7250652,-4.4650655,-5.9150653,-4.3550653,-3.5150652,-3.0550654,-3.8250654,-4.725065,-2.2450652,0.88493466,4.0849347,3.0749347,3.7749348,4.7949347,3.1349347,2.9049346,0.7149347,1.7749346,0.7649347,0.50493467,0.8049347,0.4549347,-0.3650653,2.5849347,0.4749347,-1.1150653,-1.8650653,-2.4050653,-2.7350652,-2.9150653,-2.7650652,-3.2050653,-3.2250652,-2.9650652,-3.0450654,-2.5950654,-2.3450654,-2.7850654,-2.5250654,-3.2050653,-1.7650653,-2.0350654,-2.3350654,-3.7150652,-4.805065,-3.0050652,-3.1450653,-3.5950654,-3.7150652,-3.4250653,-4.1050653,-5.8150654,1.0049347,2.3849347,1.2349347,2.0049348,0.8049347,1.5649347,1.9149346,-0.6650653,0.7449347,0.21493469,0.7449347,-0.86506534,0.06493469,0.9949347,-2.2250652,-2.6350653,-2.6850653,-2.4650652,-2.7750654,-2.5650654,-2.8150654,-3.1550653,-2.9050653,-2.8150654,-2.4750652,-2.5950654,-1.4750654,-0.7850653,-1.6550653,-1.6250653,-1.5550653,-1.4750654,-2.6450653,-2.0150652,-2.9450653,-2.0850654,-3.0150652,-4.135065,-3.3450654,-2.8450654,-2.0150652,-0.47506532,1.3549347,-1.7450653,-0.9450653,-2.5750654,1.2549347,-3.1850653,-0.7350653,-0.2650653,0.4549347,1.2849346,1.7949347,1.4649347,-1.4050653,-2.8650653,-2.7450652,-2.7250652,-2.6050653,-2.8450654,-2.6150653,-3.2850654,-2.8750653,-2.7750654,-2.6250653,-2.5050652,-2.8850653,-2.5150652,-0.4950653,-0.5950653,-0.7750653,-0.6050653,-1.1950653,-1.3350654,-1.7250654,-2.0150652,-0.5050653,-3.7750654,-3.0650654,-2.4350653,-2.4650652,-2.2550652,-1.2050653,0.27493468,0.5149347,-1.8450654,-1.5150653,-0.9250653,-1.5150653,-0.8150653,1.0749347,0.1949347,-2.6250653,2.0149348,3.6049347,3.2649348,-3.0150652,-3.2850654,-3.3950653,-3.2250652,-2.9250653,-2.8050654,-2.9550653,-2.8350654,-2.5450654,-2.8450654,-2.3150654,-3.0750654,-2.3050654,-2.0750654,0.4549347,1.0449347,0.4749347,-0.2150653,-0.6050653,-0.7650653,-0.4550653,-1.0950654,-1.5350653,-2.0450654,-2.8250654,-0.9150653,-1.7750653,-4.2950654,-2.2950654,-2.1350653,-1.1850653,1.4149346,1.1849347,0.33493468,-2.0350654,1.4449347,1.4849347,1.6649346,1.4449347,0.50493467,0.2949347,-3.7650652,-3.7050653,-3.3050654,-3.2550652,-4.015065,-3.0850654,-2.1450653,-2.4250653,-2.4050653,-1.8050653,-1.4850653,-2.6150653,-2.2950654,-0.61506534,-1.0450653,0.024934692,2.0949347,0.9849347,-4.595065,0.8949347,0.3749347,0.5449347,0.4449347,-0.7250653,-1.3650653,-3.9350653,-0.25506532,-2.1850653,-0.03506531,0.5349347,-2.7050653,-0.2850653,0.5149347,-0.0050653075,3.1449347,2.5049348,2.1749346,1.2049347,0.08493469,1.2349347,-0.35506532,-3.7850654,-4.5050654,-4.4350653,-4.9150653,-4.1650653,-3.1450653,-3.0950654,-2.3650653,-2.4450653,-0.8350653,0.1349347,-1.1350653,-1.8650653,-0.055065308,-0.9450653,-2.7350652,-2.8850653,-0.3750653,0.7249347,-0.9650653,-0.09506531,0.3149347,0.8649347,0.18493469,-1.2650653,0.4549347,-0.41506532,-2.0750654,-0.4650653,0.094934694,0.23493469,0.9549347,-0.10506531,2.1749346,2.7149346,1.9049346,3.7449348,2.8249347,3.0449347,2.5849347,1.5949347,-4.6950655,-5.115065,-5.0450654,-4.9350653,-5.7050653,-4.5250654,-2.6450653,-2.5750654,-1.9450653,0.23493469,0.33493468,-0.6750653,-1.1350653,-0.045065306,1.9849347,0.7149347,0.6449347,2.6749346,-0.74506533,-1.6950653,1.3449347,1.5449347,2.7149346,1.3049347,0.9749347,-1.0850654,-1.3250653,-0.1950653,1.0949347,-0.47506532,-0.7950653,-1.5750653,-0.35506532,2.2749348,2.5549347,2.0549347,2.3849347,1.0949347,2.2549348,2.1549346,3.6749346,-2.9150653,-3.0150652,-6.1450653,-5.0850654,-5.765065,-4.345065,-2.7850654,-2.8450654,-2.4250653,-1.7650653,-0.1350653,1.1749347,0.6049347,-0.6350653,0.18493469,1.6649346,1.5049347,1.4549347,1.7249347,-0.14506531,-2.6750653,-1.8650653,-0.9050653,-0.3350653,0.23493469,0.1449347,-1.5850654,-0.10506531,-0.17506531,0.9649347,0.6449347,2.2949347,0.0149346925,1.7349347,1.4949347,1.1549346,1.8049347,1.5149347,3.0949347,3.3949347,2.1549346]}]