wind_kz.json
{"header": {"discipline":0,"disciplineName":"Meteorological products","gribEdition":2,"gribLength":1025,"center":7,"centerName":"US National Weather Service - NCEP(WMC)","subcenter":0,"refTime":"2024-04-09T00:00:00.000Z","significanceOfRT":1,"significanceOfRTName":"Start of forecast","productStatus":0,"productStatusName":"Operational products","productType":1,"productTypeName":"Forecast products","productDefinitionTemplate":0,"productDefinitionTemplateName":"Analysis/forecast at horizontal level/layer at a point in time","parameterCategory":2,"parameterCategoryName":"UnknownDiscipline_0_Category_2","parameterNumber":3,"parameterNumberName":"UnknownParameter_D0_C2_3","parameterUnit":"Unknown","genProcessType":2,"genProcessTypeName":"Forecast","forecastTime":120,"surface1Type":103,"surface1TypeName":"Specified height level above ground","surface1Value":10.0,"surface2Type":255,"surface2TypeName":"Missing","surface2Value":0.0,"gridDefinitionTemplate":0,"gridDefinitionTemplateName":"Latitude_Longitude","numberPoints":615,"shape":6,"shapeName":"Earth spherical with radius of 6,371,229.0 m","gridUnits":"degrees","resolution":48,"winds":"true","scanMode":64,"nx":41,"ny":15,"basicAngle":0,"lo1":47.0,"la1":41.0,"lo2":87.0,"la2":55.0,"dx":1.0,"dy":1.0}, "data":
[rows 0 to 14 of 15, columns 0 to 40 of 41]
0.71055204,-1.229448,0.89055204,3.190552,-1.2594479,-3.819448,0.24055207,0.94055206,0.52055204,-0.79944795,-1.979448,-1.859448,-2.789448,-1.979448,-2.4494479,-3.099448,1.510552,3.600552,2.480552,3.3105521,4.250552,5.5205517,-0.23944794,0.56055206,-1.209448,-0.28944793,5.52063E-4,0.88055205,-0.54944795,3.0405521,5.52063E-4,-1.359448,-0.42944795,-2.399448,-2.769448,-1.5494479,-0.67944795,0.7305521,0.45055208,-0.039447937,2.200552
0.060552064,0.6005521,3.100552,1.6105521,-1.2694479,-2.889448,-3.519448,1.630552,2.140552,1.050552,0.37055206,-0.8994479,-2.4394479,-3.019448,-3.389448,-3.7294478,-3.139448,1.2005521,0.16055207,-1.999448,0.30055207,3.2705522,2.5005522,-0.5294479,-0.54944795,-1.229448,-2.009448,-0.69944793,0.050552063,1.5705521,4.3805523,4.860552,-0.43944794,0.44055206,-3.9794478,-0.66944796,0.23055206,-1.5594479,0.36055207,-2.179448,1.8505521
0.38055205,3.730552,3.490552,1.910552,-0.74944794,-1.9394479,-2.2494478,-0.34944794,1.000552,1.920552,1.3105521,0.060552064,-0.8894479,-1.489448,-2.759448,-3.619448,-3.319448,-3.609448,2.360552,-0.069447935,-2.579448,-0.79944795,1.5705521,1.300552,5.52063E-4,0.14055206,0.14055206,-0.69944793,0.24055207,0.63055205,0.9105521,-0.8394479,0.23055206,-0.33944795,-0.13944794,2.7805521,4.270552,0.75055206,0.76055205,-1.5194479,-0.98944795
1.530552,3.070552,3.200552,1.7105521,-1.079448,-0.54944795,-2.4394479,1.3505521,2.470552,2.160552,1.640552,0.110552065,-1.5094479,-1.1294479,-2.279448,-3.669448,-3.519448,-3.519448,-3.4694479,-2.069448,2.940552,1.180552,1.020552,2.0105522,1.6205521,0.20055206,1.000552,2.680552,2.950552,-0.5294479,-1.349448,-0.75944793,-0.17944793,1.660552,0.90055203,-2.039448,-1.699448,1.920552,1.9905521,-0.24944794,0.55055207
2.860552,2.830552,2.8105521,2.450552,1.3205521,0.46055207,-0.48944795,-0.68944794,-1.8894479,1.6005521,2.410552,2.0205522,2.430552,2.0205522,-1.349448,-1.999448,-3.089448,-2.539448,-3.599448,-3.779448,-0.92944795,1.0705521,0.34055206,0.12055206,0.30055207,0.37055206,-0.15944794,-1.5194479,-0.55944794,-1.219448,-1.8894479,0.040552065,1.880552,2.410552,-1.5294479,-2.789448,0.7305521,-2.2294478,-2.9394479,0.94055206,0.33055207
2.630552,3.090552,5.8705516,2.900552,2.240552,1.180552,1.670552,1.8105521,0.80055207,-0.7794479,-1.319448,0.9105521,0.80055207,2.440552,1.2205521,0.6605521,-0.5794479,-1.5094479,-2.079448,-2.4694479,-1.9094479,-0.019447938,2.610552,1.3405521,1.3305521,0.8505521,0.28055206,-1.0494479,-0.12944794,-0.98944795,-2.379448,-2.7394478,-1.199448,-0.80944794,1.630552,8.430552,2.990552,4.4005523,0.050552063,-0.9694479,0.12055206
1.880552,2.230552,3.340552,3.3105521,2.870552,1.6205521,1.9805521,2.390552,2.670552,0.6005521,-0.6594479,0.27055207,0.36055207,2.200552,2.5105522,2.100552,2.140552,1.0805521,0.48055208,0.050552063,-0.6394479,0.39055207,2.150552,3.2505522,2.340552,1.7405521,0.94055206,0.28055206,-0.38944793,-0.039447937,-1.1694479,-2.589448,-2.4794478,-0.8894479,0.12055206,-1.109448,-3.529448,-2.079448,0.010552063,-0.47944793,1.650552
-2.669448,3.460552,1.760552,0.99055207,1.0805521,-0.019447938,1.8505521,2.5305521,0.09055206,-0.33944795,0.55055207,-0.069447935,-0.069447935,0.44055206,0.050552063,2.090552,3.700552,3.2705522,3.480552,2.860552,0.69055206,1.7105521,0.030552063,2.210552,3.440552,2.690552,1.420552,-0.48944795,-0.49944794,0.36055207,0.13055207,0.7905521,-0.39944795,-1.2894479,0.75055206,0.56055206,0.74055207,1.0805521,-1.079448,0.020552063,-1.2594479
-3.379448,-0.6394479,0.8405521,-0.23944794,0.36055207,0.31055206,2.0505521,1.3205521,0.030552063,-0.9694479,-1.839448,-2.4594479,-2.1994479,-3.269448,-1.109448,0.21055207,0.25055206,1.630552,4.390552,4.330552,3.120552,2.340552,2.320552,2.170552,3.440552,3.320552,2.870552,2.350552,2.400552,1.930552,2.210552,2.480552,1.930552,4.260552,3.5005522,3.110552,-0.62944794,0.29055205,0.25055206,-0.7094479,-3.139448
1.680552,0.81055206,-0.30944794,0.44055206,0.57055205,-0.67944795,3.070552,2.820552,1.930552,-0.15944794,-1.5494479,-1.699448,-1.6694479,-2.2094479,-2.7394478,-2.529448,-1.709448,0.16055207,2.320552,2.980552,5.380552,4.430552,4.000552,4.350552,2.460552,2.400552,3.7905521,3.230552,2.7505522,3.210552,2.850552,3.850552,2.2605522,4.570552,6.590552,1.750552,1.250552,-2.659448,0.110552065,4.260552,4.1505523
-0.50944793,-1.3094479,-2.159448,-0.7194479,0.13055207,-0.099447936,0.52055204,1.1205521,1.300552,0.9705521,0.95055205,0.71055204,-0.60944796,-0.19944793,-1.1294479,-2.069448,-3.029448,-2.6894479,0.34055206,1.3105521,2.460552,2.610552,2.120552,3.7605522,3.890552,3.7805521,4.190552,4.750552,4.740552,3.140552,3.480552,2.390552,1.180552,4.520552,8.560552,3.430552,1.9605521,2.990552,2.430552,1.7405521,0.14055206
-2.039448,-2.809448,-2.6894479,-2.4994478,-1.969448,-1.9294479,-1.359448,-0.8394479,-0.94944793,-0.8294479,1.180552,1.530552,1.400552,-0.11944794,1.000552,0.7905521,0.020552063,-1.3094479,-1.339448,-0.029447937,1.3405521,0.62055206,2.0505521,2.2505522,3.0505521,2.840552,4.020552,3.130552,2.720552,1.530552,1.750552,3.140552,2.990552,3.420552,4.850552,6.530552,3.5505521,1.9905521,3.7805521,2.620552,1.3705521
-1.6694479,-1.849448,-2.609448,-2.329448,-1.7694479,-1.3094479,-1.7794479,-1.3794479,-1.3894479,-0.33944795,0.7305521,0.70055205,0.39055207,0.39055207,0.13055207,0.88055205,3.0205522,1.3605521,0.070552066,-0.25944793,0.9805521,1.7405521,2.240552,2.5405521,2.460552,2.440552,2.390552,3.130552,3.5005522,3.090552,3.330552,3.3005521,2.960552,3.610552,4.8805523,5.670552,5.530552,3.950552,5.6805515,2.910552,2.7605522
-2.679448,-3.299448,-3.269448,-2.899448,-2.889448,-2.049448,-1.479448,-1.8794479,-2.2194479,-2.509448,-1.0194479,-0.59944797,0.71055204,0.37055206,0.050552063,0.34055206,1.9405521,2.620552,1.520552,0.33055207,0.15055206,0.88055205,0.42055207,0.6005521,1.040552,1.3705521,1.670552,2.410552,2.430552,2.640552,2.390552,2.5205522,3.070552,3.450552,3.0105522,4.260552,4.410552,4.750552,4.550552,4.6305523,6.670552
-1.9194479,-3.279448,-3.109448,-3.279448,-3.359448,-2.579448,-2.849448,-2.299448,-1.859448,-1.9294479,-0.5194479,0.95055205,-0.13944794,-1.4394479,-1.209448,0.5405521,-0.5294479,0.68055207,0.6705521,0.81055206,0.19055206,-0.07944794,0.56055206,1.3605521,0.62055206,1.030552,1.4705521,3.070552,2.080552,2.200552,2.0405521,1.9405521,1.250552,1.8405521,3.400552,3.850552,4.430552,5.080552,6.110552,6.1205516,3.690552
