wind.json
{"header": {"discipline":0,"disciplineName":"Meteorological products","gribEdition":2,"gribLength":106064,"center":7,"centerName":"US National Weather Service - NCEP(WMC)","subcenter":0,"refTime":"2023-02-25T06:00:00.000Z","significanceOfRT":1,"significanceOfRTName":"Start of forecast","productStatus":0,"productStatusName":"Operational products","productType":1,"productTypeName":"Forecast products","productDefinitionTemplate":0,"productDefinitionTemplateName":"Analysis/forecast at horizontal level/layer at a point in time","parameterCategory":2,"parameterCategoryName":"Momentum","parameterNumber":2,"parameterNumberName":"U-component_of_wind","parameterUnit":"m.s-1","genProcessType":2,"genProcessTypeName":"Forecast","forecastTime":0,"surface1Type":103,"surface1TypeName":"Specified height level above ground","surface1Value":10.0,"surface2Type":255,"surface2TypeName":"Missing","surface2Value":0.0,"gridDefinitionTemplate":0,"gridDefinitionTemplateName":"Latitude_Longitude","numberPoints":65160,"shape":6,"shapeName":"Earth spherical with radius of 6,371,229.0 m","gridUnits":"degrees","resolution":48,"winds":"true","scanMode":64,"nx":360,"ny":181,"basicAngle":0,"lo1":0.0,"la1":-90.0,"lo2":359.0,"la2":90.0,"dx":1.0,"dy":1.0}, "data":
[rows 108 to 134 of 181, columns 248 to 309 of 360]
-4.39677,-3.19677,-2.65677,-2.92677,-0.36677003,-0.43677002,-0.67677003,-0.63677,0.96322995,-1.72677,-1.41677,1.94323,0.32322997,0.12322998,-1.47677,-1.02677,2.03323,3.34323,0.36323,-8.1467705,-5.12677,-4.92677,-2.29677,-1.04677,-8.41677,-9.16677,-8.04677,-8.31677,-7.48677,-6.83677,-6.52677,-7.56677,-5.34677,-4.80677,-2.38677,-0.57677,-6.56677,-1.35677,-2.5167701,-0.14677002,3.43323,-4.17677,-5.46677,-5.25677,-6.94677,0.28322998,0.05322998,-5.58677,-6.29677,-6.12677,-6.03677,-6.79677,-6.83677,-6.08677,-5.08677,-5.33677,-4.84677,-5.22677,-4.30677,-4.89677,-4.93677,-4.70677
-3.42677,-1.87677,-0.70677,-1.13677,-0.62677,0.13322999,0.16322999,-1.87677,-1.37677,2.54323,-1.40677,1.49323,-2.16677,0.15322998,-1.3167701,1.76323,2.69323,-2.2667701,-7.55677,-9.74677,-9.99677,-2.99677,-1.97677,-0.97677004,-1.67677,-8.50677,-8.87677,-7.90677,-6.66677,-6.30677,-6.98677,-7.32677,-7.25677,-7.85677,-7.82677,-9.61677,-10.41677,-10.05677,-4.55677,-6.75677,0.82322997,-1.55677,1.31323,-3.65677,-6.1367702,-6.27677,-6.53677,-7.05677,-7.60677,-7.58677,-6.39677,-6.04677,-6.12677,-5.69677,-4.89677,-4.42677,-4.91677,-4.99677,-4.11677,-5.03677,-4.73677,-4.01677
-2.27677,-0.29677,-0.99677,-0.68677,-0.40677002,0.38322997,0.24322999,-1.15677,-1.52677,0.42323,-0.11677002,-0.40677002,-1.87677,-1.16677,1.16323,0.44322997,1.20323,-7.02677,-9.26677,-9.25677,-8.61677,-8.23677,-2.29677,-0.96677,-0.94677,-8.61677,-8.43677,-7.40677,-7.33677,-7.62677,-6.91677,-6.33677,-5.83677,-7.66677,-10.76677,-0.98677003,-0.32677,-0.68677,-9.48677,-11.65677,-9.23677,-7.94677,-6.15677,-5.85677,-5.72677,-5.58677,-5.60677,-5.14677,-5.25677,-5.60677,-5.62677,-5.10677,-5.16677,-5.06677,-4.96677,-5.30677,-4.51677,-4.52677,-3.71677,-3.68677,-3.68677,-3.68677
-0.87677,0.59323,1.00323,-0.68677,1.31323,1.2932299,-0.30677003,-1.9467701,1.01323,-0.33677003,-1.74677,0.11322998,-0.25677,0.39323,-0.73677003,-2.11677,-4.30677,-6.18677,-8.96677,-10.79677,-9.96677,-9.71677,-2.39677,-1.83677,-1.43677,-1.8267701,-6.47677,-6.46677,-6.34677,-6.6367702,-6.26677,-10.34677,-9.58677,-9.41677,-4.48677,-2.90677,-3.96677,-9.41677,-8.63677,-9.49677,-8.63677,-7.62677,-6.69677,-5.71677,-5.72677,-5.30677,-5.77677,-5.6367702,-5.47677,-5.59677,-5.57677,-5.43677,-5.46677,-5.10677,-4.61677,-3.72677,-4.15677,-4.32677,-4.26677,-3.19677,-2.30677,-3.17677
1.24323,1.7932299,1.38323,0.64322996,3.35323,2.64323,1.19323,-1.22677,-0.34677002,-1.26677,-4.02677,-1.51677,0.96322995,-0.51677,-0.03677002,-3.62677,-6.03677,-7.83677,-9.11677,-9.99677,-11.69677,-9.1467705,-8.69677,-9.37677,-7.80677,-6.54677,-4.49677,-3.81677,-3.91677,-6.25677,-8.40677,-7.28677,-1.39677,-3.37677,-4.93677,-8.61677,-8.01677,-8.44677,-7.83677,-7.66677,-7.56677,-6.86677,-6.1367702,-5.44677,-5.26677,-5.14677,-5.28677,-5.21677,-5.20677,-4.91677,-4.73677,-5.18677,-5.08677,-4.92677,-4.83677,-4.41677,-3.69677,-3.10677,-1.87677,-2.14677,-3.0167701,-3.69677
2.22323,2.15323,0.18322998,2.82323,5.26323,2.7432299,0.18322998,-1.9567701,-1.71677,-1.25677,-9.87677,-0.61677,-1.61677,-0.66677004,-0.37677002,-4.29677,-5.84677,-7.62677,-8.50677,-8.37677,-9.76677,-10.20677,-9.65677,-7.84677,-7.09677,-6.33677,-7.97677,-9.17677,-10.04677,-5.07677,-2.36677,-3.99677,-7.82677,-8.44677,-7.51677,-7.71677,-7.04677,-6.46677,-7.03677,-6.6367702,-6.42677,-5.92677,-5.71677,-4.93677,-4.71677,-4.32677,-4.01677,-4.02677,-4.40677,-4.00677,-3.87677,-3.88677,-4.23677,-3.62677,-3.64677,-3.32677,-3.28677,-2.92677,-2.30677,-1.38677,-1.27677,-1.8167701
4.23323,3.30323,1.09323,4.20323,5.63323,1.10323,-2.36677,2.31323,-0.84677005,-0.05677002,-3.5167701,-0.95677,-1.36677,-3.52677,-2.52677,-4.77677,-3.86677,-6.46677,-7.05677,-7.71677,-8.01677,-8.57677,-8.95677,-8.02677,-7.42677,-7.03677,-7.8867702,-8.92677,-9.02677,-8.29677,-7.80677,-6.94677,-5.21677,-6.95677,-6.07677,-6.50677,-6.30677,-5.6367702,-5.96677,-5.51677,-5.26677,-4.97677,-4.83677,-4.31677,-3.61677,-3.40677,-3.02677,-2.64677,-2.46677,-2.31677,-2.08677,-1.9567701,-1.72677,-1.85677,-1.87677,-1.38677,-1.26677,-1.00677,-0.76677,-0.84677005,-0.86677,-0.41677
1.94323,2.55323,2.89323,4.04323,2.27323,-0.97677004,-0.74677,2.44323,-0.26677,-2.29677,-4.37677,-3.20677,1.0532299,-2.5067701,-2.06677,-4.72677,-4.14677,-3.74677,-5.74677,-6.25677,-6.67677,-7.52677,-7.8867702,-6.90677,-7.3867702,-7.27677,-7.36677,-6.19677,-5.46677,-4.65677,-5.3867702,-5.45677,-6.21677,-5.12677,-3.88677,-5.16677,-4.58677,-4.45677,-4.6367702,-4.43677,-4.03677,-4.02677,-3.60677,-3.33677,-2.71677,-2.29677,-1.58677,-0.92677003,-0.34677002,0.24322999,0.58322996,1.00323,1.07323,1.06323,0.88323,1.44323,1.78323,1.61323,1.94323,1.07323,1.5532299,1.52323
0.69323,2.95323,3.72323,0.30323,-0.67677003,-2.2667701,2.01323,-0.48677003,-2.5067701,-2.94677,-3.56677,-0.96677,-1.8267701,-3.65677,-3.54677,-3.81677,-4.20677,-3.36677,-4.58677,-4.18677,-4.09677,-6.19677,-6.21677,-6.26677,-6.09677,-6.26677,-5.45677,-5.1367702,-4.11677,-1.29677,-0.31677002,-1.65677,-4.51677,-4.02677,-3.58677,-3.53677,-2.79677,-2.36677,-2.22677,-1.91677,-1.90677,-1.91677,-1.67677,-1.28677,-0.84677005,-0.29677,-0.0067700194,0.91323,1.48323,2.33323,3.12323,3.52323,3.7432299,4.19323,4.29323,4.59323,4.89323,4.47323,4.39323,4.66323,4.52323,3.88323
-0.05677002,4.05323,2.52323,-0.55677,-0.90677,0.15322998,0.48323,1.4232299,-2.46677,-3.31677,-2.68677,-0.37677002,4.38323,-2.87677,-3.7567701,-5.20677,-4.41677,-4.15677,-3.89677,-3.33677,-4.09677,-4.27677,-4.72677,-4.55677,-4.62677,-4.77677,-3.91677,-2.28677,-1.79677,0.17322998,-1.89677,-2.56677,-3.83677,-4.01677,-2.90677,-1.65677,-1.33677,-1.15677,-0.68677,0.22322997,0.043229982,0.0032299804,0.59323,0.93323,1.63323,2.45323,2.82323,2.95323,3.55323,4.22323,4.65323,5.18323,5.42323,6.24323,6.44323,6.58323,6.62323,6.65323,6.91323,7.19323,6.96323,7.1132298
2.83323,0.24322999,0.43322998,-1.21677,-1.76677,1.8032299,-0.65677,-0.69677,-2.36677,-3.88677,-0.88677,-1.4567701,-3.37677,-3.11677,-3.40677,-2.46677,-3.02677,-3.67677,-2.99677,-2.5167701,-2.91677,-3.56677,-3.93677,-3.70677,-4.12677,-3.33677,-2.53677,0.22322997,0.50323,-1.2067701,-1.36677,-0.96677,-1.2067701,-1.46677,-0.65677,0.62323,1.39323,1.46323,1.73323,1.88323,2.32323,2.68323,3.20323,3.75323,4.23323,4.48323,5.12323,5.03323,5.41323,5.78323,6.38323,6.71323,6.88323,7.58323,7.95323,8.3532295,8.54323,8.47323,8.88323,9.18323,9.00323,8.82323
0.84323,0.84323,-0.78677005,-2.32677,-0.23677002,1.82323,1.52323,-1.62677,-1.65677,0.24322999,-1.35677,-1.68677,-3.5167701,-4.69677,-3.85677,-1.6967701,-1.0667701,-1.46677,-1.36677,-1.5767701,-2.38677,-2.73677,-2.34677,-2.24677,-2.42677,-1.9467701,-1.25677,0.33323,0.73323,1.83323,0.57322997,0.76322997,-0.81677,-2.15677,-0.42677003,0.41322997,2.15323,3.07323,3.71323,3.16323,3.53323,3.9832299,4.51323,5.15323,5.47323,5.96323,5.93323,5.95323,6.45323,7.19323,7.34323,7.98323,8.64323,9.02323,9.68323,9.37323,9.77323,9.58323,10.6032295,10.43323,10.51323,10.34323
-1.21677,-1.80677,0.21322998,-2.35677,1.71323,0.0032299804,0.98323,-2.12677,-1.78677,-2.58677,-3.22677,-2.52677,-2.20677,-1.34677,-0.48677003,-0.15677002,1.0432299,-1.28677,-1.21677,-0.34677002,-0.24677002,0.13322999,-0.106770016,-0.06677002,-0.93677,-0.61677,0.62323,0.93323,1.2932299,1.78323,0.30323,1.4232299,1.60323,0.84323,0.79323,0.20322998,0.42323,-1.9567701,-5.99677,-5.34677,-4.67677,-2.7667701,-0.63677,1.97323,3.28323,3.91323,4.23323,4.93323,5.79323,6.42323,7.69323,8.13323,9.19323,10.14323,10.50323,10.54323,11.14323,11.6032295,11.98323,11.8532295,11.41323,11.24323
-1.60677,-2.08677,-0.65677,-2.38677,0.02322998,1.0432299,-0.72677004,-2.36677,-1.86677,-4.98677,-2.41677,-1.98677,-1.38677,-0.08677002,0.19322997,0.87323,0.98323,0.15322998,-0.63677,-0.67677003,-0.05677002,0.46322998,0.39323,0.12322998,-0.15677002,0.47322997,1.39323,2.17323,0.64322996,1.33323,0.85323,2.70323,2.51323,0.83322996,-0.03677002,-6.07677,-9.78677,-9.1467705,-8.66677,-7.34677,-6.47677,-5.87677,-4.3867702,-4.29677,-3.5067701,-2.41677,-1.12677,1.37323,3.40323,4.68323,6.62323,8.58323,9.42323,10.24323,10.98323,11.02323,11.47323,12.32323,12.03323,11.90323,12.02323,12.44323
-0.63677,-0.18677002,0.24322999,0.32322997,-0.52677,-0.90677,-2.37677,-1.65677,-1.85677,-3.28677,-2.16677,-0.90677,-0.56677,-0.05677002,0.92323,1.2932299,0.97323,-0.49677002,-0.80677,-2.30677,-1.25677,-0.85677004,-1.9467701,-2.10677,-1.17677,-1.21677,0.29322997,0.93323,-0.36677003,0.49323,0.89322996,-1.23677,-1.84677,1.07323,-10.12677,-10.84677,-10.47677,-9.08677,-7.91677,-6.19677,-4.97677,-4.45677,-4.58677,-3.84677,-2.47677,-1.68677,-0.65677,0.03322998,1.49323,3.05323,4.30323,6.39323,8.59323,10.66323,11.96323,12.22323,12.63323,12.49323,12.86323,12.92323,12.91323,12.83323
-1.60677,-1.3167701,-1.67677,-3.07677,-0.74677,-0.34677002,-3.31677,0.75323,-2.22677,-1.59677,-1.78677,-1.49677,-0.60677004,0.08322998,0.43322998,0.41322997,0.18322998,-0.03677002,-0.43677002,-1.18677,-0.77677,-1.2067701,-2.11677,-1.40677,-1.21677,-1.78677,-1.3267701,-0.97677004,-0.49677002,-2.68677,-2.16677,-2.07677,-3.17677,-10.10677,-10.31677,-10.88677,-10.03677,-8.31677,-6.90677,-5.47677,-5.91677,-4.65677,-3.03677,-2.74677,-1.93677,-1.02677,0.41322997,1.9232299,2.45323,4.42323,6.13323,6.93323,7.80323,9.57323,11.40323,14.36323,15.02323,14.1032295,14.72323,14.74323,14.23323,13.23323
-2.04677,-1.5667701,-2.17677,-0.18677002,-0.74677,1.47323,0.82322997,0.45323,-0.51677,-0.71677,-1.17677,-0.87677,-1.60677,-0.89677,-0.22677001,0.31322998,1.4332299,0.40322998,-0.56677,-0.59677005,-0.56677,-0.30677003,0.01322998,-1.2067701,-1.62677,-1.09677,-1.54677,-0.52677,-4.1367702,-2.96677,-2.02677,-3.5167701,-4.14677,-4.79677,-5.66677,-9.59677,-8.66677,-7.1367702,-5.03677,-4.02677,-3.80677,-3.98677,-2.67677,-1.42677,-0.69677,0.63323,1.99323,3.91323,5.41323,6.96323,8.6032295,9.99323,11.18323,11.81323,12.62323,13.91323,14.91323,17.60323,17.82323,16.28323,15.51323,15.14323
-2.5167701,-0.75677,-1.10677,-2.43677,1.19323,0.90322995,2.10323,1.6832299,1.70323,1.0532299,-1.1967701,-0.35677,-1.52677,-1.38677,-0.27677003,-0.26677,0.37322998,0.39323,0.48323,0.56323,0.043229982,-0.106770016,0.57322997,-0.84677005,-0.53677005,-0.21677002,-1.14677,0.41322997,-0.72677004,-0.80677,-0.48677003,-2.56677,-2.5067701,-1.41677,-5.51677,-3.96677,-8.35677,-6.37677,-4.95677,-4.21677,-4.16677,-2.39677,-1.35677,0.08322998,1.87323,3.13323,3.67323,6.64323,7.66323,8.28323,10.07323,12.07323,13.71323,14.52323,15.13323,15.63323,17.30323,17.46323,17.69323,20.37323,17.38323,16.09323
-1.87677,-1.90677,-1.4567701,-1.0667701,-2.0167701,-2.06677,-0.24677002,1.85323,2.59323,-1.23677,-1.5667701,-2.21677,-1.52677,-0.89677,-0.03677002,1.12323,1.01323,1.03323,1.13323,0.64322996,0.27323,-1.46677,-1.42677,-1.42677,-0.88677,-1.08677,-0.60677004,-0.90677,-1.12677,-2.03677,-1.25677,-0.90677,-4.14677,-4.25677,-4.82677,-3.22677,-6.62677,-5.92677,-4.17677,-4.22677,-3.34677,-1.12677,1.59323,1.34323,2.31323,5.07323,5.05323,7.16323,8.24323,9.31323,11.05323,13.73323,15.71323,17.56323,18.46323,19.92323,19.80323,19.38323,20.00323,21.58323,20.53323,17.68323
-1.58677,-1.79677,-1.9467701,-2.38677,-3.55677,-1.91677,2.25323,2.77323,1.49323,-1.62677,-2.12677,-2.13677,-1.03677,-1.24677,-0.86677,0.13322999,0.44322997,1.0532299,1.48323,-0.22677001,0.37322998,0.32322997,-1.5667701,-1.91677,-1.74677,-1.9567701,-2.71677,-2.80677,-2.07677,-1.21677,-1.7067701,-1.55677,-2.18677,-3.19677,-3.35677,-2.70677,-4.89677,-4.65677,-5.1367702,-4.04677,-1.23677,1.9232299,1.38323,3.30323,3.68323,4.55323,5.51323,7.1132298,8.86323,9.94323,11.24323,12.01323,14.62323,16.83323,20.13323,21.25323,22.48323,22.89323,23.37323,21.07323,21.41323,19.67323
-1.72677,0.27323,-1.5767701,-0.17677002,-1.8167701,0.65322995,-0.88677,3.72323,-1.47677,-2.72677,-2.13677,-0.75677,-1.43677,-0.51677,-0.94677,-0.58677,0.18322998,0.68323,0.68323,-0.93677,-1.0767701,-0.31677002,1.40323,-0.83677,-1.93677,-2.90677,-2.56677,-3.49677,-3.15677,-2.28677,-1.30677,-1.63677,-1.24677,-0.29677,-2.42677,-1.38677,-2.93677,-5.75677,-4.59677,-0.87677,1.84323,1.61323,2.32323,2.70323,3.56323,5.23323,6.26323,7.38323,8.23323,9.13323,9.42323,11.09323,11.6032295,14.87323,17.95323,19.87323,22.22323,24.18323,24.44323,24.21323,22.34323,20.35323
0.40322998,0.14322998,-2.48677,-1.80677,-1.91677,-1.73677,2.35323,2.9832299,1.97323,0.01322998,1.38323,0.13322999,0.25322998,-1.4567701,-0.84677005,-0.0067700194,1.0432299,0.81323,0.80323,0.31322998,-2.95677,-2.55677,-0.63677,-0.14677002,-1.3267701,-1.92677,-2.92677,-2.54677,-4.79677,-2.55677,-2.43677,-2.17677,-1.18677,-0.89677,-1.36677,-0.64677,-1.16677,-4.65677,-0.77677,1.39323,0.84323,2.35323,4.91323,5.44323,5.50323,6.83323,7.3632298,8.15323,6.96323,8.06323,8.51323,7.51323,7.00323,4.65323,4.81323,3.90323,9.50323,20.38323,24.18323,23.62323,23.96323,21.88323
0.49323,-1.66677,2.00323,0.94323,0.02322998,2.26323,-0.84677005,1.64323,-0.75677,0.94323,1.5532299,1.66323,0.43322998,-0.33677003,-0.27677003,0.12322998,0.83322996,1.46323,1.81323,-0.49677002,-1.53677,-0.93677,-2.59677,-1.54677,-1.88677,-3.81677,-2.53677,-4.85677,-4.62677,-3.83677,-3.17677,-3.17677,-2.15677,-1.00677,-0.34677002,-1.5767701,-0.13677002,-0.39677003,1.40323,3.44323,2.38323,4.73323,5.34323,6.67323,7.69323,5.95323,6.90323,7.50323,6.27323,7.27323,7.07323,5.04323,3.36323,1.8032299,-0.05677002,-0.65677,-0.67677003,4.70323,14.23323,18.16323,20.69323,21.09323
-4.15677,-1.12677,1.70323,0.65322995,0.34322998,-1.49677,2.82323,2.85323,1.77323,2.31323,1.56323,2.03323,1.95323,2.14323,1.31323,1.46323,2.01323,2.25323,2.05323,0.79323,-0.84677005,-1.36677,-2.21677,-2.2567701,-2.65677,-2.35677,-3.66677,-4.14677,-4.50677,-3.66677,-3.60677,-2.82677,-1.67677,-0.72677004,-0.24677002,-0.97677004,0.32322997,1.15323,2.89323,1.74323,4.51323,5.43323,5.43323,7.88323,4.32323,3.62323,5.93323,4.84323,6.81323,5.33323,4.39323,3.45323,2.43323,-0.23677002,-1.41677,-2.70677,-4.11677,-5.55677,-10.95677,-11.77677,0.99323,-4.06677
0.03322998,-2.07677,0.10322998,1.07323,2.13323,9.6032295,3.42323,8.56323,-1.59677,1.91323,2.82323,3.76323,3.31323,2.54323,1.38323,0.69323,-0.36677003,2.85323,0.28322998,-0.46677002,0.19322997,-0.17677002,-0.88677,-1.6967701,-1.76677,-3.17677,-2.29677,-3.08677,-4.26677,-5.46677,-5.83677,-4.70677,-1.38677,-0.50677,0.53323,1.59323,1.66323,2.06323,-0.53677005,3.41323,2.26323,2.58323,8.47323,1.50323,5.74323,5.53323,4.60323,4.23323,5.81323,4.96323,3.57323,1.94323,2.01323,0.71322995,-1.01677,-3.04677,-4.94677,-5.57677,-7.84677,-11.35677,-10.60677,-12.25677
-1.97677,-1.38677,-1.14677,5.75323,3.04323,5.09323,2.84323,1.76323,7.07323,1.99323,4.94323,2.91323,2.26323,0.90322995,-0.30677003,-0.85677004,-0.49677002,0.78323,0.24322999,1.14323,0.68323,-0.96677,-1.35677,-2.15677,-0.72677004,-3.13677,-1.77677,-0.82677,-2.89677,-2.39677,-2.89677,-1.97677,-0.68677,0.72323,1.49323,1.6832299,0.91323,2.43323,1.12323,3.47323,2.04323,3.25323,3.91323,3.75323,4.80323,6.14323,5.01323,2.85323,5.38323,4.00323,3.32323,2.27323,1.74323,0.55323,-0.03677002,-0.76677,-2.54677,-3.17677,-5.26677,-7.97677,-8.18677,-9.47677
-1.50677,1.23323,2.28323,4.82323,-0.19677001,3.76323,5.04323,8.00323,3.06323,7.56323,4.17323,0.61323,-1.00677,-1.93677,-2.28677,1.48323,1.49323,1.3032299,0.42323,1.38323,-0.01677002,0.82322997,0.15322998,-0.18677002,-0.15677002,-1.33677,-0.79677004,-1.04677,-2.0167701,-1.84677,-0.98677003,-1.98677,2.07323,-0.51677,0.75323,1.45323,-1.84677,0.12322998,0.78323,0.49323,0.06322998,1.60323,3.60323,4.27323,6.32323,3.2332299,0.98323,1.62323,3.16323,3.9832299,3.38323,2.55323,2.60323,0.49323,0.08322998,-1.2067701,-0.82677,-2.99677,-3.57677,-5.30677,-5.35677,-7.3867702
