wind_kz.json
{"header": {"discipline":0,"disciplineName":"Meteorological products","gribEdition":2,"gribLength":948,"center":7,"centerName":"US National Weather Service - NCEP(WMC)","subcenter":0,"refTime":"2023-08-26T00:00:00.000Z","significanceOfRT":1,"significanceOfRTName":"Start of forecast","productStatus":0,"productStatusName":"Operational products","productType":1,"productTypeName":"Forecast products","productDefinitionTemplate":0,"productDefinitionTemplateName":"Analysis/forecast at horizontal level/layer at a point in time","parameterCategory":0,"parameterCategoryName":"UnknownDiscipline_0_Category_0","parameterNumber":0,"parameterNumberName":"UnknownParameter_D0_C0_0","parameterUnit":"Unknown","genProcessType":2,"genProcessTypeName":"Forecast","forecastTime":300,"surface1Type":1,"surface1TypeName":"Ground or water surface","surface1Value":0.0,"surface2Type":255,"surface2TypeName":"Missing","surface2Value":0.0,"gridDefinitionTemplate":0,"gridDefinitionTemplateName":"Latitude_Longitude","numberPoints":615,"shape":6,"shapeName":"Earth spherical with radius of 6,371,229.0 m","gridUnits":"degrees","resolution":48,"winds":"true","scanMode":64,"nx":41,"ny":15,"basicAngle":0,"lo1":47.0,"la1":41.0,"lo2":87.0,"la2":55.0,"dx":1.0,"dy":1.0}, "data":
[rows 0 to 14 of 15, columns 0 to 40 of 41]
314.73083,301.33084,312.23083,298.33084,298.73083,298.33084,312.43085,317.93085,314.23083,314.73083,312.83084,313.03082,311.83084,311.53082,310.73083,310.23083,310.33084,309.53082,310.43085,309.83084,311.63083,307.33084,308.03082,302.83084,305.63083,308.43085,303.43085,288.93085,287.13083,285.53082,284.53082,284.13083,291.93085,300.93085,302.53082,301.13083,301.83084,302.13083,303.03082,303.03082,303.03082
292.93085,309.73083,298.23083,298.23083,298.43085,297.93085,319.53082,315.43085,312.83084,312.33084,312.33084,311.73083,311.73083,309.83084,309.63083,310.03082,310.53082,310.23083,308.93085,309.93085,310.23083,307.03082,305.83084,296.53082,288.53082,288.13083,297.13083,288.83084,290.83084,281.53082,287.33084,278.83084,285.93085,263.63083,280.33084,295.13083,294.03082,300.53082,303.03082,294.93085,286.93085
315.03082,298.43085,298.73083,298.53082,297.33084,315.43085,313.93085,313.43085,311.63083,310.53082,310.63083,311.93085,310.53082,310.63083,310.03082,310.43085,309.23083,308.33084,308.33084,308.23083,310.43085,308.03082,304.63083,298.93085,303.13083,301.63083,302.43085,302.43085,300.63083,289.43085,280.23083,281.53082,289.23083,289.23083,291.53082,290.63083,280.83084,283.23083,285.13083,281.93085,280.53082
318.33084,298.33084,298.53082,297.63083,300.63083,314.43085,313.83084,314.03082,313.73083,311.83084,310.73083,307.13083,294.63083,294.23083,309.03082,309.73083,308.63083,308.93085,308.23083,307.93085,306.13083,301.63083,305.93085,305.63083,306.13083,305.33084,305.33084,301.73083,300.03082,300.83084,300.33084,297.73083,303.33084,302.43085,300.83084,295.43085,282.63083,281.73083,284.33084,293.93085,296.93085
314.13083,297.53082,297.93085,297.53082,305.53082,315.03082,315.63083,316.33084,313.43085,312.13083,311.33084,306.03082,294.53082,293.93085,293.63083,309.63083,308.93085,306.53082,306.13083,306.13083,307.03082,307.03082,306.03082,305.83084,305.73083,306.33084,303.33084,299.13083,302.63083,301.33084,303.03082,299.43085,285.73083,277.83084,288.63083,297.93085,299.53082,301.93085,301.93085,301.63083,301.83084
315.93085,310.93085,295.93085,296.43085,297.93085,297.33084,316.23083,313.83084,311.63083,311.03082,309.83084,307.43085,295.93085,295.13083,299.63083,307.13083,309.23083,307.83084,307.03082,307.33084,305.53082,304.03082,304.63083,304.43085,303.83084,303.03082,304.43085,292.73083,302.63083,302.83084,301.23083,301.13083,298.73083,298.63083,295.03082,295.73083,289.33084,292.03082,300.53082,301.53082,301.13083
317.23083,316.63083,313.83084,311.93085,305.63083,306.23083,309.53082,310.93085,308.63083,309.63083,308.93085,307.13083,305.63083,305.53082,306.03082,307.23083,309.53082,308.93085,308.03082,306.13083,304.73083,304.13083,302.83084,302.83084,300.83084,301.73083,301.83084,302.13083,302.23083,302.63083,301.73083,300.73083,300.73083,300.53082,298.53082,296.33084,290.63083,287.63083,285.13083,284.23083,296.33084
316.03082,316.33084,314.43085,312.53082,312.53082,310.63083,302.53082,305.53082,304.43085,304.63083,307.23083,306.63083,305.63083,305.03082,307.03082,307.13083,306.73083,306.83084,306.03082,303.33084,303.53082,302.43085,301.53082,300.13083,298.93085,295.93085,296.03082,297.43085,296.73083,300.23083,299.03082,298.83084,297.13083,294.53082,294.43085,296.13083,296.03082,289.43085,296.23083,296.03082,291.73083
314.73083,312.93085,312.63083,313.43085,310.13083,305.53082,304.33084,306.43085,302.63083,305.13083,303.63083,301.93085,303.13083,304.63083,305.23083,307.03082,305.83084,305.73083,303.23083,302.13083,300.03082,299.23083,301.23083,300.13083,296.93085,296.13083,293.83084,292.53082,292.23083,291.03082,292.23083,293.63083,295.03082,295.53082,294.93085,292.63083,291.33084,289.93085,278.93085,279.73083,276.73083
308.63083,304.63083,312.03082,308.63083,302.13083,299.23083,303.73083,306.23083,307.23083,305.53082,303.43085,302.13083,302.93085,303.03082,304.73083,305.23083,304.83084,304.33084,303.23083,301.43085,299.53082,299.63083,299.93085,299.53082,298.43085,296.43085,295.03082,294.13083,293.43085,292.03082,291.03082,293.03082,295.43085,296.93085,295.63083,293.93085,289.63083,284.33084,281.43085,280.03082,277.53082
291.93085,297.03082,298.73083,303.93085,299.13083,300.13083,304.63083,304.03082,303.83084,304.23083,301.83084,301.83084,302.33084,301.33084,302.63083,303.03082,302.43085,303.53082,301.43085,301.13083,299.93085,299.23083,298.83084,298.03082,295.83084,296.73083,294.43085,296.03082,295.43085,296.23083,294.23083,293.83084,293.33084,293.63083,293.53082,291.93085,284.53082,281.73083,284.13083,282.33084,280.63083
291.33084,288.63083,289.43085,289.23083,290.43085,294.63083,295.63083,298.13083,301.83084,303.43085,300.53082,300.33084,300.63083,299.63083,299.63083,300.93085,301.33084,300.53082,300.93085,299.13083,296.73083,295.03082,295.63083,295.93085,295.43085,297.23083,296.43085,297.23083,296.73083,296.33084,293.83084,292.43085,292.03082,290.93085,290.33084,292.03082,292.03082,291.03082,288.03082,287.93085,287.03082
282.93085,285.33084,284.13083,286.13083,283.93085,284.23083,287.53082,289.33084,291.93085,299.03082,296.53082,296.33084,298.93085,298.03082,299.33084,299.73083,299.33084,298.43085,300.03082,297.73083,296.13083,294.63083,293.53082,292.03082,295.33084,296.73083,297.53082,296.03082,295.13083,294.03082,294.73083,293.43085,293.63083,291.73083,293.63083,291.23083,290.93085,289.03082,289.03082,287.23083,286.73083
288.63083,287.83084,288.13083,283.93085,282.93085,282.03082,282.33084,283.23083,283.73083,286.53082,288.03082,292.53082,295.23083,297.03082,297.63083,298.03082,298.63083,298.43085,296.13083,297.13083,296.83084,294.93085,291.83084,292.03082,295.13083,296.43085,294.93085,294.73083,294.73083,293.93085,292.53082,291.63083,291.93085,289.53082,289.83084,288.63083,288.93085,287.43085,287.53082,286.23083,286.03082
286.13083,288.13083,289.33084,285.63083,284.73083,283.93085,282.73083,280.93085,281.83084,282.03082,282.73083,285.33084,286.93085,294.63083,295.43085,297.93085,296.73083,297.13083,297.13083,296.73083,297.03082,295.63083,293.03082,291.73083,292.73083,293.83084,292.03082,292.43085,292.43085,291.23083,289.53082,286.93085,289.13083,289.53082,289.73083,289.63083,288.93085,287.83084,287.93085,287.13083,285.43085
