wind.json
{"header": {"discipline":0,"disciplineName":"Meteorological products","gribEdition":2,"gribLength":953,"center":7,"centerName":"US National Weather Service - NCEP(WMC)","subcenter":0,"refTime":"2023-06-30T06:00:00.000Z","significanceOfRT":1,"significanceOfRTName":"Start of forecast","productStatus":0,"productStatusName":"Operational products","productType":1,"productTypeName":"Forecast products","productDefinitionTemplate":0,"productDefinitionTemplateName":"Analysis/forecast at horizontal level/layer at a point in time","parameterCategory":0,"parameterCategoryName":"UnknownDiscipline_0_Category_0","parameterNumber":0,"parameterNumberName":"UnknownParameter_D0_C0_0","parameterUnit":"Unknown","genProcessType":2,"genProcessTypeName":"Forecast","forecastTime":180,"surface1Type":1,"surface1TypeName":"Ground or water surface","surface1Value":0.0,"surface2Type":255,"surface2TypeName":"Missing","surface2Value":0.0,"gridDefinitionTemplate":0,"gridDefinitionTemplateName":"Latitude_Longitude","numberPoints":688,"shape":6,"shapeName":"Earth spherical with radius of 6,371,229.0 m","gridUnits":"degrees","resolution":48,"winds":"true","scanMode":64,"nx":43,"ny":16,"basicAngle":0,"lo1":45.0,"la1":40.0,"lo2":87.0,"la2":55.0,"dx":1.0,"dy":1.0}, "data":
[rows 0 to 15 of 16, columns 0 to 42 of 43]
286.53134,281.43134,299.13135,301.43134,301.03134,297.73135,297.13135,295.73135,303.13135,302.93134,305.23135,302.63135,305.33136,304.43134,303.13135,305.13135,305.03134,304.83136,303.33136,302.53134,305.23135,301.13135,294.43134,297.73135,294.53134,290.33136,291.43134,282.63135,277.43134,280.83136,283.23135,294.93134,293.33136,294.13135,298.13135,298.03134,302.03134,300.83136,304.83136,305.43134,301.83136,300.03134,300.93134
290.53134,301.03134,302.33136,289.63135,295.83136,296.63135,296.63135,295.03134,302.53134,307.33136,304.43134,303.03134,302.93134,305.23135,304.43134,303.93134,304.33136,301.63135,302.53134,303.23135,301.83136,304.13135,302.13135,297.33136,293.23135,290.93134,294.03134,294.63135,290.23135,279.83136,278.33136,280.53134,281.13135,281.23135,288.13135,296.13135,299.13135,301.83136,303.03134,303.23135,303.33136,303.53134,302.13135
292.13135,288.13135,279.23135,294.93134,296.63135,296.63135,296.43134,294.83136,306.93134,306.83136,303.93134,302.83136,303.13135,301.03134,300.03134,300.23135,301.23135,301.13135,302.23135,301.93134,304.03134,300.53134,300.13135,298.73135,295.03134,287.13135,276.73135,277.23135,285.53134,279.73135,283.13135,275.83136,282.63135,273.23135,282.73135,261.33136,277.63135,295.13135,296.13135,300.03134,304.43134,295.03134,284.03134
291.83136,292.23135,296.33136,297.43134,297.23135,296.93134,296.23135,305.23135,305.63135,307.33136,304.43134,302.13135,300.93134,300.23135,296.93134,297.93134,300.53134,299.43134,300.63135,301.13135,304.13135,302.13135,302.53134,298.93134,297.03134,289.43134,292.03134,293.33136,291.33136,288.63135,288.33136,281.83136,272.63135,275.53134,281.13135,282.33136,284.83136,283.93134,278.53134,281.73135,282.73135,280.93134,279.73135
301.13135,301.73135,298.23135,298.23135,298.23135,297.73135,298.83136,304.53134,309.03134,307.13135,304.83136,303.23135,301.83136,299.93134,295.03134,294.53134,297.33136,300.13135,303.13135,301.03134,303.13135,302.13135,298.93134,293.33136,298.93134,299.03134,296.73135,297.53134,296.93134,295.73135,295.43134,297.93134,298.43134,290.83136,297.13135,292.33136,293.83136,289.73135,279.53134,280.23135,283.93134,292.33136,297.73135
300.63135,303.33136,301.93134,298.83136,298.53134,299.13135,301.03134,304.83136,307.03134,306.33136,305.03134,305.63135,302.73135,301.03134,295.63135,294.93134,292.03134,303.13135,303.23135,301.03134,299.03134,302.33136,301.83136,302.33136,297.83136,300.33136,299.33136,300.03134,297.33136,297.23135,296.83136,298.13135,302.53134,293.73135,280.63135,273.53134,283.63135,293.83136,295.03134,301.83136,300.93134,301.53134,303.03134
302.13135,304.03134,302.73135,299.93134,299.23135,298.43134,298.13135,297.73135,306.63135,307.33136,305.73135,305.03134,303.73135,303.33136,295.23135,294.43134,297.53134,302.23135,301.93134,301.63135,301.63135,301.83136,300.93134,300.53134,300.33136,301.63135,300.13135,295.83136,297.83136,290.63135,298.83136,301.43134,300.13135,297.03134,295.03134,297.03134,294.83136,293.33136,285.63135,291.13135,299.43134,302.23135,301.03134
302.93134,305.23135,303.13135,302.03134,306.73135,306.23135,302.73135,304.43134,306.43134,305.63135,305.73135,306.53134,305.33136,305.03134,301.73135,301.93134,302.33136,300.73135,300.03134,300.93134,302.13135,300.53134,301.03134,300.83136,299.63135,298.63135,296.83136,297.93134,299.33136,300.13135,297.93134,297.43134,295.53134,296.03134,296.53134,296.43134,294.53134,291.13135,287.13135,283.03134,281.93134,281.03134,294.63135
303.33136,301.93134,304.73135,304.33136,306.63135,306.53134,306.43134,306.03134,305.53134,303.83136,301.83136,302.03134,301.73135,300.53134,299.13135,301.03134,301.73135,302.13135,304.13135,301.33136,302.33136,297.63135,297.53134,297.63135,296.53134,295.33136,294.03134,291.83136,291.93134,293.33136,291.73135,293.93134,291.93134,291.73135,288.93134,286.93134,285.63135,289.83136,292.93134,288.23135,291.43134,292.23135,288.13135
294.03134,303.73135,303.83136,303.63135,304.63135,302.83136,305.53134,303.03134,300.53134,301.93134,301.13135,299.53134,298.43134,297.93134,297.23135,298.53134,298.83136,299.93134,299.23135,299.43134,299.03134,297.43134,294.43134,294.33136,294.13135,293.53134,290.93134,290.93134,287.93134,289.93134,287.13135,286.53134,288.93134,287.53134,287.03134,289.43134,286.23135,285.93134,285.83136,285.83136,272.03134,276.53134,272.63135
298.63135,297.93134,300.13135,302.53134,305.03134,304.83136,305.23135,302.53134,301.03134,300.63135,299.43134,297.43134,296.13135,295.83136,296.73135,296.93134,297.63135,299.03134,300.33136,298.03134,297.03134,296.63135,294.43134,294.23135,294.73135,292.43134,289.93134,288.53134,288.23135,289.43134,289.73135,288.33136,288.93134,291.63135,291.83136,291.13135,290.03134,285.73135,286.33136,281.83136,282.03134,279.13135,277.83136
297.13135,295.33136,298.93134,299.23135,299.53134,299.93134,299.33136,300.23135,301.93134,298.83136,297.43134,298.63135,298.03134,297.13135,295.73135,294.33136,294.73135,295.83136,295.13135,295.83136,296.03134,293.83136,294.23135,293.83136,293.23135,294.73135,291.93134,291.83136,287.63135,290.53134,291.13135,291.93134,293.93134,292.13135,291.33136,291.73135,288.93134,286.93134,283.43134,280.43134,279.73135,281.63135,279.63135
295.23135,295.73135,296.73135,297.33136,297.43134,297.73135,296.83136,296.93134,297.43134,298.63135,297.53134,295.43134,294.03134,294.03134,294.73135,293.03134,293.23135,294.03134,294.63135,295.53134,294.03134,294.33136,292.13135,291.43134,291.73135,293.73135,291.13135,294.33136,291.63135,292.23135,291.93134,292.73135,291.13135,292.53134,291.43134,288.83136,288.83136,288.33136,289.23135,288.73135,286.43134,286.23135,285.23135
292.93134,292.73135,294.13135,294.03134,296.63135,295.03134,296.33136,295.53134,297.53134,293.63135,292.23135,292.63135,290.63135,289.73135,292.33136,291.73135,292.13135,293.03134,293.53134,293.33136,293.83136,292.13135,291.43134,290.03134,290.03134,289.93134,292.33136,294.23135,297.73135,293.63135,294.43134,291.73135,292.73135,291.43134,290.63135,289.23135,291.23135,289.53134,289.53134,289.23135,287.73135,288.23135,287.83136
293.23135,293.33136,292.53134,297.53134,294.03134,295.73135,294.13135,293.93134,293.73135,291.73135,291.33136,291.33136,290.53134,292.23135,293.13135,294.73135,292.23135,294.93134,292.83136,292.53134,292.53134,292.23135,293.53134,291.13135,292.03134,295.03134,292.23135,292.43134,292.43134,290.33136,289.63135,290.33136,290.73135,290.83136,290.83136,289.33136,289.83136,288.63135,288.93134,289.23135,287.73135,285.43134,286.53134
293.43134,292.63135,293.43134,294.83136,292.23135,294.13135,293.93134,295.93134,293.43134,294.83136,293.43134,290.43134,291.83136,288.93134,289.13135,293.63135,290.53134,290.93134,290.83136,290.93134,291.33136,293.93134,293.93134,291.03134,290.93134,291.03134,294.23135,290.93134,289.63135,289.23135,287.83136,287.93134,288.83136,287.03134,289.23135,289.03134,290.03134,289.63135,289.53134,288.33136,288.93134,289.13135,288.73135
