wind_kz.json
{"header": {"discipline":0,"disciplineName":"Meteorological products","gribEdition":2,"gribLength":1025,"center":7,"centerName":"US National Weather Service - NCEP(WMC)","subcenter":0,"refTime":"2023-08-19T18:00:00.000Z","significanceOfRT":1,"significanceOfRTName":"Start of forecast","productStatus":0,"productStatusName":"Operational products","productType":1,"productTypeName":"Forecast products","productDefinitionTemplate":0,"productDefinitionTemplateName":"Analysis/forecast at horizontal level/layer at a point in time","parameterCategory":2,"parameterCategoryName":"UnknownDiscipline_0_Category_2","parameterNumber":2,"parameterNumberName":"UnknownParameter_D0_C2_2","parameterUnit":"Unknown","genProcessType":2,"genProcessTypeName":"Forecast","forecastTime":120,"surface1Type":103,"surface1TypeName":"Specified height level above ground","surface1Value":10.0,"surface2Type":255,"surface2TypeName":"Missing","surface2Value":0.0,"gridDefinitionTemplate":0,"gridDefinitionTemplateName":"Latitude_Longitude","numberPoints":615,"shape":6,"shapeName":"Earth spherical with radius of 6,371,229.0 m","gridUnits":"degrees","resolution":48,"winds":"true","scanMode":64,"nx":41,"ny":15,"basicAngle":0,"lo1":47.0,"la1":41.0,"lo2":87.0,"la2":55.0,"dx":1.0,"dy":1.0}, "data":
[rows 0 to 14 of 15, columns 0 to 40 of 41]
-4.9978943,-0.6978943,1.7121058,-0.38789427,-1.6978943,-0.6778943,0.5621057,3.0021057,-0.4278943,-0.2978943,-0.9478943,0.34210572,1.3821057,3.0221057,1.5821058,1.2321057,-1.1678942,1.3821057,-0.89789426,0.2521057,-0.9378943,-2.0478942,-3.4078944,-1.0178943,0.7721057,-2.7778943,-3.0678942,-0.51789427,1.3621057,0.5521057,1.9321057,-0.15789428,-0.12789428,1.8421057,0.20210572,-4.1878943,4.1421056,3.6621058,1.6821057,-1.8378943,-2.8778944
1.7521057,1.2421057,-2.1678944,-1.1978943,-0.21789429,1.7421057,4.1621056,1.3621057,1.8721057,2.6721058,2.3821058,2.0721056,0.09210572,-2.0578942,-0.9378943,-0.47789428,0.8321057,-0.5678943,-0.10789429,1.3221058,4.3721056,-2.5578942,-1.4278942,-2.5178943,-0.9078943,-0.3578943,-1.0678943,-0.22789429,-3.4478943,-2.1578944,-0.28789428,0.5921057,0.022105712,1.0521057,-0.12789428,-1.9178942,4.7021055,7.132106,0.5221057,-0.7178943,-2.8678942
1.2021058,-2.4978943,-0.047894288,1.1021057,1.9521058,2.2821057,1.9121057,2.1021056,1.5521057,1.9121057,3.8521056,1.7721057,-3.3278942,-2.7878942,-1.7478943,-0.37789428,0.72210574,1.8621057,1.5121057,1.6821057,2.4021058,4.4321055,-2.2678943,-0.2778943,-0.28789428,-0.44789428,1.0221057,1.6721057,-4.447894,-0.4878943,-0.5978943,2.4621058,0.85210574,-1.7078943,3.6721058,-0.5678943,-0.047894288,-0.1478943,-0.6278943,-0.017894287,0.97210574
-0.6078943,2.6321058,2.5021057,4.092106,3.4721057,1.4921057,3.0721056,1.9821057,2.7221057,4.882106,4.8321056,4.262106,-1.7178943,-2.0278943,0.08210571,2.1421058,3.1721058,4.092106,4.9521055,3.0621057,3.0421057,1.9221057,4.8321056,1.3321058,-1.6278943,-2.1978943,-0.8278943,-2.7078943,0.5921057,0.9321057,-2.1778944,-0.9778943,2.2721057,6.9821057,-2.1478944,1.0221057,-1.4078943,0.79210573,0.11210571,0.8021057,2.1021056
1.4521058,2.8621056,6.6821055,8.042106,5.822106,4.632106,4.902106,4.512106,5.5221057,7.112106,6.7221055,6.4121056,3.1721058,4.172106,3.2721057,4.4821057,5.1621056,4.1421056,3.7321057,3.7721057,4.362106,4.5021057,2.9721057,3.7421057,2.2121058,2.6021056,2.1021056,3.8821058,2.5021057,2.3521056,1.0221057,-1.6378943,-1.6678942,0.8421057,4.0221057,3.9121058,4.112106,4.822106,4.2121058,-1.6878943,-3.7678943
1.2121058,1.7821057,3.3921058,5.5221057,5.2521057,6.5021057,6.302106,7.1221056,8.542106,8.712106,3.7421057,3.0921056,2.0421057,2.1721058,4.9721055,4.5021057,5.902106,5.632106,5.8321056,3.5721056,3.1021056,3.2821057,3.6121056,3.9421058,2.6721058,4.0621057,4.0021057,4.1821055,3.5321057,3.9521058,4.0621057,3.0821056,2.1121056,0.49210572,-0.20789428,-1.6278943,0.7021057,1.9221057,6.7521057,-3.0578942,-4.057894
1.9821057,0.14210571,1.8521057,0.79210573,1.6221057,2.5621057,4.5821056,4.0421057,5.2521057,1.6821057,2.0621057,3.6921058,-0.13789429,0.46210572,1.4921057,-0.6978943,-0.6678943,1.8221058,-0.58789426,-3.2078943,-0.7178943,2.9321058,4.6821055,3.7521057,3.0021057,3.8421056,3.5121057,2.1621058,3.7921057,3.6621058,3.8721056,2.2821057,3.8321056,0.20210572,-3.9578943,-2.8078942,-0.9078943,3.0921056,-1.0378942,1.4121057,1.0621057
-1.1578943,0.34210572,2.2821057,0.052105714,1.4921057,2.4221058,2.6621058,1.4921057,2.1821058,4.4821057,1.5021057,-1.3978943,0.012105713,1.1521057,2.7121058,2.5921056,2.3121057,3.4321058,2.7821057,-0.8878943,0.3921057,1.5121057,2.8421056,3.1421058,3.2021058,2.8221056,3.8021057,4.072106,2.5821056,3.2621057,2.3521056,3.1721058,-1.3278943,-2.0878942,-2.5978942,-1.3778943,-3.1278944,1.3221058,1.5821058,2.2121058,-1.5078943
1.0621057,-0.6178943,-0.5978943,1.0921057,3.7521057,5.4521055,5.2221055,4.282106,1.8121057,0.6421057,0.27210572,0.11210571,2.2021058,3.4221058,4.3321056,4.9621058,2.2521057,2.6021056,-1.5678943,0.30210572,0.66210574,3.0821056,3.4721057,0.6721057,0.6321057,-0.3278943,3.6521058,0.7121057,0.72210574,0.8021057,-0.4678943,-1.3178943,-0.5978943,-2.6378944,-2.3578942,-1.3978943,-0.7378943,-2.4778943,-0.5578943,0.5621057,-0.5378943
-0.20789428,-1.8578943,-0.3078943,1.4521058,3.4721057,5.0221057,4.532106,4.5021057,-1.0778943,0.91210574,1.3821057,1.2721057,2.7821057,2.6321058,3.3021057,0.13210571,-5.1878943,-4.2078943,-2.8878944,-2.2878942,-1.0578942,-0.007894287,1.4521058,3.4521058,2.7921057,2.5621057,3.6221056,4.2921057,0.98210573,3.7321057,-0.83789426,-2.0678942,-5.237894,-3.2878942,-1.1478943,-1.9978943,-2.6378944,-0.5478943,-1.5378942,0.6721057,-0.1478943
-3.0978942,-1.4278942,0.6321057,2.2021058,1.6121057,0.3521057,0.37210572,0.8221057,1.5921057,1.3021057,2.7721057,3.5321057,5.1021056,5.402106,-2.5978942,-4.827894,-3.7278943,-2.6978943,-1.4178942,-0.7278943,0.6521057,2.3121057,2.9621058,3.4121058,4.9921055,3.1421058,2.7721057,2.2421057,-0.6878943,-0.3678943,-1.8578943,-0.3378943,2.5121057,-0.8878943,-1.6078943,0.91210574,-1.8378943,0.09210572,-1.4378943,0.8121057,-1.1478943
-0.8578943,-0.20789428,0.85210574,1.6521057,3.1321058,1.9721057,2.2921057,3.4621058,3.0521057,-0.2678943,-1.0678943,1.6821057,0.8121057,-4.657894,-4.3178945,-3.6478944,-2.0378942,0.24210571,0.98210573,1.6421057,3.3621056,4.3321056,4.8321056,4.342106,4.7021055,4.0821056,5.0221057,5.0421057,1.7221057,-4.657894,0.06210571,-2.3678942,-0.5578943,-0.9478943,-0.38789427,1.5421057,-1.5478942,-1.3178943,-0.3678943,-0.08789429,-0.3678943
0.73210573,1.0421057,-0.21789429,1.0021057,1.5321057,1.8621057,3.2921057,3.0421057,-1.2578943,-0.8178943,-0.43789428,1.0321057,0.8321057,-1.8378943,-1.9978943,-1.6178943,-0.15789428,1.8121057,2.7421057,3.6121056,4.7921057,5.6021056,5.9521055,7.012106,5.9821057,6.032106,4.282106,4.1421056,0.9321057,3.1221056,-0.76789427,-0.8278943,-3.4078944,-1.8478943,0.19210571,-0.6778943,-2.3978944,-1.9278942,-1.9378943,-1.0878943,-1.0378942
2.3521056,2.1821058,0.6721057,0.4221057,1.7121058,1.5921057,1.7821057,0.102105714,0.5921057,0.9421057,0.08210571,0.5121057,1.6421057,0.8021057,1.1821057,1.1621057,2.6021056,3.4921057,2.8021057,4.5021057,5.4521055,6.302106,7.382106,7.3121057,7.2921057,6.6221056,5.302106,5.1021056,4.362106,5.652106,2.2821057,-2.1778944,-1.4478943,2.0521057,-2.9778943,-3.3678942,-2.5278943,-1.7978942,-1.8378943,-0.5478943,-1.1978943
1.4221057,2.2521057,2.1321058,1.6221057,1.9721057,1.7221057,1.2821057,4.132106,0.43210572,1.3921057,0.43210572,1.6121057,1.3521057,0.66210574,0.31210572,2.9021058,3.3821058,3.9721057,3.3821058,4.882106,5.5221057,6.4621058,6.6821055,7.6221056,7.532106,5.922106,6.0621057,3.7021058,1.8921057,2.2321057,1.8121057,-2.5078943,-1.2778943,-0.13789429,0.33210573,-2.9478943,-2.7478943,-0.8878943,-1.2078943,-0.6278943,-1.3878943
