wind_kz.json
{"header": {"discipline":0,"disciplineName":"Meteorological products","gribEdition":2,"gribLength":871,"center":7,"centerName":"US National Weather Service - NCEP(WMC)","subcenter":0,"refTime":"2025-04-05T12:00:00.000Z","significanceOfRT":1,"significanceOfRTName":"Start of forecast","productStatus":0,"productStatusName":"Operational products","productType":1,"productTypeName":"Forecast products","productDefinitionTemplate":0,"productDefinitionTemplateName":"Analysis/forecast at horizontal level/layer at a point in time","parameterCategory":0,"parameterCategoryName":"UnknownDiscipline_0_Category_0","parameterNumber":0,"parameterNumberName":"UnknownParameter_D0_C0_0","parameterUnit":"Unknown","genProcessType":2,"genProcessTypeName":"Forecast","forecastTime":60,"surface1Type":1,"surface1TypeName":"Ground or water surface","surface1Value":0.0,"surface2Type":255,"surface2TypeName":"Missing","surface2Value":0.0,"gridDefinitionTemplate":0,"gridDefinitionTemplateName":"Latitude_Longitude","numberPoints":615,"shape":6,"shapeName":"Earth spherical with radius of 6,371,229.0 m","gridUnits":"degrees","resolution":48,"winds":"true","scanMode":64,"nx":41,"ny":15,"basicAngle":0,"lo1":47.0,"la1":41.0,"lo2":87.0,"la2":55.0,"dx":1.0,"dy":1.0}, "data":
[rows 0 to 14 of 15, columns 0 to 40 of 41]
286.55142,279.95142,287.15143,282.3514,283.05142,283.45142,286.45142,290.8514,290.05142,290.55142,289.55142,291.05142,290.65143,290.65143,290.2514,289.65143,290.05142,288.45142,290.95142,289.2514,290.65143,289.65143,289.05142,285.65143,286.8514,289.45142,284.7514,269.8514,268.3514,262.7514,265.7514,270.65143,278.2514,283.05142,285.15143,285.05142,284.45142,283.95142,284.15143,283.45142,283.8514
268.65143,288.8514,281.45142,281.8514,282.45142,282.8514,288.2514,290.15143,288.7514,288.95142,288.45142,287.8514,287.65143,287.2514,288.55142,288.2514,288.55142,288.2514,286.7514,287.3514,287.65143,287.05142,284.2514,279.2514,260.8514,270.15143,278.3514,270.45142,273.15143,267.7514,271.15143,263.7514,269.95142,248.65141,258.8514,280.65143,279.45142,281.8514,284.3514,276.05142,280.55142
283.15143,280.2514,281.15143,281.65143,281.7514,285.95142,287.7514,288.05142,287.45142,287.05142,286.2514,286.55142,286.7514,286.2514,285.8514,286.45142,286.05142,285.65143,285.8514,286.45142,286.95142,286.05142,284.3514,280.3514,283.45142,281.7514,283.2514,284.45142,283.3514,276.65143,262.7514,270.3514,276.05142,276.45142,278.95142,277.45142,266.05142,264.3514,263.95142,267.95142,263.15143
280.55142,280.55142,279.95142,281.3514,283.2514,286.45142,286.95142,286.45142,286.95142,286.15143,285.8514,285.3514,285.05142,285.7514,283.95142,284.45142,283.7514,284.45142,285.05142,285.55142,284.7514,280.7514,283.95142,284.45142,285.55142,285.3514,286.45142,282.8514,283.2514,284.55142,283.45142,282.05142,284.3514,283.45142,282.15143,279.65143,272.2514,265.05142,271.8514,278.15143,280.7514
281.65143,280.95142,280.65143,281.3514,283.05142,287.2514,287.3514,286.65143,286.2514,285.65143,285.65143,284.8514,283.65143,283.15143,280.55142,282.2514,282.45142,282.7514,283.95142,284.65143,285.45142,289.3514,288.05142,285.7514,285.65143,285.2514,284.05142,281.3514,286.45142,285.45142,286.2514,285.15143,272.8514,259.15143,272.15143,280.05142,280.65143,281.7514,282.55142,282.7514,283.3514
283.8514,284.05142,281.2514,280.7514,279.95142,279.65143,284.95142,286.7514,285.45142,285.55142,284.7514,283.15143,281.45142,282.15143,275.8514,282.15143,282.95142,282.65143,283.3514,284.65143,285.15143,287.05142,287.8514,287.2514,286.95142,284.95142,283.15143,273.05142,283.15143,282.55142,283.3514,282.45142,281.95142,280.95142,281.7514,279.7514,274.8514,274.8514,280.95142,283.15143,283.45142
282.45142,283.45142,284.95142,284.3514,282.2514,284.45142,285.7514,285.55142,285.2514,283.2514,282.05142,282.15143,281.05142,280.95142,281.3514,282.7514,282.8514,283.3514,284.95142,284.05142,284.15143,283.55142,284.7514,285.55142,283.8514,284.2514,282.2514,279.8514,278.3514,280.05142,280.15143,280.05142,280.15143,280.3514,278.8514,278.45142,274.2514,272.15143,267.8514,270.95142,277.45142
283.3514,283.2514,284.65143,285.45142,285.2514,285.65143,285.15143,283.95142,282.2514,282.2514,280.7514,280.7514,279.95142,280.55142,281.8514,282.2514,282.7514,284.3514,283.95142,282.55142,281.05142,282.55142,283.05142,283.7514,282.45142,281.45142,279.45142,278.7514,275.95142,278.05142,277.8514,279.8514,277.3514,275.05142,275.45142,274.95142,274.8514,270.95142,277.2514,276.2514,274.65143
283.2514,285.45142,286.55142,286.05142,285.15143,284.55142,284.3514,284.8514,284.3514,281.05142,280.8514,278.45142,279.7514,280.45142,280.7514,284.15143,284.05142,284.3514,283.3514,282.55142,281.15143,280.95142,281.65143,282.15143,281.7514,281.45142,279.05142,277.45142,278.7514,275.7514,276.15143,277.8514,278.3514,278.45142,276.95142,274.65143,271.8514,272.8514,259.95142,262.8514,259.95142
284.3514,282.95142,283.2514,285.7514,285.95142,286.05142,285.8514,281.8514,280.2514,279.95142,279.65143,278.8514,279.2514,279.55142,281.45142,282.65143,283.95142,284.15143,283.95142,283.45142,282.05142,282.8514,283.05142,281.05142,281.65143,280.3514,281.55142,280.45142,279.15143,277.3514,279.3514,280.95142,281.45142,278.7514,276.8514,275.3514,274.2514,271.95142,270.2514,269.2514,266.3514
282.65143,283.05142,284.15143,282.45142,282.95142,284.05142,284.55142,284.95142,283.2514,282.7514,280.8514,281.8514,280.7514,280.3514,281.2514,282.45142,283.55142,283.65143,284.05142,281.8514,283.15143,281.95142,280.7514,280.45142,278.45142,281.15143,279.7514,281.55142,282.55142,283.05142,283.3514,281.55142,280.3514,280.95142,278.95142,276.65143,273.05142,271.8514,271.55142,271.7514,269.45142
282.15143,282.7514,283.55142,281.7514,282.05142,284.55142,283.65143,281.45142,281.2514,282.95142,280.45142,278.7514,279.95142,280.05142,280.3514,281.3514,282.65143,283.55142,283.55142,283.2514,281.65143,280.45142,278.7514,279.95142,279.05142,280.7514,281.7514,282.55142,282.7514,281.8514,280.55142,280.15143,281.7514,278.15143,278.55142,278.05142,278.95142,278.65143,277.7514,277.55142,276.55142
280.45142,281.8514,281.15143,281.7514,281.95142,282.55142,280.05142,278.65143,278.2514,281.2514,276.95142,276.45142,278.55142,278.7514,279.95142,281.15143,281.95142,283.55142,283.05142,281.95142,281.3514,279.2514,278.3514,277.55142,278.45142,280.15143,280.8514,279.15143,279.55142,280.45142,280.3514,279.7514,279.2514,279.7514,278.2514,277.45142,278.2514,278.7514,278.15143,278.95142,279.15143
280.15143,281.15143,275.95142,280.65143,280.7514,280.65143,278.15143,278.15143,279.45142,277.2514,278.05142,275.65143,276.55142,277.95142,279.45142,282.7514,282.15143,282.05142,282.2514,281.45142,281.15143,281.05142,280.55142,279.95142,279.8514,279.3514,277.8514,278.7514,278.45142,278.55142,278.15143,278.3514,278.2514,277.95142,277.8514,277.45142,277.55142,277.15143,277.3514,277.15143,278.95142
280.55142,279.8514,272.95142,279.2514,278.8514,279.05142,276.45142,276.15143,275.7514,275.15143,277.55142,277.8514,277.15143,279.15143,279.2514,279.45142,280.05142,279.45142,281.05142,281.15143,281.15143,279.7514,280.2514,279.65143,279.55142,279.55142,278.8514,278.55142,277.8514,277.3514,276.3514,275.45142,276.45142,276.05142,275.7514,275.3514,275.45142,275.55142,276.2514,277.3514,277.3514
