wind_kz.json
{"header": {"discipline":0,"disciplineName":"Meteorological products","gribEdition":2,"gribLength":1025,"center":7,"centerName":"US National Weather Service - NCEP(WMC)","subcenter":0,"refTime":"2023-09-28T12:00:00.000Z","significanceOfRT":1,"significanceOfRTName":"Start of forecast","productStatus":0,"productStatusName":"Operational products","productType":1,"productTypeName":"Forecast products","productDefinitionTemplate":0,"productDefinitionTemplateName":"Analysis/forecast at horizontal level/layer at a point in time","parameterCategory":2,"parameterCategoryName":"UnknownDiscipline_0_Category_2","parameterNumber":2,"parameterNumberName":"UnknownParameter_D0_C2_2","parameterUnit":"Unknown","genProcessType":2,"genProcessTypeName":"Forecast","forecastTime":60,"surface1Type":103,"surface1TypeName":"Specified height level above ground","surface1Value":10.0,"surface2Type":255,"surface2TypeName":"Missing","surface2Value":0.0,"gridDefinitionTemplate":0,"gridDefinitionTemplateName":"Latitude_Longitude","numberPoints":615,"shape":6,"shapeName":"Earth spherical with radius of 6,371,229.0 m","gridUnits":"degrees","resolution":48,"winds":"true","scanMode":64,"nx":41,"ny":15,"basicAngle":0,"lo1":47.0,"la1":41.0,"lo2":87.0,"la2":55.0,"dx":1.0,"dy":1.0}, "data":
[rows 0 to 14 of 15, columns 0 to 40 of 41]
-1.9393702,-0.34937012,0.3606299,-2.54937,-2.52937,-4.69937,-3.8993702,-3.9293702,-3.8993702,-1.5193701,-1.6793702,-2.6093702,-2.6393702,-2.3693702,-0.89937013,-1.0293701,0.3906299,0.18062988,-2.6493702,-1.1693702,0.79062986,-0.9093701,-0.17937012,-1.5893701,0.020629883,-1.6293701,-2.7093701,-1.1193701,1.2906299,0.11062989,-0.9693701,1.7606299,0.19062988,1.2806299,-1.6793702,-1.0193701,-0.7893701,0.7006299,0.7206299,0.66062987,-1.3493701
1.3906299,0.41062987,-2.22937,-3.26937,-3.53937,-3.97937,-2.9093702,-3.30937,-1.5293701,0.5306299,-1.7393701,-2.47937,-2.2193701,-0.7993701,-0.46937013,-0.7293701,1.9706299,-2.2093701,-0.37937012,-1.1893702,0.19062988,1.0406299,0.6506299,-2.4393702,-0.5493701,0.8206299,-0.7793701,0.7206299,-0.44937012,-0.8493701,0.2606299,-0.5493701,1.3406299,-2.80937,0.030629883,-0.6793701,-0.7193701,0.5206299,0.21062988,0.7206299,-2.25937
-1.7393701,-4.22937,-3.54937,-2.47937,-2.9493701,-3.4493701,-2.77937,-1.7193701,-3.06937,-2.09937,-0.9293701,-0.9993701,-0.70937014,-0.7393701,-0.12937012,0.3306299,1.2306299,2.1006298,1.4406298,2.15063,2.69063,2.5706298,-0.8793701,-0.9393701,-0.63937014,-1.4893701,-2.27937,-1.7193701,-0.7193701,-0.63937014,-1.1293701,2.47063,-0.43937013,-0.7593701,-0.7793701,0.28062987,0.17062989,-0.22937012,2.77063,1.7306299,1.6506299
-3.4193702,-5.0093703,-5.17937,-4.17937,-3.28937,-1.8193702,0.020629883,-0.9693701,1.1906298,0.85062987,0.020629883,0.8706299,1.3406299,-0.039370116,1.0206299,2.45063,3.22063,3.8006299,3.8806298,3.0606298,2.73063,0.80062985,2.3006299,-0.82937014,-2.01937,-2.49937,-2.78937,-2.9493701,-1.7093701,-0.9393701,-1.4393702,-2.56937,-2.32937,-3.24937,-2.83937,-1.9293702,0.7606299,1.5306299,0.5106299,0.5306299,1.2606299
-2.6093702,-2.97937,-3.03937,-2.9093702,-1.6893702,0.27062988,1.3306298,1.7906299,2.3506298,3.1306298,2.17063,2.0506299,0.7806299,0.07062988,-0.4293701,0.6506299,-0.10937012,-0.15937012,1.7906299,2.98063,3.45063,3.92063,-3.33937,-4.99937,-4.63937,-3.8693702,-4.11937,-1.9193702,-0.6093701,1.3406299,1.2806299,-1.6993701,-1.1293701,1.7406299,2.3906298,1.4706299,2.72063,2.46063,3.96063,2.17063,4.2406297
0.9306299,-1.6993701,-1.0593702,-4.07937,-3.6293702,-2.1293702,-0.23937012,0.73062986,0.8206299,1.3706299,3.02063,0.6306299,-1.4493701,-2.48937,-2.25937,-1.1893702,-0.7893701,-2.9693701,-1.7593701,-4.17937,-5.17937,-5.71937,-7.14937,-6.85937,-6.13937,-4.37937,1.8906299,-2.74937,-1.7193701,-3.09937,-2.06937,-2.74937,-3.04937,-2.72937,-1.6893702,0.5006299,0.31062987,2.3206298,5.90063,1.5506299,-0.70937014
-4.26937,-3.9193702,-3.1993701,-2.48937,-1.8893701,-0.9393701,0.4506299,1.4806299,2.23063,2.27063,0.67062986,-3.9193702,-2.6893702,-2.57937,-0.8093701,-0.30937013,-1.2093701,-3.1893702,-5.17937,-6.01937,-4.15937,-3.6693702,-3.54937,-3.22937,-1.6693702,-1.4593701,-0.2993701,-2.9493701,-3.31937,-3.07937,-2.25937,-1.5593702,-1.2393701,-0.8493701,-1.7593701,-1.1193701,-0.44937012,0.7006299,0.3606299,-1.8593701,2.8206298
-3.4393702,-3.24937,-2.4493701,-2.1693702,-0.9693701,-0.8493701,0.010629883,-0.34937012,-2.8793702,-6.28937,-4.92937,-4.78937,-3.26937,-2.04937,-0.94937015,-0.4293701,-1.1693702,-2.4593701,-2.6593702,-3.6393702,-3.3693702,-3.4593701,-3.05937,1.2606299,-4.24937,-0.22937012,-2.27937,-3.00937,-3.1293702,-2.6293702,-3.00937,-2.06937,-2.24937,-1.2493701,-0.8693701,0.4206299,3.0606298,4.75063,-0.07937012,2.27063,1.5306299
-2.53937,-2.1693702,-1.8893701,-1.7193701,-1.4393702,-1.9493701,-1.3393701,-2.07937,-3.3893702,-4.2593703,-3.49937,-3.4193702,-2.08937,-1.5693702,-1.1293701,-1.2693701,-1.2893701,-3.78937,-2.99937,-3.08937,-3.4093702,-2.81937,0.2906299,-0.57937014,-3.80937,-3.7193701,0.07062988,-0.27937013,-1.2193701,-1.6393701,-2.53937,-1.9293702,-0.8593701,-1.5493702,0.7006299,1.3606299,0.2906299,-1.0893701,-0.46937013,0.49062988,-0.15937012
0.18062988,-0.69937015,-1.3093702,-1.8493701,-2.2193701,-2.48937,-2.56937,-2.6193702,-3.51937,-3.6693702,-3.31937,-3.28937,-1.6793702,-2.07937,-2.59937,-2.8893702,-3.4293702,-4.09937,-3.4593701,-3.8793702,-3.09937,-2.82937,-2.8793702,-3.01937,-3.56937,-3.50937,-2.75937,-2.76937,-1.6893702,-0.57937014,-0.8793701,-1.3093702,6.298828E-4,1.5406299,0.98062986,1.4706299,1.1106299,0.6206299,1.0706298,0.3506299,0.66062987
0.3306299,-0.7193701,-0.7493701,-1.1793702,-1.7193701,-1.9693701,-2.32937,-2.6293702,-2.8893702,-2.55937,-2.24937,-1.9893701,-1.9593701,-2.7193701,-2.4393702,-2.74937,-2.8993702,-2.55937,-3.28937,-4.20937,-3.57937,-3.09937,-3.1993701,-2.73937,-1.4493701,-1.5693702,-3.00937,-2.03937,-2.3793702,-1.8093702,-0.40937012,-1.1793702,-1.6893702,-0.099370115,0.9406299,0.3206299,-0.3693701,0.40062988,1.5306299,0.7006299,0.3206299
0.060629882,0.16062988,0.16062988,-0.25937012,-0.82937014,-1.6293701,-0.64937013,-1.2093701,-1.3793701,-2.1693702,-2.4093702,-1.8693701,-2.4293702,-2.51937,-2.1493702,-1.8393701,-2.4593701,-2.83937,-2.9293702,-2.80937,-3.2193701,-2.9393702,-2.4393702,-2.09937,-2.1593702,-2.28937,-0.7993701,-1.3393701,-2.79937,-3.04937,-1.8693701,-0.7193701,-0.07937012,-0.8693701,-0.33937013,-1.4593701,1.3106298,0.98062986,0.9006299,1.0206299,1.6706299
1.1206299,0.6206299,0.60062987,0.2906299,-0.12937012,-0.3993701,-0.3893701,-1.2293701,-1.4793701,-1.3893701,-0.88937014,-1.0293701,-1.4193702,-2.1593702,-1.4193702,-1.3493701,-1.5393701,-2.73937,-2.59937,-2.59937,-2.07937,-1.6593701,-0.8693701,-1.3693701,-1.7993702,-2.78937,-2.05937,-3.06937,-3.33937,-2.9393702,-2.50937,-1.8393701,-2.3593702,-2.8993702,-1.8993701,-2.00937,-1.4593701,-0.83937013,-1.1093701,-0.47937012,0.5806299
1.6006299,0.6206299,-0.3293701,0.18062988,-0.099370115,0.09062988,0.09062988,-0.3993701,-0.16937011,-0.7593701,-1.1793702,-1.0493702,0.24062988,0.040629882,-0.40937012,-1.1293701,-1.9393702,-1.8293701,-2.31937,-2.1993701,-2.4593701,-2.7093701,-2.4593701,-3.1793702,-3.05937,-2.72937,-2.3793702,-2.6893702,-2.83937,-2.76937,-3.31937,-2.1793702,-1.8093702,-3.29937,-1.9393702,-2.03937,-1.2493701,-1.4993701,-1.6993701,-0.06937012,2.5506299
0.60062987,0.18062988,-0.049370117,-0.3293701,0.6306299,0.14062989,0.44062987,-0.15937012,0.43062988,-1.0393701,-0.8693701,-0.8693701,-0.57937014,0.55062985,0.17062989,-0.8793701,-1.4093701,-1.7493701,-1.8393701,-1.9493701,-2.24937,-2.03937,-2.3993702,-2.3993702,-2.23937,-2.27937,-2.29937,-2.4693701,-2.57937,-2.56937,-2.58937,-3.24937,-2.51937,-2.53937,-2.1993701,-1.9293702,-1.3793701,-1.6493701,-0.20937012,-0.64937013,0.61062986
