wind_kz.json
{"header": {"discipline":0,"disciplineName":"Meteorological products","gribEdition":2,"gribLength":1025,"center":7,"centerName":"US National Weather Service - NCEP(WMC)","subcenter":0,"refTime":"2023-08-07T06:00:00.000Z","significanceOfRT":1,"significanceOfRTName":"Start of forecast","productStatus":0,"productStatusName":"Operational products","productType":1,"productTypeName":"Forecast products","productDefinitionTemplate":0,"productDefinitionTemplateName":"Analysis/forecast at horizontal level/layer at a point in time","parameterCategory":2,"parameterCategoryName":"UnknownDiscipline_0_Category_2","parameterNumber":2,"parameterNumberName":"UnknownParameter_D0_C2_2","parameterUnit":"Unknown","genProcessType":2,"genProcessTypeName":"Forecast","forecastTime":60,"surface1Type":103,"surface1TypeName":"Specified height level above ground","surface1Value":10.0,"surface2Type":255,"surface2TypeName":"Missing","surface2Value":0.0,"gridDefinitionTemplate":0,"gridDefinitionTemplateName":"Latitude_Longitude","numberPoints":615,"shape":6,"shapeName":"Earth spherical with radius of 6,371,229.0 m","gridUnits":"degrees","resolution":48,"winds":"true","scanMode":64,"nx":41,"ny":15,"basicAngle":0,"lo1":47.0,"la1":41.0,"lo2":87.0,"la2":55.0,"dx":1.0,"dy":1.0}, "data":
[rows 0 to 14 of 15, columns 0 to 40 of 41]
-6.5555544,-0.6755542,1.8644458,-0.005554199,0.0944458,1.2644458,2.7644458,-1.8155541,-1.4455543,-1.3755542,-0.6455542,-0.8855542,2.3144457,-0.3355542,0.2944458,-1.9055542,0.1844458,2.374446,1.3644458,1.5044458,-2.1555543,-2.2255542,-2.1855543,-1.3055542,1.4744458,-1.8755542,-3.0555542,-0.0455542,0.2544458,0.4644458,-0.8555542,1.2744458,0.5844458,1.1244458,-3.615554,-2.4355543,-3.355554,-4.1755543,1.4044458,2.1844459,2.5544457
2.0144458,1.4144458,-0.6955542,0.7044458,0.3344458,1.9144458,4.1944456,2.3244457,1.0844458,-0.2855542,-0.8955542,-0.9655542,-4.045554,-1.8055542,-0.7555542,0.9544458,1.8444458,2.384446,3.1844459,4.004446,-1.0155542,-3.365554,-1.7155542,-1.8555542,1.2444458,0.5344458,-0.8455542,1.4844458,-4.3055544,-2.5755541,-0.2855542,-0.0955542,0.0744458,-2.6855543,0.6744458,0.2644458,-0.3855542,0.8744458,-0.2055542,-0.1855542,-5.9255543
-1.0655541,-3.4855542,-1.2755542,0.4344458,2.4644458,3.3344457,-0.2755542,2.884446,-1.7755542,-2.6455543,-0.9555542,-1.5055542,-1.9555542,-0.7155542,0.5644458,2.9544458,4.494446,3.7044458,2.5444458,3.6744459,1.0944458,-0.4855542,0.4544458,0.0544458,0.2644458,-0.3355542,0.3344458,1.4544458,-2.4155543,-0.3255542,-1.7155542,1.8044457,-0.7955542,-0.1755542,0.9544458,-0.3855542,-0.6455542,-0.005554199,-1.0055542,2.2644458,1.3844458
-3.9155543,-2.5255542,-0.8255542,-0.8455542,-1.1855541,-1.1855541,1.2344458,1.0344458,-1.8755542,-1.3155541,1.4744458,-0.8755542,1.3844458,2.7444458,3.5744457,4.5544457,4.144446,3.3244457,3.4644458,-1.4955542,-1.8755542,0.1344458,-1.2855542,-1.0855542,-0.4055542,-1.9955542,0.0344458,-0.1455542,-2.2555542,-2.4855542,-2.7455542,-2.3955543,-0.1255542,2.3144457,-2.595554,-2.3855543,-1.1855541,1.9544458,-0.2955542,2.0944457,2.1844459
-0.3255542,-0.4655542,-0.2255542,-1.1055542,0.7444458,2.0044458,2.144446,0.5544458,0.3244458,1.5544457,4.2144456,3.9344459,4.454446,4.854446,6.1544456,2.7344458,2.8344457,3.2744458,-0.8855542,-2.9355543,-5.625554,-6.0955544,-3.8355541,-1.8355542,3.2944458,3.7144458,-1.8755542,-3.8255541,-3.845554,-3.8855543,-2.7955542,-3.6555543,-2.3055542,1.4944458,-0.7555542,0.1444458,-1.9955542,-0.4255542,-1.1255542,-0.4855542,-0.2755542
0.4544458,-0.7055542,1.4144458,2.624446,4.024446,4.5944457,4.3044457,4.514446,0.1444458,1.1344458,1.4044458,0.8344458,1.5844458,4.064446,5.8044457,2.3544457,-3.5755541,-0.005554199,-0.5355542,-0.6955542,-2.2555542,-2.875554,-3.345554,-0.2055542,1.4144458,-1.7555542,-1.5055542,-3.9255543,-3.0155542,-3.5855541,-2.605554,-2.4055543,-1.2155542,-0.6755542,0.0144458,-1.4355541,0.5044458,1.7544458,2.5144458,-2.1755543,0.1044458
-2.095554,1.3144459,1.4044458,3.894446,3.5944457,3.4844458,-2.7555542,-0.3855542,-0.8255542,0.2544458,1.0144458,1.5644459,1.9044458,2.0744457,3.8544457,3.5744457,-2.5755541,-1.6055542,0.0244458,-2.1955543,-3.9755542,-4.5755544,-1.6355542,-0.2355542,-3.3055542,-0.3355542,-1.7655542,-1.4155542,0.17444581,0.6744458,-2.2155542,-5.665554,-3.2555542,-2.4655542,-2.2055542,-1.7055542,-1.3555542,2.3244457,-0.3655542,1.2544458,0.2744458
7.564446,-4.815554,-7.235554,-6.795554,-5.735554,-3.095554,-2.7255542,-1.3355542,-5.505554,-3.625554,-2.3955543,-1.4855542,-2.2455542,-2.6455543,-4.355554,-3.9455543,-3.5355542,-1.6055542,0.1044458,-3.2155542,-2.105554,-3.6755543,-4.105554,1.8144459,-3.6955543,-0.4255542,1.5244458,-3.1455543,-5.455554,-5.475554,-5.485554,-3.5455542,-2.615554,-1.3955542,-0.39555418,-0.0855542,-0.8255542,-1.2555542,2.4444458,1.3344458,0.2644458
-8.595554,-7.1355543,-7.1955543,-5.735554,-3.0255542,-4.725554,-4.0155544,-4.295554,-4.495554,-4.005554,-2.7655542,-2.9255543,-2.595554,-1.2155542,-1.9655542,-0.3355542,1.0344458,1.5844458,1.0344458,-0.5455542,-3.1455543,-0.4155542,-0.9955542,-0.9655542,1.4544458,1.0344458,-4.105554,-3.7555542,-2.5655541,-2.7255542,-3.4455543,-2.9355543,0.5144458,-0.6355542,-0.6855542,0.3944458,0.0744458,-1.3555542,0.4344458,0.3344458,0.2744458
-6.8855543,-6.5555544,-5.8255544,-3.1355543,-4.215554,-3.3355541,-2.1455543,-4.995554,-5.565554,-4.9255543,-3.7055542,-3.4955542,-0.9655542,-1.7455542,-2.4455543,-0.4955542,0.8144458,2.7344458,0.7344458,-4.455554,-2.5355542,-0.6255542,0.4944458,-6.6755543,-4.755554,-7.625554,-5.0555544,-4.395554,-3.2155542,-1.7255542,-0.7155542,0.8144458,-1.3755542,-1.7955542,-1.0655541,-0.9655542,-1.2355542,-0.4655542,-1.2755542,0.7344458,1.0944458
-4.5355544,-5.8855543,-3.6955543,-3.5455542,-2.9855542,-3.3955543,-2.9955542,-4.395554,-4.105554,-2.5855541,-2.0255542,-1.7255542,-2.8355541,-2.6755543,-3.2255542,-3.4755542,-1.0655541,-3.6555543,-4.8855543,-5.2655544,-2.0355542,-0.6955542,-4.275554,-4.245554,-3.3955543,-3.7255542,-2.6955543,-1.3155541,-3.0155542,-1.9955542,-5.1155543,-2.845554,-3.4255543,0.2044458,0.5844458,-0.8255542,-1.0455542,-0.8355542,-0.7055542,1.1444458,0.5344458
-3.845554,-4.625554,-2.7955542,-4.215554,-4.065554,-3.7255542,-2.8055542,-3.2455542,-2.7655542,-1.5355542,-1.4055542,-0.015554199,-0.1955542,-0.3755542,0.17444581,0.6244458,0.3444458,-1.5655541,-3.125554,-2.1455543,0.7144458,-5.6955543,-4.3055544,-4.545554,-3.875554,-3.5455542,-3.0255542,-2.7355542,-2.3255541,-3.1355543,-2.2455542,-2.1655543,-1.9055542,-0.7255542,-0.7755542,1.1544458,1.1244458,-0.0455542,1.2444458,1.2544458,-0.1755542
-2.0855541,-1.4855542,-1.6355542,-2.7155542,-2.8855543,-1.8355542,-1.9855542,-2.5555542,-2.6855543,-0.2655542,-0.1655542,0.6544458,-0.2255542,-2.1355543,-2.2155542,-0.8255542,-1.2655542,-3.6455543,-2.115554,-1.9155542,-3.7855542,-2.4955542,-1.3655542,-1.2955542,-1.6055542,-2.8255541,-0.9755542,-2.8855543,-3.3255541,-3.2555542,-2.8955543,-2.3955543,-1.2055542,-2.2255542,-1.9155542,-0.4355542,-1.8355542,-1.7855542,-1.5655541,1.1744457,0.9544458
-2.5155542,-2.125554,-2.0255542,-3.3155541,-2.7555542,-0.7555542,-1.1755542,-2.4555542,-0.0655542,-1.0255542,-0.6155542,-0.8855542,1.0444458,0.8244458,-0.6355542,-1.3255543,-1.8255543,-2.4855542,-3.8155541,-2.625554,-1.8955542,-1.5955542,-0.1855542,-2.3255541,-3.105554,-3.1655543,-3.1455543,-2.875554,-2.3955543,-2.0455542,-1.2955542,0.1944458,0.7844458,0.7144458,0.3344458,-0.8455542,0.2444458,0.3344458,-0.9155542,0.7644458,0.8444458
-2.6355543,-2.6355543,-3.0355542,-2.5655541,-2.8355541,-2.615554,-3.855554,-2.1355543,-1.4755542,-1.1455542,-1.5055542,-0.7755542,-0.3655542,1.0644459,-0.0955542,1.0544457,-0.0355542,-1.0155542,-1.3755542,-1.1955543,-1.3555542,-0.9155542,-0.3555542,0.6744458,-0.2855542,-0.1355542,0.5044458,0.8144458,1.5144458,0.7344458,2.384446,2.8144457,2.2044458,1.3544458,0.5344458,0.4344458,-0.2555542,0.4744458,0.4244458,-0.8055542,-0.3455542
