wind_kz.json
{"header": {"discipline":0,"disciplineName":"Meteorological products","gribEdition":2,"gribLength":1102,"center":7,"centerName":"US National Weather Service - NCEP(WMC)","subcenter":0,"refTime":"2023-08-28T12:00:00.000Z","significanceOfRT":1,"significanceOfRTName":"Start of forecast","productStatus":0,"productStatusName":"Operational products","productType":1,"productTypeName":"Forecast products","productDefinitionTemplate":0,"productDefinitionTemplateName":"Analysis/forecast at horizontal level/layer at a point in time","parameterCategory":2,"parameterCategoryName":"UnknownDiscipline_0_Category_2","parameterNumber":2,"parameterNumberName":"UnknownParameter_D0_C2_2","parameterUnit":"Unknown","genProcessType":2,"genProcessTypeName":"Forecast","forecastTime":180,"surface1Type":103,"surface1TypeName":"Specified height level above ground","surface1Value":10.0,"surface2Type":255,"surface2TypeName":"Missing","surface2Value":0.0,"gridDefinitionTemplate":0,"gridDefinitionTemplateName":"Latitude_Longitude","numberPoints":615,"shape":6,"shapeName":"Earth spherical with radius of 6,371,229.0 m","gridUnits":"degrees","resolution":48,"winds":"true","scanMode":64,"nx":41,"ny":15,"basicAngle":0,"lo1":47.0,"la1":41.0,"lo2":87.0,"la2":55.0,"dx":1.0,"dy":1.0}, "data":
[rows 0 to 14 of 15, columns 0 to 40 of 41]
-1.9052924,-0.69529235,1.8347076,2.2647076,-8.495293,-9.615293,-8.395292,-7.9252925,-8.845292,-5.4352922,-3.8152924,-4.6252923,-4.4352922,-3.9552925,-4.265292,-3.8852923,-2.7652924,-2.8552923,-3.4952924,-3.2952924,-1.2552924,1.1447077,0.7147076,-1.1752924,0.78470767,-1.6852924,-2.1852922,0.42470765,-1.5752923,1.6947076,1.7647077,2.2047076,2.5247076,7.8747077,3.1447077,-0.81529236,-7.1252923,-4.2352924,-3.2452924,-1.0352924,0.84470767
1.8147076,1.4347076,-0.96529233,-2.7452924,-7.6252923,-7.6952925,-5.745292,-9.125293,-6.3952923,-4.8652925,-3.7152925,-4.265292,-3.8552923,-3.5252924,-2.6352923,-2.8052924,-2.2852924,-2.6852922,-2.2652924,-1.8552923,-1.9452924,-0.89529234,-0.51529235,-2.4852924,0.04470764,0.9647076,-0.62529236,1.7447076,1.1147076,-0.04529236,-0.02529236,0.22470765,0.50470763,-0.32529235,0.7647076,1.2147076,-2.3052924,1.2547077,0.014707642,1.0947076,-1.5552924
-1.6852924,-2.9952924,-2.0352924,-4.6452923,-6.3352923,-5.3752923,-6.015292,-3.6052923,-4.4652925,-4.1052923,-3.6952925,-3.4452925,-2.8152924,-2.8452923,-2.5052924,-3.2552924,-3.3952923,-1.0852923,-1.6852924,-0.57529235,-0.19529235,-0.13529235,-3.1252923,-3.7252924,0.7647076,-0.50529236,-0.37529236,-2.4552925,-2.1552923,0.17470764,1.2847077,-0.43529236,-0.68529236,2.6347077,-2.7352924,-0.6752924,-0.21529236,0.14470764,5.044708,2.9547076,-0.33529237
-3.1652923,-5.6652923,-4.6252923,-4.3252926,-4.3852925,-3.8852923,-2.9352922,-2.4552925,-2.7952924,-3.1952925,-2.2252924,-2.3852923,-2.2952924,-1.8152924,-2.5152924,-1.6452924,-1.5852923,-1.3252923,0.67470765,-0.34529236,0.26470765,-1.5552924,1.1247077,-0.13529235,-0.08529236,-0.87529236,0.35470763,-0.32529235,1.6047076,1.5847076,0.7647076,2.7547076,6.0747075,7.1047077,5.2847075,2.7447076,1.4347076,0.9047077,-0.39529237,1.0047077,4.254708
-3.7052925,-5.5252924,-6.6352925,-6.0052924,-4.805292,-4.2352924,-3.6252923,-1.9652923,-0.94529235,-0.5352924,0.064707644,1.9947076,1.9247077,1.3147076,2.0247076,1.8247076,1.4347076,2.4847076,2.4047077,-0.08529236,0.55470765,2.8947077,1.3147076,2.9047077,1.5347077,2.2047076,1.2947077,2.4647076,3.7047076,0.62470764,2.0447075,-0.21529236,-0.27529237,2.4247077,-1.3652923,-2.5552924,10.234708,-0.9752924,2.6847076,1.2147076,0.38470763
-3.6352923,-3.2452924,-4.765292,-3.8252923,-3.7052925,-3.8952923,-2.6652923,-2.5452924,-1.7452923,1.0847076,2.7347076,3.0647078,4.0547075,5.6847076,5.7247076,3.6847076,3.7547076,3.0247076,1.3647076,1.1747077,1.9747076,1.6047076,1.9947076,1.8847077,2.2747076,1.2447076,2.3847077,-0.08529236,2.1247077,1.5247077,2.9347076,5.2247076,3.8347077,2.5147076,1.1347077,-2.2652924,3.6647077,6.714708,13.934707,1.3247076,1.7447076
-0.44529235,0.73470765,0.69470763,1.1247077,1.2247076,1.9247077,0.60470766,1.3947077,1.8447076,3.0047076,3.5247076,2.7247076,2.9347076,3.4347076,1.3547076,2.2347076,2.1447077,2.5747077,2.8147078,1.8547076,0.9547076,1.9947076,2.5547075,2.0447075,2.8147078,2.7147076,2.1847076,1.7547077,2.1847076,1.8347076,2.4147077,4.214708,3.4147077,2.5347075,2.1647077,0.75470763,1.0447077,-0.115292355,1.9747076,-0.33529237,10.114708
-1.3752923,-1.2852924,-0.96529233,-0.69529235,0.16470765,2.6247077,1.2147076,-1.2452923,-0.94529235,-0.5952923,-0.48529235,1.3247076,2.3147078,0.46470764,2.4147077,3.1147077,2.5947077,2.9747076,2.8747077,2.9747076,3.7547076,2.5647078,2.3147078,2.0747077,3.0447075,2.3047075,4.1847076,1.5147077,2.1647077,1.9947076,2.5047076,2.8247077,0.94470763,1.6447077,1.1647077,5.4947076,4.3347077,5.1647077,5.8247075,8.424707,3.0247076
-1.4852923,-0.08529236,-0.39529237,-2.1252923,-1.1252923,-2.0152924,-3.0752923,-1.5652924,-0.15529236,1.2047076,0.9647076,1.2547077,3.2547076,3.4247077,3.4047077,2.6047077,3.5047076,3.2447076,3.1247077,2.7147076,3.2247076,3.1147077,3.0147076,3.0547075,2.8347077,2.4747076,2.2447076,1.7647077,1.0847076,1.6847076,3.3247077,3.0947077,2.5147076,2.3447077,1.1947076,0.74470764,1.1847076,0.26470765,-1.1552924,1.2247076,0.46470764
-1.5352924,-1.0952923,-0.28529236,-0.62529236,-0.8552924,-0.89529234,-1.0652924,0.27470765,1.3447076,1.9647076,2.6247077,2.5647078,1.6247077,2.2547076,3.5347075,3.4647076,3.5647078,3.3547077,3.1747077,3.1947076,3.7347076,3.4347076,4.254708,3.0647078,2.9647076,3.5847077,3.0447075,3.2047076,3.5047076,3.2147076,3.0647078,3.9647076,3.3347077,2.1547077,1.0847076,0.27470765,-1.3952924,0.97470766,-0.34529236,0.43470764,0.30470765
1.9747076,0.84470767,0.50470763,0.59470767,-1.1452924,0.12470764,1.0647076,1.2847077,1.8047076,1.7647077,2.4047077,2.5747077,3.7047076,3.2747076,3.6747077,3.8447077,4.524708,4.2847075,3.4147077,3.7847075,3.6647077,3.4647076,3.4847076,3.3047075,2.8047075,3.4947076,2.7247076,3.4947076,3.6447077,3.6047077,3.5747077,3.5947077,3.7047076,1.9647076,2.3847077,-1.1952924,-0.74529237,0.19470765,-0.68529236,1.3047076,-0.81529236
0.15470764,-1.0952923,-1.7252923,0.07470764,1.6447077,0.93470764,1.8347076,1.6747077,1.9247077,1.9047077,1.6147076,3.4847076,2.9247077,2.7847075,3.2747076,2.7247076,3.4447076,5.044708,3.6547077,1.8447076,2.9947076,3.4647076,2.3547077,2.3347077,3.0347075,3.5247076,3.0547075,4.0847077,4.3047075,3.6547077,3.4447076,3.3847077,1.9147077,1.5647076,1.5347077,1.8547076,0.91470766,0.7647076,0.23470764,0.28470764,-0.21529236
0.5147076,0.9047077,-0.0052923583,0.67470765,0.41470763,1.5147077,1.4247077,1.2947077,2.5847077,2.0647078,0.66470766,3.4647076,2.4047077,3.6747077,2.7847075,3.2047076,4.0147076,3.1647077,-0.9152924,-0.75529236,0.25470763,2.1147077,1.6847076,2.0547075,3.9147077,3.8847077,4.0147076,3.6147077,3.6347077,3.2747076,3.3347077,3.2447076,2.9447076,2.0747077,2.1647077,2.2147076,2.1747077,0.69470763,1.9747076,0.87470764,-0.12529236
1.2847077,0.92470765,2.2247076,1.0447077,1.0347077,1.4747076,2.2447076,2.0947077,0.07470764,-0.8452923,0.92470765,1.7447076,2.0847077,0.60470766,1.6747077,2.6747077,1.9247077,1.2747077,2.1147077,3.1247077,2.7547076,2.2047076,2.5547075,2.7547076,2.5247076,2.1647077,2.4347076,2.4947076,2.5247076,2.9047077,3.2947075,3.2747076,2.6447077,2.7747076,2.5847077,2.2847075,2.6547077,2.1647077,1.2547077,1.3147076,0.67470765
0.44470763,1.5047077,1.7047076,1.8247076,2.5647078,2.0947077,-0.04529236,1.1347077,1.1747077,1.4047077,0.55470765,1.3447076,0.99470764,1.5347077,1.0047077,1.0847076,1.4047077,1.0347077,0.92470765,0.054707643,-0.65529233,0.32470763,1.3247076,1.3247076,2.1047077,1.9147077,2.1747077,2.6147077,2.4647076,2.2047076,2.6247077,2.8247077,2.8447077,2.7847075,3.0247076,3.8747077,3.0347075,4.9747076,4.3347077,2.4347076,1.3047076
