wind_kz.json
{"header": {"discipline":0,"disciplineName":"Meteorological products","gribEdition":2,"gribLength":1025,"center":7,"centerName":"US National Weather Service - NCEP(WMC)","subcenter":0,"refTime":"2023-09-23T06:00:00.000Z","significanceOfRT":1,"significanceOfRTName":"Start of forecast","productStatus":0,"productStatusName":"Operational products","productType":1,"productTypeName":"Forecast products","productDefinitionTemplate":0,"productDefinitionTemplateName":"Analysis/forecast at horizontal level/layer at a point in time","parameterCategory":2,"parameterCategoryName":"UnknownDiscipline_0_Category_2","parameterNumber":2,"parameterNumberName":"UnknownParameter_D0_C2_2","parameterUnit":"Unknown","genProcessType":2,"genProcessTypeName":"Forecast","forecastTime":0,"surface1Type":103,"surface1TypeName":"Specified height level above ground","surface1Value":10.0,"surface2Type":255,"surface2TypeName":"Missing","surface2Value":0.0,"gridDefinitionTemplate":0,"gridDefinitionTemplateName":"Latitude_Longitude","numberPoints":615,"shape":6,"shapeName":"Earth spherical with radius of 6,371,229.0 m","gridUnits":"degrees","resolution":48,"winds":"true","scanMode":64,"nx":41,"ny":15,"basicAngle":0,"lo1":47.0,"la1":41.0,"lo2":87.0,"la2":55.0,"dx":1.0,"dy":1.0}, "data":
[rows 0 to 14 of 15, columns 0 to 40 of 41]
-0.7312305,1.1487695,-2.4312305,-5.6512303,-7.2712307,-7.0912304,-6.6012306,-6.8812304,-7.1712303,-5.5512304,-5.2712307,-4.5312304,-3.9312305,-3.9012306,-4.0012302,-4.7112303,-4.8512306,-7.6312304,-7.3912306,-6.2512302,-4.1612306,-0.51123047,1.9687696,0.5087695,-2.2912304,-1.0012305,-0.16123047,-1.1712304,-0.51123047,1.4087695,2.3487694,1.3587695,0.77876955,-2.4312305,-5.4712305,-5.0012302,-5.9812303,-6.4712305,-6.5812306,-0.031230468,-0.6812305
-0.031230468,-3.3812304,-5.5712304,-7.6412306,-7.5012302,-6.3212304,-6.7412305,-7.9712305,-6.9012303,-6.1912303,-5.2912307,-4.9712305,-3.7212305,-3.8712304,-3.5412304,-4.5712304,-5.0512304,-5.1212306,-5.3612304,-6.1912303,-6.2112303,-3.0612304,1.2387695,2.4987695,-0.13123047,-1.3112304,0.52876955,0.01876953,2.7787695,0.02876953,0.36876953,1.3887695,0.45876953,1.2487695,-0.25123048,-1.9812305,-3.9612305,-2.2412305,-2.4312305,0.91876954,4.1887693
-5.4412303,-6.6512303,-7.7612305,-7.7912307,-7.7312303,-7.3812304,-6.8912306,-5.0712304,-5.6612306,-4.6012306,-4.7712307,-3.6512306,-3.1612306,-3.8812304,-4.1112304,-3.9612305,-4.2512302,-4.5312304,-5.0512304,-3.3512304,-2.8412304,-5.9612303,-6.6812305,-7.3112307,-3.0712304,-2.4112306,-1.2312305,-1.3112304,1.3587695,1.0087695,1.7287695,0.48876953,0.24876954,2.7687695,2.0087695,-1.1912304,0.078769535,-1.5312304,4.4087696,2.2287695,-1.1812304
-7.9912305,-9.01123,-7.8412304,-7.3612304,-5.5912304,-5.8612304,-4.4912305,-5.8712306,-4.9012303,-4.5312304,-3.8312304,-4.2912307,-3.5512304,-3.7812304,-3.5612304,-3.3612304,-3.7912304,-3.6112304,-3.4612305,-3.2412305,-2.9912305,-4.9412303,-1.4412304,-2.0412304,-2.1012304,-2.1112304,-0.83123046,0.7587695,0.6787695,1.5087695,1.6887696,3.7487695,4.1787696,2.7787695,1.3187696,0.26876953,1.6487695,0.8787695,0.118769534,1.6687695,1.1587695
-8.91123,-8.17123,-7.8812304,-7.2412305,-6.1612306,-6.0312304,-5.1812305,-5.2912307,-5.3212304,-4.6712303,-3.9412305,-3.9112306,-2.5412304,-2.8412304,-1.9712305,-2.1312304,-2.0712304,-1.3312305,-1.1312305,-0.6312305,-0.6712305,-0.41123047,-0.20123047,-0.49123046,1.5287695,2.3987696,3.5287695,3.1587696,3.6787696,3.5387695,3.1687696,3.0887694,4.4887695,2.3387694,-2.7212305,-0.47123048,4.0887694,0.41876954,1.5787696,6.8487697,7.2387695
-7.6212306,-6.9512305,-7.1712303,-7.2112303,-6.6912303,-6.7712307,-5.6212306,-4.6412306,-3.8812304,-3.2812304,-3.1312304,-2.0112305,-0.65123045,0.42876953,0.27876952,-0.35123047,-0.38123047,-0.48123047,-0.45123047,0.5087695,0.18876953,-0.42123047,1.0287695,2.9987695,3.7587695,4.7087693,6.0987697,3.2387695,7.9187694,6.5987697,6.2187696,6.3887696,7.0487695,6.8787694,5.7387695,1.3287696,6.6887693,7.3587694,9.78877,4.8787694,2.5987694
-5.6012306,-5.0012302,-5.1312304,-5.9212303,-5.8112307,-5.3412304,-5.0612307,-3.5912304,-2.7712305,-1.4412304,-0.96123046,-0.011230469,0.37876952,0.6787695,1.0387695,1.2387695,2.1787696,2.3887696,1.9187695,1.7087696,1.4187695,1.6587695,2.9787695,3.9887695,5.4587693,6.1387696,7.3387694,6.8687696,8.03877,8.138769,8.74877,9.58877,8.898769,9.24877,8.40877,5.3287697,4.4187694,2.1387696,4.1587696,0.09876953,0.71876955
-4.8612304,-5.5712304,-6.1812305,-5.2712307,-4.3712306,-3.6812305,-2.9412305,-1.8312305,-1.0912305,-0.14123046,0.5087695,1.5487695,0.08876953,0.97876954,0.84876955,2.1687696,2.2887695,2.5787694,2.2187696,2.6887696,3.8587694,3.4087696,4.1787696,4.7587695,5.8587694,5.9387693,6.4487696,7.1587696,7.3587694,7.4987698,7.3687696,10.218769,8.41877,8.91877,11.25877,11.228769,10.12877,4.6487694,6.6387696,6.8787694,6.8787694
-5.7812304,-5.4312305,-4.6712303,-4.1412306,-3.4512305,-2.5312304,-1.6712304,-0.8112305,0.04876953,0.34876955,0.05876953,-0.32123047,0.19876952,-0.48123047,0.42876953,0.36876953,0.98876953,1.3787695,1.9987695,3.2787695,4.9287696,4.2687697,3.4387696,3.9487696,4.0087695,4.4487696,2.6987696,4.3187695,5.2787695,3.9787695,4.3287697,5.7387695,7.6287694,8.968769,9.968769,7.3887696,9.69877,2.0487695,2.4087696,1.4887695,1.5787696
-4.7812304,-4.3812304,-3.7712305,-2.9512305,-1.8212304,-0.72123045,0.5587695,1.0687696,0.7687695,0.89876956,0.14876953,-0.25123048,0.18876953,-0.33123046,-0.9212305,-0.72123045,-1.2312305,-0.59123045,0.43876952,1.1687695,1.0387695,0.7487695,1.1487695,1.2287695,0.49876952,0.30876952,-2.2012305,-0.021230469,2.0387695,4.2687697,4.7287693,6.1387696,5.7787695,7.4387693,6.9087696,7.5587697,5.1887693,1.7887695,2.8987696,0.65876955,1.5287695
-3.4012306,-3.0212305,-2.1812305,-1.6312305,-1.2312305,1.0887696,1.3887695,1.3587695,0.9487695,0.5787695,0.6387695,-0.14123046,-0.77123046,-1.1212305,-1.6512305,-2.0312304,-2.4312305,-1.5612304,-1.3912305,-1.4912305,-0.9912305,-0.33123046,0.73876953,0.7587695,0.64876956,1.7287695,2.3887696,2.4887695,3.1487696,4.2287693,5.1387696,4.9387693,5.0587697,4.0587697,4.6687694,3.2487695,1.7087696,1.4887695,1.1887696,1.4087695,1.6687695
-0.9212305,0.23876953,0.5787695,1.0387695,1.2287695,0.8787695,0.6787695,0.89876956,0.9287695,0.89876956,0.66876954,-1.6112305,-1.6412305,-2.4812305,-2.0712304,-1.4912305,-1.5812305,-2.4312305,-1.8412305,-0.6712305,0.6887695,1.3287696,2.2687695,2.1287696,2.3287694,2.9787695,3.8587694,5.5287695,5.3587694,5.4687696,4.4787693,4.7187696,3.7087696,4.2387695,3.8087695,3.8387694,3.7787695,4.0587697,9.15877,5.8387694,3.8487694
0.65876955,2.2287695,1.6087695,1.3887695,0.8187695,0.6987695,0.96876955,0.6987695,0.5687695,-0.59123045,0.12876953,1.1287695,0.52876955,-1.5112305,-1.5712304,-0.8612305,-1.3912305,-1.4212304,-0.27123046,0.58876956,1.2887695,1.6887696,1.5987695,3.0987694,3.2387695,4.4187694,5.0587697,5.3887696,5.2487698,5.1787696,5.1687694,5.0687695,5.3387694,5.0087695,4.2687697,4.7787695,5.0987697,2.2787695,6.4887695,7.6187696,6.0687695
1.3387696,0.97876954,0.20876953,-0.051230468,-0.6312305,0.28876954,-0.07123047,-1.0112305,-0.9912305,-1.0112305,0.47876954,1.1487695,1.6787696,-1.6312305,-0.6712305,-0.09123047,-0.40123045,0.7487695,1.2887695,1.7287695,2.1187696,2.7587695,3.1787696,3.5287695,3.8987696,4.3687696,4.3487697,4.3087697,4.4587693,4.6487694,4.9187694,5.0287695,5.7087693,5.8687696,5.0287695,5.0587697,4.1087694,4.8687696,3.5087695,2.4587696,6.2887697
0.96876955,1.1987696,0.038769532,-1.2912304,-0.5612305,-0.8112305,-0.011230469,0.37876952,-1.1712304,-0.85123044,0.12876953,0.46876952,1.5587696,1.0987695,1.0987695,1.1687695,1.6987696,1.5687696,2.5787694,2.8987696,3.1387696,3.3487694,3.5287695,3.9287696,4.1487694,3.8987696,4.4987698,4.6787696,4.6887693,4.8287697,5.7387695,5.6487694,5.6487694,5.6287694,5.9887695,5.6887693,5.3887696,4.7987695,5.5487695,4.5287695,4.0687695
