wind_kz.json
{"header": {"discipline":0,"disciplineName":"Meteorological products","gribEdition":2,"gribLength":1025,"center":7,"centerName":"US National Weather Service - NCEP(WMC)","subcenter":0,"refTime":"2023-09-19T00:00:00.000Z","significanceOfRT":1,"significanceOfRTName":"Start of forecast","productStatus":0,"productStatusName":"Operational products","productType":1,"productTypeName":"Forecast products","productDefinitionTemplate":0,"productDefinitionTemplateName":"Analysis/forecast at horizontal level/layer at a point in time","parameterCategory":2,"parameterCategoryName":"UnknownDiscipline_0_Category_2","parameterNumber":3,"parameterNumberName":"UnknownParameter_D0_C2_3","parameterUnit":"Unknown","genProcessType":2,"genProcessTypeName":"Forecast","forecastTime":120,"surface1Type":103,"surface1TypeName":"Specified height level above ground","surface1Value":10.0,"surface2Type":255,"surface2TypeName":"Missing","surface2Value":0.0,"gridDefinitionTemplate":0,"gridDefinitionTemplateName":"Latitude_Longitude","numberPoints":615,"shape":6,"shapeName":"Earth spherical with radius of 6,371,229.0 m","gridUnits":"degrees","resolution":48,"winds":"true","scanMode":64,"nx":41,"ny":15,"basicAngle":0,"lo1":47.0,"la1":41.0,"lo2":87.0,"la2":55.0,"dx":1.0,"dy":1.0}, "data":
[rows 0 to 14 of 15, columns 0 to 40 of 41]
0.19973205,-2.330268,2.5997322,3.559732,2.579732,0.549732,-0.53026795,-0.60026795,-1.880268,-0.58026797,-3.340268,-2.350268,-2.940268,-3.590268,-4.2602677,-4.2802677,-4.630268,-4.300268,-5.620268,-1.8402679,-2.450268,-4.350268,1.959732,-0.74026793,-1.1902679,-0.8702679,-0.8802679,1.339732,0.6897321,-1.4302679,-2.760268,-3.8702679,0.72973204,2.3897321,2.709732,2.069732,0.6297321,0.35973206,-0.48026794,-0.510268,-0.97026795
4.2597322,2.489732,3.159732,3.989732,3.019732,1.519732,-1.370268,0.7497321,-0.47026795,-0.80026793,-1.770268,-3.1402678,-3.260268,-3.520268,-4.320268,-4.000268,-2.9002678,-4.7602677,-6.830268,-4.910268,-4.600268,-4.970268,-3.030268,1.2897321,-0.34026796,-1.0602679,-2.240268,-0.27026793,0.8697321,1.479732,3.229732,1.469732,-1.410268,-3.730268,-4.620268,-0.8802679,-1.2202679,-3.560268,-2.040268,-2.4002678,0.71973205
3.049732,6.139732,5.699732,3.739732,2.0997322,1.0297321,0.85973203,0.019732056,-0.12026794,-1.7102679,-2.550268,-2.100268,-3.540268,-3.350268,-3.740268,-3.560268,-3.170268,-3.9102678,-3.930268,-4.360268,-4.850268,-1.390268,-6.730268,-2.1602678,-1.540268,-0.26026794,0.27973205,0.069732055,0.95973206,2.909732,1.739732,1.229732,2.049732,-1.000268,0.18973206,3.069732,4.439732,1.0697321,1.4297321,-1.7202679,-0.38026795
2.8697321,4.4897323,4.129732,3.409732,0.60973203,0.18973206,0.88973206,1.379732,0.24973206,-0.8202679,-1.5802679,-2.740268,-4.7402678,-4.7602677,-3.830268,-4.2402678,-4.410268,-3.9102678,-4.170268,-4.980268,-4.930268,-2.990268,-1.790268,-4.130268,-3.670268,-3.9102678,-4.4902678,-3.490268,-2.8802679,-3.300268,-0.33026794,-0.5702679,0.65973204,-1.290268,0.84973204,-0.23026794,2.0997322,4.679732,6.529732,2.929732,3.189732
0.66973203,1.109732,2.3697321,1.5797321,2.189732,1.349732,0.6797321,0.85973203,0.27973205,-0.99026793,-1.620268,-2.300268,-2.250268,-3.4002678,-5.020268,-4.940268,-5.300268,-3.320268,-3.570268,-4.450268,-4.190268,-5.100268,-4.800268,-4.800268,-4.730268,-5.460268,-6.120268,-7.320268,-5.700268,-6.690268,-4.430268,-0.48026794,3.219732,3.949732,-0.66026795,0.18973206,0.56973207,0.17973205,1.739732,2.319732,3.1097322
-0.92026794,-0.96026796,0.07973205,0.82973206,3.059732,1.639732,1.0597321,-0.85026795,-0.85026795,-0.59026796,-0.24026795,-0.37026796,-2.570268,-4.860268,-5.000268,-4.910268,-5.120268,-3.020268,-3.4102678,-3.280268,-3.960268,-4.350268,-4.640268,-4.560268,-4.960268,-4.700268,-6.080268,-8.920268,-7.350268,-7.100268,-5.620268,-6.9902678,-5.580268,-5.690268,-2.520268,-6.730268,1.5597321,0.44973207,3.149732,1.119732,2.5897322
0.38973206,0.8797321,0.29973206,0.40973204,1.119732,1.009732,-0.12026794,-2.310268,-0.39026794,0.85973203,-0.23026794,-0.23026794,-1.360268,-3.210268,-3.8702679,-4.700268,-4.550268,-3.330268,-2.730268,-2.710268,-3.710268,-4.650268,-4.910268,-4.640268,-4.940268,-4.570268,-5.870268,-7.400268,-6.050268,-7.100268,-7.160268,-6.7402678,-8.000268,-8.060268,-4.410268,-2.6502678,1.5297321,1.639732,1.0497321,1.5797321,0.77973205
0.5597321,1.129732,1.2997321,0.78973204,0.95973206,0.23973206,-0.28026795,-0.32026795,1.5397321,1.219732,1.089732,0.96973205,-1.040268,-1.8202679,-3.330268,-3.420268,-3.6502678,-3.320268,-2.850268,-2.000268,-3.230268,-3.320268,-3.440268,-2.800268,-3.3802679,-3.810268,-4.900268,-5.290268,-5.670268,-5.7402678,-6.5302677,-6.470268,-6.650268,-8.550268,-5.850268,-6.370268,-2.840268,-3.070268,-1.2002679,0.37973204,-0.61026794
0.72973204,1.109732,0.7497321,0.83973205,0.019732056,-0.20026794,0.059732057,1.0397321,1.499732,2.989732,1.8297321,1.479732,0.83973205,-0.6202679,-1.790268,-2.920268,-2.810268,-2.670268,-2.6302679,-2.500268,-1.8502679,-2.9002678,-3.1602678,-2.3602679,-3.180268,-3.270268,-2.720268,-3.250268,-4.770268,-6.870268,-6.650268,-4.980268,-7.520268,-6.520268,-5.410268,-5.820268,-3.540268,-3.240268,2.019732,3.449732,2.439732
1.379732,1.139732,0.8797321,-0.24026795,0.08973206,-0.030267945,-0.700268,-1.490268,0.83973205,0.89973205,1.2797321,1.5297321,1.469732,0.41973206,-0.43026793,-1.880268,-2.250268,-2.810268,-2.4002678,-2.300268,-2.330268,-2.210268,-2.340268,-3.080268,-2.830268,-2.600268,-3.750268,-3.180268,-4.040268,-5.600268,-5.920268,-5.460268,-5.550268,-5.0302677,-4.410268,-3.800268,-1.250268,-1.990268,-0.19026795,-0.15026794,-0.33026794
1.249732,1.2797321,1.119732,0.66973203,0.38973206,0.51973206,-0.20026794,-1.360268,-0.42026794,1.1697321,0.72973204,1.1497321,1.5597321,0.91973203,-0.35026795,-1.1802679,-2.1102679,-2.580268,-2.520268,-2.6202679,-2.470268,-2.6602678,-2.6302679,-2.760268,-1.990268,-2.950268,-2.850268,-4.5102677,-4.480268,-3.930268,-4.700268,-4.5102677,-5.040268,-4.0102677,-4.460268,-4.180268,-2.330268,-1.4502679,-2.020268,-1.9302679,-1.7202679
0.24973206,0.59973204,1.499732,2.1297321,1.7997321,1.0297321,-0.60026795,-1.2202679,-1.120268,0.6197321,0.24973206,0.38973206,0.49973205,0.20973206,-0.74026793,-1.540268,-1.8202679,-2.3802679,-2.070268,-2.280268,-2.060268,-2.460268,-2.690268,-2.300268,-0.40026796,-1.290268,-3.790268,-3.4002678,-3.790268,-3.810268,-3.190268,-4.360268,-2.470268,-3.830268,-2.680268,-1.400268,-1.5902679,-1.3502679,0.069732055,-0.6302679,0.40973204
0.83973205,-0.110267945,0.88973206,1.0797321,1.0497321,0.6197321,-0.16026795,-0.46026793,-0.93026793,0.33973205,0.15973206,0.9997321,1.139732,-0.070267946,-0.700268,-1.380268,-1.410268,-1.120268,-1.380268,-1.8102679,-1.110268,-0.9402679,-0.77026796,-1.370268,-2.100268,-0.6902679,-2.690268,-3.560268,-2.680268,-2.730268,-2.000268,-2.230268,-2.330268,-3.510268,-1.870268,-2.070268,-1.8502679,-0.110267945,-0.25026795,-0.29026794,1.349732
2.469732,2.279732,2.939732,3.029732,1.3997321,1.229732,0.34973204,0.27973205,-0.39026794,-0.54026794,0.69973207,0.039732054,-0.38026795,0.48973206,-1.010268,-1.530268,-1.2102679,-0.66026795,-0.64026797,-0.97026795,-1.140268,-0.86026794,-0.67026794,-1.390268,-1.1002679,-1.8402679,-1.7002679,-1.110268,-2.230268,-3.220268,-3.070268,-3.260268,-1.8302679,-2.1102679,-1.640268,-2.350268,-0.73026794,-0.89026797,-0.85026795,-0.31026796,0.109732054
1.5797321,2.6397321,2.489732,3.059732,3.059732,2.049732,1.9497321,1.379732,0.94973207,0.069732055,-0.040267944,1.379732,1.4497321,-0.25026795,0.099732056,-0.8102679,-0.97026795,-0.93026793,-0.44026795,-0.42026794,-0.38026795,-0.48026794,-0.110267945,-0.65026796,-1.140268,-0.54026794,-1.360268,-1.660268,-1.250268,-1.860268,-2.210268,-4.020268,-2.090268,-2.100268,-1.270268,-1.3302679,-0.53026795,-1.730268,-1.3002679,0.58973205,0.7497321
