wind_kz.json
{"header": {"discipline":0,"disciplineName":"Meteorological products","gribEdition":2,"gribLength":1025,"center":7,"centerName":"US National Weather Service - NCEP(WMC)","subcenter":0,"refTime":"2023-09-19T00:00:00.000Z","significanceOfRT":1,"significanceOfRTName":"Start of forecast","productStatus":0,"productStatusName":"Operational products","productType":1,"productTypeName":"Forecast products","productDefinitionTemplate":0,"productDefinitionTemplateName":"Analysis/forecast at horizontal level/layer at a point in time","parameterCategory":2,"parameterCategoryName":"UnknownDiscipline_0_Category_2","parameterNumber":2,"parameterNumberName":"UnknownParameter_D0_C2_2","parameterUnit":"Unknown","genProcessType":2,"genProcessTypeName":"Forecast","forecastTime":60,"surface1Type":103,"surface1TypeName":"Specified height level above ground","surface1Value":10.0,"surface2Type":255,"surface2TypeName":"Missing","surface2Value":0.0,"gridDefinitionTemplate":0,"gridDefinitionTemplateName":"Latitude_Longitude","numberPoints":615,"shape":6,"shapeName":"Earth spherical with radius of 6,371,229.0 m","gridUnits":"degrees","resolution":48,"winds":"true","scanMode":64,"nx":41,"ny":15,"basicAngle":0,"lo1":47.0,"la1":41.0,"lo2":87.0,"la2":55.0,"dx":1.0,"dy":1.0}, "data":
[rows 0 to 14 of 15, columns 0 to 40 of 41]
-9.033203E-5,1.4999096,-1.0400903,-7.5800905,-3.5500903,-1.2700903,-6.2800903,-7.1200905,-7.0500903,-6.3300905,-5.9100904,-5.0900903,-4.0100904,-3.1700904,-2.3400903,0.089909665,0.54990965,0.6299097,0.61990964,1.7599096,2.9099097,1.1199096,5.0699096,4.72991,6.0099096,4.47991,4.3899097,5.07991,1.7599096,1.4599097,1.9099097,-0.8500903,-2.6700904,-3.5100904,-5.8300905,-2.5300903,-2.9800904,-0.060090333,1.8499097,-4.5400906,4.0699096
-0.16009033,-2.6500902,-9.91009,-7.2200904,-2.7300904,1.1199096,-5.38009,-5.21009,-4.7900906,-3.8400903,-1.7000903,-1.7000903,-3.1300902,-1.9300903,-1.9700904,0.5299097,0.22990967,0.7099097,3.1299098,1.6699097,2.9899096,2.3099096,3.6899097,2.6299098,2.4299097,-0.47009033,1.7499096,3.3599098,3.9399097,2.5299096,0.71990967,0.97990966,-0.8000903,-1.4400903,-0.95009035,-1.5000904,0.6499097,2.1199098,1.2399096,1.6399096,3.6099098
-5.4300904,-7.44009,-8.590091,-6.3000903,-2.3800902,-3.6300902,-3.3000903,-2.7300904,-2.4400904,-2.0500903,-1.3300903,0.12990966,-2.0700903,-0.090090334,-1.4800904,3.8499098,1.5099096,1.0199096,1.1799097,1.0799097,-0.07009033,7.0699096,6.9399095,4.84991,1.0599097,-1.1700903,0.71990967,0.60990965,-0.95009035,-1.8200903,-0.21009034,-3.1200902,0.33990967,-1.6900903,-2.0000904,-0.30009034,-0.040090334,-0.90009034,5.51991,4.3899097,-0.9300903
-8.10009,-8.550091,-6.96009,-2.7600904,3.6599097,-2.9900904,-1.7000903,-1.5100904,-0.120090336,0.96990967,-0.51009035,-5.2400904,-2.3000903,-2.2100904,1.8299097,3.3699098,1.3799096,3.1799097,4.4099097,1.3199097,4.9299097,-0.30009034,3.2799096,-0.38009033,2.8599098,-1.5500903,-0.24009033,0.22990967,-1.8200903,-2.3200903,0.67990965,1.5799097,3.4399097,0.8299097,1.7099097,0.41990966,1.1199096,1.4599097,-0.22009033,-0.77009034,0.7099097
-8.18009,-7.3300905,-5.8200903,-4.9100904,-3.1700904,-1.2700903,-0.42009032,0.6299097,1.3899096,2.4399097,2.0699096,-6.7900906,-4.3300905,-1.2300904,3.3499098,-0.37009034,2.2599096,1.9999096,2.4199097,1.6599097,2.3299096,2.2799096,2.4399097,2.4499097,3.2599096,1.7999097,2.3899097,-1.1400903,1.5799097,-0.9800903,1.5899097,2.2799096,2.8199096,1.8499097,-3.4900904,-2.6800904,-0.24009033,-1.8300903,0.92990965,2.6099098,-0.15009034
-5.77009,-5.13009,-4.17009,-3.8000903,-3.0300903,-1.2900903,2.1999097,2.0099096,1.2899097,-0.05009033,-0.14009033,-1.0000904,2.0899096,-0.5400903,0.49990967,0.35990965,1.2799096,0.10990967,1.5299096,2.7099097,3.2999096,-0.33009034,0.79990965,-1.0800903,-2.9200904,0.7099097,0.30990967,-1.4300903,0.7599097,2.4999096,3.4099097,3.7499096,4.34991,4.4399095,1.4699097,1.5399097,0.90990967,2.0499096,7.47991,2.6599097,-3.0700903
-3.4400904,-4.1000905,-1.6700903,-2.0600903,0.26990968,-0.8700903,0.18990967,0.47990966,1.8199097,1.9399097,-1.3100903,-2.1600904,-1.5900903,-1.6000904,-1.1700903,-0.88009036,-0.6000903,0.09990967,-0.18009034,0.80990964,1.9799097,0.16990967,-1.9500903,-2.9600904,-2.9700904,-2.1400902,-3.2900903,-3.6900904,-0.76009035,-1.8800904,-1.4100903,-1.3400903,-0.8000903,3.8299096,4.1999097,1.0299096,1.1999097,1.3599097,3.4799097,-0.32009032,1.2499096
-2.3500903,-2.6400902,-2.0600903,-1.7900903,-1.6800903,-0.6700903,-0.96009034,-0.59009033,-0.8500903,-2.4100904,-2.0500903,-1.4000903,-1.4800904,-1.3500904,-1.5000904,-2.2800903,-0.26009032,-2.0200903,-1.3200903,-1.2800903,-0.43009034,-4.48009,-5.1000905,-1.3300903,-3.4800904,-1.8700904,-1.0400903,-2.4100904,-1.3100903,-0.7400903,-1.5100904,-0.030090332,-2.6300902,-0.26009032,2.1799097,5.0899096,1.5099096,3.2699096,5.2799096,1.7199097,1.9099097
-1.8600904,-1.9100903,-1.4200903,-0.9300903,-1.2700903,-0.83009034,-1.5500903,-1.4400903,-1.2900903,-1.6500903,-1.0400903,-0.65009034,-0.6600903,-0.37009034,-0.40009034,-0.48009032,-0.040090334,-1.3500904,-1.1600903,-2.0300903,-2.3600903,-2.4700904,-1.1300904,-2.9900904,-0.6600903,-1.8600904,-1.3500904,-0.6100903,-0.17009033,-0.63009036,-2.2500904,-1.5600903,1.7599096,0.54990965,0.5699097,1.3199097,1.0399097,1.8799096,0.25990966,0.26990968,0.71990967
-0.44009033,-0.70009035,-1.4000903,0.15990967,-0.36009035,-0.5600903,-0.40009034,-1.8900903,-1.6300904,-1.0200903,-0.40009034,-0.18009034,0.7699097,0.8799097,0.6399097,0.5099097,-0.64009035,-1.0900903,-1.0900903,-0.9700903,-2.8900902,-1.1400903,-1.2300904,-1.5100904,-1.5000904,-0.9300903,0.07990967,-1.9400903,0.54990965,-0.020090332,-0.090090334,0.019909669,-0.64009035,1.7299097,0.86990964,-2.9400904,0.33990967,-0.75009036,0.07990967,0.21990967,-0.88009036
1.8699096,2.1199098,0.67990965,0.92990965,1.7599096,1.5899097,1.1599097,1.5199096,1.6699097,1.3199097,1.5099096,1.7499096,1.6999097,1.5499097,1.4399097,1.6699097,1.5799097,0.39990968,0.11990967,-1.3300903,-2.1300902,-0.42009032,-0.89009035,-0.6600903,-0.15009034,-0.36009035,0.12990966,-0.38009033,0.49990967,0.90990967,-1.4000903,1.4799097,1.1699097,0.9599097,3.3399096,-0.8500903,-1.0500903,0.009909668,0.59990966,0.049909666,-1.1300904
2.6299098,2.0699096,2.6799097,3.0199096,2.8099096,2.5899096,2.5199096,3.0199096,2.4599097,2.6799097,3.3499098,4.3999095,3.0199096,3.5699096,3.1199098,3.0299096,2.7599096,2.8899097,2.6599097,1.7999097,1.8599097,1.2299097,1.4399097,1.1899097,0.79990965,1.4299097,-0.10009033,0.6899097,1.2099097,0.8899097,0.86990964,0.80990964,1.0499097,-0.47009033,0.8999097,-1.3600904,-0.59009033,0.09990967,0.49990967,-0.29009032,0.84990966
3.2399096,3.7599096,2.9299097,4.36991,3.5599096,2.9499097,3.3899097,4.2199097,4.72991,3.5199096,2.5699096,3.4599097,3.4799097,3.2199097,3.6899097,3.2299097,3.5099096,3.4099097,2.9899096,3.1899097,2.8999097,3.2199097,2.6099098,2.5199096,2.9499097,3.5899096,2.9999096,3.2399096,1.3899096,1.8799096,1.2899097,1.2599096,0.48990968,-0.9200903,0.24990967,0.8199097,0.49990967,1.0599097,0.9499097,1.2399096,0.029909668
2.1799097,4.9399095,4.5899096,5.1899095,5.09991,4.1099095,5.0299096,4.6999097,4.5499096,3.8499098,2.5199096,3.4799097,5.0099096,3.0999098,3.4099097,3.6099098,3.9199097,3.7999096,3.9699097,4.28991,4.2599096,3.7699096,3.8099096,3.5699096,3.7899096,4.1799097,4.2799096,4.2599096,3.6199098,3.5399096,3.1499097,0.31990966,3.1099098,1.8099097,-1.1000904,1.7599096,-0.95009035,1.3199097,1.8199097,-1.0900903,0.74990964
-0.060090333,-1.5200903,1.9899096,7.1899095,6.0099096,5.6499095,5.4099097,5.1899095,5.24991,4.5699096,2.0199096,4.6099095,3.3899097,3.1599097,3.3499098,4.30991,4.9599094,4.9399095,4.8399096,5.3399096,5.4599094,5.26991,4.6899095,4.74991,4.6399097,4.24991,4.1299095,4.1899095,3.3199096,3.6799097,3.8699098,3.1999097,4.2399096,2.6699097,1.6499096,1.3299097,1.6699097,2.1099098,-0.040090334,1.0799097,0.71990967
