wind_kz.json
{"header": {"discipline":0,"disciplineName":"Meteorological products","gribEdition":2,"gribLength":1025,"center":7,"centerName":"US National Weather Service - NCEP(WMC)","subcenter":0,"refTime":"2023-10-03T12:00:00.000Z","significanceOfRT":1,"significanceOfRTName":"Start of forecast","productStatus":0,"productStatusName":"Operational products","productType":1,"productTypeName":"Forecast products","productDefinitionTemplate":0,"productDefinitionTemplateName":"Analysis/forecast at horizontal level/layer at a point in time","parameterCategory":2,"parameterCategoryName":"UnknownDiscipline_0_Category_2","parameterNumber":3,"parameterNumberName":"UnknownParameter_D0_C2_3","parameterUnit":"Unknown","genProcessType":2,"genProcessTypeName":"Forecast","forecastTime":180,"surface1Type":103,"surface1TypeName":"Specified height level above ground","surface1Value":10.0,"surface2Type":255,"surface2TypeName":"Missing","surface2Value":0.0,"gridDefinitionTemplate":0,"gridDefinitionTemplateName":"Latitude_Longitude","numberPoints":615,"shape":6,"shapeName":"Earth spherical with radius of 6,371,229.0 m","gridUnits":"degrees","resolution":48,"winds":"true","scanMode":64,"nx":41,"ny":15,"basicAngle":0,"lo1":47.0,"la1":41.0,"lo2":87.0,"la2":55.0,"dx":1.0,"dy":1.0}, "data":
[rows 0 to 14 of 15, columns 0 to 40 of 41]
-2.47987,-1.52987,1.66013,12.640129,5.90013,4.22013,2.45013,1.83013,-0.47987,-1.05987,-3.85987,-3.33987,-4.13987,-4.01987,-4.20987,-3.66987,0.65013003,0.19013001,0.16013001,0.15013,-1.66987,0.77013,1.33013,-1.51987,-1.11987,-1.10987,-1.05987,0.070130005,3.19013,2.27013,-1.90987,-3.82987,0.84013003,-1.11987,3.20013,0.82013,-0.79987,-0.14987,-0.33987,2.46013,0.62013
5.94013,-1.48987,4.17013,8.89013,8.12013,4.98013,-0.21987,2.44013,1.17013,-0.28987,-1.50987,-3.54987,-4.05987,-4.48987,-5.83987,-5.41987,1.28013,0.040130004,1.36013,1.98013,0.13013001,-1.72987,-0.33987,1.34013,-0.45986998,-1.49987,-1.94987,0.70013,-0.12987,1.60013,3.02013,3.00013,0.30013,-2.81987,-3.61987,-0.59986997,-1.30987,-2.81987,-0.72987,-0.18987,0.50013
1.28013,6.01013,5.65013,6.74013,5.45013,2.36013,1.64013,1.91013,1.88013,0.30013,-1.69987,-2.40987,-3.64987,-4.51987,-5.25987,-5.90987,-4.72987,-2.91987,-1.18987,-2.14987,2.04013,-0.059869993,-1.24987,-0.22986999,1.40013,1.10013,1.15013,0.64013,-0.09987,2.04013,2.23013,1.42013,2.25013,-1.00987,-0.81987,2.28013,0.99013,-0.109869994,-0.95987,-0.34987,0.33013
4.03013,6.79013,7.21013,7.62013,3.49013,4.39013,4.08013,2.90013,2.52013,1.35013,-0.39987,-1.88987,-4.51987,-5.77987,-4.53987,-5.05987,-5.57987,-4.86987,-4.45987,-4.65987,-1.08987,1.36013,-0.13986999,1.16013,-0.16986999,1.99013,2.21013,-0.49987,3.57013,3.79013,4.76013,-0.77987,-1.81987,-1.61987,-1.34987,-1.85987,-0.13986999,2.38013,-0.17987,1.88013,0.54013
5.38013,8.52013,8.10013,6.40013,4.46013,3.02013,2.40013,3.41013,2.80013,1.42013,0.24013,-0.47987,-2.52987,-4.64987,-5.54987,-4.65987,-5.04987,-5.51987,-5.05987,-5.48987,-4.31987,-2.9398699,-1.08987,1.48013,0.94013,0.74013,0.95013,0.55013,0.28013,2.51013,1.83013,1.39013,2.86013,2.17013,-0.049869996,-0.91987,-1.04987,0.16013001,-0.59986997,-0.98987,0.85013
2.84013,2.62013,8.79013,7.83013,7.70013,7.20013,3.08013,3.14013,2.30013,2.01013,0.71013,-0.40987,-2.32987,-3.00987,-3.34987,-3.52987,-4.57987,-5.45987,-6.54987,-4.98987,-4.75987,-4.55987,-4.43987,1.45013,2.87013,3.45013,2.65013,1.52013,-0.13986999,1.42013,1.89013,1.43013,1.69013,0.23013,2.05013,-1.33987,2.21013,1.39013,-3.06987,-1.89987,-0.90986997
7.69013,4.58013,3.93013,3.67013,5.74013,2.28013,3.12013,2.87013,2.52013,2.05013,1.33013,0.64013,-0.25987,-1.47987,-1.65987,-2.61987,-3.41987,-4.11987,-5.20987,-4.41987,-5.63987,-5.64987,-5.69987,-5.13987,1.41013,2.65013,2.04013,2.8101301,1.13013,1.19013,1.44013,0.90013003,0.10013001,0.75013,-0.54987,-0.88987,-1.88987,1.04013,-0.34987,0.31013,-0.92987
8.93013,7.57013,5.81013,4.10013,3.58013,3.8101301,3.00013,2.67013,2.41013,2.12013,1.85013,1.51013,-0.07986999,-0.66987,-2.25987,-1.70987,-2.31987,-3.03987,-3.85987,-3.84987,-4.46987,-5.28987,-6.27987,-5.78987,-4.90987,-1.59987,4.09013,3.32013,3.34013,2.88013,1.83013,2.70013,1.89013,1.6201301,2.05013,1.33013,-0.22986999,0.26013002,-0.20987,0.110130005,-0.79987
6.95013,6.29013,6.03013,4.70013,3.87013,3.27013,2.88013,2.45013,2.36013,2.80013,2.50013,1.90013,1.38013,-0.49987,-1.80987,-2.03987,-1.52987,-1.35987,-2.54987,-2.99987,-2.05987,-3.51987,-4.82987,-5.58987,-5.22987,-5.60987,-3.51987,0.66013,4.08013,3.29013,4.24013,4.25013,5.11013,3.86013,3.39013,1.70013,-1.06987,1.83013,2.61013,1.86013,0.53013
6.41013,7.67013,6.41013,5.90013,4.24013,3.63013,3.21013,3.13013,3.20013,3.02013,2.97013,2.61013,2.03013,0.63013,-0.24987,-1.30987,-1.92987,-1.60987,-2.04987,-2.04987,-2.48987,-2.37987,-2.49987,-2.97987,-4.23987,-5.08987,-3.54987,-4.10987,-3.52987,-0.08987,3.08013,5.69013,6.53013,4.83013,3.59013,3.07013,1.27013,-0.16986999,2.16013,3.23013,2.85013
5.82013,5.27013,4.52013,3.88013,3.46013,3.69013,3.69013,3.29013,3.08013,2.38013,2.44013,2.53013,1.98013,2.05013,1.16013,0.58013,1.3000489E-4,-1.34987,-0.98987,-1.46987,-0.59986997,-0.93987,-1.29987,-1.65987,-1.48987,-1.95987,-3.58987,-4.10987,-4.68987,-5.71987,-7.01987,-5.83987,3.10013,4.63013,5.66013,3.63013,2.12013,2.12013,3.05013,1.39013,0.62013
3.91013,3.94013,2.94013,2.92013,3.16013,2.98013,2.3101301,2.58013,2.15013,2.23013,2.23013,1.71013,2.20013,2.29013,1.71013,1.65013,1.86013,1.3701301,1.02013,1.00013,0.72013,0.61013,1.05013,0.37013,0.27013,-0.68987,-1.1298699,-2.83987,-3.73987,-3.96987,-4.02987,-4.95987,-1.17987,3.57013,4.33013,5.65013,5.78013,4.14013,3.51013,1.55013,1.04013
2.12013,1.75013,2.51013,2.50013,2.38013,1.85013,2.00013,3.01013,3.24013,2.57013,1.79013,1.41013,2.57013,2.71013,2.29013,2.15013,2.21013,2.0601301,1.92013,1.8701301,2.29013,2.18013,1.82013,1.66013,1.20013,0.76013,-0.30987,-1.07987,-1.68987,-2.05987,-2.99987,-3.62987,-5.34987,3.18013,4.57013,5.52013,5.19013,3.80013,3.95013,2.90013,1.32013
1.96013,1.89013,2.5601301,2.78013,2.21013,2.76013,2.61013,2.94013,2.82013,3.15013,2.21013,1.32013,2.43013,3.34013,3.25013,3.01013,2.46013,2.34013,2.11013,2.28013,2.23013,2.54013,1.91013,1.68013,1.40013,0.89013,0.62013,0.040130004,-0.30987,-0.98987,-2.19987,-1.54987,-3.31987,-3.52987,3.33013,4.55013,3.75013,4.12013,3.32013,3.62013,2.72013
1.31013,2.50013,2.57013,2.94013,3.54013,3.41013,3.50013,3.79013,4.03013,3.99013,3.17013,3.44013,2.26013,1.89013,3.85013,3.95013,3.57013,3.12013,2.76013,2.70013,2.02013,2.45013,2.34013,1.55013,1.22013,1.24013,1.50013,0.85013,0.53013,-0.15987,-1.42987,-2.42987,-0.039869994,-0.99987,3.32013,5.65013,6.29013,6.08013,5.07013,5.45013,1.54013
