wind_kz.json
{"header": {"discipline":0,"disciplineName":"Meteorological products","gribEdition":2,"gribLength":948,"center":7,"centerName":"US National Weather Service - NCEP(WMC)","subcenter":0,"refTime":"2023-08-19T00:00:00.000Z","significanceOfRT":1,"significanceOfRTName":"Start of forecast","productStatus":0,"productStatusName":"Operational products","productType":1,"productTypeName":"Forecast products","productDefinitionTemplate":0,"productDefinitionTemplateName":"Analysis/forecast at horizontal level/layer at a point in time","parameterCategory":0,"parameterCategoryName":"UnknownDiscipline_0_Category_0","parameterNumber":0,"parameterNumberName":"UnknownParameter_D0_C0_0","parameterUnit":"Unknown","genProcessType":2,"genProcessTypeName":"Forecast","forecastTime":60,"surface1Type":1,"surface1TypeName":"Ground or water surface","surface1Value":0.0,"surface2Type":255,"surface2TypeName":"Missing","surface2Value":0.0,"gridDefinitionTemplate":0,"gridDefinitionTemplateName":"Latitude_Longitude","numberPoints":615,"shape":6,"shapeName":"Earth spherical with radius of 6,371,229.0 m","gridUnits":"degrees","resolution":48,"winds":"true","scanMode":64,"nx":41,"ny":15,"basicAngle":0,"lo1":47.0,"la1":41.0,"lo2":87.0,"la2":55.0,"dx":1.0,"dy":1.0}, "data":
[rows 0 to 14 of 15, columns 0 to 40 of 41]
318.98453,302.1845,311.28452,300.6845,301.48453,300.98453,312.08453,323.58453,321.48453,320.48453,318.28452,318.1845,317.78452,317.78452,317.38452,317.38452,316.58453,315.6845,315.38452,317.08453,320.58453,315.48453,314.58453,310.28452,312.48453,315.48453,310.6845,296.38452,289.58453,290.78452,291.38452,293.58453,304.1845,311.78452,313.6845,312.78452,313.1845,312.6845,311.48453,311.48453,310.48453
290.08453,309.28452,300.1845,301.1845,302.28452,299.6845,325.38452,322.28452,320.38452,319.78452,319.38452,317.48453,316.08453,313.08453,304.38452,314.98453,316.1845,319.6845,314.6845,312.78452,320.1845,316.08453,314.08453,304.88452,294.1845,293.78452,304.98453,295.1845,298.88452,288.88452,293.1845,285.88452,290.38452,272.08453,290.6845,304.38452,303.58453,304.58453,310.48453,302.48453,286.28452
313.58453,300.1845,301.08453,302.08453,300.38452,318.48453,319.6845,321.38452,319.38452,317.98453,317.28452,316.08453,315.28452,314.08453,316.38452,315.6845,315.38452,315.88452,314.38452,310.6845,320.28452,315.6845,317.58453,310.98453,313.88452,312.48453,312.88452,311.78452,309.78452,296.88452,287.08453,288.78452,297.1845,295.98453,291.58453,285.78452,288.08453,289.78452,291.48453,285.28452,284.28452
315.78452,301.08453,301.48453,301.38452,303.1845,320.38452,320.58453,320.28452,320.1845,318.58453,317.88452,315.38452,296.78452,296.1845,310.88452,312.48453,313.48453,315.78452,318.1845,309.48453,309.6845,313.48453,315.08453,315.28452,314.6845,313.98453,314.28452,310.78452,309.38452,309.6845,310.48453,307.1845,311.08453,310.88452,309.58453,303.58453,289.28452,288.38452,290.78452,302.1845,305.6845
318.88452,302.08453,302.6845,302.6845,308.58453,319.48453,323.1845,322.28452,318.88452,317.98453,318.08453,314.58453,297.58453,296.38452,292.58453,303.88452,316.08453,313.58453,314.58453,310.08453,314.48453,310.98453,315.08453,315.58453,314.88452,313.78452,310.1845,305.1845,311.48453,309.98453,311.58453,308.48453,295.08453,286.1845,295.78452,305.38452,303.48453,311.88452,310.6845,309.78452,309.1845
319.88452,315.6845,299.28452,300.78452,304.28452,301.78452,321.6845,321.28452,318.98453,317.28452,316.38452,312.6845,298.98453,296.88452,298.38452,301.38452,305.1845,305.28452,306.38452,309.1845,309.58453,313.58453,313.58453,313.08453,313.58453,311.1845,311.28452,295.08453,311.88452,311.98453,309.6845,309.58453,308.1845,306.48453,303.48453,301.38452,296.6845,299.08453,307.78452,308.58453,307.38452
319.98453,319.1845,309.78452,316.08453,307.78452,317.58453,311.08453,320.98453,319.98453,316.48453,315.6845,315.98453,318.1845,312.98453,311.28452,302.38452,307.28452,304.58453,304.08453,306.78452,307.38452,310.58453,312.1845,313.48453,311.78452,311.28452,311.28452,313.58453,312.1845,312.1845,310.58453,310.1845,309.98453,309.38452,306.98453,303.98453,297.48453,293.1845,290.78452,290.58453,301.28452
321.08453,319.28452,321.38452,319.28452,313.28452,320.58453,320.1845,319.58453,316.58453,314.88452,314.28452,313.48453,312.28452,316.48453,311.1845,309.1845,306.1845,306.1845,305.58453,303.6845,305.38452,308.08453,311.38452,312.28452,311.38452,307.98453,307.28452,309.58453,307.98453,308.58453,307.28452,307.28452,305.78452,301.1845,301.88452,304.6845,305.88452,290.28452,302.78452,303.58453,300.58453
313.88452,315.6845,312.28452,312.48453,317.88452,316.78452,315.6845,304.78452,317.88452,313.48453,311.48453,311.38452,313.1845,315.08453,309.6845,310.48453,310.78452,306.28452,306.48453,305.48453,307.38452,308.98453,310.1845,305.58453,308.48453,307.28452,304.28452,304.1845,302.38452,300.78452,302.58453,301.6845,302.08453,302.28452,301.6845,298.98453,298.78452,297.78452,287.48453,286.1845,287.28452
316.08453,305.98453,313.48453,312.08453,315.28452,314.88452,305.58453,314.38452,315.48453,312.58453,309.38452,308.1845,309.38452,310.6845,311.98453,312.38452,309.38452,309.98453,310.28452,309.58453,309.6845,306.58453,311.6845,310.1845,309.1845,306.6845,306.78452,305.08453,302.38452,301.38452,302.38452,303.78452,304.38452,303.6845,302.48453,299.1845,296.48453,291.78452,287.78452,287.98453,285.48453
310.88452,311.28452,311.6845,312.28452,310.98453,310.88452,312.1845,313.08453,311.1845,308.38452,307.88452,307.48453,309.08453,306.88452,307.58453,309.38452,309.88452,310.78452,303.1845,310.08453,310.48453,301.48453,308.38452,304.48453,306.1845,305.6845,302.6845,303.78452,303.28452,303.88452,303.98453,305.08453,303.08453,301.38452,299.78452,296.78452,290.38452,288.38452,289.58453,286.88452,288.48453
304.98453,309.1845,309.1845,310.48453,305.28452,307.6845,302.38452,308.78452,307.58453,306.78452,304.78452,304.38452,305.6845,303.88452,303.6845,303.78452,304.88452,305.48453,304.78452,306.98453,303.28452,299.38452,303.48453,305.48453,303.78452,304.78452,304.98453,305.58453,301.58453,303.78452,300.1845,301.28452,299.58453,296.38452,296.88452,296.28452,295.1845,294.6845,292.48453,293.08453,293.58453
295.6845,295.38452,306.38452,307.28452,303.38452,304.08453,304.28452,297.48453,291.88452,291.98453,298.08453,298.38452,301.08453,299.58453,299.88452,300.58453,300.08453,297.6845,302.98453,302.28452,299.48453,291.98453,291.1845,298.6845,304.08453,303.38452,303.38452,301.88452,301.78452,300.28452,300.58453,299.08453,298.1845,296.78452,294.6845,292.6845,291.98453,294.58453,293.1845,293.38452,291.28452
298.38452,299.08453,297.28452,301.08453,295.98453,295.98453,287.78452,286.88452,287.48453,287.28452,286.48453,284.48453,291.78452,296.98453,296.1845,296.28452,296.88452,296.88452,296.08453,300.48453,297.58453,294.1845,292.78452,295.6845,302.38452,301.58453,300.1845,299.1845,298.1845,297.1845,296.38452,296.48453,294.48453,292.1845,290.6845,291.08453,290.58453,290.28452,290.28452,289.38452,290.6845
294.88452,296.6845,291.98453,292.28452,296.38452,293.28452,293.1845,293.78452,292.28452,290.48453,290.98453,291.6845,292.38452,293.88452,296.48453,293.48453,294.38452,298.08453,293.58453,293.08453,294.58453,292.58453,290.88452,292.6845,295.1845,298.38452,296.38452,297.38452,294.78452,293.88452,292.1845,290.38452,292.1845,290.1845,291.78452,290.78452,292.08453,291.08453,290.98453,291.88452,290.58453
