wind_kz.json
{"header": {"discipline":0,"disciplineName":"Meteorological products","gribEdition":2,"gribLength":871,"center":7,"centerName":"US National Weather Service - NCEP(WMC)","subcenter":0,"refTime":"2024-02-01T06:00:00.000Z","significanceOfRT":1,"significanceOfRTName":"Start of forecast","productStatus":0,"productStatusName":"Operational products","productType":1,"productTypeName":"Forecast products","productDefinitionTemplate":0,"productDefinitionTemplateName":"Analysis/forecast at horizontal level/layer at a point in time","parameterCategory":0,"parameterCategoryName":"UnknownDiscipline_0_Category_0","parameterNumber":0,"parameterNumberName":"UnknownParameter_D0_C0_0","parameterUnit":"Unknown","genProcessType":2,"genProcessTypeName":"Forecast","forecastTime":180,"surface1Type":1,"surface1TypeName":"Ground or water surface","surface1Value":0.0,"surface2Type":255,"surface2TypeName":"Missing","surface2Value":0.0,"gridDefinitionTemplate":0,"gridDefinitionTemplateName":"Latitude_Longitude","numberPoints":615,"shape":6,"shapeName":"Earth spherical with radius of 6,371,229.0 m","gridUnits":"degrees","resolution":48,"winds":"true","scanMode":64,"nx":41,"ny":15,"basicAngle":0,"lo1":47.0,"la1":41.0,"lo2":87.0,"la2":55.0,"dx":1.0,"dy":1.0}, "data":
[rows 0 to 14 of 15, columns 0 to 40 of 41]
280.6483,272.04828,278.9483,280.4483,280.6483,281.9483,281.4483,282.3483,280.4483,280.9483,280.1483,280.04828,279.8483,279.4483,279.3483,279.4483,279.6483,279.3483,280.54828,280.1483,280.8483,280.54828,279.3483,275.2483,274.1483,276.04828,269.7483,252.64828,251.8483,251.44829,252.8483,251.8483,257.6483,269.1483,270.4483,270.04828,269.9483,270.3483,270.7483,270.4483,270.54828
260.1483,280.54828,280.1483,280.04828,280.6483,281.1483,281.04828,280.8483,280.54828,280.1483,280.04828,279.2483,279.4483,279.3483,279.6483,279.1483,280.1483,280.4483,279.9483,280.8483,280.2483,278.8483,277.2483,268.2483,249.8483,250.24829,261.3483,252.14828,254.64828,249.74829,259.3483,243.8483,260.1483,238.5483,248.94829,257.9483,256.6483,266.6483,269.04828,263.1483,267.9483
280.4483,278.3483,279.9483,280.3483,280.4483,279.3483,279.4483,280.4483,279.04828,278.54828,278.2483,278.3483,278.54828,278.4483,275.1483,273.6483,275.9483,274.54828,275.3483,275.04828,276.2483,277.6483,276.54828,267.2483,274.9483,271.2483,271.8483,272.1483,271.3483,261.1483,254.94829,256.2483,257.7483,256.8483,255.5483,262.3483,253.94829,249.24829,249.24829,253.74829,250.64828
278.6483,275.6483,277.7483,279.1483,279.04828,278.54828,279.8483,278.1483,279.1483,277.4483,276.6483,275.8483,281.2483,281.9483,276.54828,273.2483,273.6483,272.9483,272.8483,273.6483,274.7483,269.7483,273.9483,273.3483,272.7483,272.7483,272.54828,270.9483,270.8483,271.3483,268.2483,269.8483,271.6483,268.1483,262.3483,264.8483,259.04828,253.44829,263.04828,255.8483,258.2483
277.8483,272.4483,271.4483,272.1483,274.6483,277.6483,276.04828,278.2483,277.04828,274.4483,273.8483,274.7483,279.1483,279.1483,278.3483,273.2483,272.9483,273.3483,272.3483,271.8483,272.04828,273.9483,273.2483,272.8483,273.1483,272.6483,272.3483,272.54828,272.4483,273.3483,272.7483,273.2483,266.2483,256.54828,264.3483,256.4483,257.9483,258.3483,257.4483,256.6483,257.2483
278.9483,279.1483,273.04828,272.9483,272.8483,272.54828,274.6483,276.1483,274.8483,274.6483,273.2483,273.3483,278.3483,279.2483,274.3483,274.1483,273.2483,273.54828,272.9483,271.7483,272.9483,273.2483,273.1483,272.3483,271.8483,271.3483,271.3483,271.54828,271.4483,271.3483,271.04828,271.7483,271.7483,271.3483,271.9483,266.2483,265.4483,263.8483,259.54828,256.2483,258.3483
279.6483,279.6483,281.04828,281.3483,276.6483,277.04828,276.8483,273.8483,273.54828,273.54828,273.2483,273.2483,273.2483,273.2483,273.2483,273.3483,273.2483,273.2483,273.2483,273.1483,272.9483,271.9483,269.3483,269.6483,268.4483,267.1483,266.8483,267.54828,267.2483,266.9483,264.8483,265.8483,268.04828,270.1483,267.8483,269.2483,265.4483,262.6483,263.4483,262.3483,261.8483
278.4483,277.54828,276.2483,277.54828,277.4483,276.6483,274.54828,273.8483,273.4483,273.2483,273.1483,273.2483,273.2483,273.2483,273.2483,273.2483,273.1483,273.1483,273.2483,271.8483,270.2483,269.1483,267.4483,266.9483,267.54828,266.3483,264.3483,253.44829,257.6483,258.4483,259.7483,260.4483,256.54828,259.1483,266.1483,269.3483,267.04828,267.6483,266.7483,265.04828,263.4483
273.54828,274.4483,274.8483,275.7483,275.04828,275.4483,274.1483,273.2483,273.2483,273.1483,273.2483,273.2483,273.1483,273.2483,273.2483,273.2483,273.1483,273.1483,272.54828,270.8483,268.9483,267.3483,266.9483,266.8483,265.04828,264.54828,261.2483,260.9483,260.54828,257.2483,257.9483,257.9483,262.8483,265.4483,263.7483,262.6483,264.7483,268.4483,261.3483,261.3483,261.2483
270.6483,271.2483,271.6483,272.8483,273.2483,273.1483,273.1483,273.2483,273.2483,273.1483,273.1483,273.2483,273.1483,273.2483,273.2483,273.1483,273.2483,272.8483,271.54828,270.1483,268.54828,266.54828,266.7483,266.4483,265.54828,264.04828,263.1483,262.4483,261.1483,260.54828,261.9483,265.4483,266.54828,265.7483,262.1483,261.1483,268.04828,263.54828,263.8483,264.8483,255.94829
265.7483,266.2483,266.3483,267.6483,271.1483,273.1483,273.1483,273.2483,273.1483,273.1483,273.1483,273.1483,273.1483,273.1483,273.2483,272.4483,270.04828,269.4483,269.04828,267.6483,267.54828,266.7483,265.8483,265.3483,265.04828,263.4483,262.54828,262.3483,263.04828,263.7483,264.9483,265.4483,265.3483,265.4483,264.2483,264.4483,265.1483,264.9483,267.04828,268.1483,258.7483
261.7483,262.8483,262.9483,263.6483,265.6483,269.3483,270.7483,272.4483,273.2483,273.2483,273.1483,273.2483,273.1483,272.6483,269.6483,269.04828,268.6483,267.9483,267.9483,267.2483,266.54828,265.6483,265.2483,264.4483,263.4483,263.7483,263.6483,263.8483,263.54828,263.7483,263.6483,262.9483,264.6483,263.1483,264.6483,264.8483,266.1483,267.4483,267.7483,268.6483,268.6483
260.04828,260.6483,261.2483,261.6483,264.6483,264.7483,266.2483,272.3483,272.2483,273.2483,272.1483,266.3483,267.8483,267.1483,267.3483,267.54828,267.2483,266.8483,267.2483,266.04828,265.3483,263.8483,263.04828,262.8483,262.8483,262.3483,262.6483,262.04828,262.6483,262.8483,262.9483,263.1483,263.3483,263.7483,264.2483,264.3483,264.6483,267.54828,267.9483,268.2483,270.2483
259.6483,260.2483,261.2483,258.6483,262.7483,264.6483,265.3483,265.54828,267.1483,267.3483,265.54828,263.04828,264.6483,265.7483,266.2483,266.4483,266.2483,265.8483,264.54828,263.9483,262.54828,262.7483,262.7483,261.6483,261.3483,260.8483,260.6483,261.2483,261.6483,261.6483,262.1483,263.8483,265.3483,265.1483,265.1483,264.1483,264.6483,265.2483,266.7483,267.7483,270.54828
259.7483,258.2483,257.1483,258.7483,258.3483,259.2483,264.4483,264.2483,265.8483,265.3483,264.4483,263.2483,261.8483,263.7483,264.6483,263.8483,262.8483,261.7483,261.1483,260.7483,261.3483,261.7483,261.4483,260.7483,260.7483,260.2483,260.4483,260.7483,261.04828,261.4483,262.54828,265.04828,265.8483,266.1483,265.8483,264.4483,264.4483,265.6483,267.54828,270.7483,272.7483
