wind.json
{"header": {"discipline":0,"disciplineName":"Meteorological products","gribEdition":2,"gribLength":1039,"center":7,"centerName":"US National Weather Service - NCEP(WMC)","subcenter":0,"refTime":"2023-06-29T06:00:00.000Z","significanceOfRT":1,"significanceOfRTName":"Start of forecast","productStatus":0,"productStatusName":"Operational products","productType":1,"productTypeName":"Forecast products","productDefinitionTemplate":0,"productDefinitionTemplateName":"Analysis/forecast at horizontal level/layer at a point in time","parameterCategory":0,"parameterCategoryName":"UnknownDiscipline_0_Category_0","parameterNumber":0,"parameterNumberName":"UnknownParameter_D0_C0_0","parameterUnit":"Unknown","genProcessType":2,"genProcessTypeName":"Forecast","forecastTime":240,"surface1Type":1,"surface1TypeName":"Ground or water surface","surface1Value":0.0,"surface2Type":255,"surface2TypeName":"Missing","surface2Value":0.0,"gridDefinitionTemplate":0,"gridDefinitionTemplateName":"Latitude_Longitude","numberPoints":688,"shape":6,"shapeName":"Earth spherical with radius of 6,371,229.0 m","gridUnits":"degrees","resolution":48,"winds":"true","scanMode":64,"nx":43,"ny":16,"basicAngle":0,"lo1":45.0,"la1":40.0,"lo2":87.0,"la2":55.0,"dx":1.0,"dy":1.0}, "data":
[rows 0 to 15 of 16, columns 0 to 42 of 43]
294.01422,289.3142,306.4142,314.9142,316.1142,297.6142,297.1142,295.6142,319.7142,320.3142,320.4142,323.1142,322.4142,322.8142,321.3142,319.8142,319.3142,319.1142,318.4142,316.8142,301.01422,306.4142,302.6142,301.9142,304.9142,313.01422,312.8142,302.3142,303.6142,303.01422,305.6142,321.2142,318.7142,322.7142,328.7142,333.3142,326.9142,327.9142,331.8142,334.4142,333.6142,336.4142,337.8142
293.7142,309.3142,308.7142,296.3142,305.51422,297.01422,296.9142,295.51422,313.51422,324.4142,321.7142,321.9142,319.01422,319.3142,318.4142,317.2142,318.2142,320.6142,317.8142,315.6142,313.7142,305.1142,307.01422,310.01422,312.9142,308.1142,317.3142,319.51422,316.1142,298.8142,303.4142,301.2142,305.3142,301.3142,311.4142,320.4142,327.1142,325.01422,328.1142,329.9142,332.8142,334.3142,336.1142
296.01422,291.3142,291.6142,302.8142,297.4142,297.2142,296.8142,294.9142,323.4142,319.3142,317.3142,317.9142,318.1142,317.2142,317.01422,314.7142,316.2142,318.4142,319.7142,317.6142,317.7142,315.51422,316.7142,316.9142,310.1142,303.8142,294.01422,294.1142,302.3142,300.9142,302.9142,294.1142,297.9142,298.6142,309.9142,273.1142,300.3142,318.8142,319.6142,325.4142,329.3142,318.3142,286.3142
296.9142,300.6142,306.3142,297.4142,297.4142,297.3142,296.7142,316.6142,315.1142,315.2142,315.2142,314.2142,315.01422,315.01422,311.51422,314.2142,315.9142,316.9142,317.3142,318.51422,317.3142,316.3142,316.51422,316.6142,316.2142,312.6142,322.2142,318.7142,316.51422,311.01422,316.1142,302.3142,297.3142,296.6142,303.4142,302.7142,307.51422,302.7142,300.8142,299.51422,305.01422,300.4142,299.4142
305.9142,308.8142,309.2142,297.7142,298.01422,297.8142,302.6142,315.2142,314.9142,315.4142,315.6142,314.4142,313.7142,312.9142,295.1142,294.51422,314.3142,317.2142,315.51422,317.4142,318.9142,320.4142,314.1142,312.8142,316.6142,320.6142,323.2142,324.9142,324.51422,321.3142,314.01422,320.7142,319.6142,319.6142,324.6142,327.4142,331.2142,320.51422,298.3142,300.7142,302.51422,319.1142,319.3142
309.01422,310.4142,312.8142,298.6142,298.4142,298.8142,306.01422,314.3142,317.3142,318.7142,314.6142,313.2142,315.1142,312.8142,295.51422,294.9142,292.2142,315.8142,316.01422,313.1142,311.2142,314.9142,316.8142,319.51422,319.1142,319.3142,321.3142,317.1142,324.8142,319.6142,321.9142,320.3142,323.2142,327.6142,303.6142,298.9142,303.8142,317.4142,315.1142,332.1142,334.51422,326.7142,328.3142
309.51422,313.3142,314.9142,316.7142,299.4142,298.01422,298.2142,297.7142,319.6142,314.8142,314.51422,313.2142,313.8142,313.8142,297.1142,294.6142,303.1142,310.7142,315.4142,314.3142,311.8142,314.6142,316.1142,315.8142,320.7142,320.3142,321.01422,322.1142,312.2142,292.1142,311.51422,321.51422,323.9142,318.51422,322.6142,321.4142,314.01422,313.1142,314.51422,314.7142,336.7142,335.1142,326.9142
312.1142,313.9142,313.4142,314.3142,314.01422,316.3142,312.2142,316.2142,317.1142,313.8142,312.51422,311.7142,313.2142,312.01422,312.01422,310.3142,310.01422,310.8142,311.51422,310.8142,312.2142,311.3142,313.1142,309.9142,316.2142,318.4142,314.51422,316.51422,316.8142,313.1142,315.01422,307.9142,320.4142,322.3142,324.3142,321.51422,322.8142,319.7142,313.2142,308.51422,305.2142,301.3142,320.4142
312.01422,310.3142,313.51422,315.8142,314.51422,314.9142,315.3142,314.2142,315.6142,312.6142,310.51422,309.7142,309.51422,309.7142,312.51422,311.3142,312.1142,310.9142,297.4142,305.7142,309.01422,308.6142,309.4142,308.51422,312.9142,312.51422,314.6142,311.6142,307.3142,306.01422,299.2142,301.1142,316.3142,317.51422,318.3142,315.4142,318.1142,322.9142,322.8142,289.7142,319.01422,318.1142,312.1142
295.51422,311.7142,312.6142,314.9142,314.7142,314.6142,313.7142,312.51422,312.8142,310.3142,310.8142,308.6142,306.9142,307.3142,308.8142,310.9142,302.6142,310.4142,306.8142,295.51422,298.51422,297.6142,305.2142,304.51422,310.1142,310.6142,312.01422,315.7142,311.2142,305.2142,306.1142,295.3142,304.3142,310.7142,312.7142,316.3142,321.9142,314.1142,313.2142,311.2142,298.4142,294.01422,298.01422
305.8142,309.3142,309.3142,310.2142,311.01422,311.2142,310.6142,311.4142,309.01422,302.7142,309.1142,303.7142,304.2142,300.51422,299.51422,305.9142,301.8142,299.3142,292.01422,298.1142,296.01422,294.9142,292.2142,304.8142,306.4142,310.1142,309.2142,311.3142,312.6142,313.8142,306.2142,301.2142,310.2142,315.51422,318.6142,319.4142,317.1142,314.3142,304.51422,299.9142,299.01422,292.2142,288.51422
300.9142,297.6142,305.51422,305.2142,306.3142,306.51422,306.4142,308.2142,306.2142,303.51422,304.6142,303.7142,298.7142,293.01422,301.6142,302.3142,301.51422,292.51422,299.2142,290.01422,295.1142,291.1142,290.01422,298.2142,297.51422,309.4142,303.9142,305.7142,307.2142,313.51422,313.7142,306.2142,313.6142,318.51422,316.51422,311.9142,309.8142,310.3142,302.1142,294.4142,294.51422,286.3142,284.9142
298.51422,298.9142,300.9142,303.51422,304.9142,304.4142,295.1142,304.1142,303.3142,295.51422,300.6142,303.1142,301.1142,296.51422,298.01422,300.1142,298.8142,291.2142,292.01422,287.3142,287.4142,287.2142,290.2142,295.4142,299.2142,301.8142,308.3142,305.2142,308.7142,310.9142,304.6142,304.1142,311.2142,316.7142,312.7142,312.9142,309.2142,312.1142,310.2142,307.01422,303.3142,299.4142,295.6142
297.01422,293.4142,290.2142,290.4142,293.9142,299.8142,295.51422,301.7142,300.9142,302.1142,301.01422,300.6142,295.2142,295.3142,298.4142,297.7142,296.6142,293.6142,292.7142,287.1142,295.51422,290.01422,288.4142,290.01422,298.2142,299.01422,304.8142,307.4142,312.01422,311.6142,314.8142,312.8142,313.9142,312.8142,310.7142,312.9142,312.4142,308.9142,306.9142,304.3142,303.3142,303.8142,297.51422
293.9142,292.4142,293.6142,291.7142,292.1142,293.3142,295.51422,296.1142,296.8142,297.51422,299.7142,300.9142,295.7142,294.4142,297.3142,297.8142,295.1142,293.8142,290.9142,291.1142,291.1142,291.4142,296.8142,296.8142,299.8142,300.4142,302.01422,305.4142,305.6142,306.7142,312.9142,311.6142,311.9142,314.1142,311.7142,312.2142,310.01422,309.01422,306.51422,305.3142,305.3142,298.1142,299.9142
295.01422,294.51422,293.3142,295.3142,291.8142,294.51422,296.01422,291.8142,293.6142,297.4142,300.6142,293.6142,297.8142,296.7142,294.2142,296.2142,296.7142,295.51422,295.9142,289.6142,291.3142,291.1142,290.6142,292.01422,297.51422,297.2142,298.01422,300.4142,302.01422,304.51422,303.3142,307.01422,303.51422,301.1142,310.8142,311.51422,310.6142,309.51422,304.6142,301.9142,302.3142,300.9142,299.8142
