wind_kz.json
{"header": {"discipline":0,"disciplineName":"Meteorological products","gribEdition":2,"gribLength":871,"center":7,"centerName":"US National Weather Service - NCEP(WMC)","subcenter":0,"refTime":"2024-02-03T06:00:00.000Z","significanceOfRT":1,"significanceOfRTName":"Start of forecast","productStatus":0,"productStatusName":"Operational products","productType":1,"productTypeName":"Forecast products","productDefinitionTemplate":0,"productDefinitionTemplateName":"Analysis/forecast at horizontal level/layer at a point in time","parameterCategory":0,"parameterCategoryName":"UnknownDiscipline_0_Category_0","parameterNumber":0,"parameterNumberName":"UnknownParameter_D0_C0_0","parameterUnit":"Unknown","genProcessType":2,"genProcessTypeName":"Forecast","forecastTime":60,"surface1Type":1,"surface1TypeName":"Ground or water surface","surface1Value":0.0,"surface2Type":255,"surface2TypeName":"Missing","surface2Value":0.0,"gridDefinitionTemplate":0,"gridDefinitionTemplateName":"Latitude_Longitude","numberPoints":615,"shape":6,"shapeName":"Earth spherical with radius of 6,371,229.0 m","gridUnits":"degrees","resolution":48,"winds":"true","scanMode":64,"nx":41,"ny":15,"basicAngle":0,"lo1":47.0,"la1":41.0,"lo2":87.0,"la2":55.0,"dx":1.0,"dy":1.0}, "data":
[rows 0 to 14 of 15, columns 0 to 40 of 41]
278.07086,266.47086,274.47086,280.37085,280.87085,282.17084,280.67084,281.37085,279.27084,280.27084,277.67084,277.57086,276.67084,276.27084,276.97086,276.37085,275.77084,275.17084,277.47086,275.27084,276.57086,276.07086,275.47086,271.27084,272.07086,273.97086,267.87085,254.87085,249.77084,251.27084,250.97086,247.77084,256.27084,269.07086,269.77084,270.17084,269.67084,269.17084,269.27084,267.77084,269.37085
257.47086,274.67084,280.07086,279.87085,280.67084,281.37085,278.97086,278.67084,278.37085,279.07086,278.87085,276.57086,275.67084,276.07086,273.27084,272.87085,277.17084,275.87085,274.97086,275.77084,275.97086,275.77084,271.87085,266.17084,246.37085,253.67085,260.27084,251.77084,252.97086,248.47086,258.07086,241.87085,254.37085,238.47086,244.27084,258.77084,265.47086,266.77084,267.47086,260.57086,262.97086
274.87085,278.87085,279.97086,280.17084,280.47086,278.07086,277.27084,278.57086,277.77084,277.57086,276.37085,274.57086,274.87085,274.27084,271.77084,271.47086,272.97086,271.87085,272.57086,272.57086,272.37085,272.67084,272.67084,266.97086,271.37085,268.37085,265.27084,265.87085,269.27084,259.27084,251.27084,252.77084,253.77084,253.27084,250.97086,257.87085,251.17085,248.67085,249.07085,249.37085,247.37085
275.17084,275.77084,277.67084,279.07086,278.57086,275.97086,274.77084,275.97086,277.47086,275.87085,275.67084,274.87085,281.27084,281.87085,272.07086,271.07086,272.17084,271.47086,270.67084,272.07086,271.77084,266.07086,271.17084,268.57086,269.07086,269.67084,269.77084,262.37085,261.57086,261.77084,260.87085,262.37085,269.77084,259.37085,256.07086,260.37085,251.27084,250.17085,258.27084,253.77084,255.47086
275.87085,272.77084,271.37085,272.47086,272.87085,275.17084,276.07086,276.67084,274.37085,273.17084,272.87085,273.87085,279.07086,279.07086,278.27084,270.77084,270.97086,271.07086,271.27084,270.27084,268.07086,267.37085,264.67084,265.47086,264.47086,263.57086,263.67084,264.57086,268.47086,268.27084,267.67084,265.87085,258.17084,245.67085,257.77084,253.47086,257.97086,253.17085,253.47086,254.67085,257.27084
276.07086,275.77084,273.07086,272.77084,271.77084,271.07086,275.77084,274.47086,273.27084,272.47086,272.27084,272.37085,278.07086,279.27084,272.57086,271.87085,270.97086,270.07086,270.07086,269.87085,265.67084,266.07086,265.57086,263.37085,262.47086,260.97086,261.17084,262.57086,264.07086,263.97086,262.77084,264.57086,257.37085,254.07085,259.17084,260.77084,260.67084,259.37085,256.37085,254.17085,256.67084
274.37085,274.37085,276.27084,277.17084,273.97086,275.47086,275.67084,273.17084,272.57086,271.87085,270.57086,269.27084,270.17084,271.17084,272.17084,270.97086,270.57086,270.27084,269.27084,268.57086,266.47086,264.87085,265.27084,263.67084,259.17084,258.57086,254.47086,257.97086,258.27084,258.57086,257.87085,259.27084,257.17084,255.27084,257.47086,258.27084,259.97086,258.97086,256.87085,255.87085,257.37085
273.87085,273.97086,273.57086,273.57086,274.07086,273.97086,274.17084,273.27084,273.17084,272.87085,271.87085,273.07086,272.47086,273.17084,273.27084,272.37085,271.27084,271.57086,270.87085,269.27084,266.17084,265.37085,264.07086,263.97086,262.47086,259.17084,260.27084,251.67085,250.07085,250.07085,252.97086,251.67085,253.47086,255.07085,251.37085,247.97086,249.17085,252.87085,258.17084,258.97086,256.67084
273.17084,273.17084,273.17084,273.17084,273.17084,273.37085,273.27084,273.17084,273.17084,273.17084,273.17084,272.87085,272.87085,273.17084,273.17084,273.17084,271.37085,271.07086,270.37085,269.77084,268.27084,265.37085,264.47086,264.47086,263.27084,261.87085,259.07086,257.57086,255.87085,253.37085,251.67085,253.97086,260.07086,261.57086,256.77084,258.47086,255.77084,255.67085,253.57085,249.57085,249.07085
272.77084,272.67084,272.97086,273.07086,272.87085,273.17084,273.17084,273.17084,273.17084,273.17084,272.67084,272.47086,272.87085,272.87085,273.17084,273.17084,273.07086,272.17084,271.77084,270.67084,269.37085,268.47086,267.57086,266.67084,264.57086,262.37085,260.57086,261.37085,261.07086,258.77084,262.07086,265.17084,265.57086,263.87085,258.17084,254.37085,257.87085,257.27084,252.87085,255.07085,249.47086
272.57086,272.27084,272.17084,272.47086,272.97086,272.77084,272.87085,272.97086,272.57086,272.67084,272.17084,271.87085,272.37085,271.57086,272.77084,273.17084,272.97086,272.47086,271.77084,270.57086,269.87085,269.37085,267.87085,266.77084,265.77084,264.77084,263.87085,265.47086,264.97086,263.67084,265.07086,265.07086,265.57086,263.87085,261.97086,255.17085,258.77084,256.47086,251.47086,256.87085,252.77084
272.07086,271.87085,271.87085,271.87085,271.47086,271.67084,271.37085,271.57086,272.07086,272.17084,270.67084,268.97086,271.57086,271.77084,271.97086,272.97086,273.17084,272.77084,271.67084,270.47086,270.27084,269.47086,268.37085,267.57086,265.57086,265.47086,266.37085,266.87085,267.47086,265.97086,264.17084,263.77084,264.67084,261.47086,262.07086,261.87085,259.57086,260.57086,261.57086,259.67084,257.57086
270.77084,270.57086,271.17084,270.77084,271.47086,271.37085,271.07086,270.37085,266.47086,270.27084,270.17084,267.27084,268.77084,270.77084,271.87085,272.77084,273.17084,272.97086,272.17084,270.97086,270.87085,269.87085,268.07086,266.97086,267.27084,267.97086,268.47086,268.57086,267.87085,266.97086,265.77084,265.97086,264.27084,264.87085,262.37085,262.07086,260.57086,261.47086,259.57086,257.07086,255.07085
269.97086,270.17084,270.47086,270.17084,270.17084,270.67084,270.77084,269.47086,270.87085,270.97086,268.77084,264.17084,261.97086,270.37085,270.77084,272.57086,273.17084,273.17084,272.37085,271.77084,271.17084,271.17084,270.57086,270.27084,269.97086,269.97086,269.37085,269.37085,270.07086,267.67084,266.97086,265.97086,264.47086,263.67084,262.77084,259.67084,260.07086,255.97086,254.27084,261.47086,258.57086
270.37085,270.27084,269.47086,269.27084,268.97086,269.27084,269.67084,269.47086,268.37085,270.67084,271.27084,263.97086,262.97086,266.27084,270.27084,272.17084,272.77084,273.17084,273.17084,272.97086,272.67084,272.67084,272.87085,272.67084,271.77084,271.87085,271.97086,271.47086,272.07086,270.67084,269.07086,268.37085,266.57086,265.17084,264.07086,264.17084,262.27084,260.97086,260.37085,261.87085,259.37085
