wind_kz.json
{"header": {"discipline":0,"disciplineName":"Meteorological products","gribEdition":2,"gribLength":1102,"center":7,"centerName":"US National Weather Service - NCEP(WMC)","subcenter":0,"refTime":"2023-10-02T12:00:00.000Z","significanceOfRT":1,"significanceOfRTName":"Start of forecast","productStatus":0,"productStatusName":"Operational products","productType":1,"productTypeName":"Forecast products","productDefinitionTemplate":0,"productDefinitionTemplateName":"Analysis/forecast at horizontal level/layer at a point in time","parameterCategory":2,"parameterCategoryName":"UnknownDiscipline_0_Category_2","parameterNumber":3,"parameterNumberName":"UnknownParameter_D0_C2_3","parameterUnit":"Unknown","genProcessType":2,"genProcessTypeName":"Forecast","forecastTime":180,"surface1Type":103,"surface1TypeName":"Specified height level above ground","surface1Value":10.0,"surface2Type":255,"surface2TypeName":"Missing","surface2Value":0.0,"gridDefinitionTemplate":0,"gridDefinitionTemplateName":"Latitude_Longitude","numberPoints":615,"shape":6,"shapeName":"Earth spherical with radius of 6,371,229.0 m","gridUnits":"degrees","resolution":48,"winds":"true","scanMode":64,"nx":41,"ny":15,"basicAngle":0,"lo1":47.0,"la1":41.0,"lo2":87.0,"la2":55.0,"dx":1.0,"dy":1.0}, "data":
[rows 0 to 14 of 15, columns 0 to 40 of 41]
-2.9131665,-0.6631665,-3.0731666,-14.003166,-14.083166,-14.273167,-3.2731664,2.2268336,1.1868335,1.5768335,1.9668335,1.6568335,2.2968335,1.6068335,1.6268334,1.6468335,0.0968335,-1.0231665,-2.2831664,-1.0031666,-0.5631665,-1.8631665,-0.9731665,-1.6831665,-1.0331665,-0.9431665,-0.3731665,1.7168335,1.9168335,2.7568336,-2.2231665,-2.9131665,1.1768335,1.0968335,2.2168336,1.9068335,-1.3531665,-1.3531665,-0.4031665,3.4668336,0.6968335
5.2968335,-1.5131665,-13.393167,-14.703167,-14.663166,-16.243166,-1.9831665,5.7168336,4.2868333,4.0968337,2.9668336,3.0468335,2.5568335,2.4668336,1.1868335,1.7768335,1.1568335,-0.5131665,-0.7931665,-0.8631665,-1.2131665,-2.7131665,-1.1331666,1.7068335,0.1268335,1.2868335,-0.4031665,2.3068335,0.5468335,2.8368335,4.9468336,5.3068333,1.0268335,0.5068335,-0.06316651,-0.0831665,-0.2531665,-1.7531666,-2.2831664,-1.2131665,-0.1131665
-4.7731667,-11.223166,-12.643167,-12.483167,-13.863167,-15.063167,-1.6831665,2.6768334,4.5868335,4.3768334,4.8168335,4.0768337,3.0768335,2.8968334,2.6168334,2.5268335,1.8768334,3.2068336,2.4268334,1.0268335,-1.1231666,-1.2631665,-1.9331665,0.2568335,-1.2731665,0.1568335,2.1268334,-1.8431665,1.4068335,0.2968335,2.3668334,1.3368335,-0.2131665,-0.023166504,-0.3931665,-0.2131665,1.3168335,-1.9331665,0.4068335,0.3968335,-0.1131665
-4.1231666,-9.723166,-10.243167,-11.463166,-9.473166,-9.053166,-6.7531667,4.1968336,5.2368336,4.3968334,4.1168337,4.1668334,7.2668333,6.8668337,3.3868334,3.0068336,3.3268335,3.3468335,3.2568336,2.4768336,0.13683349,-0.6631665,1.9768335,0.7368335,-0.8031665,-0.6631665,-1.4231665,0.9668335,1.0468335,-1.7931665,-8.603167,-6.4531665,-0.1231665,2.0468335,-1.5531665,0.7068335,0.5168335,2.3168335,0.046833497,-0.1231665,0.6468335
-2.6331666,-5.7331667,-9.313167,-10.053166,-10.813167,-6.3031664,-7.4831667,4.1068335,6.8968334,6.6368337,6.6068335,5.3668337,7.3868337,6.6268334,5.6368337,3.3468335,2.9668336,3.0768335,3.1168334,2.9668336,1.7868335,-0.013166504,-0.9431665,-0.5531665,-0.1231665,0.7368335,1.4768335,1.4568335,2.9568336,3.9768336,1.6068335,-2.2131665,-0.9431665,-1.5431665,-1.9431665,-2.4731665,-4.6731663,1.0568335,0.7668335,1.6568335,-0.5431665
0.026833497,-2.1531665,-4.6131663,-7.4331665,-7.4431667,-8.833166,-5.4131665,-4.2531667,5.7968335,7.9168334,6.0268335,5.8268337,7.6568336,8.586834,5.4268336,3.6068335,3.3768334,3.0068336,2.8968334,2.5368335,0.9668335,0.4668335,0.11683349,-0.023166504,1.8868335,1.6068335,1.5568335,1.9368335,1.5068336,3.3068335,2.8868334,2.0768335,1.3068335,0.2768335,0.1868335,-2.5431664,0.2568335,-1.6431665,-3.0931666,0.5868335,-1.5131665
0.026833497,0.3968335,-2.4831665,-3.0331664,-3.3631666,-3.7731664,-3.8831666,-3.9131665,5.9068336,7.3468337,7.2068334,7.0568333,6.4668336,5.3768334,4.5168333,3.8668334,3.6168334,3.3268335,2.9368334,1.8168335,0.4668335,-0.3231665,0.1868335,0.2368335,0.076833494,4.0768337,2.7268336,2.7368336,2.2168336,1.9668335,1.7868335,0.9268335,1.3768334,2.2768335,-1.2331665,-0.29316652,-2.0631666,-1.3731666,-1.1231666,-1.7031665,-1.3631665
0.1268335,0.4968335,-0.26316652,-0.9231665,-1.3131665,-0.9931665,-1.7231665,-1.4431665,-1.2631665,7.4868336,8.526834,8.366834,6.7668333,6.0668335,4.6168337,4.5068336,4.0168333,3.4468336,2.8368335,2.4868336,-0.4531665,-1.2331665,-1.4931664,-2.6531665,-1.8931665,5.9068336,3.9168334,3.0168335,3.4768336,4.2868333,3.8768334,3.5468335,1.3468335,2.3868334,2.5268335,1.2468334,-1.2031665,-0.7531665,0.11683349,0.046833497,-1.6031665
0.3668335,0.2768335,0.7568335,0.45683348,-0.06316651,-0.103166506,-1.0931665,2.5968335,2.0168335,6.0868335,7.4468336,8.076834,6.3768334,5.8068333,5.3568335,4.5168333,4.2468333,3.9268334,3.5168335,2.3668334,0.8168335,-1.4531665,-2.9931664,-3.9231665,1.7868335,4.2568336,2.7268336,2.3368335,2.4168334,2.2268336,5.3968334,5.3068333,4.9168334,3.8568335,3.1268334,1.5068336,-1.4931664,0.1868335,0.076833494,-0.1431665,-2.5131664
1.2668335,1.5668335,1.5068336,1.9168335,1.8868335,1.8168335,1.8468335,1.7668335,6.0968337,4.7768335,7.6368337,8.306833,7.2668333,7.1468334,6.1368337,4.8168335,4.3768334,3.8768334,3.2568336,1.9468335,1.2368335,-0.7931665,-2.6431665,-3.4131665,-0.4031665,5.0868335,4.5368333,3.5468335,2.9568336,1.6268334,1.2868335,3.0068336,4.2368336,2.1868334,2.3468335,1.6468335,0.5068335,-2.0731666,0.6668335,2.1168334,2.5368335
1.6168334,2.1468334,2.8968334,2.8868334,2.8568335,2.5668335,2.1968336,1.0768335,2.1668334,6.9968333,7.2368336,6.8468337,7.9268336,8.156834,6.6868334,5.9668336,4.9368334,4.1268334,3.5268335,2.4568336,0.7868335,-1.2831665,-3.2631664,-2.6631665,2.3268335,4.6968336,3.0668335,3.7568336,3.0068336,0.6168335,1.3168335,1.5268335,2.0068336,2.7768335,2.9068334,0.9768335,1.0168335,1.9868335,1.4368335,1.3868335,0.1768335
2.6168334,3.7068336,4.0868335,4.4068336,4.5368333,4.0368333,4.2368336,3.1968336,3.0168335,2.5868335,6.9668336,6.4668336,7.7868333,8.196834,7.5668335,6.7768335,5.8368335,4.7668333,3.9668336,2.9468336,1.8168335,-1.2431664,-2.8831666,-3.9531665,2.0968335,2.3568335,3.4868336,2.6368334,2.4568336,0.6868335,0.7168335,2.2868335,1.8768334,2.1568334,2.0368335,1.5468335,1.3668334,2.0768335,1.7568336,1.4268335,0.3268335
3.4268334,5.2168336,5.4168334,5.6868334,5.5968337,4.4068336,5.0868335,5.2168336,4.4068336,4.5968337,5.5168333,5.5168333,8.866834,7.5368333,7.3168335,6.8468337,6.4568334,5.3168335,4.4168334,3.3368335,2.8468335,1.7568336,-0.5631665,-2.4831665,-3.8031664,-1.6931665,1.8468335,1.7468334,2.2868335,2.0668335,2.3068335,2.2968335,2.0168335,1.3268335,2.1368334,1.9968334,1.0068336,0.4768335,0.4468335,-0.023166504,0.0868335
3.7768335,6.1168337,7.3368335,6.9968333,7.2268333,7.1868334,6.9668336,6.8368335,5.2868333,4.4768333,1.9068335,4.8468337,8.596833,8.546833,7.7568336,7.3568335,6.8368335,6.3868337,5.2268333,4.0268335,2.9468336,1.8168335,-0.3731665,-1.8031665,-2.7931664,-1.5431665,-1.5631665,0.066833496,2.0968335,2.3868334,2.2668335,1.9968334,1.9668335,2.1468334,1.0468335,1.2468334,0.5768335,0.0868335,-0.2031665,0.3568335,0.3368335
4.0168333,5.8368335,10.126834,8.646833,7.9068336,7.4768333,7.5668335,7.2868333,6.2968335,4.9568334,4.3268337,7.0768337,4.0968337,6.0668335,8.836834,8.096833,7.5568333,6.2968335,6.1368337,5.1068335,3.8768334,3.1668334,1.7268335,-0.2031665,-2.2131665,-1.6831665,-0.043166503,1.3168335,1.2768335,1.9568335,2.4268334,2.1068335,2.0968335,1.9868335,1.5568335,1.2768335,1.1068335,1.2868335,0.9468335,1.0068336,-0.1131665
