wind_kz.json
{"header": {"discipline":0,"disciplineName":"Meteorological products","gribEdition":2,"gribLength":1025,"center":7,"centerName":"US National Weather Service - NCEP(WMC)","subcenter":0,"refTime":"2023-09-10T12:00:00.000Z","significanceOfRT":1,"significanceOfRTName":"Start of forecast","productStatus":0,"productStatusName":"Operational products","productType":1,"productTypeName":"Forecast products","productDefinitionTemplate":0,"productDefinitionTemplateName":"Analysis/forecast at horizontal level/layer at a point in time","parameterCategory":2,"parameterCategoryName":"UnknownDiscipline_0_Category_2","parameterNumber":3,"parameterNumberName":"UnknownParameter_D0_C2_3","parameterUnit":"Unknown","genProcessType":2,"genProcessTypeName":"Forecast","forecastTime":120,"surface1Type":103,"surface1TypeName":"Specified height level above ground","surface1Value":10.0,"surface2Type":255,"surface2TypeName":"Missing","surface2Value":0.0,"gridDefinitionTemplate":0,"gridDefinitionTemplateName":"Latitude_Longitude","numberPoints":615,"shape":6,"shapeName":"Earth spherical with radius of 6,371,229.0 m","gridUnits":"degrees","resolution":48,"winds":"true","scanMode":64,"nx":41,"ny":15,"basicAngle":0,"lo1":47.0,"la1":41.0,"lo2":87.0,"la2":55.0,"dx":1.0,"dy":1.0}, "data":
[rows 0 to 14 of 15, columns 0 to 40 of 41]
0.49789307,1.587893,-2.5921068,-7.392107,-9.462107,-10.4121065,-6.132107,-0.8621069,-5.802107,-0.44210693,0.49789307,-1.8621069,-4.762107,-6.312107,-5.4621067,-5.6921067,-6.602107,-5.382107,-6.552107,-5.562107,-5.152107,-4.6921067,-4.062107,2.827893,5.507893,2.107893,0.60789305,3.7178931,-1.2521069,-4.4221067,-4.702107,-0.46210694,-2.972107,2.007893,-3.3021069,-2.152107,1.2578931,1.2278931,1.5078931,-0.21210693,-0.23210694
-0.83210695,0.09789307,-2.502107,-6.932107,-10.032107,-8.682107,-8.282107,6.437893,5.317893,0.49789307,-0.40210694,-1.1421069,-3.942107,1.957893,-3.162107,-5.062107,-5.282107,-6.162107,-6.802107,-6.4221067,-5.602107,-6.132107,-4.152107,-1.9721069,2.007893,3.837893,2.877893,1.547893,-0.65210694,-2.882107,-1.7621069,-2.432107,-3.372107,-3.182107,1.5178931,-7.632107,-2.392107,-10.542107,-2.272107,-1.9021069,-0.72210693
-1.932107,-2.422107,-2.8021069,-6.072107,-7.772107,-7.382107,-7.4621067,-5.182107,6.977893,4.8078933,0.85789305,1.2578931,2.397893,-0.88210696,-2.912107,-4.632107,-5.352107,-6.062107,-6.552107,-6.972107,-6.552107,-1.5921069,-7.642107,-3.142107,-3.932107,-3.662107,-3.672107,-4.902107,-3.0721068,-2.3121068,-2.5421069,-1.962107,-3.0821068,-1.292107,-1.1021069,-1.3821069,-2.7921069,-5.152107,-1.922107,1.5278931,0.85789305
-2.962107,-2.432107,-1.6021069,-4.222107,-5.602107,-5.812107,-5.652107,-2.5821068,3.127893,4.397893,1.9878931,-2.522107,-1.822107,-5.652107,-3.3121068,-3.152107,-4.892107,-6.042107,-5.832107,-6.472107,-6.222107,-5.042107,-3.672107,-4.362107,-4.2121067,-4.6721067,-4.052107,-2.752107,-5.6721067,-5.492107,-5.252107,-2.432107,-1.192107,1.0078931,-3.452107,1.6078931,2.307893,3.817893,-2.922107,-2.242107,-0.52210695
-3.972107,1.7378931,-0.5621069,0.52789307,-3.0621068,-5.252107,-5.482107,-1.412107,4.017893,7.207893,6.137893,4.567893,2.267893,-0.77210695,-2.622107,-4.242107,-4.772107,-5.932107,-4.992107,-3.222107,-3.7821069,-3.872107,-3.912107,-4.132107,-4.292107,-4.282107,-3.952107,-4.492107,-6.032107,-5.982107,-5.542107,-3.5821068,2.347893,2.247893,0.60789305,0.98789304,-0.37210694,0.54789305,0.6278931,1.6278931,1.4878931
-1.462107,-1.7521069,5.7878933,4.227893,2.337893,-1.2421069,-3.912107,-2.8321068,2.4278932,3.727893,5.717893,6.207893,4.337893,0.107893065,-5.402107,-4.292107,-4.6921067,-4.912107,-5.012107,-3.0921068,-2.7921069,-4.502107,-4.282107,-4.532107,-4.472107,-4.132107,-4.092107,2.737893,-1.702107,-3.452107,-3.752107,-2.2821069,-5.372107,-4.102107,1.2178931,1.447893,0.007893067,-1.312107,-2.3421068,5.607893,2.237893
-1.692107,-1.3421069,-2.7921069,-1.2321069,5.107893,2.587893,-0.7421069,0.007893067,2.117893,4.817893,3.9678931,5.447893,3.4078932,2.1878932,-1.802107,-3.762107,-4.932107,-4.572107,-4.822107,-3.402107,-2.8321068,-3.772107,-3.972107,-4.702107,-3.882107,-4.262107,-3.962107,-4.532107,-4.362107,-4.372107,-4.022107,-5.322107,-0.08210693,4.487893,2.267893,-0.34210694,1.917893,2.357893,-1.6121069,-1.8421069,-1.442107
-4.2121067,-5.092107,-5.022107,-5.112107,-1.5021069,-0.14210694,0.79789305,2.047893,4.697893,7.167893,0.54789305,1.4078931,-1.962107,-1.7321069,-1.8421069,-3.5421069,-4.522107,-4.1721067,-3.5721068,-3.7821069,-5.032107,-4.612107,-3.232107,-3.202107,-2.8421068,-3.752107,-4.322107,-4.882107,-4.772107,-5.362107,-2.5321069,-1.082107,-0.012106934,-2.262107,-1.0221069,-2.0321069,-4.932107,-0.40210694,-1.422107,-1.292107,-0.08210693
-3.472107,-4.022107,-2.972107,-3.2921069,-2.022107,3.487893,0.85789305,1.307893,6.397893,7.227893,5.597893,2.037893,1.9978931,1.197893,-2.3421068,-2.442107,-3.3321068,-3.672107,-0.65210694,-2.212107,-3.952107,-4.982107,-3.2821069,-4.152107,-3.612107,-4.272107,-5.012107,-4.142107,-4.222107,-4.292107,-3.882107,-3.112107,-1.8821069,0.91789305,-0.25210693,-1.0021069,-1.0021069,1.5978931,1.8678931,1.787893,1.937893
-4.532107,-4.832107,-2.522107,-2.862107,-3.132107,-1.542107,0.96789306,2.387893,6.3078933,5.157893,4.897893,3.827893,2.587893,0.6278931,-1.1521069,-1.2821069,-1.7321069,0.5678931,-1.412107,-2.8221068,-4.102107,-4.622107,-3.492107,-3.8321068,-4.312107,-3.8121068,-3.122107,-6.062107,-5.112107,-5.4421067,-4.272107,-2.022107,-1.8521069,-0.45210692,1.537893,0.48789307,-0.15210694,-0.84210694,3.1978931,1.7378931,1.537893
-3.712107,-0.5021069,-2.712107,-2.272107,-3.0521069,-3.272107,-2.922107,0.25789306,0.13789307,3.877893,4.027893,2.387893,-0.84210694,0.19789307,-1.942107,1.197893,0.71789306,-0.82210696,-1.6021069,-2.5721068,-2.632107,-4.042107,-4.182107,-5.182107,-3.702107,-4.052107,-3.262107,-4.322107,-2.8321068,-4.732107,-4.742107,-2.462107,0.25789306,0.6378931,0.45789307,0.46789306,0.8178931,0.24789307,-0.51210696,-0.53210694,-0.022106934
-2.992107,-3.0521069,-3.8421068,-0.26210693,1.437893,-0.88210696,-0.64210695,-0.23210694,-0.14210694,1.677893,1.447893,1.4878931,0.72789305,-1.3621069,-0.42210692,0.18789306,-0.35210693,0.47789305,0.017893067,-3.0921068,-3.522107,-4.1921067,-3.752107,-3.162107,-3.0921068,-4.452107,-4.992107,-4.202107,-1.6221069,-3.112107,-3.902107,-2.522107,1.177893,0.38789308,1.3778931,1.3578931,0.67789304,3.1778932,1.167893,0.6378931,-1.2521069
-0.64210695,-2.522107,-2.112107,1.457893,-0.27210695,-1.582107,-1.6121069,-0.10210694,-1.9921069,-1.4921069,-0.26210693,1.1178931,1.337893,-0.37210694,-0.062106933,0.86789304,-0.012106934,-0.8021069,-1.7721069,-1.912107,-1.9921069,-2.182107,-3.372107,-3.772107,-3.3321068,-3.5721068,-3.962107,-4.842107,-4.952107,-3.0721068,-1.1321069,-2.942107,0.19789307,-1.7721069,0.26789308,0.34789306,-0.34210694,0.13789307,-0.13210693,0.67789304,-0.9221069
-3.112107,-0.112106934,-0.66210693,-0.09210693,-0.21210693,0.14789307,-1.2721069,-0.52210695,0.54789305,-1.792107,-2.232107,-1.452107,-0.18210693,-1.042107,-0.27210695,-0.53210694,0.5678931,0.13789307,-1.4721069,-2.722107,-3.762107,-1.2721069,-1.7421069,-2.212107,-1.9721069,-3.522107,-3.392107,-3.5921068,-2.632107,-3.172107,-2.192107,-1.5221069,-0.072106935,0.067893066,-0.23210694,-0.82210696,-1.2821069,-1.912107,-1.8921069,-0.64210695,-1.5321069
-0.9321069,-1.4721069,-1.312107,-0.22210693,-2.152107,-0.47210693,2.4478931,0.5778931,-0.44210693,-2.652107,-2.152107,-1.162107,-0.35210693,-1.1421069,-3.0621068,-1.7821069,0.9478931,0.107893065,1.197893,-1.3921069,-2.0621068,-2.222107,-3.252107,-1.7721069,-2.5321069,-3.382107,-2.772107,-3.132107,-4.092107,-2.3021069,-3.152107,-4.472107,-2.682107,-2.512107,-1.4921069,-2.752107,-2.5921068,-2.2921069,-0.8021069,-1.682107,-0.76210696
