wind.json
{"header": {"discipline":0,"disciplineName":"Meteorological products","gribEdition":2,"gribLength":106064,"center":7,"centerName":"US National Weather Service - NCEP(WMC)","subcenter":0,"refTime":"2023-02-21T18:00:00.000Z","significanceOfRT":1,"significanceOfRTName":"Start of forecast","productStatus":0,"productStatusName":"Operational products","productType":1,"productTypeName":"Forecast products","productDefinitionTemplate":0,"productDefinitionTemplateName":"Analysis/forecast at horizontal level/layer at a point in time","parameterCategory":2,"parameterCategoryName":"Momentum","parameterNumber":2,"parameterNumberName":"U-component_of_wind","parameterUnit":"m.s-1","genProcessType":2,"genProcessTypeName":"Forecast","forecastTime":0,"surface1Type":103,"surface1TypeName":"Specified height level above ground","surface1Value":10.0,"surface2Type":255,"surface2TypeName":"Missing","surface2Value":0.0,"gridDefinitionTemplate":0,"gridDefinitionTemplateName":"Latitude_Longitude","numberPoints":65160,"shape":6,"shapeName":"Earth spherical with radius of 6,371,229.0 m","gridUnits":"degrees","resolution":48,"winds":"true","scanMode":64,"nx":360,"ny":181,"basicAngle":0,"lo1":0.0,"la1":-90.0,"lo2":359.0,"la2":90.0,"dx":1.0,"dy":1.0}, "data":
[rows 26 to 51 of 181, columns 228 to 284 of 360]
4.718135,3.4781349,1.8781347,2.1981347,3.6181347,4.278135,4.318135,6.048135,6.6681347,7.238135,7.698135,8.098135,8.1181345,8.678135,9.028134,9.448134,9.228135,9.548135,9.328135,8.658134,8.948134,8.828135,8.828135,9.018135,9.228135,9.898135,8.588135,8.968135,9.668135,10.318134,10.328135,10.908134,11.248135,11.998135,11.788135,11.928135,12.648135,13.048135,13.378135,14.348135,14.558135,14.568134,14.768135,14.268135,13.988134,13.1181345,12.228135,10.908134,9.298135,6.2681346,2.2181349,-1.1318653,-1.4718652,-0.9318652,-1.7418653,-3.5418653,-4.091865
5.5581346,5.368135,4.198135,3.3581347,4.048135,4.7681346,4.888135,5.598135,6.9181347,7.548135,7.8281345,8.088135,8.148135,7.908135,8.308135,8.768135,9.418135,9.948134,10.018135,10.088135,9.528134,9.738134,9.678135,10.108135,10.218135,9.798135,10.968135,11.488134,10.438135,11.178135,11.028134,10.528134,10.638135,11.418135,11.288135,11.538135,11.998135,12.008135,12.158134,12.308135,12.168135,12.738134,13.098135,13.698134,13.518135,13.648135,14.078135,13.968135,13.408134,12.738134,13.378135,9.538135,6.6881347,4.7281346,5.638135,6.2481346,6.468135
5.778135,5.8981347,5.238135,4.1881347,4.448135,4.448135,5.5781345,6.9381347,7.198135,7.9981346,8.078135,8.218135,8.258135,8.628135,8.548135,8.358135,8.8681345,9.238134,10.068134,9.998135,10.838135,8.978135,8.408134,8.908134,10.6181345,11.558135,11.648135,12.068134,10.818134,10.258135,10.298135,10.258135,10.278134,10.148135,10.398135,11.048135,11.168135,10.688135,11.038135,10.878135,10.848135,10.608135,11.398135,12.158134,12.168135,11.878135,12.698134,13.398135,13.758135,14.448134,15.178135,15.348135,15.758135,16.738134,16.368135,16.498135,16.238134
6.6281347,6.3581347,6.068135,4.9381347,3.4881349,4.9581347,5.7481346,6.5381346,7.8581347,7.4181347,7.988135,8.098135,8.538135,8.588135,8.518135,8.588135,8.848135,9.218135,9.348135,9.138135,8.918135,9.608135,8.8681345,11.048135,10.968135,10.838135,10.828135,10.688135,10.108135,10.278134,10.408134,10.248135,9.6181345,9.818134,9.398135,8.948134,9.088135,8.498135,8.268135,8.488134,8.698134,8.888135,9.128135,9.498135,10.058135,10.168135,10.198134,11.008135,11.678135,12.408134,13.218135,14.1181345,14.6181345,15.178135,15.768135,16.318134,16.668135
6.778135,7.298135,7.0581346,5.868135,4.488135,5.4781346,6.068135,6.7681346,6.5381346,7.2281346,7.548135,7.7481346,8.058135,8.188135,8.468135,8.808135,8.718135,8.938135,9.048135,9.488134,9.108135,8.168135,9.308135,8.908134,9.008135,9.548135,10.168135,9.758135,9.988134,10.178135,9.668135,9.998135,10.1181345,9.948134,9.608135,9.098135,8.278134,8.188135,8.248135,7.9781346,8.088135,8.188135,7.968135,7.528135,7.368135,7.048135,6.798135,6.568135,6.468135,6.658135,7.0581346,7.8781347,9.278134,11.328135,11.638135,12.458135,13.648135
6.238135,6.598135,7.298135,6.5381346,5.2881346,5.7281346,6.098135,6.638135,6.0181346,6.3981347,6.7681346,6.408135,7.1281347,7.298135,7.908135,7.8981347,8.408134,8.678135,9.088135,9.408134,10.058135,10.168135,9.518135,8.498135,8.568134,9.188135,9.218135,9.458135,9.338135,9.888135,10.3681345,10.358135,9.948134,9.998135,9.048135,9.728135,9.068134,8.448134,7.7481346,7.6281347,6.678135,5.838135,5.428135,4.988135,3.7981348,2.7381349,1.6781348,1.7681347,9.528134,14.658134,12.288135,3.5781348,5.3981347,8.848135,10.918135,12.098135,12.598135
5.508135,5.5581346,6.3581347,6.698135,6.048135,6.2481346,5.9581347,6.2281346,6.448135,5.7881346,6.0381346,5.8781347,6.2481346,6.2681346,6.908135,7.408135,7.5781345,7.798135,8.558135,9.318134,9.698134,10.808135,10.748135,10.518135,9.838135,9.578135,10.128135,10.238134,9.6181345,9.658134,9.848135,10.328135,10.658134,9.928135,10.008135,8.768135,7.928135,6.6081347,5.5781345,5.088135,4.1081347,2.1681347,2.6281347,0.29813477,8.688135,15.928135,14.388135,13.948134,15.218135,14.098135,13.488134,13.648135,11.048135,9.508135,10.3681345,11.358135,11.958135
5.3081346,5.6081347,5.338135,5.778135,6.0781345,6.6481347,5.718135,4.9581347,5.888135,5.8781347,5.7281346,5.448135,5.408135,6.028135,5.5381346,6.258135,6.838135,7.1681347,7.4581347,8.328135,9.448134,10.108135,10.678135,11.088135,10.388135,9.588135,9.388135,9.938135,10.038135,10.198134,9.8681345,10.228135,9.648135,10.438135,9.398135,7.718135,5.338135,4.528135,2.2281349,3.2681348,3.8581347,15.808135,14.698134,14.838135,15.398135,15.518135,16.108135,15.908134,15.548135,16.348135,14.578135,15.188135,12.398135,11.548135,11.328135,11.698134,11.708135
4.3981347,5.198135,5.1081347,5.158135,5.3081346,6.388135,6.368135,5.028135,4.928135,5.3081346,5.508135,5.368135,4.928135,4.8581347,4.8981347,6.048135,5.488135,6.3781347,7.118135,7.618135,8.648135,8.758135,9.608135,10.478135,11.548135,11.198134,11.308135,10.688135,10.248135,10.818134,9.3681345,9.418135,10.598135,10.458135,10.528134,8.838135,9.808135,13.808135,15.138135,15.6181345,15.778134,16.388134,16.788136,16.748135,16.658134,16.748135,16.478134,16.288136,15.738134,15.578135,16.368135,15.038135,13.908134,13.208135,12.288135,12.328135,12.218135
4.4581347,5.178135,4.908135,5.1881347,5.6081347,5.8581347,5.1481347,5.178135,4.6881347,4.3781347,4.888135,5.0181346,4.638135,4.508135,4.448135,4.528135,4.778135,4.908135,5.7881346,6.6081347,7.6881347,8.488134,9.258135,10.128135,10.418135,11.678135,12.058135,11.8681345,11.508135,12.108135,11.138135,11.578135,13.038135,12.528134,11.948134,15.398135,18.318134,18.598135,18.858135,18.548134,18.088135,17.688135,17.538136,17.428135,17.418135,17.208136,16.838135,16.998135,16.728134,16.088135,15.268135,14.968135,14.248135,13.718135,12.818134,12.388135,12.318134
5.5181346,6.2081347,5.598135,5.6681347,5.3081346,4.8781347,4.158135,2.6881347,3.8981347,3.9581347,4.178135,4.298135,4.048135,3.8681347,4.178135,3.7181349,4.088135,4.6481347,5.3981347,5.5381346,6.2281346,7.098135,8.348135,9.238134,9.968135,10.698134,11.8681345,11.948134,12.768135,12.628135,12.418135,12.858135,13.028134,13.048135,13.448134,18.428135,19.928135,19.608135,18.588135,18.448135,18.158134,17.678135,17.798134,17.408134,17.178135,17.798134,17.238134,16.898134,16.948135,15.768135,14.928135,14.398135,13.728135,13.758135,13.6181345,11.1181345,12.168135
6.8281345,6.738135,5.988135,4.818135,4.428135,4.178135,3.3781347,2.8281348,1.9981347,1.0881348,2.5681348,1.6081347,2.2381349,3.2781348,3.0981348,3.4781349,3.6281347,3.9081347,3.9981349,4.7081347,5.338135,5.7481346,6.9781346,7.6281347,8.628135,9.598135,10.568134,11.428135,12.088135,12.268135,13.608135,13.988134,14.548135,15.418135,17.068134,17.678135,17.978134,17.888134,17.678135,16.948135,16.598135,16.128136,16.928135,16.828135,18.498135,16.358135,17.118135,16.498135,15.748135,15.188135,14.628135,14.188135,13.628135,12.588135,12.208135,10.838135,11.198134
7.3081346,6.988135,6.588135,6.158135,4.818135,4.1681347,3.5281348,2.9981349,1.5681348,0.9981348,0.6881348,0.34813476,0.17813477,0.79813474,0.66813475,0.97813475,1.8381348,2.6981347,3.5681348,4.298135,4.798135,5.238135,5.598135,6.3781347,7.4581347,7.9381347,8.418135,9.548135,10.328135,11.278134,11.998135,12.448134,13.158134,14.028134,14.768135,15.308135,15.8681345,16.098135,16.138134,16.358135,16.488134,16.638134,16.638134,16.298134,16.178135,16.208136,15.958135,15.548135,15.098135,14.518135,13.718135,13.048135,12.828135,12.078135,10.778134,10.3681345,10.728135
6.7081347,7.6481347,6.3281345,6.008135,4.838135,4.528135,4.388135,2.8881347,2.2381349,0.8181348,-0.18186523,-0.49186525,-0.29186523,0.42813477,1.1181347,1.5581348,2.4081347,3.1881347,3.6581347,4.2081347,5.118135,4.238135,4.698135,4.798135,6.2881346,7.2681346,8.158134,8.958135,10.018135,10.648135,11.148135,11.948134,12.808135,13.428135,14.188135,15.588135,16.278135,15.838135,16.058134,16.048134,15.918135,15.898135,15.888135,15.598135,15.248135,15.068134,14.878135,14.158134,13.528134,12.898135,12.438135,12.478135,11.888135,10.688135,9.928135,8.858135,8.828135
6.278135,6.028135,4.588135,3.7981348,3.6981347,3.5981348,2.7181349,1.0681348,0.92813474,0.25813475,0.25813475,0.5681348,1.2781348,2.1981347,3.0581348,3.7481349,4.028135,4.848135,5.5781345,6.178135,6.338135,7.2081347,8.228135,8.558135,9.098135,9.928135,10.698134,11.328135,11.958135,12.648135,13.028134,13.478135,13.988134,14.228135,14.658134,14.908134,15.008135,15.308135,15.638135,15.698134,15.478135,15.088135,14.708135,14.468135,14.178135,13.398135,13.058135,12.388135,11.918135,11.228135,11.168135,10.648135,10.188135,9.508135,9.298135,8.268135,7.4581347
4.9981346,3.8881347,2.9081347,2.4681349,2.1581347,1.1981348,0.8781348,0.27813476,-0.6718652,-1.0918652,-1.2818652,-2.1018653,-1.7318653,-0.77186525,0.22813477,0.98813474,2.1681347,2.9181347,3.6281347,4.5781345,5.4981346,6.3981347,7.6281347,8.388135,8.428135,9.098135,9.678135,10.148135,10.708135,11.278134,11.988134,12.288135,12.388135,12.638135,12.928135,13.198134,13.738134,13.978135,14.428135,14.708135,14.638135,14.038135,13.808135,13.238134,12.418135,11.688135,11.328135,10.978135,10.738134,10.688135,10.568134,9.468135,9.188135,8.648135,8.238134,6.6881347,5.758135
3.2181349,1.7581347,1.5181347,1.0181347,-0.72186524,-1.1118653,-2.1818652,-3.9118652,-5.8518653,-6.3718653,-7.5818653,-7.031865,-7.031865,-6.5218654,-5.341865,-3.2618651,-2.5918653,-1.2018652,0.5181348,0.6381348,2.8381348,3.8781347,5.0181346,6.338135,6.8981347,8.3681345,9.078135,9.448134,9.998135,9.908134,11.088135,10.888135,10.738134,11.338135,11.758135,12.218135,12.138135,12.418135,12.318134,12.598135,12.558135,12.428135,11.988134,11.838135,11.128135,10.258135,10.108135,10.418135,10.588135,8.818134,8.608135,8.068134,6.468135,6.4581347,4.968135,7.1481347,6.8081346
1.0081347,1.1981348,1.2781348,-1.1018653,-2.3318653,-4.111865,-5.9618654,-7.8518653,-9.401865,-10.411865,-12.1318655,-11.251865,-10.951865,-9.871865,-8.941865,-6.741865,-5.511865,-4.9818654,-4.0618653,-2.7918653,-1.6018653,-0.44186524,0.61813474,2.8381348,4.468135,5.618135,6.9181347,7.838135,8.158134,8.328135,8.478135,9.408134,9.258135,8.928135,9.428135,10.668135,10.6181345,10.058135,9.988134,10.568134,10.428135,10.318134,10.428135,10.218135,10.178135,9.418135,8.468135,8.628135,8.958135,8.858135,6.2281346,5.3281345,6.0181346,6.888135,7.1481347,6.9981346,6.508135
-0.13186523,-0.031865235,-1.2818652,-2.6418653,-3.5618653,-5.0018654,-6.6218653,-9.221866,-9.591866,-11.641865,-9.911865,-11.781865,-10.561865,-10.361865,-9.811865,-8.551866,-7.7518654,-6.931865,-6.6018653,-5.611865,-5.0618653,-3.8718653,-2.5118651,-0.6218652,1.1981348,2.9981349,4.2881346,5.4581347,6.348135,6.778135,6.948135,7.408135,7.8781347,8.058135,8.378135,8.768135,8.848135,8.758135,8.628135,8.968135,8.3681345,8.588135,8.718135,7.6681347,8.238134,8.158134,6.4781346,5.678135,5.428135,6.6481347,6.9181347,6.678135,6.298135,6.3081346,7.0181346,7.3781347,6.598135
0.13813476,-0.6118652,-1.7318653,-2.1318653,-2.3318653,-2.6118653,-5.2918653,-3.7318652,1.0181347,1.2181348,2.3981347,1.5481348,-1.9718652,-4.6018653,-4.651865,-1.8218652,-0.8118652,1.4381348,2.9981349,3.1681347,2.3081348,3.5481348,2.5481348,-1.9218652,-1.9718652,0.5181348,2.1781347,3.2381349,3.7881348,4.508135,5.3981347,5.8981347,6.088135,6.4181347,6.7081347,6.588135,6.448135,6.9381347,7.048135,7.508135,7.1281347,7.3981347,7.5381346,6.448135,6.318135,6.0581346,6.3081346,6.8781347,6.118135,6.6681347,7.6881347,8.708135,8.768135,9.178135,9.148135,8.528134,5.5581346
-0.59186524,-1.0018653,-1.1618652,-0.43186525,0.6381348,2.3381348,2.9081347,0.46813476,3.9381347,3.7381349,3.6381347,3.2381349,1.3881347,-1.1318653,-2.1518652,-2.9418652,-1.3818653,-0.121865235,1.3881347,0.98813474,1.7181348,1.6181347,2.4981349,3.0481348,2.6681347,2.1781347,0.47813475,0.45813477,4.0781345,2.5281348,4.738135,4.9581347,5.8781347,5.2481346,5.218135,4.1681347,4.7081347,4.318135,3.5181348,3.4681349,3.3381348,4.298135,4.928135,5.568135,5.7681346,5.6481347,5.988135,6.1281347,5.7081347,8.908134,9.068134,9.148135,9.308135,8.508135,8.638135,7.2281346,5.838135
-1.2618653,-1.4918653,-0.28186524,0.9481348,2.4081347,5.3581347,9.638135,9.268135,8.838135,6.4181347,5.6481347,2.7981348,1.6781348,1.2181348,-0.0018652343,-1.9218652,-1.0918652,-0.77186525,-0.34186524,0.97813475,0.90813476,0.06813476,1.0181347,1.0781348,2.1781347,3.0481348,3.4881349,2.7481349,1.1181347,-0.041865233,1.8281348,2.6581347,3.0881348,2.8881347,3.9381347,4.7281346,4.738135,4.838135,4.448135,4.4981346,4.5381346,4.368135,4.2081347,5.348135,4.8781347,6.9781346,8.428135,8.978135,9.3681345,9.068134,8.528134,8.378135,7.8781347,7.758135,7.528135,6.4781346,5.0381346
-1.3318652,-1.6018653,-0.49186525,0.98813474,2.8481348,5.028135,8.608135,10.078135,8.098135,7.0581346,6.218135,4.568135,0.83813477,1.1781348,-0.051865235,0.26813477,-0.35186523,-0.78186524,-0.84186524,-0.17186524,0.36813477,0.84813476,1.1881348,0.5581348,1.0481348,1.5581348,2.0781348,2.8581347,2.7181349,2.8581347,2.9681349,3.1581347,3.6781347,3.3381348,4.158135,4.448135,3.9281347,3.9581347,4.5381346,2.9181347,9.298135,9.048135,8.838135,8.208135,7.658135,7.758135,7.9181347,8.898135,8.198134,8.298135,8.128135,7.658135,7.7081347,7.698135,7.258135,4.6881347,4.4981346
-0.6818652,-1.1118653,-0.59186524,0.27813476,1.2681347,4.3581347,7.238135,9.708135,8.088135,9.3681345,6.678135,5.4781346,3.3281348,1.7681347,-0.78186524,-1.2818652,0.73813474,-0.6118652,-1.7918652,-2.2218652,-0.9918652,-0.35186523,1.2381347,-0.021865234,1.0781348,0.78813475,0.89813477,0.60813475,1.6381347,1.9181348,2.7081347,2.8281348,2.6881347,3.2381349,4.4781346,4.348135,4.948135,6.9781346,6.778135,7.4181347,7.508135,7.8581347,7.368135,7.1681347,7.3781347,7.8781347,7.698135,7.8281345,8.058135,7.7681346,7.098135,7.4181347,6.5581346,6.718135,5.3581347,4.118135,4.088135
0.7581348,1.6081347,1.4581348,8.298135,8.558135,8.238134,8.538135,8.6181345,8.278134,8.808135,7.488135,4.5781345,4.7681346,1.7381347,-1.5218652,-2.0118651,-1.1018653,-0.5518652,-2.2118652,-2.8418653,-3.2218652,-2.4118652,-1.4718652,0.058134764,0.07813477,0.97813475,1.0481348,1.6381347,2.2981348,1.6081347,4.4781346,4.048135,5.2281346,6.0181346,6.0581346,6.258135,5.968135,5.7681346,5.5381346,6.0781345,6.158135,5.598135,5.6081347,5.4581347,6.0781345,6.508135,7.158135,7.238135,6.9981346,7.5381346,7.048135,6.3981347,5.7881346,4.6881347,3.7881348,3.3881347,2.2281349
1.9281348,4.7281346,6.8981347,8.058135,8.438135,7.118135,7.778135,6.9181347,7.848135,7.1681347,7.1681347,5.3281345,5.3581347,5.0781345,4.0181346,0.9581348,0.39813477,1.4281348,2.1681347,0.32813478,-1.2718652,-2.0918653,-2.0618653,-1.1018653,-0.18186523,-0.041865233,1.2581347,2.3081348,3.0281348,3.2281349,5.0381346,4.838135,5.1881347,4.908135,4.7281346,5.678135,5.068135,4.678135,4.468135,5.338135,4.008135,4.408135,5.818135,5.4781346,5.338135,5.488135,6.1081347,5.9381347,5.348135,5.5581346,5.118135,4.1081347,3.7381349,2.8981347,2.5981348,2.1381347,1.2281348
