wind_kz.json
{"header": {"discipline":0,"disciplineName":"Meteorological products","gribEdition":2,"gribLength":871,"center":7,"centerName":"US National Weather Service - NCEP(WMC)","subcenter":0,"refTime":"2023-10-01T06:00:00.000Z","significanceOfRT":1,"significanceOfRTName":"Start of forecast","productStatus":0,"productStatusName":"Operational products","productType":1,"productTypeName":"Forecast products","productDefinitionTemplate":0,"productDefinitionTemplateName":"Analysis/forecast at horizontal level/layer at a point in time","parameterCategory":0,"parameterCategoryName":"UnknownDiscipline_0_Category_0","parameterNumber":0,"parameterNumberName":"UnknownParameter_D0_C0_0","parameterUnit":"Unknown","genProcessType":2,"genProcessTypeName":"Forecast","forecastTime":180,"surface1Type":1,"surface1TypeName":"Ground or water surface","surface1Value":0.0,"surface2Type":255,"surface2TypeName":"Missing","surface2Value":0.0,"gridDefinitionTemplate":0,"gridDefinitionTemplateName":"Latitude_Longitude","numberPoints":615,"shape":6,"shapeName":"Earth spherical with radius of 6,371,229.0 m","gridUnits":"degrees","resolution":48,"winds":"true","scanMode":64,"nx":41,"ny":15,"basicAngle":0,"lo1":47.0,"la1":41.0,"lo2":87.0,"la2":55.0,"dx":1.0,"dy":1.0}, "data":
[rows 0 to 14 of 15, columns 0 to 40 of 41]
289.5874,281.4874,281.5874,293.4874,293.2874,292.2874,292.1874,295.3874,293.7874,293.3874,292.5874,293.3874,292.6874,292.1874,291.4874,288.4874,287.4874,288.1874,285.2874,290.0874,293.4874,290.4874,289.1874,284.4874,287.4874,288.8874,285.9874,274.8874,272.3874,275.4874,274.6874,273.7874,283.7874,289.3874,290.6874,291.3874,291.2874,289.6874,289.2874,288.7874,289.0874
272.1874,282.2874,292.9874,293.1874,293.4874,291.5874,292.1874,292.5874,292.8874,292.8874,292.7874,291.3874,291.3874,289.5874,286.6874,286.7874,285.5874,284.6874,285.2874,287.5874,287.9874,290.3874,288.5874,281.6874,270.8874,273.6874,280.6874,275.4874,275.8874,274.4874,280.2874,271.1874,276.7874,254.5874,271.9874,286.4874,284.6874,287.6874,290.3874,283.3874,283.5874
282.9874,292.7874,292.9874,292.6874,291.0874,289.9874,290.9874,292.6874,292.4874,291.4874,290.3874,290.8874,289.5874,290.1874,290.1874,286.6874,285.8874,284.6874,286.6874,286.0874,289.6874,287.6874,287.8874,283.5874,284.4874,285.3874,286.5874,285.3874,285.5874,279.7874,273.4874,275.0874,278.3874,278.3874,280.3874,280.0874,274.0874,274.2874,276.0874,271.1874,271.3874
283.0874,291.8874,292.5874,291.7874,290.6874,288.9874,291.6874,291.6874,293.2874,291.9874,290.7874,289.8874,289.7874,289.1874,289.0874,286.9874,286.8874,282.1874,282.9874,282.8874,284.8874,282.9874,287.8874,288.1874,289.1874,289.3874,289.8874,287.5874,284.8874,285.3874,287.4874,285.6874,289.2874,286.0874,286.1874,283.3874,274.1874,267.7874,275.6874,282.3874,286.2874
284.6874,291.0874,291.7874,291.1874,289.8874,291.1874,293.3874,294.0874,294.8874,292.1874,290.1874,288.6874,288.7874,287.5874,286.0874,288.2874,288.2874,287.4874,286.3874,288.9874,288.5874,289.4874,288.7874,287.9874,287.9874,288.1874,285.8874,286.1874,285.3874,285.9874,287.7874,285.3874,276.6874,268.6874,276.1874,285.5874,288.5874,289.2874,289.5874,289.5874,288.9874
282.7874,282.7874,289.5874,290.6874,290.9874,290.2874,291.7874,294.4874,294.0874,291.7874,290.6874,289.4874,288.4874,288.4874,288.2874,287.7874,289.1874,287.4874,287.9874,288.2874,288.6874,288.5874,287.7874,286.7874,286.1874,285.2874,285.0874,286.4874,286.1874,286.4874,285.5874,286.4874,285.1874,283.6874,282.3874,286.3874,277.9874,280.7874,285.2874,287.6874,286.7874
281.2874,281.2874,283.8874,284.8874,285.9874,285.4874,288.3874,293.0874,293.1874,291.7874,289.8874,289.1874,288.8874,288.0874,288.4874,289.2874,288.3874,288.0874,287.4874,286.4874,285.7874,287.1874,287.2874,286.9874,284.9874,284.4874,284.0874,285.7874,284.9874,285.2874,284.3874,284.2874,284.6874,285.4874,285.0874,283.8874,278.9874,274.8874,272.9874,273.5874,282.6874
279.6874,280.6874,282.9874,283.1874,283.7874,285.0874,287.7874,289.2874,291.6874,290.3874,289.5874,289.3874,288.3874,289.2874,289.3874,289.4874,288.4874,288.0874,287.2874,284.7874,284.3874,284.7874,285.4874,285.9874,284.4874,280.5874,280.8874,282.2874,281.0874,282.6874,281.3874,281.7874,280.8874,279.0874,279.7874,280.5874,282.6874,284.8874,281.8874,282.3874,278.7874
278.1874,279.5874,281.1874,281.5874,281.4874,282.8874,284.0874,286.4874,289.0874,290.8874,289.1874,288.3874,288.0874,289.3874,288.3874,289.1874,288.5874,287.5874,286.2874,285.1874,283.1874,282.1874,283.3874,283.4874,282.3874,282.3874,279.8874,279.6874,278.4874,277.1874,278.3874,278.7874,279.0874,279.6874,278.6874,277.0874,277.7874,277.6874,267.3874,270.2874,268.6874
276.7874,279.1874,280.2874,280.5874,281.4874,280.3874,281.9874,283.5874,285.2874,288.2874,286.9874,287.1874,288.9874,288.9874,289.1874,289.0874,288.6874,287.2874,286.2874,285.2874,283.9874,283.6874,283.3874,283.1874,282.6874,281.4874,281.8874,281.5874,280.3874,279.9874,279.3874,280.6874,281.4874,280.8874,279.2874,278.3874,276.6874,273.5874,271.6874,270.4874,269.0874
276.3874,275.9874,278.4874,279.4874,279.8874,279.7874,279.8874,282.0874,282.5874,285.3874,285.8874,285.5874,286.5874,286.3874,287.5874,288.6874,288.0874,287.2874,285.7874,284.7874,284.7874,284.1874,283.2874,282.9874,281.9874,281.4874,279.3874,281.7874,282.2874,282.3874,282.3874,281.4874,280.2874,280.3874,279.2874,277.9874,274.6874,271.7874,272.0874,273.6874,270.3874
274.9874,276.0874,276.2874,277.5874,276.5874,278.6874,278.8874,278.9874,283.6874,283.4874,282.4874,283.4874,285.2874,284.2874,285.4874,286.1874,288.0874,287.3874,287.2874,285.1874,284.1874,283.0874,282.3874,282.0874,281.2874,281.4874,281.3874,282.4874,282.7874,282.3874,281.5874,280.9874,280.2874,277.6874,278.8874,280.2874,279.0874,278.4874,277.8874,281.2874,280.1874
273.5874,274.0874,275.7874,276.4874,276.8874,278.2874,278.2874,278.5874,280.3874,282.9874,282.6874,282.0874,282.7874,282.8874,284.3874,284.0874,284.8874,286.1874,286.8874,284.8874,284.5874,283.2874,282.9874,280.9874,281.5874,282.1874,282.7874,281.8874,281.8874,281.2874,281.4874,280.7874,279.3874,279.0874,278.9874,278.9874,279.3874,282.2874,279.9874,281.2874,278.9874
272.4874,275.1874,280.4874,276.1874,276.3874,276.9874,277.5874,277.4874,279.7874,282.4874,283.3874,280.9874,279.4874,281.8874,282.7874,283.4874,283.9874,284.4874,284.8874,285.0874,284.6874,284.2874,283.9874,283.1874,282.6874,282.1874,282.5874,281.3874,280.5874,281.2874,280.6874,278.9874,278.1874,277.2874,276.9874,275.9874,276.9874,277.9874,280.2874,280.8874,281.7874
273.3874,274.6874,284.1874,274.6874,274.8874,275.9874,277.6874,277.7874,278.4874,281.7874,284.0874,279.1874,280.3874,280.1874,281.2874,282.1874,282.5874,283.7874,283.7874,283.6874,283.7874,283.6874,283.4874,282.8874,282.0874,281.7874,280.7874,279.9874,280.0874,280.3874,279.5874,280.4874,277.0874,276.3874,276.3874,276.5874,277.1874,278.0874,282.0874,282.0874,281.9874
