wind_kz.json
{"header": {"discipline":0,"disciplineName":"Meteorological products","gribEdition":2,"gribLength":1102,"center":7,"centerName":"US National Weather Service - NCEP(WMC)","subcenter":0,"refTime":"2023-08-19T00:00:00.000Z","significanceOfRT":1,"significanceOfRTName":"Start of forecast","productStatus":0,"productStatusName":"Operational products","productType":1,"productTypeName":"Forecast products","productDefinitionTemplate":0,"productDefinitionTemplateName":"Analysis/forecast at horizontal level/layer at a point in time","parameterCategory":2,"parameterCategoryName":"UnknownDiscipline_0_Category_2","parameterNumber":3,"parameterNumberName":"UnknownParameter_D0_C2_3","parameterUnit":"Unknown","genProcessType":2,"genProcessTypeName":"Forecast","forecastTime":60,"surface1Type":103,"surface1TypeName":"Specified height level above ground","surface1Value":10.0,"surface2Type":255,"surface2TypeName":"Missing","surface2Value":0.0,"gridDefinitionTemplate":0,"gridDefinitionTemplateName":"Latitude_Longitude","numberPoints":615,"shape":6,"shapeName":"Earth spherical with radius of 6,371,229.0 m","gridUnits":"degrees","resolution":48,"winds":"true","scanMode":64,"nx":41,"ny":15,"basicAngle":0,"lo1":47.0,"la1":41.0,"lo2":87.0,"la2":55.0,"dx":1.0,"dy":1.0}, "data":
[rows 0 to 14 of 15, columns 0 to 40 of 41]
2.5931385,3.4031384,1.3731384,1.3631384,-0.18686157,-1.2268616,2.0431385,-2.7768617,-0.5968616,-4.4468617,-5.0868616,-5.6668615,-4.4368615,-1.1068616,-0.7468616,0.103138424,-0.41686156,-0.046861574,-1.8668616,-5.2768617,-3.2468615,-3.4468615,-0.40686157,-0.90686154,5.9031386,2.7831385,2.4031384,1.2731384,3.1731384,-1.9968616,-1.9668616,3.4431384,3.7031384,5.1231384,1.8531384,3.4831383,-1.1868615,0.8831384,-1.5468615,-2.0468616,-1.3168616
-1.1068616,1.4931384,2.3231385,2.3531384,0.7731384,-1.9268615,-3.1168616,-2.2268615,-2.7368615,-2.4268615,-4.6068616,-6.6668615,-5.0868616,-0.8668616,0.07313843,-4.1268616,-2.8768616,1.0031384,-0.9768616,-3.4868615,-2.5968616,-2.7568617,-2.2568617,0.103138424,1.1331384,0.92313844,3.0431385,-0.036861572,-0.14686157,-2.7668617,0.25313842,-1.5068616,-0.51686156,-3.0868616,-1.0868616,-10.816861,-7.4968615,-4.4168615,-1.1368616,-3.0168617,-1.0768616
2.1931384,3.6331384,3.1331384,0.6431384,-0.06686157,2.5631385,0.8231384,-1.0168616,-0.9968616,-4.2968616,-4.7768617,-8.296862,-6.2768617,-8.926862,-6.4568615,-7.1668615,-3.4968615,0.48313844,1.0731385,-2.7268615,0.32313842,-5.8768616,0.91313845,2.1231384,-2.6768615,-2.5868616,-3.0068617,-3.1668615,-4.886862,-3.6168616,-3.1868615,-2.5268617,-3.2768617,0.86313844,-2.1768615,3.9331384,-2.5568616,-2.1668615,-0.20686157,1.9231384,-0.6868616
3.8831384,2.1631384,1.2531384,-1.1768615,-1.4168615,-1.9668616,-2.7768617,-4.0068617,-5.3668613,-4.156862,-5.3668613,-1.7768615,-3.1568615,-3.0868616,-8.446861,-8.016862,-4.7668614,0.25313842,3.3131385,1.6231384,0.8131384,-0.016861573,0.44313842,-2.4168615,-3.1268616,-3.2168615,-2.6668615,-3.2668617,-3.6168616,-4.6468616,-6.2168617,-5.1468616,0.9431384,2.6331384,1.2631384,-0.12686157,-2.5768616,-0.9768616,-1.2868615,-1.9068615,-4.9568615
3.8031385,2.4031384,0.72313845,-1.5868616,-4.426862,-6.6868615,-2.1768615,-5.6268616,-6.8968616,-6.9168615,-5.2868614,2.6031384,3.1631384,-2.8068616,-6.9368615,-8.146862,0.21313843,0.41313842,2.2631385,-0.95686156,0.013138427,-0.8068616,1.5531384,0.9431384,-0.116861574,-1.4468616,-4.5568614,-6.656862,-3.5868616,-4.6268616,-5.4968615,-5.7568617,-2.9268615,-2.8468616,1.1031384,3.5731385,-3.8768616,1.0531384,-0.82686156,-1.7768615,-2.4568615
6.4631386,7.1831384,6.573138,2.9431384,-0.38686156,-0.14686157,-2.0868616,-3.5568616,-5.2468615,-6.5568614,-7.0568614,-6.8168616,5.5631385,3.8431385,-1.3768616,-5.886862,-6.6868615,-6.4368615,-7.7368617,-2.4868615,-0.37686157,-0.69686157,0.5731384,-0.63686156,-0.26686156,2.3131385,-1.0768616,-3.6168616,-3.7668617,-2.5968616,-2.3568616,-4.5668616,-4.5168614,-3.8468616,-2.7668617,-0.38686156,-2.1168616,-3.9168615,-3.2168615,-1.0168616,-1.1968616
2.9631383,-2.1068616,4.3131385,5.4931383,6.4731383,5.1731386,3.7931385,-2.2668617,-4.0468616,-6.6068616,-7.3468614,-5.4868617,1.0631385,7.6231384,2.2431383,3.0231385,-3.3768616,-4.656862,4.1331387,-5.6868615,-2.7568617,0.033138428,2.3331385,-0.64686155,1.6831384,-2.3868616,-1.0468615,-1.5368615,2.6831384,-2.1668615,-4.5868616,-3.4368615,-3.1268616,-3.6668615,-6.2368617,-4.9468617,-5.9568615,-6.0468616,-3.7768617,0.15313843,-7.7968616
4.7031384,1.9531385,-2.7168615,-0.6768616,0.09313843,-0.90686154,3.1631384,1.7431384,-3.3468616,-5.3568616,-6.9868617,-5.7368617,-3.1368616,2.6231384,9.193138,9.713139,4.9031386,0.7031384,3.9531384,0.78313845,-1.1668615,2.2831385,2.7731385,-0.89686155,-3.0568616,0.5131384,1.1031384,0.74313843,0.07313843,0.48313844,-2.7668617,-4.1268616,-4.4668617,-6.5768614,-5.0368614,-3.6168616,-1.9368615,-1.4368615,2.5531385,1.4831384,0.28313842
-3.2468615,-6.9668617,-3.1868615,-3.6068616,-3.3768616,-6.0868616,-0.5968616,-3.7068615,-0.6868616,-3.8168616,-4.8668613,-5.2668614,-3.1268616,-3.8768616,-1.9468616,9.433139,8.893139,7.9231386,3.2031384,-1.4268615,-2.2368615,1.1331384,-0.35686156,-0.69686157,0.39313844,-1.1868615,-0.24686158,-0.13686158,-2.4068615,-3.5468616,-1.6468616,-3.8068616,-4.406862,-4.386862,-4.906862,-3.7968616,-4.3168616,-5.7468615,-4.3468614,-2.8768616,-0.42686158
-3.6168616,-2.5768616,-3.6268616,-2.9968615,-3.2268615,-3.7768617,-2.8568616,-0.32686156,0.16313843,-1.1668615,-2.6668615,-3.5368617,-4.0368614,-3.2268615,-1.7568616,-2.7768617,-0.56686157,2.8731384,7.9531384,4.7631383,1.0831385,-1.9368615,-2.1268616,-2.9768615,-2.5168617,-2.1968615,-0.16686158,-0.25686157,-0.76686156,-0.6768616,-1.3368616,-1.4568616,-2.6368616,-3.3768616,-2.8468616,-4.656862,-2.8668616,-2.0268617,-1.6368616,-0.6668616,-1.2868615
-2.6668615,-2.8168616,-2.8668616,-3.2368615,-3.6668615,-2.0868616,1.0731385,2.8131385,2.2631385,0.6431384,-1.2968615,-1.7968615,-2.9068615,-3.7068615,-3.7468615,-1.7768615,-1.6268616,1.2231385,3.0631385,1.8931384,0.68313843,-6.676862,-0.6868616,-1.3368616,-3.3468616,-2.1768615,-2.9768615,-2.0068617,-2.5068617,-0.64686155,0.35313842,-0.83686155,-1.8968616,-2.8868616,-3.1768615,-3.7068615,-1.5568615,-0.7968616,-1.9068615,-1.4968616,-2.0768616
-4.4768615,-5.3068614,-4.2868614,-3.7568617,-2.9668615,-1.2068616,-1.3768616,-1.2868615,2.6631384,0.8231384,-1.9368615,-2.8868616,-2.0768616,-2.7468615,-2.8768616,-4.176862,-4.3368616,-5.3968616,-3.0468616,-1.2868615,0.93313843,1.4731385,1.2131385,1.5031384,2.3931384,1.2431384,-1.9168615,1.1631384,0.9031384,1.1531384,0.103138424,-0.37686157,-1.6068616,-2.0068617,-2.6168616,-2.4768615,-2.2568617,-1.6668615,-0.40686157,-1.8068615,-1.2768615
-0.6668616,-4.156862,-5.7668614,-5.1868615,-5.1868615,-1.6468616,-0.81686157,-2.1268616,-3.0668616,-3.0268617,0.66313845,-0.57686156,-1.3568616,-1.6968616,-4.0268617,-2.8868616,-1.0168616,-3.3668616,-2.8568616,-1.1068616,-0.95686156,-2.4768615,-5.2668614,-2.2068615,0.5031384,0.40313843,-0.76686156,0.46313843,0.8231384,1.1931385,-0.57686156,-1.4268615,-0.8668616,-0.14686157,-3.1868615,-2.7268615,-2.9568615,-2.0868616,-3.4068615,-0.006861572,-1.1868615
-5.8168616,-5.1868615,-2.8968616,-3.8768616,-3.5068617,-3.3268616,-2.5168617,-2.9668615,-3.0068617,-3.3168616,-2.6768615,-2.7068615,-2.3768616,-3.1168616,0.44313842,0.08313843,-1.3868616,-2.7068615,-5.4968615,0.17313842,0.5731384,-0.47686157,3.4031384,4.4231386,3.2531385,2.7831385,2.4631383,1.6331384,0.61313844,-0.6768616,-0.6668616,0.013138427,-1.1268616,-0.7268616,-0.44686157,-1.4668616,-1.8668616,-0.90686154,-1.9068615,-1.2768615,-1.1968616
-1.6168616,-2.5168617,-2.0568616,-2.2068615,-1.8668616,-1.4868616,-0.32686156,0.78313845,0.21313843,-0.9168616,-0.88686156,-2.4268615,-0.9368616,-1.2068616,-1.0668616,-0.35686156,0.48313844,2.0131385,2.5431385,0.39313844,-1.1868615,-2.0568616,-5.656862,-5.2868614,1.3831384,3.1031384,2.4731383,2.2031384,1.9331384,2.1431384,0.7131384,0.30313843,0.6931384,-1.4868616,-0.6268616,-0.31686157,-1.1568615,-0.046861574,-1.1968616,-1.1468616,-1.9768616
