wind_kz.json
{"header": {"discipline":0,"disciplineName":"Meteorological products","gribEdition":2,"gribLength":1025,"center":7,"centerName":"US National Weather Service - NCEP(WMC)","subcenter":0,"refTime":"2023-09-29T06:00:00.000Z","significanceOfRT":1,"significanceOfRTName":"Start of forecast","productStatus":0,"productStatusName":"Operational products","productType":1,"productTypeName":"Forecast products","productDefinitionTemplate":0,"productDefinitionTemplateName":"Analysis/forecast at horizontal level/layer at a point in time","parameterCategory":2,"parameterCategoryName":"UnknownDiscipline_0_Category_2","parameterNumber":2,"parameterNumberName":"UnknownParameter_D0_C2_2","parameterUnit":"Unknown","genProcessType":2,"genProcessTypeName":"Forecast","forecastTime":0,"surface1Type":103,"surface1TypeName":"Specified height level above ground","surface1Value":10.0,"surface2Type":255,"surface2TypeName":"Missing","surface2Value":0.0,"gridDefinitionTemplate":0,"gridDefinitionTemplateName":"Latitude_Longitude","numberPoints":615,"shape":6,"shapeName":"Earth spherical with radius of 6,371,229.0 m","gridUnits":"degrees","resolution":48,"winds":"true","scanMode":64,"nx":41,"ny":15,"basicAngle":0,"lo1":47.0,"la1":41.0,"lo2":87.0,"la2":55.0,"dx":1.0,"dy":1.0}, "data":
[rows 0 to 14 of 15, columns 0 to 40 of 41]
-0.7588672,1.4011328,-2.3888671,-1.9288672,-3.5588672,-3.8888671,-3.438867,-3.178867,-2.418867,-0.34886718,-0.2788672,1.1711328,1.0611328,2.1911328,4.791133,1.7111328,1.1611328,-2.5488672,-2.7588673,-3.0088673,-1.3888671,-1.2188672,0.5511328,2.7011328,-0.79886717,0.7111328,1.8211328,2.2811327,-0.3988672,0.6111328,-1.8088672,1.4811329,-0.068867184,0.5511328,0.7511328,0.021132812,-0.4288672,-1.3488672,-1.5788672,-1.0088671,-1.5288672
-1.0088671,-2.5488672,-1.7688671,-5.418867,-5.188867,-2.6288671,-2.3588672,-2.438867,-0.31886718,0.49113283,2.1011329,1.9811329,2.4711328,2.9211328,0.4111328,-0.46886718,-0.9488672,0.7211328,-1.7588671,-1.0788672,0.07113281,0.2611328,0.6911328,3.551133,1.0611328,0.46113282,0.9811328,0.8711328,1.8011328,0.63113284,0.31113282,0.82113284,-2.188867,1.2511328,0.4511328,2.4311328,1.3411328,-1.3088672,1.6211329,-2.2888672,-1.5988672
-4.838867,-7.338867,-6.9088674,-5.4888673,-3.8988671,-2.8488672,-2.8988671,-1.0388672,0.6711328,1.4211328,2.4111328,3.6311328,3.801133,4.211133,3.2311327,0.70113283,1.7811328,-2.4088671,-0.60886717,-0.068867184,0.8311328,2.821133,4.2211328,5.9711328,1.3311328,3.8511329,3.1311328,3.6011329,3.6411328,0.51113284,0.57113284,-1.1888672,-0.10886719,0.34113282,-0.4888672,1.2311329,0.16113281,0.021132812,-1.3388672,0.09113281,1.0911328
-7.148867,-7.3488674,-5.878867,-3.7888672,-2.698867,-2.178867,-0.4488672,-0.018867187,0.9911328,2.1611328,2.7611327,4.501133,4.8611326,4.771133,3.3811328,2.311133,-3.4988673,-1.3988671,-0.6488672,1.7411329,2.321133,4.021133,3.9511328,5.081133,5.441133,5.4911327,5.5111327,4.871133,7.061133,0.011132812,3.4311328,1.5411328,1.0911328,-1.2588671,1.1611328,2.041133,1.0511328,0.95113283,-1.8488672,-1.0788672,-3.2688673
-5.728867,-4.308867,-4.108867,-3.3188672,-2.438867,-0.61886716,0.14113282,0.9811328,2.081133,2.0911329,2.5311327,1.7111328,2.8711329,-1.7788672,-2.5588672,-5.268867,-4.858867,-2.688867,0.04113281,2.4911327,3.9211328,5.411133,7.771133,7.791133,7.4911327,7.3611326,7.3411326,6.811133,6.8611326,3.4111328,3.4911327,3.4911327,0.3611328,0.6911328,-2.4088671,-0.8088672,-0.31886718,-2.9088671,-2.678867,-2.1488671,-1.5588672
-1.8788671,-2.2788672,-2.9788673,-1.9388672,-1.7488672,-1.1288671,0.14113282,0.8511328,1.1811328,1.3211328,-0.5788672,-3.4888673,-5.4488673,-6.7788672,-5.108867,-4.458867,-4.068867,-2.5388672,0.82113284,1.9911329,2.7411327,3.5311327,4.5111327,6.601133,6.621133,6.9711328,7.601133,1.7511328,3.801133,3.301133,3.8611329,2.811133,2.6111329,2.0211327,2.071133,-3.7688673,1.4511328,-1.0188671,-1.9888672,-2.1488671,-2.188867
0.8411328,0.40113282,-0.3088672,-0.20886719,-0.22886719,0.031132812,0.4211328,0.9611328,0.7511328,0.28113282,-0.9688672,-2.3688672,-3.0488672,-3.3388672,-1.7888672,-1.6988672,-1.1488671,0.24113281,0.0011328125,1.4811329,0.31113282,0.1511328,-0.3388672,1.6111329,3.9711328,4.871133,5.671133,2.5211327,1.9711328,1.3411328,-0.54886717,-3.5488672,-4.2788672,-5.3888674,-4.5088673,-1.3488672,0.3211328,-0.20886719,3.0011327,0.6211328,-1.8588672
-0.058867186,0.21113281,0.2311328,0.9311328,1.4611328,1.5711328,1.2311329,0.7911328,0.6811328,-0.9088672,-1.6688672,-0.7088672,-1.3088672,-1.2288672,-2.6088672,-1.3188672,-0.8988672,0.18113281,0.3211328,0.43113282,-0.6488672,-0.9588672,-2.3388672,-3.0288672,-3.918867,-1.2388672,0.2611328,0.95113283,-0.21886718,-0.9088672,1.8911328,-2.5288672,-1.9788672,0.10113281,-0.7488672,-3.8288672,-3.3088672,-5.898867,-5.728867,-4.548867,-0.9088672
-0.4888672,0.07113281,1.0711328,2.0211327,2.4011328,2.571133,2.4211328,2.0911329,1.6611328,1.6211329,0.4511328,-0.2988672,0.21113281,-0.4188672,-1.3188672,-1.2988672,-0.2688672,-0.068867184,0.20113282,0.12113281,0.011132812,-1.5588672,-1.8088672,-1.5088671,-3.1288671,-2.7888672,-1.7588671,-1.6688672,-0.73886716,-0.068867184,-0.8088672,1.5211328,3.3811328,1.3111328,-3.948867,-3.3588672,-2.0588672,0.6911328,-0.08886719,-0.5388672,0.06113281
2.291133,2.8411329,2.9411328,3.1611328,3.2811327,3.0011327,2.8911328,2.791133,3.0211327,2.4511328,2.9311328,1.4111328,0.8411328,0.95113283,1.4511328,1.1911328,1.2611328,-0.15886718,-1.0488672,-0.2788672,0.3511328,0.4811328,0.28113282,0.16113281,-0.058867186,-0.21886718,-0.8888672,-0.5688672,-1.9888672,-1.6588672,1.7411329,2.2111328,-2.418867,1.9711328,-0.6388672,0.051132813,-2.928867,-0.9688672,1.8511329,1.2811328,-0.8488672
3.321133,4.0111327,4.101133,4.601133,3.821133,3.7311327,3.7211328,3.4111328,3.5911329,3.5311327,4.0111327,4.201133,2.1611328,2.561133,2.2311327,2.3511329,1.6711328,1.6911328,2.1011329,2.5311327,1.1911328,1.0311328,0.51113284,0.31113282,-0.25886717,0.7111328,0.3611328,0.14113282,-0.8288672,0.7211328,0.17113282,-0.6488672,-0.5188672,0.76113284,-0.1288672,-0.5588672,-1.6688672,-0.18886718,1.1411328,-0.068867184,0.7511328
4.431133,4.681133,5.351133,5.001133,5.271133,5.061133,4.3211327,3.821133,3.541133,3.291133,3.3411329,3.8611329,2.8511329,3.3511329,4.331133,3.6711328,1.8011328,3.331133,2.8811328,2.0911329,2.1211329,1.3511329,2.1211329,2.6211329,2.5311327,2.1211329,2.1111329,1.8911328,2.1611328,2.3711329,2.2111328,1.5611328,1.1111329,0.7411328,0.34113282,0.3911328,0.3511328,-0.7488672,0.5411328,0.46113282,0.9411328
4.5111327,5.4911327,4.021133,4.7811327,4.2811327,3.3811328,2.5011327,4.2211328,4.751133,3.4711328,1.0111328,3.1211329,2.821133,3.541133,4.4711328,3.811133,3.7311327,3.581133,2.1211329,2.9611328,2.6111329,2.8411329,2.8511329,1.8011328,1.6811328,2.4911327,2.7311327,3.9011328,4.0111327,2.9311328,2.4011328,2.321133,1.9211328,1.5411328,1.2811328,1.2811328,1.6011329,1.2811328,2.8511329,0.5011328,2.3411329
4.1311326,3.8711329,5.3011327,4.441133,4.481133,3.821133,3.4711328,4.7811327,2.071133,3.4611328,1.0111328,2.9311328,4.6511326,4.291133,1.9911329,3.7611327,2.9311328,3.0011327,3.321133,3.831133,0.8611328,4.441133,3.6711328,2.4811327,2.7211328,3.9311328,3.3511329,3.5111327,3.791133,3.311133,3.1211329,3.291133,1.7011328,2.2511327,1.8111328,2.1411328,1.9511328,2.6311328,3.3811328,2.6011329,3.581133
2.9411328,3.9811327,4.711133,3.6211329,4.171133,4.5311327,4.251133,4.951133,4.3811326,3.561133,0.9711328,3.7311327,2.1011329,3.9711328,1.3811328,3.0211327,4.251133,3.4311328,3.0311327,2.9111328,3.811133,2.9811327,2.8511329,3.3411329,3.2011328,3.4411328,2.7111328,2.5011327,2.7511327,3.2511327,3.7811327,3.8711329,2.2011328,2.061133,2.2611327,3.0011327,2.7111328,4.5711327,4.501133,4.2611327,2.9311328
