wind_kz.json
{"header": {"discipline":0,"disciplineName":"Meteorological products","gribEdition":2,"gribLength":871,"center":7,"centerName":"US National Weather Service - NCEP(WMC)","subcenter":0,"refTime":"2023-09-27T18:00:00.000Z","significanceOfRT":1,"significanceOfRTName":"Start of forecast","productStatus":0,"productStatusName":"Operational products","productType":1,"productTypeName":"Forecast products","productDefinitionTemplate":0,"productDefinitionTemplateName":"Analysis/forecast at horizontal level/layer at a point in time","parameterCategory":0,"parameterCategoryName":"UnknownDiscipline_0_Category_0","parameterNumber":0,"parameterNumberName":"UnknownParameter_D0_C0_0","parameterUnit":"Unknown","genProcessType":2,"genProcessTypeName":"Forecast","forecastTime":300,"surface1Type":1,"surface1TypeName":"Ground or water surface","surface1Value":0.0,"surface2Type":255,"surface2TypeName":"Missing","surface2Value":0.0,"gridDefinitionTemplate":0,"gridDefinitionTemplateName":"Latitude_Longitude","numberPoints":615,"shape":6,"shapeName":"Earth spherical with radius of 6,371,229.0 m","gridUnits":"degrees","resolution":48,"winds":"true","scanMode":64,"nx":41,"ny":15,"basicAngle":0,"lo1":47.0,"la1":41.0,"lo2":87.0,"la2":55.0,"dx":1.0,"dy":1.0}, "data":
[rows 0 to 14 of 15, columns 0 to 40 of 41]
296.39413,286.49414,293.39413,293.19415,293.29413,292.19415,299.89413,306.09415,301.09415,300.49414,302.99414,302.89413,302.79413,301.59415,301.99414,303.99414,305.19415,306.79413,309.49414,309.39413,315.19415,311.39413,315.19415,308.59415,310.39413,314.69415,307.99414,296.49414,292.19415,292.39413,288.99414,285.19415,298.49414,306.09415,306.39413,305.29413,308.99414,309.49414,309.89413,311.99414,312.49414
273.19415,294.39413,292.69415,292.99414,292.79413,291.19415,304.09415,301.89413,301.99414,298.99414,302.79413,302.79413,303.19415,301.89413,303.69415,303.79413,305.39413,308.79413,308.19415,309.49414,310.89413,310.29413,307.59415,299.39413,288.79413,292.49414,300.09415,295.59415,296.69415,289.99414,293.89413,281.59415,292.59415,266.69415,278.79413,302.59415,303.19415,302.89413,307.49414,299.89413,284.69415
297.29413,292.29413,292.59415,292.39413,290.59415,298.49414,298.29413,299.89413,301.29413,299.59415,300.39413,300.89413,302.49414,302.29413,300.29413,303.79413,303.89413,304.79413,306.29413,308.69415,306.49414,309.89413,310.69415,305.79413,308.59415,307.29413,307.79413,306.49414,306.09415,298.99414,282.89413,289.99414,295.89413,295.89413,294.39413,293.29413,285.29413,286.09415,283.29413,283.79413,276.69415
297.69415,291.69415,292.39413,291.49414,292.19415,297.39413,296.39413,298.79413,299.79413,299.99414,299.29413,298.29413,289.49414,288.99414,300.09415,302.59415,301.19415,304.39413,304.99414,306.29413,304.69415,306.39413,305.59415,306.79413,308.19415,307.69415,309.59415,307.89413,305.59415,308.19415,303.59415,303.69415,303.49414,305.69415,302.49414,301.39413,286.79413,274.19415,290.29413,301.09415,302.49414
298.49414,290.59415,291.29413,290.19415,293.19415,296.69415,296.49414,298.69415,297.59415,296.79413,297.79413,298.29413,288.29413,287.29413,285.99414,299.59415,300.59415,299.49414,301.59415,300.29413,302.19415,303.79413,304.49414,304.09415,304.19415,305.59415,304.89413,301.39413,309.79413,308.49414,304.99414,305.39413,291.89413,273.39413,297.49414,302.69415,298.39413,308.09415,308.49414,305.79413,303.29413
297.79413,297.79413,289.29413,290.19415,290.09415,289.59415,298.29413,295.99414,296.29413,296.49414,296.09415,296.19415,289.39413,288.09415,292.79413,298.49414,297.19415,298.19415,297.29413,299.49414,299.29413,297.69415,298.79413,298.89413,299.19415,299.59415,300.89413,286.39413,300.69415,302.89413,303.99414,302.39413,302.89413,305.69415,302.69415,298.99414,296.19415,294.29413,304.49414,300.39413,302.69415
298.29413,299.19415,296.59415,297.09415,295.49414,298.19415,298.49414,296.69415,295.49414,294.89413,296.39413,295.29413,295.59415,296.39413,297.09415,296.79413,297.89413,296.79413,297.79413,293.89413,291.59415,292.19415,292.39413,294.89413,294.19415,294.29413,295.59415,297.39413,299.19415,298.09415,299.09415,299.19415,300.59415,293.79413,296.29413,297.69415,294.59415,289.89413,287.69415,288.99414,297.99414
297.19415,297.79413,297.59415,296.49414,296.89413,298.09415,298.19415,297.69415,296.69415,295.39413,293.99414,291.99414,289.29413,289.99414,290.49414,296.49414,289.69415,293.09415,294.99414,294.49414,290.69415,293.29413,291.39413,290.79413,291.59415,289.39413,288.29413,291.19415,291.29413,295.99414,294.89413,296.09415,298.79413,292.99414,294.59415,292.59415,297.49414,285.19415,298.39413,299.09415,298.29413
295.59415,294.99414,295.29413,295.49414,294.49414,295.79413,296.39413,294.29413,293.79413,292.89413,294.09415,290.99414,290.39413,292.89413,293.29413,290.29413,290.09415,290.09415,285.79413,285.39413,283.09415,284.19415,288.49414,285.89413,287.69415,290.69415,287.29413,288.79413,287.09415,287.69415,288.99414,291.59415,293.79413,291.89413,296.09415,289.99414,294.09415,295.09415,287.79413,285.89413,286.49414
293.09415,293.09415,293.59415,293.49414,292.49414,293.09415,293.09415,292.69415,291.69415,292.39413,291.69415,290.89413,292.29413,292.99414,292.39413,293.29413,290.29413,290.69415,287.99414,286.19415,285.39413,284.29413,285.69415,284.09415,283.99414,282.59415,283.49414,287.09415,288.69415,289.19415,290.49414,290.79413,290.69415,295.99414,296.09415,293.79413,289.69415,287.59415,288.29413,286.79413,284.09415
291.29413,290.99414,290.19415,290.69415,290.89413,290.59415,289.89413,289.89413,289.49414,289.09415,287.99414,288.29413,290.29413,289.19415,290.19415,290.89413,291.19415,292.49414,292.59415,289.09415,284.79413,284.39413,283.79413,284.09415,283.09415,283.29413,280.99414,283.59415,284.19415,286.09415,286.19415,287.09415,287.69415,286.59415,294.49414,291.09415,286.29413,279.59415,286.59415,287.29413,284.79413
287.39413,288.49414,288.19415,287.79413,287.49414,288.19415,288.19415,287.59415,287.89413,287.59415,285.09415,285.49414,286.99414,286.79413,286.99414,288.69415,288.99414,289.39413,290.39413,290.59415,289.99414,289.09415,284.59415,283.59415,284.49414,284.99414,283.59415,284.49414,284.99414,285.19415,285.39413,285.39413,285.29413,283.69415,284.39413,293.79413,294.89413,294.49414,293.59415,294.29413,291.99414
285.29413,287.09415,288.39413,288.59415,288.39413,287.99414,288.39413,285.39413,286.59415,284.09415,282.39413,278.59415,284.89413,284.69415,282.79413,286.09415,286.99414,286.89413,288.49414,287.99414,288.49414,288.59415,288.49414,288.99414,289.49414,291.09415,293.29413,291.29413,286.79413,285.39413,284.29413,283.89413,284.89413,284.69415,284.29413,285.69415,292.39413,293.19415,294.19415,292.99414,291.79413
285.79413,285.99414,285.29413,285.39413,284.99414,282.59415,282.69415,283.89413,285.29413,283.59415,279.89413,276.79413,279.79413,281.29413,284.89413,285.29413,284.89413,282.69415,283.79413,284.29413,287.89413,288.19415,288.89413,289.19415,290.19415,291.49414,291.39413,290.59415,288.19415,288.69415,289.59415,285.59415,285.99414,284.29413,283.99414,283.29413,289.19415,290.39413,292.39413,291.29413,291.89413
284.29413,282.99414,284.29413,284.49414,284.19415,282.79413,281.49414,279.99414,280.59415,279.79413,280.59415,279.79413,277.09415,280.89413,280.79413,282.19415,284.39413,284.59415,285.69415,281.49414,282.09415,282.69415,284.69415,286.49414,286.69415,286.39413,285.69415,287.99414,288.09415,285.89413,285.49414,285.49414,287.09415,286.69415,284.19415,284.59415,284.59415,289.39413,290.79413,292.19415,291.59415
