wind_kz.json
{"header": {"discipline":0,"disciplineName":"Meteorological products","gribEdition":2,"gribLength":1102,"center":7,"centerName":"US National Weather Service - NCEP(WMC)","subcenter":0,"refTime":"2023-08-27T12:00:00.000Z","significanceOfRT":1,"significanceOfRTName":"Start of forecast","productStatus":0,"productStatusName":"Operational products","productType":1,"productTypeName":"Forecast products","productDefinitionTemplate":0,"productDefinitionTemplateName":"Analysis/forecast at horizontal level/layer at a point in time","parameterCategory":2,"parameterCategoryName":"UnknownDiscipline_0_Category_2","parameterNumber":2,"parameterNumberName":"UnknownParameter_D0_C2_2","parameterUnit":"Unknown","genProcessType":2,"genProcessTypeName":"Forecast","forecastTime":300,"surface1Type":103,"surface1TypeName":"Specified height level above ground","surface1Value":10.0,"surface2Type":255,"surface2TypeName":"Missing","surface2Value":0.0,"gridDefinitionTemplate":0,"gridDefinitionTemplateName":"Latitude_Longitude","numberPoints":615,"shape":6,"shapeName":"Earth spherical with radius of 6,371,229.0 m","gridUnits":"degrees","resolution":48,"winds":"true","scanMode":64,"nx":41,"ny":15,"basicAngle":0,"lo1":47.0,"la1":41.0,"lo2":87.0,"la2":55.0,"dx":1.0,"dy":1.0}, "data":
[rows 0 to 14 of 15, columns 0 to 40 of 41]
-1.5944678,-0.78446776,2.0555322,-2.3844678,-8.284468,-10.224468,-10.344468,-10.124468,-11.094468,-5.184468,-5.2244678,-5.4244676,-4.374468,-3.8844678,-2.2444677,-2.3744678,-1.9344678,-1.7444677,-2.9944677,-1.1844678,1.7955322,1.2255322,1.2355323,0.24553223,-0.43446776,-2.4644678,-3.0744677,0.8555322,0.24553223,0.7955322,0.35553223,0.6055322,1.8955323,1.6355323,-2.2544677,-2.834468,-2.834468,-3.6244678,-2.8044677,-1.8644677,-0.6844678
2.0255322,0.40553224,-5.8444676,-9.574468,-11.264468,-11.684467,-8.304468,-12.514468,-7.5344677,-5.834468,-4.7644677,-4.714468,-3.3544679,-2.4944677,-2.0744677,-2.8844678,-1.5944678,-3.2044678,-2.5444677,-1.3944678,-1.2744678,-2.2944677,-1.0144677,-2.4844677,-0.17446777,0.7455322,-0.5644678,1.6555322,0.39553222,0.6155322,0.70553225,0.90553224,0.33553222,-0.06446777,-0.5544678,-0.6244678,-1.2244678,0.9255322,-0.06446777,0.7455322,-3.1644678
-0.8844678,-6.4944677,-10.404468,-11.614468,-12.7344675,-10.034468,-9.144467,-6.464468,-8.144467,-5.4944677,-4.564468,-4.084468,-3.6844678,-3.3144677,-2.9444678,-2.7944677,-3.2744677,-2.9844677,-2.0044677,-1.5544678,-0.22446777,-4.164468,-6.434468,-4.504468,0.8655322,-1.7944678,0.8055322,2.6355321,0.19553223,-0.03446777,-0.084467776,-0.36446777,-0.18446778,1.6055322,1.1055322,-1.2944678,1.4655322,1.1055322,-1.0844678,1.4055322,1.3955323
-7.104468,-10.084468,-11.334468,-11.2344675,-9.424468,-9.644467,-6.894468,-7.374468,-6.084468,-4.7644677,-3.1744678,-4.3844676,-8.074468,-7.454468,-3.2244678,-3.3544679,-3.584468,-3.6544678,-3.4344678,-4.0544677,-4.524468,-3.3744678,-0.014467773,-5.8244677,-5.3244677,-4.314468,-3.9744678,-5.5944676,-0.98446774,1.7055322,2.4455323,1.5555322,4.6955323,4.5755324,0.84553224,1.5355322,-0.094467774,1.8755323,0.035532225,-1.2244678,1.7155322
-7.6144676,-9.444468,-9.454468,-8.874468,-9.574468,-8.344468,-6.504468,-6.7844677,-5.5144677,-4.314468,-3.6144679,-5.0344677,-6.9944677,-7.8044677,-6.964468,-3.2944677,-3.6444678,-3.4944677,-3.2044678,-4.504468,-4.8244677,-4.584468,-4.774468,-3.7444677,-3.6444678,-3.2844677,-3.4344678,-1.8944678,0.78553224,-0.6244678,-1.5544678,1.1955322,-0.43446776,2.9355323,3.915532,3.3455322,6.7555323,1.8255322,-1.4144678,-2.2144678,-5.874468
-5.9944677,-4.9044676,-10.424468,-10.874468,-10.624468,-10.294468,-7.0344677,-5.2644677,-4.3644676,-3.6944678,-3.7144678,-4.334468,-4.8444676,-6.6344676,-5.394468,-2.4744678,-3.1244678,-3.6044679,-4.334468,-4.0344677,-3.7444677,-3.5144677,-3.1944678,-3.3644679,-3.1344678,-4.1944675,-2.8144677,-5.914468,-4.254468,-4.624468,-4.084468,-3.8644679,-2.084468,1.3355322,2.0555322,-0.5544678,1.9055322,2.4055321,3.4055321,-2.3944678,-6.814468
-5.2244678,-5.334468,-6.734468,-7.8244677,-8.504468,-6.0744677,-4.354468,-4.004468,-3.7444677,-3.6344678,-3.7444677,-3.6944678,-3.3944678,-3.0944679,-2.6444678,-2.6044679,-2.5344677,-3.1044679,-3.3744678,-4.1144676,-2.8544679,-3.0044677,-3.3444679,-2.7544677,-2.5644677,-2.4144678,-3.0744677,-2.6844678,-4.4944677,-4.214468,-4.4444675,-4.4444675,-2.0344677,-2.9844677,-0.79446775,0.7355322,0.23553222,0.48553222,0.95553225,0.38553223,5.545532
-4.4444675,-4.644468,-4.7444677,-4.584468,-4.814468,-4.234468,-3.3544679,-3.3444679,-2.8844678,-3.1444678,-2.7244678,-2.9344678,-2.6544678,-2.834468,-2.1444678,-2.1844678,-2.4244678,-2.4844677,-2.5944679,-3.3244677,-2.3444679,-2.334468,-1.9544678,-2.1444678,-2.2144678,-1.4144678,-1.9944677,-1.2644677,-1.5344678,-2.1244678,-3.6544678,-1.7544677,-2.1444678,-1.6444678,-2.584468,1.7155322,4.2555323,7.245532,7.795532,7.4455323,3.8355322
-3.3144677,-3.4044678,-2.8144677,-2.2144678,-2.4444678,-2.3744678,-2.1944678,-2.7744677,-2.6544678,-1.7044678,-1.3644677,-0.98446774,-0.024467774,-0.17446777,-0.5144678,-1.1444678,-1.7644677,-1.9544678,-2.084468,-2.0244677,-1.0744678,-0.97446775,-1.3244678,-1.8044678,-1.8544677,-1.5844678,-1.4344678,-1.4644678,-0.66446775,-0.18446778,-0.5744678,-1.2144678,0.83553225,-0.3144678,-0.014467773,1.5755322,0.6355322,-0.9244678,-0.124467775,0.4955322,0.11553223
-2.8844678,-2.8744678,-3.3044677,-3.2244678,-1.8844677,-1.4244678,-1.4344678,-1.4444678,-0.9344678,-0.77446777,0.16553223,0.9255322,1.8155322,2.0855322,2.0355322,1.9055322,1.7555323,0.7455322,0.34553224,0.0055322265,0.15553223,0.90553224,0.085532226,-0.14446777,-0.9444678,-1.5044677,-1.3244678,-0.71446776,-0.19446777,0.41553223,1.0055323,1.6855322,1.3055322,1.9855323,1.0855322,1.5955322,-0.094467774,1.1355323,0.83553225,0.76553226,1.0555322
-2.1444678,-1.8644677,-2.5644677,-2.5044677,-2.0944679,-1.4244678,-0.24446778,0.07553223,0.13553223,0.32553223,1.0955322,2.2655323,2.2055323,3.2455323,3.4655323,3.3455322,3.3755322,3.4455323,2.4255323,2.415532,2.0755322,1.7755322,2.6455321,2.4055321,2.1055322,2.2855322,1.6255323,1.5455322,1.7855322,2.3355322,1.8355322,2.4655323,1.6755322,0.6955322,1.4955323,0.7355322,-0.77446777,0.045532227,0.10553223,-0.5544678,0.0055322265
-1.2244678,0.0055322265,-0.20446777,-0.44446778,-0.58446777,-0.6844678,-0.79446775,-0.65446776,0.51553226,-0.8144678,0.015532226,3.2755322,3.0955322,3.5155323,4.855532,4.225532,4.1155324,3.915532,2.4755323,2.8755322,2.6855323,2.9855323,2.7455323,2.8055322,3.1155322,3.2655323,3.1455321,3.1055322,3.2355323,3.2955322,1.9255322,2.8755322,2.0755322,2.1455321,2.0955322,1.9955323,2.1955323,0.41553223,0.07553223,0.0055322265,0.17553222
1.3555322,1.0555322,1.7255322,1.2455323,1.3955323,0.31553224,0.37553224,0.4955322,0.59553224,-0.45446777,0.18553223,1.5755322,2.415532,3.8555322,3.7755322,4.015532,3.6255322,3.3955321,2.3655322,3.2555323,2.1055322,2.7255323,3.5955322,2.9755323,4.3455324,3.5255322,3.7855322,3.7255323,3.4955323,3.0255322,3.0955322,2.7355323,2.3455322,1.5855322,2.2855322,1.7255322,0.8655322,0.48553222,0.89553225,1.4255322,1.1055322
1.1655322,1.3855323,1.1655322,1.3255322,0.5055322,0.95553225,1.5655322,1.6055322,2.2755322,0.8055322,0.085532226,0.19553223,2.5655322,3.6855323,4.105532,3.5955322,3.3855321,2.6955323,1.5655322,3.7655323,3.7255323,4.105532,4.8255324,4.375532,3.9455323,3.5355322,2.8355322,3.3555322,2.5055323,2.0355322,2.5855322,1.8955323,2.6155322,2.3455322,2.5655322,2.2755322,1.9255322,2.0255322,1.5355322,1.5455322,2.9655323
0.6255322,1.1155323,0.9355322,0.53553224,1.6355323,1.1955322,2.4255323,2.0155323,2.9955323,0.12553222,-0.9544678,1.6555322,2.0955322,1.5855322,4.1155324,3.4655323,3.6955323,4.0555325,2.6555321,4.035532,4.335532,4.8255324,4.7155323,4.815532,4.435532,3.8455322,3.3655322,2.6255322,1.8955323,1.8955323,2.9855323,4.045532,2.5055323,2.4555323,2.7255323,2.6355321,2.0555322,2.5355322,2.2755322,3.3955321,2.7455323
