wind_kz.json
{"header": {"discipline":0,"disciplineName":"Meteorological products","gribEdition":2,"gribLength":1025,"center":7,"centerName":"US National Weather Service - NCEP(WMC)","subcenter":0,"refTime":"2023-09-24T18:00:00.000Z","significanceOfRT":1,"significanceOfRTName":"Start of forecast","productStatus":0,"productStatusName":"Operational products","productType":1,"productTypeName":"Forecast products","productDefinitionTemplate":0,"productDefinitionTemplateName":"Analysis/forecast at horizontal level/layer at a point in time","parameterCategory":2,"parameterCategoryName":"UnknownDiscipline_0_Category_2","parameterNumber":3,"parameterNumberName":"UnknownParameter_D0_C2_3","parameterUnit":"Unknown","genProcessType":2,"genProcessTypeName":"Forecast","forecastTime":120,"surface1Type":103,"surface1TypeName":"Specified height level above ground","surface1Value":10.0,"surface2Type":255,"surface2TypeName":"Missing","surface2Value":0.0,"gridDefinitionTemplate":0,"gridDefinitionTemplateName":"Latitude_Longitude","numberPoints":615,"shape":6,"shapeName":"Earth spherical with radius of 6,371,229.0 m","gridUnits":"degrees","resolution":48,"winds":"true","scanMode":64,"nx":41,"ny":15,"basicAngle":0,"lo1":47.0,"la1":41.0,"lo2":87.0,"la2":55.0,"dx":1.0,"dy":1.0}, "data":
[rows 0 to 14 of 15, columns 0 to 40 of 41]
-0.10052246,-1.8905225,1.8294775,4.7094774,1.2894776,-2.5805225,-2.8605225,2.2594776,0.24947754,-0.46052247,-1.3105224,-2.2505224,-3.2905226,-4.6205225,-6.2805223,-4.9805226,-2.8905225,-1.1805224,-1.6205225,-0.6305225,0.32947755,-1.3005224,-1.6505225,0.10947754,2.7694776,1.8394775,-0.42052245,2.2294776,0.56947756,2.1194775,1.7894776,1.1394775,0.33947754,0.96947753,2.0894775,-0.10052246,0.22947754,-1.0505224,-1.1605225,-2.7105224,3.1194775
2.3694775,0.46947753,2.2794776,2.4194775,0.94947755,-2.1505225,-1.4605224,0.12947755,1.2794776,0.6794775,-0.78052247,-1.6505225,-2.2105224,-3.5905225,-6.0605226,-6.7605224,-3.5605226,0.24947754,-1.5205225,2.0894775,0.51947755,-1.5205225,-0.99052244,-0.010522461,1.8694775,2.6894774,0.39947754,1.9794775,0.04947754,2.3894775,0.56947756,2.1694775,1.6894776,1.1194775,-0.53052247,-0.93052244,-1.0805224,-1.6005225,-0.84052247,-2.3505225,1.1994776
1.9694775,2.9994776,1.3994775,0.08947754,-2.8905225,-2.7105224,-2.1005225,-0.33052245,-2.7305224,-2.1005225,-0.110522464,-0.92052245,-2.9005225,-3.7805223,-4.0305223,-4.5805225,-3.9605224,-3.9805224,-2.4305224,-0.43052247,-0.7605225,-1.4505224,-1.9105225,-0.40052247,0.14947754,0.36947754,-1.0405225,2.1994774,-0.53052247,-0.03052246,-0.8305225,-0.33052245,-0.75052243,-1.4805225,-0.56052244,1.6294775,0.87947756,-1.2705225,0.07947754,0.37947753,0.56947756
-0.7005225,-1.0805224,-1.7805225,-2.0905225,-2.8805225,-2.3205225,-2.8605225,-1.9705224,-1.9805225,-2.7505224,0.21947753,-0.93052244,-3.0505226,-4.8605223,-4.3705225,-3.5505226,-2.7105224,-2.1205225,-2.5105224,-0.34052247,-1.1405225,-0.78052247,0.6094775,-2.1905224,-2.0005224,-0.46052247,-0.31052247,-0.48052245,0.24947754,-2.0005224,-5.4505224,-4.7705226,3.5394776,1.5494776,1.4794775,-3.6505225,-1.8605225,0.70947754,0.009477539,0.27947754,-0.07052246
-0.93052244,-1.2905225,-1.6405225,-2.2705224,-2.2705224,-2.7305224,-1.9505224,-1.1905224,-2.7705224,-2.0505226,-1.6605225,0.48947755,-1.0205225,-4.8005223,-6.2705226,-6.1705227,-4.7505226,-1.3605225,-1.6605225,-0.110522464,-1.3105224,-2.6105225,-1.2905225,-2.1305225,-2.2705224,-3.0905225,-2.8805225,-1.5905224,-1.2905225,2.0394776,5.4794774,2.1794775,2.1694775,2.9494774,-1.2905225,-0.18052246,0.019477539,-1.1205225,-1.5605224,-1.8305224,-2.8805225
1.8994775,0.7294775,0.62947756,0.059477538,-1.4405224,-3.1505225,-3.2505224,-1.1205225,-2.2005224,-0.56052244,-0.78052247,-2.4405224,-2.5005224,-3.9105225,-4.3605223,-5.2505226,-5.5805225,-4.650522,-4.1805224,-2.4505224,-2.4805224,-1.1505225,1.9094776,1.0194775,-1.2305225,-2.7305224,-2.3505225,-3.4905224,-4.7105227,3.5794775,2.4294775,5.3994775,3.3994775,-1.6905224,-0.22052246,4.0194774,1.3194776,2.0194776,-0.69052243,-1.9405224,-1.9405224
3.4294775,3.1094775,2.0794775,1.2594775,0.26947755,-0.54052246,-2.1205225,-3.0205224,-2.1905224,-2.6605225,-2.4805224,-1.1605225,1.1894776,-1.1905224,-2.3405225,-2.5705225,-3.6405225,-4.4105225,-3.8705225,-3.0605226,-4.1605225,-5.3205223,-1.0605224,-2.2005224,-3.1305225,-1.2105224,-1.8605225,-5.7605224,-4.2705226,0.45947754,0.18947753,0.6194775,0.7294775,0.46947753,-1.5905224,-3.2405224,-2.2605224,-1.4005225,-0.44052246,-0.04052246,-0.13052246
2.1794775,1.4994775,1.2594775,-0.41052246,-1.1605225,-1.3305224,-1.8505225,-2.1005225,-2.0805225,-2.8305225,-2.7105224,-2.5205224,2.6194775,2.1694775,-0.33052245,-1.9105225,-3.0705225,-3.5305223,-2.7005224,-2.2605224,-4.0605226,-2.7205224,-1.8805225,-1.4905225,-2.2005224,-1.6505225,-2.8905225,1.0294776,-4.4505224,-3.8905225,-4.0305223,-2.9605224,0.9294775,1.4294776,3.0494776,3.0094776,1.7694775,1.0094775,-2.2105224,0.21947753,-2.8505225
2.5494776,2.4194775,-0.92052245,0.7294775,-0.10052246,-1.8905225,-1.9005225,-1.9205225,-0.47052246,-1.5605224,-2.5805225,-3.1305225,-3.3005226,3.0494776,3.0394776,0.019477539,-2.3005226,-2.7105224,-4.2705226,-2.7905226,-2.8805225,-2.8305225,-1.0205225,-1.9505224,-1.9505224,-2.2505224,-1.1305225,-1.5305225,-1.1005225,-2.3105226,-4.0205226,-4.0705223,-5.2605224,-4.5705223,-1.6505225,2.5694776,-0.67052245,5.1794777,2.7894776,1.0894775,-2.5605226
0.8694775,2.4394774,1.4994775,0.069477536,-0.99052244,0.32947755,-1.3805225,-0.85052246,-0.13052246,-0.66052246,-0.5705225,-0.8905225,-1.9905225,-2.1405225,3.5194776,2.3394775,-0.42052245,-1.2405225,-1.6905224,-2.2805223,-0.7705225,-1.9705224,-2.5805225,-0.66052246,-1.5405225,-0.28052247,-0.59052247,-1.6705225,-0.69052243,-1.3905225,-2.0605226,-4.3705225,-5.0505223,-4.4305224,-2.4305224,1.8494775,1.4194776,-0.80052245,-0.54052246,5.5794773,3.6694775
-0.41052246,-0.17052247,0.29947755,0.07947754,0.07947754,-0.29052246,-0.74052244,-0.86052245,1.8694775,0.009477539,0.26947755,0.059477538,0.65947753,0.28947753,-0.8805225,2.6394775,-0.18052246,-0.50052243,-1.8705225,-1.1305225,-1.4405224,1.6694776,0.76947755,0.7894775,0.17947754,-0.67052245,-0.30052245,-1.8805225,-1.5505224,-0.84052247,-1.9805225,-2.5705225,-2.6405225,-2.4805224,-3.5105224,0.68947756,1.4294776,2.1794775,3.1094775,1.8794775,0.88947755
1.1994776,1.4794775,1.9294776,0.7394775,0.51947755,-5.2246096E-4,-0.09052246,0.12947755,0.69947755,0.17947754,0.5994775,-0.61052245,-0.35052246,0.8694775,1.1194775,1.4494776,0.8694775,-0.25052246,-0.5805225,0.069477536,-0.54052246,-0.04052246,0.49947754,-0.42052245,0.7294775,0.24947754,1.6894776,1.3894775,2.0794775,-0.48052245,-1.0805224,-0.5705225,-1.9105225,-2.9905224,-2.3105226,-2.3305225,1.6694776,2.5794775,2.9794776,2.7894776,1.7894776
0.9294775,1.0094775,1.5694776,1.5094775,1.0194775,0.20947754,0.81947756,0.76947755,-0.46052247,0.55947757,0.5494775,-0.16052246,0.51947755,0.7994775,1.0594776,1.5794775,1.6194775,0.52947754,-1.1605225,1.1294775,-0.14052247,2.0094776,1.4394776,0.55947757,-1.0905224,-5.2246096E-4,-0.37052247,1.0494776,0.82947755,0.22947754,1.6394775,1.4194776,-1.0505224,-2.5005224,-2.3205225,-1.7805225,-1.9605224,0.009477539,1.4394776,1.3094776,0.88947755
1.4794775,1.2194775,0.49947754,1.1294775,1.3394775,0.9294775,1.2294775,1.0194775,1.0194775,1.2594775,1.2094775,0.009477539,-0.06052246,1.1494775,1.1994776,1.6194775,1.5694776,1.0294776,0.069477536,1.3094776,0.48947755,-0.24052246,0.5494775,1.2894776,-0.67052245,-0.8805225,-2.6105225,1.7294775,1.5094775,-0.12052246,0.29947755,-0.04052246,0.13947754,-0.39052245,-1.6205225,-3.1405225,-2.3605225,-0.56052244,-1.3705225,1.1794776,1.4394776
1.3394775,1.5394776,1.8194776,1.5294776,1.9894775,1.9394776,2.1794775,2.0494776,1.4994775,1.5494776,1.2994776,1.2394775,1.2394775,0.11947754,1.4994775,1.7094775,1.9294776,1.7294775,1.2094775,1.9594775,1.1494775,0.8494775,0.5994775,0.12947755,-1.7405225,-0.98052245,-1.3105224,-1.6105225,0.39947754,-1.1505225,-2.3905225,0.5994775,-0.66052246,-1.5305225,0.95947754,-0.53052247,-2.0705225,-1.6005225,-1.1905224,-1.5205225,0.9794775
