wind_kz.json
{"header": {"discipline":0,"disciplineName":"Meteorological products","gribEdition":2,"gribLength":1025,"center":7,"centerName":"US National Weather Service - NCEP(WMC)","subcenter":0,"refTime":"2024-02-02T00:00:00.000Z","significanceOfRT":1,"significanceOfRTName":"Start of forecast","productStatus":0,"productStatusName":"Operational products","productType":1,"productTypeName":"Forecast products","productDefinitionTemplate":0,"productDefinitionTemplateName":"Analysis/forecast at horizontal level/layer at a point in time","parameterCategory":2,"parameterCategoryName":"UnknownDiscipline_0_Category_2","parameterNumber":2,"parameterNumberName":"UnknownParameter_D0_C2_2","parameterUnit":"Unknown","genProcessType":2,"genProcessTypeName":"Forecast","forecastTime":180,"surface1Type":103,"surface1TypeName":"Specified height level above ground","surface1Value":10.0,"surface2Type":255,"surface2TypeName":"Missing","surface2Value":0.0,"gridDefinitionTemplate":0,"gridDefinitionTemplateName":"Latitude_Longitude","numberPoints":615,"shape":6,"shapeName":"Earth spherical with radius of 6,371,229.0 m","gridUnits":"degrees","resolution":48,"winds":"true","scanMode":64,"nx":41,"ny":15,"basicAngle":0,"lo1":47.0,"la1":41.0,"lo2":87.0,"la2":55.0,"dx":1.0,"dy":1.0}, "data":
[rows 0 to 14 of 15, columns 0 to 40 of 41]
1.2469459,0.3169458,-2.1530542,-1.5830542,-1.1330543,-1.8630542,-2.6730542,-3.543054,-5.793054,-4.233054,-3.8230543,-4.003054,-4.2230544,-3.9730542,-3.0130541,-3.293054,-2.9830542,-3.5830543,-3.9130542,-3.8730543,-6.123054,-2.3630543,0.7869458,-1.5230542,-0.3130542,-1.4830542,-3.1330543,-3.2430542,0.0969458,0.7369458,-0.7330542,2.4069457,-0.6030542,0.006945801,0.8669458,0.8769458,2.196946,2.3469458,2.6669457,1.9869457,2.3569458
2.4269457,-0.8330542,3.716946,2.3269458,-4.353054,-3.7130542,-3.2030542,-1.9530542,-3.4330542,-2.4130542,-1.9430542,-1.5730542,-1.4230542,-1.4930542,-1.0730542,-1.2130542,-2.0930543,-2.2130542,-2.1530542,-2.1530542,-1.1930542,-3.1430542,-2.2130542,-2.4530542,0.026945801,-0.1630542,-1.5030541,-0.2230542,-2.563054,-1.8730541,0.2569458,-1.0730542,3.3469458,-2.0930543,0.2469458,0.4569458,-0.2530542,1.8469458,-0.1630542,0.8469458,-0.2230542
-0.8730542,1.0169458,-3.1730542,-6.853054,-7.333054,-4.5930543,-3.0930543,-2.6130543,-1.8430542,-0.8530542,0.7469458,1.0169458,1.7069458,1.6169457,0.4969458,0.6669458,0.9469458,0.23694581,-0.1830542,0.0569458,-1.4330542,-1.1530542,-1.9930542,-1.9230542,-2.1330543,-2.6930542,-1.8430542,-1.5830542,0.3369458,-0.103054196,-1.6930542,1.6869458,0.7569458,-0.4230542,-0.0730542,-1.1730542,0.8669458,-0.4230542,1.9169458,3.466946,1.0469458
-4.0730543,-4.3030543,-5.6130543,-7.873054,-5.373054,-2.3230543,-1.3330542,0.7069458,1.6269459,1.3869458,1.7469459,3.1269457,3.4869459,2.3069458,2.216946,2.186946,2.186946,0.9169458,0.2069458,0.6169458,-2.4830542,-0.7230542,-2.2330542,-3.063054,-0.7730542,-1.0230542,-1.2430542,-1.9230542,-0.3830542,0.3769458,-3.8730543,-5.213054,-5.0530543,-1.9230542,-1.8630542,-2.8630543,-1.8430542,2.4169457,0.2769458,-0.3030542,-1.1130542
-2.8830543,-3.303054,-3.043054,-1.8230542,-1.6330543,-1.0830542,-0.2330542,1.0769458,0.9469458,1.9069458,2.2369459,3.9169457,2.216946,3.6369457,3.5469458,2.2669458,2.2969458,2.1769457,0.8769458,1.2269458,0.9869458,1.1569458,-1.5130543,-1.4330542,-1.5830542,-0.9530542,-0.2230542,2.0469458,-2.1730542,0.1069458,-0.0230542,-2.2230542,-1.0630542,2.5569458,1.6769458,0.006945801,-0.2930542,-1.4330542,-0.3830542,-0.7530542,-0.5030542
0.6469458,1.4369458,1.0769458,1.3769459,0.1069458,-0.1930542,1.6769458,2.1269457,1.2169458,1.9269458,3.1669457,2.5769458,3.2469459,4.016946,3.3169458,2.7369459,2.4269457,1.9669458,1.5669458,2.1769457,1.9369458,2.6169457,1.5369458,0.016945802,1.0369458,1.1569458,1.4669458,0.7169458,0.4869458,1.0869458,1.4169458,-0.1230542,-0.1630542,-1.0730542,0.8269458,-2.783054,0.6369458,0.076945804,-0.5730542,-0.8530542,0.6169458
2.1669457,1.3469458,2.4269457,2.3669457,0.4569458,1.4269458,1.4869457,0.8369458,2.2569458,2.2969458,2.3869457,3.0569458,3.3269458,5.326946,3.1369457,3.706946,2.936946,3.6369457,0.7069458,2.4769459,4.536946,4.646946,3.436946,2.2469459,2.5369458,3.2569458,3.446946,1.1069458,1.0269458,0.4069458,-1.5430542,-1.0530542,-1.3830543,-2.6730542,-4.413054,-1.9730542,-1.1830542,1.7269458,0.23694581,-0.8630542,0.9869458
0.7669458,-0.0130541995,-1.0330542,-0.6830542,-0.9730542,0.6469458,0.6669458,-0.0630542,2.216946,3.4169457,3.7769458,3.4869459,3.4869459,4.846946,5.1769457,4.7369456,3.9269457,4.1369457,1.9269458,3.456946,6.5269456,4.786946,6.6369457,3.216946,3.4269457,5.016946,3.9969459,-0.0130541995,0.9969458,0.3469458,0.5269458,0.3869458,-2.5230541,1.7969458,2.4969459,-1.4630542,-1.2330542,-4.0330544,-3.6630542,-3.543054,-1.8930542
-1.2330542,-1.1130542,-1.2130542,-0.9730542,-0.5230542,1.0069458,1.3469458,0.6869458,2.956946,3.6069458,4.356946,5.3669457,6.816946,5.826946,6.556946,5.086946,6.2969456,5.356946,5.6769457,5.536946,7.596946,6.836946,6.846946,7.3669457,5.4069457,4.416946,4.9869456,3.3169458,4.086946,0.9769458,3.8069458,3.2969458,7.746946,1.5069458,0.3269458,-2.303054,-0.7230542,-1.0230542,0.1469458,0.8369458,0.7069458
-1.2230542,-1.1130542,-0.7630542,0.4369458,0.3769458,1.0969458,1.3569458,1.5269458,2.456946,3.1269457,4.996946,6.596946,6.4069457,6.836946,8.446946,6.9469457,6.6969457,6.3669457,6.916946,7.8869457,10.276946,9.866946,9.176946,7.726946,8.156946,7.076946,6.1369457,6.166946,6.2169456,4.936946,4.4669456,4.1769457,3.966946,1.8869458,-1.0030541,-1.0630542,-2.9130542,-0.9430542,1.3269458,1.3769459,-0.2130542
-0.8730542,-0.3430542,0.4469458,0.1669458,1.4769458,1.5769458,2.0569458,2.7769458,3.9069457,4.956946,6.4869456,7.306946,7.076946,8.646946,8.176946,7.8869457,9.206945,8.966946,8.316946,10.596946,10.246945,9.806946,9.276946,9.156946,7.606946,7.416946,8.076946,6.536946,5.896946,5.3869457,2.6169457,-0.0530542,-0.1930542,-0.1630542,-2.1730542,-1.9630542,-0.2030542,0.9769458,-1.5530542,1.7669458,-1.5230542
-0.4330542,0.7269458,1.3769459,1.7169458,2.1369457,2.4269457,3.446946,4.076946,3.5769458,3.966946,6.876946,8.286945,7.056946,8.836946,8.916945,8.766946,9.476946,9.686946,10.216946,10.556946,10.276946,11.796946,8.506946,8.466946,8.866946,8.356946,8.016946,7.6369457,6.266946,3.4169457,-1.1830542,-0.4230542,-0.6330542,-1.3630542,-0.5530542,1.1769458,2.4869459,-1.1930542,-0.33305418,0.4969458,-0.3830542
1.3169458,2.3769457,2.0469458,2.5369458,3.4269457,3.1569457,4.186946,4.2769456,5.1969457,5.1969457,5.316946,9.246945,7.206946,8.796946,8.746945,8.866946,9.366946,10.006946,10.206945,10.556946,9.816946,9.716946,8.106946,8.6269455,10.246945,8.406946,7.226946,5.596946,2.0169458,0.0669458,-0.0430542,-0.8430542,-0.8030542,-0.5830542,-0.9330542,0.5669458,2.1069458,-0.0530542,-1.3530542,0.6269458,-1.1730542
2.1669457,2.186946,2.3069458,3.6669457,4.4069457,5.1769457,5.7169456,6.846946,6.6169457,5.7769456,5.7969456,7.396946,10.806946,9.136946,9.676946,8.736946,8.766946,9.536945,9.906946,10.426946,11.586946,9.8769455,8.956945,7.976946,7.936946,7.286946,5.4269457,2.2469459,0.4769458,-0.7830542,-1.2430542,-1.6530542,-1.2930542,-1.1630542,-0.6630542,-0.2830542,1.3269458,0.8769458,-1.6830542,-0.4730542,-0.0330542
1.5969458,3.7369459,5.056946,5.0269456,5.826946,6.6569457,7.956946,7.786946,7.6569457,6.036946,4.766946,8.746945,7.706946,9.636946,8.696946,7.7169456,7.576946,8.646946,9.356946,9.366946,10.656946,10.306946,10.976946,7.1969457,7.2169456,7.646946,3.3669457,0.7169458,-0.6330542,-1.7230542,-1.9530542,-2.7330542,-2.0730543,-1.6030542,-0.5630542,0.5069458,1.6469458,1.6769458,-0.2130542,-1.4930542,-1.5630542
