wind_kz.json
{"header": {"discipline":0,"disciplineName":"Meteorological products","gribEdition":2,"gribLength":1025,"center":7,"centerName":"US National Weather Service - NCEP(WMC)","subcenter":0,"refTime":"2023-09-26T18:00:00.000Z","significanceOfRT":1,"significanceOfRTName":"Start of forecast","productStatus":0,"productStatusName":"Operational products","productType":1,"productTypeName":"Forecast products","productDefinitionTemplate":0,"productDefinitionTemplateName":"Analysis/forecast at horizontal level/layer at a point in time","parameterCategory":2,"parameterCategoryName":"UnknownDiscipline_0_Category_2","parameterNumber":2,"parameterNumberName":"UnknownParameter_D0_C2_2","parameterUnit":"Unknown","genProcessType":2,"genProcessTypeName":"Forecast","forecastTime":120,"surface1Type":103,"surface1TypeName":"Specified height level above ground","surface1Value":10.0,"surface2Type":255,"surface2TypeName":"Missing","surface2Value":0.0,"gridDefinitionTemplate":0,"gridDefinitionTemplateName":"Latitude_Longitude","numberPoints":615,"shape":6,"shapeName":"Earth spherical with radius of 6,371,229.0 m","gridUnits":"degrees","resolution":48,"winds":"true","scanMode":64,"nx":41,"ny":15,"basicAngle":0,"lo1":47.0,"la1":41.0,"lo2":87.0,"la2":55.0,"dx":1.0,"dy":1.0}, "data":
[rows 0 to 14 of 15, columns 0 to 40 of 41]
-1.8043133,-0.07431336,1.4356866,-3.8343134,-4.4543133,-3.1343133,-3.4343133,-5.0643134,-5.304313,-3.5343134,-2.2843134,-2.7843134,-1.4043133,-0.89431334,-3.2243133,-1.7043134,-1.3743134,0.99568665,-1.0743134,0.91568667,2.8756866,0.9556866,-1.1243134,-1.7343134,0.5856866,-1.8043133,-2.3043134,0.51568663,1.1256866,0.49568665,-1.5443133,0.35568663,-0.25431335,1.1056867,-1.0443133,-1.8143134,-3.2543135,-3.3043134,-3.3543134,-3.0243134,-2.0043135
2.1356866,0.44568664,-7.1043134,-6.1243134,-5.5643134,-4.034313,-4.1843133,-5.1543136,-3.2843134,-2.3943133,-3.1143134,-4.4343133,-3.3143134,-2.8043134,-0.93431336,-2.4843132,-0.14431335,-1.6943134,-1.0243133,0.10568664,1.9656867,-2.7643135,-2.3843133,-2.6443133,0.86568666,1.1156867,0.24568665,1.2156867,-0.9143134,-0.52431333,0.42568666,-0.7943134,1.2156867,-1.7943133,0.94568664,-0.52431333,-1.3643134,-0.8543134,-0.25431335,0.69568664,-0.13431336
-1.8443134,-6.8943133,-7.264313,-5.304313,-4.364313,-5.4743133,-3.5743134,-3.1443133,-4.2943134,-3.3343134,-3.4843132,-3.8743134,-2.2943134,-1.3143134,-0.35431334,-0.09431335,-0.07431336,-2.1243134,-0.75431335,-0.6043134,-0.7143133,-2.4443133,-3.6943133,-1.2743133,1.5156866,2.7356865,-1.5643134,2.1456866,-2.0143135,-0.26431334,-1.6943134,1.9156866,-0.22431335,-1.2643133,-0.22431335,-0.41431335,-0.13431336,0.42568666,-0.41431335,1.7956866,1.6156867
-5.784313,-8.074313,-6.054313,-4.4143133,-4.9343133,-3.5443134,-3.4343133,-4.514313,-3.9343133,-3.1143134,-3.7243133,-2.7443132,-1.7843133,-0.19431335,1.5756867,1.3656867,1.0056866,-2.8943133,-2.0943134,-2.0743134,-0.61431336,-1.4043133,0.5856866,-1.0143133,0.44568664,-2.9343133,-4.0043135,-5.094313,-3.3743134,-2.3743134,-1.7543133,-2.9543133,-1.5843134,-2.7843134,-1.9343133,-2.1143134,-1.3843133,1.8556867,0.015686646,-0.13431336,-1.1143134
-6.4643135,-8.594314,-8.664313,-8.424314,-6.5043135,-4.9643135,-4.9343133,-3.6643133,-3.6543133,-1.8643134,-2.5343134,-2.1743133,-0.51431334,0.28568664,-1.6043134,-0.55431336,-0.89431334,-3.2143133,-1.7843133,-1.2743133,0.56568664,-0.32431334,1.1056867,2.6756866,-1.8043133,-5.4243135,-6.6943135,-5.8343134,-5.3843136,-4.284313,-5.4243135,-1.8543134,-1.4243133,1.4856867,0.98568666,1.0656867,-0.8543134,-2.0743134,-2.0043135,-0.86431336,-1.7543133
-4.7243133,-3.9243133,-6.6643133,-6.324313,-6.344313,-6.324313,-3.8043134,-3.0343134,-2.7443132,-2.9143133,-2.6543133,-4.7143135,-4.7443132,-4.554313,-4.4643135,-3.5143135,-3.4243133,-2.7843134,-3.6343133,-2.2143133,-4.2043133,-4.5443134,-0.6643134,-0.7843134,-6.6843133,-6.6443133,-5.6343136,-7.0643134,-4.1443133,-2.8243134,-3.1543133,-2.8943133,-3.1243134,-3.2043133,-2.1043134,-3.0943134,-0.55431336,1.9256866,2.5756867,-4.6043134,-4.7743134
-3.5143135,-2.6343133,-2.7843134,-2.6943133,-2.4843132,-3.6043134,-3.1743133,-3.5443134,-3.1843133,-2.4843132,-3.7143133,-3.4243133,-2.8843133,-2.6443133,-2.7643135,-2.1643133,-2.3543134,-1.5243133,-2.1943133,-3.5143135,-2.3143134,-3.5143135,-2.2743134,-2.9343133,-3.8043134,-6.2943134,-6.324313,-5.764313,-4.4643135,-0.14431335,0.045686647,-4.4243135,-2.8443134,-2.2043133,-2.9543133,-2.0143135,-1.2943133,0.75568664,-0.86431336,1.4356866,1.9256866
-1.4143133,-1.4543134,-2.4743133,-3.6143134,-3.5243134,-3.5843134,-3.5343134,-3.2443132,-2.9143133,-3.5343134,-3.5043135,-3.1943133,-2.6943133,-2.9843132,-2.0043135,-1.1743133,-1.2543133,-1.2343134,-1.5543133,-3.2043133,-2.2343132,-2.1843133,-2.3143134,-3.5943134,-5.9143133,-5.3343134,-6.0843134,-4.9043136,-7.0643134,-5.2043133,-7.1343136,-5.1843133,-6.6843133,-3.3343134,-4.344313,-0.7943134,-0.32431334,2.3856866,1.8356867,3.1256866,0.11568665
-2.6743133,-2.4743133,-2.8343134,-2.8343134,-3.0843134,-3.3243134,-3.0543134,-3.0543134,-3.3043134,-3.2443132,-3.3543134,-3.0343134,-2.8643134,-2.7543135,-2.9843132,-2.4643133,-2.0443134,-3.0643134,-2.7643135,-2.3543134,-2.9043133,-3.6243134,-4.1843133,-3.7443132,-3.7843134,-4.324313,-3.3143134,-3.4043133,-2.5543134,-4.2143135,-5.4843135,-4.4443135,-3.2243133,-3.5743134,-1.7043134,1.0656867,-0.18431336,-2.3543134,-1.2343134,0.29568663,-1.6143134
-1.7843133,-1.1643133,-0.57431334,-1.2643133,-1.8143134,-2.3443134,-2.9243133,-2.7743134,-3.2643135,-3.2143133,-3.3643134,-2.9143133,-2.6843133,-2.7543135,-2.2243133,-1.8343134,-1.8443134,-2.5543134,-3.7443132,-4.2043133,-5.2943134,-4.7143135,-0.8443134,-3.9543133,-4.9843135,-6.3343134,-5.8343134,-6.0243134,-5.6343136,-5.074313,-3.4843132,-2.7543135,-2.3143134,-2.5143135,-1.7043134,-0.24431336,-0.9043133,-0.7243134,-1.7043134,0.21568665,0.72568667
-0.29431334,0.095686644,-0.25431335,-0.18431336,-0.31431335,-0.99431336,-1.5543133,-1.6543133,-2.0943134,-2.7443132,-2.4243133,-1.3043133,-2.8443134,-2.7343132,-2.4143133,-2.7943134,-3.4043133,-2.9643133,-4.1543136,-4.074313,-3.1043134,-3.5443134,-4.6343136,-5.3743134,-5.2743134,-6.014313,-3.9543133,-5.324313,-4.5443134,-3.0443134,-3.0043135,-3.0043135,-2.9543133,-2.6143134,-2.0543134,-0.88431334,-1.2143134,-0.73431337,0.19568664,-0.22431335,-0.40431336
0.07568665,0.54568666,1.2656866,0.97568667,1.0756867,-0.07431336,-1.0543133,-1.7543133,-1.5443133,-2.0943134,-1.8443134,-1.4843134,-2.0143135,-2.5743134,-1.9443134,-2.3343134,-2.8743134,-2.9743133,-3.4843132,-3.0043135,-3.3043134,-3.2643135,-4.3943133,-4.7943134,-4.9943132,-5.1443133,-4.9243135,-3.9343133,-3.7443132,-3.3643134,-2.7843134,-2.6443133,-2.0743134,-2.8143134,-1.9643134,-2.6243134,-2.8643134,-1.6843133,-0.83431333,-0.14431335,-0.10431335
1.3456867,1.2156867,1.4356866,1.4356866,1.5356866,-0.33431336,-1.4843134,-1.1243134,-1.1343133,-1.3043133,-0.98431337,0.095686644,-0.62431335,-1.3343134,-0.29431334,-0.75431335,-1.0643134,-1.2443134,-0.7943134,-1.7243134,-2.6243134,-2.8243134,-1.7743133,-3.0643134,-3.1143134,-3.2543135,-3.0343134,-3.2943134,-3.3143134,-3.0043135,-2.7143133,-2.3743134,-2.6643133,-2.8843133,-2.3743134,-1.8443134,-2.1743133,-0.58431333,-1.7043134,-1.6043134,-0.70431334
0.9656866,1.0856867,2.7956867,1.9156866,0.10568664,-0.83431333,-0.75431335,-0.40431336,-0.48431337,-0.30431336,-1.1543133,-0.52431333,1.4356866,0.7856867,0.5256866,0.41568664,-0.47431335,-1.5343133,-1.8343134,-1.7143134,-2.3443134,-2.4343133,-2.4143133,-2.4843132,-2.4043133,-2.4443133,-1.9843134,-2.2843134,-2.7443132,-2.6443133,-2.2443132,-2.3343134,-2.5743134,-2.5743134,-2.0343134,-2.1943133,-2.1843133,-1.9643134,-1.6743133,-0.73431337,0.5956867
0.055686645,1.2756866,1.1256866,0.39568666,0.66568667,0.26568663,0.45568666,-0.044313356,-0.07431336,-0.26431334,-0.5443134,-0.55431336,-0.024313355,0.75568664,1.1856866,0.99568665,0.6456866,-0.124313354,-0.7143133,-1.0043133,-1.1343133,-0.94431335,-0.64431334,-0.47431335,-0.68431336,-0.044313356,-0.23431335,-0.93431336,-0.87431335,-1.0543133,-0.99431336,-1.8543134,-1.5743134,-1.4243133,-1.1243134,-1.1043134,-1.2243134,-0.69431335,-0.29431334,-0.29431334,-0.37431335
