wind_kz.json
{"header": {"discipline":0,"disciplineName":"Meteorological products","gribEdition":2,"gribLength":1025,"center":7,"centerName":"US National Weather Service - NCEP(WMC)","subcenter":0,"refTime":"2024-02-03T00:00:00.000Z","significanceOfRT":1,"significanceOfRTName":"Start of forecast","productStatus":0,"productStatusName":"Operational products","productType":1,"productTypeName":"Forecast products","productDefinitionTemplate":0,"productDefinitionTemplateName":"Analysis/forecast at horizontal level/layer at a point in time","parameterCategory":2,"parameterCategoryName":"UnknownDiscipline_0_Category_2","parameterNumber":2,"parameterNumberName":"UnknownParameter_D0_C2_2","parameterUnit":"Unknown","genProcessType":2,"genProcessTypeName":"Forecast","forecastTime":240,"surface1Type":103,"surface1TypeName":"Specified height level above ground","surface1Value":10.0,"surface2Type":255,"surface2TypeName":"Missing","surface2Value":0.0,"gridDefinitionTemplate":0,"gridDefinitionTemplateName":"Latitude_Longitude","numberPoints":615,"shape":6,"shapeName":"Earth spherical with radius of 6,371,229.0 m","gridUnits":"degrees","resolution":48,"winds":"true","scanMode":64,"nx":41,"ny":15,"basicAngle":0,"lo1":47.0,"la1":41.0,"lo2":87.0,"la2":55.0,"dx":1.0,"dy":1.0}, "data":
[rows 0 to 14 of 15, columns 0 to 40 of 41]
-0.22185059,-0.9018506,3.3181493,-2.1718507,-1.1018506,-1.9318506,-3.1618507,-4.2118506,-4.3818507,-2.3818505,-3.3518505,-4.071851,-3.9018507,-3.3618505,-2.5618505,-2.1518507,-1.8418506,-1.7318506,-3.2418506,-3.5018506,-3.5418506,-1.2618506,-1.2318506,-2.4518507,0.20814942,-2.1818507,-4.1718507,-3.2818506,1.6081494,0.8081494,-1.1418506,2.5781493,0.15814942,0.008149414,-0.5218506,0.21814941,1.2781494,1.7681494,1.6981494,1.8081495,2.5181494
2.8781495,0.7581494,-3.1818507,-7.6018505,-3.6018505,-3.6918507,-2.8218505,-3.5718505,-3.5718505,-3.6718507,-3.5318506,-4.1218505,-3.3418505,-1.8218505,-1.5918506,-1.8418506,-2.1518507,-3.0118506,-1.7218506,-2.6018505,-2.3518505,-2.1118505,-0.61185056,-4.0818505,-0.4518506,1.1681495,-1.3618506,0.9781494,-3.5118506,-2.2018507,0.19814941,-0.9618506,2.7281494,-3.2218506,0.028149415,0.37814942,1.0481495,0.9981494,0.64814943,0.40814942,-1.8018506
1.0681494,-3.8118505,-8.621851,-7.6818504,-5.4418507,-5.1118507,-4.2218504,-2.6218505,-3.9718506,-3.4818506,-3.4018507,-3.5218506,-3.0018506,-3.0318506,-2.8918505,-3.0818505,-4.1418505,-2.8618505,-2.2318506,-1.2418506,-0.041850585,-1.7718506,-3.0718505,-2.1918507,1.0081494,0.2681494,0.14814942,-0.3818506,-0.8418506,-0.6318506,-1.6818506,3.1681495,0.5281494,-0.0018505859,0.7881494,-0.49185058,0.018149413,0.4281494,0.2681494,2.4181495,2.5681493
-3.0218506,-6.571851,-8.811851,-7.551851,-6.2718506,-4.2218504,-2.6018505,-2.6218505,-2.3518505,-2.8218505,-2.8318505,-3.0618505,-2.5518506,-2.5918505,-2.5618505,-2.6218505,-2.3318505,-1.8418506,-1.4418505,-0.4518506,0.4481494,-1.5118506,0.9981494,0.24814941,-0.7018506,-1.0818505,-0.4218506,-2.4118507,0.3681494,0.9381494,-3.2118506,-3.7318506,-3.3718505,-1.8718506,-1.2818506,-2.0218506,-1.9218506,2.9881494,2.1381495,0.08814941,1.2881494
-6.5918508,-7.1518507,-7.031851,-5.3418508,-4.1818504,-4.0218506,-2.9318507,-1.7518506,-2.2218506,-1.3518506,-1.2518506,-1.4118506,-1.8318505,-2.0918505,-2.0818505,-1.0718505,-0.8418506,-0.46185058,-0.13185059,-0.3018506,0.008149414,0.94814944,-0.34185058,-0.2718506,-0.80185056,-0.5218506,0.3681494,1.9181495,1.1381494,-0.3018506,2.5181494,-0.6318506,-1.7618506,1.9681494,3.1581495,0.5081494,0.19814941,-2.0418506,-0.47185057,-1.4718506,-2.5618505
-5.571851,-4.551851,-4.4618506,-4.1618505,-3.7418506,-3.4218507,-3.9018507,-3.7618506,-2.4718506,-2.9918506,-3.1318505,-2.1218505,-1.8418506,-2.2218506,-1.4118506,-1.0518506,-0.34185058,0.7781494,1.1881495,-1.2818506,0.09814941,0.9881494,1.5181494,0.9981494,0.23814942,1.6881495,4.0381494,2.5181494,2.8681495,2.7081494,3.0881493,3.1681495,0.118149415,0.7781494,0.94814944,-0.18185058,1.6881495,1.7981495,-0.73185056,-2.2918506,-2.0818505
-4.5418506,-4.321851,-4.2218504,-4.0818505,-3.9818506,-3.8518505,-3.8818505,-3.8218505,-3.9618506,-3.3118505,-2.5118506,-1.7618506,-1.8118505,-0.5918506,-0.34185058,-0.54185057,-0.22185059,0.9181494,0.5381494,0.08814941,2.1681495,2.0381494,1.8281494,1.8281494,2.6081495,2.0081494,4.1881495,3.3781495,1.9081494,1.8381494,1.2381494,1.4981494,1.5081494,-2.0618505,-1.5318506,-0.9018506,-1.4218506,2.4981494,1.5981494,1.0081494,-0.11185059
-3.4718506,-3.3718505,-3.2118506,-3.0818505,-3.1118505,-2.9918506,-2.8918505,-2.6618507,-1.9618506,-2.3018506,-1.6518506,-1.3518506,-0.031850588,-0.021850586,0.82814944,0.6081494,0.82814944,0.8581494,-0.0018505859,1.0181494,3.3881495,2.9081495,2.8981495,1.6881495,2.6681495,1.8181494,6.198149,1.7581494,6.3581495,2.7381494,2.6581495,4.9981494,0.21814941,2.2081494,6.0581493,11.048149,-2.6818507,-5.071851,-5.2418504,-5.7618504,-2.3118505
-2.9318507,-2.6218505,-2.6618507,-2.5518506,-2.1118505,-2.3218505,-2.6718507,-3.1618507,-2.4918506,-1.7318506,-1.0118506,-0.47185057,1.9881494,1.8781494,1.8681494,1.1681495,1.5681494,1.1081494,1.7481494,2.1181495,3.5781493,3.5281494,3.0881493,3.3081493,3.7381494,3.8381493,3.5981493,5.4381495,6.6581492,7.3481493,7.2381496,6.5481496,8.208149,5.6081495,7.6181493,7.4981494,1.2781494,-1.2118506,-0.5618506,0.5281494,0.7281494
-3.2318506,-3.6818507,-3.6518507,-4.1718507,-3.6318505,-3.1518507,-2.7118506,-2.2718506,-1.2918506,-0.7618506,-0.60185057,0.5381494,0.13814941,1.3081495,1.7181494,0.64814943,0.4881494,-0.3218506,0.46814942,1.0881494,2.6181495,3.0481493,1.3181494,-1.0418506,0.7381494,1.4981494,1.9281495,3.1381495,5.5381494,6.6581492,5.5081496,-0.24185058,-0.7618506,1.8281494,4.2281494,4.4081492,0.22814941,-0.5118506,3.4481494,1.4581494,0.17814942
-3.9418507,-4.3518505,-4.5118504,-4.031851,-3.3718505,-3.1818507,-3.2218506,-3.0118506,-2.0718505,-1.2318506,-0.011850586,0.6181494,-0.61185056,1.4781494,0.2981494,0.078149416,-0.7018506,-0.4218506,-1.5718505,-1.0618505,1.2781494,1.6681495,2.4081495,2.3181493,2.7381494,2.3981495,6.2981496,6.0481496,6.5981493,7.1181493,5.5481496,3.5581493,4.8281493,4.428149,4.6381493,3.4281495,2.3181493,1.3381494,1.2181494,3.1981494,1.1381494
-4.321851,-4.2218504,-4.551851,-4.1018505,-3.7618506,-2.7618506,-2.8918505,-2.4518507,-1.6818506,-1.1018506,-1.1718506,1.8381494,1.7081494,-0.24185058,0.7581494,-0.13185059,-1.1018506,0.9881494,0.018149413,2.4381495,2.0281494,3.5381494,3.4481494,3.6081495,4.448149,5.2381496,6.0681496,6.9081492,6.8881493,6.448149,5.3081493,5.7781496,5.5281496,4.698149,4.6481495,4.5381494,6.6181493,8.31815,6.3381495,6.0081496,5.6181493
-3.9018507,-4.3918505,-3.7818506,-3.0518506,-2.3918505,-1.8218505,-1.7118506,-1.4918506,-2.0118506,-0.6918506,-0.8918506,1.0281494,0.9081494,2.4881494,0.8381494,-0.031850588,1.8581494,2.7081494,2.1081495,3.1181495,2.9581494,3.9381495,4.698149,5.6581492,6.4881496,6.6681495,6.9581494,7.218149,7.4081492,7.1281495,6.5481496,6.6581492,6.2581496,6.0381494,6.4081492,6.2381496,5.6881495,4.198149,7.1881495,6.3281493,6.0281496
-3.5218506,-2.6618507,-1.7818506,-2.3218505,-1.3118505,-1.2018505,-1.1918505,-1.6818506,0.27814943,0.10814942,-1.2518506,-0.041850585,2.1581495,1.7781494,2.5681493,2.0581493,2.7581494,3.6881495,2.8581495,4.2781496,4.8781495,5.4781494,6.3281493,6.6281495,6.8881493,6.9781494,7.1481495,7.3381495,7.1181493,7.3781495,7.3581495,6.948149,6.5581493,6.5181494,5.8181496,5.8681493,4.7581496,5.2581496,6.3081493,5.3981495,5.0281496
-1.7518506,-1.8718506,-1.2518506,-1.4018506,-1.0018506,-0.5118506,0.8681494,0.40814942,1.2881494,-0.051850587,-0.4818506,0.40814942,1.6081494,1.2481494,5.448149,4.2581496,5.3481493,4.8981495,3.8681495,4.9981494,4.6681495,5.4981494,5.7281494,6.2581496,6.6281495,6.8181496,7.218149,7.6481495,7.8381495,7.8481493,8.308149,8.90815,8.008149,7.6381493,7.6581492,7.698149,6.4581494,7.4881496,7.7081494,6.3281493,4.5581493
