wind_kz.json
{"header": {"discipline":0,"disciplineName":"Meteorological products","gribEdition":2,"gribLength":1025,"center":7,"centerName":"US National Weather Service - NCEP(WMC)","subcenter":0,"refTime":"2023-08-07T12:00:00.000Z","significanceOfRT":1,"significanceOfRTName":"Start of forecast","productStatus":0,"productStatusName":"Operational products","productType":1,"productTypeName":"Forecast products","productDefinitionTemplate":0,"productDefinitionTemplateName":"Analysis/forecast at horizontal level/layer at a point in time","parameterCategory":2,"parameterCategoryName":"UnknownDiscipline_0_Category_2","parameterNumber":3,"parameterNumberName":"UnknownParameter_D0_C2_3","parameterUnit":"Unknown","genProcessType":2,"genProcessTypeName":"Forecast","forecastTime":240,"surface1Type":103,"surface1TypeName":"Specified height level above ground","surface1Value":10.0,"surface2Type":255,"surface2TypeName":"Missing","surface2Value":0.0,"gridDefinitionTemplate":0,"gridDefinitionTemplateName":"Latitude_Longitude","numberPoints":615,"shape":6,"shapeName":"Earth spherical with radius of 6,371,229.0 m","gridUnits":"degrees","resolution":48,"winds":"true","scanMode":64,"nx":41,"ny":15,"basicAngle":0,"lo1":47.0,"la1":41.0,"lo2":87.0,"la2":55.0,"dx":1.0,"dy":1.0}, "data":
[rows 0 to 14 of 15, columns 0 to 40 of 41]
2.8020728,3.1120727,-2.3979273,1.7020727,-1.9579272,-5.287927,-5.3979273,-3.8779273,-0.47792724,-2.2579272,-4.077927,-4.907927,-4.827927,-4.4179273,-5.1679273,-6.927927,-6.6979275,-7.177927,-7.307927,-7.5079274,-6.887927,-5.347927,-0.72792727,-0.78792727,5.4320726,1.9620727,1.7620728,1.6320728,-1.6679273,0.7820728,0.47207275,1.9720727,2.2220728,4.7020726,1.3420727,2.7620728,2.4320726,2.3820727,1.7720728,0.38207275,-2.3879273
-3.1279273,-3.2579272,-2.1179273,-2.2079272,-3.0979273,-4.247927,-1.9979272,-3.4179273,-2.0179272,-1.6379273,-2.9879272,-2.8379273,-3.7979271,-4.2579274,-6.0679274,-5.847927,-5.327927,-6.517927,-6.5879273,-7.9879274,-6.8779273,-7.3779273,-2.3579273,-1.0579273,-0.34792724,1.7320727,1.9520727,0.0020727539,0.6520727,-1.4579272,-1.5079273,-2.5979273,-2.8479273,-0.53792727,1.4220728,5.5320725,1.1920727,3.9520729,0.6620728,-0.19792725,-0.21792725
-4.747927,1.0420728,-1.6379273,-2.4679272,-2.2479272,-0.98792726,0.46207276,-1.4279273,-2.2179272,-2.6079273,-3.7579272,-2.2979271,-2.4279273,-4.4679275,-5.867927,-4.2579274,-4.9679275,-5.6079273,-6.017927,-7.2579274,-8.107927,-0.7079272,-8.087927,-3.0679274,-4.097927,-2.8079271,-3.6579273,-2.3379273,-2.6979272,-1.2579273,-2.6279273,-0.43792725,-2.2179272,-4.887927,-4.157927,4.212073,-1.8479272,1.8620727,-1.8979273,3.9820728,-0.41792724
-2.9979272,-1.8579272,-2.1279273,-4.747927,-1.8979273,-1.5279273,-5.387927,-2.5679274,-2.6579273,-2.7979271,-3.4179273,-3.1379273,0.42207277,-1.3179272,-2.9979272,-5.6279273,-3.9079273,-3.4879272,-4.977927,-5.2179275,-5.9679275,-4.5879273,-4.6679273,-2.6679273,-3.4279273,-3.4579272,-3.5479271,-3.4279273,-2.4879272,-3.1479273,-1.9279273,-0.61792725,1.9220728,1.7420727,-1.6979272,0.48207274,0.21207276,0.32207274,-1.1579273,-2.1879272,-2.3379273
-0.14792724,0.40207276,-2.5179272,-4.5479274,-7.3979273,-7.2779274,-7.367927,-3.2479272,-4.457927,-3.1779273,-2.9779272,-3.7279272,4.042073,3.3420727,2.2020729,-0.34792724,-0.98792726,-1.8379272,-3.2479272,-2.6079273,-1.1979272,-2.1079273,-2.5379272,-1.8779273,-0.9079273,-1.5379273,-3.0379272,-7.347927,-3.0179272,-3.7179272,-5.247927,-2.2579272,-1.9979272,-2.5879273,0.92207277,0.74207276,0.64207274,-0.54792726,-0.117927246,0.52207273,-0.38792723
-4.327927,-1.9179273,3.7220728,1.5320728,-2.7779272,-3.6079273,-5.2579274,-5.3579273,-6.617927,-5.2979274,-4.5279274,-4.4879274,-3.2579272,6.402073,4.362073,-0.117927246,-1.9079273,0.13207275,-0.38792723,-0.47792724,0.71207273,0.55207276,0.022072755,-2.2579272,-2.0679274,-0.86792725,4.1420727,-1.0379273,-5.137927,-1.8879273,-3.1179273,-4.3979273,-4.157927,-4.207927,-2.1579273,6.5620728,-2.1379273,3.9320726,2.6820726,-0.46792725,-0.24792725
-4.2979274,-5.347927,-4.6679273,-4.6079273,-4.097927,-5.907927,-6.3379273,-6.6679273,-6.407927,-5.5879273,-5.157927,-3.8279274,-3.8379273,-3.5379272,-4.0479274,1.1120727,1.7020727,-0.17792724,0.71207273,2.6220727,0.80207276,1.9720727,0.74207276,1.6320728,1.6020727,-0.31792724,1.2720728,2.6920729,5.612073,5.0620728,1.1120727,-2.3279274,-3.4479272,-3.9879272,0.99207276,0.26207274,1.7720728,-3.0279272,-1.2079272,0.8420727,2.3820727
-4.427927,-5.2779274,-5.5679274,-5.637927,-6.077927,-6.6279273,-6.6679273,-6.1279273,-5.9479275,-5.767927,-4.9679275,-5.3179274,-5.0279274,-4.7779274,-4.2379274,-5.6079273,-3.9679272,-2.5379272,0.31207275,0.7220728,2.1420727,1.0520728,0.86207277,1.2720728,-0.85792726,0.23207276,0.41207275,0.92207277,2.0920727,2.9320726,0.6020728,-0.5279272,-0.39792725,-2.2579272,-1.6279273,-1.2279272,-1.4079273,-1.6079272,0.062072754,1.7820728,3.5620728
-3.5979273,-4.9879274,-6.3579273,-6.177927,-6.3379273,-5.617927,-4.9179273,-5.037927,-5.6279273,-5.6079273,-5.0079274,-5.207927,-4.517927,-4.9179273,-4.8379273,-5.327927,-5.1079273,-4.557927,-2.9779272,-1.3579272,0.57207274,2.3920727,0.8520728,2.6620727,2.9720728,1.8020728,2.3420727,0.6020728,1.6420728,1.8120728,0.87207276,1.1320728,-2.7779272,-0.43792725,0.12207276,1.2220727,1.9120728,-2.3279274,-1.2079272,0.23207276,0.99207276
-3.6779273,-5.137927,-5.707927,-4.8779273,-5.7579274,-5.787927,-5.8579273,-5.3579273,-4.9179273,-4.867927,-4.707927,-4.747927,-4.5079274,-5.4879274,-5.1679273,-6.0279274,-6.977927,-5.387927,-5.3579273,-5.157927,-3.9779272,-2.8979273,0.55207276,3.5020728,3.4320726,1.1620728,2.0320728,-0.46792725,-1.2179272,1.4920727,-0.027927246,0.68207276,1.5820727,2.8620727,1.1420728,-0.8979272,1.6020727,1.0720727,0.44207275,-1.0179273,-1.9379272
-3.8579273,-4.637927,-3.7679272,-4.077927,-4.637927,-5.097927,-6.997927,-6.577927,-7.907927,-8.9079275,-6.2379274,-6.2179275,-8.667927,-8.427927,-5.677927,-3.7979271,-3.8079271,-4.787927,-4.057927,-4.5479274,-4.137927,-4.827927,-6.3179274,-0.037927248,5.0320725,4.9720726,3.2420728,0.8520728,0.47207275,-0.85792726,-0.09792724,1.3920728,3.7620728,2.7520728,3.1020727,2.4420729,-0.74792725,-1.6579273,0.51207274,-1.3879273,-0.5879272
-2.1679273,-4.9479275,-5.6679273,-6.0479274,-4.3579273,-5.327927,-4.827927,-3.0479271,-3.3079271,-5.847927,-5.5279274,-4.457927,-3.1179273,-5.1079273,-4.9679275,-5.827927,-5.6079273,-5.5679274,-4.7979274,-4.247927,-3.3679273,-3.6079273,-2.4479272,-2.0079272,1.4820727,3.9320726,1.9220728,2.7420728,1.1520728,1.6920727,1.6920727,3.0720727,0.32207274,2.7320728,-2.7079272,2.5920727,0.55207276,3.7120728,1.0420728,-0.69792724,-0.37792724
1.5920727,-2.8579273,-2.0279272,-3.7179272,-5.1879272,-3.8879273,-4.0279274,-4.6679273,-3.6979272,-5.247927,-0.99792725,-2.6979272,-1.6879272,-2.9879272,-4.8179274,-4.9379272,-4.9379272,-4.7579274,-3.3879273,-4.207927,-3.9579272,-2.5079272,-2.5479271,1.2820728,-4.8379273,-8.827928,-1.1479273,-0.43792725,-3.1479273,-0.99792725,0.29207274,1.3120728,1.2620728,1.4220728,-4.497927,-2.7479272,-4.4479275,1.0420728,3.6620727,2.5620728,-0.31792724
-2.8679273,-3.6579273,-2.5679274,-3.4779272,-3.4379272,-4.327927,-3.0179272,-3.2779272,-4.8979273,-5.017927,-2.5479271,-2.7479272,-3.3179274,-0.91792727,-4.2379274,-6.0879273,-5.7179275,-4.2979274,-4.1479273,-4.9179273,-3.5679274,-4.4479275,-4.327927,-4.2179275,-1.9579272,6.0320725,-0.88792723,2.2320728,0.9020727,0.63207275,1.1220727,-1.2879273,1.1820728,4.292073,1.2220727,2.8820727,6.172073,1.8220727,1.5920727,1.3920728,1.9220728
-1.0679272,0.21207276,-0.38792723,-3.7079272,-5.4379272,-3.0679274,-2.4279273,-4.477927,-4.787927,-2.9779272,-1.6179272,-0.81792724,-1.3379272,-2.4179273,-4.577927,-4.367927,-5.227927,-5.1079273,-6.307927,-6.6279273,-4.8179274,-4.807927,-3.7379272,-3.9479272,-1.9879272,-2.9479272,-1.8679272,-5.327927,2.2920728,0.16207275,-2.1179273,1.0220728,-1.2479272,3.4620728,5.8120728,5.4720726,2.0120728,2.5620728,-1.0379273,4.8520727,1.6220727
