wind_kz.json
{"header": {"discipline":0,"disciplineName":"Meteorological products","gribEdition":2,"gribLength":1025,"center":7,"centerName":"US National Weather Service - NCEP(WMC)","subcenter":0,"refTime":"2023-08-07T00:00:00.000Z","significanceOfRT":1,"significanceOfRTName":"Start of forecast","productStatus":0,"productStatusName":"Operational products","productType":1,"productTypeName":"Forecast products","productDefinitionTemplate":0,"productDefinitionTemplateName":"Analysis/forecast at horizontal level/layer at a point in time","parameterCategory":2,"parameterCategoryName":"UnknownDiscipline_0_Category_2","parameterNumber":3,"parameterNumberName":"UnknownParameter_D0_C2_3","parameterUnit":"Unknown","genProcessType":2,"genProcessTypeName":"Forecast","forecastTime":240,"surface1Type":103,"surface1TypeName":"Specified height level above ground","surface1Value":10.0,"surface2Type":255,"surface2TypeName":"Missing","surface2Value":0.0,"gridDefinitionTemplate":0,"gridDefinitionTemplateName":"Latitude_Longitude","numberPoints":615,"shape":6,"shapeName":"Earth spherical with radius of 6,371,229.0 m","gridUnits":"degrees","resolution":48,"winds":"true","scanMode":64,"nx":41,"ny":15,"basicAngle":0,"lo1":47.0,"la1":41.0,"lo2":87.0,"la2":55.0,"dx":1.0,"dy":1.0}, "data":
[rows 0 to 14 of 15, columns 0 to 40 of 41]
-2.942038,-1.012038,-1.612038,-5.622038,-5.002038,-5.562038,-3.822038,-2.792038,-0.512038,-1.502038,-3.6520379,-1.892038,-1.9520379,-2.422038,-2.992038,-2.482038,-2.3820379,-1.162038,-3.322038,-2.502038,-2.682038,-2.6420379,-0.69203794,-1.522038,-1.522038,-1.522038,-1.512038,2.027962,0.23796204,-1.642038,-2.002038,1.2779621,2.137962,-0.98203796,-1.3220379,-0.54203796,-1.012038,-1.672038,0.14796203,0.797962,2.207962
-0.68203795,2.3579621,4.847962,-4.822038,-4.242038,-7.862038,-9.292038,-0.36203796,-0.31203797,-1.812038,-2.262038,-3.1620378,-3.212038,-2.452038,-3.702038,-2.562038,-1.982038,-2.8920379,-4.542038,-4.402038,-4.162038,-3.012038,1.2779621,2.047962,-1.382038,-0.79203796,-2.082038,2.237962,0.38796204,2.447962,3.817962,1.757962,0.057962038,0.057962038,1.997962,-1.1020379,-1.7020379,-3.612038,-1.312038,-1.762038,-0.592038
1.717962,-3.422038,-3.532038,-1.9620379,-2.042038,-2.1520379,-2.232038,1.137962,0.92796206,-0.712038,-1.012038,-1.642038,-2.272038,-3.202038,-2.832038,-2.812038,-2.6520379,-2.522038,-3.082038,-4.292038,-4.672038,-1.802038,-4.562038,-1.002038,-1.4620379,-0.40203798,0.15796204,2.157962,0.82796204,2.567962,0.64796203,-0.522038,1.9179621,-1.382038,0.45796204,1.7879621,2.167962,0.56796205,0.797962,-1.052038,0.38796204
-1.302038,-3.682038,-3.432038,-1.4720379,-2.122038,0.27796203,-1.6020379,2.577962,2.947962,1.017962,-0.072037965,-0.712038,-2.092038,-4.092038,-2.6520379,-3.1620378,-3.952038,-3.082038,-3.722038,-4.822038,-5.302038,-2.452038,-2.192038,-2.572038,-2.762038,0.39796203,0.037962034,2.5979621,4.077962,1.967962,1.1579621,1.327962,-0.57203794,0.017962037,-0.532038,-2.602038,-0.33203796,3.3479621,3.277962,1.617962,0.86796206
-3.6520379,-4.212038,-5.092038,3.827962,-0.102037966,-0.54203796,2.287962,6.907962,5.197962,2.207962,1.437962,0.14796203,-0.99203795,-1.742038,-3.542038,-3.092038,-3.9120378,-3.032038,-3.012038,-4.142038,-4.542038,-4.422038,-4.902038,-4.842038,-3.212038,-2.242038,2.427962,2.0979621,3.457962,4.267962,5.247962,0.607962,3.497962,1.957962,-0.26203796,-1.512038,0.737962,-4.952038,-5.132038,-2.762038,-2.302038
-2.972038,-2.992038,-2.742038,-0.25203797,0.57796204,-0.93203795,4.477962,6.197962,5.097962,2.677962,1.947962,0.657962,-1.162038,-2.222038,-1.802038,-2.972038,-4.102038,-1.792038,-3.062038,-4.142038,-6.022038,-6.412038,-6.452038,-6.882038,-5.302038,-2.512038,-2.6520379,-1.682038,-1.262038,3.807962,2.967962,2.317962,0.907962,-0.25203797,-1.3420379,-0.99203795,2.307962,3.047962,-0.62203795,-2.172038,-4.392038
-3.3820379,-3.222038,2.497962,1.107962,-1.662038,-2.992038,0.75796205,6.877962,4.7179623,2.557962,1.7779621,2.167962,0.547962,-1.542038,-1.0920379,-2.032038,-2.792038,-2.422038,-3.012038,-3.802038,-5.362038,-6.2820377,-7.632038,-7.592038,-7.352038,-5.592038,-6.412038,-5.492038,-7.702038,-3.1420379,-0.13203797,-2.692038,-5.242038,-3.012038,3.447962,0.727962,-1.902038,-1.502038,1.867962,0.80796206,-2.522038
-4.042038,-1.152038,-1.0720379,-1.252038,-1.622038,-1.042038,-1.682038,9.947962,8.637962,4.627962,-1.422038,3.137962,2.047962,1.067962,0.50796205,-0.032037962,-1.1920379,-0.82203794,-1.7120379,-1.892038,-3.832038,-5.132038,-5.742038,-5.872038,-5.892038,-4.172038,-5.162038,-3.962038,-3.062038,-6.022038,-5.602038,-4.732038,-4.562038,-6.472038,-2.602038,-3.272038,-0.42203796,-0.032037962,-1.6920379,-1.112038,-1.542038
0.597962,0.33796203,-1.2220379,-2.452038,-3.1620378,-1.812038,-1.402038,3.667962,4.637962,5.007962,5.857962,3.237962,2.397962,2.3579621,1.107962,0.547962,1.6779621,0.597962,-1.042038,-1.502038,-1.8220379,-2.952038,-3.752038,-3.6520379,-3.812038,-4.332038,-3.1420379,-3.342038,-2.372038,-2.622038,-1.532038,-1.632038,-1.012038,-2.222038,-1.052038,-1.682038,-2.002038,0.047962036,3.077962,1.187962,0.76796204
0.49796203,-0.48203796,-0.63203794,-2.712038,-2.922038,-2.242038,2.1079621,1.887962,3.1079621,3.987962,2.907962,3.1079621,3.3679621,2.167962,1.867962,-0.952038,0.99796206,0.047962036,-0.33203796,0.41796204,-1.172038,-1.7220379,-2.672038,-3.072038,-2.792038,-2.6320379,-2.802038,-2.182038,-2.562038,-2.372038,-1.7020379,-2.1420379,-0.66203797,-1.2220379,-1.892038,-1.172038,-0.30203795,-1.8420379,1.877962,4.157962,1.997962
-0.55203795,-1.742038,-2.782038,-3.962038,-3.322038,-3.112038,1.0479621,3.3379622,4.637962,1.827962,3.917962,2.687962,5.107962,2.987962,2.027962,-0.82203794,-2.252038,-2.512038,1.877962,0.40796202,-0.92203796,-0.722038,-2.042038,-2.282038,-2.042038,-2.452038,-2.092038,-2.122038,-1.672038,-1.412038,-1.552038,-0.952038,0.64796203,1.197962,-0.91203797,-0.33203796,-0.37203798,1.577962,1.257962,1.267962,0.58796203
-2.622038,-2.922038,-1.992038,-2.222038,-3.342038,-3.242038,-1.0920379,-0.57203794,-1.062038,-0.46203795,0.56796205,1.637962,2.747962,2.8379622,1.337962,-0.16203797,-1.482038,-2.072038,1.1679621,1.267962,0.23796204,-1.4720379,-1.4720379,-1.882038,-2.272038,-2.222038,-1.242038,-1.872038,-1.992038,-1.5820379,-1.552038,-2.092038,-1.982038,1.607962,1.4179621,1.977962,1.817962,1.5379621,1.0479621,1.707962,0.43796203
-2.332038,-2.462038,-2.8820379,-2.272038,-2.962038,-2.092038,-0.952038,-0.67203796,-0.772038,0.017962037,-0.18203796,0.537962,1.747962,0.967962,0.33796203,-0.28203797,1.7979621,0.977962,1.087962,1.6479621,1.587962,0.99796206,1.1779621,-0.54203796,-2.252038,-2.702038,-2.682038,-2.952038,-3.342038,-2.4020379,-1.662038,-1.622038,-1.492038,-1.482038,-1.922038,1.097962,1.717962,1.0579621,1.247962,0.44796205,-0.27203795
-2.252038,-1.902038,-2.752038,-2.942038,-2.3920379,-2.572038,-3.422038,-2.172038,-0.842038,0.037962034,0.667962,-0.08203796,-0.44203797,0.907962,0.41796204,2.127962,2.027962,2.277962,2.047962,2.197962,1.767962,2.067962,0.21796204,-2.562038,-2.472038,-2.932038,-3.572038,-3.302038,-2.3820379,-2.312038,-2.502038,-1.402038,0.12796204,-1.382038,-1.272038,-0.30203795,-0.39203796,0.58796203,0.38796204,1.4179621,1.6779621
-1.752038,-1.752038,-2.482038,-2.802038,-3.012038,-1.4520379,-2.172038,-2.272038,-2.952038,-1.2120379,-0.31203797,1.127962,1.507962,-0.34203798,-0.43203795,1.247962,0.74796206,-0.38203797,1.967962,2.187962,2.527962,1.617962,-0.69203794,-1.152038,-2.1620378,-2.942038,-3.052038,-2.9120378,-3.122038,-2.872038,-2.752038,-1.912038,0.44796205,0.027962036,0.857962,0.87796205,0.47796205,0.61796206,-0.32203797,1.117962,1.0279621
