wind_kz.json
{"header": {"discipline":0,"disciplineName":"Meteorological products","gribEdition":2,"gribLength":1102,"center":7,"centerName":"US National Weather Service - NCEP(WMC)","subcenter":0,"refTime":"2023-08-25T12:00:00.000Z","significanceOfRT":1,"significanceOfRTName":"Start of forecast","productStatus":0,"productStatusName":"Operational products","productType":1,"productTypeName":"Forecast products","productDefinitionTemplate":0,"productDefinitionTemplateName":"Analysis/forecast at horizontal level/layer at a point in time","parameterCategory":2,"parameterCategoryName":"UnknownDiscipline_0_Category_2","parameterNumber":3,"parameterNumberName":"UnknownParameter_D0_C2_3","parameterUnit":"Unknown","genProcessType":2,"genProcessTypeName":"Forecast","forecastTime":120,"surface1Type":103,"surface1TypeName":"Specified height level above ground","surface1Value":10.0,"surface2Type":255,"surface2TypeName":"Missing","surface2Value":0.0,"gridDefinitionTemplate":0,"gridDefinitionTemplateName":"Latitude_Longitude","numberPoints":615,"shape":6,"shapeName":"Earth spherical with radius of 6,371,229.0 m","gridUnits":"degrees","resolution":48,"winds":"true","scanMode":64,"nx":41,"ny":15,"basicAngle":0,"lo1":47.0,"la1":41.0,"lo2":87.0,"la2":55.0,"dx":1.0,"dy":1.0}, "data":
[rows 0 to 14 of 15, columns 0 to 40 of 41]
2.7107959,0.8307959,-3.179204,-10.349204,-11.9092045,-12.929204,-8.259204,-4.099204,-5.249204,-8.959204,-7.829204,-6.669204,-6.049204,-4.709204,0.3007959,1.6707959,3.2607958,2.570796,0.1407959,-1.359204,-3.2092042,-2.5292041,-1.7992041,0.6307959,5.510796,2.2407959,1.890796,0.72079587,-2.7792041,3.340796,-0.77920413,-0.2692041,1.1807959,-0.9192041,-3.1992042,-3.2292042,1.640796,2.130796,1.010796,2.700796,-2.4492042
-2.7192042,-2.659204,-6.039204,-8.349204,-11.599204,-10.729204,-9.689204,-8.439204,-6.1492043,-4.119204,-6.809204,-6.889204,-8.459204,-8.6192045,-8.199204,-5.939204,1.140796,-2.929204,-0.2992041,-0.4592041,0.2507959,2.7207959,0.33079588,3.440796,3.4607959,3.150796,1.6007959,1.630796,-0.9292041,-0.0592041,-1.5292041,2.590796,-1.1392041,-0.8992041,2.590796,2.9607959,1.2407959,4.1607957,2.070796,-0.1692041,-0.029204102
-1.739204,-4.499204,-3.549204,-2.149204,-7.489204,-6.409204,-6.489204,-7.739204,-7.009204,-9.769204,-7.979204,-6.8992043,-8.539204,-9.849204,-10.239204,-4.869204,-7.729204,-3.0292041,-0.3692041,0.8607959,0.9407959,0.4507959,1.640796,2.2807958,0.050795898,-2.5192041,-2.829204,-3.4692042,-1.6392041,-1.8492041,-0.8292041,-0.2692041,-2.869204,0.7007959,1.4307959,-0.6592041,-1.479204,-1.7192041,-1.869204,0.2507959,-0.039204102
-2.2792041,-3.109204,-3.9892042,-1.7892041,-1.6292042,-6.579204,-7.029204,-4.8792043,-4.789204,-6.599204,-4.289204,-6.0892043,-7.169204,-7.929204,-8.069204,-6.699204,-7.329204,-4.799204,-4.959204,-5.049204,1.8007959,2.5107958,0.0407959,2.330796,0.030795898,-1.4992042,-0.8992041,-4.099204,-3.9692042,-2.879204,0.9007959,1.1907959,0.8807959,-1.1392041,-0.52920413,-2.859204,-3.569204,0.1707959,-1.9192041,-2.309204,-3.819204
1.5807959,-0.7492041,-3.659204,-5.549204,-6.419204,-6.809204,-7.019204,-4.3992043,-4.049204,-3.899204,-4.329204,-4.479204,-4.909204,-6.209204,-6.509204,-4.519204,-3.1892042,-4.239204,-5.449204,-7.119204,-4.789204,-3.839204,3.2507958,0.6207959,0.1407959,2.680796,2.4907959,1.9807959,7.9589844E-4,-1.2992041,-2.0392041,-3.589204,-1.859204,-1.0792041,0.2407959,-0.3892041,1.3607959,-1.0892041,-1.2892041,-1.229204,-2.109204
-1.1892041,-4.529204,3.7407959,2.080796,-3.5192041,-4.769204,-3.9892042,-4.1292043,-4.409204,-3.9492042,-3.859204,-4.159204,-3.7892041,-0.9792041,-2.659204,-2.9892042,-3.409204,-3.579204,-0.5692041,1.1207958,-2.299204,-5.059204,-3.099204,1.2107959,1.5807959,3.0207958,3.2507958,3.620796,1.2807959,3.410796,0.3207959,-2.4992042,-2.319204,-2.319204,-0.2592041,7.6407957,-1.609204,3.690796,1.0707959,-0.079204105,-3.799204
-2.879204,-4.939204,-5.959204,-6.749204,-6.199204,-6.219204,-6.199204,-5.679204,-3.619204,-3.6892042,-3.869204,-4.3792043,-3.2692041,-2.9792042,-2.349204,-1.3892041,-0.079204105,-1.4692041,-1.4492041,-1.4592041,-1.0192041,1.770796,-1.8392041,-0.6192041,-1.2192041,3.070796,3.9707959,4.320796,5.400796,5.540796,4.060796,3.950796,2.700796,3.7207959,4.520796,-0.2792041,0.2807959,0.4607959,2.5307958,3.0107958,1.0007958
-5.499204,-6.749204,-7.1092043,-6.909204,-6.1292043,-6.559204,-6.029204,-5.5892043,-4.869204,-6.489204,-6.739204,-7.209204,-7.439204,-3.2592041,-1.4192041,-0.4892041,-2.149204,-0.9192041,0.3507959,-0.2492041,0.2207959,-1.2992041,3.100796,-0.2692041,-2.6892042,-5.119204,5.570796,5.530796,8.710796,6.830796,5.510796,4.000796,2.860796,3.630796,1.6107959,0.7007959,-1.229204,-1.369204,-0.6492041,2.320796,4.000796
-7.029204,-7.1492043,-6.919204,-6.6492043,-6.6092043,-6.259204,-6.959204,-7.1492043,-6.749204,-5.489204,-5.3592043,-4.459204,-3.4792042,-3.419204,-4.3592043,-4.119204,0.6007959,1.7407959,0.4407959,0.8107959,1.3707958,0.2407959,0.7407959,5.490796,2.7207959,-0.9192041,-4.199204,4.000796,8.3407955,7.770796,5.860796,4.980796,3.920796,3.0507958,3.4807959,3.180796,1.3107959,-0.5092041,0.9307959,0.9907959,-0.1592041
-6.749204,-7.639204,-7.309204,-7.299204,-7.559204,-6.969204,-5.199204,-4.059204,-4.849204,-3.559204,-3.1992042,-1.5292041,-3.9492042,-4.3392043,-2.909204,-2.1992042,-2.079204,-3.589204,-2.879204,3.080796,2.7807958,1.140796,1.1507959,-0.4292041,5.510796,3.2307959,1.0607959,-4.049204,-3.6892042,8.320796,7.380796,5.830796,3.450796,3.0607958,2.660796,1.8607959,1.020796,-1.2492042,-0.3292041,0.4507959,-0.4792041
-5.199204,-5.699204,-7.019204,-6.409204,-6.829204,-5.799204,-4.1492043,-6.509204,-7.529204,-3.599204,-3.7692041,-3.2092042,-4.269204,-2.859204,-1.119204,0.4607959,0.6607959,1.1907959,2.7607958,3.2807958,0.6907959,-0.1292041,3.680796,3.0007958,0.4907959,6.240796,3.5607958,5.500796,-2.0192041,-7.759204,5.970796,6.730796,5.300796,3.7807958,2.390796,1.4307959,0.97079587,0.5407959,1.7307959,0.5307959,-0.5992041
-6.139204,-6.5692043,-6.3192043,-7.949204,-6.869204,-6.519204,-5.419204,-3.049204,-3.149204,-2.589204,-2.379204,-2.899204,-2.359204,-1.9492041,-1.6992041,1.130796,2.7307959,3.440796,1.760796,1.8107959,2.440796,5.970796,1.7107959,4.1207957,3.5107958,5.070796,4.790796,3.920796,5.800796,-2.4892042,-6.939204,6.810796,4.960796,3.7607958,2.330796,2.070796,0.1307959,-0.5792041,-0.9592041,-1.3092041,-0.9992041
-6.269204,-8.289204,-9.1192045,-7.249204,-8.669204,-4.479204,-4.3192043,-6.769204,-8.879204,-3.9392042,-0.5492041,-0.77920413,-0.2692041,-0.1392041,-0.079204105,-1.0392041,3.0107958,4.210796,5.420796,3.7507958,4.1407957,4.1007957,5.280796,4.800796,4.710796,8.000796,6.4107957,3.820796,3.3007958,3.5107958,-4.389204,-4.889204,6.630796,5.080796,4.6407957,2.2507958,1.510796,0.5807959,0.7307959,-0.5192041,-0.8892041
-6.989204,-8.579205,-9.1592045,-8.739204,-7.639204,-7.409204,-6.619204,-6.199204,-6.619204,-6.8592043,-3.0092041,-2.349204,-3.129204,-1.5592041,-0.3492041,1.9507959,3.9807959,3.870796,4.900796,5.4107957,4.000796,5.200796,5.440796,3.940796,2.7507958,7.980796,6.790796,3.930796,-0.7092041,5.960796,-2.059204,-4.3792043,5.560796,4.1407957,4.380796,3.630796,1.7207959,1.4007959,1.6607959,-0.1692041,-1.3392041
-5.449204,-8.669204,-9.299204,-9.309204,-7.869204,-8.649204,-6.829204,-7.229204,-6.449204,-6.369204,-3.7692041,-4.1492043,-3.9692042,-4.6492043,-3.619204,-2.149204,2.430796,6.6007957,3.2407959,6.810796,5.820796,7.310796,4.800796,2.5007958,5.790796,5.020796,5.980796,4.8707957,2.330796,7.9589844E-4,-2.9992042,-2.7892041,5.290796,5.360796,4.030796,3.2207959,2.4607959,2.370796,2.140796,0.7607959,-0.6292041
