wind_kz.json
{"header": {"discipline":0,"disciplineName":"Meteorological products","gribEdition":2,"gribLength":1025,"center":7,"centerName":"US National Weather Service - NCEP(WMC)","subcenter":0,"refTime":"2023-10-01T12:00:00.000Z","significanceOfRT":1,"significanceOfRTName":"Start of forecast","productStatus":0,"productStatusName":"Operational products","productType":1,"productTypeName":"Forecast products","productDefinitionTemplate":0,"productDefinitionTemplateName":"Analysis/forecast at horizontal level/layer at a point in time","parameterCategory":2,"parameterCategoryName":"UnknownDiscipline_0_Category_2","parameterNumber":3,"parameterNumberName":"UnknownParameter_D0_C2_3","parameterUnit":"Unknown","genProcessType":2,"genProcessTypeName":"Forecast","forecastTime":60,"surface1Type":103,"surface1TypeName":"Specified height level above ground","surface1Value":10.0,"surface2Type":255,"surface2TypeName":"Missing","surface2Value":0.0,"gridDefinitionTemplate":0,"gridDefinitionTemplateName":"Latitude_Longitude","numberPoints":615,"shape":6,"shapeName":"Earth spherical with radius of 6,371,229.0 m","gridUnits":"degrees","resolution":48,"winds":"true","scanMode":64,"nx":41,"ny":15,"basicAngle":0,"lo1":47.0,"la1":41.0,"lo2":87.0,"la2":55.0,"dx":1.0,"dy":1.0}, "data":
[rows 0 to 14 of 15, columns 0 to 40 of 41]
0.15823975,0.39823973,-1.5517602,-8.99176,-8.011761,-5.8117604,-1.4717603,2.7282398,-0.091760255,-3.7917602,-1.0317602,-0.31176025,0.058239747,-0.61176026,-1.6617602,-1.5417602,-0.9117603,-1.8517603,-3.1817603,-1.4317603,-2.5317602,-2.8917603,-0.33176026,-1.4317603,-1.6017603,-1.3217603,-1.2317603,1.2482398,1.0382397,2.4482398,-0.45176026,-1.6617602,-0.47176024,-1.8717602,-1.0917603,-0.88176024,0.69823974,1.1182398,1.2582397,-0.19176026,2.2982397
-0.9017603,0.38823974,-6.59176,-9.091761,-10.31176,0.9182398,-0.36176026,1.2682397,0.5282397,1.5082397,-0.5217602,-1.3717602,-0.68176025,-0.51176023,-2.7317603,0.68823975,0.35823974,-1.4917603,-2.7217603,-3.8017602,-3.2517602,-2.1817603,-0.13176025,1.8782398,0.7282398,0.7182397,-2.0517602,1.9582398,0.55823976,2.5182397,2.9582398,4.80824,0.56823975,-1.2717602,-2.8717604,-1.3617603,-0.86176026,-1.9917603,-0.48176026,-1.7317603,0.38823974
-0.041760255,-3.8517601,-7.0417604,-7.46176,-8.261761,-1.4617603,-0.51176023,-0.48176026,0.6682398,-0.64176023,-1.4417603,-0.10176025,-0.18176025,-0.24176025,-0.9117603,-1.0017602,-0.08176026,0.118239745,-1.8417603,-3.6517603,-1.7517602,-2.6517603,-2.1417603,-0.94176024,0.57823974,0.16823974,-0.36176026,1.3882397,-0.35176027,0.9682397,1.5682397,-0.19176026,1.3482398,-0.62176025,-0.47176024,1.3282398,2.5782397,-0.38176024,0.46823975,-0.13176025,0.8482397
0.43823975,-3.2617602,-5.67176,-5.07176,-2.8117602,-1.0917603,-1.5117602,0.38823974,0.17823975,0.09823975,-0.27176026,-1.3217603,-0.27176026,1.2282398,0.048239745,-0.25176024,0.29823974,-0.51176023,-1.8717602,-4.0217605,-2.8717604,-1.2817602,1.3782398,-0.47176024,-0.98176026,-1.1317602,-1.4617603,-1.7617602,0.42823973,-0.55176026,-1.6417602,-0.50176024,-1.1817603,-1.3117603,-0.39176026,-1.9917603,0.038239747,2.9082398,0.9082397,1.0782398,1.2182398
0.80823976,-1.6817603,-5.76176,-1.8217603,2.5282397,0.7182397,-2.2517602,0.5382397,1.1282398,1.0382397,0.9682397,-0.37176025,-0.98176026,-1.4417603,-0.38176024,0.06823975,-0.41176024,-1.4217602,-1.6417602,-1.5617603,-1.4117602,-0.55176026,-0.99176025,-0.80176026,-0.57176024,-0.9717603,-0.21176025,-0.80176026,-0.7817603,-0.99176025,-1.6317602,0.39823973,2.7182398,2.7482398,-0.5817602,-1.6317602,0.32823974,-0.11176025,-0.40176025,-0.94176024,-1.1717602
-0.11176025,0.92823976,-1.8717602,-1.0917603,3.0482397,1.8482398,1.9982398,3.6482399,0.70823973,1.3382398,0.31823975,-0.68176025,-0.57176024,0.34823975,-0.23176025,-1.0417602,-1.3017602,-1.6817603,-2.8117602,-1.8417603,-2.2317603,-1.3917602,-1.2417603,-0.80176026,-0.7717602,-1.1817603,-1.1517602,-2.5317602,-1.7017603,0.56823975,0.10823975,-1.3017602,-1.4217602,1.9382397,2.3282397,1.4782398,0.79823977,-0.50176024,-0.35176027,-1.0517602,-2.8717604
-3.3117602,1.6182398,1.3782398,0.61823976,3.4582398,1.2882397,-1.3017602,-0.18176025,3.0882397,1.8182397,1.6882397,1.3382398,0.57823974,0.34823975,-0.87176025,-1.8817602,-2.2817602,-2.5517602,-1.6317602,-0.011760253,-2.0817602,-2.0617602,-2.1417603,-1.8517603,-1.5517602,-1.6717602,-2.2617602,-2.6017601,-0.15176025,0.92823976,-0.70176023,-2.3117602,-1.0017602,0.67823976,0.19823974,-0.69176024,-2.6017601,0.61823976,0.21823974,-0.76176023,-1.4017602
-2.3817604,-2.0517602,1.2182398,2.6282396,3.6782398,4.4982395,4.21824,-2.7217603,-2.4817603,1.5182397,2.5682397,2.1082397,2.6482399,1.4382397,0.6682398,-0.69176024,-2.2417603,-3.1517603,-0.041760255,1.5682397,-1.6317602,-2.4817603,-3.0617602,-2.1217604,-1.6817603,-0.61176026,-1.7917602,-2.1917603,-1.3717602,-3.0817602,-0.5817602,-2.0917602,1.0582397,-1.1517602,0.93823975,-0.49176025,0.98823977,1.0082397,0.70823973,-1.1417602,-2.3117602
-2.4317603,-0.14176026,1.8182397,2.4482398,2.4782398,5.34824,5.67824,-0.51176023,-0.93176025,-2.4417603,-0.9017603,1.1082398,2.2982397,2.7182398,2.0982397,0.64823973,-0.5217602,-2.0417602,-1.8917602,0.82823974,0.37823975,-1.9217602,-1.7817602,-1.5917603,-1.5317602,-1.8617603,-0.88176024,-1.3417603,-0.87176025,-0.47176024,-1.2317603,-0.7717602,-0.81176025,-0.74176025,-1.0317602,-0.7717602,-0.9017603,1.3682398,0.79823977,1.5082397,-1.0417602
-3.3917603,-2.0817602,1.3282398,2.9582398,3.5282397,3.7382398,3.7882397,3.9082398,2.2582397,-1.7617602,0.14823975,0.28823975,2.7282398,2.8482397,3.0782397,2.3882399,1.2882397,0.34823975,-0.6517603,0.49823976,0.82823974,-0.5817602,-0.8317602,0.33823976,-0.091760255,-0.041760255,-1.2217603,-0.86176026,-1.6017603,-1.8617603,-2.0917602,-1.5517602,-0.69176024,-1.1217602,-0.5317603,-0.69176024,1.3482398,-0.6617603,0.22823974,2.1182396,2.5982397
-3.0617602,-3.2417603,-2.6317604,2.9182398,2.3982399,3.8182397,4.8982396,4.0082397,3.2682397,2.0782397,2.1682398,1.4482398,3.4182398,3.3582397,3.0982397,3.2682397,3.2382398,2.5382397,1.8482398,1.5282397,0.95823973,0.25823975,0.5282397,1.2782397,0.57823974,0.7182397,-0.021760253,-0.8317602,-1.4217602,-1.3717602,-2.6817603,-2.8417602,-2.4717603,-1.9717603,-1.9617603,0.99823976,0.61823976,1.3382398,1.1082398,1.5282397,0.49823976
-2.0717602,-2.0417602,-1.8717602,-1.2617602,0.8382397,1.8182397,2.5882397,3.3482397,3.8782396,1.2582397,2.7682397,2.6582398,3.8282397,4.3182397,3.2882397,3.6582398,4.38824,3.4382398,3.0882397,2.6482399,2.4582398,1.2782397,1.0582397,1.4382397,1.3482398,1.3382398,1.1982398,1.0082397,-0.67176026,-1.3917602,-1.4917603,-1.5217602,-1.5017602,-1.4817603,-1.8117603,-2.5117602,-1.3317603,0.47823974,1.3482398,1.6082398,0.62823975
0.07823975,-0.56176025,-1.6417602,-0.25176024,-0.54176027,-0.08176026,-0.40176025,1.6682397,2.7482398,2.1482399,1.4682398,1.1082398,3.2482398,5.1882396,4.2082396,3.8982399,3.4382398,3.6182396,3.6382399,3.3582397,3.4482398,3.2582397,2.3482397,2.3182397,2.3682396,2.2582397,2.0582397,1.9382397,1.1082398,-0.54176027,-0.64176023,-0.75176024,-1.2317603,-1.1517602,-1.6517602,-1.8317603,-2.4217603,-1.4917603,-1.4817603,-0.92176026,-0.28176025
1.9382397,2.0182397,1.0182397,0.008239746,0.13823974,-0.12176026,-0.61176026,-0.51176023,-0.051760253,1.5682397,2.1282396,1.2782397,1.7182398,3.7882397,3.4282398,1.5482397,3.0982397,3.9982398,4.0282397,4.30824,4.0082397,3.7182398,3.3182397,2.8482397,2.8082397,2.8682396,2.3282397,2.2482398,1.9482398,1.5182397,0.85823977,0.42823973,0.15823975,0.10823975,-0.94176024,-1.4017602,-1.5917603,-1.7517602,-1.7817602,-1.6617602,-1.2617602
1.8882397,2.1282396,2.4482398,1.7382398,1.0782398,0.9182398,0.62823975,0.34823975,0.68823975,1.0182397,1.2682397,1.4382397,1.9282397,1.3782398,4.8182397,6.7082396,3.9482398,3.6282396,4.28824,4.5482397,5.0682397,4.63824,3.9482398,3.5182397,3.3982399,3.2682397,3.3082397,3.0782397,2.8082397,2.5082397,1.5082397,2.2382398,1.0782398,0.74823976,0.46823975,-0.12176026,-0.56176025,-0.28176025,-0.24176025,-1.2017603,-0.64176023
