wind_kz.json
{"header": {"discipline":0,"disciplineName":"Meteorological products","gribEdition":2,"gribLength":948,"center":7,"centerName":"US National Weather Service - NCEP(WMC)","subcenter":0,"refTime":"2023-08-26T06:00:00.000Z","significanceOfRT":1,"significanceOfRTName":"Start of forecast","productStatus":0,"productStatusName":"Operational products","productType":1,"productTypeName":"Forecast products","productDefinitionTemplate":0,"productDefinitionTemplateName":"Analysis/forecast at horizontal level/layer at a point in time","parameterCategory":0,"parameterCategoryName":"UnknownDiscipline_0_Category_0","parameterNumber":0,"parameterNumberName":"UnknownParameter_D0_C0_0","parameterUnit":"Unknown","genProcessType":2,"genProcessTypeName":"Forecast","forecastTime":120,"surface1Type":1,"surface1TypeName":"Ground or water surface","surface1Value":0.0,"surface2Type":255,"surface2TypeName":"Missing","surface2Value":0.0,"gridDefinitionTemplate":0,"gridDefinitionTemplateName":"Latitude_Longitude","numberPoints":615,"shape":6,"shapeName":"Earth spherical with radius of 6,371,229.0 m","gridUnits":"degrees","resolution":48,"winds":"true","scanMode":64,"nx":41,"ny":15,"basicAngle":0,"lo1":47.0,"la1":41.0,"lo2":87.0,"la2":55.0,"dx":1.0,"dy":1.0}, "data":
[rows 0 to 14 of 15, columns 0 to 40 of 41]
306.37326,294.47327,300.57327,298.87326,298.67328,297.87326,309.67328,315.47327,310.57327,310.97327,309.97327,311.17328,310.87326,311.87326,313.17328,314.57327,313.97327,313.17328,318.47327,314.87326,315.57327,311.07327,309.07327,308.57327,311.27325,302.37326,301.67328,300.67328,300.37326,297.87326,287.07327,287.07327,310.67328,323.77325,331.47327,328.47327,329.77325,329.07327,329.07327,329.67328,329.37326
288.97327,300.37326,298.87326,298.97327,298.87326,297.57327,315.57327,311.87326,309.97327,310.47327,312.17328,310.67328,310.87326,309.47327,311.27325,311.67328,313.67328,314.97327,316.57327,314.37326,314.57327,309.97327,307.17328,296.97327,284.07327,283.77325,293.47327,298.67328,299.17328,293.57327,301.17328,294.97327,303.17328,273.37326,299.37326,318.27325,320.17328,321.47327,325.27325,317.57327,286.47327
307.17328,298.47327,299.17328,299.07327,297.57327,309.27325,308.67328,309.17328,309.67328,308.57327,308.57327,310.37326,309.17328,310.17328,309.57327,311.87326,311.47327,312.57327,313.77325,312.37326,311.07327,310.37326,306.27325,301.17328,302.17328,308.47327,308.47327,297.47327,299.67328,292.77325,293.57327,297.57327,303.47327,306.07327,306.47327,306.97327,303.57327,301.77325,307.97327,305.07327,301.77325
307.27325,298.67328,298.97327,298.57327,299.47327,307.47327,307.47327,307.67328,309.47327,308.47327,307.87326,305.57327,294.87326,294.17328,306.77325,308.87326,306.67328,310.97327,312.07327,312.97327,309.17328,305.97327,310.57327,310.17328,308.47327,308.57327,295.77325,308.77325,309.27325,302.87326,311.07327,308.57327,311.37326,307.67328,314.97327,312.87326,303.97327,302.17328,305.67328,318.87326,322.57327
309.07327,298.27325,298.67328,298.37326,302.47327,304.67328,306.37326,308.27325,306.87326,306.07327,306.47327,305.47327,294.77325,293.57327,291.37326,306.07327,307.37326,304.17328,305.57327,305.87326,307.37326,309.37326,308.77325,309.47327,310.57327,311.97327,309.17328,302.57327,307.87326,310.87326,313.47327,308.87326,300.67328,297.07327,303.67328,316.67328,310.97327,330.27325,326.87326,326.47327,324.37326
308.37326,306.37326,296.37326,296.77325,297.87326,297.17328,307.07327,304.77325,304.37326,303.97327,303.27325,303.27325,294.57327,294.37326,297.37326,303.97327,298.77325,296.07327,303.87326,306.37326,305.97327,305.27325,306.17328,306.07327,307.97327,308.27325,309.97327,292.87326,306.57327,298.17328,310.97327,310.77325,310.47327,308.07327,303.57327,305.57327,302.37326,307.37326,324.17328,328.67328,325.97327
306.17328,306.27325,307.17328,306.17328,303.47327,305.77325,306.17328,304.07327,303.47327,302.67328,301.57327,294.07327,293.97327,293.67328,294.77325,297.27325,297.97327,303.67328,296.87326,298.97327,301.57327,298.57327,304.07327,303.37326,302.47327,303.87326,305.87326,308.97327,310.67328,310.47327,306.87326,307.67328,312.17328,302.37326,303.87326,301.07327,300.07327,299.67328,304.97327,304.97327,315.27325
304.87326,303.97327,302.97327,303.37326,304.07327,303.57327,305.57327,303.87326,302.17328,301.37326,299.67328,293.47327,293.67328,299.47327,298.37326,294.17328,296.97327,294.27325,294.97327,291.87326,295.47327,294.87326,291.87326,301.87326,301.67328,299.27325,300.47327,302.57327,303.37326,307.47327,305.67328,303.37326,294.37326,297.87326,307.07327,305.37326,307.17328,290.37326,320.17328,320.87326,317.97327
302.27325,301.97327,302.27325,304.17328,302.17328,303.07327,303.37326,302.57327,301.57327,293.97327,293.97327,294.87326,296.17328,298.47327,296.17328,298.87326,298.27325,295.37326,291.67328,289.37326,287.17328,290.17328,295.07327,296.87326,293.67328,299.77325,297.27325,297.67328,298.07327,299.17328,303.47327,301.37326,303.77325,296.87326,305.67328,299.67328,300.67328,304.77325,302.77325,299.07327,301.07327
301.77325,300.87326,301.57327,301.97327,301.87326,301.77325,301.17328,298.37326,293.27325,298.37326,295.67328,294.47327,293.37326,295.37326,286.77325,287.07327,286.77325,288.67328,285.67328,286.97327,285.27325,291.47327,293.67328,291.87326,295.17328,292.47327,299.37326,299.17328,297.77325,299.57327,301.97327,305.07327,303.97327,298.47327,296.27325,296.07327,299.07327,300.77325,301.87326,300.67328,294.77325
298.87326,299.37326,299.07327,298.57327,298.77325,298.77325,295.67328,298.37326,297.07327,295.27325,292.87326,288.17328,285.27325,287.57327,286.47327,294.17328,294.97327,295.37326,294.47327,292.77325,287.07327,284.77325,291.97327,291.07327,286.47327,290.97327,293.27325,299.97327,301.27325,304.27325,304.57327,305.77325,303.87326,295.47327,297.77325,297.77325,297.07327,299.57327,300.17328,297.07327,299.97327
296.77325,297.57327,297.87326,297.77325,296.97327,294.37326,294.27325,294.17328,294.07327,291.77325,283.67328,283.57327,283.97327,290.87326,291.67328,292.47327,284.17328,283.17328,285.87326,282.97327,283.57327,285.17328,288.97327,290.97327,291.77325,289.37326,295.07327,300.77325,303.17328,302.87326,301.47327,302.87326,301.27325,300.27325,298.97327,300.07327,300.27325,301.97327,303.07327,302.37326,302.37326
291.97327,294.87326,296.27325,296.37326,294.77325,293.67328,293.87326,289.37326,288.77325,283.37326,282.07327,284.47327,288.47327,289.57327,289.97327,283.47327,281.67328,282.67328,283.87326,282.67328,282.67328,281.27325,283.27325,287.17328,293.87326,294.07327,298.17328,300.07327,300.37326,300.47327,303.17328,301.17328,296.37326,293.57327,300.27325,294.47327,298.77325,299.77325,301.17328,298.77325,301.37326
293.17328,294.17328,292.37326,292.27325,294.77325,293.07327,288.77325,288.57327,286.87326,285.97327,283.37326,280.67328,287.97327,288.87326,284.17328,284.07327,282.17328,282.17328,285.27325,283.87326,283.27325,283.37326,289.97327,292.27325,293.37326,294.77325,295.47327,298.07327,296.57327,296.07327,296.37326,299.47327,297.37326,291.37326,297.37326,297.77325,300.17328,298.37326,303.27325,300.87326,301.17328
290.07327,293.57327,290.47327,293.27325,292.67328,290.87326,287.07327,286.97327,286.47327,286.67328,286.27325,286.17328,281.97327,285.77325,286.77325,287.57327,287.67328,284.17328,284.07327,282.77325,283.67328,284.37326,283.67328,284.07327,291.87326,294.37326,294.77325,295.17328,296.57327,287.77325,287.37326,286.77325,291.47327,291.57327,297.47327,296.67328,301.07327,302.07327,301.77325,302.97327,301.07327
