wind_kz.json
{"header": {"discipline":0,"disciplineName":"Meteorological products","gribEdition":2,"gribLength":871,"center":7,"centerName":"US National Weather Service - NCEP(WMC)","subcenter":0,"refTime":"2023-08-27T00:00:00.000Z","significanceOfRT":1,"significanceOfRTName":"Start of forecast","productStatus":0,"productStatusName":"Operational products","productType":1,"productTypeName":"Forecast products","productDefinitionTemplate":0,"productDefinitionTemplateName":"Analysis/forecast at horizontal level/layer at a point in time","parameterCategory":0,"parameterCategoryName":"UnknownDiscipline_0_Category_0","parameterNumber":0,"parameterNumberName":"UnknownParameter_D0_C0_0","parameterUnit":"Unknown","genProcessType":2,"genProcessTypeName":"Forecast","forecastTime":180,"surface1Type":1,"surface1TypeName":"Ground or water surface","surface1Value":0.0,"surface2Type":255,"surface2TypeName":"Missing","surface2Value":0.0,"gridDefinitionTemplate":0,"gridDefinitionTemplateName":"Latitude_Longitude","numberPoints":615,"shape":6,"shapeName":"Earth spherical with radius of 6,371,229.0 m","gridUnits":"degrees","resolution":48,"winds":"true","scanMode":64,"nx":41,"ny":15,"basicAngle":0,"lo1":47.0,"la1":41.0,"lo2":87.0,"la2":55.0,"dx":1.0,"dy":1.0}, "data":
[rows 0 to 14 of 15, columns 0 to 40 of 41]
312.79022,298.89023,309.39023,298.79022,298.59024,298.39023,310.49023,315.59024,311.49023,311.99023,310.19025,310.99023,310.09024,309.59024,308.79022,308.29022,307.79022,307.29022,308.09024,307.59024,309.59024,304.99023,304.49023,300.69025,302.69025,306.39023,300.99023,287.29022,285.49023,283.79022,275.79022,281.19025,297.09024,302.39023,303.89023,305.39023,304.69025,306.99023,307.29022,307.49023,306.59024
294.19025,305.39023,298.69025,298.89023,298.59024,298.29022,316.39023,311.59024,309.59024,309.39023,310.89023,310.59024,309.09024,307.29022,307.49023,307.59024,307.79022,307.69025,306.19025,306.69025,306.79022,305.19025,303.09024,293.99023,285.69025,285.49023,294.19025,287.19025,288.89023,279.79022,284.39023,274.49023,282.09024,269.99023,281.19025,296.69025,297.89023,301.49023,308.49023,298.59024,284.69025
308.29022,298.19025,299.09024,299.09024,297.29022,311.89023,310.39023,310.59024,308.89023,307.79022,307.89023,308.59024,305.49023,307.89023,307.79022,306.69025,305.59024,304.79022,305.39023,305.79022,306.49023,307.59024,303.69025,297.59024,301.79022,300.09024,300.39023,299.99023,297.99023,284.49023,276.19025,278.19025,283.69025,282.09024,283.89023,282.49023,275.49023,278.39023,280.79022,282.99023,281.59024
307.89023,298.29022,298.79022,298.09024,300.49023,311.19025,310.99023,311.39023,310.89023,309.79022,307.49023,304.39023,294.69025,293.99023,305.89023,306.39023,304.99023,304.79022,305.39023,304.99023,303.09024,300.09024,304.99023,305.19025,304.79022,304.39023,303.79022,300.99023,299.19025,299.29022,300.19025,295.99023,299.99023,297.29022,292.39023,286.69025,278.39023,276.49023,280.79022,287.49023,291.19025
309.59024,297.69025,298.19025,297.79022,304.49023,310.99023,312.99023,312.99023,311.39023,310.69025,310.29022,306.19025,295.49023,293.79022,291.49023,305.59024,305.19025,302.39023,302.09024,302.79022,303.99023,304.59024,303.99023,303.59024,303.29022,303.29022,303.19025,298.39023,300.09024,299.79022,302.59024,298.09024,282.79022,275.29022,285.19025,288.59024,292.69025,296.19025,294.59024,293.29022,294.99023
309.39023,307.09024,295.89023,296.19025,297.09024,296.79022,312.69025,311.29022,310.39023,308.69025,310.09024,309.69025,296.09024,294.99023,299.49023,303.09024,304.39023,303.89023,302.89023,302.89023,302.49023,302.69025,302.69025,302.79022,302.29022,300.39023,302.49023,292.59024,301.29022,300.69025,298.99023,299.29022,297.29022,296.39023,292.99023,293.79022,285.59024,287.89023,293.59024,297.69025,294.79022
310.49023,307.09024,308.39023,309.39023,304.89023,309.39023,311.49023,308.79022,309.29022,309.09024,308.29022,307.89023,306.49023,306.99023,306.39023,305.49023,304.49023,303.89023,303.49023,301.49023,299.99023,300.99023,301.69025,301.19025,299.59024,299.19025,299.69025,299.39023,299.49023,300.19025,298.99023,298.59024,298.29022,297.29022,295.79022,293.89023,288.19025,285.29022,283.49023,282.49023,291.29022
309.49023,309.29022,310.89023,309.59024,310.89023,310.69025,311.39023,309.49023,308.89023,308.39023,308.29022,306.49023,306.79022,303.99023,305.69025,305.79022,303.99023,300.79022,301.29022,299.19025,298.59024,298.99023,298.59024,297.79022,296.49023,293.69025,292.79022,293.89023,292.99023,294.29022,292.79022,293.39023,293.19025,291.39023,290.99023,293.49023,295.99023,289.49023,294.19025,295.89023,292.99023
310.19025,309.79022,308.99023,308.89023,307.59024,309.99023,309.99023,309.69025,308.59024,307.69025,305.99023,305.79022,304.99023,306.39023,304.39023,304.09024,301.99023,301.59024,298.79022,297.79022,295.79022,294.99023,297.29022,296.29022,294.19025,292.99023,289.39023,288.19025,287.59024,284.89023,286.59024,288.29022,288.29022,289.09024,290.59024,288.29022,290.09024,289.99023,278.19025,281.69025,280.79022
310.69025,308.89023,310.59024,309.79022,306.89023,306.09024,306.69025,306.49023,306.79022,306.19025,302.79022,302.79022,304.29022,303.79022,302.99023,302.69025,301.99023,300.89023,298.99023,296.49023,294.29022,295.19025,294.39023,294.69025,293.09024,290.39023,290.09024,288.49023,287.69025,287.29022,287.79022,289.89023,288.59024,290.59024,289.39023,290.09024,285.89023,282.89023,279.99023,280.79022,280.89023
308.79022,307.79022,307.79022,307.19025,305.99023,304.29022,305.29022,304.79022,304.09024,302.99023,301.99023,301.69025,302.49023,302.69025,302.39023,302.49023,301.39023,301.49023,299.79022,296.89023,295.79022,294.69025,294.29022,293.59024,293.09024,289.49023,289.09024,290.69025,288.99023,290.29022,290.59024,291.29022,289.49023,288.49023,288.29022,286.29022,281.39023,280.59024,283.89023,283.09024,282.39023
307.99023,307.09024,305.99023,305.39023,304.09024,303.59024,302.49023,302.49023,302.89023,301.99023,299.99023,299.29022,301.19025,300.69025,301.09024,300.69025,299.99023,300.09024,297.69025,297.69025,294.49023,291.49023,291.39023,292.29022,290.99023,291.59024,288.99023,290.29022,289.59024,290.49023,289.19025,289.59024,288.69025,287.99023,286.79022,289.09024,286.59024,288.79022,286.09024,286.09024,285.69025
303.49023,306.39023,306.29022,305.89023,304.99023,303.59024,303.99023,302.79022,300.99023,300.19025,297.29022,295.99023,298.29022,296.89023,299.39023,298.99023,298.09024,297.89023,299.09024,294.69025,293.79022,292.39023,290.59024,290.49023,291.69025,291.89023,290.89023,289.29022,289.59024,290.49023,290.49023,288.89023,289.89023,290.39023,290.19025,288.79022,288.59024,289.19025,289.09024,288.09024,284.89023
305.59024,306.39023,298.29022,305.99023,304.89023,304.39023,303.59024,301.59024,302.49023,301.09024,296.69025,293.59024,295.59024,297.09024,297.69025,298.29022,297.89023,297.79022,297.99023,296.39023,295.19025,291.39023,292.59024,291.69025,292.09024,291.79022,291.69025,289.39023,290.29022,289.69025,290.39023,289.39023,289.49023,288.49023,288.79022,287.99023,288.29022,287.39023,286.89023,285.69025,288.29022
299.79022,305.29022,290.79022,304.09024,303.59024,302.59024,302.39023,302.19025,302.39023,302.09024,298.29022,293.89023,292.99023,293.49023,294.69025,296.29022,296.69025,297.69025,298.39023,296.49023,294.89023,293.29022,290.69025,289.49023,291.89023,289.19025,289.09024,289.99023,288.89023,290.39023,290.39023,287.99023,288.79022,288.29022,288.79022,288.29022,289.49023,286.59024,287.09024,288.89023,286.39023
