wind_kz.json
{"header": {"discipline":0,"disciplineName":"Meteorological products","gribEdition":2,"gribLength":871,"center":7,"centerName":"US National Weather Service - NCEP(WMC)","subcenter":0,"refTime":"2024-02-01T18:00:00.000Z","significanceOfRT":1,"significanceOfRTName":"Start of forecast","productStatus":0,"productStatusName":"Operational products","productType":1,"productTypeName":"Forecast products","productDefinitionTemplate":0,"productDefinitionTemplateName":"Analysis/forecast at horizontal level/layer at a point in time","parameterCategory":0,"parameterCategoryName":"UnknownDiscipline_0_Category_0","parameterNumber":0,"parameterNumberName":"UnknownParameter_D0_C0_0","parameterUnit":"Unknown","genProcessType":2,"genProcessTypeName":"Forecast","forecastTime":60,"surface1Type":1,"surface1TypeName":"Ground or water surface","surface1Value":0.0,"surface2Type":255,"surface2TypeName":"Missing","surface2Value":0.0,"gridDefinitionTemplate":0,"gridDefinitionTemplateName":"Latitude_Longitude","numberPoints":615,"shape":6,"shapeName":"Earth spherical with radius of 6,371,229.0 m","gridUnits":"degrees","resolution":48,"winds":"true","scanMode":64,"nx":41,"ny":15,"basicAngle":0,"lo1":47.0,"la1":41.0,"lo2":87.0,"la2":55.0,"dx":1.0,"dy":1.0}, "data":
[rows 0 to 14 of 15, columns 0 to 40 of 41]
278.6375,271.23752,276.1375,280.6375,281.03754,282.1375,282.73752,284.03754,280.83752,280.6375,280.03754,278.83752,278.33752,278.33752,278.23752,279.03754,280.03754,282.33752,281.53754,281.83752,283.43753,281.93753,281.73752,278.1375,280.33752,280.93753,273.23752,266.1375,264.83752,262.6375,264.83752,262.43753,268.23752,276.33752,277.6375,276.73752,276.53754,276.73752,276.1375,275.23752,278.43753
257.6375,275.83752,280.53754,280.23752,280.73752,281.23752,281.6375,281.1375,281.23752,281.83752,280.33752,279.83752,278.93753,279.93753,276.1375,274.6375,278.23752,277.6375,278.53754,280.03754,279.43753,280.1375,274.93753,271.83752,264.6375,264.73752,267.23752,263.33752,262.03754,262.53754,267.83752,260.6375,270.23752,254.33752,258.83752,268.1375,266.73752,275.1375,276.33752,271.93753,273.1375
275.83752,279.1375,280.43753,280.6375,280.73752,278.1375,276.53754,276.83752,275.73752,276.33752,275.93753,277.53754,275.1375,275.53754,273.1375,270.93753,272.03754,271.6375,273.03754,273.83752,275.1375,278.1375,277.23752,271.53754,274.6375,273.23752,273.33752,273.33752,274.33752,267.43753,265.83752,268.43753,267.73752,266.43753,261.83752,267.83752,266.73752,258.23752,260.6375,266.73752,264.1375
276.6375,276.1375,278.1375,279.1375,278.93753,277.33752,275.83752,275.43753,277.93753,276.73752,277.43753,276.1375,281.03754,281.93753,273.53754,273.03754,271.73752,271.33752,270.33752,272.03754,273.43753,269.83752,274.83752,272.73752,273.1375,273.23752,273.33752,271.33752,273.1375,273.23752,269.33752,270.6375,273.53754,270.73752,268.03754,268.23752,265.03754,260.03754,271.23752,266.23752,266.33752
274.83752,272.83752,271.73752,272.93753,273.93753,275.6375,274.03754,275.83752,274.6375,273.23752,272.53754,273.1375,278.83752,278.83752,278.1375,273.23752,273.53754,272.53754,272.53754,270.23752,269.33752,271.53754,268.93753,270.1375,270.93753,269.83752,271.03754,269.93753,273.03754,273.23752,271.03754,270.93753,270.03754,262.93753,269.03754,263.6375,266.1375,268.1375,269.53754,267.6375,266.83752
274.83752,275.03754,272.33752,272.03754,271.73752,272.03754,275.23752,273.83752,273.03754,273.43753,271.23752,271.73752,277.83752,278.93753,272.43753,273.03754,270.73752,273.33752,273.1375,272.43753,269.6375,267.73752,268.53754,267.73752,268.73752,267.43753,268.53754,266.53754,267.93753,268.03754,268.53754,268.73752,265.43753,264.53754,270.43753,267.73752,270.03754,267.53754,266.83752,263.33752,264.93753
273.53754,274.23752,274.73752,275.03754,272.6375,274.43753,274.43753,272.23752,270.73752,270.1375,270.03754,268.6375,269.1375,268.83752,268.93753,270.33752,268.83752,271.53754,272.43753,272.1375,268.53754,265.93753,266.03754,265.6375,264.53754,263.93753,263.83752,265.33752,265.83752,267.73752,264.73752,265.43753,265.33752,265.33752,265.33752,266.83752,266.83752,268.23752,265.33752,265.43753,267.83752
273.43753,273.43753,273.33752,273.1375,272.53754,272.03754,271.73752,270.83752,269.1375,268.73752,268.1375,267.93753,266.43753,264.83752,266.43753,267.03754,266.33752,266.43753,267.33752,270.73752,267.6375,268.33752,266.1375,265.03754,265.1375,264.33752,265.43753,262.83752,265.93753,264.33752,264.03754,264.43753,264.1375,265.73752,264.6375,262.83752,261.23752,260.53754,264.23752,267.23752,265.93753
273.23752,273.23752,273.23752,272.93753,272.1375,272.1375,271.6375,269.73752,268.33752,265.83752,265.53754,263.6375,264.73752,263.33752,263.03754,263.93753,264.43753,265.83752,265.73752,269.83752,268.83752,268.83752,268.03754,265.23752,264.1375,264.93753,266.43753,265.53754,265.73752,265.73752,263.03754,263.73752,269.83752,267.93753,265.1375,263.6375,264.23752,263.1375,260.73752,262.03754,261.73752
273.23752,272.73752,272.6375,272.23752,271.43753,270.43753,268.83752,267.43753,267.23752,268.1375,265.53754,264.83752,264.83752,264.73752,262.1375,262.43753,262.83752,263.73752,264.33752,267.73752,269.23752,268.83752,269.73752,268.03754,267.03754,265.73752,266.93753,267.03754,266.73752,266.53754,269.03754,270.33752,270.6375,268.03754,265.6375,264.93753,266.93753,267.1375,267.73752,267.53754,259.23752
272.03754,270.83752,270.03754,269.93753,269.43753,268.33752,268.1375,268.1375,267.43753,267.53754,265.83752,265.23752,266.1375,264.83752,262.73752,262.73752,261.1375,262.23752,262.6375,263.43753,268.6375,268.23752,270.03754,269.93753,268.43753,267.6375,267.03754,267.73752,269.23752,271.23752,270.53754,270.6375,269.43753,268.83752,266.6375,266.73752,267.23752,268.03754,264.53754,265.53754,265.83752
269.53754,269.23752,268.93753,268.03754,267.03754,266.6375,266.43753,266.23752,266.6375,267.1375,266.43753,264.03754,262.43753,262.93753,261.73752,262.43753,261.73752,261.73752,262.43753,263.83752,266.23752,267.73752,269.73752,271.03754,269.93753,268.83752,268.23752,269.83752,270.1375,270.6375,270.03754,268.53754,270.53754,268.1375,268.23752,267.53754,269.73752,270.23752,271.73752,270.33752,271.03754
266.1375,266.1375,266.6375,265.83752,265.73752,265.43753,264.1375,262.83752,263.73752,264.33752,264.6375,263.43753,261.03754,262.33752,263.03754,262.83752,262.33752,261.53754,262.33752,263.1375,265.33752,267.93753,268.43753,269.83752,270.73752,270.53754,270.33752,270.43753,270.73752,269.93753,269.03754,267.53754,267.53754,267.43753,267.6375,267.23752,267.73752,269.53754,269.03754,268.03754,270.43753
266.53754,264.73752,262.73752,263.83752,261.93753,259.33752,259.6375,261.03754,263.6375,265.33752,264.03754,262.73752,257.93753,260.53754,262.33752,262.1375,262.03754,261.43753,261.83752,262.93753,264.6375,266.43753,268.1375,270.73752,271.83752,271.83752,271.23752,270.43753,269.73752,268.33752,267.23752,265.73752,267.03754,266.83752,267.83752,267.73752,268.53754,268.53754,268.33752,268.1375,269.23752
264.6375,261.73752,260.03754,258.23752,258.03754,259.43753,260.23752,260.6375,260.03754,264.33752,264.6375,263.53754,261.43753,262.03754,261.93753,261.53754,260.83752,261.93753,262.73752,263.53754,264.93753,267.23752,269.83752,271.43753,272.23752,270.93753,269.1375,268.43753,267.03754,266.73752,266.33752,266.6375,267.1375,267.6375,268.33752,268.73752,269.03754,268.53754,268.43753,268.73752,269.23752
