wind_kz.json
{"header": {"discipline":0,"disciplineName":"Meteorological products","gribEdition":2,"gribLength":1102,"center":7,"centerName":"US National Weather Service - NCEP(WMC)","subcenter":0,"refTime":"2024-04-07T12:00:00.000Z","significanceOfRT":1,"significanceOfRTName":"Start of forecast","productStatus":0,"productStatusName":"Operational products","productType":1,"productTypeName":"Forecast products","productDefinitionTemplate":0,"productDefinitionTemplateName":"Analysis/forecast at horizontal level/layer at a point in time","parameterCategory":2,"parameterCategoryName":"UnknownDiscipline_0_Category_2","parameterNumber":2,"parameterNumberName":"UnknownParameter_D0_C2_2","parameterUnit":"Unknown","genProcessType":2,"genProcessTypeName":"Forecast","forecastTime":240,"surface1Type":103,"surface1TypeName":"Specified height level above ground","surface1Value":10.0,"surface2Type":255,"surface2TypeName":"Missing","surface2Value":0.0,"gridDefinitionTemplate":0,"gridDefinitionTemplateName":"Latitude_Longitude","numberPoints":615,"shape":6,"shapeName":"Earth spherical with radius of 6,371,229.0 m","gridUnits":"degrees","resolution":48,"winds":"true","scanMode":64,"nx":41,"ny":15,"basicAngle":0,"lo1":47.0,"la1":41.0,"lo2":87.0,"la2":55.0,"dx":1.0,"dy":1.0}, "data":
[rows 0 to 14 of 15, columns 0 to 40 of 41]
0.38585448,2.1758544,1.4058545,-2.7441454,-0.4341455,2.5458546,5.2458544,-4.7041454,-4.4841456,-4.4341455,-5.3241453,-4.6841455,-4.2341456,-4.2041454,-3.6341455,-3.6441455,-3.5541456,-5.0441456,-5.1041455,-4.6141453,-3.2841456,-2.8141456,0.3958545,3.3458545,-1.4341455,-0.42414552,0.71585447,2.0358546,0.96585447,1.2658545,1.9258544,2.6258545,-0.4341455,-1.1141455,2.1858544,1.3458545,0.4658545,-0.04414551,-0.104145505,-0.5441455,-0.72414553
1.9458545,-2.4241455,-8.794146,-6.0141454,-2.3741455,1.8458545,-2.5141456,-4.1041455,-4.5841455,-3.7241454,-3.6041455,-3.5341456,-4.4741454,-3.8341455,-3.3241456,-3.7541456,-3.3341455,-4.1141453,-3.9041455,-3.1041455,-1.8141456,-1.0041455,-0.7441455,-0.0141455075,-1.0141455,0.4658545,-0.3441455,1.4458545,1.9958545,2.9258544,1.6858544,1.3758545,0.5858545,1.1858544,0.4758545,2.6858544,0.41585448,1.7258545,1.3658545,2.0758545,-1.6641455
-2.0341456,-6.5241456,-10.134146,-6.4541454,-2.6041455,0.5958545,-4.4541454,-3.5041456,-3.1241455,-2.1241455,-3.2241454,-2.0241456,-4.9841456,-3.7641456,-3.3741455,-3.3541455,-3.6741455,-2.9841454,-2.8041456,-2.0541456,-0.8841455,-0.5041455,-5.2241454,-3.8141456,0.71585447,1.9358544,2.5758545,1.3858545,-1.8641455,1.2158545,2.1358545,0.14585449,-0.3141455,1.5358545,0.71585447,-1.1641455,0.7958545,-0.8741455,4.8358545,0.5158545,-2.4241455
-5.6941457,-7.7141457,-8.044146,-5.2341456,0.12585449,-1.8241456,-4.1041455,-0.8541455,-2.1041455,-2.0941455,-2.4441454,-5.8241453,-4.4141455,-2.4741454,-1.0241455,-3.3041456,-2.8441455,-2.4541454,-2.6841455,-3.0541456,-2.8041456,-3.7541456,1.3058544,0.5458545,1.3558545,2.1258545,3.4258544,5.1758547,7.9158545,7.8758545,7.9658546,6.8058543,4.4158545,11.895855,3.4558544,2.8358545,0.4258545,1.5158545,-1.0241455,-1.1241455,-2.0441456
-7.7641454,-8.094146,-6.0841455,-0.9841455,-0.6341455,-3.3541455,-0.15414551,-1.2741455,-1.5741456,-0.59414554,-0.9541455,-4.9741454,-2.8041456,-0.7741455,3.0658545,-2.3041456,-2.7541456,-2.7341454,-2.1641455,-1.5441455,-1.4341455,-0.6641455,0.075854495,0.7558545,1.2858545,2.0758545,3.7458544,4.1158543,6.7358546,7.7458544,9.315854,7.0058546,0.35585448,5.0058546,-5.2941456,-1.7741455,2.0358546,2.0058546,4.0358543,3.3858545,1.3158545
-7.3841457,-5.7441454,-5.1641455,-4.5241456,-3.9541454,-3.5441456,1.7758545,-1.8641455,-0.78414553,-2.4941454,-1.2141455,-2.0141456,0.8658545,1.3058544,1.4558545,-0.6241455,0.20585449,-1.4441456,-0.7141455,0.23585449,-0.5041455,0.035854492,1.0058545,1.6358545,2.6058545,3.6158545,3.5158546,4.1858544,5.7158546,5.5158544,6.3958545,6.0358543,0.8958545,3.3858545,1.7658545,0.7658545,5.0658545,3.8858545,2.5658545,1.4158545,-0.3741455
-4.1741457,-2.7841456,-1.1241455,-1.1141455,-0.9441455,1.4058545,3.5758545,0.44585449,-0.5141455,0.09585449,0.4958545,0.4558545,1.6158545,3.3758545,3.6158545,3.4658544,3.4758544,3.4058545,3.1558545,2.8358545,2.1358545,1.3258545,1.6358545,2.0058546,3.9258544,4.5058546,4.8458543,2.8358545,4.3658543,3.6158545,7.0658545,5.0858545,4.2958546,4.3958545,5.0158544,3.0458546,3.3758545,2.2858546,0.77585447,0.3458545,1.6258545
-2.5741456,-2.5241456,-0.0041455077,0.3158545,2.0758545,3.5458546,1.9258544,2.8758545,3.5158546,2.9858544,3.1358545,3.4858544,4.4558544,4.9458547,5.4958544,6.1658545,6.5358543,6.4258547,5.5158544,5.5558543,5.9258547,4.4758544,4.0858545,3.0658545,3.0358546,4.1358547,5.7158546,6.1558547,5.3658543,2.9358544,3.8458545,4.2558546,3.9358544,4.5658545,4.9458547,2.9958544,-2.6441455,-1.6741455,-3.1541455,-0.9241455,0.9158545
-2.0841455,-1.4541456,-1.2041456,0.08585449,1.9058545,3.4158545,4.0158544,4.3858547,4.7758546,5.1358547,6.3058543,5.0758543,5.7158546,6.6958547,7.8058543,7.3758545,6.1958547,8.945854,7.1958547,7.8358545,8.435855,7.9758544,6.2758546,4.0658545,4.4858546,4.1658545,5.4658546,5.9658546,7.1158543,5.0658545,4.7658544,4.4158545,3.8058546,2.2158544,7.3958545,3.3858545,0.045854494,2.0458546,-1.1341455,0.2558545,-0.1441455
0.3758545,1.1558545,2.3158545,3.4458544,3.4858544,3.8858545,4.5058546,5.4958544,6.7558546,7.4958544,8.035854,8.425855,8.555855,8.425855,7.6458545,6.9758544,7.4558544,7.2358546,6.1758547,6.3658543,9.025854,9.635855,8.045855,6.7958546,6.5858545,5.7558546,5.5558543,6.8258543,6.9958544,6.7458544,6.8458543,5.9558544,5.4458547,3.3558545,0.6058545,2.9058545,-2.2041454,-0.7641455,-2.0041456,0.4658545,0.4058545
1.8858545,2.9458544,3.2758546,4.3358545,4.9458547,5.5158544,6.4558544,6.8458543,6.8558545,7.3858547,6.9058547,7.2758546,7.8258543,7.9758544,7.8858547,8.275854,8.165854,8.515855,8.005855,7.2058544,7.8958545,7.1958547,8.525854,6.9758544,6.8258543,6.5658545,6.2258544,6.0758543,6.5358543,7.1458545,7.5258546,8.195854,7.5858545,5.7058544,3.6358545,0.52585447,-0.84414554,-0.3841455,0.9258545,1.4758545,-0.07414551
1.8158545,2.9958544,3.8158545,4.4658546,4.7258544,5.1658545,5.8858547,6.5658545,6.7158546,6.0458546,6.0458546,7.4558544,6.4558544,8.005855,7.3458543,7.9758544,7.4258547,6.5858545,4.4858546,5.6958547,4.7558546,7.8758545,5.4058547,5.0758543,5.9958544,6.4858546,5.1958547,5.3658543,6.3258543,6.9558544,6.1558547,5.7158546,5.3958545,5.0758543,4.7758546,2.2458544,4.3058543,1.8558545,0.2558545,2.4258544,0.23585449
2.5258546,3.7158544,3.5258546,4.1258545,4.1958547,3.8458545,5.5758543,6.0258546,7.4758544,2.2058544,3.2958546,3.7358544,4.8158545,6.0158544,6.2158546,4.9958544,3.3458545,3.7058544,4.1858544,4.4758544,5.8558545,6.0658545,5.6758547,3.8058546,3.4458544,-0.5641455,0.9558545,4.0058546,4.3858547,4.2558546,3.4258544,2.9958544,1.7658545,-1.6841455,-0.7941455,-3.3341455,-2.5541456,-1.4341455,-2.3041456,-1.6541455,-0.8641455
2.2858546,-0.034145508,0.7558545,1.4958545,0.9158545,0.4358545,-1.9741455,-1.0041455,-0.9641455,0.14585449,1.1358545,2.7458544,2.9958544,-2.5741456,-0.9941455,0.26585448,1.1258545,1.8258545,2.9258544,3.6258545,4.1058545,4.6958547,1.6258545,-2.1141455,-2.5741456,-1.1541455,0.2858545,-0.04414551,-0.15414551,-0.13414551,0.2158545,-1.2741455,-1.6941456,-2.7241454,-2.8641455,-3.9741454,-3.9641454,-3.6441455,-2.5941455,-1.6441455,-3.4441454
-2.2841456,-2.6741455,-1.6241455,-1.7141455,-2.0841455,-2.0241456,-1.1241455,-0.9641455,-0.9041455,0.045854494,0.2758545,-0.4641455,1.7058545,0.77585447,0.5358545,0.9858545,1.4558545,0.9958545,1.6858544,1.8858545,1.2458545,-1.0741456,-2.4841454,-2.4841454,-0.9641455,-0.8541455,-1.7541455,-1.2941455,-1.2841455,-2.0141456,-3.2341454,-3.3141456,-3.5141456,-4.5241456,-4.8641453,-4.5541453,-4.0841455,-3.7841456,-1.9141455,-0.024145508,-1.3841455
