wind.json
{"header": {"discipline":0,"disciplineName":"Meteorological products","gribEdition":2,"gribLength":1039,"center":7,"centerName":"US National Weather Service - NCEP(WMC)","subcenter":0,"refTime":"2023-06-27T00:00:00.000Z","significanceOfRT":1,"significanceOfRTName":"Start of forecast","productStatus":0,"productStatusName":"Operational products","productType":1,"productTypeName":"Forecast products","productDefinitionTemplate":0,"productDefinitionTemplateName":"Analysis/forecast at horizontal level/layer at a point in time","parameterCategory":0,"parameterCategoryName":"UnknownDiscipline_0_Category_0","parameterNumber":0,"parameterNumberName":"UnknownParameter_D0_C0_0","parameterUnit":"Unknown","genProcessType":2,"genProcessTypeName":"Forecast","forecastTime":300,"surface1Type":1,"surface1TypeName":"Ground or water surface","surface1Value":0.0,"surface2Type":255,"surface2TypeName":"Missing","surface2Value":0.0,"gridDefinitionTemplate":0,"gridDefinitionTemplateName":"Latitude_Longitude","numberPoints":688,"shape":6,"shapeName":"Earth spherical with radius of 6,371,229.0 m","gridUnits":"degrees","resolution":48,"winds":"true","scanMode":64,"nx":43,"ny":16,"basicAngle":0,"lo1":45.0,"la1":40.0,"lo2":87.0,"la2":55.0,"dx":1.0,"dy":1.0}, "data":
[rows 0 to 15 of 16, columns 0 to 42 of 43]
300.46136,293.16138,318.66138,324.06137,322.46136,299.06137,298.3614,299.76138,332.26138,327.56137,327.8614,326.96136,328.3614,326.8614,326.96136,326.06137,324.8614,323.96136,325.26138,324.26138,321.3614,320.66138,315.8614,317.76138,314.8614,311.76138,310.46136,299.3614,291.56137,292.76138,297.66138,299.3614,308.96136,306.96136,309.46136,304.26138,307.06137,311.26138,315.16138,313.66138,313.26138,314.46136,314.06137
300.46136,318.96136,320.66138,304.06137,311.06137,297.8614,300.66138,297.26138,317.26138,328.76138,326.66138,323.46136,327.16138,326.16138,326.16138,327.56137,325.96136,326.96136,324.3614,323.8614,325.46136,323.8614,324.96136,318.46136,317.96136,312.46136,314.46136,315.96136,310.76138,290.46136,289.56137,290.26138,287.8614,283.96136,297.16138,303.56137,305.06137,309.3614,312.3614,312.26138,312.06137,314.46136,314.56137
303.96136,297.56137,288.56137,305.16138,297.46136,298.96136,300.06137,297.76138,330.3614,324.06137,317.8614,318.26138,326.06137,326.3614,326.06137,326.46136,326.56137,326.56137,325.56137,324.96136,324.06137,323.76138,323.56137,319.16138,317.56137,304.96136,290.56137,283.16138,299.26138,290.8614,290.76138,285.26138,289.66138,273.46136,280.76138,272.8614,286.16138,304.3614,306.06137,305.3614,309.16138,302.3614,287.76138
290.46136,295.06137,302.16138,297.56137,297.76138,297.76138,296.96136,320.16138,313.26138,320.76138,322.06137,318.3614,317.3614,320.76138,319.16138,323.16138,325.06137,325.06137,325.26138,324.66138,324.26138,324.56137,325.3614,320.76138,320.16138,311.46136,301.26138,307.06137,298.76138,300.8614,304.06137,290.3614,282.56137,279.06137,292.66138,289.8614,288.8614,292.16138,285.16138,288.3614,290.3614,285.3614,287.76138
300.56137,306.96136,307.76138,297.96136,298.16138,297.3614,301.56137,314.66138,310.06137,308.8614,320.3614,323.06137,322.26138,316.46136,296.06137,295.46136,319.26138,323.56137,323.96136,325.46136,325.16138,324.06137,318.96136,317.26138,320.8614,319.56137,313.06137,318.06137,320.26138,308.96136,293.06137,301.8614,308.26138,298.66138,311.66138,310.06137,306.66138,299.46136,288.26138,286.3614,289.8614,304.46136,309.96136
297.66138,298.26138,297.76138,298.46136,298.46136,298.76138,300.3614,304.56137,307.06137,307.26138,309.26138,324.3614,314.56137,319.16138,296.56137,295.66138,293.06137,323.26138,323.46136,321.56137,319.56137,322.16138,323.3614,322.06137,314.66138,321.26138,318.56137,308.66138,311.76138,308.46136,313.8614,315.76138,315.96136,313.96136,293.66138,278.8614,295.06137,306.56137,303.8614,312.96136,312.66138,314.26138,314.96136
308.3614,308.56137,301.16138,297.76138,299.06137,297.76138,297.96136,297.66138,303.46136,305.06137,311.16138,305.16138,321.3614,317.16138,297.76138,296.56137,306.96136,317.8614,320.06137,320.8614,320.8614,321.26138,316.46136,319.96136,311.06137,320.3614,305.46136,311.06137,313.66138,292.06137,315.16138,316.06137,317.16138,316.46136,315.16138,306.46136,306.66138,303.76138,293.66138,298.26138,310.06137,314.8614,312.06137
312.46136,313.3614,311.3614,309.96136,303.66138,304.66138,307.56137,310.26138,311.06137,315.06137,316.26138,315.96136,317.76138,316.06137,310.3614,311.46136,315.56137,316.56137,317.06137,315.96136,318.46136,316.76138,315.46136,315.06137,318.26138,317.66138,317.46136,314.56137,311.66138,316.3614,310.8614,317.3614,313.76138,316.76138,315.66138,311.16138,310.3614,304.56137,296.3614,292.8614,292.46136,292.46136,307.06137
309.16138,308.76138,312.3614,313.56137,312.06137,312.56137,311.16138,313.06137,315.3614,313.76138,312.3614,311.96136,311.16138,309.26138,310.76138,306.16138,313.56137,313.06137,315.06137,314.16138,313.8614,312.76138,313.3614,314.8614,314.8614,315.66138,314.56137,305.56137,298.46136,310.66138,310.96136,312.16138,308.96136,311.3614,309.06137,307.3614,290.3614,300.46136,306.96136,289.16138,307.3614,306.8614,305.46136
294.56137,309.3614,310.16138,311.3614,312.8614,311.8614,312.8614,311.8614,310.66138,309.26138,308.96136,306.16138,300.56137,302.66138,299.46136,299.96136,306.56137,309.8614,309.06137,308.66138,307.56137,308.66138,300.26138,296.46136,300.06137,302.66138,309.46136,310.3614,306.56137,296.56137,304.16138,305.46136,305.46136,305.76138,307.3614,308.3614,306.8614,305.96136,299.8614,306.16138,289.3614,292.3614,291.46136
300.96136,305.26138,306.76138,307.76138,308.8614,308.96136,307.3614,308.46136,306.96136,305.8614,299.76138,298.76138,295.06137,296.46136,297.46136,302.06137,301.76138,305.96136,305.06137,300.56137,295.66138,294.96136,299.26138,301.46136,303.16138,307.46136,301.06137,291.46136,296.16138,291.96136,297.76138,306.26138,306.56137,309.26138,309.16138,307.66138,307.06137,307.16138,302.3614,297.56137,294.66138,287.8614,291.26138
298.3614,296.46136,301.66138,302.16138,303.3614,303.16138,303.3614,303.96136,303.16138,303.96136,302.26138,301.8614,296.3614,294.26138,297.16138,293.3614,297.06137,295.26138,295.96136,296.8614,293.26138,291.06137,291.46136,291.06137,292.16138,295.56137,295.46136,293.06137,295.16138,296.16138,296.8614,298.46136,310.56137,308.56137,309.46136,306.8614,304.46136,306.26138,297.06137,293.8614,297.26138,295.8614,296.3614
296.8614,297.8614,299.76138,300.96136,301.66138,300.66138,299.06137,298.96136,298.56137,299.26138,299.66138,298.3614,295.26138,290.16138,291.8614,292.76138,292.3614,295.16138,293.56137,296.06137,290.8614,290.96136,289.3614,288.06137,289.16138,289.3614,289.56137,290.26138,293.96136,302.66138,304.76138,297.3614,298.3614,307.56137,308.26138,305.66138,304.56137,304.8614,304.46136,304.46136,300.3614,299.8614,300.26138
296.26138,296.46136,297.66138,299.16138,301.76138,299.56137,298.56137,297.26138,296.96136,298.76138,296.96136,292.16138,288.46136,288.06137,290.76138,287.76138,288.26138,289.76138,291.06137,289.8614,291.3614,289.3614,288.96136,289.3614,289.46136,287.76138,289.06137,293.26138,292.16138,294.66138,296.26138,300.16138,293.26138,301.66138,305.96136,306.76138,306.16138,305.26138,304.16138,302.96136,300.56137,302.46136,300.06137
295.8614,297.3614,296.46136,298.56137,293.46136,294.76138,293.56137,296.8614,295.8614,293.8614,294.06137,296.8614,291.06137,287.26138,291.56137,288.16138,288.76138,288.56137,289.66138,293.76138,290.3614,289.66138,291.3614,291.3614,293.3614,292.56137,290.56137,294.16138,293.26138,291.06137,294.56137,295.26138,296.3614,293.96136,305.96136,306.56137,303.26138,302.56137,301.3614,299.96136,299.56137,299.06137,298.26138
295.3614,296.8614,293.96136,293.96136,291.8614,295.3614,292.56137,292.56137,296.8614,295.66138,293.96136,294.8614,294.3614,291.3614,290.06137,291.76138,290.46136,290.26138,290.06137,289.3614,291.16138,289.16138,291.16138,291.8614,293.06137,294.3614,292.76138,292.46136,289.66138,289.16138,288.8614,293.8614,293.66138,291.8614,292.56137,304.96136,305.66138,303.26138,300.16138,296.56137,298.66138,299.96136,299.96136
