wind_kz.json
{"header": {"discipline":0,"disciplineName":"Meteorological products","gribEdition":2,"gribLength":794,"center":7,"centerName":"US National Weather Service - NCEP(WMC)","subcenter":0,"refTime":"2023-09-25T18:00:00.000Z","significanceOfRT":1,"significanceOfRTName":"Start of forecast","productStatus":0,"productStatusName":"Operational products","productType":1,"productTypeName":"Forecast products","productDefinitionTemplate":0,"productDefinitionTemplateName":"Analysis/forecast at horizontal level/layer at a point in time","parameterCategory":2,"parameterCategoryName":"UnknownDiscipline_0_Category_2","parameterNumber":2,"parameterNumberName":"UnknownParameter_D0_C2_2","parameterUnit":"Unknown","genProcessType":2,"genProcessTypeName":"Forecast","forecastTime":300,"surface1Type":103,"surface1TypeName":"Specified height level above ground","surface1Value":10.0,"surface2Type":255,"surface2TypeName":"Missing","surface2Value":0.0,"gridDefinitionTemplate":0,"gridDefinitionTemplateName":"Latitude_Longitude","numberPoints":615,"shape":6,"shapeName":"Earth spherical with radius of 6,371,229.0 m","gridUnits":"degrees","resolution":48,"winds":"true","scanMode":64,"nx":41,"ny":15,"basicAngle":0,"lo1":47.0,"la1":41.0,"lo2":87.0,"la2":55.0,"dx":1.0,"dy":1.0}, "data":
[rows 0 to 14 of 15, columns 0 to 40 of 41]
0.02147522,1.2214752,-1.7785248,-2.2785249,-2.9785247,-2.5785248,-0.47852477,0.5214752,1.1214752,0.5214752,1.1214752,1.8214753,2.5214753,1.9214752,1.8214753,1.8214753,1.9214752,3.7214751,2.3214753,1.8214753,1.4214752,0.5214752,1.5214752,2.6214752,-1.0785248,1.1214752,2.5214753,3.1214752,-0.17852478,1.9214752,-0.2785248,2.1214752,0.3214752,-0.2785248,-0.77852476,-0.07852478,0.3214752,0.3214752,-0.07852478,0.92147523,0.72147524
0.92147523,-2.4785247,-5.9785247,-5.278525,-2.3785248,-0.17852478,-0.47852477,-1.1785247,-1.0785248,-0.37852478,0.12147522,1.2214752,2.9214752,3.2214751,4.721475,4.5214753,2.9214752,2.6214752,3.6214752,3.7214751,2.8214753,2.0214753,1.9214752,3.8214753,2.3214753,0.12147522,1.1214752,1.1214752,3.4214752,1.4214752,0.3214752,0.8214752,-1.0785248,0.5214752,0.6214752,0.3214752,0.3214752,-0.9785248,0.6214752,-0.8785248,-0.17852478
-4.378525,-6.778525,-4.878525,-3.7785249,-3.5785248,-1.5785248,-0.9785248,0.12147522,1.3214753,1.8214753,1.8214753,2.3214753,2.5214753,3.5214753,2.8214753,2.3214753,3.7214751,3.8214753,3.1214752,3.2214751,3.6214752,2.9214752,1.1214752,3.0214753,0.42147523,-0.57852477,-2.4785247,-1.6785247,2.2214751,-1.3785248,0.92147523,-3.3785248,0.22147521,1.7214752,-2.6785247,0.3214752,0.3214752,-0.07852478,-0.8785248,-1.7785248,0.02147522
-7.178525,-6.5785246,-5.5785246,-3.4785247,-1.8785248,-0.17852478,0.6214752,1.4214752,2.6214752,3.2214751,2.3214753,1.3214753,1.0214752,2.1214752,4.5214753,3.3214753,2.5214753,3.2214751,2.7214751,2.0214753,1.3214753,3.5214753,4.0214753,2.9214752,3.5214753,2.0214753,0.12147522,1.5214752,-2.1785247,-1.7785248,-0.07852478,0.8214752,7.121475,4.821475,5.321475,4.5214753,1.1214752,0.6214752,-0.37852478,2.4214752,0.12147522
-6.178525,-4.0785246,-3.1785247,-2.6785247,-2.8785248,-2.9785247,-1.7785248,0.42147523,1.5214752,-0.2785248,1.0214752,1.5214752,0.22147521,0.92147523,0.72147524,1.5214752,1.7214752,2.1214752,2.8214753,2.3214753,3.4214752,3.4214752,3.5214753,-1.6785247,-1.9785248,-3.2785249,-1.5785248,-2.8785248,-1.1785247,-1.0785248,-1.8785248,-0.6785248,0.6214752,0.3214752,2.0214753,1.4214752,1.0214752,0.6214752,-0.57852477,-1.8785248,-1.8785248
-5.178525,-3.8785248,-3.8785248,-4.378525,-4.9785247,-4.678525,-3.5785248,-3.1785247,-2.7785249,-2.8785248,-3.6785247,-2.9785247,-1.3785248,-0.77852476,-1.9785248,-0.37852478,1.2214752,1.5214752,1.7214752,1.6214752,2.4214752,3.1214752,0.6214752,-2.6785247,-1.4785248,-0.37852478,-1.5785248,-2.2785249,-2.3785248,-0.17852478,1.8214753,2.5214753,4.5214753,5.321475,1.3214753,-2.3785248,0.5214752,3.3214753,1.4214752,-0.6785248,-3.7785249
-4.678525,-4.178525,-3.8785248,-4.0785246,-4.678525,-4.278525,-4.0785246,-3.3785248,-4.278525,-3.8785248,-3.4785247,-3.6785247,-2.8785248,-2.6785247,-1.7785248,-0.57852477,1.3214753,2.0214753,0.3214752,1.5214752,0.8214752,-1.2785248,-0.77852476,2.1214752,2.5214753,0.02147522,0.8214752,1.5214752,1.8214753,2.0214753,4.321475,4.321475,7.5214753,5.5214753,3.0214753,-0.8785248,0.02147522,1.1214752,1.8214753,0.5214752,3.9214752
-4.5785246,-4.0785246,-3.6785247,-3.5785248,-3.6785247,-4.0785246,-3.9785247,-3.7785249,-4.4785247,-3.8785248,-3.3785248,-3.5785248,-3.7785249,-2.4785247,-2.5785248,-0.8785248,-1.0785248,-1.3785248,-0.9785248,0.92147523,-0.9785248,-1.6785247,-0.77852476,-2.7785249,-0.77852476,1.4214752,3.7214751,1.1214752,3.7214751,4.5214753,1.3214753,1.7214752,2.5214753,1.8214753,2.3214753,-0.6785248,0.5214752,-0.17852478,3.0214753,3.6214752,2.9214752
-3.3785248,-2.9785247,-2.9785247,-2.5785248,-2.4785247,-3.2785249,-3.6785247,-3.6785247,-3.2785249,-3.9785247,-3.9785247,-3.8785248,-3.4785247,-2.9785247,-2.7785249,-1.7785248,-1.5785248,-1.1785247,-0.9785248,0.42147523,-2.2785249,-0.07852478,-1.0785248,-0.8785248,1.2214752,2.1214752,3.8214753,3.0214753,3.0214753,3.0214753,2.9214752,1.5214752,0.02147522,0.02147522,0.3214752,1.3214753,-0.37852478,-1.7785248,-0.07852478,0.42147523,0.5214752
-2.1785247,-1.8785248,-1.6785247,-1.6785247,-1.7785248,-1.8785248,-2.9785247,-3.7785249,-4.178525,-3.8785248,-4.5785246,-4.878525,-2.7785249,-3.0785248,-3.0785248,-2.5785248,-3.5785248,-3.4785247,-2.7785249,-1.4785248,0.12147522,-1.2785248,0.3214752,3.3214753,2.3214753,1.4214752,0.92147523,4.0214753,4.9214754,5.221475,3.9214752,4.221475,3.2214751,3.6214752,4.321475,3.9214752,-0.9785248,-1.5785248,-0.17852478,0.5214752,1.2214752
-1.6785247,-1.2785248,-1.1785247,-1.3785248,-1.6785247,-2.4785247,-2.9785247,-2.7785249,-3.3785248,-3.3785248,-4.378525,-3.9785247,-3.2785249,-4.178525,-3.9785247,-3.7785249,-4.278525,-3.2785249,-3.0785248,-2.2785249,-1.6785247,-1.1785247,0.02147522,0.72147524,1.5214752,2.8214753,4.321475,4.0214753,4.9214754,3.1214752,3.7214751,3.5214753,2.5214753,2.9214752,3.7214751,1.6214752,-0.2785248,1.0214752,0.42147523,-0.47852477,1.3214753
-0.07852478,-0.17852478,-0.07852478,-0.6785248,-0.57852477,-1.5785248,-1.6785247,-2.3785248,-2.5785248,-2.6785247,-2.9785247,-3.3785248,-2.9785247,-3.5785248,-3.4785247,-3.4785247,-3.6785247,-3.7785249,-4.178525,-4.678525,-4.878525,-3.9785247,-4.278525,-3.7785249,-2.7785249,-3.1785247,-3.5785248,-2.6785247,-3.5785248,-3.1785247,-2.4785247,-1.5785248,-1.1785247,-0.6785248,-0.37852478,1.0214752,2.5214753,2.0214753,0.8214752,-0.77852476,-0.07852478
1.5214752,1.4214752,1.2214752,1.1214752,0.5214752,0.12147522,-0.2785248,0.42147523,-0.37852478,-1.0785248,-0.37852478,-0.77852476,-0.57852477,-1.6785247,-1.7785248,-2.2785249,-2.8785248,-3.3785248,-3.5785248,-4.0785246,-3.8785248,-3.7785249,-3.0785248,-2.3785248,-1.6785247,-2.9785247,-2.4785247,-4.0785246,-4.178525,-3.3785248,-3.2785249,-3.0785248,-2.8785248,-3.1785247,-2.8785248,-2.3785248,-1.3785248,-0.2785248,1.3214753,2.8214753,3.2214751
2.3214753,2.1214752,0.8214752,1.2214752,1.2214752,1.1214752,1.0214752,1.1214752,0.92147523,1.3214753,0.6214752,0.8214752,0.92147523,0.8214752,0.5214752,-0.47852477,-1.2785248,-1.8785248,-2.3785248,-2.9785247,-2.9785247,-3.0785248,-3.1785247,-3.1785247,-3.4785247,-3.5785248,-3.6785247,-3.5785248,-3.4785247,-3.6785247,-3.5785248,-3.5785248,-3.4785247,-3.1785247,-2.8785248,-2.9785247,-2.0785248,-1.6785247,-1.1785247,-0.07852478,2.3214753
2.0214753,2.6214752,2.9214752,2.0214753,1.9214752,1.8214753,2.0214753,1.9214752,1.4214752,0.8214752,0.72147524,1.7214752,1.3214753,1.0214752,1.7214752,1.6214752,1.5214752,0.8214752,0.42147523,0.12147522,0.12147522,-0.37852478,-0.17852478,0.12147522,-0.17852478,-0.6785248,-0.9785248,-1.4785248,-1.5785248,-2.2785249,-2.3785248,-2.6785247,-2.3785248,-2.2785249,-2.7785249,-2.1785247,-1.7785248,-1.1785247,-0.6785248,1.1214752,1.0214752
