wind_kz.json
{"header": {"discipline":0,"disciplineName":"Meteorological products","gribEdition":2,"gribLength":1025,"center":7,"centerName":"US National Weather Service - NCEP(WMC)","subcenter":0,"refTime":"2023-08-06T18:00:00.000Z","significanceOfRT":1,"significanceOfRTName":"Start of forecast","productStatus":0,"productStatusName":"Operational products","productType":1,"productTypeName":"Forecast products","productDefinitionTemplate":0,"productDefinitionTemplateName":"Analysis/forecast at horizontal level/layer at a point in time","parameterCategory":2,"parameterCategoryName":"UnknownDiscipline_0_Category_2","parameterNumber":2,"parameterNumberName":"UnknownParameter_D0_C2_2","parameterUnit":"Unknown","genProcessType":2,"genProcessTypeName":"Forecast","forecastTime":180,"surface1Type":103,"surface1TypeName":"Specified height level above ground","surface1Value":10.0,"surface2Type":255,"surface2TypeName":"Missing","surface2Value":0.0,"gridDefinitionTemplate":0,"gridDefinitionTemplateName":"Latitude_Longitude","numberPoints":615,"shape":6,"shapeName":"Earth spherical with radius of 6,371,229.0 m","gridUnits":"degrees","resolution":48,"winds":"true","scanMode":64,"nx":41,"ny":15,"basicAngle":0,"lo1":47.0,"la1":41.0,"lo2":87.0,"la2":55.0,"dx":1.0,"dy":1.0}, "data":
[rows 0 to 14 of 15, columns 0 to 40 of 41]
-1.6079199,1.6120801,-3.56792,0.42208007,-0.33791992,-1.3879199,-2.59792,-4.0679197,-4.82792,-3.58792,-4.41792,-5.00792,-4.38792,-3.81792,-4.3179197,-5.12792,-6.17792,-8.35792,-7.26792,-5.61792,-1.8779199,0.65208006,2.75208,3.47208,0.5520801,1.06208,4.32208,4.36208,2.7720802,2.0420802,4.13208,0.062080078,-0.71791995,-5.87792,-6.45792,-5.64792,-5.19792,-4.72792,-3.05792,-2.28792,-0.52791995
0.8620801,-2.64792,0.7920801,0.14208008,0.062080078,-0.6479199,-0.5179199,-0.39791992,-1.3879199,-0.84791994,-1.56792,-2.2079198,-1.6479199,-1.7779199,-2.87792,-3.65792,-4.42792,-6.22792,-6.55792,-4.95792,-2.56792,-2.90792,0.3120801,3.7720802,1.1320801,-0.18791991,1.4520801,2.71208,3.63208,2.5520802,0.83208007,1.6320801,-1.0079199,2.60208,0.6320801,-1.96792,0.08208008,-0.60791993,0.23208007,-1.6279199,-0.59791994
-0.6279199,3.69208,1.5220801,-0.23791993,1.44208,1.5820801,3.72208,2.0220802,1.7220801,1.8220801,2.68208,2.23208,2.42208,2.0320802,-0.21791992,-1.8779199,-2.60792,-3.25792,-4.94792,-5.65792,-5.0479198,-1.9079199,-6.47792,-7.86792,-2.9379199,-4.18792,-1.9279199,-0.7379199,3.92208,-0.83791995,1.66208,-2.29792,-0.5179199,0.58208007,-1.21792,1.19208,0.5520801,1.40208,1.2320801,4.47208,5.88208
-4.0679197,-4.62792,-2.81792,-0.107919924,0.84208006,1.7220801,5.01208,5.80208,5.72208,5.73208,5.57208,5.40208,4.23208,4.53208,3.3320801,2.3320801,1.40208,-1.18792,-1.33792,-3.1679199,-4.76792,-7.74792,-2.1979198,-3.9579198,-4.63792,-4.59792,-3.79792,-5.28792,-3.9479198,-1.71792,1.6120801,2.92208,2.5420802,3.0520802,3.13208,3.38208,2.17208,3.12208,-3.01792,-2.4179199,-0.20791993
-3.4279199,-3.2379198,-3.79792,-1.31792,1.5720801,2.95208,5.02208,7.67208,8.08208,8.11208,8.09208,9.45208,2.8120801,6.77208,3.21208,6.72208,4.44208,1.91208,0.7520801,-0.6279199,-0.71791995,-1.30792,-1.56792,-1.56792,-1.44792,-1.4879199,-3.90792,-2.4179199,-4.2979198,-1.9879199,-0.29791993,1.92208,3.89208,4.15208,-2.6779199,-0.77791995,2.48208,0.8820801,-0.47791994,1.43208,1.3820801
-0.66791993,-0.16791992,-1.2279199,-0.32791993,1.43208,2.7620802,5.86208,6.2020802,6.59208,9.17208,10.33208,9.43208,4.07208,5.88208,8.33208,9.09208,6.94208,1.16208,1.6220801,0.04208008,0.15208007,0.71208006,2.7920802,3.68208,2.5320802,2.46208,1.43208,0.91208005,-0.6179199,-1.32792,-1.20792,-0.067919925,1.8820801,2.46208,4.23208,1.1120801,4.08208,5.36208,10.25208,3.59208,4.2020802
-0.16791992,0.9920801,2.63208,2.36208,2.48208,2.70208,3.85208,4.24208,5.55208,5.31208,5.09208,5.4520802,3.7620802,4.34208,3.7720802,4.86208,4.71208,0.6320801,1.6120801,1.5220801,2.20208,2.0320802,2.59208,3.5120802,4.81208,4.87208,4.99208,4.78208,2.5620801,3.14208,2.86208,2.44208,1.66208,2.3020802,4.58208,2.93208,1.8620801,-2.64792,3.93208,-1.5479199,3.14208
0.9220801,2.21208,2.68208,3.36208,4.1620803,4.06208,3.2720802,3.89208,1.43208,1.55208,2.48208,1.8920801,-0.8179199,-0.8779199,-2.32792,-1.83792,-2.2279198,-1.2879199,-0.58791995,2.0420802,3.09208,3.5220802,3.3120801,3.87208,4.61208,5.46208,5.50208,5.25208,6.23208,6.23208,6.53208,5.9520802,4.54208,3.92208,4.57208,2.8020802,2.42208,4.6620803,7.35208,8.652081,7.37208
3.0520802,2.75208,3.98208,4.58208,4.72208,5.54208,4.87208,4.57208,4.15208,2.95208,0.78208005,-1.7579199,-3.9579198,-3.84792,-5.3379197,-5.05792,-4.64792,-2.14792,-0.26791993,1.16208,2.63208,2.62208,3.5220802,4.62208,6.08208,5.34208,5.80208,5.90208,6.7020802,7.02208,6.92208,7.21208,7.4120803,5.02208,4.42208,3.5320802,5.00208,3.60208,2.2620802,1.6020801,1.81208
5.11208,5.2020802,4.92208,5.2020802,5.49208,5.52208,6.48208,5.90208,3.62208,-0.7479199,-2.80792,-3.84792,-3.79792,-4.25792,-3.56792,-2.9479198,-1.9179199,-0.11791992,1.91208,2.8120801,4.34208,4.6620803,4.30208,5.7020802,6.23208,7.15208,7.24208,6.80208,6.75208,7.13208,6.94208,6.02208,6.09208,6.63208,4.31208,3.8020802,2.84208,2.15208,4.2020802,1.31208,1.0020801
5.48208,5.77208,5.23208,5.56208,4.85208,5.05208,6.35208,4.57208,0.72208005,-3.87792,-3.9279199,-3.15792,-2.6679199,-1.43792,-0.39791992,0.52208006,1.16208,1.1120801,2.23208,3.45208,3.71208,4.73208,5.36208,6.02208,6.4520802,7.4320803,8.53208,8.23208,8.63208,8.71208,8.4420805,6.27208,6.11208,5.11208,3.39208,2.62208,1.3720801,1.53208,3.92208,2.34208,1.9820801
5.58208,5.13208,5.17208,5.78208,5.51208,4.77208,3.75208,1.2420801,-3.01792,-3.51792,-2.7179198,-2.55792,0.27208006,1.7720801,2.46208,2.88208,2.85208,3.12208,3.47208,4.35208,4.99208,5.77208,6.34208,6.46208,6.53208,6.55208,6.97208,7.30208,7.73208,7.98208,6.86208,7.59208,5.40208,5.30208,3.5120802,5.24208,5.1620803,6.50208,4.1820803,2.23208,1.4820801
4.4320803,5.29208,4.46208,5.06208,3.88208,4.12208,2.91208,-0.5779199,-4.00792,-2.30792,-1.69792,0.38208008,1.56208,3.67208,3.0220802,3.14208,3.22208,3.8020802,3.75208,5.07208,4.69208,5.36208,5.23208,5.51208,6.4520802,6.58208,6.34208,6.53208,5.58208,6.84208,7.30208,7.03208,6.56208,6.85208,4.75208,3.5220802,2.61208,2.86208,4.98208,5.24208,3.2920802
4.1620803,4.94208,4.36208,5.02208,3.7620802,2.44208,-1.5479199,-1.07792,-1.18792,-1.7279199,-0.5179199,0.25208008,1.1020801,0.8120801,0.45208007,1.3520801,2.63208,3.5820801,3.72208,3.93208,5.1620803,5.63208,6.21208,6.11208,6.6420803,6.36208,6.63208,4.88208,4.61208,4.76208,6.9320803,5.57208,5.02208,4.44208,4.51208,2.7820802,0.4920801,0.18208008,5.29208,3.17208,3.14208
2.8320801,4.38208,5.61208,2.44208,-0.38791993,-2.04792,-3.31792,-2.81792,-1.6679199,-1.1379199,-1.3879199,-1.30792,-0.3779199,-1.1779199,-0.037919924,1.31208,2.37208,2.86208,3.86208,4.60208,4.8920803,4.56208,4.36208,5.48208,5.6420803,2.90208,6.7020802,5.38208,3.11208,4.90208,4.96208,6.21208,5.34208,2.2820802,4.82208,2.94208,1.2220801,0.21208008,1.2420801,1.7720801,2.00208
