wind.json
{"header": {"discipline":0,"disciplineName":"Meteorological products","gribEdition":2,"gribLength":1125,"center":7,"centerName":"US National Weather Service - NCEP(WMC)","subcenter":0,"refTime":"2023-06-28T06:00:00.000Z","significanceOfRT":1,"significanceOfRTName":"Start of forecast","productStatus":0,"productStatusName":"Operational products","productType":1,"productTypeName":"Forecast products","productDefinitionTemplate":0,"productDefinitionTemplateName":"Analysis/forecast at horizontal level/layer at a point in time","parameterCategory":2,"parameterCategoryName":"UnknownDiscipline_0_Category_2","parameterNumber":3,"parameterNumberName":"UnknownParameter_D0_C2_3","parameterUnit":"Unknown","genProcessType":2,"genProcessTypeName":"Forecast","forecastTime":180,"surface1Type":103,"surface1TypeName":"Specified height level above ground","surface1Value":10.0,"surface2Type":255,"surface2TypeName":"Missing","surface2Value":0.0,"gridDefinitionTemplate":0,"gridDefinitionTemplateName":"Latitude_Longitude","numberPoints":688,"shape":6,"shapeName":"Earth spherical with radius of 6,371,229.0 m","gridUnits":"degrees","resolution":48,"winds":"true","scanMode":64,"nx":43,"ny":16,"basicAngle":0,"lo1":45.0,"la1":40.0,"lo2":87.0,"la2":55.0,"dx":1.0,"dy":1.0}, "data":
[rows 0 to 15 of 16, columns 0 to 42 of 43]
-4.50793,2.5320704,1.9620703,1.9020703,0.5620703,-0.64792967,-1.6579297,-2.8879297,-4.5579295,-4.90793,-2.9979296,-3.7979298,-3.8479297,-4.29793,-6.4779296,-5.3479295,-4.5179296,-4.6079297,-4.8679295,-3.8479297,-2.7979298,-2.6679296,-3.2379296,0.17207031,4.2720704,2.4420702,3.0220704,2.6120703,2.4020703,-0.7979297,-2.6879296,2.6220703,-2.0979297,-3.3279297,-1.3679297,-4.54793,-7.52793,-8.39793,-10.43793,-5.69793,-2.3379297,-0.6279297,-2.8479297
2.2520704,-0.4879297,1.4420704,-3.2679298,2.2820704,1.1120703,-1.8579297,-4.5979295,-5.54793,-3.5779297,-3.5479298,-4.5979295,-5.0679297,-6.3079295,-7.2679296,-8.447929,-8.12793,-9.49793,-5.0879297,-6.5779295,-4.79793,-2.6879296,-0.1679297,-2.6779296,-2.8179297,-1.3679297,-1.4079297,4.51207,-0.9479297,2.4220703,-0.9579297,-0.20792969,-0.47792968,0.08207031,1.7520703,-4.8079295,-7.17793,-5.1679296,-11.03793,-5.42793,-5.9579296,-5.3579297,-0.90792966
-1.0379297,-4.21793,4.9120703,1.4420704,-0.11792969,-0.35792968,-3.4279296,-4.6079297,-5.0879297,-3.1179297,-2.4279296,-3.0879297,-3.7879298,-3.9879296,-4.44793,-5.52793,-8.13793,-8.00793,-4.98793,-7.2479296,-6.6879296,-6.77793,-3.7479296,-3.3279297,-1.0679297,0.66207033,-1.3479297,-1.9579297,-3.6379297,0.2820703,-0.8879297,1.0220703,0.4020703,2.1220703,-0.8479297,-0.47792968,-3.5279298,-1.7579297,-4.04793,-7.44793,-5.13793,-4.46793,0.12207031
2.4820702,2.7020702,3.0320704,1.6820703,-0.4879297,-3.3879297,-3.0279298,-4.94793,-4.8179297,-2.2479296,-2.9279296,0.8220703,-1.0879297,-3.4379296,-4.3279295,-4.75793,-5.5379295,-4.6479297,-4.17793,-3.6379297,-4.21793,-4.38793,-5.6179295,-4.8979297,-3.0679297,1.1920704,2.9320703,5.09207,4.0220704,0.072070315,0.012070312,1.6920704,2.9420702,1.6720703,0.7420703,-0.11792969,-0.1679297,3.3720703,3.4620702,0.97207034,0.7320703,-0.5379297,-2.5279298
-0.41792968,-0.24792969,0.2620703,-1.7779297,-3.6179297,-4.4579296,-6.25793,-6.94793,-0.8579297,-2.4979296,-3.3179297,3.8420703,0.8020703,-3.0679297,-4.8979297,-6.48793,-7.0379295,-3.7479296,-2.7779298,-3.1479297,-2.7979298,-5.3479295,-4.40793,-2.1979296,-1.0079297,-2.7279296,-2.2879298,4.45207,0.3420703,4.20207,5.6620703,6.2120705,2.5120704,-2.5979297,-1.0479296,-0.22792968,1.9320703,-3.1779296,-0.21792969,0.032070313,4.55207,6.0420704,5.36207
1.4820703,0.78207034,0.2220703,-0.47792968,-1.8979297,-3.1379297,-4.9779296,-6.50793,-2.2479296,-2.1079297,-3.1379297,-3.4279296,2.4320703,1.1920704,-3.9879296,-6.40793,-7.9579296,-5.13793,-5.2079296,-3.3879297,-3.1279297,-5.5179296,-5.88793,-5.3279295,-4.3379297,-3.9079297,-3.5579298,1.3720703,1.5720704,-1.9079297,-2.4679296,3.1220703,2.2320702,0.6720703,1.4720703,1.6520703,-1.5079297,-2.3179297,-2.8179297,-0.35792968,-0.8279297,0.8720703,2.5220704
3.5620704,2.2920704,1.8520703,0.5620703,-0.90792966,-1.1779296,-3.1779296,-5.90793,-5.8979297,-3.5679297,-3.1679296,-2.9279296,-3.1679296,-3.1479297,-0.107929684,-4.44793,-6.2879295,-5.23793,-5.6179295,-7.1279297,-5.2879295,-1.2179297,-4.7879295,-3.4679296,-5.0879297,-2.3179297,-1.3979297,-0.037929688,-3.6679296,-1.8979297,2.8920703,2.1420703,3.2720704,4.47207,0.9620703,4.2520704,3.4720702,-2.1979296,1.6120703,0.66207033,-2.7379296,-3.2579298,-4.2079296
4.7120705,3.8920703,3.5120704,2.9220703,-2.8879297,-0.7079297,-2.9379296,-3.2579298,-2.9079297,-3.8379297,-2.6779296,-2.0179298,-3.6579297,-4.1879296,-3.4279296,-4.00793,-5.5579295,-5.17793,-5.4979296,-6.6179295,-6.8079295,0.9920703,-4.3779297,-5.0379295,-6.0979295,-6.3079295,-5.3579297,-1.9579297,-5.23793,-4.9379296,-1.5479296,1.1220703,1.2320703,-1.8779297,-0.3679297,1.9120703,-2.9579296,-2.1879296,-4.0679297,-1.7879297,-1.5979297,-2.7379296,-4.15793
-2.8879297,-3.8279297,0.4120703,0.24207032,-1.4379296,-1.8979297,-3.1879296,-3.5779297,-3.7479296,-4.29793,-1.1379297,-1.6679296,-1.6279297,-3.4279296,-4.7679296,-5.6279297,-5.8279295,-5.8779297,-4.3379297,-5.9579296,-6.8679295,-5.6179295,-7.4979296,-5.48793,-4.21793,-4.54793,-5.73793,-4.8679295,-2.9479296,-5.3579297,-4.73793,-6.67793,-3.5779297,-4.1679296,-3.1579297,-2.1179297,0.3220703,0.20207031,-1.9479297,-1.3279297,1.0620704,0.1920703,-1.9179296
-6.73793,-3.4979296,-0.017929688,0.2620703,-1.3179297,-2.5779297,-3.5479298,-3.6379297,-4.8379297,-2.6279297,-2.4679296,-2.9179296,-1.5779297,-2.2279296,-3.2279296,-4.0879297,-5.52793,-6.02793,-5.6679296,-6.00793,-5.9579296,-6.67793,-4.1679296,-6.25793,-6.9779296,-8.20793,-3.5879297,-3.1179297,-2.0179298,-0.4079297,2.8420703,0.112070315,-3.3579297,-4.0379295,-2.8379297,-3.5179298,-1.3679297,-1.2979296,-4.38793,0.46207032,-1.8979297,-1.6879296,-3.0679297
-4.6279297,-5.9779296,-5.04793,-0.6879297,-0.19792968,-1.2879297,-2.8279297,-3.9279296,-5.27793,-7.0679297,-2.7979298,-2.0579298,-3.0979297,-3.8479297,-4.52793,-4.44793,-4.2479296,-4.42793,-5.1079297,-5.1179295,-5.79793,-6.8579297,-6.4179296,-4.88793,-4.1879296,-5.4979296,-6.1179295,-5.9979296,-3.8979297,-3.3479297,-3.3679297,-4.5879297,-4.04793,-4.3079295,-4.2279296,-4.3179297,-3.0479298,-1.0979297,0.6820703,-3.6879296,-1.4779297,0.2820703,-0.38792968
-2.0879297,-4.1279297,-4.69793,-3.4779296,-0.8279297,-1.6579297,-3.4379296,-3.4579296,-3.5179298,-4.0179296,-5.5979295,-2.5579298,0.012070312,0.062070314,-2.3879297,-4.5779295,-4.9579296,-5.6879296,-3.7079296,-3.3879297,-3.8779297,-5.48793,-6.5979295,-5.7279296,-5.6679296,-4.25793,-4.4779296,-3.6879296,-5.63793,-3.6779296,-3.0679297,-3.1279297,-4.9579296,-4.3079295,-3.3479297,-2.9079297,-3.4579296,-3.1679296,-1.0879297,1.5220703,-0.65792966,-0.9879297,-1.3479297
-1.8479297,-2.5379298,-2.6879296,-3.4279296,-2.4079297,-2.1579297,-2.7279296,-2.2679298,-2.7379296,-4.3379297,-5.0979295,-3.7979298,-0.3679297,-0.58792967,-1.0679297,-2.0379298,-3.2979298,-4.40793,-5.00793,-4.9179296,-3.2379296,-2.8179297,-3.6179297,-4.3279295,-4.2879295,-4.6679296,-3.8179297,-4.42793,-3.5379298,-5.40793,-4.6279297,-2.8979297,-3.6179297,-3.5979297,-3.1279297,-3.1279297,-2.8879297,-3.8479297,-2.6379297,-0.65792966,1.3120704,1.8120704,1.0820704
-0.35792968,-1.9879297,-0.22792968,-0.7979297,-2.8879297,-0.8579297,-1.4079297,-1.9979297,-1.9579297,-2.6479297,-4.1679296,-2.9679296,-1.9479297,-0.6079297,1.4520704,-0.5679297,-1.9379296,-3.2379296,-3.5679297,-5.5579295,-4.0679297,-2.6279297,-2.0079298,-2.9979296,-2.2679298,-2.2179296,-4.7679296,-3.8779297,-4.40793,-4.3679295,-4.90793,-3.0579298,-1.5379297,-2.0079298,-2.8379297,-2.9179296,-3.1079297,-3.5079298,-3.7979298,-2.2879298,-3.0479298,-1.7479297,-0.47792968
0.45207033,-1.1979297,-1.4079297,-0.5179297,-2.8379297,-0.32792968,0.36207032,-0.057929687,-0.3979297,-1.3079296,-2.2379296,-2.5779297,-1.3179297,-1.3179297,-2.6079297,-1.7779297,-0.3779297,-1.8479297,-3.0579298,-3.7079296,-3.8279297,-2.9379296,-3.5079298,-3.4379296,-3.5179298,-3.8379297,-3.5579298,-4.3479295,-4.69793,-4.0379295,-3.7479296,-3.0879297,-1.4779297,-0.5479297,-0.71792966,-1.5079297,-2.5579298,-2.6379297,-2.8579297,-2.9679296,-2.6479297,-1.7079297,-1.6179297
1.9220703,0.7520703,-0.7979297,0.5020703,-0.3379297,-1.3679297,-0.2779297,-1.0379297,-1.1079297,0.48207033,-0.8279297,-2.4279296,-1.9679297,-0.6779297,0.5220703,-0.96792966,-1.3979297,-0.7979297,-2.0679297,-3.1279297,-2.9479296,-3.3479297,-3.5479298,-3.2779298,-3.0879297,-3.2279296,-3.3879297,-3.6579297,-4.1179295,-3.7679298,-4.0679297,-3.3879297,-3.8879297,-3.6979296,-3.1279297,-1.9679297,-0.007929687,-1.7079297,-1.8779297,-0.77792966,-1.6179297,-2.3479297,-1.0179297
