wind_kz.json
{"header": {"discipline":0,"disciplineName":"Meteorological products","gribEdition":2,"gribLength":1025,"center":7,"centerName":"US National Weather Service - NCEP(WMC)","subcenter":0,"refTime":"2023-09-07T06:00:00.000Z","significanceOfRT":1,"significanceOfRTName":"Start of forecast","productStatus":0,"productStatusName":"Operational products","productType":1,"productTypeName":"Forecast products","productDefinitionTemplate":0,"productDefinitionTemplateName":"Analysis/forecast at horizontal level/layer at a point in time","parameterCategory":2,"parameterCategoryName":"UnknownDiscipline_0_Category_2","parameterNumber":2,"parameterNumberName":"UnknownParameter_D0_C2_2","parameterUnit":"Unknown","genProcessType":2,"genProcessTypeName":"Forecast","forecastTime":0,"surface1Type":103,"surface1TypeName":"Specified height level above ground","surface1Value":10.0,"surface2Type":255,"surface2TypeName":"Missing","surface2Value":0.0,"gridDefinitionTemplate":0,"gridDefinitionTemplateName":"Latitude_Longitude","numberPoints":615,"shape":6,"shapeName":"Earth spherical with radius of 6,371,229.0 m","gridUnits":"degrees","resolution":48,"winds":"true","scanMode":64,"nx":41,"ny":15,"basicAngle":0,"lo1":47.0,"la1":41.0,"lo2":87.0,"la2":55.0,"dx":1.0,"dy":1.0}, "data":
[rows 0 to 14 of 15, columns 0 to 40 of 41]
-0.6267139,2.1332862,-0.10671387,2.543286,2.2432861,2.853286,4.683286,3.2332861,5.0232863,1.6032861,1.3532861,0.013286132,-1.7567139,-1.1667138,-1.3267139,-1.3167138,-2.5567138,-4.106714,-3.426714,-2.3667138,-2.5767138,-1.3767139,0.08328614,2.0032861,-1.3367139,0.91328615,2.6732862,3.863286,1.0632862,2.063286,1.0832862,2.113286,0.6232861,-1.2667139,-2.916714,-1.7267139,-0.23671387,0.35328615,-0.6067139,-2.0167139,-2.5367138
1.7332861,-1.2367139,2.3732862,1.4432862,0.6232861,2.1332862,3.843286,3.303286,5.233286,6.5632863,2.563286,-0.71671385,-1.9967139,-2.186714,-1.4067138,-3.166714,-2.8467138,-3.156714,-0.81671387,-0.26671386,0.31328613,1.1632861,2.7032862,3.113286,1.2632861,0.25328612,1.0832862,2.4132862,4.263286,3.813286,2.5032861,5.673286,-1.8967139,1.5732862,0.7732861,-0.6667139,-1.8367139,-5.066714,-1.3467139,-2.2767138,-1.3167138
0.45328614,2.853286,0.32328615,-1.1267139,-0.6867139,-0.56671387,0.22328614,4.643286,7.453286,5.473286,2.6632862,-1.4067138,-1.1067139,-3.5067139,-1.4867139,-3.916714,-2.5167139,-0.82671386,0.34328613,-1.0467138,-3.886714,-3.0467138,-1.2167139,1.8232862,-0.016713867,-3.0467138,-3.0267138,-2.186714,2.7232862,-0.41671386,2.1932862,-1.6567138,-1.8967139,0.31328613,0.7532861,1.4332862,2.1432862,0.6432861,-0.63671386,-0.8667139,1.4832861
0.5832861,0.123286135,-0.35671386,0.8932861,1.4732862,-0.14671387,0.8132861,0.39328614,4.283286,6.6032863,-1.1767138,-2.8367138,-4.776714,-7.566714,-4.926714,-3.4967139,-3.706714,0.10328613,0.7032861,-0.10671387,1.8932861,0.15328613,-3.5767138,-4.056714,-4.946714,-4.7467136,-3.926714,-4.066714,-3.186714,-1.4967139,0.92328614,1.7732861,0.18328613,1.2132862,3.043286,3.513286,1.8032861,1.6532861,-1.6967139,0.7532861,0.33328614
0.54328614,1.0932862,1.0532861,1.4532862,1.6932862,2.013286,0.67328614,-2.956714,-3.186714,-4.986714,-5.4167137,-8.466714,-9.246714,-7.306714,-2.6067138,-3.636714,-3.476714,1.3932861,0.49328613,-3.476714,-5.906714,-4.106714,-4.6467137,-5.946714,-6.026714,-5.806714,-6.1867137,-3.0867138,-2.8467138,-1.5467138,0.20328613,1.4432862,3.8832862,2.553286,-1.5067139,-2.206714,1.5032861,-2.5167139,-3.0267138,-3.136714,-2.706714
4.5032864,3.363286,3.053286,3.113286,1.1232861,0.67328614,2.113286,1.4032861,-2.2767138,-4.566714,-6.086714,-6.296714,-5.566714,-1.8367139,-2.0067139,-3.956714,-4.3967137,-4.346714,-0.94671386,-0.16671386,-3.2667139,-3.7467139,-4.856714,-5.466714,-5.406714,-4.9767137,-3.916714,-4.446714,-1.4767139,-0.23671387,0.8832861,0.53328615,2.053286,0.043286134,1.4532862,1.9932861,3.4432862,2.313286,1.7232862,0.5832861,-0.42671385
4.0432863,3.563286,2.303286,1.6632861,1.0932862,-0.47671387,-2.3567138,-2.0467138,-1.9267138,-0.30671388,0.043286134,0.27328613,1.0032861,0.99328613,-0.03671387,-1.5067139,-1.8467139,1.6232861,3.4332862,3.6732862,1.4232861,-0.24671386,-1.4067138,-1.6267139,-2.3667138,-2.406714,-1.7767138,-1.4667139,-1.2167139,-0.22671387,0.8732861,2.1232862,0.44328612,1.8532861,1.3932861,1.5632862,2.2432861,2.793286,6.453286,2.523286,-2.646714
4.5832863,2.863286,2.293286,2.1532862,1.7232862,0.9532861,-0.7267139,-1.0767139,0.72328615,0.98328614,0.55328614,0.47328612,2.1232862,2.6432862,1.8232862,0.023286132,3.103286,5.673286,1.7132862,2.9432862,5.5232863,1.3932861,0.8332861,3.0032861,1.9732862,1.9332862,2.293286,2.363286,2.283286,1.1532861,1.4332862,1.5432861,2.573286,2.293286,3.9632862,-1.3967139,0.24328613,2.6532862,2.103286,1.8932861,1.3632861
2.803286,3.863286,4.0232863,3.4932861,3.4232862,3.1432862,2.573286,2.4432862,2.4832861,2.303286,1.7532861,0.30328614,-0.63671386,-0.47671387,0.9432861,1.0632862,5.033286,4.5832863,5.2732863,3.4932861,1.7832861,0.5232861,-0.006713867,2.9932861,0.74328613,2.6932862,3.853286,4.703286,3.6932862,4.413286,3.4632862,3.1632862,2.343286,3.2532861,2.013286,2.9432862,3.323286,3.863286,3.773286,2.2032862,3.4632862
3.7532861,2.5032861,4.143286,5.5432863,4.073286,3.4032862,3.1432862,2.7132862,1.6632861,0.48328614,-0.17671387,-0.09671387,-0.58671385,-1.5967139,-2.2467139,-2.2467139,-3.2867138,-3.1067138,-3.7767138,-2.7967138,-0.41671386,1.3332862,0.0032861328,1.7732861,1.5432861,2.4532862,3.033286,3.5032861,4.113286,5.133286,5.683286,4.613286,4.363286,4.323286,2.9732862,1.3532861,1.8232862,1.3132862,4.363286,1.9732862,2.073286
2.2232862,4.2932863,3.9932861,4.303286,3.5032861,3.8732862,3.6732862,3.9332862,2.843286,2.2132862,2.1432862,2.843286,0.74328613,1.8532861,-0.9767139,-0.75671387,-1.2967138,-2.0167139,-2.1167138,-2.726714,-2.216714,-1.4467139,-1.6967139,-0.83671385,1.2832861,3.2232862,4.2732863,4.413286,5.593286,6.5832863,6.463286,6.183286,4.693286,4.133286,5.653286,3.303286,1.5932862,1.6632861,4.343286,3.063286,1.3532861
2.2432861,3.0032861,1.8532861,4.193286,3.1632862,4.423286,2.293286,5.0232863,2.6932862,1.8132862,1.5932862,2.4732862,0.11328613,-0.58671385,-1.3867139,0.25328612,-1.2567139,-1.2067139,-0.6067139,-1.0567138,-1.4367138,-1.4967139,0.7032861,2.1232862,3.3932862,4.0432863,5.243286,5.6032863,5.483286,4.703286,4.893286,4.8532863,4.803286,2.773286,3.7332861,4.693286,4.663286,5.693286,4.643286,2.7132862,0.6932861
2.9432862,3.303286,4.013286,3.263286,3.553286,2.8832862,3.7532861,2.353286,2.2232862,1.1032861,0.21328613,1.7532861,0.14328614,0.9532861,0.033286132,-0.42671385,-0.086713865,-1.3067138,-0.8567139,-0.78671384,0.53328615,1.8432862,2.803286,3.3732862,3.773286,4.493286,4.8132863,5.1232862,5.073286,5.013286,4.343286,4.513286,2.343286,3.093286,2.523286,4.443286,4.033286,3.263286,4.553286,5.763286,4.953286
4.593286,4.2532864,4.933286,3.4532862,2.4632862,3.293286,3.7032862,2.7132862,4.1032863,1.3832861,0.11328613,0.28328612,0.8232861,1.6432861,1.3232862,0.72328615,-0.17671387,0.5732861,1.3032861,1.2932861,2.513286,3.033286,3.4032862,3.593286,3.6432862,4.0232863,4.193286,5.233286,5.173286,4.223286,3.7132862,2.073286,2.3732862,3.533286,2.543286,5.5232863,2.9932861,3.113286,1.8932861,2.7332861,4.8132863
3.6732862,5.183286,5.863286,5.163286,4.463286,4.053286,5.473286,4.243286,2.343286,-0.5567139,-0.23671387,0.86328614,0.86328614,0.123286135,0.9432861,0.97328615,0.8932861,1.3232862,1.5932862,2.333286,2.3932862,2.343286,2.063286,2.543286,2.843286,3.033286,3.1632862,3.583286,4.5032864,2.9732862,2.1532862,3.6332862,2.263286,3.063286,2.2232862,3.3932862,3.063286,4.163286,-0.20671387,5.663286,2.303286
