wind_kz.json
{"header": {"discipline":0,"disciplineName":"Meteorological products","gribEdition":2,"gribLength":1025,"center":7,"centerName":"US National Weather Service - NCEP(WMC)","subcenter":0,"refTime":"2024-02-01T06:00:00.000Z","significanceOfRT":1,"significanceOfRTName":"Start of forecast","productStatus":0,"productStatusName":"Operational products","productType":1,"productTypeName":"Forecast products","productDefinitionTemplate":0,"productDefinitionTemplateName":"Analysis/forecast at horizontal level/layer at a point in time","parameterCategory":2,"parameterCategoryName":"UnknownDiscipline_0_Category_2","parameterNumber":3,"parameterNumberName":"UnknownParameter_D0_C2_3","parameterUnit":"Unknown","genProcessType":2,"genProcessTypeName":"Forecast","forecastTime":180,"surface1Type":103,"surface1TypeName":"Specified height level above ground","surface1Value":10.0,"surface2Type":255,"surface2TypeName":"Missing","surface2Value":0.0,"gridDefinitionTemplate":0,"gridDefinitionTemplateName":"Latitude_Longitude","numberPoints":615,"shape":6,"shapeName":"Earth spherical with radius of 6,371,229.0 m","gridUnits":"degrees","resolution":48,"winds":"true","scanMode":64,"nx":41,"ny":15,"basicAngle":0,"lo1":47.0,"la1":41.0,"lo2":87.0,"la2":55.0,"dx":1.0,"dy":1.0}, "data":
[rows 0 to 14 of 15, columns 0 to 40 of 41]
-2.9230835,-4.0630836,2.7469165,13.816916,13.596916,10.686916,6.0669165,4.3769164,2.9669166,3.1769166,4.0269165,3.6469164,3.8669164,2.7569165,1.7669165,3.1569166,2.4669166,1.6369165,1.0769165,2.8969164,3.5169165,7.2469163,2.7069166,-2.0830834,-1.7230835,-2.2030835,-1.6830835,0.8669165,3.1769166,3.7669165,-2.2630835,-4.2130833,2.1169164,-1.5930835,-0.9830835,1.0169165,-0.033083495,-0.1630835,0.35691652,-0.033083495,-1.4230835
7.1469164,1.4169165,1.6869165,3.6969166,8.7769165,8.886916,5.1269164,5.7969165,5.1569166,4.6169167,3.8769164,4.3569164,3.8269165,3.3169165,3.3169165,3.3069165,2.5469165,1.2869165,-0.013083496,4.0169163,5.5069165,5.1769166,4.4369164,2.4469166,-1.4030834,-0.7430835,-4.3330836,2.9969165,1.1569165,1.8169165,6.7769165,5.9469166,-0.6630835,-0.5830835,-5.2730837,-2.9330835,-2.8930836,-2.6930835,-0.4130835,-0.75308347,0.11691651
1.0669165,3.8269165,3.5169165,4.9669166,6.6069164,6.0569167,4.3569164,5.8669167,5.0169163,5.0869164,6.4069166,5.4769163,4.4869165,4.8769164,4.1869164,4.7169166,4.5169163,3.8569164,3.4969165,2.4969165,3.6469164,2.6569166,1.8569165,1.6569165,1.6869165,3.2769165,3.2469165,2.1769166,0.006916504,2.2469165,5.5169163,2.7969165,2.5169165,-2.7130835,-0.18308349,2.5469165,5.2569165,-0.4730835,1.0569165,-0.81308347,-0.1530835
-3.4030836,1.2769165,3.0869164,3.6269164,3.1969166,4.1169167,6.1769166,6.0369167,5.3469167,5.7769165,5.7369165,5.6769166,7.2069163,7.3169165,5.6869164,4.9769163,4.8269167,4.5269165,4.1369166,4.0069165,3.7269166,3.7869165,3.2469165,2.6669166,2.1369164,2.1669166,2.2869165,-0.21308349,4.2169166,4.0169163,2.3569164,-2.0830834,0.2769165,0.006916504,-0.3830835,-2.7330835,-0.6630835,2.9369166,5.4269166,1.2569165,0.9069165
-2.3930836,1.7869165,0.6069165,3.2669165,5.4969163,4.9369164,5.5569167,7.3569164,7.6669164,6.6169167,7.0669165,8.636916,9.696917,9.156917,10.2769165,6.7669163,5.6569166,4.8969164,4.6069164,4.9469166,2.4569166,3.4769166,2.7969165,2.6769166,4.3069167,4.0169163,3.3469164,2.8969164,0.9769165,-0.4130835,0.4969165,0.6769165,3.8869164,3.6569166,-1.4530835,-0.8930835,-0.1630835,0.6169165,0.8969165,1.2669165,-0.6830835
3.9969165,3.8169165,3.5069165,4.7069163,5.1969166,4.0669165,3.8669164,4.2969165,5.3969164,7.1169167,6.5569167,6.8969164,7.9269166,11.296917,9.2769165,10.136916,8.7769165,7.8269167,6.3969164,5.7769165,6.5369167,6.4369164,6.8969164,6.3469167,4.9469166,4.6369166,3.7969165,4.5369167,4.5969167,3.7869165,2.6269164,1.7169166,1.3369164,1.4669166,1.5169165,4.2269163,2.2369165,2.3469164,0.5769165,-0.2530835,0.3469165
2.0269165,3.4169166,4.0169163,4.1669164,5.6669164,6.0069165,5.4669166,4.9769163,5.0569167,4.7169166,4.9069166,6.4469166,9.0269165,9.126917,9.976916,10.246917,10.5269165,10.376917,10.096916,9.786917,8.436916,7.5969167,7.5169163,7.1769166,6.3469167,4.3769164,2.9069166,3.4669166,2.6269164,3.4769166,2.6469164,1.2569165,1.7669165,1.4069165,0.7769165,0.3369165,-2.0930834,1.1569165,-0.9730835,-0.5830835,2.5169165
0.7169165,2.0069165,2.7069166,3.4269166,3.4169166,4.4669166,7.3169165,7.0669165,6.7369165,5.6469164,6.7969165,6.9969163,7.6969166,8.756916,10.736917,11.906917,12.546917,12.186916,12.406917,12.316916,10.716916,8.876917,7.1669164,7.3469167,7.2569165,6.8769164,7.5269165,1.9469165,3.2169166,3.0369165,2.6669166,3.0969164,0.8169165,1.3269165,4.1969166,2.5069165,1.0969166,1.8469166,-4.8130836,1.9369165,0.6369165
-0.9830835,-1.1730835,-2.0930834,-0.013083496,2.4169166,3.8969164,4.7869167,6.8069167,7.2369165,7.3169165,7.0869164,7.9469166,8.2769165,9.636916,10.326917,11.126917,12.176916,13.676916,14.236917,13.916917,10.076917,10.496917,10.006916,8.726916,8.416917,7.0569167,5.3869166,5.2569165,6.0169163,3.8869164,5.2469163,5.6569166,5.7069163,4.5469165,3.9069166,2.2569165,0.016916504,4.4669166,6.5269165,4.3169165,2.7969165
-2.3830836,-0.81308347,-0.2230835,-0.013083496,-0.8330835,3.6369164,5.5069165,6.3269167,6.9569163,8.086917,8.376917,8.416917,8.906917,8.996917,10.186916,10.946917,12.196917,13.476916,13.576917,12.566916,11.7769165,9.996917,9.516916,8.416917,7.9769163,7.6669164,6.4469166,6.0069165,6.1469164,5.7669163,6.1569166,6.4569163,5.1869164,4.7469163,3.7769165,2.5969164,0.2269165,2.0569165,4.1169167,4.7769165,5.0069165
-2.2730834,-1.8530835,-1.8930835,-2.4130836,-1.7130835,1.9869165,3.9569166,5.1469164,7.3569164,8.196917,8.316916,8.696917,8.866917,9.936916,9.686916,11.346916,12.366917,12.166917,11.126917,10.586917,9.716916,8.956917,8.886916,9.396916,8.126917,7.6269164,7.0469165,7.1369166,6.9569163,4.6869164,5.9969163,4.5969167,4.1969166,3.9569166,4.1269164,4.2669163,3.4169166,-0.1630835,6.6269164,2.7069166,1.2069165
-0.9330835,-0.3030835,-0.9430835,-2.3030834,-3.2930834,-2.4030836,2.4069166,3.5369165,5.4869165,6.4169164,6.3969164,7.2669163,8.586917,10.116917,11.076917,11.826917,11.796917,10.996917,10.326917,9.506916,9.436916,8.686916,8.336917,8.036917,7.8969164,7.8669167,8.176916,7.3869166,6.7869167,6.1969166,5.6169167,5.6269164,4.6269164,4.6169167,3.8769164,5.2769165,4.9769163,4.2669163,2.0869164,0.1969165,-3.3330834
-0.3430835,-1.6830835,-1.0430835,-1.6830835,-3.0430834,-2.8430834,-3.6030836,0.8169165,6.1369166,6.9669166,4.9969163,4.7469163,6.9369164,7.5269165,8.206917,8.546917,8.156917,8.516916,8.586917,7.7969165,8.446917,8.996917,8.486917,8.686916,8.456917,7.5469165,7.4269166,6.4069166,6.4669166,6.1469164,5.7969165,5.8169165,5.5469165,5.8469167,6.0069165,5.5869164,5.0669165,2.6069164,2.7869165,2.3169165,1.4669166
0.4569165,0.2969165,-1.0330834,-0.4030835,-2.0830834,-2.4230835,-2.9130836,-3.8630836,-2.9930835,-0.1130835,0.8669165,-0.09308349,2.7869165,4.9069166,5.5969167,6.1269164,6.4369164,6.8269167,7.0969167,7.2569165,7.5469165,7.1669164,6.6169167,6.3369164,6.4469166,5.8669167,6.0969167,6.5869164,6.2069163,6.0969167,5.8469167,5.9669166,6.3569164,6.9369164,6.2169166,6.6369166,4.9269166,4.1469164,2.2669165,2.8969164,2.2269166
0.38691652,-0.083083495,-0.1130835,0.2369165,0.2569165,0.3169165,-0.8530835,-0.7330835,-0.4030835,-0.5430835,-0.7430835,0.38691652,0.8869165,2.5569165,5.0769167,4.8969164,5.5169163,5.8269167,6.3469167,6.2469163,6.1669164,6.0969167,5.9269166,5.9269166,5.9569163,5.8569164,6.2669163,5.9469166,5.7169166,5.5669165,5.8469167,6.9869165,6.3969164,7.1069164,7.5969167,7.0669165,6.2769165,6.1469164,4.6969166,2.0669165,3.7869165
