wind_kz.json
{"header": {"discipline":0,"disciplineName":"Meteorological products","gribEdition":2,"gribLength":871,"center":7,"centerName":"US National Weather Service - NCEP(WMC)","subcenter":0,"refTime":"2024-02-01T12:00:00.000Z","significanceOfRT":1,"significanceOfRTName":"Start of forecast","productStatus":0,"productStatusName":"Operational products","productType":1,"productTypeName":"Forecast products","productDefinitionTemplate":0,"productDefinitionTemplateName":"Analysis/forecast at horizontal level/layer at a point in time","parameterCategory":0,"parameterCategoryName":"UnknownDiscipline_0_Category_0","parameterNumber":0,"parameterNumberName":"UnknownParameter_D0_C0_0","parameterUnit":"Unknown","genProcessType":2,"genProcessTypeName":"Forecast","forecastTime":180,"surface1Type":1,"surface1TypeName":"Ground or water surface","surface1Value":0.0,"surface2Type":255,"surface2TypeName":"Missing","surface2Value":0.0,"gridDefinitionTemplate":0,"gridDefinitionTemplateName":"Latitude_Longitude","numberPoints":615,"shape":6,"shapeName":"Earth spherical with radius of 6,371,229.0 m","gridUnits":"degrees","resolution":48,"winds":"true","scanMode":64,"nx":41,"ny":15,"basicAngle":0,"lo1":47.0,"la1":41.0,"lo2":87.0,"la2":55.0,"dx":1.0,"dy":1.0}, "data":
[rows 0 to 14 of 15, columns 0 to 40 of 41]
276.5559,270.5559,276.5559,280.3559,280.6559,281.8559,279.3559,278.5559,276.6559,277.8559,277.5559,277.5559,277.1559,276.6559,275.6559,274.4559,274.6559,273.8559,275.9559,273.9559,274.25592,275.1559,274.0559,272.1559,271.0559,274.9559,271.75592,256.9559,251.7559,251.9559,255.85591,253.35591,257.8559,267.3559,268.9559,269.25592,268.9559,268.8559,269.3559,269.75592,270.4559
258.75592,277.5559,280.1559,279.9559,280.6559,281.0559,277.4559,277.6559,276.4559,276.5559,276.9559,277.3559,277.5559,277.8559,280.0559,278.6559,275.25592,274.6559,273.1559,274.75592,274.4559,275.1559,273.75592,268.8559,251.55591,250.4559,261.3559,255.65591,256.25592,254.55591,261.5559,253.65591,258.3559,245.35591,249.7559,258.9559,256.9559,265.8559,268.3559,261.5559,267.5559
277.0559,278.3559,279.9559,280.25592,280.3559,277.4559,275.8559,277.0559,275.75592,275.75592,276.1559,276.75592,277.4559,279.0559,276.9559,275.4559,274.25592,272.8559,274.8559,272.6559,272.75592,272.9559,274.0559,268.25592,273.8559,272.0559,272.3559,271.4559,272.0559,263.4559,259.75592,260.8559,259.0559,258.75592,256.6559,260.3559,255.05591,248.15591,248.4559,251.55591,248.2559
278.1559,275.8559,277.8559,279.0559,278.3559,274.25592,275.3559,274.9559,275.6559,275.8559,276.1559,276.1559,281.3559,282.0559,277.5559,274.3559,274.75592,273.9559,273.6559,273.8559,275.1559,272.9559,271.6559,272.1559,272.1559,272.25592,272.5559,272.5559,271.75592,271.1559,270.3559,268.6559,271.4559,267.25592,259.75592,264.1559,256.5559,250.05591,259.4559,258.3559,259.5559
276.5559,272.75592,271.8559,272.8559,273.8559,275.25592,273.6559,274.1559,274.3559,274.1559,273.8559,276.75592,279.1559,279.25592,278.3559,274.6559,273.8559,274.3559,273.9559,273.1559,273.4559,274.3559,273.1559,273.1559,273.25592,273.0559,272.8559,273.1559,274.3559,273.1559,272.4559,271.25592,263.4559,257.5559,262.3559,259.1559,258.6559,254.35591,255.35591,254.9559,259.5559
277.1559,276.5559,272.4559,272.25592,271.8559,271.75592,273.6559,273.9559,273.0559,273.3559,272.9559,274.0559,278.4559,279.25592,274.8559,274.1559,273.25592,273.4559,273.1559,273.1559,273.1559,273.1559,273.0559,272.8559,272.8559,271.25592,271.5559,272.0559,272.8559,273.1559,273.0559,272.0559,270.5559,268.6559,269.1559,266.75592,263.75592,262.0559,254.7559,254.55591,255.05591
276.25592,276.6559,277.4559,277.4559,273.8559,273.9559,273.4559,273.1559,272.9559,273.1559,273.25592,273.3559,273.6559,273.5559,273.5559,273.3559,273.1559,273.1559,273.1559,272.8559,271.5559,271.0559,271.4559,271.5559,270.0559,269.5559,269.6559,265.8559,271.25592,271.9559,272.0559,272.0559,269.4559,267.6559,267.5559,267.6559,264.4559,263.6559,256.25592,254.65591,253.9559
276.4559,275.75592,274.5559,274.75592,274.4559,274.0559,273.5559,273.1559,273.25592,273.1559,273.1559,273.1559,273.1559,273.1559,273.3559,273.1559,273.1559,273.1559,272.3559,270.5559,269.8559,269.75592,269.3559,269.25592,267.9559,262.0559,259.8559,252.9559,266.8559,267.5559,270.4559,270.3559,266.8559,266.9559,268.25592,260.25592,258.3559,262.0559,260.6559,257.9559,253.4559
273.8559,273.9559,273.75592,273.8559,273.25592,273.5559,273.3559,273.1559,273.1559,273.1559,273.1559,273.1559,273.1559,273.1559,273.1559,273.1559,273.1559,271.75592,271.0559,269.5559,268.25592,267.1559,262.75592,262.1559,264.9559,265.75592,265.4559,260.9559,255.85591,256.25592,267.9559,267.25592,267.0559,268.25592,265.3559,262.5559,263.4559,261.4559,253.4559,249.15591,251.65591
273.5559,273.5559,273.25592,273.4559,273.25592,273.1559,273.1559,273.1559,273.1559,273.1559,273.1559,273.1559,273.1559,273.1559,273.1559,273.1559,272.1559,270.6559,269.6559,267.6559,266.25592,265.9559,261.5559,259.3559,257.5559,256.5559,256.4559,257.6559,255.05591,258.0559,263.75592,269.4559,271.1559,269.25592,267.4559,265.9559,261.4559,256.6559,254.15591,256.3559,254.85591
273.1559,273.1559,273.1559,273.1559,273.1559,273.1559,273.1559,273.1559,273.1559,273.1559,273.1559,273.1559,273.1559,273.1559,273.1559,273.0559,270.3559,269.3559,268.5559,265.4559,266.25592,265.6559,261.6559,259.25592,258.6559,258.4559,257.1559,259.8559,261.9559,263.5559,265.0559,266.6559,269.9559,269.5559,268.4559,268.0559,260.4559,258.9559,252.7559,258.3559,258.1559
270.6559,271.3559,272.8559,273.1559,273.0559,273.1559,273.1559,273.1559,273.1559,273.1559,273.1559,273.1559,273.1559,273.1559,273.1559,272.6559,270.3559,269.25592,267.5559,265.6559,264.5559,263.8559,262.1559,261.3559,260.75592,260.25592,261.1559,263.1559,262.9559,260.5559,261.1559,261.0559,266.5559,269.75592,268.5559,269.1559,268.9559,262.4559,263.3559,261.4559,264.5559
268.8559,269.3559,270.75592,271.5559,271.75592,271.9559,272.25592,273.1559,272.8559,273.1559,272.6559,272.5559,273.1559,273.1559,273.1559,273.0559,270.6559,268.5559,266.8559,265.0559,264.25592,263.75592,263.6559,263.25592,263.4559,262.75592,262.25592,262.0559,262.3559,262.4559,261.0559,261.5559,264.0559,268.6559,268.8559,267.8559,268.25592,263.25592,260.8559,259.1559,264.25592
263.9559,264.4559,264.8559,265.6559,266.6559,269.5559,271.4559,271.3559,272.4559,272.0559,270.9559,270.25592,272.1559,272.8559,272.9559,270.9559,267.9559,266.75592,264.25592,264.4559,264.25592,264.6559,264.5559,264.0559,263.75592,263.3559,262.9559,262.75592,263.5559,262.6559,262.8559,263.5559,264.0559,267.25592,269.1559,267.5559,266.5559,264.0559,259.75592,265.25592,263.5559
261.75592,262.6559,263.75592,264.1559,265.5559,267.4559,270.3559,271.25592,270.4559,271.75592,272.25592,271.5559,271.1559,261.9559,266.1559,265.5559,265.0559,264.4559,264.3559,263.5559,263.5559,263.4559,263.5559,262.9559,263.0559,263.9559,264.4559,263.5559,263.5559,263.3559,263.75592,265.3559,265.5559,269.75592,267.75592,267.75592,266.75592,265.75592,266.4559,267.0559,263.3559
