wind_kz.json
{"header": {"discipline":0,"disciplineName":"Meteorological products","gribEdition":2,"gribLength":1025,"center":7,"centerName":"US National Weather Service - NCEP(WMC)","subcenter":0,"refTime":"2023-08-06T18:00:00.000Z","significanceOfRT":1,"significanceOfRTName":"Start of forecast","productStatus":0,"productStatusName":"Operational products","productType":1,"productTypeName":"Forecast products","productDefinitionTemplate":0,"productDefinitionTemplateName":"Analysis/forecast at horizontal level/layer at a point in time","parameterCategory":2,"parameterCategoryName":"UnknownDiscipline_0_Category_2","parameterNumber":3,"parameterNumberName":"UnknownParameter_D0_C2_3","parameterUnit":"Unknown","genProcessType":2,"genProcessTypeName":"Forecast","forecastTime":240,"surface1Type":103,"surface1TypeName":"Specified height level above ground","surface1Value":10.0,"surface2Type":255,"surface2TypeName":"Missing","surface2Value":0.0,"gridDefinitionTemplate":0,"gridDefinitionTemplateName":"Latitude_Longitude","numberPoints":615,"shape":6,"shapeName":"Earth spherical with radius of 6,371,229.0 m","gridUnits":"degrees","resolution":48,"winds":"true","scanMode":64,"nx":41,"ny":15,"basicAngle":0,"lo1":47.0,"la1":41.0,"lo2":87.0,"la2":55.0,"dx":1.0,"dy":1.0}, "data":
[rows 0 to 14 of 15, columns 0 to 40 of 41]
3.7978492,-2.622151,0.6978491,-5.562151,-6.042151,-5.0321507,-3.032151,-2.9421508,3.137849,3.4978492,3.627849,2.207849,-0.48215088,-1.7421509,-0.9321509,-2.062151,-3.882151,-4.0521507,-5.242151,-5.692151,-4.402151,-4.152151,-4.0521507,-0.9421509,-2.302151,-0.36215088,-1.4321508,1.6478491,1.6278491,4.6778493,1.8778491,2.417849,0.26784912,0.23784912,-1.0821509,-1.4621509,-0.8821509,-0.7421509,-0.6121509,0.027849121,-0.65215087
5.517849,1.2078491,-2.812151,-5.042151,-5.352151,-5.182151,-3.4321508,-4.512151,-4.122151,4.727849,3.0278492,-1.8621509,-3.0021508,-2.822151,-5.142151,-3.552151,-3.9121509,-3.6521509,-5.012151,-4.602151,-3.802151,-3.792151,-1.4821509,-1.0621508,-1.6521509,-2.7321508,-4.402151,-0.7021509,-0.39215088,0.3078491,1.1478491,2.647849,1.3778491,0.25784913,-0.6921509,-1.5021509,-1.5121509,-1.6321509,-1.1121509,-2.0121508,-0.15215088
2.407849,2.0878491,-2.592151,-5.262151,-6.022151,-4.492151,-7.1121507,-4.352151,-5.542151,-4.932151,-3.112151,0.17784911,-0.78215086,-2.2221508,-3.9321508,-4.852151,-4.422151,-3.6921508,-3.2421508,-3.562151,-3.372151,-3.612151,-2.782151,-0.67215085,0.10784912,0.8878491,2.5378492,3.137849,0.19784912,2.887849,3.127849,0.7578491,2.0378492,-1.6621509,-0.34215087,3.6078491,3.2378492,-1.0421509,0.017849121,0.65784913,1.1278491
2.5278492,1.0578492,-2.382151,-4.452151,-6.722151,-5.7821507,-6.7821507,-6.1321507,-4.752151,-4.522151,-3.602151,0.10784912,2.187849,1.3378491,-1.5321509,-3.342151,-3.7121508,-3.792151,-3.1421509,-3.9121509,-3.132151,-0.4121509,-1.0921509,-3.4421508,-2.332151,-3.7321508,3.5078492,0.7878491,1.5778491,2.447849,1.0278491,-3.0021508,-2.9521508,1.7678491,0.44784912,-3.9821508,-0.90215087,2.617849,2.7978492,1.5978491,2.6078491
2.397849,3.2978492,0.5578491,-2.792151,-3.132151,-3.622151,-5.022151,-4.982151,-4.352151,-3.092151,-2.9721508,2.367849,3.7978492,4.207849,3.0678492,-0.5721509,-2.292151,-3.092151,-2.632151,-3.4421508,-2.532151,-1.7321509,-4.442151,-3.072151,-4.002151,-3.362151,0.17784911,4.1178493,2.0578492,1.4378492,1.5278491,1.1778492,2.867849,4.017849,-0.5121509,-1.8021508,0.7878491,-1.0521508,0.7278491,-0.19215088,-2.2221508
-2.1621509,-3.352151,-0.7121509,-0.8821509,-1.5321509,-4.042151,-4.192151,-3.2121508,-4.022151,-4.852151,-4.0721507,-3.4821508,2.7378492,4.6378493,4.017849,1.6578491,-0.6121509,-1.0921509,-3.052151,-3.2221508,-3.6721509,1.6278491,-0.6421509,-3.1921508,-3.622151,-3.832151,-3.2121508,7.087849,5.557849,4.2178493,2.917849,3.167849,-0.42215088,1.5478492,2.7978492,0.4278491,3.5678492,3.227849,2.217849,0.41784912,-0.3521509
-2.7221508,-3.372151,-4.042151,-3.6921508,-3.822151,-3.9721508,-4.182151,-3.9721508,-3.7021508,-3.882151,-4.502151,-4.3421507,-4.212151,-3.9021509,2.967849,5.4278493,3.957849,2.0678492,-0.6821509,-3.112151,-3.2221508,-3.2321508,-2.9421508,-2.852151,-3.022151,-3.082151,-2.9521508,2.8478491,0.20784912,4.517849,3.647849,1.9778491,0.6978491,1.8278491,-1.7521509,-1.4121509,-3.312151,-0.3221509,1.2678491,0.21784912,0.7478491
-2.542151,-2.812151,-2.7021508,-2.872151,-3.9521508,-3.8921509,-3.782151,-3.792151,-3.2521508,-3.4721508,-3.312151,-3.052151,-3.332151,-4.242151,-4.712151,-5.3821507,6.607849,4.877849,3.927849,2.0978491,-1.0021509,-2.022151,-2.7121508,-2.812151,-3.072151,-2.7521508,-2.812151,-1.0421509,2.187849,3.5878491,3.447849,4.9478493,2.617849,1.1478491,1.5478492,-0.28215086,1.2078491,2.447849,0.58784914,0.09784912,-1.9321508
-2.9521508,-3.092151,-2.282151,-2.9021509,-2.9321508,-2.4221509,-2.9021509,-3.8921509,-3.612151,-3.7021508,-3.4721508,-4.332151,-5.3021507,-6.222151,-4.202151,-2.842151,-4.292151,3.917849,2.647849,3.187849,1.7078491,-0.14215088,-1.7521509,-2.622151,-1.2121509,-2.1721509,-1.5321509,-1.2521509,0.4278491,1.1278491,2.867849,4.267849,7.247849,4.777849,3.457849,2.4878492,-2.302151,1.7178491,0.11784912,-0.66215086,-1.6721509
-3.022151,-2.4721508,-0.78215086,-1.6521509,-1.0921509,-1.9121509,-3.372151,-3.122151,-4.0721507,-2.4721508,-3.312151,-3.572151,-3.1421509,-2.9321508,-3.092151,-6.3421507,-1.9921509,-3.6621509,5.517849,4.497849,2.687849,2.5178492,1.3978491,0.03784912,-1.4521508,-0.8721509,-1.8621509,-1.3921509,-0.16215087,1.6978492,0.19784912,3.0578492,3.8078492,6.817849,6.057849,2.7678492,1.1078491,-3.072151,0.9178491,4.267849,2.397849
-4.7821507,-4.762151,-2.2421508,-2.2621508,-1.7521509,-1.9021509,-2.082151,-2.072151,-1.1521509,-1.8821509,-0.8621509,-1.7321509,-1.7821509,-1.7821509,-3.1721509,-2.4921508,-1.4921509,-1.0821509,-1.8521509,-3.2221508,-2.022151,-5.462151,-1.8521509,1.3178492,0.19784912,-0.3521509,-0.5621509,-0.97215086,-0.16215087,1.6978492,1.3278491,0.6278491,0.89784914,3.5778491,7.577849,2.5678492,1.7078491,3.677849,2.687849,2.0378492,0.95784914
-1.5321509,-2.1721509,-1.9221509,-1.1921508,-1.5321509,-0.39215088,-1.3221508,-1.6121509,-2.6721509,-1.8421509,-1.8321509,-2.2021508,-2.9821508,-2.9121509,-0.7621509,-1.7521509,-1.7321509,1.4078491,3.0578492,4.807849,2.707849,3.627849,-0.98215085,-1.3121508,-1.1021509,1.2178491,-0.07215088,-0.5721509,-0.29215088,1.5078491,4.047849,4.3878493,2.867849,1.9678491,0.77784914,-1.7721509,0.46784914,1.2278491,2.7778492,0.0078491215,0.76784915
-1.5621508,-1.3321509,0.09784912,-0.7121509,0.4278491,1.1278491,0.23784912,0.10784912,-1.6921508,-1.6621509,-0.5621509,-1.6421509,-2.542151,-4.1121507,-3.522151,-3.4621508,-3.362151,-4.002151,-3.5021508,0.9978491,3.447849,2.5778491,2.197849,1.1878492,0.7578491,0.3978491,-1.7621509,-3.3921509,-3.572151,-1.7721509,-0.53215086,0.6678491,1.4978491,1.9678491,1.4278492,1.5078491,1.1978492,0.76784915,1.4078491,0.9378491,0.06784912
-1.0121509,-1.9221509,-2.4621508,-1.5621508,-1.5221509,-0.9521509,1.0378491,-0.11215088,0.70784914,-0.4121509,0.38784912,-0.13215087,-1.3321509,-2.0021508,-2.7521508,-2.832151,-2.9221509,-2.9121509,-2.782151,-0.65215087,1.0178491,3.0478492,1.7578491,1.1278491,-0.36215088,-1.1721509,-2.6521509,-2.602151,-1.8621509,-1.8221508,-1.7121509,-1.1721509,-0.16215087,1.2078491,-0.22215088,0.7478491,0.14784913,0.12784912,0.0078491215,0.6678491,0.25784913
-1.3621509,-2.552151,-3.882151,-2.302151,-3.4021509,0.47784913,0.10784912,0.08784912,1.3578491,1.0878491,-0.18215089,0.07784912,0.77784914,-0.59215087,-2.132151,-1.1621509,-2.602151,-4.3221507,-4.0521507,-3.9021509,-2.532151,2.7878492,2.207849,1.3478491,1.7778491,-0.3221509,-2.4221509,-1.6521509,-1.9721509,-0.36215088,-1.1221509,-0.5121509,-0.46215087,-0.05215088,-0.5021509,0.19784912,0.35784912,1.1978492,1.8078492,1.4178491,0.24784912
