wind_kz.json
{"header": {"discipline":0,"disciplineName":"Meteorological products","gribEdition":2,"gribLength":1102,"center":7,"centerName":"US National Weather Service - NCEP(WMC)","subcenter":0,"refTime":"2023-08-07T00:00:00.000Z","significanceOfRT":1,"significanceOfRTName":"Start of forecast","productStatus":0,"productStatusName":"Operational products","productType":1,"productTypeName":"Forecast products","productDefinitionTemplate":0,"productDefinitionTemplateName":"Analysis/forecast at horizontal level/layer at a point in time","parameterCategory":2,"parameterCategoryName":"UnknownDiscipline_0_Category_2","parameterNumber":2,"parameterNumberName":"UnknownParameter_D0_C2_2","parameterUnit":"Unknown","genProcessType":2,"genProcessTypeName":"Forecast","forecastTime":60,"surface1Type":103,"surface1TypeName":"Specified height level above ground","surface1Value":10.0,"surface2Type":255,"surface2TypeName":"Missing","surface2Value":0.0,"gridDefinitionTemplate":0,"gridDefinitionTemplateName":"Latitude_Longitude","numberPoints":615,"shape":6,"shapeName":"Earth spherical with radius of 6,371,229.0 m","gridUnits":"degrees","resolution":48,"winds":"true","scanMode":64,"nx":41,"ny":15,"basicAngle":0,"lo1":47.0,"la1":41.0,"lo2":87.0,"la2":55.0,"dx":1.0,"dy":1.0}, "data":
[rows 0 to 14 of 15, columns 0 to 40 of 41]
1.5012293,2.8412292,-3.7187707,-4.818771,-1.2287707,1.9712292,6.2312293,2.9012291,2.6612291,1.7212292,0.73122925,-0.28877077,2.1812294,2.1012292,1.2112292,1.9112293,2.7712293,2.7412293,2.3012292,1.4612292,1.9312292,-0.15877075,5.1312294,4.2912292,3.0212293,2.1212292,4.3412294,5.3612294,3.1512291,2.6312292,3.8612292,-0.27877074,1.6912292,6.5512295,5.3412294,1.6612293,4.761229,2.7112293,2.4912293,1.1712292,1.2112292
0.05122925,-5.6787705,-3.9087708,-3.2487707,-0.20877075,2.9212294,-1.3987708,-0.20877075,1.1312293,1.6212293,2.8712292,3.6112292,3.9712293,4.2112293,3.3912292,2.3712292,1.5112293,3.8112292,4.241229,4.101229,1.7412293,-1.3087708,2.8912292,3.6212292,2.1412292,-0.17877075,0.7012293,1.9812293,0.77122927,1.6712292,0.001229248,0.7012293,-2.1387708,-1.0087707,-0.49877074,0.43122923,5.0712295,2.0312293,2.1612291,-0.088770755,-0.20877075
-7.8487706,-4.048771,-3.3687708,-1.2487707,3.8312292,5.121229,-0.82877076,-0.13877076,0.5612292,0.67122924,1.8012292,3.1112292,4.4812293,0.7012293,2.9612293,1.7412293,4.561229,4.391229,3.4412293,1.2212292,0.52122927,2.2412293,3.5512292,3.6712294,4.4612293,1.2112292,0.39122924,0.61122924,4.311229,-1.6387707,0.20122924,-0.45877075,-0.63877076,0.38122925,-3.0187707,7.7912292,0.48122925,-1.1087707,5.681229,7.241229,4.661229
-6.858771,-4.128771,-1.8487707,2.0712292,5.5712295,1.2212292,1.3112292,1.7212292,0.92122924,2.2812293,1.8112292,1.9712292,-1.9787707,2.4312294,5.7112293,7.951229,3.8112292,4.1312294,4.811229,1.0612292,3.8512292,3.7012293,-0.49877074,2.4112291,3.6612291,2.9512293,4.6512294,1.9612292,3.2112293,-0.36877075,-0.35877076,4.931229,4.951229,7.9412293,6.2912292,5.9212294,2.3112292,3.1812294,-2.8387709,-3.7387707,-1.9787707
-3.7387707,-1.9787707,0.5712292,1.9212292,2.5812292,1.0312293,2.5512292,2.0212293,2.0712292,3.4212294,3.2012293,4.561229,2.0312293,3.1412292,5.2312293,7.8212295,8.091229,-1.1487708,6.391229,3.9812293,9.371229,3.7312293,3.4312294,2.9512293,4.2912292,1.6012292,2.9812293,-2.8387709,-0.14877075,3.5212293,4.081229,3.8512292,4.9812293,3.3412292,-1.8687707,-2.7387707,12.951229,3.3212292,-1.2587707,-0.09877075,0.72122926
0.7012293,2.3312292,2.3012292,1.6512293,2.8312292,4.9212294,5.991229,4.8412294,2.4412293,6.5712295,3.9212294,4.5712295,4.431229,3.0012293,1.9612292,6.0512295,3.9912293,5.451229,5.161229,3.1212292,5.0512295,-0.46877074,3.6012292,4.331229,1.1112293,2.3812292,-1.9487708,-2.9387708,2.2112293,5.2112293,2.4812293,1.0212293,2.8312292,1.5412292,1.2112292,-2.2387707,1.9012293,7.0512295,8.5112295,7.451229,3.2312293
-3.9987707,2.7612293,-0.50877076,-1.2087708,3.9412293,6.5412292,3.2812293,3.7612293,4.7712293,4.2312293,4.3212295,5.0412292,3.7512293,4.1512294,0.99122924,0.031229248,0.16122925,2.1912293,2.7012293,-0.42877075,1.0812292,1.0512292,5.5012293,5.1712294,-0.52877074,3.7512293,3.6212292,1.7712293,2.0512292,2.8912292,3.4212294,4.6112294,-0.21877076,2.0812292,5.5412292,5.121229,5.9212294,3.5312293,0.72122926,1.5712292,0.45122924
1.5812292,0.85122925,-1.4287708,2.2412293,1.3112292,3.3412292,2.0912292,3.8312292,4.3012295,4.7912292,5.0412292,5.101229,5.7712293,6.101229,4.451229,2.2912292,-0.48877075,3.8612292,6.0412292,3.0912292,4.4212294,5.311229,-4.378771,2.2412293,6.201229,-1.5187707,0.53122926,1.7612293,3.2112293,-2.1887708,3.6612291,0.7012293,5.561229,0.58122927,2.3912292,-2.4087708,-2.7887707,2.7512293,7.8012295,10.531229,8.201229
5.621229,-4.9287705,-2.0987709,-1.9387708,-0.16877075,1.2912292,1.4612292,2.7012293,3.6212292,5.121229,5.221229,5.621229,5.411229,5.061229,2.6912293,3.1912293,4.0012293,4.811229,7.1712294,5.9612293,0.90122926,1.4812293,-2.3987708,0.23122925,-2.3487709,1.2912292,-1.0587708,-1.2987708,2.7612293,1.2412293,-0.45877075,-0.7987707,-0.6787708,-1.2587707,2.3212292,3.9112291,-3.1187708,3.6012292,0.62122923,-0.89877075,-1.9387708
-7.3087707,-5.8287706,-3.2887707,-2.8887708,-1.1687708,0.36122924,-0.91877073,0.36122924,0.37122926,-0.65877074,-0.32877076,-1.8087708,0.021229248,-0.77877074,-0.97877073,4.241229,1.4312292,7.6112294,5.431229,0.23122925,-6.048771,4.911229,-8.798771,-0.7387707,-3.2587707,-2.3487709,-3.0687706,-4.528771,-3.5287707,-4.8287706,-0.53877074,-1.6287707,-0.83877075,0.37122926,-1.9687707,-2.5287707,-0.16877075,-0.6187708,0.5612292,1.3312292,0.18122925
-5.7287707,-4.7687707,-3.7687707,-3.0787706,-2.7887707,-2.2787707,-2.5587707,-2.5587707,-2.9687707,-3.7487707,-0.9887707,-4.1387706,-3.7287707,-3.9687707,-1.4687707,-1.9787707,6.2312293,0.84122926,-9.518771,-9.848771,-8.268771,-4.8887706,-2.4987707,-3.9287708,-4.6987705,-3.2587707,-3.7587707,-1.8787707,-3.0187707,-0.48877075,-0.29877076,3.2212293,0.53122926,0.80122924,-3.4587708,-2.5787706,-0.50877076,-0.18877076,-0.33877075,-0.36877075,-0.48877075
-5.1587706,-3.9487708,-4.4287705,-4.7287707,-3.3887708,-3.3987708,-6.5587707,-4.2487707,-5.398771,-6.168771,-7.128771,-6.858771,-5.798771,-4.4287705,-2.8687708,-1.8087708,-6.188771,-8.078771,-11.85877,-9.298771,-4.3887706,0.42122924,-2.7487707,-4.5787706,-3.2887707,-1.7387707,-1.1187707,0.53122926,-1.6187707,-0.70877075,0.041229248,1.2612293,1.8312292,0.36122924,0.021229248,-3.2687707,-0.94877076,1.4412292,0.31122926,-0.58877075,-0.15877075
-3.5287707,-3.7487707,-3.9987707,-3.8687708,-4.218771,-4.3087707,-7.968771,-5.1587706,-9.058771,-6.628771,-4.628771,-3.5787706,-2.4587708,-2.1687708,-1.7587707,-0.35877076,-0.90877074,-2.6187708,-5.1787705,-2.8487709,-3.6187708,-4.648771,-2.8687708,-1.1387707,-2.6887708,-3.5487707,-1.3887707,-2.2787707,-1.3587707,-0.10877075,-1.9087708,2.5612292,-0.018770752,1.1412293,2.1712294,0.19122925,2.9712293,0.25122926,2.3112292,2.8112292,1.4912293
-3.9087708,-4.5587707,-3.2087708,-4.6987705,-4.858771,-4.568771,-7.0187707,-6.258771,-6.548771,-6.3287706,-3.8387709,-2.5487707,-1.7587707,-2.1387708,-1.6887708,-2.0787706,-1.3187708,-1.9587708,-5.3887706,-2.6787708,-4.088771,-4.4487705,-3.5587707,-1.7787708,0.001229248,-1.7787708,-0.8587707,-1.4987707,-0.57877076,1.6212293,1.9912293,1.5612292,3.4812293,2.7212293,1.5212293,1.3912293,0.84122926,1.2512293,1.1612293,-0.45877075,-0.46877074
-2.8387709,-4.128771,-2.9987707,-4.1587706,-5.218771,-5.3287706,-5.5787706,-5.2287707,-6.4787707,-5.758771,-2.8887708,-2.9187708,-1.2087708,-3.2887707,-3.8887708,-2.5387707,-2.3687708,-4.468771,-5.318771,-3.5987709,-3.0687706,-1.8787707,-2.1287708,-2.0687706,-2.0287707,-2.0887709,-0.97877073,0.08122925,1.2612293,-0.058770753,0.27122924,-0.18877076,0.011229248,-1.3387707,0.20122924,-0.75877076,0.6412293,-0.53877074,2.4612293,-1.9487708,1.1012292
