wind_kz.json
{"header": {"discipline":0,"disciplineName":"Meteorological products","gribEdition":2,"gribLength":1025,"center":7,"centerName":"US National Weather Service - NCEP(WMC)","subcenter":0,"refTime":"2023-08-21T00:00:00.000Z","significanceOfRT":1,"significanceOfRTName":"Start of forecast","productStatus":0,"productStatusName":"Operational products","productType":1,"productTypeName":"Forecast products","productDefinitionTemplate":0,"productDefinitionTemplateName":"Analysis/forecast at horizontal level/layer at a point in time","parameterCategory":2,"parameterCategoryName":"UnknownDiscipline_0_Category_2","parameterNumber":3,"parameterNumberName":"UnknownParameter_D0_C2_3","parameterUnit":"Unknown","genProcessType":2,"genProcessTypeName":"Forecast","forecastTime":120,"surface1Type":103,"surface1TypeName":"Specified height level above ground","surface1Value":10.0,"surface2Type":255,"surface2TypeName":"Missing","surface2Value":0.0,"gridDefinitionTemplate":0,"gridDefinitionTemplateName":"Latitude_Longitude","numberPoints":615,"shape":6,"shapeName":"Earth spherical with radius of 6,371,229.0 m","gridUnits":"degrees","resolution":48,"winds":"true","scanMode":64,"nx":41,"ny":15,"basicAngle":0,"lo1":47.0,"la1":41.0,"lo2":87.0,"la2":55.0,"dx":1.0,"dy":1.0}, "data":
[rows 0 to 14 of 15, columns 0 to 40 of 41]
-0.1742749,-2.414275,-3.2542748,-10.354275,-10.8442745,-11.104275,-10.674274,-9.354275,-6.034275,-3.854275,-6.454275,-2.4842749,-2.924275,-3.074275,-2.614275,-3.2442749,-2.434275,-0.5342749,-2.574275,-1.7442749,-1.4642749,-3.914275,-1.4242749,-0.4442749,-0.2842749,-0.8042749,-1.264275,1.0757251,1.3757252,1.345725,0.5757251,0.9657251,-0.6742749,-2.4842749,-4.864275,-7.014275,-4.4342747,1.1457251,1.595725,1.5857251,2.0157251
-1.014275,2.295725,-1.1042749,-4.974275,-3.464275,0.3457251,-5.804275,-11.854275,-8.064275,-8.894275,2.905725,-0.4342749,-3.444275,1.6357251,-1.264275,-2.184275,-0.8442749,-1.1942749,-2.604275,-3.0642748,-2.5042748,-2.3042748,-1.8742748,1.1657251,0.0757251,1.0857251,-1.7142749,1.9157251,-0.024274902,1.4057251,3.4557252,3.035725,0.9057251,2.1857252,0.47572508,-7.014275,-0.2442749,-2.5342748,0.9657251,-0.7642749,1.2957251
-0.024274902,-4.324275,-8.434275,-6.444275,-4.274275,-0.034274902,1.9057251,2.305725,-2.3142748,-0.7442749,-5.274275,1.9657251,5.455725,3.885725,2.5057251,0.3357251,-0.9342749,-2.5542748,-2.594275,-2.574275,-2.584275,-1.9942749,0.1857251,0.6557251,-1.1042749,-0.0842749,0.8057251,0.8657251,0.5357251,2.9957252,2.4757252,1.6957251,3.135725,-1.1642749,0.0957251,2.7557251,4.185725,0.7657251,0.6957251,0.2657251,0.7157251
-5.954275,-10.454275,-10.364275,-6.8942747,-7.024275,-1.7342749,-3.684275,-1.6142749,2.0057251,0.5557251,1.845725,2.595725,6.385725,6.795725,3.7257252,1.6557251,-1.4242749,-2.624275,-2.674275,-2.9842749,-2.424275,-0.9042749,-1.144275,-2.844275,-2.5042748,-1.4642749,-0.3242749,-0.6742749,0.1657251,-1.0742749,1.2057251,-0.5842749,0.005725098,-1.4942749,-0.044274904,-2.114275,-0.5242749,1.3057251,4.205725,2.315725,2.035725
-4.004275,-8.604275,-8.974275,-8.744275,-8.174274,-6.094275,-5.054275,-3.354275,-2.084275,-0.4742749,0.3657251,-3.884275,-3.7742748,4.3757253,5.265725,3.2557251,0.4657251,-1.8442749,-2.334275,-3.444275,-2.7442749,-0.8242749,-0.8742749,0.0757251,0.025725098,-1.1842749,0.5357251,0.58572507,-1.6742749,-1.7542748,0.3757251,1.235725,1.5057251,2.655725,-1.7342749,-1.4442749,1.8857251,-3.0242748,-2.5142748,2.2457252,0.6357251
-2.0642748,-1.654275,-6.844275,-8.904275,-9.794275,-7.6042747,-7.844275,-5.8742747,-2.7542748,1.7157251,1.8157251,2.575725,-1.8342749,-5.744275,3.9357252,3.4557252,2.055725,2.2257252,-1.6142749,-2.7942748,-2.0242748,-1.7942749,-1.264275,-0.30427492,1.5857251,2.535725,1.2457252,1.225725,0.6357251,-1.3742748,1.5557251,2.795725,0.2657251,2.305725,2.2657251,0.5157251,4.805725,3.375725,-1.5742749,-1.8542749,0.7657251
-2.2342749,-2.614275,-4.234275,-4.994275,-6.3942747,-5.194275,-5.884275,-5.264275,-0.5442749,1.5657251,2.645725,3.835725,3.1957252,5.545725,5.0657253,4.785725,3.675725,3.345725,1.1857251,-2.414275,-2.5242748,-3.7542748,-3.614275,-3.074275,0.7557251,4.405725,2.295725,1.2657251,1.615725,2.4657252,1.9357251,2.395725,0.1757251,-0.8242749,-1.2342749,-1.4942749,-2.7342749,0.5357251,1.1357251,-0.3442749,2.895725
-2.944275,-3.0342748,-2.934275,-3.0042748,-4.424275,-4.994275,-3.864275,-3.834275,-3.434275,0.2257251,0.5157251,2.7657251,4.195725,4.665725,6.025725,4.8557253,5.615725,3.6957252,2.545725,-1.0842749,-2.834275,-4.094275,-4.754275,-5.1242747,-2.7942748,2.915725,3.575725,1.4657251,1.6457251,4.175725,1.975725,3.2157252,1.475725,-2.454275,1.4157251,-0.1542749,-2.084275,1.7757251,-1.3742748,0.6657251,-1.8342749
-3.9942749,-3.8042748,-3.954275,-3.9742749,-4.444275,-5.444275,-2.4842749,-1.6142749,-1.5342749,-0.4042749,0.6157251,-1.4342749,6.755725,3.7757251,4.665725,5.015725,4.6457253,3.925725,3.595725,1.6857251,-1.8042749,-3.364275,-4.464275,-4.6442747,-4.3542747,-3.454275,-0.1742749,2.7057252,2.895725,2.085725,2.605725,3.7457252,3.335725,0.1857251,-0.1842749,-0.9042749,-1.3042749,2.625725,2.045725,1.5757251,-1.024275
-3.9742749,-5.134275,-5.194275,-5.6842747,-5.314275,-2.924275,-0.9842749,-1.3642749,0.1757251,-0.2842749,1.615725,4.225725,3.425725,2.845725,3.1857252,3.785725,4.095725,3.605725,4.005725,3.035725,0.6957251,-2.084275,-2.454275,-3.2942748,-3.8142748,-3.2342749,-3.664275,-4.6242747,-2.584275,-2.944275,1.8757252,2.035725,1.0357251,0.2557251,0.3357251,-0.7342749,0.0957251,-1.644275,0.7157251,4.385725,3.4957252
-4.804275,-6.034275,-6.8742747,-8.054275,-5.974275,-3.7542748,0.6757251,0.5357251,0.1957251,0.7357251,3.4457252,5.455725,4.805725,5.295725,2.9957252,3.325725,3.9957252,3.655725,3.2057252,3.375725,2.7457252,0.7257251,-1.644275,-2.2442749,-2.7242749,-2.094275,-2.5142748,-2.7542748,-2.144275,-2.7542748,-3.2442749,-1.6842749,-3.844275,-1.2342749,-2.2642748,-0.7042749,-1.0842749,1.8157251,0.7457251,1.5057251,1.1357251
-4.994275,-6.574275,-7.524275,-8.724275,-8.474275,-5.154275,1.8157251,1.3157251,0.9557251,2.325725,1.4357251,2.4957252,4.8957253,3.285725,4.045725,4.225725,3.4857252,2.9857252,3.425725,2.4557252,2.5257251,3.165725,1.5157251,-0.1842749,-1.1642749,-2.154275,-0.7842749,-0.9442749,-1.0742749,-1.5342749,-2.0142748,-3.414275,-2.204275,-2.664275,-1.9342749,-1.904275,-0.1942749,-0.3442749,-0.044274904,-0.2842749,0.7057251
-4.4342747,-5.3742747,-7.1242747,-7.424275,-7.554275,-5.994275,-2.404275,1.105725,0.9457251,0.9657251,0.3257251,1.5457251,1.4357251,2.315725,3.4657252,2.565725,2.555725,3.7357252,2.325725,1.6757251,2.2157252,3.135725,2.925725,2.2357252,1.9157251,0.4557251,0.4257251,-0.1542749,-0.0542749,-1.024275,-1.6042749,-1.5942749,-1.9542749,-1.514275,-1.4242749,-1.7342749,-2.2742748,-0.2542749,0.8957251,-1.154275,0.035725098
-4.334275,-5.774275,-7.424275,-6.514275,-7.3942747,-7.694275,-7.674275,-4.634275,-1.394275,-2.354275,0.2357251,0.045725096,-0.3442749,0.9457251,1.9557251,2.085725,2.895725,2.875725,2.405725,3.045725,2.375725,1.3957251,2.035725,0.5657251,2.665725,1.6657251,0.58572507,0.5057251,1.1257252,-0.6942749,-2.5442748,-3.194275,-2.7442749,-2.694275,-1.9142749,-1.6742749,-1.3242749,-0.9642749,-0.7442749,1.2657251,0.4557251
-2.7842748,-5.084275,-8.084275,-4.964275,-5.204275,-5.094275,-6.6842747,-6.474275,-5.304275,-3.7942748,-0.4342749,-0.014274903,1.3857251,-0.8742749,0.5557251,1.7857251,2.385725,1.7157251,2.885725,2.865725,3.2557251,2.875725,2.305725,1.975725,2.555725,2.085725,1.615725,0.4357251,1.2657251,0.6157251,-1.024275,-2.414275,-2.684275,-2.8042748,-2.5642748,-2.5442748,-2.0342748,-2.0042748,-1.2542748,1.1357251,1.615725
