wind_kz.json
{"header": {"discipline":0,"disciplineName":"Meteorological products","gribEdition":2,"gribLength":1102,"center":7,"centerName":"US National Weather Service - NCEP(WMC)","subcenter":0,"refTime":"2023-08-19T18:00:00.000Z","significanceOfRT":1,"significanceOfRTName":"Start of forecast","productStatus":0,"productStatusName":"Operational products","productType":1,"productTypeName":"Forecast products","productDefinitionTemplate":0,"productDefinitionTemplateName":"Analysis/forecast at horizontal level/layer at a point in time","parameterCategory":2,"parameterCategoryName":"UnknownDiscipline_0_Category_2","parameterNumber":2,"parameterNumberName":"UnknownParameter_D0_C2_2","parameterUnit":"Unknown","genProcessType":2,"genProcessTypeName":"Forecast","forecastTime":180,"surface1Type":103,"surface1TypeName":"Specified height level above ground","surface1Value":10.0,"surface2Type":255,"surface2TypeName":"Missing","surface2Value":0.0,"gridDefinitionTemplate":0,"gridDefinitionTemplateName":"Latitude_Longitude","numberPoints":615,"shape":6,"shapeName":"Earth spherical with radius of 6,371,229.0 m","gridUnits":"degrees","resolution":48,"winds":"true","scanMode":64,"nx":41,"ny":15,"basicAngle":0,"lo1":47.0,"la1":41.0,"lo2":87.0,"la2":55.0,"dx":1.0,"dy":1.0}, "data":
[rows 0 to 14 of 15, columns 0 to 40 of 41]
-1.9035175,1.7464825,-3.8835175,-5.7735176,-6.423517,-5.4135175,-5.4935174,-4.8235173,-4.673517,-1.8935175,-1.7735175,-0.16351746,1.4464825,4.0164824,7.1364827,9.286483,10.086483,8.796482,6.5664825,6.7664824,2.0864825,1.5964825,1.2264825,3.1764824,-2.1735175,0.81648254,3.1464825,4.4464827,1.9764825,0.91648257,2.2264826,0.13648254,0.42648256,6.1364827,8.846482,1.9164826,-0.94351745,0.036482543,-2.4435174,-2.3635175,-1.9635174
1.9664825,-4.423517,-7.1535172,-7.7035174,-7.4035172,-5.0635176,-5.923517,-5.1635175,-3.7635174,-2.3635175,-0.6635175,-0.75351745,1.3464825,1.4264826,1.1364826,1.2664826,2.9864826,2.4764826,-2.3935175,-3.3435175,-2.0735176,0.6464825,4.4164824,4.576483,3.2064826,0.45648253,0.5864825,1.3464825,4.3964825,2.1764824,2.1264825,0.76648253,-1.6235175,1.4364825,-0.12351745,1.6564826,0.35648254,0.19648254,-0.45351747,-2.0235174,-0.06351746
-7.8035173,-8.863518,-8.483518,-8.743518,-7.7335176,-7.0635176,-6.3035173,-4.4935174,-2.8835175,-1.2635175,-0.29351747,1.3764825,2.2064826,2.2764826,2.0664825,-0.28351745,-1.4635174,-1.7035174,-1.2335174,-0.69351745,0.5864825,0.56648254,3.4664826,9.096482,10.226482,10.556482,7.4764824,5.1564827,4.3164825,-0.51351744,2.0464826,-0.5935175,-2.3335176,-1.8035175,-4.423517,4.4464827,0.41648254,4.1564827,-1.3635174,-0.9635174,1.3964826
-9.343517,-9.443518,-8.433517,-6.9635177,-4.8135176,-4.7735176,-3.1735175,-3.2335174,-1.8935175,-0.40351745,0.41648254,1.2764826,1.5964825,1.1564826,3.0064826,3.1664824,4.3064823,5.8964825,5.0364823,4.076483,4.8364825,5.076483,5.3664827,8.426482,7.7864823,12.306482,9.966482,10.176482,9.556482,4.326483,-0.0035174561,3.3964825,3.4364824,2.6664824,0.29648253,4.9564824,1.0364826,0.35648254,-0.62351745,-0.6035175,-0.28351745
-7.8035173,-7.4835176,-5.9635177,-4.673517,-1.6835175,-0.87351745,-0.9735175,-0.43351746,0.31648254,0.57648253,1.5364826,2.0264826,0.80648255,1.2264825,2.5664825,2.9564826,4.6464825,5.4664826,6.7464824,8.066483,8.626483,7.1364827,8.756482,9.386482,8.556482,7.8364825,7.8764825,9.146482,5.6164827,1.8664825,3.1064825,5.0064826,2.9364824,0.67648256,-2.9535174,7.6064825,13.536482,6.4164824,0.67648256,-2.8135176,-2.4035175
-4.8835173,-3.8835175,-4.4135175,-5.1835175,-4.5835176,-3.9635174,-1.8535174,-0.9735175,1.3264825,2.1664824,3.6664824,4.4464827,4.3164825,6.1464825,3.6464825,3.5364826,4.9564824,6.1064825,7.4264827,7.2564826,9.196483,9.216482,9.186482,9.436482,8.496483,7.6364827,7.5964828,1.4864825,4.1164827,3.0564826,3.7664826,1.9364825,1.2064825,-2.1335175,2.0564826,2.2164826,6.5964828,7.1864824,5.6064825,-4.6235175,-4.5835176
-4.7335176,-4.7435174,-4.6435175,-4.0335174,-3.8335176,-2.8135176,-1.3335174,0.18648255,0.80648255,1.7064825,2.9864826,4.6464825,4.8664827,4.9864826,4.5464826,5.2964826,5.5064826,5.7764826,5.7464824,6.6864824,6.7064824,7.6364827,6.9964824,7.5564823,8.266482,7.5564823,7.4064827,6.9164824,5.7364826,5.2564826,6.0864825,5.0864825,2.0164826,2.6464825,2.4264824,8.986483,4.9764824,-1.2535175,3.0964825,1.4164826,-3.0935175
-4.7035174,-4.3235173,-3.2135174,-2.9335175,-2.0435174,-0.7235175,0.43648255,2.0564826,2.8664825,3.8464825,4.0264826,4.4064827,4.6064825,5.1564827,4.7364826,5.5364823,6.3864827,6.5464826,6.2664824,5.2164826,4.7164826,5.3364825,3.2864826,4.0864825,6.0164824,5.6864824,4.6664824,5.7964826,7.6664824,8.496483,8.896482,7.4164824,6.5864825,3.7164826,2.7764826,9.526483,8.936482,11.106482,5.9364824,-6.2635174,-0.39351746
-3.6935174,-2.5235174,-2.5135174,-2.5335174,-1.6535175,-0.29351747,0.5964825,1.6464826,1.7064825,1.7764826,2.5864825,3.8964825,4.3364825,4.5264826,5.4764824,5.3864827,5.6564827,6.2164826,5.4064827,4.6964827,3.9564826,1.4564825,-0.8535175,-0.42351747,0.7764825,1.6564826,2.9564826,3.7464826,7.5664825,7.4364824,8.056482,8.976482,7.7164826,5.0464826,-0.52351743,9.306482,10.866482,4.1564827,1.0464826,-0.76351744,0.37648255
-2.4635174,-2.8535175,-3.1535175,-2.3535175,-0.70351744,1.1464826,0.85648257,1.2164825,2.7664826,2.7664826,3.0964825,4.6164827,4.5364823,4.9364824,4.9964824,4.7064824,4.7864823,2.4364824,1.8764825,2.6664824,1.6464826,1.4764825,1.4864825,3.3464825,3.1764824,1.8364825,4.3464828,2.7864826,6.0864825,5.3464828,5.3164825,7.5564823,7.7464824,3.5164826,-3.2335174,5.1664824,5.7264824,6.5964828,3.4364824,-0.013517456,-1.2535175
-3.3035173,-2.7035174,-1.8035175,-0.76351744,0.08648255,1.0364826,2.0464826,2.5564826,1.7864826,2.5664825,3.5364826,3.4264824,2.5264826,3.3264825,3.5064826,3.0064826,4.0864825,3.7564826,5.1764827,4.7664824,3.5664825,3.2264826,3.1264825,4.0064826,4.3564825,4.8864827,5.8164825,1.1064825,2.6064825,4.6864824,5.3964825,6.9764824,7.3564825,0.30648255,1.7364825,1.5264826,4.2564826,2.6264825,2.7464826,-0.09351745,-0.69351745
-1.8635174,-0.63351744,0.066482544,0.82648253,1.6564826,2.2364826,2.2064826,2.7664826,2.4064825,2.5664825,2.8964825,3.3664825,0.45648253,1.4864825,1.1664826,3.0964825,3.6964827,3.2464826,1.0664825,4.9364824,4.2464824,4.1464825,3.9664826,2.7264826,3.6464825,3.7964826,4.9064827,4.2064824,3.5164826,5.7364826,5.3964825,7.6964827,6.5464826,2.5564826,0.056482542,7.8664827,7.2164826,10.166483,6.7564826,1.9064826,1.0964825
-0.74351746,-0.7835175,0.92648256,1.7264825,2.5164826,2.0164826,2.8464825,3.7764826,3.7864826,1.4064826,2.6864824,3.9464827,2.0064826,1.7864826,0.9664825,3.2164826,3.3664825,3.1164825,3.1564825,4.6764827,5.1664824,5.8764825,5.3964825,5.1464825,4.326483,4.2864823,4.7464824,4.2264824,3.7364826,5.8164825,9.296482,1.7764826,5.3464828,0.006482544,4.0664825,3.3164825,6.1864824,4.4164824,2.5664825,-1.4635174,-0.29351747
1.0764825,2.0264826,2.1664824,3.3964825,3.6664824,3.7664826,3.7864826,4.0964828,3.8164825,3.8864825,3.0664825,4.7264824,4.4364824,3.8364825,3.9764826,2.3464825,3.7064826,3.9364824,4.0964828,3.9264824,4.6264825,6.0264826,7.6464825,7.6064825,6.6864824,6.1664824,5.6364827,4.5064826,4.5164824,5.7564826,2.8464825,-2.4835174,-1.1435175,-2.6935174,-2.6235175,1.1364826,0.25648254,-0.6035175,-1.9335175,-1.7735175,-3.0935175
1.5164826,3.1064825,3.7964826,3.3664825,3.5664825,3.6964827,4.1364827,4.6864824,4.8864827,4.6164827,3.2164826,5.7264824,4.9164824,4.6064825,5.1464825,4.8364825,4.2064824,3.9364824,4.3164825,6.2764826,6.0264826,6.4064827,6.8164825,7.076483,6.5964828,6.5664825,4.9064827,4.0364823,3.9564826,4.576483,-1.7035174,-3.4635174,-2.4835174,-1.8035175,-3.0035174,-1.9635174,-3.0835176,-4.2635174,-3.8935175,-2.7135174,-1.2435174
