wind_kz.json
{"header": {"discipline":0,"disciplineName":"Meteorological products","gribEdition":2,"gribLength":871,"center":7,"centerName":"US National Weather Service - NCEP(WMC)","subcenter":0,"refTime":"2023-09-10T06:00:00.000Z","significanceOfRT":1,"significanceOfRTName":"Start of forecast","productStatus":0,"productStatusName":"Operational products","productType":1,"productTypeName":"Forecast products","productDefinitionTemplate":0,"productDefinitionTemplateName":"Analysis/forecast at horizontal level/layer at a point in time","parameterCategory":0,"parameterCategoryName":"UnknownDiscipline_0_Category_0","parameterNumber":0,"parameterNumberName":"UnknownParameter_D0_C0_0","parameterUnit":"Unknown","genProcessType":2,"genProcessTypeName":"Forecast","forecastTime":0,"surface1Type":1,"surface1TypeName":"Ground or water surface","surface1Value":0.0,"surface2Type":255,"surface2TypeName":"Missing","surface2Value":0.0,"gridDefinitionTemplate":0,"gridDefinitionTemplateName":"Latitude_Longitude","numberPoints":615,"shape":6,"shapeName":"Earth spherical with radius of 6,371,229.0 m","gridUnits":"degrees","resolution":48,"winds":"true","scanMode":64,"nx":41,"ny":15,"basicAngle":0,"lo1":47.0,"la1":41.0,"lo2":87.0,"la2":55.0,"dx":1.0,"dy":1.0}, "data":
[rows 0 to 14 of 15, columns 0 to 40 of 41]
297.30002,290.30002,283.10004,298.40002,298.2,296.90002,305.90002,308.30002,300.80002,305.2,305.7,308.7,308.2,307.90002,309.80002,311.50003,313.40002,310.2,315.60004,312.50003,317.60004,313.90002,312.2,315.40002,316.00003,322.80002,317.10004,303.00003,301.60004,300.00003,294.7,290.80002,308.00003,316.10004,319.80002,320.80002,321.90002,320.50003,319.90002,320.2,320.50003
274.7,283.40002,297.60004,297.90002,297.7,295.7,307.40002,303.00003,302.60004,302.10004,302.10004,303.00003,305.60004,304.7,306.30002,307.80002,310.00003,313.60004,314.40002,316.60004,312.90002,313.10004,313.60004,303.50003,295.60004,296.90002,306.50003,303.30002,303.2,294.50003,300.40002,287.30002,299.90002,272.30002,290.10004,312.40002,313.40002,313.40002,318.50003,311.40002,285.00003
287.30002,297.10004,298.00003,297.7,295.30002,292.2,295.7,293.60004,293.2,290.30002,292.30002,292.7,294.7,302.90002,296.10004,311.2,311.30002,312.80002,314.40002,314.10004,313.30002,311.80002,309.30002,305.90002,305.00003,307.00003,307.90002,309.10004,314.40002,302.90002,296.10004,294.60004,301.40002,298.60004,299.50003,298.10004,299.2,295.50003,301.10004,293.90002,289.40002
287.80002,296.60004,297.60004,296.60004,294.50003,288.7,291.30002,289.30002,288.60004,289.80002,297.80002,293.80002,293.90002,293.2,292.30002,296.80002,305.90002,310.30002,310.00003,310.40002,312.60004,304.60004,308.00003,308.7,309.10004,309.40002,309.7,309.2,309.00003,302.80002,308.60004,304.2,308.2,311.30002,308.60004,306.60004,296.00003,294.50003,299.7,310.40002,311.30002
290.60004,294.60004,295.90002,294.30002,292.2,289.10004,289.90002,294.00003,289.7,290.90002,294.00003,291.80002,293.30002,291.90002,290.10004,306.10004,305.00003,295.60004,298.40002,294.10004,306.2,309.2,311.50003,301.90002,309.50003,310.60004,312.10004,301.7,308.2,304.90002,308.40002,310.60004,299.90002,287.80002,299.90002,309.10004,306.7,317.60004,320.40002,316.80002,312.80002
289.40002,286.90002,293.90002,293.30002,293.90002,292.90002,288.7,290.90002,291.2,294.50003,298.80002,299.40002,293.7,293.00003,297.10004,300.80002,304.2,305.90002,303.7,304.7,306.7,307.2,309.90002,310.80002,312.00003,301.50003,305.80002,291.7,300.10004,302.80002,302.50003,307.00003,312.40002,308.90002,310.30002,304.50003,303.40002,307.60004,316.00003,314.80002,315.60004
294.30002,290.80002,291.7,293.90002,290.80002,291.40002,292.50003,289.10004,292.2,294.10004,297.40002,295.7,298.40002,297.80002,298.50003,299.50003,301.00003,301.2,303.80002,302.60004,301.90002,303.7,305.7,305.40002,301.50003,303.60004,304.00003,301.90002,305.50003,293.80002,294.60004,300.2,310.00003,310.2,309.80002,307.50003,303.60004,303.90002,299.30002,291.00003,307.60004
295.90002,296.60004,295.7,294.10004,292.90002,291.00003,292.10004,297.40002,293.60004,292.7,292.30002,292.80002,298.7,297.50003,300.10004,299.90002,298.2,296.80002,298.10004,300.10004,298.00003,300.60004,301.90002,301.2,299.7,293.90002,296.90002,297.2,295.2,296.80002,301.60004,304.40002,307.30002,304.7,308.30002,308.90002,308.10004,289.50003,307.60004,308.80002,306.90002
296.2,296.2,296.90002,295.00003,291.40002,298.7,294.10004,295.40002,289.30002,293.90002,294.30002,295.2,293.60004,296.7,297.2,299.80002,298.40002,299.50003,295.30002,298.50003,297.60004,297.2,298.50003,297.50003,296.90002,296.7,292.10004,293.10004,299.7,298.50003,299.90002,303.10004,306.00003,307.7,307.40002,299.7,300.00003,300.50003,296.90002,292.2,294.40002
285.7,294.60004,296.80002,296.2,298.00003,298.40002,299.30002,298.50003,298.30002,296.10004,293.7,291.7,294.50003,292.30002,293.40002,295.2,293.50003,297.50003,297.40002,296.60004,295.7,295.60004,295.7,296.10004,296.2,295.60004,294.2,298.30002,297.90002,298.90002,303.40002,304.80002,307.60004,307.2,305.00003,303.80002,295.7,289.00003,295.50003,292.90002,288.90002
286.40002,286.60004,286.80002,293.2,293.40002,294.40002,294.40002,294.90002,294.40002,294.40002,292.30002,285.80002,289.50003,292.50003,292.00003,294.2,294.90002,296.10004,296.10004,294.00003,296.10004,297.10004,295.00003,294.90002,291.90002,294.40002,293.00003,298.00003,301.90002,304.90002,304.90002,305.90002,304.80002,303.10004,302.60004,299.60004,293.50003,293.30002,293.50003,290.50003,289.30002
286.60004,286.7,289.10004,291.30002,284.40002,282.90002,282.50003,283.40002,288.30002,289.00003,286.40002,283.80002,282.80002,282.60004,283.50003,284.90002,292.10004,293.90002,294.40002,293.40002,291.7,291.50003,291.10004,293.10004,291.90002,288.90002,298.7,299.90002,297.40002,299.90002,295.7,300.60004,298.50003,295.90002,297.50003,298.40002,298.10004,298.2,297.10004,297.60004,296.00003
289.00003,290.60004,290.2,290.10004,289.40002,287.30002,287.80002,289.40002,283.10004,282.40002,281.2,281.00003,287.90002,282.80002,283.10004,282.30002,282.7,291.00003,291.60004,289.80002,290.30002,289.90002,289.40002,290.40002,288.7,298.10004,302.00003,298.7,292.2,291.50003,299.50003,298.60004,298.30002,298.40002,297.90002,296.2,296.80002,295.40002,296.40002,294.60004,293.30002
290.00003,291.7,290.30002,291.30002,290.60004,288.80002,286.60004,283.10004,283.60004,288.00003,284.60004,283.7,281.60004,284.10004,283.40002,287.2,286.90002,285.50003,286.50003,289.80002,290.30002,289.90002,292.10004,285.2,291.80002,292.60004,290.10004,291.80002,293.10004,297.10004,291.90002,296.7,296.40002,295.40002,296.7,296.60004,294.50003,294.80002,295.7,291.90002,293.30002
289.2,291.10004,289.2,291.30002,290.80002,289.7,288.2,288.00003,285.00003,285.40002,283.7,282.10004,281.40002,284.7,286.7,288.40002,288.30002,287.50003,290.10004,290.40002,292.00003,285.60004,290.90002,284.2,285.2,290.90002,293.30002,293.90002,295.50003,295.2,294.40002,290.40002,294.7,294.40002,295.10004,295.90002,297.2,295.10004,293.80002,290.10004,291.00003
