wind_kz.json
{"header": {"discipline":0,"disciplineName":"Meteorological products","gribEdition":2,"gribLength":871,"center":7,"centerName":"US National Weather Service - NCEP(WMC)","subcenter":0,"refTime":"2023-10-05T06:00:00.000Z","significanceOfRT":1,"significanceOfRTName":"Start of forecast","productStatus":0,"productStatusName":"Operational products","productType":1,"productTypeName":"Forecast products","productDefinitionTemplate":0,"productDefinitionTemplateName":"Analysis/forecast at horizontal level/layer at a point in time","parameterCategory":0,"parameterCategoryName":"UnknownDiscipline_0_Category_0","parameterNumber":0,"parameterNumberName":"UnknownParameter_D0_C0_0","parameterUnit":"Unknown","genProcessType":2,"genProcessTypeName":"Forecast","forecastTime":240,"surface1Type":1,"surface1TypeName":"Ground or water surface","surface1Value":0.0,"surface2Type":255,"surface2TypeName":"Missing","surface2Value":0.0,"gridDefinitionTemplate":0,"gridDefinitionTemplateName":"Latitude_Longitude","numberPoints":615,"shape":6,"shapeName":"Earth spherical with radius of 6,371,229.0 m","gridUnits":"degrees","resolution":48,"winds":"true","scanMode":64,"nx":41,"ny":15,"basicAngle":0,"lo1":47.0,"la1":41.0,"lo2":87.0,"la2":55.0,"dx":1.0,"dy":1.0}, "data":
[rows 0 to 14 of 15, columns 0 to 40 of 41]
298.4647,290.3647,295.5647,292.5647,292.6647,291.5647,297.8647,302.0647,298.9647,300.5647,302.6647,302.7647,302.5647,303.1647,302.5647,304.4647,303.7647,300.3647,303.6647,301.9647,304.5647,304.7647,303.7647,301.9647,305.1647,304.8647,302.7647,288.5647,283.1647,283.1647,287.9647,279.7647,294.8647,304.9647,303.6647,302.1647,306.2647,307.4647,309.6647,310.8647,310.1647
275.8647,297.9647,292.2647,292.2647,292.4647,290.7647,303.2647,300.5647,298.5647,299.4647,300.2647,301.6647,298.2647,298.0647,294.6647,302.0647,303.9647,302.1647,301.3647,299.9647,301.2647,299.1647,299.6647,291.3647,283.2647,277.7647,297.6647,290.7647,293.9647,287.6647,292.4647,273.7647,291.3647,265.0647,285.9647,301.2647,301.6647,301.8647,305.7647,299.1647,284.2647
297.5647,291.9647,291.9647,291.7647,290.1647,298.4647,298.4647,299.2647,296.5647,289.0647,291.4647,289.6647,289.6647,288.9647,290.7647,289.7647,288.0647,292.3647,299.6647,300.0647,296.8647,296.9647,295.8647,292.1647,302.0647,298.3647,298.5647,300.6647,297.7647,293.5647,285.7647,289.8647,294.5647,296.2647,296.7647,294.3647,290.9647,289.2647,289.9647,285.5647,285.9647
298.2647,290.8647,291.6647,290.9647,291.6647,296.2647,289.3647,288.5647,296.2647,295.8647,293.3647,295.8647,288.6647,288.0647,292.9647,290.4647,289.1647,288.7647,289.2647,292.8647,291.9647,295.1647,294.6647,293.3647,297.6647,295.8647,297.5647,297.2647,296.4647,300.4647,300.7647,302.4647,303.9647,305.9647,305.1647,300.3647,286.6647,272.4647,291.4647,300.2647,300.5647
293.3647,289.7647,290.4647,289.8647,291.3647,294.0647,290.5647,293.7647,293.2647,292.7647,292.2647,293.9647,287.3647,286.1647,284.9647,292.6647,292.1647,292.9647,288.0647,289.1647,288.4647,289.8647,287.3647,290.3647,292.9647,294.4647,294.4647,291.8647,298.4647,295.2647,296.1647,293.3647,288.5647,275.3647,292.5647,301.9647,298.8647,306.7647,307.5647,303.4647,299.7647
292.8647,292.8647,287.8647,288.3647,288.6647,287.8647,293.1647,290.5647,290.8647,290.8647,290.3647,290.6647,287.4647,286.7647,289.0647,291.1647,290.1647,291.3647,290.9647,290.5647,287.0647,286.7647,286.3647,285.4647,285.9647,285.7647,292.8647,285.7647,293.2647,294.3647,295.0647,294.1647,295.2647,295.2647,298.1647,294.7647,291.4647,293.2647,302.2647,302.1647,299.0647
290.4647,291.3647,290.5647,290.2647,288.1647,289.6647,289.3647,287.8647,287.5647,287.3647,288.5647,287.2647,287.4647,288.2647,288.2647,288.0647,289.3647,289.8647,291.2647,290.6647,291.1647,287.2647,285.3647,285.2647,284.1647,283.8647,284.2647,285.1647,288.2647,293.5647,292.1647,293.7647,293.8647,293.5647,293.2647,293.3647,288.4647,289.5647,289.6647,287.8647,294.1647
289.4647,285.1647,288.2647,286.6647,287.3647,286.7647,287.6647,286.4647,285.7647,285.0647,284.6647,284.2647,285.5647,284.8647,286.8647,286.1647,286.5647,286.6647,287.2647,286.8647,287.8647,289.5647,290.0647,289.2647,283.0647,281.7647,283.3647,282.8647,280.9647,281.9647,281.2647,289.2647,292.4647,289.0647,289.8647,294.6647,295.3647,284.1647,292.9647,294.8647,293.5647
282.4647,285.6647,280.9647,285.6647,284.9647,284.3647,285.4647,284.9647,283.9647,283.3647,283.0647,283.3647,283.2647,285.1647,284.4647,286.2647,285.4647,285.9647,284.6647,284.8647,284.0647,285.2647,287.0647,287.2647,286.7647,286.9647,280.6647,281.0647,281.2647,281.4647,279.1647,280.8647,283.6647,287.1647,288.4647,289.3647,290.8647,291.3647,281.8647,276.1647,277.5647
280.3647,280.2647,282.8647,283.7647,281.9647,283.1647,284.2647,283.2647,282.7647,282.5647,281.8647,281.6647,282.7647,282.9647,283.2647,283.9647,284.4647,285.4647,284.9647,284.7647,282.2647,283.0647,285.2647,285.9647,286.4647,286.0647,287.2647,286.6647,281.1647,281.0647,282.2647,284.5647,286.9647,284.5647,285.6647,290.8647,289.5647,286.6647,286.2647,284.1647,279.2647
279.4647,281.0647,280.9647,280.5647,281.4647,281.2647,282.7647,281.8647,281.0647,280.5647,280.0647,280.7647,282.0647,281.2647,282.0647,282.6647,282.7647,280.3647,281.3647,280.2647,279.7647,278.9647,279.3647,280.6647,279.9647,282.5647,283.0647,287.0647,288.4647,290.0647,286.0647,285.6647,285.6647,284.0647,284.5647,283.7647,285.6647,283.3647,285.1647,284.4647,282.7647
277.5647,281.4647,281.1647,280.8647,280.1647,279.6647,280.2647,280.3647,280.1647,279.5647,278.1647,279.0647,279.3647,279.4647,279.4647,280.5647,281.3647,279.7647,280.1647,279.7647,278.6647,278.9647,279.6647,280.2647,278.3647,279.8647,280.9647,281.9647,285.8647,284.6647,286.9647,289.5647,287.4647,285.9647,283.9647,282.1647,284.3647,292.0647,290.0647,290.1647,287.8647
278.4647,279.4647,280.5647,279.8647,278.4647,278.9647,279.0647,280.5647,280.1647,276.6647,275.3647,276.0647,278.8647,278.2647,278.8647,277.9647,279.3647,278.3647,279.4647,278.3647,277.9647,277.5647,277.0647,277.1647,279.1647,280.8647,280.5647,280.3647,283.0647,284.3647,286.1647,286.6647,287.8647,288.2647,284.3647,287.7647,282.3647,285.0647,290.2647,288.2647,288.1647
278.9647,278.7647,281.3647,278.2647,277.8647,277.6647,279.3647,277.9647,277.5647,276.8647,274.2647,272.6647,277.0647,278.0647,278.6647,278.2647,278.3647,277.4647,279.2647,279.3647,278.5647,278.1647,278.3647,278.4647,280.6647,277.6647,278.6647,279.7647,279.4647,281.3647,284.4647,284.4647,284.7647,284.8647,282.1647,282.2647,282.1647,281.2647,283.5647,286.2647,289.1647
278.2647,278.1647,282.9647,277.8647,277.5647,277.5647,277.9647,277.9647,276.9647,278.5647,276.9647,275.6647,273.3647,275.7647,277.5647,277.5647,278.4647,277.7647,278.1647,276.8647,275.4647,275.8647,277.3647,277.1647,277.8647,277.7647,276.5647,278.3647,279.2647,280.8647,282.4647,283.2647,283.3647,284.3647,284.4647,281.1647,282.2647,280.7647,282.1647,285.7647,285.6647
