wind_kz.json
{"header": {"discipline":0,"disciplineName":"Meteorological products","gribEdition":2,"gribLength":871,"center":7,"centerName":"US National Weather Service - NCEP(WMC)","subcenter":0,"refTime":"2023-10-03T12:00:00.000Z","significanceOfRT":1,"significanceOfRTName":"Start of forecast","productStatus":0,"productStatusName":"Operational products","productType":1,"productTypeName":"Forecast products","productDefinitionTemplate":0,"productDefinitionTemplateName":"Analysis/forecast at horizontal level/layer at a point in time","parameterCategory":0,"parameterCategoryName":"UnknownDiscipline_0_Category_0","parameterNumber":0,"parameterNumberName":"UnknownParameter_D0_C0_0","parameterUnit":"Unknown","genProcessType":2,"genProcessTypeName":"Forecast","forecastTime":300,"surface1Type":1,"surface1TypeName":"Ground or water surface","surface1Value":0.0,"surface2Type":255,"surface2TypeName":"Missing","surface2Value":0.0,"gridDefinitionTemplate":0,"gridDefinitionTemplateName":"Latitude_Longitude","numberPoints":615,"shape":6,"shapeName":"Earth spherical with radius of 6,371,229.0 m","gridUnits":"degrees","resolution":48,"winds":"true","scanMode":64,"nx":41,"ny":15,"basicAngle":0,"lo1":47.0,"la1":41.0,"lo2":87.0,"la2":55.0,"dx":1.0,"dy":1.0}, "data":
[rows 0 to 14 of 15, columns 0 to 40 of 41]
283.11176,278.41177,282.01178,292.01178,292.01178,290.81177,287.81177,288.31177,285.61176,286.31177,284.81177,285.91177,284.51178,284.91177,283.71176,279.71176,280.91177,281.81177,280.11176,284.61176,286.91177,283.41177,282.21176,277.61176,283.21176,285.21176,284.91177,271.91177,270.31177,271.91177,270.31177,266.61176,278.21176,283.01178,284.41177,284.61176,283.21176,283.31177,286.01178,286.81177,286.41177
269.21176,282.91177,292.01178,291.81177,292.01178,290.21176,284.01178,283.11176,284.11176,284.31177,284.81177,283.01178,282.81177,281.81177,281.51178,282.31177,279.41177,278.51178,277.61176,277.81177,280.61176,281.61176,282.71176,278.61176,269.61176,269.91177,277.71176,273.21176,273.61176,269.31177,274.71176,265.01178,271.11176,249.31177,269.91177,281.81177,278.91177,281.51178,284.41177,278.61176,283.31177
282.51178,291.61176,291.61176,291.41177,289.81177,285.61176,284.91177,286.01178,284.11176,283.31177,283.71176,283.01178,282.51178,282.61176,283.51178,281.71176,280.31177,279.61176,280.51178,279.81177,282.31177,281.21176,282.01178,279.71176,280.91177,280.01178,280.51178,280.71176,280.01178,275.21176,269.31177,270.81177,273.81177,272.31177,273.91177,275.71176,270.01178,269.01178,269.11176,266.61176,269.01178
285.71176,290.51178,291.31177,290.61176,289.11176,285.81177,286.11176,285.11176,284.71176,284.11176,284.41177,283.41177,288.51178,288.01178,283.11176,283.01178,282.21176,280.71176,282.21176,281.51178,280.11176,278.41177,282.21176,282.71176,283.01178,283.41177,283.01178,280.31177,280.31177,281.01178,280.31177,279.01178,280.51178,277.81177,276.71176,278.31177,268.21176,263.21176,271.81177,276.31177,279.41177
289.11176,290.01178,290.31177,289.61176,288.41177,288.71176,287.71176,287.61176,286.01178,284.91177,284.61176,284.51178,287.41177,286.31177,284.91177,283.41177,283.61176,282.01178,279.61176,281.21176,282.01178,281.81177,280.11176,281.11176,280.91177,280.61176,280.91177,281.41177,280.11176,279.21176,281.41177,280.21176,273.31177,267.61176,271.11176,277.91177,282.91177,281.21176,281.41177,281.61176,282.31177
286.91177,286.41177,287.91177,288.41177,288.81177,288.31177,287.51178,286.91177,285.51178,285.21176,284.71176,284.21176,286.71176,287.11176,285.31177,282.11176,283.31177,282.11176,281.81177,281.41177,280.61176,279.61176,280.01178,280.31177,279.91177,278.21176,277.51178,284.91177,281.21176,281.61176,280.41177,281.21176,279.61176,277.51178,279.01178,284.01178,274.61176,274.91177,276.01178,280.51178,281.21176
280.21176,279.91177,282.31177,283.21176,284.31177,282.81177,283.01178,282.91177,284.01178,286.31177,284.81177,285.21176,285.61176,283.41177,282.91177,282.81177,282.51178,283.31177,281.51178,281.71176,279.11176,280.11176,279.91177,280.41177,279.41177,279.11176,277.81177,279.71176,279.61176,280.71176,280.51178,280.41177,279.91177,280.71176,280.11176,278.41177,276.81177,274.21176,271.81177,271.31177,277.71176
279.51178,279.11176,280.41177,281.11176,282.21176,284.31177,281.11176,280.61176,280.11176,280.41177,280.91177,281.21176,282.01178,283.51178,285.81177,285.81177,283.21176,283.01178,282.71176,279.91177,280.41177,278.21176,278.81177,278.61176,278.21176,276.31177,277.21176,277.71176,277.41177,279.11176,278.31177,279.51178,278.41177,276.81177,276.71176,275.61176,276.91177,283.81177,278.31177,277.91177,274.21176
278.31177,277.81177,278.41177,277.91177,278.61176,278.51178,278.21176,278.41177,278.71176,278.81177,278.71176,279.11176,279.51178,281.21176,283.11176,282.61176,283.61176,284.61176,282.41177,281.91177,280.41177,277.91177,278.21176,278.11176,277.21176,277.21176,276.61176,275.71176,276.71176,275.41177,276.41177,277.41177,278.11176,278.21176,277.21176,275.11176,275.11176,274.31177,269.01178,270.01178,268.11176
277.11176,277.81177,278.11176,277.81177,277.61176,277.11176,276.71176,276.61176,276.91177,277.31177,276.81177,277.11176,278.21176,279.01178,280.81177,283.51178,284.31177,284.91177,284.21176,283.21176,281.31177,281.61176,281.41177,280.01178,279.61176,278.01178,278.11176,277.81177,277.61176,277.91177,278.51178,279.71176,280.61176,279.71176,278.11176,275.11176,275.01178,271.41177,269.91177,270.11176,268.31177
276.91177,277.11176,276.91177,276.91177,276.81177,277.11176,276.81177,278.11176,275.71176,275.91177,275.41177,276.11176,277.01178,276.81177,277.91177,278.91177,279.61176,282.81177,282.91177,281.51178,281.81177,281.91177,281.71176,281.01178,280.31177,279.51178,277.81177,279.51178,279.81177,278.81177,280.11176,280.41177,279.81177,280.31177,279.41177,276.51178,272.91177,272.41177,271.71176,271.51178,267.91177
275.61176,276.61176,276.71176,276.81177,276.91177,277.11176,277.01178,276.61176,275.71176,274.81177,273.51178,274.01178,275.31177,275.51178,276.41177,277.21176,277.71176,278.31177,281.61176,281.21176,281.11176,280.61176,280.31177,281.11176,280.41177,280.91177,281.21176,282.21176,281.61176,281.81177,280.91177,280.41177,281.71176,279.11176,279.71176,279.81177,282.11176,279.11176,279.31177,277.61176,276.21176
274.51178,275.71176,277.11176,276.71176,276.91177,277.61176,277.41177,276.71176,276.31177,276.71176,274.81177,274.01178,273.51178,273.61176,275.11176,276.11176,276.91177,277.11176,278.61176,278.51178,280.41177,280.31177,280.51178,280.51178,281.61176,283.01178,283.51178,282.51178,282.41177,282.81177,281.41177,280.81177,281.41177,281.31177,281.41177,280.11176,279.71176,282.21176,280.11176,280.21176,279.51178
274.11176,275.11176,280.01178,276.21176,276.01178,276.41177,275.81177,275.71176,276.41177,276.41177,274.21176,272.71176,274.21176,273.41177,274.41177,275.21176,275.71176,276.01178,277.01178,277.81177,278.51178,280.71176,281.11176,281.31177,282.31177,282.71176,281.81177,282.21176,283.31177,282.61176,281.81177,281.31177,281.01178,280.81177,281.51178,280.71176,281.11176,280.61176,280.41177,279.11176,280.41177
274.51178,275.01178,283.11176,275.51178,275.21176,277.01178,276.81177,276.61176,276.91177,276.31177,275.81177,274.91177,273.71176,274.91177,272.91177,274.41177,274.61176,274.91177,275.71176,276.31177,277.21176,278.11176,279.61176,280.61176,281.01178,281.31177,281.81177,281.61176,281.91177,281.91177,283.21176,283.01178,282.01178,282.01178,282.31177,282.11176,283.11176,281.71176,281.21176,281.21176,280.61176
