wind_kz.json
{"header": {"discipline":0,"disciplineName":"Meteorological products","gribEdition":2,"gribLength":1025,"center":7,"centerName":"US National Weather Service - NCEP(WMC)","subcenter":0,"refTime":"2023-09-10T06:00:00.000Z","significanceOfRT":1,"significanceOfRTName":"Start of forecast","productStatus":0,"productStatusName":"Operational products","productType":1,"productTypeName":"Forecast products","productDefinitionTemplate":0,"productDefinitionTemplateName":"Analysis/forecast at horizontal level/layer at a point in time","parameterCategory":2,"parameterCategoryName":"UnknownDiscipline_0_Category_2","parameterNumber":3,"parameterNumberName":"UnknownParameter_D0_C2_3","parameterUnit":"Unknown","genProcessType":2,"genProcessTypeName":"Forecast","forecastTime":60,"surface1Type":103,"surface1TypeName":"Specified height level above ground","surface1Value":10.0,"surface2Type":255,"surface2TypeName":"Missing","surface2Value":0.0,"gridDefinitionTemplate":0,"gridDefinitionTemplateName":"Latitude_Longitude","numberPoints":615,"shape":6,"shapeName":"Earth spherical with radius of 6,371,229.0 m","gridUnits":"degrees","resolution":48,"winds":"true","scanMode":64,"nx":41,"ny":15,"basicAngle":0,"lo1":47.0,"la1":41.0,"lo2":87.0,"la2":55.0,"dx":1.0,"dy":1.0}, "data":
[rows 0 to 14 of 15, columns 0 to 40 of 41]
-2.6332276,-0.25322753,-1.3332275,-7.5832276,-7.1632276,-7.0732274,-7.5632277,0.01677246,-0.86322755,-1.8232275,-2.3232276,-2.0432274,-2.4032276,-2.1732275,-3.6232276,-3.6232276,-4.4332275,-4.0532274,-4.3332276,-2.2132275,-2.9732275,-4.3732276,-3.8832276,0.46677247,-0.33322755,-0.093227535,-0.15322754,2.2667725,1.5967724,-0.86322755,-2.0832276,-2.2732275,0.83677244,-1.2032275,0.50677246,-2.2332275,1.3667724,0.81677246,0.81677246,1.5267725,2.1767724
0.39677247,0.7967725,-0.013227539,-5.6832275,-5.8932276,-7.7832274,-3.6832275,-5.3532276,-4.1732273,-1.7032275,-1.5532275,-4.4232273,-2.2232275,-2.5632277,-4.4932275,-5.0232277,-3.9432275,-5.0032277,-5.8432274,-4.3032274,-0.42322755,-2.3832276,-2.5332274,0.90677243,1.1067724,2.1367724,-0.90322757,3.7367725,0.7867725,3.3467724,3.7167726,3.6567724,1.2967725,-0.9432275,0.49677247,-1.2832276,-1.1332276,-4.4032273,-0.55322754,-2.6532276,1.4167725
1.8667724,6.1467724,3.6667724,0.64677244,-0.8332275,-1.6632276,-0.26322755,-2.4332275,-1.9032276,-3.5232275,-0.97322756,-0.6332275,-1.8132275,-3.1432276,-4.6132274,-5.1832275,-4.6232276,-4.5632277,-4.6832275,-4.193228,-4.5032277,-2.2732275,-2.2232275,-0.27322754,-0.65322757,-0.75322753,0.11677246,-1.2532276,0.35677245,-0.85322756,0.99677247,-0.093227535,0.31677246,-0.61322755,0.8067725,-0.9632275,-0.86322755,-3.1332276,-0.39322755,-1.3032275,1.9167725
3.3667724,4.5467725,3.3967724,2.2767725,-0.16322754,-0.46322754,0.9867725,-0.61322755,-1.7232275,-2.5832276,-1.7132275,1.6067724,0.7367725,-0.33322755,-1.4432275,-3.0532274,-4.1432276,-4.0932274,-3.7632275,-3.2632275,-2.5232275,-0.59322757,-1.6532276,-1.4832275,-1.9832275,-4.0632277,-1.5832275,-2.1632276,-1.8832276,-1.7732276,-3.1132276,-1.9932275,-0.8232275,3.3967724,0.82677245,-1.1332276,1.0867724,4.1867723,-2.2132275,-0.6932275,1.4367725
5.1967726,5.3767724,3.6067724,2.7767725,1.2867725,-0.92322755,-0.75322753,2.1467724,2.6167724,1.7167724,0.5467725,-1.2732276,3.0667725,2.7567725,0.93677247,0.10677246,-1.2232275,-2.1232276,-1.6732275,-1.5932275,0.5467725,0.46677247,-0.44322753,-0.29322755,-0.90322757,-1.2632276,-0.04322754,0.026772462,-1.4432275,-2.4332275,0.81677246,-0.79322755,2.8567724,3.9567726,0.40677246,0.30677247,0.45677245,-2.7132275,-6.3032274,-3.2332275,-2.5532274
-3.0932276,-1.4832275,1.1167724,5.6867723,4.6167727,2.0267725,1.1467725,-0.023227539,1.7367724,2.3167725,0.84677243,-0.72322756,-2.1132276,-2.4332275,-1.6932275,0.83677244,-0.013227539,0.086772464,-1.0532275,-2.4132276,-2.3032274,0.6167725,0.5467725,1.5167725,1.2167724,1.9867724,1.9867724,1.8367724,1.4067725,0.84677243,0.88677245,2.1467724,-0.66322756,1.6167724,2.4267724,1.8267725,-0.86322755,-0.50322753,2.7567725,2.8167725,1.4767724
-4.8332276,-4.2232275,-1.8232275,-2.0732276,4.4167724,4.7967725,2.6467724,1.3867725,-0.7032275,1.6167724,0.93677247,0.39677247,-0.5232275,-0.9432275,-1.3032275,-1.6632276,-1.2332275,-0.84322757,-0.7732275,-0.62322754,-1.0232276,-1.3132275,-0.61322755,-0.023227539,0.03677246,-0.35322753,0.17677246,2.9667726,3.8767724,3.5367725,1.8367724,3.0267725,3.5567725,3.2967725,0.87677246,-0.41322753,-0.66322756,1.7167724,0.09677246,0.75677246,-0.75322753
-1.7532276,-3.5732276,-4.3932276,-2.6532276,-1.1332276,4.7067723,3.3467724,4.3467727,0.22677246,-0.81322753,-2.1332276,-1.6532276,-2.4732275,-2.4332275,-2.9632275,-3.1932275,-2.5732276,-2.4132276,-2.8232276,-1.9232275,-2.0632277,-1.8732276,-0.87322754,0.90677243,1.4067725,1.3567724,2.1767724,3.0067725,2.0567725,5.2567725,5.1267724,3.0867724,4.7567725,4.2867723,4.6567726,4.6067724,0.5567725,0.7367725,1.3667724,-0.093227535,-0.60322756
-3.1232276,0.8067725,-2.8832276,-2.4232275,0.68677247,-1.7132275,-0.26322755,0.07677246,-1.4232275,-0.72322756,-1.8032275,-2.1232276,-2.8832276,-2.9432275,-4.4532275,-4.3932276,-3.6832275,-3.3432276,-3.0032275,-3.0032275,-3.2532275,-3.7632275,-2.8032274,-0.90322757,1.7367724,3.5167725,3.9867725,5.4967723,5.2667723,4.4967723,5.6967726,6.1967726,3.4467726,6.4767723,4.6267724,4.1767726,0.06677246,3.5567725,1.0967724,-1.8132275,-0.08322754
-3.1632276,-2.2332275,-1.4532275,-1.3732276,-0.28322753,-0.53322756,-0.15322754,-0.81322753,-1.6232276,-1.1332276,-1.6432276,-2.6632276,-3.0332274,-3.5832276,-3.8132277,-3.1132276,-2.8832276,-1.5632275,-1.5432276,-1.7232275,-1.8332275,-1.5632275,-2.3932276,-4.3832273,-3.6832275,-3.2432275,4.5267725,5.5867724,5.9867725,6.9567723,6.0967727,6.5967727,5.7767725,5.7567725,3.0067725,2.7067726,2.1567724,-0.013227539,3.0867724,4.5067725,2.3367724
-4.6332273,-4.5532274,-3.3132277,-2.1732275,-1.9632275,-1.3532275,-0.7732275,0.30677247,-1.5932275,-0.7732275,-1.1332276,-0.5132275,-1.2132275,-1.9332275,-2.2732275,-2.4932275,-3.0432274,-3.2032275,-1.4732275,-1.3632275,-0.9432275,-0.84322757,-0.32322752,-1.4632275,-3.9232275,-1.3432275,-1.0132276,-0.5832275,5.8867726,5.5367723,5.4467726,3.8967724,5.1067724,5.3167725,3.8167725,2.4467726,1.5367725,2.4867725,2.8967724,2.0267725,0.59677243
-1.6832275,-2.7632275,-2.3432276,-2.5232275,-1.7332275,-1.2732276,-0.31322753,0.71677244,0.82677245,0.42677248,-0.9432275,-1.2232275,-2.6232276,-1.7032275,-2.3032274,-3.4132276,-3.3632276,-3.4132276,-3.0632277,-3.1432276,-2.7532275,-3.9232275,-3.3732276,-0.66322756,-3.9832275,-4.6032276,-1.8232275,1.7767725,1.4767724,6.7167726,6.4567723,6.5867724,0.76677245,3.5167725,1.1267724,3.1367724,2.9667726,2.9567726,1.7867725,2.2367725,1.2767725
-1.0632275,-0.46322754,-0.47322753,-0.03322754,0.16677245,0.026772462,-0.0032275391,0.19677246,0.47677246,0.32677245,-0.7132275,-1.2032275,-1.8932276,-2.8132277,-2.9432275,-3.0132275,-2.8432276,-2.9332275,-4.5332274,-3.6632276,-4.2432275,-3.5232275,-4.7332277,-5.0032277,-2.5832276,-6.6332273,-6.4232273,-0.62322754,1.4267725,3.4667726,5.4767723,5.6567726,4.7467723,2.6367724,2.1867723,1.4367725,1.6367725,1.1067724,1.4567724,-1.2532276,-0.21322754
-2.6832275,-1.7032275,-1.5632275,-0.85322756,-0.5732275,-0.59322757,-1.0932275,-0.9632275,-1.3332275,2.8967724,0.65677243,-0.8932275,-1.4132276,-1.6132275,-2.3332276,-2.8832276,-2.8732276,-2.7132275,-3.8432276,-5.2232275,-5.4032273,-6.1532273,-6.443228,-6.1332273,-6.6732273,-6.6732273,-4.3932276,-1.4132276,0.6067725,1.6667725,1.2467724,2.8767724,3.6967726,1.9167725,1.4367725,1.3167725,0.58677244,-0.29322755,0.27677247,1.3167725,1.6367725
-2.1232276,-2.2732275,-1.3732276,-0.5132275,-1.1532276,-1.1332276,-1.0432276,-1.4032276,-1.7032275,-1.9032276,-1.9332275,-0.6332275,0.68677247,-0.9432275,-3.9732275,-3.3632276,-1.2432275,-2.9232275,-3.6932275,-4.6732273,-5.5632277,-6.3032274,-5.3932276,-7.1332273,-7.9232273,-7.1432276,-6.1632276,-3.6832275,-0.6932275,0.8667725,2.1267724,2.7267725,1.9467725,2.6867723,2.3267725,2.0267725,1.1567725,1.7267724,1.3267725,0.27677247,0.71677244
