wind_kz.json
{"header": {"discipline":0,"disciplineName":"Meteorological products","gribEdition":2,"gribLength":1025,"center":7,"centerName":"US National Weather Service - NCEP(WMC)","subcenter":0,"refTime":"2024-04-09T12:00:00.000Z","significanceOfRT":1,"significanceOfRTName":"Start of forecast","productStatus":0,"productStatusName":"Operational products","productType":1,"productTypeName":"Forecast products","productDefinitionTemplate":0,"productDefinitionTemplateName":"Analysis/forecast at horizontal level/layer at a point in time","parameterCategory":2,"parameterCategoryName":"UnknownDiscipline_0_Category_2","parameterNumber":3,"parameterNumberName":"UnknownParameter_D0_C2_3","parameterUnit":"Unknown","genProcessType":2,"genProcessTypeName":"Forecast","forecastTime":60,"surface1Type":103,"surface1TypeName":"Specified height level above ground","surface1Value":10.0,"surface2Type":255,"surface2TypeName":"Missing","surface2Value":0.0,"gridDefinitionTemplate":0,"gridDefinitionTemplateName":"Latitude_Longitude","numberPoints":615,"shape":6,"shapeName":"Earth spherical with radius of 6,371,229.0 m","gridUnits":"degrees","resolution":48,"winds":"true","scanMode":64,"nx":41,"ny":15,"basicAngle":0,"lo1":47.0,"la1":41.0,"lo2":87.0,"la2":55.0,"dx":1.0,"dy":1.0}, "data":
[rows 0 to 14 of 15, columns 0 to 40 of 41]
-0.88520753,-3.4152076,-1.5652075,-8.645207,-7.5952077,-6.6652074,-5.1652074,-2.3452075,-2.9652076,-5.0152073,-7.9552073,-6.1952076,-7.1552076,-7.1452074,-7.1152077,-6.1852074,-5.1952076,-3.6852076,-3.9452076,-1.7152076,-1.1452075,-3.2852075,-1.4052075,-1.6952075,-1.0752075,-0.9252075,-1.5152075,1.3247925,1.8747925,2.3347924,-2.8652074,-3.1052074,2.5747924,-1.5352075,-1.4152075,-0.35520753,1.9147925,2.3147924,2.0747924,1.6447924,0.3447925
0.5747925,-0.06520752,-6.0452075,-6.5052075,-6.2852077,-6.1452074,-6.2952075,-6.7252073,-6.5352077,-6.3952074,-6.1052074,-7.3652077,-7.1152077,-7.2652073,-7.9852076,-5.3852077,-3.6552076,-3.6652076,-4.6252074,-3.7752075,-3.4552076,-3.3752074,-2.2352076,1.4947925,-2.9452076,-2.9052076,-4.3052077,-0.5952075,0.4047925,1.4347925,5.8047924,5.5247927,-1.2452075,-2.6252074,-4.8852077,-0.5152075,-1.6752075,-2.9352076,-0.39520752,0.4947925,0.9147925
0.23479249,-3.6152074,-4.6952076,-4.5152073,-6.1652074,-4.3452077,-3.3052075,-4.6852074,-5.7352076,-7.2252073,-8.365208,-6.7752075,-7.4952073,-6.9852076,-6.1152077,-6.4652076,-5.5752077,-3.6852076,-2.8152075,-4.3352075,-2.3852074,-2.2952075,-5.8752074,-1.4252075,0.99479246,0.6547925,0.9147925,0.74479246,-0.2552075,-0.03520752,-1.3352075,-0.8552075,1.7247925,-1.0152075,1.2047925,1.6147925,5.1947923,1.5847925,0.48479247,-0.5952075,1.0847925
-0.27520752,-2.6052074,-2.9952075,-3.0252075,-3.7852075,-4.6352077,-4.6352077,-4.5952077,-4.8852077,-6.4752073,-7.7852077,-7.6952076,-9.5652075,-8.745208,-6.1452074,-4.6852074,-4.8852077,-4.7652073,-5.3052077,-6.4152074,-5.4052076,-3.4452076,-2.3452075,-5.2052073,-4.6552076,-2.5452075,-6.1352077,-6.0852075,-5.9552073,-7.2552075,-4.8752074,-2.5452075,-0.4452075,1.9747925,0.24479248,-1.5952076,0.55479246,3.8947926,7.1147923,-0.26520753,0.9447925
0.064792484,-3.2152076,-1.4952075,-0.48520753,-1.1652075,-2.3852074,-3.4052076,-3.6552076,-3.9952075,-5.0452075,-5.9252076,-6.7052073,-9.855207,-8.855207,-7.9852076,-6.2652073,-5.7452073,-5.1552076,-4.7952075,-4.7952075,-3.4352076,-4.4652076,-5.1852074,-4.0652075,-3.6752076,-3.7152076,-5.6652074,-4.9952073,-5.4852076,-6.8552074,-8.635207,-7.7252073,1.1747925,4.0147924,-0.2552075,0.13479248,1.1347924,-1.1752075,-3.2352076,-1.3752075,1.9447925
1.7447925,-0.9052075,-0.63520753,2.7247925,1.7947925,0.48479247,-1.6252075,-2.5552075,-2.5752075,-3.7252076,-5.0852075,-6.2152076,-7.7652073,-9.245208,-7.2452073,-6.3652077,-5.5652075,-4.2152076,-4.0652075,-3.8452075,-5.9052076,-5.4352074,-5.5952077,-5.3252077,-5.3852077,-5.9152074,-6.9852076,-5.8952074,-6.4152074,-8.075208,-8.045208,-7.7152076,-7.9052076,-7.6352077,-3.3652074,-3.5952075,4.3547926,4.9047923,1.4047924,-2.9752076,-0.26520753
2.2547925,1.8447925,1.1947925,3.3247924,2.6047926,1.8247925,0.6547925,-1.0252075,-2.1752076,-2.5852075,-3.2152076,-3.0452075,-4.3752074,-5.6752076,-6.2552075,-5.8252077,-4.5752077,-3.6252074,-3.4452076,-3.1952076,-5.4152074,-5.4752073,-5.4752073,-4.8752074,-4.1552076,-4.2152076,-6.1952076,-6.6152077,-6.1952076,-8.105207,-8.825208,-9.345207,-9.915208,-10.645207,-7.9652076,-7.6052074,-3.8252075,3.0647924,4.2247925,5.9547925,3.7247925
2.1547925,2.6147926,1.7647924,2.0547924,2.5847924,3.1347926,2.3547926,1.5547925,0.3447925,-0.50520754,-0.8952075,-1.7352076,-3.1452074,-2.6752076,-3.5852075,-3.4852076,-4.0952077,-3.6952076,-3.3352075,-1.4552075,-2.9952075,-3.5352075,-3.8952074,-4.5252075,-4.5452075,-4.5352077,-5.2852077,-6.1952076,-6.3352075,-8.3152075,-8.725207,-8.0252075,-8.985208,-11.225207,-7.6652074,-7.2952075,-7.2552075,-6.2452073,-3.1352074,0.8847925,-0.68520755
3.0047925,3.3947926,2.7547925,2.2547925,2.4747925,2.7847924,3.8447924,2.8747926,2.2747924,1.8347925,1.1247925,0.18479247,-0.42520753,-1.5252075,-1.9952075,-2.4752076,-1.8352075,-2.0052075,-1.9452075,-1.5252075,-0.02520752,-2.4552076,-3.1952076,-2.9052076,-3.2352076,-3.0552075,-3.7052076,-4.9752073,-5.7052073,-8.295208,-8.625208,-8.7752075,-9.495208,-7.8752074,-6.3552074,-8.675207,-6.9252076,-4.2452073,-2.2152076,1.2647924,0.5347925
4.6147923,4.1747923,3.7647924,3.5747924,3.1647925,3.1647925,3.5247924,3.6147926,3.0147924,2.7447925,2.7547925,2.7147925,2.7147925,2.1847925,1.5847925,1.1947925,0.38479248,-0.05520752,-0.13520752,0.07479248,0.14479248,0.09479248,-0.7252075,-1.4752076,-1.9052075,-2.1452074,-1.9252075,-2.3552074,-3.6652076,-5.3252077,-6.1252074,-6.2452073,-6.7452073,-6.8352075,-6.7952075,-8.045208,-0.9752075,-0.56520754,1.8547925,2.0447924,1.9247925
4.4147925,4.6047926,4.4847927,3.6147926,3.3647926,3.6947925,3.7947924,3.7347925,3.6047926,2.8947926,3.0147924,2.6847925,2.9547925,3.0347924,2.9547925,2.9647925,2.9147925,3.0847924,2.8547926,2.5447924,2.4147925,1.9147925,0.5247925,-0.5552075,-0.7852075,-0.62520754,-0.7652075,-1.0552075,-1.8352075,-3.7452075,-4.1252074,-5.0652075,-6.3452077,-5.9352074,-7.2052073,-7.1052074,-2.6052074,0.5747925,-0.23520751,-0.4152075,-0.2852075
3.2947924,4.4447923,5.1147923,5.5547924,5.2647924,4.4247923,3.5747924,3.9447925,3.0947924,2.9147925,2.6347926,2.2847924,2.7847924,3.0147924,3.1847925,3.5247924,3.7847924,3.5947924,3.1947925,2.7647924,2.9447925,2.0647924,1.2647924,0.50479245,-0.15520751,-0.9152075,-0.9752075,0.36479247,-1.7952075,-3.2152076,-3.3052075,-4.1552076,-4.2152076,-5.5252075,-4.8552074,-6.2052073,-6.4052076,-6.9452076,-0.69520754,0.44479248,0.11479248
0.6447925,2.5247924,4.0247927,4.2647924,4.5047927,3.3447924,4.9547925,5.2647924,5.0847926,4.2647924,2.4047925,2.0647924,3.6347926,3.8547926,4.6747923,4.8747926,5.0447927,4.6747923,4.1647925,3.2347925,3.3947926,2.8347924,2.1247926,1.5147924,0.8247925,0.5147925,1.6047925,1.1147925,-0.7752075,-2.0952075,-2.5952075,-3.6152074,-4.6352077,-5.3252077,-5.6352077,-5.7652073,-6.2552075,-4.4452076,-6.5352077,-5.3352075,-3.3152075
-0.7752075,-0.74520755,-0.9152075,1.7947925,2.1047926,3.9747925,4.5447927,5.1847925,5.9147925,6.5847926,4.1147923,1.9247925,2.2047925,4.8747926,4.5847926,5.0547924,5.6147923,6.4347925,5.8347926,5.1447926,4.3347926,3.5247924,2.7947924,2.4147925,2.0647924,2.4647925,2.5347924,1.7447925,0.7147925,-0.94520754,-2.2952075,-3.5052075,-4.0452075,-5.0852075,-5.3152075,-5.8252077,-5.4952073,-4.9652076,-4.8552074,-4.3852077,-5.3852077
0.5747925,-0.27520752,-1.4252075,-0.9652075,-0.7152075,1.1347924,2.3047924,2.7547925,3.8747926,4.6047926,5.0147924,4.7947927,3.7947924,1.9947925,5.2947927,5.3347926,5.7547927,6.2247925,6.9047923,6.3947926,5.8647923,4.8947926,4.3147926,3.2947924,3.0147924,3.1647925,3.1647925,2.5147924,1.8147925,0.24479248,-1.7952075,-2.9252076,-4.0352077,-4.6852074,-5.2552075,-5.6952076,-5.4152074,-5.6552076,-5.6452074,-6.0852075,-3.7852075
