wind.json
{"header": {"discipline":0,"disciplineName":"Meteorological products","gribEdition":2,"gribLength":1211,"center":7,"centerName":"US National Weather Service - NCEP(WMC)","subcenter":0,"refTime":"2023-06-29T00:00:00.000Z","significanceOfRT":1,"significanceOfRTName":"Start of forecast","productStatus":0,"productStatusName":"Operational products","productType":1,"productTypeName":"Forecast products","productDefinitionTemplate":0,"productDefinitionTemplateName":"Analysis/forecast at horizontal level/layer at a point in time","parameterCategory":2,"parameterCategoryName":"UnknownDiscipline_0_Category_2","parameterNumber":2,"parameterNumberName":"UnknownParameter_D0_C2_2","parameterUnit":"Unknown","genProcessType":2,"genProcessTypeName":"Forecast","forecastTime":60,"surface1Type":103,"surface1TypeName":"Specified height level above ground","surface1Value":10.0,"surface2Type":255,"surface2TypeName":"Missing","surface2Value":0.0,"gridDefinitionTemplate":0,"gridDefinitionTemplateName":"Latitude_Longitude","numberPoints":688,"shape":6,"shapeName":"Earth spherical with radius of 6,371,229.0 m","gridUnits":"degrees","resolution":48,"winds":"true","scanMode":64,"nx":43,"ny":16,"basicAngle":0,"lo1":45.0,"la1":40.0,"lo2":87.0,"la2":55.0,"dx":1.0,"dy":1.0}, "data":
[rows 0 to 15 of 16, columns 0 to 42 of 43]
3.688531,-1.9314691,-1.1414691,4.078531,-4.5314693,-2.6514692,0.3385309,2.668531,5.278531,6.4285307,6.098531,7.748531,5.548531,7.268531,-0.5914691,-1.3014691,-3.0014691,-1.9314691,-1.0314691,0.68853086,2.358531,2.0385308,1.668531,-2.2314692,-1.8714691,-2.9614692,0.4985309,-2.7614691,1.2385309,3.658531,1.9685309,-6.271469,-0.63146913,-1.2314692,-2.9514692,-1.7314692,-6.141469,-2.131469,-4.5514693,-1.2814691,-1.0614691,-1.8414692,2.418531
-2.571469,4.578531,2.8285308,0.9085309,-1.6614691,0.7385309,1.9585309,3.2585309,8.3785305,8.888531,7.508531,5.9285307,6.528531,5.1385307,0.7885309,-2.801469,-0.2514691,-0.5814691,0.12853089,-1.3614691,-0.39146912,-0.061469115,0.61853087,-1.3414692,2.418531,5.088531,-0.75146914,2.7585309,5.018531,2.0285308,0.8485309,1.8285309,4.3885307,-0.8314691,-2.0114691,-3.9114692,-5.961469,-4.3214693,-3.601469,-2.071469,-1.7514691,-3.881469,1.0585309
5.758531,1.5385308,1.0685309,-1.7914691,-0.6014691,3.2385309,3.878531,5.7185307,6.668531,2.368531,5.738531,7.538531,4.628531,1.918531,0.36853087,0.8285309,-1.2714691,-1.7914691,-1.0314691,-1.1114691,-2.331469,-1.6514691,-1.6414691,0.8985309,2.358531,3.0485308,1.7085309,-1.9714692,0.5285309,0.7185309,-0.5914691,0.8485309,-0.20146912,0.9485309,0.028530885,-0.0014691162,0.55853087,1.9485309,1.0485309,0.61853087,-1.4714692,-2.6614692,-6.021469
-0.56146914,1.6385309,3.0885308,0.058530882,0.32853088,3.158531,5.008531,6.9285307,3.678531,3.858531,5.508531,6.148531,6.458531,1.3585309,-1.8714691,-1.4414691,-2.591469,-2.5014691,-3.101469,-3.031469,-2.1914692,-3.361469,-5.6314692,-6.0314693,-7.451469,-7.351469,-4.871469,-6.771469,-4.751469,-4.061469,-1.8214691,-1.7614691,0.9285309,-0.93146914,-0.63146913,4.098531,0.9485309,0.15853089,3.2785308,2.8185308,7.998531,8.678531,-0.74146914
6.458531,7.348531,7.4685307,1.3285309,2.708531,5.128531,8.028531,4.738531,4.938531,5.508531,5.188531,9.508531,8.888531,2.868531,-8.851469,-4.5914693,-0.8014691,-3.861469,-4.831469,-5.691469,-3.7414691,-4.771469,-5.701469,-8.54147,-6.101469,-7.971469,-8.231469,-8.691469,-9.031469,-8.141469,-7.001469,-4.5914693,-2.111469,1.2185309,6.538531,9.45853,7.568531,7.898531,0.9685309,0.5285309,1.5585309,1.3085309,5.1385307
7.8885307,8.868531,8.138531,4.088531,5.4485307,6.688531,6.578531,4.6385307,5.9285307,7.1385307,8.908531,11.388531,2.7385309,-8.171469,-7.971469,-5.5314693,-3.521469,-4.0314693,-3.9114692,-4.491469,-5.371469,-7.441469,-8.501469,-8.181469,-7.901469,-7.8614693,-8.58147,-7.5914693,-8.071469,-0.5414691,-6.2814693,-4.421469,-4.211469,-2.4114692,-1.0914692,1.1785309,2.3385308,-5.3214693,7.338531,9.638531,3.708531,5.128531,7.098531
8.868531,8.618531,9.068531,7.648531,8.798531,5.028531,4.6585307,2.7385309,5.6985307,6.188531,8.278531,8.41853,-8.781469,-7.6114693,-2.371469,0.09853088,2.8185308,-4.011469,-3.611469,-4.7814693,-4.271469,-4.8014693,-5.901469,-5.151469,-5.271469,-4.8614693,-4.761469,-6.101469,-6.141469,-3.641469,-2.561469,-2.371469,-1.1114691,-0.7314691,-0.08146912,3.0385308,5.048531,4.8685308,10.068531,11.26853,12.76853,11.928531,7.268531
9.158531,8.41853,8.928531,7.1785307,9.938531,8.008531,3.978531,2.8285308,2.688531,4.9685307,6.348531,10.56853,-2.9314692,-4.291469,-2.4914691,-1.6614691,-2.091469,-2.811469,-2.031469,-3.1814692,-1.4914691,-3.621469,-3.621469,-4.331469,-2.9814692,-2.4314692,-2.821469,-2.041469,-2.331469,-1.0114691,1.0785309,-0.7914691,-1.2814691,0.50853086,-1.8014691,-0.30146912,3.448531,-0.19146912,-1.5014691,1.1385309,4.078531,1.1085309,4.708531
7.9085307,9.288531,8.828531,7.078531,7.578531,7.628531,2.978531,0.7885309,2.628531,3.7985308,4.238531,10.24853,-3.061469,0.018530883,-2.2014692,-1.8214691,-1.3214691,-1.3614691,-2.891469,-2.6714692,-2.1614692,-0.9614691,-2.9114692,-4.0914693,-3.351469,-1.9214691,-1.6414691,-0.7614691,-1.0514691,-1.6114691,-1.081469,-1.5914692,-0.42146912,-2.4614692,-1.4114691,-0.33146912,0.50853086,3.3285308,1.918531,-0.7114691,7.628531,9.428531,4.788531
5.488531,7.9485307,9.178531,8.538531,7.398531,5.6785307,3.5885308,0.7185309,2.0185308,4.558531,8.108531,8.658531,-2.111469,-1.9914691,-1.3014691,-0.20146912,-0.9814691,-0.18146911,-1.7714691,-0.9014691,0.2885309,-0.7714691,-0.29146913,-2.4414692,-1.0314691,-2.2514691,-3.0014691,-1.1614691,-1.9414691,-2.521469,-1.2314692,0.06853089,-0.50146914,-0.5414691,0.61853087,1.418531,2.858531,4.588531,2.3285308,3.978531,2.2885308,1.3385309,0.5985309
7.798531,7.318531,8.078531,7.768531,6.268531,5.478531,0.7085309,-2.6914692,0.56853086,4.6585307,6.688531,7.188531,10.35853,-3.9214692,-0.7314691,-0.8514691,-1.2814691,3.138531,-4.481469,-2.7414691,-0.42146912,0.75853086,0.12853089,-1.8714691,-2.561469,-3.2514691,-2.7414691,-3.081469,-2.111469,-2.601469,-1.7414691,-1.5514691,0.3385309,0.19853088,1.1285309,2.3085308,-0.5314691,1.0285308,1.1585308,2.5185308,0.15853089,0.9585309,-0.7914691
6.918531,6.248531,7.9685307,5.208531,4.3685308,1.3185309,-2.7014692,-0.9814691,2.398531,4.038531,4.918531,7.478531,2.8485308,-2.091469,-3.1714692,3.908531,2.398531,0.3785309,-2.311469,-2.7114692,-1.7614691,-1.3614691,-1.4314691,-2.551469,-1.9614692,-1.9914691,-3.4314692,-1.6814691,-2.141469,-1.4614692,-1.5614691,-0.2514691,0.19853088,2.0185308,1.4385309,-0.9714691,2.5585308,-2.4914691,-0.9114691,1.7185309,0.74853086,-0.011469116,0.7685309
6.128531,7.248531,4.788531,6.058531,3.7385309,4.588531,-1.2114692,-0.68146914,-0.0014691162,4.998531,7.508531,5.568531,-1.6814691,-0.36146912,0.9285309,0.16853088,0.18853088,3.7685308,-2.331469,-2.371469,-2.811469,-2.281469,-1.7114692,-1.7314692,-1.7214692,-2.031469,-2.141469,-1.4514691,-0.8914691,-0.39146912,-0.15146911,0.5885309,1.7485309,-1.5114691,0.21853088,3.2985308,-1.0514691,1.3385309,-3.081469,0.7285309,0.17853089,-0.051469117,0.99853086
5.4285307,5.738531,4.088531,4.538531,4.9685307,3.878531,-1.1314691,-0.6514691,0.6385309,4.9485307,10.678531,2.928531,-0.9614691,-1.1914691,4.188531,3.0385308,1.5285308,-2.811469,-2.041469,-3.801469,-3.4214692,-2.1914692,-1.9614692,-0.9514691,-0.5814691,0.10853089,-1.5914692,-0.6414691,-0.62146914,0.018530883,1.6185309,0.8885309,1.6785309,-1.4914691,0.8385309,2.458531,2.0385308,1.4485309,0.32853088,0.24853088,1.4285309,1.3985308,1.4385309
4.228531,4.2185307,2.978531,4.068531,3.5585308,2.5585308,-1.0114691,-1.9814692,1.1885309,5.8885307,4.6785307,-2.1914692,-4.081469,4.278531,0.8885309,-1.1514691,-3.541469,-2.821469,-2.6914692,-2.1714692,-2.0014691,-2.6714692,-2.031469,-1.0014691,-0.7214691,-1.0214691,-0.42146912,-0.39146912,1.1885309,1.5085309,2.618531,2.428531,2.128531,1.168531,3.478531,2.938531,1.7785308,-0.30146912,0.5885309,-0.021469116,0.3085309,0.45853087,2.118531
4.938531,2.2885308,1.9885309,2.628531,0.6085309,1.4085308,1.4285309,-1.6914691,1.7685308,6.438531,5.9485307,-2.571469,-1.4214691,-1.6214691,-0.7214691,-1.1114691,-1.2214692,-2.081469,-0.6614691,-1.6114691,-1.6414691,-2.061469,-2.031469,-1.2314692,-0.5914691,-0.19146912,0.9885309,1.7485309,2.0485308,1.3485309,1.2185309,2.7885308,1.3685309,2.628531,4.308531,3.2585309,3.608531,4.478531,-1.3514692,1.6885309,2.898531,5.208531,2.158531
