wind_kz.json
{"header": {"discipline":0,"disciplineName":"Meteorological products","gribEdition":2,"gribLength":1102,"center":7,"centerName":"US National Weather Service - NCEP(WMC)","subcenter":0,"refTime":"2023-09-08T06:00:00.000Z","significanceOfRT":1,"significanceOfRTName":"Start of forecast","productStatus":0,"productStatusName":"Operational products","productType":1,"productTypeName":"Forecast products","productDefinitionTemplate":0,"productDefinitionTemplateName":"Analysis/forecast at horizontal level/layer at a point in time","parameterCategory":2,"parameterCategoryName":"UnknownDiscipline_0_Category_2","parameterNumber":2,"parameterNumberName":"UnknownParameter_D0_C2_2","parameterUnit":"Unknown","genProcessType":2,"genProcessTypeName":"Forecast","forecastTime":60,"surface1Type":103,"surface1TypeName":"Specified height level above ground","surface1Value":10.0,"surface2Type":255,"surface2TypeName":"Missing","surface2Value":0.0,"gridDefinitionTemplate":0,"gridDefinitionTemplateName":"Latitude_Longitude","numberPoints":615,"shape":6,"shapeName":"Earth spherical with radius of 6,371,229.0 m","gridUnits":"degrees","resolution":48,"winds":"true","scanMode":64,"nx":41,"ny":15,"basicAngle":0,"lo1":47.0,"la1":41.0,"lo2":87.0,"la2":55.0,"dx":1.0,"dy":1.0}, "data":
[rows 0 to 14 of 15, columns 0 to 40 of 41]
-0.5145282,0.105471805,2.7154717,3.9654717,5.155472,7.165472,6.135472,7.305472,8.825472,9.675472,9.195472,8.855472,9.855472,5.575472,7.975472,3.9554718,-1.3345282,-1.7845283,-4.7045283,-4.134528,-3.9245281,-2.1245282,-2.0845282,-2.704528,1.0054718,-2.184528,-3.1545281,-0.3945282,0.1654718,0.4754718,-0.8645282,0.2454718,2.035472,3.0054717,-4.484528,-3.454528,-4.294528,-4.4545283,-3.2245283,-3.1345282,-3.7745283
1.6654718,1.1154718,6.615472,6.405472,6.785472,8.195472,8.135471,5.7354717,6.6054716,10.695471,11.795471,9.485472,4.155472,5.095472,8.405472,-1.1245282,-4.504528,-4.484528,-3.7945282,-4.384528,-3.3945282,-3.1545281,-1.9045281,-3.5145283,-0.3545282,0.005471802,-0.4645282,1.4054718,-1.2345282,-2.1645281,-0.104528196,-0.8445282,0.2854718,-1.4145283,1.4754719,-0.3045282,-1.3445282,-0.2945282,-1.0045282,1.2654718,-1.6645283
2.8954718,9.485472,9.765471,6.9854717,2.3854718,1.4154718,1.3554718,4.3754716,6.535472,7.5454717,8.845471,3.8454719,2.7554717,-2.444528,-5.904528,-6.4945283,-6.1045284,-5.2645283,-4.3745284,-3.1245282,-0.5745282,-2.3845282,-2.7645283,-2.0745282,1.2854718,1.0654718,-3.6145282,0.0554718,-2.3445282,-0.62452817,-1.5045282,1.7254719,-0.3645282,-0.5845282,0.5454718,-1.4545282,0.2254718,-0.3345282,-0.7345282,1.8254718,2.055472
3.6254718,10.185472,9.485472,8.945472,2.1254718,2.3854718,4.615472,5.695472,7.535472,8.675472,9.315472,1.4654717,-4.1845284,-7.1645284,-7.9145284,-10.094528,-7.2645283,-3.3545282,-2.694528,-3.434528,-2.934528,-2.3345282,-1.6845282,-3.8045282,-3.4745283,-3.3545282,-1.5245281,-4.4745283,-4.444528,-0.6045282,-0.8545282,-3.0345283,-1.5145282,-2.8845282,-2.2745283,-2.3445282,-1.4345282,2.4554718,1.3054718,-1.5145282,-1.5145282
5.185472,9.485472,9.135471,5.435472,8.275472,5.115472,2.2054718,8.315472,6.705472,4.245472,6.175472,4.0054717,1.4954718,-3.8145282,-7.004528,-6.074528,-7.1445284,-1.5345283,-0.8345282,-2.2845283,-4.364528,-3.3945282,-3.3245282,-2.964528,-1.8945282,-2.6045282,-5.2645283,-3.694528,-5.504528,-3.964528,-3.454528,-0.5045282,-1.9145283,0.9954718,0.7754718,1.1554718,-1.8445282,-3.3645282,-3.3045282,-3.8345282,-3.8945282
3.1154718,3.7154717,4.915472,9.2254715,9.345471,4.865472,2.6154718,5.805472,4.9854717,0.2554718,-2.4945283,-5.584528,-5.634528,-4.0145283,-5.364528,-7.1445284,-6.7445283,-4.2045283,1.6354718,-0.2145282,-2.7545283,-2.6745281,-3.4145281,-3.0745282,-3.6145282,-3.5945282,-2.7545283,-4.044528,-3.2345283,-2.7345283,-3.184528,-1.7045282,-2.1145282,-1.3345282,-0.0045281984,-3.5145283,0.3154718,-2.964528,-2.1545281,-3.3245282,-3.9945283
3.7254717,3.4454718,3.6954718,6.265472,3.4154718,2.8754718,1.2354718,1.8954718,-1.3645282,-2.5045283,-4.3545284,-3.2445283,-4.134528,-5.084528,-5.544528,-1.7145282,0.1554718,-0.0645282,0.6654718,0.1854718,-3.5445282,-3.4945283,-2.9945283,-2.6045282,-3.1745281,-2.7545283,-2.184528,1.0154718,-0.3045282,-0.6745282,-1.0645282,-1.7345282,-1.0645282,-0.014528198,0.3254718,-1.5545282,-1.2945282,-0.1445282,-0.7545282,1.8754718,0.8054718
1.8654718,1.9854718,3.6854718,2.5154717,3.8254719,3.545472,2.0254717,1.5054718,-3.6145282,-1.6245282,-4.324528,-4.964528,-4.4745283,-0.6445282,-2.1645281,-3.2745283,-4.304528,-5.254528,-5.274528,-6.9145284,-6.484528,-6.364528,-4.5345283,-4.154528,-3.0545282,-2.2745283,-2.1445282,-1.9045281,-1.0145282,0.9954718,1.3454719,0.2954718,-1.1045282,0.9454718,-0.9445282,-2.0545282,-1.8745282,-2.204528,-0.4645282,-1.7545282,-1.6245282
2.045472,0.6454718,0.8854718,2.535472,2.055472,1.9654717,0.5654718,1.4954718,0.7454718,-2.4245281,-1.0845282,0.2554718,-3.2245283,-2.9045281,-2.9145281,-2.2645283,-1.7345282,-5.794528,-6.7245283,-7.444528,-6.8945284,-4.9345284,-3.6745281,-2.8345282,-2.8045282,-1.9445282,-1.6445282,-1.0145282,-0.6645282,-0.62452817,-0.3345282,1.7954718,4.055472,-1.2645282,-1.1345282,-2.4745283,-0.8445282,-1.5445282,0.5854718,0.4954718,-1.2245282
1.9754719,0.9554718,1.3654718,2.5954719,2.3654718,1.7854718,0.7654718,-0.1745282,-1.5645282,-2.7545283,-1.9645282,-4.1845284,-1.7045282,-3.7545283,-3.9745283,-3.8545282,-2.7945282,-3.714528,-5.464528,-6.524528,-5.4145284,-3.944528,-2.2845283,-1.6545281,-1.1245282,0.3054718,1.3854718,2.3854718,2.7054718,2.4554718,2.3354719,2.5754719,0.0654718,-1.4545282,-0.5945282,-1.5545282,-2.5945282,-0.3345282,-2.1045282,0.3754718,-0.044528197
1.7854718,1.0154718,1.4854718,1.8954718,1.3654718,1.0854717,-0.2645282,0.3554718,-1.7945282,-2.0445282,-2.1245282,-0.87452817,-2.434528,-4.0345283,-2.6345282,-1.6345282,-1.3245282,-2.5045283,-3.0345283,-4.9745283,-3.5045283,-2.2445283,-1.6145282,-1.2645282,-0.4045282,1.6754718,4.5654716,5.345472,4.035472,3.4454718,3.815472,3.5954719,-1.2445282,-0.9045282,1.3854718,-1.8845282,-1.5645282,0.3054718,-1.5845282,1.1554718,-1.4645282
-0.0545282,0.9254718,-0.19452819,1.5354718,-0.2745282,0.1754718,-0.5645282,-1.1345282,-3.2245283,-1.3045282,-0.9845282,-1.1345282,-1.4645282,-1.9445282,-1.6745282,-2.9945283,-3.0245283,-3.0745282,-2.5845282,-3.0645282,-3.1145282,-2.0445282,-1.7245282,-0.4545282,-0.1545282,3.0854719,1.9854718,-0.7245282,-3.1145282,-3.8545282,-5.1645284,-6.114528,-4.274528,-6.844528,-5.3745284,-5.3745284,-4.064528,-2.1645281,-0.6045282,-0.6545282,-0.6445282
0.4954718,0.3854718,-0.4645282,0.4754718,-0.1545282,-0.1445282,-0.6545282,-1.5745282,-1.5945282,-2.7945282,-0.7745282,-3.1145282,-2.4245281,-0.2845282,1.2554718,0.5754718,-1.8445282,-3.194528,-3.5345283,-2.5345283,-3.194528,-2.1445282,-0.6845282,-0.4245282,2.1954718,3.055472,3.6354718,-5.194528,-6.1645284,-6.754528,-7.294528,-7.214528,-6.9545283,-6.2845283,-4.1845284,-4.334528,-3.6445282,-2.9745283,-3.8045282,-2.4845283,-1.1745282
-0.4945282,-0.2845282,0.1854718,-1.8945282,-2.0145283,-1.3945282,-2.204528,-1.5145282,-1.5945282,-1.6645283,-1.2645282,-0.8945282,0.9854718,1.9654717,1.9854718,1.2454718,-0.5245282,-1.4245282,-2.5545282,-2.2845283,-1.7945282,-2.8945282,-0.5445282,0.4454718,1.7154717,0.3054718,-2.4745283,-3.7845283,-4.844528,-5.904528,-6.584528,-5.4345284,-5.044528,-4.174528,-2.694528,-3.4145281,-3.0045283,-3.0245283,-2.8045282,-1.1545281,-0.044528197
-0.9145282,-1.3145282,-1.4945282,-2.1745281,-3.1245282,-3.9045281,-3.0345283,-2.184528,-0.5745282,-0.5345282,-0.16452819,0.7654718,-0.5045282,0.0354718,-0.9945282,-0.8945282,-1.0945282,-1.3945282,-1.4045281,-1.3145282,-2.8645282,-2.7345283,-0.7545282,0.7554718,0.5554718,-0.0545282,-3.454528,-4.824528,-4.654528,-4.424528,-5.384528,-4.3945284,-3.8845282,-3.8745282,-3.2545283,-2.9745283,-3.0445282,-2.6545281,-2.1045282,-1.0345283,-0.8145282
