wind_kz.json
{"header": {"discipline":0,"disciplineName":"Meteorological products","gribEdition":2,"gribLength":871,"center":7,"centerName":"US National Weather Service - NCEP(WMC)","subcenter":0,"refTime":"2024-01-31T00:00:00.000Z","significanceOfRT":1,"significanceOfRTName":"Start of forecast","productStatus":0,"productStatusName":"Operational products","productType":1,"productTypeName":"Forecast products","productDefinitionTemplate":0,"productDefinitionTemplateName":"Analysis/forecast at horizontal level/layer at a point in time","parameterCategory":0,"parameterCategoryName":"UnknownDiscipline_0_Category_0","parameterNumber":0,"parameterNumberName":"UnknownParameter_D0_C0_0","parameterUnit":"Unknown","genProcessType":2,"genProcessTypeName":"Forecast","forecastTime":120,"surface1Type":1,"surface1TypeName":"Ground or water surface","surface1Value":0.0,"surface2Type":255,"surface2TypeName":"Missing","surface2Value":0.0,"gridDefinitionTemplate":0,"gridDefinitionTemplateName":"Latitude_Longitude","numberPoints":615,"shape":6,"shapeName":"Earth spherical with radius of 6,371,229.0 m","gridUnits":"degrees","resolution":48,"winds":"true","scanMode":64,"nx":41,"ny":15,"basicAngle":0,"lo1":47.0,"la1":41.0,"lo2":87.0,"la2":55.0,"dx":1.0,"dy":1.0}, "data":
[rows 0 to 14 of 15, columns 0 to 40 of 41]
274.6634,265.1634,271.6634,280.26337,280.36337,282.1634,278.5634,277.46338,274.26337,274.5634,273.5634,273.36337,272.6634,272.76337,272.86337,272.76337,272.26337,271.96338,274.86337,273.6634,273.96338,273.76337,272.5634,269.5634,270.36337,272.86337,266.86337,251.06339,249.26338,246.96338,247.26338,248.86337,255.36337,265.1634,267.76337,269.0634,268.96338,269.76337,270.76337,269.86337,270.76337
251.36337,271.5634,279.96338,279.76337,280.1634,280.96338,277.86337,275.86337,274.26337,273.86337,273.46338,272.36337,272.6634,272.46338,272.26337,271.86337,272.6634,272.26337,271.46338,272.76337,272.86337,272.0634,269.5634,262.76337,244.66338,250.26338,257.86337,249.66338,254.46338,247.86337,255.46338,236.66338,255.36337,240.06339,251.86337,260.96338,266.46338,265.6634,269.0634,262.6634,267.26337
272.76337,278.46338,280.1634,280.36337,280.46338,274.86337,276.96338,273.1634,271.6634,272.0634,272.26337,271.5634,271.76337,271.5634,270.86337,270.26337,271.46338,269.6634,271.26337,271.46338,271.86337,270.86337,271.26337,267.96338,272.26337,269.46338,270.96338,269.86337,270.36337,258.0634,248.56339,250.66338,255.76338,255.36337,258.76337,261.0634,254.86337,256.86337,254.56339,255.36337,252.66338
273.86337,276.0634,278.1634,279.26337,277.6634,272.0634,272.5634,272.5634,272.1634,272.46338,273.1634,273.46338,281.1634,281.86337,272.1634,270.96338,270.46338,270.1634,268.76337,269.86337,269.76337,257.76337,269.76337,269.76337,270.26337,269.46338,268.1634,270.86337,269.36337,269.0634,269.6634,265.46338,268.1634,261.5634,260.86337,261.86337,255.76338,253.96338,260.1634,259.86337,258.6634
273.36337,272.36337,271.96338,272.46338,272.26337,272.26337,272.36337,272.5634,271.86337,271.86337,270.36337,270.36337,279.0634,279.0634,278.26337,270.6634,271.6634,271.6634,270.0634,268.6634,265.1634,267.5634,263.76337,264.6634,267.36337,263.36337,261.26337,263.96338,267.96338,268.96338,269.86337,269.36337,263.36337,246.36337,259.46338,260.76337,262.0634,260.26337,259.0634,260.6634,260.6634
276.0634,275.6634,273.0634,272.96338,272.1634,270.76337,273.26337,272.96338,272.0634,271.5634,269.76337,270.5634,278.0634,279.26337,271.6634,268.5634,268.0634,268.5634,266.1634,264.0634,260.1634,261.76337,260.6634,257.46338,258.5634,266.1634,260.26337,263.26337,264.0634,266.0634,266.1634,269.26337,270.46338,265.46338,269.5634,266.0634,263.1634,262.96338,260.46338,257.6634,257.36337
274.1634,274.46338,275.5634,275.76337,273.76337,274.5634,273.46338,272.36337,271.46338,270.86337,270.26337,268.96338,268.0634,266.26337,265.76337,266.96338,264.26337,262.26337,259.36337,257.0634,257.5634,252.96338,254.56339,255.86337,254.06339,259.26337,253.36337,256.0634,255.26338,257.1634,265.76337,263.36337,264.86337,266.6634,266.5634,266.0634,262.26337,262.6634,258.5634,257.36337,259.0634
273.86337,274.0634,273.36337,273.46338,273.46338,273.46338,273.36337,273.1634,272.0634,271.26337,270.1634,268.36337,266.6634,263.0634,262.26337,264.0634,260.76337,259.1634,258.76337,263.5634,260.1634,255.06339,250.06339,252.96338,255.46338,253.36337,253.96338,249.86337,251.06339,248.76338,251.96338,255.06339,257.76337,262.5634,266.46338,259.6634,254.76338,259.76337,261.1634,259.96338,258.26337
273.26337,273.26337,273.1634,273.1634,273.1634,273.1634,273.1634,273.1634,273.1634,271.6634,270.1634,268.5634,266.0634,265.0634,261.36337,260.6634,258.96338,257.86337,259.26337,262.6634,259.5634,248.66338,250.66338,247.56339,250.16338,251.66338,261.0634,252.26338,251.06339,251.86337,251.86337,257.1634,264.0634,264.46338,265.46338,261.96338,261.96338,259.6634,258.26337,252.56339,251.86337
273.1634,273.1634,273.1634,273.1634,273.1634,273.1634,273.1634,272.76337,272.26337,271.36337,269.86337,267.86337,267.36337,264.5634,262.1634,259.5634,258.5634,258.5634,257.46338,256.26337,256.6634,255.36337,251.36337,251.06339,248.86337,249.56339,251.16338,254.26338,256.26337,257.5634,262.26337,266.26337,268.36337,267.1634,263.86337,263.6634,264.6634,261.5634,258.5634,259.1634,252.56339
273.1634,273.1634,273.1634,273.1634,273.1634,273.1634,272.96338,272.86337,271.96338,271.1634,269.1634,267.1634,266.36337,264.26337,261.46338,260.46338,258.86337,259.96338,256.86337,255.26338,256.36337,253.16338,252.36337,252.06339,252.96338,253.26338,253.16338,256.76337,259.96338,262.5634,262.6634,265.46338,266.36337,267.86337,265.86337,266.5634,265.5634,261.26337,259.0634,261.86337,255.46338
273.1634,273.1634,273.1634,273.1634,272.96338,272.76337,272.46338,272.0634,271.5634,270.26337,267.86337,265.96338,264.76337,263.96338,262.76337,261.26337,261.76337,261.86337,260.5634,258.26337,256.36337,254.06339,252.36337,252.16338,254.66338,255.96338,257.46338,259.6634,261.0634,261.1634,261.86337,261.76337,266.36337,266.96338,266.96338,267.1634,269.26337,268.5634,267.46338,267.76337,265.0634
272.36337,272.96338,273.1634,273.1634,273.1634,272.96338,272.46338,270.6634,268.86337,268.5634,266.76337,264.36337,264.46338,263.76337,263.86337,263.76337,262.86337,262.5634,259.46338,259.6634,256.36337,256.1634,257.46338,256.46338,257.46338,257.26337,259.1634,257.1634,259.26337,260.86337,262.5634,264.96338,265.46338,268.1634,266.86337,266.76337,266.86337,269.1634,268.46338,269.5634,270.5634
266.76337,266.5634,269.1634,270.76337,271.0634,270.76337,269.96338,269.0634,269.0634,268.36337,266.96338,264.96338,262.5634,264.96338,264.46338,264.6634,262.96338,261.36337,258.96338,259.46338,257.0634,257.76337,258.26337,257.26337,256.46338,254.26338,254.76338,258.0634,259.5634,260.86337,262.1634,265.96338,266.36337,267.6634,267.26337,267.26337,267.36337,267.46338,267.96338,268.26337,269.86337
265.46338,266.36337,259.96338,269.5634,268.5634,269.36337,268.5634,269.5634,269.1634,268.6634,268.6634,266.36337,262.96338,263.26337,264.46338,263.46338,262.26337,260.6634,259.5634,259.0634,256.86337,256.26337,255.26338,255.06339,255.16338,255.66338,256.76337,257.6634,258.86337,260.76337,264.1634,266.36337,267.26337,267.96338,268.1634,267.6634,268.1634,267.36337,267.96338,268.46338,269.5634
