wind_kz.json
{"header": {"discipline":0,"disciplineName":"Meteorological products","gribEdition":2,"gribLength":948,"center":7,"centerName":"US National Weather Service - NCEP(WMC)","subcenter":0,"refTime":"2023-09-25T00:00:00.000Z","significanceOfRT":1,"significanceOfRTName":"Start of forecast","productStatus":0,"productStatusName":"Operational products","productType":1,"productTypeName":"Forecast products","productDefinitionTemplate":0,"productDefinitionTemplateName":"Analysis/forecast at horizontal level/layer at a point in time","parameterCategory":0,"parameterCategoryName":"UnknownDiscipline_0_Category_0","parameterNumber":0,"parameterNumberName":"UnknownParameter_D0_C0_0","parameterUnit":"Unknown","genProcessType":2,"genProcessTypeName":"Forecast","forecastTime":60,"surface1Type":1,"surface1TypeName":"Ground or water surface","surface1Value":0.0,"surface2Type":255,"surface2TypeName":"Missing","surface2Value":0.0,"gridDefinitionTemplate":0,"gridDefinitionTemplateName":"Latitude_Longitude","numberPoints":615,"shape":6,"shapeName":"Earth spherical with radius of 6,371,229.0 m","gridUnits":"degrees","resolution":48,"winds":"true","scanMode":64,"nx":41,"ny":15,"basicAngle":0,"lo1":47.0,"la1":41.0,"lo2":87.0,"la2":55.0,"dx":1.0,"dy":1.0}, "data":
[rows 0 to 14 of 15, columns 0 to 40 of 41]
303.74408,291.9441,298.5441,294.9441,294.4441,293.74408,304.9441,310.8441,307.1441,307.3441,305.0441,305.3441,304.5441,304.3441,303.8441,303.6441,303.9441,303.4441,304.5441,304.24408,305.3441,302.9441,302.8441,296.9441,299.24408,301.1441,294.1441,283.0441,281.9441,280.9441,279.8441,278.4441,289.6441,295.3441,296.0441,295.4441,296.0441,295.24408,294.6441,293.74408,292.0441
281.3441,297.6441,294.0441,294.1441,294.24408,293.6441,309.0441,306.3441,305.1441,304.74408,305.1441,304.0441,304.3441,302.9441,302.9441,303.1441,303.3441,303.6441,302.5441,302.9441,303.24408,302.4441,300.5441,291.24408,282.0441,282.4441,289.8441,283.4441,284.1441,277.0441,282.8441,271.24408,282.6441,255.34409,278.74408,291.5441,290.24408,291.8441,294.4441,286.9441,284.24408
300.4441,293.6441,294.0441,293.3441,291.9441,306.4441,305.0441,304.74408,303.9441,303.1441,302.74408,302.5441,301.6441,300.9441,302.4441,302.6441,301.8441,301.5441,301.6441,301.8441,303.1441,301.9441,302.0441,295.3441,298.3441,296.74408,296.8441,295.3441,294.0441,284.74408,275.4441,277.74408,282.74408,283.24408,284.1441,282.1441,274.24408,276.9441,277.5441,270.0441,268.6441
301.8441,292.8441,293.5441,292.9441,296.5441,305.24408,305.0441,304.24408,304.1441,304.24408,303.5441,301.8441,292.1441,291.3441,300.24408,302.9441,301.8441,301.8441,301.8441,301.1441,300.24408,297.3441,300.5441,300.3441,299.8441,300.1441,300.4441,296.3441,293.5441,294.24408,294.9441,291.5441,295.6441,292.3441,291.3441,285.8441,273.5441,262.4441,278.1441,286.0441,289.1441
302.1441,292.4441,292.74408,292.3441,297.5441,304.3441,305.5441,304.9441,302.8441,302.9441,302.9441,302.9441,291.4441,290.6441,288.74408,302.74408,302.4441,301.0441,300.1441,300.0441,301.0441,301.3441,300.24408,299.8441,299.5441,299.0441,296.6441,294.0441,296.4441,294.9441,296.0441,291.8441,281.0441,268.9441,282.4441,289.74408,291.74408,292.0441,292.1441,291.24408,289.8441
303.9441,302.5441,291.8441,292.8441,293.3441,293.3441,305.3441,305.9441,302.5441,302.74408,302.5441,302.24408,292.6441,292.1441,296.24408,300.8441,301.74408,301.1441,300.1441,300.6441,300.8441,299.74408,299.3441,298.9441,298.3441,296.24408,296.24408,288.9441,296.5441,295.74408,292.8441,293.0441,291.4441,289.1441,285.9441,288.9441,281.4441,284.1441,288.3441,288.6441,288.5441
306.5441,306.6441,306.6441,306.8441,302.1441,304.5441,304.4441,302.74408,303.24408,303.0441,301.9441,301.1441,299.9441,300.4441,299.9441,300.24408,299.6441,298.0441,293.5441,294.6441,295.3441,294.8441,296.4441,298.6441,294.8441,293.6441,293.4441,294.1441,295.74408,296.1441,294.4441,293.24408,291.0441,290.5441,287.9441,285.6441,279.6441,276.74408,268.4441,272.1441,283.0441
307.24408,307.74408,307.3441,306.0441,305.4441,303.9441,303.0441,301.9441,301.6441,300.9441,300.4441,300.3441,299.0441,298.24408,298.4441,298.5441,297.74408,298.0441,297.5441,291.5441,293.8441,294.4441,292.5441,293.6441,291.8441,289.0441,288.6441,290.1441,290.74408,292.74408,291.4441,291.8441,289.3441,284.5441,283.24408,284.1441,283.5441,286.9441,281.6441,280.9441,275.8441
307.3441,304.74408,299.5441,302.3441,301.0441,300.6441,300.24408,300.1441,299.9441,299.6441,298.6441,298.3441,296.9441,297.0441,296.1441,296.9441,296.1441,296.5441,296.0441,293.4441,290.5441,291.74408,293.24408,291.5441,289.5441,290.24408,288.5441,287.5441,287.24408,285.9441,286.74408,288.1441,287.9441,285.24408,283.5441,280.8441,279.8441,278.3441,260.6441,263.8441,260.5441
303.3441,301.24408,302.3441,301.3441,301.4441,300.4441,299.1441,298.9441,298.74408,298.6441,297.24408,296.1441,295.74408,294.4441,294.3441,294.3441,294.74408,294.5441,293.3441,292.0441,291.6441,292.9441,292.5441,290.8441,291.4441,289.6441,290.4441,289.24408,288.74408,288.6441,288.8441,289.24408,287.9441,285.5441,283.4441,280.9441,277.8441,272.24408,270.8441,265.8441,262.9441
301.5441,301.8441,300.8441,298.6441,298.74408,298.8441,298.8441,298.4441,297.3441,296.5441,295.3441,293.74408,294.0441,292.74408,292.5441,293.1441,292.74408,293.0441,292.5441,287.1441,291.4441,292.1441,290.24408,291.5441,290.4441,289.6441,286.9441,287.74408,288.8441,290.1441,291.74408,289.3441,288.1441,286.3441,284.74408,279.74408,272.1441,269.9441,270.24408,270.8441,268.5441
299.8441,298.9441,297.4441,298.5441,297.3441,296.5441,295.6441,294.6441,295.3441,294.24408,291.24408,291.1441,291.74408,290.0441,290.0441,290.74408,291.0441,291.4441,291.6441,291.24408,290.74408,289.0441,289.24408,289.9441,289.4441,289.6441,290.5441,290.74408,291.8441,291.9441,290.3441,288.4441,287.4441,283.74408,283.5441,281.0441,279.74408,278.24408,277.0441,277.74408,277.24408
295.3441,296.74408,296.9441,295.4441,295.0441,294.0441,293.6441,293.9441,293.24408,291.74408,288.4441,287.3441,290.3441,288.5441,288.6441,288.4441,288.5441,288.6441,290.1441,289.6441,290.0441,288.4441,287.4441,287.0441,287.74408,288.8441,289.8441,289.24408,288.6441,287.9441,287.74408,287.1441,284.24408,282.5441,283.1441,281.9441,280.1441,281.3441,278.74408,277.8441,275.0441
295.6441,295.74408,291.0441,294.4441,293.4441,292.24408,291.4441,290.1441,290.8441,290.3441,287.0441,284.8441,287.6441,288.1441,287.8441,287.74408,287.4441,287.3441,288.1441,288.8441,289.5441,289.24408,290.0441,289.0441,288.8441,288.8441,288.0441,287.5441,286.5441,286.0441,285.4441,283.8441,284.1441,281.74408,283.0441,280.6441,280.74408,280.24408,279.1441,276.24408,276.74408
292.8441,294.8441,287.1441,292.74408,292.24408,291.5441,290.8441,290.24408,290.74408,290.4441,289.24408,287.1441,285.0441,285.9441,286.6441,288.0441,287.4441,287.0441,287.8441,287.5441,288.1441,287.9441,288.4441,288.1441,287.6441,286.9441,286.1441,285.24408,285.3441,284.24408,283.0441,283.6441,282.5441,280.1441,279.6441,279.6441,282.4441,280.9441,280.74408,279.8441,278.9441
