wind_kz.json
{"header": {"discipline":0,"disciplineName":"Meteorological products","gribEdition":2,"gribLength":1025,"center":7,"centerName":"US National Weather Service - NCEP(WMC)","subcenter":0,"refTime":"2023-09-09T12:00:00.000Z","significanceOfRT":1,"significanceOfRTName":"Start of forecast","productStatus":0,"productStatusName":"Operational products","productType":1,"productTypeName":"Forecast products","productDefinitionTemplate":0,"productDefinitionTemplateName":"Analysis/forecast at horizontal level/layer at a point in time","parameterCategory":2,"parameterCategoryName":"UnknownDiscipline_0_Category_2","parameterNumber":2,"parameterNumberName":"UnknownParameter_D0_C2_2","parameterUnit":"Unknown","genProcessType":2,"genProcessTypeName":"Forecast","forecastTime":120,"surface1Type":103,"surface1TypeName":"Specified height level above ground","surface1Value":10.0,"surface2Type":255,"surface2TypeName":"Missing","surface2Value":0.0,"gridDefinitionTemplate":0,"gridDefinitionTemplateName":"Latitude_Longitude","numberPoints":615,"shape":6,"shapeName":"Earth spherical with radius of 6,371,229.0 m","gridUnits":"degrees","resolution":48,"winds":"true","scanMode":64,"nx":41,"ny":15,"basicAngle":0,"lo1":47.0,"la1":41.0,"lo2":87.0,"la2":55.0,"dx":1.0,"dy":1.0}, "data":
[rows 0 to 14 of 15, columns 0 to 40 of 41]
-0.35576415,1.1342359,-2.8257642,-3.2757642,-2.685764,0.95423585,-1.8957641,-3.3857641,-4.4157643,-3.0557642,-3.3657641,-3.3257642,-3.935764,-5.2457643,-3.9957643,-3.7457643,-3.0657642,-2.6157641,-2.5357642,-1.2257642,0.62423587,-0.05576416,2.804236,3.1342359,3.2742357,4.964236,4.424236,4.054236,3.2342358,1.8642359,2.834236,-0.20576416,-1.7757641,-3.895764,-3.175764,-3.195764,-3.5157642,-3.665764,-3.715764,-3.2957642,-3.0457642
0.8042358,-5.015764,-3.0157642,-1.4757642,-1.3257642,1.4942359,-2.435764,-2.4757643,-1.7957642,-1.8657641,-0.55576414,-1.3957641,-3.0657642,-3.415764,-3.185764,-2.2857642,-0.85576415,-0.67576414,0.22423583,1.4642358,2.2142358,2.574236,3.094236,2.2442358,3.2442358,-0.19576415,1.4242358,3.594236,3.9842358,3.354236,1.3542359,1.0042359,1.6942358,-1.5057641,0.37423584,-2.0457642,-1.3557642,-0.5057642,0.78423584,-0.86576414,0.01423584
-0.54576415,-2.685764,3.094236,3.9442358,1.8042358,4.5842357,2.2742357,-0.55576414,0.37423584,0.23423584,0.52423584,0.82423586,1.5842358,-0.41576415,0.39423585,1.4842359,1.6942358,2.0042357,1.8942358,2.594236,3.6942358,5.944236,6.5242357,4.284236,0.7442358,2.2542357,2.0142357,3.4342358,5.5042357,-0.27576417,0.064235836,-2.5357642,0.064235836,0.39423585,-4.865764,-1.0657642,-0.03576416,-1.3557642,5.034236,5.154236,7.2942357
-5.4757643,-3.5157642,-3.215764,-2.935764,2.1742358,1.2042358,8.004236,3.074236,4.414236,3.074236,3.1242359,3.814236,-2.215764,0.77423584,2.6842358,2.4142358,2.594236,1.9942359,2.4442358,2.814236,2.7042358,-0.40576416,2.3742359,0.9242358,-0.5757642,0.46423584,0.9842358,-3.2857642,-4.2057643,-1.2257642,2.044236,4.1042356,5.964236,3.7242358,1.7142358,1.7842358,0.63423586,2.8742359,-2.0957642,-3.155764,-2.2657642
0.21423584,-0.7557642,1.3542359,1.3842359,2.8842359,5.984236,6.5442357,5.3942356,6.714236,5.384236,7.284236,5.514236,1.0842358,2.4242358,3.4142358,5.474236,2.1942358,1.5442358,0.15423584,0.13423584,0.57423586,0.9342358,2.104236,0.53423584,0.52423584,0.47423583,-3.645764,0.97423583,-4.365764,-3.435764,-3.2857642,-2.2557642,1.1542358,3.6342359,-2.5857642,-2.2257643,5.164236,-2.405764,-2.6257641,-0.04576416,0.11423584
5.424236,5.3742356,4.484236,3.7142358,5.994236,6.594236,6.304236,7.324236,7.664236,4.3942356,5.8542356,6.2742357,5.074236,3.7542357,4.714236,3.584236,3.2342358,3.2242358,1.6742358,2.3842359,2.6242359,2.8942358,1.8842359,1.9142358,2.294236,2.4342358,0.07423584,-0.28576416,-0.41576415,1.8542359,1.0142359,-0.14576416,-1.0657642,0.56423587,-0.73576415,3.5042357,-2.175764,1.6542358,7.0842357,-0.43576416,-1.6057642
4.174236,7.324236,6.424236,8.044236,7.174236,6.234236,6.244236,6.454236,3.4142358,5.174236,4.7542357,6.034236,5.0642357,3.6642358,3.6842358,4.1242356,1.4242358,0.72423583,1.9142358,3.1142359,1.1642358,1.7442359,2.4342358,2.104236,4.574236,3.6442358,4.214236,3.564236,4.264236,4.034236,2.1142359,2.1542358,0.09423584,0.77423584,3.7442358,1.5442358,1.3642359,2.9142358,4.554236,0.82423586,-1.7657641
4.014236,3.2442358,2.9042358,6.1042356,7.414236,7.474236,3.6842358,5.164236,4.714236,3.8642359,4.194236,5.3742356,5.904236,3.4042358,4.7542357,1.3342358,-1.8957641,0.43423584,2.1242359,2.6542358,2.9442358,1.3942358,3.094236,2.4242358,3.104236,3.344236,3.9642358,3.7642357,5.194236,3.334236,5.1442356,4.994236,3.8842359,3.6642358,1.5842358,4.654236,1.4942359,2.6842358,2.1442358,1.6242359,3.3642359
1.4642358,1.4242358,5.324236,6.224236,6.074236,2.604236,4.1442356,3.284236,0.95423585,4.6042356,4.424236,4.6042356,5.6242356,0.22423583,2.4142358,0.48423585,0.35423583,0.64423585,0.09423584,2.0242357,2.104236,1.2742358,1.9242358,1.6242359,2.574236,4.704236,4.3942356,4.3142357,5.594236,5.474236,4.824236,3.4642358,2.1242359,1.6042359,2.2142358,0.66423583,2.1442358,2.1642358,1.0142359,-0.14576416,0.41423583
-1.5257641,-0.55576414,-0.15576416,1.3742359,2.3942358,1.8942358,5.0042357,-0.44576415,4.614236,4.744236,4.0042357,3.844236,1.9842359,5.114236,0.14423583,0.00423584,-0.38576415,0.36423585,-0.09576416,1.2842358,1.6242359,1.1442358,2.6642358,3.7742357,3.534236,3.7342358,4.074236,4.664236,4.734236,4.724236,3.054236,2.0142357,1.1142359,3.294236,2.6142359,1.8442359,0.25423583,-0.9557642,1.5842358,1.6942358,1.8442359
-2.6257641,-0.9457642,-3.2957642,-0.9457642,-3.0057642,-0.7057642,0.22423583,1.3642359,-3.3057642,-3.3157642,-2.3557642,-1.6157641,-0.23576416,4.2542357,-2.925764,-1.2057642,1.2342359,1.9042358,-3.685764,0.16423585,1.9042358,2.8642359,4.264236,3.9942358,3.3742359,3.3642359,3.9142358,3.314236,3.354236,4.714236,3.9242358,4.094236,2.1742358,2.844236,2.6642358,1.7342359,0.81423587,1.3442359,1.5042359,1.1142359,0.21423584
-3.3357642,-3.195764,-2.3557642,-4.405764,-6.235764,-5.155764,-3.955764,-5.3557644,-2.645764,-1.9157642,-1.1157641,-2.9957643,-4.195764,-3.215764,-1.5657642,0.38423583,-2.0757642,-0.38576415,0.89423585,2.834236,2.324236,2.3842359,1.8942358,2.1442358,2.294236,2.564236,3.054236,5.224236,5.0042357,3.6542358,3.7142358,3.9942358,2.2242358,0.31423584,0.83423585,2.9142358,-1.9657642,-0.23576416,1.4942359,1.6842358,0.96423584
-2.7857642,-3.7957642,-2.215764,-3.3757641,-4.8557644,-4.865764,-6.035764,-5.285764,-4.7457643,-2.405764,-0.33576417,-1.7957642,-2.175764,-1.4957641,-0.85576415,-1.0457642,1.8442359,4.3342357,-2.6357641,0.95423585,2.304236,1.8342358,1.3642359,0.64423585,0.64423585,2.5142357,2.6542358,1.6142359,1.4542358,2.6242359,2.1442358,1.6842358,-1.1757642,-0.96576416,-0.6357642,-1.5857642,-0.67576414,0.38423583,1.7642359,1.3342358,0.48423585
-2.955764,-2.7257643,-2.4757643,-2.2957642,-2.185764,-4.3957644,-4.135764,-4.345764,-4.025764,-2.455764,-1.8057642,-2.205764,-2.2457643,-0.6357642,1.9342358,2.324236,1.0642358,-3.445764,-1.6157641,1.6542358,2.4542358,0.25423583,-0.35576415,0.00423584,-0.18576416,-0.65576416,0.04423584,-0.42576417,-1.4557642,-2.4957643,-3.3257642,-3.0457642,-2.4957643,-1.9957641,-1.5057641,-0.91576415,0.27423584,1.4842359,1.2842358,-0.43576416,0.36423585
-1.8957641,-2.7657642,-2.1357641,-3.145764,-2.915764,-2.8257642,-2.6057642,-2.3657641,-2.145764,-1.8857641,-1.8557642,-1.6557641,-0.09576416,-0.85576415,-0.14576416,-1.1357641,-1.7357641,-1.1357641,0.29423583,2.564236,-0.19576415,-2.9757643,-0.40576416,-1.5957642,-1.6357641,-1.0057641,-2.0157642,-3.4857643,-3.205764,-2.7657642,-3.0857642,-2.2957642,-1.8857641,-1.9257642,-1.9257642,-1.0357642,0.00423584,-1.1657642,0.19423585,1.4142358,-2.8657641
