wind_kz.json
{"header": {"discipline":0,"disciplineName":"Meteorological products","gribEdition":2,"gribLength":871,"center":7,"centerName":"US National Weather Service - NCEP(WMC)","subcenter":0,"refTime":"2025-04-06T06:00:00.000Z","significanceOfRT":1,"significanceOfRTName":"Start of forecast","productStatus":0,"productStatusName":"Operational products","productType":1,"productTypeName":"Forecast products","productDefinitionTemplate":0,"productDefinitionTemplateName":"Analysis/forecast at horizontal level/layer at a point in time","parameterCategory":0,"parameterCategoryName":"UnknownDiscipline_0_Category_0","parameterNumber":0,"parameterNumberName":"UnknownParameter_D0_C0_0","parameterUnit":"Unknown","genProcessType":2,"genProcessTypeName":"Forecast","forecastTime":0,"surface1Type":1,"surface1TypeName":"Ground or water surface","surface1Value":0.0,"surface2Type":255,"surface2TypeName":"Missing","surface2Value":0.0,"gridDefinitionTemplate":0,"gridDefinitionTemplateName":"Latitude_Longitude","numberPoints":615,"shape":6,"shapeName":"Earth spherical with radius of 6,371,229.0 m","gridUnits":"degrees","resolution":48,"winds":"true","scanMode":64,"nx":41,"ny":15,"basicAngle":0,"lo1":47.0,"la1":41.0,"lo2":87.0,"la2":55.0,"dx":1.0,"dy":1.0}, "data":
[rows 0 to 14 of 15, columns 0 to 40 of 41]
297.40002,288.80002,293.30002,282.10004,282.80002,283.40002,294.00003,303.60004,301.90002,304.7,304.7,306.2,307.00003,307.2,299.2,301.40002,295.30002,294.00003,296.50003,300.2,302.10004,298.90002,297.7,294.30002,299.00003,300.00003,298.00003,276.7,276.80002,273.40002,280.7,282.10004,300.00003,308.50003,308.40002,306.00003,304.2,301.2,307.00003,301.90002,309.50003
270.30002,293.90002,281.50003,281.7,282.40002,282.80002,299.90002,299.60004,300.30002,301.80002,305.7,304.60004,306.80002,306.50003,303.7,298.10004,294.40002,297.40002,293.80002,293.50003,293.2,303.00003,294.00003,289.60004,273.40002,275.10004,291.7,275.50003,288.40002,275.80002,273.60004,273.30002,277.90002,262.30002,272.10004,302.80002,299.80002,298.50003,301.50003,289.7,281.2
294.60004,280.2,281.2,281.7,281.80002,293.10004,296.7,298.00003,300.60004,301.10004,300.50003,291.80002,294.10004,298.50003,295.80002,293.10004,292.30002,295.7,298.10004,301.80002,297.40002,296.90002,296.00003,293.60004,298.00003,295.7,296.30002,296.50003,297.50003,289.30002,273.2,276.10004,293.30002,293.60004,291.60004,294.60004,274.10004,273.30002,273.40002,273.90002,275.10004
293.00003,280.60004,280.00003,281.30002,285.60004,290.30002,293.90002,297.40002,299.7,298.10004,297.10004,293.30002,285.10004,285.90002,294.50003,299.30002,299.40002,299.80002,298.00003,301.30002,304.50003,300.00003,302.90002,304.90002,303.40002,300.90002,301.10004,300.10004,301.50003,302.2,301.80002,300.00003,304.50003,307.2,302.00003,294.7,273.50003,272.90002,276.40002,284.80002,283.2
289.60004,280.90002,280.7,281.30002,285.7,292.2,295.40002,293.60004,294.60004,289.60004,289.40002,286.90002,283.7,283.2,280.80002,297.40002,300.60004,302.40002,304.2,304.40002,304.80002,304.80002,303.90002,304.90002,303.60004,303.10004,301.30002,292.90002,302.50003,302.00003,302.60004,300.30002,285.00003,273.00003,293.30002,302.00003,295.60004,304.30002,300.10004,296.60004,297.50003
287.2,290.00003,281.00003,280.7,279.90002,279.40002,286.30002,287.00003,287.00003,286.80002,287.60004,288.30002,282.60004,282.2,289.80002,298.00003,298.90002,298.40002,299.60004,302.50003,302.30002,301.7,302.90002,299.50003,300.60004,298.80002,297.2,273.10004,298.30002,298.7,300.40002,299.80002,301.2,299.90002,293.00003,291.30002,287.90002,287.2,301.60004,303.30002,292.50003
287.7,285.60004,286.30002,284.60004,283.90002,288.2,290.10004,289.7,289.7,289.80002,289.30002,289.80002,292.2,290.30002,292.7,294.80002,295.10004,295.90002,297.80002,296.10004,296.00003,296.10004,294.80002,295.60004,291.10004,291.80002,295.10004,296.90002,299.00003,299.7,298.90002,300.2,303.00003,297.2,294.7,295.7,280.60004,287.7,274.10004,280.10004,293.00003
286.10004,287.40002,288.2,287.50003,288.60004,290.50003,295.40002,293.50003,294.90002,291.2,288.80002,289.50003,290.40002,290.2,292.30002,294.00003,295.40002,293.90002,293.00003,292.30002,290.7,294.60004,293.30002,294.50003,293.00003,292.2,293.00003,293.40002,291.80002,293.40002,290.90002,295.00003,292.80002,280.40002,285.90002,295.00003,296.60004,273.2,296.50003,296.2,293.40002
288.10004,293.7,291.7,294.10004,293.60004,295.10004,293.60004,293.10004,292.90002,293.50003,293.7,292.60004,292.2,293.30002,293.50003,295.80002,295.30002,295.80002,293.00003,293.40002,291.2,290.7,292.2,292.50003,291.50003,290.00003,285.50003,287.80002,290.10004,288.7,289.50003,289.40002,293.50003,293.2,294.90002,283.2,274.7,276.30002,273.2,273.7,273.7
293.7,293.10004,296.40002,296.60004,294.60004,295.40002,295.50003,294.90002,294.60004,293.80002,292.7,292.80002,295.10004,294.60004,293.2,287.10004,294.60004,296.00003,295.40002,294.40002,291.90002,293.50003,293.90002,293.00003,292.7,291.80002,291.80002,290.90002,289.50003,290.30002,292.00003,295.10004,295.50003,292.7,291.40002,288.80002,283.50003,278.10004,275.40002,279.60004,279.2
290.60004,294.40002,288.90002,290.00003,294.00003,288.30002,289.2,295.2,294.30002,291.90002,288.90002,294.60004,296.50003,294.80002,296.2,296.30002,295.00003,296.10004,294.2,292.40002,292.40002,292.80002,292.00003,288.10004,289.50003,291.10004,289.10004,290.2,293.30002,295.00003,295.40002,295.30002,294.30002,291.10004,291.50003,283.00003,281.10004,282.2,286.90002,286.50003,282.00003
291.7,291.90002,284.60004,285.30002,291.00003,292.50003,288.00003,290.90002,292.40002,290.50003,290.50003,287.60004,289.2,293.30002,294.90002,293.90002,294.90002,294.30002,293.50003,292.40002,289.80002,285.30002,284.50003,285.00003,285.60004,290.30002,290.40002,290.10004,291.10004,290.40002,293.7,293.10004,292.7,290.2,289.30002,288.00003,288.2,288.10004,287.90002,286.40002,287.60004
287.30002,289.90002,290.10004,290.50003,290.2,289.90002,291.2,290.80002,290.50003,290.7,286.2,289.30002,291.50003,291.80002,293.60004,294.2,294.2,293.30002,293.10004,290.50003,290.10004,287.60004,287.80002,287.40002,288.40002,290.90002,291.80002,291.10004,290.60004,291.60004,292.10004,291.90002,291.7,290.60004,290.00003,289.30002,287.00003,286.50003,281.00003,282.00003,284.40002
286.50003,285.90002,279.00003,287.60004,286.90002,287.50003,281.7,281.80002,289.50003,288.60004,284.00003,284.2,289.40002,291.60004,293.2,293.40002,291.30002,291.90002,292.2,289.90002,289.90002,290.00003,290.00003,287.40002,290.50003,290.00003,288.40002,288.60004,288.00003,287.80002,288.00003,287.80002,287.80002,286.10004,286.7,283.30002,283.2,282.2,281.40002,281.60004,283.10004
278.2,278.10004,273.2,280.00003,279.60004,279.30002,281.90002,281.40002,285.80002,283.30002,278.80002,286.90002,284.60004,287.50003,289.30002,289.40002,288.40002,284.00003,286.60004,284.40002,288.80002,288.90002,285.80002,286.40002,286.50003,288.10004,288.2,284.00003,284.90002,287.00003,280.30002,279.60004,284.7,283.2,284.00003,283.50003,285.50003,282.60004,284.40002,281.40002,280.50003
