wind_kz.json
{"header": {"discipline":0,"disciplineName":"Meteorological products","gribEdition":2,"gribLength":871,"center":7,"centerName":"US National Weather Service - NCEP(WMC)","subcenter":0,"refTime":"2024-04-06T18:00:00.000Z","significanceOfRT":1,"significanceOfRTName":"Start of forecast","productStatus":0,"productStatusName":"Operational products","productType":1,"productTypeName":"Forecast products","productDefinitionTemplate":0,"productDefinitionTemplateName":"Analysis/forecast at horizontal level/layer at a point in time","parameterCategory":0,"parameterCategoryName":"UnknownDiscipline_0_Category_0","parameterNumber":0,"parameterNumberName":"UnknownParameter_D0_C0_0","parameterUnit":"Unknown","genProcessType":2,"genProcessTypeName":"Forecast","forecastTime":240,"surface1Type":1,"surface1TypeName":"Ground or water surface","surface1Value":0.0,"surface2Type":255,"surface2TypeName":"Missing","surface2Value":0.0,"gridDefinitionTemplate":0,"gridDefinitionTemplateName":"Latitude_Longitude","numberPoints":615,"shape":6,"shapeName":"Earth spherical with radius of 6,371,229.0 m","gridUnits":"degrees","resolution":48,"winds":"true","scanMode":64,"nx":41,"ny":15,"basicAngle":0,"lo1":47.0,"la1":41.0,"lo2":87.0,"la2":55.0,"dx":1.0,"dy":1.0}, "data":
[rows 0 to 14 of 15, columns 0 to 40 of 41]
286.8764,277.2764,283.47638,282.2764,283.1764,284.1764,287.6764,291.7764,291.3764,291.97638,289.6764,290.7764,289.97638,290.2764,290.8764,289.8764,290.47638,289.2764,291.6764,287.7764,289.97638,288.0764,286.6764,284.0764,288.97638,292.0764,285.8764,276.0764,276.8764,272.3764,268.0764,266.0764,283.5764,290.97638,289.97638,291.1764,290.5764,290.6764,290.2764,289.8764,289.1764
263.7764,284.5764,282.47638,282.6764,282.8764,283.1764,291.97638,290.2764,289.2764,288.7764,288.5764,288.2764,288.1764,287.47638,289.1764,288.97638,289.5764,289.6764,289.2764,289.7764,289.7764,286.97638,282.47638,278.97638,269.7764,273.0764,282.2764,275.5764,280.47638,268.7764,276.2764,259.5764,276.6764,263.0764,264.5764,287.6764,286.1764,287.2764,288.7764,282.3764,279.1764
284.8764,282.0764,282.0764,282.47638,282.7764,288.47638,289.8764,290.0764,288.8764,287.5764,287.2764,287.5764,287.0764,286.47638,286.6764,287.8764,287.47638,287.6764,288.1764,288.6764,289.7764,287.6764,286.47638,280.1764,287.1764,284.7764,285.7764,286.97638,284.97638,278.7764,270.3764,273.2764,278.2764,280.3764,281.0764,280.7764,270.5764,277.47638,277.2764,271.1764,266.97638
285.8764,283.47638,282.1764,282.1764,283.7764,290.0764,291.2764,289.7764,289.1764,287.8764,287.6764,285.97638,285.7764,286.3764,285.5764,286.7764,286.3764,287.97638,289.47638,288.2764,286.8764,284.3764,287.5764,290.1764,290.47638,289.47638,290.0764,287.97638,287.2764,287.2764,286.0764,284.97638,289.97638,289.8764,286.8764,283.8764,272.2764,261.3764,276.0764,282.6764,284.6764
286.0764,284.3764,282.97638,283.97638,285.97638,290.47638,291.1764,290.1764,288.3764,288.0764,287.6764,286.6764,285.2764,285.0764,283.3764,285.1764,286.5764,286.47638,285.7764,286.0764,287.97638,287.7764,289.1764,288.1764,288.0764,289.0764,286.8764,284.8764,290.1764,289.7764,290.0764,285.97638,275.7764,266.5764,279.6764,287.0764,284.97638,290.2764,290.3764,288.6764,287.8764
287.2764,286.6764,284.1764,283.2764,281.7764,282.3764,289.3764,291.0764,288.7764,287.47638,287.8764,287.6764,284.5764,284.5764,279.1764,285.6764,287.2764,285.7764,286.1764,287.3764,284.5764,284.5764,286.3764,288.0764,284.97638,286.5764,288.97638,271.97638,288.7764,288.97638,288.2764,288.5764,286.7764,286.3764,284.0764,281.6764,278.97638,279.8764,286.8764,287.2764,287.0764
288.0764,288.7764,290.47638,290.0764,286.5764,288.8764,290.0764,289.2764,288.3764,288.1764,286.47638,285.2764,285.5764,288.47638,287.47638,286.7764,286.2764,287.5764,285.0764,284.3764,285.47638,284.5764,285.3764,286.97638,286.3764,286.6764,286.5764,287.5764,286.2764,286.47638,286.7764,287.1764,288.0764,287.7764,286.5764,284.97638,280.2764,276.3764,273.1764,274.2764,282.8764
289.1764,289.7764,291.97638,292.5764,291.3764,289.5764,289.0764,285.7764,283.0764,286.5764,285.3764,284.3764,286.8764,284.5764,287.0764,286.97638,285.8764,285.8764,284.1764,282.1764,282.8764,283.3764,284.1764,284.3764,285.7764,284.3764,284.47638,285.5764,284.6764,286.2764,285.6764,286.0764,285.47638,281.8764,282.8764,283.5764,284.6764,272.7764,284.3764,284.47638,282.0764
289.0764,288.3764,290.7764,290.6764,290.6764,288.7764,286.5764,284.1764,282.6764,281.0764,283.1764,282.7764,282.47638,285.6764,285.6764,286.0764,284.47638,282.47638,282.8764,284.6764,280.5764,281.6764,283.1764,281.6764,281.7764,284.2764,282.7764,282.5764,282.47638,282.2764,282.1764,283.0764,284.5764,284.0764,282.3764,280.5764,280.97638,280.47638,271.8764,269.3764,264.97638
288.5764,288.5764,287.6764,287.47638,288.5764,286.47638,286.8764,284.1764,282.7764,282.2764,281.5764,283.8764,282.7764,283.47638,285.1764,286.1764,281.6764,281.8764,281.2764,281.2764,282.97638,281.3764,284.1764,281.5764,281.8764,281.97638,284.1764,283.8764,283.3764,283.6764,283.97638,285.5764,286.2764,284.7764,283.3764,283.0764,280.0764,275.1764,272.47638,272.2764,272.1764
287.97638,288.5764,287.8764,287.97638,288.0764,287.0764,286.47638,285.2764,283.1764,282.2764,282.1764,282.47638,284.8764,284.6764,284.1764,285.47638,281.5764,281.47638,280.8764,280.8764,281.1764,281.7764,284.7764,283.97638,283.1764,282.5764,282.47638,285.0764,285.97638,286.1764,286.3764,285.8764,286.47638,285.5764,287.47638,284.5764,277.3764,274.7764,276.7764,277.5764,274.0764
287.2764,288.3764,288.6764,289.5764,289.0764,287.1764,287.5764,286.8764,285.8764,284.2764,281.47638,282.1764,282.6764,283.97638,284.47638,283.47638,281.5764,279.0764,279.3764,279.8764,279.6764,279.47638,280.8764,283.47638,282.5764,283.6764,283.1764,285.3764,286.6764,286.8764,285.7764,285.1764,284.5764,283.1764,284.0764,283.8764,282.8764,281.47638,279.5764,280.0764,281.0764
286.8764,286.8764,287.6764,288.8764,286.7764,286.2764,287.0764,286.1764,285.7764,284.97638,282.5764,281.8764,283.47638,283.5764,284.1764,282.6764,280.1764,277.97638,278.7764,280.47638,282.3764,279.97638,279.5764,280.6764,284.5764,284.2764,283.7764,283.7764,284.2764,284.3764,284.6764,284.0764,285.2764,283.5764,282.5764,281.1764,279.3764,279.5764,278.2764,277.3764,278.6764
283.8764,284.8764,278.47638,284.6764,284.3764,283.97638,283.8764,283.2764,284.47638,282.8764,283.3764,281.47638,281.97638,282.6764,282.7764,281.7764,280.2764,278.8764,278.97638,279.1764,282.5764,283.1764,282.0764,282.7764,283.0764,284.8764,285.8764,285.6764,285.2764,282.97638,282.6764,281.7764,280.6764,279.1764,278.2764,275.7764,275.2764,275.7764,275.3764,275.47638,274.1764
282.1764,281.97638,272.5764,280.6764,280.8764,280.47638,280.97638,279.6764,280.1764,281.6764,282.47638,282.0764,280.7764,280.5764,281.7764,280.1764,279.0764,276.5764,276.3764,278.0764,279.97638,281.2764,280.2764,280.5764,280.1764,279.6764,279.47638,279.47638,278.6764,278.1764,277.0764,275.97638,277.2764,276.47638,275.47638,273.97638,275.97638,275.5764,274.8764,274.2764,273.47638
