wind_kz.json
{"header": {"discipline":0,"disciplineName":"Meteorological products","gribEdition":2,"gribLength":1025,"center":7,"centerName":"US National Weather Service - NCEP(WMC)","subcenter":0,"refTime":"2023-09-10T12:00:00.000Z","significanceOfRT":1,"significanceOfRTName":"Start of forecast","productStatus":0,"productStatusName":"Operational products","productType":1,"productTypeName":"Forecast products","productDefinitionTemplate":0,"productDefinitionTemplateName":"Analysis/forecast at horizontal level/layer at a point in time","parameterCategory":2,"parameterCategoryName":"UnknownDiscipline_0_Category_2","parameterNumber":3,"parameterNumberName":"UnknownParameter_D0_C2_3","parameterUnit":"Unknown","genProcessType":2,"genProcessTypeName":"Forecast","forecastTime":240,"surface1Type":103,"surface1TypeName":"Specified height level above ground","surface1Value":10.0,"surface2Type":255,"surface2TypeName":"Missing","surface2Value":0.0,"gridDefinitionTemplate":0,"gridDefinitionTemplateName":"Latitude_Longitude","numberPoints":615,"shape":6,"shapeName":"Earth spherical with radius of 6,371,229.0 m","gridUnits":"degrees","resolution":48,"winds":"true","scanMode":64,"nx":41,"ny":15,"basicAngle":0,"lo1":47.0,"la1":41.0,"lo2":87.0,"la2":55.0,"dx":1.0,"dy":1.0}, "data":
[rows 0 to 14 of 15, columns 0 to 40 of 41]
-0.081604004,0.928396,-2.501604,-4.841604,-5.041604,-2.471604,2.798396,3.418396,3.388396,1.178396,-0.511604,-0.771604,-0.41160402,-2.751604,-3.321604,-4.141604,-3.511604,-4.191604,-5.011604,-4.141604,-4.001604,-2.081604,-2.571604,2.278396,3.738396,1.2283959,0.818396,1.738396,-3.141604,-2.111604,-2.261604,2.188396,-0.811604,0.058395997,-2.461604,-2.411604,0.12839599,-0.841604,-0.621604,-7.681604,1.508396
2.018396,0.858396,0.548396,-2.971604,-8.201604,-8.241604,-2.741604,-0.23160401,-0.091604,-1.141604,-0.611604,-1.731604,-1.351604,-1.471604,-3.711604,-3.191604,-3.421604,-3.671604,-4.031604,-4.991604,-5.591604,-3.261604,-2.671604,-2.081604,2.008396,2.348396,1.668396,-0.911604,-1.011604,-1.941604,-0.421604,-1.451604,-2.121604,-3.071604,-0.901604,0.938396,-0.331604,0.94839597,1.358396,1.128396,3.438396
-0.511604,2.988396,0.288396,-1.0216041,-1.421604,-2.461604,-3.041604,-2.011604,1.918396,1.248396,0.658396,1.608396,0.228396,-0.591604,-2.671604,-4.031604,-4.271604,-4.861604,-4.581604,-2.821604,-5.141604,-5.471604,-3.531604,-2.441604,-4.521604,-2.591604,-3.451604,-3.601604,0.318396,-2.741604,-0.681604,-1.141604,-2.711604,-1.241604,0.208396,-0.731604,-1.331604,-2.901604,-0.011604004,-0.081604004,-1.731604
-1.321604,-2.991604,-2.051604,-2.021604,-1.161604,-0.631604,-4.171604,-6.131604,2.078396,1.568396,-1.241604,-2.121604,-4.481604,-6.241604,-1.821604,-2.801604,-3.411604,-4.321604,-5.271604,-3.711604,-4.811604,-3.151604,-2.141604,-3.331604,-3.151604,-4.011604,-4.081604,-4.481604,-3.651604,-3.791604,-0.641604,0.428396,1.708396,-1.721604,-2.081604,1.4783959,-0.481604,1.178396,-0.081604004,1.378396,-3.531604
-2.381604,-3.391604,-4.741604,0.938396,0.968396,4.188396,4.618396,2.668396,0.438396,1.028396,1.488396,0.178396,-2.201604,-5.791604,-4.301604,-3.161604,-3.251604,-4.471604,-2.961604,-2.581604,-2.621604,-1.791604,-1.7716041,-2.731604,-1.431604,-2.701604,-4.571604,-3.271604,-3.161604,-3.241604,-4.441604,-3.761604,-2.071604,-1.301604,0.198396,2.238396,-0.051604003,0.588396,-0.271604,-2.491604,-2.541604
1.388396,1.828396,4.158396,-1.061604,-2.511604,-1.131604,3.958396,2.298396,1.108396,2.238396,2.308396,2.078396,0.15839599,-3.421604,-6.091604,-3.921604,-2.461604,-3.371604,-3.471604,-2.191604,-3.341604,-3.471604,-2.541604,-1.031604,-2.001604,0.618396,-0.051604003,-2.771604,-3.061604,-2.031604,-2.671604,-6.171604,-5.041604,-4.071604,-1.401604,0.598396,-1.431604,-3.631604,0.148396,2.168396,0.028395995
3.198396,2.228396,3.338396,3.718396,4.618396,2.848396,3.058396,3.708396,2.418396,2.118396,1.918396,1.188396,-0.601604,-1.931604,-3.111604,-3.771604,-3.931604,-5.411604,-3.081604,-2.091604,-4.051604,-4.551604,-3.711604,1.068396,-0.941604,-3.541604,-1.611604,-3.821604,2.208396,0.378396,-0.831604,-0.41160402,-2.701604,-3.441604,-2.381604,1.318396,-2.311604,-2.021604,-2.151604,0.088396,-2.711604
1.488396,2.178396,0.658396,-0.501604,0.168396,1.638396,3.708396,2.768396,3.118396,3.088396,1.618396,1.418396,0.528396,-1.871604,-3.271604,-3.641604,-4.091604,-3.391604,-2.401604,-3.251604,-1.751604,-0.74160403,-2.991604,-2.291604,-4.551604,-3.421604,-1.781604,-3.291604,-3.401604,-3.241604,-3.311604,-4.771604,-3.411604,-5.301604,-4.261604,-5.521604,-6.511604,-4.601604,-0.361604,-0.461604,-0.181604
-0.961604,0.098395996,-1.5216041,-0.591604,-0.251604,0.178396,2.988396,1.898396,0.718396,0.75839597,-2.301604,1.7283959,1.298396,0.378396,-1.091604,-2.341604,-3.391604,-3.961604,-3.931604,-4.171604,-1.951604,-1.841604,-2.681604,-1.931604,-3.011604,-3.481604,-3.461604,-2.591604,-3.191604,-2.371604,-1.101604,-2.401604,-2.161604,-2.641604,-3.481604,-2.951604,-3.511604,-3.051604,-2.131604,-2.221604,0.938396
-0.281604,-1.741604,-0.781604,-2.251604,-0.641604,0.798396,2.808396,1.788396,1.628396,-0.001604004,0.968396,2.428396,2.408396,2.378396,-0.391604,-1.751604,-1.801604,-3.051604,-3.641604,-2.711604,-1.501604,-0.571604,-0.951604,-0.941604,-1.701604,-1.981604,-1.491604,-2.761604,-1.881604,-1.501604,-1.071604,-2.571604,-2.761604,-2.561604,-2.261604,-1.371604,-0.681604,-0.501604,1.278396,1.308396,0.888396
-1.381604,1.948396,1.008396,-0.371604,-0.74160403,-0.10160401,-0.38160402,-0.241604,-0.651604,-0.921604,0.578396,0.408396,-0.011604004,0.12839599,0.788396,0.348396,-1.481604,-2.391604,-2.571604,-1.011604,-0.621604,-1.071604,-0.541604,-1.191604,-1.421604,-1.941604,-1.851604,-2.421604,-0.671604,-3.051604,-2.521604,-2.631604,-2.261604,-1.911604,-2.381604,-1.571604,-0.901604,-0.17160401,-1.091604,-1.301604,-0.641604
0.968396,-0.181604,1.4783959,1.888396,0.668396,-2.611604,-0.281604,-1.621604,-1.561604,-0.471604,0.218396,2.528396,2.028396,1.768396,2.028396,0.288396,-1.261604,-1.881604,-0.941604,-0.621604,-0.191604,0.628396,1.698396,0.788396,-0.001604004,-1.501604,0.218396,-0.431604,-0.80160403,-1.001604,-0.711604,-0.721604,-0.521604,-1.151604,-1.041604,-1.371604,-0.17160401,-0.671604,0.958396,1.108396,1.558396
1.088396,2.168396,1.958396,2.598396,2.218396,1.358396,0.938396,-0.001604004,-0.361604,-1.561604,0.148396,0.568396,3.248396,2.298396,1.938396,1.168396,0.288396,0.198396,2.378396,0.928396,0.668396,0.168396,-0.141604,-0.791604,1.298396,-0.531604,0.118396,-0.41160402,-0.391604,-0.461604,-0.281604,1.438396,-1.531604,-0.511604,-1.681604,1.098396,0.248396,-0.131604,-0.301604,-0.20160401,0.75839597
2.388396,2.618396,2.418396,0.408396,3.288396,2.368396,2.518396,1.798396,0.838396,1.878396,-0.41160402,-0.361604,0.578396,2.588396,1.308396,1.898396,1.878396,1.888396,1.568396,1.508396,0.908396,1.448396,1.998396,1.538396,1.058396,0.988396,1.398396,1.278396,-1.141604,-0.251604,-0.491604,0.50839597,0.888396,0.738396,-0.011604004,1.198396,1.368396,1.258396,1.448396,0.968396,1.568396
0.638396,1.618396,4.978396,1.128396,4.418396,3.238396,1.578396,-0.471604,1.068396,2.848396,1.608396,0.798396,0.268396,-0.351604,3.318396,2.168396,2.728396,2.338396,2.248396,1.748396,1.038396,0.548396,0.798396,1.528396,1.648396,0.998396,2.248396,1.278396,1.888396,1.998396,1.218396,0.738396,1.138396,0.958396,0.568396,1.188396,0.178396,1.958396,0.638396,0.658396,0.458396
