wind_kz.json
{"header": {"discipline":0,"disciplineName":"Meteorological products","gribEdition":2,"gribLength":871,"center":7,"centerName":"US National Weather Service - NCEP(WMC)","subcenter":0,"refTime":"2024-04-08T18:00:00.000Z","significanceOfRT":1,"significanceOfRTName":"Start of forecast","productStatus":0,"productStatusName":"Operational products","productType":1,"productTypeName":"Forecast products","productDefinitionTemplate":0,"productDefinitionTemplateName":"Analysis/forecast at horizontal level/layer at a point in time","parameterCategory":0,"parameterCategoryName":"UnknownDiscipline_0_Category_0","parameterNumber":0,"parameterNumberName":"UnknownParameter_D0_C0_0","parameterUnit":"Unknown","genProcessType":2,"genProcessTypeName":"Forecast","forecastTime":240,"surface1Type":1,"surface1TypeName":"Ground or water surface","surface1Value":0.0,"surface2Type":255,"surface2TypeName":"Missing","surface2Value":0.0,"gridDefinitionTemplate":0,"gridDefinitionTemplateName":"Latitude_Longitude","numberPoints":615,"shape":6,"shapeName":"Earth spherical with radius of 6,371,229.0 m","gridUnits":"degrees","resolution":48,"winds":"true","scanMode":64,"nx":41,"ny":15,"basicAngle":0,"lo1":47.0,"la1":41.0,"lo2":87.0,"la2":55.0,"dx":1.0,"dy":1.0}, "data":
[rows 0 to 14 of 15, columns 0 to 40 of 41]
290.40952,283.8095,285.50952,282.60953,283.3095,284.60953,291.70953,294.60953,293.70953,294.10953,292.20953,292.50952,291.20953,290.10953,288.90952,287.3095,286.60953,284.3095,286.00952,283.90952,285.00952,283.20953,282.00952,278.10953,285.60953,286.60953,279.90952,269.3095,270.70953,269.20953,265.90952,267.00952,284.90952,290.90952,290.90952,291.50952,289.3095,290.50952,290.40952,291.20953,291.60953
273.50952,287.3095,282.70953,282.60953,283.00952,283.70953,295.20953,293.10953,292.00952,291.8095,291.70953,289.60953,288.90952,287.60953,288.3095,287.50952,287.20953,286.00952,283.90952,284.50952,283.90952,281.60953,278.10953,272.10953,261.70953,264.3095,276.00952,268.20953,270.00952,263.3095,269.8095,254.20952,272.60953,254.50952,266.10953,286.90952,286.00952,286.10953,290.60953,284.00952,280.00952
288.70953,284.20953,282.60953,282.90952,283.00952,293.70953,293.00952,292.40952,291.10953,290.8095,289.3095,288.50952,287.40952,286.8095,286.50952,286.8095,285.90952,284.70953,283.90952,283.70953,284.20953,282.60953,279.8095,273.90952,278.60953,276.40952,278.8095,278.8095,277.3095,268.20953,261.20953,264.70953,273.10953,274.60953,275.60953,274.8095,266.8095,272.70953,272.90952,271.70953,264.3095
289.90952,284.00952,283.00952,283.10953,285.8095,292.50952,292.50952,289.8095,288.8095,288.10953,286.50952,285.70953,286.20953,286.8095,285.60953,285.40952,283.8095,284.60953,284.50952,284.20953,281.60953,275.40952,279.8095,278.70953,279.70953,279.40952,279.3095,276.60953,274.40952,275.90952,277.60953,274.8095,280.50952,280.70953,279.90952,277.10953,266.70953,263.60953,269.60953,278.50952,279.70953
289.90952,284.90952,284.00952,284.40952,288.00952,293.20953,291.70953,289.3095,288.10953,287.50952,285.60953,283.60953,285.60953,285.50952,283.70953,283.20953,282.70953,282.00952,281.8095,281.50952,281.50952,281.40952,279.50952,278.20953,277.70953,277.3095,274.8095,277.90952,279.10953,279.60953,279.3095,275.60953,264.10953,259.70953,272.60953,278.10953,278.90952,282.20953,281.60953,282.50952,281.3095
291.10953,286.40952,284.90952,283.8095,282.40952,282.90952,290.20953,289.60953,287.70953,285.90952,285.3095,284.20953,284.3095,284.70953,278.20953,283.00952,283.10953,281.60953,281.3095,280.8095,279.70953,279.20953,279.10953,278.10953,277.90952,276.10953,275.8095,271.40952,276.90952,277.60953,276.40952,277.3095,275.20953,274.10953,272.00952,274.10953,268.60953,269.60953,276.90952,280.60953,281.20953
289.10953,289.00952,290.40952,289.8095,286.8095,289.70953,289.40952,287.60953,287.10953,286.00952,283.3095,282.20953,281.8095,281.10953,281.20953,282.3095,281.8095,281.70953,280.40952,278.70953,277.70953,277.90952,277.50952,277.00952,275.70953,275.70953,274.60953,275.3095,274.8095,274.70953,273.70953,273.8095,274.50952,274.3095,275.20953,275.40952,269.40952,266.00952,266.40952,269.8095,275.70953
289.60953,290.70953,292.20953,292.3095,291.50952,289.50952,288.10953,286.90952,284.20953,284.20953,282.3095,281.10953,279.90952,279.50952,280.00952,280.3095,280.00952,279.90952,278.3095,276.10953,275.8095,275.50952,275.3095,274.70953,273.60953,271.20953,271.20953,271.90952,271.00952,271.40952,271.00952,270.70953,269.8095,269.10953,269.70953,270.40952,272.00952,271.00952,273.00952,273.90952,273.10953
291.10953,291.50952,291.70953,290.70953,290.00952,288.50952,286.40952,284.90952,283.3095,281.90952,280.20953,278.90952,278.00952,278.20953,277.60953,277.50952,277.3095,276.40952,276.20953,275.00952,273.60953,273.10953,273.40952,273.00952,271.3095,271.20953,270.60953,270.00952,269.3095,268.20953,268.50952,269.00952,269.50952,270.10953,270.20953,268.90952,270.20953,271.60953,256.40952,265.40952,264.3095
290.50952,290.10953,289.3095,288.10953,286.10953,286.50952,285.00952,283.60953,283.00952,280.90952,278.8095,278.10953,277.70953,277.50952,276.90952,276.90952,276.60953,276.40952,275.8095,275.00952,274.00952,273.10953,273.50952,272.90952,272.70953,271.3095,270.90952,270.8095,270.10953,269.40952,270.00952,270.50952,271.20953,270.50952,270.90952,271.60953,271.60953,265.20953,260.70953,263.40952,262.90952
289.60953,288.00952,286.20953,285.3095,284.8095,284.60953,283.3095,283.50952,282.00952,280.40952,278.20953,277.8095,277.40952,277.10953,277.10953,277.00952,276.70953,276.70953,276.10953,275.40952,275.3095,274.3095,274.00952,273.40952,272.8095,271.40952,270.70953,270.70953,270.70953,270.90952,271.40952,271.70953,271.10953,271.00952,271.40952,270.8095,267.20953,265.40952,268.00952,264.8095,263.50952
289.00952,288.20953,286.60953,284.90952,283.90952,283.40952,282.70953,281.90952,281.50952,280.00952,277.90952,276.70953,277.00952,276.40952,276.90952,277.10953,276.70953,276.3095,276.50952,275.8095,273.8095,273.10953,272.70953,272.20953,271.8095,271.60953,271.3095,271.50952,271.60953,271.70953,271.10953,271.10953,270.50952,269.90952,270.20953,271.00952,271.60953,271.50952,270.3095,271.00952,269.50952
285.70953,285.90952,286.10953,285.10953,284.8095,283.90952,282.8095,281.8095,280.3095,280.3095,277.00952,274.50952,277.50952,276.10953,276.70953,276.20953,275.8095,275.40952,276.40952,275.10953,274.40952,272.60953,271.90952,272.00952,271.8095,272.00952,273.10953,272.10953,271.90952,271.40952,271.40952,271.3095,271.3095,270.90952,270.50952,270.90952,269.90952,271.3095,270.00952,270.10953,269.60953
285.60953,285.10953,277.40952,284.40952,283.40952,282.60953,282.60953,281.40952,281.60953,280.00952,278.40952,274.60953,275.10953,276.40952,276.40952,276.60953,276.20953,275.40952,275.20953,273.20953,273.70953,273.40952,273.50952,273.10953,273.00952,273.20953,272.60953,272.3095,271.60953,271.60953,271.00952,270.40952,270.10953,269.40952,269.20953,269.00952,269.10953,269.3095,269.3095,268.3095,269.50952
282.10953,284.3095,273.3095,284.10953,283.40952,282.10953,282.60953,282.00952,282.20953,280.90952,280.20953,276.90952,275.00952,274.90952,276.3095,276.40952,274.50952,273.10953,273.00952,273.10953,273.3095,273.50952,273.70953,272.50952,272.20953,272.20953,272.10953,271.00952,270.60953,270.40952,270.50952,269.40952,269.3095,269.8095,269.8095,269.60953,269.50952,269.3095,269.3095,269.3095,269.40952
