wind_kz.json
{"header": {"discipline":0,"disciplineName":"Meteorological products","gribEdition":2,"gribLength":1025,"center":7,"centerName":"US National Weather Service - NCEP(WMC)","subcenter":0,"refTime":"2023-08-07T00:00:00.000Z","significanceOfRT":1,"significanceOfRTName":"Start of forecast","productStatus":0,"productStatusName":"Operational products","productType":1,"productTypeName":"Forecast products","productDefinitionTemplate":0,"productDefinitionTemplateName":"Analysis/forecast at horizontal level/layer at a point in time","parameterCategory":2,"parameterCategoryName":"UnknownDiscipline_0_Category_2","parameterNumber":2,"parameterNumberName":"UnknownParameter_D0_C2_2","parameterUnit":"Unknown","genProcessType":2,"genProcessTypeName":"Forecast","forecastTime":300,"surface1Type":103,"surface1TypeName":"Specified height level above ground","surface1Value":10.0,"surface2Type":255,"surface2TypeName":"Missing","surface2Value":0.0,"gridDefinitionTemplate":0,"gridDefinitionTemplateName":"Latitude_Longitude","numberPoints":615,"shape":6,"shapeName":"Earth spherical with radius of 6,371,229.0 m","gridUnits":"degrees","resolution":48,"winds":"true","scanMode":64,"nx":41,"ny":15,"basicAngle":0,"lo1":47.0,"la1":41.0,"lo2":87.0,"la2":55.0,"dx":1.0,"dy":1.0}, "data":
[rows 0 to 14 of 15, columns 0 to 40 of 41]
1.2328571,1.842857,0.34285706,1.0028571,2.632857,2.5628572,6.522857,-5.5771427,-7.637143,-6.0771427,-6.377143,-5.127143,-3.557143,-1.907143,-1.3871429,-1.047143,-1.057143,-1.457143,-1.9671429,-1.0971429,2.022857,0.85285705,5.392857,5.512857,7.852857,4.992857,4.292857,5.502857,3.942857,3.382857,3.8328571,1.792857,2.672857,0.93285704,2.0828571,0.33285704,2.122857,1.292857,1.192857,0.092857055,-0.52714294
0.16285706,-1.937143,-0.59714293,0.55285704,2.102857,-0.16714294,-3.6871428,-4.347143,-6.5371428,-6.087143,-5.607143,-2.6671429,-4.607143,-3.9271429,-2.9371428,-2.547143,-2.4171429,-1.947143,-1.807143,-1.197143,-1.917143,-0.27714294,2.732857,3.182857,3.922857,-0.97714293,1.972857,4.1728573,3.512857,0.012857055,0.752857,-0.09714294,-1.167143,1.3928571,0.042857055,-0.36714295,0.23285705,0.30285704,4.482857,0.71285707,0.54285705
-6.187143,-5.207143,-2.097143,-0.807143,1.7328571,-2.467143,-7.767143,-6.3271427,-2.9271429,-4.277143,-4.217143,-3.1571429,-5.297143,-2.887143,-5.167143,-4.467143,-3.307143,-3.227143,-4.967143,-2.127143,-1.077143,-5.417143,-4.947143,-7.8271427,-3.4471428,-4.947143,-2.747143,-4.737143,1.452857,-1.587143,0.24285705,-1.907143,0.16285706,1.2328571,-0.69714296,-3.9271429,1.7528571,-0.59714293,5.482857,6.732857,7.612857
-7.177143,-3.967143,-1.907143,1.6328571,4.722857,-1.1471429,-2.9371428,-1.2271429,-2.847143,-4.097143,-2.6871428,-7.8071427,-4.867143,-0.26714295,2.872857,-5.357143,-4.417143,-3.977143,-4.137143,-4.737143,-5.637143,-7.417143,-5.5571427,-5.627143,-6.3071427,-6.457143,-6.357143,-6.8271427,-5.657143,-2.387143,0.29285705,0.32285705,7.142857,8.642857,8.322857,6.582857,2.112857,3.012857,-1.287143,-2.827143,-2.117143
-2.017143,-1.9771429,0.5128571,-2.617143,-1.1471429,-1.537143,0.08285706,-3.247143,-2.347143,-1.927143,-2.277143,-4.927143,-0.7371429,2.912857,4.972857,-1.427143,-3.997143,-3.807143,-3.147143,-3.9571428,-5.647143,-6.007143,-6.187143,-5.957143,-6.617143,-7.017143,-5.867143,-0.38714296,-5.257143,-4.167143,-3.847143,-2.217143,0.11285706,2.3128572,-3.547143,-0.95714295,6.952857,1.6128571,0.78285706,-1.337143,-1.157143
0.23285705,-0.78714293,-1.8571429,-3.567143,-2.237143,0.35285705,4.402857,-4.347143,-0.96714294,-2.6671429,-2.867143,-2.817143,2.392857,4.902857,5.282857,-2.777143,-1.797143,-3.9071429,-3.477143,-1.6071429,-2.807143,-2.9471428,-3.097143,-3.307143,-3.287143,-4.897143,-6.5371428,-3.877143,-3.767143,-2.987143,-3.087143,-2.817143,-0.087142944,-0.31714293,4.682857,1.062857,5.722857,7.602857,10.692857,3.992857,2.432857
-3.497143,-3.337143,-2.647143,-3.9471428,-1.4771429,0.34285706,2.702857,0.96285707,-3.217143,-3.327143,-3.087143,1.2528571,2.932857,5.4428573,3.102857,-2.537143,-2.1871428,-1.547143,-1.777143,-2.017143,-2.1871428,-2.057143,-1.087143,-2.287143,-1.3771429,-1.057143,-2.4471428,-1.0171429,-2.097143,-1.907143,-3.127143,-2.1771429,-1.297143,-1.547143,2.352857,3.132857,3.182857,1.162857,4.752857,1.222857,1.672857
-3.247143,-1.417143,-4.937143,-2.4371428,-0.24714294,-2.617143,-1.1371429,-1.4671429,-4.3071427,-1.7571429,1.9028571,4.542857,4.752857,2.8028572,1.922857,-0.93714297,-3.4271429,-2.547143,-2.1571429,-1.0971429,-1.537143,-0.8671429,-1.907143,-1.2271429,-0.63714296,-0.52714294,0.31285706,-0.17714295,-1.187143,-0.59714293,-2.067143,-0.82714295,-0.42714295,0.16285706,0.37285706,3.962857,5.652857,6.4628572,8.152857,9.722857,7.592857
2.962857,2.612857,-2.1671429,-2.047143,-0.18714294,0.12285706,-1.287143,2.272857,-0.37714294,-0.27714294,4.002857,5.4428573,-1.6471429,9.362857,3.932857,-1.0071429,-2.367143,1.3928571,-0.087142944,-1.177143,1.7528571,0.11285706,-1.547143,0.33285704,-0.27714294,-0.5471429,-1.1271429,1.3728571,0.22285706,0.32285705,0.59285706,1.222857,1.162857,1.9928571,4.782857,6.082857,4.9228573,1.1328571,1.1028571,0.77285707,1.5228571
-0.30714294,0.042857055,-1.327143,-1.8871429,-2.717143,-0.35714296,1.9828571,1.202857,4.732857,7.052857,7.152857,2.852857,-5.0571427,7.542857,8.442857,0.39285704,-1.437143,0.29285705,0.062857054,-0.87714297,-0.747143,0.28285706,0.26285705,0.26285705,-0.047142945,0.7628571,1.0328571,0.59285706,0.8328571,1.092857,1.942857,0.45285705,2.132857,4.342857,5.532857,5.282857,0.032857057,-0.7371429,-0.47714293,0.19285706,0.21285705
-1.317143,-1.947143,-1.7671429,-2.307143,-2.287143,-0.69714296,0.32285705,1.3728571,3.5928571,5.4228573,4.752857,5.4628572,2.362857,5.182857,0.13285705,-1.557143,-1.337143,1.7328571,-0.017142944,-1.8871429,-1.8971429,0.91285706,0.8828571,1.6428571,1.6028571,-0.23714295,0.62285703,0.14285706,1.082857,3.112857,2.5628572,-0.087142944,3.3228571,3.952857,5.162857,3.662857,-0.9871429,-0.15714294,0.98285705,0.6328571,1.0028571
-1.1271429,-0.96714294,-0.22714294,-2.887143,-2.967143,-1.657143,-3.107143,-2.1671429,-0.45714295,-1.937143,-5.177143,-4.3071427,-0.33714294,-1.417143,-2.047143,-0.16714294,0.042857055,0.5828571,-1.957143,0.042857055,-0.47714293,1.3628571,1.9028571,1.5028571,-0.16714294,0.79285705,0.8228571,1.222857,2.852857,2.632857,-2.027143,2.492857,2.0828571,4.612857,2.142857,1.832857,0.80285704,-0.24714294,-0.75714296,-0.58714294,1.582857
1.712857,-0.63714296,-0.90714294,2.2928572,1.562857,-0.96714294,-2.9271429,-1.177143,-2.6871428,-0.77714294,0.29285705,-0.52714294,-1.037143,-0.36714295,-1.1271429,-0.027142944,0.48285705,1.942857,1.1328571,0.59285706,0.87285703,1.442857,0.98285705,0.31285706,0.48285705,0.45285705,2.362857,1.8628571,2.762857,1.682857,-2.6971428,1.082857,3.422857,-1.527143,0.20285706,0.29285705,0.43285707,-1.087143,-0.5471429,1.3728571,0.8828571
1.4928571,0.28285706,5.362857,1.552857,1.1528571,-1.317143,-2.1971428,-0.36714295,-1.4971429,-2.497143,-0.90714294,-1.907143,-3.277143,-0.76714295,-1.9971429,-1.1471429,0.42285705,0.16285706,3.0928571,-0.43714294,1.922857,-0.52714294,3.992857,0.5828571,2.0528572,0.29285705,2.102857,0.42285705,0.54285705,1.322857,-0.41714296,1.2328571,0.32285705,-0.49714294,-1.0071429,-1.667143,-3.147143,-1.557143,1.342857,1.5128571,-0.30714294
0.6328571,0.38285705,-1.797143,3.252857,1.2728571,0.73285705,-1.187143,1.332857,0.25285706,-1.057143,-1.687143,-2.987143,1.0028571,-1.287143,0.52285707,2.472857,0.16285706,2.982857,1.3728571,1.192857,1.092857,1.1128571,1.092857,1.082857,-0.63714296,0.47285706,1.062857,0.07285705,1.672857,0.77285707,-0.58714294,2.032857,-1.1371429,-2.1871428,-1.957143,-2.357143,-1.6171429,0.85285705,2.3428571,-0.26714295,-0.49714294
