wind_kz.json
{"header": {"discipline":0,"disciplineName":"Meteorological products","gribEdition":2,"gribLength":948,"center":7,"centerName":"US National Weather Service - NCEP(WMC)","subcenter":0,"refTime":"2023-08-26T06:00:00.000Z","significanceOfRT":1,"significanceOfRTName":"Start of forecast","productStatus":0,"productStatusName":"Operational products","productType":1,"productTypeName":"Forecast products","productDefinitionTemplate":0,"productDefinitionTemplateName":"Analysis/forecast at horizontal level/layer at a point in time","parameterCategory":0,"parameterCategoryName":"UnknownDiscipline_0_Category_0","parameterNumber":0,"parameterNumberName":"UnknownParameter_D0_C0_0","parameterUnit":"Unknown","genProcessType":2,"genProcessTypeName":"Forecast","forecastTime":0,"surface1Type":1,"surface1TypeName":"Ground or water surface","surface1Value":0.0,"surface2Type":255,"surface2TypeName":"Missing","surface2Value":0.0,"gridDefinitionTemplate":0,"gridDefinitionTemplateName":"Latitude_Longitude","numberPoints":615,"shape":6,"shapeName":"Earth spherical with radius of 6,371,229.0 m","gridUnits":"degrees","resolution":48,"winds":"true","scanMode":64,"nx":41,"ny":15,"basicAngle":0,"lo1":47.0,"la1":41.0,"lo2":87.0,"la2":55.0,"dx":1.0,"dy":1.0}, "data":
[rows 0 to 14 of 15, columns 0 to 40 of 41]
304.02655,288.82654,292.72653,299.52655,299.32654,298.42654,301.32654,310.42654,309.12653,302.82654,297.22653,300.32654,298.22653,307.12653,303.22653,309.02655,321.82654,317.02655,324.82654,319.72653,321.02655,316.92654,315.82654,316.02655,316.92654,315.52655,314.12653,304.32654,287.12653,279.92654,281.72653,282.82654,304.12653,318.02655,327.22653,327.42654,328.42654,326.12653,326.82654,327.32654,327.62653
282.52655,297.42654,299.52655,299.82654,299.62653,298.42654,313.02655,311.42654,309.52655,311.12653,312.32654,309.62653,303.52655,295.22653,298.82654,296.92654,305.62653,321.12653,322.02655,322.02655,318.92654,315.42654,315.42654,308.32654,301.52655,300.22653,310.22653,306.62653,302.62653,287.82654,291.12653,278.92654,286.32654,273.72653,281.72653,314.22653,310.32654,318.92654,321.92654,313.82654,287.92654
304.02655,299.02655,299.92654,299.92654,298.42654,306.22653,309.12653,310.32654,309.52655,308.52655,309.82654,306.82654,309.82654,311.52655,301.12653,307.72653,309.82654,319.82654,320.32654,318.72653,316.02655,314.92654,316.22653,310.92654,317.62653,318.02655,317.12653,316.42654,315.82654,303.92654,292.72653,290.22653,296.02655,300.32654,311.32654,307.52655,300.32654,299.02655,304.32654,298.92654,298.02655
303.42654,299.42654,299.82654,299.22653,300.02655,307.92654,308.62653,308.92654,310.12653,309.82654,309.92654,305.22653,295.72653,295.12653,307.52655,309.52655,309.32654,314.32654,322.72653,320.12653,313.82654,314.52655,311.32654,314.42654,321.52655,322.22653,328.02655,322.32654,322.02655,320.52655,322.12653,319.82654,317.42654,317.22653,318.72653,314.22653,303.02655,298.02655,304.02655,316.32654,319.32654
307.42654,298.82654,299.42654,299.32654,303.02655,305.72653,308.42654,309.12653,308.12653,307.92654,309.72653,310.42654,295.82654,294.42654,292.02655,310.82654,308.92654,306.82654,313.52655,312.92654,316.72653,316.72653,317.82654,318.42654,319.22653,320.12653,321.12653,313.72653,323.02655,321.82654,319.82654,317.52655,299.32654,287.12653,304.52655,312.32654,309.62653,324.62653,325.92654,321.42654,321.22653
304.72653,303.42654,297.22653,297.72653,299.02655,298.32654,307.82654,302.42654,297.02655,298.32654,301.72653,299.72653,297.72653,295.02655,301.12653,311.42654,314.02655,307.02655,305.72653,312.62653,313.92654,312.72653,317.52655,317.32654,317.12653,317.02655,316.42654,293.72653,320.02655,319.32654,321.22653,317.42654,320.12653,318.72653,313.12653,310.12653,310.72653,312.92654,318.12653,324.42654,322.72653
303.22653,303.92654,306.22653,305.02655,302.62653,302.82654,299.82654,305.52655,294.92654,301.22653,302.02655,297.42654,309.22653,310.92654,314.62653,309.92654,310.32654,310.52655,307.92654,309.62653,314.32654,312.92654,313.12653,310.42654,302.82654,313.02655,315.52655,318.72653,322.02655,323.52655,320.02655,319.02655,318.32654,318.02655,314.92654,311.42654,310.02655,308.72653,302.82654,303.52655,317.92654
300.42654,292.62653,303.42654,303.02655,302.52655,301.82654,296.62653,290.72653,290.22653,292.32654,291.02655,294.82654,306.12653,308.02655,311.32654,303.52655,295.72653,306.32654,309.72653,299.22653,308.72653,311.52655,312.02655,310.52655,310.02655,308.12653,308.62653,311.12653,309.72653,312.52655,312.42654,314.52655,313.82654,310.92654,317.42654,313.02655,301.72653,289.52655,311.12653,320.22653,316.52655
300.62653,296.72653,300.72653,301.42654,300.62653,301.82654,301.92654,296.12653,299.32654,295.42654,289.92654,287.42654,293.72653,302.72653,304.52655,311.92654,310.52655,310.12653,299.72653,294.92654,297.02655,302.32654,309.62653,308.22653,305.82654,305.92654,302.92654,304.32654,304.32654,296.42654,305.72653,305.72653,307.12653,308.02655,308.02655,307.32654,306.32654,304.92654,293.02655,293.82654,297.72653
299.22653,299.12653,300.12653,299.82654,300.32654,301.12653,300.32654,300.42654,299.52655,300.32654,295.82654,292.72653,295.72653,294.82654,304.32654,304.82654,307.02655,308.22653,306.82654,305.22653,300.02655,295.62653,302.92654,307.12653,307.52655,305.52655,305.62653,303.02655,302.22653,303.72653,303.92654,306.22653,307.32654,307.12653,307.52655,304.82654,299.92654,298.12653,297.62653,291.32654,293.82654
297.82654,297.92654,297.52655,297.82654,297.42654,297.82654,291.32654,297.72653,298.02655,298.02655,298.32654,291.92654,298.02655,299.42654,301.22653,290.52655,298.62653,304.12653,304.82654,302.22653,294.62653,290.92654,295.62653,293.72653,297.02655,302.62653,300.62653,303.42654,304.12653,305.62653,306.82654,307.42654,306.12653,301.82654,301.42654,300.12653,293.22653,292.82654,299.12653,297.42654,296.22653
290.12653,291.12653,292.52655,295.92654,296.02655,292.82654,290.12653,294.32654,296.52655,295.62653,294.92654,295.42654,296.32654,291.62653,292.42654,291.72653,287.92654,288.92654,300.82654,300.12653,293.12653,292.22653,293.22653,289.92654,292.42654,300.42654,302.22653,302.92654,303.92654,302.62653,300.22653,303.82654,301.82654,301.72653,297.92654,299.02655,298.22653,288.52655,287.42654,288.52655,293.22653
288.52655,290.32654,293.82654,293.92654,291.82654,292.52655,295.12653,298.02655,296.92654,294.12653,288.42654,290.92654,294.02655,292.42654,291.42654,294.32654,295.22653,295.02655,297.12653,296.82654,293.32654,288.32654,285.12653,286.02655,293.32654,300.22653,304.02655,303.52655,301.02655,299.92654,301.72653,299.72653,302.52655,301.62653,303.02655,297.02655,297.72653,296.92654,296.12653,293.72653,290.22653
288.32654,290.02655,292.32654,293.32654,292.92654,291.32654,292.12653,291.22653,289.12653,293.22653,285.82654,284.62653,290.72653,290.22653,291.52655,290.62653,293.32654,294.02655,293.72653,287.82654,292.72653,293.12653,294.62653,287.02655,285.82654,292.52655,300.62653,296.32654,295.12653,299.82654,298.92654,298.12653,297.72653,296.32654,298.62653,299.82654,296.22653,296.02655,294.12653,290.82654,290.12653
286.52655,290.62653,291.12653,288.82654,291.92654,290.92654,290.62653,287.72653,287.92654,292.82654,284.12653,283.82654,281.22653,287.62653,290.02655,287.42654,292.72653,293.82654,293.92654,295.92654,295.62653,295.72653,300.02655,300.12653,295.32654,290.52655,284.62653,289.12653,290.92654,290.72653,295.52655,291.22653,296.02655,294.62653,295.02655,295.02655,298.02655,296.42654,296.42654,297.02655,291.92654
