wind_kz.json
{"header": {"discipline":0,"disciplineName":"Meteorological products","gribEdition":2,"gribLength":1025,"center":7,"centerName":"US National Weather Service - NCEP(WMC)","subcenter":0,"refTime":"2023-08-26T00:00:00.000Z","significanceOfRT":1,"significanceOfRTName":"Start of forecast","productStatus":0,"productStatusName":"Operational products","productType":1,"productTypeName":"Forecast products","productDefinitionTemplate":0,"productDefinitionTemplateName":"Analysis/forecast at horizontal level/layer at a point in time","parameterCategory":2,"parameterCategoryName":"UnknownDiscipline_0_Category_2","parameterNumber":2,"parameterNumberName":"UnknownParameter_D0_C2_2","parameterUnit":"Unknown","genProcessType":2,"genProcessTypeName":"Forecast","forecastTime":120,"surface1Type":103,"surface1TypeName":"Specified height level above ground","surface1Value":10.0,"surface2Type":255,"surface2TypeName":"Missing","surface2Value":0.0,"gridDefinitionTemplate":0,"gridDefinitionTemplateName":"Latitude_Longitude","numberPoints":615,"shape":6,"shapeName":"Earth spherical with radius of 6,371,229.0 m","gridUnits":"degrees","resolution":48,"winds":"true","scanMode":64,"nx":41,"ny":15,"basicAngle":0,"lo1":47.0,"la1":41.0,"lo2":87.0,"la2":55.0,"dx":1.0,"dy":1.0}, "data":
[rows 0 to 14 of 15, columns 0 to 40 of 41]
-2.3105958,0.0594043,0.5194043,-3.1305957,-2.2305956,-2.3305957,-1.3005958,-1.9805957,-2.3005958,0.0894043,-0.1105957,-2.0805957,-2.4805956,-2.3705957,-1.9605957,-1.3605957,-0.7105957,0.8194043,-0.8605957,0.1594043,2.0594044,2.2694044,2.9794042,-3.3305957,2.7094042,0.039404295,-3.0305958,-0.8805957,0.23940429,-0.4905957,-0.9705957,1.5994043,0.8894043,1.7294043,-1.4205956,-1.7305957,-3.1105957,-2.4905958,-0.1705957,-1.6305957,-2.9505956
1.8394043,0.3494043,-2.7005956,-2.2005956,-1.1405957,-0.8505957,0.1694043,-0.8605957,2.2694044,1.1194043,3.0494044,1.5194043,1.7394043,1.2994043,0.6394043,0.3694043,1.4694043,0.1994043,0.1694043,1.9294043,1.8194042,1.3494043,2.7794044,-0.8405957,-1.0705957,0.9994043,1.0794044,-0.7205957,-1.5305957,-2.1205957,0.1494043,-0.6705957,1.1894042,-2.4005957,0.1394043,-0.4205957,-1.4305958,0.20940429,-1.5405957,0.7994043,0.2194043
0.009404297,-2.7405958,-1.0205957,-0.4005957,0.009404297,-1.9505957,-2.0805957,-1.0305957,-1.1905957,0.4094043,0.9894043,1.4094043,2.5994043,4.2094045,4.0594044,2.4294043,1.9894043,2.4694042,3.1694043,3.6594043,2.3094044,4.359404,3.6694043,3.2094042,1.2794043,-2.1805956,-0.3305957,2.1494043,4.009404,1.6994042,-1.6205957,3.0494044,-0.1905957,-0.5605957,0.5394043,-1.3805957,-1.0405957,0.4794043,-0.47059572,0.8594043,2.1694043
-2.0805957,-0.5505957,1.2294043,1.7894043,0.20940429,0.9594043,1.5594043,2.1894042,2.4894042,2.8194044,3.2594042,3.0294044,6.009404,6.759404,4.089404,3.7994044,3.3094044,3.1494043,3.3694043,1.8694043,2.3394043,1.2494043,4.759404,5.7694044,3.0994043,4.129404,3.8394043,5.0794044,5.8094044,8.079404,0.6994043,-3.5105958,-3.3505957,-2.9105957,-3.0705957,-2.3205957,-2.2205956,1.1494043,1.2594043,-0.41059572,0.039404295
2.5194044,3.1994042,3.6494043,4.9094043,5.4194045,3.3194044,4.3694043,4.469404,4.719404,4.6994042,5.739404,5.009404,7.3094044,7.2894044,4.5994043,3.6894042,4.239404,3.8194044,3.5894043,3.7494042,2.9394042,3.0794044,2.9594042,4.4594045,5.3294044,3.8094044,4.339404,2.8894043,6.3294044,6.5394044,-0.060595702,-2.0705957,-2.3405957,-0.4205957,1.2494043,0.5894043,-2.6605957,-2.0605958,-2.2805958,-1.1605957,0.5294043
1.9594043,2.2794044,4.279404,5.3894043,5.6694045,7.509404,7.319404,6.859404,6.109404,6.969404,7.759404,6.9794044,6.9094043,8.089404,8.869404,3.5494044,5.2294044,5.8694043,5.879404,4.319404,3.3494043,3.6594043,2.9094043,4.129404,4.2094045,4.3094044,2.5894043,6.1194043,7.9594045,6.129404,1.9794043,-2.2205956,-4.4005957,-2.4605956,-1.4705957,-3.9005957,-0.4505957,-2.7005956,0.7094043,-0.5705957,-1.3905957
1.7094043,2.3494043,3.0694044,3.7894044,4.379404,3.9394042,4.9094043,5.319404,5.6894045,5.6794043,5.799404,2.8294044,7.129404,6.549404,5.9594045,4.509404,5.6394043,5.0194044,4.5394044,3.7094042,3.2494042,2.9094043,1.9694043,2.2994044,3.6594043,2.3194044,4.0994043,5.2094045,5.2294044,4.359404,2.5894043,-2.6805956,-1.8705957,-4.260596,-3.0705957,-3.0905957,-1.7205957,2.4794042,-2.6405957,0.6794043,-0.6505957
2.0294044,2.8394043,3.1894042,3.2294042,3.5794044,3.3294044,3.8294044,4.049404,4.2694044,3.2294042,4.5394044,5.6194043,6.0394044,5.969404,7.069404,6.489404,5.3994045,2.4594042,5.5194044,4.4794044,1.9694043,0.8494043,1.0794044,1.2594043,3.1494043,3.9994042,-0.5405957,-2.2705958,4.629404,0.6894043,1.0594043,-2.2905958,-3.2105956,-1.3805957,-2.8905957,-1.7605957,-0.7005957,-3.3805957,-3.9305956,-3.0605958,-2.6605957
1.8294044,2.2194042,1.8094043,1.4494042,2.2594042,3.7794044,4.3094044,3.9394042,3.7394042,4.379404,4.339404,5.8294044,7.2294044,8.219404,7.9094043,5.589404,4.569404,3.0694044,4.5394044,3.0694044,3.1494043,1.0094043,0.1994043,0.12940429,1.6194043,1.7494043,-0.0905957,-2.3005958,0.2294043,-2.6705956,0.4794043,-0.2405957,1.0894043,-0.7205957,-2.0705957,-1.9405957,-0.8605957,-2.4705956,-1.3505957,-0.060595702,-1.6805958
1.3394043,0.91940427,1.1594043,2.7794044,3.7494042,3.8694043,3.9794042,3.9294043,1.5894043,4.3994045,5.0194044,5.8094044,5.6194043,6.029404,7.219404,8.129404,6.6994042,4.1494045,3.8594043,2.5294044,2.3194044,1.7294043,1.1594043,0.0694043,-0.1605957,0.9994043,0.8194043,-2.2805958,1.7094043,0.8094043,1.0594043,2.9394042,3.2594042,2.0694044,-0.9905957,-2.2105956,-2.8405957,-0.6405957,-2.5605958,-0.3005957,-1.0005957
1.5994043,1.3994043,2.4394042,2.9894042,3.2994044,2.6194043,3.7794044,3.0994043,3.1394043,3.1894042,4.009404,4.0794044,1.3394043,1.8194042,2.3394043,6.1494045,4.279404,4.759404,1.8794043,2.4494042,1.0794044,-0.3005957,-0.2505957,-0.3305957,-0.2205957,1.2994043,1.2094043,1.7194043,1.1294043,1.4594043,2.4194043,5.029404,3.9794042,-0.2405957,-0.6505957,-2.4505956,-2.1205957,-0.47059572,-1.4505957,0.9294043,-1.3605957
1.5794044,2.5194044,2.8894043,3.0394044,4.719404,4.069404,3.1694043,3.0894043,2.1494043,0.8394043,1.3894043,3.0894043,3.4294043,2.8694043,3.5994043,2.8194044,0.4794043,-0.5505957,0.9994043,-0.58059573,-1.0905957,-0.9305957,-0.4305957,-0.6205957,0.9294043,0.6294043,1.7194043,0.109404296,-1.5605958,-0.1705957,-0.4605957,4.719404,-1.1905957,-2.6105957,-2.1505957,-2.2305956,-2.5905957,-1.2905957,-0.5105957,-0.8805957,-1.0705957
1.9594043,2.4894042,3.1594043,3.5594044,2.6094043,1.1694043,2.5194044,2.5094042,0.6994043,0.8894043,1.1794043,2.0094042,3.6494043,4.3094044,3.7994044,3.1794043,2.4694042,1.0094043,-0.1405957,-2.0705957,-1.3405957,-0.7305957,-0.4305957,-1.5405957,0.8194043,-0.3005957,2.1494043,-1.7305957,-1.1105957,-1.5305957,1.3094043,1.6794043,-2.6505957,0.7394043,-3.3905957,-4.260596,-3.6605957,-2.5305958,-3.6605957,-2.2805958,-1.6705956
2.4594042,3.0494044,5.089404,3.9694042,3.4594042,2.6094043,2.9894042,1.8094043,1.1694043,1.5394043,1.2294043,1.9494042,3.5094042,2.8194044,3.5094042,3.1094043,1.9694043,1.0894043,-0.4805957,-0.6405957,-1.0505958,-0.1305957,0.6394043,0.0994043,0.2294043,0.8394043,-1.2705957,-2.9105957,-3.1205957,-2.7805958,0.6894043,-1.1305957,-3.4405956,-4.5405955,-3.7105956,-4.180596,-3.4105957,-3.4505956,-2.2605958,-1.6305957,-2.1305957
1.6394043,3.3694043,5.3094044,3.1294043,3.4094043,2.6094043,3.7894044,2.4394042,0.9694043,1.4494042,0.8694043,1.9594043,1.9294043,3.2694044,3.7594042,3.8194044,2.3494043,0.4394043,-0.8705957,-1.2105957,-0.9905957,-1.2005957,-0.1405957,0.1594043,-0.6205957,-0.4205957,-1.3305957,-2.1205957,-2.2505958,-1.8205957,-2.6805956,-1.9705957,-2.6605957,-5.6105957,-4.010596,-3.7105956,-3.0005958,-3.3905957,-2.6005957,-2.3205957,-1.1205957
