wind_kz.json
{"header": {"discipline":0,"disciplineName":"Meteorological products","gribEdition":2,"gribLength":1025,"center":7,"centerName":"US National Weather Service - NCEP(WMC)","subcenter":0,"refTime":"2023-09-21T06:00:00.000Z","significanceOfRT":1,"significanceOfRTName":"Start of forecast","productStatus":0,"productStatusName":"Operational products","productType":1,"productTypeName":"Forecast products","productDefinitionTemplate":0,"productDefinitionTemplateName":"Analysis/forecast at horizontal level/layer at a point in time","parameterCategory":2,"parameterCategoryName":"UnknownDiscipline_0_Category_2","parameterNumber":3,"parameterNumberName":"UnknownParameter_D0_C2_3","parameterUnit":"Unknown","genProcessType":2,"genProcessTypeName":"Forecast","forecastTime":180,"surface1Type":103,"surface1TypeName":"Specified height level above ground","surface1Value":10.0,"surface2Type":255,"surface2TypeName":"Missing","surface2Value":0.0,"gridDefinitionTemplate":0,"gridDefinitionTemplateName":"Latitude_Longitude","numberPoints":615,"shape":6,"shapeName":"Earth spherical with radius of 6,371,229.0 m","gridUnits":"degrees","resolution":48,"winds":"true","scanMode":64,"nx":41,"ny":15,"basicAngle":0,"lo1":47.0,"la1":41.0,"lo2":87.0,"la2":55.0,"dx":1.0,"dy":1.0}, "data":
[rows 0 to 14 of 15, columns 0 to 40 of 41]
0.6361163,-1.9038837,2.2461164,0.47611633,-3.1438837,-5.6738834,-2.3238838,-0.46388367,-1.9538836,-3.3138838,-4.2638836,-5.6238837,-6.6138835,-6.6738834,-6.6638837,-4.083884,-4.5938835,-3.0338836,-2.7138836,-0.95388365,-1.3938837,2.9461164,-0.9238837,-1.1938837,-2.3038836,-0.06388367,0.41611633,1.9761163,0.05611633,0.016116332,0.22611633,-0.07388367,-0.34388366,2.3861163,1.9261163,2.9761164,2.7061164,2.2361164,0.9661163,0.016116332,-0.56388366
3.2761164,1.5061164,2.7661164,0.39611635,-2.0938838,-4.043884,-2.2938836,-2.0738838,-2.0438836,-1.3738837,-3.3538837,-5.083884,-5.4238834,-4.9738836,-7.4038835,-4.443884,-4.3838835,-4.3738837,-4.7638836,-3.6338837,-2.1938837,-0.21388367,0.93611634,1.6861163,1.9261163,-0.18388367,-2.3438838,-0.51388365,-0.27388367,0.21611634,0.29611632,2.4761164,-0.51388365,0.37611634,-0.51388365,0.5261163,-0.41388366,-0.69388366,1.0461164,-0.7938837,2.6861162
2.9361162,4.1061163,2.7061164,0.61611634,-2.7338836,-2.8038836,-2.2238836,-3.5238836,-2.5538836,0.39611635,-2.0038836,-3.2038836,-4.3238835,-5.2238836,-5.8638835,-5.1038837,-4.6738834,-4.8938837,-4.5538836,-0.7938837,-2.6838837,-3.6938837,-0.6538837,1.2961164,2.7161164,1.3761163,-0.053883668,2.6661162,1.4061164,1.5661163,0.016116332,0.8461163,1.1961163,-0.83388364,0.11611633,0.60611635,-1.2138836,-3.2438836,0.08611634,0.046116333,0.37611634
0.31611633,0.55611634,-0.5438837,0.6461163,-0.28388366,-1.3038837,-1.4638836,-1.4938836,-2.9938836,-1.3438836,-0.09388366,-3.2638836,-5.2438836,-7.0938835,-6.0138836,-5.443884,-4.8038836,-5.1338835,-4.7238836,-4.963884,-4.0138836,-1.9138837,-0.71388364,3.8061163,5.0961165,1.9861163,-0.38388366,2.1161163,2.6361163,-1.1338837,-0.32388365,-2.5338836,-1.5738837,1.6461164,-0.8538837,-2.0038836,0.25611633,3.3561163,0.9461163,-0.7938837,0.21611634
0.08611634,-0.96388364,-1.2638837,-0.45388368,-1.7638837,-3.0238836,-2.7838836,-0.99388367,-1.9138837,-3.5238836,-1.6938837,-1.5338837,-4.3438835,-5.9138837,-6.4038835,-6.7038836,-6.753884,-6.5938835,-4.5538836,-4.2038836,-3.0438836,-3.4938836,-3.9038837,-2.3238838,-1.7338836,0.14611633,1.5761163,-0.62388366,-1.2638837,0.8861163,-1.4938836,0.55611634,1.9461163,0.026116334,-0.123883665,-0.52388364,-0.23388366,1.6061163,1.3661163,0.73611635,-0.6638837
1.4661163,0.81611633,0.39611635,-1.2238836,-3.0438836,-3.6638837,-3.6238837,0.24611634,-0.74388367,0.48611632,-1.3838837,-0.96388364,-3.4038837,-4.1338835,-4.3538837,-4.483884,-5.9038835,-6.1738834,-7.2438836,-4.3938837,-3.5838838,-2.7638836,-3.3238838,-4.2238836,-2.6138837,-1.7038836,2.4961164,3.4861164,1.4261163,-0.6538837,-1.8638836,-1.1138836,-0.28388366,2.4361162,2.8461163,-0.71388364,1.6561164,-1.0538837,-0.9238837,-0.06388367,-0.7338837
2.0361164,2.5461164,0.73611635,-0.6038837,0.48611632,-0.7238837,-3.3438838,-3.1538837,-3.0338836,-3.4938836,-2.1238837,0.72611636,-1.1438837,-2.4238837,-2.6638837,-3.4838836,-3.9438837,-4.3438835,-5.003884,-4.983884,-5.1438837,-4.443884,-5.0938835,-5.2038836,-3.3138838,-3.0938838,-3.4638836,0.47611633,-0.48388368,0.67611635,-0.42388368,-2.4538836,-3.3438838,-1.3138837,-1.3938837,0.05611633,-1.8838837,-0.09388366,-1.1438837,-1.2838837,2.1261163
0.046116333,-0.30388367,-0.77388364,-1.7938837,-1.9938836,-3.2038836,-3.5838838,-3.7438836,-3.0738838,-2.4938836,-2.2738836,-0.5438837,-1.5838836,-3.0838838,-2.8238838,-3.4938836,-4.233884,-3.7338836,-3.2538836,-3.5438836,-3.7038836,-3.9638836,-4.2038836,-3.7438836,-3.3238838,-2.8938837,-2.3738837,-2.5838838,-2.0738838,-3.2038836,-1.2338836,-0.07388367,-2.3038836,-3.2238836,-1.6238837,-1.0138837,-1.0038837,0.046116333,-0.9138837,0.49611634,-2.0938838
-1.0438837,-1.1138836,-1.6138836,-2.9938836,-3.6238837,-3.8738837,-4.1038837,-4.1238837,-4.0538836,-3.3438838,-3.5438836,-3.3738837,-1.4638836,-2.6338837,-2.9338837,-3.8038836,-4.1038837,-4.543884,-4.6738834,-4.4138837,-2.5438836,-3.6338837,-3.5038836,-2.6038837,-2.7238836,-2.7038836,-2.2938836,-2.6638837,-1.6338837,0.016116332,-0.10388367,1.0261164,0.7161163,-1.0838836,-0.19388367,-1.3338836,-2.3238838,2.2361164,2.2661164,1.7961164,-2.5338836
-2.1438837,-1.8238837,-1.6338837,-2.3338838,-2.8938837,-3.4538836,-3.5538836,-3.6238837,-3.1138837,-3.2338836,-3.5838838,-0.9038837,-1.1138836,-1.9638836,-3.0438836,-3.5438836,-3.8138838,-4.463884,-5.3038836,-5.0338836,-4.1538835,-3.0938838,-3.0138836,-4.273884,-3.1538837,-1.3638836,-1.6438837,-1.5438837,-2.3338838,-2.0638838,-1.7238836,0.45611632,-0.7238837,0.22611633,-0.16388367,0.13611633,0.18611634,-2.4538836,1.2961164,4.3961163,3.3861163
0.006116333,-0.83388364,-0.9138837,-1.9338837,-2.6338837,-3.0838838,-2.9938836,-3.1738837,-2.9738836,-3.4438837,-2.4138837,0.75611633,-0.30388367,-1.3538836,-3.0138836,-3.6138837,-2.4538836,-3.5838838,-3.5438836,-3.8938837,-4.253884,-4.253884,-3.9138837,-4.6838837,-3.9838836,-4.8238835,-2.4438837,-1.8038837,-4.4738836,-2.3838837,-0.75388366,-1.5538837,-6.0538836,-4.293884,-1.0038837,1.4761163,0.55611634,1.5461164,1.1461164,0.8361163,0.38611633
-2.2438836,-2.6838837,-1.1738837,-2.0738838,-2.0638838,-2.9738836,-1.8738837,-2.1538837,-2.1838837,-2.9538836,-1.7638837,-0.35388365,0.80611634,0.096116334,-1.5538837,-2.1738837,-2.5838838,-3.0438836,-3.8538837,-4.693884,-4.523884,-4.5338836,-4.293884,-3.5338836,-4.4338837,-4.3738837,-2.5038836,-2.2338836,-0.49388367,-1.9838836,-2.3738837,-3.7138836,-2.0038836,-0.5438837,-2.8538837,-3.2138836,-0.82388365,2.4061162,2.8361163,3.3361163,1.9861163
-1.7838837,-1.1838837,-1.2738837,-1.7238836,-1.9938836,-1.5738837,-1.8038837,-1.8938837,-1.9538836,-1.1238837,-1.6538837,-1.2638837,1.4261163,-0.21388367,-1.2938837,-2.1338837,-1.7638837,-1.8138837,-2.1738837,-2.4638836,-2.3638837,-2.2238836,-2.2538836,-2.2138836,-3.0338836,-3.0138836,-3.8938837,-2.8738837,-2.0838838,-2.9738836,-3.1138837,-3.0438836,-2.1638837,-2.7138836,-1.5538837,-2.0238836,-3.1438837,-2.7938836,-2.1538837,0.8861163,1.3761163
-1.4838836,-1.8838837,-1.4938836,-1.5438837,-0.87388366,-0.95388365,-0.7938837,-0.6038837,-0.40388367,-0.34388366,0.27611634,-0.23388366,0.9661163,0.53611636,-0.39388368,-0.6738837,-0.9738837,-1.7438836,-1.9338837,-1.9238837,-2.3338838,-2.6038837,-1.7538837,-2.6338837,-2.7138836,-3.3538837,-3.9138837,-3.5838838,-3.1838837,-3.4138837,-4.1738834,-4.3738837,-4.1538835,-2.4938836,-1.7938837,-2.3038836,-2.3138838,-2.3338838,-4.213884,-2.4738836,0.73611635
-1.0638837,-1.9038837,-2.0038836,-2.0638838,-1.4038837,-0.32388365,-0.47388366,0.5861163,0.31611633,0.28611633,-0.38388366,0.24611634,0.26611632,-0.013883667,-1.6938837,-0.36388367,2.0161164,-0.11388367,-1.5238837,-1.6338837,-1.4538836,-2.9138837,-2.2038836,-2.5938838,-2.0938838,-2.3138838,-2.8538837,-2.4938836,-2.8738837,-3.4638836,-2.7938836,-4.9738836,-4.043884,-4.2638836,-5.1038837,-5.1438837,-4.773884,-4.313884,-5.1138835,-4.943884,-2.5438836
