wind_kz.json
{"header": {"discipline":0,"disciplineName":"Meteorological products","gribEdition":2,"gribLength":1102,"center":7,"centerName":"US National Weather Service - NCEP(WMC)","subcenter":0,"refTime":"2024-04-07T06:00:00.000Z","significanceOfRT":1,"significanceOfRTName":"Start of forecast","productStatus":0,"productStatusName":"Operational products","productType":1,"productTypeName":"Forecast products","productDefinitionTemplate":0,"productDefinitionTemplateName":"Analysis/forecast at horizontal level/layer at a point in time","parameterCategory":2,"parameterCategoryName":"UnknownDiscipline_0_Category_2","parameterNumber":3,"parameterNumberName":"UnknownParameter_D0_C2_3","parameterUnit":"Unknown","genProcessType":2,"genProcessTypeName":"Forecast","forecastTime":120,"surface1Type":103,"surface1TypeName":"Specified height level above ground","surface1Value":10.0,"surface2Type":255,"surface2TypeName":"Missing","surface2Value":0.0,"gridDefinitionTemplate":0,"gridDefinitionTemplateName":"Latitude_Longitude","numberPoints":615,"shape":6,"shapeName":"Earth spherical with radius of 6,371,229.0 m","gridUnits":"degrees","resolution":48,"winds":"true","scanMode":64,"nx":41,"ny":15,"basicAngle":0,"lo1":47.0,"la1":41.0,"lo2":87.0,"la2":55.0,"dx":1.0,"dy":1.0}, "data":
[rows 0 to 14 of 15, columns 0 to 40 of 41]
0.24823731,1.4882373,-5.5317626,-7.9217625,-6.1117625,-7.2617626,-1.7217627,-1.6117626,-2.0817628,-4.501763,-5.3017626,-4.9717627,-3.7917626,-4.961763,-2.4417627,0.3782373,-1.5617627,-2.3317628,-2.6617627,-3.0317626,-0.8317627,-2.3617628,-1.1317627,0.048237305,0.78823733,-0.4017627,-0.1617627,-0.051762696,-0.7417627,-1.4217627,-1.8217627,0.8282373,-0.061762694,-0.021762695,0.7082373,3.0282373,2.8082373,1.5682373,-0.38176268,-0.5517627,1.2582374
-1.6517627,-2.5217626,-4.7817626,-4.2617626,-4.331763,-6.331763,-4.481763,-4.331763,-4.6317625,-6.2017627,-5.941763,-5.251763,-4.941763,-4.191763,-4.311763,-0.8017627,5.248237,0.4882373,6.148237,3.0982373,-0.96176267,-0.8917627,0.7982373,0.5082373,0.08823731,1.6382374,1.0182374,1.1582373,0.8782373,1.0582373,0.1282373,-0.9817627,-0.9217627,-3.5817628,-1.0117627,3.3982372,0.3882373,5.058237,1.3982373,0.9982373,0.5582373
-1.5017627,-3.8717628,-3.1417627,-2.9117627,-1.7617627,-4.1317625,-3.7117627,-5.0517626,-5.8217626,-6.8017626,-7.3917627,-6.6617627,-6.811763,-6.6717625,-5.501763,-3.6417627,-3.7217627,-1.7817627,-1.9117627,-1.6417627,0.9082373,-1.3717628,-1.5117627,-1.6617627,-2.1217628,-1.5117627,-1.5617627,-2.8817627,-0.061762694,-2.8017626,-0.2517627,0.8382373,-2.6717627,-1.8817627,1.3882374,-1.4617627,-3.2417626,-4.8817625,-4.101763,-0.23176269,1.2482373
-2.2217627,-3.1517627,-2.3317628,-1.6817627,-2.0217626,-3.4417627,-3.4217627,-4.8217626,-5.6617627,-6.1217628,-6.4517627,-7.941763,-7.8617625,-8.161762,-4.3217626,-3.9717627,-3.8517628,-3.6917627,-3.0017626,-2.4917626,-2.1317627,-2.5817628,1.9282373,-0.4217627,-1.9117627,-2.7217627,-2.5417626,-3.0417626,-2.0317626,-4.581763,-3.9417627,-3.6517627,1.0082374,2.0282373,-0.9117627,0.8582373,3.2682374,2.9882374,-2.7217627,-2.7017627,-7.1417627
-0.4517627,-2.4717627,-2.7917626,0.7982373,-1.8917627,-1.5717627,-2.4317627,-3.1517627,-4.5117626,-5.4117627,-5.711763,-5.731763,-8.311763,-8.141763,-5.041763,-4.4517627,-3.9817626,-3.5817628,-3.0017626,-2.2517626,0.8382373,1.7982373,0.9982373,0.4582373,-0.2817627,-0.6217627,-3.0817628,-1.5317627,-2.7817626,-4.271763,-5.3717628,-6.481763,-0.6917627,-1.0417627,-1.8617626,0.5182373,-12.601763,1.9982373,0.8482373,-5.6717625,-2.9317627
1.5682373,-0.7017627,0.1382373,1.2882373,1.3582373,0.038237303,-1.1417627,-2.4217627,-3.5117626,-4.3917627,-4.8417625,-5.1617627,-5.441763,-6.271763,-5.351763,-4.3417625,-3.3717628,-2.9717627,-2.2617626,-1.2817627,-0.4417627,1.0982373,2.2982373,1.7382373,1.0782373,0.018237304,-1.3217627,-5.6117625,-1.9817626,-3.0217626,-4.2417626,-5.2617626,-4.441763,-4.3717628,0.3582373,-6.271763,0.53823733,-9.571763,-9.851763,-5.4717627,3.8382373
1.3382373,2.0582373,2.0082374,2.4082372,4.0482373,1.7282373,0.5282373,-0.4317627,-1.8117627,-2.8617628,-3.5217626,-3.8417628,-4.6317625,-5.3717628,-4.9317627,-4.331763,-3.2917626,-1.7917627,-0.2117627,0.3582373,-0.12176269,0.3782373,1.7782373,2.6282372,3.3382373,2.4382372,0.8082373,0.8182373,-1.1117626,-1.6217628,-1.9917626,-3.2717626,-4.6417627,-6.9117627,-2.7117627,-3.9117627,-3.3017626,-1.6417627,-7.311763,-1.1917627,-13.071763
1.8682373,2.5982373,2.0482373,2.1682372,3.1382372,3.2982373,2.5482373,2.1982374,1.0582373,-0.2117627,-2.1017628,-2.3117628,-3.3717628,-3.4617627,-3.4217627,-2.9417627,-2.2817626,-1.1817627,0.1682373,1.6882373,0.1282373,0.15823731,0.4482373,1.9282373,3.6282372,4.518237,3.8982372,2.9482374,1.0082374,-1.3517627,-2.4817626,-4.0117626,-5.501763,-6.9317627,-4.731763,-4.3017626,-5.1217628,-2.1617627,-0.081762694,0.7082373,-1.5317627
3.0182374,2.9882374,2.7582374,2.3382373,3.1582372,3.7882373,3.8782372,2.7482374,2.9382372,2.6782372,1.8482373,0.028237306,-1.2317626,-2.0817628,-1.7317626,-1.9117627,-1.0117627,-0.1817627,0.7482373,1.4982373,3.4882374,2.3482373,1.8882374,2.4482374,2.9682374,3.2882373,3.5482373,1.9282373,0.7182373,-0.3117627,-2.2917626,-3.3517628,-4.3217626,-4.7617626,-4.8017626,-6.561763,-7.5717626,-7.4317627,-4.5117626,-5.351763,-1.5917627
0.9082373,2.6282372,4.038237,4.5282373,3.6682372,4.1182375,4.2382374,4.3882375,4.2982373,3.2482374,2.6982374,2.6982374,3.2382374,1.9282373,0.6382373,-0.111762695,-0.5117627,-0.011762695,0.8382373,1.7482373,3.1582372,4.058237,3.9682374,3.7382374,3.2182374,3.4582374,2.5782373,2.5282373,1.8282373,1.2682374,0.4582373,-1.0317627,-2.5017626,-3.6317627,-4.2617626,-6.0917625,-5.0317626,-2.5517626,-4.7217627,-4.8617625,-3.6517627
-4.5717626,-4.1217628,-0.6517627,2.4982374,4.8182373,5.308237,5.0282373,4.5682373,3.9382372,3.1082373,3.3482373,2.5382373,3.1482372,3.6582372,4.6382375,4.1182375,3.9082372,3.8182373,3.7182374,4.1982374,4.668237,5.2582374,5.308237,4.8582373,4.018237,4.0682373,3.8482373,3.4282372,2.6082373,2.0382373,1.5882373,0.21823731,-1.2517627,-2.7117627,-3.7417626,-4.4217625,-3.6117628,-2.1517627,-4.2417626,-3.1617627,-2.0417626
-3.7817626,-4.1417627,-4.2217627,-2.7817626,0.2582373,3.0882373,3.9782374,4.6382375,4.4682374,3.0582373,4.398237,4.038237,3.7482374,4.1982374,3.8782372,5.208237,6.3682375,6.2982373,5.958237,5.6382375,6.058237,5.9082375,5.418237,5.1582375,5.038237,4.8782372,4.228237,4.208237,3.8082373,2.9682374,2.7482374,1.1982373,-0.6317627,-2.1117628,-2.1117628,-2.7517626,-2.4717627,-1.4017627,-1.6117626,-1.8917627,-1.9017627
-2.0017626,-2.8817627,-2.9417627,-2.9017627,-2.4017627,-0.5717627,1.9482373,3.1282372,4.0682373,4.8282375,3.1682372,2.3482373,4.8282375,5.978237,5.398237,5.8782372,6.518237,6.8382373,8.178237,7.2182374,7.478237,6.9682374,6.5282373,6.9882374,6.8782372,6.5282373,6.3682375,5.748237,5.3782372,4.4482374,3.4882374,2.6482372,1.6082373,0.3582373,-0.4017627,-1.4317627,-1.5617627,-1.1617627,-2.4117627,-2.5817628,-1.6817627
-1.1717627,-1.4317627,-2.1517627,-1.6617627,-1.3017627,-1.4817626,-0.8217627,0.15823731,1.3282373,3.6182373,2.7482374,1.5982373,2.8382373,4.5982375,6.4482374,6.6982374,7.308237,7.6982374,8.348237,8.338238,8.188237,7.8182373,7.0482373,6.518237,6.5682373,7.1582375,7.5682373,7.1182375,6.3282375,5.668237,4.648237,3.7882373,2.5682373,1.5082374,0.5582373,0.008237305,-0.9317627,-1.0317627,-1.1517627,-1.8617626,-3.2417626
-0.2717627,-1.2017627,-0.77176267,-1.0917627,-1.1017627,-0.5517627,-0.5817627,-0.2517627,0.2782373,0.42823732,3.4982374,4.1182375,2.0182374,1.8082373,1.5882373,5.938237,7.5882373,6.998237,8.308237,8.588238,8.688237,8.748238,8.098237,7.7782373,7.5882373,7.9882374,7.978237,7.7782373,7.3782372,6.728237,6.6282372,4.958237,3.6982374,2.7982373,2.1382372,0.9282373,1.2882373,0.008237305,-0.35176268,-1.9617627,-0.4417627
