wind_kz.json
{"header": {"discipline":0,"disciplineName":"Meteorological products","gribEdition":2,"gribLength":1025,"center":7,"centerName":"US National Weather Service - NCEP(WMC)","subcenter":0,"refTime":"2023-08-10T18:00:00.000Z","significanceOfRT":1,"significanceOfRTName":"Start of forecast","productStatus":0,"productStatusName":"Operational products","productType":1,"productTypeName":"Forecast products","productDefinitionTemplate":0,"productDefinitionTemplateName":"Analysis/forecast at horizontal level/layer at a point in time","parameterCategory":2,"parameterCategoryName":"UnknownDiscipline_0_Category_2","parameterNumber":2,"parameterNumberName":"UnknownParameter_D0_C2_2","parameterUnit":"Unknown","genProcessType":2,"genProcessTypeName":"Forecast","forecastTime":180,"surface1Type":103,"surface1TypeName":"Specified height level above ground","surface1Value":10.0,"surface2Type":255,"surface2TypeName":"Missing","surface2Value":0.0,"gridDefinitionTemplate":0,"gridDefinitionTemplateName":"Latitude_Longitude","numberPoints":615,"shape":6,"shapeName":"Earth spherical with radius of 6,371,229.0 m","gridUnits":"degrees","resolution":48,"winds":"true","scanMode":64,"nx":41,"ny":15,"basicAngle":0,"lo1":47.0,"la1":41.0,"lo2":87.0,"la2":55.0,"dx":1.0,"dy":1.0}, "data":
[rows 0 to 14 of 15, columns 0 to 40 of 41]
0.7675879,1.8575879,-2.2024121,-0.9924121,0.31758788,-0.6724121,1.2375879,1.6475879,0.4675879,-0.23241211,0.0075878906,-1.4524121,-1.8324121,-1.652412,-1.3424121,-0.20241211,0.6275879,0.2075879,-0.2524121,2.3375878,4.047588,3.177588,2.3475878,3.507588,0.5175879,0.86758786,3.907588,1.3575879,0.21758789,1.6075879,-0.7124121,1.3975879,-0.2624121,-0.09241211,0.4975879,0.37758788,0.6575879,-0.012412109,0.6275879,-0.69241214,-0.5424121
0.2075879,-1.9624121,2.3975878,-0.1824121,1.3575879,1.2075878,1.2275879,2.487588,4.057588,2.457588,1.4975879,1.5875878,0.7175879,-0.7124121,-1.032412,-1.2724121,-1.7124121,-2.3524122,0.16758789,0.3875879,1.1275879,3.5475879,2.8575878,3.8875878,0.5675879,-0.0024121094,1.2575879,-0.3624121,3.237588,2.6375878,0.7775879,0.4875879,0.06758789,1.7975879,0.55758786,0.8975879,0.9775879,-1.7624121,-2.1924121,-0.5324121,-0.3124121
-1.7424121,-0.3424121,-1.3724121,-0.7524121,0.5175879,1.217588,1.4275879,1.1375879,3.907588,2.3075879,3.0775878,2.1075878,1.5075879,-0.2424121,-0.5224121,-0.6524121,-2.302412,-2.232412,-0.11241211,2.3475878,2.8775878,-2.572412,0.23758788,2.437588,0.16758789,-0.7024121,-1.5024121,0.8775879,4.217588,-0.3924121,1.8275878,-1.5524122,-1.3524121,-0.7524121,-1.0624121,1.7575879,1.1275879,0.15758789,1.6175879,5.927588,3.8175879
-1.4924121,-1.3924121,-1.3524121,-0.3424121,0.13758789,0.3375879,1.3175879,1.3675879,1.217588,4.097588,1.847588,1.4475878,-2.572412,-1.1724122,0.07758789,-1.4824121,-2.4524121,-1.7624121,-3.262412,-4.762412,-8.282413,-7.632412,-5.2724123,-7.0624123,-7.5824122,-6.7924123,-7.092412,-8.562412,-6.432412,-2.012412,-1.5124121,-1.6424121,-2.8724122,0.05758789,-0.63241214,0.3875879,1.6075879,2.1375878,-2.1024122,-2.1824121,-2.772412
-4.142412,-2.292412,-1.8024122,-1.5624121,2.037588,3.037588,1.347588,2.0475879,2.477588,1.1775879,2.5575879,-1.1724122,-3.6024122,-3.2024121,-0.9324121,-3.062412,-2.592412,-2.222412,-4.952412,-6.2924123,-7.0024123,-7.2724123,-8.172412,-8.622412,-8.812412,-8.332412,-8.692412,-5.882412,-7.5424123,-7.452412,-7.0424123,-3.8824122,2.477588,3.0875878,-3.232412,-2.332412,-1.1224121,-2.972412,-3.232412,-3.3624122,-2.6824121
-3.772412,-2.792412,-3.212412,-2.1624122,-3.1524122,-3.2024121,-1.1024121,-1.9124122,-1.9324121,0.9475879,-0.30241212,-2.842412,-0.5424121,-1.4224122,-1.0824121,-0.5024121,-4.2324123,-4.352412,-4.862412,-2.722412,-5.322412,-5.902412,-6.222412,-5.912412,-5.672412,-5.932412,-6.552412,-2.472412,-6.142412,-6.892412,-7.922412,-7.0624123,-4.882412,-4.5024123,-3.6524122,2.417588,-0.04241211,-0.5324121,0.01758789,-0.7024121,-2.292412
-1.9224122,-2.3824122,-1.4124122,-1.402412,-2.232412,-2.2024121,-1.9324121,-1.1624122,-1.282412,-0.2624121,0.037587892,-2.1924121,-2.6324122,-4.412412,-1.4124122,-0.5924121,-3.1424122,-3.482412,-2.3824122,-2.9224122,-4.0624123,-4.352412,-3.3624122,-1.9724121,-3.7024121,-3.9424121,-4.352412,-4.702412,-4.372412,-4.472412,-5.242412,-4.862412,-3.9524121,-2.9524121,-0.9124121,0.5975879,0.73758787,-3.062412,4.117588,-0.1624121,1.9475878
-3.1424122,-3.042412,-2.1924121,-2.292412,-1.2124121,-1.3924121,-1.2124121,-0.2424121,-1.4124122,-1.6824121,-0.8924121,-1.4224122,-3.072412,-5.862412,-0.7924121,-1.6624122,-3.532412,-1.1624122,-0.6624121,-1.8824121,-0.7124121,-3.242412,-5.2924123,-4.182412,-3.832412,-3.3924122,-4.3124123,-4.512412,-5.5224123,-4.452412,-5.072412,-4.222412,-4.782412,-4.0624123,-3.1524122,-2.1724122,-1.0624121,3.8275878,6.697588,4.257588,4.907588
-1.0824121,-2.3724122,-1.8024122,-1.6024121,-0.9124121,-0.9824121,-0.5624121,-0.57241213,-0.8124121,-1.5824121,-2.4024122,-0.7724121,-3.1124122,-5.302412,-2.042412,-2.4424121,-2.522412,-1.1824121,-0.9524121,-0.4124121,-3.9524121,-5.572412,-4.5824122,-4.032412,-3.782412,-1.8624121,-2.212412,-2.552412,-2.3624122,-3.482412,-3.462412,-3.1824121,-1.8724121,-0.7924121,-0.82241213,0.9175879,0.5075879,-0.6824121,0.4375879,-0.15241212,1.6275879
-3.062412,-1.2024121,-1.0124121,-1.0224121,-1.2524121,-1.6924121,-2.3624122,-1.5124121,-1.652412,-1.902412,-3.322412,-1.7124121,-1.9124122,-2.252412,0.2675879,-2.9224122,-4.532412,-3.712412,-6.242412,-6.942412,-2.802412,-6.952412,-5.262412,-4.392412,-3.992412,-4.402412,-4.902412,-4.382412,-3.492412,-3.822412,-1.9624121,-0.8724121,-0.4524121,0.1775879,1.3275878,0.05758789,2.0775878,0.6675879,2.0575879,0.5675879,0.92758787
-1.3224121,-2.262412,-1.5824121,-1.3424121,-1.6724122,-1.1124121,-1.1824121,-1.7924122,-2.582412,-1.6024121,-1.2024121,-2.4124122,-1.1624122,-2.4424121,-1.3824121,-1.8224121,-4.362412,-2.7024121,-6.882412,-3.522412,-4.5824122,-4.962412,-4.342412,-4.012412,-3.9024122,-3.812412,-4.362412,-3.962412,-3.812412,-2.7024121,-1.0524122,-0.7024121,-0.9324121,-1.1724122,-1.6024121,0.19758789,1.0675879,0.6475879,0.5875879,-0.9524121,1.8175879
-0.5224121,-2.042412,-0.7524121,-0.5424121,1.9475878,-0.5624121,-0.2524121,-1.7124121,0.06758789,-1.0624121,0.04758789,-2.012412,-0.7324121,0.12758788,0.3975879,-1.5924121,-2.242412,1.5475879,1.2875879,1.2275879,-3.1224122,-3.032412,-2.9524121,-3.282412,-3.792412,-2.992412,-3.1524122,-2.3824122,-2.3824122,-1.7324121,-0.9324121,-0.82241213,-1.652412,-2.1624122,-1.2924122,-1.8424121,-1.7924122,-1.0424122,-0.30241212,1.5775878,1.2775879
0.0075878906,-0.6124121,0.09758789,-0.7924121,-0.5624121,-0.23241211,-0.63241214,-1.282412,-2.6124122,-1.3724121,-0.43241212,-2.542412,-0.7024121,0.7675879,1.7075878,1.6675879,0.9475879,0.80758786,1.347588,0.6275879,1.1175879,0.3675879,-0.9024121,-1.9224122,-2.242412,-2.042412,-1.8224121,-1.9924121,-1.3724121,-1.7324121,-2.572412,-2.472412,-0.9324121,0.8275879,-0.2424121,-0.5224121,-0.11241211,0.8475879,0.5175879,1.5175879,0.6275879
1.2875879,0.4575879,1.3875879,-0.46241212,-0.3524121,-0.7324121,-1.4724121,-0.19241211,-0.3424121,-2.4024122,-0.7024121,-1.8424121,-3.002412,-1.9324121,-1.6824121,-1.3224121,-1.652412,-0.63241214,-0.2424121,-0.052412108,-0.02241211,-0.63241214,-1.3124121,-2.2024121,-2.4124122,-2.3724122,-1.8224121,-2.4124122,-2.6424122,-2.6824121,-2.032412,-2.312412,-1.8824121,-1.6924121,-1.1724122,-0.8724121,0.04758789,0.73758787,0.98758787,-0.3824121,1.5775878
0.8375879,0.7175879,-0.6124121,0.44758788,-0.14241211,-0.19241211,-0.012412109,-1.1424121,-0.7024121,-0.3524121,-0.8024121,-1.5424122,-1.2324121,-0.7124121,-1.4324121,-0.69241214,-0.88241214,0.8275879,1.0775878,1.6475879,1.6875879,-0.3224121,-1.5524122,-1.3824121,-1.6124121,-1.782412,-1.7524121,-1.5524122,-1.1824121,-1.2424121,-1.902412,-0.5924121,-2.082412,-1.8124121,-1.2724121,-0.6024121,-0.06241211,0.7175879,2.027588,1.2575879,1.9375879
