wind.json
{"header": {"discipline":0,"disciplineName":"Meteorological products","gribEdition":2,"gribLength":953,"center":7,"centerName":"US National Weather Service - NCEP(WMC)","subcenter":0,"refTime":"2023-06-28T12:00:00.000Z","significanceOfRT":1,"significanceOfRTName":"Start of forecast","productStatus":0,"productStatusName":"Operational products","productType":1,"productTypeName":"Forecast products","productDefinitionTemplate":0,"productDefinitionTemplateName":"Analysis/forecast at horizontal level/layer at a point in time","parameterCategory":0,"parameterCategoryName":"UnknownDiscipline_0_Category_0","parameterNumber":0,"parameterNumberName":"UnknownParameter_D0_C0_0","parameterUnit":"Unknown","genProcessType":2,"genProcessTypeName":"Forecast","forecastTime":300,"surface1Type":1,"surface1TypeName":"Ground or water surface","surface1Value":0.0,"surface2Type":255,"surface2TypeName":"Missing","surface2Value":0.0,"gridDefinitionTemplate":0,"gridDefinitionTemplateName":"Latitude_Longitude","numberPoints":688,"shape":6,"shapeName":"Earth spherical with radius of 6,371,229.0 m","gridUnits":"degrees","resolution":48,"winds":"true","scanMode":64,"nx":43,"ny":16,"basicAngle":0,"lo1":45.0,"la1":40.0,"lo2":87.0,"la2":55.0,"dx":1.0,"dy":1.0}, "data":
[rows 0 to 15 of 16, columns 0 to 42 of 43]
283.18506,281.68506,297.58505,301.18506,299.48505,298.08505,297.38507,295.48505,303.28506,301.68506,303.08505,301.88507,303.68506,302.18506,301.48505,303.08505,302.78506,301.68506,299.98505,299.38507,299.68506,297.18506,295.68506,295.68506,292.18506,289.48505,289.68506,282.48505,276.58505,276.28506,278.18506,290.68506,290.58505,293.88507,298.58505,300.18506,298.78506,301.88507,301.18506,301.48505,301.68506,300.38507,300.08505
289.58505,297.88507,299.18506,291.18506,292.88507,297.28506,297.18506,295.58505,301.68506,304.38507,303.18506,303.88507,301.88507,303.88507,303.88507,302.88507,302.58505,299.18506,298.38507,298.08505,298.78506,298.28506,298.78506,293.58505,294.88507,291.78506,291.58505,293.88507,291.08505,276.78506,276.38507,276.38507,275.68506,277.78506,288.28506,294.48505,299.48505,300.68506,300.68506,302.38507,301.98505,301.78506,301.48505
288.48505,289.08505,277.28506,292.78506,297.58505,297.48505,297.28506,295.18506,305.88507,303.48505,302.68506,301.78506,303.18506,302.38507,304.28506,301.38507,301.98505,299.18506,297.28506,298.18506,295.78506,295.58505,296.28506,295.78506,292.48505,287.58505,273.38507,274.88507,282.38507,275.38507,277.58505,273.88507,278.58505,272.68506,280.28506,269.08505,277.08505,294.18506,292.78506,297.38507,303.48505,295.28506,283.58505
289.38507,290.58505,294.88507,297.48505,297.58505,297.68506,296.78506,304.28506,304.28506,303.78506,302.38507,301.78506,299.28506,301.18506,298.08505,298.28506,298.58505,298.18506,298.18506,296.28506,296.18506,296.28506,294.78506,295.88507,296.08505,287.98505,288.58505,287.28506,288.28506,289.08505,289.78506,281.48505,276.18506,277.88507,282.78506,282.28506,284.68506,284.98505,277.28506,280.38507,281.58505,281.18506,280.18506
295.08505,298.98505,297.48505,297.88507,298.28506,297.58505,298.18506,302.68506,301.38507,302.38507,301.58505,299.98505,299.38507,297.58505,295.28506,294.68506,299.28506,297.58505,298.58505,298.58505,297.28506,296.28506,294.98505,289.68506,291.68506,292.08505,290.28506,292.18506,292.88507,292.38507,289.68506,289.78506,291.28506,290.18506,295.48505,294.48505,294.28506,290.48505,280.38507,278.58505,282.88507,294.28506,296.88507
296.98505,298.98505,299.18506,298.38507,298.18506,298.78506,300.68506,301.88507,302.38507,300.68506,301.08505,299.88507,297.98505,296.88507,295.78506,295.18506,292.18506,298.38507,297.78506,296.08505,292.48505,296.48505,295.48505,294.38507,292.98505,292.28506,291.28506,291.98505,291.18506,291.08505,290.58505,290.48505,291.98505,287.38507,282.08505,275.68506,286.38507,295.68506,296.28506,302.08505,302.28506,300.58505,300.78506
296.78506,298.68506,299.48505,297.58505,299.08505,297.88507,297.78506,297.58505,303.98505,301.98505,301.08505,300.38507,299.18506,298.68506,294.48505,294.38507,294.58505,296.08505,298.28506,296.38507,297.98505,296.58505,294.28506,293.38507,292.58505,292.48505,291.98505,291.38507,291.38507,290.68506,291.48505,293.08505,291.88507,291.68506,290.48505,289.08505,290.28506,290.18506,289.58505,290.88507,299.08505,301.18506,298.78506
297.68506,300.68506,300.18506,302.18506,301.68506,302.38507,302.28506,303.68506,303.38507,302.08505,300.98505,300.08505,298.38507,297.08505,296.58505,295.38507,294.88507,295.08505,294.28506,296.08505,296.68506,295.28506,294.48505,294.28506,294.08505,292.98505,292.68506,292.98505,291.48505,292.98505,292.28506,290.88507,290.28506,290.38507,290.28506,292.18506,290.58505,290.18506,285.58505,283.18506,282.18506,285.68506,293.98505
297.38507,298.28506,301.28506,301.38507,302.38507,303.28506,303.68506,302.58505,302.18506,300.78506,298.38507,297.68506,296.68506,295.68506,294.08505,294.28506,293.88507,295.18506,294.38507,295.48505,294.48505,292.28506,291.38507,291.28506,291.38507,291.88507,291.28506,288.38507,288.58505,289.88507,287.78506,288.48505,286.98505,287.18506,286.48505,284.68506,284.88507,288.28506,290.88507,288.28506,289.98505,290.88507,288.48505
292.88507,301.58505,301.98505,301.38507,303.18506,300.38507,301.78506,300.48505,299.68506,298.88507,297.28506,294.98505,293.08505,293.28506,290.98505,291.88507,291.98505,293.48505,292.78506,291.98505,291.38507,290.18506,288.38507,288.28506,289.48505,289.68506,287.98505,288.48505,285.48505,285.58505,283.98505,283.28506,284.08505,284.18506,285.38507,286.38507,286.38507,284.78506,286.08505,286.18506,282.08505,282.58505,282.88507
299.08505,297.78506,298.58505,300.58505,300.28506,301.38507,298.88507,298.28506,297.08505,295.58505,293.88507,292.28506,290.18506,289.18506,289.98505,289.98505,290.88507,291.28506,291.88507,290.58505,290.08505,290.68506,288.88507,289.18506,289.18506,288.88507,290.88507,289.98505,289.18506,289.18506,287.68506,285.48505,285.98505,287.98505,288.08505,287.78506,286.98505,286.38507,282.68506,283.98505,280.98505,281.18506,280.28506
297.88507,292.98505,296.08505,297.48505,297.98505,296.98505,295.88507,295.98505,294.38507,292.58505,291.58505,289.68506,287.38507,286.28506,288.58505,287.98505,288.58505,289.38507,289.38507,290.08505,290.48505,289.08505,288.58505,288.38507,288.48505,288.98505,289.18506,288.48505,285.88507,288.88507,288.48505,288.88507,289.58505,287.78506,286.78506,286.38507,285.78506,284.58505,282.08505,278.98505,279.58505,281.38507,280.68506
297.38507,292.08505,294.88507,292.98505,295.28506,296.08505,293.98505,293.08505,291.48505,289.78506,287.58505,287.58505,285.48505,284.48505,287.18506,287.28506,287.58505,288.98505,289.18506,289.38507,288.68506,288.08505,286.78506,285.88507,286.18506,286.18506,285.88507,286.98505,286.48505,287.58505,288.28506,287.48505,285.68506,286.58505,286.78506,286.38507,286.48505,286.68506,285.58505,286.48505,285.78506,284.88507,284.28506
292.98505,292.78506,293.38507,291.38507,293.68506,292.28506,292.48505,291.58505,289.38507,287.88507,285.18506,284.08505,282.48505,282.88507,285.08505,285.98505,286.88507,287.28506,287.98505,287.58505,287.48505,285.78506,285.58505,285.78506,285.78506,286.28506,287.68506,288.38507,289.48505,288.78506,288.28506,287.48505,286.08505,287.68506,287.38507,285.38507,285.78506,285.68506,286.38507,286.18506,285.38507,285.68506,286.48505
292.98505,294.38507,291.58505,290.98505,291.98505,292.08505,291.28506,290.38507,287.18506,287.78506,284.88507,283.68506,284.28506,283.68506,283.48505,285.58505,289.18506,287.18506,288.58505,286.48505,286.08505,285.78506,286.28506,286.08505,287.08505,287.18506,287.78506,288.78506,287.48505,286.78506,285.78506,287.48505,287.98505,286.08505,285.78506,286.78506,285.08505,285.38507,285.38507,285.28506,285.08505,284.48505,285.98505
294.38507,294.38507,290.68506,290.58505,291.78506,292.28506,291.28506,289.08505,288.28506,286.88507,286.38507,284.98505,286.58505,282.88507,285.18506,285.98505,289.58505,287.28506,287.18506,286.88507,286.08505,285.68506,285.88507,285.58505,284.78506,287.78506,287.48505,286.68506,285.78506,286.98505,285.48505,286.98505,285.08505,283.88507,284.78506,285.48505,285.38507,285.38507,285.58505,284.78506,285.28506,285.78506,284.98505
