wind_kz.json
{"header": {"discipline":0,"disciplineName":"Meteorological products","gribEdition":2,"gribLength":948,"center":7,"centerName":"US National Weather Service - NCEP(WMC)","subcenter":0,"refTime":"2023-08-25T18:00:00.000Z","significanceOfRT":1,"significanceOfRTName":"Start of forecast","productStatus":0,"productStatusName":"Operational products","productType":1,"productTypeName":"Forecast products","productDefinitionTemplate":0,"productDefinitionTemplateName":"Analysis/forecast at horizontal level/layer at a point in time","parameterCategory":0,"parameterCategoryName":"UnknownDiscipline_0_Category_0","parameterNumber":0,"parameterNumberName":"UnknownParameter_D0_C0_0","parameterUnit":"Unknown","genProcessType":2,"genProcessTypeName":"Forecast","forecastTime":300,"surface1Type":1,"surface1TypeName":"Ground or water surface","surface1Value":0.0,"surface2Type":255,"surface2TypeName":"Missing","surface2Value":0.0,"gridDefinitionTemplate":0,"gridDefinitionTemplateName":"Latitude_Longitude","numberPoints":615,"shape":6,"shapeName":"Earth spherical with radius of 6,371,229.0 m","gridUnits":"degrees","resolution":48,"winds":"true","scanMode":64,"nx":41,"ny":15,"basicAngle":0,"lo1":47.0,"la1":41.0,"lo2":87.0,"la2":55.0,"dx":1.0,"dy":1.0}, "data":
[rows 0 to 14 of 15, columns 0 to 40 of 41]
312.56833,299.66833,311.46832,298.46832,298.36835,297.56833,310.86835,318.06833,314.56833,314.46832,313.46832,314.16833,313.86835,313.36835,313.16833,314.96832,314.06833,313.26834,315.76834,315.76834,318.26834,313.66833,311.56833,311.16833,314.56833,311.96832,310.16833,300.96832,297.86835,295.76834,290.16833,281.16833,293.66833,305.56833,315.26834,320.96832,321.56833,325.36835,326.36835,327.66833,326.86835
291.76834,311.06833,298.26834,298.36835,298.46832,297.26834,318.16833,315.86835,313.46832,313.26834,314.26834,313.16833,313.76834,311.66833,309.86835,312.06833,314.96832,315.36835,314.16833,315.96832,314.96832,312.06833,312.26834,301.96832,296.96832,297.16833,306.66833,302.56833,300.66833,290.86835,296.86835,288.46832,298.86835,272.56833,292.56833,306.76834,303.46832,313.46832,320.56833,311.96832,286.16833
312.46832,297.96832,298.56833,298.76834,297.26834,312.96832,312.96832,313.16833,310.96832,311.46832,311.86835,312.46832,311.96832,312.76834,312.26834,313.96832,314.36835,314.26834,313.76834,314.36835,316.86835,315.36835,308.86835,304.66833,310.06833,310.96832,312.16833,311.66833,310.66833,300.96832,290.26834,290.96832,304.16833,301.66833,301.46832,298.36835,289.76834,291.56833,294.06833,292.56833,289.46832
312.56833,298.26834,298.66833,297.86835,300.36835,313.16833,312.96832,312.26834,311.56833,312.26834,311.06833,309.56833,294.46832,293.76834,311.46832,311.26834,309.96832,314.56833,314.76834,314.26834,310.16833,308.46832,313.16833,312.26834,311.96832,311.06833,312.96832,314.06833,316.96832,315.06833,314.66833,312.86835,313.76834,313.16833,312.66833,308.96832,288.96832,284.36835,292.76834,310.26834,312.96832
311.06833,297.46832,298.06833,297.76834,304.36835,312.66833,312.16833,312.96832,308.56833,308.26834,308.86835,305.86835,293.96832,292.66833,290.86835,310.46832,309.56833,307.66833,309.56833,310.06833,311.66833,312.06833,313.36835,312.66833,314.06833,314.66833,310.66833,305.36835,313.76834,314.06833,315.06833,310.66833,297.26834,288.96832,301.16833,310.76834,310.66833,321.36835,320.86835,311.76834,306.96832
313.36835,312.86835,295.76834,296.36835,297.36835,296.56833,315.16833,307.36835,305.96832,307.36835,307.56833,306.36835,295.86835,293.86835,301.16833,305.56833,307.96832,307.26834,308.26834,309.46832,310.36835,309.46832,310.56833,310.56833,311.56833,310.86835,312.46832,292.36835,307.96832,308.26834,310.36835,310.26834,311.76834,309.96832,305.76834,307.06833,301.66833,296.06833,311.86835,307.26834,305.56833
312.56833,314.26834,313.96832,313.26834,307.26834,309.36835,309.06833,309.96832,306.46832,302.26834,306.16833,306.76834,308.26834,309.66833,306.76834,305.86835,307.16833,307.36835,306.56833,308.46832,307.66833,307.56833,307.46832,306.06833,303.46832,306.06833,306.86835,307.76834,308.76834,308.96832,313.16833,311.56833,315.46832,312.26834,307.96832,305.06833,300.76834,296.16833,297.16833,295.76834,299.36835
309.86835,311.76834,311.46832,311.76834,312.66833,310.56833,313.66833,309.96832,308.26834,307.06833,304.96832,306.56833,306.46832,305.36835,309.26834,308.36835,307.66833,306.66833,304.36835,303.06833,303.26834,305.46832,306.26834,305.66833,303.96832,299.66833,299.86835,302.76834,303.66833,307.06833,296.16833,293.76834,293.66833,299.46832,303.66833,308.26834,308.96832,289.46832,305.36835,307.46832,304.96832
308.96832,309.96832,310.66833,313.06833,310.76834,311.16833,309.96832,309.46832,307.76834,305.36835,305.26834,301.26834,303.16833,306.16833,307.36835,308.06833,305.76834,305.46832,302.66833,301.36835,298.66833,299.56833,300.96832,301.76834,300.16833,299.66833,298.46832,298.36835,299.26834,296.66833,300.06833,299.76834,292.46832,290.46832,300.16833,294.86835,297.16833,296.46832,288.86835,289.76834,291.66833
308.76834,308.76834,310.06833,309.76834,301.86835,308.76834,310.26834,305.46832,303.26834,303.86835,301.36835,301.06833,303.56833,302.86835,303.56833,304.66833,304.96832,303.56833,301.66833,300.46832,299.46832,299.06833,299.26834,299.16833,298.76834,297.26834,296.26834,296.26834,289.26834,298.06833,288.26834,295.56833,299.06833,298.96832,290.46832,293.46832,288.76834,290.06833,284.86835,288.06833,287.56833
304.96832,304.96832,305.16833,303.96832,300.36835,304.96832,304.66833,303.26834,302.86835,300.76834,299.76834,300.16833,301.66833,301.96832,301.86835,303.46832,304.86835,300.36835,294.26834,298.96832,299.06833,297.16833,296.36835,295.36835,294.16833,294.56833,288.86835,289.06833,292.56833,293.96832,297.36835,292.36835,286.56833,286.06833,291.56833,293.56833,284.06833,280.86835,288.56833,284.96832,285.76834
304.86835,307.36835,305.76834,304.36835,300.36835,299.26834,298.76834,298.26834,300.36835,299.86835,297.96832,298.86835,301.16833,298.86835,298.66833,294.36835,287.86835,287.66833,297.26834,296.06833,293.06833,291.86835,290.96832,291.96832,285.76834,286.36835,287.86835,292.46832,294.96832,295.56833,294.26834,296.36835,290.96832,289.86835,289.56833,289.86835,289.06833,286.56833,283.56833,286.06833,287.56833
299.76834,300.16833,302.16833,301.16833,298.66833,296.86835,297.56833,298.86835,298.96832,296.76834,295.06833,294.96832,294.86835,292.06833,287.36835,286.46832,286.56833,286.26834,295.16833,292.16833,292.26834,285.76834,285.76834,283.96832,286.36835,290.76834,292.36835,288.06833,290.66833,286.16833,288.56833,287.66833,290.56833,290.26834,290.46832,284.96832,285.66833,289.06833,284.16833,283.96832,286.06833
296.16833,295.36835,292.06833,295.86835,298.66833,299.16833,298.06833,296.26834,297.76834,296.06833,293.76834,290.76834,289.66833,285.76834,285.36835,286.66833,285.36835,295.16833,294.16833,294.16833,291.56833,287.76834,290.36835,289.86835,288.66833,292.36835,285.36835,285.26834,283.56833,283.66833,287.06833,288.36835,286.86835,283.66833,284.96832,286.76834,284.86835,286.46832,284.36835,284.86835,285.86835
294.46832,298.36835,289.86835,299.46832,298.36835,297.46832,296.16833,295.76834,296.36835,296.06833,293.46832,285.36835,283.46832,284.06833,285.36835,283.76834,287.86835,295.26834,294.36835,293.06833,291.16833,291.96832,292.16833,286.66833,288.96832,288.86835,285.56833,284.96832,286.06833,288.06833,286.46832,286.36835,285.66833,282.06833,282.16833,283.86835,284.56833,284.26834,283.96832,283.26834,284.96832
