wind_kz.json
{"header": {"discipline":0,"disciplineName":"Meteorological products","gribEdition":2,"gribLength":871,"center":7,"centerName":"US National Weather Service - NCEP(WMC)","subcenter":0,"refTime":"2023-08-07T06:00:00.000Z","significanceOfRT":1,"significanceOfRTName":"Start of forecast","productStatus":0,"productStatusName":"Operational products","productType":1,"productTypeName":"Forecast products","productDefinitionTemplate":0,"productDefinitionTemplateName":"Analysis/forecast at horizontal level/layer at a point in time","parameterCategory":0,"parameterCategoryName":"UnknownDiscipline_0_Category_0","parameterNumber":0,"parameterNumberName":"UnknownParameter_D0_C0_0","parameterUnit":"Unknown","genProcessType":2,"genProcessTypeName":"Forecast","forecastTime":180,"surface1Type":1,"surface1TypeName":"Ground or water surface","surface1Value":0.0,"surface2Type":255,"surface2TypeName":"Missing","surface2Value":0.0,"gridDefinitionTemplate":0,"gridDefinitionTemplateName":"Latitude_Longitude","numberPoints":615,"shape":6,"shapeName":"Earth spherical with radius of 6,371,229.0 m","gridUnits":"degrees","resolution":48,"winds":"true","scanMode":64,"nx":41,"ny":15,"basicAngle":0,"lo1":47.0,"la1":41.0,"lo2":87.0,"la2":55.0,"dx":1.0,"dy":1.0}, "data":
[rows 0 to 14 of 15, columns 0 to 40 of 41]
301.3294,290.92938,295.6294,298.1294,297.5294,296.92938,300.92938,303.0294,300.7294,302.3294,298.92938,300.42938,300.1294,299.42938,298.8294,295.6294,296.42938,297.1294,296.2294,296.92938,295.7294,293.1294,293.1294,286.8294,293.3294,292.3294,289.2294,274.8294,274.1294,276.0294,278.0294,283.42938,292.5294,297.92938,299.3294,299.92938,299.42938,301.0294,302.0294,300.3294,300.92938
281.7294,295.92938,298.1294,298.6294,298.3294,296.5294,302.2294,300.2294,298.92938,298.92938,300.5294,298.6294,296.8294,296.0294,294.6294,294.7294,295.2294,294.6294,294.0294,293.1294,293.42938,295.42938,293.42938,286.6294,278.6294,276.8294,285.6294,274.5294,278.5294,271.0294,278.3294,273.42938,283.3294,259.7294,280.42938,293.7294,292.92938,296.1294,300.2294,290.8294,284.5294
299.42938,298.2294,298.7294,298.6294,296.3294,299.8294,300.5294,299.6294,298.7294,298.2294,297.5294,297.7294,293.5294,294.42938,296.2294,294.3294,293.5294,292.5294,292.3294,293.2294,295.3294,295.42938,295.5294,289.1294,286.92938,289.0294,287.7294,287.3294,287.1294,278.6294,271.2294,274.0294,278.8294,279.7294,281.42938,282.5294,272.1294,275.2294,278.8294,275.1294,275.8294
297.92938,298.8294,299.0294,298.3294,297.3294,299.8294,301.1294,300.5294,300.7294,300.1294,299.2294,297.1294,296.8294,295.92938,295.0294,293.6294,296.2294,295.8294,296.1294,293.1294,292.7294,290.3294,295.2294,294.3294,292.0294,293.5294,294.2294,291.42938,290.42938,290.7294,290.5294,287.92938,294.0294,291.2294,287.2294,285.92938,273.6294,274.1294,278.6294,287.3294,291.5294
302.5294,299.3294,299.7294,299.6294,299.8294,302.1294,303.7294,304.6294,302.7294,302.2294,301.3294,299.8294,297.7294,296.3294,293.2294,298.1294,298.3294,297.2294,294.3294,296.8294,296.0294,296.1294,293.0294,294.1294,293.92938,294.0294,290.7294,291.7294,288.1294,290.42938,293.92938,286.42938,277.3294,269.1294,280.2294,290.42938,293.8294,295.92938,295.3294,295.5294,295.8294
305.2294,298.92938,299.42938,299.3294,299.5294,298.8294,301.8294,300.2294,302.42938,302.6294,302.2294,301.92938,297.0294,296.42938,295.7294,296.2294,300.6294,299.1294,299.42938,298.3294,297.3294,296.5294,294.6294,293.92938,293.6294,292.8294,294.0294,293.92938,287.92938,293.2294,291.3294,293.5294,291.1294,288.3294,286.0294,289.6294,281.3294,286.2294,292.0294,295.8294,295.3294
303.42938,299.7294,302.1294,301.5294,300.3294,302.2294,300.5294,300.5294,302.3294,303.5294,304.1294,302.42938,305.1294,302.3294,299.2294,299.3294,300.5294,302.1294,301.0294,297.1294,298.7294,297.7294,295.3294,294.92938,293.1294,292.7294,292.2294,293.5294,291.8294,291.8294,291.2294,291.2294,291.0294,291.6294,290.8294,288.3294,282.3294,280.42938,276.8294,276.8294,289.8294
301.5294,302.92938,304.7294,303.8294,305.5294,304.7294,303.8294,303.6294,303.2294,303.1294,300.8294,302.5294,301.6294,302.3294,301.42938,302.0294,300.6294,300.8294,300.2294,296.6294,296.92938,295.92938,295.2294,292.7294,290.6294,289.5294,290.5294,289.0294,286.7294,288.1294,287.0294,287.1294,285.5294,282.7294,282.8294,286.92938,287.6294,289.0294,287.0294,287.6294,286.0294
298.0294,299.7294,301.5294,301.2294,304.92938,305.8294,304.6294,303.8294,305.1294,301.92938,301.7294,300.42938,301.3294,299.5294,298.6294,298.5294,298.1294,298.0294,296.8294,296.0294,290.5294,293.0294,293.0294,290.0294,291.0294,290.6294,285.1294,281.7294,281.1294,278.92938,280.92938,280.7294,281.5294,284.6294,285.42938,283.8294,283.6294,282.5294,273.7294,273.92938,270.1294
296.6294,298.3294,298.92938,299.7294,299.8294,301.8294,300.1294,300.6294,301.0294,299.8294,299.0294,298.2294,298.92938,297.8294,298.7294,298.5294,296.92938,296.0294,294.8294,292.5294,289.92938,289.2294,292.5294,292.6294,287.6294,284.42938,282.8294,283.2294,282.5294,282.42938,280.5294,284.6294,287.3294,285.42938,283.6294,285.0294,281.6294,278.8294,274.1294,274.8294,272.1294
295.2294,296.1294,296.0294,296.8294,297.42938,298.3294,297.8294,297.7294,297.3294,295.8294,296.0294,297.1294,297.8294,294.92938,295.2294,294.8294,293.8294,292.8294,291.1294,288.2294,288.2294,286.5294,286.3294,284.2294,286.0294,285.7294,283.2294,283.0294,282.92938,283.0294,284.42938,287.1294,284.42938,283.3294,284.6294,280.7294,279.42938,277.5294,274.42938,275.6294,276.0294
292.42938,293.7294,293.1294,293.7294,294.0294,294.8294,295.5294,294.6294,293.0294,291.6294,293.3294,293.7294,294.0294,292.3294,292.6294,290.92938,290.3294,289.2294,287.2294,287.3294,285.2294,284.6294,284.8294,284.3294,284.2294,285.3294,286.8294,288.2294,288.1294,286.3294,281.0294,282.6294,285.8294,281.2294,280.8294,284.1294,282.5294,282.7294,282.2294,281.1294,281.42938
289.92938,291.42938,292.1294,293.3294,292.92938,294.92938,294.8294,294.8294,291.7294,290.2294,287.6294,285.6294,287.5294,287.8294,288.92938,287.2294,286.92938,287.0294,287.2294,284.0294,284.2294,282.8294,281.42938,281.5294,282.8294,286.5294,288.5294,286.7294,283.0294,284.6294,285.0294,282.42938,280.6294,278.92938,279.6294,284.2294,283.1294,283.8294,283.2294,283.2294,283.3294
289.6294,292.1294,294.6294,293.7294,291.5294,290.7294,292.5294,291.0294,292.3294,290.42938,288.5294,286.7294,287.7294,287.7294,287.0294,286.7294,286.42938,286.2294,285.42938,284.3294,283.3294,281.6294,281.1294,282.3294,282.42938,282.6294,282.6294,281.5294,280.92938,280.7294,281.0294,280.0294,282.2294,282.42938,278.8294,279.5294,284.2294,280.8294,283.42938,282.8294,283.5294
289.2294,294.5294,292.7294,290.92938,291.3294,290.92938,292.7294,293.1294,295.2294,290.8294,293.8294,289.6294,287.2294,286.0294,286.8294,291.7294,286.6294,285.92938,283.6294,283.42938,282.5294,280.7294,279.92938,281.6294,282.7294,282.1294,286.3294,284.42938,282.6294,280.6294,280.3294,280.5294,281.5294,281.5294,282.6294,283.92938,281.6294,285.0294,285.2294,283.6294,284.0294
