wind_kz.json
{"header": {"discipline":0,"disciplineName":"Meteorological products","gribEdition":2,"gribLength":1025,"center":7,"centerName":"US National Weather Service - NCEP(WMC)","subcenter":0,"refTime":"2023-09-24T00:00:00.000Z","significanceOfRT":1,"significanceOfRTName":"Start of forecast","productStatus":0,"productStatusName":"Operational products","productType":1,"productTypeName":"Forecast products","productDefinitionTemplate":0,"productDefinitionTemplateName":"Analysis/forecast at horizontal level/layer at a point in time","parameterCategory":2,"parameterCategoryName":"UnknownDiscipline_0_Category_2","parameterNumber":2,"parameterNumberName":"UnknownParameter_D0_C2_2","parameterUnit":"Unknown","genProcessType":2,"genProcessTypeName":"Forecast","forecastTime":240,"surface1Type":103,"surface1TypeName":"Specified height level above ground","surface1Value":10.0,"surface2Type":255,"surface2TypeName":"Missing","surface2Value":0.0,"gridDefinitionTemplate":0,"gridDefinitionTemplateName":"Latitude_Longitude","numberPoints":615,"shape":6,"shapeName":"Earth spherical with radius of 6,371,229.0 m","gridUnits":"degrees","resolution":48,"winds":"true","scanMode":64,"nx":41,"ny":15,"basicAngle":0,"lo1":47.0,"la1":41.0,"lo2":87.0,"la2":55.0,"dx":1.0,"dy":1.0}, "data":
[rows 0 to 14 of 15, columns 0 to 40 of 41]
-2.354475,0.8455249,-0.6844751,-2.084475,-1.6844751,-0.8244751,-0.7044751,1.8555249,0.1455249,2.5555248,2.3155248,4.755525,7.165525,4.685525,4.595525,5.005525,3.0755248,2.735525,-0.3344751,-0.9444751,-2.2444751,0.3655249,1.5255249,-3.524475,1.0355248,-2.264475,-2.7044752,0.4755249,1.045525,0.5555249,0.3855249,1.0855249,0.3155249,0.1955249,-1.6744751,-2.794475,-2.764475,-3.254475,-2.7244751,-1.954475,-2.2044752
2.0055249,0.9955249,-0.8544751,0.6355249,0.045524903,-1.1644751,0.4455249,-0.2644751,1.795525,0.5955249,2.0655248,0.4455249,1.7755249,3.0855248,2.895525,-2.034475,1.4955249,-0.9144751,-1.2444751,-0.0944751,2.5355248,1.3755249,1.2555249,-3.074475,0.9655249,1.6355249,-0.104475096,1.1155249,-0.024475098,-0.8744751,0.1955249,-0.2044751,0.4055249,-3.254475,0.15552491,-0.4744751,-0.4044751,-0.0944751,0.2855249,1.675525,-1.4844751
-0.7344751,0.1755249,0.5255249,2.0055249,2.0555248,1.1155249,-0.0344751,1.9055248,1.2555249,0.8455249,1.2255249,1.0955249,-0.2644751,-1.314475,-3.624475,-2.354475,-0.074475095,0.8155249,0.8455249,2.5955248,2.7955248,2.0055249,0.015524902,-0.2844751,-0.5444751,-1.0144751,1.435525,2.7755249,0.1355249,-0.1944751,-0.44447508,1.7455249,-0.2544751,-0.2744751,0.30552492,-0.6144751,-0.2244751,0.5455249,-0.7244751,1.4955249,1.425525
-0.7944751,-0.2044751,0.4255249,1.6355249,3.925525,1.9755249,0.7855249,1.555525,1.8155249,1.1555248,1.5155249,1.6255249,1.5655249,1.6455249,1.1155249,0.8755249,-0.5644751,2.5155249,3.215525,3.635525,3.0355248,1.0355248,-1.314475,3.0055249,2.8455248,2.2655249,3.985525,-0.3244751,4.085525,1.4555249,-0.5844751,-1.194475,-1.1644751,-3.134475,-2.6744752,-2.104475,-1.8644751,1.7055249,1.3355249,-0.8744751,0.2555249
2.125525,1.7455249,1.4455249,2.635525,3.395525,3.865525,3.945525,3.0555248,3.0355248,2.5855248,2.5855248,3.3455248,3.3055248,3.7555249,4.1955247,4.455525,4.1755247,1.675525,1.4955249,3.965525,3.885525,3.495525,2.855525,2.705525,3.865525,2.865525,1.9455249,3.2955248,2.885525,2.495525,1.3755249,-2.364475,-1.5344751,1.2555249,-0.4244751,-1.3544751,-1.1744751,-2.4144752,-1.5944752,-0.3144751,0.69552493
-0.1744751,0.1855249,2.0155249,1.3755249,2.465525,3.5655248,3.655525,3.885525,3.495525,3.905525,2.995525,3.2755249,4.085525,5.745525,5.045525,4.255525,5.435525,3.445525,4.375525,3.235525,4.305525,3.2555249,3.5555248,3.355525,3.0955248,3.0755248,3.485525,1.3955249,1.5155249,0.8355249,1.0755249,-0.4844751,-0.104475096,-0.6244751,0.1355249,-4.8644753,0.7955249,-3.2044752,0.9155249,-1.444475,-2.564475
-0.2144751,1.2755249,1.9755249,2.245525,2.105525,2.2955248,2.8155248,3.0955248,3.195525,4.205525,4.2155247,2.885525,3.455525,3.0455248,3.965525,4.265525,4.4255247,5.1355247,3.105525,2.885525,4.255525,3.8255248,3.115525,3.0255249,3.195525,3.155525,2.895525,2.2655249,1.7055249,-0.3244751,-0.6644751,-1.1144751,-1.944475,-5.354475,-4.994475,-2.314475,-0.4644751,2.655525,-3.034475,2.165525,0.4655249
2.2755249,2.725525,3.0255249,3.115525,2.745525,2.695525,2.725525,3.165525,3.7955248,4.005525,3.7755249,3.465525,3.915525,2.665525,4.335525,5.035525,6.255525,5.475525,4.055525,5.725525,5.935525,3.5655248,3.705525,3.2855248,3.115525,1.1155249,1.805525,0.0955249,1.6555248,0.7555249,0.5455249,-1.0444751,-3.064475,1.425525,-1.8644751,-0.2444751,-1.3944751,-6.944475,-7.544475,-7.354475,-3.2044752
2.655525,2.7755249,3.5755248,3.165525,3.455525,3.195525,3.3355248,3.495525,4.005525,3.865525,3.8055248,3.105525,4.325525,3.675525,3.955525,5.275525,5.065525,4.325525,6.495525,5.575525,6.165525,3.615525,3.635525,3.8155248,2.735525,0.8555249,0.8155249,-0.2544751,0.6655249,0.005524902,1.0055249,0.2055249,2.0855248,-1.2344751,-2.094475,-4.274475,-0.6744751,-1.6744751,-2.534475,0.1455249,-2.7344751
2.245525,2.715525,3.2955248,4.145525,3.5255249,3.605525,3.5055249,3.655525,4.045525,3.185525,3.705525,2.945525,3.495525,4.025525,4.325525,5.845525,5.825525,4.665525,5.3855247,3.615525,2.445525,4.015525,4.845525,3.495525,1.4755249,0.4355249,1.1155249,0.8855249,0.5955249,1.3855249,0.6055249,1.1355249,-0.2044751,-1.824475,-1.204475,-2.4844751,-2.614475,-0.5644751,-1.7444751,-0.1844751,-1.9744751
2.695525,3.235525,3.865525,3.8255248,2.8255248,3.0955248,3.5555248,3.475525,3.365525,3.735525,2.945525,3.2855248,4.115525,4.645525,4.565525,5.745525,6.895525,4.995525,6.4255247,3.205525,3.235525,2.645525,2.455525,1.055525,1.185525,0.7255249,1.295525,1.3255249,0.9955249,2.145525,1.935525,-0.9144751,-2.834475,-1.5244751,-1.1044751,-2.624475,-1.7244751,0.1755249,-1.444475,0.6255249,-1.7144752
3.2755249,3.5655248,2.735525,3.2755249,3.0955248,2.855525,2.725525,2.655525,3.3155248,2.395525,1.7855248,3.7955248,4.725525,5.065525,5.2155247,5.315525,7.015525,2.5455248,0.3955249,-0.3744751,2.685525,1.8955249,0.9855249,0.8455249,1.3855249,2.155525,1.9655249,2.2855248,1.8555249,0.6355249,-0.9644751,-2.2144752,-2.4744751,-2.824475,-1.7144752,-1.3944751,-0.9944751,-0.7744751,-0.1444751,-0.5844751,-0.8644751
2.965525,0.6455249,2.205525,3.235525,3.875525,3.2755249,3.735525,4.305525,4.955525,3.5355248,1.055525,2.865525,5.4255247,3.885525,3.2655249,4.4455247,4.865525,2.395525,2.5155249,1.3155249,-3.054475,-1.4644752,0.5055249,0.3655249,2.465525,1.9555249,1.6255249,0.5055249,-0.55447507,-2.114475,-2.614475,-2.894475,-2.9044752,-2.6744752,-1.954475,-1.8744751,-1.5244751,-1.3444752,-1.6044751,-1.204475,-1.2344751
2.3155248,2.2955248,3.7555249,3.725525,4.435525,3.3055248,3.415525,4.125525,3.235525,3.3155248,1.6455249,1.6355249,3.445525,2.7755249,0.3155249,2.455525,0.8955249,-1.5044751,1.3455249,-0.3544751,0.3855249,-0.6844751,-0.3544751,-1.5244751,-1.324475,-0.6944751,-1.4344751,-0.5944751,-1.4844751,-2.024475,-2.4544752,-2.594475,-2.4044752,-2.2244751,-2.1844752,-1.9944751,-2.004475,-2.084475,-1.8044751,-1.1344751,-1.4244751
1.435525,2.865525,4.205525,2.605525,3.135525,3.495525,4.015525,3.415525,4.355525,2.685525,1.5055249,1.3655249,1.4855249,1.4655249,2.225525,2.415525,0.4455249,-0.014475098,1.805525,1.0155249,0.3455249,1.2455249,0.045524903,-1.9344751,-2.804475,-1.694475,-0.5144751,-0.4744751,-1.084475,-1.204475,-1.584475,-1.8444752,-1.6044751,-1.4144751,-0.9844751,-0.6744751,-1.1244751,0.005524902,-1.4644752,-1.3944751,-1.2144752
