wind_kz.json
[{"header":{"discipline":0,"disciplineName":"Meteorological products","gribEdition":2,"gribLength":948,"center":7,"centerName":"US National Weather Service - NCEP(WMC)","subcenter":0,"refTime":"2024-04-09T00:00:00.000Z","significanceOfRT":1,"significanceOfRTName":"Start of forecast","productStatus":0,"productStatusName":"Operational products","productType":1,"productTypeName":"Forecast products","productDefinitionTemplate":0,"productDefinitionTemplateName":"Analysis/forecast at horizontal level/layer at a point in time","parameterCategory":0,"parameterCategoryName":"UnknownDiscipline_0_Category_0","parameterNumber":0,"parameterNumberName":"UnknownParameter_D0_C0_0","parameterUnit":"Unknown","genProcessType":2,"genProcessTypeName":"Forecast","forecastTime":180,"surface1Type":1,"surface1TypeName":"Ground or water surface","surface1Value":0.0,"surface2Type":255,"surface2TypeName":"Missing","surface2Value":0.0,"gridDefinitionTemplate":0,"gridDefinitionTemplateName":"Latitude_Longitude","numberPoints":615,"shape":6,"shapeName":"Earth spherical with radius of 6,371,229.0 m","gridUnits":"degrees","resolution":48,"winds":"true","scanMode":64,"nx":41,"ny":15,"basicAngle":0,"lo1":47.0,"la1":41.0,"lo2":87.0,"la2":55.0,"dx":1.0,"dy":1.0},"data":[301.1,289.4,296.3,282.2,283.3,284.8,298.5,309.9,306.1,307.2,305.6,305.9,304.0,303.4,303.0,302.8,302.7,300.8,302.6,300.0,302.2,299.0,296.5,290.4,294.4,293.9,285.9,275.5,274.6,278.4,278.1,276.7,293.5,300.4,300.8,300.4,300.4,300.3,300.1,300.1,299.1,284.5,297.2,283.8,283.3,283.1,283.7,306.2,304.9,303.8,303.4,305.3,302.8,303.3,303.1,303.3,302.0,301.9,302.0,299.4,299.7,300.5,298.1,292.1,283.3,272.7,273.1,282.9,276.8,278.7,274.0,282.9,270.5,289.0,254.3,266.1,295.6,293.1,295.1,298.7,291.9,280.9,301.4,283.1,283.5,283.5,283.2,299.0,301.1,302.8,302.8,301.9,301.4,300.3,301.3,303.8,301.5,301.1,300.0,299.3,299.0,299.3,298.5,298.9,294.8,287.4,291.9,290.1,288.4,287.0,284.1,276.4,270.6,275.9,282.7,285.7,287.2,287.2,276.9,282.4,281.2,278.0,274.2,300.1,285.1,283.7,283.5,288.0,302.8,302.1,303.0,303.0,302.1,300.9,299.1,286.3,287.0,297.1,298.3,297.8,298.8,299.0,299.0,295.6,288.9,295.7,296.4,297.1,296.8,294.1,290.2,290.7,289.8,287.7,285.5,295.0,293.9,292.8,288.3,278.9,266.9,283.5,289.8,293.3,304.9,286.2,284.1,284.2,290.5,301.7,302.9,303.3,301.6,296.2,293.5,292.8,285.6,285.1,283.4,294.5,293.5,292.4,293.6,295.6,295.7,296.8,293.4,294.9,296.7,296.4,293.4,290.3,293.6,294.0,292.8,290.8,278.4,272.0,289.1,295.2,291.1,298.2,297.2,296.4,295.5,306.6,306.0,285.0,283.4,281.9,282.3,297.0,295.5,295.1,289.7,294.9,287.8,285.8,284.4,279.8,288.4,289.2,290.1,291.1,294.9,294.2,293.9,294.8,293.5,293.6,293.7,294.7,271.8,295.2,291.0,289.8,288.3,288.8,288.1,286.2,284.6,284.8,288.6,295.7,295.6,296.0,303.7,303.7,303.6,303.0,294.6,300.8,301.5,297.3,297.8,296.3,295.3,291.8,289.4,288.2,286.3,285.7,285.6,288.3,290.7,290.2,289.8,291.2,292.1,291.5,290.0,289.6,290.9,291.6,290.6,290.6,288.0,286.5,287.7,291.2,290.1,290.0,288.1,285.4,274.5,279.2,291.3,300.7,300.4,299.7,298.8,299.7,298.4,298.0,293.3,292.8,292.4,291.6,291.2,291.5,286.5,285.1,284.3,284.9,289.1,286.9,283.3,284.1,283.2,286.2,287.4,288.8,286.2,288.2,290.0,289.9,290.8,287.1,285.4,284.8,287.1,287.8,287.3,289.5,273.1,292.2,292.8,287.4,295.4,294.3,296.4,296.2,295.8,295.2,293.9,292.7,291.5,290.8,290.1,289.1,283.5,283.2,283.0,283.3,285.6,288.1,287.7,288.2,282.1,282.8,283.2,287.0,287.5,287.5,286.1,285.9,286.0,284.1,285.3,286.4,288.8,287.1,288.3,287.1,287.6,286.9,272.6,272.9,268.0,294.1,293.0,293.0,292.5,292.6,292.9,291.6,291.4,291.0,288.8,283.2,280.4,278.7,279.7,280.7,282.1,286.1,287.4,286.0,286.8,285.8,287.9,288.4,286.8,288.1,287.6,288.2,289.0,287.3,289.1,291.5,289.0,290.2,290.9,289.4,288.8,285.8,275.4,273.2,277.4,273.0,293.0,292.6,292.3,291.8,291.1,291.1,290.6,290.0,286.3,282.4,278.2,279.8,279.5,278.9,279.0,279.4,279.9,282.2,288.2,290.1,286.6,286.6,288.6,287.9,287.9,289.1,288.4,288.8,292.9,295.0,294.9,290.2,291.7,292.3,292.7,289.7,281.9,280.3,284.7,283.2,275.5,291.4,292.0,291.1,290.5,289.9,289.6,288.7,288.4,287.8,281.6,278.0,281.5,281.9,276.2,274.4,278.8,278.6,278.8,284.0,289.8,287.7,286.7,287.9,289.3,289.0,291.3,291.5,293.4,293.8,293.2,292.2,291.9,291.0,289.1,288.5,287.5,286.4,286.2,284.4,285.0,282.6,287.6,288.6,290.2,290.3,288.5,287.2,286.2,288.8,289.2,280.3,276.6,280.0,286.9,285.4,279.8,278.5,277.3,276.5,281.9,288.0,286.6,284.7,285.3,284.4,285.1,285.6,287.9,287.1,288.5,288.1,287.0,285.8,283.5,282.6,283.5,283.7,282.9,284.0,282.4,281.9,281.3,286.9,287.6,278.3,282.9,283.3,284.1,285.6,285.5,287.5,279.1,276.6,279.3,285.2,285.0,281.0,278.1,276.0,274.2,275.5,280.7,284.8,283.3,281.2,280.6,281.0,280.8,280.1,279.5,279.2,279.7,280.5,279.6,278.1,278.4,278.7,278.7,279.3,280.2,280.0,278.0,280.0,283.0,282.2,273.2,283.0,281.8,286.2,285.6,284.7,282.7,278.7,278.1,282.6,282.5,282.5,280.9,277.7,276.0,274.4,273.4,274.0,275.1,275.1,275.2,275.6,275.6,275.5,275.7,275.8,276.8,276.9,278.5,277.4,279.7,279.1,278.4,278.2,279.5,278.1,278.8,278.5,278.9]},{"header":{"discipline":0,"disciplineName":"Meteorological products","gribEdition":2,"gribLength":1102,"center":7,"centerName":"US National Weather Service - NCEP(WMC)","subcenter":0,"refTime":"2024-04-09T00:00:00.000Z","significanceOfRT":1,"significanceOfRTName":"Start of forecast","productStatus":0,"productStatusName":"Operational products","productType":1,"productTypeName":"Forecast products","productDefinitionTemplate":0,"productDefinitionTemplateName":"Analysis/forecast at horizontal level/layer at a point in time","parameterCategory":2,"parameterCategoryName":"UnknownDiscipline_0_Category_2","parameterNumber":2,"parameterNumberName":"UnknownParameter_D0_C2_2","parameterUnit":"Unknown","genProcessType":2,"genProcessTypeName":"Forecast","forecastTime":180,"surface1Type":103,"surface1TypeName":"Specified height level above ground","surface1Value":10.0,"surface2Type":255,"surface2TypeName":"Missing","surface2Value":0.0,"gridDefinitionTemplate":0,"gridDefinitionTemplateName":"Latitude_Longitude","numberPoints":615,"shape":6,"shapeName":"Earth spherical with radius of 6,371,229.0 m","gridUnits":"degrees","resolution":48,"winds":"true","scanMode":64,"nx":41,"ny":15,"basicAngle":0,"lo1":47.0,"la1":41.0,"lo2":87.0,"la2":55.0,"dx":1.0,"dy":1.0},"data":[0.7861115,1.5561115,-2.2938886,-2.0638885,-0.47388855,0.69611144,4.7561116,2.2461114,4.6861115,4.0461116,4.3161116,3.0561113,4.0761113,4.9161115,5.4761114,5.6661115,3.7861114,5.176111,4.8761115,5.7061114,6.8861113,2.8261116,2.3861115,2.6561115,-1.9538885,-6.1838884,-2.0838885,1.8861115,-0.15388855,2.0161114,1.0761114,0.6461114,-3.0838885,-0.89388853,-2.3638885,-1.4838885,0.10611145,-1.5938885,-0.49388856,0.26611146,-1.7438885,-0.07388855,-4.3538885,-3.0138886,-1.9838885,-0.69388855,-0.88388854,5.9161115,6.2361116,5.0361114,5.8361115,5.0061116,4.1061115,7.176111,6.3461113,4.7161117,4.8961115,5.3961115,6.2261114,6.4661117,7.1261115,6.3961115,6.1361113,2.2861114,4.0961113,1.5161115,0.54611146,0.69611144,3.1461115,3.6961114,3.2361114,0.8461115,0.62611145,0.5861114,-1.2138885,0.06611145,2.5161114,1.3061115,2.7161114,1.3161114,0.20611145,-2.8638885,-5.9938884,-5.2938886,-4.1838884,-3.4938886,-1.8838886,1.7261114,6.4861116,6.9761114,6.5861115,6.6561112,6.8361115,7.4561114,6.3261113,6.1461115,4.5161114,5.3361115,6.7461114,7.5261116,7.4061112,7.0361114,7.1561112,7.6161113,6.9961114,7.676111,8.886111,5.9961114,1.5261115,3.2061114,-3.5038886,0.87611145,1.2761115,-0.19388855,0.9661114,2.8161116,-4.4338884,-2.6438885,0.9761115,-0.7838886,3.7661114,1.6161114,-0.99388856,-6.2538886,-3.1338885,-1.9338886,-1.7238885,1.0761114,5.1461115,6.426111,7.3661113,7.6161113,8.066112,8.096111,8.806111,6.6661115,2.5861115,6.7061114,7.5261116,8.026112,8.126111,8.906112,9.226111,8.466111,9.556111,9.936111,10.736111,12.036111,11.346111,8.356112,0.66611147,6.2061114,3.3761115,3.9361115,4.3761115,11.126111,10.626111,8.516111,4.1561112,-0.01388855,1.4161115,-1.3338885,-2.8638885,-1.7938886,-3.4838886,-0.94388855,0.99611145,2.9861114,7.1161113,8.856112,9.636111,10.576111,10.736111,9.836111,9.496112,10.406111,4.3561115,7.2761116,6.7961116,10.166111,10.26611,10.486111,9.726111,10.206112,10.736111,11.076111,10.346111,11.236111,11.496111,10.656111,7.2061114,6.2361116,5.0861115,2.9961114,4.5161114,1.4961114,3.7161114,1.9461114,-1.8738885,-4.0538883,1.6161114,-2.6838884,-2.0338886,-1.5238886,-0.45388854,2.3261116,3.5661116,3.7361114,4.3661113,5.3761115,6.7961116,8.766111,9.976111,10.356111,7.2961116,10.036112,9.606112,12.496111,11.97611,6.5961113,10.786111,8.6461115,10.946111,10.246111,11.586111,11.72611,11.72611,11.156111,10.226111,11.786111,9.246112,9.376111,2.4261115,7.0261116,0.6561115,-0.6038886,0.35611144,3.3361115,2.9061115,1.5861114,7.2061114,4.4561114,6.5161114,-0.68388855,0.13611145,0.47611144,4.1661115,4.426111,4.4561114,5.6461115,6.7061114,7.4661117,7.8361115,8.226111,9.296111,9.536112,9.526112,10.066112,8.936111,10.676111,10.526111,8.446112,6.8061113,10.446111,10.886111,10.1461115,10.816111,11.196111,11.366111,10.566111,9.236112,4.8361115,10.736111,5.8461113,4.8761115,1.0561115,-0.38388854,2.6861115,5.6361113,5.3561115,4.3961115,6.5861115,4.1061115,1.7661115,-1.8038886,0.21611145,-2.9138885,2.4361115,4.1361113,5.7461114,6.1861115,7.1261115,6.4761114,7.0361114,7.9761114,8.456112,8.966111,9.066112,8.516111,6.7161117,8.8961115,8.036112,6.9761114,7.1061115,11.106111,7.1861115,8.416111,8.586111,8.016111,9.036112,9.496112,9.886111,5.9861116,8.616112,2.9561114,8.736112,2.6061115,2.7361114,4.9461117,3.0361114,4.9561114,3.6961114,3.8361115,1.0461115,2.6461115,-2.2438886,0.23611145,-2.5538886,3.4461114,4.6961117,5.5261116,6.176111,6.2361116,6.2961116,6.9461117,6.8961115,7.8961115,8.186111,7.8261113,5.3761115,5.2861114,1.3961115,4.1061115,6.3061113,9.466111,6.9461117,10.296111,6.5961113,5.5161114,6.6261115,6.1061115,8.556111,9.706112,6.0361114,0.60611147,9.956112,1.8661114,5.8261113,7.2761116,5.0761113,5.7761116,2.0761116,2.8661115,2.8761115,0.5961115,0.37611145,-0.02388855,0.29611146,-1.3538885,4.8661113,5.1261115,5.7061114,5.8961115,6.1461115,5.8761115,6.5161114,6.8561115,6.7161117,4.3861113,1.0961114,1.1161114,2.5461113,3.5961115,4.5161114,4.5961113,3.8661115,6.5361114,6.0161114,2.9861114,5.5661116,6.7961116,5.7561116,4.1361113,4.4461117,1.0361115,9.006111,-0.62388855,6.4061112,7.5861115,0.92611146,2.4761114,5.6161113,4.8061113,0.67611146,-1.9738885,-1.2438885,-0.30388856,-1.1638886,0.82611144,-1.0938885,4.6461115,5.6061115,5.7561116,6.1561112,5.9061112,6.0261116,5.9961114,6.0061116,5.0361114,-0.50388855,2.0761116,2.4061115,3.0861115,2.1861115,1.8761115,2.3161116,3.0961115,3.7661114,5.4361115,6.0361114,-2.4638886,7.1461115,1.9461114,3.6961114,3.4061115,7.7261114,2.3661115,-3.3538885,0.92611146,-0.45388854,-0.75388855,-0.40388855,1.4661114,0.54611146,0.41611144,-1.8038886,-0.9638885,1.2561115,0.87611145,0.05611145,-0.92388856,5.2761116,5.6261115,5.6661115,6.0361114,6.2161117,6.2561116,6.1361113,5.8861113,4.0561113,-0.47388855,2.0761116,4.5361114,2.6561115,0.86611146,1.9461114,1.7161114,2.3261116,4.1461115,4.3461113,6.7361116,1.0061115,-1.4538885,-0.80388856,-2.6438885,-0.7838886,2.7961113,1.3961115,1.2461114,-4.0338883,-3.4038885,-3.4238884,-4.1838884,-3.0638885,-4.9538884,-3.6738884,-4.573889,-4.1238885,-3.6438885,-1.8938886,-1.2838886,-1.0338886,4.8861113,5.3361115,5.4861116,5.7861114,5.6161113,4.5261116,5.7461114,5.9861116,2.9461114,0.14611144,0.92611146,3.2661114,0.9661114,0.41611144,0.41611144,0.11611145,1.5361115,2.8261116,3.8961115,5.1261115,-0.44388855,-0.43388855,-3.6438885,-4.9338884,-6.5038886,-6.6338887,-6.8038883,-6.4438887,-6.2738886,-5.4838886,-6.5438886,-6.5438886,-7.1738887,-6.2838883,-5.3938885,-4.5338883,-3.1338885,-2.3238885,-3.2338886,-3.3238885,-0.88388854,5.4561114,5.0461116,3.2261114,4.4761114,5.5561113,6.0461116,6.3261113,5.1061115,1.7661115,-0.16388854,0.8361114,2.5261114,-1.6938885,-0.58388853,-3.0738885,-0.6038886,0.02611145,0.66611147,0.60611147,-2.8438885,-5.3138885,-6.9538884,-7.6838884,-6.7038884,-6.2638884,-7.8938885,-6.8038883,-6.9938884,-6.1938887,-6.1638885,-6.4538884,-5.6938887,-5.6338887,-5.2438884,-3.5638885,-3.3338885,-2.1538885,-2.7438886,-2.9938886,-1.9438885,-2.5138886,2.5061114,5.5261116,4.4861116,6.1161113,6.176111,5.7961116,5.8161116,3.8861115,-0.38388854,0.02611145,-0.83388853,2.8861115,-1.5438886,-2.1038885,-4.3838887,-2.9138885,-2.3338885,-2.9038885,-3.2438886,-5.5438886,-6.2738886,-8.363889,-6.5538883,-6.2738886,-7.4838886,-6.5438886,-6.0438886,-5.6938887,-5.6638885,-5.4738884,-4.7538886,-5.5138884,-5.2538886,-4.8938885,-4.2638884,-4.1938887,-3.9438887,-3.4538887,-2.6138885,-1.2938886,-0.83388853]},{"header":{"discipline":0,"disciplineName":"Meteorological products","gribEdition":2,"gribLength":1025,"center":7,"centerName":"US National Weather Service - NCEP(WMC)","subcenter":0,"refTime":"2024-04-09T00:00:00.000Z","significanceOfRT":1,"significanceOfRTName":"Start of forecast","productStatus":0,"productStatusName":"Operational products","productType":1,"productTypeName":"Forecast products","productDefinitionTemplate":0,"productDefinitionTemplateName":"Analysis/forecast at horizontal level/layer at a point in time","parameterCategory":2,"parameterCategoryName":"UnknownDiscipline_0_Category_2","parameterNumber":3,"parameterNumberName":"UnknownParameter_D0_C2_3","parameterUnit":"Unknown","genProcessType":2,"genProcessTypeName":"Forecast","forecastTime":180,"surface1Type":103,"surface1TypeName":"Specified height level above ground","surface1Value":10.0,"surface2Type":255,"surface2TypeName":"Missing","surface2Value":0.0,"gridDefinitionTemplate":0,"gridDefinitionTemplateName":"Latitude_Longitude","numberPoints":615,"shape":6,"shapeName":"Earth spherical with radius of 6,371,229.0 m","gridUnits":"degrees","resolution":48,"winds":"true","scanMode":64,"nx":41,"ny":15,"basicAngle":0,"lo1":47.0,"la1":41.0,"lo2":87.0,"la2":55.0,"dx":1.0,"dy":1.0},"data":[2.0596876,1.2196875,-0.3203125,11.069688,8.159687,5.9196873,3.2396874,-2.7903125,-0.8803125,0.3496875,1.0496875,1.4596875,-0.3903125,-1.4403125,-2.0203125,-1.7103125,-1.6403126,-1.8703125,-0.9903125,0.4496875,-2.1403124,-2.6703124,-3.1503124,1.2196875,-2.7103126,2.2196875,-0.1003125,2.4996874,-2.6603124,-3.1203125,-0.5803125,2.5496874,-0.7903125,3.0796876,0.8796875,1.8296875,1.9096875,1.8396875,0.9296875,0.5396875,-0.3403125,0.6696875,0.7596875,0.4796875,4.4596877,8.969687,6.4396877,3.0696876,0.5796875,-1.1903125,-1.5303125,0.3596875,1.5796875,0.1596875,-0.7803125,-0.9403125,-1.6403126,-2.3303125,-0.3203125,0.6996875,0.1896875,-1.1103125,0.1996875,2.4396875,2.7796874,2.3796875,1.8496875,2.2996874,1.6496875,1.4496875,-0.3203125,-3.0003126,-2.3803124,0.9296875,0.4296875,-2.9803126,4.5096874,1.6596875,3.2296875,1.1696875,-0.5803125,-1.0803125,-0.5403125,2.5896876,1.7996875,3.0496874,5.2996874,7.5096874,3.1796875,-0.3803125,-0.6203125,-0.7403125,0.9796875,0.4496875,0.0196875,0.1896875,0.4796875,-0.7603125,-0.5203125,-0.6303125,-0.3503125,0.0796875,-0.3703125,0.1796875,1.7396874,4.1096873,0.0896875,-1.6203125,5.0696874,4.4396877,1.1196876,2.5596876,-2.8803124,-2.8103125,-3.6503124,-3.1103125,-2.1603124,-3.4203124,-2.9403124,-4.5503125,0.9196875,0.7896875,-0.6403125,2.0696876,3.4396875,3.0796876,3.4096875,4.4096875,4.7296877,2.3096876,1.3096875,0.5596875,0.3396875,1.1096874,1.2396874,2.3796875,1.1896875,0.3596875,-0.5603125,-0.4603125,-0.8003125,-0.4203125,0.0596875,0.9096875,3.4096875,1.9396875,3.1696875,1.3496875,3.4496875,2.7796874,3.3496876,0.7296875,1.2196875,5.7196875,0.0496875,-2.1103125,4.6596875,2.1596875,-0.1603125,1.6596875,0.9896875,-1.6303124,-0.7003125,0.0796875,4.3696876,4.0596876,3.8696876,5.3196874,2.0996876,-0.0103125,-0.6603125,-0.6203125,-1.3003125,-1.6903125,-0.5703125,-2.9303124,1.6796875,7.4596877,7.1296873,4.4996877,0.4796875,-0.1603125,1.3196875,0.9996875,2.3796875,2.8896875,3.5796876,1.8296875,0.1796875,0.4796875,3.1996875,4.2396874,4.2596874,1.7196875,-1.5203125,1.3796875,1.6696875,0.9296875,0.5396875,2.1296875,-0.1803125,-0.4903125,-0.2303125,-0.1203125,1.3896875,0.1596875,-1.0703125,7.7296877,4.5096874,4.2596874,3.1796875,1.1496875,0.3996875,-0.2303125,-1.7703125,-1.7003125,-1.3303125,0.7296875,1.8996875,3.9896874,2.6396875,3.0996876,1.7796875,1.8196875,0.7496875,2.0196874,2.8496876,3.8596876,5.1296873,3.7796874,4.4196873,2.2896874,5.1796875,7.7796874,6.0496874,4.6996875,2.9996874,0.3496875,3.5996876,3.1896875,-3.7303126,-2.1503124,-4.6303124,3.7996874,0.8196875,-0.1803125,-2.0403125,-2.2203126,-3.7703125,-3.7603126,-3.2603126,-2.5303125,-4.7103124,-4.6703124,-4.8603125,-2.4503126,-0.1903125,0.0196875,-0.4603125,-0.5703125,-0.2403125,6.1696873,4.3396873,2.5996876,1.9296875,1.1496875,1.7796875,2.8496876,4.8896875,4.7496877,4.9296875,8.599688,2.9496875,1.7996875,5.1696873,4.4796877,7.5696874,4.5896873,2.9496875,1.5396875,-0.7503125,-3.3903124,0.2996875,1.4096875,-0.4803125,1.4196875,0.0696875,-2.8103125,-3.3703125,-4.1003127,-4.3903127,-4.2403126,-5.3503127,-5.5803127,-4.6503124,-4.8003125,-4.5503125,-4.4603124,-3.8003125,-4.0603123,-0.2203125,2.0496874,3.8796875,3.8796875,0.9396875,1.2596875,4.8996873,4.8096876,5.1596875,5.2496877,5.9096875,4.0796876,9.059688,6.8196874,3.4296875,4.8096876,6.5896873,3.3696876,4.7496877,3.3796875,3.5096874,4.5296874,0.9796875,-1.8803124,-1.4003125,-0.4103125,-0.6203125,-2.1603124,-2.0203125,-3.2703125,-4.0303125,-5.0003123,-4.9403124,-4.8203125,-5.2603126,-5.6703124,-4.8103123,-4.6903124,-5.8303127,-7.3103123,-6.3403125,-4.1403127,-0.3503125,1.8496875,2.8096876,0.8496875,0.6996875,3.5896876,5.6096873,6.3796873,7.3596873,8.029688,6.9096875,7.5996876,4.2096877,6.3696876,4.6596875,2.3996875,7.1796875,6.3296876,6.0396876,3.4796875,2.9396875,0.3596875,-0.2003125,-0.6303125,0.5796875,1.3596874,-0.5003125,-1.8803124,-2.9103124,-2.8803124,-3.4603126,-3.9603126,-3.8703125,-4.6103125,-5.0303125,-5.7703123,-7.5003123,-4.2103124,-2.0803125,-2.8003125,-2.8803124,-3.1703124,-2.7903125,-2.0803125,-1.9803125,-1.7603126,5.9996877,6.0896873,6.6696873,8.569688,6.6496873,6.7496877,5.5096874,8.479688,5.7496877,2.0496874,6.1096873,2.6396875,5.9196873,7.0396876,3.3796875,3.5496874,3.1396875,1.7596875,-2.7803125,0.6896875,3.1196876,2.3796875,-1.9003125,-2.3603125,-3.2803125,-3.2803125,-3.5603125,-3.8803124,-4.2603126,-4.8403125,-3.5203125,-0.1003125,-0.3803125,-0.5403125,0.0696875,-2.4303124,-4.5203123,-4.0703125,-3.8903124,-3.1503124,-3.4603126,3.0896876,5.6996875,3.5196874,8.819688,9.699688,6.0896873,4.4896874,2.1996875,0.7696875,2.0396874,0.6196875,1.0196875,6.7096877,6.0296874,4.7896876,2.5096874,2.2196875,0.8396875,1.9096875,2.6596875,-0.3503125,0.3496875,-2.0303125,-2.2803125,-2.7603126,-2.6803124,-3.2903125,-3.1503124,-3.3103125,-4.2003126,-3.0503125,2.6196876,1.2596875,0.2796875,-0.4003125,-0.9303125,-1.6203125,-4.0503125,-4.1503124,-3.9403124,-3.0703125,-0.0603125,5.4696875,1.6196876,-0.6603125,0.4496875,1.6596875,1.9796875,-1.7603126,3.0196874,3.1896875,2.7996874,2.0196874,0.7396875,-1.8403125,0.3696875,-1.6703125,-1.6803125,-1.9903125,-2.2103126,-1.1903125,-0.5603125,-0.5303125,-1.6403126,-2.8403125,-2.5003126,-1.7803125,-2.5003126,-2.4703126,-2.3503125,-3.0103126,-1.7803125,2.8296876,0.6396875,0.0896875,-1.7803125,-2.7503126,-3.8203125,-4.8503127,-4.4203124,-4.0103126,-3.6603124,1.6496875,5.3996873,3.4996874,2.7696874,0.7496875,-1.2803125,-3.0703125,-4.0003123,-2.5403125,-1.3103125,-0.1203125,-0.6503125,-0.2303125,-2.0803125,-3.2003126,-2.5303125,-1.7003125,-1.2203125,-0.1703125,-1.4503125,-0.4903125,-1.0303125,-2.3503125,-3.5303125,-4.3103123,-2.9103124,-1.9503125,-1.8603125,-1.9003125,-3.7103126,-2.1103125,4.2196875,1.2096875,-0.1603125,-0.4203125,-2.5803125,-3.1503124,-4.8103123,-4.2503123,-4.4103127,-4.5703125,-1.1803125,1.7296875,0.9996875,0.2296875,0.9196875,1.0396875,-0.1703125,-1.5403125,-0.9903125,-1.2703125,-0.5303125,-0.0403125,-0.4603125,-0.6103125,0.0796875,-3.125E-4,-0.5603125,-0.8103125,-1.7503124,-1.9303125,-1.5203125,-0.5403125,-2.1903124,-1.5503125,-0.2603125,-0.4803125,-0.9903125,-1.1203125,-1.2203125,-2.8503125,3.5296874,2.3396876,1.9896874,-0.4403125,-1.2003125,-0.7003125,-1.2503124,-3.7403126,-3.4603126,-4.0003123,-3.4703126,-3.1103125,-0.7403125,-0.3603125,0.7196875,1.5096875,-0.2603125,-0.3603125,0.5696875,-0.0603125,0.8996875,1.1796875,1.1796875,0.2696875,0.2896875,0.1696875,-0.4203125,-1.2503124,-1.8003125,-1.3803124,-1.6603125,-1.8503125,-1.4203125]}]