wind_kz.json
{"header": {"discipline":0,"disciplineName":"Meteorological products","gribEdition":2,"gribLength":948,"center":7,"centerName":"US National Weather Service - NCEP(WMC)","subcenter":0,"refTime":"2023-09-26T00:00:00.000Z","significanceOfRT":1,"significanceOfRTName":"Start of forecast","productStatus":0,"productStatusName":"Operational products","productType":1,"productTypeName":"Forecast products","productDefinitionTemplate":0,"productDefinitionTemplateName":"Analysis/forecast at horizontal level/layer at a point in time","parameterCategory":2,"parameterCategoryName":"UnknownDiscipline_0_Category_2","parameterNumber":3,"parameterNumberName":"UnknownParameter_D0_C2_3","parameterUnit":"Unknown","genProcessType":2,"genProcessTypeName":"Forecast","forecastTime":120,"surface1Type":103,"surface1TypeName":"Specified height level above ground","surface1Value":10.0,"surface2Type":255,"surface2TypeName":"Missing","surface2Value":0.0,"gridDefinitionTemplate":0,"gridDefinitionTemplateName":"Latitude_Longitude","numberPoints":615,"shape":6,"shapeName":"Earth spherical with radius of 6,371,229.0 m","gridUnits":"degrees","resolution":48,"winds":"true","scanMode":64,"nx":41,"ny":15,"basicAngle":0,"lo1":47.0,"la1":41.0,"lo2":87.0,"la2":55.0,"dx":1.0,"dy":1.0}, "data":
[rows 0 to 14 of 15, columns 0 to 40 of 41]
-0.29679167,-1.9467916,3.5632083,3.9332082,2.6732082,0.49320832,-0.3067917,-0.4067917,-1.5167917,-0.7867917,-1.9267917,-1.5867916,-1.6267917,-2.2067916,-2.5867918,-1.9167917,-2.6667917,-1.3567917,-2.2867918,-0.80679166,-0.3067917,-0.3067917,-0.3367917,-1.8267916,-1.4467916,-1.0167917,-0.8167917,1.3532083,1.7932084,-0.25679168,-1.6767917,0.6232083,0.2632083,0.053208314,1.6732084,0.81320834,0.053208314,-1.4667916,-0.6967917,-1.8967917,1.6432083
2.1932082,1.9732083,5.273208,4.8732085,4.5132084,2.1332083,-0.9767917,-0.026791686,-0.6967917,-0.3067917,-1.2267917,-2.2267916,-2.3667917,-2.3767917,-3.7867918,-1.7667917,0.003208313,-2.2667916,-1.3367916,-0.3667917,-0.93679166,-1.7667917,-0.4867917,1.8032084,0.7832083,1.3732083,-3.0567918,1.7532083,0.6032083,2.1232083,2.3532083,3.0432084,-0.17679168,-0.3067917,0.09320831,-1.3867917,-1.1167917,-4.076792,-1.6367917,-2.0067916,1.0132083
1.9732083,5.933208,2.8132083,5.373208,3.5232084,1.6832083,0.75320834,-0.08679169,0.7232083,0.21320832,-0.9667917,-0.8167917,-1.2767917,-1.8167917,-2.4867916,-1.9167917,-0.6367917,-0.25679168,-1.3467917,-1.5467917,-0.13679169,-1.1767917,-0.9067917,0.14320831,0.7932083,0.46320832,1.0832083,0.39320832,-0.4267917,1.2432083,3.5132084,0.7632083,1.4932083,-0.5667917,-1.5167917,0.6532083,0.8332083,-0.4667917,-0.9067917,-0.7767917,-0.056791686
1.5232083,2.7632084,2.5732083,2.8332083,1.4532083,1.5432084,2.2932084,2.4932084,2.6532083,1.6732084,0.9132083,-0.68679166,-0.6067917,-0.7167917,-1.4667916,-2.0667918,-2.1867917,-1.0667917,0.22320831,-0.74679166,-1.5067917,-0.29679167,1.5732083,-0.5767917,-0.4667917,-0.7567917,-1.2267917,-0.16679169,1.3832083,2.0332084,2.5732083,-0.25679168,-1.3067917,-1.4467916,-0.92679167,-1.9067917,0.8932083,2.5632083,-0.29679167,0.4132083,-0.046791688
0.7632083,1.2732083,0.7432083,1.7432083,1.4632083,1.3432083,1.5332084,1.3832083,1.9032083,1.3532083,1.1232083,0.033208314,0.30320832,-0.74679166,-1.5667917,-1.5567917,-1.2567917,-2.0867918,-1.0367917,-1.2367917,-0.86679167,1.2832084,1.2632083,1.2432083,1.0832083,0.3232083,0.33320832,-2.0667918,-0.5267917,1.4532083,2.2832084,2.0632083,2.4332082,2.0632083,-0.4867917,-1.3067917,-0.35679168,-0.6267917,-0.4567917,0.09320831,1.3232083
0.33320832,0.2932083,2.0332084,2.1932082,1.6332083,2.3732083,1.6432083,0.7932083,0.56320834,-0.15679169,-1.4167917,-1.5667917,-2.4867916,-0.8967917,0.123208314,0.42320833,0.45320833,-0.6367917,-0.6567917,-0.7967917,-0.24679169,1.4332083,1.3732083,1.9732083,2.5632083,2.2532084,1.2232083,-2.2667916,-1.6967916,3.0832083,1.5532084,1.8532083,1.4032083,0.30320832,1.0632083,-3.1767917,2.2132082,-0.08679169,-2.6167917,-1.8267916,-0.17679168
2.2032082,2.1032083,1.9632083,1.6332083,1.6932083,1.6132083,1.0032083,-1.2567917,-1.0567917,-1.2667917,-1.6167917,-0.3767917,-1.9067917,-2.0567918,-1.9567916,-1.5567917,-0.18679169,0.63320833,0.3232083,0.46320832,1.0232083,1.3932083,1.9132084,2.2032082,2.2632084,3.2332084,1.6732084,1.4932083,1.0632083,0.3232083,-0.046791688,0.9832083,1.1632084,-1.0967917,0.113208316,0.36320832,-1.5367917,1.3932083,-0.24679169,1.1232083,1.8332083
2.9232082,2.4732084,1.7232083,1.6032083,1.2332083,0.5932083,0.63320833,0.6032083,0.06320831,-1.2967917,-1.0867916,-1.3167917,-1.8867917,-2.5167916,-2.8767917,-2.5867918,-3.1667917,-3.3967917,-3.1267917,-1.3567917,-0.3767917,0.5932083,0.5332083,2.4532082,4.0332084,3.5932083,4.313208,2.8532083,2.0632083,0.7832083,1.6532083,2.6332083,2.5432084,1.5832083,2.3932083,1.7032083,-0.07679169,2.8932083,-0.38679168,0.053208314,-1.1667917
2.6932082,2.3532083,1.2632083,1.5732083,1.0532084,0.9632083,0.43320832,0.113208316,-0.016791686,-0.1967917,-1.3267916,-0.29679167,-1.2767917,-2.7767916,-2.1967916,-2.5667918,-2.2567916,-2.5767918,-2.9667916,-3.2167916,-3.5267916,-2.2167916,-0.6067917,2.1932082,0.7332083,2.3232083,2.3932083,2.7232084,2.9032083,1.4732083,1.0132083,2.3032084,1.8932083,2.7032082,1.6232083,-0.21679169,-0.80679166,2.4832084,2.9432082,2.1732082,2.2432084
2.5032084,2.1832082,2.6832082,1.8432083,1.5032083,1.3132083,0.8532083,0.6632083,-0.17679168,0.6832083,0.15320832,-0.5367917,-1.2967917,-1.4067917,-0.5167917,-1.5767916,-1.5167917,-2.4067917,-2.7467916,-2.7167916,-2.5067916,-3.0167916,-2.9767916,1.1232083,1.5632083,2.4532082,2.2332084,1.1932083,1.5132083,2.1532083,1.0432084,1.8832083,2.5232084,2.1232083,2.0932083,0.6232083,0.18320832,0.6432083,2.5532084,2.3332083,3.1632082
2.3232083,1.7332083,1.1232083,1.1432083,1.2332083,1.1932083,1.0732083,1.1832083,0.7732083,0.8632083,-0.3067917,-0.3367917,-2.0867918,1.9932083,0.07320831,-1.5767916,-2.6167917,-2.2067916,-2.4867916,-2.5267916,-2.4567916,-2.6667917,-3.8467917,-2.2667916,-0.056791686,1.6732084,1.3332083,2.3432083,1.6632084,0.2832083,0.21320832,0.8632083,0.9032083,2.3232083,2.8332083,0.8532083,0.56320834,0.45320833,-0.4867917,-1.5967917,0.113208316
1.5432084,2.0132084,1.4632083,1.6432083,1.3132083,1.7332083,1.6632084,1.8932083,1.1132083,0.39320832,-0.29679167,-1.5167917,0.043208312,1.5232083,-0.24679169,-1.7167916,-2.3667917,-2.3467917,-2.0167916,-2.6567917,-2.5667918,-2.1767917,-2.4867916,-2.0067916,-1.1367917,-0.6467917,0.013208313,1.8632083,0.4432083,0.39320832,-0.8867917,-1.7567917,-1.1167917,-0.5167917,0.9232083,1.8532083,2.1132083,2.2132082,0.5532083,0.5332083,0.5232083
1.8832083,1.5732083,1.8132083,1.4132084,2.3032084,1.3832083,1.4632083,2.3432083,2.2932084,0.88320833,0.3832083,-0.24679169,-0.2667917,1.4332083,-0.10679169,-1.6167917,-2.0867918,-1.5467917,-1.7567917,-1.7267917,-1.6867917,-1.5767916,-1.8667917,-1.0167917,-1.6667917,-1.8267916,-1.7167916,0.3432083,-0.7367917,0.3132083,-1.3767917,-1.5067917,-1.4467916,-0.4967917,-0.5067917,0.27320832,1.0332084,1.0732083,1.4232084,1.2632083,0.7632083
2.7132082,2.3432083,1.6032083,2.2732084,1.9532083,2.7232084,2.4932084,3.0732083,2.3832083,2.4432082,1.6632084,0.36320832,0.63320833,1.0132083,-0.5167917,-1.4067917,-0.4967917,-1.0667917,-0.8567917,-1.2767917,-1.3567917,-1.0767916,-1.1267917,-0.8367917,-1.6267917,-1.8767917,-1.8767917,-0.9667917,-0.7067917,-1.4867917,-1.9767917,-2.2967918,-2.2267916,-2.1167917,-0.8967917,-0.026791686,0.6132083,-0.12679169,-1.1767917,0.7732083,0.2532083
2.1632082,2.1132083,2.0732083,2.6532083,2.7932084,2.8232083,2.9332082,2.5032084,2.8332083,2.3932083,1.2832084,2.0632083,1.6832083,1.3632083,0.6232083,0.4732083,0.8032083,-0.12679169,-1.0867916,-0.3667917,-0.47679168,-1.5267917,-1.3167917,-1.3067917,-1.6267917,-1.9667916,-2.0967917,-2.0667918,-2.2167916,-2.3167918,-2.7767916,-2.9967916,-3.3767917,-3.7267916,-3.7267916,-3.8067918,-3.5667918,-1.9267917,-1.2467917,-1.2367917,0.6732083
