wind_kz.json
{"header": {"discipline":0,"disciplineName":"Meteorological products","gribEdition":2,"gribLength":794,"center":7,"centerName":"US National Weather Service - NCEP(WMC)","subcenter":0,"refTime":"2023-09-26T00:00:00.000Z","significanceOfRT":1,"significanceOfRTName":"Start of forecast","productStatus":0,"productStatusName":"Operational products","productType":1,"productTypeName":"Forecast products","productDefinitionTemplate":0,"productDefinitionTemplateName":"Analysis/forecast at horizontal level/layer at a point in time","parameterCategory":2,"parameterCategoryName":"UnknownDiscipline_0_Category_2","parameterNumber":3,"parameterNumberName":"UnknownParameter_D0_C2_3","parameterUnit":"Unknown","genProcessType":2,"genProcessTypeName":"Forecast","forecastTime":240,"surface1Type":103,"surface1TypeName":"Specified height level above ground","surface1Value":10.0,"surface2Type":255,"surface2TypeName":"Missing","surface2Value":0.0,"gridDefinitionTemplate":0,"gridDefinitionTemplateName":"Latitude_Longitude","numberPoints":615,"shape":6,"shapeName":"Earth spherical with radius of 6,371,229.0 m","gridUnits":"degrees","resolution":48,"winds":"true","scanMode":64,"nx":41,"ny":15,"basicAngle":0,"lo1":47.0,"la1":41.0,"lo2":87.0,"la2":55.0,"dx":1.0,"dy":1.0}, "data":
[rows 0 to 14 of 15, columns 0 to 40 of 41]
1.2172973,-1.4827026,-0.18270263,-4.9827027,-7.6827025,-7.4827027,-5.382703,-4.2827024,-3.2827027,-2.3827026,-0.68270266,-5.1827025,-3.8827026,-3.3827026,-4.6827025,-5.0827026,-4.4827027,-2.2827027,-3.6827025,-2.0827026,-2.5827026,-2.8827026,1.2172973,-1.7827027,-1.8827026,-1.4827026,-1.0827026,1.9172974,0.117297366,-0.58270264,0.117297366,-0.28270262,1.4172974,-0.9827026,-0.58270264,1.1172974,1.4172974,1.5172974,2.2172973,2.1172974,1.6172974
0.117297366,1.6172974,-0.28270262,-3.4827027,-8.082703,-8.182703,-5.4827027,-4.0827026,-3.3827026,0.117297366,-1.5827026,-2.1827025,-3.0827026,-3.6827025,-4.5827026,-4.1827025,-2.8827026,-2.1827025,-2.9827027,-3.4827027,-3.7827027,-3.6827025,-1.0827026,1.5172974,-0.9827026,-0.68270266,-1.9827026,2.3172975,-0.18270263,1.7172973,2.6172974,3.9172974,0.81729734,-1.7827027,-2.8827026,-0.18270263,-1.0827026,0.21729736,0.017297363,0.7172974,0.21729736
0.5172974,-4.382703,-4.5827026,-2.8827026,-2.1827025,-3.0827026,-2.1827025,-2.1827025,-2.4827027,-0.68270266,-1.9827026,-2.2827027,-4.1827025,-3.4827027,-3.4827027,-3.8827026,-1.2827027,-2.2827027,-3.1827025,-4.382703,-4.382703,-2.9827027,-1.7827027,0.61729735,-0.18270263,-0.18270263,0.21729736,-0.9827026,0.5172974,3.2172973,4.0172973,1.7172973,3.0172973,-0.7827026,-0.58270264,3.1172974,3.4172974,0.41729736,0.117297366,-0.28270262,-0.28270262
0.5172974,-0.28270262,-4.0827026,-1.0827026,1.3172973,1.2172973,-0.38270265,-2.5827026,2.7172973,-1.3827026,-2.6827025,-3.5827026,-3.0827026,-3.6827025,-2.4827027,-2.0827026,-2.1827025,-2.3827026,-2.9827027,-4.1827025,-3.9827027,-1.4827026,-1.4827026,-1.2827027,-1.1827027,-1.5827026,-1.8827026,1.2172973,-0.9827026,-0.9827026,2.2172973,-0.08270264,-0.7827026,0.117297366,-0.7827026,-1.7827027,0.21729736,2.5172973,4.3172975,1.1172974,1.0172974
-3.3827026,-2.1827025,-5.6827025,-1.6827027,1.2172973,1.2172973,-0.08270264,0.117297366,5.2172976,1.4172974,2.8172975,-1.3827026,-3.4827027,-4.882703,-3.8827026,-2.8827026,-2.7827027,-3.2827027,-3.2827027,-3.5827026,-1.9827026,-2.2827027,-2.5827026,-2.6827025,-2.5827026,-1.9827026,-0.9827026,-1.2827027,-1.8827026,-1.6827027,-1.6827027,0.117297366,3.2172973,3.2172973,-0.68270266,0.117297366,0.017297363,-1.2827027,-1.3827026,0.31729737,1.3172973
-6.7827024,-3.1827025,-3.4827027,-2.8827026,-1.2827027,0.81729734,0.81729734,1.4172974,1.7172973,2.0172973,0.41729736,-1.0827026,-3.0827026,-4.6827025,-3.9827027,-3.6827025,-3.5827026,-3.2827027,-3.0827026,-2.3827026,-2.9827027,-2.3827026,-3.0827026,-2.7827027,-2.3827026,0.017297363,-1.6827027,-2.8827026,-3.2827027,-3.7827027,-2.4827027,-0.58270264,0.41729736,3.8172975,3.7172973,9.417297,3.2172973,4.0172973,0.61729735,-0.08270264,-0.28270262
-3.4827027,-4.0827026,-3.3827026,-2.1827025,0.31729737,-1.0827026,0.41729736,3.1172974,1.9172974,1.6172974,1.1172974,-0.38270265,-1.8827026,-3.1827025,-2.9827027,-4.0827026,-3.8827026,-2.5827026,-2.4827027,-1.8827026,-3.4827027,-3.6827025,-3.7827027,-2.9827027,-0.08270264,0.81729734,-2.3827026,-2.8827026,-5.1827025,-4.382703,-2.4827027,-3.7827027,-3.4827027,1.0172974,0.5172974,-0.38270265,-2.5827026,-0.48270264,-0.18270263,-1.9827026,1.9172974
-2.0827026,-3.3827026,-1.7827027,-3.2827027,-0.08270264,-2.5827026,1.7172973,3.0172973,2.3172975,2.1172974,1.7172973,0.81729734,-1.4827026,-2.2827027,-3.3827026,-3.3827026,-3.7827027,-3.2827027,-3.1827025,-1.8827026,-3.7827027,-4.2827024,-4.4827027,-3.6827025,-2.1827025,0.5172974,-0.48270264,-1.9827026,-2.9827027,-5.7827024,-5.0827026,-4.382703,-4.1827025,-4.0827026,-0.9827026,-1.6827027,-0.88270265,4.3172975,-0.08270264,0.017297363,-1.6827027
-5.382703,-3.3827026,-0.28270262,-2.3827026,-1.3827026,0.61729735,1.0172974,1.7172973,2.0172973,2.5172973,2.5172973,1.1172974,-0.68270266,-1.4827026,-2.2827027,-3.0827026,-3.1827025,-2.8827026,-2.6827025,-2.4827027,-1.8827026,-3.7827027,-4.5827026,-3.7827027,-3.3827026,-2.2827027,-0.68270266,-1.6827027,-1.7827027,-1.9827026,-3.4827027,-4.1827025,-2.7827027,-3.1827025,-1.6827027,-0.58270264,-2.6827025,-0.08270264,1.8172973,2.0172973,-2.3827026
-5.9827027,-4.382703,-1.9827026,-1.2827027,-1.8827026,-0.7827026,0.91729736,1.1172974,2.0172973,1.8172973,2.4172974,2.2172973,1.7172973,0.21729736,-0.58270264,-2.1827025,-2.4827027,-3.1827025,-2.7827027,-1.5827026,-1.5827026,-1.2827027,-2.1827025,-2.5827026,-2.6827025,-1.7827027,-2.2827027,-1.5827026,-2.3827026,-2.4827027,-2.2827027,-2.0827026,-3.3827026,-3.2827027,-1.1827027,0.017297363,0.21729736,-2.1827025,0.41729736,3.6172974,3.3172975
-3.1827025,-5.0827026,-1.7827027,0.61729735,0.117297366,-3.7827027,-1.1827027,0.31729737,1.3172973,2.4172974,2.7172973,2.0172973,2.8172975,2.8172975,1.2172973,-0.28270262,-1.3827026,-2.0827026,-1.9827026,-2.0827026,-1.2827027,-1.4827026,-1.9827026,-1.8827026,-2.1827025,-2.0827026,-1.4827026,-2.3827026,-1.7827027,-1.9827026,-3.0827026,-3.1827025,-3.2827027,-2.8827026,-3.2827027,-0.58270264,0.61729735,2.4172974,1.6172974,1.7172973,0.5172974
-1.2827027,-2.0827026,-3.4827027,-2.9827027,-1.1827027,0.117297366,-1.9827026,-2.3827026,-1.6827027,0.21729736,0.91729736,0.91729736,2.2172973,2.9172974,2.1172974,1.5172974,0.81729734,-1.7827027,-1.3827026,-0.7827026,-0.38270265,-0.08270264,-0.9827026,-1.6827027,-1.4827026,-2.3827026,-2.0827026,-2.2827027,-2.4827027,-2.2827027,-2.7827027,-3.3827026,-2.8827026,-2.8827026,-2.6827025,-3.4827027,-2.0827026,-0.7827026,0.117297366,0.81729734,0.017297363
-1.9827026,-1.4827026,-2.2827027,-1.3827026,-1.5827026,-1.0827026,-0.08270264,-0.38270265,0.91729736,-1.3827026,0.5172974,2.1172974,3.3172975,2.3172975,3.2172973,2.3172975,1.8172973,1.4172974,0.5172974,-0.9827026,-1.1827027,-1.3827026,-1.0827026,-1.5827026,0.61729735,-0.58270264,-2.8827026,-2.1827025,-2.1827025,-2.0827026,-1.9827026,-2.3827026,-2.7827027,-3.2827027,-3.4827027,-3.5827026,-3.8827026,-2.4827027,-3.5827026,-2.7827027,-1.4827026
-0.7827026,-1.2827027,-2.9827027,-1.2827027,-0.08270264,0.21729736,-0.7827026,0.91729736,1.0172974,1.7172973,1.7172973,1.1172974,0.91729736,2.5172973,3.9172974,4.0172973,3.3172975,2.8172975,2.6172974,2.1172974,0.81729734,-0.68270266,-0.68270266,-0.18270263,-0.68270266,-0.58270264,-1.6827027,-1.5827026,-1.1827027,-1.6827027,-2.0827026,-2.5827026,-2.6827025,-3.3827026,-3.4827027,-3.9827027,-3.7827027,-3.5827026,-3.7827027,-3.2827027,-2.2827027
0.41729736,-0.28270262,-2.8827026,-1.8827026,-1.3827026,0.017297363,0.31729737,-0.08270264,-3.1827025,1.5172974,2.3172975,2.3172975,2.4172974,0.81729734,3.7172973,4.7172976,4.617297,4.7172976,3.6172974,2.9172974,2.6172974,1.6172974,1.5172974,0.91729736,0.31729737,0.017297363,-0.28270262,-0.68270266,-0.48270264,-0.58270264,-1.0827026,-1.5827026,-1.4827026,-1.8827026,-2.4827027,-3.1827025,-3.1827025,-3.1827025,-3.2827027,-5.0827026,-2.8827026
