wind_kz.json
{"header": {"discipline":0,"disciplineName":"Meteorological products","gribEdition":2,"gribLength":871,"center":7,"centerName":"US National Weather Service - NCEP(WMC)","subcenter":0,"refTime":"2023-08-06T18:00:00.000Z","significanceOfRT":1,"significanceOfRTName":"Start of forecast","productStatus":0,"productStatusName":"Operational products","productType":1,"productTypeName":"Forecast products","productDefinitionTemplate":0,"productDefinitionTemplateName":"Analysis/forecast at horizontal level/layer at a point in time","parameterCategory":0,"parameterCategoryName":"UnknownDiscipline_0_Category_0","parameterNumber":0,"parameterNumberName":"UnknownParameter_D0_C0_0","parameterUnit":"Unknown","genProcessType":2,"genProcessTypeName":"Forecast","forecastTime":0,"surface1Type":1,"surface1TypeName":"Ground or water surface","surface1Value":0.0,"surface2Type":255,"surface2TypeName":"Missing","surface2Value":0.0,"gridDefinitionTemplate":0,"gridDefinitionTemplateName":"Latitude_Longitude","numberPoints":615,"shape":6,"shapeName":"Earth spherical with radius of 6,371,229.0 m","gridUnits":"degrees","resolution":48,"winds":"true","scanMode":64,"nx":41,"ny":15,"basicAngle":0,"lo1":47.0,"la1":41.0,"lo2":87.0,"la2":55.0,"dx":1.0,"dy":1.0}, "data":
[rows 0 to 14 of 15, columns 0 to 40 of 41]
301.99014,290.59015,295.99014,297.99014,297.69012,297.09015,301.29013,308.29013,306.19012,306.69012,305.19012,306.99014,305.39014,304.99014,303.39014,301.19012,301.69012,302.29013,300.89014,304.39014,301.99014,295.89014,295.89014,294.79013,295.89014,297.59015,292.09015,281.19012,281.49014,281.89014,284.19012,285.09015,290.69012,299.89014,302.09015,303.19012,301.99014,302.49014,302.09015,303.09015,304.99014
279.39014,296.39014,297.89014,298.09015,298.49014,296.49014,306.79013,304.99014,304.49014,304.59015,304.79013,302.49014,300.99014,299.19012,298.89014,298.79013,300.59015,298.99014,301.49014,300.19012,299.09015,300.39014,299.19012,289.59015,278.39014,280.69012,284.89014,282.09015,282.09015,276.49014,284.19012,276.79013,286.09015,272.89014,282.29013,297.99014,297.09015,299.99014,303.29013,295.09015,285.49014
298.09015,298.39014,298.79013,298.79013,296.39014,304.69012,305.69012,305.99014,303.79013,302.79013,301.39014,302.09015,296.99014,298.69012,299.59015,298.39014,299.09015,297.39014,296.39014,295.79013,297.69012,297.29013,298.89014,293.59015,295.49014,295.99014,297.89014,296.19012,293.29013,282.29013,275.99014,281.29013,283.79013,282.59015,285.79013,287.79013,278.89014,281.39014,283.29013,279.29013,280.19012
298.19012,298.99014,299.29013,298.59015,299.49014,304.89014,305.69012,304.19012,303.59015,302.79013,302.19012,300.59015,296.49014,295.89014,297.99014,297.59015,300.79013,299.79013,298.89014,298.39014,295.49014,293.79013,299.79013,299.99014,300.99014,301.79013,299.69012,297.39014,298.09015,299.59015,299.89014,293.49014,299.69012,302.49014,298.19012,290.69012,283.49014,281.19012,284.49014,295.79013,298.09015
301.69012,299.49014,299.89014,299.79013,300.79013,303.69012,304.79013,305.39014,303.19012,302.89014,302.79013,301.49014,297.29013,296.29013,293.29013,300.99014,301.99014,300.79013,298.99014,302.19012,301.69012,300.89014,298.49014,299.69012,296.59015,297.39014,297.39014,296.09015,298.69012,298.79013,301.99014,300.79013,284.79013,278.79013,289.89014,298.99014,299.19012,301.99014,305.49014,302.89014,304.59015
302.49014,299.19012,299.69012,299.79013,299.79013,299.19012,304.39014,306.19012,304.49014,303.59015,302.89014,303.09015,296.89014,296.19012,297.59015,298.89014,300.99014,303.09015,299.89014,302.79013,301.59015,298.69012,297.69012,295.09015,295.09015,293.79013,297.19012,293.39014,294.49014,298.79013,297.89014,299.09015,299.49014,299.19012,294.39014,296.19012,290.89014,292.29013,297.39014,302.39014,299.09015
304.69012,301.19012,305.99014,305.79013,303.29013,303.29013,304.69012,303.89014,304.19012,304.49014,302.79013,302.49014,302.29013,301.19012,299.49014,303.39014,302.59015,302.89014,303.49014,299.79013,298.69012,299.49014,300.49014,298.89014,297.19012,297.19012,296.29013,298.79013,295.69012,297.09015,297.89014,296.39014,298.79013,300.49014,298.49014,294.19012,290.29013,288.39014,282.09015,283.79013,294.49014
304.59015,304.49014,306.19012,305.59015,307.29013,306.99014,305.89014,306.39014,303.39014,304.89014,303.49014,300.89014,300.89014,302.19012,303.59015,302.09015,303.29013,302.49014,302.29013,298.29013,295.69012,296.19012,297.19012,297.09015,295.99014,294.39014,297.29013,297.29013,292.99014,294.49014,292.39014,294.59015,293.59015,292.29013,289.69012,295.99014,294.99014,289.39014,295.09015,296.29013,290.09015
303.99014,304.39014,305.49014,304.29013,306.49014,306.19012,304.29013,303.69012,302.89014,300.09015,299.49014,299.49014,299.29013,297.69012,294.99014,298.79013,299.19012,300.79013,298.29013,298.69012,292.59015,294.39014,294.79013,295.79013,292.59015,293.39014,290.69012,290.99014,289.09015,288.39014,290.29013,290.89014,291.89014,294.09015,292.39014,289.89014,289.69012,289.79013,278.29013,281.59015,278.29013
300.59015,302.19012,303.19012,302.29013,301.99014,302.09015,300.79013,300.09015,299.79013,298.89014,296.29013,296.09015,295.09015,295.19012,294.69012,294.19012,294.79013,296.99014,296.19012,296.79013,293.59015,295.89014,294.89014,293.29013,292.39014,291.59015,293.49014,289.79013,289.49014,288.49014,289.69012,292.39014,294.89014,295.59015,294.79013,288.99014,287.79013,284.59015,278.09015,282.59015,278.29013
298.29013,298.29013,299.09015,298.89014,297.69012,298.29013,298.59015,297.49014,295.99014,296.09015,295.29013,292.99014,295.89014,291.79013,291.59015,292.69012,293.19012,294.39014,297.19012,293.99014,292.59015,293.69012,292.59015,291.09015,292.29013,290.09015,289.69012,291.29013,292.19012,292.79013,293.59015,292.89014,291.79013,291.99014,288.39014,287.09015,287.29013,281.89014,280.89014,281.89014,279.29013
295.49014,296.19012,295.79013,295.89014,294.99014,294.99014,293.39014,293.79013,293.89014,293.29013,289.19012,291.79013,290.89014,289.69012,289.79013,290.19012,290.99014,292.99014,292.79013,293.89014,293.49014,291.79013,290.39014,291.19012,291.59015,292.09015,291.69012,293.69012,295.09015,295.59015,290.89014,291.49014,290.19012,288.19012,288.39014,288.39014,287.59015,287.19012,286.59015,286.59015,285.89014
292.49014,292.79013,294.79013,295.19012,294.29013,294.19012,292.89014,292.09015,291.59015,290.79013,288.39014,286.89014,291.19012,288.29013,289.09015,289.09015,290.69012,289.99014,291.49014,294.09015,293.49014,289.09015,290.39014,290.69012,291.19012,292.69012,293.69012,292.39014,291.09015,290.39014,290.79013,289.99014,289.99014,289.49014,287.19012,287.29013,287.19012,288.19012,286.29013,285.19012,284.29013
292.49014,293.49014,293.09015,293.49014,293.79013,291.89014,293.69012,292.39014,291.99014,292.49014,292.89014,285.89014,287.39014,289.29013,289.89014,289.39014,289.29013,289.79013,294.19012,293.39014,290.99014,290.49014,291.69012,291.59015,290.99014,292.09015,290.39014,289.59015,288.69012,288.79013,288.89014,288.09015,287.69012,286.89014,286.69012,286.49014,286.09015,285.19012,284.49014,284.29013,282.99014
292.19012,293.79013,292.89014,292.39014,293.09015,291.29013,292.49014,290.79013,293.99014,294.89014,290.19012,286.59015,286.79013,287.99014,289.29013,289.89014,289.99014,290.39014,292.69012,293.19012,292.29013,290.49014,292.29013,291.19012,293.89014,289.59015,288.59015,288.19012,287.69012,287.69012,287.99014,286.09015,286.89014,286.49014,287.59015,290.19012,290.29013,283.99014,289.59015,284.89014,284.39014
