wind_kz.json
{"header": {"discipline":0,"disciplineName":"Meteorological products","gribEdition":2,"gribLength":1025,"center":7,"centerName":"US National Weather Service - NCEP(WMC)","subcenter":0,"refTime":"2023-09-29T00:00:00.000Z","significanceOfRT":1,"significanceOfRTName":"Start of forecast","productStatus":0,"productStatusName":"Operational products","productType":1,"productTypeName":"Forecast products","productDefinitionTemplate":0,"productDefinitionTemplateName":"Analysis/forecast at horizontal level/layer at a point in time","parameterCategory":2,"parameterCategoryName":"UnknownDiscipline_0_Category_2","parameterNumber":3,"parameterNumberName":"UnknownParameter_D0_C2_3","parameterUnit":"Unknown","genProcessType":2,"genProcessTypeName":"Forecast","forecastTime":300,"surface1Type":103,"surface1TypeName":"Specified height level above ground","surface1Value":10.0,"surface2Type":255,"surface2TypeName":"Missing","surface2Value":0.0,"gridDefinitionTemplate":0,"gridDefinitionTemplateName":"Latitude_Longitude","numberPoints":615,"shape":6,"shapeName":"Earth spherical with radius of 6,371,229.0 m","gridUnits":"degrees","resolution":48,"winds":"true","scanMode":64,"nx":41,"ny":15,"basicAngle":0,"lo1":47.0,"la1":41.0,"lo2":87.0,"la2":55.0,"dx":1.0,"dy":1.0}, "data":
[rows 0 to 14 of 15, columns 0 to 40 of 41]
1.2305474,0.2805475,-1.1994525,6.5905476,4.9605474,1.8205475,4.3305473,4.7805476,3.2005475,2.7105474,1.6705475,1.1805475,0.19054748,-0.7194525,-1.9294525,-3.2894526,-4.1694527,-1.7094525,-3.6494524,-3.5794525,-2.2994525,-2.0594525,-1.9894525,2.1505475,2.3005476,1.0605475,0.5405475,1.1305475,-1.5494525,-0.6894525,-1.9594525,-1.4094526,0.4405475,3.3305476,1.7105474,-0.25945252,0.5505475,0.21054749,1.2505475,-0.109452516,-0.049452513
4.7305474,-3.0794525,-1.3294525,5.6305475,5.5405474,2.3005476,5.2205477,4.3805475,3.9205475,3.0105474,1.3505474,1.1605475,0.51054746,-1.1294525,-2.7394526,-3.5394526,-1.9194525,-3.6394525,-4.1394525,-4.2994523,-3.0794525,-2.5494525,-0.98945254,0.030547485,1.7605475,2.4505475,1.1705475,2.4605474,0.15054749,-1.2194525,3.4305475,0.37054747,-2.4894526,-2.4694526,-2.0794525,3.1605475,1.2905475,2.6405475,0.50054747,0.6705475,1.9405475
-0.7594525,0.15054749,1.5705475,4.0205474,2.5405474,4.3905473,4.1005473,4.1305475,4.4005475,3.3705475,1.8805475,0.57054746,-0.7294525,-0.8594525,-2.6394525,-3.5894525,-4.2794523,-4.4694524,-4.7394524,-5.3594527,-5.6394525,-0.059452515,-1.6894525,0.7805475,-2.7794526,-1.8994526,-2.0994525,-2.5394526,-2.1294525,0.08054748,-0.22945252,-0.61945254,-1.6094525,-3.1394525,-0.8594525,-0.5794525,-1.4194525,-4.1794524,-0.8594525,-0.039452516,1.2605475
-0.34945253,1.4005475,3.3105476,4.8305473,4.4505477,4.4605474,4.2305474,4.7205477,3.6405475,2.7405474,1.4405475,0.27054748,-1.6494526,-2.6094525,-4.1494527,-2.8794525,-2.8894525,-3.7594526,-4.3894525,-4.5994525,-5.7594523,-1.8694525,-3.2494526,-3.2494526,-2.4094524,-1.5594525,-1.6294525,-1.4594525,-0.9494525,-3.1594524,-3.0994525,-0.8594525,0.020547485,0.70054746,0.4205475,0.09054749,1.0405475,2.8405476,-0.13945252,-1.2094525,-1.4594525
1.5205475,1.7905475,1.5705475,-0.029452514,0.4505475,3.2505474,2.5105474,3.0405474,2.4605474,1.7505475,1.5405475,1.6805475,1.1205475,-0.31945252,-1.8394525,-1.5694525,-2.5194526,-2.6494524,-3.4194524,-3.2794526,-3.0594525,-2.5894525,-1.9394525,-1.8994526,-1.4494525,-0.23945251,-0.09945252,-0.5694525,-0.31945252,-2.0494525,-1.5694525,-1.8094525,2.0305474,1.6405475,0.14054748,1.7905475,0.69054747,-0.4894525,-0.5294525,-0.3394525,-1.1094525
3.5105474,2.8505476,-0.4294525,-0.35945252,-1.0294526,-1.4694525,2.0805476,2.8105476,2.6105475,1.7205474,1.1605475,0.6205475,3.4205475,3.8005476,1.1505475,-3.1694524,-2.7794526,-2.4794526,-1.8694525,-2.3894525,-1.3894525,-1.0194526,-1.0294526,-1.4894525,-1.1894525,-0.4994525,-0.6294525,3.9505475,0.37054747,-0.2794525,0.010547485,-0.6694525,-0.9394525,-0.2694525,0.060547486,-0.4694525,-0.5394525,-1.0094525,3.6005476,0.50054747,-0.8194525
-0.73945254,1.0805475,2.8305476,3.5005474,3.1905475,3.7205474,1.6205475,1.4105475,0.76054746,0.5505475,0.5305475,-0.079452515,-1.3294525,-1.8094525,-2.5794525,-2.5194526,-1.9694525,-2.0994525,-2.4594526,-2.1694524,-1.6394525,-1.2394525,-0.18945251,-0.40945253,-0.6594525,-0.5694525,-0.17945251,-0.5794525,3.2905474,3.2505474,2.6005476,1.5205475,4.0505476,2.1305475,0.7105475,-0.79945254,0.4505475,2.2105474,-0.6294525,1.4305475,-0.34945253
0.27054748,0.8005475,1.2705475,1.5605475,1.0805475,1.1205475,1.0405475,0.21054749,-0.3994525,-0.7194525,-1.0194526,-1.7794526,-2.0194526,-2.4994526,-2.3794525,-1.5794525,-1.9094526,-1.2794526,-1.3394525,-1.4794525,-1.6094525,-1.6694525,-0.9194525,0.88054746,1.5905474,0.82054746,-0.3694525,-0.61945254,0.6405475,1.9905475,1.8205475,2.1005476,1.6605475,2.5205474,4.5505476,-0.3394525,1.3705475,2.2305474,-0.6694525,-0.25945252,1.1705475
-0.4694525,-1.2594525,-1.7694526,-1.2994525,-0.67945254,-1.0094525,-1.4694525,-1.7294525,-1.6694525,-2.2594526,-2.5594525,-2.3394525,-2.4194524,-2.3394525,-2.1094525,-1.9094526,-1.6994525,-0.9694525,-0.3094525,0.030547485,-0.13945252,-0.31945252,-0.20945251,-0.009452514,1.4505475,2.5505476,2.5205474,2.3805475,1.8705475,1.2205474,1.8605475,3.4305475,3.1105475,3.1805475,3.2505474,3.3605475,2.1605475,2.4905474,3.5605476,1.6105475,0.6505475
-1.5294526,-1.0294526,-1.6594526,-1.8594525,-1.8394525,-1.8494525,-2.1194525,-2.2094526,-2.6294525,-2.8594525,-3.0194526,-3.4194524,-3.6494524,-3.5794525,-3.5394526,-3.5694525,-2.7994525,-1.3294525,-0.61945254,-0.28945252,0.37054747,0.5805475,0.040547486,0.4805475,1.0005475,1.5005475,3.5105474,2.9205475,3.2605474,3.1305475,2.5205474,2.1105475,2.0205474,1.9005475,2.8805475,2.8705475,0.9805475,-0.6694525,2.5205474,4.6805477,3.8505476
-3.1994524,-2.9794526,-3.1394525,-3.0294526,-3.2994525,-3.2194526,-3.4194524,-3.0494525,-2.9794526,-3.5094526,-2.9694526,-2.9094524,-3.3094525,-3.9794526,-4.2194524,-4.0194526,-4.1094527,-3.7094526,-3.1794524,-2.4694526,-1.6594526,-0.8894525,5.4748537E-4,0.5905475,1.2705475,1.9705474,2.3305476,2.7705474,3.1505475,2.5905476,2.8105476,2.7705474,2.8505476,3.7705474,4.7505474,4.1605473,2.9805474,3.8805475,4.5205474,2.6605475,1.8105475
-3.0494525,-2.7694526,-3.1594524,-3.7594526,-3.8194525,-4.0494523,-3.7494526,-3.3694525,-2.4294524,-2.6894524,-3.9894526,-4.7194524,-5.6494527,-6.0894527,-4.6894526,-4.7094526,-3.6894524,-3.4194524,-2.5794525,-2.7194526,-3.9894526,-5.2094526,-6.0894527,-3.8694525,-1.2094525,0.3505475,1.1205475,0.5205475,1.2005475,1.8005475,2.1705475,3.3405476,3.5005474,4.5905476,4.7505474,6.7405477,8.140548,7.7405477,3.7605474,1.4605474,1.6905475
-0.43945253,-0.8994525,-2.1494524,-1.5894525,-3.4194524,-3.1194525,-3.8594525,-3.8694525,-4.4294524,-3.8794525,-3.0094526,-3.8394525,-6.6394525,-6.5794525,-7.9594526,-8.599453,-8.699452,-8.289453,-9.289453,-6.0694523,-2.6494524,-2.3694525,-1.4794525,-2.0794525,-3.2194526,-3.6794524,-3.8894525,-4.4494524,-4.9594526,-1.7494525,0.4205475,2.7505474,3.8805475,4.2205477,4.4405475,4.1405473,4.3405476,4.1805477,5.0805473,5.1505475,3.5005474
-1.8294525,-1.6394525,-2.1894524,-3.0194526,-3.6594524,-3.7694526,-3.7394526,-4.0194526,-4.5794525,-5.0994525,-3.0694525,-2.4194524,-4.6994524,-5.8394527,-7.2794523,-8.119452,-7.0094523,-7.9494524,-7.8494525,-7.9194527,-8.249453,-8.009453,-8.569452,-8.049453,-7.1794524,-2.0994525,2.1405475,2.0905476,1.5505475,2.1905475,2.1805475,2.6205475,2.5905476,2.4405475,0.3205475,0.7205475,0.27054748,2.2605474,4.4305477,4.5505476,2.9705474
0.2605475,-0.4894525,-0.19945252,-2.6394525,-2.7394526,-2.9194524,-3.5694525,-4.0194526,-4.2794523,-3.8294525,-1.9394525,-3.3394525,-2.3494525,-2.5494525,-5.7094526,-6.8794527,-7.2894526,-7.2994523,-6.6994524,-7.2794523,-7.9594526,-8.139453,-8.269452,-8.449452,-8.629453,-8.109452,-7.0894527,-4.8794527,-2.8294525,-2.7094526,-3.5294526,-1.4394525,-1.5494525,-1.4594525,-1.3794525,-0.86945254,-1.3594525,-0.61945254,-0.44945252,-0.5794525,5.4748537E-4
