wind_kz.json
{"header": {"discipline":0,"disciplineName":"Meteorological products","gribEdition":2,"gribLength":948,"center":7,"centerName":"US National Weather Service - NCEP(WMC)","subcenter":0,"refTime":"2023-09-10T06:00:00.000Z","significanceOfRT":1,"significanceOfRTName":"Start of forecast","productStatus":0,"productStatusName":"Operational products","productType":1,"productTypeName":"Forecast products","productDefinitionTemplate":0,"productDefinitionTemplateName":"Analysis/forecast at horizontal level/layer at a point in time","parameterCategory":0,"parameterCategoryName":"UnknownDiscipline_0_Category_0","parameterNumber":0,"parameterNumberName":"UnknownParameter_D0_C0_0","parameterUnit":"Unknown","genProcessType":2,"genProcessTypeName":"Forecast","forecastTime":120,"surface1Type":1,"surface1TypeName":"Ground or water surface","surface1Value":0.0,"surface2Type":255,"surface2TypeName":"Missing","surface2Value":0.0,"gridDefinitionTemplate":0,"gridDefinitionTemplateName":"Latitude_Longitude","numberPoints":615,"shape":6,"shapeName":"Earth spherical with radius of 6,371,229.0 m","gridUnits":"degrees","resolution":48,"winds":"true","scanMode":64,"nx":41,"ny":15,"basicAngle":0,"lo1":47.0,"la1":41.0,"lo2":87.0,"la2":55.0,"dx":1.0,"dy":1.0}, "data":
[rows 0 to 14 of 15, columns 0 to 40 of 41]
300.90976,288.30975,295.40976,297.80975,297.60977,296.40976,304.50977,311.30975,312.40976,312.10977,303.40976,301.70978,300.00977,305.70978,295.50977,309.60977,312.60977,308.10977,312.90976,312.10977,317.00977,311.80975,310.40976,310.80975,313.20978,311.50977,311.40976,300.20978,300.30975,300.00977,297.10977,296.50977,309.80975,317.10977,320.90976,320.20978,321.90976,320.60977,320.20978,324.20978,323.60977
279.60977,298.70978,297.00977,297.50977,297.00977,295.10977,307.70978,303.70978,306.40976,303.90976,304.80975,306.30975,294.10977,296.40976,296.40976,303.80975,307.90976,310.90976,311.10977,312.30975,309.70978,310.50977,309.50977,303.00977,297.90976,296.70978,306.10977,302.00977,302.10977,294.60977,299.50977,291.50977,300.20978,271.10977,295.50977,314.80975,316.80975,317.10977,319.90976,312.80975,285.00977
300.90976,296.50977,297.40976,297.00977,294.80975,302.30975,299.70978,302.50977,305.50977,301.00977,304.20978,299.30975,294.60977,308.10977,303.20978,311.10977,309.50977,310.00977,310.40976,311.20978,312.30975,311.80975,308.70978,303.20978,306.30975,306.00977,307.60977,307.60977,306.70978,300.30975,296.30975,295.40976,299.70978,301.30975,298.70978,298.00977,294.50977,291.10977,294.70978,292.50977,292.00977
300.90976,296.00977,297.00977,295.90976,296.10977,303.00977,299.50977,299.40976,301.90976,297.40976,303.00977,303.70978,293.50977,292.80975,306.30975,307.20978,305.20978,310.10977,309.70978,310.30975,307.60977,307.40976,308.60977,308.30975,307.80975,307.90976,309.30975,310.90976,309.90976,311.80975,309.70978,309.20978,310.70978,311.90976,309.90976,304.80975,285.90976,283.70978,288.30975,297.40976,297.30975
296.90976,293.80975,295.00977,293.70978,296.70978,300.50977,301.70978,303.10977,298.60977,300.50977,301.90976,304.20978,292.60977,291.30975,289.80975,305.80975,306.70978,304.70978,305.10977,304.10977,305.60977,307.10977,308.20978,308.10977,308.90976,308.90976,309.70978,303.50977,311.30975,310.20978,310.30975,307.50977,295.20978,276.00977,288.00977,304.50977,295.40976,305.30975,304.80975,301.50977,296.00977
301.70978,294.80975,293.00977,292.50977,293.10977,292.10977,301.90976,300.20978,298.90976,292.60977,291.70978,298.10977,293.50977,292.60977,298.00977,303.40976,303.40976,305.50977,303.40976,305.60977,305.50977,305.20978,307.30975,307.90976,308.00977,308.30975,310.30975,291.00977,305.10977,305.60977,308.60977,306.80975,307.60977,307.20978,301.50977,303.20978,294.30975,296.10977,306.80975,306.80975,306.90976
294.10977,295.60977,295.40976,292.60977,293.90976,298.30975,298.50977,300.00977,300.00977,296.70978,292.90976,297.40976,297.90976,298.60977,301.10977,301.30975,304.00977,303.90976,306.50977,306.60977,304.00977,304.60977,304.40976,304.60977,302.80975,303.20978,305.40976,305.80975,306.30975,307.00977,306.80975,306.40976,308.00977,307.20978,304.50977,299.80975,292.00977,296.10977,295.70978,282.40976,302.30975
299.60977,300.60977,300.80975,300.90976,301.30975,292.70978,299.70978,296.70978,299.60977,297.80975,296.00977,295.30975,298.80975,297.00977,299.90976,300.70978,295.50977,299.70978,293.20978,301.70978,298.70978,301.00977,302.40976,299.30975,297.20978,297.20978,297.20978,300.20978,300.30975,303.80975,294.40976,292.80975,299.70978,301.50977,300.20978,303.10977,306.90976,289.70978,305.30975,306.00977,303.50977
298.00977,298.40976,299.60977,300.60977,287.60977,293.00977,292.50977,296.10977,297.80975,298.20978,296.00977,297.40976,292.00977,287.60977,290.90976,292.70978,290.10977,299.60977,298.10977,298.50977,294.10977,297.80975,292.40976,291.50977,289.90976,295.80975,293.10977,294.30975,291.30975,293.00977,296.90976,295.00977,294.00977,301.70978,298.50977,297.60977,297.60977,297.20978,287.70978,287.80975,289.40976
295.10977,288.70978,293.10977,295.60977,292.70978,293.00977,293.10977,293.10977,297.20978,297.10977,294.40976,294.10977,291.00977,286.30975,297.00977,298.10977,300.20978,300.60977,291.40976,297.90976,296.90976,296.60977,295.70978,296.40976,295.50977,290.50977,291.80975,293.10977,291.80975,290.70978,289.30975,297.30975,301.50977,301.10977,301.70978,290.30975,289.30975,288.60977,290.40976,290.90976,289.70978
295.20978,295.10977,294.80975,293.80975,285.80975,285.70978,286.30975,293.80975,292.80975,292.80975,292.70978,284.40976,287.90976,292.60977,295.80975,296.50977,298.00977,298.90976,297.70978,291.20978,288.00977,296.20978,295.00977,286.70978,291.30975,287.30975,284.80975,288.80975,290.50977,294.80975,296.00977,290.30975,297.60977,294.40976,297.80975,296.00977,285.50977,287.30975,292.40976,292.10977,287.70978
289.40976,292.40976,294.40976,293.90976,291.40976,287.50977,288.90976,285.30975,285.60977,287.60977,289.00977,288.00977,292.30975,292.00977,290.90976,293.90976,296.20978,296.90976,292.90976,294.90976,286.20978,289.90976,292.80975,292.90976,288.00977,294.20978,292.70978,295.60977,291.30975,295.70978,289.80975,289.40976,289.30975,288.90976,286.80975,296.80975,297.20978,298.50977,293.00977,293.90976,292.40976
289.60977,289.20978,292.80975,287.70978,290.90976,289.70978,292.40976,293.10977,293.40976,291.20978,287.00977,287.80975,292.20978,286.30975,293.40976,293.00977,291.80975,294.10977,296.20978,294.20978,294.50977,291.00977,290.50977,291.10977,291.70978,289.20978,291.40976,287.70978,285.30975,293.20978,291.30975,289.10977,294.60977,292.80975,291.90976,290.20978,294.50977,295.30975,297.90976,295.10977,292.50977
288.70978,290.40976,291.20978,294.00977,293.10977,292.60977,291.80975,291.30975,292.20978,292.00977,290.10977,288.50977,290.90976,290.20978,288.60977,292.90976,293.80975,293.50977,291.80975,294.00977,293.90976,294.40976,295.30975,293.80975,291.80975,289.00977,294.20978,287.50977,284.50977,287.50977,292.20978,291.80975,289.20978,293.10977,294.40976,291.90976,292.40976,292.80975,293.60977,291.70978,294.40976
288.30975,289.00977,288.60977,290.30975,293.80975,292.90976,292.50977,291.70978,292.30975,287.30975,287.20978,290.80975,285.30975,285.20978,292.60977,293.60977,294.20978,294.20978,295.20978,290.60977,286.40976,292.30975,296.50977,293.60977,288.00977,284.50977,284.90976,284.80975,284.40976,284.80975,284.30975,286.10977,285.20978,290.50977,292.30975,293.10977,294.50977,294.80975,296.20978,295.60977,294.60977
