wind.json
{"header": {"discipline":0,"disciplineName":"Meteorological products","gribEdition":2,"gribLength":1211,"center":7,"centerName":"US National Weather Service - NCEP(WMC)","subcenter":0,"refTime":"2023-06-28T12:00:00.000Z","significanceOfRT":1,"significanceOfRTName":"Start of forecast","productStatus":0,"productStatusName":"Operational products","productType":1,"productTypeName":"Forecast products","productDefinitionTemplate":0,"productDefinitionTemplateName":"Analysis/forecast at horizontal level/layer at a point in time","parameterCategory":2,"parameterCategoryName":"UnknownDiscipline_0_Category_2","parameterNumber":2,"parameterNumberName":"UnknownParameter_D0_C2_2","parameterUnit":"Unknown","genProcessType":2,"genProcessTypeName":"Forecast","forecastTime":120,"surface1Type":103,"surface1TypeName":"Specified height level above ground","surface1Value":10.0,"surface2Type":255,"surface2TypeName":"Missing","surface2Value":0.0,"gridDefinitionTemplate":0,"gridDefinitionTemplateName":"Latitude_Longitude","numberPoints":688,"shape":6,"shapeName":"Earth spherical with radius of 6,371,229.0 m","gridUnits":"degrees","resolution":48,"winds":"true","scanMode":64,"nx":43,"ny":16,"basicAngle":0,"lo1":45.0,"la1":40.0,"lo2":87.0,"la2":55.0,"dx":1.0,"dy":1.0}, "data":
[rows 0 to 15 of 16, columns 0 to 42 of 43]
0.7027319,-2.237268,-1.1072681,-5.067268,-5.197268,-2.877268,-1.307268,2.002732,7.202732,-1.6072681,-0.44726807,-1.317268,0.072731934,0.73273194,1.452732,2.162732,2.9227319,3.782732,4.8127317,4.392732,5.452732,6.182732,6.122732,-2.2772682,2.2127318,3.082732,2.1827319,-0.94726807,2.9827318,2.572732,2.502732,3.092732,1.6427319,1.3627319,0.22273193,-0.23726806,-3.657268,-4.207268,-2.377268,-4.047268,-3.157268,-4.747268,0.27273193
-1.7172681,-3.5272682,1.102732,1.6327319,-0.30726805,-5.867268,-1.2172681,2.992732,5.622732,2.592732,-1.2072681,-0.84726804,-0.5672681,1.9127319,2.132732,2.992732,2.1727319,3.742732,4.412732,5.042732,5.392732,6.622732,7.982732,3.842732,5.292732,7.532732,10.222732,8.792732,9.8027315,9.582732,7.8327317,1.6527319,-1.1072681,5.672732,-3.387268,1.5327319,1.452732,-1.0772681,0.6327319,0.38273194,1.2927319,1.4227319,1.7327319
-1.537268,1.2427319,-0.36726806,-3.417268,-6.9372683,-4.617268,0.06273194,3.772732,-2.8272681,-1.917268,-0.13726807,-0.64726806,0.98273194,1.2727319,3.052732,1.1227319,1.7927319,3.9327319,4.382732,5.822732,6.992732,6.572732,7.532732,6.5827317,4.622732,4.8127317,4.002732,2.4627318,3.012732,2.752732,-0.5672681,7.3527317,1.582732,1.582732,-3.237268,0.55273193,-1.3672681,5.412732,1.6327319,2.492732,1.0427319,0.86273193,-0.31726807
-0.6272681,0.0027319335,-5.697268,-6.017268,-4.377268,-1.9872681,2.412732,6.212732,1.562732,-0.30726805,2.312732,0.7627319,0.91273195,2.612732,1.0027319,-0.12726806,3.9827318,5.172732,6.132732,6.072732,6.232732,7.012732,7.432732,7.982732,7.242732,8.982732,9.482732,3.652732,1.592732,6.192732,-2.247268,-1.547268,-0.22726807,-0.63726807,0.28273192,2.582732,1.722732,-1.9772681,0.012731934,-0.76726806,4.1027317,6.882732,0.42273194
-4.377268,-7.6672683,-6.987268,-4.137268,-1.8872681,1.6627319,5.762732,1.472732,1.5327319,3.1727319,1.7927319,1.4927319,2.332732,3.822732,-1.407268,4.212732,6.412732,7.592732,7.752732,9.682732,8.652732,8.542732,7.242732,9.572732,10.142732,12.362732,10.292732,10.532732,6.072732,10.192732,8.622732,3.052732,12.182732,2.2227318,3.622732,7.232732,7.442732,6.192732,-0.41726807,-0.15726806,-1.687268,-2.247268,-0.64726806
-4.8972683,-6.177268,-4.457268,-0.46726808,1.582732,3.2227318,2.9827318,1.3927319,3.332732,3.6827319,1.972732,2.742732,3.832732,3.9527318,2.322732,6.202732,7.642732,11.662732,9.512732,7.162732,7.652732,8.292732,9.772732,8.762732,8.272732,10.5527315,10.682732,10.922732,3.4427319,10.472732,11.712732,12.932732,-1.0872681,-1.157268,1.312732,-0.90726805,0.8927319,-0.5472681,3.012732,0.25273192,-0.11726806,-0.6172681,1.312732
-2.0372682,-1.067268,1.4027319,4.432732,2.892732,3.762732,3.652732,5.502732,6.8527317,5.612732,2.372732,2.812732,2.842732,4.622732,5.3127317,4.192732,7.072732,9.112732,5.842732,6.282732,9.632732,10.792732,9.402732,2.1727319,6.792732,8.732732,6.302732,10.592731,3.2027318,4.252732,11.562732,11.322732,-1.567268,-1.4672681,0.8927319,2.2127318,5.572732,1.9027319,7.162732,3.522732,-0.76726806,0.90273196,2.002732
1.0227319,3.1827319,2.812732,3.492732,1.9027319,2.092732,3.802732,8.182732,2.2227318,4.532732,4.222732,2.362732,3.332732,4.662732,5.012732,6.322732,4.872732,4.552732,5.972732,0.80273193,7.8527317,8.722732,-1.167268,9.282732,-9.087268,10.612732,7.282732,9.5527315,3.892732,4.3127317,3.502732,1.572732,2.662732,-0.40726808,-0.91726804,2.4627318,6.042732,6.402732,-1.177268,-1.3272681,1.592732,-0.63726807,-1.567268
0.65273196,2.132732,2.9327319,2.912732,2.2027318,-0.09726807,2.612732,3.032732,3.062732,1.7527319,4.6027317,3.1927319,2.062732,3.9827318,3.7127318,4.552732,5.3527317,-2.437268,2.862732,4.822732,8.962732,11.162732,4.162732,6.262732,1.472732,2.4627318,0.53273195,4.142732,-1.307268,5.112732,-2.3072681,-0.6072681,-1.8272681,-1.6372681,-0.63726807,-0.34726807,-1.9972681,-2.007268,-3.0372682,1.6427319,4.142732,3.272732,3.1927319
2.022732,4.732732,4.392732,6.022732,4.702732,5.722732,3.9827318,3.622732,3.292732,4.382732,5.372732,3.582732,3.302732,2.412732,4.052732,-1.2072681,4.6027317,-0.13726807,5.992732,9.852732,7.072732,3.762732,-9.677268,4.652732,1.2627319,-4.1672683,-1.1172681,-0.7472681,1.9927319,-3.2772682,-3.0572681,-2.927268,-6.027268,-4.707268,-1.5772681,-0.88726807,1.582732,2.062732,0.7527319,-0.43726808,0.58273196,0.102731936,1.5127319
3.9427319,5.3327317,3.572732,7.112732,5.302732,4.5827317,5.402732,3.102732,6.362732,5.792732,4.112732,4.572732,3.4827318,2.392732,4.112732,0.14273193,4.422732,2.6927319,-0.017268067,9.852732,-5.007268,-2.967268,-4.807268,-7.547268,-7.987268,-7.067268,-9.137268,-6.837268,-6.1672683,-6.737268,-6.817268,-6.527268,-5.277268,-3.887268,-3.2872682,-3.5372682,-2.647268,0.6827319,0.7027319,0.46273193,1.182732,0.45273194,1.082732
5.002732,4.032732,5.912732,5.162732,5.792732,5.042732,2.782732,4.752732,3.322732,4.902732,3.742732,2.052732,1.842732,4.002732,3.872732,-0.19726807,2.652732,0.45273194,1.6727319,-1.5872681,-6.447268,-4.707268,-5.837268,-0.33726805,-8.477268,-8.077268,-6.977268,-5.927268,-5.247268,-6.637268,-6.427268,-6.287268,-6.027268,-6.3972683,-6.987268,-5.847268,-5.587268,-4.497268,-1.277268,0.79273194,-0.94726807,-0.5072681,-0.43726808
4.192732,3.792732,3.342732,3.762732,4.672732,3.782732,3.7227318,-0.8072681,2.832732,4.5627317,3.7027318,2.7127318,2.862732,4.0827317,2.392732,-1.277268,-0.44726807,0.79273194,0.09273193,0.39273193,-3.7972682,-5.6672683,-4.767268,-3.0372682,-3.5472682,-4.827268,-5.457268,-6.177268,-6.6472683,-6.817268,-6.997268,-7.127268,-7.127268,-7.877268,-6.6472683,-6.967268,-5.017268,-6.237268,-5.757268,-5.877268,-2.867268,1.1527319,-2.5672681
3.282732,4.482732,4.172732,2.662732,3.592732,2.652732,2.822732,2.082732,-0.5672681,3.072732,5.222732,3.272732,1.802732,2.9727318,-3.227268,-0.7472681,-0.49726808,0.41273195,-2.497268,-3.0472682,-2.257268,-3.707268,-3.207268,-3.3072681,-2.397268,-3.737268,-5.747268,-6.457268,-6.767268,-6.317268,-7.037268,-7.017268,-7.197268,-7.347268,-5.9172683,-6.257268,-5.767268,-4.697268,-5.037268,-3.427268,-2.947268,-1.8472681,-2.677268
3.822732,3.412732,3.1727319,3.362732,2.4827318,4.652732,2.612732,1.552732,1.9127319,2.272732,3.282732,2.802732,1.5027319,2.152732,1.692732,-2.947268,-2.0172682,-0.44726807,-1.397268,-3.3072681,-2.147268,-4.3972683,-4.807268,-5.177268,-5.157268,-5.997268,-5.977268,-6.077268,-5.6472683,-4.447268,-5.6872683,-4.827268,-4.927268,-5.577268,-6.307268,-6.3972683,-4.737268,-4.837268,-4.097268,-2.137268,-4.037268,-2.197268,1.1527319
2.912732,3.372732,3.832732,3.892732,3.272732,4.972732,4.182732,3.342732,4.142732,2.662732,2.302732,3.1827319,2.2027318,2.562732,0.24273193,1.302732,-1.5872681,-1.677268,-0.9372681,-1.277268,-4.067268,-3.147268,-3.7672682,-3.927268,-4.407268,-4.3972683,-4.547268,-3.3272681,-3.7972682,-3.877268,-4.297268,-4.287268,-3.247268,-3.857268,-3.677268,-5.1872683,-4.227268,-5.447268,-2.707268,-3.437268,-1.3372681,-3.697268,-2.987268
