wind_kz.json
[{"header":{"discipline":0,"disciplineName":"Meteorological products","gribEdition":2,"gribLength":871,"center":7,"centerName":"US National Weather Service - NCEP(WMC)","subcenter":0,"refTime":"2023-09-21T18:00:00.000Z","significanceOfRT":1,"significanceOfRTName":"Start of forecast","productStatus":0,"productStatusName":"Operational products","productType":1,"productTypeName":"Forecast products","productDefinitionTemplate":0,"productDefinitionTemplateName":"Analysis/forecast at horizontal level/layer at a point in time","parameterCategory":0,"parameterCategoryName":"UnknownDiscipline_0_Category_0","parameterNumber":0,"parameterNumberName":"UnknownParameter_D0_C0_0","parameterUnit":"Unknown","genProcessType":2,"genProcessTypeName":"Forecast","forecastTime":240,"surface1Type":1,"surface1TypeName":"Ground or water surface","surface1Value":0.0,"surface2Type":255,"surface2TypeName":"Missing","surface2Value":0.0,"gridDefinitionTemplate":0,"gridDefinitionTemplateName":"Latitude_Longitude","numberPoints":615,"shape":6,"shapeName":"Earth spherical with radius of 6,371,229.0 m","gridUnits":"degrees","resolution":48,"winds":"true","scanMode":64,"nx":41,"ny":15,"basicAngle":0,"lo1":47.0,"la1":41.0,"lo2":87.0,"la2":55.0,"dx":1.0,"dy":1.0},"data":[291.7,282.5,288.5,293.4,293.6,293.1,293.2,293.8,291.7,291.5,291.7,293.1,293.0,293.1,292.8,289.5,290.2,291.3,291.5,292.5,292.8,287.1,286.1,282.6,287.8,289.2,286.1,276.5,274.4,274.9,272.7,275.0,284.1,289.5,290.3,290.9,291.1,290.5,290.7,289.4,292.8,275.6,287.4,292.8,293.0,293.1,291.9,293.2,292.6,291.7,291.8,292.8,291.2,291.5,290.3,290.0,290.6,289.0,290.5,288.3,290.9,287.0,288.6,287.4,280.6,272.4,274.7,281.9,276.0,278.5,271.9,276.9,267.6,276.5,256.7,273.6,287.1,284.9,287.8,291.4,285.4,283.8,292.6,292.0,292.8,292.6,291.0,293.1,292.3,291.7,290.6,290.4,289.5,289.9,288.0,288.4,290.8,290.2,288.1,287.3,288.0,288.9,289.7,288.2,288.6,284.3,285.0,285.2,286.5,285.0,284.7,276.9,270.5,272.5,277.1,280.8,280.5,280.5,273.1,278.5,279.1,274.8,271.6,289.8,291.7,293.0,292.0,291.4,291.5,292.2,291.4,291.3,290.3,289.1,288.0,290.7,290.2,290.3,288.1,289.5,288.7,288.9,287.3,288.9,283.9,287.6,288.1,287.9,288.1,288.2,286.8,284.1,284.6,285.6,283.7,289.1,289.4,285.4,283.7,273.8,271.0,276.1,282.9,285.8,291.5,291.2,291.9,291.0,291.8,291.9,293.2,292.2,291.6,290.7,289.2,287.6,289.4,288.5,287.0,289.4,288.9,288.2,286.7,288.7,288.6,288.5,287.5,286.7,286.4,287.1,285.2,286.5,286.6,287.1,289.2,285.8,277.2,270.6,278.3,285.6,288.7,289.0,289.5,289.1,288.5,290.1,288.3,290.3,290.9,291.0,290.6,292.1,293.2,291.5,290.8,290.7,290.2,289.3,289.3,289.1,289.0,291.0,288.5,288.9,288.6,287.5,287.1,287.2,286.5,286.0,284.7,284.9,286.8,287.4,288.2,286.3,288.0,287.1,285.8,284.1,288.8,280.1,280.9,285.8,286.7,287.5,289.0,288.5,291.6,290.7,290.0,290.5,291.8,291.1,291.4,291.7,289.9,289.9,289.3,289.1,288.7,289.9,289.7,290.3,289.1,288.1,286.6,287.1,287.6,287.9,286.4,286.5,285.4,286.2,286.9,286.8,285.8,285.9,286.6,287.6,286.6,285.8,281.1,277.0,274.5,272.8,283.5,290.1,290.3,289.3,289.9,291.1,291.8,291.2,289.9,288.8,289.1,288.4,288.2,287.5,288.4,288.7,289.0,288.7,289.6,289.2,286.4,285.9,285.6,286.0,286.2,285.3,281.7,283.1,284.0,282.6,283.9,282.9,282.9,282.8,280.8,280.3,282.0,284.0,286.2,281.5,282.0,279.0,291.7,290.8,290.7,288.7,290.4,289.8,289.3,288.8,287.8,287.4,286.6,286.5,285.8,287.1,286.9,287.7,287.5,287.5,287.2,286.4,284.5,284.1,284.9,284.9,283.1,284.0,281.2,280.9,279.2,278.2,279.8,280.3,280.8,282.0,280.7,279.4,281.3,279.9,270.3,271.7,269.7,292.5,293.0,291.4,288.7,288.8,288.9,288.4,287.6,287.3,286.7,285.3,285.6,286.1,285.8,285.7,285.9,286.2,286.1,286.1,286.2,284.9,284.2,284.8,284.7,284.7,283.2,283.0,282.6,281.9,281.3,280.7,283.0,284.6,284.0,283.0,281.3,279.1,277.3,273.5,272.2,271.3,290.7,292.1,291.0,289.0,287.3,287.1,287.8,287.6,286.2,285.2,285.3,285.3,285.9,285.6,285.4,285.5,285.5,286.0,285.6,286.0,286.0,285.2,284.9,285.1,284.7,284.5,282.8,283.9,283.7,284.8,285.2,285.0,283.6,285.2,283.8,281.2,277.9,274.5,274.0,275.8,273.3,289.6,292.0,291.7,289.9,286.9,286.1,284.7,285.4,285.1,285.2,282.3,283.5,285.2,284.3,284.7,285.0,285.5,285.4,285.3,285.4,284.9,284.7,284.5,284.6,284.5,285.5,285.1,285.9,285.8,285.8,285.5,285.6,286.2,283.6,284.2,283.0,283.1,282.3,281.2,280.9,279.8,290.6,288.9,292.0,290.0,289.0,287.0,285.5,285.1,284.5,283.4,281.9,280.2,284.2,283.3,284.4,284.8,284.8,284.7,285.4,284.9,284.7,283.8,283.4,283.4,285.6,286.2,287.4,286.6,286.7,286.2,286.3,286.1,285.8,284.8,284.5,283.9,283.7,283.8,282.3,281.5,281.0,286.3,290.2,287.9,290.6,288.8,288.6,285.8,285.4,284.8,283.3,282.3,279.3,280.5,283.0,284.1,284.4,284.4,284.0,284.2,284.7,284.9,284.8,285.3,285.5,286.0,286.4,286.3,286.7,286.2,286.3,286.0,285.4,285.0,284.1,284.1,283.0,283.0,282.4,281.6,280.5,280.8,287.4,289.3,286.0,291.2,290.1,290.4,288.9,286.0,285.8,284.3,283.8,281.5,282.5,282.4,284.1,284.9,284.8,284.4,284.2,284.4,284.7,284.8,284.8,284.6,284.7,285.1,285.3,285.7,285.6,285.7,285.4,284.5,284.2,283.5,283.3,283.5,282.9,282.1,282.2,282.0,281.2]},{"header":{"discipline":0,"disciplineName":"Meteorological products","gribEdition":2,"gribLength":1025,"center":7,"centerName":"US National Weather Service - NCEP(WMC)","subcenter":0,"refTime":"2023-09-21T18:00:00.000Z","significanceOfRT":1,"significanceOfRTName":"Start of forecast","productStatus":0,"productStatusName":"Operational products","productType":1,"productTypeName":"Forecast products","productDefinitionTemplate":0,"productDefinitionTemplateName":"Analysis/forecast at horizontal level/layer at a point in time","parameterCategory":2,"parameterCategoryName":"UnknownDiscipline_0_Category_2","parameterNumber":2,"parameterNumberName":"UnknownParameter_D0_C2_2","parameterUnit":"Unknown","genProcessType":2,"genProcessTypeName":"Forecast","forecastTime":240,"surface1Type":103,"surface1TypeName":"Specified height level above ground","surface1Value":10.0,"surface2Type":255,"surface2TypeName":"Missing","surface2Value":0.0,"gridDefinitionTemplate":0,"gridDefinitionTemplateName":"Latitude_Longitude","numberPoints":615,"shape":6,"shapeName":"Earth spherical with radius of 6,371,229.0 m","gridUnits":"degrees","resolution":48,"winds":"true","scanMode":64,"nx":41,"ny":15,"basicAngle":0,"lo1":47.0,"la1":41.0,"lo2":87.0,"la2":55.0,"dx":1.0,"dy":1.0},"data":[-0.8214258,-0.091425784,1.2485743,-2.8814259,-0.73142576,-1.6514258,-4.6814256,-4.881426,-4.781426,-3.8114257,-3.1714258,-3.2414258,-4.491426,-4.301426,-1.6914258,-1.8514258,-1.8614258,-3.0414257,-4.461426,-2.9514258,-1.8014258,-2.0514257,-0.80142576,-1.6514258,-3.3014257,-5.171426,-2.0614257,0.23857422,-0.5314258,-1.4414258,-1.2314258,1.1485742,0.21857423,-0.46142578,-3.8014257,-3.3214257,-3.4714258,-3.351426,-2.8814259,-1.5314258,-4.9314256,1.8885742,1.3185742,-1.9314258,-4.4514256,-3.9414258,-5.491426,-5.1014256,-5.471426,-4.6214256,-4.7014256,-6.031426,-5.301426,-4.5414257,-2.8214257,-1.0614258,-2.4114258,-3.091426,-4.511426,-3.5814257,-3.4614258,-2.9614258,-2.4414258,-1.0814258,-0.2914258,-0.6214258,0.15857422,0.40857422,-0.22142579,-3.1414258,-1.1814258,-0.3914258,-0.79142576,-1.7114258,-1.2814258,0.75857425,0.17857422,-0.41142577,0.44857422,-0.27142578,-0.8414258,-5.6414256,0.89857423,-2.7114258,-3.9314258,-3.2114258,-4.1214256,-6.781426,-5.321426,-3.9814258,-7.901426,-7.841426,-6.1814256,-6.191426,-3.7314258,-2.0314257,-3.591426,-4.2914257,-5.211426,-3.4914258,-2.2814257,-1.4414258,-5.5814257,-4.5814257,-3.3014257,-4.051426,-0.6214258,-0.98142576,0.25857422,0.21857423,-1.9514258,-0.49142578,-1.0114257,0.8785742,0.17857422,0.4185742,-0.6314258,-1.0214257,-0.3614258,-2.7814257,1.9885743,-0.4814258,1.3085742,-2.6914258,-4.2914257,-3.2114258,-3.7714257,-5.231426,-4.591426,-3.1314259,-6.221426,-7.051426,-6.1814256,-5.841426,-4.551426,-5.5414257,-3.9614258,-4.691426,-4.0214257,-4.261426,-4.301426,-4.231426,-4.401426,-4.281426,-2.5314257,-2.3814259,-4.2514257,-3.9314258,-3.3614259,-2.6814258,-4.3314257,-2.0814257,1.7085742,2.5685742,-0.7814258,2.3585742,1.0485742,0.40857422,-1.8314258,-1.0314258,-0.061425783,0.9185742,-0.7214258,-1.1714258,-3.4714258,-4.3914256,-4.4114256,-2.7714257,-4.2014256,-4.221426,-4.961426,-4.301426,-5.4114256,-5.111426,-4.261426,-3.9414258,-3.3314257,-3.5114257,-4.091426,-4.341426,-4.4114256,-4.221426,-3.9814258,-4.591426,-4.5814257,-4.031426,-4.481426,-3.7414258,-3.7314258,-3.0214257,-3.591426,-1.8114258,-3.2214258,-2.4214258,-1.9514258,-1.4414258,-1.9614258,-0.27142578,0.46857423,0.6785742,-2.5414257,-3.2114258,-3.851426,-3.6314259,-3.0414257,-3.3114257,-3.5314257,-4.961426,-5.3714256,-5.421426,-5.421426,-5.231426,-5.2714257,-4.991426,-4.2014256,-3.2414258,-3.2914257,-3.0414257,-4.2514257,-3.3314257,-3.3314257,-3.6314259,-3.1714258,-4.0214257,-3.8114257,-3.8014257,-3.2014258,-4.151426,-2.8814259,-3.1314259,-3.4014258,-2.2114258,-2.1514258,-2.6114259,-3.5214257,-3.6614258,-4.471426,-1.9814258,-2.5014257,0.4585742,-4.781426,0.28857422,-2.0814257,0.37857422,-1.4314258,-2.5114257,-2.4614258,-3.1614258,-3.1614258,-3.5714257,-4.111426,-4.0814257,-4.321426,-4.131426,-3.9614258,-3.9314258,-3.5414257,-3.7514257,-3.5614257,-3.0514257,-2.8614259,-3.0014257,-2.7314258,-2.5714257,-4.1414256,-3.9814258,-3.4914258,-3.1814258,-3.1314259,-3.2014258,-3.2014258,-3.4714258,-3.1814258,-3.4114258,-4.921426,-5.1214256,-4.8114257,-5.0014257,-2.2614257,-3.0814257,-2.3214257,-2.4614258,-0.9314258,1.0985742,-1.5014257,0.9685742,0.15857422,-1.6514258,-2.4514258,-2.4614258,-2.4214258,-1.5414258,-2.7614257,-3.2314258,-3.091426,-2.2914257,-3.101426,-2.9614258,-3.4114258,-3.1314259,-3.1214259,-2.7714257,-2.1814258,-2.9814258,-3.0014257,-3.5314257,-4.171426,-3.2714257,-3.2714257,-3.0014257,-3.5214257,-3.0814257,-1.7014258,-2.7614257,-3.4014258,-3.7814257,-3.2214258,-4.1614256,-2.3614259,-4.821426,-2.4814258,-2.7914257,1.6285743,2.2385743,0.8185742,1.4485742,1.9585742,-0.20142578,-1.9414258,-1.7514257,-1.6914258,-1.2014258,-0.15142578,-0.7014258,-1.9314258,-1.7614257,-2.2914257,-1.9814258,-2.2114258,-2.6614258,-1.8414258,-2.8314257,-2.8614259,-2.6314259,-2.9814258,-3.341426,-3.3114257,-3.6514258,-3.7914257,-3.3014257,-3.3214257,-3.2914257,-2.8114257,-3.2514257,-2.3314257,-2.6214259,-1.3914257,-1.5414258,-2.601426,-1.9614258,-0.5114258,-0.9314258,-0.5014258,0.39857423,0.36857423,-2.101426,-0.5914258,0.50857425,-1.2414258,-1.7314258,-1.5414258,-2.2814257,-1.5714258,-1.6214257,-1.6314257,-1.3714257,-1.8814257,-1.8714257,-1.5114257,-1.2714257,-1.8514258,-1.8214258,-1.6214257,-2.3214257,-2.2414258,-2.6914258,-2.6814258,-3.0714257,-3.351426,-3.2914257,-2.351426,-2.3314257,-2.4914258,-2.6414258,-2.3214257,-2.4214258,-2.0814257,-1.5014257,-1.5714258,-0.7014258,-0.12142578,-0.061425783,-0.3914258,-0.2614258,0.7485742,-1.1314257,-0.021425782,-2.2714257,-0.27142578,0.10857422,-1.3914257,-1.9714258,-2.6114259,-1.8514258,-1.3614258,-1.3314258,-1.2714257,-1.0514258,-1.2414258,-0.6914258,-0.54142576,-0.54142576,-0.5914258,-0.3914258,-0.011425781,0.10857422,-0.6814258,-0.98142576,-1.2814258,-1.9414258,-1.8014258,-1.0514258,-0.7814258,-1.6214257,-0.44142577,-0.091425784,-0.66142577,0.088574216,0.15857422,0.6585742,1.4585742,1.5085742,1.1485742,0.7385742,0.0085742185,-0.5614258,-1.3314258,-0.47142577,-0.4214258,1.0185742,-0.67142576,-0.5314258,-1.2114258,-1.9114258,-2.0314257,-1.3114258,-1.1214257,-1.2714257,-1.4514258,-0.66142577,-1.4814258,-1.3614258,0.088574216,-0.13142578,0.39857423,1.3485742,1.4085742,1.8985742,1.8685743,0.9385742,1.0785742,0.44857422,1.2385743,1.3085742,1.1685742,1.6885742,2.2085743,1.6085743,1.7985742,1.8785743,1.4885743,1.5385742,2.5085742,1.8985742,1.6085743,1.4985743,1.1485742,0.63857424,0.01857422,0.19857422,-0.05142578,-0.04142578,0.9685742,-0.7814258,-1.3714257,-1.3814257,-0.8814258,-1.2314258,-1.3014258,-0.8114258,-0.85142577,-1.1414257,-1.1914258,0.13857421,1.0885742,1.6285743,2.3585742,2.3785741,1.8085742,1.8085742,1.7785742,2.0385742,0.82857424,1.5985742,1.5785742,1.5485742,2.7385743,2.4485743,2.5085742,2.4685743,2.6085742,2.5685742,2.898574,2.9385743,2.5985742,2.0685742,2.398574,2.6985743,2.9385743,1.1085743,1.7285743,0.8185742,-0.22142579,1.4285742,-1.6414257,-1.8114258,-1.2214258,-0.5314258,-0.24142578,-0.6214258,-0.8714258,-0.04142578,-0.3914258,-1.2014258,-0.5614258,1.2285743,1.9685742,2.3785741,2.408574,2.1085742,1.8385742,1.5385742,2.4985743,2.7085743,2.898574,3.1885743,3.3785741,3.4285743,3.2385743,3.1385741,3.2985742,3.158574,3.398574,3.4285743,3.2485743,3.1285741,3.1385741,2.7785742,2.898574,2.4785743,2.2885742,1.2585742,0.9185742,1.1385742,1.5185742,1.6485742,0.14857422,-0.17142577,-0.21142578,0.2685742,0.49857423,-0.25142577,-0.15142578,-0.8114258,-1.4114258,-0.6214258,0.088574216,1.1385742,2.5485742,2.2685742,2.3385742,2.5285742,2.0585742,2.9485743,2.9785743,3.0885742,3.0385742,3.2285743,3.2685742,3.2985742,3.3485742,3.2585742,3.2185743,3.3485742,3.4485743,3.6885743,3.1085742,2.9885743,3.0085742,3.4485743,2.1785743,2.7385743,2.5485742,2.3185742,-0.91142577]},{"header":{"discipline":0,"disciplineName":"Meteorological products","gribEdition":2,"gribLength":1025,"center":7,"centerName":"US National Weather Service - NCEP(WMC)","subcenter":0,"refTime":"2023-09-21T18:00:00.000Z","significanceOfRT":1,"significanceOfRTName":"Start of forecast","productStatus":0,"productStatusName":"Operational products","productType":1,"productTypeName":"Forecast products","productDefinitionTemplate":0,"productDefinitionTemplateName":"Analysis/forecast at horizontal level/layer at a point in time","parameterCategory":2,"parameterCategoryName":"UnknownDiscipline_0_Category_2","parameterNumber":3,"parameterNumberName":"UnknownParameter_D0_C2_3","parameterUnit":"Unknown","genProcessType":2,"genProcessTypeName":"Forecast","forecastTime":240,"surface1Type":103,"surface1TypeName":"Specified height level above ground","surface1Value":10.0,"surface2Type":255,"surface2TypeName":"Missing","surface2Value":0.0,"gridDefinitionTemplate":0,"gridDefinitionTemplateName":"Latitude_Longitude","numberPoints":615,"shape":6,"shapeName":"Earth spherical with radius of 6,371,229.0 m","gridUnits":"degrees","resolution":48,"winds":"true","scanMode":64,"nx":41,"ny":15,"basicAngle":0,"lo1":47.0,"la1":41.0,"lo2":87.0,"la2":55.0,"dx":1.0,"dy":1.0},"data":[-0.6984522,-1.2384522,0.15154785,4.281548,0.39154786,-1.6984521,1.0015478,0.91154784,-0.6284521,0.34154785,0.40154785,-2.108452,-2.338452,-3.2084522,-4.1684523,-0.57845217,-1.0384521,-0.06845215,0.97154784,-0.25845215,1.9715478,0.27154785,-0.29845214,-0.14845215,-2.1784523,-0.5084522,-2.0184522,0.89154786,3.401548,3.0315478,1.7615478,1.1715479,-1.2784522,-2.908452,-1.4584521,-0.28845215,-0.21845216,-0.5684521,-2.1784523,0.97154784,2.131548,3.4815478,0.71154785,2.9915478,1.7215478,-0.6384522,2.2115479,-0.26845214,1.3715478,-0.30845216,-1.2584522,-1.8584522,-3.7384522,-3.4784522,-4.0884523,-4.968452,-4.348452,-1.3884522,0.38154784,0.48154786,-1.7484522,-0.59845215,-1.3484521,-0.37845215,1.9315479,-0.058452148,2.4715478,0.78154784,-0.43845215,-1.0484521,1.2715478,1.7915479,3.151548,0.72154784,-0.07845215,1.3215479,-1.6184522,-1.0284522,-2.0184522,-1.0484521,-2.2984521,1.5815479,0.21154785,4.151548,2.5115478,1.1115478,-2.108452,1.3215479,0.92154783,-0.16845214,-0.53845215,-1.1984521,-1.8484521,-2.9384522,-3.6984522,-4.158452,-3.7084522,-3.5284522,-3.3084521,-0.97845215,-0.90845215,1.0115478,0.42154786,-1.1484522,-3.0584521,-1.3584522,-1.2184521,-0.28845215,-0.73845214,0.5015479,0.32154787,0.60154784,2.651548,0.60154784,1.1715479,-0.89845216,-0.71845216,1.4015479,1.3315479,-0.77845216,-0.14845215,1.0715479,0.35154784,2.0815477,4.001548,3.4815478,-0.21845216,0.70154786,0.91154784,1.5815479,1.6515479,2.151548,0.5015479,-1.0884521,-3.328452,-5.278452,-5.018452,-3.3084521,-3.5284522,-3.1784523,-3.0184522,-3.578452,-3.7084522,-1.1284522,-2.128452,1.2215478,-1.6184522,-1.6284522,-2.088452,-2.7684522,-1.8384521,0.20154785,-0.76845217,-0.7584522,-0.8184521,-1.4884522,1.1415478,0.54154783,-3.8084521,-0.95845217,0.72154784,-0.11845215,0.82154787,0.23154785,3.7915478,3.911548,1.8115479,-2.5684521,2.0715477,0.6815479,1.2215478,2.0615478,3.391548,2.2815478,0.6115478,-1.1584522,-3.6784523,-2.7784522,-2.378452,-1.7384522,-2.2484522,-2.7084522,-2.4784522,-2.848452,-2.878452,-2.5584521,-0.9484522,-1.9384521,-1.7884521,-2.608452,-2.5084522,-3.0084522,-2.2884521,-2.908452,-3.2384522,-0.72845215,1.2515478,2.8215477,-0.72845215,-1.5384521,0.57154787,-2.2084522,0.091547854,-0.96845216,-2.4384522,2.5215478,1.6015478,1.1915479,1.5215478,-0.43845215,3.1815479,1.5015478,0.72154784,2.9415479,2.6915479,2.0615478,0.73154783,-1.6684521,-3.2984521,-2.5084522,-0.92845213,-2.108452,-0.44845214,-0.9484522,-1.6484522,-2.4384522,-1.9584521,-0.6284521,0.39154786,-1.4784522,-2.388452,-3.2184522,-3.828452,-3.2684522,-3.9984522,-4.1484523,-4.998452,-4.3584523,-1.9884522,1.8515478,3.671548,2.4615479,3.5815477,0.6815479,-1.1184522,-1.2884521,3.5515478,3.341548,2.591548,1.6315478,1.1215478,1.7615478,1.7415478,1.6315478,1.1515479,1.2315478,1.1215478,1.0615479,-0.03845215,-1.2084521,-2.2184522,-2.8184521,-2.7284522,-3.1984522,0.30154786,-0.16845214,-1.0184522,-2.398452,-2.0484521,-1.1584522,-1.4684521,-1.4284521,-2.848452,-3.4684522,-4.3384523,-4.558452,-5.4184523,-6.978452,-7.178452,-3.838452,-0.77845216,-2.0284522,-3.158452,-2.598452,0.73154783,-0.76845217,-0.60845214,4.821548,5.251548,3.921548,3.2215478,3.1815479,2.2115479,2.7315478,2.5415478,2.5015478,1.9915478,1.7315478,1.4615479,0.20154785,-0.8084521,-0.47845215,-2.0484521,-2.1984522,-2.9284523,-0.17845215,0.5615479,-1.2084521,-1.5384521,-2.2384522,-1.8184521,-1.7484522,-0.47845215,0.32154787,-2.088452,-2.1984522,-3.4884522,-3.7784522,-4.008452,-5.308452,-5.578452,-2.148452,-1.5884521,-0.8884522,0.38154784,0.92154783,0.08154785,-1.5084522,6.861548,6.361548,5.901548,4.471548,3.671548,3.5015478,3.621548,3.151548,2.661548,2.901548,2.0615478,1.8915478,1.1515479,0.30154786,-0.47845215,-1.3984522,-1.0584521,-1.4984522,-1.1584522,0.6915479,0.41154784,-1.5284522,-1.4084522,-1.6384522,-1.1384522,-1.0384521,-0.40845215,-0.28845215,-0.8184521,-0.78845215,-2.0084522,-2.588452,-1.9184521,-2.5284522,-1.8784522,-1.8984522,-2.648452,-0.27845216,0.40154785,-0.06845215,-1.2884521,7.4315476,7.6015477,6.591548,4.301548,4.011548,3.3115478,3.5015478,3.5815477,3.341548,3.111548,2.7115479,2.871548,2.5515478,1.9315479,1.1115478,0.18154785,-0.27845216,-0.51845217,-0.58845216,0.42154786,1.1615479,0.6115478,-0.18845215,-0.7584522,-1.2684522,-0.028452149,0.15154785,0.25154784,0.12154785,-0.49845216,-0.03845215,-0.41845214,-1.9884522,-1.7584522,-2.0284522,-1.0984521,0.29154786,-1.8084521,-1.2484522,0.25154784,0.66154784,4.441548,7.541548,6.961548,5.041548,3.8315477,3.7615478,3.671548,3.861548,3.7615478,2.621548,2.351548,2.7715478,3.2515478,2.8015478,2.2615478,1.9715478,1.5015478,0.98154783,0.23154785,1.1915479,1.2715478,1.4815478,0.39154786,0.31154785,-0.72845215,-0.20845215,-0.23845215,0.9915478,0.57154787,0.28154784,0.60154784,-0.38845214,-1.0884521,-0.89845216,-1.1484522,-0.9984521,-1.1884521,1.1115478,0.51154786,0.6815479,0.021547852,3.171548,7.1015477,7.381548,6.9315476,5.091548,3.9915478,2.5315478,2.5315478,2.2815478,1.7915479,0.77154785,1.7715478,2.9815478,2.361548,1.6215478,1.9815478,2.0715477,1.8815478,1.6115478,0.43154785,0.9915478,0.32154787,0.37154785,-0.30845216,-0.18845215,-0.77845216,1.4615479,0.6915479,0.40154785,-0.5584521,-0.49845216,-0.24845214,0.03154785,0.10154785,-0.07845215,0.51154786,1.6815479,2.921548,2.371548,2.2315478,1.2815479,3.651548,4.221548,7.281548,6.8915477,5.5815477,3.2315478,3.141548,3.351548,3.141548,1.8115479,0.6915479,1.4815478,2.5515478,2.621548,1.9415479,1.6215478,1.5515479,1.7615478,1.8015479,2.0115478,2.0715477,1.7915479,1.5315479,0.9915478,0.20154785,0.13154785,-0.028452149,0.21154785,0.21154785,0.15154785,0.20154785,0.28154784,0.42154786,0.46154785,0.71154785,0.91154784,0.73154783,1.5915478,2.5715477,2.601548,1.9215479,3.5215478,3.2215478,4.531548,6.861548,6.021548,5.971548,3.5615478,3.8015478,3.161548,2.7115479,2.0415478,0.57154787,0.11154785,2.3215477,2.121548,1.8915478,2.171548,2.2115479,1.8115479,1.8615478,1.6915479,1.7915479,1.5515479,1.1015478,0.90154785,0.5015479,0.29154786,0.65154785,0.46154785,0.35154784,0.39154786,0.63154787,0.9415479,1.0615479,0.40154785,0.34154785,0.59154785,0.85154784,1.3615478,1.9415479,2.9715478,3.5115478,6.1415477,3.2215478,6.191548,6.741548,6.421548,5.821548,4.281548,3.7415478,3.4615479,1.4815478,2.3315477,2.391548,0.27154785,2.591548,2.2715478,2.2315478,1.8315479,1.8315479,1.5215478,1.5715479,1.3815478,0.9915478,0.6815479,0.6915479,0.6115478,0.83154786,0.84154785,0.82154787,0.6215479,0.42154786,0.5515478,0.49154785,0.98154783,0.98154783,0.76154786,1.3915478,2.131548,1.5915478,2.0215478,1.5815479]}]