wind.json
{"header": {"discipline":0,"disciplineName":"Meteorological products","gribEdition":2,"gribLength":1125,"center":7,"centerName":"US National Weather Service - NCEP(WMC)","subcenter":0,"refTime":"2023-06-28T00:00:00.000Z","significanceOfRT":1,"significanceOfRTName":"Start of forecast","productStatus":0,"productStatusName":"Operational products","productType":1,"productTypeName":"Forecast products","productDefinitionTemplate":0,"productDefinitionTemplateName":"Analysis/forecast at horizontal level/layer at a point in time","parameterCategory":2,"parameterCategoryName":"UnknownDiscipline_0_Category_2","parameterNumber":3,"parameterNumberName":"UnknownParameter_D0_C2_3","parameterUnit":"Unknown","genProcessType":2,"genProcessTypeName":"Forecast","forecastTime":240,"surface1Type":103,"surface1TypeName":"Specified height level above ground","surface1Value":10.0,"surface2Type":255,"surface2TypeName":"Missing","surface2Value":0.0,"gridDefinitionTemplate":0,"gridDefinitionTemplateName":"Latitude_Longitude","numberPoints":688,"shape":6,"shapeName":"Earth spherical with radius of 6,371,229.0 m","gridUnits":"degrees","resolution":48,"winds":"true","scanMode":64,"nx":43,"ny":16,"basicAngle":0,"lo1":45.0,"la1":40.0,"lo2":87.0,"la2":55.0,"dx":1.0,"dy":1.0}, "data":
[rows 0 to 15 of 16, columns 0 to 42 of 43]
-4.186357,2.8136432,-0.11635681,1.2236432,-0.05635681,1.5236431,0.20364319,-1.6763568,-0.88635683,-0.4063568,-2.066357,-4.186357,-4.0263567,-4.956357,-5.0063567,-4.7163568,-5.0463567,-3.1963568,-4.1463566,-4.576357,-4.2563567,-1.8563569,-1.5063568,0.7136432,2.433643,-0.7763568,0.6036432,1.3936431,-0.3763568,0.013643188,-1.6163568,-4.956357,3.953643,2.4836433,-3.0963569,-3.036357,-1.4963568,-1.6663568,-1.9363568,-0.27635682,-0.6063568,1.7336432,0.6336432
1.5636432,0.2736432,-0.5963568,-3.3763568,4.4536433,4.383643,-0.12635681,1.5636432,1.7636431,1.2036432,-0.9063568,-2.5063567,-5.206357,-3.9163568,-4.596357,-2.6663568,-3.6563568,-4.196357,-4.436357,-3.296357,-3.316357,-2.326357,-1.1463568,-1.6663568,2.5636432,-1.4363568,-1.9563568,-2.6463568,-1.7763568,0.3636432,-0.8263568,1.2836432,0.013643188,0.2436432,2.0136433,1.2936432,0.74364316,-1.3563569,-1.8263568,-0.87635684,-1.9363568,-4.846357,-1.9163568
-1.2063568,-4.426357,4.563643,2.1636431,6.1236434,3.6236432,2.1536431,-0.7463568,-1.1263568,1.3036432,-0.30635682,-1.5363568,-4.156357,-4.596357,-3.9463568,-2.9063568,-4.666357,-4.806357,-4.4863567,-4.7163568,-5.6463566,-4.7563567,-5.3763566,-5.0463567,2.183643,1.7136432,0.2736432,0.6036432,-1.7763568,-0.16635682,-0.4063568,-0.5763568,-0.05635681,1.2536432,-1.7663568,-1.3663568,-2.1463568,-2.9863567,-2.5163567,-5.0863566,-3.6863568,-2.816357,0.5236432
3.9136431,3.3636432,2.673643,4.633643,3.2336433,3.173643,0.05364319,1.9736432,3.2936432,1.0836432,1.1336432,-1.4063568,-3.7763567,-3.0963569,-3.296357,-3.3763568,-3.9363568,-4.696357,-3.7163568,-4.3163567,-4.676357,-5.706357,-6.3563566,-4.826357,-6.3163567,-2.6063569,0.5236432,0.023643188,0.16364318,1.8836432,-0.01635681,0.7236432,1.2936432,0.06364319,1.7936432,-0.8563568,-0.39635682,1.5236431,-0.23635681,-0.39635682,-0.01635681,-1.0963569,-1.8063568
0.08364319,1.3636432,0.9036432,1.8636432,2.8636432,3.3936431,1.5536432,0.14364319,3.6536431,3.5636432,2.0636432,0.32364318,-2.7363567,-4.416357,-3.5263567,-3.8563569,-4.3963566,-3.316357,-3.9363568,-4.3363566,-5.496357,-5.926357,-6.2163568,-4.446357,-2.7063568,-4.326357,-3.3463569,-2.9763567,-3.1063569,-1.9763569,1.3536432,-1.7763568,-2.2763567,-2.7563567,-0.49635682,1.8136432,-0.06635681,-1.3063568,0.29364318,2.5236433,1.9036431,1.9136432,2.0236433
-0.9163568,-0.49635682,0.11364319,-0.3863568,0.20364319,-0.9263568,0.4236432,1.8736432,3.9036431,4.923643,3.2536433,1.3536432,-1.1263568,-2.3663568,-5.686357,-2.8363569,-3.0063567,-2.1763568,-2.3663568,-3.9963567,-4.6263566,-5.2563567,-5.1263566,-5.3163567,-4.8163567,-3.9863567,-4.516357,-4.536357,-5.3163567,-4.326357,-3.576357,-3.4863567,-3.296357,0.3036432,-0.3763568,0.8136432,-0.5963568,-1.7663568,-1.9363568,1.2936432,0.80364317,-1.2663568,-0.8363568
-0.6663568,-0.6563568,-0.9063568,-1.3463569,-1.9263568,-0.5163568,1.5236431,-0.24635682,0.7036432,2.9736433,2.7436433,1.3036432,-2.0963569,-3.806357,-4.9863567,-5.3763566,-3.576357,-2.1363568,-1.5763568,-3.2563567,-3.8663568,-3.9263568,-4.5063567,-4.406357,-4.1463566,-4.2363567,-4.0463567,-4.496357,-3.9263568,-4.8363566,-4.596357,-4.5463567,-3.3963568,-3.3663568,-2.9963567,-1.1363568,2.8036432,-0.3163568,2.5336432,-0.8263568,-3.826357,-1.4663568,-1.2363569
0.25364318,0.26364318,-0.45635682,-0.5963568,-0.6863568,-0.27635682,-0.88635683,-1.2363569,-2.4863567,-2.1563568,-0.81635684,0.4036432,-1.4763569,-2.9763567,-3.056357,-2.9663568,-2.8763568,-2.0963569,-2.0963569,-2.6263568,-3.2263567,-3.2063568,-4.246357,-4.436357,-4.3763566,-3.3763568,-3.5263567,-3.9663568,-5.096357,-5.8763566,-5.6063566,-5.3963566,-5.326357,-6.186357,-6.1263566,-6.786357,0.2436432,0.17364319,-1.4863569,0.3936432,-0.8563568,0.26364318,-0.5563568
0.93364316,0.7536432,0.47364318,-0.5863568,-0.6863568,-1.4963568,-1.3163568,-1.5863568,-1.3963568,-1.2563568,-0.7363568,-0.88635683,-2.1663568,-0.16635682,-3.5063567,-1.8263568,-2.1263568,-1.6063569,-3.076357,-1.4163568,-2.2663567,-1.2863568,-3.5863569,-4.686357,-5.206357,-3.5863569,-2.806357,-1.9363568,-3.556357,-3.7163568,-3.816357,-4.7563567,-6.1063566,-5.946357,-7.1263566,-10.116357,-2.0263567,0.073643185,-2.036357,0.8836432,-0.13635682,0.073643185,-1.3163568
-1.1863568,0.5936432,0.8836432,0.7936432,0.93364316,0.8136432,0.8436432,0.7836432,0.47364318,0.18364319,-0.75635684,-0.9263568,-2.0163567,-2.7563567,-1.8263568,-2.2463567,-1.2763568,-2.7563567,-3.0863569,-2.7163568,-0.9863568,-1.3463569,-1.1263568,-3.6363568,-4.4663568,-3.8663568,-3.326357,-2.6263568,-2.1663568,-2.296357,-1.5863568,-2.6163568,-4.6463566,-5.1263566,-5.8963566,-8.336357,-4.496357,-2.2163568,-2.4263568,-2.4863567,-1.6563568,-1.8963568,-1.0463568
-2.6063569,-1.7263569,-2.4063568,-1.2263569,0.9036432,2.2636433,0.7836432,0.12364319,1.2936432,0.2836432,0.48364317,-0.07635681,0.3036432,-1.8463569,-2.3863568,-1.1563568,-0.7763568,-0.3563568,-2.2163568,-2.9963567,-2.286357,-2.4363568,-2.2663567,-2.326357,-1.7763568,-1.9763569,-2.326357,-2.7763567,-3.0263567,-3.2363567,-4.1463566,-3.5963569,-2.2663567,-2.2363567,-4.156357,-7.7563567,-6.7163568,-1.7663568,-0.03635681,-2.9663568,-2.9763567,-0.75635684,-1.7563568
-2.4963567,-3.9963567,-2.576357,-3.316357,-2.546357,-2.9163568,-1.7463568,-0.9963568,-0.3163568,-0.8663568,-0.8563568,0.20364319,0.023643188,0.38364318,0.29364318,-0.4163568,-0.49635682,-0.9163568,-1.3763568,-0.8563568,-1.2063568,-2.1863568,-2.1863568,-1.6563568,-2.1463568,-2.0863569,-2.536357,-2.6663568,-2.326357,-2.9563568,-2.8963568,-1.7063568,-3.1263568,-2.3663568,-3.3863568,-3.7063568,-5.156357,-5.976357,-3.066357,0.5836432,-0.49635682,-0.3263568,-0.42635682
-0.5563568,0.1336432,-0.88635683,-1.0563568,0.12364319,-0.15635681,0.32364318,-2.6163568,-1.2463568,-0.1463568,-0.5363568,0.5436432,-0.11635681,-0.50635684,1.0936432,1.2536432,1.2536432,1.5436432,0.5436432,-0.4063568,-0.6163568,0.15364319,0.03364319,-1.1263568,-1.7463568,-2.9063568,-2.8463569,-3.5263567,-2.6763568,-3.0263567,-3.1163568,-3.6163568,-3.4163568,-2.9463568,-1.5063568,-1.5163568,-1.8163568,-2.4163568,-1.2163568,1.6136432,1.2136432,1.5436432,0.9236432
1.7236432,1.4336432,0.8336432,-1.6763568,-1.9863569,-0.23635681,-0.42635682,-1.3063568,-0.7363568,-1.3963568,-2.6863568,-1.1763568,0.14364319,-0.3563568,-0.0063568116,1.3536432,1.3136432,1.2136432,1.2836432,0.09364319,1.6836432,0.6736432,1.3436432,0.7636432,0.6536432,-0.7363568,-2.1663568,-2.286357,-1.2163568,-2.9163568,-2.6463568,-3.286357,-3.2263567,-3.056357,-3.3463569,-2.6463568,-2.1463568,-2.9963567,-1.9463568,-0.24635682,-0.16635682,0.32364318,1.0236431
1.0936432,0.5436432,0.3736432,-1.2763568,-3.5263567,-2.2063568,-1.3963568,-2.0863569,-1.8863568,-2.3363569,-0.11635681,-1.4363568,0.7836432,0.14364319,-0.5463568,0.8136432,-0.20635681,0.043643188,1.4236432,1.7436432,1.6436431,1.5036432,1.3536432,1.4136432,0.44364318,-0.39635682,-1.5463568,-2.1363568,-2.326357,-2.6263568,-2.5063567,-2.4963567,-2.2663567,-2.036357,-2.316357,-2.4563568,-2.4763567,-4.0463567,-4.2163568,-2.5063567,-1.0263568,-0.7963568,0.6736432
-0.88635683,-0.3463568,0.6436432,-0.5363568,-0.8663568,-0.9263568,-0.3863568,-0.08635681,-1.0963569,0.2836432,-0.6063568,0.8236432,0.073643185,0.93364316,1.9536432,-0.5263568,-0.15635681,0.14364319,0.2436432,0.4036432,1.5736432,1.7136432,2.2836432,2.4936433,1.5436432,0.3636432,-0.8563568,-1.4963568,-1.6463568,-1.2163568,-1.7863568,-2.296357,-2.1463568,-2.536357,-2.1063569,-2.8363569,-2.8963568,-3.2063568,-2.8363569,-2.1863568,-1.4763569,-2.286357,-0.23635681
