wind_kz.json
{"header": {"discipline":0,"disciplineName":"Meteorological products","gribEdition":2,"gribLength":871,"center":7,"centerName":"US National Weather Service - NCEP(WMC)","subcenter":0,"refTime":"2023-09-20T06:00:00.000Z","significanceOfRT":1,"significanceOfRTName":"Start of forecast","productStatus":0,"productStatusName":"Operational products","productType":1,"productTypeName":"Forecast products","productDefinitionTemplate":0,"productDefinitionTemplateName":"Analysis/forecast at horizontal level/layer at a point in time","parameterCategory":0,"parameterCategoryName":"UnknownDiscipline_0_Category_0","parameterNumber":0,"parameterNumberName":"UnknownParameter_D0_C0_0","parameterUnit":"Unknown","genProcessType":2,"genProcessTypeName":"Forecast","forecastTime":60,"surface1Type":1,"surface1TypeName":"Ground or water surface","surface1Value":0.0,"surface2Type":255,"surface2TypeName":"Missing","surface2Value":0.0,"gridDefinitionTemplate":0,"gridDefinitionTemplateName":"Latitude_Longitude","numberPoints":615,"shape":6,"shapeName":"Earth spherical with radius of 6,371,229.0 m","gridUnits":"degrees","resolution":48,"winds":"true","scanMode":64,"nx":41,"ny":15,"basicAngle":0,"lo1":47.0,"la1":41.0,"lo2":87.0,"la2":55.0,"dx":1.0,"dy":1.0}, "data":
[rows 0 to 14 of 15, columns 0 to 40 of 41]
292.56464,285.76465,287.66464,294.56464,294.76465,294.36465,295.56464,296.06464,293.26465,293.26465,292.16464,292.96466,292.26465,291.76465,291.76465,289.86465,290.56464,291.16464,289.16464,290.26465,291.46466,287.76465,286.06464,282.56464,287.06464,286.86465,284.66464,268.96466,271.56464,267.96466,271.36465,273.76465,282.66464,288.46466,289.46466,288.76465,289.06464,292.56464,292.06464,292.06464,290.96466
273.36465,286.76465,294.36465,294.46466,294.36465,292.76465,295.46466,293.66464,292.06464,291.66464,292.76465,290.76465,290.16464,289.76465,288.56464,289.56464,289.86465,289.86465,288.86465,287.96466,287.76465,289.36465,286.36465,279.46466,269.86465,270.86465,276.96466,265.16464,268.96466,258.66464,271.86465,264.16464,275.86465,257.96466,269.56464,287.56464,287.26465,289.66464,292.96466,282.76465,283.86465
289.06464,293.36465,294.86465,294.26465,291.96466,293.56464,292.86465,292.66464,291.86465,290.36465,289.26465,289.66464,286.96466,288.26465,290.16464,288.26465,287.86465,287.46466,288.36465,287.76465,288.16464,288.86465,288.66464,283.66464,285.36465,284.76465,284.86465,283.26465,280.76465,272.26465,264.96466,265.96466,277.46466,277.46466,278.96466,279.26465,272.36465,272.56464,275.26465,268.96466,269.86465
290.86465,293.36465,294.76465,293.36465,292.66464,294.36465,295.06464,292.26465,292.16464,291.16464,289.66464,288.16464,292.06464,291.56464,289.66464,289.66464,290.96466,288.46466,290.26465,288.06464,288.26465,283.76465,289.56464,289.96466,290.16464,290.56464,289.96466,284.56464,283.86465,284.56464,285.26465,282.46466,285.26465,285.36465,285.46466,283.26465,273.36465,268.36465,276.36465,285.16464,289.66464
291.86465,292.46466,293.56464,292.66464,292.56464,292.96466,293.66464,292.76465,291.56464,291.36465,290.76465,288.86465,291.06464,290.06464,288.56464,290.66464,291.16464,290.36465,286.16464,291.26465,291.26465,291.36465,289.76465,290.06464,290.46466,289.76465,287.36465,288.66464,288.66464,286.16464,290.96466,288.46466,274.06464,262.56464,277.56464,287.76465,289.56464,291.66464,292.06464,291.66464,291.46466
290.56464,287.86465,291.66464,291.66464,292.36465,291.66464,291.56464,293.06464,291.06464,291.06464,291.56464,290.96466,290.76465,290.96466,289.76465,289.36465,292.06464,291.06464,291.56464,291.66464,290.26465,289.56464,289.76465,290.16464,288.86465,287.76465,291.36465,289.06464,289.16464,289.26465,287.36465,289.76465,287.26465,285.36465,285.26465,289.36465,278.76465,281.06464,288.16464,289.66464,288.06464
290.06464,288.86465,292.96466,291.76465,290.66464,290.36465,292.76465,291.96466,292.66464,292.56464,289.96466,289.46466,288.56464,288.76465,288.86465,290.16464,289.96466,290.96466,290.96466,290.06464,289.66464,289.56464,290.06464,290.66464,288.26465,291.36465,291.56464,290.86465,289.36465,289.66464,286.56464,286.16464,287.06464,287.46466,286.06464,285.76465,279.26465,277.96466,277.26465,274.86465,284.36465
290.46466,289.76465,292.06464,293.36465,293.06464,293.16464,292.26465,291.16464,289.76465,289.86465,288.66464,288.46466,287.26465,288.26465,288.66464,289.26465,288.56464,289.26465,289.46466,287.46466,287.76465,287.76465,288.06464,287.16464,286.56464,283.56464,285.26465,288.56464,287.16464,287.36465,285.06464,286.46466,282.76465,281.26465,280.46466,284.26465,287.26465,288.26465,286.26465,286.76465,279.56464
289.36465,289.26465,290.16464,289.26465,291.26465,290.06464,289.06464,289.36465,288.06464,286.96466,287.06464,286.36465,286.26465,287.26465,287.16464,288.16464,287.86465,287.66464,287.16464,286.36465,284.26465,284.36465,285.96466,285.76465,285.16464,284.96466,282.76465,284.86465,282.56464,282.26465,282.26465,282.96466,285.76465,285.46466,283.16464,283.86465,280.46466,282.76465,271.46466,275.76465,273.46466
288.26465,289.06464,289.46466,287.96466,288.46466,287.86465,288.46466,287.16464,286.66464,285.36465,284.96466,285.66464,286.56464,286.76465,286.66464,287.26465,287.46466,287.76465,287.46466,287.36465,285.76465,285.26465,285.56464,286.06464,285.26465,284.76465,284.46466,283.86465,283.36465,283.26465,283.76465,285.76465,288.86465,285.96466,286.76465,283.26465,281.76465,278.86465,277.86465,273.76465,272.36465
288.36465,288.26465,288.66464,287.66464,288.06464,287.46466,288.16464,286.66464,286.96466,286.36465,286.26465,286.06464,286.96466,286.36465,286.56464,287.06464,287.06464,287.96466,287.86465,287.56464,288.96466,288.56464,286.96466,286.86465,287.06464,286.16464,284.96466,286.16464,286.06464,287.06464,287.26465,287.86465,289.06464,288.36465,288.26465,283.86465,279.66464,275.86465,279.46466,279.26465,277.06464
287.56464,288.96466,288.66464,287.96466,288.16464,287.76465,286.56464,288.56464,287.56464,286.26465,283.46466,285.06464,286.66464,285.76465,286.06464,287.36465,286.96466,286.56464,288.26465,287.66464,286.36465,285.06464,285.76465,287.06464,286.86465,287.46466,286.56464,286.26465,288.36465,287.56464,288.46466,287.86465,287.86465,287.06464,287.36465,287.26465,287.46466,286.16464,281.56464,283.06464,282.66464
287.16464,287.06464,288.86465,287.66464,288.56464,290.66464,289.26465,285.46466,283.96466,284.26465,282.96466,282.26465,284.86465,284.36465,285.36465,287.06464,285.86465,287.16464,286.56464,287.26465,286.86465,286.36465,285.56464,284.86465,286.06464,286.76465,287.46466,286.86465,286.76465,286.46466,286.36465,285.96466,287.96466,288.26465,288.26465,286.86465,286.06464,285.26465,282.36465,281.46466,283.16464
285.86465,287.86465,287.86465,289.06464,286.76465,286.86465,285.76465,285.46466,285.46466,285.66464,285.06464,283.96466,286.16464,287.16464,286.76465,286.96466,287.46466,286.86465,287.46466,286.56464,286.86465,285.66464,284.96466,283.46466,283.36465,283.96466,283.66464,283.36465,283.26465,284.46466,285.56464,285.76465,285.36465,284.66464,286.96466,285.76465,286.96466,284.56464,283.56464,282.06464,281.16464
287.26465,288.26465,287.46466,287.36465,288.06464,286.96466,290.66464,289.46466,290.16464,289.26465,287.26465,285.46466,285.16464,286.06464,285.96466,287.46466,286.36465,285.16464,286.06464,282.16464,283.56464,279.86465,279.16464,278.06464,278.16464,278.76465,278.76465,278.86465,278.86465,280.26465,282.06464,282.66464,281.66464,284.26465,284.66464,284.56464,286.06464,285.86465,285.46466,283.86465,283.56464
