wind_kz.json
{"header": {"discipline":0,"disciplineName":"Meteorological products","gribEdition":2,"gribLength":794,"center":7,"centerName":"US National Weather Service - NCEP(WMC)","subcenter":0,"refTime":"2023-09-27T06:00:00.000Z","significanceOfRT":1,"significanceOfRTName":"Start of forecast","productStatus":0,"productStatusName":"Operational products","productType":1,"productTypeName":"Forecast products","productDefinitionTemplate":0,"productDefinitionTemplateName":"Analysis/forecast at horizontal level/layer at a point in time","parameterCategory":2,"parameterCategoryName":"UnknownDiscipline_0_Category_2","parameterNumber":2,"parameterNumberName":"UnknownParameter_D0_C2_2","parameterUnit":"Unknown","genProcessType":2,"genProcessTypeName":"Forecast","forecastTime":300,"surface1Type":103,"surface1TypeName":"Specified height level above ground","surface1Value":10.0,"surface2Type":255,"surface2TypeName":"Missing","surface2Value":0.0,"gridDefinitionTemplate":0,"gridDefinitionTemplateName":"Latitude_Longitude","numberPoints":615,"shape":6,"shapeName":"Earth spherical with radius of 6,371,229.0 m","gridUnits":"degrees","resolution":48,"winds":"true","scanMode":64,"nx":41,"ny":15,"basicAngle":0,"lo1":47.0,"la1":41.0,"lo2":87.0,"la2":55.0,"dx":1.0,"dy":1.0}, "data":
[rows 0 to 14 of 15, columns 0 to 40 of 41]
-5.189655,0.010345077,-0.18965492,1.210345,1.9103451,1.9103451,2.510345,3.010345,2.410345,3.510345,3.210345,4.810345,4.7103453,4.410345,4.7103453,5.810345,3.410345,4.010345,2.210345,2.210345,0.31034508,0.31034508,-1.789655,-2.1896548,0.5103451,-1.9896549,-2.789655,0.5103451,-0.08965492,0.31034508,-0.9896549,0.9103451,0.41034508,-0.68965495,-2.289655,0.21034507,0.31034508,2.010345,2.510345,1.810345,0.31034508
2.3103452,0.31034508,-0.68965495,1.210345,2.3103452,3.010345,2.8103452,-0.18965492,2.3103452,2.8103452,4.510345,4.910345,3.6103451,4.010345,4.410345,5.610345,6.310345,2.8103452,2.3103452,1.210345,-1.289655,-2.3896549,-1.289655,-2.6896548,1.310345,0.9103451,-0.18965492,2.010345,-0.88965493,-0.9896549,0.21034507,-0.7896549,2.510345,-1.9896549,-0.18965492,0.21034507,0.7103451,0.5103451,0.010345077,0.31034508,-4.2896547
-1.289655,-2.6896548,0.11034508,1.1103451,2.010345,1.5103451,1.0103451,1.5103451,2.510345,3.3103452,4.110345,5.7103453,3.910345,4.910345,5.910345,6.4103456,4.910345,2.6103451,2.8103452,2.410345,0.31034508,0.5103451,-0.9896549,0.41034508,-0.38965493,1.9103451,0.31034508,-0.9896549,-2.789655,0.11034508,-1.189655,2.3103452,-0.08965492,-0.68965495,0.010345077,-0.9896549,0.41034508,0.41034508,1.810345,2.010345,1.810345
-1.9896549,-0.68965495,0.9103451,2.510345,1.710345,1.710345,2.6103451,2.8103452,4.810345,4.510345,5.110345,5.610345,6.8103456,6.6103454,6.310345,5.2103453,7.4103456,-0.9896549,-0.5896549,0.11034508,-1.0896549,0.010345077,0.31034508,-0.18965492,1.710345,0.31034508,0.9103451,-2.289655,1.1103451,-0.38965493,-0.18965492,-3.789655,-1.789655,-2.8896549,-1.8896549,-2.089655,-1.8896549,1.710345,0.21034507,-0.88965493,-1.9896549
-1.4896549,1.310345,2.910345,2.510345,3.8103452,3.410345,3.6103451,5.010345,6.6103454,3.710345,5.810345,5.810345,6.8103456,6.5103455,7.5103455,3.8103452,4.810345,2.410345,1.9103451,2.910345,2.8103452,2.910345,3.1103451,1.710345,2.510345,0.7103451,-0.08965492,-0.68965495,-3.089655,-2.089655,-1.689655,-1.789655,-2.489655,1.6103451,-0.2896549,1.4103451,-5.089655,-2.6896548,-3.989655,-3.489655,-3.6896548
0.31034508,0.61034507,3.510345,3.410345,4.010345,3.910345,2.710345,3.710345,3.710345,4.310345,5.110345,4.310345,4.310345,6.310345,5.010345,3.410345,3.010345,0.7103451,3.410345,3.010345,2.8103452,2.510345,2.710345,2.010345,-1.4896549,-3.3896549,-2.989655,-4.489655,-4.089655,-3.989655,-3.989655,-3.089655,-2.8896549,-0.88965493,-0.2896549,-5.689655,0.61034507,-2.489655,-0.2896549,-1.3896549,-1.289655
2.510345,2.910345,3.1103451,3.3103452,3.210345,2.510345,2.8103452,3.8103452,4.110345,3.3103452,3.8103452,2.510345,2.910345,1.310345,0.7103451,2.1103451,2.3103452,3.710345,0.5103451,2.510345,2.710345,3.010345,1.710345,-2.289655,-3.289655,-4.989655,-2.6896548,-3.6896548,-3.6896548,-3.8896549,-4.689655,-3.8896549,-2.1896548,-3.6896548,-4.189655,-2.8896549,-1.189655,2.510345,-2.6896548,2.3103452,-0.38965493
3.910345,4.310345,4.110345,3.410345,3.710345,2.910345,2.410345,3.410345,3.3103452,3.510345,2.6103451,3.1103451,2.510345,1.1103451,2.010345,2.410345,2.3103452,2.410345,0.31034508,-0.9896549,4.110345,1.310345,0.11034508,-2.589655,-2.789655,-1.9896549,-1.4896549,-2.1896548,-1.9896549,-2.6896548,-2.8896549,-2.789655,-3.089655,-0.68965495,-2.289655,-1.689655,-1.3896549,-3.289655,-2.289655,-1.289655,-1.689655
0.61034507,2.3103452,2.3103452,3.410345,2.410345,2.510345,2.910345,2.910345,3.1103451,2.8103452,2.210345,1.6103451,2.6103451,1.9103451,2.710345,1.6103451,0.7103451,2.410345,-0.18965492,0.21034507,1.9103451,3.8103452,0.11034508,-1.8896549,-2.6896548,-2.6896548,-1.5896549,-1.789655,-0.88965493,-1.4896549,-1.0896549,-1.189655,-0.48965493,-1.3896549,-1.4896549,-1.689655,-1.189655,-1.8896549,-0.9896549,-0.2896549,-2.1896548
2.210345,2.1103451,2.710345,3.210345,3.510345,3.710345,2.910345,3.210345,3.3103452,2.510345,2.6103451,2.3103452,2.710345,3.210345,2.410345,1.9103451,1.9103451,0.81034505,1.210345,0.81034505,2.410345,4.110345,1.710345,-1.189655,-1.9896549,-1.8896549,-1.0896549,-1.289655,0.010345077,0.31034508,-0.68965495,-1.289655,-2.1896548,-2.6896548,-1.789655,-1.5896549,-2.3896549,-0.5896549,-2.489655,-0.48965493,-1.289655
2.6103451,2.210345,2.1103451,2.210345,2.3103452,3.210345,3.6103451,3.3103452,3.1103451,2.8103452,2.410345,2.3103452,2.710345,2.710345,1.710345,2.410345,2.410345,1.9103451,2.1103451,1.4103451,1.9103451,5.2103453,4.110345,-1.3896549,-1.189655,-1.289655,-0.2896549,-0.5896549,-0.18965492,-0.7896549,-2.289655,-2.489655,-2.789655,-1.789655,-1.9896549,-1.689655,-1.5896549,-0.18965492,-1.3896549,0.7103451,-1.289655
2.210345,3.010345,3.6103451,3.010345,2.910345,2.710345,2.410345,2.8103452,3.010345,2.210345,1.6103451,2.8103452,2.8103452,2.6103451,2.6103451,1.5103451,1.310345,1.5103451,1.210345,2.010345,0.9103451,3.010345,1.1103451,1.1103451,-1.289655,-0.9896549,-1.789655,-0.88965493,-1.3896549,-2.6896548,-2.489655,-2.289655,-1.789655,-2.489655,-2.1896548,-2.1896548,-0.9896549,-0.7896549,-0.48965493,-0.9896549,-0.9896549
2.6103451,3.010345,3.3103452,3.210345,3.010345,1.9103451,2.510345,3.010345,3.6103451,2.010345,1.1103451,3.3103452,2.510345,3.1103451,2.910345,2.8103452,1.5103451,1.210345,1.0103451,0.61034507,-0.48965493,-0.08965492,-0.38965493,0.010345077,-0.08965492,-0.2896549,-0.38965493,-1.8896549,-2.1896548,-1.9896549,-1.8896549,-1.789655,-1.9896549,-2.489655,-2.089655,-2.489655,-2.6896548,-1.9896549,-3.489655,-2.989655,-2.089655
3.8103452,4.110345,4.810345,4.110345,3.710345,3.410345,3.510345,4.410345,3.1103451,3.6103451,1.6103451,3.3103452,2.510345,3.210345,3.410345,3.410345,2.910345,1.710345,1.1103451,0.81034505,1.710345,-0.2896549,0.21034507,-0.18965492,0.5103451,1.0103451,0.7103451,-1.289655,-1.689655,-1.5896549,-1.4896549,-1.9896549,-1.9896549,-2.089655,-1.789655,-1.9896549,-1.9896549,-2.489655,-2.589655,-1.789655,-1.689655
2.710345,3.710345,7.0103455,5.110345,4.2103453,4.610345,4.810345,4.2103453,3.910345,3.410345,2.410345,4.510345,4.2103453,3.410345,3.510345,3.3103452,3.510345,3.1103451,2.1103451,2.010345,1.5103451,1.0103451,0.7103451,0.9103451,1.0103451,-0.48965493,-0.5896549,1.9103451,-1.189655,-1.0896549,-1.189655,-1.8896549,-1.9896549,-1.8896549,-1.289655,-1.289655,-1.5896549,-0.9896549,-1.689655,-1.8896549,-1.5896549
