wind_kz.json
{"header": {"discipline":0,"disciplineName":"Meteorological products","gribEdition":2,"gribLength":1102,"center":7,"centerName":"US National Weather Service - NCEP(WMC)","subcenter":0,"refTime":"2023-09-22T00:00:00.000Z","significanceOfRT":1,"significanceOfRTName":"Start of forecast","productStatus":0,"productStatusName":"Operational products","productType":1,"productTypeName":"Forecast products","productDefinitionTemplate":0,"productDefinitionTemplateName":"Analysis/forecast at horizontal level/layer at a point in time","parameterCategory":2,"parameterCategoryName":"UnknownDiscipline_0_Category_2","parameterNumber":2,"parameterNumberName":"UnknownParameter_D0_C2_2","parameterUnit":"Unknown","genProcessType":2,"genProcessTypeName":"Forecast","forecastTime":60,"surface1Type":103,"surface1TypeName":"Specified height level above ground","surface1Value":10.0,"surface2Type":255,"surface2TypeName":"Missing","surface2Value":0.0,"gridDefinitionTemplate":0,"gridDefinitionTemplateName":"Latitude_Longitude","numberPoints":615,"shape":6,"shapeName":"Earth spherical with radius of 6,371,229.0 m","gridUnits":"degrees","resolution":48,"winds":"true","scanMode":64,"nx":41,"ny":15,"basicAngle":0,"lo1":47.0,"la1":41.0,"lo2":87.0,"la2":55.0,"dx":1.0,"dy":1.0}, "data":
[rows 0 to 14 of 15, columns 0 to 40 of 41]
-0.7663721,0.7436279,-1.836372,-6.576372,-4.016372,-1.836372,-8.336372,-7.9363723,-7.7063723,-6.756372,-6.1863723,-5.126372,-4.246372,-3.886372,-3.5863721,-3.636372,-3.0563722,-4.4163723,-5.116372,-2.996372,-1.4963721,-0.9563721,1.9936279,3.633628,2.063628,2.733628,2.973628,-1.206372,-0.28637207,0.76362795,1.4636279,-0.8363721,-1.306372,-0.5863721,1.693628,2.323628,3.313628,4.013628,4.0636277,4.193628,3.503628
1.2236279,-5.606372,-10.986372,-7.2063723,-3.8363721,1.063628,-7.306372,-7.386372,-6.716372,-6.236372,-5.486372,-5.126372,-4.966372,-4.746372,-4.256372,-4.776372,-4.756372,-5.776372,-4.566372,-5.806372,-6.616372,-2.996372,-2.3063722,2.1836278,0.7436279,-1.3863721,0.9336279,0.6036279,-3.016372,-0.26637208,0.52362794,0.27362794,0.88362795,-1.6563721,0.51362795,1.6336279,2.9336278,3.043628,3.273628,1.5836279,3.733628
-7.386372,-9.886372,-9.596372,-7.566372,-5.276372,-6.4363723,-6.056372,-5.2263722,-5.9763722,-5.6663723,-5.4163723,-5.9763722,-4.656372,-4.236372,-4.4563723,-4.496372,-5.076372,-5.526372,-5.636372,-4.426372,-2.126372,-8.426373,-7.306372,-9.006372,-5.396372,-6.146372,-3.5463722,-3.486372,1.293628,-1.5363721,-1.0363721,0.11362793,-1.3863721,1.793628,-3.0563722,-0.99637204,1.2236279,-1.1163721,7.0236278,5.533628,2.793628
-9.506372,-10.786372,-8.576372,-4.136372,-5.016372,-5.606372,-4.796372,-6.246372,-5.816372,-5.6863723,-6.946372,-6.2063723,-3.526372,-1.5063721,-2.506372,-5.106372,-5.046372,-5.246372,-5.106372,-5.176372,-6.886372,-10.186372,-6.796372,-7.446372,-8.076372,-7.876372,-7.756372,-7.396372,-6.7063723,-3.956372,-0.9463721,-0.10637207,7.5436277,7.393628,5.173628,-0.01637207,0.04362793,2.9236279,0.42362794,2.053628,-2.006372
-10.206372,-9.826372,-7.556372,-6.216372,-5.836372,-6.576372,-6.736372,-5.9163723,-4.866372,-4.826372,-7.746372,-6.886372,-4.4163723,-2.456372,1.313628,-4.966372,-5.286372,-5.236372,-5.4163723,-5.9563723,-7.286372,-7.136372,-7.446372,-7.796372,-8.876372,-8.846372,-8.606372,-7.286372,-6.016372,-5.4163723,-5.406372,-3.016372,-1.836372,1.923628,-1.8763721,-0.99637204,9.723628,-5.346372,-2.3363721,4.983628,8.253628
-8.246372,-7.196372,-6.836372,-6.656372,-5.816372,-3.166372,-5.236372,-5.176372,-5.076372,-5.216372,-6.1863723,-4.306372,-5.106372,-3.0563722,-2.176372,-4.6663723,-5.126372,-5.646372,-5.926372,-6.556372,-7.136372,-6.996372,-6.9163723,-6.9363723,-7.1663723,-7.336372,-7.146372,-6.966372,-5.276372,-3.446372,-3.186372,-2.766372,-2.0563722,-0.30637208,2.763628,4.683628,4.823628,10.633628,5.693628,9.923628,7.7736278
-6.996372,-7.116372,-6.486372,-4.886372,-2.406372,-2.8163722,-4.486372,-4.4363723,-4.946372,-5.396372,-5.036372,-4.446372,-4.636372,-5.086372,-5.2063723,-5.536372,-5.116372,-4.896372,-5.176372,-5.9763722,-6.536372,-6.346372,-6.076372,-5.326372,-5.236372,-5.056372,-4.576372,-3.426372,-3.676372,-2.3363721,-1.3863721,-0.6563721,0.58362794,2.6536279,2.593628,0.7336279,-0.80637205,1.8436279,3.233628,1.0236279,4.473628
-6.266372,-5.896372,-5.546372,-4.6663723,-4.216372,-3.856372,-3.696372,-4.136372,-5.086372,-4.776372,-5.1663723,-5.396372,-5.2263722,-5.306372,-5.036372,-5.026372,-4.596372,-4.596372,-4.136372,-5.216372,-5.586372,-5.736372,-5.556372,-4.696372,-4.656372,-3.5563722,-2.8363721,-1.826372,-0.7763721,-0.6963721,-0.33637208,2.2036278,1.3836279,0.49362794,1.7536279,2.6536279,2.773628,7.923628,8.143628,11.613628,9.753628
-5.486372,-5.126372,-4.366372,-4.326372,-4.046372,-3.676372,-3.626372,-4.236372,-4.346372,-4.406372,-4.4763722,-4.486372,-4.576372,-4.156372,-4.116372,-4.346372,-4.246372,-4.306372,-4.046372,-3.906372,-4.376372,-4.006372,-3.126372,-2.7963722,-2.406372,-1.6263721,-0.7763721,0.01362793,1.543628,2.1636279,3.343628,2.563628,3.293628,1.793628,1.8736279,0.41362792,2.9536278,2.283628,0.95362794,1.3836279,0.03362793
-4.4563723,-4.096372,-4.266372,-3.7963722,-3.776372,-3.246372,-3.496372,-3.5963721,-3.466372,-3.3063722,-3.5863721,-3.7863722,-3.0663722,-2.2963722,-2.3163722,-2.0563722,-2.256372,-2.186372,-2.026372,-1.8463721,-1.6463721,-0.7063721,0.09362793,0.63362795,0.75362796,1.6036279,1.783628,2.243628,3.633628,4.343628,4.823628,4.003628,5.253628,3.373628,2.083628,0.07362793,1.7636279,2.4136279,0.6636279,1.053628,0.95362794
-2.8163722,-3.0863721,-3.0863721,-3.3363721,-3.0663722,-3.406372,-2.5763721,-2.156372,-2.166372,-1.5963721,-1.956372,-1.8963721,-0.33637208,-0.61637205,-0.66637206,-0.12637207,0.50362796,0.89362794,1.6036279,2.113628,2.2036278,2.743628,3.003628,3.1836278,3.4536278,2.873628,4.733628,4.473628,4.743628,4.353628,4.403628,3.4036279,5.473628,3.103628,0.7936279,0.02362793,0.01362793,0.9136279,0.42362794,-0.29637206,0.19362792
-0.73637205,-1.0363721,-1.466372,-1.556372,-2.2863722,-2.0663722,-1.936372,-2.146372,-2.136372,-0.18637207,1.573628,2.6736279,2.073628,2.563628,2.143628,1.5136279,1.8836279,2.363628,2.723628,3.363628,3.263628,3.743628,4.033628,4.3336277,4.373628,3.833628,3.1836278,3.753628,3.003628,3.743628,1.5136279,3.553628,4.0236278,1.793628,1.1136279,1.033628,2.7136278,3.063628,1.673628,1.6336279,1.313628
0.02362793,-0.28637207,0.6636279,-0.04637207,-0.15637207,-0.49637207,-0.04637207,0.71362793,0.50362796,0.03362793,0.57362795,1.553628,-0.8163721,0.82362795,0.6636279,2.223628,1.3536279,1.7236279,2.083628,3.613628,3.843628,4.173628,4.233628,4.573628,4.573628,4.653628,2.093628,-0.5063721,2.4336278,3.643628,1.0836279,3.9336278,3.893628,2.813628,1.6536279,1.9636279,2.363628,1.793628,3.763628,3.063628,1.6136279
1.8636279,1.4836279,-0.08637207,3.063628,1.6536279,1.943628,1.943628,1.563628,0.52362794,0.57362795,1.4636279,1.203628,1.303628,0.6236279,1.803628,2.4236279,4.253628,4.443628,4.173628,4.893628,4.933628,5.593628,4.003628,4.183628,4.123628,3.133628,-0.25637206,-0.24637207,1.7436279,0.82362795,1.3336279,3.583628,3.2036278,2.113628,0.9836279,1.4836279,0.29362792,2.013628,2.6736279,2.273628,3.303628
1.803628,2.6636279,1.5236279,3.383628,3.1536279,3.1536279,3.093628,2.053628,2.373628,1.323628,1.433628,2.9136279,2.323628,2.533628,3.033628,3.753628,4.133628,3.573628,3.9336278,4.323628,4.113628,5.483628,2.9536278,2.523628,1.9036279,-0.5763721,-1.6463721,0.43362793,2.493628,0.7336279,2.033628,3.553628,2.6936278,1.8436279,0.34362793,1.933628,2.313628,2.583628,3.323628,2.253628,1.1136279
