wind_kz.json
{"header": {"discipline":0,"disciplineName":"Meteorological products","gribEdition":2,"gribLength":1102,"center":7,"centerName":"US National Weather Service - NCEP(WMC)","subcenter":0,"refTime":"2023-08-28T12:00:00.000Z","significanceOfRT":1,"significanceOfRTName":"Start of forecast","productStatus":0,"productStatusName":"Operational products","productType":1,"productTypeName":"Forecast products","productDefinitionTemplate":0,"productDefinitionTemplateName":"Analysis/forecast at horizontal level/layer at a point in time","parameterCategory":2,"parameterCategoryName":"UnknownDiscipline_0_Category_2","parameterNumber":3,"parameterNumberName":"UnknownParameter_D0_C2_3","parameterUnit":"Unknown","genProcessType":2,"genProcessTypeName":"Forecast","forecastTime":0,"surface1Type":103,"surface1TypeName":"Specified height level above ground","surface1Value":10.0,"surface2Type":255,"surface2TypeName":"Missing","surface2Value":0.0,"gridDefinitionTemplate":0,"gridDefinitionTemplateName":"Latitude_Longitude","numberPoints":615,"shape":6,"shapeName":"Earth spherical with radius of 6,371,229.0 m","gridUnits":"degrees","resolution":48,"winds":"true","scanMode":64,"nx":41,"ny":15,"basicAngle":0,"lo1":47.0,"la1":41.0,"lo2":87.0,"la2":55.0,"dx":1.0,"dy":1.0}, "data":
[rows 0 to 14 of 15, columns 0 to 40 of 41]
2.175249,2.075249,-2.504751,8.825249,6.785249,3.105249,-0.41475096,-1.0347509,1.345249,2.685249,2.525249,1.785249,1.435249,1.7052491,1.615249,1.545249,0.28524902,-0.64475095,-1.8047509,-1.404751,-3.514751,-1.9147509,-2.314751,1.495249,-1.884751,-0.50475097,0.425249,3.275249,-2.224751,-1.4247509,-3.434751,1.035249,-1.444751,-7.344751,-6.064751,-4.014751,0.12524903,-4.134751,-4.514751,-0.89475095,-4.584751
-1.744751,-3.444751,-3.544751,9.305249,8.625249,4.855249,2.175249,1.135249,-0.08475098,1.7152491,3.725249,2.975249,2.615249,2.655249,2.525249,2.425249,1.535249,-0.21475098,0.11524902,-0.034750976,-0.81475097,-1.9247509,1.2052491,2.415249,2.105249,2.295249,2.065249,3.215249,0.41524902,2.845249,-0.784751,-0.534751,0.28524902,4.225249,0.655249,-1.264751,-2.244751,-2.684751,0.33524904,0.065249026,1.045249
-2.804751,-3.1047509,1.045249,7.345249,7.0152493,5.355249,2.705249,2.205249,1.255249,2.725249,3.855249,3.225249,4.335249,1.305249,1.5852491,3.155249,2.325249,2.415249,1.635249,1.2052491,1.2052491,1.375249,0.68524903,2.1352491,-2.444751,-2.124751,4.575249,7.095249,0.575249,-0.36475098,1.0852491,-3.454751,-1.354751,1.125249,1.245249,-2.634751,-2.064751,-5.004751,-0.984751,3.665249,-0.36475098
-1.944751,0.395249,0.045249023,3.525249,6.165249,4.485249,1.435249,1.675249,1.815249,1.8252491,1.245249,3.235249,2.155249,-1.214751,1.145249,3.845249,3.1452491,0.30524904,0.97524905,1.305249,3.015249,3.235249,-1.074751,3.415249,0.36524904,-0.38475096,1.275249,6.945249,5.0152493,-0.104750976,6.165249,-1.114751,-1.4247509,3.475249,-0.724751,1.315249,2.865249,2.815249,-2.564751,-4.714751,-4.514751
4.735249,4.365249,2.285249,2.305249,-0.664751,-0.89475095,-0.784751,2.495249,1.985249,3.515249,1.315249,2.165249,7.165249,5.5152493,5.335249,2.605249,2.595249,2.205249,3.425249,3.765249,2.695249,0.635249,0.22524902,0.485249,-0.324751,-1.224751,1.755249,3.035249,2.285249,2.725249,4.5152493,3.615249,0.515249,-2.274751,-1.064751,-2.344751,-8.624751,-4.464751,-5.804751,-2.924751,-0.19475098
-1.514751,-0.89475095,7.635249,5.465249,4.645249,4.605249,2.695249,-0.57475096,-1.9147509,3.185249,5.715249,5.165249,5.045249,9.365249,7.785249,5.805249,4.7652493,4.035249,4.075249,3.585249,2.235249,2.195249,1.105249,0.425249,-2.6147509,-1.074751,-1.884751,-2.454751,3.375249,1.415249,0.43524903,2.245249,4.635249,6.135249,2.815249,1.795249,-0.664751,-6.254751,-6.274751,-3.454751,-3.034751
-3.3547509,-2.554751,-4.354751,-4.764751,-4.934751,-0.88475096,-1.764751,1.185249,4.325249,4.125249,8.385249,7.855249,7.925249,5.625249,11.215249,9.2752495,5.035249,5.965249,5.135249,3.045249,1.635249,1.535249,-0.52475095,1.375249,-0.014750976,-1.224751,0.12524903,0.875249,7.985249,6.325249,2.795249,0.28524902,2.495249,2.065249,3.225249,0.395249,0.835249,-0.534751,-2.284751,0.575249,-12.044751
-10.324751,-8.4747505,-5.464751,-5.334751,-4.894751,-6.064751,-6.084751,-4.964751,-4.474751,-0.89475095,4.805249,7.595249,8.935249,8.155249,4.235249,3.495249,10.215249,8.125249,6.805249,4.225249,1.845249,1.245249,1.625249,1.525249,-0.17475098,3.035249,2.6352491,-1.444751,-0.714751,10.055249,7.645249,5.065249,4.395249,4.575249,3.265249,1.265249,4.2652493,-0.914751,-1.604751,1.265249,-0.614751
-5.644751,-3.624751,-5.664751,-3.8547509,-4.564751,-7.594751,-9.034751,-6.414751,-5.054751,-8.094751,-8.034751,-3.334751,4.245249,10.115249,8.475249,3.785249,6.945249,6.755249,6.285249,5.605249,2.925249,2.095249,2.3952491,3.325249,3.535249,4.565249,1.545249,2.805249,1.895249,2.845249,7.445249,5.095249,5.495249,3.8852491,1.7052491,1.435249,-0.674751,0.33524904,-2.274751,-0.95475096,2.295249
-8.2247505,-10.244751,-9.024751,-8.114751,-6.464751,-5.594751,-3.994751,-6.584751,-4.574751,-5.504751,-1.934751,-1.874751,-1.6747509,-4.504751,-3.744751,0.14524902,7.785249,7.345249,6.0152493,5.085249,4.075249,3.515249,2.355249,3.705249,5.475249,1.505249,3.915249,1.265249,2.285249,4.695249,7.0152493,6.775249,7.555249,5.905249,3.8952491,2.035249,0.60524905,-1.484751,2.015249,0.395249,2.165249
-4.614751,-4.424751,-4.854751,-7.044751,-7.404751,-7.084751,-6.314751,-6.964751,-4.894751,-3.714751,-5.9847507,-3.234751,-0.904751,2.1352491,3.105249,1.725249,1.4652491,8.255249,7.505249,6.995249,2.945249,5.325249,2.865249,1.985249,-0.36475098,1.165249,-0.744751,-1.334751,2.005249,5.5152493,1.065249,3.415249,3.475249,3.115249,3.085249,6.575249,1.815249,1.425249,-2.254751,-2.884751,-1.354751
-6.884751,-7.654751,-7.474751,-8.164751,-5.364751,-4.884751,-2.174751,-2.494751,-2.484751,-3.984751,-3.954751,-3.194751,-1.274751,0.505249,3.235249,4.525249,6.435249,7.045249,6.245249,5.855249,7.155249,4.565249,2.415249,1.635249,-0.044750977,1.065249,0.32524902,1.355249,3.995249,6.245249,2.255249,5.255249,3.915249,3.005249,3.035249,6.685249,4.965249,2.6452491,1.645249,-1.344751,0.265249
-6.284751,-9.004751,-6.374751,-5.684751,-4.444751,-4.624751,-4.604751,-5.054751,-3.954751,-3.734751,-1.1647509,-1.704751,-0.12475098,0.60524905,3.045249,5.245249,4.785249,6.025249,7.075249,6.135249,4.415249,3.755249,2.745249,0.17524903,1.485249,3.705249,1.975249,2.1352491,3.005249,4.165249,5.235249,4.715249,4.335249,4.545249,4.095249,5.665249,5.365249,1.785249,1.415249,-0.014750976,0.105249025
-8.764751,-6.834751,-7.094751,-8.034751,-7.674751,-6.614751,-5.164751,-4.504751,-1.5347509,-3.464751,-1.064751,-1.074751,-0.95475096,0.35524902,4.045249,4.045249,2.865249,1.745249,4.495249,5.385249,3.525249,1.035249,0.565249,-0.83475095,-1.334751,-0.354751,0.85524905,2.105249,3.555249,5.375249,5.445249,4.695249,4.755249,3.6452491,4.525249,4.395249,3.275249,3.335249,2.595249,0.99524903,0.98524904
-5.224751,-8.044751,-10.664751,-8.844751,-7.284751,-5.354751,-5.164751,-2.534751,-0.724751,-0.354751,0.635249,0.945249,0.80524904,-2.764751,3.1452491,2.845249,3.265249,1.6952491,3.505249,2.3952491,1.025249,0.54524904,-1.854751,-2.044751,-0.664751,1.935249,3.435249,3.285249,1.6952491,4.245249,3.665249,4.2652493,3.8952491,3.735249,2.295249,4.635249,3.715249,3.915249,1.4452491,-0.484751,0.695249
