wind_kz.json
[{"header":{"discipline":0,"disciplineName":"Meteorological products","gribEdition":2,"gribLength":871,"center":7,"centerName":"US National Weather Service - NCEP(WMC)","subcenter":0,"refTime":"2024-04-07T00:00:00.000Z","significanceOfRT":1,"significanceOfRTName":"Start of forecast","productStatus":0,"productStatusName":"Operational products","productType":1,"productTypeName":"Forecast products","productDefinitionTemplate":0,"productDefinitionTemplateName":"Analysis/forecast at horizontal level/layer at a point in time","parameterCategory":0,"parameterCategoryName":"UnknownDiscipline_0_Category_0","parameterNumber":0,"parameterNumberName":"UnknownParameter_D0_C0_0","parameterUnit":"Unknown","genProcessType":2,"genProcessTypeName":"Forecast","forecastTime":300,"surface1Type":1,"surface1TypeName":"Ground or water surface","surface1Value":0.0,"surface2Type":255,"surface2TypeName":"Missing","surface2Value":0.0,"gridDefinitionTemplate":0,"gridDefinitionTemplateName":"Latitude_Longitude","numberPoints":615,"shape":6,"shapeName":"Earth spherical with radius of 6,371,229.0 m","gridUnits":"degrees","resolution":48,"winds":"true","scanMode":64,"nx":41,"ny":15,"basicAngle":0,"lo1":47.0,"la1":41.0,"lo2":87.0,"la2":55.0,"dx":1.0,"dy":1.0},"data":[300.7,293.3,299.0,283.0,284.3,285.8,302.6,310.8,307.1,307.8,305.8,305.8,302.6,299.5,301.1,301.4,299.0,294.3,299.2,296.2,288.8,287.3,288.5,287.5,301.1,301.5,292.6,278.4,280.6,278.6,275.4,274.7,292.9,300.4,300.2,300.5,300.7,299.9,299.6,300.2,300.4,279.9,296.1,283.0,283.3,283.6,284.5,310.8,307.2,305.6,305.3,305.9,303.4,301.7,297.8,297.6,299.0,295.4,301.0,296.2,295.5,290.0,288.7,287.8,282.6,273.5,274.7,288.5,279.0,284.4,276.8,284.5,269.2,285.5,261.6,266.5,296.1,295.0,297.0,300.2,291.8,282.7,298.6,283.0,282.8,283.1,283.6,307.3,306.6,306.5,305.4,304.8,303.2,301.7,300.9,299.8,292.4,294.5,299.7,295.7,299.6,297.3,292.1,293.8,295.2,289.1,293.0,290.3,290.7,292.4,289.6,280.8,277.9,279.1,285.4,288.9,288.3,288.7,278.3,286.7,288.6,281.0,275.2,296.9,284.0,282.6,282.9,289.5,306.9,307.4,306.9,307.1,306.5,304.4,300.3,286.7,287.2,295.6,296.2,299.1,301.5,299.1,297.7,295.4,294.6,299.2,298.3,298.4,297.2,296.1,290.9,291.6,289.3,291.8,291.6,296.9,298.1,296.2,291.7,282.3,268.9,285.8,293.1,296.2,299.3,285.0,283.9,284.5,294.4,306.6,306.8,308.0,307.3,305.5,305.5,302.5,286.1,285.9,284.3,290.9,301.4,296.4,289.0,294.9,301.7,302.0,300.5,300.7,298.1,294.0,291.6,285.9,293.3,297.9,298.9,295.1,283.1,273.3,288.5,297.1,291.8,300.8,301.0,300.0,299.0,301.4,301.6,285.2,283.9,282.7,284.1,306.8,306.2,305.7,303.7,304.0,303.8,287.6,285.3,286.5,300.2,300.1,302.6,303.0,303.9,301.8,298.2,301.1,297.9,295.2,293.1,291.3,272.0,296.3,297.6,298.2,299.0,297.1,296.5,294.0,290.5,289.4,289.8,299.3,298.7,297.8,303.1,303.1,303.7,304.7,299.0,306.5,306.7,304.3,301.9,301.2,301.3,299.1,298.0,293.4,293.3,297.6,296.2,299.8,300.1,299.9,297.1,297.2,295.3,293.3,292.7,291.2,292.1,292.7,297.0,296.9,296.7,297.3,297.8,297.9,297.1,295.1,291.8,286.9,286.6,285.6,293.8,302.6,303.2,305.0,306.0,305.5,303.5,303.6,300.0,297.8,298.3,297.3,296.7,291.7,293.8,296.5,297.4,298.9,298.3,296.3,295.4,293.9,294.4,294.0,292.8,291.1,288.8,290.4,291.9,290.7,292.7,292.8,293.5,292.0,289.7,291.1,294.0,295.7,273.1,296.0,296.4,293.3,300.6,301.1,303.3,304.2,303.0,302.8,301.4,299.8,298.9,297.3,296.8,295.8,295.6,296.8,297.2,288.1,296.7,298.1,296.0,295.3,293.7,293.9,293.8,292.9,292.2,291.4,289.6,288.8,288.8,288.4,287.9,290.4,292.3,290.4,291.0,289.7,291.4,290.6,272.4,278.0,272.0,300.5,300.5,300.5,301.4,302.5,300.6,301.4,301.2,293.4,298.2,297.4,296.5,295.7,296.4,295.7,297.3,296.5,293.1,290.7,294.2,289.2,295.8,295.9,293.6,294.1,293.9,293.8,293.0,291.7,289.6,290.5,292.6,294.0,292.1,290.7,290.7,290.0,287.9,283.2,283.1,279.1,300.8,301.6,301.0,301.7,300.7,300.0,300.9,300.2,299.2,298.2,296.8,298.5,299.3,296.8,296.5,296.4,296.5,298.1,298.2,297.0,295.2,297.6,295.6,293.7,296.7,297.2,294.1,295.5,294.4,295.3,294.6,294.2,293.0,292.2,291.3,288.9,284.6,283.9,284.9,282.8,280.5,298.9,300.9,301.0,300.0,299.1,298.3,298.1,297.7,298.9,298.0,295.4,298.1,297.3,297.0,295.8,296.1,295.7,296.4,295.8,297.4,294.9,295.7,295.2,296.1,295.8,296.1,295.3,296.4,296.5,295.3,294.3,293.2,292.5,290.4,290.0,288.4,288.0,287.6,285.8,286.5,285.7,295.8,297.8,298.5,298.2,298.0,297.2,297.9,299.2,299.7,297.6,294.7,293.8,298.8,295.7,297.5,297.0,296.5,296.4,295.5,293.6,294.8,294.0,293.9,293.7,293.9,294.7,296.0,294.7,294.7,293.8,293.6,293.1,291.5,290.5,289.5,289.1,288.0,287.4,285.6,284.9,285.0,297.1,297.4,284.2,296.4,296.0,295.3,296.4,295.8,296.9,296.5,293.8,291.4,293.7,296.4,297.8,297.7,297.6,295.7,295.4,295.0,295.3,295.0,295.0,295.3,295.0,294.8,293.5,293.0,291.7,290.9,290.1,288.5,286.9,283.3,285.4,284.1,284.2,283.6,282.7,280.6,282.4,295.0,296.6,273.4,295.9,295.5,294.8,295.8,295.0,295.5,295.6,294.4,293.0,292.0,293.6,294.5,297.4,296.7,295.7,295.7,295.2,295.0,294.7,293.7,291.1,293.4,293.4,292.0,291.9,291.4,290.4,287.7,281.8,288.7,287.5,286.7,286.3,287.1,285.7,286.0,283.1,281.8]},{"header":{"discipline":0,"disciplineName":"Meteorological products","gribEdition":2,"gribLength":1025,"center":7,"centerName":"US National Weather Service - NCEP(WMC)","subcenter":0,"refTime":"2024-04-07T00:00:00.000Z","significanceOfRT":1,"significanceOfRTName":"Start of forecast","productStatus":0,"productStatusName":"Operational products","productType":1,"productTypeName":"Forecast products","productDefinitionTemplate":0,"productDefinitionTemplateName":"Analysis/forecast at horizontal level/layer at a point in time","parameterCategory":2,"parameterCategoryName":"UnknownDiscipline_0_Category_2","parameterNumber":2,"parameterNumberName":"UnknownParameter_D0_C2_2","parameterUnit":"Unknown","genProcessType":2,"genProcessTypeName":"Forecast","forecastTime":300,"surface1Type":103,"surface1TypeName":"Specified height level above ground","surface1Value":10.0,"surface2Type":255,"surface2TypeName":"Missing","surface2Value":0.0,"gridDefinitionTemplate":0,"gridDefinitionTemplateName":"Latitude_Longitude","numberPoints":615,"shape":6,"shapeName":"Earth spherical with radius of 6,371,229.0 m","gridUnits":"degrees","resolution":48,"winds":"true","scanMode":64,"nx":41,"ny":15,"basicAngle":0,"lo1":47.0,"la1":41.0,"lo2":87.0,"la2":55.0,"dx":1.0,"dy":1.0},"data":[-0.66275877,1.7872412,-1.1527588,-6.332759,-2.8127587,-1.3127588,-5.5527587,-5.3427587,-4.5727587,-3.842759,-2.9327588,0.08724121,-1.3427588,0.15724121,3.4472413,1.9672412,1.2872412,3.6372411,5.227241,0.41724122,-0.7127588,-0.8427588,7.167241,5.377241,1.4872413,1.8172412,1.7572412,0.09724121,-0.16275878,-0.3227588,-1.6727588,-0.34275877,-0.8727588,-0.4227588,-4.042759,-2.4527588,-1.8527588,-3.6227589,-3.5427587,-2.8627589,-3.8627589,0.9072412,-2.5727587,-9.532759,-6.222759,-2.6727588,0.3572412,-5.6127586,-4.5927587,-3.8627589,-2.3927588,-0.5127588,-2.6527588,-0.60275877,-0.6827588,-0.8227588,2.3072412,4.517241,0.83724123,-0.4527588,-4.232759,-0.8327588,5.9272413,7.1172414,1.9772412,-1.0827588,0.017241212,0.2772412,0.4372412,-1.9527588,0.70724124,-0.23275879,-0.5727588,-0.5027588,-0.8327588,-0.27275878,0.13724121,0.5472412,1.0572412,2.3072412,-3.1927588,0.017241212,-6.002759,-6.732759,-7.872759,-6.4927588,-2.7427588,-3.7327588,-4.6127586,-3.6727588,-3.8727589,-2.1727588,-1.5227588,-2.5127587,0.04724121,2.3272412,3.5772412,1.8272412,-4.2427588,3.907241,3.0972412,-0.66275877,0.07724121,9.447241,4.667241,-5.0527587,-4.542759,-5.292759,-4.162759,-1.8527588,-0.46275878,0.19724122,-0.8927588,-2.3127587,0.04724121,-2.9027588,-4.4027586,-0.9627588,-0.19275878,-0.8627588,2.8572412,-4.832759,0.2672412,-9.392758,-8.392758,-6.892759,-2.1327589,2.9372413,-4.372759,-2.092759,-3.3827589,-2.8627589,-2.5727587,-1.7027588,-3.1727588,2.1272411,2.2972412,-0.4727588,6.627241,-3.4827588,-3.1927588,-6.522759,1.0072412,5.127241,-3.4727588,-3.3927588,-4.232759,-4.9227586,-4.432759,-5.142759,-2.7727587,-2.0327587,2.5872412,5.3672414,3.1972413,4.497241,5.277241,4.0972414,1.5672412,-0.43275878,-0.6327588,-2.7627587,-3.2827587,-2.5327587,-10.152759,-8.302759,-6.182759,-6.8827586,-4.102759,-5.272759,-3.5327587,-4.3427587,-3.7727587,-2.0427587,-2.3127587,-4.1127586,1.9172412,0.6572412,-9.172759,3.2872412,-6.8827586,-9.252759,3.6372411,5.5572414,-2.832759,-4.122759,-3.0227587,-3.6827588,-6.642759,-3.9627588,-2.9427588,0.4972412,1.7272412,3.0772412,2.147241,2.4272413,0.19724122,-2.1127589,-3.3827589,-3.6227589,-5.8827586,-4.622759,-4.022759,-3.8827589,-2.9727588,-8.722759,-7.9027586,-7.2427588,-6.562759,-5.392759,-1.6827588,-5.3227587,-4.0727587,-3.8827589,-2.7027588,-2.3927588,-2.3927588,-3.6127589,-0.09275879,-0.8027588,-0.97275877,-6.472759,-5.932759,-3.2327588,-3.5327587,-3.9727588,-2.2527587,-3.092759,-3.832759,-5.582759,-5.1927586,-2.5527587,-2.1427588,0.7972412,-3.082759,-5.0127587,-2.082759,-0.5927588,2.3672411,-1.1627588,-1.8727587,-1.4527588,-4.712759,-4.0327587,-3.4927588,-3.842759,-7.912759,-7.1327586,-7.1327586,-5.272759,-1.0827588,-4.8227587,-5.462759,-4.912759,-4.332759,-4.082759,-3.6727588,-3.1727588,-3.8127587,-4.642759,-2.342759,-3.3727589,-1.7927588,-3.8127587,-1.8227588,-3.7127588,-7.892759,-7.2427588,-7.3627586,-5.4227586,-4.962759,-4.3827586,-5.682759,-3.9927588,-5.212759,-6.062759,-7.4927588,-6.622759,-5.0527587,-3.5127587,-2.602759,-1.3527588,0.4672412,-1.9827588,-0.14275879,-1.1427588,-2.1127589,-6.602759,-6.0527587,-5.8627586,-5.222759,-5.1727586,-5.0527587,-5.452759,-5.682759,-4.8827586,-4.4427586,-3.842759,-3.8727589,-4.252759,-5.812759,-5.582759,-4.702759,-4.1327586,-4.832759,-2.3027587,-4.9427586,-6.522759,-4.722759,-4.502759,-3.8727589,-5.222759,-4.1727586,-5.232759,-6.7827587,-6.8427587,-6.3027587,-7.5527587,-7.812759,-6.5527587,-5.6727586,-5.062759,-3.4927588,-2.5227587,0.4872412,2.157241,1.1772412,1.8372412,-4.852759,-4.642759,-3.9327588,-4.122759,-3.9727588,-4.4027586,-4.042759,-3.8027587,-3.2827587,-4.412759,-3.6827588,-2.9927588,-3.0027587,-2.6327589,-4.1327586,2.3372412,-1.8227588,-1.4927588,-4.6127586,-4.732759,-5.372759,-6.292759,-5.5127587,-4.7427588,-4.312759,-3.9027588,-5.4427586,-5.872759,-6.732759,-5.232759,-6.0127587,-5.8027587,-5.562759,-3.8927588,-2.3627589,0.13724121,-3.7027588,-0.8027588,-1.4927588,0.017241212,-1.9327588,-3.4527588,-2.832759,-2.8127587,-2.3127587,-2.0427587,-2.1727588,-0.97275877,-0.4827588,-1.7927588,-1.7027588,-1.8127588,-3.0627587,-1.6927588,-1.8827587,-1.7627587,-2.2827587,-2.592759,-3.2927587,-0.6827588,-0.9327588,-5.9027586,-3.5427587,-4.5327587,-4.3627586,-4.4227586,-5.2627587,-5.2827587,-5.662759,-5.022759,-4.7827587,-4.3827586,-3.5727587,-3.6627588,-3.4027588,-2.092759,0.9972412,0.7872412,0.2672412,-0.3127588,0.22724122,0.5372412,-1.4127588,-1.0127587,-0.8927588,-0.4727588,0.47724122,1.1072412,0.76724124,0.7472412,0.5372412,-0.22275878,-0.9527588,0.8172412,-0.5327588,-1.5227588,-1.5227588,-0.6327588,-0.9327588,-1.5327588,-1.8627588,-2.8827589,-2.7827587,-2.9727588,-3.852759,-2.5727587,-2.4727588,-2.9627588,-3.8927588,-3.9127588,-2.7127588,-3.0427587,-3.4027588,-2.8627589,-2.4227588,-4.122759,-3.102759,-2.3827589,-0.8827588,0.52724123,-0.10275879,0.017241212,0.007241211,0.6672412,0.76724124,1.7672412,2.167241,2.2372413,2.5872412,3.2772412,3.0072412,2.917241,2.3272412,2.3472412,-0.05275879,1.3672413,1.6672412,0.15724121,-0.002758789,0.4872412,0.6372412,1.0772412,0.16724122,-0.22275878,-1.2327588,-1.0527588,-0.8127588,-1.4427588,-1.6827588,-1.8627588,-1.7827588,-2.1527588,-1.8127588,-2.352759,-2.2327588,-2.9327588,-2.7227588,-2.5527587,-3.352759,-2.9527588,-2.1227589,-1.1627588,-0.43275878,0.51724124,1.8872412,3.0272412,3.0972412,3.5072412,3.5972412,3.0872412,4.167241,4.537241,4.8472414,3.6972413,3.0272412,3.8372412,2.3372412,3.6172411,2.2272413,1.1272413,2.0172412,1.3372412,0.7472412,1.7872412,1.5872412,2.0672412,1.8972412,1.4072412,-0.032758787,0.37724122,-0.5127588,-1.4927588,-0.85275877,-1.1927588,-1.6527588,-1.4527588,-2.6927588,-2.2027588,-2.3727589,-2.2927587,-3.0127587,-1.3927588,-1.2027588,0.2972412,-0.3627588,3.167241,3.5772412,2.8672411,4.777241,4.9672413,5.227241,5.647241,5.8072414,5.2372413,5.287241,3.917241,4.037241,5.067241,4.957241,4.937241,3.167241,3.1072412,2.657241,1.8672413,1.6272413,1.8172412,2.0972412,1.8172412,1.1672412,1.2672412,0.77724123,0.4672412,0.9472412,0.2672412,-0.30275878,-0.2627588,-1.0227588,-1.5827588,-1.6927588,-1.5827588,-1.6627588,-1.9627588,-1.6027588,-1.8527588,-1.6327587,-0.8027588,2.6172411,3.9672413,4.4472413,5.337241,6.167241,6.337241,7.1572413,6.877241,6.5572414,5.6772413,3.3172412,5.497241,4.6372414,3.9372413,3.7872412,4.517241,4.7572412,4.4672413,4.1172414,4.277241,3.8272412,3.8872411,2.6972413,2.5772412,3.4872413,2.4272413,1.8772413,1.6272413,1.6172413,1.1072412,-0.7027588,1.9972413,0.9772412,0.11724121,-0.37275878,1.3472412,0.89724123,0.10724121,0.5072412,-0.7527588,-0.8227588]},{"header":{"discipline":0,"disciplineName":"Meteorological products","gribEdition":2,"gribLength":1025,"center":7,"centerName":"US National Weather Service - NCEP(WMC)","subcenter":0,"refTime":"2024-04-07T00:00:00.000Z","significanceOfRT":1,"significanceOfRTName":"Start of forecast","productStatus":0,"productStatusName":"Operational products","productType":1,"productTypeName":"Forecast products","productDefinitionTemplate":0,"productDefinitionTemplateName":"Analysis/forecast at horizontal level/layer at a point in time","parameterCategory":2,"parameterCategoryName":"UnknownDiscipline_0_Category_2","parameterNumber":3,"parameterNumberName":"UnknownParameter_D0_C2_3","parameterUnit":"Unknown","genProcessType":2,"genProcessTypeName":"Forecast","forecastTime":300,"surface1Type":103,"surface1TypeName":"Specified height level above ground","surface1Value":10.0,"surface2Type":255,"surface2TypeName":"Missing","surface2Value":0.0,"gridDefinitionTemplate":0,"gridDefinitionTemplateName":"Latitude_Longitude","numberPoints":615,"shape":6,"shapeName":"Earth spherical with radius of 6,371,229.0 m","gridUnits":"degrees","resolution":48,"winds":"true","scanMode":64,"nx":41,"ny":15,"basicAngle":0,"lo1":47.0,"la1":41.0,"lo2":87.0,"la2":55.0,"dx":1.0,"dy":1.0},"data":[4.986069,2.8560693,0.97606933,4.8660693,2.5160694,-2.3239307,-2.6139307,-0.30393067,0.19606933,-0.66393065,-3.0139306,-4.283931,-6.9039307,-7.283931,-4.1939306,-3.4539306,0.56606936,-0.8939307,1.0160693,3.4360693,0.40606934,3.3860693,-0.25393066,2.7160692,3.7160692,1.9460694,0.88606936,1.1360693,3.8960693,5.4260693,2.5660694,1.9360694,-0.28393066,-0.033930663,0.056069337,0.29606932,-0.9439307,-0.20393066,-2.6439307,-1.7339307,0.036069337,0.35606933,-1.5639306,3.5760694,4.4260693,3.3760693,-2.8039308,-1.2139306,-0.8839307,-0.96393067,-1.7739307,-5.3639307,-6.4639306,-7.743931,-6.1039305,-2.4439306,0.90606934,0.6160693,1.1960694,1.1260693,4.3060694,4.816069,5.3660693,0.20606934,-1.0139307,1.9660693,1.7560693,0.71606934,-1.3939307,-1.2639307,0.25606933,0.066069335,2.4560692,1.9360694,1.5060693,-1.0939307,3.8060694,1.7160693,2.6860693,1.8360693,-2.0439308,-0.8239307,2.5560694,3.2860694,3.3860693,2.8960693,2.9560692,3.3060694,-0.033930663,-1.4039307,-0.46393067,-1.5039307,-3.9939306,-6.723931,-9.233931,-9.47393,0.75606936,3.4160693,2.9360693,7.1360693,5.1060696,6.2460694,7.1860695,2.1560693,1.2160693,-1.7539307,-2.4439306,-0.92393064,-0.27393067,-0.92393064,1.4160694,-0.98393065,0.8660693,-0.8139307,-2.2839308,1.7960694,0.13606934,-2.0739307,-0.54393065,-1.0339307,0.9160693,3.8660693,2.1960692,4.256069,2.7860694,2.9560692,3.3060694,2.6860693,0.71606934,1.1760694,-0.6239307,-1.6939306,-2.3639307,-3.2539306,-5.3939304,-6.7139306,-7.8339305,-7.9839306,-5.2139306,4.6460695,4.086069,4.2060695,7.316069,4.6060696,-1.0639306,0.7360693,-0.17393066,-1.8239306,-1.9539306,-1.8539307,-2.2239306,-2.2539306,-2.1139307,-2.3939307,-2.6739306,0.27606934,2.4760695,2.9760695,-0.39393067,-2.8639307,-0.8839307,-2.1639307,-1.6239307,-1.9139307,3.4560692,0.47606933,-0.6239307,-3.6739306,-2.2339306,-1.1339307,-2.3739307,-1.8839307,-2.0639307,-3.3139307,-3.1739306,-2.8539307,-5.2139306,-8.10393,-5.1439304,-2.3739307,4.4560695,-3.8839307,1.7960694,3.8760693,-0.16393067,0.6260693,0.9260693,-0.7639307,-1.1539307,-1.6539307,-2.6639307,-3.4339306,-2.1739306,-1.1439307,1.0260693,0.30606934,-1.1739306,0.22606933,-0.66393065,0.88606936,0.31606933,-1.7539307,-1.1139307,-1.1539307,-1.7239307,5.296069,3.3160694,-0.9539307,-1.6939306,-2.7239306,-3.9139307,-1.1339307,-1.5739306,-2.5439308,-3.7439306,-3.1639307,-3.9839306,-2.5239305,-4.8839307,-7.2139306,3.8560693,-0.72393066,2.6960692,2.6260693,-0.18393067,-0.30393067,-0.72393066,-1.9439306,1.6060693,-0.24393067,-1.6039307,-0.38393065,-1.9439306,-4.6339307,-5.1239305,-1.7739307,-4.1039305,1.2160693,1.2860694,-1.5039307,3.2760694,-1.5139307,3.3860693,1.3860693,0.7360693,-2.7839308,4.986069,5.1960692,4.3560696,4.026069,3.4760695,-0.84393066,-1.8439307,-2.1639307,-2.7139306,-3.0639307,-2.5039306,-4.0739307,-3.4039307,-4.8339305,-1.6639307,-6.5939307,-4.493931,-1.6239307,-1.9539306,-1.8639307,-1.6039307,-0.32393065,-0.113930665,1.3660693,-0.36393067,-0.8739307,-1.2639307,-2.8339307,-4.493931,-4.743931,-4.1239305,-5.9639306,-6.8939304,-0.79393065,2.1960692,-1.3739307,0.6160693,-3.1839306,0.48606932,1.2060694,-2.1139307,4.3060694,3.8260694,2.5360694,1.2360693,0.71606934,-0.053930663,-1.4739307,-2.2539306,-2.5839307,-2.6039307,-2.4239306,-2.3439307,-2.7839308,-3.2039306,-4.3839307,-2.5839307,-4.3239307,-1.8239306,-1.4639306,1.7060694,0.6660693,-1.3239306,0.46606934,-1.5839306,-0.26393068,-2.3239307,-3.3439307,0.44606933,-2.6739306,-4.0639305,-3.5839307,-4.8539305,-5.783931,-7.203931,-4.3739305,-2.1239307,-1.1739306,1.0560694,2.1260693,-0.25393066,-0.073930666,4.0360694,3.3460693,2.9560692,1.4760693,0.97606933,1.1160693,-0.52393067,-2.4639306,-2.3739307,-2.1439307,-2.5639307,-2.0339308,-3.0739307,-4.4839306,-3.9239306,2.7260695,-2.7739305,-0.7039307,0.20606934,3.0260694,2.1860693,0.56606936,-0.37393066,0.8760693,1.0860693,-0.91393065,1.3760693,-1.5339307,-2.4339306,-4.0939307,-5.433931,-6.283931,-5.683931,-5.283931,-5.413931,-5.513931,-3.3839307,-3.5539308,-2.3839307,-1.1439307,-2.4639306,3.7160692,3.2460694,2.2760694,2.0160694,0.9260693,0.30606934,-0.14393066,-1.8239306,0.47606933,-1.6939306,-2.4639306,-1.5339307,-2.1739306,-2.1639307,-3.0339308,-3.1839306,-3.6639307,-2.6339307,-1.0939307,-0.78393066,2.2060692,0.88606936,0.30606934,-1.0739306,-0.5139307,-0.67393064,-2.9939306,-2.7039306,-2.4539306,-2.4239306,-3.2239306,-5.0739307,-5.1539307,-5.8139305,-5.7139306,-4.6539307,-0.98393065,0.5560693,-1.1239307,-1.6039307,-1.6839306,3.4660692,2.9860694,2.6660693,2.1160693,1.7560693,1.2560693,-0.61393064,-1.7839307,-2.1539307,-3.2839308,-0.97393066,-1.0039307,-0.29393065,-1.4639306,-1.0339307,-1.4339306,-1.4339306,-2.0039306,-1.6639307,-0.34393066,0.49606934,1.0960693,2.5060694,1.2960694,0.6260693,-0.24393067,-1.0539306,-2.1839306,-2.9939306,-2.4839306,-2.7539306,-3.3739307,-4.4639306,-3.0639307,-4.913931,-5.3839307,-2.3739307,-1.7139306,-2.7839308,-1.8339306,-2.2439306,3.1160693,2.2460694,1.7860694,0.71606934,1.0860693,0.64606935,0.29606932,-0.35393065,-1.0139307,-1.0839306,-2.1639307,0.20606934,1.2560693,0.9960693,1.5060693,0.83606935,0.44606933,0.63606936,-0.8739307,-0.44393066,0.14606933,1.0260693,0.096069336,-0.09393066,0.47606933,-0.34393066,-1.2139306,-1.3839307,-1.6039307,-2.2039306,-1.5939307,-2.3139307,-2.2839308,-2.9139307,-2.2239306,-2.3639307,-2.9339306,-1.5039307,-1.3339306,-1.7239307,-1.8339306,2.6860693,1.7760693,1.9860693,0.84606934,0.8560693,0.34606934,1.1360693,-0.023930663,-0.39393067,-0.45393068,-0.44393066,-1.3339306,0.40606934,0.036069337,2.5960693,3.6560693,3.0060694,2.4060693,2.7360694,2.0460694,1.9660693,0.81606936,0.81606936,0.9160693,1.5460694,0.42606935,-0.053930663,1.0560694,-0.37393066,-1.1139307,-1.2239307,-1.3339306,0.53606933,-1.3239306,-2.8739307,-2.5139306,-2.0139306,-2.3339307,-2.4539306,-1.9739307,-1.3239306,1.2260693,0.42606935,0.42606935,0.35606933,0.36606935,0.65606934,0.95606935,0.40606934,0.82606936,0.8060693,0.32606933,-0.5039307,-0.5039307,0.7460693,0.72606933,2.7560694,3.1160693,3.7660694,3.5460694,3.8660693,2.8260694,2.2260695,1.6060693,2.0660694,2.1260693,2.5060694,1.7460693,1.3160694,0.26606932,-0.54393065,-1.2139306,-0.9539307,-1.0839306,-1.6439307,-0.25393066,-0.84393066,-1.2239307,-0.91393065,-2.0639307,-1.9339306,-2.5939307,-1.4439306,-2.0439308,-1.3239306,-0.44393066,-0.033930663,0.57606936,0.13606934,0.76606935,0.63606936,1.0560694,1.4560694,1.4960693,0.78606933,-0.26393068,2.0160694,1.8860693,2.9960694,3.7660694,4.0960693,3.6660693,3.9660692,3.6460693,3.7860694,2.7260695,2.1360693,2.4360693,2.0060694,2.0160694,1.7760693,1.2560693,2.2660694,0.6060693,2.0160694,2.4760695,0.26606932,0.49606934,2.3960693,0.16606933,2.1160693,2.2560694,1.1660694]}]