wind_kz.json
{"header": {"discipline":0,"disciplineName":"Meteorological products","gribEdition":2,"gribLength":871,"center":7,"centerName":"US National Weather Service - NCEP(WMC)","subcenter":0,"refTime":"2023-09-26T00:00:00.000Z","significanceOfRT":1,"significanceOfRTName":"Start of forecast","productStatus":0,"productStatusName":"Operational products","productType":1,"productTypeName":"Forecast products","productDefinitionTemplate":0,"productDefinitionTemplateName":"Analysis/forecast at horizontal level/layer at a point in time","parameterCategory":0,"parameterCategoryName":"UnknownDiscipline_0_Category_0","parameterNumber":0,"parameterNumberName":"UnknownParameter_D0_C0_0","parameterUnit":"Unknown","genProcessType":2,"genProcessTypeName":"Forecast","forecastTime":300,"surface1Type":1,"surface1TypeName":"Ground or water surface","surface1Value":0.0,"surface2Type":255,"surface2TypeName":"Missing","surface2Value":0.0,"gridDefinitionTemplate":0,"gridDefinitionTemplateName":"Latitude_Longitude","numberPoints":615,"shape":6,"shapeName":"Earth spherical with radius of 6,371,229.0 m","gridUnits":"degrees","resolution":48,"winds":"true","scanMode":64,"nx":41,"ny":15,"basicAngle":0,"lo1":47.0,"la1":41.0,"lo2":87.0,"la2":55.0,"dx":1.0,"dy":1.0}, "data":
[rows 0 to 14 of 15, columns 0 to 40 of 41]
302.28094,290.88092,297.28094,292.58093,292.78094,292.18094,302.08093,306.68094,303.18094,304.38092,302.98093,303.88092,303.48093,303.08093,302.18094,301.08093,300.28094,299.28094,299.98093,299.78094,300.58093,298.48093,298.18094,292.78094,297.48093,298.48093,294.18094,280.08093,280.08093,279.38092,276.18094,279.38092,288.38092,295.28094,295.48093,294.98093,293.78094,293.58093,294.78094,294.98093,291.98093
274.08093,298.38092,291.98093,292.28094,292.28094,291.38092,306.28094,304.18094,302.78094,302.38092,302.88092,301.68094,302.18094,300.58093,301.08093,299.38092,299.08093,298.48093,297.78094,298.08093,297.88092,298.18094,295.28094,287.18094,271.08093,276.28094,285.08093,279.88092,283.58093,276.58093,280.48093,271.58093,281.58093,257.98093,278.18094,293.48093,291.08093,293.48093,295.38092,287.88092,284.08093
301.88092,291.88092,292.28094,291.68094,290.28094,302.18094,302.58093,301.58093,298.48093,299.78094,299.08093,299.88092,299.38092,298.38092,298.58093,297.98093,296.98093,296.28094,296.58093,296.58093,297.08093,296.78094,296.18094,290.38092,295.28094,291.98093,289.78094,287.68094,286.28094,278.28094,271.98093,278.38092,284.58093,284.78094,284.98093,283.88092,276.88092,278.58093,279.38092,273.98093,273.58093
299.88092,290.88092,291.68094,291.08093,293.38092,301.68094,300.88092,300.48093,297.38092,299.48093,298.58093,295.78094,289.88092,289.38092,295.08093,296.68094,297.38092,296.88092,296.88092,296.68094,296.18094,291.78094,295.78094,296.38092,296.98093,296.88092,294.28094,289.28094,288.08093,289.28094,289.98093,291.08093,296.28094,295.08093,290.78094,286.98093,276.08093,265.38092,278.98093,287.58093,291.08093
296.98093,290.08093,290.78094,290.48093,295.78094,302.08093,301.78094,300.28094,298.98093,298.28094,299.18094,295.98093,288.78094,287.68094,286.38092,296.78094,296.98093,296.28094,295.88092,295.88092,295.98093,296.08093,295.08093,295.48093,295.28094,293.98093,292.78094,290.48093,292.28094,291.28094,294.18094,292.28094,280.48093,271.78094,283.48093,290.08093,291.88092,293.68094,293.98093,293.88092,292.58093
299.88092,298.98093,289.48093,290.28094,290.38092,289.98093,301.48093,300.38092,299.58093,298.78094,298.58093,297.58093,289.98093,288.58093,291.48093,294.88092,296.38092,296.18094,295.78094,296.28094,295.38092,294.78094,295.08093,294.58093,293.68094,289.98093,289.78094,285.98093,291.58093,292.18094,290.28094,290.88092,290.68094,289.58093,287.08093,288.78094,282.08093,284.38092,290.88092,292.38092,290.98093
299.98093,300.38092,300.28094,300.08093,296.28094,300.38092,300.68094,299.18094,299.08093,298.38092,297.28094,295.78094,294.88092,294.68094,294.68094,294.98093,295.68094,296.58093,296.58093,294.58093,294.28094,295.08093,294.88092,293.08093,290.98093,289.38092,288.68094,291.08093,290.08093,289.48093,288.58093,288.18094,287.88092,289.18094,289.68094,288.18094,282.38092,281.18094,279.58093,277.28094,286.98093
300.88092,301.08093,301.58093,300.68094,300.58093,300.78094,300.08093,298.88092,297.78094,296.98093,295.98093,294.58093,293.58093,293.68094,294.28094,294.58093,294.28094,295.48093,295.48093,292.48093,290.88092,290.78094,290.28094,288.08093,287.28094,287.28094,287.68094,287.48093,284.78094,285.78094,284.18094,284.48093,282.58093,280.58093,280.78094,282.48093,284.38092,285.08093,283.38092,284.48093,281.78094
300.68094,300.08093,300.58093,300.48093,299.08093,299.18094,298.78094,297.98093,296.78094,295.88092,294.98093,294.18094,292.88092,293.08093,292.08093,293.08093,292.68094,292.78094,292.28094,291.88092,289.48093,288.88092,289.38092,289.28094,287.68094,287.58093,285.18094,283.78094,281.78094,279.78094,279.88092,280.18094,281.78094,282.18094,281.68094,279.48093,281.68094,280.78094,273.48093,271.98093,268.68094
299.28094,299.28094,299.78094,299.58093,298.98093,298.58093,297.78094,297.08093,296.18094,295.68094,294.48093,293.18094,293.18094,292.48093,291.58093,291.38092,291.28094,291.08093,290.48093,289.68094,287.58093,287.08093,287.48093,287.58093,286.78094,285.18094,284.38092,283.08093,281.48093,280.38092,280.38092,281.98093,283.68094,283.28094,282.58093,280.58093,277.98093,276.68094,274.68094,273.48093,271.38092
296.68094,296.68094,297.78094,297.78094,298.28094,297.28094,296.88092,296.78094,295.78094,295.28094,294.08093,293.38092,293.48093,292.18094,291.88092,291.38092,290.58093,290.88092,290.18094,288.38092,287.88092,286.88092,286.18094,285.98093,285.08093,284.28094,281.58093,282.98093,282.48093,282.88092,282.98093,283.48093,282.58093,283.68094,282.58093,281.08093,276.78094,274.08093,274.88092,274.48093,273.38092
295.48093,296.98093,296.58093,296.58093,296.38092,295.48093,294.68094,294.58093,295.38092,294.98093,292.58093,291.68094,292.58093,291.58093,291.68094,291.48093,290.78094,290.38092,290.08093,288.98093,287.68094,286.68094,285.78094,285.38092,284.18094,284.58093,283.88092,284.28094,283.78094,283.48093,281.78094,281.68094,281.98093,279.68094,280.98093,279.88092,279.98093,279.58093,277.88092,278.28094,279.58093
284.98093,293.08093,295.98093,295.28094,295.08093,294.68094,294.38092,293.68094,293.48093,293.28094,290.48093,288.88092,291.08093,289.98093,291.08093,291.48093,291.38092,290.08093,290.28094,288.58093,288.48093,286.58093,285.48093,285.08093,285.28094,285.58093,285.98093,284.48093,284.18094,283.08093,282.88092,281.98093,281.38092,280.58093,279.88092,279.68094,279.08093,281.18094,280.28094,281.08093,279.48093
283.78094,285.58093,287.58093,294.28094,293.68094,293.58093,292.98093,291.88092,293.38092,292.18094,289.78094,287.38092,288.58093,289.68094,290.48093,291.08093,290.78094,289.88092,289.08093,287.98093,287.38092,286.88092,286.58093,286.68094,286.38092,286.08093,285.18094,284.98093,283.58093,283.28094,282.48093,281.58093,280.88092,279.38092,279.58093,277.38092,277.58093,277.48093,277.88092,276.88092,278.18094
287.58093,285.88092,284.78094,289.28094,293.48093,292.78094,291.88092,291.88092,293.28094,292.58093,291.28094,290.08093,288.08093,288.48093,289.68094,290.58093,289.98093,289.08093,288.88092,287.68094,286.88092,285.48093,284.88092,284.38092,284.38092,284.38092,283.68094,283.58093,283.98093,282.48093,281.18094,281.18094,280.78094,279.08093,278.78094,278.78094,278.18094,276.08093,276.68094,276.78094,277.18094
