wind_kz.json
{"header": {"discipline":0,"disciplineName":"Meteorological products","gribEdition":2,"gribLength":871,"center":7,"centerName":"US National Weather Service - NCEP(WMC)","subcenter":0,"refTime":"2023-09-23T12:00:00.000Z","significanceOfRT":1,"significanceOfRTName":"Start of forecast","productStatus":0,"productStatusName":"Operational products","productType":1,"productTypeName":"Forecast products","productDefinitionTemplate":0,"productDefinitionTemplateName":"Analysis/forecast at horizontal level/layer at a point in time","parameterCategory":0,"parameterCategoryName":"UnknownDiscipline_0_Category_0","parameterNumber":0,"parameterNumberName":"UnknownParameter_D0_C0_0","parameterUnit":"Unknown","genProcessType":2,"genProcessTypeName":"Forecast","forecastTime":60,"surface1Type":1,"surface1TypeName":"Ground or water surface","surface1Value":0.0,"surface2Type":255,"surface2TypeName":"Missing","surface2Value":0.0,"gridDefinitionTemplate":0,"gridDefinitionTemplateName":"Latitude_Longitude","numberPoints":615,"shape":6,"shapeName":"Earth spherical with radius of 6,371,229.0 m","gridUnits":"degrees","resolution":48,"winds":"true","scanMode":64,"nx":41,"ny":15,"basicAngle":0,"lo1":47.0,"la1":41.0,"lo2":87.0,"la2":55.0,"dx":1.0,"dy":1.0}, "data":
[rows 0 to 14 of 15, columns 0 to 40 of 41]
288.65845,283.35846,284.85846,294.45844,294.45844,293.65845,292.85846,291.95844,289.65845,288.15845,288.05844,289.15845,288.55844,288.25845,287.65845,285.55844,286.85846,286.55844,285.45844,286.35846,287.65845,283.95844,282.75845,281.25845,283.35846,285.35846,284.75845,272.95844,269.95844,271.85846,271.65845,273.15845,280.45844,286.05844,287.05844,287.05844,287.55844,286.85846,286.15845,285.25845,283.75845
273.45844,285.85846,293.75845,294.35846,294.05844,292.75845,290.45844,289.05844,287.15845,287.05844,288.25845,287.65845,287.45844,286.85846,285.35846,284.95844,284.45844,285.25845,285.25845,284.85846,285.25845,286.15845,285.85846,280.65845,270.55844,270.95844,278.95844,270.35846,272.65845,267.85846,272.15845,261.35846,273.45844,250.05844,270.85846,283.35846,281.95844,284.05844,286.25845,279.15845,283.65845
287.45844,293.65845,294.25845,293.95844,292.05844,290.65845,289.45844,288.05844,286.25845,286.05844,285.75845,287.15845,286.95844,287.45844,288.15845,285.65845,284.55844,283.45844,284.25845,284.05844,287.85846,288.25845,287.15845,279.85846,280.75845,281.25845,281.55844,280.75845,280.45844,274.05844,268.85846,270.95844,273.75845,273.85846,275.75845,275.35846,267.65845,269.55844,269.95844,267.95844,264.25845
289.55844,293.05844,294.15845,292.95844,291.75845,289.65845,289.95844,287.55844,287.25845,286.75845,286.65845,286.85846,291.85846,291.15845,288.35846,287.95844,287.65845,285.45844,285.75845,286.45844,288.25845,280.65845,284.55844,285.75845,285.85846,285.55844,285.45844,284.15845,280.75845,281.15845,281.35846,279.65845,284.15845,282.05844,281.15845,278.95844,263.75845,260.85846,271.15845,277.55844,280.45844
290.95844,292.95844,293.15845,292.25845,291.55844,289.95844,290.25845,288.85846,287.95844,287.65845,287.45844,286.55844,290.85846,289.65845,288.05844,287.95844,287.95844,287.35846,286.45844,287.75845,287.55844,286.85846,285.85846,285.65845,285.25845,285.05844,283.35846,285.75845,283.45844,283.55844,284.75845,280.85846,272.85846,261.15845,272.95844,279.95844,285.65845,283.65845,283.65845,283.55844,283.25845
289.05844,288.05844,291.65845,292.35846,292.65845,292.15845,289.15845,289.75845,287.75845,287.75845,288.25845,288.05844,290.05844,290.55844,288.75845,287.45844,288.55844,287.45844,287.75845,287.55844,286.95844,286.25845,285.75845,285.35846,284.65845,283.35846,283.35846,288.85846,285.15845,285.45844,284.05844,284.65845,282.75845,280.75845,278.95844,283.05844,274.25845,275.05844,280.65845,281.95844,282.95844
289.15845,287.95844,290.35846,289.65845,289.45844,288.05844,288.75845,288.05844,288.35846,288.65845,286.95844,287.05844,286.75845,286.75845,286.55844,287.85846,287.55844,287.95844,287.15845,286.35846,285.75845,286.25845,285.85846,285.75845,284.25845,284.15845,283.45844,284.65845,285.05844,287.85846,286.15845,284.75845,285.25845,285.95844,283.65845,278.85846,277.25845,276.25845,272.15845,269.65845,280.35846
289.65845,288.75845,290.75845,290.35846,289.75845,289.75845,289.05844,287.85846,286.75845,287.35846,286.75845,286.45844,286.15845,286.85846,287.45844,287.75845,287.25845,287.55844,286.95844,285.05844,284.65845,284.65845,284.45844,284.15845,286.05844,283.75845,284.65845,284.65845,283.55844,285.25845,284.75845,281.55844,279.75845,278.65845,278.95844,281.45844,283.45844,287.55844,282.65845,280.25845,277.45844
289.35846,290.65845,289.25845,288.95844,289.15845,288.95844,287.45844,288.05844,287.35846,286.05844,289.95844,289.75845,285.65845,285.65845,286.05844,286.95844,285.95844,286.05844,285.45844,284.55844,282.25845,282.55844,287.35846,286.65845,282.05844,285.75845,283.85846,281.15845,278.35846,276.75845,279.05844,281.95844,282.75845,281.65845,281.75845,281.45844,280.85846,280.25845,272.55844,270.25845,266.45844
292.05844,291.05844,288.15845,292.45844,290.05844,290.15845,288.15845,290.45844,289.65845,289.55844,288.65845,285.35846,285.95844,285.55844,284.25845,286.85846,285.75845,285.25845,284.45844,284.45844,284.95844,283.25845,284.05844,283.85846,284.95844,284.65845,281.35846,281.05844,280.55844,280.15845,282.95844,283.25845,283.25845,284.35846,283.45844,282.85846,279.75845,273.25845,272.35846,270.25845,267.65845
287.95844,291.85846,289.25845,292.45844,293.15845,292.15845,289.95844,288.55844,291.15845,290.65845,285.85846,286.05844,288.45844,287.65845,285.05844,285.85846,285.95844,286.45844,285.15845,285.05844,284.55844,283.95844,283.85846,283.15845,282.95844,281.95844,280.75845,282.05844,282.15845,282.85846,283.35846,283.55844,284.75845,282.65845,280.85846,279.25845,273.95844,272.25845,272.45844,271.85846,268.95844
285.85846,286.95844,287.65845,287.45844,287.05844,288.05844,290.95844,291.45844,290.65845,285.55844,285.05844,285.15845,286.35846,284.55844,285.25845,285.45844,285.55844,285.55844,284.65845,285.25845,284.35846,284.15845,283.55844,283.35846,282.65845,283.05844,282.25845,283.05844,283.25845,283.25845,285.15845,284.55844,282.65845,280.45844,278.85846,278.05844,277.05844,275.95844,274.65845,274.75845,273.45844
284.55844,286.95844,285.45844,286.05844,286.15845,286.95844,284.65845,285.65845,289.35846,288.85846,286.35846,285.15845,284.85846,284.65845,284.75845,284.75845,284.55844,284.75845,285.05844,284.55844,284.15845,283.15845,282.95844,282.15845,283.45844,283.25845,284.35846,283.65845,282.85846,281.95844,284.25845,282.75845,281.25845,279.65845,275.75845,275.25845,275.45844,273.95844,272.35846,270.45844,271.75845
282.55844,285.45844,287.65845,287.95844,287.45844,284.05844,283.75845,284.35846,284.35846,284.25845,282.25845,279.85846,280.95844,283.55844,284.55844,284.65845,284.65845,284.25845,283.95844,284.55844,284.95844,284.55844,284.75845,283.85846,283.55844,283.45844,283.25845,282.65845,281.65845,283.85846,282.55844,280.85846,279.25845,276.45844,273.95844,273.65845,272.85846,271.85846,270.95844,270.25845,270.65845
283.15845,284.05844,286.75845,284.15845,285.95844,283.65845,285.05844,284.15845,286.55844,283.85846,282.65845,280.55844,281.65845,281.75845,283.55844,283.95844,284.05844,284.05844,283.95844,284.35846,284.35846,284.35846,283.95844,282.85846,282.35846,282.45844,281.95844,281.05844,281.85846,280.45844,281.55844,281.05844,277.45844,272.65845,271.65845,272.65845,272.45844,270.45844,271.05844,271.85846,272.65845
