wind.json
{"header": {"discipline":0,"disciplineName":"Meteorological products","gribEdition":2,"gribLength":1039,"center":7,"centerName":"US National Weather Service - NCEP(WMC)","subcenter":0,"refTime":"2023-06-30T00:00:00.000Z","significanceOfRT":1,"significanceOfRTName":"Start of forecast","productStatus":0,"productStatusName":"Operational products","productType":1,"productTypeName":"Forecast products","productDefinitionTemplate":0,"productDefinitionTemplateName":"Analysis/forecast at horizontal level/layer at a point in time","parameterCategory":0,"parameterCategoryName":"UnknownDiscipline_0_Category_0","parameterNumber":0,"parameterNumberName":"UnknownParameter_D0_C0_0","parameterUnit":"Unknown","genProcessType":2,"genProcessTypeName":"Forecast","forecastTime":180,"surface1Type":1,"surface1TypeName":"Ground or water surface","surface1Value":0.0,"surface2Type":255,"surface2TypeName":"Missing","surface2Value":0.0,"gridDefinitionTemplate":0,"gridDefinitionTemplateName":"Latitude_Longitude","numberPoints":688,"shape":6,"shapeName":"Earth spherical with radius of 6,371,229.0 m","gridUnits":"degrees","resolution":48,"winds":"true","scanMode":64,"nx":43,"ny":16,"basicAngle":0,"lo1":45.0,"la1":40.0,"lo2":87.0,"la2":55.0,"dx":1.0,"dy":1.0}, "data":
[rows 0 to 15 of 16, columns 0 to 42 of 43]
303.32193,291.82193,315.42194,323.32193,321.62192,298.5219,297.92194,300.22192,324.5219,306.72192,325.62192,322.72192,325.12192,325.0219,324.62192,322.32193,321.32193,321.5219,323.12192,321.12192,318.5219,315.82193,313.32193,313.72192,304.82193,295.62192,303.12192,295.0219,287.0219,293.72192,289.22192,309.22192,303.62192,311.32193,313.0219,311.42194,313.22192,311.12192,312.22192,311.12192,312.12192,314.0219,313.42194
300.42194,316.82193,318.0219,301.32193,311.62192,297.72192,298.32193,299.72192,314.82193,325.82193,324.0219,324.92194,322.12192,324.22192,324.42194,320.92194,321.12192,321.0219,321.0219,321.22192,321.22192,319.5219,320.72192,315.62192,316.22192,310.72192,312.92194,314.92194,309.82193,290.5219,291.5219,285.5219,290.12192,290.42194,298.62192,306.12192,314.0219,313.42194,314.0219,314.22192,314.0219,315.12192,313.72192
303.42194,296.72192,291.5219,308.82193,298.0219,298.42194,299.82193,296.22192,326.82193,325.12192,325.62192,321.82193,317.92194,320.32193,315.32193,320.32193,319.82193,320.62192,321.82193,322.62192,319.62192,319.42194,319.72192,316.32193,314.62192,304.0219,291.92194,282.62192,298.22192,291.0219,290.62192,282.22192,289.22192,283.72192,290.82193,271.22192,288.72192,303.82193,305.92194,309.82193,314.42194,302.42194,286.5219
302.5219,307.62192,311.62192,298.32193,298.12192,298.12192,298.32193,320.82193,325.32193,323.32193,321.0219,319.12192,317.32193,316.92194,316.22192,318.62192,320.32193,320.22192,320.0219,321.92194,320.22192,319.72192,319.32193,315.92194,314.82193,307.92194,312.82193,310.62192,310.72192,301.0219,296.5219,284.72192,282.32193,282.32193,292.82193,287.32193,293.32193,292.42194,286.12192,284.42194,290.5219,286.0219,282.82193
314.92194,317.5219,315.22192,298.62192,299.32193,299.5219,305.82193,322.72192,315.12192,321.62192,323.12192,320.72192,317.92194,315.12192,295.72192,294.82193,308.82193,322.0219,319.82193,320.42194,320.72192,321.22192,315.22192,311.72192,316.12192,315.5219,314.32193,313.42194,314.72192,310.22192,310.92194,310.72192,311.0219,302.62192,305.22192,310.42194,310.62192,304.22192,289.0219,287.5219,290.92194,301.72192,306.5219
317.22192,317.5219,317.5219,299.22192,299.0219,299.62192,307.92194,322.22192,319.12192,311.12192,321.72192,321.82193,320.0219,317.62192,295.92194,295.32193,293.0219,319.82193,320.42194,317.62192,315.22192,317.62192,319.32193,319.32193,317.42194,316.42194,315.0219,314.22192,312.42194,305.42194,312.42194,309.92194,313.32193,310.62192,290.42194,284.92194,294.92194,303.32193,301.12192,315.0219,316.12192,314.12192,313.62192
316.5219,319.5219,319.32193,318.82193,299.72192,299.22192,299.22192,298.42194,326.5219,324.92194,323.62192,322.22192,321.32193,320.92194,298.22192,294.82193,305.62192,316.32193,315.62192,320.32193,318.92194,318.92194,316.62192,315.92194,316.12192,315.32193,313.62192,311.42194,314.5219,291.42194,312.62192,310.82193,311.32193,310.92194,304.62192,298.32193,298.82193,294.12192,295.22192,297.5219,312.42194,313.82193,313.0219
318.42194,320.92194,317.72192,319.42194,322.0219,322.5219,315.12192,321.82193,325.22192,322.12192,322.22192,320.82193,321.42194,318.5219,318.0219,318.12192,318.32193,317.92194,319.22192,317.92194,318.22192,315.42194,313.92194,313.92194,313.42194,314.12192,311.0219,309.42194,310.42194,312.42194,302.92194,309.62192,308.22192,308.92194,307.82193,309.12192,305.42194,306.62192,299.0219,294.12192,292.0219,290.62192,304.82193
317.62192,316.42194,319.72192,320.62192,321.5219,321.12192,321.72192,320.22192,321.92194,319.72192,318.5219,317.62192,317.32193,316.62192,317.22192,316.92194,317.42194,317.12192,318.5219,316.22192,315.42194,312.92194,311.62192,311.5219,310.82193,311.92194,307.12192,306.22192,305.32193,307.62192,297.62192,305.5219,303.12192,304.42194,304.0219,301.62192,302.92194,306.12192,306.92194,289.42194,307.72192,306.0219,302.12192
297.92194,318.5219,319.22192,319.82193,319.72192,317.32193,319.42194,319.0219,318.22192,317.22192,316.12192,314.92194,314.22192,314.12192,313.12192,315.0219,314.42194,315.32193,314.22192,314.62192,312.5219,311.42194,309.22192,307.72192,308.42194,308.5219,305.92194,306.22192,301.5219,300.82193,300.0219,296.0219,294.0219,295.5219,303.5219,302.32193,304.32193,302.22192,301.5219,303.42194,287.82193,287.12192,287.82193
313.62192,318.0219,317.32193,318.32193,317.22192,317.42194,316.32193,317.22192,316.0219,314.42194,313.42194,311.32193,309.62192,309.62192,310.82193,311.22192,310.32193,311.42194,311.32193,311.12192,311.92194,310.72192,306.72192,308.12192,309.62192,307.92194,306.0219,302.82193,304.0219,304.32193,301.0219,301.22192,300.22192,302.62192,299.12192,306.5219,305.82193,304.12192,298.42194,293.0219,289.0219,288.32193,284.72192
308.5219,303.5219,313.72192,315.82193,315.22192,314.72192,313.82193,314.5219,313.92194,313.62192,311.92194,310.82193,309.32193,308.0219,310.12192,307.5219,308.42194,308.42194,307.42194,307.82193,308.5219,306.12192,306.5219,306.5219,305.42194,305.42194,304.12192,303.92194,301.42194,304.72192,306.12192,306.82193,306.0219,307.0219,305.62192,302.0219,301.72192,303.0219,295.0219,291.92194,291.12192,291.32193,288.72192
305.12192,307.72192,310.22192,310.42194,314.32193,313.92194,310.62192,310.82193,310.12192,309.0219,309.62192,309.72192,309.22192,304.42194,308.62192,307.72192,307.82193,305.92194,306.12192,306.72192,305.82193,303.42194,302.82193,301.5219,301.82193,303.42194,303.12192,304.0219,304.62192,306.32193,307.5219,307.82193,304.92194,305.82193,304.42194,299.82193,300.12192,301.62192,299.92194,295.92194,294.82193,297.92194,292.42194
304.92194,305.92194,305.82193,307.42194,311.32193,309.72192,308.5219,307.12192,306.5219,307.92194,307.72192,306.92194,303.42194,302.0219,305.82193,303.82193,304.82193,304.22192,306.32193,304.92194,305.12192,302.42194,302.0219,300.32193,301.0219,301.0219,303.92194,303.92194,304.82193,303.72192,304.62192,304.92194,305.42194,304.12192,303.22192,303.82193,302.92194,298.5219,295.82193,293.62192,293.22192,294.92194,289.82193
304.0219,304.92194,306.12192,308.82193,299.62192,308.82193,307.12192,306.12192,304.12192,302.32193,303.82193,305.12192,302.12192,301.12192,303.12192,303.42194,303.0219,303.5219,303.42194,303.72192,303.92194,302.5219,302.0219,300.92194,301.32193,301.32193,301.92194,302.62192,301.32193,300.92194,300.92194,302.42194,303.32193,303.42194,304.42194,304.32193,302.42194,300.82193,298.62192,297.42194,296.72192,292.62192,292.42194
303.92194,303.5219,304.82193,307.12192,294.22192,308.22192,307.5219,307.42194,306.62192,305.0219,304.42194,304.0219,303.72192,298.62192,300.42194,298.42194,300.0219,304.32193,304.12192,304.0219,305.32193,303.22192,301.62192,300.92194,300.62192,300.92194,300.92194,301.12192,300.42194,300.22192,299.42194,300.0219,299.0219,295.32193,301.82193,302.42194,302.62192,301.0219,299.22192,296.32193,297.72192,295.72192,293.12192
