wind_kz.json
{"header": {"discipline":0,"disciplineName":"Meteorological products","gribEdition":2,"gribLength":1102,"center":7,"centerName":"US National Weather Service - NCEP(WMC)","subcenter":0,"refTime":"2023-09-22T12:00:00.000Z","significanceOfRT":1,"significanceOfRTName":"Start of forecast","productStatus":0,"productStatusName":"Operational products","productType":1,"productTypeName":"Forecast products","productDefinitionTemplate":0,"productDefinitionTemplateName":"Analysis/forecast at horizontal level/layer at a point in time","parameterCategory":2,"parameterCategoryName":"UnknownDiscipline_0_Category_2","parameterNumber":2,"parameterNumberName":"UnknownParameter_D0_C2_2","parameterUnit":"Unknown","genProcessType":2,"genProcessTypeName":"Forecast","forecastTime":0,"surface1Type":103,"surface1TypeName":"Specified height level above ground","surface1Value":10.0,"surface2Type":255,"surface2TypeName":"Missing","surface2Value":0.0,"gridDefinitionTemplate":0,"gridDefinitionTemplateName":"Latitude_Longitude","numberPoints":615,"shape":6,"shapeName":"Earth spherical with radius of 6,371,229.0 m","gridUnits":"degrees","resolution":48,"winds":"true","scanMode":64,"nx":41,"ny":15,"basicAngle":0,"lo1":47.0,"la1":41.0,"lo2":87.0,"la2":55.0,"dx":1.0,"dy":1.0}, "data":
[rows 0 to 14 of 15, columns 0 to 40 of 41]
-0.24635987,1.0436401,-3.35636,-5.9263597,-3.3063598,-2.83636,-5.76636,-7.08636,-6.4463596,-5.04636,-5.06636,-3.93636,-2.5463598,-1.8563598,-3.2263598,-2.83636,-2.0463598,-3.0563598,-3.9963598,-3.5263598,-2.08636,0.15364014,0.91364014,3.2236402,-1.3663598,-3.41636,-2.43636,2.3036401,3.8036401,3.4436402,5.64364,-0.76635987,2.16364,1.6936401,-3.16636,1.7236401,-1.4263599,-2.42636,-1.9463599,-3.3163598,-0.89635986
-0.33635986,-4.37636,-6.81636,-6.72636,-3.7263598,-0.30635986,-6.0763597,-5.93636,-5.45636,-4.26636,-2.6963599,-2.11636,-2.8263597,-4.10636,-2.8263597,-2.3063598,-0.83635986,-2.58636,-3.0263598,-3.0663598,-2.34636,-0.6963599,-0.64635986,0.7536401,2.3036401,-0.15635987,-0.14635986,0.8236401,-2.15636,0.59364015,1.6436402,-0.36635986,-0.006359863,0.49364012,0.40364015,-1.1963599,0.14364013,-1.8863598,-1.9563599,-0.6863599,-1.7463598
-5.75636,-7.58636,-7.58636,-5.53636,-3.0063598,-4.6163597,-4.8863597,-4.23636,-3.8063598,-3.37636,-3.5463598,-2.5163598,-3.2763598,-3.59636,-2.18636,-1.1463599,-1.7363598,-1.4463599,-2.13636,-1.8463598,-1.0963598,-0.59635985,-3.7463598,-2.2763598,1.0336401,3.0536401,0.15364014,2.6936402,-3.88636,0.97364014,2.0136402,-0.15635987,2.06364,2.2136402,-0.66635984,-1.6663599,1.2736402,0.49364012,5.02364,4.54364,1.3636402
-8.07636,-7.35636,-6.31636,-2.4563599,3.2336402,-3.2463598,-2.58636,-3.41636,-3.2563598,-3.35636,-4.55636,-4.85636,-4.41636,-3.2963598,0.9936401,-1.3063599,-1.3463598,-0.79635984,-0.91635984,-1.6163598,-1.0363599,-3.17636,1.1236402,0.39364013,-0.22635986,1.8636402,3.7136402,3.34364,3.1936402,0.48364013,1.1536402,3.5536401,9.50364,13.24364,8.6436405,6.3836403,1.1536402,0.90364015,-0.73635983,-0.10635986,0.66364014
-7.83636,-7.64636,-6.3863597,-4.31636,-2.4563599,-2.33636,-1.6863599,-2.7663598,-3.0563598,-3.16636,-2.42636,-4.66636,-2.0763597,-0.8163599,2.7736402,1.2636402,-1.0463599,-1.3563598,-1.1463599,0.20364013,0.30364013,0.05364014,-0.32635987,-1.4163599,-2.87636,-1.8363599,-1.9363599,-1.1563599,-0.026359864,4.68364,6.47364,7.12364,1.3936402,1.1236402,-1.5563599,-0.35635987,9.603641,3.41364,3.1836402,4.5936403,3.06364
-5.85636,-5.43636,-5.6763597,-4.9263597,-3.7763598,-2.5663598,-1.0463599,-3.40636,-3.9863598,-2.2163599,-2.34636,-2.09636,0.35364014,2.38364,1.3336401,-0.03635986,0.32364014,-0.15635987,0.9936401,1.6236402,0.45364013,1.2936401,2.9336402,1.3836402,-1.4963598,0.013640136,1.6736401,0.8636401,1.9536401,1.3136401,2.5036402,1.9736401,2.2836401,3.58364,1.8436401,2.7236402,6.1136403,7.16364,10.00364,-1.8763598,-1.3163599
-6.1763597,-5.1963596,-4.76636,-5.22636,-1.8463598,-3.7663598,-4.75636,-3.36636,-3.36636,-2.9963598,-2.36636,-1.5363599,-0.7563599,-0.23635986,-0.19635986,0.28364015,1.6836401,1.6236402,2.13364,3.16364,1.3336401,1.0736401,1.0536401,2.2236402,1.3036401,1.7736402,2.4836402,3.61364,4.71364,2.85364,2.0036402,2.7936401,3.2936401,4.48364,3.9536402,1.7936401,1.0936401,0.60364014,1.1236402,-0.66635984,8.78364
-5.49636,-5.49636,-4.9063597,-4.47636,-4.3463597,-4.04636,-3.1963599,-2.6963599,-2.5263598,-1.7263598,-0.8863599,0.30364013,0.06364014,1.4736401,2.0036402,2.8036401,2.82364,3.7036402,2.9936402,3.9536402,2.4436402,2.85364,2.4836402,2.7336402,2.2636402,2.36364,3.0436401,2.4336402,2.2636402,2.41364,2.0036402,2.5136402,1.8636402,1.2536402,1.7836401,2.87364,3.5136402,3.6736403,5.23364,7.02364,6.71364
-4.10636,-4.02636,-4.02636,-3.83636,-3.4563599,-2.62636,-2.2463598,-0.98635983,0.59364015,1.0636401,2.0536401,2.59364,2.9336402,2.88364,3.57364,4.08364,4.6136403,4.50364,4.48364,4.76364,4.72364,4.46364,4.70364,4.03364,3.5036402,4.52364,5.0736403,4.12364,3.88364,5.06364,1.3436401,2.7736402,1.7836401,1.7836401,1.3836402,1.4136401,0.40364015,-0.31635988,0.53364015,0.123640135,1.0536401
-2.9963598,-2.6963599,-2.9863598,-2.64636,-2.2563598,-1.3363599,-0.44635987,0.37364015,1.0136402,1.9136401,3.15364,3.7036402,4.20364,4.03364,4.56364,4.6536403,5.00364,5.37364,5.89364,6.0736403,6.8836403,7.10364,6.95364,6.79364,7.08364,6.0936403,5.9036403,6.3636403,5.47364,4.6536403,5.44364,1.9436401,3.9536402,3.7736402,2.2036402,1.0736401,0.77364016,0.48364013,0.95364016,1.2436402,1.2936401
-1.6863599,-0.98635983,-0.5563599,0.8836401,2.2036402,1.9336401,2.2336402,2.62364,2.59364,2.7136402,2.8036401,4.0736403,4.26364,4.74364,4.9236403,4.8436403,5.3236403,5.39364,5.3636403,6.39364,7.0536404,7.01364,7.24364,7.25364,6.72364,7.08364,7.6136403,7.39364,7.5736403,7.22364,5.00364,3.7036402,4.29364,3.62364,3.38364,0.78364015,0.31364015,0.66364014,1.8136401,1.1936401,0.9436401
0.9436401,2.11364,2.61364,2.59364,2.5136402,2.4636402,2.7536402,3.2736402,3.4836402,3.34364,3.7636402,5.18364,4.91364,5.04364,5.08364,5.8036404,6.1536403,6.5736403,6.58364,6.54364,6.70364,7.41364,7.1336403,7.6136403,7.73364,8.26364,8.563641,8.58364,8.32364,7.23364,5.96364,5.45364,3.3036401,4.1736403,4.01364,1.7536402,1.9536401,3.3036401,1.7036401,1.4036402,0.8836401
2.0436401,1.9836402,2.4836402,2.7436402,2.9636402,2.8036401,3.8036401,3.9736402,4.31364,2.2236402,2.7536402,4.68364,4.3236403,3.82364,4.0736403,4.23364,4.71364,4.47364,5.68364,4.97364,6.41364,7.62364,7.85364,8.00364,8.44364,8.69364,9.05364,8.79364,8.17364,6.94364,6.71364,6.74364,6.19364,5.06364,4.04364,4.10364,3.82364,1.8636402,2.4336402,2.4936402,1.2736402
1.5736401,2.86364,2.7436402,4.41364,4.5536404,4.78364,5.51364,5.00364,4.5536404,2.0336401,2.5436401,3.4836402,4.27364,3.7136402,3.2536402,3.9236403,3.7936401,4.48364,5.19364,5.6736403,7.0536404,6.71364,5.04364,5.12364,5.6736403,6.20364,7.8036404,7.6736403,9.97364,7.91364,7.93364,6.4036403,5.9236403,5.6736403,4.66364,4.79364,4.20364,4.00364,1.3536401,1.4636401,1.5536401
3.1836402,4.18364,4.16364,3.9536402,5.18364,4.4236403,4.9036403,4.43364,4.6136403,3.41364,0.06364014,5.0936403,4.68364,4.77364,5.46364,5.49364,4.29364,3.3036401,4.87364,5.08364,3.09364,4.98364,6.08364,6.14364,6.45364,7.10364,7.25364,7.95364,8.42364,5.5736403,7.8636403,7.18364,9.12364,5.70364,5.8236403,5.54364,4.5736403,5.6736403,3.32364,2.64364,1.7536402
