wind_kz.json
{"header": {"discipline":0,"disciplineName":"Meteorological products","gribEdition":2,"gribLength":948,"center":7,"centerName":"US National Weather Service - NCEP(WMC)","subcenter":0,"refTime":"2023-09-28T00:00:00.000Z","significanceOfRT":1,"significanceOfRTName":"Start of forecast","productStatus":0,"productStatusName":"Operational products","productType":1,"productTypeName":"Forecast products","productDefinitionTemplate":0,"productDefinitionTemplateName":"Analysis/forecast at horizontal level/layer at a point in time","parameterCategory":2,"parameterCategoryName":"UnknownDiscipline_0_Category_2","parameterNumber":3,"parameterNumberName":"UnknownParameter_D0_C2_3","parameterUnit":"Unknown","genProcessType":2,"genProcessTypeName":"Forecast","forecastTime":240,"surface1Type":103,"surface1TypeName":"Specified height level above ground","surface1Value":10.0,"surface2Type":255,"surface2TypeName":"Missing","surface2Value":0.0,"gridDefinitionTemplate":0,"gridDefinitionTemplateName":"Latitude_Longitude","numberPoints":615,"shape":6,"shapeName":"Earth spherical with radius of 6,371,229.0 m","gridUnits":"degrees","resolution":48,"winds":"true","scanMode":64,"nx":41,"ny":15,"basicAngle":0,"lo1":47.0,"la1":41.0,"lo2":87.0,"la2":55.0,"dx":1.0,"dy":1.0}, "data":
[rows 0 to 14 of 15, columns 0 to 40 of 41]
2.1898608,-0.51013917,0.22986084,-3.670139,-5.060139,-2.0601392,-2.5201392,0.19986084,-2.0901392,-2.690139,-4.100139,-1.7201391,0.47986084,-1.5401392,-2.390139,-3.0001392,-2.920139,-2.5901392,-0.71013916,-1.7501391,-1.6301391,-0.83013916,0.8698608,-1.3201392,-2.2401392,-0.24013916,-0.37013915,-0.14013916,0.5698608,2.3798609,0.9498608,-0.46013916,0.17986085,0.27986085,-0.12013916,0.28986084,0.00986084,2.329861,1.8298608,1.8698609,1.5198609
3.619861,1.1998608,-1.9401392,-1.4501392,-3.3501391,-3.0501392,-3.0101392,0.91986084,-1.1801392,-2.0701392,-3.200139,-3.5201392,-2.2101393,-1.2601391,-2.8101392,-3.0901392,-2.0801392,-0.86013913,-3.640139,-3.420139,-1.6201391,0.17986085,1.1998608,0.9498608,0.04986084,-1.1901392,-0.5501392,-1.2001392,-1.0101391,1.2298608,-0.12013916,1.9898609,0.04986084,0.6198608,-1.3701391,-0.90013915,-0.49013916,-1.9701391,-0.26013917,-1.2301391,0.90986085
0.01986084,-2.140139,0.85986084,0.52986085,-1.5101391,-2.7501392,-0.10013916,-0.07013916,-0.66013914,-2.2501392,-3.2201393,-2.660139,-2.920139,-1.9901391,-2.2401392,-3.150139,-2.7101393,-3.1201391,-3.6001391,-2.9801393,-0.39013916,0.08986084,-0.82013917,-0.73013914,0.40986085,0.46986085,0.16986084,0.22986084,0.079860836,0.84986085,1.4198608,0.28986084,0.8098608,-0.14013916,-0.54013914,1.3898609,1.6498609,-1.3916015E-4,-0.07013916,-0.97013915,-0.86013913
-2.0901392,-1.7501391,0.90986085,0.67986083,0.53986084,-0.21013916,0.6198608,0.06986084,0.35986084,-0.6201392,-1.7301391,-3.3001392,-4.4401393,-3.2101393,-3.0901392,-2.8101392,-3.3501391,-3.7301393,-4.100139,-3.700139,-2.2101393,-1.5201392,-0.60013914,-1.6001391,-0.6201392,-0.59013915,-1.5001391,-2.190139,-0.23013917,-1.1801392,-2.160139,-3.190139,-0.04013916,-1.8501391,0.28986084,-2.0801392,-0.31013915,1.9698608,3.0098608,0.70986086,1.1698608
-4.000139,-4.830139,-4.070139,-3.5301392,-1.8001392,-0.9301392,-0.25013915,-0.13013916,0.57986087,-1.0901392,-1.8301392,-2.2401392,-3.4901392,-3.5701392,-4.180139,-3.660139,-3.8101392,-3.8301392,-2.8201392,-2.8501391,-1.1401391,-1.7101392,-2.450139,-1.9201392,-0.5501392,-0.96013916,-1.1301391,-1.3101392,-1.8601391,-2.1101391,-1.4501392,0.53986084,1.8498608,1.8698609,-0.07013916,-0.42013916,0.52986085,-1.2501391,0.83986086,1.5698608,0.27986085
-3.0601392,-2.7801392,-5.410139,-4.760139,-3.7801392,-3.8101392,-1.9501392,-0.6301392,-0.9301392,-0.8801392,-2.2801392,-2.700139,-3.6101391,-4.640139,-3.3101392,-3.8401392,-4.120139,-4.050139,-4.5901394,-2.390139,-2.400139,-1.3901391,-1.9701391,-1.8801391,-0.7501392,-1.7201391,-2.7601392,-3.8001392,-2.170139,-2.5701392,0.03986084,0.43986085,-0.17013916,2.2698607,2.799861,-1.7201391,1.4098608,0.10986084,0.57986087,-0.20013916,0.13986084
-4.160139,-3.7201393,-4.2301393,-4.4001393,-4.020139,-3.630139,-5.280139,-2.8101392,-1.8701391,-1.9501392,-2.5701392,-1.8201392,-2.150139,-3.2401392,-3.150139,-3.700139,-3.8401392,-4.020139,-4.370139,-2.930139,-3.420139,-2.9801393,-2.0301392,-1.4601392,-2.2101393,-2.5301392,-2.5801392,-4.080139,-3.0901392,-3.1001391,-3.130139,-2.8001392,-3.5401392,-3.0801392,0.84986085,0.67986083,-2.2901392,0.11986084,-0.51013917,-0.64013916,-0.32013917
-4.050139,-4.060139,-4.290139,-4.580139,-4.290139,-3.9601393,-2.450139,-2.7401392,-2.5601392,-3.2601392,-2.7701392,-0.83013916,-2.2701392,-2.690139,-3.7601392,-3.7801392,-3.8701391,-4.450139,-3.170139,-2.8201392,-3.2601392,-3.700139,-3.2401392,-2.650139,-2.140139,-1.1001391,-1.9301392,-2.4801393,-2.3001392,-2.7601392,-1.9901391,-2.8701391,-3.5801392,-3.2601392,-1.1101391,-0.21013916,-0.46013916,0.8798608,-0.73013914,0.5698608,-1.9701391
-2.890139,-3.130139,-3.3501391,-3.8001392,-3.680139,-3.2901392,-2.7801392,-1.7401391,-2.3201392,-2.430139,-2.700139,-1.6701392,-1.6501392,-2.8501391,-3.2201393,-3.5501392,-3.640139,-3.920139,-4.010139,-3.7501392,-2.160139,-2.450139,-3.180139,-2.670139,-2.3201392,-2.410139,-1.6201391,-1.1201391,-0.9401392,-1.3701391,-2.3301392,-1.3501391,-0.6201392,-1.0301392,-0.17013916,-0.04013916,-1.8401392,0.98986083,1.6598608,1.0398608,-2.5601392
-2.170139,-2.5401392,-2.7701392,-2.8701391,-3.4601393,-3.6001391,-2.8001392,-2.140139,-2.5901392,-2.190139,-3.0101392,-2.140139,-1.6801392,-2.7701392,-2.700139,-2.5601392,-2.8701391,-3.950139,-4.050139,-4.370139,-3.6201391,-3.5301392,-2.7701392,-2.3701391,-1.9701391,-2.8401392,-2.0601392,-2.2401392,-1.9701391,-2.430139,-1.1601392,-0.5601392,0.51986086,0.41986084,0.9498608,0.73986083,0.19986084,-2.0501392,0.88986087,3.3898609,3.349861
-1.6101391,-2.0901392,-2.3501391,-2.7301393,-2.8701391,-2.700139,-2.5301392,-2.3001392,-2.7601392,-3.2801392,-2.1101391,-1.2401391,-2.680139,-1.5101391,0.47986084,-0.41013917,-2.3401392,-3.3101392,-3.4601393,-3.900139,-3.660139,-3.5501392,-3.4901392,-3.4801393,-2.7201393,-2.8401392,-2.5601392,-3.4801393,-1.8301392,-2.0801392,-3.0601392,-2.160139,0.78986084,1.6598608,2.1298609,1.3398608,0.92986083,1.9598608,1.7098608,1.3998609,0.52986085
-0.6801392,0.7498608,-0.12013916,-0.91013914,-1.5201392,-1.9001392,-1.7801392,-1.7201391,-1.9701391,-1.9101392,-1.4601392,-1.9701391,-2.7801392,-2.0801392,-1.0901392,-1.4201392,-1.6001391,-3.0701392,-2.430139,-2.950139,-2.2901392,-2.0501392,-2.950139,-3.1001391,-3.160139,-3.8701391,-2.7901392,-2.8701391,-2.200139,-2.3401392,-2.5501392,-4.180139,-0.91013914,2.2398608,1.5498608,2.609861,2.859861,3.0398607,2.359861,2.349861,1.1098609
0.6198608,0.71986085,0.45986083,0.98986083,0.7498608,0.18986084,0.13986084,-0.09013916,-0.58013916,-0.16013916,-0.51013917,-0.84013915,-0.76013917,-1.0601392,-0.29013917,-1.6301391,-1.6601392,-2.0601392,-2.2901392,-2.440139,-1.6701392,-1.1101391,-0.60013914,-1.1701392,-2.410139,-2.6001391,-2.950139,-3.4701393,-3.2801392,-3.700139,-2.9601393,-1.6401391,-2.380139,-0.7501392,0.66986084,2.4498608,2.4698608,2.109861,3.079861,2.5398607,1.7498609
1.9898609,1.8398608,0.9398608,1.9698608,1.6998608,1.3998609,1.6298609,1.5598608,1.4998609,1.0498608,1.4398608,0.13986084,-0.02013916,-0.13013916,0.16986084,-0.7501392,-0.06013916,-0.36013916,-0.72013915,-0.9401392,-1.7401391,-2.130139,0.90986085,0.12986083,-1.7501391,-2.410139,-2.7501392,-2.2401392,-3.0601392,-4.270139,-4.430139,-3.4601393,-1.6501392,-0.51013917,0.34986085,1.7498609,1.5498608,2.4198608,2.329861,2.5398607,2.8898609
1.8098608,2.0398607,2.0098608,2.4898608,2.5298607,2.569861,2.599861,2.8798609,2.6498609,1.9498608,2.0098608,2.1498609,1.7198608,0.38986084,0.60986084,0.47986084,-0.18013915,-0.39013916,0.29986084,0.8198608,0.89986086,-0.32013917,-1.2501391,0.46986085,0.5098608,-1.5101391,-1.7801392,-1.7201391,-1.2101392,-2.900139,-4.180139,-4.760139,-2.5201392,-4.770139,1.1598608,0.9998608,1.3198608,3.089861,3.619861,3.4798608,1.4898609
