wind_kz.json
{"header": {"discipline":0,"disciplineName":"Meteorological products","gribEdition":2,"gribLength":871,"center":7,"centerName":"US National Weather Service - NCEP(WMC)","subcenter":0,"refTime":"2023-10-03T18:00:00.000Z","significanceOfRT":1,"significanceOfRTName":"Start of forecast","productStatus":0,"productStatusName":"Operational products","productType":1,"productTypeName":"Forecast products","productDefinitionTemplate":0,"productDefinitionTemplateName":"Analysis/forecast at horizontal level/layer at a point in time","parameterCategory":0,"parameterCategoryName":"UnknownDiscipline_0_Category_0","parameterNumber":0,"parameterNumberName":"UnknownParameter_D0_C0_0","parameterUnit":"Unknown","genProcessType":2,"genProcessTypeName":"Forecast","forecastTime":0,"surface1Type":1,"surface1TypeName":"Ground or water surface","surface1Value":0.0,"surface2Type":255,"surface2TypeName":"Missing","surface2Value":0.0,"gridDefinitionTemplate":0,"gridDefinitionTemplateName":"Latitude_Longitude","numberPoints":615,"shape":6,"shapeName":"Earth spherical with radius of 6,371,229.0 m","gridUnits":"degrees","resolution":48,"winds":"true","scanMode":64,"nx":41,"ny":15,"basicAngle":0,"lo1":47.0,"la1":41.0,"lo2":87.0,"la2":55.0,"dx":1.0,"dy":1.0}, "data":
[rows 0 to 14 of 15, columns 0 to 40 of 41]
289.7187,282.81866,287.51868,294.01868,293.91867,292.2187,293.31866,295.61868,294.61868,291.81866,291.91867,292.01868,291.7187,291.81866,291.61868,289.81866,289.51868,290.51868,290.01868,290.2187,291.11868,288.61868,288.41867,284.41867,287.01868,288.31866,285.61868,272.81866,271.81866,270.7187,270.41867,268.7187,282.7187,288.41867,289.41867,290.31866,290.2187,290.01868,290.81866,290.01868,286.91867
274.61868,287.61868,294.11868,294.01868,294.01868,291.91867,293.91867,294.2187,292.2187,291.61868,291.41867,290.51868,290.51868,289.61868,288.41867,289.11868,287.7187,287.7187,287.51868,286.61868,287.01868,288.11868,285.81866,280.81866,271.41867,270.81866,279.31866,271.7187,272.61868,267.91867,273.81866,266.31866,273.91867,249.81868,269.51868,288.7187,287.81866,287.7187,290.2187,283.11868,283.51868
287.7187,293.81866,293.7187,293.2187,291.41867,293.31866,293.81866,291.91867,291.41867,289.01868,287.61868,288.61868,287.7187,288.61868,290.51868,289.31866,287.41867,285.7187,286.41867,285.7187,284.41867,287.31866,288.31866,282.51868,282.91867,283.41867,284.91867,283.2187,282.7187,275.81866,267.7187,271.61868,275.7187,278.91867,281.31866,278.11868,274.81866,275.31866,275.51868,270.91867,270.31866
286.91867,292.61868,293.41867,292.51868,292.11868,293.01868,293.31866,291.91867,289.7187,288.2187,287.01868,286.31866,290.51868,289.91867,290.01868,288.2187,288.81866,287.41867,286.7187,285.91867,287.2187,281.01868,286.31866,287.41867,287.11868,287.41867,287.41867,285.01868,284.31866,285.2187,285.81866,283.41867,288.01868,284.11868,285.41867,282.61868,275.51868,267.31866,277.31866,283.01868,287.31866
288.11868,292.51868,292.7187,292.2187,292.01868,292.61868,293.81866,292.7187,289.2187,288.11868,286.41867,285.51868,289.61868,288.41867,286.81866,288.7187,288.2187,287.81866,285.51868,287.81866,287.7187,287.2187,285.7187,285.81866,285.51868,285.91867,284.2187,285.7187,282.7187,283.7187,287.91867,284.7187,273.7187,263.41867,275.7187,283.61868,288.01868,288.41867,289.61868,290.81866,291.31866
290.51868,288.61868,290.7187,291.31866,291.7187,291.2187,292.41867,292.7187,289.11868,288.2187,288.01868,287.41867,288.91867,289.31866,288.41867,287.11868,288.81866,287.31866,287.11868,288.01868,286.81866,285.81866,285.51868,285.41867,284.7187,282.91867,283.7187,288.7187,285.41867,285.91867,283.7187,287.11868,284.91867,286.7187,282.2187,285.31866,277.2187,281.61868,286.31866,290.2187,289.61868
287.81866,289.41867,290.7187,290.81866,289.91867,290.91867,292.31866,290.51868,290.01868,290.01868,287.7187,287.41867,286.7187,286.81866,286.61868,287.51868,286.61868,286.91867,287.01868,285.51868,284.31866,285.11868,285.31866,285.31866,284.01868,284.2187,283.91867,284.7187,284.61868,288.01868,286.61868,284.7187,288.41867,286.41867,284.11868,283.31866,280.91867,278.61868,278.2187,276.2187,285.01868
288.01868,287.2187,289.7187,290.2187,290.31866,290.41867,289.91867,290.11868,289.7187,289.51868,288.01868,287.01868,286.2187,286.41867,286.31866,286.51868,286.11868,286.31866,285.51868,283.31866,283.41867,282.81866,283.31866,283.2187,282.31866,280.2187,280.31866,282.01868,281.2187,282.41867,281.41867,282.7187,284.81866,280.11868,280.91867,280.81866,283.61868,286.11868,285.91867,287.61868,285.11868
288.7187,287.31866,287.61868,288.31866,289.11868,289.31866,289.01868,289.2187,290.41867,289.2187,287.31866,286.11868,284.7187,285.11868,284.51868,285.31866,284.61868,283.81866,283.01868,282.01868,281.31866,280.7187,282.11868,281.81866,280.2187,280.41867,279.01868,278.81866,278.2187,277.2187,278.7187,282.2187,282.11868,280.61868,280.91867,279.01868,281.01868,282.2187,273.81866,274.11868,272.7187
289.2187,288.61868,288.51868,288.2187,288.2187,288.81866,288.31866,288.81866,290.41867,289.11868,285.2187,284.31866,284.41867,284.31866,283.61868,283.81866,283.7187,283.01868,282.2187,281.01868,280.11868,280.61868,281.61868,281.51868,281.2187,279.91867,279.2187,278.81866,278.61868,281.91867,279.41867,281.01868,282.51868,283.01868,283.7187,283.91867,281.11868,280.61868,276.01868,273.41867,269.61868
285.7187,286.41867,286.31866,287.31866,289.2187,288.2187,289.11868,289.91867,290.01868,288.61868,285.41867,284.2187,284.01868,283.31866,283.31866,283.51868,283.2187,283.7187,283.41867,281.61868,280.91867,280.31866,280.81866,280.31866,280.01868,280.11868,277.91867,279.11868,278.81866,280.11868,281.31866,284.51868,283.51868,284.41867,283.7187,283.11868,280.7187,277.41867,274.7187,276.01868,269.81866
283.81866,285.11868,284.31866,288.81866,287.31866,288.11868,287.2187,287.2187,288.61868,288.31866,284.51868,283.61868,284.51868,282.91867,282.91867,283.11868,283.11868,283.01868,283.31866,282.61868,281.2187,280.2187,278.81866,279.31866,279.11868,279.01868,278.01868,278.91867,279.01868,279.7187,278.91867,279.61868,279.7187,278.41867,278.81866,279.11868,278.91867,277.81866,277.7187,277.51868,276.81866
280.31866,281.41867,283.41867,283.81866,286.61868,287.51868,285.91867,286.31866,287.61868,288.11868,282.61868,282.41867,283.11868,282.2187,282.11868,282.61868,282.7187,282.41867,283.11868,282.11868,282.31866,280.51868,279.7187,278.51868,279.01868,279.2187,279.2187,277.61868,278.11868,277.51868,278.11868,278.2187,278.01868,277.2187,276.7187,276.91867,276.41867,277.61868,275.81866,274.81866,275.41867
278.01868,280.11868,283.2187,282.61868,282.81866,281.91867,282.51868,285.81866,286.11868,285.41867,284.51868,282.31866,282.7187,284.51868,283.2187,283.31866,283.41867,283.11868,282.91867,282.61868,282.81866,282.41867,282.51868,282.41867,281.91867,280.81866,279.81866,280.11868,278.41867,278.31866,277.7187,277.01868,276.51868,275.81866,276.51868,275.81866,276.51868,276.41867,275.91867,275.01868,274.61868
279.81866,281.61868,285.11868,281.31866,281.31866,284.11868,285.51868,281.61868,285.61868,285.41867,284.41867,284.51868,282.01868,282.81866,285.11868,284.51868,284.41867,284.01868,284.01868,283.41867,282.91867,283.01868,282.81866,282.2187,282.01868,281.81866,281.41867,280.61868,280.7187,279.91867,279.31866,280.91867,277.51868,277.01868,276.91867,277.11868,276.01868,275.61868,275.81866,275.01868,275.31866
