wind_kz.json
{"header": {"discipline":0,"disciplineName":"Meteorological products","gribEdition":2,"gribLength":948,"center":7,"centerName":"US National Weather Service - NCEP(WMC)","subcenter":0,"refTime":"2023-08-24T12:00:00.000Z","significanceOfRT":1,"significanceOfRTName":"Start of forecast","productStatus":0,"productStatusName":"Operational products","productType":1,"productTypeName":"Forecast products","productDefinitionTemplate":0,"productDefinitionTemplateName":"Analysis/forecast at horizontal level/layer at a point in time","parameterCategory":0,"parameterCategoryName":"UnknownDiscipline_0_Category_0","parameterNumber":0,"parameterNumberName":"UnknownParameter_D0_C0_0","parameterUnit":"Unknown","genProcessType":2,"genProcessTypeName":"Forecast","forecastTime":0,"surface1Type":1,"surface1TypeName":"Ground or water surface","surface1Value":0.0,"surface2Type":255,"surface2TypeName":"Missing","surface2Value":0.0,"gridDefinitionTemplate":0,"gridDefinitionTemplateName":"Latitude_Longitude","numberPoints":615,"shape":6,"shapeName":"Earth spherical with radius of 6,371,229.0 m","gridUnits":"degrees","resolution":48,"winds":"true","scanMode":64,"nx":41,"ny":15,"basicAngle":0,"lo1":47.0,"la1":41.0,"lo2":87.0,"la2":55.0,"dx":1.0,"dy":1.0}, "data":
[rows 0 to 14 of 15, columns 0 to 40 of 41]
316.57333,301.77335,306.37335,302.17334,302.37335,300.47333,311.37335,322.27335,321.67334,322.87335,317.57333,316.87335,316.67334,316.87335,317.37335,317.37335,317.07333,316.77335,319.07333,318.07333,319.77335,314.37335,313.17334,308.07333,310.67334,312.37335,307.67334,292.47333,291.27335,290.47333,289.47333,288.77335,298.17334,306.57333,308.57333,307.57333,307.47333,308.37335,307.77335,308.07333,306.27335
289.67334,298.57333,300.77335,301.17334,301.77335,300.17334,320.27335,319.47333,317.97333,317.87335,318.17334,316.37335,315.17334,313.87335,314.47333,315.37335,316.07333,316.57333,316.57333,317.47333,318.27335,316.67334,312.67334,302.87335,292.77335,287.17334,297.67334,291.87335,293.67334,284.57333,290.87335,279.47333,288.77335,267.27335,286.77335,302.27335,302.27335,303.07333,307.07333,297.67334,285.97333
301.87335,300.27335,300.77335,300.87335,299.77335,315.87335,316.17334,316.67334,314.87335,313.57333,313.67334,314.67334,314.57333,315.17334,314.27335,313.57333,313.87335,313.87335,314.57333,315.37335,316.67334,315.97333,314.77335,308.37335,311.87335,310.67334,310.57333,310.67334,307.17334,296.67334,282.27335,285.57333,292.67334,293.97333,297.67334,296.57333,284.87335,287.87335,287.67334,281.87335,280.27335
313.57333,300.47333,300.47333,299.77335,300.37335,307.17334,314.27335,314.27335,313.07333,311.97333,312.07333,312.37335,296.37335,296.07333,310.87335,312.27335,311.67334,312.37335,313.27335,313.57333,311.87335,309.87335,313.97333,314.07333,314.27335,313.47333,314.17334,311.47333,311.27335,310.97333,311.17334,307.07333,310.37335,309.77335,307.37335,301.67334,286.87335,282.77335,285.07333,298.27335,304.27335
313.67334,300.47333,300.47333,300.47333,306.07333,311.27335,313.77335,313.57333,311.77335,311.67334,313.27335,314.27335,296.27335,296.07333,292.97333,309.87335,311.17334,308.17334,308.67334,309.77335,311.37335,312.87335,313.37335,313.87335,313.77335,314.27335,312.37335,307.57333,310.37335,312.27335,313.27335,310.57333,291.27335,283.27335,293.77335,305.67334,303.87335,310.87335,310.37335,308.37335,306.97333
311.87335,309.87335,298.67334,300.07333,300.47333,300.17334,313.97333,314.27335,312.47333,313.17334,313.57333,312.57333,297.77335,295.37335,300.97333,305.77335,309.27335,309.37335,309.27335,309.17334,309.47333,310.17334,311.27335,311.97333,312.37335,311.07333,312.67334,294.47333,312.67334,313.17334,313.27335,313.17334,311.87335,308.57333,303.67334,302.57333,296.67334,299.07333,308.37335,308.47333,306.57333
310.47333,310.27335,311.17334,302.17334,302.47333,305.57333,303.97333,312.27335,313.67334,310.87335,306.57333,307.57333,308.07333,306.67334,308.87335,308.27335,308.47333,308.87335,308.47333,307.27335,307.17334,308.37335,309.17334,309.67334,308.57333,309.87335,310.17334,310.97333,310.67334,311.47333,311.17334,310.77335,311.17334,310.97333,308.37335,304.87335,298.27335,294.17334,291.97333,288.57333,302.27335
309.77335,310.37335,309.77335,308.67334,305.17334,301.47333,305.47333,308.97333,301.07333,300.97333,308.27335,306.37335,307.97333,308.47333,309.17334,308.57333,308.07333,307.57333,307.47333,304.07333,306.27335,307.57333,308.17334,308.27335,308.67334,306.27335,305.97333,305.47333,301.97333,307.77335,305.77335,307.67334,306.57333,304.17334,303.97333,305.27335,306.87335,291.37335,304.37335,304.27335,300.37335
308.77335,307.27335,306.47333,301.77335,300.87335,301.27335,302.27335,303.87335,303.47333,299.77335,304.67334,300.67334,303.37335,299.07333,304.17334,307.57333,306.37335,305.87335,304.17334,299.57333,296.37335,302.57333,304.17334,304.77335,306.27335,302.97333,303.27335,299.47333,298.67334,297.47333,302.07333,303.07333,304.67334,305.17334,302.17334,301.17334,301.47333,299.97333,287.17334,287.07333,283.47333
301.77335,304.17334,301.27335,302.97333,307.17334,305.27335,300.97333,309.27335,304.87335,303.97333,297.77335,298.67334,296.17334,296.17334,297.17334,300.77335,299.67334,303.37335,302.57333,302.77335,297.67334,297.77335,301.77335,295.07333,293.87335,293.97333,298.77335,300.67334,294.37335,294.27335,299.27335,303.97333,305.67334,306.77335,302.67334,302.17334,298.67334,294.07333,292.07333,283.07333,280.87335
297.87335,297.27335,302.67334,304.17334,296.77335,297.77335,295.87335,304.97333,297.37335,299.17334,296.97333,295.07333,298.97333,292.97333,293.07333,294.57333,294.17334,293.97333,301.07333,299.57333,297.27335,297.87335,296.67334,295.67334,292.07333,299.07333,292.17334,298.47333,300.57333,303.07333,304.57333,304.67334,301.57333,300.97333,304.97333,300.47333,295.07333,292.97333,291.97333,291.17334,290.67334
302.07333,299.37335,296.07333,295.57333,295.77335,292.57333,293.17334,294.67334,294.27335,297.77335,291.67334,291.27335,293.27335,294.87335,292.27335,291.07333,291.47333,293.07333,292.27335,294.27335,293.37335,294.77335,293.57333,296.37335,293.57333,293.97333,296.87335,297.17334,300.97333,303.67334,301.67334,297.67334,294.67334,293.87335,295.57333,301.47333,301.07333,299.87335,297.57333,296.67334,295.67334
288.67334,292.07333,296.37335,288.57333,286.47333,285.97333,286.47333,291.57333,292.17334,293.47333,286.57333,289.47333,291.37335,292.57333,293.17334,289.97333,293.97333,293.47333,295.37335,289.87335,290.57333,291.07333,291.87335,292.27335,293.77335,293.97333,295.57333,291.97333,300.77335,300.07333,302.17334,301.97333,302.87335,303.27335,305.07333,300.37335,299.77335,300.17334,297.77335,296.67334,295.97333
288.87335,286.97333,290.07333,286.07333,287.07333,287.97333,289.27335,291.17334,294.07333,296.57333,290.37335,288.07333,290.77335,291.17334,291.37335,288.77335,290.57333,292.97333,293.17334,293.77335,293.17334,293.87335,293.77335,293.87335,296.17334,297.07333,290.37335,291.37335,290.77335,292.37335,296.27335,297.27335,299.17334,297.67334,301.57333,302.57333,300.27335,298.87335,298.27335,296.27335,296.47333
289.87335,295.97333,291.27335,295.47333,296.57333,296.37335,292.67334,292.07333,294.97333,295.87335,292.57333,291.27335,288.27335,289.37335,290.67334,290.27335,289.97333,290.57333,290.97333,291.57333,292.77335,292.67334,293.57333,293.87335,295.17334,295.97333,294.67334,291.17334,288.67334,291.57333,292.17334,289.17334,295.97333,298.17334,301.07333,300.87335,300.57333,297.87335,298.87335,297.57333,297.37335
