wind_kz.json
{"header": {"discipline":0,"disciplineName":"Meteorological products","gribEdition":2,"gribLength":1025,"center":7,"centerName":"US National Weather Service - NCEP(WMC)","subcenter":0,"refTime":"2023-09-23T18:00:00.000Z","significanceOfRT":1,"significanceOfRTName":"Start of forecast","productStatus":0,"productStatusName":"Operational products","productType":1,"productTypeName":"Forecast products","productDefinitionTemplate":0,"productDefinitionTemplateName":"Analysis/forecast at horizontal level/layer at a point in time","parameterCategory":2,"parameterCategoryName":"UnknownDiscipline_0_Category_2","parameterNumber":3,"parameterNumberName":"UnknownParameter_D0_C2_3","parameterUnit":"Unknown","genProcessType":2,"genProcessTypeName":"Forecast","forecastTime":120,"surface1Type":103,"surface1TypeName":"Specified height level above ground","surface1Value":10.0,"surface2Type":255,"surface2TypeName":"Missing","surface2Value":0.0,"gridDefinitionTemplate":0,"gridDefinitionTemplateName":"Latitude_Longitude","numberPoints":615,"shape":6,"shapeName":"Earth spherical with radius of 6,371,229.0 m","gridUnits":"degrees","resolution":48,"winds":"true","scanMode":64,"nx":41,"ny":15,"basicAngle":0,"lo1":47.0,"la1":41.0,"lo2":87.0,"la2":55.0,"dx":1.0,"dy":1.0}, "data":
[rows 0 to 14 of 15, columns 0 to 40 of 41]
-1.2301917,-1.9501916,1.5798084,2.8798084,1.2498083,-2.7201917,-4.2101917,-1.9201916,0.88980836,-0.59019166,-1.7501917,-2.6301916,-3.8901916,-2.3401916,-3.9601917,-4.5401917,-4.5201917,-5.5601916,-4.800192,-2.7901917,-3.2201917,-4.5401917,-0.66019166,-0.36019164,-0.74019164,-0.40019166,-0.86019164,1.2198083,0.87980837,3.2198083,1.4798083,1.3698083,-0.06019165,-1.0701916,-0.03019165,-0.23019165,-1.3801917,-0.8301917,-1.7801917,-0.26019165,1.2898084
1.6098083,1.2098083,1.7298083,1.3198084,-1.1701916,-3.3301916,-2.9901917,-2.0001917,-2.4701917,0.51980835,-0.8301917,0.20980835,-2.6801918,-0.68019164,-2.8101916,-4.1401916,-3.2301917,-3.8001916,-7.0201917,-5.1801915,-4.7901917,-3.5901916,-0.5701916,1.8498083,1.8898083,1.3298084,0.07980835,1.1398083,1.4098084,2.7198083,0.6698083,2.4898083,2.0698082,1.6898084,0.39980835,-0.67019165,-0.5801917,-1.4501916,-1.9001917,-2.0701916,0.58980834
2.6498084,2.8198082,1.7698083,0.13980836,-3.8301916,-3.6501915,-3.0901916,-3.8901916,-3.5501916,-4.320192,-2.6501915,-0.78019166,0.8098084,-1.6801916,-2.1201916,-3.7401917,-3.7101917,-1.3701917,-3.2201917,-3.9501917,-4.7901917,-3.5501916,-1.4101917,1.7698083,2.5698082,4.2298083,2.2098083,2.6598084,0.09980835,2.8698084,1.6598084,1.7698083,1.6498084,-0.53019166,-0.65019166,2.3098083,2.6398084,-1.0501916,-0.35019165,1.0198083,0.6198084
-0.08019165,-0.46019164,-1.5101917,-2.2501917,-4.0201917,-2.9601917,-3.8201916,-4.4401917,-3.9701917,-4.1001916,-3.9201918,0.51980835,-1.5501916,-2.7801917,-2.6701918,-2.8501916,-2.2201917,-2.0701916,-1.4801917,-3.4801917,-3.0101917,-2.5801916,-1.1901916,-2.0101917,0.82980835,1.4698083,-0.92019165,-0.12019165,1.0198083,1.7198083,0.14980835,-2.2401917,0.18980835,-0.25019166,0.72980833,-2.7201917,-1.7601917,2.4698083,0.75980836,0.40980834,-0.21019165
0.30980834,0.24980836,-0.12019165,-1.1301917,-2.4901917,-3.2101917,-4.0301914,-3.4701917,-3.3201916,-3.4601917,-3.4201918,-2.0701916,-2.1401916,-1.7101916,-2.0601916,-2.7401917,-1.6701916,0.7398083,-3.8101916,-3.2201917,-4.0101914,-3.2101917,-4.6601915,-1.4801917,-0.28019166,-0.98019165,2.3198082,1.5798084,1.0098083,-1.0001917,-1.8501916,-0.5101917,2.0698082,2.2598083,-0.13019165,-0.92019165,-0.02019165,-1.6201917,-1.0901916,-1.7001916,-2.9801917
2.3398085,2.4198084,2.1598084,0.81980836,-1.7201916,-3.3401916,-2.9301918,-4.300192,-4.130192,-4.6401916,-5.650192,-3.2301917,-3.2501917,-4.0301914,-3.5401917,-5.4501915,-1.1401917,-1.1101917,-1.6601917,-4.0601916,-4.2701917,-1.1901916,-1.6401917,-0.02019165,-1.3001916,0.26980835,1.5998083,3.7098083,1.6898084,0.71980834,-0.03019165,0.75980836,0.10980835,-1.2501917,0.9198083,3.9298084,2.3198082,2.8898084,0.6198084,-2.3301916,-2.7501917
0.51980835,1.3498083,-0.03019165,-2.7001917,-3.1601915,-3.6101916,-3.3501916,-4.0101914,-4.2001915,-4.9401917,-4.6001916,-4.550192,-4.3901916,-5.1901917,-4.7301917,-2.0901916,-1.6801916,-1.3801917,-2.7101917,-3.5001917,-4.8701916,-4.6601915,-0.5801917,0.41980836,-0.98019165,-2.5201917,2.2398083,2.1898084,2.6298084,2.2098083,2.0798082,0.44980836,0.96980834,-1.5801916,-1.2001916,-0.99019164,-2.7701917,-0.46019164,-0.10019165,-1.2101916,-1.0001917
-1.9101917,-2.5301917,-2.8601916,-3.6501915,-4.2201915,-4.5601916,-4.150192,-3.6201916,-3.8101916,-4.4401917,-4.400192,-4.5301914,-5.2101917,-5.570192,-5.800192,-5.1201916,-0.42019165,-3.4201918,-3.5201917,-2.9001915,-4.1401916,-2.2001917,-3.3101916,-2.9301918,-2.1301916,0.7998083,-0.33019164,-0.74019164,-2.1901917,0.29980835,-1.6601917,-1.6101917,1.9698083,-0.47019166,0.56980836,-0.25019166,-0.050191652,0.44980836,-1.5701916,0.46980834,-2.7401917
-1.4101917,-1.8101916,-2.6601915,-2.1101916,-3.2701917,-3.3501916,-3.4101915,-3.1001916,-3.6701918,-3.5801916,-3.9101915,-3.8301916,-4.880192,-5.6401916,-6.2601914,-5.9601917,-3.1701918,-1.8001916,-2.8001916,-2.0201917,-2.6601915,-2.8301916,-2.4101915,-2.9201918,-2.4501917,-1.2101916,-0.18019165,0.7398083,1.5598084,2.1298084,1.4098084,1.6698084,1.7998084,-0.40019166,3.1998084,2.4398084,-1.8501916,0.71980834,0.07980835,-0.5701916,-3.2001917
-1.3001916,-1.8501916,-2.5801916,-2.7801917,-3.0001917,-3.0201917,-3.5501916,-3.4101915,-3.6201916,-4.0001917,-1.6301917,-3.2301917,-3.8501916,-5.6801915,-6.7601914,-6.7601914,-3.6101916,-3.5901916,-1.7801917,-1.2701917,-1.4901917,-1.6001916,-1.0901916,-2.4801917,-2.3201916,-2.6601915,-0.93019164,2.2798083,2.5498083,2.5698082,3.2798083,2.0698082,-0.46019164,-0.86019164,0.7398083,0.9198083,0.7998083,-2.5401917,-0.01019165,4.0198083,3.8998084
-1.7001916,-2.3901916,-2.1001916,-2.3901916,-2.6301916,-2.9501917,-3.2201917,-3.4701917,-3.2801917,-3.7101917,-3.1201916,-2.2601917,-3.1401916,-3.5601916,-5.300192,-6.130192,-5.8701916,-6.130192,-3.8101916,-0.13019165,0.42980835,-1.1401917,-0.93019164,-1.2801917,-1.8201916,-2.6201916,-1.2701917,-0.8801916,-1.0301917,1.0398084,1.4298084,1.1298083,0.40980834,-0.36019164,-0.21019165,0.119808346,0.89980835,2.4698083,1.2398083,2.0098083,-0.34019166
0.63980836,-0.54019165,-1.6901916,-2.1101916,-0.96019167,-2.1601915,-1.9601916,-2.0501916,-2.2701917,-2.6101916,-2.0101917,-2.6701918,-3.0901916,-3.4701917,-4.5401917,-4.6601915,-4.4901915,-4.900192,-3.7801917,-2.0101917,-1.1201917,-0.77019167,-2.1101916,-1.4801917,-1.5901916,-2.4401917,-2.1201916,-1.9901917,-0.61019164,0.52980834,0.50980836,0.19980834,-0.33019164,-0.90019166,-1.4401916,-0.10019165,0.04980835,1.4798083,1.9598083,1.9298084,1.1898084
0.72980833,1.1398083,-1.0501916,-1.0801916,-1.4701916,-1.6401917,-1.9101917,-2.4701917,-2.6301916,-1.5901916,-1.5001917,-1.5501916,-2.6801918,-3.8201916,-4.1201916,-4.5601916,-4.5401917,-3.6501915,-4.670192,-2.8101916,-1.4301916,-1.5201917,0.16980834,0.88980836,-0.39019164,-1.0301917,0.71980834,-1.4601916,-0.8801916,0.43980834,0.45980835,0.23980835,-0.23019165,-0.42019165,-0.33019164,0.13980836,-1.916504E-4,-0.6301916,0.81980836,1.5198083,1.1498084
0.30980834,0.88980836,-0.8301917,-1.0701916,-1.2401917,-1.2101916,-1.6001916,-1.9101917,-1.9401916,-1.5801916,0.37980834,-0.71019167,-0.71019167,-1.7201916,-2.8801916,-3.8001916,-3.5501916,-3.0801916,-3.5601916,-3.8201916,-3.4201918,-2.3101916,-1.6501917,2.5698082,1.6098083,-0.02019165,-0.59019166,-0.17019165,-1.9401916,1.9398084,1.0598084,0.23980835,-0.10019165,-0.34019166,-0.54019165,-1.0001917,-0.20019165,-0.93019164,-0.39019164,-0.08019165,1.5198083
0.53980833,-0.5701916,-0.66019166,0.65980834,-0.5801917,0.75980836,-0.16019166,-0.26019165,-1.2901917,-1.9301916,-1.3301916,-1.3401916,0.07980835,-0.93019164,-2.6601915,-2.9701917,-3.9301918,-4.2301917,-3.5301917,-3.1101916,-3.0701916,-2.9601917,-2.3101916,-0.5701916,-0.16019166,-0.22019166,-0.23019165,-1.5301917,-0.44019166,0.6798084,1.2998084,0.78980833,0.08980835,0.06980835,0.13980836,-0.23019165,-0.5801917,-0.7501916,-1.0801916,-1.2901917,0.77980834
