wind_kz.json
{"header": {"discipline":0,"disciplineName":"Meteorological products","gribEdition":2,"gribLength":1025,"center":7,"centerName":"US National Weather Service - NCEP(WMC)","subcenter":0,"refTime":"2023-08-06T06:00:00.000Z","significanceOfRT":1,"significanceOfRTName":"Start of forecast","productStatus":0,"productStatusName":"Operational products","productType":1,"productTypeName":"Forecast products","productDefinitionTemplate":0,"productDefinitionTemplateName":"Analysis/forecast at horizontal level/layer at a point in time","parameterCategory":2,"parameterCategoryName":"UnknownDiscipline_0_Category_2","parameterNumber":2,"parameterNumberName":"UnknownParameter_D0_C2_2","parameterUnit":"Unknown","genProcessType":2,"genProcessTypeName":"Forecast","forecastTime":240,"surface1Type":103,"surface1TypeName":"Specified height level above ground","surface1Value":10.0,"surface2Type":255,"surface2TypeName":"Missing","surface2Value":0.0,"gridDefinitionTemplate":0,"gridDefinitionTemplateName":"Latitude_Longitude","numberPoints":615,"shape":6,"shapeName":"Earth spherical with radius of 6,371,229.0 m","gridUnits":"degrees","resolution":48,"winds":"true","scanMode":64,"nx":41,"ny":15,"basicAngle":0,"lo1":47.0,"la1":41.0,"lo2":87.0,"la2":55.0,"dx":1.0,"dy":1.0}, "data":
[rows 0 to 14 of 15, columns 0 to 40 of 41]
1.7212268,1.5112268,-1.7687732,0.5812268,1.5812268,4.141227,2.9612267,-0.5987732,-0.1487732,-0.7787732,-1.1887732,-3.8087733,-4.638773,-3.0887733,-0.9487732,0.4112268,1.8112268,1.0912268,-1.3587732,-2.1187732,-1.0387732,-0.068773195,0.3012268,4.271227,0.6412268,1.4512268,3.9012268,3.6812267,1.0312268,3.741227,0.8812268,1.4812268,-0.28877318,-1.6187732,-4.8187733,-3.5987732,-3.1087732,-2.8387733,-2.5987732,-2.3287733,-2.0787733
0.1712268,-1.6487732,0.40122682,2.1712267,0.9112268,1.5112268,-0.5187732,-1.0387732,-1.7887732,0.2412268,-3.4387732,-4.888773,-4.418773,-3.738773,-3.3187733,-2.738773,-2.5987732,-2.8087733,-1.9687732,-0.8187732,0.22122681,0.8812268,1.3312268,3.741227,1.7912269,-0.038773194,1.6012268,1.6612267,3.741227,2.9412267,1.7012268,3.7912269,-0.28877318,0.9612268,0.4412268,0.6512268,-0.4787732,-1.4587731,0.7712268,-0.7587732,-0.1287732
-1.9187732,-2.7887733,-2.3087733,-1.6787732,0.4512268,-0.8987732,-2.978773,-3.748773,-4.058773,-3.3387733,-2.6587732,-4.268773,-4.268773,-4.3387733,-4.2987733,-3.768773,-3.5287733,-2.9187732,-1.9387732,-0.40877318,1.1312268,3.231227,3.0612268,5.6612267,1.0712268,0.9612268,0.9412268,1.4412268,4.001227,-0.4687732,1.9012268,-1.8387733,-0.7787732,-0.038773194,-0.3287732,1.5612268,0.9212268,0.10122681,0.4912268,5.441227,1.1912268
-2.3887732,-1.9687732,-1.2187732,0.8112268,-1.8787732,-1.1287732,-0.6087732,-1.6287732,-1.1487732,-2.1487732,-2.488773,-3.3587732,-5.4287734,-3.248773,-3.5887733,-5.108773,-4.998773,-3.6387732,-2.3787732,-0.6387732,1.3812268,-0.5287732,2.5712268,2.2112267,2.6112268,3.3612268,4.0512266,4.291227,5.711227,3.2112267,3.0912268,5.601227,3.5412269,3.001227,3.3912268,3.5712268,1.5012268,2.6912267,-2.5387733,-1.4987732,-2.0887733
2.1212268,2.6112268,1.3412268,-0.5587732,-0.1287732,-0.92877316,-0.13877319,1.7712268,2.501227,1.2012268,-0.43877319,-2.4387732,-3.3987732,-4.248773,-3.5487733,-3.8687732,-4.138773,-4.0287733,-3.7887733,-3.3687732,-1.5987732,-0.2587732,1.3212268,2.9312267,4.231227,5.081227,6.351227,4.9712267,7.291227,7.901227,6.4912267,6.2012267,5.361227,7.141227,-3.5587733,-2.4287732,-0.4287732,-0.8987732,-1.1387732,-2.1787732,-0.9687732
3.4012268,5.521227,2.001227,3.021227,2.1712267,1.2112268,0.8912268,0.19122681,-0.5987732,-1.1987731,-0.9987732,-1.3387733,-1.4387732,-1.5787731,0.7312268,-0.5787732,-1.3387733,-2.4687731,-3.2887733,-2.9387732,-3.3387733,-2.728773,-0.2787732,1.0612268,2.0912268,3.1412268,4.5112267,2.8312268,7.271227,8.681227,8.9212265,9.101227,9.621227,10.041226,6.961227,1.7112268,6.9312267,2.7212267,0.2312268,0.5612268,3.1212268
-1.2487732,0.0012268067,3.1012268,5.861227,4.771227,4.481227,1.8012269,0.8712268,1.1212268,-0.1787732,-0.7687732,-0.5587732,0.10122681,0.6012268,1.2012268,1.8512268,1.7012268,0.6512268,0.16122681,0.071226805,-0.8687732,-1.3087732,-1.8387733,-1.3987732,0.3212268,2.3112268,2.011227,2.6612267,3.8012269,6.0112267,8.291226,9.381227,9.941227,9.891227,9.481227,8.321227,4.851227,3.001227,9.221227,3.2912269,1.5912268
1.3512268,2.0412269,2.5412269,3.2012267,5.5112267,6.671227,4.441227,2.8912268,1.2912269,1.6012268,1.9812268,1.9012268,2.4612267,3.1212268,2.6312268,3.0812268,2.6312268,2.1712267,2.011227,1.8012269,2.0512269,1.5612268,1.1312268,0.8612268,0.8612268,1.3312268,2.4112267,2.3412268,3.251227,3.7212267,5.461227,5.621227,8.141227,8.801227,9.651227,11.631227,9.9212265,-4.368773,-4.998773,-5.868773,-2.4587731
2.9512267,2.9512267,3.231227,3.7212267,3.5312269,3.5912268,4.981227,4.6812267,4.351227,3.8012269,4.1612267,4.921227,6.0712266,5.9912267,6.361227,4.871227,4.961227,3.501227,3.0512269,3.2912269,3.2912269,2.1312268,2.751227,4.7212267,4.9112267,4.191227,4.401227,4.0912266,3.9412267,5.4512267,5.111227,5.2212267,5.4312267,3.6112268,5.251227,4.251227,2.6012268,1.1412268,2.6912267,1.0012268,3.251227
3.5412269,2.8112268,3.501227,3.1712267,3.4412267,4.561227,4.871227,4.381227,6.611227,7.251227,7.2812266,7.391227,7.361227,8.4212265,8.311227,8.441227,5.371227,3.6612267,2.7112267,2.6712267,3.8012269,3.4712267,4.2812266,6.1612267,6.851227,6.141227,6.191227,6.871227,5.601227,5.7212267,7.5712266,8.441227,8.161227,9.011227,7.731227,7.881227,-2.738773,-0.8287732,-0.6687732,-0.5187732,2.1912267
3.001227,2.9112267,3.4212267,3.4612267,3.7112267,3.1812267,5.0312266,5.5112267,5.391227,6.291227,6.4712267,6.711227,7.041227,5.7012267,5.0112267,2.6112268,3.9512267,4.2612267,0.43122682,-1.3387733,2.6512268,5.3212266,4.961227,4.9512267,5.9712267,6.021227,6.4512267,5.981227,6.7812266,9.601227,8.931227,8.741227,8.891227,8.271227,8.681227,7.771227,4.901227,3.3712268,2.1812267,-0.6587732,7.421227
3.3612268,3.6312268,4.2412267,4.501227,4.961227,4.561227,3.9312267,3.491227,2.7812269,1.2912269,3.8512268,5.9312267,5.9912267,5.061227,3.3212268,2.5412269,1.7012268,-2.0387733,-0.37877318,1.1912268,3.3312268,5.171227,5.351227,5.391227,5.111227,5.811227,7.021227,7.3412266,7.9112267,8.661227,8.851227,10.581226,8.091227,8.291226,7.0112267,8.971227,8.771227,8.9212265,2.481227,1.8712268,1.7212268
4.0512266,5.151227,4.9712267,4.4912267,4.731227,5.4112267,5.121227,4.691227,4.2412267,3.4712267,3.5712268,4.421227,0.3612268,-1.0987732,-0.3687732,-1.9887732,-2.3187733,-0.9687732,1.6912268,2.3012269,5.291227,5.101227,5.711227,5.2612267,6.0912266,7.7612267,7.081227,7.311227,7.271227,8.441227,8.281227,8.731227,8.631227,8.461226,7.1612267,7.9912267,6.9112267,2.8712268,1.7012268,-1.0287732,-1.1987731
4.251227,4.461227,4.311227,5.021227,3.4012268,4.2812266,4.021227,4.0112267,1.3312268,4.941227,2.2212267,-0.43877319,-1.5687732,-2.3987732,-3.7787733,-3.6187732,-1.8487732,1.0012268,2.8912268,3.3812268,4.0912266,3.5512269,4.541227,5.361227,7.141227,4.711227,7.441227,5.3012266,6.191227,7.111227,7.2612267,7.2812266,7.831227,7.271227,5.6812267,5.351227,2.2112267,0.9712268,2.0712268,0.95122683,-1.9587731
3.8812268,5.131227,5.501227,5.2012267,4.5112267,3.6612267,3.271227,2.3112268,0.8712268,-1.9387732,-1.3587732,-2.1987731,-1.3687732,-1.5287732,-3.0487733,-2.1187732,-1.0287732,1.0112268,2.3212268,3.021227,2.2812269,3.521227,3.1412268,4.881227,4.5712266,5.111227,4.291227,4.961227,5.9912267,5.4912267,5.881227,4.771227,3.9612267,2.511227,0.51122683,-0.6487732,-2.1887732,-3.0787733,-1.1787732,-4.248773,-2.3887732
