wind_kz.json
{"header": {"discipline":0,"disciplineName":"Meteorological products","gribEdition":2,"gribLength":871,"center":7,"centerName":"US National Weather Service - NCEP(WMC)","subcenter":0,"refTime":"2023-09-21T18:00:00.000Z","significanceOfRT":1,"significanceOfRTName":"Start of forecast","productStatus":0,"productStatusName":"Operational products","productType":1,"productTypeName":"Forecast products","productDefinitionTemplate":0,"productDefinitionTemplateName":"Analysis/forecast at horizontal level/layer at a point in time","parameterCategory":0,"parameterCategoryName":"UnknownDiscipline_0_Category_0","parameterNumber":0,"parameterNumberName":"UnknownParameter_D0_C0_0","parameterUnit":"Unknown","genProcessType":2,"genProcessTypeName":"Forecast","forecastTime":60,"surface1Type":1,"surface1TypeName":"Ground or water surface","surface1Value":0.0,"surface2Type":255,"surface2TypeName":"Missing","surface2Value":0.0,"gridDefinitionTemplate":0,"gridDefinitionTemplateName":"Latitude_Longitude","numberPoints":615,"shape":6,"shapeName":"Earth spherical with radius of 6,371,229.0 m","gridUnits":"degrees","resolution":48,"winds":"true","scanMode":64,"nx":41,"ny":15,"basicAngle":0,"lo1":47.0,"la1":41.0,"lo2":87.0,"la2":55.0,"dx":1.0,"dy":1.0}, "data":
[rows 0 to 14 of 15, columns 0 to 40 of 41]
300.04907,291.74908,298.24908,294.64908,294.74908,294.14908,302.14908,306.54907,304.74908,307.74908,305.54907,306.94907,306.34906,306.24908,306.94907,308.54907,308.64908,307.24908,310.94907,309.04907,312.84906,309.04907,307.34906,308.34906,308.64908,313.74908,305.64908,287.14908,292.64908,291.44907,290.54907,287.34906,297.74908,300.64908,306.24908,302.84906,305.54907,306.04907,306.84906,309.24908,309.44907
284.94907,298.64908,294.14908,294.34906,294.24908,292.84906,307.14908,302.74908,302.64908,302.94907,305.74908,304.74908,306.14908,305.64908,306.74908,307.74908,310.34906,310.64908,309.74908,311.54907,311.04907,308.54907,312.74908,300.24908,294.04907,292.04907,296.84906,294.54907,296.14908,278.94907,292.24908,273.54907,293.44907,265.94907,289.04907,299.34906,302.94907,304.14908,305.74908,299.84906,284.34906
298.64908,293.24908,294.24908,293.94907,292.04907,301.34906,301.74908,301.84906,302.24908,302.44907,302.44907,304.54907,305.94907,306.64908,303.94907,306.64908,308.64908,309.04907,308.14908,310.34906,315.84906,307.74908,307.44907,299.34906,304.94907,302.44907,302.64908,300.74908,302.34906,292.34906,274.34906,277.14908,293.94907,294.14908,292.74908,291.24908,284.34906,288.04907,287.64908,283.74908,275.04907
300.74908,293.04907,294.44907,293.24908,294.54907,299.34906,299.24908,300.94907,301.64908,302.24908,303.14908,302.54907,292.04907,291.44907,304.74908,307.94907,305.64908,308.14908,308.74908,309.84906,305.94907,302.94907,306.74908,305.64908,304.74908,304.34906,305.74908,301.74908,300.04907,303.44907,305.04907,302.44907,304.24908,304.34906,302.34906,295.14908,275.84906,274.04907,287.84906,296.74908,293.04907
299.54907,292.84906,293.64908,292.74908,296.44907,301.04907,300.94907,302.04907,300.44907,302.54907,303.84906,302.74908,291.14908,290.04907,288.54907,305.84906,306.24908,304.64908,305.94907,304.34906,305.94907,307.04907,307.84906,306.64908,306.24908,305.04907,302.84906,300.84906,306.24908,304.34906,303.44907,300.94907,291.44907,279.84906,295.64908,302.44907,296.94907,310.54907,297.74908,290.54907,289.24908
299.54907,300.04907,292.24908,292.84906,292.84906,292.54907,302.64908,301.94907,300.94907,301.94907,301.34906,301.24908,292.54907,290.94907,297.44907,303.14908,302.84906,305.04907,303.34906,303.94907,303.74908,302.94907,304.44907,303.24908,303.04907,302.24908,303.04907,288.94907,300.84906,301.14908,302.54907,301.04907,300.84906,297.24908,290.84906,288.24908,281.24908,284.94907,297.84906,298.44907,294.94907
300.34906,301.44907,300.44907,300.94907,299.14908,304.24908,303.94907,302.14908,301.84906,301.24908,300.44907,299.14908,299.54907,298.94907,300.24908,300.34906,302.04907,302.84906,303.74908,301.04907,300.94907,300.84906,299.84906,298.54907,297.24908,298.04907,300.44907,302.44907,300.94907,301.44907,301.34906,301.84906,299.84906,295.04907,291.24908,290.54907,288.64908,283.84906,273.64908,278.14908,284.84906
300.04907,301.84906,303.64908,301.54907,300.94907,302.04907,304.34906,303.74908,302.84906,302.14908,299.34906,299.24908,299.14908,296.64908,298.54907,298.54907,298.64908,299.94907,300.44907,299.44907,297.64908,299.04907,298.04907,297.14908,296.54907,295.24908,294.54907,296.34906,294.54907,296.04907,294.94907,295.34906,294.04907,289.44907,289.84906,293.34906,287.34906,287.74908,290.94907,290.94907,286.64908
301.04907,300.74908,300.94907,301.94907,301.24908,301.94907,303.54907,302.34906,301.94907,300.94907,299.84906,299.84906,298.54907,299.04907,297.54907,298.44907,297.44907,298.64908,296.94907,296.34906,295.14908,295.44907,295.84906,296.44907,295.54907,294.94907,292.84906,291.74908,290.64908,289.24908,289.94907,288.24908,287.94907,289.54907,289.84906,284.14908,286.74908,284.74908,271.44907,274.34906,273.54907
299.54907,299.34906,300.34906,301.54907,301.64908,302.24908,302.74908,302.44907,301.64908,301.54907,300.24908,298.84906,299.74908,298.74908,298.44907,297.84906,298.04907,298.34906,297.54907,297.34906,295.64908,295.64908,296.34906,296.54907,296.24908,293.04907,289.24908,284.24908,288.34906,284.14908,281.74908,288.34906,291.94907,290.84906,289.64908,287.04907,280.74908,282.34906,276.84906,275.14908,274.74908
298.04907,298.64908,299.74908,299.94907,300.94907,301.34906,302.14908,302.44907,302.74908,301.74908,295.04907,294.54907,291.34906,292.64908,291.24908,290.94907,298.24908,299.14908,298.64908,296.44907,296.54907,296.14908,294.44907,294.24908,292.44907,290.94907,288.74908,289.74908,283.44907,284.14908,283.94907,290.94907,291.14908,289.24908,289.74908,285.24908,276.34906,276.44907,284.84906,278.44907,276.34906
297.74908,299.24908,300.24908,301.04907,300.74908,301.14908,300.14908,301.54907,302.44907,301.64908,298.64908,296.94907,298.04907,291.34906,290.44907,293.34906,297.84906,296.64908,295.24908,295.04907,293.14908,292.54907,291.24908,288.04907,288.04907,286.34906,287.14908,285.24908,285.34906,283.24908,282.74908,288.84906,288.64908,288.24908,287.24908,287.74908,284.84906,284.14908,278.04907,279.54907,278.44907
294.94907,297.54907,298.24908,299.54907,299.14908,298.64908,299.74908,300.84906,300.44907,298.94907,295.24908,293.84906,296.54907,295.44907,296.24908,291.84906,297.34906,296.04907,296.24908,293.74908,293.64908,292.04907,290.74908,290.54907,288.74908,285.54907,284.74908,283.44907,284.34906,281.64908,281.44907,285.64908,287.64908,288.44907,285.54907,282.64908,283.14908,282.14908,281.74908,282.34906,279.04907
296.14908,296.54907,292.14908,297.94907,297.74908,298.04907,296.94907,295.74908,296.94907,296.24908,294.04907,291.84906,294.14908,295.44907,292.44907,289.94907,289.54907,289.44907,292.24908,294.74908,294.54907,293.74908,293.64908,292.84906,292.74908,285.64908,284.04907,283.34906,285.34906,280.04907,280.54907,284.34906,285.94907,286.64908,285.94907,284.14908,282.34906,282.04907,281.44907,279.04907,281.44907
293.04907,296.14908,287.34906,296.34906,296.74908,296.44907,296.24908,296.14908,297.34906,296.94907,293.84906,294.24908,290.04907,288.84906,289.74908,290.24908,289.54907,289.24908,289.84906,289.54907,295.74908,295.24908,294.84906,293.44907,289.64908,285.94907,284.84906,284.84906,280.04907,279.74908,280.34906,284.44907,287.14908,286.44907,282.64908,283.14908,283.54907,282.44907,282.24908,282.04907,279.54907
