wind_kz.json
{"header": {"discipline":0,"disciplineName":"Meteorological products","gribEdition":2,"gribLength":871,"center":7,"centerName":"US National Weather Service - NCEP(WMC)","subcenter":0,"refTime":"2024-01-31T12:00:00.000Z","significanceOfRT":1,"significanceOfRTName":"Start of forecast","productStatus":0,"productStatusName":"Operational products","productType":1,"productTypeName":"Forecast products","productDefinitionTemplate":0,"productDefinitionTemplateName":"Analysis/forecast at horizontal level/layer at a point in time","parameterCategory":0,"parameterCategoryName":"UnknownDiscipline_0_Category_0","parameterNumber":0,"parameterNumberName":"UnknownParameter_D0_C0_0","parameterUnit":"Unknown","genProcessType":2,"genProcessTypeName":"Forecast","forecastTime":300,"surface1Type":1,"surface1TypeName":"Ground or water surface","surface1Value":0.0,"surface2Type":255,"surface2TypeName":"Missing","surface2Value":0.0,"gridDefinitionTemplate":0,"gridDefinitionTemplateName":"Latitude_Longitude","numberPoints":615,"shape":6,"shapeName":"Earth spherical with radius of 6,371,229.0 m","gridUnits":"degrees","resolution":48,"winds":"true","scanMode":64,"nx":41,"ny":15,"basicAngle":0,"lo1":47.0,"la1":41.0,"lo2":87.0,"la2":55.0,"dx":1.0,"dy":1.0}, "data":
[rows 0 to 14 of 15, columns 0 to 40 of 41]
279.14832,273.34833,277.74832,280.0483,280.24832,281.64832,279.4483,279.84833,279.0483,279.4483,278.34833,279.14832,278.84833,278.74832,278.64832,277.5483,278.0483,277.0483,279.0483,279.34833,278.9483,278.24832,278.64832,276.5483,276.74832,278.9483,274.74832,261.84833,255.64832,253.54831,256.74832,257.64832,265.14832,270.4483,271.64832,270.4483,270.14832,270.24832,270.4483,271.0483,271.4483
262.84833,278.24832,279.84833,279.5483,280.0483,280.74832,281.0483,279.5483,278.34833,277.84833,278.4483,278.24832,278.5483,278.24832,278.0483,277.84833,278.0483,278.14832,276.9483,277.64832,278.14832,277.84833,277.74832,269.24832,259.64832,254.14832,264.34833,262.24832,261.0483,258.14832,264.5483,251.14832,260.9483,247.34831,255.94832,264.5483,263.0483,268.74832,270.24832,266.0483,268.4483
278.84833,278.0483,279.9483,280.24832,280.14832,279.84833,279.0483,277.84833,276.9483,276.74832,276.84833,276.74832,276.9483,276.4483,275.4483,274.4483,274.84833,272.5483,272.84833,274.14832,275.34833,275.74832,276.64832,268.34833,277.64832,276.64832,274.34833,274.4483,276.24832,269.14832,261.4483,262.0483,262.0483,261.0483,261.64832,266.24832,255.84831,252.04831,251.84831,254.44832,253.84831
277.5483,275.74832,277.84833,278.9483,279.14832,277.84833,276.9483,276.14832,276.5483,277.9483,278.0483,277.84833,281.34833,281.9483,277.0483,275.24832,275.9483,274.74832,274.24832,272.84833,274.5483,268.9483,272.84833,272.9483,272.64832,273.0483,274.34833,273.5483,274.34833,274.5483,273.24832,273.14832,272.14832,269.64832,266.24832,268.74832,258.34833,257.9483,267.14832,263.24832,263.74832
275.0483,272.34833,271.5483,271.74832,274.0483,276.84833,275.64832,276.0483,277.4483,276.9483,276.0483,275.9483,279.0483,279.0483,278.14832,272.14832,272.34833,275.14832,275.4483,274.0483,276.0483,275.9483,274.84833,273.74832,273.34833,272.24832,272.0483,272.24832,273.4483,274.84833,274.14832,273.5483,267.0483,259.74832,266.5483,264.14832,261.9483,264.24832,266.74832,262.5483,262.84833
277.0483,276.24832,272.34833,272.14832,271.64832,271.84833,276.14832,275.64832,276.5483,275.84833,272.5483,273.24832,277.84833,278.9483,270.24832,271.14832,271.5483,272.14832,270.5483,270.74832,269.34833,270.64832,269.9483,270.64832,270.64832,271.74832,271.74832,271.4483,272.5483,272.74832,273.0483,273.24832,272.9483,272.0483,272.84833,270.0483,268.74832,266.5483,268.34833,266.34833,265.9483
275.4483,275.14832,277.74832,278.9483,276.14832,277.5483,277.14832,275.84833,274.84833,273.5483,272.34833,271.14832,270.9483,269.14832,268.24832,269.34833,268.64832,269.5483,268.74832,263.0483,261.24832,264.0483,264.5483,266.5483,263.5483,263.4483,262.64832,267.0483,265.4483,265.14832,263.64832,265.64832,266.74832,266.64832,272.24832,270.9483,268.14832,265.5483,264.4483,256.9483,264.34833
276.24832,275.84833,275.0483,275.0483,275.14832,275.0483,275.24832,274.5483,272.84833,271.24832,268.9483,267.64832,264.4483,262.4483,264.64832,262.24832,261.34833,259.34833,258.24832,255.24832,256.34833,255.94832,257.0483,256.84833,256.64832,249.24832,252.04831,250.24832,248.14832,253.64832,253.84831,256.5483,257.34833,258.14832,260.14832,261.0483,263.74832,266.24832,270.34833,269.4483,267.9483
273.4483,271.24832,270.64832,270.4483,272.4483,272.64832,272.34833,271.0483,269.74832,264.14832,260.64832,256.9483,255.24832,255.94832,255.54831,256.34833,255.04831,254.54831,253.44832,252.14832,249.24832,249.54831,249.64832,250.14832,248.64832,249.84831,245.34831,244.44832,243.74832,243.44832,246.54831,253.14832,256.24832,257.64832,257.0483,253.44832,260.84833,264.74832,260.34833,260.24832,258.9483
268.34833,267.9483,266.84833,266.64832,265.5483,264.0483,262.5483,260.34833,259.34833,258.0483,253.74832,251.74832,251.54831,250.24832,249.64832,250.14832,250.04831,250.24832,249.64832,248.24832,246.44832,243.34831,243.14832,245.54831,245.84831,242.94832,245.74832,243.44832,244.74832,245.34831,254.84831,257.9483,259.84833,260.0483,253.74832,249.44832,252.94832,253.94832,261.14832,258.64832,258.74832
263.74832,263.5483,262.5483,259.5483,258.14832,256.84833,256.34833,255.24832,253.74832,252.94832,250.14832,245.24832,247.34831,247.74832,247.84831,247.64832,247.94832,248.04831,248.34831,246.64832,244.94832,244.64832,245.24832,243.34831,242.04831,240.94832,241.64832,244.74832,250.84831,255.04831,255.14832,256.9483,257.64832,258.24832,254.94832,249.64832,248.34831,251.64832,253.54831,258.84833,258.14832
259.5483,257.24832,255.84831,253.64832,251.74832,250.44832,251.64832,252.44832,246.14832,250.14832,253.04831,251.34831,248.44832,248.34831,248.54831,247.94832,247.44832,247.44832,246.24832,245.24832,245.64832,244.24832,243.74832,243.04831,244.64832,246.34831,244.04831,249.14832,248.64832,248.74832,249.54831,251.84831,255.24832,251.44832,250.74832,253.04831,256.24832,257.74832,256.9483,258.74832,261.14832
255.84831,248.44832,249.04831,248.44832,248.44832,250.94832,247.04831,246.24832,245.24832,245.74832,245.44832,248.24832,249.64832,248.74832,250.54831,250.34831,249.04831,248.74832,247.54831,246.34831,244.24832,243.54831,244.94832,243.84831,248.44832,247.94832,249.14832,246.44832,247.04831,247.34831,247.54831,246.94832,248.24832,248.14832,250.64832,249.04831,249.34831,254.84831,254.64832,255.94832,257.64832
249.34831,245.24832,247.14832,246.64832,245.44832,244.94832,244.64832,245.54831,243.24832,245.14832,248.14832,246.14832,249.54831,252.14832,253.04831,251.34831,249.94832,248.84831,247.44832,246.54831,247.04831,246.34831,245.24832,245.24832,244.94832,244.54831,245.34831,247.34831,247.74832,248.24832,247.94832,248.14832,246.54831,246.94832,248.74832,249.04831,248.74832,250.74832,249.84831,253.64832,257.14832
251.54831,246.24832,247.54831,249.44832,246.74832,243.34831,243.14832,244.14832,244.44832,246.94832,249.84831,240.54831,246.64832,250.34831,251.04831,249.94832,248.64832,248.74832,248.84831,247.44832,246.14832,246.44832,245.04831,245.04831,245.54831,245.84831,246.14832,246.74832,248.14832,248.54831,248.54831,248.14832,247.54831,247.74832,248.44832,250.84831,248.84831,250.94832,255.14832,257.24832,258.0483
