wind_kz.json
{"header": {"discipline":0,"disciplineName":"Meteorological products","gribEdition":2,"gribLength":871,"center":7,"centerName":"US National Weather Service - NCEP(WMC)","subcenter":0,"refTime":"2023-09-26T06:00:00.000Z","significanceOfRT":1,"significanceOfRTName":"Start of forecast","productStatus":0,"productStatusName":"Operational products","productType":1,"productTypeName":"Forecast products","productDefinitionTemplate":0,"productDefinitionTemplateName":"Analysis/forecast at horizontal level/layer at a point in time","parameterCategory":0,"parameterCategoryName":"UnknownDiscipline_0_Category_0","parameterNumber":0,"parameterNumberName":"UnknownParameter_D0_C0_0","parameterUnit":"Unknown","genProcessType":2,"genProcessTypeName":"Forecast","forecastTime":300,"surface1Type":1,"surface1TypeName":"Ground or water surface","surface1Value":0.0,"surface2Type":255,"surface2TypeName":"Missing","surface2Value":0.0,"gridDefinitionTemplate":0,"gridDefinitionTemplateName":"Latitude_Longitude","numberPoints":615,"shape":6,"shapeName":"Earth spherical with radius of 6,371,229.0 m","gridUnits":"degrees","resolution":48,"winds":"true","scanMode":64,"nx":41,"ny":15,"basicAngle":0,"lo1":47.0,"la1":41.0,"lo2":87.0,"la2":55.0,"dx":1.0,"dy":1.0}, "data":
[rows 0 to 14 of 15, columns 0 to 40 of 41]
290.27228,282.77228,287.87225,292.47226,292.57227,291.77228,292.97226,293.27228,290.47226,288.97226,287.67227,288.57227,288.37225,288.47226,288.57227,285.97226,285.77228,287.57227,287.37225,286.27228,286.97226,284.87225,283.17227,281.37225,284.27228,285.87225,282.87225,269.07227,260.97226,261.67227,263.07227,269.27228,281.77228,289.17227,290.57227,290.77228,289.37225,288.87225,289.77228,289.07227,288.47226
268.27228,287.57227,291.67227,292.07227,292.17227,290.97226,292.17227,290.87225,288.57227,287.67227,288.67227,287.57227,287.47226,286.57227,286.37225,286.67227,284.97226,285.87225,285.77228,284.47226,287.27228,286.77228,282.47226,278.67227,270.57227,265.07227,277.17227,268.77228,271.67227,264.97226,271.97226,264.87225,273.57227,262.77228,272.07227,286.77228,285.77228,288.17227,290.97226,282.77228,283.57227
288.97226,291.47226,292.17227,291.67227,290.17227,290.47226,291.17227,288.97226,287.07227,286.07227,286.17227,286.77228,286.27228,286.77228,287.57227,284.47226,283.87225,283.77228,283.07227,283.17227,287.87225,287.97226,286.97226,281.47226,282.17227,281.77228,282.77228,281.87225,281.37225,272.17227,261.57227,265.37225,274.77228,275.37225,277.87225,277.67227,271.47226,274.67227,276.07227,272.57227,271.17227
287.57227,290.67227,291.57227,290.97226,290.37225,291.17227,290.67227,288.47226,286.87225,285.87225,285.87225,285.47226,289.67227,289.07227,286.87225,285.77228,286.77228,284.07227,284.47226,284.27228,287.17227,280.97226,284.87225,285.97226,286.47226,285.97226,286.17227,284.07227,282.47226,283.07227,285.07227,282.07227,286.37225,285.07227,284.17227,280.57227,273.37225,268.37225,276.37225,283.47226,287.77228
290.67227,289.97226,290.87225,290.07227,290.27228,291.17227,290.97226,288.97226,287.37225,286.47226,285.67227,284.47226,288.37225,287.37225,286.07227,286.47226,286.37225,285.87225,284.37225,286.37225,286.37225,285.87225,284.57227,284.97226,284.77228,285.07227,282.87225,284.17227,284.37225,284.37225,286.57227,282.67227,270.67227,267.57227,279.17227,285.67227,287.67227,289.97226,289.47226,290.87225,289.67227
289.97226,286.87225,288.97226,289.87225,289.97226,289.67227,289.17227,289.97226,287.47226,286.47226,286.07227,285.67227,287.67227,288.17227,286.97226,285.77228,287.17227,285.67227,286.17227,286.17227,285.37225,284.87225,284.57227,284.37225,283.27228,281.87225,282.47226,285.77228,285.57227,286.17227,284.57227,285.87225,284.37225,282.37225,282.07227,283.97226,275.77228,279.77228,285.97226,288.97226,288.77228
290.07227,288.07227,289.37225,289.47226,289.17227,288.97226,289.07227,287.97226,287.87225,287.57227,285.27228,285.17227,284.97226,285.47226,285.37225,286.57227,286.37225,286.47226,285.77228,284.97226,283.97226,284.67227,284.87225,284.67227,283.27228,283.57227,281.87225,284.17227,284.07227,284.27228,283.87225,283.97226,284.17227,286.07227,285.17227,284.47226,279.07227,276.47226,276.47226,275.37225,284.07227
291.37225,290.37225,290.87225,290.47226,289.97226,289.07227,288.67227,286.87225,286.47226,285.87225,284.67227,283.97226,283.57227,284.47226,285.17227,285.97226,285.57227,286.27228,285.67227,283.37225,283.17227,282.77228,282.67227,283.17227,282.27228,279.27228,280.37225,281.97226,280.97226,281.97226,280.37225,280.77228,280.07227,278.87225,279.07227,281.37225,283.37225,285.17227,282.37225,283.67227,280.97226
289.87225,290.97226,291.27228,290.37225,290.47226,288.57227,288.27228,286.87225,285.47226,285.07227,284.07227,283.27228,282.77228,284.17227,283.87225,284.67227,284.67227,284.07227,283.87225,282.87225,281.17227,281.07227,282.27228,281.47226,280.07227,280.17227,278.47226,282.07227,277.47226,275.97226,276.97226,276.67227,277.37225,279.27228,279.37225,278.87225,278.47226,277.07227,273.37225,273.47226,271.37225
286.87225,290.57227,291.47226,291.17227,290.57227,291.17227,288.77228,287.57227,286.37225,285.07227,283.57227,282.47226,283.27228,283.27228,283.27228,283.67227,283.87225,283.67227,283.47226,282.97226,281.67227,281.57227,282.17227,282.47226,281.77228,282.27228,282.27228,284.47226,283.87225,283.47226,281.07227,280.87225,281.77228,280.37225,279.47226,279.27228,280.87225,277.87225,276.47226,276.37225,271.67227
283.57227,285.37225,288.67227,290.47226,290.57227,289.97226,290.17227,289.37225,287.67227,286.47226,284.87225,283.67227,283.27228,282.37225,282.47226,282.87225,283.07227,283.77228,283.37225,282.57227,282.57227,282.17227,281.87225,282.17227,281.27228,280.67227,279.77228,284.67227,285.27228,286.57227,286.37225,285.97226,281.67227,281.67227,280.37225,278.77228,278.67227,276.37225,278.17227,277.57227,274.87225
283.37225,285.07227,286.37225,286.17227,288.67227,289.87225,289.47226,288.97226,288.47226,287.77228,284.07227,284.17227,283.67227,282.37225,282.87225,283.27228,283.07227,282.97226,283.07227,282.77228,281.67227,281.47226,281.17227,281.07227,280.47226,280.77228,280.87225,282.07227,282.77228,284.77228,285.67227,285.47226,284.77228,280.57227,280.37225,279.97226,279.87225,282.97226,279.37225,281.27228,281.57227
279.87225,282.77228,284.07227,284.77228,284.87225,287.87225,289.57227,288.37225,287.67227,287.87225,285.57227,282.37225,284.47226,284.07227,284.47226,284.37225,283.87225,283.77228,284.17227,283.57227,282.77228,281.17227,281.77228,280.77228,281.27228,281.67227,282.37225,281.67227,283.67227,283.47226,283.57227,285.17227,284.57227,281.07227,280.57227,279.77228,279.67227,280.47226,279.57227,281.77228,281.27228
280.07227,281.27228,284.17227,283.57227,283.87225,283.97226,285.07227,285.57227,286.27228,287.57227,286.07227,282.47226,282.67227,285.27228,285.37225,285.07227,284.57227,284.17227,284.37225,285.07227,283.97226,283.97226,283.57227,283.07227,282.87225,281.97226,281.47226,281.67227,281.07227,281.37225,283.77228,283.37225,281.07227,280.07227,279.67227,278.27228,278.77228,278.57227,278.77228,278.07227,281.27228
279.57227,281.37225,284.47226,283.07227,282.97226,283.07227,283.97226,283.77228,283.87225,283.47226,283.27228,282.37225,283.27228,282.07227,283.27228,284.27228,284.67227,284.87225,284.97226,284.47226,284.37225,284.07227,283.77228,283.27228,283.37225,282.87225,282.77228,281.47226,281.57227,281.27228,283.67227,283.87225,281.57227,280.17227,279.27228,279.07227,279.17227,278.27228,278.57227,279.07227,281.37225
