wind_kz.json
{"header": {"discipline":0,"disciplineName":"Meteorological products","gribEdition":2,"gribLength":948,"center":7,"centerName":"US National Weather Service - NCEP(WMC)","subcenter":0,"refTime":"2023-09-30T00:00:00.000Z","significanceOfRT":1,"significanceOfRTName":"Start of forecast","productStatus":0,"productStatusName":"Operational products","productType":1,"productTypeName":"Forecast products","productDefinitionTemplate":0,"productDefinitionTemplateName":"Analysis/forecast at horizontal level/layer at a point in time","parameterCategory":0,"parameterCategoryName":"UnknownDiscipline_0_Category_0","parameterNumber":0,"parameterNumberName":"UnknownParameter_D0_C0_0","parameterUnit":"Unknown","genProcessType":2,"genProcessTypeName":"Forecast","forecastTime":300,"surface1Type":1,"surface1TypeName":"Ground or water surface","surface1Value":0.0,"surface2Type":255,"surface2TypeName":"Missing","surface2Value":0.0,"gridDefinitionTemplate":0,"gridDefinitionTemplateName":"Latitude_Longitude","numberPoints":615,"shape":6,"shapeName":"Earth spherical with radius of 6,371,229.0 m","gridUnits":"degrees","resolution":48,"winds":"true","scanMode":64,"nx":41,"ny":15,"basicAngle":0,"lo1":47.0,"la1":41.0,"lo2":87.0,"la2":55.0,"dx":1.0,"dy":1.0}, "data":
[rows 0 to 14 of 15, columns 0 to 40 of 41]
304.4956,292.8956,298.9956,293.8956,293.4956,292.9956,302.7956,306.8956,302.7956,303.0956,300.7956,300.9956,299.4956,298.9956,298.2956,296.9956,297.0956,297.8956,298.69562,299.3956,300.4956,297.2956,297.69562,292.19562,294.69562,296.7956,291.8956,281.19562,279.5956,272.9956,267.19562,276.3956,286.8956,291.9956,292.19562,292.0956,289.4956,291.3956,293.5956,293.19562,291.8956
283.69562,299.9956,293.2956,292.8956,292.9956,292.2956,306.2956,300.8956,299.4956,299.2956,300.69562,298.4956,299.69562,298.19562,297.5956,296.5956,296.19562,295.7956,295.2956,296.7956,297.3956,296.19562,294.9956,287.2956,271.8956,278.69562,285.8956,281.5956,280.8956,277.19562,280.9956,270.19562,278.3956,253.59561,274.8956,290.0956,287.5956,290.0956,292.4956,285.19562,283.7956
301.4956,292.5956,292.8956,292.19562,290.8956,303.9956,302.0956,300.0956,300.4956,298.8956,297.8956,298.19562,297.7956,296.9956,295.9956,295.5956,295.19562,294.0956,294.4956,294.0956,294.9956,293.9956,294.8956,289.9956,291.5956,289.7956,292.19562,292.19562,290.5956,284.0956,272.69562,275.9956,280.3956,281.8956,283.0956,281.69562,271.9956,276.69562,277.9956,271.69562,270.2956
303.9956,291.9956,292.7956,291.69562,293.4956,302.5956,300.69562,300.7956,300.8956,299.8956,298.5956,296.3956,289.19562,288.5956,293.7956,295.5956,294.5956,294.7956,295.0956,294.8956,293.4956,290.19562,291.69562,290.7956,291.7956,292.7956,293.19562,290.3956,289.7956,288.8956,289.19562,287.4956,291.9956,289.3956,291.2956,286.19562,274.19562,265.19562,276.7956,283.9956,287.8956
305.4956,291.0956,291.5956,290.69562,295.0956,301.9956,301.69562,302.4956,299.7956,298.8956,299.0956,297.69562,288.3956,287.19562,285.69562,295.3956,295.19562,293.7956,293.4956,293.3956,293.5956,292.8956,290.9956,291.0956,291.0956,291.4956,289.3956,288.0956,288.7956,287.69562,290.2956,287.69562,278.4956,270.7956,279.3956,287.5956,288.9956,289.0956,289.7956,290.4956,289.5956
302.9956,303.5956,289.3956,290.2956,290.2956,289.69562,300.4956,300.7956,299.19562,299.0956,297.9956,297.2956,288.9956,288.2956,290.4956,294.2956,294.7956,293.2956,292.7956,292.2956,291.9956,291.2956,291.19562,290.3956,290.19562,288.2956,287.8956,285.69562,289.9956,290.0956,288.2956,290.2956,290.0956,287.7956,284.0956,287.7956,280.2956,283.4956,286.8956,286.8956,287.5956
301.3956,301.9956,301.9956,302.2956,297.2956,299.19562,298.2956,297.7956,298.19562,297.9956,297.19562,295.5956,294.69562,294.69562,293.9956,293.8956,293.9956,293.8956,292.69562,291.0956,289.8956,290.19562,290.2956,290.3956,288.5956,288.3956,288.3956,289.5956,289.19562,289.5956,289.4956,288.5956,288.2956,289.2956,287.69562,286.2956,282.19562,277.3956,275.5956,274.19562,283.5956
301.19562,302.19562,302.19562,300.5956,300.19562,300.2956,299.8956,298.3956,296.8956,296.0956,295.4956,294.19562,293.5956,292.69562,294.0956,293.9956,292.69562,292.9956,292.0956,289.69562,288.9956,288.19562,288.5956,288.4956,287.7956,285.5956,285.4956,286.4956,285.69562,287.69562,286.3956,286.5956,285.9956,283.69562,283.2956,284.19562,284.9956,284.2956,283.5956,283.0956,279.2956
300.69562,300.7956,299.7956,299.5956,298.69562,299.19562,298.19562,296.9956,296.5956,295.69562,294.69562,293.3956,292.69562,293.19562,291.7956,293.19562,291.7956,291.0956,289.7956,288.3956,286.2956,285.9956,286.7956,286.3956,285.8956,286.3956,284.8956,284.19562,283.5956,282.3956,282.8956,283.69562,284.4956,284.9956,284.0956,282.3956,281.0956,280.0956,269.8956,269.8956,264.69562
299.69562,299.69562,299.5956,298.8956,298.0956,297.8956,297.69562,296.9956,295.69562,294.9956,293.0956,291.5956,292.2956,291.5956,290.69562,290.69562,290.7956,290.4956,288.8956,287.69562,285.69562,285.9956,286.8956,286.4956,286.0956,284.8956,284.4956,284.0956,283.4956,283.3956,283.0956,285.0956,285.9956,285.2956,284.0956,283.19562,280.2956,275.19562,270.7956,271.0956,268.2956
296.2956,297.5956,297.69562,297.3956,298.19562,296.9956,296.2956,296.0956,295.19562,293.8956,292.2956,291.3956,290.7956,289.8956,289.9956,289.8956,289.4956,289.3956,288.19562,286.4956,285.3956,285.5956,285.7956,285.8956,285.0956,284.69562,283.0956,284.5956,284.4956,284.8956,284.0956,284.0956,282.2956,284.0956,283.9956,281.5956,277.7956,274.69562,275.0956,274.4956,270.7956
292.9956,294.3956,295.7956,296.2956,295.2956,294.4956,294.5956,294.19562,294.2956,293.3956,289.5956,288.7956,289.19562,288.0956,288.9956,289.19562,288.8956,288.2956,287.9956,286.19562,284.5956,283.4956,283.7956,284.2956,284.4956,285.2956,284.8956,285.5956,285.0956,284.4956,283.3956,282.9956,283.7956,281.5956,283.0956,282.7956,282.19562,280.4956,278.7956,279.5956,278.0956
287.9956,289.5956,290.8956,290.2956,293.9956,294.0956,293.7956,292.9956,291.5956,291.9956,287.3956,286.5956,288.3956,286.5956,287.4956,288.4956,289.2956,287.8956,287.4956,285.9956,286.0956,284.19562,284.19562,283.9956,284.7956,285.4956,286.19562,284.9956,283.9956,283.2956,283.3956,283.2956,282.8956,282.3956,282.19562,281.7956,280.7956,281.5956,279.0956,279.8956,279.4956
283.7956,285.3956,284.9956,287.7956,287.8956,288.5956,288.19562,287.8956,289.69562,288.69562,285.3956,281.9956,284.8956,287.3956,287.9956,288.4956,287.8956,287.7956,287.7956,287.2956,286.4956,285.9956,286.0956,286.2956,285.9956,286.19562,284.7956,283.7956,282.2956,282.9956,282.3956,281.8956,280.9956,279.7956,279.3956,278.19562,278.4956,277.5956,276.9956,274.9956,277.3956
282.0956,283.9956,283.9956,284.0956,284.69562,285.69562,285.9956,286.7956,287.19562,286.9956,285.7956,284.8956,283.2956,284.7956,285.9956,285.9956,285.7956,286.2956,287.5956,286.69562,285.9956,284.9956,284.19562,284.0956,283.2956,283.69562,283.69562,283.5956,283.3956,282.2956,281.8956,281.69562,279.4956,278.2956,277.69562,276.7956,276.4956,274.7956,278.5956,278.2956,274.69562
