wind_kz.json
{"header": {"discipline":0,"disciplineName":"Meteorological products","gribEdition":2,"gribLength":1025,"center":7,"centerName":"US National Weather Service - NCEP(WMC)","subcenter":0,"refTime":"2023-09-19T06:00:00.000Z","significanceOfRT":1,"significanceOfRTName":"Start of forecast","productStatus":0,"productStatusName":"Operational products","productType":1,"productTypeName":"Forecast products","productDefinitionTemplate":0,"productDefinitionTemplateName":"Analysis/forecast at horizontal level/layer at a point in time","parameterCategory":2,"parameterCategoryName":"UnknownDiscipline_0_Category_2","parameterNumber":2,"parameterNumberName":"UnknownParameter_D0_C2_2","parameterUnit":"Unknown","genProcessType":2,"genProcessTypeName":"Forecast","forecastTime":300,"surface1Type":103,"surface1TypeName":"Specified height level above ground","surface1Value":10.0,"surface2Type":255,"surface2TypeName":"Missing","surface2Value":0.0,"gridDefinitionTemplate":0,"gridDefinitionTemplateName":"Latitude_Longitude","numberPoints":615,"shape":6,"shapeName":"Earth spherical with radius of 6,371,229.0 m","gridUnits":"degrees","resolution":48,"winds":"true","scanMode":64,"nx":41,"ny":15,"basicAngle":0,"lo1":47.0,"la1":41.0,"lo2":87.0,"la2":55.0,"dx":1.0,"dy":1.0}, "data":
[rows 0 to 14 of 15, columns 0 to 40 of 41]
-3.2990136,-0.50901365,1.4809864,-2.4590137,-3.4690137,-4.329014,-5.9490137,-4.7390137,-4.9690137,-4.1590137,-3.7590137,-5.499014,-4.389014,-3.4190137,-1.7490137,-0.43901366,0.46098632,1.6609863,-1.1390136,-1.2990136,-2.7990136,0.020986328,-0.9190137,-1.6390136,-0.48901367,-2.5590136,-2.5990136,0.44098634,-0.62901366,0.57098633,0.04098633,1.6509863,-1.0590137,2.6509864,-2.1790137,-2.8190136,-3.6590137,-4.539014,-4.869014,-3.6590137,-4.829014
1.0209863,0.61098635,-4.9890137,-5.1890135,-3.5290136,-4.4190135,-4.4890137,-4.999014,-5.1690135,-6.5290136,-5.3990135,-4.6290135,-2.7690136,-1.0890137,-1.0690137,-1.1290137,0.20098633,-3.0490136,0.20098633,-3.1390138,-3.6990137,-1.5490136,0.04098633,-2.7190137,0.21098633,0.9009863,-0.57901365,0.92098635,-2.4090137,-0.5390137,0.28098634,-0.039013673,-0.87901366,-0.9890137,-0.88901365,9.863281E-4,-1.4390137,0.09098633,0.56098634,0.19098634,-4.4090137
-1.9690137,-5.369014,-6.1290135,-4.4490137,-4.4890137,-5.0090137,-4.1290135,-3.3490136,-6.2090135,-5.9490137,-4.369014,-3.2890136,-1.7690136,-1.4990137,-1.0790137,-1.9190136,-2.7290137,-2.8690138,-2.8690138,-3.4890137,-4.7190137,-7.2290134,-4.9490137,-3.8290136,0.18098633,-1.9590137,-1.3490137,-1.5690137,-2.7590137,-0.23901367,-0.22901367,1.7109864,0.47098634,-0.26901367,-1.3890136,-1.1790137,-0.32901368,0.68098634,0.38098633,1.6909863,2.0809863
-4.9190135,-6.579014,-5.039014,-4.349014,-1.0290136,-3.0190136,-3.0390136,-3.8590136,-5.269014,-5.269014,-3.9390137,-3.0090137,-2.9790137,-2.1490138,-2.3590136,-2.3790138,-2.6790137,-2.8390136,-3.5790136,-3.6390138,-6.0890136,-2.9890137,-3.6490138,-5.2290134,-5.4590135,-5.4690137,-4.1890135,-8.859014,-2.8590136,-0.74901366,1.4709864,-2.0290136,1.1009864,-1.1990137,-2.1590137,-2.0190136,-1.9390137,2.1909864,0.92098635,-1.5190136,-3.0690136
-4.829014,-5.889014,-4.4190135,-3.2590137,-4.1090136,-4.0890136,-5.249014,-3.8490136,-4.6690135,-4.059014,-3.5690136,-2.9590137,-3.1190138,-3.4290137,-3.3690138,-2.8890138,-2.7690136,-2.5590136,-3.4390137,-5.019014,-6.079014,-6.6990137,-6.269014,-5.2990136,-5.6090136,-5.7190137,-7.059014,-5.369014,-3.6990137,-2.7290137,-2.6590137,-1.2290137,-1.5890137,0.7909863,-0.69901365,0.23098633,-5.289014,-5.0090137,-5.2590137,-5.7090135,-5.8590136
-3.7290137,-3.5790136,-4.119014,-3.7690136,-4.7990136,-6.0890136,-4.809014,-4.4690137,-3.6390138,-2.7590137,-1.6290137,-1.5990137,-1.2090137,-3.2290137,-3.2190137,-2.3590136,-2.3790138,-2.8390136,-3.4390137,-3.5190136,-4.349014,-4.249014,-4.2990136,-4.519014,-4.4190135,-4.6990137,-3.5390136,-5.4690137,-2.8790138,-3.0390136,-3.0990136,-2.8590136,-2.1590137,-2.5890136,-1.8590137,-1.4390137,-0.059013672,-3.4790137,-3.0290136,-3.7990136,-5.369014
-2.2990136,-1.9290137,-2.3390136,-2.6990137,-3.3990138,-4.269014,-3.9290137,-3.1590137,-2.6190138,-2.3490136,-1.8290137,-1.8190137,-1.9990137,-2.0290136,-1.8190137,-2.0390136,-1.6990137,-2.1090136,-3.5890136,-3.6190138,-2.9390137,-3.2990136,-3.4090137,-3.1390138,-2.9890137,-2.6290138,-2.1790137,-2.9490137,-2.7990136,-3.2690136,-3.4490137,-3.1190138,-0.7790137,-1.7790136,-2.6990137,-1.8290137,-1.2890136,1.8809863,-2.5390136,2.3509862,0.47098634
-3.1090136,-3.1790137,-2.4490137,-1.4790137,-1.1890137,-1.8390137,-0.41901368,-0.33901367,-0.18901367,0.98098636,0.99098635,0.93098634,1.8309864,0.93098634,1.1609863,-0.17901367,0.55098635,-1.0590137,-2.4190137,-2.3990138,-1.7690136,-2.0790136,-1.8790137,-2.2190137,-1.8590137,0.10098633,0.19098634,-0.5390137,-0.48901367,-1.5390136,-2.4190137,-2.5590136,-1.8390137,-1.4190136,-2.9190137,-1.3090137,-1.1790137,0.42098632,-0.23901367,0.75098634,0.17098632
-2.8490136,-2.0390136,-1.8890136,-1.8790137,-0.88901365,0.38098633,0.62098634,1.6909863,1.5809864,2.9609864,3.2009864,3.3009863,4.2809863,3.1209862,3.1409864,3.0009863,3.0509863,2.5209863,2.2609863,1.8609864,1.0009863,1.9509864,1.8809863,1.3909863,1.2409863,0.74098635,0.8909863,1.5409863,1.4609864,0.9109863,1.2209864,0.26098633,0.31098634,-1.1790137,-0.7290137,-1.0590137,-0.059013672,-1.8890136,-1.3890136,0.42098632,-2.5390136
1.1009864,1.4209863,1.2309864,1.0109863,1.7609863,2.2709863,2.7809863,2.5309863,3.2709863,3.5109863,4.000986,3.7609863,3.8009863,4.360986,3.7609863,4.1609864,3.7809863,3.5909863,2.9209864,2.4009864,3.0809863,3.5309863,3.2309864,2.9109864,2.4809864,2.3209863,2.3909864,2.5109863,2.3309863,2.5409863,0.86098635,0.55098635,-0.3490137,-0.7790137,-0.87901366,-1.0790137,-1.7890136,-0.39901367,-1.0690137,0.07098633,-1.4190136
1.7509863,1.3209863,0.7909863,2.7309864,3.2209864,2.8609862,3.8409863,3.9109864,3.7909863,4.7909865,5.2809863,5.880986,5.9309864,5.460986,5.0109863,4.4309864,4.7909865,5.7909865,4.500986,5.5309863,6.460986,4.230986,4.5909863,3.9409864,3.2309864,3.2009864,4.4509864,4.1609864,3.8509862,2.1909864,1.7509863,-0.31901368,-0.6490137,-0.08901367,0.12098633,-1.4590137,-1.1990137,0.6409863,-1.1490136,0.87098634,-1.6590136
0.67098635,1.6609863,2.3109863,3.0409863,2.3009863,1.6009864,1.5409863,1.8309864,2.2409863,1.8809863,1.6609863,3.1109862,3.5309863,3.9009864,4.2409863,4.1609864,4.940986,5.400986,4.4309864,5.0409865,5.3709865,5.7809863,5.6609864,4.6609864,4.5309863,5.4909863,5.2009864,6.3109865,5.5809865,3.7609863,1.4409863,1.0509863,0.82098633,0.04098633,0.63098633,0.7809863,0.25098634,-0.16901368,0.10098633,-0.67901367,-0.7790137
2.0309863,2.2209864,2.5809863,2.3609862,2.8009863,1.9609864,2.4409864,2.7409863,3.6909864,1.9109863,1.1509863,3.1809864,3.4009864,4.5209866,4.3409863,4.2009864,4.500986,4.920986,4.110986,4.420986,4.0509863,4.5309863,4.8409863,4.190986,6.4709864,6.4309864,6.6409864,5.3009863,4.6609864,4.7209864,3.0009863,3.2909863,2.1609864,1.7009864,2.0809863,1.5309863,0.88098633,-0.39901367,-0.6690137,-1.0790137,-1.2390137
1.7409863,0.75098634,1.7109864,0.9509863,1.8109863,2.4609864,2.6609864,3.3609862,3.1209862,4.210986,1.6109864,4.0109863,4.2409863,5.1809864,5.7009864,4.9709864,5.0809865,4.9709864,4.0809865,4.980986,4.880986,5.0609865,5.5809865,5.2209864,5.2809863,4.650986,3.7409863,4.0809865,3.5909863,3.6109862,3.8209863,3.3509862,3.3209863,2.7009864,2.2609863,2.5709863,1.0609863,0.50098634,-0.9890137,0.020986328,-1.0690137
0.21098633,0.75098634,2.1709864,2.1609864,3.0509863,3.4009864,4.360986,4.5409865,5.190986,3.8709862,2.5309863,4.2409863,4.4709864,5.5109863,4.000986,5.2609863,6.2209864,6.7609863,6.250986,6.7909865,6.3209863,5.9909863,5.3209863,5.2609863,5.2809863,4.9309864,4.6409864,3.8809862,3.5909863,3.3709862,4.2209864,4.980986,3.4909863,3.2109864,3.8909864,3.7009864,1.9909863,2.5109863,1.4609864,0.38098633,-1.1390136
