wind_kz.json
{"header": {"discipline":0,"disciplineName":"Meteorological products","gribEdition":2,"gribLength":1025,"center":7,"centerName":"US National Weather Service - NCEP(WMC)","subcenter":0,"refTime":"2024-02-03T12:00:00.000Z","significanceOfRT":1,"significanceOfRTName":"Start of forecast","productStatus":0,"productStatusName":"Operational products","productType":1,"productTypeName":"Forecast products","productDefinitionTemplate":0,"productDefinitionTemplateName":"Analysis/forecast at horizontal level/layer at a point in time","parameterCategory":2,"parameterCategoryName":"UnknownDiscipline_0_Category_2","parameterNumber":2,"parameterNumberName":"UnknownParameter_D0_C2_2","parameterUnit":"Unknown","genProcessType":2,"genProcessTypeName":"Forecast","forecastTime":60,"surface1Type":103,"surface1TypeName":"Specified height level above ground","surface1Value":10.0,"surface2Type":255,"surface2TypeName":"Missing","surface2Value":0.0,"gridDefinitionTemplate":0,"gridDefinitionTemplateName":"Latitude_Longitude","numberPoints":615,"shape":6,"shapeName":"Earth spherical with radius of 6,371,229.0 m","gridUnits":"degrees","resolution":48,"winds":"true","scanMode":64,"nx":41,"ny":15,"basicAngle":0,"lo1":47.0,"la1":41.0,"lo2":87.0,"la2":55.0,"dx":1.0,"dy":1.0}, "data":
[rows 0 to 14 of 15, columns 0 to 40 of 41]
2.575808,-1.0841919,3.6458082,-0.9841919,5.935808,11.915808,5.5658083,2.605808,-0.8941919,0.015808105,0.4458081,-1.2341919,-1.7341919,-1.5341918,-1.6141919,-1.3441919,-2.6041918,-1.7541919,-2.1041918,-2.7541919,-5.314192,-3.984192,-1.8741919,-2.5141919,-0.3241919,-1.4741919,-3.114192,-3.2641919,1.0258081,0.11580811,-1.7541919,1.8758081,-0.0741919,0.5058081,0.5658081,0.07580811,-1.1941919,-1.8341919,-1.6941919,-0.9741919,-0.6441919
5.175808,2.765808,-2.654192,0.2658081,1.565808,1.2758081,2.1758082,2.135808,0.92580813,0.11580811,-0.9041919,-0.9241919,-1.0841919,-1.8241919,0.2958081,-0.9641919,-2.0341918,-2.724192,-3.184192,-1.6041919,-2.964192,-1.9541919,-2.1041918,-4.094192,-0.8841919,1.3858081,-1.2441919,0.3558081,-2.614192,-1.9741919,0.085808106,-1.1641918,2.565808,-2.8241918,0.085808106,0.5158081,0.25580812,0.98580813,-0.2541919,2.045808,-1.424192
2.4058082,-2.894192,-0.82419187,-1.1541919,1.2058082,-2.224192,-1.8441919,0.045808107,-1.7041919,-2.0441918,-0.7241919,-0.7041919,-0.2041919,0.2758081,-0.6141919,-1.1141919,0.13580811,-1.4841919,-1.7441919,-2.744192,-4.584192,-4.174192,-3.0741918,-2.224192,-0.2641919,-0.6341919,-0.6441919,-1.2341919,-2.374192,-0.4741919,-1.7141919,3.095808,-0.10419189,-0.22419189,0.8058081,-0.7841919,-0.82419187,0.3858081,0.3958081,0.055808105,2.1858082
0.9758081,-0.10419189,-0.46419188,-2.5441918,-5.2041917,-4.614192,-3.164192,-1.0341918,-0.6041919,-0.6541919,-1.054192,0.1858081,0.6858081,0.8458081,-0.8441919,-0.6241919,0.11580811,-1.6941919,-2.154192,-4.014192,-3.8341918,-1.8141919,-1.3541919,-2.744192,-2.704192,-2.154192,-2.5441918,-2.364192,-0.8041919,-1.1241919,-2.144192,-4.094192,-3.3141918,-0.8741919,-1.4641919,-1.9041919,-2.0541918,1.7558081,0.5258081,0.5658081,1.3858081
5.0258083,2.7458081,0.4358081,0.6258081,-3.5941918,-5.484192,-0.7741919,-2.224192,-1.6541919,-1.0841919,-1.8741919,-0.2441919,-0.084191896,-0.4841919,-0.9841919,-1.0841919,-0.8641919,-1.9741919,-2.5641918,-3.154192,-4.244192,-4.264192,-4.544192,-4.294192,-4.464192,-3.884192,-5.284192,-1.9041919,-3.984192,-2.8241918,-1.6541919,-1.2241919,-2.944192,0.5558081,1.945808,-0.5041919,-0.46419188,-0.9741919,0.3658081,0.7758081,0.3358081
7.425808,1.565808,-0.8041919,-1.174192,0.9758081,-4.604192,-2.684192,-2.5541918,-3.0441918,-3.194192,-2.124192,-2.5941918,-1.7241919,-2.0841918,-2.0441918,-1.6141919,-1.7841918,-2.484192,-3.2941918,-3.624192,-3.6041918,-3.2641919,-3.934192,-4.564192,-4.844192,-6.534192,-3.874192,-3.3041918,-4.004192,-3.7841918,-3.2741919,-2.864192,-2.5341918,-1.5841919,-0.4241919,-6.524192,-0.40419188,-4.1841917,1.9258081,-0.7041919,-2.374192
7.705808,7.535808,3.4758081,-0.3941919,-1.3741919,-1.2841918,-1.9841919,-3.964192,-2.924192,-3.0141919,-3.244192,-3.204192,-2.364192,-1.5741919,-1.684192,-1.5841919,-2.5441918,-2.674192,-4.024192,-3.7541919,-2.984192,-2.964192,-3.184192,-3.7841918,-5.074192,-5.654192,-2.2741919,-3.3241918,-3.0241919,-3.3241918,-3.2941918,-3.234192,-0.5241919,-1.8941919,-2.0141919,-1.5441918,-0.8341919,3.265808,-3.654192,1.825808,0.8858081
6.245808,7.915808,6.515808,3.4758081,-0.084191896,0.5658081,-2.714192,-1.4841919,-2.364192,-3.364192,-1.7241919,-1.2641919,-1.174192,-0.8841919,-0.8841919,-1.804192,-2.0141919,-3.0741918,-2.7941918,-3.224192,-1.9741919,-2.8441918,-2.144192,-2.434192,-2.914192,-1.4641919,-1.4541919,-1.7341919,-1.684192,-1.4441919,-2.5041919,0.10580811,-1.3441919,-0.1841919,-2.634192,1.3458081,1.6258081,1.5258081,-3.5641918,-6.084192,-3.0841918
-0.5941919,-1.5241919,-2.994192,-4.794192,-3.5741918,-3.374192,-2.8441918,-2.5741918,-0.6941919,-0.3241919,-1.6241919,0.25580812,0.8358081,0.3358081,-2.724192,-1.2241919,-0.9141919,-1.1241919,-0.6341919,-0.7741919,-2.2841918,-0.6641919,-1.0741919,-1.7741919,-0.6141919,-2.2941918,-2.0641918,-1.3441919,-0.2541919,-1.4841919,0.07580811,0.7558081,2.1458082,-1.3941919,-2.2741919,-2.404192,0.4158081,-1.9541919,-1.7241919,0.73580813,-2.634192
-3.0241919,-4.584192,-4.6441917,-4.324192,-3.744192,-3.364192,-3.2941918,-1.0941919,0.8858081,1.6458081,2.565808,4.485808,4.455808,1.6058081,-0.51419187,-1.6141919,0.5558081,1.1558081,0.9558081,-0.0741919,1.5558081,0.4858081,-0.3141919,-0.2341919,-0.7741919,-0.6741919,-0.14419189,-1.2641919,-0.3541919,0.67580813,0.1858081,1.0458081,-0.17419189,-1.9841919,-1.6241919,-1.1641918,-2.8141918,-0.19419189,-2.5741918,-0.3641919,-1.9441919
0.1458081,-2.3141918,-2.7741919,-3.214192,-3.0241919,-1.5441918,-1.1041919,-1.054192,0.5858081,2.305808,4.445808,4.0658083,3.795808,4.3558083,2.7058082,1.565808,1.9958081,1.7958081,1.565808,1.3358082,2.385808,-0.7041919,-0.9741919,-0.024191894,0.9358081,0.28580812,1.3058081,1.3658081,0.6058081,0.8358081,0.9458081,-1.8841919,-3.134192,-1.5441918,-1.2441919,-1.6341919,-1.8241919,0.3358081,-1.5641919,1.2058082,-1.9141918
0.4858081,0.5658081,-0.9641919,-2.3041918,-1.7341919,-1.304192,-1.4641919,0.035808105,1.825808,3.035808,4.255808,5.1058083,3.6858082,3.835808,2.855808,2.635808,2.045808,1.2858081,1.8458081,2.525808,1.5258081,0.9158081,-0.14419189,0.6658081,2.105808,2.265808,2.6858082,1.2358081,1.6558081,-0.044191893,-0.7141919,-1.1541919,-1.0441918,-2.2641919,0.11580811,0.73580813,-0.8141919,-0.8341919,-0.2341919,-0.6641919,-0.7041919
2.355808,0.9658081,-0.2141919,-1.1641918,-1.4441919,-1.054192,-1.0341918,-1.424192,-1.2241919,-0.7541919,-0.5441919,0.0658081,1.445808,1.1058081,0.0058081057,0.025808105,0.5358081,0.7658081,1.7858081,2.135808,1.7558081,1.1158081,1.695808,1.2358081,3.385808,2.9858081,1.4258081,-0.0741919,0.5158081,1.1758081,0.7758081,0.8958081,0.1458081,-0.2041919,-0.2041919,0.5158081,0.4458081,-0.8641919,-1.424192,-0.9741919,-1.4041919
2.525808,-0.2441919,-1.2041919,-1.924192,-1.804192,-2.2941918,-0.5641919,-0.7041919,-1.1941919,-1.0641919,-1.1641918,-1.5341918,-0.8941919,-2.0141919,-1.6241919,-0.6041919,-0.044191893,0.5958081,0.7558081,1.3658081,1.5458081,2.085808,2.4658082,2.545808,1.5558081,1.325808,0.0058081057,0.92580813,0.8858081,1.7258081,1.1258081,0.67580813,0.7058081,1.195808,0.7558081,0.2258081,-0.6241919,-1.0441918,-1.5341918,0.4258081,-0.40419188
0.2058081,-1.7641919,-1.2141919,-1.8541919,-2.144192,-1.3141919,-1.5041919,-1.9041919,-1.4641919,-1.8641919,-1.6641918,-1.3941919,-1.0641919,0.4458081,-0.0041918945,-0.094191894,0.045808107,0.9058081,0.8258081,1.6658081,1.0458081,1.565808,1.6558081,1.5458081,1.5458081,1.5958081,0.8858081,1.195808,1.0358081,1.3358082,1.315808,1.075808,1.1558081,1.0358081,1.1258081,1.4158081,-0.43419188,1.2058082,0.24580811,-0.2441919,-1.5741919
