wind_kz.json
{"header": {"discipline":0,"disciplineName":"Meteorological products","gribEdition":2,"gribLength":1025,"center":7,"centerName":"US National Weather Service - NCEP(WMC)","subcenter":0,"refTime":"2023-09-09T12:00:00.000Z","significanceOfRT":1,"significanceOfRTName":"Start of forecast","productStatus":0,"productStatusName":"Operational products","productType":1,"productTypeName":"Forecast products","productDefinitionTemplate":0,"productDefinitionTemplateName":"Analysis/forecast at horizontal level/layer at a point in time","parameterCategory":2,"parameterCategoryName":"UnknownDiscipline_0_Category_2","parameterNumber":3,"parameterNumberName":"UnknownParameter_D0_C2_3","parameterUnit":"Unknown","genProcessType":2,"genProcessTypeName":"Forecast","forecastTime":120,"surface1Type":103,"surface1TypeName":"Specified height level above ground","surface1Value":10.0,"surface2Type":255,"surface2TypeName":"Missing","surface2Value":0.0,"gridDefinitionTemplate":0,"gridDefinitionTemplateName":"Latitude_Longitude","numberPoints":615,"shape":6,"shapeName":"Earth spherical with radius of 6,371,229.0 m","gridUnits":"degrees","resolution":48,"winds":"true","scanMode":64,"nx":41,"ny":15,"basicAngle":0,"lo1":47.0,"la1":41.0,"lo2":87.0,"la2":55.0,"dx":1.0,"dy":1.0}, "data":
[rows 0 to 14 of 15, columns 0 to 40 of 41]
-0.5238403,0.65615964,1.4661597,2.3861597,-1.1538403,-4.7938404,-1.5838404,-3.2638404,-3.4238403,-5.6438403,-6.99384,-5.57384,-3.3038404,-1.6438403,-3.0438404,-3.1838403,-4.8538404,-6.11384,-7.1338406,-6.5838404,-6.47384,-5.97384,-5.57384,2.3261597,6.3561597,3.1861596,1.2461597,2.3661597,-3.8138404,-3.4438403,-2.9138403,2.0761597,-1.2738403,-1.1238403,-2.6838403,-1.5938404,0.18615967,-0.8938403,-0.24384034,0.57615966,2.8261597
-1.0638404,0.036159668,4.02616,3.4761596,1.0061597,-3.5738404,-2.2738404,-3.1838403,-3.4038403,-3.8538404,-4.6338406,-5.4338403,-3.8538404,-3.4838402,-3.6338403,-4.5238404,-5.3138404,-6.2538404,-6.82384,-6.9838405,-6.6238403,-6.24384,-3.9338403,-1.7138404,3.0861597,4.3761597,2.4361596,1.5761597,0.13615967,-0.84384036,-0.8938403,-2.1538403,-1.5738404,-2.1038404,2.5261598,2.6061597,2.5861597,2.0961597,1.9161596,1.3761597,-0.34384033
-1.0338403,-0.62384033,1.9961597,2.7161596,2.2761598,0.52615964,-0.54384035,-2.0838404,-3.6038404,-4.2738404,-3.9038403,-4.4338403,-3.9538403,-5.0238404,-2.9938402,-3.9938402,-5.4638405,-5.76384,-5.7338405,-6.1938405,-6.8838406,-5.36384,-1.8338404,-0.7038403,-2.8038404,-2.8238404,-3.6138403,-4.0438404,-2.5638404,-1.0238403,-2.6738403,-1.0138403,-2.7138402,-3.4538403,-0.72384036,-1.2838403,-1.9438404,-4.59384,-2.2238402,0.24615967,0.36615968
-2.7338402,-4.0638404,-3.1238403,-1.8338404,0.58615965,-3.7438402,-2.9438403,0.49615967,-2.8238404,-1.3838403,-2.5738404,-2.4938402,-0.8138403,-3.5538404,-4.9638405,-3.9538403,-2.8538404,-3.6038404,-4.59384,-4.0638404,-5.86384,-6.3138404,-4.0638404,-1.3038403,-4.1438403,-4.36384,-4.4638405,-3.7838404,-3.5038404,-4.01384,-5.9338403,-1.0138403,1.9461597,1.5961597,0.30615968,0.45615968,2.8861597,3.2561598,-1.7538403,-2.0038404,-3.5938404
1.0261596,4.27616,1.3161597,-0.25384033,-2.4538403,-2.2138402,-2.2038403,-0.6538403,-1.1538403,-1.7838403,-2.0738404,-1.5238403,1.8861597,0.07615967,-2.4938402,-1.0438403,-2.2138402,-2.6838403,-3.9438403,-4.8138404,-4.6438403,-7.8938403,-4.9838405,-1.3238404,-3.0938404,-4.2938404,-4.7038403,-8.883841,-3.9538403,-5.1638403,-6.59384,-6.1938405,-0.87384033,1.0761597,-0.5638403,3.6561596,-2.3338404,1.4761597,-1.8538404,-2.6538403,-2.3838403
-1.9038403,-2.6738403,-2.1138403,1.3661597,-0.23384033,-0.13384034,1.0561596,-0.38384032,1.8161597,0.52615964,0.5461597,-0.8838403,1.3861597,3.8461597,0.94615966,-1.3438404,-1.1838403,-0.5838403,-3.0538404,-3.6738403,-2.5838404,-2.4538403,-3.3838403,-4.5838404,-4.03384,-2.9538403,-0.47384033,-3.1638403,-3.3938403,-1.5438403,-1.5738404,-2.6938403,-3.2238402,-5.0838404,-2.2138402,-3.3638403,-1.2938403,-3.6638403,-4.0438404,-0.23384033,-1.6138403
-1.9438404,-1.2338403,-0.6338403,-0.25384033,-0.23384033,3.7461596,4.1461596,2.4161596,2.6061597,1.6261597,0.77615964,1.8861597,0.32615966,0.16615967,4.0161595,2.7961597,-0.19384032,-2.3538404,-3.7838404,-3.6638403,-1.9338403,-3.6438403,-4.1238403,-2.0738404,-2.5338404,-4.09384,-0.15384033,0.28615966,2.3361597,1.0861597,-0.40384033,-2.5138404,-2.9938402,-4.03384,0.20615967,-0.99384034,1.3261597,3.4361596,0.94615966,0.35615966,-1.9738404
-4.47384,-6.0638404,-5.1938405,-3.9138403,-3.3438404,-0.92384034,2.6361597,0.96615964,1.7661597,-0.06384033,2.2661598,2.2561598,0.35615966,2.6361597,3.9161596,1.9961597,-1.2838403,-2.5638404,-3.6938403,-3.1838403,-2.9838402,-3.2138402,-3.1638403,-3.0038404,-3.0138404,-1.0538403,-0.85384035,-3.1138403,-3.4338403,-3.0938404,-2.5338404,-1.2938403,-1.3238404,-2.4038403,2.5661597,-0.31384033,0.7861597,-1.0938404,-1.0038403,-0.6438403,-0.73384035
-5.8738403,-7.6638403,-3.0438404,-1.1038404,-0.5038403,1.7861596,-2.1538403,3.9861596,-0.5638403,3.6061597,1.7461597,0.6761597,1.9761597,3.6461596,4.7661595,2.8661597,-0.22384033,-2.5738404,-3.0638404,-3.8838403,-4.2038403,-6.4038405,-6.6538405,-6.2538404,-6.4638405,-4.7538404,-4.86384,-4.3338404,-1.1038404,-0.5638403,-0.42384034,-2.0438404,-2.8838403,-2.2838404,-3.3138404,-3.1438403,1.7861596,1.9561597,1.6861596,1.8461597,-0.28384033
-6.9638405,-6.11384,-7.1438403,-3.7138402,-1.8538404,5.8961596,1.6361597,2.3561597,0.51615965,0.56615967,1.8461597,2.8061597,3.3461597,2.3661597,3.8361597,2.9761596,-1.7438403,-2.7238402,-3.2038403,-2.9738402,-4.3138404,-2.9938402,-2.4838402,-2.4738402,-2.8638403,-2.6238403,-1.1338403,-0.9038403,-1.3338404,-3.3838403,-4.4038405,-3.6938403,-2.9138403,-2.2738404,1.3061596,-2.2838404,-0.7638403,0.41615966,0.70615965,1.7961596,0.7261597
-5.6438403,-5.4338403,-3.9338403,-3.6038404,-0.55384034,3.6661596,4.25616,4.1061597,1.2061597,-1.1438403,-0.42384034,3.1961596,2.5461597,-0.7738403,1.9661597,-0.16384034,-2.1038404,-2.3738403,-0.78384036,-1.8338404,-2.1238403,-3.3638403,-3.4438403,-1.7738403,-2.2038403,-1.3338404,-1.2238404,-0.86384034,-0.30384034,-0.23384033,0.36615968,1.0061597,1.2861596,0.39615968,-1.2138404,-2.2438402,-0.23384033,-0.31384033,0.24615967,-0.61384034,-0.41384032
-2.6438403,-6.01384,-5.07384,-4.3838406,-2.2638404,-0.22384033,1.6161597,1.5361596,2.1461596,0.63615966,0.14615966,1.9661597,0.41615966,0.52615964,0.09615967,-1.6738403,-2.4238403,-2.1838403,-1.3638403,-1.4338403,-1.9338403,-3.5138404,-2.5938404,-1.3538404,-0.8338403,-1.5438403,-0.9538403,0.026159668,-0.60384035,1.4061596,1.1861596,1.1261597,2.4561596,2.4461596,1.5061597,-0.37384033,0.48615968,-1.3838403,-0.59384036,-0.99384034,-0.92384034
-2.2038403,-3.6038404,-3.0538404,-2.8938403,-2.7938404,-1.0838404,-1.0438403,-0.92384034,0.35615966,1.3261597,-0.073840335,0.88615966,0.7361597,0.29615965,-1.0938404,-1.5838404,-0.78384036,-0.6338403,0.6161597,-1.6338403,-0.7138403,-2.0538404,-2.1038404,-3.5038404,-3.4038403,-3.3838403,-3.3738403,-2.5438404,-1.3538404,-0.91384035,0.8561597,1.8161597,2.5661597,2.7961597,2.5461597,1.6061597,0.42615968,-1.5638404,-1.9938403,-0.8938403,-1.6138403
-2.4838402,-3.8838403,-2.7038403,-2.6138403,-2.0038404,-1.3238404,-2.5738404,-1.8938403,-1.6738403,-3.2538404,-0.5638403,0.64615965,-1.7438403,0.52615964,-0.44384032,-0.25384033,-2.2238402,-2.0038404,-1.9738404,-2.1838403,-1.7338403,-1.9738404,-2.9138403,-2.0838404,-1.6338403,-2.7738404,-3.7538404,-2.5038404,-2.9038403,-2.4738402,0.6661597,1.7761596,1.9761597,1.6661596,1.8461597,2.3761597,2.2661598,0.70615965,-0.18384033,-1.5838404,-2.1838403
-0.93384033,-0.54384035,-3.3338404,-1.6438403,-1.8038403,-1.8938403,-1.8138404,-1.5938404,-1.0638404,-0.41384032,-0.35384032,0.20615967,-0.42384034,0.14615966,-1.5038403,-0.40384033,-1.8038403,-1.7238404,-1.8338404,-2.8838403,-2.9338403,-1.8038403,-1.9538404,-1.1638403,-2.6138403,-3.8238404,-3.7438402,-3.3938403,-2.2738404,-2.3438404,-0.10384033,0.016159669,2.7661598,1.5161597,1.6961597,2.9661596,2.9661596,1.0961597,0.50615966,-1.3438404,-1.7138404
