wind_kz.json
{"header": {"discipline":0,"disciplineName":"Meteorological products","gribEdition":2,"gribLength":1025,"center":7,"centerName":"US National Weather Service - NCEP(WMC)","subcenter":0,"refTime":"2023-10-04T00:00:00.000Z","significanceOfRT":1,"significanceOfRTName":"Start of forecast","productStatus":0,"productStatusName":"Operational products","productType":1,"productTypeName":"Forecast products","productDefinitionTemplate":0,"productDefinitionTemplateName":"Analysis/forecast at horizontal level/layer at a point in time","parameterCategory":2,"parameterCategoryName":"UnknownDiscipline_0_Category_2","parameterNumber":2,"parameterNumberName":"UnknownParameter_D0_C2_2","parameterUnit":"Unknown","genProcessType":2,"genProcessTypeName":"Forecast","forecastTime":60,"surface1Type":103,"surface1TypeName":"Specified height level above ground","surface1Value":10.0,"surface2Type":255,"surface2TypeName":"Missing","surface2Value":0.0,"gridDefinitionTemplate":0,"gridDefinitionTemplateName":"Latitude_Longitude","numberPoints":615,"shape":6,"shapeName":"Earth spherical with radius of 6,371,229.0 m","gridUnits":"degrees","resolution":48,"winds":"true","scanMode":64,"nx":41,"ny":15,"basicAngle":0,"lo1":47.0,"la1":41.0,"lo2":87.0,"la2":55.0,"dx":1.0,"dy":1.0}, "data":
[rows 0 to 14 of 15, columns 0 to 40 of 41]
1.9233819,1.873382,0.63338196,-0.756618,-0.91661805,-0.816618,3.783382,0.53338194,0.77338195,0.673382,1.3233819,1.0633819,2.223382,4.543382,4.653382,1.363382,3.333382,6.613382,2.453382,2.683382,2.583382,2.8633819,3.903382,1.213382,2.973382,2.513382,0.13338196,2.683382,0.38338196,1.643382,-1.506618,1.7833819,-1.976618,-1.786618,-2.226618,-0.86661804,-0.13661805,-2.556618,-0.59661806,-1.796618,-2.006618
2.533382,-3.686618,-5.786618,-6.4966183,-2.986618,-0.72661805,3.463382,0.38338196,1.473382,0.58338195,1.623382,-0.32661805,-0.85661805,1.4133819,0.40338194,1.723382,2.733382,6.173382,4.903382,3.693382,4.673382,4.713382,3.543382,0.53338194,0.91338193,-0.46661803,-0.41661805,1.373382,0.34338197,3.243382,-0.016618041,-0.27661803,-1.886618,-2.716618,-0.006618042,-0.48661804,-0.74661803,-2.196618,-1.8266181,-0.43661803,-0.946618
-5.286618,-5.336618,-4.606618,-4.696618,-2.416618,2.493382,1.4133819,1.9333819,2.203382,1.483382,0.11338196,-0.22661804,-0.696618,1.093382,0.923382,2.713382,3.063382,5.033382,3.983382,4.333382,4.713382,3.943382,5.713382,5.993382,5.143382,1.383382,-1.2066181,2.783382,1.593382,0.20338196,0.56338197,-1.516618,0.57338196,-0.28661805,-0.91661805,-1.976618,0.72338194,0.14338195,3.3533819,1.353382,-0.23661804
-5.406618,-3.346618,-3.156618,-1.6966181,2.273382,2.893382,1.8033819,2.513382,1.723382,0.923382,-0.34661806,0.95338196,1.263382,-0.696618,0.013381958,1.0433819,1.1633819,3.683382,3.833382,4.743382,3.913382,5.523382,0.13338196,5.173382,-4.806618,-4.596618,-2.696618,-3.356618,-3.926618,-2.306618,1.343382,1.973382,4.763382,4.653382,3.8533819,1.013382,-0.016618041,2.343382,-1.4566181,-2.466618,-2.486618
-0.84661806,-0.566618,-0.39661804,1.6733819,2.3633819,2.183382,0.49338195,1.6633819,1.873382,0.90338194,1.0333819,1.5333819,2.6033819,1.583382,1.7833819,1.213382,1.1833819,4.133382,3.1033819,3.553382,4.153382,4.353382,4.033382,2.8533819,-3.536618,-5.176618,-0.116618045,-0.36661804,-1.8266181,-2.256618,-0.74661803,0.033381958,-1.546618,-0.116618045,-0.89661807,-2.336618,-3.826618,-3.176618,-3.106618,-2.566618,-2.166618
3.653382,2.003382,2.503382,2.013382,1.9233819,2.793382,4.403382,3.283382,2.953382,3.493382,3.073382,3.023382,1.973382,1.983382,1.013382,1.253382,3.243382,4.933382,2.763382,3.503382,1.0433819,-1.2066181,0.96338195,-4.026618,-1.736618,-0.026618041,-0.48661804,-1.106618,0.37338197,1.1633819,0.65338194,0.683382,0.933382,2.423382,3.063382,0.52338195,0.24338196,-2.1466181,-2.246618,-2.006618,-2.326618
4.673382,4.333382,4.493382,3.6333818,2.8733819,4.863382,4.7333817,6.143382,3.6033819,4.103382,3.823382,4.163382,3.223382,1.0733819,1.213382,2.073382,2.8633819,3.943382,4.603382,3.433382,1.593382,0.94338197,-0.25661805,1.013382,1.3133819,-1.3366181,2.333382,0.063381955,1.143382,0.97338194,-0.92661804,-1.6766181,-2.416618,0.10338196,-1.4566181,-0.29661804,-3.446618,-0.9566181,-1.346618,1.333382,-2.066618
3.483382,2.953382,3.143382,3.3833818,4.023382,4.863382,4.953382,5.193382,5.513382,4.513382,3.573382,3.173382,3.093382,1.5333819,1.653382,0.733382,6.213382,4.2533817,4.673382,3.463382,-0.06661804,-0.77661806,-1.526618,-0.97661805,-2.056618,-1.4466181,-1.1766181,-1.6766181,-2.066618,-1.9666181,-2.176618,-3.276618,-3.986618,-1.9666181,-4.096618,-3.3766181,0.063381955,1.713382,-3.8866181,-4.486618,-2.586618
4.453382,3.6233819,2.833382,3.093382,2.823382,3.533382,4.643382,5.143382,5.073382,4.263382,6.013382,4.2533817,5.203382,-2.246618,0.53338194,0.40338194,4.393382,3.333382,3.753382,3.1033819,2.073382,0.82338196,-0.48661804,-0.97661805,-0.08661804,-1.986618,-0.84661806,0.04338196,-1.546618,-2.456618,-3.476618,-3.696618,-3.156618,-2.156618,-0.97661805,-0.876618,-1.0866181,-2.1466181,-1.406618,0.44338197,-2.1466181
5.353382,4.043382,4.043382,3.503382,4.533382,4.123382,3.6333818,4.683382,5.093382,5.273382,5.863382,4.383382,5.2333817,3.043382,2.943382,2.653382,2.963382,3.223382,3.753382,3.803382,3.253382,1.9233819,0.26338196,1.0733819,-0.46661803,-1.136618,-0.83661807,-2.046618,-2.036618,-3.056618,-3.1466181,-2.976618,-2.416618,-0.816618,-1.1966181,0.17338195,-0.12661804,0.19338197,-0.04661804,-0.056618042,-0.73661804
3.763382,4.883382,3.983382,3.443382,4.063382,4.703382,4.323382,4.153382,4.903382,5.413382,5.723382,5.303382,4.793382,5.2533817,3.743382,2.923382,2.673382,4.923382,4.473382,4.033382,2.593382,1.733382,1.203382,0.743382,-0.26661804,-0.45661804,-0.826618,-2.356618,-2.8666182,-3.1166182,-3.016618,-2.256618,-3.016618,-1.636618,-2.1466181,0.063381955,-0.78661805,0.75338197,0.033381958,0.36338195,-0.876618
3.293382,3.943382,3.713382,3.473382,3.723382,3.8533819,4.383382,4.883382,4.943382,4.853382,4.293382,5.203382,5.703382,4.7533817,4.643382,4.633382,4.413382,4.533382,5.0033817,3.3733819,2.423382,1.883382,1.953382,0.45338196,0.21338196,-0.036618043,-1.9666181,-2.246618,-2.456618,-2.516618,-2.046618,-2.156618,-2.656618,-1.856618,-2.406618,-2.6366181,-2.686618,-2.426618,-1.9566181,-0.9566181,-0.12661804
3.053382,3.403382,3.023382,4.923382,3.973382,3.523382,4.553382,5.533382,6.653382,4.803382,3.093382,4.5033817,5.433382,3.963382,5.143382,3.453382,4.453382,4.373382,4.943382,2.693382,3.033382,1.083382,1.213382,0.49338195,-0.12661804,-0.47661805,-1.296618,-2.286618,-1.7166181,-1.486618,-1.776618,-1.636618,-3.056618,-0.27661803,-2.096618,-2.446618,-2.1266181,-2.006618,-2.8766181,-2.1366181,-0.89661807
2.473382,3.333382,2.453382,3.793382,4.683382,4.463382,4.693382,5.133382,4.843382,5.193382,2.283382,3.843382,5.053382,3.263382,3.473382,2.003382,3.093382,1.1933819,2.053382,3.703382,1.613382,1.473382,0.993382,0.803382,-0.55661803,-0.26661804,-0.83661807,-0.96661806,-0.32661805,-0.91661805,-0.826618,-0.766618,-0.74661803,-0.506618,-0.886618,-0.43661803,-1.5766181,-2.046618,-0.826618,-1.416618,-0.71661806
0.96338195,2.403382,1.353382,3.043382,3.223382,2.943382,3.753382,3.743382,3.493382,4.393382,2.333382,4.163382,2.983382,2.463382,2.463382,1.863382,2.393382,1.243382,0.57338196,3.583382,1.383382,1.0333819,0.683382,-0.006618042,-0.12661804,-0.076618046,-0.44661805,-0.17661804,-0.026618041,-0.04661804,-1.0766181,-0.35661805,-0.016618041,0.29338196,0.43338194,0.33338195,-0.38661805,-0.10661804,-1.246618,-1.2166181,-1.096618
