wind_kz.json
{"header": {"discipline":0,"disciplineName":"Meteorological products","gribEdition":2,"gribLength":948,"center":7,"centerName":"US National Weather Service - NCEP(WMC)","subcenter":0,"refTime":"2023-09-11T00:00:00.000Z","significanceOfRT":1,"significanceOfRTName":"Start of forecast","productStatus":0,"productStatusName":"Operational products","productType":1,"productTypeName":"Forecast products","productDefinitionTemplate":0,"productDefinitionTemplateName":"Analysis/forecast at horizontal level/layer at a point in time","parameterCategory":0,"parameterCategoryName":"UnknownDiscipline_0_Category_0","parameterNumber":0,"parameterNumberName":"UnknownParameter_D0_C0_0","parameterUnit":"Unknown","genProcessType":2,"genProcessTypeName":"Forecast","forecastTime":300,"surface1Type":1,"surface1TypeName":"Ground or water surface","surface1Value":0.0,"surface2Type":255,"surface2TypeName":"Missing","surface2Value":0.0,"gridDefinitionTemplate":0,"gridDefinitionTemplateName":"Latitude_Longitude","numberPoints":615,"shape":6,"shapeName":"Earth spherical with radius of 6,371,229.0 m","gridUnits":"degrees","resolution":48,"winds":"true","scanMode":64,"nx":41,"ny":15,"basicAngle":0,"lo1":47.0,"la1":41.0,"lo2":87.0,"la2":55.0,"dx":1.0,"dy":1.0}, "data":
[rows 0 to 14 of 15, columns 0 to 40 of 41]
310.61496,297.71497,298.41498,296.91498,297.01495,296.51495,306.01495,316.91498,313.71497,313.41498,311.91498,311.81497,310.51495,310.21497,310.21497,310.31497,310.21497,309.01495,310.41498,309.21497,310.61496,307.71497,308.41498,301.61496,303.71497,306.11496,302.21497,289.01495,285.71497,282.31497,281.31497,281.61496,292.31497,300.11496,299.31497,298.81497,298.11496,297.91498,296.71497,296.51495,295.51495
287.01495,292.11496,295.81497,296.21497,296.31497,294.81497,314.71497,312.91498,310.71497,309.61496,311.71497,310.11496,310.31497,309.91498,309.21497,309.81497,309.41498,309.61496,308.21497,308.41498,308.51495,307.61496,305.21497,295.71497,284.61496,280.01495,294.31497,289.61496,290.01495,281.41498,285.81497,275.31497,285.41498,265.11496,271.41498,296.41498,294.71497,296.91498,299.71497,292.31497,285.11496
291.41498,295.11496,295.91498,295.91498,294.11496,306.51495,308.21497,311.21497,309.91498,308.51495,308.51495,309.41498,310.51495,309.71497,309.11496,309.91498,308.91498,307.41498,308.21497,308.01495,308.41498,307.01495,306.41498,298.71497,302.21497,300.31497,300.81497,300.01495,297.81497,288.91498,280.01495,281.71497,287.91498,288.21497,289.21497,287.61496,279.41498,282.21497,283.61496,279.01495,277.41498
291.21497,294.11496,295.01495,294.51495,298.11496,308.61496,308.91498,307.61496,309.61496,308.91498,308.71497,307.81497,293.11496,293.21497,308.41498,309.41498,308.41498,308.51495,308.41498,308.01495,307.71497,301.91498,305.01495,304.71497,304.41498,304.31497,305.11496,302.11496,300.21497,300.91498,301.61496,296.71497,300.71497,298.31497,295.71497,291.21497,280.51495,269.61496,283.41498,290.21497,294.51495
296.01495,292.01495,293.01495,291.91498,294.01495,299.61496,309.71497,308.21497,307.01495,306.41498,307.21497,308.21497,291.91498,290.91498,290.21497,307.71497,307.91498,306.51495,307.21497,305.81497,306.11496,306.31497,305.41498,304.91498,304.71497,304.51495,303.31497,298.31497,302.41498,302.61496,304.41498,301.01495,286.51495,274.81497,287.31497,293.91498,295.11496,297.91498,298.51495,298.51495,298.41498
291.61496,291.21497,291.31497,290.71497,291.01495,290.11496,299.41498,303.91498,302.71497,305.31497,304.51495,305.31497,293.11496,291.41498,298.01495,305.01495,306.51495,306.71497,306.01495,306.41498,306.01495,305.21497,304.61496,304.21497,303.51495,302.11496,303.11496,289.81497,301.41498,302.21497,301.01495,302.71497,300.41498,297.81497,294.51495,294.61496,288.51495,291.11496,297.31497,297.21497,297.61496
283.01495,283.51495,285.61496,290.71497,287.61496,286.41498,293.31497,296.01495,299.81497,301.21497,301.81497,302.61496,302.91498,301.61496,301.61496,303.21497,304.21497,305.31497,304.11496,303.61496,303.11496,303.71497,303.41498,302.71497,301.21497,301.01495,300.91498,302.01495,300.61496,300.91498,299.41498,299.61496,299.31497,299.91498,297.31497,294.41498,288.21497,286.41498,283.41498,281.61496,292.91498
284.71497,283.41498,282.71497,282.31497,283.21497,284.31497,284.41498,285.21497,288.11496,292.51495,294.21497,296.51495,295.31497,295.71497,296.11496,296.71497,296.51495,299.21497,300.71497,298.41498,299.01495,299.81497,300.71497,300.71497,299.31497,296.61496,296.51495,298.01495,296.81497,298.91498,297.31497,297.81497,296.41498,293.71497,293.01495,295.71497,294.01495,288.61496,294.71497,293.71497,288.21497
291.91498,289.21497,286.01495,285.21497,283.21497,280.51495,280.51495,281.51495,281.51495,281.61496,282.31497,283.31497,283.61496,286.41498,288.41498,290.21497,291.21497,292.21497,293.31497,293.51495,292.71497,293.91498,295.11496,295.71497,294.91498,295.31497,293.61496,293.51495,292.91498,292.01495,293.61496,294.41498,295.61496,295.71497,294.31497,291.31497,289.31497,290.21497,278.21497,277.51495,273.91498
290.91498,290.11496,290.31497,288.41498,286.21497,283.91498,283.71497,282.61496,281.21497,279.71497,279.21497,279.11496,280.11496,280.91498,281.41498,282.61496,284.31497,285.71497,286.61496,288.61496,289.11496,288.91498,290.21497,291.01495,291.11496,290.21497,290.51495,291.21497,291.31497,292.21497,292.81497,294.31497,296.81497,295.81497,294.51495,292.61496,289.41498,282.21497,278.71497,280.91498,278.41498
289.01495,288.81497,288.71497,288.11496,288.61496,286.61496,284.51495,284.41498,283.21497,282.11496,280.31497,279.11496,280.61496,280.51495,280.41498,281.81497,283.61496,286.31497,288.01495,288.51495,289.11496,288.71497,287.41498,287.41498,286.71497,287.71497,286.31497,287.21497,289.41498,290.51495,291.41498,295.61496,296.01495,295.71497,295.11496,292.01495,287.51495,283.51495,285.51495,283.51495,280.71497
286.11496,287.81497,287.51495,287.11496,286.71497,285.81497,285.11496,283.61496,283.21497,283.01495,280.41498,280.31497,282.01495,280.71497,281.51495,282.01495,282.81497,283.81497,285.51495,285.51495,284.41498,284.21497,284.41498,285.41498,284.31497,285.01495,284.31497,285.71497,285.91498,287.01495,288.71497,291.21497,294.21497,294.21497,294.61496,294.51495,293.41498,293.21497,290.71497,289.01495,287.61496
282.61496,285.31497,286.41498,286.11496,285.01495,283.31497,283.71497,283.81497,283.11496,281.51495,279.71497,275.01495,278.11496,278.81497,280.91498,281.11496,281.61496,282.21497,283.01495,282.01495,282.01495,281.41498,281.81497,281.81497,283.01495,283.81497,284.91498,284.41498,284.71497,284.71497,286.41498,287.41498,288.31497,291.51495,292.31497,293.61496,292.71497,294.51495,291.61496,289.21497,288.41498
283.11496,284.91498,285.31497,284.21497,283.61496,282.61496,283.21497,281.51495,281.21497,278.61496,277.01495,274.61496,273.21497,273.21497,274.41498,279.41498,280.31497,280.31497,281.11496,281.11496,281.71497,282.01495,282.61496,282.71497,283.11496,283.81497,283.91498,284.11496,283.21497,283.11496,284.01495,285.01495,285.11496,284.91498,290.91498,290.21497,290.51495,291.81497,291.21497,288.41498,288.91498
281.41498,284.51495,287.01495,283.21497,283.01495,281.81497,281.91498,281.61496,282.31497,282.01495,280.21497,277.51495,275.11496,275.21497,274.01495,273.91498,274.31497,277.01495,279.21497,279.01495,280.11496,280.71497,281.41498,281.31497,282.11496,282.71497,283.01495,282.91498,282.51495,281.81497,281.71497,282.81497,283.11496,283.81497,284.21497,289.81497,291.71497,290.91498,291.61496,289.91498,290.01495
