wind_kz.json
{"header": {"discipline":0,"disciplineName":"Meteorological products","gribEdition":2,"gribLength":1025,"center":7,"centerName":"US National Weather Service - NCEP(WMC)","subcenter":0,"refTime":"2023-08-27T18:00:00.000Z","significanceOfRT":1,"significanceOfRTName":"Start of forecast","productStatus":0,"productStatusName":"Operational products","productType":1,"productTypeName":"Forecast products","productDefinitionTemplate":0,"productDefinitionTemplateName":"Analysis/forecast at horizontal level/layer at a point in time","parameterCategory":2,"parameterCategoryName":"UnknownDiscipline_0_Category_2","parameterNumber":2,"parameterNumberName":"UnknownParameter_D0_C2_2","parameterUnit":"Unknown","genProcessType":2,"genProcessTypeName":"Forecast","forecastTime":120,"surface1Type":103,"surface1TypeName":"Specified height level above ground","surface1Value":10.0,"surface2Type":255,"surface2TypeName":"Missing","surface2Value":0.0,"gridDefinitionTemplate":0,"gridDefinitionTemplateName":"Latitude_Longitude","numberPoints":615,"shape":6,"shapeName":"Earth spherical with radius of 6,371,229.0 m","gridUnits":"degrees","resolution":48,"winds":"true","scanMode":64,"nx":41,"ny":15,"basicAngle":0,"lo1":47.0,"la1":41.0,"lo2":87.0,"la2":55.0,"dx":1.0,"dy":1.0}, "data":
[rows 0 to 14 of 15, columns 0 to 40 of 41]
-4.023464,0.12653595,0.49653596,-2.0834641,-1.2734641,-0.80346406,-0.34346405,-3.733464,-4.403464,-3.863464,-3.0934641,-1.933464,-0.27346405,-0.523464,1.796536,-0.10346405,-1.593464,0.0065359497,-2.653464,-0.17346404,-1.943464,-1.853464,-1.103464,-0.26346406,1.636536,-3.473464,-1.723464,1.286536,0.31653595,-0.31346405,-1.5034641,4.006536,3.106536,4.476536,3.6865358,-1.6534641,-2.463464,-4.143464,-3.8534641,-4.253464,-1.2734641
1.296536,-0.45346406,-3.193464,-1.833464,-0.75346404,1.2365359,0.50653595,-3.463464,-0.51346403,-2.003464,-1.4034641,-1.5434641,-1.4234641,-2.8334641,-2.433464,-1.8934641,-0.29346406,-0.08346405,1.816536,2.546536,2.576536,-3.363464,-2.633464,-1.1334641,1.196536,0.95653594,-0.643464,1.816536,0.21653596,-1.9134641,-0.13346405,-0.94346404,2.206536,-2.3334641,-0.66346407,-0.20346405,-0.9734641,0.40653595,-0.07346405,-0.37346405,-4.413464
-2.263464,-4.813464,-3.8134642,-2.023464,1.776536,3.046536,-0.17346404,-0.14346404,1.416536,-0.80346406,0.16653594,1.006536,-3.243464,-2.933464,-1.463464,-0.56346405,1.176536,2.1865358,1.4565359,2.536536,3.196536,0.15653595,-2.0634642,0.38653594,0.70653594,2.736536,3.4365358,2.9165359,-0.11346405,0.14653595,-0.29346406,0.39653596,0.95653594,0.70653594,-0.14346404,-1.933464,-0.12346405,0.0065359497,-1.603464,1.9765359,0.07653595
-3.403464,-4.123464,-2.683464,-2.153464,-1.433464,-2.463464,-0.20346405,-0.23346405,0.49653596,-1.193464,-0.04346405,-0.20346405,-0.91346407,0.19653594,2.1865358,3.376536,3.326536,3.876536,3.296536,3.496536,2.996536,0.56653595,1.766536,0.51653594,-0.9734641,2.1865358,2.696536,2.386536,0.37653595,2.346536,0.5965359,-0.88346404,3.086536,0.70653594,0.28653595,0.88653594,-0.32346404,1.6265359,1.2265359,-1.553464,2.346536
-1.613464,-2.023464,-0.49346405,-0.95346403,0.38653594,1.2065359,2.066536,3.136536,3.366536,3.496536,2.626536,3.6865358,5.2865357,4.906536,5.916536,3.986536,4.936536,3.446536,4.116536,5.6365356,2.9265358,1.436536,3.386536,0.42653596,0.856536,3.116536,3.4065359,3.976536,3.806536,1.7065359,-1.833464,-1.1334641,-0.67346406,1.3365359,0.46653596,2.086536,8.246535,2.4065359,3.746536,2.466536,0.47653595
0.55653596,0.70653594,2.806536,4.706536,4.586536,6.3265357,4.386536,4.446536,1.8365359,2.016536,2.476536,2.776536,3.9165359,-1.453464,-2.983464,2.866536,4.5565357,6.0365357,5.7165356,4.596536,3.506536,2.556536,4.216536,4.706536,1.4865359,3.276536,4.146536,4.2665358,3.456536,3.216536,-0.37346405,-0.9734641,0.47653595,0.17653595,1.776536,2.526536,2.006536,3.046536,7.1065354,4.646536,-3.053464
-3.713464,-2.873464,-1.473464,1.026536,0.12653595,1.636536,1.9565359,2.1765358,2.066536,1.9965359,1.6065359,0.8465359,1.926536,2.596536,2.1465359,1.756536,2.286536,2.336536,3.236536,1.8765359,3.3965359,3.306536,2.376536,1.7165359,-0.713464,-1.233464,-0.37346405,0.87653595,1.3265359,2.736536,2.9165359,3.276536,3.1665359,3.546536,1.6165359,1.3765359,-1.313464,2.4265358,-2.933464,0.07653595,3.596536
-1.973464,-1.4134641,-0.32346404,0.55653596,0.88653594,2.486536,1.2465359,1.396536,2.756536,2.4165359,2.256536,2.856536,2.8965359,2.776536,2.1565359,3.136536,3.466536,3.196536,2.716536,2.9265358,3.736536,4.086536,3.106536,0.786536,1.266536,-0.37346405,2.006536,0.69653594,1.416536,2.726536,-0.08346405,4.7665358,3.256536,3.966536,2.1565359,2.246536,1.696536,5.1365356,2.596536,5.416536,1.666536
-2.713464,-1.2934641,0.76653594,0.5965359,1.2265359,1.036536,2.4065359,1.936536,1.566536,2.456536,3.316536,1.5865359,2.996536,2.746536,4.686536,3.776536,4.006536,3.6565359,4.616536,4.866536,4.736536,5.1765356,6.0765357,2.716536,-0.24346405,2.456536,1.3765359,1.026536,2.026536,2.246536,0.82653594,4.196536,4.646536,3.016536,3.866536,-0.91346407,0.726536,-0.87346405,-0.30346406,-1.093464,3.256536
1.916536,1.2465359,1.5765359,0.29653594,0.95653594,2.496536,1.756536,1.066536,2.066536,2.526536,0.67653596,2.116536,2.586536,3.336536,3.986536,3.706536,3.996536,3.6465359,3.356536,3.506536,5.4465356,5.166536,3.9165359,4.206536,4.466536,3.316536,2.3965359,2.706536,0.536536,1.9665359,0.12653595,6.686536,3.746536,3.106536,-1.553464,-1.683464,-2.5834641,-0.75346404,-1.353464,-0.30346406,2.116536
2.626536,1.176536,-2.483464,1.036536,0.9665359,-1.0034641,0.49653596,1.666536,1.7065359,-0.60346407,2.206536,3.236536,2.6865358,3.086536,2.136536,2.9165359,3.386536,2.9165359,3.706536,3.506536,4.206536,4.2665358,6.9465356,4.456536,3.266536,1.7265359,2.9065359,1.5865359,1.686536,1.186536,3.336536,2.996536,-0.5934641,0.726536,-1.563464,-1.853464,-1.813464,-0.523464,-1.103464,-0.26346406,-1.683464
1.046536,-1.2734641,-0.08346405,-0.57346404,0.55653596,0.58653593,0.75653595,1.4965359,1.306536,0.5965359,1.316536,2.9065359,1.7465359,2.526536,2.306536,3.4065359,4.5365357,4.176536,3.616536,2.796536,3.006536,3.846536,3.716536,3.016536,2.006536,2.746536,1.766536,3.9265358,2.046536,0.44653594,2.286536,-1.723464,-3.0734642,-2.5734642,-2.673464,-1.743464,-1.603464,-0.9734641,-0.44346404,-0.55346406,-0.81346405
0.916536,1.436536,-0.85346407,-0.23346405,0.786536,0.35653594,1.5965359,1.506536,2.976536,0.8465359,1.176536,3.6465359,1.266536,1.886536,2.546536,2.786536,4.166536,2.846536,3.826536,4.836536,2.996536,2.986536,1.2265359,0.44653594,0.55653596,-0.7834641,-0.31346405,1.806536,2.756536,1.6165359,1.046536,-1.2534641,-2.863464,-2.3434641,-3.033464,-3.303464,-2.943464,-1.6234641,-2.493464,-1.2934641,-0.05346405
1.156536,-0.21346405,-0.57346404,-0.15346405,0.82653594,0.9665359,1.3665359,1.2365359,0.02653595,1.6165359,0.82653594,1.446536,2.626536,0.94653594,1.5965359,3.306536,3.256536,2.516536,2.356536,2.056536,1.9565359,1.3265359,-0.98346406,1.0765359,-0.14346404,-3.043464,-3.3234642,-1.353464,-4.453464,-3.173464,-3.5734642,-2.623464,-2.203464,-2.5834641,-1.803464,-3.153464,-2.263464,-1.0434641,-1.1334641,-1.343464,0.22653595
-0.04346405,-1.493464,-0.88346404,-0.54346406,0.536536,1.3765359,1.906536,0.44653594,-1.2734641,-0.0034640504,0.74653596,1.286536,1.286536,1.7165359,2.616536,3.306536,3.256536,2.4365358,1.766536,1.0965359,0.04653595,-1.973464,-1.863464,-2.1034641,-3.153464,-2.113464,-3.273464,-3.203464,-2.643464,-2.533464,-2.943464,-4.133464,-3.473464,-2.8134642,-1.7934641,-0.54346406,-1.463464,-0.523464,-1.433464,-2.203464,-0.713464
