wind_kz.json
{"header": {"discipline":0,"disciplineName":"Meteorological products","gribEdition":2,"gribLength":871,"center":7,"centerName":"US National Weather Service - NCEP(WMC)","subcenter":0,"refTime":"2023-09-26T06:00:00.000Z","significanceOfRT":1,"significanceOfRTName":"Start of forecast","productStatus":0,"productStatusName":"Operational products","productType":1,"productTypeName":"Forecast products","productDefinitionTemplate":0,"productDefinitionTemplateName":"Analysis/forecast at horizontal level/layer at a point in time","parameterCategory":0,"parameterCategoryName":"UnknownDiscipline_0_Category_0","parameterNumber":0,"parameterNumberName":"UnknownParameter_D0_C0_0","parameterUnit":"Unknown","genProcessType":2,"genProcessTypeName":"Forecast","forecastTime":120,"surface1Type":1,"surface1TypeName":"Ground or water surface","surface1Value":0.0,"surface2Type":255,"surface2TypeName":"Missing","surface2Value":0.0,"gridDefinitionTemplate":0,"gridDefinitionTemplateName":"Latitude_Longitude","numberPoints":615,"shape":6,"shapeName":"Earth spherical with radius of 6,371,229.0 m","gridUnits":"degrees","resolution":48,"winds":"true","scanMode":64,"nx":41,"ny":15,"basicAngle":0,"lo1":47.0,"la1":41.0,"lo2":87.0,"la2":55.0,"dx":1.0,"dy":1.0}, "data":
[rows 0 to 14 of 15, columns 0 to 40 of 41]
303.1157,290.9157,298.7157,293.5157,293.4157,292.7157,301.8157,306.3157,303.1157,305.5157,303.7157,305.4157,305.5157,306.1157,307.8157,311.3157,311.0157,306.9157,312.2157,308.6157,312.2157,308.1157,312.1157,305.3157,307.0157,312.5157,304.4157,295.6157,282.0157,287.1157,289.5157,285.4157,299.9157,307.6157,308.5157,307.6157,313.3157,311.6157,310.5157,309.4157,310.8157
285.5157,297.9157,292.9157,293.2157,293.0157,291.9157,306.7157,302.9157,301.7157,301.3157,304.1157,302.4157,304.8157,305.1157,303.2157,306.4157,311.5157,312.7157,312.3157,313.1157,310.5157,307.5157,305.0157,297.0157,286.2157,281.6157,295.5157,290.1157,290.7157,281.3157,291.7157,279.5157,290.4157,265.8157,286.5157,301.9157,306.1157,305.9157,308.2157,299.5157,284.6157
300.5157,292.7157,293.2157,292.6157,291.1157,302.5157,301.9157,302.1157,302.3157,301.1157,299.4157,301.7157,304.6157,305.3157,303.0157,308.1157,309.0157,310.0157,314.0157,315.0157,311.9157,310.3157,307.3157,303.1157,304.0157,301.3157,300.2157,299.1157,300.6157,294.7157,273.5157,277.6157,294.3157,293.3157,293.4157,291.4157,284.6157,285.7157,291.0157,287.1157,282.2157
301.6157,292.0157,292.8157,292.1157,294.0157,301.9157,300.2157,302.4157,303.2157,303.5157,303.2157,302.5157,291.0157,290.4157,304.0157,307.2157,305.3157,310.0157,311.0157,312.2157,311.1157,307.2157,306.9157,307.3157,306.0157,304.6157,306.1157,305.5157,302.4157,304.3157,304.8157,301.5157,302.3157,305.2157,305.0157,300.9157,288.1157,273.1157,281.3157,300.3157,301.2157
298.8157,291.4157,292.4157,291.6157,295.6157,300.8157,300.8157,303.5157,301.1157,301.3157,302.8157,303.5157,289.9157,288.9157,287.5157,305.3157,306.0157,303.8157,306.8157,303.8157,304.3157,303.8157,304.0157,305.0157,304.5157,303.5157,304.1157,299.7157,307.0157,306.8157,304.5157,302.1157,288.5157,276.7157,294.3157,301.8157,302.3157,308.3157,307.5157,305.2157,302.5157
298.6157,300.7157,290.8157,291.5157,291.5157,291.2157,303.2157,301.2157,301.3157,302.0157,300.5157,300.8157,291.6157,289.9157,297.5157,304.7157,303.0157,305.8157,304.4157,306.1157,305.4157,303.5157,303.7157,303.0157,304.3157,305.0157,307.3157,288.3157,303.8157,302.5157,303.4157,301.3157,301.2157,300.9157,298.0157,298.6157,293.2157,294.0157,304.2157,304.9157,303.0157
299.6157,301.2157,298.5157,300.2157,298.5157,302.7157,303.3157,301.4157,299.8157,300.2157,300.6157,301.0157,301.2157,301.4157,301.7157,301.0157,302.9157,303.3157,305.5157,303.6157,304.1157,292.8157,298.4157,301.4157,294.7157,297.9157,302.9157,301.9157,303.3157,302.9157,301.2157,301.7157,303.5157,301.7157,300.9157,296.2157,291.6157,289.3157,285.5157,282.6157,289.3157
299.4157,300.3157,300.5157,300.1157,300.4157,301.4157,303.9157,302.9157,300.1157,299.0157,301.0157,300.2157,298.2157,294.2157,298.7157,301.4157,298.9157,299.2157,299.0157,288.1157,294.6157,298.0157,293.7157,285.5157,294.2157,292.9157,288.4157,295.1157,294.4157,298.9157,298.2157,299.9157,297.0157,289.1157,293.5157,295.8157,296.2157,286.6157,295.2157,295.7157,291.7157
299.5157,299.5157,300.6157,301.6157,300.7157,301.0157,303.9157,300.4157,298.7157,300.9157,300.7157,300.6157,299.4157,299.8157,294.7157,300.3157,300.4157,299.5157,298.9157,293.1157,287.5157,290.2157,296.6157,285.2157,289.3157,290.1157,284.1157,289.8157,295.3157,288.1157,294.3157,288.3157,289.4157,293.4157,293.7157,290.3157,285.0157,289.2157,273.1157,273.4157,273.5157
299.2157,299.3157,300.3157,300.7157,301.1157,301.6157,300.9157,300.4157,299.2157,300.7157,299.3157,296.4157,296.8157,296.4157,297.3157,297.3157,298.8157,297.8157,293.9157,287.6157,288.7157,292.0157,290.8157,289.3157,294.2157,288.1157,288.8157,290.1157,288.8157,285.8157,285.1157,287.7157,289.6157,287.6157,292.0157,291.7157,281.7157,282.1157,274.4157,279.5157,278.1157
297.7157,297.8157,298.3157,298.2157,298.6157,298.0157,299.2157,299.4157,298.0157,298.3157,295.1157,294.3157,293.8157,292.8157,293.5157,295.9157,296.6157,297.5157,289.7157,287.5157,288.1157,288.1157,293.1157,292.3157,290.1157,291.0157,289.9157,289.9157,289.1157,292.5157,292.7157,297.2157,292.8157,288.1157,290.0157,290.5157,283.2157,275.6157,276.4157,275.0157,278.8157
296.6157,297.5157,297.9157,297.9157,296.7157,296.5157,295.8157,295.0157,296.4157,295.1157,292.0157,291.1157,292.4157,290.6157,291.6157,293.2157,292.2157,290.1157,289.3157,287.6157,291.4157,287.6157,291.1157,291.4157,291.2157,293.5157,289.6157,293.2157,294.7157,296.6157,295.4157,296.3157,292.9157,283.5157,284.1157,285.8157,290.0157,288.4157,284.0157,281.6157,280.5157
293.3157,294.6157,295.5157,296.1157,295.1157,294.8157,294.9157,294.1157,293.8157,293.0157,288.8157,287.9157,290.0157,290.4157,290.5157,293.3157,291.5157,289.3157,287.2157,290.3157,292.4157,291.4157,286.6157,285.8157,290.1157,289.8157,288.8157,294.4157,286.9157,288.4157,287.0157,293.3157,292.7157,292.6157,291.2157,289.9157,289.5157,287.8157,283.5157,281.2157,280.5157
292.7157,293.5157,290.1157,294.2157,293.8157,293.1157,292.6157,291.2157,292.8157,290.6157,286.9157,284.8157,286.4157,287.9157,287.7157,289.0157,290.0157,287.3157,288.4157,289.7157,292.1157,285.8157,286.4157,286.5157,286.5157,287.0157,287.7157,284.5157,284.5157,288.3157,287.3157,287.3157,286.8157,286.1157,286.8157,286.5157,285.6157,285.4157,286.9157,283.0157,282.5157
290.7157,293.0157,285.9157,293.2157,292.4157,292.1157,292.0157,290.7157,290.7157,289.3157,287.1157,287.2157,285.3157,284.3157,286.5157,288.8157,286.1157,289.1157,291.6157,290.5157,291.2157,287.7157,284.0157,284.0157,283.5157,287.6157,289.0157,284.6157,287.1157,286.9157,287.0157,285.2157,285.1157,284.4157,284.0157,284.1157,285.9157,283.8157,283.3157,283.2157,281.3157
