wind_kz.json
{"header": {"discipline":0,"disciplineName":"Meteorological products","gribEdition":2,"gribLength":948,"center":7,"centerName":"US National Weather Service - NCEP(WMC)","subcenter":0,"refTime":"2023-08-24T00:00:00.000Z","significanceOfRT":1,"significanceOfRTName":"Start of forecast","productStatus":0,"productStatusName":"Operational products","productType":1,"productTypeName":"Forecast products","productDefinitionTemplate":0,"productDefinitionTemplateName":"Analysis/forecast at horizontal level/layer at a point in time","parameterCategory":0,"parameterCategoryName":"UnknownDiscipline_0_Category_0","parameterNumber":0,"parameterNumberName":"UnknownParameter_D0_C0_0","parameterUnit":"Unknown","genProcessType":2,"genProcessTypeName":"Forecast","forecastTime":180,"surface1Type":1,"surface1TypeName":"Ground or water surface","surface1Value":0.0,"surface2Type":255,"surface2TypeName":"Missing","surface2Value":0.0,"gridDefinitionTemplate":0,"gridDefinitionTemplateName":"Latitude_Longitude","numberPoints":615,"shape":6,"shapeName":"Earth spherical with radius of 6,371,229.0 m","gridUnits":"degrees","resolution":48,"winds":"true","scanMode":64,"nx":41,"ny":15,"basicAngle":0,"lo1":47.0,"la1":41.0,"lo2":87.0,"la2":55.0,"dx":1.0,"dy":1.0}, "data":
[rows 0 to 14 of 15, columns 0 to 40 of 41]
311.30487,297.30487,308.00488,299.50488,299.40488,299.40488,314.1049,318.30487,313.90488,314.2049,312.7049,312.40488,311.1049,310.6049,309.6049,309.6049,309.1049,308.50488,309.50488,308.80487,310.7049,306.1049,307.2049,303.6049,306.90488,309.1049,303.1049,291.6049,290.1049,289.1049,288.6049,287.6049,301.1049,309.40488,310.30487,309.50488,308.1049,308.50488,308.50488,308.90488,308.30487
291.6049,304.00488,299.2049,299.40488,299.50488,298.2049,319.6049,315.1049,312.40488,311.6049,311.50488,310.90488,311.00488,307.7049,308.6049,309.30487,309.90488,309.80487,307.90488,307.90488,307.80487,305.50488,304.30487,296.90488,289.2049,288.2049,298.6049,291.6049,294.1049,286.00488,290.00488,281.6049,292.6049,263.6049,288.1049,305.1049,303.6049,305.7049,309.6049,300.1049,285.30487
311.00488,298.90488,299.50488,299.50488,298.1049,313.30487,312.90488,312.6049,310.80487,310.00488,310.2049,311.1049,308.00488,307.7049,307.90488,308.00488,307.6049,308.00488,307.90488,306.90488,306.50488,306.00488,304.2049,301.00488,303.40488,301.80487,302.80487,301.6049,300.50488,291.00488,283.30487,285.2049,292.80487,294.30487,292.80487,294.7049,283.6049,282.50488,288.7049,284.2049,283.00488
310.50488,299.40488,299.30487,298.7049,300.2049,312.00488,311.2049,312.1049,312.50488,311.2049,310.30487,308.7049,295.2049,294.80487,305.6049,308.00488,306.90488,306.50488,307.1049,306.80487,303.90488,301.00488,305.00488,304.6049,305.2049,305.6049,305.50488,303.40488,303.00488,303.00488,302.80487,301.40488,306.00488,305.7049,304.2049,298.00488,287.00488,286.90488,287.7049,298.00488,300.80487
311.6049,299.00488,299.2049,299.30487,306.1049,313.90488,313.2049,315.50488,312.30487,310.80487,310.7049,310.6049,295.1049,294.2049,292.7049,305.90488,308.00488,304.7049,303.40488,305.30487,306.30487,306.6049,305.30487,304.6049,304.6049,305.1049,303.6049,299.2049,303.6049,302.40488,304.90488,301.40488,289.6049,282.7049,292.2049,301.6049,299.50488,306.6049,306.80487,305.00488,304.50488
312.50488,309.30487,297.80487,298.50488,299.2049,299.50488,314.1049,313.30487,311.80487,310.90488,310.1049,309.1049,296.1049,294.30487,299.00488,303.6049,305.90488,303.40488,305.1049,305.2049,304.6049,304.30487,303.50488,303.30487,303.7049,302.6049,304.1049,293.00488,301.1049,304.00488,302.80487,303.00488,301.00488,301.30487,297.6049,296.7049,291.80487,293.2049,302.40488,305.1049,303.2049
316.1049,316.6049,313.2049,312.2049,307.00488,309.7049,312.1049,310.1049,299.90488,301.90488,301.80487,300.40488,304.50488,305.90488,304.50488,303.30487,304.6049,305.1049,303.6049,300.80487,300.80487,302.7049,302.2049,302.1049,299.7049,299.80487,300.6049,302.2049,301.40488,301.90488,300.90488,301.50488,301.2049,302.30487,300.50488,298.80487,292.80487,290.80487,288.40488,288.2049,297.40488
315.00488,313.7049,313.40488,310.1049,308.40488,305.30487,298.1049,294.00488,292.90488,295.2049,293.7049,295.6049,302.90488,303.80487,304.30487,302.90488,300.1049,302.00488,301.90488,299.00488,295.50488,297.00488,298.50488,298.30487,296.30487,294.90488,295.1049,296.6049,296.2049,298.30487,297.40488,299.1049,298.00488,295.90488,296.50488,299.7049,300.50488,289.7049,299.00488,298.50488,296.7049
305.1049,294.2049,296.7049,296.00488,296.7049,300.90488,295.80487,300.40488,297.80487,296.1049,300.00488,293.80487,295.90488,302.90488,302.7049,300.2049,301.00488,301.1049,294.7049,294.80487,292.00488,294.6049,292.7049,294.2049,293.90488,291.80487,292.40488,291.00488,290.90488,290.30487,293.1049,293.80487,296.6049,298.30487,298.1049,295.40488,295.1049,294.40488,284.50488,285.6049,283.50488
309.2049,306.2049,307.80487,307.00488,306.6049,306.40488,306.30487,303.7049,300.30487,297.80487,296.7049,295.90488,292.1049,299.30487,296.30487,298.80487,298.00488,298.7049,293.30487,296.80487,293.2049,292.90488,290.90488,293.2049,292.90488,290.50488,290.30487,291.00488,289.40488,290.90488,292.2049,295.30487,297.2049,299.1049,298.30487,296.00488,291.7049,287.50488,285.80487,285.6049,283.7049
306.1049,303.90488,303.30487,302.2049,301.00488,301.2049,302.6049,302.6049,300.30487,299.6049,293.80487,292.90488,292.90488,292.30487,292.2049,292.1049,289.7049,288.90488,291.7049,293.40488,289.7049,291.50488,291.90488,291.1049,289.30487,291.2049,290.2049,291.40488,291.7049,293.6049,294.50488,295.50488,295.7049,296.1049,295.7049,294.50488,287.30487,286.40488,287.90488,284.1049,283.00488
301.50488,303.1049,300.6049,300.00488,298.90488,298.40488,297.50488,298.00488,298.40488,294.80487,289.6049,289.50488,290.50488,287.30487,292.40488,292.50488,290.80487,286.50488,289.00488,289.7049,288.00488,288.30487,288.90488,290.1049,289.7049,289.90488,292.30487,293.40488,294.50488,294.2049,293.00488,292.80487,293.90488,293.7049,294.2049,294.80487,293.00488,291.50488,289.40488,288.90488,287.90488
296.50488,297.7049,300.7049,299.00488,296.50488,295.40488,296.80487,297.40488,293.1049,290.90488,286.00488,287.50488,288.50488,287.00488,288.50488,289.30487,288.7049,287.50488,291.1049,289.80487,288.2049,288.1049,288.1049,288.6049,289.80487,289.40488,292.80487,292.50488,291.80487,291.2049,289.2049,291.80487,290.90488,293.80487,294.2049,292.00488,291.00488,292.00488,289.80487,288.30487,286.80487
292.30487,293.1049,291.6049,293.00488,292.2049,289.1049,289.40488,285.30487,285.90488,290.1049,285.7049,285.2049,285.40488,288.30487,288.40488,288.30487,288.1049,288.50488,288.00488,287.7049,289.30487,289.6049,290.00488,288.7049,289.7049,290.50488,291.30487,290.1049,290.6049,292.00488,288.00488,292.6049,289.6049,292.30487,292.00488,291.90488,290.6049,290.90488,289.2049,286.00488,287.7049
291.50488,293.30487,290.50488,290.80487,287.1049,286.00488,287.40488,287.90488,287.90488,288.7049,290.2049,286.80487,285.90488,287.80487,287.50488,288.6049,288.90488,286.80487,289.00488,289.40488,289.30487,289.2049,287.90488,288.80487,289.30487,288.80487,286.7049,291.50488,290.50488,288.6049,289.1049,288.2049,289.30487,290.00488,291.90488,291.7049,291.50488,289.30487,288.30487,287.6049,287.40488
