wind_kz.json
{"header": {"discipline":0,"disciplineName":"Meteorological products","gribEdition":2,"gribLength":1102,"center":7,"centerName":"US National Weather Service - NCEP(WMC)","subcenter":0,"refTime":"2023-08-18T12:00:00.000Z","significanceOfRT":1,"significanceOfRTName":"Start of forecast","productStatus":0,"productStatusName":"Operational products","productType":1,"productTypeName":"Forecast products","productDefinitionTemplate":0,"productDefinitionTemplateName":"Analysis/forecast at horizontal level/layer at a point in time","parameterCategory":2,"parameterCategoryName":"UnknownDiscipline_0_Category_2","parameterNumber":3,"parameterNumberName":"UnknownParameter_D0_C2_3","parameterUnit":"Unknown","genProcessType":2,"genProcessTypeName":"Forecast","forecastTime":180,"surface1Type":103,"surface1TypeName":"Specified height level above ground","surface1Value":10.0,"surface2Type":255,"surface2TypeName":"Missing","surface2Value":0.0,"gridDefinitionTemplate":0,"gridDefinitionTemplateName":"Latitude_Longitude","numberPoints":615,"shape":6,"shapeName":"Earth spherical with radius of 6,371,229.0 m","gridUnits":"degrees","resolution":48,"winds":"true","scanMode":64,"nx":41,"ny":15,"basicAngle":0,"lo1":47.0,"la1":41.0,"lo2":87.0,"la2":55.0,"dx":1.0,"dy":1.0}, "data":
[rows 0 to 14 of 15, columns 0 to 40 of 41]
2.4349122,-0.86508787,0.43491212,-5.215088,-6.345088,-7.115088,-5.465088,-3.685088,-3.2950878,-3.165088,-3.7750878,-3.705088,-3.385088,-3.5050879,-3.615088,-4.635088,-3.935088,-4.215088,-3.945088,-4.045088,-3.955088,-4.1850877,-2.215088,0.4549121,-1.6950879,1.0049121,0.05491211,2.074912,0.9349121,3.2349122,0.8749121,0.21491212,2.1949122,-0.1650879,-0.25508788,1.6349121,0.8049121,-0.23508789,-0.92508787,1.3849121,0.94491214
2.7649121,1.3049121,-1.2250879,-4.1250877,-4.865088,-6.8950877,-3.345088,-3.2650878,-2.8050878,-2.705088,-2.875088,-3.385088,-3.0350878,-2.195088,-2.665088,-1.5250878,-1.9250879,-0.4550879,-2.0450878,-2.435088,-3.2350879,-2.475088,-2.125088,2.604912,1.8849121,0.9849121,-1.6750879,2.4949121,0.2849121,2.2449121,4.1249123,4.184912,0.36491212,-2.115088,-1.4650879,-0.4950879,-1.405088,-3.5150878,-0.9650879,-1.905088,1.9149121
2.0049121,1.5349121,-0.01508789,-1.9650879,-1.5050879,-1.1850879,-2.0650878,-2.0350878,-2.2950878,-3.195088,-3.615088,-1.405088,-1.4450879,-1.7650878,-3.965088,-3.955088,-0.38508788,0.7149121,1.3349121,0.5149121,-1.1650879,-2.0450878,-1.0850879,2.4649122,0.2249121,0.5549121,-0.2250879,1.3049121,0.15491211,3.594912,3.7149122,1.7549121,2.824912,-1.285088,-0.01508789,3.324912,4.534912,0.7149121,0.5649121,-1.3650879,-0.44508788
1.2349122,0.5249121,-5.1050878,-5.445088,-4.045088,-0.8750879,-0.8350879,-2.0750878,-2.385088,-2.855088,-2.215088,-2.2350879,-8.175088,-10.225088,-6.3750877,-3.0150878,-0.6050879,1.594912,1.9749122,3.794912,1.4249121,3.054912,-2.5350878,-4.525088,-2.395088,-2.5650878,-2.695088,-1.155088,-1.655088,-1.8850878,4.214912,-0.5150879,-1.6850879,-2.215088,-0.99508786,-3.395088,-1.7650878,0.9349121,4.284912,3.034912,2.584912
-2.465088,-3.7650878,-4.6850877,-5.3750877,-5.635088,-3.3150878,-3.845088,-2.2550879,-2.715088,-2.945088,-3.395088,-3.185088,-9.795088,-11.215088,-9.6150875,-5.4550877,-2.455088,2.2449121,3.2549121,4.5849123,3.9749122,2.4549122,1.0549121,0.6049121,-2.5050879,-0.8150879,-3.675088,-3.5850878,-4.335088,-2.715088,2.054912,1.4049121,2.594912,3.024912,-1.0250878,-1.7450879,1.3249121,-2.0250878,-1.3150879,2.7149122,2.084912
-2.4850879,-2.095088,-5.365088,-4.885088,-7.6250877,-8.065088,-2.3050878,-3.225088,-3.9950879,-3.2450879,-5.235088,-2.345088,-6.245088,-11.315088,-10.015088,-5.6250877,-5.1250877,1.0249121,2.544912,5.474912,5.5449123,3.4349122,2.774912,2.2649121,1.6549121,8.124912,0.82491213,-2.3350878,-3.465088,-7.795088,-0.2950879,1.3349121,1.9949121,0.9849121,3.2249122,1.9049121,4.514912,3.844912,-1.1150879,-1.9950879,0.9049121
-2.915088,-1.8650879,-0.9650879,-2.595088,-3.455088,-3.415088,-3.665088,-3.875088,-4.225088,-6.275088,-5.715088,-4.025088,-6.015088,-8.005088,-7.655088,-6.6450877,-4.055088,-1.4450879,2.814912,3.4849122,5.344912,4.364912,3.884912,4.174912,4.114912,3.274912,7.1449122,0.6249121,-0.8550879,-4.635088,-7.485088,-4.505088,1.3549122,2.6649122,-1.0850879,-1.8750879,-3.645088,-0.6450879,0.46491212,-0.6950879,0.07491211
-2.7950878,-2.5750878,-2.615088,-2.935088,-3.0350878,-3.9950879,-4.325088,-4.475088,-4.325088,-5.495088,-5.815088,-4.635088,-5.505088,-8.175088,-8.735088,-8.535088,-6.3550878,-1.2350879,2.884912,6.024912,5.204912,5.024912,5.034912,4.194912,5.944912,6.054912,5.714912,6.234912,1.7749121,-0.8750879,-2.885088,-5.885088,0.39491212,1.1949121,1.6949121,0.3749121,1.5349121,1.9449121,-1.5050879,0.4549121,-2.115088
-2.2650878,-3.125088,-3.135088,-3.0350878,-3.0450878,-2.935088,-4.1450877,-4.315088,-4.505088,-5.2050877,-6.035088,-4.885088,-6.1650877,-8.595088,-9.755088,-10.235088,-7.4150877,2.604912,3.324912,4.924912,6.034912,5.274912,4.364912,4.924912,6.304912,5.004912,2.644912,6.194912,7.8749123,5.024912,3.2049122,0.3849121,-2.0350878,3.4349122,3.074912,3.2349122,-2.0350878,0.9649121,1.5449121,0.9149121,-1.0250878
-2.415088,-2.0450878,-2.4850879,-2.615088,-3.455088,-3.705088,-4.235088,-5.635088,-4.945088,-5.135088,-6.575088,-3.865088,-6.3750877,-8.205088,-9.575088,-10.465088,-10.715088,-8.005088,-0.7650879,3.314912,5.364912,3.774912,4.7949123,7.224912,5.234912,4.184912,3.5149121,4.3549123,4.134912,3.9149122,9.644912,2.2349122,-1.4250879,-2.0750878,5.3549123,1.5849121,1.1149122,-2.415088,-0.44508788,3.9549122,3.0149121
-1.6150879,-2.3350878,-2.5550878,-2.5550878,-3.105088,-3.5150878,-3.695088,-3.175088,-4.1650877,-5.4550877,-4.055088,-2.5350878,-6.065088,-8.555088,-9.125088,-9.245088,-10.895088,-10.785088,-8.945087,-2.7350879,1.3949121,-2.465088,-4.6650877,-2.225088,-0.3650879,-0.8250879,0.4049121,1.6049122,4.274912,5.024912,4.694912,3.284912,-0.7550879,-0.3350879,6.384912,2.9149122,1.2649121,3.124912,1.8349121,1.9349121,0.4849121
-0.21508789,-0.6950879,-0.03508789,-1.7650878,-1.8950878,-2.895088,-2.655088,-2.185088,-2.7750878,-3.5150878,-1.8550879,-3.0550878,-4.505088,-4.6650877,-5.805088,-7.465088,-6.495088,-9.455088,-8.705088,-5.285088,-3.9950879,-4.885088,-3.915088,-5.225088,-4.6650877,-3.165088,-2.845088,-1.1850879,-1.2150879,0.75491214,5.844912,7.194912,2.044912,1.0149121,4.264912,4.234912,5.324912,4.384912,3.794912,2.9549122,1.0049121
-0.4550879,-0.55508786,-1.1250879,-0.31508788,-1.2950879,-1.7350879,-2.165088,-2.0250878,-3.185088,-1.905088,-1.4450879,-1.655088,-4.365088,-4.485088,-6.045088,-5.635088,-4.995088,-6.1250877,-5.555088,-5.015088,-4.965088,-4.1050878,-2.875088,-2.7350879,-3.355088,-3.385088,-4.425088,-4.755088,-2.855088,-1.9250879,2.614912,3.874912,3.9549122,3.304912,4.3349123,4.804912,3.4549122,2.2049122,3.604912,1.7049121,0.6449121
0.4149121,-0.09508789,-0.9450879,-0.5850879,-0.7850879,-0.9050879,-0.8950879,-2.3050878,-1.7450879,-3.385088,-0.1650879,-0.7950879,-1.7550879,-2.665088,-5.085088,-4.985088,-4.525088,-4.1650877,-4.305088,-3.725088,-2.855088,-2.635088,-3.7650878,-5.045088,-4.6650877,-5.005088,-5.425088,-4.445088,-4.115088,-2.875088,-3.0550878,2.9349122,3.884912,2.9449122,2.4749122,3.5149121,2.904912,1.0649121,1.8949121,1.5049121,0.6649121
1.1349121,0.4249121,-0.7350879,-0.13508789,-0.47508788,0.4149121,-1.0150878,-1.3550879,-1.7750878,-1.3250879,-0.9350879,-0.2250879,0.4449121,-1.155088,-3.875088,-3.645088,-3.165088,-3.0650878,-3.0150878,-3.2550879,-3.0550878,-2.7450879,-3.415088,-4.235088,-4.1650877,-4.285088,-4.675088,-3.8250878,-4.3950877,-4.055088,-4.6250877,-4.975088,-1.4350879,1.5549121,1.4949121,0.6449121,4.734912,5.384912,2.2449121,2.0049121,0.6249121
