wind_kz.json
{"header": {"discipline":0,"disciplineName":"Meteorological products","gribEdition":2,"gribLength":871,"center":7,"centerName":"US National Weather Service - NCEP(WMC)","subcenter":0,"refTime":"2024-02-01T18:00:00.000Z","significanceOfRT":1,"significanceOfRTName":"Start of forecast","productStatus":0,"productStatusName":"Operational products","productType":1,"productTypeName":"Forecast products","productDefinitionTemplate":0,"productDefinitionTemplateName":"Analysis/forecast at horizontal level/layer at a point in time","parameterCategory":0,"parameterCategoryName":"UnknownDiscipline_0_Category_0","parameterNumber":0,"parameterNumberName":"UnknownParameter_D0_C0_0","parameterUnit":"Unknown","genProcessType":2,"genProcessTypeName":"Forecast","forecastTime":240,"surface1Type":1,"surface1TypeName":"Ground or water surface","surface1Value":0.0,"surface2Type":255,"surface2TypeName":"Missing","surface2Value":0.0,"gridDefinitionTemplate":0,"gridDefinitionTemplateName":"Latitude_Longitude","numberPoints":615,"shape":6,"shapeName":"Earth spherical with radius of 6,371,229.0 m","gridUnits":"degrees","resolution":48,"winds":"true","scanMode":64,"nx":41,"ny":15,"basicAngle":0,"lo1":47.0,"la1":41.0,"lo2":87.0,"la2":55.0,"dx":1.0,"dy":1.0}, "data":
[rows 0 to 14 of 15, columns 0 to 40 of 41]
279.47406,272.37408,278.17407,280.17407,280.47406,281.87408,281.77408,282.77408,280.57407,281.47406,280.57407,281.17407,281.27408,281.27408,281.07407,280.07407,280.77408,279.07407,282.07407,279.87408,280.37408,279.37408,279.77408,275.97406,275.37408,277.67407,272.57407,254.37407,253.77408,251.87407,255.07407,256.87408,262.57407,270.07407,271.07407,271.57407,271.47406,270.97406,270.77408,270.97406,270.67407
256.47406,278.37408,280.07407,279.77408,280.47406,280.87408,282.27408,281.57407,280.77408,280.47406,280.47406,280.17407,280.57407,280.27408,280.77408,280.77408,280.77408,280.77408,279.77408,280.17407,279.87408,278.57407,277.27408,268.27408,250.37407,255.07407,261.97406,251.17407,255.87407,251.67407,261.27408,243.97408,261.97406,241.87407,251.87407,262.67407,259.07407,268.67407,270.07407,266.07407,268.77408
278.27408,278.37408,279.77408,280.07407,280.27408,280.27408,280.37408,279.37408,279.57407,278.97406,278.87408,279.17407,279.47406,279.17407,277.37408,276.77408,277.77408,275.57407,275.47406,276.07407,277.17407,278.47406,277.87408,266.07407,275.97406,273.57407,271.87408,272.67407,273.47406,265.97406,255.07407,258.37408,258.67407,258.77408,255.67407,262.57407,254.07407,251.97408,252.57407,257.07407,253.27408
277.57407,275.57407,277.57407,278.67407,279.07407,279.47406,279.17407,278.97406,279.37408,278.17407,278.17407,277.67407,281.07407,281.77408,278.17407,276.37408,276.27408,275.97406,275.77408,276.27408,277.97406,269.17407,274.97406,274.07407,274.27408,274.17407,273.87408,271.07407,271.57407,272.07407,271.47406,271.47406,272.27408,269.07407,261.87408,265.27408,255.77408,253.77408,264.67407,264.37408,264.37408
277.67407,272.37408,271.27408,271.77408,274.77408,278.57407,276.37408,277.67407,277.27408,275.57407,275.17407,276.17407,278.77408,278.87408,278.17407,275.67407,275.97406,276.27408,276.47406,274.37408,277.37408,276.47406,272.67407,271.77408,271.27408,271.27408,269.17407,271.37408,273.77408,274.17407,272.67407,273.07407,263.87408,249.57407,264.57407,265.27408,260.97406,257.57407,257.77408,258.77408,260.67407
280.07407,278.97406,271.67407,271.47406,271.27408,271.17407,277.77408,277.87408,275.27408,274.97406,274.17407,274.27408,278.27408,278.97406,273.27408,274.27408,272.77408,274.97406,272.97406,272.97406,271.37408,273.47406,271.17407,267.87408,267.97406,264.97406,270.47406,269.67407,269.57407,269.97406,270.27408,271.97406,269.27408,268.57407,268.77408,266.17407,264.77408,264.37408,263.57407,256.97406,258.07407
280.07407,279.37408,281.47406,280.67407,275.57407,277.27408,279.07407,275.47406,273.17407,272.67407,273.07407,272.47406,272.67407,272.47406,272.47406,272.87408,272.07407,272.27408,273.07407,273.07407,273.17407,273.17407,273.17407,273.07407,273.17407,272.97406,272.77408,272.17407,270.67407,270.27408,271.57407,270.47406,271.57407,269.77408,267.27408,266.37408,266.77408,264.47406,266.07407,261.27408,261.37408
279.57407,279.27408,278.27408,277.97406,277.87408,277.27408,276.77408,276.87408,275.17407,272.67407,271.87408,271.77408,273.07407,273.17407,274.07407,273.47406,273.27408,272.97406,273.07407,273.17407,273.17407,273.17407,273.17407,273.17407,273.07407,272.57407,272.47406,273.17407,273.07407,273.17407,272.77408,272.77408,272.57407,268.57407,270.57407,272.27408,271.57407,269.17407,267.97406,266.87408,267.57407
278.77408,278.67407,278.17407,278.17407,277.47406,277.77408,277.17407,273.97406,273.17407,273.47406,273.17407,273.17407,273.17407,273.07407,272.97406,272.97406,272.97406,272.37408,272.27408,271.87408,272.17407,269.97406,270.07407,269.87408,269.27408,269.67407,269.57407,271.47406,269.57407,269.27408,269.07407,270.97406,272.87408,272.87408,271.57407,270.87408,267.57407,269.57407,263.07407,262.17407,262.17407
278.17407,277.37408,276.37408,277.57407,275.67407,274.07407,273.17407,273.17407,273.17407,273.37408,273.17407,273.17407,273.17407,273.07407,271.57407,270.97406,269.57407,268.77408,268.17407,268.07407,266.47406,265.87408,266.47406,265.47406,265.97406,265.37408,265.77408,266.17407,265.27408,265.07407,268.07407,270.87408,271.67407,271.97406,269.67407,270.57407,269.47406,265.27408,266.07407,264.37408,263.07407
273.77408,273.37408,272.67407,272.47406,273.17407,273.17407,273.27408,273.17407,273.17407,273.17407,273.17407,272.17407,272.07407,269.87408,267.17407,266.07407,264.57407,263.97406,261.67407,257.77408,257.07407,256.47406,257.47406,255.67407,257.67407,257.27408,256.27408,262.77408,265.27408,267.27408,267.67407,269.27408,269.57407,268.77408,267.67407,263.17407,265.77408,265.27408,262.17407,265.67407,265.07407
273.17407,273.17407,273.17407,273.17407,273.17407,273.17407,273.17407,272.37408,272.57407,272.67407,270.27408,267.87408,267.57407,264.77408,261.67407,256.67407,254.27408,253.57407,252.57407,250.97408,250.17407,252.27408,248.47408,248.37407,251.57407,256.27408,258.17407,261.67407,262.27408,261.87408,261.57407,262.07407,264.17407,262.37408,264.57407,263.17407,264.87408,265.17407,264.67407,265.97406,266.97406
273.17407,271.37408,272.17407,271.67407,271.47406,270.67407,269.77408,268.47406,267.67407,268.77408,266.57407,264.17407,258.97406,255.57407,256.37408,252.97408,252.07407,251.87407,249.67407,250.17407,248.67407,249.07407,249.87407,250.57407,255.77408,255.47408,257.47406,255.87407,256.47406,257.57407,257.77408,258.27408,258.57407,259.87408,260.87408,261.07407,260.87408,262.47406,260.67407,257.57407,260.17407
269.97406,269.67407,269.87408,269.07407,267.77408,266.37408,264.97406,263.37408,261.47406,259.97406,257.77408,256.57407,253.07407,252.37407,253.27408,253.67407,253.77408,253.47408,250.47408,253.97408,253.47408,253.07407,253.47408,253.87407,253.67407,253.57407,254.07407,254.57407,255.07407,255.47408,255.97408,257.17407,259.17407,259.47406,260.47406,260.37408,260.47406,260.27408,259.57407,259.67407,258.07407
267.37408,261.77408,265.77408,265.67407,264.27408,262.17407,259.77408,258.07407,256.57407,255.57407,257.87408,251.37407,252.97408,251.47408,251.97408,254.57407,255.17407,255.57407,253.37407,254.87407,253.37407,253.17407,252.97408,254.57407,254.87407,255.07407,255.17407,255.77408,256.67407,257.27408,257.87408,257.77408,259.47406,259.87408,259.87408,259.97406,260.97406,260.07407,261.37408,261.17407,261.27408
