wind_kz.json
{"header": {"discipline":0,"disciplineName":"Meteorological products","gribEdition":2,"gribLength":1025,"center":7,"centerName":"US National Weather Service - NCEP(WMC)","subcenter":0,"refTime":"2023-08-24T00:00:00.000Z","significanceOfRT":1,"significanceOfRTName":"Start of forecast","productStatus":0,"productStatusName":"Operational products","productType":1,"productTypeName":"Forecast products","productDefinitionTemplate":0,"productDefinitionTemplateName":"Analysis/forecast at horizontal level/layer at a point in time","parameterCategory":2,"parameterCategoryName":"UnknownDiscipline_0_Category_2","parameterNumber":3,"parameterNumberName":"UnknownParameter_D0_C2_3","parameterUnit":"Unknown","genProcessType":2,"genProcessTypeName":"Forecast","forecastTime":60,"surface1Type":103,"surface1TypeName":"Specified height level above ground","surface1Value":10.0,"surface2Type":255,"surface2TypeName":"Missing","surface2Value":0.0,"gridDefinitionTemplate":0,"gridDefinitionTemplateName":"Latitude_Longitude","numberPoints":615,"shape":6,"shapeName":"Earth spherical with radius of 6,371,229.0 m","gridUnits":"degrees","resolution":48,"winds":"true","scanMode":64,"nx":41,"ny":15,"basicAngle":0,"lo1":47.0,"la1":41.0,"lo2":87.0,"la2":55.0,"dx":1.0,"dy":1.0}, "data":
[rows 0 to 14 of 15, columns 0 to 40 of 41]
0.87999755,-0.25000244,-3.0700026,-8.3600025,-7.7800026,-6.3300023,-5.0500026,-6.8500023,-5.3600025,-4.4900026,-4.3800025,-1.2600025,-0.28000244,-4.1900024,-4.7700024,-5.7700024,-11.480002,-10.460003,-7.6000023,-4.4600024,-3.9000025,-1.3100024,-1.6100024,-0.9700024,5.7899976,3.0299976,1.7899976,1.8699975,-3.4700024,4.2999973,-0.020002441,-1.0000024,0.48999757,-3.7500024,-1.9000025,2.1499975,4.7599974,0.94999754,-1.9600024,-0.6500024,0.50999755
-2.9300025,0.25999755,-5.680002,-7.6900024,-8.6100025,-8.170002,-7.0200024,-6.1000023,-4.4900026,-5.4600024,-0.42000243,-1.3800025,-2.1400025,5.5199976,0.73999757,-0.21000244,0.5399976,-5.680002,-6.8800025,-6.5200024,-3.6600025,-2.1800025,0.21999756,0.7899976,3.4399977,2.7999976,3.8099976,0.37999755,-0.28000244,-1.9600024,1.1299976,0.7799976,-0.73000246,2.2099977,1.3299975,2.6699975,2.6599975,2.4899976,1.9199976,2.4599977,0.05999756
-4.430002,-7.8300023,-9.580003,-9.3600025,-9.940002,-5.7600026,-8.320003,-8.690002,-8.180002,-10.180002,-6.0300026,-6.2300024,-3.7600024,-2.0100024,-4.5100026,0.19999756,5.2599974,3.3899975,3.9099975,-4.8900023,-4.1100025,-1.9800024,3.5299976,3.0599976,-2.0500023,-2.8800025,-4.3000026,-4.1100025,-4.3500023,-3.6200025,-3.0100024,-0.76000243,3.1899977,0.08999756,2.0599976,-0.63000244,-1.8700024,-0.27000245,2.9799976,3.0799975,-1.6600025
-6.8200026,-5.8900023,-8.420002,-8.940002,-9.380002,-8.320003,-8.760002,-9.000003,-0.31000245,-3.4200025,-0.19000244,4.819998,-0.80000246,-4.0800023,-1.0200025,-0.7800024,-3.5400023,-0.12000244,-2.2200024,-5.3100023,-5.5500026,-2.6400025,4.1099977,5.3799977,2.2599976,-2.0200024,-2.9000025,-2.4600024,-4.6700025,-4.3200026,-5.3100023,-5.0900025,1.6199975,4.1399975,1.2699976,1.3399975,-2.7000024,0.34999755,-2.5100024,-3.1000025,-3.7500024
-6.7600026,-7.410002,-6.2800026,-8.730002,-8.910003,-8.480002,-6.1300025,-5.9400024,-5.4600024,-4.7600026,-3.1000025,-7.7100024,0.049997557,-1.3700024,-1.5600024,-0.6500024,6.2199974,-3.2800024,-0.85000247,-4.4900026,-1.4800024,-5.0300026,-0.20000245,0.8499976,1.4699975,1.1199975,-2.7700024,-4.4900026,-6.2700024,-3.4800024,-4.2800026,-5.5900025,-2.1200025,0.34999755,-0.010002442,1.3299975,0.01999756,-1.4400024,-0.99000245,-0.5900024,-1.7100024
-6.0100026,-5.9600024,-6.6000023,-4.6500025,-9.160003,-10.480002,-8.270002,-7.3700023,-5.5400023,-7.1500025,-6.7800026,-1.7700025,-6.2600026,3.2299976,1.0299976,-0.74000245,-1.0900024,-1.2900025,3.0599976,-0.22000244,-2.4414062E-6,0.39999756,-1.2500024,-0.48000243,-0.75000244,-2.0500023,-2.1300025,3.1199975,-1.5100025,-0.9600024,-1.1700025,-4.0600023,-6.4600024,-3.1000025,-0.33000243,-1.7700025,-2.8700025,0.7199976,-1.8300024,-0.43000245,-2.3500025
-5.3200026,-6.7500024,-7.3100023,-7.8300023,-8.540003,-8.710003,-5.1900024,-8.270002,-5.430002,-8.680002,-5.0200024,-0.62000245,-5.6200023,-9.130002,7.3899975,2.6899977,-4.9900026,0.56999755,4.2699976,3.4199975,3.2199976,5.819998,4.4799976,4.5599976,2.5099976,-1.0500025,-1.1000024,-2.6700025,0.76999754,5.8799977,2.7699976,2.8699975,5.7099977,2.1999977,-0.13000244,0.33999756,1.2999976,-1.6700025,0.08999756,1.9599975,-6.5000024
-4.7900023,-6.0400023,-7.680002,-7.7300024,-8.060002,-7.7900023,-7.9900026,-8.080003,-7.0100026,-6.6500025,-4.3200026,-7.0800023,-7.2300024,-6.9200025,-3.4600024,-2.9200025,-5.3600025,-1.7600025,-3.8300025,-2.1900024,-6.2300024,3.8399975,5.5999975,5.1599975,4.4599977,2.1599975,-0.05000244,-2.2600024,-0.8400024,-1.6800025,-0.09000244,0.7299976,0.73999757,2.3299975,-0.7800024,0.41999757,-2.1500025,-0.36000243,1.6699976,3.1099975,-2.5900025
-5.0600023,-5.6900024,-6.5500026,-7.5500026,-7.0400023,-7.1200023,-6.5900025,-7.0800023,-4.0500026,-6.2600026,-8.160003,-2.8400025,-4.7000027,-6.3300023,-4.4800024,-2.7800024,-1.9000025,-5.2600026,-2.7200024,-1.3200024,-7.8400025,-3.4800024,2.6399975,4.9899974,4.9599977,2.8299975,1.9099976,-1.8000025,-1.7900025,1.2399975,1.8299975,-2.4500024,-2.2300024,-4.3300023,-4.4900026,-3.5200024,2.5399976,1.9199976,3.3999975,2.4099975,1.8799976
-5.0800023,-5.2200027,-5.6700025,-6.0400023,-7.1700025,-8.240003,-7.0100026,-6.7800026,-5.9400024,-6.6400023,-6.6700025,-4.4400024,-2.0600023,-4.3200026,-4.7200027,-4.1300025,-4.3100023,-4.7700024,-1.8800025,-2.8000023,-1.8800025,-3.5400023,-0.030002441,-2.3600025,4.4399977,3.5499976,2.7099977,0.64999753,0.54999757,0.7799976,1.7299975,0.12999755,-1.3600024,-2.2800024,-3.0200024,-2.7500024,-1.3100024,-0.11000244,2.3599975,2.7599976,2.3799975
-6.4600024,-7.6200023,-5.9700027,-6.2100024,-5.4200025,-5.7500024,-7.3400025,-7.4200025,-7.1200023,-5.3700023,-4.5900025,-2.8300025,-3.9600024,-3.7200024,-2.8100023,-2.2700024,-3.1200025,-3.0500023,-3.9000025,-2.6100025,-2.2600024,-3.2700024,-1.2100024,-0.51000243,1.8099976,2.5899975,3.9899976,3.4999976,1.5399976,1.7399975,1.9499975,1.5799975,-0.24000244,-1.8800025,-3.3800025,-4.1300025,-1.8600024,-1.3200024,-3.5200024,-2.3800025,1.3699975
-5.0800023,-5.8200026,-5.0900025,-5.2700024,-5.9600024,-4.9400024,-4.4600024,-4.8800025,-5.6000023,-5.2600026,-6.5200024,-4.8600025,-1.7800025,-2.8700025,-3.3900025,-1.0900024,-3.4400024,-2.8700025,-2.1300025,-3.7400024,-3.9600024,-3.0100024,-3.6400025,1.2799976,-5.3400025,-8.170002,4.8699975,5.7899976,5.0199976,3.5199976,2.9299974,0.74999756,1.3599975,-1.4500024,-1.3700024,-1.8800025,-2.7700024,0.009997559,1.1999975,0.26999757,-0.23000245
-4.1200023,-5.3200026,-6.3300023,-4.8800025,-3.2100024,-2.4600024,-1.9500024,-3.9400024,-2.7500024,-2.7900023,-1.6300025,-2.1700025,-1.2600025,-2.5000024,-4.2800026,-2.3600025,-2.4600024,-2.5500023,-2.2200024,-3.8600025,-1.0000024,-1.6400025,-2.2800024,-2.5000024,-3.4700024,-7.2200027,3.4299974,3.7399976,5.8099976,5.5499973,3.6499975,1.8399975,0.7799976,1.9199976,-0.81000245,-1.9200025,-1.5700024,-2.0300024,-2.5900025,-0.12000244,-0.21000244
-5.5900025,-3.9400024,-3.6000025,-4.2600026,-3.8500025,-4.2900023,-2.4600024,-4.2100024,-3.3600025,-2.9900024,-1.5400025,-1.3800025,-1.0900024,-1.2300024,-2.5100024,-2.0800025,-2.3800025,-2.3700025,-2.0200024,-2.0800025,-2.6100025,-0.010002442,2.2899976,1.0099976,-0.62000245,-3.7900023,-5.3400025,-5.430002,4.9799976,5.4799976,4.7399974,3.2399976,-0.11000244,0.44999754,-0.6400024,-2.3300025,-2.4400024,-2.7600024,-2.3100023,-1.4800024,-2.0800025
-2.3100023,-4.3800025,-3.8300025,-4.5100026,-3.1200025,-4.2600026,-3.6600025,-3.0100024,-2.5800025,-3.5800025,-0.60000247,-1.5900024,0.07999756,-1.8500024,-0.30000246,-1.4600024,-1.1700025,-1.2000024,-3.2500024,-3.8500025,-2.1500025,0.39999756,-2.2500024,5.3699975,3.9299974,1.6399976,-1.0600024,-2.8600025,-4.4700027,2.9399977,3.6899977,4.6199975,1.9799975,2.2699976,0.7799976,-1.0500025,-1.9100025,-1.9800024,-2.0800025,-2.7200024,-1.1700025
