wind_kz.json
{"header": {"discipline":0,"disciplineName":"Meteorological products","gribEdition":2,"gribLength":1025,"center":7,"centerName":"US National Weather Service - NCEP(WMC)","subcenter":0,"refTime":"2023-09-27T18:00:00.000Z","significanceOfRT":1,"significanceOfRTName":"Start of forecast","productStatus":0,"productStatusName":"Operational products","productType":1,"productTypeName":"Forecast products","productDefinitionTemplate":0,"productDefinitionTemplateName":"Analysis/forecast at horizontal level/layer at a point in time","parameterCategory":2,"parameterCategoryName":"UnknownDiscipline_0_Category_2","parameterNumber":3,"parameterNumberName":"UnknownParameter_D0_C2_3","parameterUnit":"Unknown","genProcessType":2,"genProcessTypeName":"Forecast","forecastTime":240,"surface1Type":103,"surface1TypeName":"Specified height level above ground","surface1Value":10.0,"surface2Type":255,"surface2TypeName":"Missing","surface2Value":0.0,"gridDefinitionTemplate":0,"gridDefinitionTemplateName":"Latitude_Longitude","numberPoints":615,"shape":6,"shapeName":"Earth spherical with radius of 6,371,229.0 m","gridUnits":"degrees","resolution":48,"winds":"true","scanMode":64,"nx":41,"ny":15,"basicAngle":0,"lo1":47.0,"la1":41.0,"lo2":87.0,"la2":55.0,"dx":1.0,"dy":1.0}, "data":
[rows 0 to 14 of 15, columns 0 to 40 of 41]
-2.6463294,1.9136707,-4.7663293,-10.576329,-11.526329,-10.21633,-6.3763294,-2.3663294,0.84367067,-0.77632934,0.26367065,2.1436706,1.5036707,0.44367066,-2.6063294,-2.3563294,-1.1963294,-0.22632934,-1.3463293,0.53367066,2.1636705,-1.8263294,-1.3863293,-2.2763293,-1.6963294,-0.26632935,-1.2163293,0.7136707,2.4136705,3.3136706,0.97367066,0.7136707,0.37367067,-1.4963293,-2.8063293,-2.4063294,-1.0863293,-1.0063293,-0.82632935,-3.2963293,3.0736706
-3.6763294,-3.2963293,-13.146329,-11.59633,-11.84633,-10.416329,-7.096329,-3.2563293,-2.7263293,0.41367066,0.68367064,0.67367065,-1.0763294,0.8836706,-2.3263292,-3.4363294,-2.5063293,-0.27632934,-1.0563294,-0.71632934,0.37367067,-0.33632934,0.80367064,1.5336707,0.60367066,0.67367065,-3.2463293,1.9136707,-0.34632933,1.8736707,2.0136707,3.5836706,1.3536706,-2.5763292,-4.2463293,-1.7863294,-1.1763294,-3.1163294,-2.0363293,-1.7363293,-0.55632937
0.54367065,-7.7563295,-11.72633,-12.42633,-9.406329,-7.5463295,-6.2363296,-7.8963294,-3.7163293,1.7436707,2.9236708,-0.41632935,-0.026329346,0.043670654,-1.5663294,-2.4663293,-2.0663292,-0.39632934,-0.7363293,-2.1363294,0.18367065,-0.38632935,-0.37632933,-0.5463293,-0.07632934,0.49367064,0.0036706543,-0.09632935,-0.47632936,1.6036706,4.673671,1.9636706,1.4836707,-0.62632936,-1.1763294,2.0636706,4.6036706,1.4736706,0.5836707,-0.7363293,1.8236706
-0.49632934,-3.3663294,-6.9363294,-9.786329,-6.946329,-5.1863294,-6.2363296,-6.3063293,-4.5163293,0.31367067,2.9536707,0.94367063,-0.37632933,-1.5263294,-1.4063294,-0.46632934,-2.2563293,-1.9563293,-2.0263293,-2.1563294,1.1036706,-0.75632936,2.4836707,-0.12632935,-1.1863294,-1.6263293,-2.2263293,-0.71632934,1.9536706,1.4736706,-0.40632933,-0.62632936,-2.2463293,-1.7163293,-0.51632935,-4.0063295,-3.5063293,0.91367066,5.0436707,1.0236707,2.1536705
-2.2563293,-4.9863296,-5.9763293,-6.3563294,-6.076329,-4.7663293,-5.2563295,-1.8663293,-2.2263293,0.18367065,4.653671,2.6136706,0.42367065,0.013670654,0.073670655,0.35367066,-2.9163294,0.10367066,-0.13632935,1.5036707,0.94367063,0.90367067,0.72367066,-0.08632935,-0.8663294,-1.6663294,-2.2763293,-1.8663293,-1.5063293,-2.5563293,-2.8363295,0.54367065,1.3236706,2.4936707,-1.6463294,-0.33632934,-1.1263293,-2.5363293,0.18367065,1.9536706,1.0136707
-3.4563293,-3.9063294,-4.446329,-7.8563294,-9.5463295,-10.036329,-6.136329,-4.076329,-2.3963294,2.3236706,3.6036706,2.8236706,1.6236707,0.62367064,1.8536706,-1.2263293,-2.1863294,0.99367064,0.18367065,0.44367066,0.29367065,2.3736706,2.4736707,1.5736706,0.50367063,-0.75632936,-1.5863293,-1.6763294,-0.9763293,-2.0163293,-0.6663293,-1.2663293,-2.0263293,-2.1763294,1.7436707,2.2036707,3.4736707,3.3136706,0.92367065,0.36367065,-1.2563293
-2.2163293,-2.5063293,-5.1463294,-5.7463293,-6.8963294,-8.446329,-10.63633,-5.2063293,-1.1463294,5.3536706,4.5236707,3.5836706,3.0336707,1.5236707,0.56367064,-0.9163293,-0.52632934,0.56367064,1.8636707,1.2336707,0.87367064,2.2636707,3.8636706,3.2136707,2.4536707,1.5936706,-0.026329346,-0.41632935,-0.6663293,-0.63632935,-0.9763293,-2.0563293,-2.3963294,-0.71632934,-1.6363293,-1.7263293,-2.7863293,-0.37632933,0.91367066,-0.57632935,0.46367064
-2.2663293,-3.4763293,-2.7963293,-3.7563293,-6.5163293,-8.186329,-8.566329,-8.606329,0.27367064,5.2836704,5.4836707,4.3936706,3.5936706,3.0136707,1.8636707,0.5836707,-1.5963293,-0.17632934,2.3736706,2.5836706,1.7036706,1.5136707,1.9336706,3.5536706,3.5236707,2.3436706,2.2536707,0.34367067,0.013670654,0.13367066,0.08367065,-0.056329347,-1.3863293,-2.4463294,0.42367065,0.06367066,-1.0163293,0.25367066,0.44367066,0.33367065,-0.81632936
-2.5063293,-3.6863294,-3.8463295,-3.1763294,-2.6663294,-5.7563295,-7.9363294,-7.676329,-5.9563293,1.1836706,3.9136705,3.8636706,3.1036706,3.5436707,3.2936707,2.6036706,0.87367064,0.45367065,0.99367064,3.1536705,2.3736706,2.2836707,2.4536707,2.3836706,2.6736708,4.0136704,2.7836707,2.8036706,2.1036706,1.4736706,2.1936707,1.5936706,2.3936706,0.86367065,1.8436706,0.97367066,-2.1563294,0.10367066,0.26367065,-0.20632935,-1.5263294
-2.6463294,-2.8263292,-3.4363294,-3.7663293,-3.4763293,-2.4963293,-4.3963294,-6.7363296,-4.906329,-2.7463293,0.32367066,3.3936706,3.3936706,3.5836706,3.6536705,3.0636706,2.7636707,1.9636706,1.8136706,2.0336707,3.6736708,3.8036706,3.2136707,3.0436707,2.9536707,2.5136707,3.6136706,2.2036707,2.3636706,2.8536706,2.8136706,2.7136707,2.4136705,2.4536707,0.85367066,0.69367063,0.10367066,-1.6363293,-0.44632936,0.6336706,2.0536706
-2.2163293,-2.0263293,-3.1563294,-3.2563293,-3.3663294,-4.3363295,-2.0963295,-4.846329,-4.9563293,-4.7163296,0.20367065,0.92367065,2.8936706,3.5736706,4.0036707,4.073671,3.8336706,3.4136705,3.1136706,3.0136707,2.9136705,2.7336707,3.7736707,3.9636707,3.2136707,2.8936706,1.6136707,2.4136705,3.0936706,3.0736706,3.6836708,3.9736707,3.2536707,2.6036706,2.4236708,0.62367064,0.113670655,1.0736706,0.5836707,0.17367065,0.12367065
-1.9163294,-2.1663294,-1.6763294,-3.1163294,-3.2863293,-4.096329,-4.7463293,-1.8563293,-2.4763293,-4.406329,-2.8563294,-0.056329347,1.4436706,1.5236707,1.3736707,1.2736707,4.653671,4.423671,3.8236706,3.7436707,3.5036707,2.8936706,2.7136707,3.0436707,3.0836706,2.8236706,3.1336706,2.9436707,2.5636706,2.9736707,3.2936707,3.8036706,2.7636707,2.6636705,2.2736707,2.6336706,2.4436707,2.6536705,1.6036706,1.8336706,1.0936706
-1.5663294,-1.4963293,-1.0163293,-1.2963294,-2.0363293,-1.9463294,-3.3163292,-2.6663294,-3.5263293,-2.9363294,-0.8663294,-1.1763294,-4.406329,-1.2763294,-1.9263294,0.53367066,3.3836706,3.2836707,4.4636707,4.0436707,3.7836707,3.6936707,3.2536707,2.9836707,3.1936707,3.0336707,2.8336706,2.3736706,2.4336708,2.9536707,3.1436706,3.3936706,2.9636707,2.6836708,2.4536707,2.8236706,2.2936707,2.0336707,2.6436706,1.9636706,1.0736706
0.09367065,-1.1263293,-1.5663294,-1.8463293,-1.6963294,-1.4463294,-2.7863293,-2.3863294,-2.2863293,-2.4263294,-1.6263293,-0.31632936,-0.71632934,-1.5463294,-2.2463293,-2.3763294,-2.4463294,-1.9163294,-0.30632934,2.0536706,2.3236706,3.0936706,3.3536706,3.1936707,3.1236706,2.8536706,2.6636705,2.7336707,2.4436707,2.6036706,2.7636707,2.8036706,2.9536707,2.9636707,1.8436706,2.2336707,1.8036706,1.9436706,1.6136707,2.0936706,2.6336706
1.1536707,0.5236707,-0.89632934,-1.1163293,-0.55632937,0.24367066,-0.16632934,-0.42632934,-0.89632934,-1.8463293,-1.5163293,-1.2363293,-0.87632936,0.7036707,0.7036707,-1.7663293,-1.7763294,-1.7663293,-2.2563293,-1.2363293,-0.75632936,0.19367066,1.2336707,0.7636707,1.6736706,2.2336707,2.1336706,2.1536705,2.2836707,1.6636707,1.6536707,1.6736706,1.5236707,1.7036706,1.8736707,1.8436706,1.9236706,2.7236707,3.0536706,3.2936707,1.3236706
