wind_kz.json
{"header": {"discipline":0,"disciplineName":"Meteorological products","gribEdition":2,"gribLength":1102,"center":7,"centerName":"US National Weather Service - NCEP(WMC)","subcenter":0,"refTime":"2023-09-30T12:00:00.000Z","significanceOfRT":1,"significanceOfRTName":"Start of forecast","productStatus":0,"productStatusName":"Operational products","productType":1,"productTypeName":"Forecast products","productDefinitionTemplate":0,"productDefinitionTemplateName":"Analysis/forecast at horizontal level/layer at a point in time","parameterCategory":2,"parameterCategoryName":"UnknownDiscipline_0_Category_2","parameterNumber":3,"parameterNumberName":"UnknownParameter_D0_C2_3","parameterUnit":"Unknown","genProcessType":2,"genProcessTypeName":"Forecast","forecastTime":180,"surface1Type":103,"surface1TypeName":"Specified height level above ground","surface1Value":10.0,"surface2Type":255,"surface2TypeName":"Missing","surface2Value":0.0,"gridDefinitionTemplate":0,"gridDefinitionTemplateName":"Latitude_Longitude","numberPoints":615,"shape":6,"shapeName":"Earth spherical with radius of 6,371,229.0 m","gridUnits":"degrees","resolution":48,"winds":"true","scanMode":64,"nx":41,"ny":15,"basicAngle":0,"lo1":47.0,"la1":41.0,"lo2":87.0,"la2":55.0,"dx":1.0,"dy":1.0}, "data":
[rows 0 to 14 of 15, columns 0 to 40 of 41]
-3.386947,-2.696947,-0.50694704,-2.4069471,4.243053,3.253053,1.923053,0.02305298,1.163053,1.633053,4.603053,3.733053,4.303053,3.643053,2.773053,0.42305297,-1.0969471,-1.496947,-3.076947,-1.556947,-1.526947,-0.926947,-1.036947,0.42305297,-0.776947,-0.706947,-2.306947,-1.4869471,-1.566947,2.823053,1.163053,-0.49694702,0.93305296,-1.026947,1.173053,1.363053,1.5230529,1.503053,1.113053,1.7830529,1.7630529
5.783053,-4.126947,-6.946947,-4.406947,1.613053,4.423053,1.0230529,1.5230529,2.823053,4.143053,4.533053,4.423053,4.123053,3.473053,2.383053,2.623053,1.063053,-0.43694702,-2.106947,-3.036947,-2.776947,-2.626947,0.883053,0.39305297,-2.146947,-1.326947,-1.2269471,2.233053,1.323053,3.023053,2.693053,4.7130527,1.163053,-0.606947,-3.106947,-0.966947,-0.736947,-0.986947,-0.38694704,-1.2269471,-0.18694702
-5.326947,-13.726947,-14.926947,-8.196947,-0.04694702,1.623053,0.433053,0.583053,1.483053,4.193053,5.003053,5.233053,5.573053,4.373053,3.713053,4.233053,2.013053,2.643053,0.273053,-2.086947,-1.1069471,-2.956947,-2.236947,-0.99694705,0.48305297,0.403053,0.603053,1.103053,-1.036947,0.463053,3.743053,0.883053,1.233053,-0.39694703,-0.29694703,1.043053,3.103053,0.47305298,-0.036947023,0.12305298,0.38305297
-4.656947,-9.626947,-9.866947,-13.476947,-12.516947,-0.956947,0.80305296,1.743053,1.503053,3.723053,3.973053,4.203053,8.043053,6.723053,4.443053,4.303053,3.563053,2.643053,1.0130529,-2.536947,-0.476947,-1.166947,1.943053,-0.526947,-1.2169471,-1.666947,-2.426947,-2.856947,-0.026947021,0.20305298,-2.236947,-0.586947,-1.556947,-0.68694705,-0.27694702,-1.906947,-0.0069470215,2.403053,0.61305296,0.11305298,-0.836947
1.353053,-2.126947,-3.4169471,-5.436947,-8.226947,-9.246947,-0.04694702,1.433053,1.2830529,2.363053,5.033053,5.513053,6.763053,7.243053,5.413053,4.733053,4.293053,3.273053,2.043053,0.603053,0.493053,0.50305295,-0.24694702,-0.116947025,-0.896947,-1.2169471,-1.746947,-2.266947,-2.526947,-2.586947,-2.696947,-0.10694702,2.143053,4.113053,-0.38694704,-0.21694702,-2.396947,0.693053,1.443053,0.37305298,-2.116947
-3.006947,-2.766947,-3.396947,-1.816947,-4.086947,-5.776947,-9.326947,0.48305297,1.553053,1.713053,4.733053,5.323053,5.923053,8.753053,5.703053,4.323053,4.193053,3.993053,2.803053,2.943053,1.663053,1.673053,0.893053,1.1430529,1.113053,0.643053,-0.22694702,0.24305297,-1.796947,-2.766947,-3.476947,0.793053,0.98305297,0.583053,1.543053,-2.276947,0.773053,-0.036947023,-2.176947,0.24305297,-2.626947
-1.256947,-1.4669471,-1.776947,-1.006947,-0.586947,-3.636947,-6.026947,-3.766947,2.403053,1.133053,4.563053,6.573053,6.513053,4.753053,4.933053,4.843053,4.543053,3.753053,3.533053,3.303053,2.033053,2.033053,3.043053,2.263053,0.013052979,1.613053,1.373053,0.913053,-1.136947,-2.956947,-3.196947,-2.1569471,2.0830529,2.013053,0.04305298,-0.50694704,-1.366947,-0.06694702,0.21305297,0.56305295,-3.646947
-0.14694703,0.28305298,-0.346947,-1.296947,-2.986947,-3.126947,-3.466947,-4.746947,0.17305298,3.443053,3.973053,7.583053,7.543053,7.783053,7.163053,6.313053,5.173053,4.253053,4.003053,3.643053,3.353053,2.863053,2.253053,2.223053,1.2730529,0.31305298,-1.246947,-0.20694703,0.45305297,-1.2269471,-1.006947,-1.126947,-0.23694701,2.353053,2.803053,1.733053,0.703053,0.44305298,0.44305298,0.843053,-0.76694703
2.123053,0.56305295,0.56305295,0.783053,0.22305298,-1.7269471,-1.686947,-3.206947,-3.506947,3.203053,5.003053,6.033053,6.313053,7.083053,7.283053,6.163053,5.823053,4.613053,4.263053,4.133053,2.933053,0.583053,2.8430529,1.583053,1.743053,1.983053,2.193053,1.5130529,0.783053,-0.43694702,-0.786947,-2.236947,0.013052979,3.153053,3.713053,2.863053,0.603053,1.603053,2.913053,1.303053,-0.06694702
2.103053,2.073053,1.803053,1.823053,1.463053,0.15305299,-0.606947,0.783053,-0.49694702,-3.716947,6.193053,7.523053,7.523053,7.623053,7.263053,6.4630527,4.733053,4.423053,4.843053,4.243053,3.793053,3.493053,0.73305297,-0.586947,2.183053,3.033053,2.693053,1.953053,2.053053,1.1430529,-1.576947,0.47305298,-1.086947,0.10305298,2.893053,2.053053,1.433053,-0.48694703,2.713053,3.273053,3.403053
0.80305296,1.883053,3.153053,3.173053,2.053053,2.683053,1.0130529,2.473053,2.063053,1.593053,2.233053,6.343053,8.473053,8.333053,7.323053,6.973053,6.273053,5.693053,5.623053,4.663053,4.373053,3.5930529,2.973053,2.253053,2.263053,1.553053,0.883053,1.293053,3.293053,1.913053,0.15305299,0.433053,0.37305298,1.983053,3.643053,3.403053,2.113053,1.933053,4.153053,1.823053,1.183053
1.423053,2.633053,3.3430529,3.733053,3.3430529,3.453053,2.393053,4.073053,1.843053,0.32305297,-3.486947,8.243053,9.073053,8.533053,7.863053,7.103053,6.173053,5.933053,5.803053,4.563053,4.223053,3.483053,2.683053,2.173053,2.173053,1.053053,1.583053,1.243053,0.62305295,-0.606947,-0.07694702,-1.0969471,1.323053,2.163053,2.663053,5.973053,4.923053,1.163053,1.7630529,0.44305298,0.56305295
2.113053,4.293053,4.803053,4.623053,4.633053,3.203053,3.063053,3.483053,4.063053,2.813053,1.433053,6.9630527,7.493053,8.153053,7.253053,6.363053,6.013053,6.603053,3.733053,3.503053,3.423053,3.303053,2.463053,2.183053,0.953053,0.843053,0.67305297,1.813053,0.25305298,-1.9769471,1.953053,-1.926947,-3.586947,1.493053,1.973053,3.493053,5.033053,3.0830529,2.163053,1.6430529,0.68305296
1.733053,5.2130527,6.423053,5.873053,4.943053,4.873053,4.063053,4.353053,2.403053,2.303053,4.863053,5.673053,7.303053,7.403053,6.743053,6.093053,6.333053,5.493053,4.143053,3.273053,3.0930529,2.813053,2.863053,1.303053,0.963053,0.963053,0.493053,0.303053,-0.20694703,-1.896947,-0.23694701,0.523053,1.573053,-1.616947,0.93305296,2.233053,2.353053,3.3330529,1.553053,0.36305296,0.93305296
1.303053,5.733053,7.163053,5.913053,4.773053,4.613053,4.193053,3.963053,2.053053,2.663053,3.203053,5.783053,5.533053,3.383053,7.233053,7.013053,6.2130527,5.343053,4.063053,3.403053,2.733053,2.873053,2.023053,1.633053,0.523053,-0.19694702,0.403053,1.353053,0.16305298,-2.146947,-2.326947,-1.586947,1.373053,1.2730529,1.173053,0.74305296,0.44305298,0.893053,1.583053,1.693053,0.913053
