wind_kz.json
{"header": {"discipline":0,"disciplineName":"Meteorological products","gribEdition":2,"gribLength":871,"center":7,"centerName":"US National Weather Service - NCEP(WMC)","subcenter":0,"refTime":"2024-04-09T12:00:00.000Z","significanceOfRT":1,"significanceOfRTName":"Start of forecast","productStatus":0,"productStatusName":"Operational products","productType":1,"productTypeName":"Forecast products","productDefinitionTemplate":0,"productDefinitionTemplateName":"Analysis/forecast at horizontal level/layer at a point in time","parameterCategory":0,"parameterCategoryName":"UnknownDiscipline_0_Category_0","parameterNumber":0,"parameterNumberName":"UnknownParameter_D0_C0_0","parameterUnit":"Unknown","genProcessType":2,"genProcessTypeName":"Forecast","forecastTime":300,"surface1Type":1,"surface1TypeName":"Ground or water surface","surface1Value":0.0,"surface2Type":255,"surface2TypeName":"Missing","surface2Value":0.0,"gridDefinitionTemplate":0,"gridDefinitionTemplateName":"Latitude_Longitude","numberPoints":615,"shape":6,"shapeName":"Earth spherical with radius of 6,371,229.0 m","gridUnits":"degrees","resolution":48,"winds":"true","scanMode":64,"nx":41,"ny":15,"basicAngle":0,"lo1":47.0,"la1":41.0,"lo2":87.0,"la2":55.0,"dx":1.0,"dy":1.0}, "data":
[rows 0 to 14 of 15, columns 0 to 40 of 41]
285.9444,279.7444,283.64438,283.14438,284.14438,285.14438,288.54437,291.64438,290.54437,291.64438,289.2444,289.8444,289.54437,289.7444,288.64438,286.9444,287.54437,286.4444,288.64438,287.54437,288.7444,288.4444,288.2444,281.14438,288.2444,289.64438,284.3444,274.14438,272.8444,271.8444,269.7444,267.2444,281.04437,287.3444,288.3444,288.04437,288.64438,287.9444,288.8444,288.54437,288.4444
272.54437,287.54437,283.54437,283.64438,283.8444,284.3444,291.64438,289.64438,289.54437,289.64438,287.8444,288.64438,288.04437,288.14438,288.54437,287.9444,288.3444,288.04437,287.04437,288.7444,289.4444,288.54437,285.8444,278.4444,274.54437,268.4444,280.04437,273.2444,276.9444,268.7444,276.64438,267.9444,273.8444,252.64438,268.2444,284.7444,284.3444,287.7444,290.4444,282.2444,279.9444
288.7444,283.9444,283.64438,283.4444,283.54437,288.8444,289.9444,289.9444,288.64438,288.4444,287.54437,288.14438,287.9444,288.04437,288.04437,288.8444,287.14438,286.2444,286.64438,289.04437,290.2444,290.4444,288.04437,282.14438,284.2444,282.04437,284.7444,285.4444,283.4444,277.7444,271.7444,272.4444,278.54437,279.4444,280.7444,281.04437,272.8444,276.64438,277.8444,271.9444,267.3444
290.3444,284.7444,283.64438,283.54437,284.64438,289.14438,291.04437,290.14438,289.54437,289.2444,288.3444,287.54437,286.64438,287.14438,287.54437,288.3444,286.54437,287.3444,288.64438,288.04437,289.64438,285.3444,287.9444,288.2444,288.9444,287.64438,288.04437,284.54437,283.9444,283.64438,284.4444,284.8444,288.64438,289.04437,286.7444,286.9444,275.3444,267.3444,277.7444,285.3444,286.8444
287.9444,285.54437,284.64438,285.04437,286.04437,290.2444,291.2444,290.8444,289.54437,291.54437,287.3444,288.64438,286.2444,285.9444,284.2444,288.64438,286.3444,286.8444,287.2444,287.04437,288.7444,290.2444,288.7444,288.04437,287.14438,286.64438,284.54437,282.9444,286.3444,286.9444,288.14438,286.8444,278.2444,269.14438,279.8444,290.4444,286.14438,293.04437,291.54437,290.7444,289.7444
287.04437,285.4444,285.54437,284.4444,283.2444,283.4444,291.3444,292.14438,288.9444,289.3444,289.2444,289.9444,285.4444,285.3444,280.4444,287.04437,289.54437,289.14438,287.54437,287.8444,288.14438,286.9444,287.2444,287.2444,286.14438,284.54437,284.14438,271.7444,286.04437,286.8444,285.9444,287.8444,288.04437,288.04437,285.8444,285.04437,284.04437,284.2444,289.7444,289.54437,287.04437
286.3444,288.4444,289.7444,289.9444,287.3444,289.04437,291.3444,290.3444,289.3444,289.54437,290.2444,289.3444,287.4444,287.2444,287.04437,287.8444,286.14438,287.4444,286.9444,286.2444,285.2444,285.9444,286.2444,286.14438,284.7444,284.3444,284.4444,285.14438,285.7444,285.8444,286.2444,286.4444,285.8444,286.54437,287.54437,288.4444,283.04437,280.04437,275.64438,275.04437,284.9444
289.14438,289.4444,291.54437,291.4444,292.7444,291.3444,290.7444,287.8444,286.04437,287.64438,288.3444,287.14438,286.2444,286.4444,286.54437,286.2444,286.54437,285.7444,285.04437,283.9444,282.64438,283.4444,283.54437,284.54437,283.3444,281.04437,281.4444,282.3444,281.4444,282.54437,281.9444,282.4444,283.4444,280.54437,282.3444,283.54437,285.14438,273.04437,285.54437,285.64438,283.7444
287.64438,288.64438,288.9444,289.9444,292.3444,289.9444,288.54437,287.4444,286.4444,285.9444,285.54437,285.54437,284.14438,284.9444,284.64438,284.54437,284.04437,284.14438,283.64438,283.3444,282.7444,282.9444,283.14438,283.04437,281.7444,281.4444,280.14438,280.14438,278.3444,277.8444,278.9444,278.7444,279.9444,280.2444,280.8444,281.4444,283.54437,283.04437,267.04437,273.64438,268.14438
286.54437,287.54437,288.14438,288.54437,290.14438,290.3444,287.64438,286.2444,286.2444,286.3444,284.4444,284.64438,284.04437,283.9444,284.04437,284.04437,284.2444,284.14438,284.04437,283.9444,282.7444,282.3444,283.14438,283.14438,282.64438,282.04437,281.4444,281.14438,279.64438,279.54437,278.9444,280.2444,281.3444,280.9444,280.14438,282.4444,282.64438,280.3444,277.14438,275.9444,274.3444
286.8444,285.3444,287.14438,287.04437,288.4444,287.7444,286.54437,286.54437,286.04437,285.04437,283.8444,283.54437,284.9444,284.14438,284.14438,284.14438,284.14438,283.64438,284.64438,283.3444,283.9444,283.54437,283.14438,283.04437,282.7444,282.14438,280.64438,281.7444,281.9444,282.2444,282.54437,282.3444,282.3444,283.54437,283.3444,281.2444,278.9444,277.04437,277.2444,276.64438,275.9444
286.3444,286.04437,284.64438,286.14438,286.4444,287.2444,285.64438,285.64438,285.64438,285.3444,284.14438,283.14438,284.4444,284.4444,284.54437,285.04437,284.7444,284.4444,284.7444,284.2444,283.54437,282.9444,283.14438,282.9444,282.54437,283.04437,283.4444,283.7444,284.2444,283.4444,282.8444,282.14438,282.7444,282.4444,283.4444,282.9444,282.4444,281.14438,280.3444,279.9444,279.14438
283.04437,285.2444,284.3444,285.14438,286.14438,286.4444,287.64438,285.2444,285.3444,284.8444,283.2444,281.8444,284.04437,283.9444,285.2444,285.64438,285.4444,285.54437,285.54437,284.9444,284.9444,283.9444,282.9444,282.9444,282.8444,282.9444,282.9444,283.64438,282.7444,282.4444,282.4444,282.3444,282.14438,282.3444,282.14438,281.4444,281.14438,282.04437,280.4444,279.4444,279.7444
282.64438,283.64438,277.8444,284.4444,285.14438,285.54437,285.8444,286.2444,285.7444,285.9444,285.8444,281.7444,282.2444,283.9444,285.4444,285.8444,285.8444,285.8444,286.04437,285.4444,285.14438,284.4444,283.7444,283.2444,283.04437,282.7444,282.04437,281.3444,280.8444,280.4444,280.8444,280.9444,280.8444,279.9444,279.8444,278.9444,278.9444,278.9444,278.9444,278.2444,278.8444
282.14438,282.54437,273.2444,283.3444,283.8444,284.14438,284.64438,285.64438,286.8444,286.9444,286.8444,285.8444,285.54437,286.3444,284.8444,285.9444,285.4444,284.3444,284.3444,283.64438,283.2444,282.4444,281.7444,280.8444,280.7444,280.64438,280.64438,280.14438,280.3444,279.8444,279.8444,277.14438,279.54437,279.2444,278.8444,278.3444,278.64438,277.8444,277.64438,277.3444,277.9444
