wind_kz.json
{"header": {"discipline":0,"disciplineName":"Meteorological products","gribEdition":2,"gribLength":1025,"center":7,"centerName":"US National Weather Service - NCEP(WMC)","subcenter":0,"refTime":"2023-08-28T18:00:00.000Z","significanceOfRT":1,"significanceOfRTName":"Start of forecast","productStatus":0,"productStatusName":"Operational products","productType":1,"productTypeName":"Forecast products","productDefinitionTemplate":0,"productDefinitionTemplateName":"Analysis/forecast at horizontal level/layer at a point in time","parameterCategory":2,"parameterCategoryName":"UnknownDiscipline_0_Category_2","parameterNumber":3,"parameterNumberName":"UnknownParameter_D0_C2_3","parameterUnit":"Unknown","genProcessType":2,"genProcessTypeName":"Forecast","forecastTime":60,"surface1Type":103,"surface1TypeName":"Specified height level above ground","surface1Value":10.0,"surface2Type":255,"surface2TypeName":"Missing","surface2Value":0.0,"gridDefinitionTemplate":0,"gridDefinitionTemplateName":"Latitude_Longitude","numberPoints":615,"shape":6,"shapeName":"Earth spherical with radius of 6,371,229.0 m","gridUnits":"degrees","resolution":48,"winds":"true","scanMode":64,"nx":41,"ny":15,"basicAngle":0,"lo1":47.0,"la1":41.0,"lo2":87.0,"la2":55.0,"dx":1.0,"dy":1.0}, "data":
[rows 0 to 14 of 15, columns 0 to 40 of 41]
1.6793702,2.00937,-1.1406299,8.289371,3.33937,0.5093701,0.8593701,3.1993701,2.75937,2.6793702,2.09937,1.8693701,-0.14062989,-0.10062988,-0.22062989,0.7793701,-0.61062986,-1.1606299,-3.1406298,-2.0706298,-1.9706299,-4.13063,-3.2906299,1.5493702,1.9793701,2.4593701,0.5493701,1.2793701,-1.1506299,-1.1406299,1.0993701,1.2193701,1.2893701,1.4493701,1.9893701,0.3893701,1.8693701,1.0293701,-0.79062986,-6.298828E-4,-0.20062989
-1.9106299,-0.41062987,2.6293702,4.2793703,2.79937,1.0493702,2.2193701,2.28937,1.9293702,1.7393701,1.4893701,2.02937,-0.080629885,-0.19062988,0.019370116,0.13937011,0.47937012,-0.41062987,-1.5306299,-1.7406299,-1.3506299,-1.5106299,-1.6706299,2.1193702,6.26937,2.9093702,3.59937,4.09937,-0.7806299,3.7193701,1.5193701,4.10937,1.7093701,3.1393702,3.50937,3.1593702,2.8793702,2.33937,1.9893701,1.4193702,0.07937012
-0.050629884,5.0493703,3.4693701,1.4093701,0.43937013,0.9793701,2.1693702,0.6593701,1.3293701,0.83937013,2.01937,0.18937011,-0.17062989,-0.14062989,-0.5006299,-1.3306298,-0.4506299,-0.27062988,-1.3706299,0.099370115,-0.34062988,0.019370116,0.019370116,2.09937,-1.5806298,-2.22063,1.3993701,-0.010629883,-2.5906298,-2.15063,2.75937,2.1093702,-3.6106298,1.3093702,1.1093701,-3.70063,-4.81063,-0.5106299,-0.54062986,1.8093702,0.24937011
2.1093702,2.76937,1.8093702,1.1793702,1.3193702,0.28937012,-0.07062988,0.10937012,-0.55062985,-0.47062987,0.059370115,-0.23062988,-1.9306298,1.2693701,-0.17062989,-0.2606299,0.27937013,-1.0806298,0.14937012,0.63937014,2.07937,2.9093702,-2.72063,0.3593701,-0.080629885,2.1793702,3.52937,1.9693701,2.2093701,-0.060629882,-1.2306299,-5.86063,-3.45063,0.8593701,2.29937,1.2593701,4.0493703,1.6793702,-4.92063,-4.23063,-4.2206297
1.6493701,1.4393702,0.8493701,0.22937012,-0.3806299,0.34937012,0.20937012,-0.030629883,-0.86062986,-0.37062988,-0.7206299,-1.4106299,-1.3006299,-0.8706299,1.7393701,1.8793701,0.46937013,-0.4506299,0.7793701,0.9193701,1.9893701,1.1393701,1.7093701,2.6693702,1.7193701,2.73937,3.52937,5.5693703,4.82937,2.4693701,0.059370115,0.7893701,1.9193702,-0.6906299,-0.3506299,1.1393701,-7.30063,1.5593702,-4.9506297,-5.06063,-1.6006299
0.029370118,-1.2606299,-0.6506299,-2.77063,-3.76063,-4.23063,-3.2906299,-3.21063,-2.3406298,-2.00063,-1.9506298,-1.5006299,-1.4206299,-1.8306298,-1.6606299,-1.5106299,-0.8306299,1.7193701,0.6893701,1.0693702,3.31937,2.9493701,2.6893702,3.97937,3.4093702,3.99937,3.7093701,5.5693703,2.8893702,4.03937,4.19937,2.1393702,2.08937,2.55937,0.5093701,-8.14063,-1.1906298,-8.22063,-6.31063,-0.25062987,-0.73062986
-1.7406299,-1.9806299,-2.16063,-3.66063,-4.10063,-4.52063,-4.29063,-2.3406298,-2.3906298,-1.8706299,-1.5806298,-2.5906298,-1.2006298,-1.3206298,-1.9706299,-1.1506299,-1.3206298,-0.4206299,0.9893701,1.8593701,4.0893703,4.55937,4.7793703,5.34937,4.34937,2.82937,4.97937,5.28937,5.82937,6.87937,5.9893703,3.6193702,3.72937,3.6893702,0.17937012,-0.55062985,1.5793701,1.1693702,-1.8406299,2.2193701,4.76937
-2.5706298,-2.2806299,-3.91063,-3.91063,-5.12063,-5.46063,-5.40063,-3.99063,-3.2906299,-1.7006298,-3.2906299,-1.7106299,-2.8506298,-1.7606299,-1.1906298,-0.3606299,-2.01063,-1.2706299,0.6793701,2.9093702,3.4593701,4.4893703,4.57937,6.5893703,5.80937,5.47937,5.19937,6.9893703,4.95937,5.21937,8.46937,5.18937,4.62937,5.17937,3.2193701,0.8093701,-6.23063,-3.41063,5.85937,1.9993701,4.99937
-3.15063,-3.23063,-2.95063,-5.07063,-6.35063,-5.89063,-4.60063,-4.56063,-4.36063,-4.11063,-3.1106298,-0.9906299,-3.99063,-3.17063,-1.4206299,-3.45063,-2.2906299,-0.6806299,2.07937,1.6993701,3.4293702,2.51937,4.49937,5.76937,5.09937,7.28937,5.7793703,6.70937,6.40937,7.0693703,6.0893703,7.20937,4.85937,6.36937,4.32937,-1.9406298,-3.70063,0.58937013,4.2793703,3.22937,1.6693702
-3.1106298,-3.8206298,-3.46063,-5.6606297,-6.15063,-6.78063,-6.9306297,-5.10063,-3.91063,-4.9306297,-4.07063,-3.20063,-2.48063,-1.7906299,-3.2906299,-2.73063,-0.7506299,-0.47062987,2.2093701,3.24937,2.3993702,2.6593702,2.28937,3.9293702,5.7793703,4.7393703,7.70937,7.14937,6.2393703,4.92937,4.49937,2.6793702,5.47937,6.28937,4.55937,-0.60062987,-2.8206298,2.1493702,1.4993701,0.029370118,1.8993701
-3.25063,-3.8306298,-4.71063,-5.7406297,-6.54063,-6.9906297,-7.7606297,-6.37063,-4.10063,-4.38063,-3.97063,-4.80063,-3.8506298,-4.12063,-2.8406298,-1.2606299,-0.19062988,0.28937012,1.5993701,3.6893702,2.99937,2.29937,1.8893701,3.34937,3.30937,6.99937,4.92937,7.85937,7.21937,5.14937,3.8793702,3.74937,2.8693702,3.83937,4.0693703,2.05937,1.9593701,1.1193701,2.05937,1.1693702,0.64937013
-3.6406298,-3.6306298,-4.94063,-6.1606297,-7.32063,-7.2006297,-7.2006297,-5.34063,-5.89063,-5.30063,-4.98063,-5.4306297,-4.4306297,-2.0306299,-2.45063,-0.49062988,1.3493701,1.6793702,2.54937,2.1193702,2.58937,2.4693701,4.05937,3.1393702,2.8693702,6.5893703,6.46937,7.5493703,7.32937,6.71937,5.0493703,6.42937,2.3893702,4.95937,4.47937,4.92937,2.1693702,0.2993701,-0.9906299,1.4693701,-0.24062988
-2.94063,-4.0106297,-5.9706297,-5.34063,-6.59063,-5.4506297,-6.42063,-6.53063,-7.88063,-6.29063,-4.07063,-4.57063,-4.9506297,-3.00063,-1.8006299,-0.040629882,1.2693701,2.6793702,1.2293701,2.4193702,2.6893702,3.03937,2.6293702,1.6293701,5.92937,6.65937,10.18937,8.68937,6.9893703,5.61937,6.62937,5.44937,3.4493701,0.31937012,0.30937013,3.7193701,1.2993702,1.7393701,2.48937,1.1093701,0.9993701
-3.69063,-4.90063,-5.98063,-5.87063,-7.55063,-7.52063,-6.60063,-6.55063,-7.11063,-6.7606297,-3.48063,-2.2806299,-3.6306298,-3.3006299,-1.4106299,-0.18062988,0.47937012,1.8093702,2.1893702,2.48937,2.79937,2.31937,1.9693701,0.5693701,4.44937,5.7793703,4.91937,5.93937,6.51937,6.91937,6.18937,3.50937,1.8293701,-0.5906299,2.9293702,4.40937,4.42937,2.78937,1.7493701,1.8293701,1.7493701
-2.23063,-5.53063,-6.56063,-5.9306297,-7.4706297,-7.02063,-7.14063,-7.4306297,-7.5106297,-5.7606297,-2.98063,-2.20063,-1.7806299,-2.8106298,-2.47063,0.7793701,2.1693702,2.73937,3.58937,3.6893702,4.11937,2.6693702,3.6693702,0.7493701,2.58937,2.8593702,1.2593701,3.1893702,2.2193701,1.0893701,3.53937,0.7493701,1.4993701,6.7593703,6.5293703,6.42937,2.49937,2.28937,2.84937,2.07937,1.4293702
