wind_kz.json
{"header": {"discipline":0,"disciplineName":"Meteorological products","gribEdition":2,"gribLength":1102,"center":7,"centerName":"US National Weather Service - NCEP(WMC)","subcenter":0,"refTime":"2023-08-27T00:00:00.000Z","significanceOfRT":1,"significanceOfRTName":"Start of forecast","productStatus":0,"productStatusName":"Operational products","productType":1,"productTypeName":"Forecast products","productDefinitionTemplate":0,"productDefinitionTemplateName":"Analysis/forecast at horizontal level/layer at a point in time","parameterCategory":2,"parameterCategoryName":"UnknownDiscipline_0_Category_2","parameterNumber":3,"parameterNumberName":"UnknownParameter_D0_C2_3","parameterUnit":"Unknown","genProcessType":2,"genProcessTypeName":"Forecast","forecastTime":60,"surface1Type":103,"surface1TypeName":"Specified height level above ground","surface1Value":10.0,"surface2Type":255,"surface2TypeName":"Missing","surface2Value":0.0,"gridDefinitionTemplate":0,"gridDefinitionTemplateName":"Latitude_Longitude","numberPoints":615,"shape":6,"shapeName":"Earth spherical with radius of 6,371,229.0 m","gridUnits":"degrees","resolution":48,"winds":"true","scanMode":64,"nx":41,"ny":15,"basicAngle":0,"lo1":47.0,"la1":41.0,"lo2":87.0,"la2":55.0,"dx":1.0,"dy":1.0}, "data":
[rows 0 to 14 of 15, columns 0 to 40 of 41]
-3.0484447,-0.5484448,-2.9484448,-5.6884446,-5.078445,-4.5484447,-5.8384447,-3.348445,-4.728445,-4.778445,-3.128445,-2.7184448,-0.9184448,0.74155515,1.9215552,2.621555,3.6815553,3.8215551,2.0315552,1.3215551,1.8115551,-0.89844483,3.111555,0.37155518,3.2515552,1.6915551,1.6615552,-1.0884448,0.08155517,5.171555,0.3315552,1.4315552,-0.20844482,0.111555174,1.3115551,-2.628445,1.6315552,-2.2184448,-7.078445,-6.998445,-5.118445
-3.398445,-3.1984448,-8.128445,-8.628445,-9.478445,-7.268445,-5.8584447,-4.888445,-6.408445,-5.868445,-3.3184447,0.81155515,-0.3584448,1.6915551,2.2815552,3.5315552,3.0315552,3.361555,2.861555,3.341555,3.5315552,3.351555,3.2815552,2.891555,1.6515552,1.5815551,1.8215551,2.6615553,0.67155516,1.9515551,0.19155517,4.921555,2.7415552,1.5015552,0.92155516,2.2615552,2.0515552,1.2415552,-1.2484448,-4.808445,-1.7784448
-2.5484447,-6.6884446,-8.238445,-9.678445,-9.658444,-8.558445,-7.3584447,-8.498445,-5.408445,-5.778445,-6.718445,-7.288445,-8.028445,-11.468445,-7.2984447,4.8515553,4.8115554,4.501555,3.7715552,3.381555,3.8115551,3.5115552,4.301555,3.7315552,0.8415552,-0.42844483,-0.43844482,-2.0484447,0.43155518,-0.9784448,4.671555,1.7415552,-2.3084447,1.9915552,0.99155515,-1.3184448,1.4315552,1.7315552,0.9415552,1.5915551,-0.5884448
-4.998445,-7.158445,-8.218445,-9.0784445,-8.598445,-7.928445,-8.488445,-7.698445,-7.328445,-7.368445,-6.618445,-5.808445,-4.8784447,-6.1484447,-6.4384446,-5.488445,-7.1684446,6.1615553,4.8515553,4.0815554,4.841555,7.861555,6.471555,4.881555,3.5815551,2.2515552,-0.4484448,0.061555177,1.6915551,2.621555,3.9215553,0.7015552,0.26155517,-1.5984448,-0.9084448,0.40155518,2.5815551,2.4415553,-1.0384449,-1.5584449,-0.42844483
-6.008445,-6.498445,-5.218445,-6.248445,-7.058445,-7.388445,-7.4184446,-6.788445,-6.198445,-6.638445,-6.1684446,-6.0684447,-6.098445,-3.898445,-3.1984448,-1.7884449,-1.8684448,-3.8084447,-1.3484448,6.2015553,6.531555,6.111555,5.341555,2.4115553,5.441555,4.0815554,4.6415553,2.2615552,3.8115551,1.4215552,-2.098445,-3.908445,-0.6784448,2.841555,0.24155517,1.6115552,4.191555,2.7415552,0.79155517,1.7615552,1.3415551
-6.498445,-6.6884446,-7.928445,-7.6084447,-7.718445,-7.848445,-6.198445,-5.9184446,-5.8584447,-6.7984447,-5.788445,-3.898445,-4.828445,-4.098445,0.12155518,-0.12844482,1.3715552,3.9515553,-0.20844482,3.591555,2.7015553,6.551555,5.6015553,6.611555,7.5415554,6.941555,5.211555,-1.3284448,3.9515553,2.1615553,0.32155517,-3.4584448,-1.8684448,-3.6784449,-0.36844483,-0.43844482,0.62155515,2.5015552,2.1715553,1.8315551,-1.1684449
-6.758445,-7.388445,-8.428445,-8.888445,-8.638445,-8.588445,-9.628445,-7.808445,-6.598445,-4.528445,-4.578445,-4.788445,-3.158445,-2.3384447,-1.3884448,2.7715552,4.091555,2.5615551,9.1715555,2.4615552,3.1915553,8.1715555,7.961555,8.551556,9.531555,9.111555,7.7015553,5.9515553,4.251555,4.611555,2.9815552,1.5115552,-0.45844483,2.151555,1.3815552,1.9715552,0.8215552,0.071555175,2.2515552,2.141555,-3.4484448
-6.908445,-7.598445,-8.058445,-8.898445,-10.778445,-9.398445,-8.638445,-7.888445,-5.808445,-4.238445,-2.878445,-2.638445,-1.0384449,-3.9784448,-1.9284449,-3.4184449,-1.8384448,2.601555,4.0615554,8.6715555,2.6815553,7.761555,9.081555,9.691555,9.221555,9.061555,9.201555,8.641555,6.4315553,4.961555,4.5415554,3.4415553,2.7315552,1.8015552,0.13155517,1.6915551,-1.7384448,-0.88844484,0.67155516,-1.2484448,-1.6384448
-6.698445,-7.8184447,-8.638445,-10.238445,-8.488445,-8.378445,-7.728445,-7.6684446,-7.988445,-6.388445,-3.878445,-0.7884448,-1.1384448,1.1915551,0.041555177,1.9115552,0.34155518,1.1915551,3.111555,8.001555,7.0815554,2.4415553,8.511555,8.881556,9.181555,8.141555,7.731555,7.271555,6.381555,5.861555,6.071555,5.241555,3.7915552,2.2515552,1.1815552,0.7715552,1.5015552,-3.2484448,0.42155516,1.1315552,-0.068444826
-6.8784447,-7.758445,-9.208445,-8.588445,-8.978445,-7.8784447,-7.0884447,-6.4384446,-5.488445,-6.778445,-3.5884447,-3.4884448,-1.8984448,-1.1184448,0.6615552,1.1415552,2.5215552,2.091555,0.9715552,7.801555,10.881556,6.0415554,7.9515553,8.501555,9.061555,8.251555,7.721555,6.271555,5.7015553,5.071555,3.861555,4.111555,0.8915552,2.5315552,2.4215553,0.13155517,-1.3984448,0.5815552,-0.33844483,-0.50844485,-0.07844482
-6.5484447,-8.318445,-8.7884445,-8.818445,-9.2884445,-7.948445,-7.008445,-5.558445,-5.5484447,-4.498445,-3.3084447,-3.5184448,-1.7184448,-0.51844484,0.9515552,1.6715552,2.0715551,0.7015552,-0.26844484,10.141555,14.9215555,8.651555,5.5415554,8.391555,7.6815553,7.5615554,6.1015553,6.021555,4.971555,3.3315551,1.8415551,0.54155517,0.37155518,-0.008444824,0.20155518,1.7815552,0.18155518,0.021555176,-0.3584448,0.80155516,-0.64844483
-6.778445,-7.7084446,-9.438445,-8.688445,-10.198444,-9.168445,-9.148445,-6.1884446,-1.1884449,0.13155517,-0.08844482,-2.5684447,-1.4184449,0.21155518,2.351555,1.0615551,-1.6284448,-0.22844483,8.751555,12.4215555,14.4615555,8.281555,9.051556,7.071555,7.0415554,6.5415554,6.281555,5.8715553,5.531555,4.6615553,2.5715551,3.5115552,3.0315552,2.611555,1.5115552,-0.34844482,-1.6384448,-1.5484449,0.9515552,-0.12844482,0.26155517
-5.768445,-7.8184447,-9.298445,-6.6684446,-8.518445,-7.198445,-10.018445,-9.3284445,-9.958445,-0.15844482,-0.9684448,-2.158445,-4.5484447,-2.7584448,-1.6684449,-0.6784448,0.47155517,6.5815554,8.931555,10.751555,11.361555,6.6215553,7.3115554,6.071555,5.521555,5.9315553,6.821555,5.8115554,5.171555,3.4915552,3.861555,2.9815552,0.49155518,0.67155516,3.141555,2.8215551,2.361555,1.3015552,3.851555,0.86155516,0.5215552
-6.3584447,-7.518445,-8.718445,-6.348445,-8.818445,-7.9384446,-9.688445,-9.808445,-9.668445,-6.368445,-1.9984448,-1.3384448,-1.8984448,-2.888445,-4.118445,-4.498445,1.6315552,4.991555,3.4715552,6.6815553,5.131555,5.241555,4.4515553,1.1015552,2.591555,4.271555,3.5315552,5.4315553,4.011555,4.2015553,1.4315552,1.7315552,1.2115551,2.1615553,3.2915552,4.271555,2.6815553,0.47155517,2.7515552,2.401555,2.7015553
-4.3384447,-7.268445,-8.478445,-8.108445,-5.268445,-7.5684447,-9.258445,-5.598445,-9.818445,-8.278445,-4.488445,-5.4584446,-3.1984448,-3.628445,-4.968445,-1.7784448,-0.008444824,3.0315552,1.7615552,3.1615553,3.391555,4.3115554,4.171555,5.761555,5.711555,4.381555,4.3915553,3.9215553,2.901555,3.9315553,2.131555,-0.46844482,-1.4984448,-0.63844484,-0.6084448,-1.7184448,0.8415552,1.3715552,1.5615551,3.5715551,2.0715551
