wind_kz.json
{"header": {"discipline":0,"disciplineName":"Meteorological products","gribEdition":2,"gribLength":948,"center":7,"centerName":"US National Weather Service - NCEP(WMC)","subcenter":0,"refTime":"2024-04-09T00:00:00.000Z","significanceOfRT":1,"significanceOfRTName":"Start of forecast","productStatus":0,"productStatusName":"Operational products","productType":1,"productTypeName":"Forecast products","productDefinitionTemplate":0,"productDefinitionTemplateName":"Analysis/forecast at horizontal level/layer at a point in time","parameterCategory":0,"parameterCategoryName":"UnknownDiscipline_0_Category_0","parameterNumber":0,"parameterNumberName":"UnknownParameter_D0_C0_0","parameterUnit":"Unknown","genProcessType":2,"genProcessTypeName":"Forecast","forecastTime":60,"surface1Type":1,"surface1TypeName":"Ground or water surface","surface1Value":0.0,"surface2Type":255,"surface2TypeName":"Missing","surface2Value":0.0,"gridDefinitionTemplate":0,"gridDefinitionTemplateName":"Latitude_Longitude","numberPoints":615,"shape":6,"shapeName":"Earth spherical with radius of 6,371,229.0 m","gridUnits":"degrees","resolution":48,"winds":"true","scanMode":64,"nx":41,"ny":15,"basicAngle":0,"lo1":47.0,"la1":41.0,"lo2":87.0,"la2":55.0,"dx":1.0,"dy":1.0}, "data":
[rows 0 to 14 of 15, columns 0 to 40 of 41]
296.4366,289.3366,291.13663,281.63663,282.8366,284.03662,297.3366,300.03662,301.23663,301.3366,299.4366,304.3366,303.3366,303.9366,303.8366,303.63663,305.3366,304.23663,304.13663,300.4366,302.13663,298.13663,297.53662,293.8366,301.9366,303.8366,295.3366,273.9366,280.13663,278.3366,273.03662,272.03662,290.53662,297.3366,298.23663,297.13663,298.13663,296.73663,296.53662,296.63663,296.3366
273.73663,294.8366,282.3366,282.63663,282.73663,283.3366,307.73663,303.3366,302.03662,301.3366,303.63663,303.73663,304.9366,303.9366,303.3366,302.63663,303.73663,303.3366,301.03662,301.13663,300.9366,297.4366,292.3366,286.53662,269.13663,273.3366,289.53662,278.4366,288.13663,269.9366,279.63663,262.53662,284.3366,252.03662,262.23663,292.53662,291.13663,293.23663,295.9366,289.4366,281.4366
292.3366,282.23663,283.3366,283.9366,284.3366,305.3366,305.03662,304.3366,303.73663,302.73663,301.8366,302.13663,302.63663,302.8366,301.3366,302.53662,302.23663,301.4366,301.8366,302.23663,302.3366,300.3366,297.03662,289.73663,294.53662,293.53662,294.53662,294.03662,291.63663,284.13663,273.3366,276.4366,285.23663,285.8366,286.73663,285.13663,271.13663,281.73663,278.9366,271.8366,267.9366
297.4366,283.8366,282.53662,283.03662,288.4366,303.63663,304.03662,304.3366,305.03662,305.3366,304.03662,302.03662,287.13663,287.23663,299.73663,301.8366,301.73663,302.53662,302.13663,301.73663,298.9366,294.4366,298.13663,297.9366,299.23663,298.8366,298.03662,292.4366,294.23663,293.03662,294.63663,291.3366,298.03662,297.4366,293.63663,287.73663,273.13663,263.3366,281.23663,287.53662,290.63663
299.4366,284.03662,283.13663,283.4366,290.3366,302.4366,305.13663,305.63663,306.03662,303.73663,299.23663,295.3366,284.73663,284.53662,283.23663,299.63663,299.8366,294.9366,296.03662,298.8366,298.73663,300.53662,299.13663,300.03662,298.23663,298.03662,295.23663,291.03662,297.63663,298.23663,298.53662,294.13663,277.53662,266.8366,285.73663,292.23663,287.8366,295.3366,295.53662,295.63663,293.73663
305.13663,305.9366,283.9366,282.63663,281.3366,281.73663,303.3366,303.3366,301.9366,298.9366,296.73663,295.63663,284.8366,283.63663,283.03662,292.9366,290.9366,290.8366,294.03662,294.73663,288.8366,291.03662,289.23663,291.63663,291.63663,290.3366,290.53662,271.8366,293.03662,293.4366,294.13663,291.73663,289.3366,286.8366,284.23663,284.8366,279.73663,281.8366,288.63663,291.8366,291.3366
305.53662,304.63663,305.4366,304.63663,295.9366,301.73663,302.53662,300.73663,299.03662,297.13663,292.4366,290.13663,290.9366,289.63663,286.9366,287.4366,289.23663,287.53662,283.4366,281.63663,281.23663,282.13663,281.53662,282.03662,282.63663,284.23663,283.4366,284.23663,285.73663,284.9366,285.9366,285.73663,284.3366,284.53662,282.63663,281.4366,277.13663,276.23663,273.3366,274.63663,281.73663
303.8366,303.13663,302.9366,302.53662,302.13663,299.9366,299.63663,297.13663,295.73663,295.4366,292.73663,287.63663,288.23663,289.4366,287.03662,288.9366,288.23663,286.73663,283.73663,283.53662,280.63663,281.03662,281.8366,280.63663,279.4366,278.3366,279.63663,282.9366,283.03662,285.3366,284.03662,284.13663,283.13663,281.23663,280.13663,280.73663,282.4366,273.13663,281.73663,281.73663,278.9366
301.63663,300.53662,300.9366,300.3366,298.73663,298.23663,296.8366,294.9366,293.53662,292.73663,291.63663,289.63663,283.9366,286.53662,288.3366,287.03662,286.23663,286.53662,286.03662,284.9366,283.8366,283.73663,283.53662,281.8366,280.3366,280.3366,279.3366,279.8366,280.3366,279.03662,280.3366,281.8366,282.53662,280.3366,281.3366,279.3366,279.8366,279.53662,271.13663,271.23663,269.63663
297.73663,298.4366,298.03662,296.8366,295.4366,295.4366,295.13663,294.3366,293.13663,291.73663,289.63663,287.13663,287.23663,288.4366,287.63663,287.53662,287.4366,287.23663,286.63663,286.03662,284.53662,284.13663,283.3366,282.73663,282.63663,280.4366,280.53662,278.53662,277.23663,276.8366,276.73663,278.63663,280.9366,279.73663,279.53662,280.4366,277.9366,272.9366,272.3366,270.53662,268.3366
298.03662,298.9366,297.63663,296.23663,294.63663,293.4366,293.4366,293.4366,291.73663,291.3366,289.3366,289.73663,289.4366,288.53662,288.53662,288.4366,287.53662,287.03662,286.23663,284.63663,284.63663,283.13663,282.13663,279.3366,276.8366,276.53662,275.23663,277.03662,277.53662,277.9366,278.23663,278.9366,279.63663,277.4366,279.23663,279.03662,273.63663,273.23663,276.3366,274.4366,270.8366
296.3366,296.3366,295.53662,294.13663,292.8366,292.03662,290.9366,290.9366,291.9366,290.8366,288.73663,288.53662,288.73663,286.73663,286.23663,287.73663,287.23663,286.03662,284.9366,283.23663,280.73663,278.53662,278.63663,278.53662,276.73663,277.23663,278.03662,278.73663,278.4366,278.3366,276.73663,277.53662,275.8366,276.4366,276.3366,277.63663,277.53662,276.63663,275.23663,275.63663,274.63663
291.3366,292.8366,293.13663,292.63663,290.3366,289.13663,289.9366,290.8366,290.8366,288.4366,283.63663,285.3366,287.73663,286.3366,286.13663,285.63663,285.4366,283.63663,283.9366,281.03662,279.9366,278.4366,278.63663,277.4366,276.73663,278.73663,280.3366,278.73663,278.23663,278.03662,277.73663,276.3366,276.73663,276.8366,276.23663,275.4366,275.63663,276.63663,275.53662,275.03662,274.73663
292.63663,291.23663,281.4366,290.8366,289.63663,287.73663,287.73663,286.53662,287.3366,287.4366,282.9366,281.53662,285.13663,285.9366,286.3366,285.4366,284.73663,283.3366,282.4366,279.9366,279.13663,279.63663,279.3366,279.3366,279.3366,279.4366,278.63663,277.4366,276.73663,276.53662,275.9366,276.4366,275.3366,274.4366,274.3366,273.63663,273.8366,274.3366,275.13663,273.53662,275.03662
291.73663,292.23663,273.3366,288.8366,288.53662,287.3366,287.13663,286.8366,286.73663,285.63663,282.9366,284.03662,282.13663,284.23663,284.23663,284.9366,283.13663,278.23663,280.3366,278.3366,278.13663,277.9366,278.53662,277.53662,277.13663,275.63663,277.03662,275.8366,275.8366,275.13663,275.03662,273.9366,274.03662,273.23663,273.03662,273.13663,273.63663,272.53662,272.9366,273.03662,273.3366
