wind_kz.json
{"header": {"discipline":0,"disciplineName":"Meteorological products","gribEdition":2,"gribLength":1102,"center":7,"centerName":"US National Weather Service - NCEP(WMC)","subcenter":0,"refTime":"2023-09-29T12:00:00.000Z","significanceOfRT":1,"significanceOfRTName":"Start of forecast","productStatus":0,"productStatusName":"Operational products","productType":1,"productTypeName":"Forecast products","productDefinitionTemplate":0,"productDefinitionTemplateName":"Analysis/forecast at horizontal level/layer at a point in time","parameterCategory":2,"parameterCategoryName":"UnknownDiscipline_0_Category_2","parameterNumber":2,"parameterNumberName":"UnknownParameter_D0_C2_2","parameterUnit":"Unknown","genProcessType":2,"genProcessTypeName":"Forecast","forecastTime":240,"surface1Type":103,"surface1TypeName":"Specified height level above ground","surface1Value":10.0,"surface2Type":255,"surface2TypeName":"Missing","surface2Value":0.0,"gridDefinitionTemplate":0,"gridDefinitionTemplateName":"Latitude_Longitude","numberPoints":615,"shape":6,"shapeName":"Earth spherical with radius of 6,371,229.0 m","gridUnits":"degrees","resolution":48,"winds":"true","scanMode":64,"nx":41,"ny":15,"basicAngle":0,"lo1":47.0,"la1":41.0,"lo2":87.0,"la2":55.0,"dx":1.0,"dy":1.0}, "data":
[rows 0 to 14 of 15, columns 0 to 40 of 41]
-1.1934497,1.8265502,-1.7234497,-0.123449706,-2.3434496,-1.3134497,4.6165504,1.5065503,1.2765503,1.6765503,1.9965503,1.4365503,3.1365502,4.4665504,3.9865503,3.4865503,4.99655,5.35655,5.6565504,8.52655,7.35655,3.0165503,2.5065503,2.6465502,5.8665504,4.5065503,2.9665504,2.9665504,1.4465503,1.0965503,-1.1634498,0.8865503,-1.2634497,1.0865502,1.7065502,0.2765503,2.2365503,2.5365503,2.6665504,3.0465503,2.9865503
0.3965503,-2.9234498,-1.0334496,-1.6134497,-1.9134498,-0.17344971,0.036550295,-0.123449706,1.2365503,1.1865503,2.2365503,2.9865503,4.68655,3.9965503,3.3565502,4.8065505,5.60655,6.4665504,5.41655,4.4065504,4.64655,4.5565505,3.5565503,-1.3634497,1.0765502,1.2765503,2.5465503,2.3465502,3.1065502,1.2865503,0.1965503,0.6465503,-2.4134498,-2.3434496,0.2765503,3.4765503,0.8765503,4.5665503,0.5165503,1.2665503,1.0665503
-3.5534496,-2.1134498,-1.4534497,-1.2934498,0.8165503,1.0465503,0.1165503,1.4065503,1.8765503,1.6565503,2.3065503,2.7465503,1.0065503,2.2965503,5.26655,6.66655,6.51655,6.1565504,6.26655,7.45655,6.3865504,4.87655,6.2865505,4.83655,8.46655,0.4965503,2.7065504,0.9765503,2.1265502,-0.49344972,0.7365503,-1.8734497,0.2665503,-0.9034497,-0.9334497,-2.4334497,0.2065503,0.5065503,2.9965503,0.8365503,1.6165503
-3.7834496,-2.2034497,-1.0634497,0.61655027,4.10655,1.0465503,1.8365502,2.5365503,3.2865503,4.0065503,4.3665504,4.5265503,3.8765502,5.5065503,5.4665504,6.2865505,7.35655,7.76655,7.68655,7.10655,5.89655,8.50655,8.35655,5.1365504,2.9065504,3.2765503,11.06655,2.6465502,2.8165503,1.8665503,1.6365503,2.7365503,4.4865503,3.7265503,2.0365503,0.44655028,-0.8134497,2.1065502,-1.2234497,-2.9734497,-1.5434498
-3.1434498,-1.0334496,0.6065503,1.7165504,2.9565504,3.2665503,3.9165504,5.0065503,5.22655,6.0765505,6.5265503,7.4065504,7.1365504,6.9465504,7.0065503,7.87655,7.0265503,6.72655,6.7865505,8.23655,8.086551,7.33655,7.5465503,8.916551,7.1565504,6.26655,5.1365504,5.7765503,5.99655,6.7865505,5.91655,4.5465503,2.5665503,-0.9134497,-0.8534497,-2.1534498,-0.06344971,-3.7534497,-2.3234496,-2.8134496,-1.3634497
0.9365503,2.4665504,0.7265503,4.6165504,5.2565503,6.43655,6.8465505,7.1765504,7.5365505,8.21655,8.50655,8.456551,9.05655,9.36655,8.00655,8.23655,8.09655,7.8465505,7.6765504,7.0765505,7.89655,7.2965503,7.0765505,4.7165504,8.0765505,10.60655,9.90655,5.3465505,3.0465503,5.0365505,7.95655,6.87655,4.6365504,6.0265503,4.10655,-3.7434497,0.5065503,-4.1734495,-3.0134497,-2.1934497,-1.3834497
2.9065504,4.45655,5.0265503,5.8165503,6.4865503,6.9865503,8.046551,8.81655,9.47655,9.76655,10.23655,10.166551,9.85655,9.8265505,9.18655,8.30655,8.40655,8.61655,8.35655,8.14655,7.8265505,7.72655,7.0365505,6.16655,5.8265505,5.51655,11.17655,11.3265505,9.02655,7.3865504,6.91655,8.50655,7.26655,7.2165504,2.4465504,-1.9534497,-1.7234497,0.4865503,-2.7434497,0.9765503,0.6865503
4.0265503,4.95655,5.76655,6.6965504,7.3465505,8.546551,8.75655,8.93655,9.55655,10.14655,10.51655,10.126551,9.89655,10.0765505,9.73655,9.666551,8.336551,8.3265505,8.18655,8.17655,7.85655,7.12655,5.2565503,6.3265505,3.4865503,5.6165504,5.2765503,7.0365505,10.376551,6.62655,6.3265505,8.35655,6.22655,7.64655,2.9865503,5.2565503,-7.54345,-10.373449,-7.8834496,-8.85345,-2.8434496
4.8865504,5.85655,6.22655,6.22655,6.2865505,6.97655,7.1965504,7.2165504,9.56655,10.14655,9.086551,8.456551,9.84655,9.34655,8.8265505,9.25655,9.086551,8.416551,8.40655,7.6765504,7.58655,7.1765504,6.8665504,5.7965503,5.62655,2.2865503,2.0165503,4.64655,6.8265505,7.72655,6.5365505,7.0465503,6.66655,8.93655,5.8065505,-1.3734497,-2.7534497,-3.9034498,-2.3034496,-1.1034497,-0.5834497
4.97655,4.95655,5.4865503,3.9665504,4.66655,5.4865503,7.1565504,7.9065504,8.666551,7.37655,7.2765503,8.06655,8.246551,8.376551,8.30655,8.23655,8.44655,7.74655,7.3865504,7.7865505,8.02655,7.1565504,6.64655,6.47655,6.2965503,5.4665504,4.4065504,4.2565503,4.2765503,4.70655,9.17655,7.0765505,9.61655,10.586551,-2.7534497,0.3865503,-3.2734497,-1.6334497,0.47655028,-0.15344971,-1.3234497
5.2865505,4.76655,3.7765503,3.6965504,4.99655,5.2565503,4.83655,5.37655,5.0065503,4.1365504,6.6365504,7.0665503,7.1765504,6.97655,7.22655,6.62655,6.8465505,7.4065504,5.9465504,7.89655,8.166551,6.8465505,6.70655,6.3865504,5.3665504,5.01655,5.20655,4.3465505,2.5465503,7.01655,6.8465505,3.6065502,7.0265503,7.4265504,-0.14344971,-0.3234497,-1.2834496,-0.5834497,-0.9834497,0.8165503,-1.6834497
3.4765503,0.7665503,3.1665504,4.2565503,4.0365505,2.5765502,3.6065502,4.0465503,4.6565504,4.97655,3.6565504,5.2365503,5.1165504,4.8665504,4.7165504,5.2965503,5.9265504,5.6165504,6.24655,6.64655,6.5565505,6.6165504,5.33655,5.0665503,5.12655,5.2765503,5.33655,5.22655,4.37655,3.4365504,6.74655,7.0965505,4.99655,5.22655,1.6565503,-0.7334497,0.9065503,-1.3534497,-1.4834497,-1.4734497,-1.1034497
2.0665503,3.0665503,2.5365503,3.0265503,2.9465504,3.7865503,3.4665504,2.5265503,4.0965505,4.0565505,2.9265504,4.1365504,4.72655,3.2165504,3.1265502,3.3765502,4.10655,4.3065505,4.5765505,5.1565504,5.5965505,5.5365505,4.83655,3.5365503,4.5665503,4.9065504,4.39655,5.5665503,6.2965503,4.68655,5.01655,7.8665504,5.85655,7.1765504,2.2065504,-0.7334497,-1.5034497,-2.9734497,-3.8934498,-2.5434496,-2.2934496
2.8065503,1.4865503,3.3965502,3.6365502,4.35655,3.2965503,2.6865504,2.0465503,3.8265502,3.6965504,3.2265503,4.2365503,5.0665503,4.0465503,4.3465505,4.64655,4.49655,4.0065503,3.6965504,4.8665504,4.99655,4.60655,5.2365503,5.70655,5.24655,4.9865503,4.7565503,5.0965505,5.8465505,6.08655,6.24655,7.47655,6.3865504,7.91655,1.4565502,-1.6434497,-2.4134498,-3.1334498,-3.8234496,-2.1234498,-2.5534496
1.2165504,2.9965503,4.2165504,3.8665502,3.7965503,3.4365504,2.2765503,3.3865502,4.6965504,3.9565504,3.5965502,5.1365504,4.5465503,4.7965503,5.85655,5.5965505,5.33655,3.8965502,4.0365505,3.7165504,4.1965504,4.12655,4.7565503,5.60655,5.18655,5.49655,5.5965505,5.1565504,6.6965504,6.0465503,6.4465504,8.586551,7.5765505,7.4865503,-0.69344974,-1.2034497,-3.0034497,-2.1034498,-3.5634496,-2.7434497,-2.1534498
