wind_kz.json
{"header": {"discipline":0,"disciplineName":"Meteorological products","gribEdition":2,"gribLength":1025,"center":7,"centerName":"US National Weather Service - NCEP(WMC)","subcenter":0,"refTime":"2023-08-21T12:00:00.000Z","significanceOfRT":1,"significanceOfRTName":"Start of forecast","productStatus":0,"productStatusName":"Operational products","productType":1,"productTypeName":"Forecast products","productDefinitionTemplate":0,"productDefinitionTemplateName":"Analysis/forecast at horizontal level/layer at a point in time","parameterCategory":2,"parameterCategoryName":"UnknownDiscipline_0_Category_2","parameterNumber":3,"parameterNumberName":"UnknownParameter_D0_C2_3","parameterUnit":"Unknown","genProcessType":2,"genProcessTypeName":"Forecast","forecastTime":180,"surface1Type":103,"surface1TypeName":"Specified height level above ground","surface1Value":10.0,"surface2Type":255,"surface2TypeName":"Missing","surface2Value":0.0,"gridDefinitionTemplate":0,"gridDefinitionTemplateName":"Latitude_Longitude","numberPoints":615,"shape":6,"shapeName":"Earth spherical with radius of 6,371,229.0 m","gridUnits":"degrees","resolution":48,"winds":"true","scanMode":64,"nx":41,"ny":15,"basicAngle":0,"lo1":47.0,"la1":41.0,"lo2":87.0,"la2":55.0,"dx":1.0,"dy":1.0}, "data":
[rows 0 to 14 of 15, columns 0 to 40 of 41]
4.196119,0.13611877,0.32611877,-4.133881,-5.763881,-6.073881,-5.2238812,-5.2538815,-5.633881,-5.5638814,-6.3738813,-6.243881,-5.1238813,-4.993881,-5.593881,-2.0438812,-3.5038812,-3.6238813,-3.7938812,-6.903881,-8.263882,3.4961188,2.7461188,-1.4538813,-0.24388123,-0.32388124,-0.7738812,0.42611876,1.0861188,2.3761187,1.0561187,0.6661188,0.8661188,-1.4638813,-2.7738812,-0.5638812,-2.3138812,-2.2538812,-3.4238813,-4.1638813,-2.9138813
4.926119,1.8361188,0.6661188,-2.8738813,-5.0638814,-5.6238813,-3.5438812,-3.1938813,-2.9538813,-4.093881,-5.5638814,-6.3538814,-4.6238813,-3.5538812,-3.6738813,-3.2838812,-0.7638812,2.3161187,-0.43388122,-3.8938813,-6.5838814,-9.583881,3.3761187,3.7961187,2.5261188,3.2161188,-0.98388124,1.4761188,0.52611876,2.6961188,3.386119,4.8561187,1.4661188,1.4561188,0.9361188,-3.1038811,-2.4938812,-5.4138813,-3.4338813,-3.9838812,3.7061188
3.0561187,4.346119,0.90611875,-0.7638812,-2.9838812,-1.7838812,-2.5638812,-3.2138813,-3.7138813,-3.8138812,-5.0438814,-5.153881,-4.823881,-4.133881,-4.0638814,-1.3638812,-0.023881225,-2.5238812,1.5461187,2.6261187,-2.0338812,-5.693881,1.2461188,2.8761187,2.136119,-0.14388123,1.3661188,1.4261187,0.9961188,2.636119,4.786119,3.3161187,2.9361188,-0.4138812,1.4461188,1.4961188,4.5461187,0.78611875,1.0261188,-1.1338812,1.2761188
1.2161188,2.6061187,0.70611876,-2.0638812,-1.5338812,-1.0238812,-0.43388122,-1.9838812,-4.5038815,-6.133881,-5.0438814,-4.843881,-7.2738814,-6.843881,-4.363881,-4.0438814,-5.6038814,-1.0838813,0.25611877,1.2361188,2.0761187,-0.20388122,-5.5238814,4.5861187,4.1061187,2.7261188,1.1161188,-0.4738812,2.8361187,-1.1438812,0.29611877,0.076118775,-0.7738812,-0.7438812,-0.98388124,-2.4538813,-1.2838812,2.3961189,1.3561188,0.41611877,-1.6738812
-1.0538812,0.26611876,-1.1738812,-4.1438813,-5.213881,-2.4838812,-0.24388123,-2.1238813,-2.9538813,-3.6738813,-4.9138813,-4.613881,-8.083881,-7.033881,-6.6638813,-3.8838813,-0.32388124,-5.093881,0.63611877,0.3361188,3.0461187,0.84611875,-5.693881,6.8761187,3.4161189,0.78611875,-1.4638813,4.4961185,2.1661189,-0.073881224,-1.7638812,0.53611875,2.3961189,4.096119,-1.3538812,-0.78388125,-3.2038813,0.71611875,1.7261188,1.0861188,-2.5838811
-0.7038812,-0.46388122,-2.5738811,-5.903881,-8.173882,-8.553882,-6.713881,-5.303881,-4.653881,-2.9938812,-2.7338812,-5.323881,-7.113881,-6.493881,-5.073881,-2.4138813,-0.5138812,-0.08388123,0.44611877,0.076118775,3.4461188,3.8961189,-1.0438812,5.5861187,5.6461186,3.5961187,2.2361188,-0.073881224,1.7661188,0.7361188,1.3961188,-0.48388124,-1.2238812,-3.5338812,1.5461187,-1.5238812,2.0061188,0.59611875,-0.43388122,-2.363881,-3.4338813
-1.4538813,-1.8238813,-2.7338812,-2.6338813,-3.363881,-3.1438813,-4.3538814,-5.153881,-5.653881,-7.4138813,-4.7238812,-5.4138813,-5.033881,-3.2438812,-2.8538811,-1.2038813,-0.23388122,1.8461188,-0.19388123,-0.12388123,2.7161188,6.096119,-1.8338813,8.816119,5.966119,4.006119,2.2561188,1.8961188,1.3161187,2.0961187,2.5361187,-0.7638812,-2.8338811,-1.2138813,0.6661188,-1.3138813,-3.0438812,-3.3238811,0.82611877,-0.23388122,-4.823881
-1.8638812,-2.7238812,-3.3838813,-3.5438812,-3.5538812,-3.6738813,-4.8538814,-5.1038814,-5.9338813,-8.003881,-6.9738812,-5.9538813,-5.653881,-5.9338813,-4.4138813,-1.8638812,1.0461187,1.3161187,2.5161188,3.1161187,3.2861187,5.116119,0.8561188,10.066119,8.5361185,4.3961186,4.216119,1.6761187,1.4061188,2.2861187,1.9261187,2.6061187,0.6961188,-2.5038812,-0.46388122,1.5461187,-0.79388124,-1.4338813,0.8561188,1.7661188,-2.2038813
-2.6738813,-2.4938812,-3.1638813,-3.4638813,-3.5538812,-3.8238811,-3.8238811,-5.173881,-5.2538815,-6.0638814,-6.053881,-5.3538814,-6.303881,-7.7038813,-7.7938814,-5.823881,-2.4738812,1.1461188,3.4061189,5.196119,4.9361186,6.9961185,1.6361188,8.646119,8.496119,5.906119,4.9161186,3.3061187,2.4061189,1.9861188,3.6161187,3.2361188,3.3961189,2.9961188,2.1761189,1.5261188,-2.4438813,-1.1438812,-0.53388125,-0.73388124,-0.08388123
-2.6938813,-3.0638812,-2.7638812,-3.2338812,-3.1638813,-3.3138812,-3.2938812,-4.903881,-5.8138814,-5.443881,-5.423881,-5.343881,-5.363881,-6.3738813,-7.2238812,-7.823881,-5.263881,-4.863881,-1.6038812,0.77611876,5.2461185,4.616119,-1.7138813,3.3061187,4.176119,4.0661187,4.1861186,2.9061189,2.5461187,2.2561188,2.3661187,3.7061188,5.036119,3.9361188,2.8661187,1.2561188,0.43611878,-2.3838813,0.42611876,2.9061189,2.4161189
-2.8738813,-2.8438811,-1.7738812,-3.0238812,-2.8938813,-3.0538812,-3.1738813,-3.2138813,-4.383881,-5.783881,-4.4338813,-1.7038813,-5.0838814,-6.713881,-6.4538813,-5.6438813,-5.803881,-5.923881,-2.2338812,-1.5438812,-1.4838812,3.4961188,-0.24388123,-0.23388122,2.386119,3.2561188,2.6661189,3.1261187,3.0261188,2.4361188,0.25611877,1.0561187,2.9261189,4.1461186,6.5461187,2.6161187,0.9761188,2.2461188,1.2161188,0.95611876,0.14611878
-1.7138813,-2.4438813,-2.2138813,-2.5938811,-2.5738811,-3.2938812,-2.8538811,-1.7638812,-3.0338812,-2.7038813,-1.5038812,-3.9038813,-3.8138812,-5.463881,-6.4138813,-5.243881,-3.2238812,-3.2138813,-2.3038812,-0.24388123,1.1761187,2.2761188,2.1961188,2.4861188,2.6161187,2.7461188,3.5061188,3.9761188,3.7761188,2.636119,1.0861188,2.7361188,1.4161187,2.4961188,3.2161188,2.2261188,0.83611876,2.8661187,2.4861188,1.7261188,0.9761188
-0.78388125,-0.46388122,-1.1338812,-0.67388123,-1.2838812,-1.3638812,-2.4738812,-1.9138812,-3.4038813,-2.0338812,-0.91388124,-1.8538812,-3.3338811,-4.5038815,-4.493881,-5.1438813,-4.633881,-3.4238813,0.71611875,0.6861188,2.8261187,2.9261189,2.7361188,3.3961189,3.4661188,3.4961188,3.7661188,3.7961187,3.4061189,2.7861187,2.1661189,2.0661187,2.9761188,2.4461188,3.2161188,4.266119,3.4961188,1.7161188,2.8061187,1.3961188,0.21611877
0.116118774,-0.9338812,-2.4538813,-0.8138812,0.34611878,-0.22388123,-0.96388125,-1.5638813,-1.1738812,-2.1438813,0.20611878,-0.5638812,-1.8438812,-2.6638813,-3.9538813,-3.9638813,-3.6038811,-4.073881,-3.9438813,1.7161188,2.6961188,3.0161188,4.0861187,4.5661187,4.8361187,5.196119,4.2961187,3.9461188,3.7461188,3.7761188,3.4361188,3.1061187,2.7961187,3.9661188,3.2361188,2.8761187,2.6861188,1.7761188,2.5961187,2.7561188,2.5261188
0.90611875,-0.4138812,-3.2038813,-1.7438812,-1.5438812,0.32611877,-1.2138813,-1.0838813,-2.1038811,-1.4838812,0.23611878,0.58611876,0.90611875,-2.3738813,-2.5438812,-3.1838813,-4.6638813,-4.3538814,-2.7638812,-2.0638812,-1.1538812,2.0961187,3.9861188,5.806119,6.576119,6.5661187,6.216119,6.156119,5.676119,4.866119,5.506119,4.656119,3.4761188,3.3461187,3.3961189,3.3461187,2.5061188,3.3061187,2.1761189,3.2861187,1.1461188
