wind_kz.json
{"header": {"discipline":0,"disciplineName":"Meteorological products","gribEdition":2,"gribLength":871,"center":7,"centerName":"US National Weather Service - NCEP(WMC)","subcenter":0,"refTime":"2023-09-26T18:00:00.000Z","significanceOfRT":1,"significanceOfRTName":"Start of forecast","productStatus":0,"productStatusName":"Operational products","productType":1,"productTypeName":"Forecast products","productDefinitionTemplate":0,"productDefinitionTemplateName":"Analysis/forecast at horizontal level/layer at a point in time","parameterCategory":0,"parameterCategoryName":"UnknownDiscipline_0_Category_0","parameterNumber":0,"parameterNumberName":"UnknownParameter_D0_C0_0","parameterUnit":"Unknown","genProcessType":2,"genProcessTypeName":"Forecast","forecastTime":300,"surface1Type":1,"surface1TypeName":"Ground or water surface","surface1Value":0.0,"surface2Type":255,"surface2TypeName":"Missing","surface2Value":0.0,"gridDefinitionTemplate":0,"gridDefinitionTemplateName":"Latitude_Longitude","numberPoints":615,"shape":6,"shapeName":"Earth spherical with radius of 6,371,229.0 m","gridUnits":"degrees","resolution":48,"winds":"true","scanMode":64,"nx":41,"ny":15,"basicAngle":0,"lo1":47.0,"la1":41.0,"lo2":87.0,"la2":55.0,"dx":1.0,"dy":1.0}, "data":
[rows 0 to 14 of 15, columns 0 to 40 of 41]
301.9213,292.3213,300.72128,292.72128,292.62128,291.8213,300.3213,305.72128,302.4213,303.8213,303.0213,303.62128,303.12128,303.12128,303.8213,306.22128,306.62128,304.0213,307.8213,307.22128,312.5213,309.3213,307.12128,306.22128,308.3213,311.62128,304.72128,295.5213,291.5213,292.0213,288.0213,284.22128,299.4213,307.5213,308.0213,307.5213,314.62128,313.3213,311.12128,311.4213,314.0213
283.12128,300.4213,292.22128,292.4213,292.12128,291.0213,305.3213,302.72128,301.3213,301.0213,302.22128,301.62128,303.3213,303.72128,304.4213,304.9213,308.12128,309.0213,308.0213,307.4213,307.62128,307.12128,309.3213,301.0213,290.72128,290.12128,300.9213,296.22128,301.5213,289.72128,292.22128,274.22128,291.4213,264.22128,288.0213,302.0213,305.62128,306.12128,308.5213,299.9213,287.0213
302.3213,292.0213,292.5213,292.0213,290.3213,300.62128,300.12128,300.62128,300.22128,299.9213,299.9213,300.72128,302.3213,302.3213,300.4213,304.3213,304.62128,304.4213,306.12128,310.4213,308.62128,305.12128,305.4213,297.72128,302.8213,301.8213,303.12128,304.72128,304.8213,296.8213,287.9213,289.9213,295.5213,294.5213,296.5213,294.9213,288.72128,291.8213,289.72128,287.0213,282.8213
301.12128,291.22128,292.22128,291.4213,293.0213,299.9213,298.12128,300.4213,300.8213,300.5213,300.12128,299.22128,289.62128,289.0213,301.22128,302.8213,301.3213,303.8213,304.4213,305.3213,305.8213,301.9213,302.0213,301.9213,301.3213,300.72128,302.5213,299.62128,298.12128,301.8213,304.5213,301.9213,302.72128,305.62128,305.5213,301.0213,290.72128,284.4213,292.4213,300.12128,301.72128
299.5213,290.72128,291.4213,290.22128,294.3213,299.72128,300.0213,301.62128,299.22128,299.0213,299.9213,299.72128,288.4213,287.4213,286.0213,301.3213,301.4213,300.3213,301.5213,299.8213,301.12128,302.12128,302.4213,302.12128,302.12128,301.72128,300.4213,297.12128,302.12128,301.9213,301.4213,301.72128,293.9213,286.3213,294.62128,301.9213,300.3213,307.3213,306.12128,305.4213,300.8213
298.0213,299.9213,289.4213,290.0213,290.12128,289.62128,301.62128,298.8213,299.12128,299.22128,298.22128,298.3213,289.8213,288.22128,294.9213,300.4213,298.9213,300.9213,299.22128,300.5213,300.8213,300.22128,301.0213,300.4213,300.5213,297.8213,299.0213,285.9213,298.22128,299.0213,299.22128,298.9213,300.4213,299.62128,297.8213,297.72128,295.0213,293.62128,304.12128,303.72128,301.22128
297.3213,298.5213,298.4213,298.8213,296.3213,300.3213,300.12128,297.9213,298.0213,297.0213,298.62128,297.72128,298.12128,298.9213,299.62128,298.9213,300.12128,299.5213,301.62128,300.0213,299.3213,298.8213,298.8213,299.22128,296.8213,296.5213,297.0213,297.5213,298.9213,300.8213,299.62128,299.22128,299.22128,298.8213,297.62128,296.3213,293.5213,291.8213,287.4213,287.8213,294.3213
296.12128,297.12128,298.22128,298.0213,297.62128,299.3213,300.0213,299.22128,298.4213,296.9213,295.8213,296.72128,297.72128,297.12128,299.5213,299.62128,299.22128,299.5213,299.5213,299.9213,297.22128,300.0213,299.5213,298.3213,296.62128,295.5213,295.62128,295.8213,295.5213,296.8213,296.22128,297.0213,297.62128,294.22128,295.22128,295.12128,296.62128,285.0213,294.3213,293.9213,291.9213
296.22128,295.8213,296.8213,297.3213,296.62128,297.8213,298.4213,298.22128,298.0213,297.0213,296.62128,295.8213,295.4213,296.12128,296.22128,298.0213,296.62128,297.9213,296.22128,296.62128,296.4213,296.5213,297.4213,298.0213,296.62128,296.3213,294.8213,294.22128,294.3213,292.22128,292.72128,293.62128,296.3213,294.5213,295.0213,294.0213,294.72128,290.12128,275.9213,280.9213,274.9213
293.0213,294.62128,296.72128,296.9213,296.72128,297.62128,297.22128,297.0213,296.0213,296.12128,293.9213,294.22128,295.12128,296.12128,295.3213,295.4213,296.5213,297.22128,297.22128,294.62128,294.0213,294.72128,296.62128,296.4213,296.4213,295.62128,294.3213,293.9213,292.8213,292.4213,292.72128,292.4213,294.22128,293.22128,293.0213,292.0213,287.8213,285.9213,286.12128,280.12128,280.3213
289.9213,290.72128,291.4213,292.3213,293.72128,293.9213,294.5213,295.5213,295.62128,295.62128,292.8213,292.3213,294.0213,292.3213,293.22128,293.9213,293.8213,295.9213,296.3213,292.72128,292.4213,293.5213,293.3213,294.9213,294.62128,294.72128,292.72128,295.22128,295.0213,295.12128,294.0213,288.0213,288.72128,291.3213,290.9213,289.22128,282.9213,280.62128,284.4213,280.62128,278.4213
287.0213,288.3213,288.62128,289.3213,290.3213,291.72128,291.5213,292.0213,292.72128,294.22128,292.3213,291.3213,292.0213,292.12128,292.62128,293.0213,293.3213,293.3213,293.9213,293.3213,292.62128,292.3213,291.5213,292.72128,292.0213,294.12128,294.5213,295.8213,296.4213,295.3213,293.72128,291.72128,284.0213,289.0213,288.3213,288.9213,288.22128,288.0213,287.4213,287.72128,287.12128
284.8213,286.3213,287.9213,288.3213,288.5213,287.9213,288.8213,289.9213,290.0213,290.8213,288.9213,288.72128,289.62128,288.62128,289.62128,290.22128,292.62128,293.22128,293.4213,292.12128,292.4213,292.0213,291.62128,291.0213,292.22128,293.62128,295.0213,294.22128,294.0213,293.8213,292.72128,290.72128,284.4213,283.72128,286.8213,286.22128,286.4213,286.5213,285.9213,286.0213,284.22128
284.22128,285.0213,285.0213,285.3213,285.12128,285.8213,285.5213,285.62128,287.62128,288.12128,285.5213,283.5213,286.12128,287.3213,288.22128,288.9213,289.22128,289.9213,290.3213,290.5213,291.62128,291.4213,291.4213,292.62128,291.12128,291.72128,291.8213,291.22128,291.12128,290.12128,289.62128,284.9213,285.9213,280.72128,281.5213,285.0213,285.0213,284.5213,285.5213,282.9213,285.0213
283.4213,284.4213,284.4213,284.72128,284.0213,283.72128,284.12128,285.12128,285.62128,286.0213,285.12128,284.9213,283.4213,284.9213,285.8213,287.3213,287.5213,288.62128,290.4213,290.0213,290.4213,290.3213,291.12128,291.0213,291.0213,291.12128,291.5213,284.8213,288.72128,288.72128,287.4213,285.0213,284.0213,280.0213,279.5213,282.8213,284.12128,283.72128,284.4213,284.0213,282.8213
