wind_kz.json
{"header": {"discipline":0,"disciplineName":"Meteorological products","gribEdition":2,"gribLength":1025,"center":7,"centerName":"US National Weather Service - NCEP(WMC)","subcenter":0,"refTime":"2023-10-03T12:00:00.000Z","significanceOfRT":1,"significanceOfRTName":"Start of forecast","productStatus":0,"productStatusName":"Operational products","productType":1,"productTypeName":"Forecast products","productDefinitionTemplate":0,"productDefinitionTemplateName":"Analysis/forecast at horizontal level/layer at a point in time","parameterCategory":2,"parameterCategoryName":"UnknownDiscipline_0_Category_2","parameterNumber":3,"parameterNumberName":"UnknownParameter_D0_C2_3","parameterUnit":"Unknown","genProcessType":2,"genProcessTypeName":"Forecast","forecastTime":300,"surface1Type":103,"surface1TypeName":"Specified height level above ground","surface1Value":10.0,"surface2Type":255,"surface2TypeName":"Missing","surface2Value":0.0,"gridDefinitionTemplate":0,"gridDefinitionTemplateName":"Latitude_Longitude","numberPoints":615,"shape":6,"shapeName":"Earth spherical with radius of 6,371,229.0 m","gridUnits":"degrees","resolution":48,"winds":"true","scanMode":64,"nx":41,"ny":15,"basicAngle":0,"lo1":47.0,"la1":41.0,"lo2":87.0,"la2":55.0,"dx":1.0,"dy":1.0}, "data":
[rows 0 to 14 of 15, columns 0 to 40 of 41]
0.51706576,-3.3629344,1.3770658,-0.07293426,-1.3629342,-2.3029342,-2.7129343,-2.6229343,-0.85293424,-1.9829342,-1.0629343,-1.6629343,-0.26293427,1.1370658,0.06706574,-0.6129343,-0.54293424,-0.20293427,0.29706573,0.9370657,1.0870657,1.1970657,0.20706573,-0.17293426,-2.2829342,-0.82293427,-1.0529343,1.5570657,2.4270658,3.5270658,0.14706573,-1.5329343,0.39706573,-1.1529343,-1.6029342,-0.47293428,-0.6829343,-1.1629343,0.90706575,1.8870658,1.4970658
4.5170655,1.6970657,1.4470657,1.5670657,-0.41293427,-2.1229343,-1.9729342,-1.3229343,-1.5529343,-1.8129343,-1.9429343,-1.7629342,-0.052934267,-0.30293426,-0.092934266,-0.5029343,-0.71293426,0.53706574,0.45706573,-0.59293425,-0.90293425,-0.37293425,2.0870657,2.0070658,-0.14293426,0.54706573,-2.0029342,1.5670657,0.49706572,2.7170658,4.057066,4.8970656,1.6170658,-0.6929343,-2.1129344,-0.9429343,-0.65293425,-1.3829342,0.6970657,-0.34293425,0.23706573
0.79706573,-1.5129342,0.84706575,1.5570657,1.2970657,-0.23293427,-0.97293425,-1.1629343,-0.64293426,-1.5929343,-1.0229343,0.29706573,0.15706573,0.13706574,-0.0029342652,0.6270657,0.97706574,1.4870658,1.3670658,-0.53293425,-0.85293424,-0.64293426,1.9270657,1.3370657,1.9670657,0.9370657,0.9370657,1.6170658,0.45706573,2.9570658,2.6370656,1.9870658,2.7270658,-1.4929342,0.26706573,2.7070658,5.4970655,1.2970657,0.7470657,-0.42293426,0.27706572
-2.3929343,-3.5729342,-2.4829342,-0.47293428,-0.19293426,0.89706576,0.43706572,0.67706573,-0.64293426,-1.1229342,-0.83293426,0.13706574,1.8470657,2.3570657,1.5670657,2.2370658,0.89706576,1.9570657,1.5370657,0.06706574,0.35706574,2.0270658,-1.2329342,2.4370658,1.4970658,1.6070657,0.73706573,2.7070658,2.7170658,2.2670658,0.057065737,0.40706575,0.44706574,0.16706574,0.14706573,-3.3129342,-1.4029343,2.7770658,2.2170658,0.39706573,0.36706573
-2.7329342,-4.9129343,-4.4529343,-2.6129344,-1.8129343,-0.64293426,0.6170657,1.6570657,0.19706574,0.25706574,-0.23293427,-0.26293427,0.18706574,2.4570658,3.1970658,3.4270658,2.4570658,2.1070657,1.3170657,0.58706576,0.58706576,1.1970657,1.1870657,1.6070657,1.5670657,0.52706575,1.3770658,0.92706573,0.8070657,0.13706574,-0.54293424,0.96706575,1.9770657,0.97706574,-0.38293427,-2.3229342,0.8670657,-0.64293426,-2.8029342,0.6970657,0.40706575
-2.9929342,-2.2129343,-4.1829343,-4.282934,-2.1329343,-1.5329343,-1.1729343,-1.2029343,-1.0629343,-0.98293424,-0.91293424,-0.042934265,-0.73293424,1.7070657,4.3370657,3.9570658,3.5070658,2.7970657,2.2170658,1.8770658,1.6770657,1.8670658,2.8970656,2.8370657,2.2670658,1.6670657,0.8170657,2.6470656,1.3670658,0.72706574,-0.76293427,-0.11293426,0.30706573,1.0070658,2.4270658,11.417066,2.2470658,4.7070656,-0.5529343,-1.6429343,0.6270657
-2.1529343,-1.9629343,-2.3229342,-3.1729343,-3.5129342,-0.23293427,1.0370657,-0.14293426,-0.83293426,-1.4529343,-2.3229342,-2.6129344,-0.96293426,0.33706573,2.9770658,4.2270656,5.337065,3.9670658,3.8770657,3.2270658,2.7670658,2.7570658,3.1570656,4.1670656,3.8170657,3.1470656,2.0370657,1.7470658,1.1670657,1.2170657,-0.19293426,-1.4429343,-1.4829342,-0.27293426,0.60706574,-0.7529343,-2.5829344,-1.3429343,1.8970658,0.91706574,2.2170658
-0.76293427,-0.51293427,-0.31293428,-0.82293427,-1.9029343,-1.4729342,-0.9229343,-0.14293426,0.8770657,0.46706572,0.6270657,-0.012934265,-1.0629343,-1.6029342,0.8270657,3.2070658,4.9370656,5.5570655,5.6570654,5.3670654,3.7370658,3.5070658,3.0470657,4.2270656,4.6070657,3.6670656,3.9770658,2.3570657,1.7070657,1.9770657,1.6770657,2.1970658,1.1370658,-0.29293427,0.51706576,-0.032934263,-1.3529342,1.2270657,-1.3329343,0.48706573,-0.16293426
-0.78293425,-0.53293425,-0.29293427,-0.53293425,-0.5529343,-0.45293427,-0.14293426,0.15706573,0.6270657,0.67706573,-0.07293426,0.54706573,0.23706573,0.67706573,-1.3529342,-1.0629343,3.3470657,5.9370656,6.5270653,6.9670653,6.2170653,4.4570656,5.007066,4.2470655,5.4370656,5.0670657,4.347066,3.5970657,5.2470655,2.9570658,4.3370657,4.447066,2.3670657,3.6670656,3.6770658,3.1070657,-1.4529343,0.19706574,1.2670658,0.38706574,-1.3429343
0.19706574,-0.022934265,0.037065733,0.76706576,1.0770657,0.65706575,0.30706573,0.33706573,1.3070657,2.0870657,1.5470657,0.5570657,0.76706576,0.007065735,-0.79293424,-2.1129344,-0.8629343,2.5170658,5.4070654,6.4470654,6.1770654,5.3070655,5.7670655,6.6370654,6.5770655,6.2970653,5.9370656,5.6170654,5.2170653,4.7070656,4.597066,4.347066,4.927066,4.867066,5.1970654,1.4770657,1.3770658,-2.0029342,0.53706574,3.4970658,3.4070656
0.78706574,0.09706573,0.89706576,0.8770657,1.5870657,1.5570657,1.8370657,-0.42293426,0.14706573,1.3170657,1.9270657,1.8270657,1.6770657,1.0070658,0.30706573,0.29706573,-0.15293427,-0.44293427,0.51706576,5.9870653,5.3870654,5.3870654,4.057066,6.2070656,6.4870653,6.9870653,5.9370656,6.8870654,6.7070656,3.7670658,5.4570656,4.7870655,4.1870656,5.0470657,7.4670653,3.0570657,1.9470657,3.2770658,2.4270658,2.1170657,0.38706574
1.0370657,0.71706575,0.44706574,0.47706574,0.6270657,1.6770657,2.7370658,1.2270657,0.06706574,0.92706573,1.6370658,1.5770657,1.7870657,1.2470658,0.40706575,0.007065735,0.38706574,-0.57293427,-0.092934266,-0.21293427,2.8570657,5.2870655,5.8770657,4.7970657,5.9070654,6.1670656,6.5170655,6.5970654,7.0170655,6.9370656,6.5770655,6.7770653,5.337065,5.4170656,6.087065,7.7370653,7.1470656,3.7670658,3.3070657,2.9370658,1.7770658
1.0070658,0.8070657,0.6270657,0.48706573,0.92706573,0.8170657,2.4170656,3.4070656,1.9770657,1.1870657,0.6970657,0.20706573,1.8170657,1.6370658,1.4770657,1.3170657,0.98706573,0.8870657,0.117065735,-0.29293427,1.2970657,0.5570657,3.1170657,5.6370654,6.2870655,5.7070656,6.3270655,6.5570655,6.5470653,6.4270654,7.3670654,7.4170656,6.8170652,7.2570653,7.2870655,7.4670653,7.0770655,4.327066,4.677066,3.2870657,2.2070658
1.7070657,1.6670657,0.73706573,0.71706575,1.3170657,1.1770657,2.4270658,2.5770657,3.6870658,3.2270658,1.8770658,0.83706576,1.3670658,2.5070658,2.0870657,1.3270657,0.9970657,1.3570657,0.8270657,0.8870657,0.5670657,0.5670657,0.78706574,-1.0529343,4.1870656,5.2270656,5.8870654,4.757066,4.487066,6.2770653,7.3170652,7.6670656,7.2970653,7.6970654,6.8770657,7.5670652,6.4670653,6.4870653,5.4570656,4.8970656,4.9970655
1.5270658,1.5770657,1.1870657,1.6170658,1.7670658,1.0170658,1.7770658,2.7470658,2.6570656,2.7770658,2.5170658,2.8870656,1.0870657,0.65706575,2.9070656,2.0570657,1.5770657,1.1170658,1.0670657,0.92706573,0.85706574,0.6370657,-0.032934263,-0.36293426,2.3870656,3.2970657,5.3470654,6.5270653,6.5370655,5.8170652,5.8970656,9.497066,7.337065,7.6470656,8.047066,8.487065,9.007066,8.157065,7.357065,7.1570654,4.7970657
