wind_kz.json
{"header": {"discipline":0,"disciplineName":"Meteorological products","gribEdition":2,"gribLength":1025,"center":7,"centerName":"US National Weather Service - NCEP(WMC)","subcenter":0,"refTime":"2023-09-30T00:00:00.000Z","significanceOfRT":1,"significanceOfRTName":"Start of forecast","productStatus":0,"productStatusName":"Operational products","productType":1,"productTypeName":"Forecast products","productDefinitionTemplate":0,"productDefinitionTemplateName":"Analysis/forecast at horizontal level/layer at a point in time","parameterCategory":2,"parameterCategoryName":"UnknownDiscipline_0_Category_2","parameterNumber":3,"parameterNumberName":"UnknownParameter_D0_C2_3","parameterUnit":"Unknown","genProcessType":2,"genProcessTypeName":"Forecast","forecastTime":0,"surface1Type":103,"surface1TypeName":"Specified height level above ground","surface1Value":10.0,"surface2Type":255,"surface2TypeName":"Missing","surface2Value":0.0,"gridDefinitionTemplate":0,"gridDefinitionTemplateName":"Latitude_Longitude","numberPoints":615,"shape":6,"shapeName":"Earth spherical with radius of 6,371,229.0 m","gridUnits":"degrees","resolution":48,"winds":"true","scanMode":64,"nx":41,"ny":15,"basicAngle":0,"lo1":47.0,"la1":41.0,"lo2":87.0,"la2":55.0,"dx":1.0,"dy":1.0}, "data":
[rows 0 to 14 of 15, columns 0 to 40 of 41]
0.6159964,-1.7740036,1.3759964,1.7159964,-0.6340036,-0.6940036,0.3359964,1.0759964,-0.4240036,-0.8340036,-2.3640037,-2.0640037,-2.1340036,-2.5740037,-2.6440036,-2.4940035,-0.7040036,-0.1340036,-1.1940036,0.8859964,0.5959964,0.2359964,0.5659964,-0.6640036,-1.4440036,-1.1740036,-1.6040035,1.4459964,-0.4940036,-0.5240036,1.8459964,2.3559964,0.3259964,-0.8040036,-1.7840036,-1.2440037,1.4459964,1.6859964,0.2059964,1.1059964,-1.7440037
2.3159964,1.4859964,2.5859964,-0.1340036,-1.1640036,-1.2540036,-1.0540036,-1.1040035,-0.6440036,-1.8540035,-3.0540037,-1.9240036,-2.7740035,-2.3840036,-1.3240036,-2.1140037,-0.5640036,-0.2440036,-1.0540036,1.4259964,2.4659965,-0.2340036,0.6659964,0.9659964,0.3159964,0.8659964,-1.6740036,2.2259965,0.2759964,1.7759964,0.8359964,1.6559964,0.4759964,0.4959964,0.5759964,-1.0440036,-1.5440036,-0.5840036,-0.9540036,-1.9740036,0.8359964
2.0159965,3.2759964,1.4059964,-0.5340036,-0.6640036,-0.044003602,-1.9440036,-2.0640037,-1.0640036,-2.9340036,-3.5540037,-1.9840035,-2.6640036,-1.6640036,0.0859964,1.1159964,1.4459964,3.1959963,1.5259964,2.1659963,1.6259964,1.1659964,0.1159964,1.2659965,0.6159964,-0.0540036,0.6659964,1.5259964,0.0859964,-0.7640036,-0.4340036,-1.5440036,-0.5940036,-1.0540036,-1.3840036,-0.4040036,-0.0840036,-2.5140035,-0.124003604,-0.5940036,0.1959964
0.8959964,2.0259964,1.6259964,0.3059964,-0.7540036,-0.1940036,-1.5840036,-2.2340035,-2.0240035,-2.5440035,-3.0740037,-2.3340037,-4.1140037,-3.5340035,-0.3440036,1.3859963,-0.014003601,3.1759963,2.3759964,2.1459963,2.1359963,1.8659964,1.5459964,0.0659964,-0.3740036,0.3859964,-1.0740036,-0.0740036,0.5859964,-0.21400361,-1.9640036,-3.7340035,-1.7240036,0.9459964,0.0759964,0.0659964,0.6159964,0.4359964,0.8859964,1.1459965,-0.8340036
1.4959964,2.2659965,1.3359964,0.4559964,-0.2940036,-0.9540036,-0.9940036,-0.1440036,-1.5440036,-1.9840035,-2.1240036,-1.5540036,-1.0240036,-3.0640037,-1.0840036,-0.3440036,-0.6340036,0.14599639,0.2759964,-2.6240036,0.8359964,-0.5940036,-0.8240036,-0.28400362,0.4459964,0.8959964,1.9759964,0.4859964,-0.6540036,1.3059964,1.5459964,1.2859964,1.4859964,0.9559964,-0.6740036,0.3059964,-0.1040036,-0.014003601,-1.3440036,-0.3340036,-2.2240036
0.4459964,0.2959964,-0.8040036,-1.4240036,-0.1140036,1.2559963,1.0259964,-0.3840036,-0.8040036,-1.3740036,-2.3740036,-2.2540035,-2.4040036,2.6259964,2.7759964,2.0959964,1.8259964,0.6759964,-0.4640036,-1.1140037,-0.2040036,0.3359964,0.5859964,0.2959964,1.5859964,1.4159964,-0.8440036,-1.6740036,1.3359964,2.9059963,3.1159964,3.6759963,2.8659964,3.0359964,2.9559965,5.585996,2.4359963,2.8159964,2.0659964,0.6159964,-1.7540036
-0.5640036,-1.4640036,-1.5040036,-1.7040036,-2.0740037,-0.9440036,0.4359964,-0.1740036,0.0859964,-1.1340036,-2.1640036,-1.7740036,-2.0140035,5.045996,3.4059963,3.4159963,1.6759964,1.1759964,-1.3240036,-0.8240036,-1.1040035,1.2159964,0.7759964,-1.8640037,-2.3340037,-0.7640036,-1.2940036,-1.8340036,-0.9840036,2.7259965,4.8559966,3.1259964,2.3559964,2.5359964,0.8259964,0.3359964,-2.5640037,0.2759964,-0.1740036,-1.0040036,0.2559964
-2.1440036,-2.0240035,-1.9640036,-1.7940036,-1.4440036,-0.4840036,0.5059964,0.9559964,0.5059964,-0.8440036,-0.6840036,-1.5140036,-2.6040037,-3.5440035,2.2159965,2.7959964,3.3259964,2.1159964,-0.3240036,0.5259964,-1.0340036,-0.8340036,1.1459965,-0.2640036,-1.4340036,-0.5840036,-1.0440036,-2.5140035,-2.4840035,2.5259964,4.1259966,4.4359965,3.6459963,3.2459965,5.865996,1.9159964,2.5359964,2.8059964,-1.4840035,0.4459964,-2.0240035
-3.7340035,-3.3240037,-3.0240035,-2.5840037,-1.6440036,-1.3640037,0.1159964,0.9359964,0.9059964,0.4259964,-0.5940036,-0.9840036,-1.3040036,-1.6840036,-0.3440036,2.6659963,3.5959964,3.1059964,2.0759964,0.5959964,0.7359964,0.9759964,-0.2540036,-1.8140036,-1.8940036,-2.2640035,-1.6640036,-2.0640037,-3.9240036,1.2559963,2.5459964,0.6759964,2.9959965,4.6059966,4.6759963,3.7559965,-1.0940036,2.1259964,1.9959964,0.9259964,-1.6140037
-3.5840037,-3.3640037,-2.5740037,-2.7440035,-2.8740036,-3.0140035,-3.1240036,-1.8740036,-0.3940036,1.7259964,-0.6340036,-0.5040036,-0.004003601,-1.5040036,0.1759964,-0.21400361,2.9059963,1.7059964,2.8659964,1.1959964,-0.2940036,0.4859964,-0.4640036,-1.2840036,-1.7240036,-0.8240036,-1.9940037,-2.4540036,-5.0940037,-4.4440036,-0.5340036,-1.0040036,-1.8140036,-1.0440036,2.3359964,1.6859964,1.3459964,-1.1940036,0.7259964,5.415996,4.1259966
-3.3740036,-4.0540037,-4.0240035,-4.1340036,-4.1740036,-3.5240035,-2.2440035,-2.1140037,-0.8740036,-0.4340036,0.3459964,0.1759964,-1.5140036,-0.7940036,-1.3540035,-1.4140036,2.2759964,2.0159965,2.5559964,-0.5140036,1.9759964,0.7159964,1.4659964,-0.5640036,-0.6140036,-1.6440036,0.5259964,-0.3140036,-1.5040036,-1.9240036,-1.3940036,-2.0540037,-1.9340036,-1.7740036,-0.7240036,0.1759964,1.4659964,2.5959964,2.2759964,1.4159964,1.2859964
-2.1340036,-3.1440036,-3.3540037,-2.9540036,-2.7940035,-2.8040037,-3.8440037,-3.1840036,-2.7440035,-0.7040036,-0.2640036,-0.2240036,-0.3940036,0.4159964,-0.4340036,-2.0040035,-0.1440036,1.7859964,4.275996,2.9859965,1.3859963,-0.0940036,0.5759964,0.1659964,-0.4340036,-1.8040036,0.2659964,-0.4540036,-1.5340036,-2.7240036,-2.3840036,-1.8840036,-1.0240036,-1.1940036,-0.5540036,0.2259964,1.0159965,1.6259964,1.4059964,0.9659964,-0.2940036
-1.5440036,-2.1540036,-3.2640035,-3.1940036,-2.7740035,-2.2240036,-2.1240036,-1.9740036,-2.7140036,-2.7940035,-0.3740036,-0.4540036,-1.4140036,-2.0440035,-1.2540036,-1.0040036,-0.004003601,-1.1340036,1.3259964,2.2159965,1.2559963,2.3259964,0.5659964,0.9159964,0.0959964,0.0859964,1.3559964,0.025996398,-1.5840036,-0.8540036,-1.6040035,-0.1940036,-1.2940036,-1.1940036,-0.6940036,1.0859964,0.7659964,1.1959964,1.9059964,0.9259964,1.5559964
-1.2140036,-1.7540036,-3.4440036,-3.2540035,-3.7540035,-3.7140036,-3.6840036,-3.3640037,-2.4540036,-2.1040037,-0.5340036,-0.6940036,-1.2440037,-1.8040036,-1.9340036,-1.8440036,-1.1740036,1.8459964,1.4559964,1.3059964,0.3359964,0.2259964,1.0459964,1.6959964,1.1459965,0.7859964,0.2859964,0.3459964,-0.1740036,-0.4040036,-0.9040036,-1.0040036,0.0659964,0.5859964,0.1359964,0.7159964,0.8759964,1.1859964,1.2559963,1.6559964,1.8759964
-1.1140037,-1.4840035,-3.0240035,-3.0440035,-3.2540035,-2.8040037,-2.5440035,-2.6240036,-3.5340035,-2.5040035,-1.0840036,-1.0840036,-0.7140036,-1.2240036,-2.6740036,-2.1340036,-1.6340036,0.5459964,1.1859964,1.1059964,-0.7140036,-1.6740036,-1.7740036,0.6659964,0.2659964,0.6459964,0.4559964,-0.4740036,-0.4340036,-0.8740036,-0.5240036,-0.5240036,1.2059964,1.4659964,1.2359964,0.9559964,1.8259964,2.8759964,1.8159964,2.8859963,1.1559964
