wind_kz.json
{"header": {"discipline":0,"disciplineName":"Meteorological products","gribEdition":2,"gribLength":1025,"center":7,"centerName":"US National Weather Service - NCEP(WMC)","subcenter":0,"refTime":"2023-09-27T06:00:00.000Z","significanceOfRT":1,"significanceOfRTName":"Start of forecast","productStatus":0,"productStatusName":"Operational products","productType":1,"productTypeName":"Forecast products","productDefinitionTemplate":0,"productDefinitionTemplateName":"Analysis/forecast at horizontal level/layer at a point in time","parameterCategory":2,"parameterCategoryName":"UnknownDiscipline_0_Category_2","parameterNumber":3,"parameterNumberName":"UnknownParameter_D0_C2_3","parameterUnit":"Unknown","genProcessType":2,"genProcessTypeName":"Forecast","forecastTime":180,"surface1Type":103,"surface1TypeName":"Specified height level above ground","surface1Value":10.0,"surface2Type":255,"surface2TypeName":"Missing","surface2Value":0.0,"gridDefinitionTemplate":0,"gridDefinitionTemplateName":"Latitude_Longitude","numberPoints":615,"shape":6,"shapeName":"Earth spherical with radius of 6,371,229.0 m","gridUnits":"degrees","resolution":48,"winds":"true","scanMode":64,"nx":41,"ny":15,"basicAngle":0,"lo1":47.0,"la1":41.0,"lo2":87.0,"la2":55.0,"dx":1.0,"dy":1.0}, "data":
[rows 0 to 14 of 15, columns 0 to 40 of 41]
3.87312,0.34312013,1.2831202,-0.69687986,-4.74688,-7.55688,-7.19688,-6.6068797,-4.53688,-5.92688,1.3231201,2.66312,0.9531201,3.34312,2.90312,-0.7768799,-2.08688,-2.2468798,-3.16688,-1.8668799,-2.12688,-2.56688,-2.41688,-0.9768799,-1.5568799,-0.50687987,-1.0168799,1.1231201,1.5931201,3.67312,-0.22687988,1.2231201,1.0531201,0.47312012,1.2031201,1.2931201,0.25312012,-0.27687988,-0.40687987,-0.22687988,-0.7968799
4.25312,1.4931201,4.8531203,0.35312012,-3.83688,-6.48688,-6.1068797,-4.21688,-6.25688,-8.30688,-7.6468797,3.13312,1.2231201,2.0631201,-0.4168799,-1.3268799,-2.4468799,-1.6268799,-2.34688,-2.7268798,2.2831202,-0.2868799,-0.30687988,2.07312,1.7331201,1.0431201,-1.0968798,2.4931202,0.023120116,2.32312,3.5031202,4.4131203,0.043120116,-1.7268798,-3.2168798,-0.7868799,-0.69687986,-1.6668799,-0.23687989,-2.17688,-0.7368799
1.2731202,4.13312,3.9531202,1.2731202,-2.1868799,-2.65688,-3.17688,-6.29688,-4.72688,-9.21688,-11.62688,-2.55688,-1.6368799,-1.3668799,-1.4868798,-1.6568799,-0.21687989,-0.7268799,-1.5068799,0.5031201,0.5931201,-1.7068799,-1.4468799,0.8231201,1.3731201,1.7131201,0.5731201,0.9531201,0.4531201,1.9631201,3.9531202,0.9031201,1.6331201,-0.9868799,-1.0568799,3.0431201,2.63312,-1.0268799,-0.33687988,0.7731201,1.6331201
-1.1168799,3.85312,1.2431201,-0.45687988,0.43312013,1.1231201,-1.6968799,-4.68688,-6.36688,-5.97688,-9.79688,-1.0368799,-2.7268798,-1.8068799,-1.2768799,2.5331202,-0.43687987,-3.31688,1.6331201,1.4331201,0.15312012,0.93312013,0.7231201,-0.95687985,0.5331201,-0.4468799,-0.2868799,-1.6768799,1.6131201,0.033120118,-0.9868799,-1.0368799,-2.32688,-0.8968799,-0.34687987,-3.39688,-0.7768799,2.5231202,0.5631201,0.3631201,1.3731201
-1.3368798,-1.4868798,-3.2768798,-2.9368799,-0.69687986,2.34312,1.3631201,-0.43687987,-3.2968798,-0.95687985,-4.4168797,-4.8968797,-2.06688,-1.2968799,-1.6368799,-0.7268799,-1.8268799,1.8731201,0.5131201,-0.11687988,-0.5268799,-0.11687988,-0.4868799,0.4631201,-1.3668799,-1.3368798,-1.3468798,-1.5068799,-1.9168799,-2.7668798,-2.2868798,0.23312011,2.8031201,3.15312,-0.76687986,-0.5368799,0.06312012,-1.2368798,1.3931202,-0.026879882,-2.35688
-1.2168798,-0.6468799,-2.0268798,-2.5468798,-1.4268799,0.21312012,0.93312013,1.6531202,1.4131202,2.5531201,-1.3068799,2.5031202,-0.36687988,-2.7468798,-1.9968799,-0.8968799,-1.9968799,-0.8368799,-0.7368799,0.123120114,-1.9368799,-1.0268799,1.1231201,0.18312012,-0.57687986,-0.8768799,-1.4968799,-1.3968799,-1.5768799,-1.7568799,-1.9168799,-1.4868798,-2.08688,-1.4468799,1.9531201,0.4831201,3.34312,3.57312,-0.7968799,-0.7768799,-2.40688
-0.5468799,0.0031201171,-1.0568799,-1.8768799,-1.2668799,-1.1068798,2.0531201,2.7131202,3.60312,3.88312,1.0931201,2.18312,1.4931201,-0.2668799,-1.4168799,-1.8368798,-1.3268799,-0.9068799,-0.7168799,-1.1368799,-1.7668799,-1.6168799,0.21312012,1.5031201,0.6431201,0.07312012,-0.9768799,-1.3468798,-1.2768799,-1.2868799,-3.16688,-4.46688,-4.23688,-0.2868799,-1.9468799,-1.7068799,-3.2668798,-1.8968799,1.4331201,-0.5868799,-1.9268799
-0.7268799,-0.39687988,-0.4468799,-2.7068799,-2.37688,-1.6268799,0.9031201,4.76312,4.50312,3.09312,4.07312,3.5431201,2.91312,1.2531201,0.19312012,-0.75687987,-1.0968798,-0.33687988,-0.006879883,0.17312011,-1.6068798,-1.8468798,-1.9268799,0.5631201,1.7831202,0.67312014,1.1131201,-0.57687986,-1.3768799,-1.4568799,-2.2068799,-2.65688,-3.63688,-4.23688,-0.5368799,0.16312012,0.5131201,0.4231201,-0.2868799,0.013120118,-1.9068799
-1.3968799,-1.3168799,-0.8968799,-0.05687988,-1.7968799,1.2331201,3.0331202,1.9431201,3.12312,0.013120118,3.8031201,3.0431201,2.9831202,2.7431202,2.37312,0.6331201,0.07312012,0.29312012,1.5731201,1.1631202,0.5931201,-0.5268799,-0.10687988,-0.49687988,-0.026879882,1.3131201,0.80312014,1.7731202,1.6631202,0.32312012,-0.10687988,-1.2768799,-0.7268799,-1.8768799,-1.1168799,0.38312012,-1.6668799,0.35312012,-0.4768799,-0.57687986,-2.10688
-1.5268799,-1.3068799,-0.036879882,0.61312014,1.5231202,0.5731201,4.79312,2.42312,0.8331201,1.8931202,3.0031202,2.93312,2.89312,2.39312,2.7431202,1.5531201,0.9631201,0.68312013,0.67312014,0.86312014,1.0131202,0.8931201,0.7231201,0.2631201,0.55312014,0.68312013,0.38312012,1.2431201,0.9031201,0.93312013,2.2331202,0.9631201,-1.1468799,-1.4868798,-1.3768799,-0.49687988,0.18312012,-1.7768799,-0.6868799,0.5731201,2.0431201
0.15312012,-1.1468799,2.2431202,0.6931201,0.98312014,1.4331201,6.1031203,3.33312,1.3531201,2.2731202,1.4531201,2.5131202,3.0031202,2.10312,3.64312,3.58312,2.86312,2.66312,2.19312,2.32312,2.19312,2.0031202,1.0831201,0.34312013,0.34312013,1.5531201,0.2631201,1.3231201,0.8931201,2.07312,1.3031201,-0.07687988,-0.6168799,-0.8068799,-1.4668798,0.023120116,0.25312012,1.8331201,0.9631201,1.1631202,0.2631201
0.92312014,-0.5268799,3.0031202,2.11312,2.2431202,2.42312,2.2131202,-1.0168799,1.7931201,1.7531201,1.3531201,0.99312013,1.6731201,1.3931202,2.7231202,3.88312,3.9731202,3.5331202,2.7131202,3.2431202,3.15312,2.5131202,1.8931202,1.2831202,1.3131201,2.17312,2.9631202,3.58312,3.2531202,2.09312,0.61312014,0.7031201,0.11312012,0.11312012,-0.88687986,-1.8168799,-0.9868799,1.1331201,1.3631201,1.3731201,0.7131201
1.9531201,1.4931201,2.58312,2.7831202,2.2431202,1.5831201,1.0731201,1.4131202,2.0331202,1.2931201,0.083120115,1.0831201,2.0631201,1.9231201,0.5131201,2.7831202,2.12312,2.63312,2.34312,2.87312,3.07312,3.11312,2.60312,2.33312,1.9831201,3.37312,3.5631201,3.40312,3.2631202,2.62312,2.39312,2.44312,0.92312014,0.4531201,0.41312012,0.06312012,-0.8568799,-0.6768799,-0.7968799,-0.37687987,-0.2568799
3.37312,2.7531202,3.2931201,3.5131202,2.61312,2.59312,2.0131202,0.7231201,2.7631202,2.2631202,1.0031201,0.28312013,1.5031201,2.4831202,2.5431201,2.2031202,2.5331202,2.2431202,2.17312,2.35312,2.68312,2.59312,3.32312,3.07312,2.7431202,3.0331202,3.16312,3.38312,3.36312,3.36312,3.0231202,2.39312,1.8931202,1.7031201,1.2631202,0.4531201,0.34312013,-0.07687988,-0.30687988,-0.006879883,-0.37687987
3.14312,2.85312,6.52312,4.1831203,4.26312,3.59312,3.17312,2.4731202,1.7531201,2.9931202,1.0431201,1.7731202,1.7931201,1.5431201,3.4631202,3.2031202,3.3131201,2.83312,2.43312,2.2831202,2.12312,2.2631202,2.32312,2.5331202,3.07312,3.11312,3.36312,3.3031201,3.41312,3.2731202,3.2131202,3.68312,2.66312,2.10312,1.9831201,1.4131202,1.9031202,1.6631202,0.9431201,1.2631202,0.28312013
