wind_kz.json
{"header": {"discipline":0,"disciplineName":"Meteorological products","gribEdition":2,"gribLength":871,"center":7,"centerName":"US National Weather Service - NCEP(WMC)","subcenter":0,"refTime":"2023-10-05T12:00:00.000Z","significanceOfRT":1,"significanceOfRTName":"Start of forecast","productStatus":0,"productStatusName":"Operational products","productType":1,"productTypeName":"Forecast products","productDefinitionTemplate":0,"productDefinitionTemplateName":"Analysis/forecast at horizontal level/layer at a point in time","parameterCategory":0,"parameterCategoryName":"UnknownDiscipline_0_Category_0","parameterNumber":0,"parameterNumberName":"UnknownParameter_D0_C0_0","parameterUnit":"Unknown","genProcessType":2,"genProcessTypeName":"Forecast","forecastTime":120,"surface1Type":1,"surface1TypeName":"Ground or water surface","surface1Value":0.0,"surface2Type":255,"surface2TypeName":"Missing","surface2Value":0.0,"gridDefinitionTemplate":0,"gridDefinitionTemplateName":"Latitude_Longitude","numberPoints":615,"shape":6,"shapeName":"Earth spherical with radius of 6,371,229.0 m","gridUnits":"degrees","resolution":48,"winds":"true","scanMode":64,"nx":41,"ny":15,"basicAngle":0,"lo1":47.0,"la1":41.0,"lo2":87.0,"la2":55.0,"dx":1.0,"dy":1.0}, "data":
[rows 0 to 14 of 15, columns 0 to 40 of 41]
285.9114,278.3114,279.3114,293.3114,293.3114,291.9114,294.0114,299.1114,300.2114,301.3114,301.5114,303.5114,303.9114,304.3114,303.5114,302.4114,302.0114,301.6114,302.5114,302.8114,304.2114,299.3114,300.0114,295.4114,296.4114,298.8114,293.5114,282.9114,280.6114,278.2114,276.9114,271.3114,287.5114,293.5114,293.5114,293.2114,294.1114,293.6114,293.5114,293.1114,292.3114
271.0114,281.6114,293.1114,293.0114,292.9114,291.0114,289.3114,290.9114,295.5114,297.4114,300.5114,301.5114,302.9114,304.0114,303.6114,302.3114,302.0114,302.0114,300.4114,300.9114,301.0114,299.7114,297.4114,288.4114,275.8114,274.1114,286.0114,281.4114,280.3114,275.8114,281.2114,266.2114,280.9114,254.6114,274.9114,290.8114,288.6114,290.7114,293.7114,286.1114,284.0114
290.2114,292.3114,292.4114,292.3114,290.6114,287.6114,284.7114,284.7114,289.1114,292.8114,294.9114,297.9114,300.6114,302.5114,301.7114,301.2114,300.4114,299.7114,300.2114,300.1114,300.0114,297.6114,296.7114,291.9114,294.5114,293.3114,294.3114,292.9114,292.3114,282.9114,272.5114,277.0114,281.4114,282.3114,284.2114,281.8114,274.1114,276.6114,277.4114,271.8114,271.0114
291.7114,291.3114,292.2114,291.6114,290.1114,287.1114,284.4114,283.5114,285.0114,290.5114,293.2114,294.7114,289.5114,289.0114,300.1114,301.1114,298.4114,299.9114,299.5114,297.7114,296.8114,292.9114,296.5114,296.7114,297.0114,296.8114,297.1114,293.7114,291.3114,291.9114,292.5114,289.7114,294.4114,289.9114,289.3114,284.4114,273.1114,264.6114,276.9114,283.4114,284.0114
291.7114,290.4114,291.1114,290.8114,289.7114,288.1114,287.1114,286.1114,284.4114,287.4114,291.2114,292.2114,288.5114,287.4114,286.1114,299.8114,298.9114,297.9114,297.8114,297.8114,297.2114,297.6114,296.5114,295.5114,295.1114,294.8114,292.4114,290.9114,292.1114,291.9114,293.9114,291.0114,279.0114,268.5114,279.6114,287.6114,289.8114,290.6114,288.8114,288.5114,286.5114
291.2114,289.5114,288.7114,289.3114,289.8114,289.0114,285.8114,286.2114,285.6114,286.2114,289.6114,290.2114,288.9114,288.2114,291.2114,297.2114,298.5114,298.0114,297.0114,296.8114,296.4114,296.0114,294.8114,294.0114,293.2114,291.1114,290.1114,287.1114,292.4114,292.1114,289.7114,291.2114,288.3114,285.6114,283.0114,287.1114,279.0114,281.6114,286.8114,288.6114,287.3114
290.6114,289.7114,290.1114,290.2114,288.3114,285.9114,285.9114,285.7114,285.8114,286.8114,287.4114,289.5114,291.1114,293.9114,294.1114,296.2114,297.4114,297.8114,296.9114,295.5114,294.7114,294.4114,293.8114,293.0114,290.8114,290.4114,289.3114,290.4114,289.9114,289.9114,289.4114,288.6114,288.4114,288.1114,286.2114,284.7114,279.9114,276.1114,272.9114,271.3114,281.4114
289.5114,289.8114,289.9114,289.8114,288.7114,287.6114,286.1114,285.3114,284.2114,284.1114,284.8114,286.8114,289.1114,291.6114,295.1114,295.8114,295.6114,296.8114,296.0114,293.7114,292.8114,292.4114,291.6114,290.3114,289.5114,287.1114,286.5114,287.2114,286.3114,287.9114,286.1114,286.6114,285.7114,283.2114,283.6114,284.7114,285.7114,284.8114,283.0114,281.5114,281.1114
286.5114,287.2114,288.1114,288.0114,287.8114,286.8114,285.7114,284.9114,283.9114,283.6114,283.4114,284.4114,286.3114,289.5114,291.8114,295.2114,295.9114,295.7114,294.3114,293.6114,291.0114,289.8114,289.8114,288.8114,287.6114,287.4114,285.7114,284.8114,284.2114,282.7114,282.8114,283.8114,284.9114,285.0114,285.0114,282.6114,282.1114,284.1114,272.2114,276.4114,270.4114
283.7114,285.0114,285.7114,285.4114,286.4114,286.6114,285.1114,284.0114,283.3114,282.8114,282.8114,281.8114,284.3114,286.0114,288.5114,291.6114,294.9114,295.3114,294.7114,293.5114,291.7114,290.5114,290.2114,289.2114,288.3114,287.1114,287.2114,286.4114,285.5114,285.0114,284.4114,285.6114,286.2114,286.7114,285.4114,284.7114,285.0114,280.4114,275.2114,274.7114,272.6114
280.8114,283.5114,284.0114,284.5114,284.2114,283.9114,283.9114,283.6114,282.0114,281.9114,281.0114,281.5114,283.6114,283.6114,285.7114,288.4114,290.2114,293.8114,293.8114,291.9114,291.7114,290.9114,289.5114,288.7114,288.3114,287.5114,286.8114,287.6114,287.9114,288.7114,288.0114,287.7114,286.7114,287.7114,287.6114,285.4114,281.6114,277.9114,278.2114,278.0114,276.9114
281.9114,280.8114,283.3114,283.3114,283.4114,283.0114,281.9114,281.6114,281.7114,281.2114,279.3114,279.9114,281.7114,281.8114,283.6114,284.5114,286.1114,288.0114,292.2114,291.0114,290.5114,289.7114,287.8114,287.5114,286.8114,287.4114,287.7114,288.6114,288.5114,288.7114,288.0114,287.4114,287.3114,285.4114,286.7114,285.7114,285.0114,284.1114,282.7114,282.5114,282.2114
279.7114,281.9114,282.5114,281.2114,281.6114,282.3114,282.3114,281.7114,280.8114,280.2114,277.5114,276.6114,280.3114,280.2114,281.8114,282.0114,282.5114,284.4114,288.5114,290.3114,290.3114,289.9114,288.5114,286.6114,286.6114,287.6114,288.1114,287.5114,288.7114,287.6114,287.9114,287.4114,287.2114,286.2114,285.8114,286.2114,285.2114,286.6114,283.9114,282.6114,283.1114
277.6114,279.7114,282.8114,281.0114,281.5114,281.3114,280.5114,279.6114,280.9114,280.4114,276.9114,274.6114,276.7114,279.4114,281.2114,281.2114,280.0114,281.1114,282.8114,286.1114,289.5114,290.4114,290.2114,289.6114,287.8114,288.0114,287.7114,288.0114,287.6114,287.6114,287.0114,287.1114,286.3114,285.2114,285.2114,283.4114,284.1114,284.3114,284.2114,282.6114,282.7114
275.8114,278.2114,283.9114,279.0114,278.6114,278.5114,279.4114,279.8114,280.3114,279.3114,277.8114,276.2114,275.4114,277.7114,280.3114,280.8114,280.8114,279.9114,280.2114,281.7114,283.8114,286.4114,287.7114,287.6114,287.4114,287.4114,287.1114,287.7114,287.8114,287.8114,286.5114,285.8114,286.6114,286.2114,286.1114,284.7114,284.1114,283.1114,284.5114,284.5114,284.0114
