wind_kz.json
{"header": {"discipline":0,"disciplineName":"Meteorological products","gribEdition":2,"gribLength":1102,"center":7,"centerName":"US National Weather Service - NCEP(WMC)","subcenter":0,"refTime":"2024-02-03T00:00:00.000Z","significanceOfRT":1,"significanceOfRTName":"Start of forecast","productStatus":0,"productStatusName":"Operational products","productType":1,"productTypeName":"Forecast products","productDefinitionTemplate":0,"productDefinitionTemplateName":"Analysis/forecast at horizontal level/layer at a point in time","parameterCategory":2,"parameterCategoryName":"UnknownDiscipline_0_Category_2","parameterNumber":2,"parameterNumberName":"UnknownParameter_D0_C2_2","parameterUnit":"Unknown","genProcessType":2,"genProcessTypeName":"Forecast","forecastTime":120,"surface1Type":103,"surface1TypeName":"Specified height level above ground","surface1Value":10.0,"surface2Type":255,"surface2TypeName":"Missing","surface2Value":0.0,"gridDefinitionTemplate":0,"gridDefinitionTemplateName":"Latitude_Longitude","numberPoints":615,"shape":6,"shapeName":"Earth spherical with radius of 6,371,229.0 m","gridUnits":"degrees","resolution":48,"winds":"true","scanMode":64,"nx":41,"ny":15,"basicAngle":0,"lo1":47.0,"la1":41.0,"lo2":87.0,"la2":55.0,"dx":1.0,"dy":1.0}, "data":
[rows 0 to 14 of 15, columns 0 to 40 of 41]
2.7274365,-1.2325635,2.4774365,-3.9025636,0.097436525,1.9574366,2.1074364,0.5274365,0.6374365,0.90743655,1.0374365,0.07743652,1.9574366,2.4974365,2.9674366,1.9974365,3.3474364,2.6774366,2.5374365,3.9174366,-3.0325634,-2.6125634,-2.4025636,-1.1825634,-2.9825635,-2.9125636,-1.9025635,1.0674366,1.5374365,1.2474365,-2.6525636,2.4274366,0.08743653,-0.052563477,2.1374366,1.9474366,2.4474366,2.5574365,2.8274364,2.7574365,2.0674365
2.5374365,1.1874366,-1.7125635,-1.0725635,0.79743654,2.8774366,2.1074364,1.1274365,2.3974366,2.9274366,2.8474364,3.7674365,2.8974366,3.3274364,3.8274364,4.2974367,5.3674364,4.4974365,3.2174366,4.2174363,1.5774366,0.73743653,0.08743653,0.65743655,3.1674366,0.59743655,-1.0325634,0.12743652,-0.6025635,-1.9325634,0.36743653,-1.2025635,2.4974365,-2.1325636,0.45743653,0.23743652,1.0974365,1.1074365,-0.18256348,3.8174365,-1.0525634
1.9674366,-3.8525634,1.6174365,3.4674366,4.8674364,3.0374365,3.1074364,2.7174366,3.8474364,5.7874365,4.5374365,4.1374364,4.0874367,4.3974366,4.7674365,5.0074368,7.0974364,7.9474363,5.0674367,5.1774364,5.4274364,2.4374366,3.4874365,4.8674364,4.7074366,-1.4725635,-2.1625636,-3.0625634,2.7774365,0.22743653,-1.0525634,1.9274365,0.5574365,0.16743653,0.84743655,-0.8125635,-0.6625635,0.65743655,0.017436523,2.0874364,2.1974366
-2.2825634,1.8074365,2.9874365,5.1474366,5.5074368,4.4474363,2.9674366,5.1774364,3.8874366,4.0774364,4.6074367,5.8474364,10.887437,11.707437,6.9174366,6.1474366,6.1274366,6.4874363,5.6474366,4.9774365,3.2874365,4.4874363,0.78743654,6.4974365,1.4874365,-1.5925635,2.0774364,-0.44256347,1.5774366,1.1374365,2.3974366,0.7474365,4.6174364,0.21743652,-0.70256346,-0.6725635,-3.1425636,2.9274366,2.0474365,-0.06256348,0.33743653
1.9974365,3.3074365,5.0874367,4.2974367,2.0574365,2.2574365,2.4874365,4.2074366,4.4574366,5.0874367,6.6874366,8.327436,12.327436,12.097437,12.577436,7.8774366,5.6774364,6.0774364,5.3574367,4.9274364,4.7274365,4.5974364,2.8174365,5.9174366,4.7474365,2.0674365,1.2074366,1.6474365,-0.082563475,2.3274364,1.7574365,2.9774365,-0.6225635,2.3574364,2.2274365,-0.44256347,-0.2725635,-0.9325635,-0.57256347,-0.8725635,-1.9925635
5.1274366,5.3274364,4.6674366,4.0174365,1.2974365,2.9674366,4.0074368,4.7674365,4.5074368,6.6974363,7.3074365,8.407436,11.907436,13.227436,9.207437,7.7374363,7.1974363,4.9974365,5.6474366,4.5674367,4.6274366,3.8374364,1.9074365,1.1674365,0.53743654,-0.8825635,0.85743654,0.72743654,0.037436523,2.3474364,2.6374366,2.6574366,3.4074366,1.2674365,0.15743652,-3.1325636,2.1874366,-2.6725636,2.2574365,-1.0325634,-2.6725636
4.9174366,4.4574366,3.3274364,0.7474365,2.1374366,3.4174366,3.8974366,4.9074364,5.5574365,7.2374363,7.9174366,8.687436,9.267437,10.337437,9.577436,8.777436,7.7174363,6.0374365,4.5274367,4.7474365,5.5774364,2.6574366,0.84743655,0.4474365,0.46743652,-0.4925635,0.5874365,1.1374365,0.67743653,0.057436522,-0.82256347,2.2374365,2.0774364,0.8074365,-3.5225635,-3.8225634,-0.42256346,2.9674366,-3.7625635,1.7874365,0.9374365
1.8374366,0.26743653,-0.0025634766,1.6374365,2.5174365,3.0574365,4.1374364,4.9474363,6.4574366,7.7874365,8.557437,8.527436,10.137437,9.937436,9.397436,9.247437,8.2874365,7.1874366,5.7874365,6.0074368,4.7774367,3.6674366,2.6174364,1.4374366,2.2574365,2.4974365,3.2474365,1.4774365,1.2674365,2.1974366,0.4474365,0.6874365,-0.77256346,1.4074365,-2.8625634,1.8774365,3.2574365,-2.8825636,-11.592564,-11.352564,-3.5025635
-0.32256347,-0.47256348,0.4474365,1.5274365,2.7274365,3.6474366,5.1574364,5.8674364,6.8174367,8.737436,9.707437,9.447436,14.717437,8.947436,10.107436,8.907436,8.407436,6.6774364,6.6074367,6.2774367,6.3274364,4.3974366,4.1574364,3.2074366,3.4674366,3.5374365,1.9974365,2.0774364,2.0974364,0.66743654,2.9374366,2.6474366,2.1374366,-0.25256348,-2.1425636,-4.6025634,1.6274365,-2.7825634,-2.5225635,0.53743654,-2.7725635
-1.0625634,-0.44256347,0.79743654,2.1974366,3.1074364,4.4874363,4.7374363,5.6374364,7.9074364,8.777436,10.227436,10.147436,9.907436,9.297437,9.0374365,8.707437,8.167437,7.1774364,6.1374364,5.3074365,6.8974366,6.4574366,4.1174364,3.7974365,3.2174366,2.6974366,3.4974365,0.7674365,1.1174365,1.9074365,1.9274365,1.6274365,2.3674364,-0.9225635,1.2074366,-0.41256347,-1.2925634,-0.6225635,-2.8625634,-0.7525635,-1.9025635
-0.9225635,0.36743653,1.7674365,1.7474365,3.7874365,3.6574366,5.9474363,7.3674364,8.067436,8.437436,9.027436,9.997437,7.8474364,9.217437,8.877437,8.077436,7.4774365,6.9774365,5.8974366,6.0274367,6.3374367,5.1474366,3.3574364,2.7974365,2.0574365,2.4674366,2.8774366,0.78743654,1.5574365,3.4574366,1.2274365,-0.45256346,-0.7925635,0.08743653,0.60743654,-2.2425635,-1.1425635,-0.082563475,-1.7825634,1.1074365,-1.9625635
-0.09256348,1.2974365,2.4474366,1.7074366,4.0374365,4.8574367,5.7074366,6.7774367,6.8374367,7.1174364,7.1574364,10.617436,7.6174364,8.557437,8.717437,6.9874363,5.7574368,5.4374366,4.8174367,4.6974363,4.4574366,1.2674365,0.6974365,0.33743653,1.3874365,1.5574365,1.2574365,0.71743655,1.2574365,0.34743652,0.28743652,-0.052563477,-0.51256347,-1.6325635,0.6974365,-1.0525634,1.5474365,0.28743652,0.30743653,-0.41256347,-0.9425635
0.5174365,1.3374366,1.4174365,2.9974365,3.3474364,4.6474366,6.2874365,6.9474363,10.397436,6.8074365,5.0974364,7.3874364,5.9674363,6.6874366,4.8474364,2.0974364,1.9474366,2.7974365,2.4574366,1.9674366,1.0874366,-0.51256347,-0.022563476,-0.43256348,-0.82256347,-1.6425635,-1.2225635,-1.1525635,-0.29256347,-0.19256347,-0.90256345,-1.0925635,-0.0025634766,-0.9325635,-1.2025635,1.0374365,0.34743652,1.1174365,-1.8325635,-1.0925635,-1.4025635
0.42743653,1.1474365,1.3474365,4.3074365,3.8974366,5.7274365,6.2874365,7.1174364,7.2674365,8.387437,3.9474366,4.2374363,5.7674365,4.7974367,0.54743654,-0.95256346,-0.46256348,0.9374365,-0.022563476,-2.8625634,-2.8725634,-2.7225635,-2.7225635,-4.2725635,-2.8525634,-3.0225635,-1.7725635,-0.31256348,-0.8525635,-1.3825635,-0.3025635,-1.2025635,-0.90256345,-0.7525635,-0.9425635,-2.4025636,-1.8425635,-1.2125635,-1.1125635,-0.6625635,-0.8525635
-0.082563475,1.7974365,3.7074366,4.1074367,5.0374365,5.3774366,7.3974366,6.8774366,7.3574367,4.1874366,-0.41256347,1.5374365,1.6174365,-0.9825635,-3.0825634,-3.1225634,-1.6125635,-3.2325635,-4.3825636,-4.5425634,-4.7725635,-4.8325634,-4.1825633,-3.5425634,-3.1725636,-2.6225634,-1.7125635,-1.5025635,-1.0525634,-0.6025635,-1.0525634,-1.6525635,-0.7525635,-1.7325635,-1.6325635,-1.5225635,-0.8025635,-1.5725635,-1.6725634,-1.6825634,-1.2725635
