wind.json
{"header": {"discipline":0,"disciplineName":"Meteorological products","gribEdition":2,"gribLength":1211,"center":7,"centerName":"US National Weather Service - NCEP(WMC)","subcenter":0,"refTime":"2023-06-28T12:00:00.000Z","significanceOfRT":1,"significanceOfRTName":"Start of forecast","productStatus":0,"productStatusName":"Operational products","productType":1,"productTypeName":"Forecast products","productDefinitionTemplate":0,"productDefinitionTemplateName":"Analysis/forecast at horizontal level/layer at a point in time","parameterCategory":2,"parameterCategoryName":"UnknownDiscipline_0_Category_2","parameterNumber":2,"parameterNumberName":"UnknownParameter_D0_C2_2","parameterUnit":"Unknown","genProcessType":2,"genProcessTypeName":"Forecast","forecastTime":0,"surface1Type":103,"surface1TypeName":"Specified height level above ground","surface1Value":10.0,"surface2Type":255,"surface2TypeName":"Missing","surface2Value":0.0,"gridDefinitionTemplate":0,"gridDefinitionTemplateName":"Latitude_Longitude","numberPoints":688,"shape":6,"shapeName":"Earth spherical with radius of 6,371,229.0 m","gridUnits":"degrees","resolution":48,"winds":"true","scanMode":64,"nx":43,"ny":16,"basicAngle":0,"lo1":45.0,"la1":40.0,"lo2":87.0,"la2":55.0,"dx":1.0,"dy":1.0}, "data":
[rows 0 to 15 of 16, columns 0 to 42 of 43]
0.83592284,-2.614077,-3.5440772,-3.4540772,-3.7840772,-2.2540772,2.1659229,3.5659227,5.5659227,3.0459228,3.365923,0.03592285,0.41592285,-4.004077,-5.614077,-5.1440773,-2.7140772,-0.014077148,1.8159229,0.6759229,2.9359229,3.2259228,-3.0040772,-1.9440771,3.105923,1.0259229,5.9159226,2.345923,-0.05407715,3.595923,3.115923,-0.12407715,1.9259229,2.7759228,-1.4240772,1.3059229,-1.3040771,0.56592286,-2.4540772,-3.3040771,-1.3940772,0.15592285,-1.7840772
-2.7140772,-2.0340772,1.3759228,1.3859229,-0.6440771,2.595923,5.305923,6.3959227,7.3359227,6.595923,5.8359227,-1.9640771,-4.524077,-6.6640773,-4.6840773,-2.854077,-0.9640772,-1.7440772,-1.2440772,-2.5240772,-2.0140772,-0.59407717,0.61592287,-1.8840772,3.8159227,7.305923,7.425923,4.985923,7.515923,7.555923,5.7959228,5.195923,1.7459228,2.6659229,1.0259229,0.5459229,0.68592286,0.41592285,2.395923,2.0259228,1.4059229,1.8259228,2.635923
-1.8740772,0.6759229,1.1359229,-0.72407717,-0.18407714,3.0059228,5.135923,7.505923,9.605923,0.6659229,-7.244077,-7.514077,-5.674077,-5.094077,-4.544077,-4.284077,-3.364077,-2.7140772,-1.1040771,-1.7140771,-0.86407715,0.045922853,1.1659229,2.865923,3.7659228,2.8059227,3.135923,-0.9640772,2.095923,5.075923,8.425922,1.2659229,3.2459228,-1.0340772,0.86592287,0.03592285,1.3159229,-1.7040771,1.0859228,5.505923,2.835923,2.0559227,2.9859228
-1.5840771,-1.3740772,0.45592284,-4.504077,-0.09407715,2.125923,5.505923,0.09592285,-4.674077,-6.9540772,-5.6840773,-4.1440773,-5.4540772,-5.074077,-3.7640772,-3.9540772,-3.424077,-3.0840771,-1.8540771,-0.9540771,-0.61407715,-1.1540772,1.3559228,5.445923,-3.894077,-1.7140771,0.58592284,2.4259229,2.075923,2.335923,4.785923,-0.73407716,0.93592286,-1.3140771,-1.6940771,-0.29407716,1.1959229,0.40592286,-0.7640771,-0.6540772,2.885923,8.585923,-2.3040771
1.1459229,1.3459228,0.58592284,-1.7040771,1.2859229,2.6759229,7.3159227,6.485923,-3.594077,-2.644077,-2.7440772,-2.8240771,-2.9540772,-6.3540773,-5.474077,-4.714077,0.71592283,-1.1440772,-2.384077,-0.21407714,-1.4040772,-1.2640772,-0.104077145,-2.9840772,0.8559229,0.95592284,2.7759228,2.9159229,4.235923,5.175923,6.975923,5.4359226,4.115923,5.3959227,7.1259227,5.6659226,10.455923,-1.8540771,-0.68407714,0.96592283,2.9259229,1.3559228,-5.014077
2.085923,4.225923,5.215923,-0.5240772,3.9259229,4.1659226,3.7759228,6.985923,3.825923,-1.4340771,-2.414077,-1.5740771,-0.13407715,-6.3740773,-4.534077,-2.7640772,1.5759228,1.6659229,-0.8340771,-0.63407713,-0.31407714,-1.2940772,-1.1340772,-0.5140771,0.0059228516,0.61592287,1.7659229,3.5459228,4.225923,-0.41407716,4.675923,5.515923,5.6659226,6.235923,3.9459229,3.4759228,-1.6640772,-0.8240771,4.1659226,0.13592285,2.0059228,10.205923,2.2559228
4.8159227,5.955923,5.845923,5.8759227,5.205923,3.0659227,0.93592286,-2.2140772,1.6859229,1.7259228,0.47592285,0.82592285,-0.97407717,-4.494077,-1.6440772,0.15592285,1.9359229,0.42592284,0.5959228,2.1959229,0.99592286,2.615923,3.585923,2.6859229,2.9259229,3.6759229,3.825923,3.845923,5.215923,-0.42407715,4.745923,7.3759227,7.425923,8.155923,8.815923,8.505923,7.3359227,-2.5340772,3.9759228,1.8759228,6.215923,18.655922,-8.134077
6.805923,6.705923,7.3759227,7.8359227,5.425923,5.3359227,1.8459228,4.1659226,3.3159227,1.3659228,-1.8540771,-2.894077,-4.174077,-2.5040772,3.875923,2.7459228,1.8059229,-0.8940771,1.2459228,1.4459229,2.645923,3.585923,4.4359226,3.4559228,4.405923,5.735923,1.9459229,1.4859228,4.525923,7.0659227,6.6259227,8.415923,8.295923,10.155923,8.885922,8.705923,9.435923,9.475923,4.985923,1.0959228,3.115923,4.035923,2.7059228
6.3959227,4.925923,6.755923,7.3159227,5.845923,7.865923,3.2859228,-4.504077,-4.844077,-1.3540771,0.81592286,1.8059229,1.3359228,3.4559228,2.405923,1.3259228,3.115923,1.3559228,2.085923,3.6859229,2.5359228,3.9659228,4.425923,4.3559227,4.845923,1.8259228,1.5059228,3.0359228,3.5259228,6.635923,6.905923,8.115923,8.095922,8.455923,10.065923,8.565923,8.865923,10.395923,10.475923,7.575923,-3.9940772,-6.824077,-3.5340772
5.285923,5.765923,6.205923,8.345922,6.405923,-2.6840773,-0.75407714,-4.9540772,-5.274077,-4.534077,-2.114077,6.595923,1.5959228,1.2759229,0.99592286,1.1159228,2.405923,2.7959228,4.175923,1.5959228,3.2459228,3.2059228,4.745923,5.905923,6.495923,5.265923,1.8059229,7.205923,6.8159227,6.115923,7.655923,8.125923,9.965923,7.455923,6.5659227,8.535923,7.265923,5.9359226,6.365923,7.995923,1.4059229,-0.79407716,0.25592285
4.6659226,4.3159227,4.4359226,4.865923,-5.5840774,-1.2040771,-4.474077,-6.784077,-6.054077,-2.404077,1.7059228,1.6359229,3.095923,3.5659227,2.615923,3.865923,2.585923,3.1759229,2.4759228,4.245923,4.475923,3.085923,5.445923,5.425923,5.675923,5.745923,1.1659229,3.875923,5.225923,6.8759227,8.295923,9.965923,9.465923,8.645923,7.475923,8.945923,8.5559225,6.705923,5.6059227,5.785923,5.495923,4.655923,1.8059229
1.4359229,2.0459228,0.95592284,-5.574077,-4.274077,-6.764077,-4.4340773,-4.424077,-1.3840772,1.0759228,4.925923,2.345923,2.605923,2.7259228,3.1859229,4.1659226,4.195923,2.335923,4.015923,7.5459228,3.135923,3.9759228,3.6759229,2.3159227,5.455923,4.975923,5.4359226,5.095923,7.1459227,7.695923,7.955923,9.265923,9.205923,8.275923,7.655923,7.695923,8.985923,6.735923,4.805923,3.825923,5.245923,4.005923,0.99592286
-3.5640771,-5.0640774,-5.424077,-5.384077,-4.1240773,-2.5740771,0.14592285,-0.66407716,3.9359229,3.4559228,1.5859228,1.4459229,1.4359229,0.58592284,0.16592285,1.9459229,3.4759228,3.905923,4.465923,6.905923,3.5059228,3.9359229,1.6259228,3.9759228,2.595923,4.8959227,7.465923,7.255923,7.405923,7.225923,7.8559227,10.725923,9.105923,9.895923,8.395923,8.205923,5.775923,7.515923,8.845922,7.285923,7.8759227,4.775923,4.035923
-3.844077,-3.2240772,-3.4940772,-3.164077,1.1759229,0.40592286,2.2259228,1.4759228,0.26592284,1.7659229,1.7959229,0.14592285,1.3459228,3.1859229,1.6359229,3.0059228,4.995923,2.8159227,4.6459227,4.865923,3.5559227,4.505923,4.265923,6.755923,4.345923,5.445923,6.6259227,6.195923,3.6959229,6.3359227,7.515923,7.865923,9.085923,9.095922,9.295923,8.695923,9.165923,6.8759227,6.555923,5.015923,7.825923,4.925923,-0.9540771
-0.20407715,-0.27407715,0.11592285,-0.36407715,-0.69407713,3.2459228,2.0559227,0.96592283,0.76592284,1.8559228,2.8159227,3.605923,1.6759229,1.8459228,2.5559227,3.6659229,3.835923,1.2459228,3.885923,4.095923,0.33592284,6.215923,6.0459228,4.0659227,4.8159227,3.375923,4.305923,4.215923,3.7359228,5.475923,6.495923,7.765923,8.3059225,8.685923,8.235923,6.865923,6.3959227,5.5659227,3.9359229,5.525923,6.035923,1.7759229,2.7459228
1.0859228,-0.68407714,2.7659228,-0.5840771,0.17592286,3.145923,1.5759228,-0.38407716,4.3359227,3.6959229,2.7159228,1.3859229,3.385923,3.615923,1.8759228,1.4359229,1.6759229,2.1859229,2.115923,1.9159229,4.775923,3.3059227,3.4159229,5.245923,2.825923,2.845923,4.885923,4.8759227,2.875923,5.1059227,4.0459228,4.6259227,6.1059227,6.2959228,4.985923,4.705923,5.595923,4.6659226,4.975923,5.035923,5.1059227,-1.2340771,-2.8140771
