wind_kz.json
{"header": {"discipline":0,"disciplineName":"Meteorological products","gribEdition":2,"gribLength":1025,"center":7,"centerName":"US National Weather Service - NCEP(WMC)","subcenter":0,"refTime":"2024-02-01T18:00:00.000Z","significanceOfRT":1,"significanceOfRTName":"Start of forecast","productStatus":0,"productStatusName":"Operational products","productType":1,"productTypeName":"Forecast products","productDefinitionTemplate":0,"productDefinitionTemplateName":"Analysis/forecast at horizontal level/layer at a point in time","parameterCategory":2,"parameterCategoryName":"UnknownDiscipline_0_Category_2","parameterNumber":2,"parameterNumberName":"UnknownParameter_D0_C2_2","parameterUnit":"Unknown","genProcessType":2,"genProcessTypeName":"Forecast","forecastTime":60,"surface1Type":103,"surface1TypeName":"Specified height level above ground","surface1Value":10.0,"surface2Type":255,"surface2TypeName":"Missing","surface2Value":0.0,"gridDefinitionTemplate":0,"gridDefinitionTemplateName":"Latitude_Longitude","numberPoints":615,"shape":6,"shapeName":"Earth spherical with radius of 6,371,229.0 m","gridUnits":"degrees","resolution":48,"winds":"true","scanMode":64,"nx":41,"ny":15,"basicAngle":0,"lo1":47.0,"la1":41.0,"lo2":87.0,"la2":55.0,"dx":1.0,"dy":1.0}, "data":
[rows 0 to 14 of 15, columns 0 to 40 of 41]
4.001565,0.32156494,1.1015649,5.671565,0.8115649,0.64156497,-0.31843507,-0.59843504,-2.148435,-2.018435,-2.048435,-0.008435058,-0.32843506,-0.13843507,0.051564943,0.51156497,0.36156493,0.9415649,1.741565,2.571565,-2.258435,-0.12843506,-0.08843506,0.89156497,-0.91843504,-0.36843506,0.7415649,1.241565,-0.90843505,0.43156493,1.7115649,-0.6184351,0.47156495,0.25156495,0.84156495,1.4315649,1.911565,2.481565,1.3415649,1.371565,2.291565
3.041565,-1.5484351,-3.678435,-4.208435,-4.038435,-4.598435,-3.018435,-1.478435,-3.528435,-2.8784351,-2.1384351,-3.5984352,-2.508435,-1.088435,0.58156496,0.95156497,0.6215649,1.241565,1.0815649,3.221565,3.441565,0.5015649,-0.05843506,0.5715649,0.26156494,0.71156496,0.48156494,0.14156494,1.521565,-0.15843506,0.17156494,-0.028435059,-0.18843506,-1.118435,-0.48843506,0.42156494,0.30156493,-0.60843503,-0.34843504,0.58156496,0.18156494
-1.608435,-5.348435,-6.308435,-5.878435,-6.098435,-3.788435,-2.928435,-2.3584352,-1.9184351,-0.78843504,-0.078435056,-1.468435,-0.6784351,0.39156494,1.151565,1.1815649,1.6015649,1.411565,1.981565,1.3315649,0.24156494,1.501565,3.241565,5.461565,0.72156495,-0.51843506,-0.21843506,-2.1184351,-2.408435,0.90156496,-0.14843506,-1.1884351,-0.19843505,0.8815649,0.18156494,0.86156493,1.041565,0.19156495,-1.388435,1.271565,-0.5584351
-2.298435,-3.268435,-1.748435,0.38156494,0.8815649,1.0915649,0.40156496,2.421565,2.441565,1.151565,1.041565,1.041565,2.011565,3.261565,1.391565,0.8715649,2.1415648,2.1115649,1.3515649,1.4715649,-0.43843505,0.54156494,-0.91843504,8.561565,7.7815647,4.4915648,1.521565,1.2015649,5.371565,1.291565,-2.818435,-1.6784351,-2.308435,-1.7984351,-1.5784351,0.20156494,-0.06843506,1.7115649,-1.6784351,0.09156494,-1.4284351
1.411565,1.381565,2.221565,1.981565,2.241565,1.901565,2.031565,2.551565,1.621565,1.371565,1.241565,2.741565,2.261565,2.581565,2.531565,-1.248435,0.9915649,2.041565,3.101565,1.631565,3.091565,4.131565,3.1615648,3.791565,1.901565,-1.868435,1.4215649,1.521565,0.70156497,0.16156495,2.031565,0.84156495,0.021564942,1.881565,-1.108435,-0.9284351,-0.15843506,-0.18843506,1.001565,0.31156495,0.89156497
4.881565,3.4115648,3.1615648,2.711565,3.971565,4.131565,3.581565,2.971565,1.511565,2.441565,1.651565,1.901565,3.1215649,2.801565,0.84156495,1.0615649,1.741565,3.041565,4.0315647,3.011565,2.981565,2.941565,2.581565,1.251565,-0.5684351,-2.6184351,-2.398435,-1.5584351,-2.0984352,-1.128435,-0.9284351,-0.28843507,1.251565,2.191565,0.46156493,-2.8584352,0.78156495,-2.208435,-0.58843505,-0.23843506,-0.96843505
8.951565,9.111565,8.2315645,6.591565,5.151565,4.561565,4.7815647,3.191565,2.331565,2.691565,1.641565,1.2215649,1.9515649,3.451565,2.791565,2.681565,1.8515649,3.441565,4.861565,2.921565,3.6515648,2.9015648,1.281565,0.34156495,-1.2884351,-2.718435,-0.64843506,-1.8984351,-2.308435,-0.96843505,-2.448435,-2.428435,-2.718435,-4.2384353,-4.928435,0.32156494,0.42156494,0.011564941,-0.9284351,1.031565,-1.2884351
6.911565,7.411565,6.481565,4.161565,4.021565,4.141565,3.6315649,2.451565,3.301565,2.551565,2.511565,3.701565,3.1515648,3.451565,2.341565,3.011565,2.741565,3.3615649,3.711565,4.551565,3.8615649,2.551565,2.551565,0.60156494,0.61156493,0.19156495,1.6915649,-1.0684351,0.32156494,-0.25843507,-0.15843506,-0.028435059,0.48156494,0.7515649,-1.0784351,-0.5684351,0.5715649,0.54156494,-3.578435,-5.938435,-1.878435
5.421565,4.661565,3.581565,3.1515648,2.581565,3.101565,2.691565,1.791565,1.761565,2.511565,3.311565,2.1415648,6.231565,2.511565,4.331565,2.971565,3.531565,2.751565,3.271565,4.971565,6.251565,4.9915648,2.811565,1.991565,2.441565,3.1115649,2.031565,1.131565,1.4615649,0.5715649,2.271565,1.741565,6.271565,-0.15843506,-1.8984351,-4.118435,-0.27843505,-0.008435058,-1.228435,-0.66843504,-0.96843505
3.511565,2.721565,2.1215649,1.501565,1.291565,1.411565,0.52156496,0.73156494,1.3415649,2.811565,4.671565,4.841565,4.321565,5.981565,3.311565,4.151565,3.801565,3.3815649,3.6115649,4.751565,5.951565,6.321565,5.631565,4.181565,4.521565,2.8915648,4.231565,3.301565,3.741565,2.6415648,1.9515649,3.1615648,3.581565,-0.08843506,-0.97843504,-1.458435,-2.238435,-0.98843503,1.4215649,1.0615649,-1.6984351
1.0615649,0.35156494,-0.23843506,-0.26843506,0.39156494,0.31156495,1.1015649,1.8515649,3.1615648,4.941565,4.731565,5.721565,4.311565,5.751565,3.481565,4.431565,4.091565,5.2815647,3.071565,4.891565,7.041565,6.751565,6.711565,5.131565,4.451565,4.661565,5.691565,5.371565,5.431565,3.8715649,4.831565,3.461565,0.09156494,0.31156495,0.06156494,-0.8084351,-0.46843505,0.91156495,-0.64843506,-0.16843505,0.24156494
-0.60843503,-0.028435059,-0.09843506,0.011564941,0.24156494,0.65156496,1.541565,2.931565,4.181565,3.751565,4.541565,5.301565,2.3715649,4.211565,4.521565,4.941565,4.621565,5.221565,4.2815647,5.0115647,5.5115647,7.171565,5.871565,5.441565,5.391565,5.151565,5.811565,6.0115647,5.711565,6.0315647,3.831565,3.841565,2.4015648,0.78156495,1.541565,4.121565,5.041565,0.6215649,0.30156493,0.24156494,-0.7484351
0.27156493,-0.45843506,0.12156494,0.23156494,0.6315649,-0.09843506,1.0515649,1.731565,3.231565,2.6215649,2.431565,4.721565,1.1915649,5.0315647,4.821565,4.7815647,5.181565,4.771565,3.771565,4.831565,4.961565,6.881565,5.651565,5.961565,5.641565,5.471565,4.851565,4.851565,3.8715649,2.481565,1.8315649,1.881565,1.6015649,1.8315649,2.221565,3.261565,4.521565,3.591565,3.511565,0.47156495,0.32156494
-0.10843506,-0.37843505,-0.97843504,-0.6184351,-0.73843503,-0.008435058,0.96156496,2.941565,3.821565,3.351565,2.671565,3.031565,1.151565,3.841565,4.961565,4.7415648,4.5115647,4.271565,3.531565,4.701565,5.411565,6.051565,7.141565,6.7815647,5.141565,3.311565,2.551565,2.101565,1.0915649,0.32156494,0.07156494,0.24156494,1.2015649,1.8215649,2.301565,3.321565,3.061565,3.6115649,3.801565,3.941565,4.221565
-0.82843506,-1.7784351,-0.7584351,-0.9384351,-0.23843506,0.46156493,2.6115649,2.791565,2.1615648,2.251565,2.101565,2.961565,2.431565,1.511565,3.811565,3.6515648,3.781565,4.061565,3.991565,5.451565,5.0115647,5.981565,6.551565,6.041565,3.081565,0.04156494,-0.89843506,-1.1884351,-1.6784351,-0.8784351,-0.16843505,0.15156494,0.92156494,1.791565,2.701565,3.031565,3.221565,3.8915648,3.821565,3.671565,2.691565
