wind_kz.json
{"header": {"discipline":0,"disciplineName":"Meteorological products","gribEdition":2,"gribLength":948,"center":7,"centerName":"US National Weather Service - NCEP(WMC)","subcenter":0,"refTime":"2023-09-23T12:00:00.000Z","significanceOfRT":1,"significanceOfRTName":"Start of forecast","productStatus":0,"productStatusName":"Operational products","productType":1,"productTypeName":"Forecast products","productDefinitionTemplate":0,"productDefinitionTemplateName":"Analysis/forecast at horizontal level/layer at a point in time","parameterCategory":0,"parameterCategoryName":"UnknownDiscipline_0_Category_0","parameterNumber":0,"parameterNumberName":"UnknownParameter_D0_C0_0","parameterUnit":"Unknown","genProcessType":2,"genProcessTypeName":"Forecast","forecastTime":0,"surface1Type":1,"surface1TypeName":"Ground or water surface","surface1Value":0.0,"surface2Type":255,"surface2TypeName":"Missing","surface2Value":0.0,"gridDefinitionTemplate":0,"gridDefinitionTemplateName":"Latitude_Longitude","numberPoints":615,"shape":6,"shapeName":"Earth spherical with radius of 6,371,229.0 m","gridUnits":"degrees","resolution":48,"winds":"true","scanMode":64,"nx":41,"ny":15,"basicAngle":0,"lo1":47.0,"la1":41.0,"lo2":87.0,"la2":55.0,"dx":1.0,"dy":1.0}, "data":
[rows 0 to 14 of 15, columns 0 to 40 of 41]
304.65387,293.0539,298.5539,294.85388,294.85388,294.25388,304.0539,308.75388,305.35388,306.15387,304.25388,304.85388,304.25388,303.85388,303.25388,302.4539,302.4539,301.5539,302.25388,301.65387,303.15387,300.0539,299.85388,294.9539,297.35388,299.4539,293.4539,277.75388,277.35388,275.0539,274.75388,276.15387,286.75388,290.15387,288.85388,286.85388,286.65387,288.75388,291.15387,290.9539,291.65387
286.25388,297.85388,294.15387,294.65387,294.35388,293.85388,309.25388,305.35388,303.85388,303.5539,304.65387,303.9539,303.0539,302.4539,302.5539,302.75388,302.9539,302.75388,301.15387,301.25388,300.9539,300.25388,298.65387,288.9539,281.65387,282.4539,286.85388,279.65387,281.85388,267.25388,278.25388,260.85388,279.15387,253.05388,268.9539,285.35388,284.65387,285.25388,288.75388,282.15387,283.85388
299.85388,294.0539,294.65387,294.15387,292.35388,305.25388,304.25388,304.5539,303.75388,302.5539,301.9539,303.4539,301.35388,302.65387,302.65387,302.25388,301.9539,301.0539,301.15387,300.9539,302.4539,300.35388,298.75388,291.75388,295.25388,293.35388,293.65387,292.35388,290.85388,282.4539,271.0539,275.85388,281.9539,280.65387,280.65387,279.0539,271.15387,274.35388,274.5539,270.9539,270.15387
301.25388,293.4539,294.4539,293.4539,296.25388,304.5539,303.65387,302.4539,302.9539,302.9539,302.5539,299.65387,292.25388,291.65387,299.85388,302.65387,301.0539,300.9539,301.15387,300.75388,299.75388,294.75388,299.25388,299.25388,299.15387,298.75388,298.85388,295.0539,292.4539,293.35388,293.15387,288.85388,293.85388,292.5539,289.9539,283.9539,271.5539,264.15387,276.35388,286.5539,289.9539
302.25388,293.4539,293.5539,292.85388,297.65387,303.75388,302.9539,302.75388,300.75388,300.9539,302.15387,301.0539,292.0539,290.65387,288.9539,301.65387,301.75388,299.75388,299.35388,299.75388,300.4539,301.25388,300.35388,299.85388,299.0539,298.4539,296.85388,295.15387,295.75388,295.65387,297.0539,292.25388,278.25388,269.15387,282.9539,291.4539,292.75388,295.15387,294.75388,294.9539,293.65387
303.0539,300.4539,292.25388,292.85388,293.0539,292.85388,302.65387,302.75388,299.25388,301.0539,301.4539,301.15387,293.0539,292.0539,295.5539,299.75388,300.85388,300.4539,299.85388,300.15387,299.0539,298.15387,297.25388,297.0539,295.9539,295.15387,295.75388,289.85388,293.4539,293.25388,293.9539,294.4539,292.15387,291.5539,289.25388,291.4539,281.15387,282.15387,289.65387,293.25388,293.4539
304.85388,304.35388,303.0539,302.75388,299.25388,302.9539,303.5539,302.0539,302.9539,303.35388,300.9539,300.75388,300.0539,300.65387,300.75388,300.65387,300.75388,300.75388,299.35388,298.0539,297.65387,298.15387,297.4539,295.9539,294.25388,293.75388,293.0539,292.5539,290.65387,290.0539,288.4539,287.4539,287.9539,287.5539,285.85388,285.0539,282.15387,279.15387,276.65387,276.0539,287.4539
305.35388,305.15387,304.4539,303.85388,304.4539,304.35388,304.85388,304.65387,303.65387,302.25388,301.0539,300.15387,300.15387,299.5539,300.5539,300.4539,299.15387,299.15387,298.4539,295.35388,295.0539,295.35388,292.85388,290.35388,289.75388,286.0539,285.15387,285.9539,283.65387,285.65387,284.5539,285.15387,284.5539,282.4539,282.75388,283.65387,285.0539,287.9539,285.65387,286.25388,286.0539
303.85388,302.65387,303.0539,302.9539,303.35388,303.15387,304.25388,303.9539,302.5539,301.4539,298.75388,296.25388,298.9539,299.35388,298.4539,298.25388,296.35388,296.4539,294.35388,292.0539,289.35388,289.4539,290.5539,289.75388,288.25388,286.9539,284.0539,282.75388,281.35388,280.15387,281.25388,281.65387,282.75388,282.75388,283.0539,280.85388,280.9539,281.25388,272.5539,274.5539,273.65387
302.4539,302.75388,302.9539,302.35388,302.85388,303.4539,303.85388,303.35388,301.85388,301.15387,297.9539,294.9539,298.65387,294.65387,293.75388,294.35388,295.85388,295.85388,294.85388,293.35388,291.85388,290.15387,289.75388,289.25388,288.75388,286.4539,285.65387,284.75388,283.15387,282.4539,282.35388,283.15387,284.4539,284.35388,283.75388,282.35388,278.9539,277.5539,274.15387,274.4539,273.9539
302.25388,302.15387,301.65387,302.15387,302.25388,303.35388,303.15387,302.9539,301.85388,300.15387,297.25388,297.5539,297.15387,295.15387,294.9539,294.25388,293.5539,292.9539,292.5539,290.9539,291.15387,289.9539,288.25388,288.15387,287.15387,286.65387,284.35388,285.35388,284.75388,285.75388,285.75388,285.85388,284.65387,284.75388,284.25388,281.85388,275.35388,273.5539,274.75388,274.0539,274.75388
300.5539,302.65387,302.65387,302.4539,302.75388,301.9539,300.9539,300.5539,300.85388,298.0539,295.65387,292.4539,296.25388,292.15387,291.35388,292.9539,292.4539,291.15387,290.35388,289.4539,287.4539,286.4539,285.85388,285.9539,284.9539,285.65387,285.15387,285.75388,285.4539,285.35388,284.85388,284.4539,284.15387,282.85388,282.4539,282.35388,282.0539,280.4539,278.5539,279.35388,278.9539
297.5539,299.9539,301.25388,300.9539,300.65387,299.75388,299.75388,300.25388,299.5539,296.9539,291.5539,289.85388,294.5539,291.0539,291.35388,291.35388,290.85388,289.15387,289.35388,287.65387,286.9539,284.9539,283.75388,283.0539,284.35388,284.85388,285.9539,284.9539,284.35388,283.65387,283.35388,283.0539,283.25388,283.15387,282.9539,281.4539,280.85388,280.9539,279.5539,278.25388,278.9539
300.5539,300.75388,293.75388,301.15387,298.75388,297.9539,294.4539,292.25388,296.0539,296.15387,292.85388,290.15387,290.85388,292.0539,291.4539,290.4539,289.5539,288.25388,288.15387,287.5539,287.25388,285.85388,285.75388,284.75388,285.0539,285.25388,284.4539,283.75388,282.9539,281.9539,281.4539,280.9539,280.85388,280.75388,280.9539,279.0539,279.25388,279.25388,278.5539,276.75388,277.9539
298.65387,301.15387,288.65387,300.0539,298.5539,296.75388,296.85388,293.9539,295.5539,296.0539,292.9539,291.65387,289.35388,289.65387,289.65387,289.65387,288.75388,287.85388,288.25388,287.0539,287.15387,286.0539,285.5539,284.4539,284.15387,283.85388,282.9539,282.35388,281.15387,280.85388,280.9539,282.15387,280.25388,279.9539,278.75388,279.4539,280.15387,279.15387,278.65387,279.75388,278.75388
