wind_kz.json
{"header": {"discipline":0,"disciplineName":"Meteorological products","gribEdition":2,"gribLength":1025,"center":7,"centerName":"US National Weather Service - NCEP(WMC)","subcenter":0,"refTime":"2023-08-07T06:00:00.000Z","significanceOfRT":1,"significanceOfRTName":"Start of forecast","productStatus":0,"productStatusName":"Operational products","productType":1,"productTypeName":"Forecast products","productDefinitionTemplate":0,"productDefinitionTemplateName":"Analysis/forecast at horizontal level/layer at a point in time","parameterCategory":2,"parameterCategoryName":"UnknownDiscipline_0_Category_2","parameterNumber":3,"parameterNumberName":"UnknownParameter_D0_C2_3","parameterUnit":"Unknown","genProcessType":2,"genProcessTypeName":"Forecast","forecastTime":60,"surface1Type":103,"surface1TypeName":"Specified height level above ground","surface1Value":10.0,"surface2Type":255,"surface2TypeName":"Missing","surface2Value":0.0,"gridDefinitionTemplate":0,"gridDefinitionTemplateName":"Latitude_Longitude","numberPoints":615,"shape":6,"shapeName":"Earth spherical with radius of 6,371,229.0 m","gridUnits":"degrees","resolution":48,"winds":"true","scanMode":64,"nx":41,"ny":15,"basicAngle":0,"lo1":47.0,"la1":41.0,"lo2":87.0,"la2":55.0,"dx":1.0,"dy":1.0}, "data":
[rows 0 to 14 of 15, columns 0 to 40 of 41]
3.5073152,-2.822685,1.4573151,-0.8426849,-3.792685,-4.792685,-5.902685,-3.7626848,-4.032685,-3.822685,-3.4626849,-1.862685,-2.812685,-5.232685,1.657315,0.047315065,-3.632685,-2.882685,-3.642685,-2.862685,-3.272685,-3.782685,-3.522685,-1.2026849,-2.552685,-1.242685,-1.512685,0.8973151,1.627315,0.36731505,-0.45268494,-0.26268494,-0.052684937,-1.222685,-1.8926849,-2.882685,-4.392685,-7.212685,-5.622685,0.047315065,-1.4226849
2.887315,2.207315,3.357315,-1.472685,-4.762685,-7.022685,-6.422685,-3.2126849,-2.4526849,-2.9626849,-3.832685,-4.392685,-1.752685,-3.382685,-5.732685,-5.322685,-3.062685,-3.572685,-1.3926849,-2.872685,2.367315,-0.9826849,-0.6626849,0.86731505,0.7073151,0.057315063,-2.9726849,-0.41268495,-0.34268492,0.68731505,2.387315,2.717315,-0.83268493,-1.6926849,-3.532685,-3.7226849,-3.612685,-4.752685,-5.992685,-3.602685,2.9873152
3.557315,5.537315,3.117315,-1.752685,-4.312685,-5.002685,-2.842685,-2.852685,-3.2426848,-2.9626849,-3.812685,-3.192685,-2.922685,-3.9526849,-4.672685,-3.922685,-3.5126848,-3.322685,-2.912685,-5.3826847,2.307315,3.177315,-0.26268494,1.1973151,1.7273151,1.667315,1.397315,1.647315,0.5273151,2.377315,4.077315,0.91731507,2.097315,-1.3926849,-0.37268493,2.807315,3.5373151,-0.30268493,-1.2926849,-0.93268496,-1.6826849
3.097315,4.727315,3.4873152,-3.022685,-4.402685,-5.082685,-5.642685,-5.782685,-3.672685,-3.642685,-3.372685,1.387315,0.60731506,-1.5726849,-2.542685,-2.192685,-1.7026849,-2.2426848,-0.9126849,-2.4626849,-2.922685,-1.3126849,1.8273151,-2.2326849,-0.15268494,-1.0526849,-2.272685,-2.782685,1.757315,0.017315064,-0.95268494,-3.2326849,-2.552685,0.44731507,-0.33268493,-3.2326849,-1.0426849,2.967315,-0.022684937,1.3273151,-0.6026849
6.577315,6.047315,4.817315,1.017315,-1.0526849,-2.922685,-3.922685,-4.722685,-3.522685,-3.7126849,-2.552685,-1.1926849,2.9973152,1.737315,-1.5426849,-5.002685,-2.662685,-0.86268497,0.35731506,-1.6826849,-3.342685,-6.062685,-7.372685,-5.962685,-0.76268494,1.277315,-0.022684937,0.48731506,-0.52268493,-2.352685,1.0873151,1.8373151,2.217315,2.627315,-0.48268494,-1.972685,0.9673151,-0.70268494,4.357315,-0.57268494,-1.9526849
6.247315,3.4873152,4.437315,3.9973152,1.2973151,-0.6626849,-2.272685,-2.9726849,-3.112685,-3.892685,-4.722685,-3.932685,-3.9526849,-0.12268493,1.0573151,-0.36268494,-1.502685,-2.2326849,-3.352685,-2.9826849,-1.6426849,-2.932685,-4.1326847,-7.642685,-3.322685,-2.932685,2.327315,1.1073151,-0.33268493,-1.0726849,-0.44268495,-0.27268493,-0.57268494,3.067315,2.947315,3.557315,2.7973151,0.91731507,-0.44268495,0.46731508,0.017315064
5.267315,6.147315,4.8873153,2.317315,0.19731507,-1.372685,-6.062685,-4.932685,-4.552685,-4.462685,-5.232685,-4.802685,-6.402685,-6.192685,-3.2426848,3.2973151,1.6873151,-2.312685,1.8273151,-2.4626849,-1.0226849,-4.282685,-5.172685,-9.062685,-0.74268496,-4.372685,-2.402685,1.777315,0.20731506,-1.482685,-1.742685,-2.7226849,-2.692685,-3.5126848,0.35731506,-1.0726849,-2.292685,0.23731506,-0.9026849,-0.5426849,-1.5226849
-0.49268493,-0.9826849,-3.2626848,-4.542685,-5.352685,-6.372685,-5.912685,-5.8826847,-5.222685,-5.502685,-4.992685,-5.3826847,-5.642685,-6.272685,-7.102685,-7.1126847,-4.412685,-1.0426849,-2.682685,1.737315,-1.492685,-0.93268496,-3.392685,-5.082685,-0.89268494,0.6473151,0.30731505,-0.34268492,-0.41268495,-0.21268493,-0.63268495,-0.7826849,-2.152685,-2.4526849,-0.33268493,-0.61268497,-1.842685,0.07731506,-0.14268494,-0.62268496,-0.8526849
-0.61268497,-1.3926849,-2.922685,-3.9926848,-4.702685,-6.1326847,-3.342685,-3.602685,-5.282685,-5.562685,-5.992685,-6.952685,-6.512685,-6.772685,-6.442685,-6.872685,-4.732685,-3.572685,-2.672685,4.167315,4.707315,2.117315,0.7873151,1.657315,-2.9826849,-1.9126849,0.8273151,1.267315,0.81731504,0.20731506,-0.23268494,-0.7926849,-1.262685,-1.5626849,0.86731505,-0.082684934,-1.6626849,0.057315063,1.417315,0.33731505,0.8973151
-0.80268496,-0.87268496,-1.242685,-2.7526848,-2.302685,-2.692685,-3.7426848,-3.372685,-4.192685,-4.3626847,-5.152685,-6.192685,-7.062685,-6.8426847,-6.6326847,-6.232685,-6.512685,-0.38268495,1.9473151,4.497315,4.107315,2.867315,-0.48268494,-4.192685,-0.09268494,-0.68268496,-0.7126849,-0.55268496,-0.56268495,-1.4226849,0.26731506,0.7873151,1.5773151,1.1073151,0.11731506,0.13731506,0.18731506,-1.0526849,-0.7326849,0.86731505,0.7673151
0.7673151,-0.112684935,-1.082685,-1.8126849,-1.2726849,-1.212685,-1.8926849,-2.312685,-2.2326849,-2.832685,-3.692685,-4.432685,-5.972685,-5.782685,-6.8626847,-2.932685,-4.912685,-3.442685,-2.172685,-0.77268493,-0.74268496,-1.9526849,-1.112685,-2.022685,-1.8126849,0.40731508,-1.472685,-1.5626849,-0.112684935,-1.2826849,-3.062685,-2.682685,1.3273151,1.9373151,2.9973152,1.0773151,0.16731507,1.4273151,1.1773151,-0.22268493,-0.37268493
0.10731506,0.38731506,-0.27268493,-0.14268494,-0.50268495,-1.1826849,-0.80268496,-0.83268493,-2.082685,-2.812685,-2.342685,-3.112685,-6.372685,-5.872685,-6.5926847,-3.9726849,-4.162685,-4.852685,-3.082685,-3.5126848,-2.102685,-4.402685,-3.542685,-1.382685,-1.462685,-0.77268493,-0.7226849,-1.592685,-0.24268493,-0.63268495,-1.9026849,-1.6926849,-2.302685,-2.7426848,-1.5226849,0.86731505,2.567315,2.707315,2.587315,2.0273151,1.767315
1.037315,1.867315,1.617315,1.267315,1.517315,0.75731504,0.66731507,0.91731507,0.8273151,-1.352685,-2.272685,-2.792685,-5.152685,-6.712685,-6.3626847,-6.282685,-5.222685,-3.272685,-4.392685,-2.842685,-0.69268495,-1.582685,-1.122685,0.45731506,-0.77268493,-3.122685,-3.332685,-3.7326849,-1.7826849,-1.592685,-2.092685,-1.882685,-2.372685,-2.042685,-2.282685,-1.1726849,0.88731503,0.14731507,-1.982685,-2.362685,1.027315
0.48731506,-1.012685,0.20731506,-0.042684935,0.08731506,0.9073151,0.5373151,0.88731503,-0.70268494,-0.32268494,0.42731506,-1.732685,-2.7526848,-3.2226849,-5.012685,-5.142685,-3.652685,-3.142685,-3.332685,-2.872685,-2.7226849,-3.422685,-2.332685,-1.382685,-0.082684934,0.26731506,-0.83268493,-0.45268494,0.7773151,0.23731506,-0.5426849,-2.062685,-2.342685,-1.242685,-0.87268496,-1.4426849,-1.982685,-0.43268493,-0.112684935,-0.9726849,-0.9126849
0.22731507,-0.7326849,-2.072685,-1.632685,-1.012685,-1.7826849,-3.072685,-0.8526849,-0.7826849,-1.252685,-1.362685,0.45731506,0.80731505,-1.6426849,-4.302685,-3.682685,-3.7426848,-3.342685,-3.122685,-2.7626848,-3.392685,-3.5126848,-3.182685,-1.6926849,-0.7926849,0.24731506,1.027315,0.42731506,1.7973151,0.5173151,1.117315,-0.12268493,-0.75268495,-0.9626849,1.5573151,0.24731506,-1.2026849,-0.82268494,0.66731507,1.3473151,0.11731506
