wind_kz.json
{"header": {"discipline":0,"disciplineName":"Meteorological products","gribEdition":2,"gribLength":1025,"center":7,"centerName":"US National Weather Service - NCEP(WMC)","subcenter":0,"refTime":"2023-08-27T18:00:00.000Z","significanceOfRT":1,"significanceOfRTName":"Start of forecast","productStatus":0,"productStatusName":"Operational products","productType":1,"productTypeName":"Forecast products","productDefinitionTemplate":0,"productDefinitionTemplateName":"Analysis/forecast at horizontal level/layer at a point in time","parameterCategory":2,"parameterCategoryName":"UnknownDiscipline_0_Category_2","parameterNumber":2,"parameterNumberName":"UnknownParameter_D0_C2_2","parameterUnit":"Unknown","genProcessType":2,"genProcessTypeName":"Forecast","forecastTime":60,"surface1Type":103,"surface1TypeName":"Specified height level above ground","surface1Value":10.0,"surface2Type":255,"surface2TypeName":"Missing","surface2Value":0.0,"gridDefinitionTemplate":0,"gridDefinitionTemplateName":"Latitude_Longitude","numberPoints":615,"shape":6,"shapeName":"Earth spherical with radius of 6,371,229.0 m","gridUnits":"degrees","resolution":48,"winds":"true","scanMode":64,"nx":41,"ny":15,"basicAngle":0,"lo1":47.0,"la1":41.0,"lo2":87.0,"la2":55.0,"dx":1.0,"dy":1.0}, "data":
[rows 0 to 14 of 15, columns 0 to 40 of 41]
-2.0588183,2.6911817,-0.92881835,-3.4088182,-4.2888184,-4.278818,-2.8688183,-0.9588184,-0.92881835,-0.49881837,-0.19881836,1.1011816,1.1111816,1.2611816,0.6011816,1.3711816,1.9011817,2.7111816,4.5211816,10.131182,5.3311815,3.4111817,2.3311815,3.7311816,-1.8088183,-0.65881836,0.71118164,3.0011816,-0.22881836,1.0911816,-0.67881835,1.7511816,1.0511817,0.70118165,0.44118163,1.6411816,1.1211816,-1.1788183,0.35118163,0.6611816,2.0011816
1.1211816,-2.1788185,-1.3488183,-0.5188184,-0.18881837,0.58118165,0.8611816,0.5511816,1.3011817,1.8411816,2.7111816,3.0011816,4.1111817,3.6911817,3.8411818,3.4911816,2.4511817,2.0511816,1.6411816,1.8211817,5.971182,3.8611817,0.89118165,0.9811816,2.8811817,-0.12881836,1.0211816,0.09118164,2.7211816,0.90118164,0.96118164,-0.19881836,-0.35881835,0.51118165,0.24118164,-0.20881836,0.21118164,0.04118164,1.8311816,0.57118165,0.43118164
-2.7388184,-1.9088184,0.17118163,0.59118164,-1.0288184,1.6911817,2.1711817,3.5611815,5.721182,3.8411818,4.301182,5.7311816,6.741182,6.8411818,7.0811815,6.3811817,5.4111814,3.9111817,3.6311817,2.0911818,-0.08881836,3.2311816,3.1811817,6.321182,2.6811817,-1.4588183,-2.8788183,-3.0488183,2.3811817,0.11118164,0.20118164,1.2411816,0.38118163,-0.7688184,0.18118164,2.0811815,1.0711817,0.6111816,0.45118165,3.3611817,0.8611816
-3.7888184,-3.6188183,-1.9488183,-0.32881835,1.6511817,1.7511816,2.3511817,3.4611816,4.7011814,5.6511817,6.0211816,6.2511816,6.261182,7.1511817,8.221182,7.5911818,6.9111814,7.3111815,4.1111817,4.8311815,2.8311815,4.7911816,1.0811816,5.8611817,4.8611817,4.1411815,5.4511814,1.9511817,1.0211816,-0.45881835,-6.7488184,-4.7488184,-4.3188186,-4.5888186,-2.9988184,-2.1788185,0.061181642,1.1911817,-2.3888183,-1.8888184,-1.5388184
-3.6688185,-2.9688184,-2.0988183,-1.0388184,-0.5888184,0.68118167,3.0911818,4.0411816,5.5911818,7.2311816,8.111181,8.681182,9.331182,8.171182,8.411181,8.441181,7.9811816,7.6311817,7.6111817,5.6811814,3.6311817,5.1911817,3.1411817,6.3411818,7.2311816,6.4211817,3.1011817,5.7711816,-0.48881835,0.19118164,-0.36881837,1.2911817,2.0711815,0.29118165,-2.5488183,-1.5088184,-0.71881837,-2.8888183,-2.6188183,-2.0288184,-2.0688183
-0.13881835,-0.5188184,0.96118164,2.7311816,3.5511816,3.6211817,4.3411818,5.241182,6.0411816,7.8511815,8.811182,9.341182,10.221182,11.791182,11.721182,8.881182,8.631182,9.771182,8.881182,8.081182,6.5811815,4.991182,5.5411816,4.531182,6.2711816,7.221182,6.221182,0.8511816,2.4211817,-0.34881836,-0.45881835,-0.8888184,-1.3988184,-1.5988183,-1.4088184,-4.9988184,-0.23881836,-4.4388185,-2.9488184,-1.6188184,-2.6388183
1.9811816,3.5211816,2.9811816,3.3111815,3.5811815,4.741182,5.551182,5.4611816,6.3411818,6.741182,7.3811817,8.851182,10.261182,11.491181,11.501182,10.431182,8.911181,8.421182,7.9111814,7.6711817,7.2311816,6.0811815,4.7311816,9.341182,3.5111816,8.231182,8.361181,4.321182,0.39118165,-1.9188184,-1.6988183,-1.9988184,-3.4588184,-6.1288185,-5.6488185,-5.2288184,-1.5488183,-0.85881835,-1.8488183,0.94118166,-2.3388183
2.8911817,3.3911817,4.8911815,3.7311816,3.8411818,4.3511815,4.9111814,5.261182,6.5411816,7.0011816,6.7911816,7.1211815,8.831182,11.3711815,10.671182,10.821181,6.6911817,7.571182,6.241182,7.1911817,6.5911818,6.9011817,3.7511816,7.2111816,4.9011817,2.4111817,4.5911818,1.4111817,-0.45881835,-1.3088183,-1.6588184,-2.6688185,-3.4588184,-1.5088184,-0.54881835,-4.9188185,-5.4588184,0.49118164,-5.3488183,-4.7488184,-1.6588184
1.7111816,0.69118166,1.6211816,2.7711816,3.7111816,4.4311814,5.261182,5.9011817,6.6911817,7.2511816,8.191181,7.1911817,7.4811816,7.741182,5.5611815,5.4211817,3.6211817,5.4211817,5.6111817,6.6711817,6.051182,4.7711816,3.3211815,4.281182,4.8411818,4.6311817,2.5811815,1.2011817,-1.1788183,-2.0788183,-1.5888183,-0.78881836,-2.0388184,-1.7788184,-4.008818,-3.9888184,-3.6388183,-0.38881835,-0.5088184,-2.0588183,1.2011817
1.3911816,1.5211816,2.5311816,2.9711816,3.9711816,4.051182,4.9311814,5.491182,5.971182,6.3811817,7.8111815,6.3811817,5.8911815,2.6211817,1.5511817,0.18118164,3.1311817,4.551182,3.2011817,2.3711817,1.1711817,2.1511817,3.7011817,0.6611816,1.9511817,0.82118165,3.5811815,1.3711816,-1.1388184,-1.9288183,-1.8488183,-2.6688185,-2.5288184,-3.2788184,-2.3088183,-2.8688183,-1.7088183,-0.62881833,2.2911816,0.58118165,-0.23881836
1.7211816,1.7011817,1.7911817,2.7811816,3.7611816,4.1511817,5.281182,4.9511814,4.3711815,6.1511817,7.1511817,5.6811814,6.3411818,4.4011817,2.7511816,3.0711815,0.95118165,-0.02881836,1.2711816,0.51118165,3.0211816,2.7111816,1.2611816,1.2411816,2.3611817,-0.01881836,3.5911818,1.9811816,-0.86881834,-3.0588183,-3.7688184,-3.6588182,-2.5588183,-2.5688183,-3.5088184,-2.2388184,0.15118164,1.0711817,0.36118165,-0.56881833,1.2011817
0.94118166,1.3911816,2.0011816,2.0011816,3.5111816,3.8111815,4.3911815,3.7611816,4.6011815,4.971182,5.4111814,5.0611815,5.4811816,5.1711817,3.6411817,1.4111817,-0.19881836,-0.35881835,-0.43881837,-0.8388184,0.47118163,0.5511816,1.3911816,1.2811817,1.5811816,-1.1988183,0.45118165,3.0811815,-0.54881835,-4.6588182,-4.1088185,-3.4388185,-3.1188183,-3.5888183,-3.2688184,-3.7288184,-2.6088183,-2.5888183,-1.3888184,-1.2688184,-1.3088183
1.2311816,1.4611816,1.6011816,2.0711815,2.6211817,2.4411817,2.9811816,3.1911817,3.9211817,4.0411816,3.2111816,3.8311815,4.321182,-0.43881837,0.96118164,1.0611817,0.69118166,0.40118164,0.43118164,-0.13881835,1.1211816,1.5311817,0.68118167,1.5411817,-0.30881837,-0.92881835,3.0711815,1.5211816,-1.1488184,-4.718818,-4.3788185,-4.0788183,-3.7288184,-3.9488184,-4.758818,-4.7688184,-4.3988185,-3.0088184,-3.8388183,-3.8488183,-2.8788183
2.0111816,1.8211817,2.4611816,2.0811815,2.6111817,2.5711815,2.0711815,3.0611815,2.7311816,3.2211816,2.8011816,2.5111816,-0.7588184,-3.0288184,-0.9488184,-1.0788183,-0.92881835,0.16118164,0.11118164,0.33118165,-0.71881837,0.21118164,1.4011817,0.42118165,-0.39881837,2.1011817,1.6911817,-1.6688184,-3.8988183,-5.1488185,-5.218818,-5.1388183,-5.1288185,-5.2088184,-4.8988185,-4.698818,-4.3288183,-4.5188184,-3.8888183,-2.7888184,-2.8388183
1.1411816,1.9611816,1.7811817,1.4911816,2.1011817,1.9811816,2.0611815,2.4911816,1.4911816,1.6711817,1.2511816,0.70118165,0.021181641,-2.1488183,-1.6088184,-0.14881836,-1.0988183,-1.1488184,-0.56881833,0.70118165,1.1311816,1.3911816,0.90118164,-2.0288184,2.9311817,-0.84881836,-5.3688183,-4.3688183,-4.9088182,-6.5588183,-7.468818,-5.718818,-5.5988183,-5.5588183,-5.3088183,-4.738818,-3.3788183,-5.1888185,-4.1288185,-3.0788183,-2.2488184
