wind_kz.json
[{"header":{"discipline":0,"disciplineName":"Meteorological products","gribEdition":2,"gribLength":871,"center":7,"centerName":"US National Weather Service - NCEP(WMC)","subcenter":0,"refTime":"2023-09-28T18:00:00.000Z","significanceOfRT":1,"significanceOfRTName":"Start of forecast","productStatus":0,"productStatusName":"Operational products","productType":1,"productTypeName":"Forecast products","productDefinitionTemplate":0,"productDefinitionTemplateName":"Analysis/forecast at horizontal level/layer at a point in time","parameterCategory":0,"parameterCategoryName":"UnknownDiscipline_0_Category_0","parameterNumber":0,"parameterNumberName":"UnknownParameter_D0_C0_0","parameterUnit":"Unknown","genProcessType":2,"genProcessTypeName":"Forecast","forecastTime":60,"surface1Type":1,"surface1TypeName":"Ground or water surface","surface1Value":0.0,"surface2Type":255,"surface2TypeName":"Missing","surface2Value":0.0,"gridDefinitionTemplate":0,"gridDefinitionTemplateName":"Latitude_Longitude","numberPoints":615,"shape":6,"shapeName":"Earth spherical with radius of 6,371,229.0 m","gridUnits":"degrees","resolution":48,"winds":"true","scanMode":64,"nx":41,"ny":15,"basicAngle":0,"lo1":47.0,"la1":41.0,"lo2":87.0,"la2":55.0,"dx":1.0,"dy":1.0},"data":[301.6,290.9,297.2,294.8,294.4,293.3,302.8,308.1,305.0,306.9,305.3,306.0,305.5,305.3,305.1,307.6,308.8,308.4,315.6,309.1,311.5,309.5,310.9,308.8,305.3,307.0,302.2,292.2,273.9,275.6,281.6,281.9,300.1,307.2,307.6,305.9,310.0,311.8,312.6,312.9,313.4,287.0,296.1,294.5,294.7,294.4,292.5,307.8,305.3,303.5,304.1,305.1,303.5,304.2,302.4,305.3,307.2,309.2,313.3,312.7,314.3,314.5,309.7,307.3,296.7,286.9,273.1,296.5,292.9,294.6,278.3,291.1,275.9,288.9,266.6,278.7,300.5,295.4,302.1,307.4,299.4,284.5,298.0,294.1,294.4,293.7,291.8,301.5,300.4,300.2,301.1,301.2,301.3,303.6,304.6,304.1,302.9,305.4,306.6,306.0,307.5,309.7,310.2,308.1,307.8,300.6,307.6,305.4,304.6,304.6,307.7,293.7,273.4,276.7,296.3,294.6,295.3,292.2,277.6,291.4,289.5,283.5,283.2,300.5,293.5,293.9,292.9,294.3,301.8,301.1,301.5,301.4,302.4,303.3,302.3,291.3,290.5,302.1,304.0,304.7,308.7,307.4,307.9,304.2,299.5,305.5,305.5,308.0,307.0,307.5,309.6,304.7,304.5,304.2,301.0,304.0,306.5,307.1,302.0,285.3,274.4,286.5,299.7,302.6,299.5,292.9,293.2,292.4,296.6,301.6,301.5,300.8,299.5,298.8,300.2,302.6,290.3,288.9,287.4,302.5,304.3,302.2,303.0,302.9,303.3,307.0,304.6,304.0,302.4,303.0,303.3,300.0,308.2,308.4,306.6,306.9,292.2,276.7,294.0,303.7,301.6,308.7,306.4,306.1,303.1,300.2,300.2,291.6,292.6,292.5,292.2,302.0,299.4,299.7,296.0,293.5,292.6,291.0,289.9,295.9,297.5,299.4,304.0,301.7,301.9,301.6,300.8,301.5,300.0,299.2,300.5,301.6,288.8,300.8,303.1,306.8,304.9,304.6,306.6,299.0,298.8,289.3,293.2,301.2,304.1,301.8,299.4,300.3,298.4,299.1,297.6,300.1,300.4,299.8,299.8,298.5,291.4,294.0,296.4,290.8,298.9,298.1,300.6,301.8,303.0,297.9,296.5,297.0,294.1,292.3,294.3,290.8,296.4,292.2,299.6,300.9,302.1,302.9,302.4,301.0,298.4,298.2,292.8,292.3,291.1,288.7,295.9,298.3,299.1,298.6,297.9,298.0,298.1,299.4,299.7,294.4,291.3,297.6,295.8,288.1,295.6,292.2,299.0,298.1,297.9,291.1,294.2,290.2,293.8,296.9,298.6,298.4,294.0,292.9,293.9,291.6,294.0,295.3,300.5,299.0,294.0,296.9,296.2,297.6,286.7,298.8,299.7,296.8,296.6,297.4,297.1,297.3,296.1,296.9,297.9,297.5,297.5,296.4,295.8,289.4,291.2,289.9,295.2,297.1,297.1,297.6,295.5,296.5,290.7,290.6,293.0,287.8,283.6,284.9,288.1,291.2,290.4,285.5,287.6,286.7,287.7,290.2,288.8,292.0,296.5,293.7,279.1,279.9,275.7,297.2,295.6,295.8,296.1,296.1,296.5,296.6,296.2,295.1,295.2,294.5,294.0,295.0,291.8,291.0,294.6,295.7,293.9,291.6,291.9,290.7,292.2,287.8,287.2,289.6,289.1,290.6,292.2,290.9,290.4,291.6,291.3,293.7,293.9,293.2,291.0,284.1,286.4,283.1,283.3,278.7,296.7,296.3,295.5,295.0,295.1,295.6,295.1,294.7,294.0,293.6,291.8,291.9,293.1,291.8,292.6,293.4,287.3,287.5,289.1,289.2,288.8,288.3,288.8,290.0,288.0,288.3,289.2,290.7,289.1,293.5,296.1,297.0,292.7,292.6,293.0,290.8,284.5,276.2,277.9,275.6,277.7,294.1,295.5,295.4,294.9,294.1,293.9,293.5,293.2,292.9,292.4,289.6,289.1,291.0,290.3,290.9,289.9,289.8,290.0,293.4,292.6,285.6,284.9,287.8,288.9,288.9,286.5,287.7,288.7,292.9,288.5,289.6,290.4,289.8,289.8,288.6,287.2,286.8,287.4,287.7,283.4,280.5,292.5,293.3,293.5,293.3,292.2,291.5,293.3,294.0,292.5,289.8,287.4,286.6,289.8,288.9,290.9,284.4,285.6,291.4,293.0,286.5,291.2,290.0,289.7,284.1,286.5,285.4,285.9,286.5,287.7,290.9,286.6,288.2,291.3,286.6,290.1,282.3,281.1,283.1,284.0,282.0,281.1,293.9,293.4,289.0,292.3,290.9,291.2,290.7,289.4,290.3,289.6,286.5,284.9,287.3,289.0,289.2,290.2,291.0,285.3,287.3,292.0,292.0,291.3,292.1,286.0,284.7,286.4,288.4,291.9,291.1,290.7,290.1,288.8,288.0,286.7,286.4,285.6,284.9,284.8,286.0,282.3,284.4,291.5,293.4,286.0,291.2,290.7,290.6,290.0,290.0,290.0,289.8,286.7,288.6,286.1,285.2,287.5,289.3,289.3,284.7,285.5,286.8,291.4,291.1,291.7,291.4,290.5,289.9,290.9,289.0,288.3,286.9,286.0,285.1,285.3,284.8,284.3,283.8,285.5,284.2,284.4,283.6,282.9]},{"header":{"discipline":0,"disciplineName":"Meteorological products","gribEdition":2,"gribLength":1025,"center":7,"centerName":"US National Weather Service - NCEP(WMC)","subcenter":0,"refTime":"2023-09-28T18:00:00.000Z","significanceOfRT":1,"significanceOfRTName":"Start of forecast","productStatus":0,"productStatusName":"Operational products","productType":1,"productTypeName":"Forecast products","productDefinitionTemplate":0,"productDefinitionTemplateName":"Analysis/forecast at horizontal level/layer at a point in time","parameterCategory":2,"parameterCategoryName":"UnknownDiscipline_0_Category_2","parameterNumber":2,"parameterNumberName":"UnknownParameter_D0_C2_2","parameterUnit":"Unknown","genProcessType":2,"genProcessTypeName":"Forecast","forecastTime":60,"surface1Type":103,"surface1TypeName":"Specified height level above ground","surface1Value":10.0,"surface2Type":255,"surface2TypeName":"Missing","surface2Value":0.0,"gridDefinitionTemplate":0,"gridDefinitionTemplateName":"Latitude_Longitude","numberPoints":615,"shape":6,"shapeName":"Earth spherical with radius of 6,371,229.0 m","gridUnits":"degrees","resolution":48,"winds":"true","scanMode":64,"nx":41,"ny":15,"basicAngle":0,"lo1":47.0,"la1":41.0,"lo2":87.0,"la2":55.0,"dx":1.0,"dy":1.0},"data":[-1.1583612,1.5316387,-2.2183611,-1.3383613,-4.308361,-4.188361,-3.8083613,-3.0383613,-3.5783613,-1.5483612,-1.8883612,-2.1983612,-2.008361,-1.1683612,-0.80836123,1.3216388,1.7616388,-0.6083612,-0.028361207,0.8116388,-0.09836121,-0.47836122,1.0916388,0.9616388,-2.6883612,-1.8083612,1.5816388,1.4116387,0.1216388,0.07163879,-0.3383612,1.2116388,0.27163878,0.15163879,0.6816388,2.3716388,2.2616389,1.8916388,0.9716388,-0.2683612,-0.9583612,-0.1683612,-2.6183612,-2.4883611,-4.438361,-4.598361,-3.6383612,-3.2083611,-2.4683611,-2.2783613,-1.8083612,-1.1683612,-2.2983613,-1.5983613,-0.7283612,0.091638796,1.0716388,1.0216388,-0.3683612,0.051638793,0.051638793,0.041638795,1.2316388,2.9016387,3.1216388,0.4316388,0.8316388,0.4216388,-0.1783612,2.9416387,0.5416388,0.75163877,1.1816388,-1.5483612,1.1616387,0.8316388,2.1316388,1.2316388,3.4516387,-1.2683612,-0.25836122,-0.74836123,-3.4383612,-4.708361,-4.2383614,-5.0683613,-4.3383613,-3.9083612,-3.0783613,-2.748361,-2.4383612,-1.5883613,-1.4183612,-1.3383613,-0.9083612,-0.3483612,0.7316388,1.1716388,2.1416388,2.8216388,3.001639,3.3816388,4.351639,3.5816388,3.1016388,5.811639,2.1316388,-2.8583612,-3.0983613,-3.9083612,0.5416388,-0.1683612,0.33163878,1.5716388,-1.8483613,-0.9383612,-0.6483612,1.6316388,0.021638794,-0.25836122,-0.7983612,0.94163877,0.5516388,-5.578361,-5.8183613,-6.2183614,-4.638361,-2.9083612,-1.8783612,-0.8783612,-0.4383612,0.021638794,-0.5483612,-0.3983612,-1.2783612,-0.5283612,-0.7783612,-0.2983612,-1.1583612,0.1416388,2.5116389,3.8016388,4.711639,3.8316388,5.3216386,1.1616387,6.2416387,4.7216387,2.1916387,-2.3683612,-0.1483612,-1.2783612,-3.8083613,-4.5483613,-4.6983614,-5.0483613,-2.7383611,-1.5483612,0.36163878,1.2916389,1.3016388,-1.1883612,-1.0883613,-1.7583612,-5.248361,-4.9283614,-4.1783614,-2.9083612,-1.3283612,-0.078361206,1.0716388,1.3916388,1.2316388,1.5516388,0.4416388,-0.9883612,-2.4883611,-3.0883613,-1.6283612,-2.1183612,-2.6683612,-4.578361,-3.0283613,1.1916388,4.751639,2.4216387,3.0816388,0.2416388,-3.6183612,-3.9683611,-5.4883614,-4.2783613,-3.9283612,-2.7883613,-1.3183612,0.2916388,2.6316388,2.0316389,-2.518361,0.63163877,-1.1983612,0.2516388,1.3016388,1.1816388,-0.7383612,-2.7383611,-3.008361,-3.4083612,-5.0883613,-4.788361,-3.6883612,-1.0983613,-0.0883612,0.9616388,0.49163878,0.75163877,-3.5283613,-3.3383613,-2.9783611,-1.3783612,-1.5183612,-1.4783612,-0.9583612,-3.0483613,-6.898361,-8.868361,-8.818361,-8.548361,-7.7983613,-8.458362,-7.6983614,-6.9883614,-5.958361,-3.4583611,-0.2483612,0.9616388,1.3616388,0.8616388,-0.9383612,-1.7283612,0.63163877,-0.6783612,0.1216388,1.2816387,-4.6783614,-3.6583612,-5.398361,-5.058361,-4.6783614,-4.038361,-3.1783612,-1.7583612,-0.9583612,-0.47836122,-2.0683613,-4.9083614,-5.388361,-4.6783614,-3.758361,-2.508361,-2.4483612,-2.1983612,-1.1883612,-1.9783612,-2.9783611,-4.898361,-3.8783612,-3.8183613,-3.6783612,-1.5583612,-3.7783613,-3.518361,-5.118361,-1.3083612,-4.228361,-2.2183611,-1.1683612,-1.8583612,-2.8183613,-2.6683612,-2.3583612,-0.06836121,1.5316387,0.23163879,2.6616387,0.5816388,-1.6083612,-4.618361,-4.138361,-3.5283613,-3.1283612,-2.6183612,-2.6383612,-3.2383611,-4.9283614,-5.478361,-5.098361,-5.268361,-5.878361,-3.3083613,-3.508361,-3.3783612,-3.6983612,-3.9583611,-4.0883613,-2.9083612,-3.7283611,-4.578361,-5.558361,-5.458361,-4.4483614,-3.498361,-3.518361,-4.598361,-3.4083612,-3.2383611,-2.9783611,-2.498361,-0.7183612,-0.8883612,-1.1583612,1.6416388,0.4416388,2.0216389,3.231639,1.6316388,0.9316388,3.6216388,-3.1983612,-3.5583613,-3.1783612,-3.1383612,-3.3083613,-3.4383612,-4.2983613,-5.348361,-4.918361,-5.478361,-4.708361,-4.4283614,-3.5983613,-3.8483613,-4.518361,-4.788361,-4.6083612,-5.038361,-3.9883611,-4.188361,-5.878361,-5.2183614,-4.7583613,-4.938361,-4.4283614,-3.7983613,-2.9683611,-2.5583613,-2.9383612,-4.398361,-5.248361,-4.2783613,-3.998361,-3.2983613,-1.3883612,1.1516387,1.3216388,1.8516388,2.2216387,0.2216388,0.021638794,-1.7183613,-2.4383612,-2.7183611,-2.6983612,-3.0683613,-3.5483613,-3.8783612,-4.748361,-5.078361,-4.8583612,-4.538361,-4.828361,-4.438361,-4.518361,-4.398361,-3.9183612,-4.308361,-5.018361,-5.978361,-5.578361,-6.388361,-6.018361,-4.5683613,-4.6983614,-4.828361,-4.388361,-3.2083611,-4.348361,-3.5983613,-4.3583612,-3.0883613,-2.4783611,-2.0583613,-1.8083612,-0.7183612,0.051638793,1.4216388,0.4216388,1.7616388,1.3716388,0.17163879,0.23163879,-0.99836123,-1.4883612,-2.008361,-2.2383611,-3.0583613,-3.4383612,-3.7783613,-4.2783613,-4.0683613,-4.638361,-4.328361,-3.9683611,-4.828361,-4.638361,-3.8983612,-3.508361,-4.078361,-4.618361,-5.0883613,-4.558361,-4.138361,-4.578361,-5.0883613,-4.2583613,-2.9783611,-3.5383613,-4.418361,-3.8683612,-2.0983613,-2.1483612,-1.6283612,-1.4983612,-0.6383612,-0.09836121,0.6416388,-0.038361207,-0.7083612,0.8916388,0.18163879,0.1216388,1.1916388,1.0916388,-0.10836121,-0.47836122,-0.99836123,-1.0483612,-1.4583611,-2.0683613,-2.5383613,-2.9683611,-4.0083613,-3.9783611,-3.5283613,-3.3183613,-2.9383612,-3.0383613,-3.4783611,-3.498361,-4.228361,-4.1583614,-3.6583612,-3.5783613,-4.168361,-4.2383614,-4.328361,-4.1983614,-4.3583612,-4.3383613,-4.148361,-2.9083612,-2.4183612,-1.7383612,-2.1383612,-1.7083611,-1.8483613,-1.7683612,-0.61836123,-0.41836122,-0.8783612,0.5516388,0.50163877,2.5216389,2.001639,1.4516388,0.5716388,0.041638795,-0.41836122,-0.3283612,-0.3183612,-0.6283612,-1.7783612,-1.3383613,-1.9383612,-1.6683612,-2.498361,-1.6383612,-1.0783612,-2.1583612,-2.9483612,-2.498361,-2.3683612,-2.7083611,-3.2083611,-3.3883612,-2.2183611,-3.3583612,-3.518361,-3.6683612,-3.8983612,-2.9183612,-2.4683611,-2.7983613,-2.4483612,-2.758361,-1.8183612,-2.3783612,-2.3483613,-2.0383613,-1.2683612,-1.6283612,-1.1383612,0.2816388,3.8416388,2.481639,0.8616388,1.0616388,0.2516388,0.4316388,0.75163877,0.27163878,0.6616388,0.33163878,-0.5983612,-0.4983612,0.051638793,-0.5283612,-1.1083612,-1.5083612,-1.7783612,-1.6083612,-1.9983612,-2.4283612,-2.4183612,-2.4183612,-2.4483612,-2.5983613,-2.3583612,-2.1983612,-1.7083611,-2.1883612,-1.9583611,-2.018361,-1.7883612,-1.9383612,-1.9983612,-2.2983613,-2.0383613,-2.7283611,-2.0483613,-1.6983612,-1.3983612,-0.4283612,1.7916389,2.1316388,2.251639,1.5216388,1.4016387,1.3416388,1.3516388,1.6016388,1.3416388,0.8216388,0.1616388,0.2816388,0.5616388,0.5716388,0.3716388,0.3716388,0.3116388,-0.3683612,-1.3283612,-1.3583612,-1.8083612,-1.5183612,-1.4583611,-1.4083612,-1.2783612,-1.3983612,-1.4183612,-1.5583612,-1.5483612,-1.6583612,-2.3083613,-3.1183612,-2.8183613,-2.7883613,-2.7283611,-2.5783613,-2.4783611,-2.1983612,-2.1683612,-1.1083612,-0.6883612,-0.048361205]},{"header":{"discipline":0,"disciplineName":"Meteorological products","gribEdition":2,"gribLength":1025,"center":7,"centerName":"US National Weather Service - NCEP(WMC)","subcenter":0,"refTime":"2023-09-28T18:00:00.000Z","significanceOfRT":1,"significanceOfRTName":"Start of forecast","productStatus":0,"productStatusName":"Operational products","productType":1,"productTypeName":"Forecast products","productDefinitionTemplate":0,"productDefinitionTemplateName":"Analysis/forecast at horizontal level/layer at a point in time","parameterCategory":2,"parameterCategoryName":"UnknownDiscipline_0_Category_2","parameterNumber":3,"parameterNumberName":"UnknownParameter_D0_C2_3","parameterUnit":"Unknown","genProcessType":2,"genProcessTypeName":"Forecast","forecastTime":60,"surface1Type":103,"surface1TypeName":"Specified height level above ground","surface1Value":10.0,"surface2Type":255,"surface2TypeName":"Missing","surface2Value":0.0,"gridDefinitionTemplate":0,"gridDefinitionTemplateName":"Latitude_Longitude","numberPoints":615,"shape":6,"shapeName":"Earth spherical with radius of 6,371,229.0 m","gridUnits":"degrees","resolution":48,"winds":"true","scanMode":64,"nx":41,"ny":15,"basicAngle":0,"lo1":47.0,"la1":41.0,"lo2":87.0,"la2":55.0,"dx":1.0,"dy":1.0},"data":[1.8503882,1.8903881,-0.4196118,-0.14961182,0.3203882,0.67038816,0.60038817,1.1803882,1.7403882,0.74038815,-0.8796118,-0.7896118,-1.6696118,-2.5396118,-3.179612,-1.4896119,0.5703882,0.37038818,-0.2696118,0.18038818,0.4503882,-0.06961182,0.22038819,0.5003882,1.5203881,1.0003881,-0.12961182,-0.23961182,0.5203882,2.1103883,1.9103882,2.3903883,-0.9996118,-0.43961182,1.3703882,1.1003882,1.7303882,0.92038816,1.0203881,1.1503882,2.2403882,-1.0696118,0.9003882,1.9903882,0.6803882,0.8903882,0.11038818,-0.4496118,0.7203882,0.40038818,-0.22961181,-0.3296118,0.020388184,-1.5796118,-3.0596118,-3.2396119,-2.5896118,-2.0596118,0.030388184,0.9703882,-1.0596118,-1.1296118,-0.5696118,0.16038819,2.6003883,3.2503881,1.9703882,2.6203883,2.1803882,0.7703882,2.4603882,-0.5996118,1.8903881,1.3003882,2.1303883,2.9003882,1.1203882,1.2003882,1.8203882,1.8603882,2.5203881,0.5203882,1.5203881,3.7003882,2.4303882,1.6803882,-0.22961181,0.6403882,0.8703882,-0.14961182,0.050388183,-0.4896118,-1.5896118,0.9103882,-1.7996118,-3.459612,-2.969612,-2.179612,-0.8596118,0.16038819,-0.06961182,-1.0596118,-0.36961183,-0.3296118,-0.2996118,2.0103881,-1.0596118,-1.8996118,-0.9096118,-1.5196118,-1.0296118,-1.5196118,0.9703882,1.9003882,0.6903882,2.0003881,-0.059611816,-1.8096118,-2.0996118,0.6303882,0.060388185,1.2703881,2.0003881,1.5203881,1.5603882,1.0003881,0.8103882,0.7203882,0.37038818,-0.64961183,0.050388183,0.28038818,0.18038818,-0.63961184,-0.7796118,-0.20961182,-2.699612,-3.8396118,-4.169612,-2.6296117,-0.75961185,-0.49961182,0.49038818,1.4303882,4.140388,-0.8596118,2.3503883,2.060388,1.8103882,2.3603883,-0.08961181,2.810388,3.1303883,3.4303882,0.7003882,0.37038818,-0.16961181,0.74038815,1.9603882,3.2203882,2.050388,-2.969612,-2.5796118,-1.9796119,1.2303882,1.0303882,0.6803882,0.40038818,-0.33961183,-0.43961182,-0.20961182,-0.6696118,-0.5296118,0.11038818,1.2203882,-0.82961184,0.010388183,-2.919612,-4.209612,-3.3496118,-2.429612,-2.7896118,-4.9096117,-2.469612,3.6203883,1.0203881,0.2703882,2.0003881,3.8903883,2.9003882,1.6203882,-0.9796118,0.55038816,0.23038818,-1.3996118,-0.57961184,1.3503882,1.1303881,0.54038817,-0.8396118,0.7003882,0.5103882,0.7603882,-1.3896118,-0.10961182,0.7003882,-0.3596118,-1.1796118,-0.9996118,-2.5796118,-3.709612,-3.1496117,-2.1096117,-0.7196118,-0.4896118,1.1503882,2.3903883,-0.5896118,-2.0096118,-4.6996117,-3.959612,-4.1796117,-2.2496119,-2.3096118,-3.6496117,-1.4796119,-0.119611815,0.7803882,0.9103882,0.7603882,0.5003882,-1.4596118,-4.829612,-2.199612,-1.2796118,-0.27961183,0.60038817,1.5003881,-0.3296118,-1.9196118,-1.3696119,-1.7896118,-2.1096117,-4.669612,1.3203882,-0.16961181,-0.17961182,-1.0596118,-0.9296118,-1.5696118,-2.3296118,-4.1596117,-3.7496119,-1.9196118,-0.51961184,-1.3096118,2.320388,2.8903883,-0.9696118,-2.699612,-3.3196118,-4.5296116,-2.6096117,-1.3096118,-1.9996119,-0.22961181,-3.3596117,-3.5096118,-1.8396118,-0.5996118,1.1603882,-0.37961182,0.9003882,-2.8096118,-2.3496118,-3.4996119,0.3203882,2.5003881,0.5703882,1.0503882,1.2403882,1.6103882,2.1303883,3.1903882,0.16038819,2.030388,-1.1696118,-0.3896118,-1.0896118,-1.3596119,-2.0496118,-3.0496118,-4.0096116,-3.669612,-1.9096118,-0.6296118,-0.7296118,1.1803882,0.5903882,-1.6896118,-2.5296118,-4.109612,-1.9296118,-3.5996118,-2.5496118,-0.8496118,1.4103882,0.030388184,-0.76961184,-2.5096118,-1.6496118,1.3503882,4.180388,1.6203882,-0.9196118,-1.8496118,-1.9096118,-1.0696118,0.5703882,1.6103882,-0.8696118,-0.23961182,-2.0196118,-1.8596119,-1.7496119,-0.059611816,-1.4496118,-0.9396118,0.20038818,-0.9696118,-1.6096119,-1.9196118,-2.3496118,-2.7696118,-2.419612,-0.5296118,-0.6796118,0.18038818,0.74038815,-0.119611815,-1.6096119,-1.8296118,-2.7596118,-2.679612,-2.5296118,-2.2696118,-2.939612,-0.4196118,1.1503882,-1.7396119,-1.0296118,0.2903882,-1.2396119,-3.5596118,-2.709612,-0.5396118,0.04038818,-0.18961182,-1.4896119,-2.0196118,-1.1296118,-2.189612,-2.9896119,-3.189612,0.5003882,1.1303881,4.1303883,2.7203882,1.2903882,0.6803882,0.060388185,-0.7796118,-0.9696118,-0.6796118,-0.6796118,-0.9996118,-0.6796118,-0.36961183,0.22038819,-0.019611817,-0.7996118,-0.4896118,-1.4996119,-1.9996119,-1.6996118,-2.2296119,-1.9496118,-1.1096119,-0.5396118,-0.029611817,-0.9196118,-0.4596118,0.21038818,0.7603882,0.18038818,1.3603882,1.3703882,0.3203882,-1.2096118,-1.2796118,0.85038817,-1.4196118,-2.5996118,-2.3996117,-2.8896117,-0.4496118,1.9003882,1.5003881,1.9203882,2.9803882,2.4403882,1.3703882,1.2103882,0.7203882,1.1203882,0.5703882,0.7203882,0.4503882,0.31038818,-0.079611816,-0.7296118,-1.3096118,-0.6596118,-1.2996118,-1.5596118,-1.4996119,-1.4496118,-1.6996118,-0.4296118,-1.1396118,-0.7496118,-0.9996118,-0.9996118,-0.9796118,0.6303882,-0.7896118,1.7003882,-0.34961182,-0.40961182,-1.0596118,-1.5196118,-0.6296118,-1.3696119,-1.6996118,-2.709612,-2.169612,-1.3996118,0.09038819,-1.0396118,-2.3096118,0.25038818,2.6903882,2.800388,2.820388,2.570388,2.790388,2.6203883,2.570388,2.5103881,1.4303882,1.2803882,0.80038816,-0.23961182,-0.4196118,-0.9696118,-1.3696119,-1.4096118,-1.4996119,-0.9796118,0.09038819,-0.6096118,-0.079611816,-0.57961184,-0.10961182,-0.88961184,-1.2596118,-1.2496119,-0.36961183,0.08038818,-0.06961182,-1.5696118,-2.3396118,-3.0996118,-2.679612,-2.7396119,-2.0996118,-3.0796118,-2.419612,0.34038818,0.2903882,1.3803881,0.6503882,2.790388,3.7703881,4.230388,3.330388,2.9003882,2.1203883,2.830388,3.070388,3.9503882,2.3703883,0.6803882,0.8403882,0.31038818,0.2603882,-0.8096118,-0.6096118,-0.049611818,1.4303882,0.49038818,-0.57961184,0.24038818,0.6903882,1.0203881,0.8203882,-0.6696118,0.43038818,0.46038818,-0.039611816,-0.5896118,-1.0496118,-0.8496118,-0.3896118,-0.5596118,-2.0396118,-2.199612,-1.5896118,-1.9596118,-1.9896119,-1.8996118,-1.6796118,-1.5396118,3.7003882,3.9803882,5.5503883,5.080388,4.960388,4.230388,3.6403883,3.2403882,2.6603882,4.020388,1.6503882,1.0903882,2.4003882,1.5203881,1.4403882,1.4503882,0.23038818,-0.17961182,0.6203882,1.4103882,1.5303882,1.3403882,1.0403882,1.0403882,1.1403881,1.0003881,0.67038816,-0.079611816,-0.6596118,-0.6696118,-1.1896118,-1.2596118,-1.3696119,-1.3896118,-1.4996119,-1.9196118,-1.8496118,-1.9096118,-1.8596119,-1.9096118,-2.3496118,3.280388,3.8403883,5.180388,6.4003882,6.2403884,4.980388,4.520388,4.2803884,3.9103882,3.6303883,2.1803882,2.5103881,1.3403882,2.4103882,3.310388,2.7203882,2.080388,1.0303882,0.35038817,0.9503882,1.9203882,2.0103881,1.8103882,2.040388,1.7103882,1.2203882,0.67038816,0.14038819,0.34038818,0.49038818,0.9303882,0.22038819,0.010388183,-0.4296118,-0.7496118,-1.0896118,-1.8796118,-2.0296118,-2.3596117,-3.0396118,-2.0696118]}]