wind_kz.json
{"header": {"discipline":0,"disciplineName":"Meteorological products","gribEdition":2,"gribLength":1025,"center":7,"centerName":"US National Weather Service - NCEP(WMC)","subcenter":0,"refTime":"2023-09-22T12:00:00.000Z","significanceOfRT":1,"significanceOfRTName":"Start of forecast","productStatus":0,"productStatusName":"Operational products","productType":1,"productTypeName":"Forecast products","productDefinitionTemplate":0,"productDefinitionTemplateName":"Analysis/forecast at horizontal level/layer at a point in time","parameterCategory":2,"parameterCategoryName":"UnknownDiscipline_0_Category_2","parameterNumber":2,"parameterNumberName":"UnknownParameter_D0_C2_2","parameterUnit":"Unknown","genProcessType":2,"genProcessTypeName":"Forecast","forecastTime":240,"surface1Type":103,"surface1TypeName":"Specified height level above ground","surface1Value":10.0,"surface2Type":255,"surface2TypeName":"Missing","surface2Value":0.0,"gridDefinitionTemplate":0,"gridDefinitionTemplateName":"Latitude_Longitude","numberPoints":615,"shape":6,"shapeName":"Earth spherical with radius of 6,371,229.0 m","gridUnits":"degrees","resolution":48,"winds":"true","scanMode":64,"nx":41,"ny":15,"basicAngle":0,"lo1":47.0,"la1":41.0,"lo2":87.0,"la2":55.0,"dx":1.0,"dy":1.0}, "data":
[rows 0 to 14 of 15, columns 0 to 40 of 41]
0.49434632,1.4743463,-2.8656538,-5.2856536,0.05434631,1.7043463,-7.585654,-8.6356535,-9.145654,-8.145654,-7.9156537,-7.1356535,-6.7856536,-6.6356535,-5.8456535,-5.065654,-4.4356537,-5.3956537,-5.735654,-5.465654,-3.0456536,-0.4356537,0.5843463,2.9343462,-0.06565369,1.8243463,2.4943464,2.4943464,0.49434632,1.0643463,1.9443463,1.2943463,-0.3356537,2.2443464,-2.4856536,-0.4356537,0.3843463,1.9443463,0.2843463,-0.28565368,-1.7956537
1.0943463,-3.5956538,-6.6456537,-6.4256535,-5.8256536,-1.1356537,-8.035654,-8.335653,-8.445654,-8.125653,-7.045654,-6.485654,-6.4556537,-6.0156536,-5.6456537,-5.1156535,-4.5956535,-4.6556535,-3.8956537,-5.045654,-3.8056536,-3.2656536,-1.4956536,1.4143463,0.7643463,-0.2256537,0.72434634,0.7443463,-1.3456537,-0.32565367,0.23434632,0.54434633,-0.4256537,0.014346314,0.2643463,0.39434633,0.66434634,-0.28565368,0.7043463,1.1443464,-1.4156537
-4.3756537,-8.065654,-7.6256537,-7.1556535,-6.4156537,-7.6856537,-8.095654,-7.7456536,-7.5756536,-7.3956537,-6.9256535,-6.5556536,-6.295654,-6.0956535,-5.3256536,-4.8856535,-4.715654,-4.4356537,-4.6556535,-4.2456536,-4.6256537,-6.945654,-6.215654,-6.7656536,-3.5656538,-5.1656537,-3.5656538,0.5843463,1.8043463,-1.4156537,0.3143463,-1.1956537,0.1343463,-0.6356537,-1.3256537,-0.13565369,0.3143463,-0.19565369,5.434346,2.7843463,-1.5456537
-8.005653,-8.705654,-7.735654,-3.8156538,-4.835654,-7.005654,-5.5156536,-7.0356536,-6.8756537,-6.715654,-7.815654,-7.4756536,-4.8656535,-3.2356536,-5.6556535,-5.5956535,-4.6856537,-4.835654,-5.085654,-6.9056535,-6.0956535,-8.495654,-6.045654,-5.715654,-5.1556535,-4.795654,-3.9456537,-4.965654,-4.0356536,-2.1156538,0.044346314,-0.115653686,6.0843463,4.4843464,3.2443464,2.0443463,1.3243463,1.0643463,-0.23565368,2.8843462,2.8843462
-8.395654,-8.345654,-6.295654,-5.7456536,-6.965654,-5.7456536,-5.9256535,-6.3656535,-5.8856535,-6.195654,-6.9956536,-6.215654,-4.5956535,-2.1756537,2.2943463,-5.2456536,-5.2256536,-4.945654,-5.065654,-5.8656535,-6.5156536,-5.9756536,-6.0356536,-5.775654,-7.605654,-7.4356537,-7.085654,-4.9356537,-4.8456535,-3.8156538,-2.3656538,-2.2256536,-0.13565369,0.7443463,-1.6256537,-0.8656537,3.6543462,-1.7956537,3.5743463,5.8543463,3.8143463
-7.4956536,-6.6556535,-6.465654,-7.3656535,-6.965654,-5.465654,-6.1456537,-5.275654,-4.525654,-5.195654,-5.4756536,-5.0156536,-2.9356537,-0.115653686,-2.8656538,-3.4856536,-4.6356535,-4.9056535,-4.9256535,-4.6756535,-5.6556535,-5.1856537,-5.2456536,-5.855654,-5.855654,-6.0756536,-6.235654,-4.8456535,-4.545654,-4.1656537,-3.2456536,-2.9856536,-0.8456537,0.53434634,4.0743465,-0.21565369,2.8643463,6.1743464,7.704346,-4.505654,-2.9356537
-5.3656535,-6.355654,-6.1156535,-5.4056535,-4.8956537,-3.6856537,-4.1356535,-3.9756536,-3.5356536,-3.9356537,-3.3356538,-2.8856537,-2.5856538,-3.3056536,-3.7656536,-3.8556538,-3.3456538,-3.8556538,-4.4356537,-4.6356535,-4.775654,-4.2456536,-3.4756536,-3.7556536,-3.3356538,-3.2856536,-4.105654,-3.0756538,-3.8556538,-3.2356536,-2.6456537,-2.9956536,-2.6056538,-1.2856537,0.22434631,1.1643463,-0.9256537,-0.3956537,2.9143462,0.36434633,3.1443462
-5.9156537,-5.0756536,-4.5756536,-3.8556538,-2.8056536,-3.2556536,-3.0056536,-2.5156536,-2.8156538,-2.5156536,-1.1656537,-1.2856537,-1.3556536,-1.6856537,-1.8056537,-1.9256537,-2.3056536,-2.6656537,-2.5056536,-3.6556537,-4.195654,-4.445654,-4.1656537,-3.8356538,-3.5456536,-3.2256536,-2.6156538,-2.5756538,-3.5856538,-3.0256536,-2.8156538,-3.2656536,-2.7156537,-1.5556537,-0.76565367,1.4343463,6.3143463,3.5843463,4.934346,7.744346,5.7343464
-3.2956536,-2.8856537,-2.4256537,-2.3956537,-2.5056536,-2.4556537,-2.0056536,-1.7656537,-1.5256537,-0.8556537,-0.64565367,-0.18565369,-1.8156537,-1.7956537,-1.9356537,-0.9956537,-1.7056537,-0.7556537,-1.2456536,-1.2356536,-1.6256537,-1.4956536,-1.7256536,-1.9456537,-1.4656537,-1.0856537,-0.8556537,-1.3956537,-0.25565368,-0.4856537,-1.5156537,-1.2956537,0.24434632,0.4543463,1.4743463,2.6543462,1.2543464,0.7143463,-0.10565369,1.6443464,-0.6256537
-2.1056538,-1.2256536,-0.8056537,-0.9756537,-0.6356537,-0.5456537,-0.17565368,0.21434632,0.54434633,0.21434632,-0.2956537,-0.8456537,-0.96565366,-0.5656537,0.18434632,-0.4356537,-0.3656537,-0.34565368,-0.18565369,0.2543463,0.91434634,1.1343464,1.1143463,1.7343463,1.4343463,1.0843463,0.5243463,1.0843463,1.0143464,1.4543463,0.8043463,-0.6756537,1.2943463,0.9043463,0.98434633,1.9343463,1.9043463,-0.115653686,-2.7256536,0.11434631,0.5043463
-0.47565368,-0.07565369,-0.20565368,0.5743463,1.1343464,1.2743464,1.4243463,1.6943463,2.0743463,1.9243463,1.2543464,1.2943463,0.5943463,0.9943463,1.1743463,1.2143463,1.5043464,1.5043464,1.0743463,1.6943463,2.1643462,2.2343464,2.2843463,2.1843462,1.9043463,2.0243464,1.1943463,-0.14565368,0.78434634,0.4543463,-2.3056536,0.60434633,2.2643464,-0.4256537,-1.9756536,-0.6556537,-0.95565367,0.4543463,0.15434632,0.15434632,-0.5556537
1.4443463,1.0743463,0.85434633,1.4243463,1.8443463,1.8143463,2.4943464,2.7643464,2.5443463,2.3143463,2.3243463,2.5043464,1.5443463,2.0843463,2.3143463,2.1043463,2.6443462,2.5843463,2.3743463,2.8643463,2.1143463,2.3343463,2.1143463,2.6943464,2.4643464,2.3143463,1.0343463,-0.6556537,-1.0456537,-2.0256536,0.4143463,-0.12565368,-0.9756537,-0.8156537,-1.9256537,-1.7356536,-2.7356536,-2.2156537,-0.7256537,-0.89565367,0.044346314
2.1843462,3.0743463,3.7643464,2.2643464,2.2843463,1.6243463,3.0643463,3.4643464,4.204346,2.7143464,1.9643463,2.8843462,3.2843463,2.7043464,2.7943463,2.4843464,2.6743462,2.7543464,2.4443464,2.8443463,2.4343462,2.5343463,2.4143462,2.2243464,2.7643464,1.4443463,1.3143463,-0.6956537,0.3543463,0.4743463,-0.5956537,-1.5956537,-2.1656537,-2.0856538,-2.1356537,-1.0256537,-0.4956537,-1.3756537,-2.3356538,-1.2356536,-0.37565368
3.9243462,4.5243464,2.3143463,3.7143464,3.0343463,2.9343462,2.8743463,3.5443463,3.4243462,2.7943463,1.8943464,2.7043464,3.7543464,3.8443463,3.4243462,3.4743464,2.9843464,2.8243463,2.6843462,3.0743463,3.5343463,2.5943463,2.7843463,2.7243464,2.6943464,2.4643464,2.1643462,1.7943463,1.7343463,0.21434632,-0.71565366,-1.4656537,-1.7256536,-1.2756537,-1.3856537,-2.4256537,-1.5656537,-1.7056537,-1.5956537,-0.32565367,-0.95565367
2.6043463,4.9643464,4.204346,3.4443464,4.9843464,3.3043463,3.6143463,3.3443463,3.8443463,3.6343462,2.0243464,4.0243464,2.9643464,1.6443464,2.9243462,3.4543464,3.4443464,2.9143462,2.6343462,2.9043462,3.2443464,3.6343462,2.7443464,2.4943464,2.7743464,2.6643462,2.5643463,2.1343462,1.4843463,-0.2256537,-0.9856537,-0.58565366,-0.41565368,-0.7556537,-2.3056536,-1.7056537,-1.8356537,-2.7656536,-1.1956537,-0.5056537,0.16434631
