wind_kz.json
[{"header":{"discipline":0,"disciplineName":"Meteorological products","gribEdition":2,"gribLength":871,"center":7,"centerName":"US National Weather Service - NCEP(WMC)","subcenter":0,"refTime":"2023-09-25T18:00:00.000Z","significanceOfRT":1,"significanceOfRTName":"Start of forecast","productStatus":0,"productStatusName":"Operational products","productType":1,"productTypeName":"Forecast products","productDefinitionTemplate":0,"productDefinitionTemplateName":"Analysis/forecast at horizontal level/layer at a point in time","parameterCategory":0,"parameterCategoryName":"UnknownDiscipline_0_Category_0","parameterNumber":0,"parameterNumberName":"UnknownParameter_D0_C0_0","parameterUnit":"Unknown","genProcessType":2,"genProcessTypeName":"Forecast","forecastTime":120,"surface1Type":1,"surface1TypeName":"Ground or water surface","surface1Value":0.0,"surface2Type":255,"surface2TypeName":"Missing","surface2Value":0.0,"gridDefinitionTemplate":0,"gridDefinitionTemplateName":"Latitude_Longitude","numberPoints":615,"shape":6,"shapeName":"Earth spherical with radius of 6,371,229.0 m","gridUnits":"degrees","resolution":48,"winds":"true","scanMode":64,"nx":41,"ny":15,"basicAngle":0,"lo1":47.0,"la1":41.0,"lo2":87.0,"la2":55.0,"dx":1.0,"dy":1.0},"data":[290.9,281.7,287.5,293.5,293.5,292.5,294.2,295.2,292.4,290.8,291.0,292.4,292.7,293.9,292.9,290.2,290.4,290.2,289.2,290.0,290.9,288.1,287.1,280.7,286.3,288.0,285.4,272.6,267.4,271.8,273.8,274.7,283.7,290.3,291.7,291.1,289.3,290.1,290.8,291.1,288.2,274.3,286.1,293.0,293.3,293.1,292.0,292.9,291.6,290.3,290.5,291.4,291.7,292.0,290.5,289.6,290.1,288.2,289.3,286.5,287.6,286.8,287.5,284.3,278.6,271.5,271.2,279.4,273.4,274.3,269.0,275.1,267.7,277.5,259.2,274.5,287.9,286.0,288.3,290.4,283.3,283.7,290.3,292.8,293.3,292.7,291.0,291.6,290.8,289.7,288.9,288.7,289.6,290.3,288.5,288.9,290.3,289.2,287.4,286.9,288.9,287.4,287.5,284.8,286.4,281.3,284.7,283.7,286.7,285.4,284.7,276.4,263.5,270.6,275.7,279.6,280.7,281.3,275.1,277.0,277.3,274.4,270.7,290.5,292.0,292.8,291.9,291.2,290.2,291.4,289.5,290.3,289.9,289.5,288.9,290.9,290.3,289.0,288.5,289.7,289.2,289.1,288.2,287.5,283.9,287.9,289.1,288.9,289.5,290.9,287.3,287.5,287.3,287.8,284.3,287.8,286.4,285.1,283.5,275.8,268.9,277.5,284.0,288.6,291.0,291.4,292.0,291.5,291.1,289.8,291.1,290.3,289.7,289.8,289.6,288.0,289.7,288.6,287.2,289.6,290.2,289.6,284.5,289.2,290.0,290.0,288.0,288.3,288.7,290.3,287.8,288.6,289.5,289.3,291.8,288.4,274.8,265.1,276.7,285.0,289.2,291.4,291.7,291.8,291.3,289.7,287.9,290.7,291.8,291.7,291.4,290.6,292.4,290.6,290.2,291.0,290.8,289.5,289.6,288.6,288.0,290.6,288.7,288.9,288.4,287.4,287.7,286.5,287.1,287.7,287.7,287.8,288.0,289.8,290.0,287.9,289.5,290.3,285.7,284.5,287.5,278.7,280.1,286.9,290.0,289.7,289.1,288.1,291.5,291.3,290.4,289.4,291.5,290.7,291.1,291.4,289.5,289.6,288.9,289.4,288.2,289.4,288.7,289.1,287.4,286.5,286.9,288.4,286.7,287.1,285.7,287.8,285.3,288.1,288.6,288.8,287.7,286.8,287.4,288.1,286.3,284.8,279.4,276.5,274.7,272.6,283.2,289.9,289.0,288.8,292.5,293.0,292.4,291.1,288.7,288.0,288.7,288.2,288.2,287.9,288.8,289.0,288.7,287.5,288.0,286.9,284.6,287.2,286.6,287.1,285.9,284.3,282.3,282.3,284.2,284.1,285.4,286.0,285.5,285.2,282.4,281.7,283.1,283.6,286.6,283.6,283.5,281.6,289.1,289.4,290.4,289.2,291.2,290.5,288.4,288.9,287.9,287.4,286.4,286.0,285.9,286.9,287.0,289.9,285.8,288.0,286.5,285.7,285.0,285.2,284.3,284.4,281.4,282.7,281.0,279.1,278.4,280.9,281.5,282.3,283.0,283.4,281.1,279.6,280.1,282.6,273.2,273.2,272.8,289.1,290.2,290.1,289.1,290.0,289.8,289.0,287.6,287.1,286.0,285.4,285.3,285.7,286.1,288.9,288.2,286.5,288.3,283.6,284.6,284.5,283.8,286.4,285.7,282.1,281.6,283.5,281.2,282.4,280.0,281.0,284.3,285.1,284.0,281.9,280.7,279.3,278.4,275.7,274.4,270.1,288.6,288.4,288.7,288.8,289.0,288.4,288.9,287.9,286.5,285.2,285.0,285.0,288.4,285.5,287.5,288.0,284.3,285.0,285.2,282.0,282.5,284.7,285.5,282.0,282.9,283.4,282.3,280.3,283.9,285.2,286.5,285.5,284.2,284.0,283.6,281.9,276.0,276.6,277.5,274.5,271.0,286.0,287.9,288.4,288.1,288.2,287.6,286.2,285.6,285.8,286.1,284.8,287.6,285.5,284.2,285.5,285.2,282.1,282.8,285.3,283.1,284.1,281.5,281.0,284.6,284.1,283.5,283.8,282.7,285.8,286.5,285.8,284.4,283.1,281.5,281.4,281.6,281.6,280.0,280.8,281.7,281.5,285.1,285.5,288.0,287.9,288.1,287.0,285.0,285.4,284.4,285.4,283.9,283.7,282.7,281.6,284.7,284.9,282.1,281.5,281.4,280.5,280.6,283.7,282.9,282.4,281.4,282.7,283.4,282.9,285.5,284.1,284.3,284.0,282.5,283.5,283.8,282.5,282.3,280.3,278.9,279.1,278.4,284.4,285.8,286.3,287.7,286.7,286.4,286.0,286.4,286.1,285.6,284.3,280.7,279.8,282.0,281.2,281.4,284.1,280.6,284.1,284.3,284.0,283.8,281.1,279.9,284.7,282.0,282.1,282.8,283.6,284.3,284.4,283.8,281.9,280.1,280.7,278.8,278.6,277.9,277.4,277.5,279.7,286.5,287.6,285.9,288.0,287.3,286.5,287.2,285.8,286.5,285.3,284.1,281.7,280.6,279.9,279.8,281.2,281.0,280.2,283.1,281.6,283.7,283.6,281.6,281.4,279.3,281.2,280.3,282.1,283.8,279.9,280.1,281.9,279.8,280.3,282.0,279.6,279.4,278.8,279.0,279.8,279.2]},{"header":{"discipline":0,"disciplineName":"Meteorological products","gribEdition":2,"gribLength":1025,"center":7,"centerName":"US National Weather Service - NCEP(WMC)","subcenter":0,"refTime":"2023-09-25T18:00:00.000Z","significanceOfRT":1,"significanceOfRTName":"Start of forecast","productStatus":0,"productStatusName":"Operational products","productType":1,"productTypeName":"Forecast products","productDefinitionTemplate":0,"productDefinitionTemplateName":"Analysis/forecast at horizontal level/layer at a point in time","parameterCategory":2,"parameterCategoryName":"UnknownDiscipline_0_Category_2","parameterNumber":2,"parameterNumberName":"UnknownParameter_D0_C2_2","parameterUnit":"Unknown","genProcessType":2,"genProcessTypeName":"Forecast","forecastTime":120,"surface1Type":103,"surface1TypeName":"Specified height level above ground","surface1Value":10.0,"surface2Type":255,"surface2TypeName":"Missing","surface2Value":0.0,"gridDefinitionTemplate":0,"gridDefinitionTemplateName":"Latitude_Longitude","numberPoints":615,"shape":6,"shapeName":"Earth spherical with radius of 6,371,229.0 m","gridUnits":"degrees","resolution":48,"winds":"true","scanMode":64,"nx":41,"ny":15,"basicAngle":0,"lo1":47.0,"la1":41.0,"lo2":87.0,"la2":55.0,"dx":1.0,"dy":1.0},"data":[-1.306908,-0.42690796,0.75309205,-3.626908,-3.986908,-2.5969079,-5.676908,-6.826908,-6.876908,-4.196908,-3.236908,-3.646908,-3.036908,-2.396908,-1.346908,-3.126908,-2.536908,-2.216908,-4.946908,-4.086908,-3.6069078,-1.9069079,-1.336908,-1.0369079,0.723092,-2.406908,-2.616908,0.57309204,1.2430921,0.593092,0.593092,1.1130921,-0.006907959,2.213092,0.16309205,-0.23690796,1.0830921,2.503092,-0.93690795,-1.556908,-0.646908,0.653092,1.003092,-2.896908,-5.966908,-5.486908,-6.406908,-5.446908,-7.126908,-4.766908,-2.986908,-0.846908,-3.0769079,-3.236908,-3.216908,-2.056908,-1.0269079,0.02309204,-3.3269079,-3.0969079,-4.906908,-3.8369079,-1.7569079,-0.81690794,-1.2769079,1.003092,1.313092,-0.81690794,2.553092,0.67309207,-0.13690796,0.51309204,-0.026907958,-1.0369079,-2.436908,0.05309204,-0.37690794,0.103092045,-2.166908,0.31309205,0.99309206,-4.776908,-2.0769079,-5.506908,-6.076908,-5.566908,-5.076908,-6.246908,-4.7269077,-3.266908,-4.146908,-3.206908,-2.3569078,-4.186908,-3.476908,-2.906908,-0.88690794,0.06309204,0.92309207,1.653092,-0.776908,-2.906908,-4.106908,-1.356908,-3.246908,-2.316908,1.173092,-0.30690795,-0.13690796,-0.86690795,-1.576908,-0.03690796,-1.966908,1.573092,-0.25690797,-0.55690795,-1.196908,-0.006907959,0.14309204,-0.18690796,4.363092,0.37309206,1.413092,-5.586908,-7.036908,-5.946908,-3.6069078,-4.216908,-3.5869079,-2.996908,-4.046908,-3.486908,-1.9169079,-3.666908,-3.5969079,-2.926908,-1.6469079,0.003092041,2.103092,1.433092,2.273092,-1.1569079,-2.806908,-2.646908,-2.406908,0.31309205,-2.056908,-0.66690797,0.29309204,1.273092,0.13309205,1.183092,3.273092,1.8330921,-1.556908,-2.026908,-2.316908,-2.146908,-1.5069079,0.35309204,1.883092,-0.07690796,1.133092,2.343092,-5.306908,-6.606908,-6.446908,-6.576908,-6.146908,-4.096908,-4.066908,-2.5869079,-1.6569079,-2.786908,-2.926908,-1.2769079,-0.596908,0.103092045,0.44309205,-0.07690796,-0.82690793,-1.1569079,-1.7869079,-0.62690794,-1.7969079,-3.416908,-3.486908,-2.376908,0.18309204,0.51309204,-0.44690797,2.483092,4.553092,3.373092,2.563092,0.62309206,-1.086908,1.4630921,0.663092,1.7130921,0.963092,1.9930921,2.603092,1.7130921,-1.7669079,-3.166908,-2.976908,-3.936908,-4.436908,-4.356908,-3.236908,-1.6469079,-2.816908,-1.716908,-2.286908,-1.616908,-1.4069079,1.443092,3.203092,1.683092,1.063092,-0.896908,-2.0969079,-1.996908,1.1130921,-0.14690796,-1.456908,-1.876908,0.52309203,1.033092,1.783092,2.483092,-0.82690793,-1.226908,-3.3569078,-0.81690794,0.73309207,-2.646908,-0.966908,-0.44690797,-3.936908,0.043092042,0.33309203,4.0230923,2.053092,2.103092,-0.88690794,-0.896908,-0.07690796,-0.87690794,-0.08690796,0.76309204,1.373092,0.08309204,1.753092,1.7330921,0.28309205,1.013092,0.33309203,1.2230921,-0.13690796,-1.366908,-1.2869079,-0.27690795,-0.44690797,-0.906908,0.63309205,-0.41690797,1.003092,1.553092,2.963092,2.193092,1.1130921,1.153092,0.14309204,-0.40690795,-0.536908,-2.616908,-2.776908,-2.616908,-2.696908,-2.146908,-1.0069079,2.283092,0.73309207,-0.32690796,1.7030921,-1.0269079,-0.34690797,-0.57690793,-0.706908,1.173092,0.58309203,1.553092,-0.07690796,0.47309205,-1.376908,0.013092041,0.57309204,-1.576908,-2.0969079,-0.526908,-0.61690795,-0.28690797,-0.956908,-0.86690795,-0.36690795,-0.72690797,3.103092,0.76309204,1.553092,1.8430921,2.243092,2.243092,1.8530921,-0.966908,-3.946908,-1.356908,0.03309204,-3.3569078,-2.296908,-1.0269079,-1.186908,1.013092,-2.246908,-1.2569079,1.063092,-1.966908,-0.61690795,0.003092041,0.973092,2.1430922,1.653092,1.6030921,1.393092,1.3530921,1.273092,0.81309205,0.533092,-0.08690796,0.45309204,-1.376908,0.86309206,-0.76690793,1.523092,2.083092,0.653092,0.68309206,1.423092,1.383092,2.433092,2.8930922,1.043092,2.243092,0.62309206,1.563092,-0.60690796,-1.7869079,3.243092,0.02309204,-1.2769079,-2.1069078,-1.5469079,-0.42690796,0.67309207,-0.39690796,0.11309204,-0.28690797,-0.38690796,1.373092,1.9530921,1.403092,2.013092,1.763092,2.233092,2.333092,1.943092,1.2130921,-0.03690796,1.3330921,2.253092,0.843092,3.033092,2.443092,2.633092,-1.186908,-1.836908,1.143092,1.313092,2.183092,2.823092,2.123092,0.603092,1.5930921,-1.486908,-2.8569078,-1.4169079,-1.1669079,-1.326908,-0.47690797,2.073092,0.32309204,-1.856908,-1.2869079,-0.62690794,-1.106908,-0.09690796,-0.29690796,0.653092,-1.056908,1.523092,1.7130921,1.623092,2.133092,2.033092,1.7130921,2.573092,2.6630921,1.3630921,0.32309204,0.98309207,1.273092,1.663092,2.213092,2.3930922,-0.846908,0.34309205,0.92309207,-0.20690796,-0.75690794,1.293092,0.61309206,0.48309204,-0.24690796,-2.376908,-1.576908,-0.98690796,0.02309204,2.223092,-0.03690796,-0.79690796,-3.5869079,-2.126908,-0.94690794,-0.27690795,-1.596908,-0.846908,0.68309206,0.16309205,0.73309207,-0.34690797,1.393092,1.9830921,2.693092,2.183092,2.433092,1.923092,1.043092,0.713092,0.76309204,0.543092,0.95309204,2.1430922,1.443092,1.943092,-0.61690795,-0.49690795,0.98309207,1.563092,0.16309205,-0.39690796,-0.27690795,0.33309203,-0.99690795,0.40309203,-0.92690796,0.14309204,1.4630921,1.6130921,-0.41690797,-0.05690796,-0.16690797,-2.986908,-1.956908,-1.446908,1.023092,1.413092,-0.11690796,0.533092,0.35309204,0.543092,0.98309207,1.653092,1.813092,2.443092,2.013092,1.4730921,0.61309206,0.46309203,0.27309203,1.153092,0.903092,0.51309204,0.713092,0.67309207,-1.5369079,-1.686908,0.30309203,1.763092,1.7230921,0.31309205,0.44309205,0.03309204,0.47309205,0.70309204,-0.11690796,-1.336908,-2.166908,-1.466908,-0.76690793,0.19309205,-0.98690796,-0.61690795,-1.096908,-0.23690796,-0.67690796,-0.07690796,-1.096908,-1.176908,1.183092,1.383092,1.753092,0.28309205,2.333092,2.603092,3.343092,2.333092,0.903092,0.87309206,1.1130921,1.383092,1.0930921,1.173092,-0.646908,0.103092045,-0.31690797,-0.19690795,0.99309206,0.103092045,1.3330921,0.64309204,-0.62690794,0.49309203,-1.2769079,-1.566908,-2.006908,-1.716908,-1.676908,-1.6469079,-0.10690796,-0.26690796,-0.07690796,0.36309204,-1.116908,-0.29690796,0.12309204,-0.06690796,-0.016907958,0.783092,1.073092,1.2230921,1.393092,1.283092,1.4630921,0.77309203,2.223092,2.933092,1.903092,1.7030921,1.2030921,1.7330921,0.973092,1.273092,-0.48690796,-1.1669079,-0.776908,0.45309204,0.63309205,0.76309204,0.94309205,0.76309204,-0.40690795,-1.086908,-1.346908,-1.0469079,-0.62690794,-1.4069079,-1.566908,-0.33690795,0.62309206,-1.346908,-0.41690797,-1.116908,0.09309204,0.62309206,1.3330921,1.013092,1.803092,1.883092,2.443092,1.423092,2.583092,2.823092,2.863092,0.86309206]},{"header":{"discipline":0,"disciplineName":"Meteorological products","gribEdition":2,"gribLength":948,"center":7,"centerName":"US National Weather Service - NCEP(WMC)","subcenter":0,"refTime":"2023-09-25T18:00:00.000Z","significanceOfRT":1,"significanceOfRTName":"Start of forecast","productStatus":0,"productStatusName":"Operational products","productType":1,"productTypeName":"Forecast products","productDefinitionTemplate":0,"productDefinitionTemplateName":"Analysis/forecast at horizontal level/layer at a point in time","parameterCategory":2,"parameterCategoryName":"UnknownDiscipline_0_Category_2","parameterNumber":3,"parameterNumberName":"UnknownParameter_D0_C2_3","parameterUnit":"Unknown","genProcessType":2,"genProcessTypeName":"Forecast","forecastTime":120,"surface1Type":103,"surface1TypeName":"Specified height level above ground","surface1Value":10.0,"surface2Type":255,"surface2TypeName":"Missing","surface2Value":0.0,"gridDefinitionTemplate":0,"gridDefinitionTemplateName":"Latitude_Longitude","numberPoints":615,"shape":6,"shapeName":"Earth spherical with radius of 6,371,229.0 m","gridUnits":"degrees","resolution":48,"winds":"true","scanMode":64,"nx":41,"ny":15,"basicAngle":0,"lo1":47.0,"la1":41.0,"lo2":87.0,"la2":55.0,"dx":1.0,"dy":1.0},"data":[-1.6040283,-1.6140283,1.9459717,2.6159716,-1.5140283,-3.4740283,-0.17402832,-0.3240283,-1.5840284,-1.9540284,-2.9940283,-1.9040283,-2.3640282,-3.5640283,-3.6140282,0.17597169,-0.9040283,-0.8440283,-1.6440283,-0.7640283,-2.9740283,-4.5440283,-3.6440284,-0.28402832,-1.6540283,-0.31402832,-1.5240283,1.4459717,2.0559716,0.2959717,-0.4540283,0.6259717,0.58597165,3.3559716,3.4259717,3.5659716,2.1259718,1.2759717,1.8859717,-1.8140283,-0.08402832,-0.11402832,0.16597168,2.1059716,1.4859717,-2.4540284,-1.2040284,-2.4640284,0.0059716795,-1.0440283,-1.5440283,-2.0840282,-3.1240282,-2.8540282,-2.5140283,-4.3640285,-4.2140284,-3.1640284,2.0459716,0.5459717,1.1559716,-1.1040283,-2.6540284,-1.1540283,1.4359717,1.5559716,0.9159717,-0.30402833,2.6559718,0.34597167,1.9659717,0.88597167,2.1359718,-0.7840283,-0.27402833,-0.41402832,-0.47402832,-1.1140283,-1.5140283,0.25597167,-1.9440284,0.6759717,1.7359717,3.2459717,1.5459716,-0.2640283,-1.7340283,-0.9540283,-1.7940283,-2.1440284,-0.73402834,-1.3940283,-2.0440283,-0.72402835,-1.9840283,-3.0640283,-4.144028,-4.394028,-3.3940284,-2.3540282,4.6959715,3.6859717,0.7259717,-2.0040283,-2.7240283,-1.3540283,0.4859717,-0.33402833,-0.6240283,-0.46402833,0.16597168,1.4359717,3.3659716,0.3259717,1.4359717,0.52597165,-2.9540284,-0.7840283,-1.7640283,-1.9040283,-0.8340283,1.0959717,1.2559717,0.57597166,0.3559717,-1.0440283,-1.6540283,0.03597168,-0.61402833,0.18597168,-0.60402834,-1.5040283,-0.79402834,0.9759717,-0.7840283,-1.2840283,-3.3040283,-3.5440283,-3.9040284,-3.5540283,-1.9940283,3.6859717,3.3959718,2.7459717,1.3859717,1.0059717,-2.3440282,-3.3940284,-3.2440283,-2.8740282,-1.5640283,1.2359717,0.27597168,-0.7640283,-0.55402833,-1.3640283,-1.3040283,-0.3940283,-0.4840283,1.8059716,1.3559717,0.70597166,1.1359717,-1.3940283,0.3959717,0.04597168,-0.8240283,-0.7140283,-0.4240283,-1.2740283,-0.7140283,0.75597167,-0.8940283,-1.3140283,1.5059717,1.3059716,0.47597167,-2.5740283,-4.1740284,-4.1340284,-4.1940284,-4.2140284,-0.3540283,3.8359716,3.4459717,2.4259717,0.7859717,-2.4440284,-3.5640283,-3.1240282,-3.2240283,-3.7340283,0.21597168,1.3859717,2.5059717,2.1759717,2.7459717,2.3659716,-0.03402832,0.2659717,-0.91402835,0.20597167,0.08597168,-1.3540283,-2.5940282,1.8559717,1.0259717,1.9059716,0.77597165,0.58597165,-0.47402832,-1.0040283,0.75597167,-0.8440283,-0.34402832,-1.7940283,-2.3040283,1.1559716,0.17597169,-2.1040282,-3.0440283,-3.4540284,-3.5240283,-5.3140283,-2.5940282,3.4459717,3.4659717,1.7159717,-1.0040283,-1.7140284,-2.7040284,-1.4940283,-3.1040282,-4.8140283,-1.6540283,-2.5340283,2.7259717,2.7059717,1.8959717,2.9659717,3.1359718,3.2959716,1.5159717,-0.6340283,0.30597168,-0.3540283,4.125972,3.5859716,3.0459716,2.7859716,2.6059716,1.3259717,-0.47402832,2.0659716,-0.23402832,0.5959717,-1.2140284,-1.0240283,-1.4440284,-2.2840283,-0.47402832,-1.2740283,-2.2640283,-2.9340284,-4.1140285,-3.1440284,2.3159716,2.1059716,2.4459717,0.43597168,-0.60402834,-2.2240283,-2.4040284,-1.8240284,-0.49402833,-1.3640283,-2.5040283,-2.5340283,-2.6040282,-0.9540283,-1.1640283,-1.2440283,-2.5940282,-0.23402832,-0.7540283,-0.6240283,-1.8840283,2.7459717,3.2159717,2.8459716,3.6159716,2.2059717,2.3859718,1.6659716,0.7359717,-1.3340284,-0.33402833,-1.4640284,-1.8440284,-2.0940282,-1.6140283,-2.2540283,-0.31402832,-1.5040283,-1.6540283,-1.7840283,-2.0940282,-0.86402833,-2.9440284,-0.5740283,1.8459717,2.1359718,1.4759717,0.9059717,-3.2240283,0.9859717,-1.3140283,-1.5540283,-0.6840283,-0.7740283,-1.1240283,0.30597168,-0.24402831,-0.7640283,-1.9540284,-1.7340283,-0.27402833,-1.6940284,3.3459716,3.0059717,3.2559717,1.8859717,2.2359717,1.6359717,1.2059717,0.3259717,0.06597168,-0.5740283,-1.0040283,-0.80402833,-1.2840283,-0.61402833,-2.7940283,0.17597169,-0.8240283,0.64597166,1.2659717,-1.9240283,-0.14402832,-0.01402832,-0.36402833,-1.3940283,-0.15402833,-0.10402832,2.1659718,0.6059717,-0.55402833,2.2159717,2.3259716,2.0659716,2.7559717,1.9559717,1.7059717,-0.11402832,-2.2040284,1.7659717,2.8459716,1.3059716,1.6559716,3.2059717,2.8159716,3.1959717,2.0059717,2.7059717,2.0759716,1.4359717,1.0859717,0.27597168,0.77597165,-0.9040283,0.50597167,1.0359716,0.9759717,-0.3940283,-0.31402832,0.63597167,-1.1940284,1.3759717,0.30597168,-0.3240283,0.47597167,-0.7740283,1.3759717,0.5959717,2.2559717,1.7859716,-0.46402833,0.4859717,1.2259717,-0.54402834,0.5359717,2.4359717,3.0959716,1.4959717,0.76597166,0.50597167,-0.30402833,2.6659718,2.9859717,3.5859716,2.8359716,2.5959716,2.4459717,1.5959717,1.7259717,1.3859717,2.2559717,1.8159717,1.4759717,1.1859717,0.20597167,0.83597165,-0.31402832,-1.6140283,-0.4840283,0.13597168,-1.6440283,-1.7240283,-1.7540283,0.50597167,-0.46402833,-0.80402833,-1.8840283,1.1459717,1.1459717,0.4859717,0.33597168,1.1159717,0.9059717,1.0959717,2.7559717,-1.0040283,-0.46402833,0.8659717,2.2059717,0.8159717,0.04597168,-0.16402832,0.16597168,-0.19402832,0.8159717,2.0459716,2.6159716,2.3959718,2.6159716,2.5759716,1.7659717,1.3459717,1.4459717,1.2159717,1.3259717,0.57597166,-0.61402833,-1.8040283,-1.1840283,1.1459717,-0.01402832,-1.0740284,-1.7040284,-0.38402832,-0.22402832,-1.0740284,0.9659717,-1.9240283,-1.8940283,1.0759717,1.1959717,0.95597166,0.8059717,1.5259717,1.9059716,1.7959716,1.6359717,0.44597167,-0.80402833,-0.6240283,1.3059716,1.2159717,1.9159716,1.6759716,2.2159717,0.6859717,1.7459717,1.7859716,2.8659716,3.0159717,2.4059718,1.3359717,1.3759717,2.4359717,2.0159717,1.5959717,0.8559717,0.09597168,-0.8140283,-0.6940283,-1.1940284,-1.6140283,-0.7740283,-0.54402834,0.58597165,-0.34402832,0.8459717,1.4159716,0.8659717,1.6059717,1.7059717,1.1859717,-1.3940283,0.9159717,1.1859717,-0.01402832,2.2859716,2.4859717,1.9059716,0.47597167,0.49597168,1.5659717,-0.80402833,-0.36402833,1.1159717,1.6859717,1.5759717,2.8759718,2.3059716,1.2659717,2.7359717,2.5359716,2.5559716,2.2059717,2.8459716,2.1959717,1.8159717,1.6059717,0.3559717,0.44597167,0.21597168,-0.094028324,-1.6840283,-1.8140283,-1.1840283,2.0959716,1.3259717,0.57597166,1.0859717,1.1559716,-0.74402833,1.4259716,0.8159717,-0.14402832,-0.9640283,-1.0340283,0.9159717,1.2559717,1.0659717,0.22597168,1.5459716,1.4159716,1.3259717,0.51597166,-0.30402833,-0.5640283,0.9059717,1.1459717,2.2959716,2.6459718,2.1659718,2.6759717,2.9859717,2.7259717,2.7859716,2.9259717,2.5359716,2.5259717,1.2559717,1.8659717,2.0059717,0.23597167,-0.6340283,-1.2140284,-1.4540284,-0.40402833,1.2559717,1.7959716,1.0859717,2.4059718,1.4859717,1.1559716,1.1259717,1.3459717,0.06597168,-0.23402832,-0.2940283,0.09597168,-0.17402832,0.30597168,0.33597168,0.69597167,0.36597168,-0.38402832,-0.10402832,0.05597168,0.4259717,0.63597167,0.6259717]}]