wind_kz.json
{"header": {"discipline":0,"disciplineName":"Meteorological products","gribEdition":2,"gribLength":948,"center":7,"centerName":"US National Weather Service - NCEP(WMC)","subcenter":0,"refTime":"2023-09-26T12:00:00.000Z","significanceOfRT":1,"significanceOfRTName":"Start of forecast","productStatus":0,"productStatusName":"Operational products","productType":1,"productTypeName":"Forecast products","productDefinitionTemplate":0,"productDefinitionTemplateName":"Analysis/forecast at horizontal level/layer at a point in time","parameterCategory":2,"parameterCategoryName":"UnknownDiscipline_0_Category_2","parameterNumber":3,"parameterNumberName":"UnknownParameter_D0_C2_3","parameterUnit":"Unknown","genProcessType":2,"genProcessTypeName":"Forecast","forecastTime":60,"surface1Type":103,"surface1TypeName":"Specified height level above ground","surface1Value":10.0,"surface2Type":255,"surface2TypeName":"Missing","surface2Value":0.0,"gridDefinitionTemplate":0,"gridDefinitionTemplateName":"Latitude_Longitude","numberPoints":615,"shape":6,"shapeName":"Earth spherical with radius of 6,371,229.0 m","gridUnits":"degrees","resolution":48,"winds":"true","scanMode":64,"nx":41,"ny":15,"basicAngle":0,"lo1":47.0,"la1":41.0,"lo2":87.0,"la2":55.0,"dx":1.0,"dy":1.0}, "data":
[rows 0 to 14 of 15, columns 0 to 40 of 41]
0.36528075,-1.8347192,1.2452807,-1.5147192,-2.3847191,-4.124719,-2.3947191,-1.8247192,-0.9847192,0.5152808,-1.9747193,-2.9047194,-3.4747193,-1.1947192,-1.0247192,-2.4147193,-2.3847191,-1.3047192,-2.5747192,-2.1647193,-2.4147193,-2.2647192,0.24528076,0.09528076,-0.89471924,-1.5547192,-1.1147193,0.35528076,0.5752808,2.4152808,1.2652807,1.1552807,1.2652807,0.5752808,1.6852808,-0.47471923,0.38528076,1.0252807,0.13528076,0.5852808,-1.3347192
2.3652809,1.1552807,0.41528076,-0.9747192,-1.3147192,-2.2347193,-3.2547193,-1.1647192,-1.9447192,-2.7847192,-3.2747192,-2.2247193,-3.1247191,-3.2947192,-2.9547193,-3.0847192,0.07528076,-0.32471925,-2.7947192,-3.7147193,-3.0047193,-2.1647193,0.55528075,1.4352808,0.37528077,-0.074719235,-2.6047192,-0.63471925,0.09528076,2.2352808,1.7752807,2.6852808,1.5552808,2.4752808,-0.5447192,0.015280762,0.42528075,-0.63471925,-0.21471924,-2.7947192,1.5152807
2.9452808,2.4752808,0.46528077,-2.5447192,-1.6247193,-1.5647192,-3.1547194,-3.3547192,-2.6047192,-2.3447192,-3.5247192,-2.3547192,-2.7547193,-2.8147192,-2.1647193,-1.3347192,0.47528076,2.0952806,-1.4047192,-2.9447193,-3.6747193,-2.8447192,-0.52471924,1.0352807,0.66528076,0.5752808,1.7552807,0.59528077,0.26528075,2.2252808,0.56528074,0.7152808,1.6752808,-0.96471924,-0.50471926,1.9452808,1.6852808,-1.0147192,-0.19471924,1.0052807,0.45528075
-0.19471924,-0.6047192,-1.2347193,-1.8047192,-1.9347192,-1.5147192,-2.5847192,-3.1847193,-3.1047192,-3.2447193,-2.8347192,-2.5347192,-2.8247192,-2.3247192,-2.2147193,-1.3047192,-0.87471926,0.56528074,-1.4247192,-3.0947192,-3.2047193,-0.11471924,-1.1647192,-0.99471927,-0.83471924,1.6452807,1.6652808,1.8052808,2.8252807,1.9852808,1.2452807,-1.9447192,-0.74471927,0.56528074,0.09528076,-1.9947193,-0.6047192,2.0252807,0.6952808,0.5852808,0.45528075
-0.43471923,-0.84471923,-2.4547193,-2.7847192,-1.5947193,-1.9547192,-2.9847193,-2.0047193,-3.2947192,-3.5347192,-3.1547194,-2.8047192,-4.914719,-0.8047192,-0.71471924,-0.38471925,-1.8247192,-2.8047192,-3.1147192,-3.1647193,-2.1647193,-1.2847192,-0.47471923,0.9652808,0.5752808,1.8452808,0.7752808,1.6352807,1.3552808,1.0652808,0.25528076,0.5752808,2.1652808,2.5052807,-0.0047192383,-1.2747192,0.62528074,-1.4747193,-2.1847193,-1.3147192,-1.3747193
-0.7847192,-0.7847192,-1.7247193,-2.3047192,-2.7447193,-3.4547193,-3.3147192,-3.6247191,-3.5947192,-4.044719,-4.8447194,-3.2447193,-3.2047193,-3.1847193,-1.5347192,-1.9147192,-2.4647193,-3.2347193,-4.244719,-2.9947193,-1.8847193,0.91528076,1.6152807,-1.3847193,2.8452806,2.0952806,2.2252808,3.8252807,2.7052808,2.1852808,1.7552807,1.3852807,0.7052808,-0.22471924,1.3552808,2.3152807,1.6052808,3.1752808,0.9552808,-1.5747192,-3.0047193
0.12528077,-0.11471924,-1.2747192,-2.1047192,-2.5347192,-2.6247191,-3.4347193,-3.5147192,-3.6547194,-3.9447193,-4.1147194,-2.3147192,-2.1347191,-2.5347192,-2.1647193,-2.4247193,-2.6147192,-3.4447193,-4.4247193,-4.774719,-4.084719,-2.5047193,-1.6247193,-1.6947192,-1.0747192,0.31528077,-1.3547193,1.7152808,0.30528077,2.7652807,2.5052807,0.80528075,1.4352808,0.48528075,-0.87471926,-1.5647192,-2.9247193,-0.6647192,-0.47471923,0.24528076,-0.50471926
-0.0047192383,-0.83471924,-1.7447193,-2.1747193,-2.6247191,-3.0547192,-3.1247191,-2.8647192,-3.0347192,-3.6147192,-2.8047192,-2.0647192,-2.4747193,-1.9847193,-2.8047192,-2.1147192,-2.6647193,-3.6047192,-4.0347195,-4.3647194,-3.9347193,-3.4647193,-3.5847192,-3.0247192,-2.7847192,0.66528076,2.5752807,-1.0147192,-1.9047192,-3.8347192,1.9052807,1.8852807,1.2152808,1.7952808,1.4752808,-0.52471924,0.5152808,2.5552807,-1.0347192,0.27528077,-2.3947191
-0.7947192,-1.4347192,-1.8347192,-2.7147193,-2.5147192,-2.5847192,-2.6247191,-2.3447192,-2.9347193,-2.5547192,-2.3247192,-2.7347193,-2.1647193,-2.0647192,-2.4647193,-3.1547194,-2.9847193,-1.8247192,-2.9747193,-3.3647192,-1.9347192,-3.0147192,-3.4847193,-2.8947191,-2.4347193,-2.0047193,-0.7847192,0.42528075,0.38528076,2.1152809,2.4852808,3.1452808,1.9352808,2.3752809,2.3352807,3.1452808,-1.1647192,0.50528073,0.40528077,-0.074719235,-2.8947191
-1.0747192,-1.8247192,-2.3247192,-2.4147193,-2.4947193,-2.4947193,-2.4747193,-2.0047193,-2.1947193,-2.1847193,-1.3947192,-2.1747193,-1.9047192,-1.1447192,-1.9347192,-3.0947192,-3.4747193,-3.1147192,-0.81471926,-1.2747192,-1.4447192,-1.2847192,-1.8147192,-2.8547192,-2.7247193,-1.4447192,-0.47471923,-0.52471924,-0.75471926,-0.14471924,1.6952808,1.3152808,1.2352808,1.4652808,0.93528074,1.0252807,0.99528074,-1.5947193,0.8252808,3.6252809,3.8952808
-0.50471926,-1.3147192,-1.2847192,-1.6747192,-1.6247193,-1.2947192,-1.2547193,-1.2647192,-0.76471925,-2.1847193,-0.70471925,0.42528075,0.28528076,-0.49471924,-1.4947193,-2.2447193,-2.1247191,-2.1747193,-2.7947192,-1.8147192,-0.84471923,-0.62471926,-0.83471924,-0.81471926,-1.1247193,-1.6947192,-1.1947192,-1.9947193,-1.4647193,-1.7647192,2.0452807,2.1352808,2.4552808,1.6552807,1.1752808,1.3752807,1.6752808,2.5352807,2.4352808,2.0252807,0.5152808
-0.8647192,-0.39471924,-0.024719238,-0.59471923,-1.3947192,-1.2547193,-1.1147193,-0.57471925,-0.40471923,-0.8547192,-0.87471926,-0.48471925,0.21528076,0.61528075,0.25528076,-1.2347193,-1.0947193,-2.5147192,-1.2847192,-1.7747192,-2.1547194,-1.2047192,-1.7647192,-1.9547192,0.015280762,-0.14471924,1.1952808,1.0252807,0.37528077,0.17528076,1.1052808,-1.6947192,0.8252808,2.0152807,1.5052807,1.3952807,1.2952808,1.0552808,1.4652808,1.5152807,0.75528073
0.015280762,0.29528075,-0.0047192383,0.68528074,0.28528076,-0.08471924,-0.13471924,-0.14471924,-0.32471925,0.78528076,0.22528076,0.045280762,0.17528076,-0.31471923,-1.3147192,-0.9847192,-1.0247192,-0.7847192,-0.8547192,-1.2347193,-0.51471925,-0.074719235,0.6952808,0.72528076,0.0052807615,0.045280762,0.12528077,0.46528077,1.1052808,0.46528077,1.0252807,3.6652808,2.4852808,1.4552808,0.79528075,1.3652807,1.1052808,1.2852807,1.5152807,3.5652807,2.8152807
0.43528077,0.67528075,0.66528076,1.4452808,1.1552807,1.0252807,0.98528075,0.75528073,1.1452807,1.3952807,1.4252808,0.73528075,0.28528076,1.0552808,-0.49471924,-0.75471926,-0.44471923,-0.64471924,-1.0247192,-1.1047193,0.18528076,0.28528076,0.12528077,-0.21471924,0.03528076,0.12528077,0.8352808,1.7852807,1.9852808,1.0052807,0.85528076,1.9452808,2.6852808,2.3652809,1.8552808,1.4952807,1.0952808,1.0452808,1.1252807,1.7252808,5.235281
1.1352807,0.46528077,0.81528074,0.85528076,1.6552807,1.6952808,1.8452808,2.0752807,1.7352808,1.3352808,1.6552807,1.5152807,1.4752808,0.26528075,-0.11471924,-0.05471924,-0.12471924,-0.23471923,-0.15471923,-0.10471924,-0.5447192,-0.37471923,-0.28471923,-0.074719235,-0.38471925,-0.08471924,0.41528076,1.3952807,2.1752808,1.7852807,-0.81471926,-0.044719238,1.1852808,2.0452807,1.9152808,1.5252807,1.2452807,1.6252807,1.0052807,0.27528077,1.9152808
