wind.json
{"header": {"discipline":0,"disciplineName":"Meteorological products","gribEdition":2,"gribLength":953,"center":7,"centerName":"US National Weather Service - NCEP(WMC)","subcenter":0,"refTime":"2023-06-29T18:00:00.000Z","significanceOfRT":1,"significanceOfRTName":"Start of forecast","productStatus":0,"productStatusName":"Operational products","productType":1,"productTypeName":"Forecast products","productDefinitionTemplate":0,"productDefinitionTemplateName":"Analysis/forecast at horizontal level/layer at a point in time","parameterCategory":0,"parameterCategoryName":"UnknownDiscipline_0_Category_0","parameterNumber":0,"parameterNumberName":"UnknownParameter_D0_C0_0","parameterUnit":"Unknown","genProcessType":2,"genProcessTypeName":"Forecast","forecastTime":240,"surface1Type":1,"surface1TypeName":"Ground or water surface","surface1Value":0.0,"surface2Type":255,"surface2TypeName":"Missing","surface2Value":0.0,"gridDefinitionTemplate":0,"gridDefinitionTemplateName":"Latitude_Longitude","numberPoints":688,"shape":6,"shapeName":"Earth spherical with radius of 6,371,229.0 m","gridUnits":"degrees","resolution":48,"winds":"true","scanMode":64,"nx":43,"ny":16,"basicAngle":0,"lo1":45.0,"la1":40.0,"lo2":87.0,"la2":55.0,"dx":1.0,"dy":1.0}, "data":
[rows 0 to 15 of 16, columns 0 to 42 of 43]
285.75897,283.45895,300.25897,301.85895,301.15897,298.05896,297.15897,296.05896,304.85895,304.55896,305.85895,304.65897,305.75897,303.95895,302.85895,306.15897,306.55896,309.25897,304.65897,306.05896,301.45895,299.95895,297.65897,300.25897,299.35895,294.85895,294.25897,285.85895,279.95895,280.95895,282.15897,294.95895,297.25897,298.55896,298.55896,298.75897,301.15897,298.15897,301.35895,298.35895,297.35895,299.05896,301.65897
291.65897,301.55896,300.15897,291.15897,293.45895,297.35895,297.25897,295.65897,302.25897,308.55896,306.65897,305.85895,305.35895,307.55896,306.25897,307.65897,305.75897,302.75897,303.55896,304.85895,302.75897,302.95895,303.05896,300.25897,296.95895,293.65897,298.35895,297.25897,292.75897,279.25897,278.85895,278.75897,279.95895,282.35895,290.95895,298.15897,300.45895,299.75897,299.35895,299.25897,300.35895,299.75897,303.85895
292.75897,288.05896,279.35895,294.65897,297.25897,297.05896,296.95895,294.85895,305.15897,304.55896,306.65897,304.05896,305.95895,303.95895,302.35895,304.35895,303.45895,301.55896,305.15897,303.05896,303.15897,302.15897,301.45895,300.55896,298.75897,287.95895,275.85895,275.55896,284.95895,277.85895,280.25897,273.45895,280.35895,273.75897,284.65897,260.95895,276.95895,294.15897,293.25897,295.75897,300.45895,292.65897,284.05896
290.25897,294.95895,296.85895,297.65897,297.65897,297.65897,296.55896,304.75897,305.45895,305.55896,303.05896,303.45895,301.65897,302.55896,298.75897,299.35895,303.15897,302.45895,302.25897,301.65897,303.55896,305.55896,304.95895,300.45895,298.55896,291.85895,292.45895,292.45895,293.85895,292.05896,290.65897,282.35895,274.05896,278.05896,282.35895,280.25897,281.35895,283.05896,276.25897,278.25897,283.55896,281.05896,278.95895
300.95895,302.75897,297.05896,298.05896,298.55896,297.65897,298.55896,303.65897,305.65897,306.75897,306.25897,303.15897,300.75897,300.55896,295.45895,294.65897,303.95895,307.25897,304.55896,302.25897,305.15897,305.35895,297.65897,296.85895,299.45895,298.55896,296.55896,299.65897,300.85895,297.35895,296.35895,296.25897,296.85895,293.35895,298.85895,296.55896,295.95895,289.65897,279.05896,277.25897,282.45895,295.05896,298.95895
301.85895,304.55896,302.05896,299.05896,298.85895,299.55896,301.65897,305.25897,305.35895,306.35895,305.85895,304.95895,303.65897,300.95895,295.85895,295.15897,292.25897,305.55896,303.85895,302.65897,300.15897,303.75897,303.15897,303.15897,301.85895,299.95895,300.55896,302.15897,298.65897,296.75897,299.45895,299.75897,303.05896,295.45895,282.55896,274.15897,285.55896,294.15897,296.25897,301.35895,301.85895,303.85895,303.15897
302.45895,307.25897,304.15897,298.45895,299.45895,298.95895,299.05896,297.75897,304.55896,306.95895,307.55896,306.15897,304.15897,303.85895,295.55896,294.85895,298.35895,307.05896,304.15897,303.65897,304.45895,304.25897,303.05896,302.25897,300.45895,300.65897,301.05896,298.55896,299.75897,290.55896,301.95895,302.75897,300.75897,301.05896,297.35895,298.55896,294.85895,291.25897,286.25897,290.15897,298.55896,300.35895,301.95895
301.75897,304.35895,303.15897,302.45895,308.15897,308.25897,303.15897,305.75897,307.55896,308.75897,306.85895,307.55896,305.85895,304.35895,302.65897,302.65897,302.55896,301.55896,305.15897,305.85895,302.75897,301.25897,301.05896,301.85895,301.95895,300.95895,299.35895,299.55896,299.25897,300.25897,298.85895,297.15897,300.65897,301.95895,301.75897,299.95895,295.75897,294.95895,290.35895,286.75897,282.45895,284.65897,296.75897
299.15897,298.55896,302.85895,302.25897,305.55896,308.65897,308.25897,308.05896,309.75897,307.85895,303.95895,304.15897,303.55896,304.35895,299.95895,302.05896,302.75897,302.65897,302.55896,302.85895,303.25897,298.15897,298.85895,299.15897,299.75897,299.95895,299.95895,293.25897,294.65897,295.05896,293.45895,297.25897,295.25897,294.45895,292.25897,289.65897,286.45895,292.25897,294.45895,288.35895,294.85895,296.05896,288.45895
292.65897,298.35895,298.75897,298.95895,304.75897,304.05896,306.85895,305.45895,306.45895,304.65897,304.65897,301.25897,303.45895,302.75897,299.45895,300.45895,303.05896,304.65897,301.15897,300.85895,300.75897,299.45895,296.25897,296.75897,297.45895,296.65897,294.55896,295.25897,292.15897,290.75897,289.75897,288.05896,290.55896,290.15897,290.75897,292.25897,290.55896,288.05896,291.25897,288.45895,279.35895,280.55896,278.15897
296.05896,296.05896,295.55896,298.25897,300.75897,304.85895,302.45895,302.55896,300.85895,304.45895,301.35895,300.75897,297.85895,297.25897,299.05896,299.15897,299.75897,303.25897,300.35895,301.15897,299.95895,297.85895,296.45895,297.05896,297.45895,296.25897,294.55896,292.75897,292.45895,292.15897,291.35895,290.95895,290.75897,294.15897,294.85895,294.55896,292.25897,291.05896,288.15897,286.65897,279.45895,276.25897,277.55896
293.95895,294.15897,298.35895,299.15897,299.05896,300.05896,300.05896,302.65897,299.65897,300.15897,298.85895,298.05896,296.15897,295.25897,296.95895,297.15897,294.95895,297.15897,296.75897,297.05896,297.55896,295.65897,295.65897,294.85895,294.55896,293.95895,294.15897,291.25897,288.55896,291.75897,292.95895,294.15897,295.15897,294.25897,293.55896,293.25897,290.95895,289.05896,286.35895,282.25897,281.05896,283.95895,279.95895
291.25897,293.05896,294.65897,296.05896,296.45895,295.25897,296.15897,296.95895,297.65897,299.55896,298.45895,296.35895,293.05896,292.25897,293.25897,293.05896,293.45895,294.05896,294.35895,295.65897,293.85895,293.85895,292.85895,292.05896,291.75897,291.85895,291.05896,292.25897,290.95895,292.55896,292.65897,293.15897,291.45895,292.05896,292.55896,291.05896,292.25897,292.15897,290.95895,288.45895,286.95895,287.55896,287.25897
290.35895,290.45895,291.35895,291.25897,292.35895,293.35895,292.85895,294.55896,294.85895,294.45895,294.15897,294.55896,292.15897,290.25897,291.45895,290.45895,290.95895,293.45895,293.15897,294.85895,295.35895,293.05896,293.75897,289.85895,289.05896,289.05896,291.15897,291.75897,293.75897,291.95895,292.05896,290.35895,290.15897,289.85895,289.95895,290.25897,290.35895,292.15897,289.45895,291.55896,287.85895,287.95895,287.55896
290.35895,290.35895,289.15897,289.95895,290.55896,291.15897,289.95895,292.85895,291.65897,291.15897,291.55896,291.05896,291.65897,288.95895,289.25897,290.55896,291.25897,292.25897,292.45895,292.95895,292.35895,291.95895,290.55896,293.15897,290.45895,290.35895,291.85895,291.05896,289.45895,288.65897,288.25897,288.15897,288.35895,288.55896,290.55896,287.25897,288.05896,289.95895,291.35895,288.65897,287.05896,286.95895,287.45895
288.45895,288.65897,288.45895,289.15897,291.55896,288.05896,288.25897,288.65897,288.95895,288.75897,288.15897,287.85895,289.95895,290.55896,289.15897,288.95895,289.05896,290.25897,292.45895,293.05896,293.45895,291.75897,290.05896,292.15897,291.95895,290.85895,290.65897,286.95895,289.65897,286.05896,285.35895,286.05896,286.65897,284.65897,286.65897,285.75897,285.95895,285.75897,285.85895,287.05896,288.25897,287.25897,287.25897
