wind_kz.json
{"header": {"discipline":0,"disciplineName":"Meteorological products","gribEdition":2,"gribLength":871,"center":7,"centerName":"US National Weather Service - NCEP(WMC)","subcenter":0,"refTime":"2023-09-22T06:00:00.000Z","significanceOfRT":1,"significanceOfRTName":"Start of forecast","productStatus":0,"productStatusName":"Operational products","productType":1,"productTypeName":"Forecast products","productDefinitionTemplate":0,"productDefinitionTemplateName":"Analysis/forecast at horizontal level/layer at a point in time","parameterCategory":0,"parameterCategoryName":"UnknownDiscipline_0_Category_0","parameterNumber":0,"parameterNumberName":"UnknownParameter_D0_C0_0","parameterUnit":"Unknown","genProcessType":2,"genProcessTypeName":"Forecast","forecastTime":60,"surface1Type":1,"surface1TypeName":"Ground or water surface","surface1Value":0.0,"surface2Type":255,"surface2TypeName":"Missing","surface2Value":0.0,"gridDefinitionTemplate":0,"gridDefinitionTemplateName":"Latitude_Longitude","numberPoints":615,"shape":6,"shapeName":"Earth spherical with radius of 6,371,229.0 m","gridUnits":"degrees","resolution":48,"winds":"true","scanMode":64,"nx":41,"ny":15,"basicAngle":0,"lo1":47.0,"la1":41.0,"lo2":87.0,"la2":55.0,"dx":1.0,"dy":1.0}, "data":
[rows 0 to 14 of 15, columns 0 to 40 of 41]
291.0634,281.86337,287.86337,294.36337,294.6634,294.0634,295.46338,295.5634,293.1634,292.96338,292.26337,292.86337,293.36337,293.86337,293.5634,292.1634,292.6634,293.26337,291.0634,292.5634,292.5634,288.96338,286.5634,284.36337,287.0634,287.5634,285.5634,269.26337,269.96338,270.6634,272.1634,274.46338,282.46338,288.46338,288.96338,288.96338,288.6634,288.36337,286.46338,286.6634,287.1634
273.86337,286.1634,293.86337,293.96338,293.96338,292.76337,294.26337,293.0634,291.36337,291.86337,293.1634,291.86337,291.6634,291.46338,293.0634,293.1634,293.0634,292.26337,290.36337,289.36337,292.76337,292.0634,288.86337,281.46338,273.1634,272.26337,280.96338,271.36337,274.86337,265.96338,274.26337,257.6634,274.76337,251.96338,271.76337,285.36337,283.5634,284.96338,287.96338,281.36337,283.76337
289.96338,293.36337,294.0634,293.76337,291.86337,293.26337,293.1634,291.86337,290.76337,290.46338,289.96338,290.96338,290.1634,291.5634,293.6634,290.5634,289.46338,288.0634,288.26337,289.0634,292.6634,291.26337,290.5634,284.1634,287.6634,285.6634,286.36337,284.5634,283.76337,275.86337,264.6634,270.46338,275.6634,274.96338,276.86337,276.46338,268.6634,271.26337,271.0634,270.46338,260.96338
292.0634,292.86337,294.1634,293.1634,292.5634,291.5634,292.46338,291.76337,292.0634,291.46338,290.36337,289.6634,291.96338,291.36337,292.46338,291.96338,291.26337,287.86337,287.86337,287.6634,289.6634,284.5634,288.6634,288.1634,288.26337,288.5634,288.76337,285.86337,283.0634,284.0634,283.86337,281.76337,287.1634,286.5634,284.96338,279.46338,271.6634,261.5634,269.5634,281.0634,283.46338
292.6634,292.6634,293.36337,292.46338,292.46338,292.36337,292.86337,292.86337,292.76337,292.1634,291.26337,288.86337,290.96338,289.86337,288.26337,290.46338,289.86337,288.96338,287.0634,289.6634,289.46338,289.36337,287.86337,287.0634,286.76337,286.46338,284.5634,286.86337,284.86337,284.76337,285.6634,282.6634,272.5634,259.0634,275.96338,282.5634,286.6634,288.1634,288.1634,285.76337,285.46338
291.46338,290.46338,291.96338,292.36337,292.46338,292.1634,293.26337,294.76337,293.76337,293.1634,291.76337,290.26337,290.5634,290.76337,289.6634,289.0634,290.6634,289.1634,289.6634,289.46338,288.76337,288.1634,287.0634,286.5634,285.36337,283.46338,283.96338,288.86337,286.0634,286.36337,284.46338,284.86337,282.1634,280.46338,278.5634,283.86337,271.86337,274.6634,281.86337,284.36337,283.26337
290.5634,289.76337,292.36337,292.26337,292.1634,292.86337,294.36337,295.6634,293.86337,292.6634,289.76337,289.5634,288.96338,288.86337,288.6634,289.86337,289.6634,290.0634,288.5634,288.0634,287.0634,287.46338,287.26337,286.76337,285.1634,285.0634,284.5634,285.86337,284.36337,283.46338,282.96338,282.76337,282.76337,282.76337,281.26337,279.36337,273.86337,269.1634,262.36337,267.1634,280.36337
289.96338,289.26337,292.36337,293.36337,294.36337,295.0634,296.96338,293.26337,291.96338,291.1634,289.46338,288.76337,287.86337,288.1634,288.6634,288.76337,288.46338,289.36337,288.6634,285.76337,285.36337,284.86337,284.86337,284.76337,283.26337,280.96338,281.1634,281.5634,280.36337,281.5634,281.26337,283.6634,282.86337,280.96338,279.46338,277.5634,278.26337,287.5634,278.0634,278.5634,276.36337
290.1634,290.5634,291.6634,291.26337,294.1634,293.86337,296.26337,295.0634,291.6634,289.86337,288.5634,288.0634,287.36337,287.96338,287.46338,287.86337,287.36337,286.96338,286.36337,285.5634,283.6634,282.96338,283.26337,282.6634,280.6634,281.46338,281.0634,281.5634,280.26337,279.96338,280.0634,281.26337,281.6634,281.26337,279.86337,274.36337,273.46338,273.36337,262.26337,262.5634,260.0634
289.46338,291.6634,291.76337,292.0634,292.86337,292.86337,292.36337,291.86337,290.6634,289.5634,288.36337,287.76337,288.0634,287.36337,286.96338,286.86337,286.36337,285.36337,284.96338,285.46338,284.26337,283.6634,284.36337,284.0634,283.26337,281.1634,283.1634,282.6634,282.26337,281.0634,280.76337,281.86337,283.0634,282.36337,281.1634,277.46338,273.1634,270.96338,268.86337,263.76337,264.46338
289.26337,289.46338,291.0634,290.76337,291.1634,291.6634,291.76337,294.36337,293.1634,288.5634,289.26337,290.6634,290.36337,290.0634,290.36337,290.5634,289.86337,289.5634,286.1634,285.6634,285.6634,284.96338,284.5634,284.46338,283.26337,282.26337,280.46338,282.46338,284.1634,284.86337,283.76337,283.0634,282.86337,282.26337,281.46338,279.26337,272.46338,267.26337,268.36337,267.46338,266.86337
286.26337,287.5634,288.76337,289.5634,290.1634,290.26337,289.36337,292.5634,292.26337,288.96338,285.26337,286.36337,289.76337,288.26337,288.46338,289.0634,288.46338,287.76337,288.36337,288.86337,287.46338,286.86337,286.46338,286.76337,285.76337,286.1634,285.36337,285.5634,285.36337,284.1634,282.1634,282.26337,282.1634,280.76337,280.36337,280.76337,279.0634,276.0634,273.5634,274.0634,272.6634
285.6634,286.26337,287.5634,287.36337,288.86337,289.46338,287.76337,287.76337,287.1634,286.26337,284.46338,284.1634,285.86337,284.76337,285.36337,285.46338,285.46338,287.0634,288.1634,287.1634,284.26337,283.36337,283.6634,283.5634,286.6634,286.86337,287.36337,286.1634,283.26337,282.0634,281.76337,281.86337,281.96338,281.0634,280.76337,280.36337,279.76337,279.5634,275.96338,275.1634,275.46338
285.1634,286.86337,287.5634,288.36337,287.36337,287.46338,287.26337,287.46338,287.76337,286.5634,284.46338,281.6634,282.5634,284.1634,285.76337,285.96338,286.0634,285.86337,285.6634,287.76337,288.0634,287.46338,287.46338,287.5634,287.86337,288.0634,286.26337,283.36337,281.86337,281.46338,280.86337,280.6634,280.0634,279.76337,279.86337,279.0634,278.1634,276.46338,276.1634,272.96338,273.46338
285.96338,288.0634,286.96338,287.6634,287.26337,286.46338,288.26337,286.5634,287.76337,286.26337,285.86337,283.6634,283.86337,284.0634,285.6634,286.26337,285.86337,285.26337,285.36337,285.6634,286.26337,286.6634,285.96338,285.26337,285.86337,286.76337,283.96338,282.1634,281.36337,280.26337,280.0634,281.6634,279.1634,279.36337,279.1634,279.0634,278.96338,276.5634,275.26337,273.1634,273.36337
