wind_kz.json
{"header": {"discipline":0,"disciplineName":"Meteorological products","gribEdition":2,"gribLength":871,"center":7,"centerName":"US National Weather Service - NCEP(WMC)","subcenter":0,"refTime":"2023-09-11T06:00:00.000Z","significanceOfRT":1,"significanceOfRTName":"Start of forecast","productStatus":0,"productStatusName":"Operational products","productType":1,"productTypeName":"Forecast products","productDefinitionTemplate":0,"productDefinitionTemplateName":"Analysis/forecast at horizontal level/layer at a point in time","parameterCategory":0,"parameterCategoryName":"UnknownDiscipline_0_Category_0","parameterNumber":0,"parameterNumberName":"UnknownParameter_D0_C0_0","parameterUnit":"Unknown","genProcessType":2,"genProcessTypeName":"Forecast","forecastTime":60,"surface1Type":1,"surface1TypeName":"Ground or water surface","surface1Value":0.0,"surface2Type":255,"surface2TypeName":"Missing","surface2Value":0.0,"gridDefinitionTemplate":0,"gridDefinitionTemplateName":"Latitude_Longitude","numberPoints":615,"shape":6,"shapeName":"Earth spherical with radius of 6,371,229.0 m","gridUnits":"degrees","resolution":48,"winds":"true","scanMode":64,"nx":41,"ny":15,"basicAngle":0,"lo1":47.0,"la1":41.0,"lo2":87.0,"la2":55.0,"dx":1.0,"dy":1.0}, "data":
[rows 0 to 14 of 15, columns 0 to 40 of 41]
290.2294,279.92938,287.2294,297.6294,297.42938,296.3294,295.6294,298.6294,294.8294,294.8294,294.92938,295.7294,294.6294,294.1294,294.1294,291.8294,292.5294,293.2294,291.8294,292.42938,294.2294,289.8294,289.0294,286.8294,289.8294,291.6294,287.92938,276.5294,275.92938,276.42938,276.0294,279.0294,289.8294,295.2294,295.6294,296.3294,296.8294,297.2294,297.7294,298.1294,297.0294
270.0294,286.5294,296.92938,297.0294,296.92938,295.2294,292.42938,291.6294,293.0294,293.8294,294.92938,292.6294,291.8294,291.6294,291.5294,290.1294,291.1294,291.1294,289.5294,289.2294,290.7294,290.42938,288.8294,283.3294,276.1294,276.0294,283.5294,276.8294,276.6294,273.2294,279.5294,271.92938,282.0294,256.8294,278.42938,292.42938,290.5294,296.1294,299.6294,291.0294,284.2294
288.6294,296.2294,297.1294,296.8294,294.8294,289.2294,290.8294,290.92938,289.92938,290.0294,290.5294,292.2294,292.0294,292.7294,292.3294,289.6294,288.5294,287.42938,287.5294,288.2294,292.3294,289.5294,290.5294,284.7294,286.5294,285.3294,287.6294,285.92938,284.42938,277.5294,273.8294,275.0294,279.0294,282.6294,282.2294,281.5294,274.2294,277.3294,277.6294,274.3294,274.1294
289.0294,295.5294,296.3294,295.7294,293.5294,289.0294,290.7294,289.3294,290.42938,291.1294,291.7294,291.6294,293.5294,292.92938,292.92938,293.7294,291.3294,287.92938,287.2294,287.0294,287.3294,284.6294,289.42938,289.2294,289.92938,290.92938,291.0294,287.92938,287.7294,288.92938,289.2294,287.2294,292.5294,287.42938,287.2294,285.7294,274.6294,273.6294,277.92938,284.92938,288.42938
293.2294,293.6294,294.5294,293.42938,292.6294,291.42938,291.0294,292.2294,292.2294,292.2294,292.7294,290.3294,292.6294,291.42938,289.92938,291.6294,292.1294,288.8294,285.3294,289.1294,289.1294,288.7294,288.0294,287.92938,288.0294,288.1294,287.0294,289.8294,287.0294,288.0294,293.1294,286.92938,279.7294,271.7294,280.6294,289.5294,291.7294,292.8294,291.7294,292.3294,292.8294
290.0294,288.8294,293.2294,292.5294,292.6294,291.92938,294.7294,293.8294,291.3294,290.7294,293.3294,292.6294,292.3294,292.7294,290.7294,289.1294,290.5294,289.8294,289.1294,288.7294,287.0294,286.6294,284.92938,285.0294,285.0294,284.2294,286.5294,290.8294,288.6294,289.3294,288.6294,290.1294,288.1294,285.5294,284.92938,290.1294,282.92938,285.0294,290.1294,291.8294,290.42938
288.7294,289.2294,291.1294,291.5294,291.0294,290.5294,293.42938,292.0294,292.7294,294.8294,292.2294,289.8294,291.0294,289.0294,291.0294,291.3294,288.6294,288.92938,287.5294,286.3294,284.92938,284.92938,285.42938,287.6294,282.1294,282.3294,282.2294,283.6294,284.6294,285.42938,287.92938,289.3294,287.7294,288.2294,286.42938,285.1294,282.42938,277.42938,275.92938,275.42938,286.8294
288.8294,286.42938,291.6294,291.0294,293.2294,292.5294,293.8294,291.2294,290.92938,290.6294,289.1294,289.6294,288.3294,288.5294,289.5294,290.42938,288.3294,288.2294,289.7294,284.6294,287.42938,287.3294,283.8294,283.2294,281.8294,279.42938,280.8294,283.1294,282.7294,284.8294,282.5294,286.42938,286.92938,284.1294,283.8294,284.7294,286.7294,289.2294,284.92938,286.2294,287.6294
286.1294,288.8294,290.2294,291.6294,292.42938,290.3294,292.2294,291.8294,289.8294,288.3294,286.42938,287.92938,286.0294,287.8294,288.0294,288.5294,287.1294,288.8294,287.7294,285.92938,284.6294,281.7294,281.5294,281.0294,278.92938,279.6294,278.5294,280.0294,279.8294,279.8294,281.0294,282.92938,284.2294,285.92938,287.5294,283.92938,282.42938,283.2294,272.0294,270.5294,271.42938
285.1294,285.7294,289.0294,288.3294,285.7294,289.1294,288.92938,288.5294,288.0294,285.7294,283.5294,285.7294,285.8294,286.0294,286.42938,284.8294,287.5294,287.6294,287.1294,286.5294,284.5294,282.3294,282.1294,280.6294,280.1294,281.8294,281.5294,281.6294,281.2294,281.5294,282.0294,283.92938,284.92938,285.42938,286.8294,284.5294,283.92938,279.8294,275.0294,274.7294,271.8294
286.0294,285.1294,287.0294,289.0294,288.8294,286.7294,285.92938,284.92938,282.92938,283.3294,285.5294,282.42938,284.3294,282.6294,282.6294,285.42938,285.5294,285.8294,283.5294,282.7294,282.6294,282.2294,281.3294,280.7294,280.1294,282.42938,281.0294,282.7294,283.42938,284.8294,285.8294,287.0294,285.92938,285.2294,285.7294,283.8294,281.3294,275.6294,274.8294,276.1294,274.6294
283.8294,286.92938,287.6294,285.1294,285.42938,285.8294,283.5294,285.5294,286.42938,286.3294,283.7294,279.92938,281.7294,283.2294,284.42938,284.7294,284.92938,285.1294,283.2294,284.92938,283.7294,283.2294,280.6294,281.0294,282.3294,282.1294,282.8294,283.92938,284.6294,283.3294,284.42938,284.5294,285.6294,284.42938,284.2294,284.6294,285.42938,284.0294,282.42938,282.3294,282.92938
281.6294,284.6294,284.42938,283.3294,286.2294,284.2294,284.8294,282.0294,284.92938,280.6294,282.8294,281.5294,283.92938,282.3294,282.2294,284.7294,284.7294,284.7294,285.0294,281.92938,283.8294,279.7294,282.42938,281.92938,282.8294,282.2294,283.7294,283.6294,284.42938,284.42938,284.42938,285.1294,285.2294,285.3294,284.8294,284.1294,284.92938,284.7294,284.1294,284.1294,281.5294
279.7294,281.7294,285.3294,283.2294,282.8294,281.8294,281.0294,284.92938,282.7294,284.92938,282.1294,278.42938,280.1294,280.1294,283.5294,284.92938,285.3294,285.0294,285.3294,284.92938,285.0294,284.92938,285.1294,284.8294,284.3294,284.3294,281.1294,283.2294,283.3294,282.3294,284.3294,284.2294,283.7294,283.8294,282.42938,282.6294,281.2294,280.92938,280.92938,281.92938,280.92938
282.42938,283.6294,288.6294,283.5294,283.42938,282.1294,286.6294,286.5294,282.8294,286.2294,282.1294,279.1294,279.42938,280.5294,281.5294,285.5294,285.92938,285.8294,286.7294,286.1294,286.0294,284.42938,285.6294,285.1294,284.7294,284.3294,279.42938,279.7294,281.8294,283.92938,284.3294,282.42938,282.8294,283.7294,283.5294,282.8294,281.8294,280.6294,281.5294,280.7294,282.0294
