wind_kz.json
{"header": {"discipline":0,"disciplineName":"Meteorological products","gribEdition":2,"gribLength":1102,"center":7,"centerName":"US National Weather Service - NCEP(WMC)","subcenter":0,"refTime":"2023-08-20T18:00:00.000Z","significanceOfRT":1,"significanceOfRTName":"Start of forecast","productStatus":0,"productStatusName":"Operational products","productType":1,"productTypeName":"Forecast products","productDefinitionTemplate":0,"productDefinitionTemplateName":"Analysis/forecast at horizontal level/layer at a point in time","parameterCategory":2,"parameterCategoryName":"UnknownDiscipline_0_Category_2","parameterNumber":2,"parameterNumberName":"UnknownParameter_D0_C2_2","parameterUnit":"Unknown","genProcessType":2,"genProcessTypeName":"Forecast","forecastTime":180,"surface1Type":103,"surface1TypeName":"Specified height level above ground","surface1Value":10.0,"surface2Type":255,"surface2TypeName":"Missing","surface2Value":0.0,"gridDefinitionTemplate":0,"gridDefinitionTemplateName":"Latitude_Longitude","numberPoints":615,"shape":6,"shapeName":"Earth spherical with radius of 6,371,229.0 m","gridUnits":"degrees","resolution":48,"winds":"true","scanMode":64,"nx":41,"ny":15,"basicAngle":0,"lo1":47.0,"la1":41.0,"lo2":87.0,"la2":55.0,"dx":1.0,"dy":1.0}, "data":
[rows 0 to 14 of 15, columns 0 to 40 of 41]
0.866485,1.226485,-0.613515,-3.063515,-5.333515,-7.313515,-7.763515,-8.163515,-9.503515,-7.883515,-7.123515,-6.723515,-6.213515,-5.443515,-4.373515,-3.463515,-1.303515,-1.253515,-0.32351503,1.166485,0.506485,-0.07351501,-0.313515,1.946485,-1.773515,-2.3735151,-0.29351503,3.516485,0.516485,1.886485,-0.683515,-0.08351502,-1.523515,0.796485,-2.933515,-4.323515,-4.933515,-6.183515,-6.833515,-6.7535152,-7.633515
0.576485,-0.563515,-7.123515,-6.613515,-8.083515,-6.643515,-6.643515,-7.843515,-7.143515,-6.923515,-6.323515,-5.943515,-4.463515,-3.363515,-2.523515,-1.213515,0.44648498,1.706485,2.486485,2.966485,4.126485,3.596485,3.816485,3.986485,2.186485,0.52648497,0.616485,2.336485,1.416485,2.1164849,1.946485,-1.673515,-2.053515,-1.423515,0.866485,-1.823515,-3.893515,-3.6235151,-0.833515,-5.183515,-7.303515
1.386485,-6.803515,-7.493515,-7.923515,-8.183515,-6.893515,-6.873515,-5.723515,-6.563515,-5.833515,-5.273515,-4.123515,-2.6235151,-1.873515,-0.823515,0.916485,2.1264849,2.106485,3.076485,5.046485,6.216485,7.736485,6.516485,8.156485,9.666485,6.446485,3.936485,-3.013515,-2.463515,-1.003515,1.666485,0.10648499,0.616485,1.176485,-2.683515,0.946485,0.816485,-0.993515,-2.6335151,-1.863515,-1.9435151
-6.183515,-6.143515,-5.983515,-7.043515,-5.853515,-5.623515,-4.943515,-4.183515,-3.953515,-4.383515,-3.503515,-2.923515,-4.113515,-2.713515,-1.773515,-1.733515,-1.253515,1.646485,4.316485,4.886485,5.636485,6.676485,6.826485,4.146485,6.166485,7.616485,6.116485,3.456485,3.166485,0.47648498,6.106485,4.286485,8.226485,11.036485,7.386485,5.106485,1.586485,-0.11351501,-2.003515,1.716485,4.616485
-5.743515,-6.423515,-5.583515,-5.273515,-3.923515,-4.373515,-2.533515,-2.263515,-1.873515,-0.833515,-0.943515,-1.673515,-0.553515,-1.5635151,-0.29351503,0.84648496,1.156485,3.716485,5.286485,4.726485,5.326485,5.736485,5.486485,5.566485,6.476485,7.606485,9.466485,6.326485,2.016485,1.336485,4.556485,5.846485,1.656485,0.566485,-1.893515,-0.14351502,11.566484,0.076484986,3.136485,3.8664849,2.516485
-3.953515,-3.503515,-2.6335151,-2.733515,-4.2535152,-3.793515,-2.113515,-0.753515,0.926485,1.836485,1.226485,0.706485,0.35648498,0.436485,1.476485,-0.42351502,1.116485,2.216485,1.386485,1.796485,4.346485,5.876485,7.126485,7.706485,8.006485,9.516485,8.796485,7.556485,8.816485,8.696485,4.436485,7.406485,8.526485,3.936485,0.496485,9.236485,6.236485,7.036485,11.106484,-1.5635151,-2.893515
-1.763515,-1.593515,-1.5635151,-2.213515,-1.9435151,-1.163515,-0.433515,0.956485,2.486485,2.3764849,1.206485,1.956485,0.35648498,0.696485,0.646485,1.776485,2.196485,2.716485,3.086485,4.236485,5.7464848,6.956485,8.166485,8.026485,8.416485,8.886485,8.316485,7.446485,8.666485,9.136485,10.256484,6.896485,7.236485,3.756485,5.406485,7.366485,-0.33351502,-0.72351503,1.266485,-3.033515,-2.1335151
0.926485,1.226485,1.076485,1.836485,3.276485,3.486485,2.726485,1.4364849,0.576485,1.026485,2.846485,3.446485,2.816485,3.766485,2.536485,3.1164849,3.066485,3.436485,3.806485,5.566485,7.316485,7.726485,6.606485,6.966485,6.876485,9.406485,7.786485,6.736485,7.986485,8.466485,3.576485,1.536485,2.446485,3.186485,8.766485,10.466484,6.056485,6.506485,9.086485,6.686485,1.656485
3.526485,4.066485,4.456485,2.976485,2.486485,2.386485,2.096485,2.556485,2.906485,3.286485,4.316485,5.026485,6.566485,5.426485,5.486485,4.456485,4.726485,4.626485,5.576485,6.056485,7.056485,7.046485,5.236485,6.296485,6.466485,6.026485,7.196485,6.706485,7.736485,6.376485,4.666485,4.366485,1.146485,0.636485,5.656485,5.226485,5.766485,0.496485,-0.693515,-1.453515,-2.443515
2.746485,3.3664849,4.286485,2.276485,3.446485,3.606485,4.616485,4.786485,5.596485,5.656485,5.606485,5.956485,6.466485,5.616485,5.956485,5.966485,6.846485,5.456485,5.7464848,6.226485,3.736485,5.436485,6.826485,3.796485,4.716485,4.766485,5.236485,6.306485,6.976485,7.156485,5.146485,1.886485,-0.693515,4.266485,5.836485,7.176485,2.386485,0.14648499,3.396485,0.866485,-1.013515
0.336485,3.156485,1.636485,0.516485,2.966485,4.686485,4.866485,5.036485,4.836485,3.576485,2.526485,3.096485,5.286485,6.136485,7.616485,7.436485,7.276485,5.806485,5.126485,3.576485,2.566485,1.956485,1.076485,2.536485,1.386485,2.636485,6.536485,6.566485,7.666485,7.656485,6.336485,5.656485,4.846485,6.066485,6.896485,5.826485,2.336485,1.226485,-0.383515,-1.223515,-0.53351504
0.256485,-0.11351501,-0.613515,0.47648498,-0.503515,-0.103515014,0.14648499,0.346485,-0.71351504,1.696485,0.84648496,4.756485,4.986485,5.116485,6.196485,6.946485,5.516485,6.106485,5.076485,5.036485,3.446485,3.806485,3.906485,3.326485,3.306485,5.656485,4.586485,6.916485,6.256485,6.596485,6.256485,6.466485,5.676485,4.516485,3.586485,3.786485,4.236485,6.986485,4.036485,3.046485,-1.573515
2.506485,3.636485,-2.863515,-0.853515,0.036484987,-1.733515,-1.593515,0.19648498,2.726485,1.8064849,2.286485,3.836485,5.556485,5.856485,3.546485,7.546485,4.426485,5.486485,4.076485,5.126485,2.656485,6.416485,2.986485,2.006485,2.656485,1.296485,3.656485,3.746485,-0.953515,1.396485,2.466485,3.886485,3.976485,-0.32351503,0.346485,-0.433515,-0.463515,3.216485,1.736485,-0.19351502,-2.183515
1.246485,0.016484985,-0.413515,0.20648499,0.256485,1.226485,1.4364849,0.90648496,2.3764849,3.006485,2.3764849,3.8664849,4.396485,4.816485,4.326485,3.076485,5.056485,4.926485,2.886485,4.386485,3.326485,4.936485,2.996485,1.736485,1.0664849,0.71648496,1.3164849,1.896485,-2.6235151,-2.863515,-1.583515,-3.1235151,-2.6235151,-3.353515,-3.723515,-3.913515,2.046485,0.826485,-2.033515,-1.873515,-2.233515
-1.323515,-1.153515,0.886485,-0.683515,-0.103515014,-0.763515,0.48648497,2.296485,3.896485,2.8764849,2.426485,4.826485,4.016485,3.716485,5.096485,3.286485,4.446485,3.476485,3.166485,3.036485,2.926485,2.136485,1.766485,0.316485,-1.073515,-0.35351503,0.576485,-0.15351501,-1.6935151,-2.013515,-4.823515,-5.023515,-5.2535152,-4.973515,-4.103515,-2.1335151,-0.22351502,-1.663515,-3.423515,-2.243515,-0.863515
