wind_kz.json
{"header": {"discipline":0,"disciplineName":"Meteorological products","gribEdition":2,"gribLength":871,"center":7,"centerName":"US National Weather Service - NCEP(WMC)","subcenter":0,"refTime":"2023-09-07T12:00:00.000Z","significanceOfRT":1,"significanceOfRTName":"Start of forecast","productStatus":0,"productStatusName":"Operational products","productType":1,"productTypeName":"Forecast products","productDefinitionTemplate":0,"productDefinitionTemplateName":"Analysis/forecast at horizontal level/layer at a point in time","parameterCategory":0,"parameterCategoryName":"UnknownDiscipline_0_Category_0","parameterNumber":0,"parameterNumberName":"UnknownParameter_D0_C0_0","parameterUnit":"Unknown","genProcessType":2,"genProcessTypeName":"Forecast","forecastTime":300,"surface1Type":1,"surface1TypeName":"Ground or water surface","surface1Value":0.0,"surface2Type":255,"surface2TypeName":"Missing","surface2Value":0.0,"gridDefinitionTemplate":0,"gridDefinitionTemplateName":"Latitude_Longitude","numberPoints":615,"shape":6,"shapeName":"Earth spherical with radius of 6,371,229.0 m","gridUnits":"degrees","resolution":48,"winds":"true","scanMode":64,"nx":41,"ny":15,"basicAngle":0,"lo1":47.0,"la1":41.0,"lo2":87.0,"la2":55.0,"dx":1.0,"dy":1.0}, "data":
[rows 0 to 14 of 15, columns 0 to 40 of 41]
293.1616,284.1616,286.6616,296.8616,297.1616,295.7616,294.7616,294.8616,292.7616,292.9616,291.8616,293.3616,292.8616,293.4616,291.9616,289.8616,290.06158,289.06158,289.06158,288.2616,290.2616,286.56158,284.7616,282.8616,284.4616,288.4616,286.2616,273.3616,272.1616,272.9616,272.7616,270.1616,283.6616,287.7616,287.06158,288.9616,290.6616,291.7616,292.06158,292.2616,289.7616
274.1616,286.8616,296.3616,296.56158,296.6616,294.9616,294.9616,293.3616,292.4616,291.4616,292.2616,293.06158,293.1616,291.3616,290.06158,290.9616,291.7616,292.2616,289.3616,288.3616,288.3616,287.6616,287.9616,281.56158,272.4616,272.2616,281.56158,272.06158,272.56158,270.2616,276.1616,268.8616,275.56158,253.9616,271.3616,286.4616,288.2616,289.3616,291.9616,284.8616,284.06158
285.56158,295.8616,296.8616,296.6616,294.2616,291.7616,291.4616,291.6616,291.56158,291.2616,291.56158,292.4616,291.1616,291.4616,291.3616,292.2616,291.1616,292.2616,291.3616,288.2616,291.7616,289.1616,288.8616,284.9616,285.2616,283.9616,284.7616,284.7616,284.8616,278.2616,271.7616,272.7616,276.2616,275.7616,277.8616,279.06158,271.3616,273.4616,275.8616,272.8616,274.2616
287.7616,295.4616,296.4616,295.56158,292.7616,291.1616,291.9616,289.8616,291.4616,292.1616,292.06158,291.6616,292.7616,292.1616,291.9616,292.3616,291.6616,290.6616,292.9616,290.3616,289.56158,284.8616,287.8616,287.9616,287.9616,288.6616,287.8616,286.7616,284.4616,283.3616,284.2616,284.1616,287.3616,284.7616,285.3616,283.4616,271.4616,270.4616,279.4616,286.2616,289.6616
290.06158,293.7616,294.8616,293.4616,291.3616,289.1616,290.7616,290.2616,289.6616,290.1616,290.1616,289.56158,291.8616,290.7616,289.1616,292.56158,292.7616,292.4616,290.56158,292.9616,292.8616,288.6616,286.7616,287.56158,287.7616,286.8616,286.1616,287.4616,285.06158,285.56158,286.9616,284.06158,276.9616,269.56158,277.4616,286.1616,290.1616,289.9616,289.7616,291.9616,291.9616
287.6616,286.2616,292.3616,292.1616,292.4616,291.9616,288.7616,290.2616,288.56158,288.2616,288.4616,288.6616,290.9616,291.7616,291.1616,290.8616,292.56158,293.1616,292.7616,293.1616,292.3616,290.8616,289.9616,287.9616,286.6616,285.7616,285.7616,290.1616,287.2616,286.8616,285.6616,286.9616,284.3616,285.1616,284.06158,287.6616,279.06158,281.8616,288.4616,290.4616,290.06158
286.06158,286.1616,288.8616,288.8616,289.1616,287.1616,287.3616,287.2616,287.1616,287.2616,286.06158,286.6616,287.06158,287.6616,288.2616,290.3616,292.06158,292.3616,291.8616,291.56158,291.7616,291.3616,289.9616,289.7616,287.8616,287.3616,284.4616,285.2616,284.3616,284.1616,283.7616,284.1616,284.7616,285.7616,285.7616,284.7616,280.6616,278.8616,275.1616,273.7616,284.9616
285.8616,285.3616,287.4616,288.2616,288.7616,288.06158,287.06158,286.06158,284.8616,285.1616,284.3616,284.7616,285.1616,286.6616,287.3616,288.3616,289.3616,290.6616,290.6616,288.6616,289.06158,289.2616,288.4616,288.56158,287.6616,285.06158,284.9616,283.9616,283.56158,283.56158,281.4616,281.8616,280.2616,278.8616,279.1616,281.3616,284.06158,288.4616,283.4616,283.9616,280.6616
284.4616,283.9616,284.9616,284.6616,286.8616,285.9616,284.56158,285.2616,283.7616,282.9616,282.2616,282.3616,282.56158,284.2616,284.7616,285.8616,286.7616,288.1616,287.8616,286.9616,285.1616,285.9616,287.6616,288.4616,284.4616,285.56158,283.6616,282.2616,281.56158,278.1616,280.06158,280.9616,281.3616,281.1616,279.7616,279.56158,281.8616,281.4616,270.56158,270.56158,269.1616
281.4616,283.3616,283.56158,283.4616,283.56158,283.4616,281.9616,282.9616,282.56158,281.1616,279.9616,279.9616,280.6616,281.56158,282.3616,283.3616,284.06158,286.7616,287.4616,286.06158,285.1616,285.2616,286.06158,286.3616,286.6616,285.9616,284.1616,282.8616,282.7616,281.8616,281.4616,283.7616,284.4616,283.9616,282.6616,281.56158,280.7616,276.6616,270.56158,272.6616,271.7616
283.6616,283.06158,283.1616,282.8616,282.3616,281.8616,281.4616,281.3616,281.1616,280.9616,279.9616,279.1616,280.2616,279.7616,280.06158,281.2616,282.06158,284.6616,284.7616,283.1616,285.7616,285.4616,283.3616,283.7616,284.9616,285.06158,282.9616,287.1616,283.8616,285.06158,285.6616,285.6616,284.8616,285.4616,284.9616,281.8616,278.3616,274.7616,273.6616,275.56158,273.4616
283.8616,285.56158,282.9616,282.3616,281.56158,280.8616,280.6616,280.56158,280.1616,279.1616,277.3616,277.2616,278.3616,277.9616,279.06158,280.06158,280.6616,281.56158,282.9616,282.6616,280.9616,280.3616,281.4616,284.1616,283.7616,282.6616,283.06158,286.56158,285.1616,287.8616,285.1616,285.56158,285.7616,283.4616,284.1616,282.8616,281.8616,281.06158,281.1616,280.1616,278.6616
284.56158,284.9616,285.8616,284.4616,282.9616,283.06158,282.3616,281.6616,280.2616,279.9616,274.2616,272.56158,276.4616,276.2616,277.3616,278.2616,278.6616,278.8616,281.1616,280.9616,280.9616,280.1616,278.8616,278.2616,282.8616,285.06158,286.1616,282.7616,282.8616,285.2616,284.6616,286.06158,285.56158,284.3616,283.7616,282.9616,281.6616,281.6616,280.1616,278.8616,278.8616
284.1616,285.1616,286.3616,281.9616,283.56158,282.9616,281.8616,281.2616,281.7616,280.3616,274.3616,271.6616,273.8616,276.3616,277.2616,277.56158,278.1616,280.7616,281.9616,281.8616,281.06158,282.6616,282.7616,281.8616,282.3616,283.8616,285.1616,284.8616,284.3616,282.1616,282.7616,285.56158,285.56158,285.3616,284.9616,282.06158,281.06158,280.3616,278.8616,278.1616,277.4616
283.1616,284.3616,287.6616,284.2616,283.4616,282.6616,282.7616,281.56158,277.2616,275.6616,275.1616,274.56158,276.56158,277.8616,278.8616,280.4616,280.9616,280.8616,281.9616,281.9616,282.3616,282.56158,282.8616,282.4616,281.4616,281.9616,282.9616,283.7616,283.8616,281.8616,282.06158,282.6616,281.6616,284.6616,284.7616,284.1616,282.8616,280.9616,282.2616,278.9616,277.8616
