wind_kz.json
{"header": {"discipline":0,"disciplineName":"Meteorological products","gribEdition":2,"gribLength":871,"center":7,"centerName":"US National Weather Service - NCEP(WMC)","subcenter":0,"refTime":"2023-09-26T12:00:00.000Z","significanceOfRT":1,"significanceOfRTName":"Start of forecast","productStatus":0,"productStatusName":"Operational products","productType":1,"productTypeName":"Forecast products","productDefinitionTemplate":0,"productDefinitionTemplateName":"Analysis/forecast at horizontal level/layer at a point in time","parameterCategory":0,"parameterCategoryName":"UnknownDiscipline_0_Category_0","parameterNumber":0,"parameterNumberName":"UnknownParameter_D0_C0_0","parameterUnit":"Unknown","genProcessType":2,"genProcessTypeName":"Forecast","forecastTime":60,"surface1Type":1,"surface1TypeName":"Ground or water surface","surface1Value":0.0,"surface2Type":255,"surface2TypeName":"Missing","surface2Value":0.0,"gridDefinitionTemplate":0,"gridDefinitionTemplateName":"Latitude_Longitude","numberPoints":615,"shape":6,"shapeName":"Earth spherical with radius of 6,371,229.0 m","gridUnits":"degrees","resolution":48,"winds":"true","scanMode":64,"nx":41,"ny":15,"basicAngle":0,"lo1":47.0,"la1":41.0,"lo2":87.0,"la2":55.0,"dx":1.0,"dy":1.0}, "data":
[rows 0 to 14 of 15, columns 0 to 40 of 41]
287.30002,280.60004,284.40002,293.7,293.7,292.90002,292.30002,292.60004,289.30002,289.40002,289.10004,290.2,290.90002,291.50003,289.10004,287.60004,287.50003,287.80002,286.7,287.80002,288.7,287.50003,290.00003,286.10004,287.90002,287.7,284.80002,272.30002,271.7,273.40002,271.90002,273.00003,281.60004,286.50003,288.90002,289.10004,288.00003,287.00003,287.7,287.7,286.10004
271.2,284.2,293.10004,293.40002,293.2,292.2,291.30002,289.90002,288.50003,289.30002,293.10004,292.7,290.00003,291.80002,288.80002,288.40002,286.00003,286.40002,285.90002,286.10004,288.10004,287.10004,286.30002,280.40002,272.7,273.90002,279.30002,273.90002,276.90002,272.2,277.60004,268.40002,275.40002,260.80002,272.10004,284.10004,282.60004,285.40002,288.10004,281.10004,283.7
286.00003,292.90002,293.40002,293.2,291.50003,290.00003,289.60004,288.80002,288.30002,288.7,287.50003,291.10004,287.10004,288.50003,292.10004,288.90002,284.00003,284.50003,284.10004,285.2,287.80002,287.2,286.10004,280.7,285.00003,285.2,286.50003,285.50003,287.2,279.7,272.2,274.30002,277.50003,276.30002,277.40002,277.30002,270.90002,272.10004,272.10004,269.40002,268.7
287.7,292.40002,293.2,292.7,291.10004,287.80002,289.10004,287.7,287.80002,287.40002,286.80002,286.10004,291.40002,290.7,287.90002,287.30002,288.7,284.60004,285.50003,284.90002,286.00003,280.90002,287.60004,287.50003,287.10004,288.00003,289.00003,286.80002,286.90002,288.30002,287.50003,285.40002,288.2,287.50003,284.90002,281.10004,270.7,264.30002,273.10004,278.80002,282.2
289.40002,292.2,293.2,292.40002,290.60004,288.10004,288.80002,287.30002,287.40002,287.10004,286.40002,285.80002,290.30002,289.00003,287.50003,287.2,289.30002,288.10004,286.30002,287.2,287.2,288.2,286.90002,286.7,287.30002,287.10004,285.90002,287.30002,288.10004,286.90002,287.40002,284.7,274.90002,268.2,275.00003,282.90002,288.00003,285.90002,285.2,284.7,284.7
288.10004,286.50003,291.40002,292.40002,292.30002,291.90002,287.40002,288.80002,286.80002,286.60004,287.30002,288.00003,289.60004,290.2,288.10004,286.80002,288.2,287.80002,286.80002,287.30002,287.40002,287.50003,290.2,287.00003,286.80002,284.7,285.00003,288.50003,287.60004,288.00003,286.10004,286.2,284.50003,282.7,280.60004,284.60004,276.50003,278.90002,281.60004,283.60004,282.60004
286.40002,285.50003,288.50003,288.2,288.30002,286.7,287.50003,286.90002,287.10004,287.40002,286.90002,287.90002,286.50003,286.90002,287.7,287.60004,285.90002,286.2,285.50003,285.90002,287.50003,287.60004,288.90002,287.2,287.80002,288.50003,287.80002,288.00003,284.00003,285.50003,285.2,283.90002,284.80002,283.90002,282.90002,281.2,277.2,274.2,269.00003,270.60004,277.80002
285.7,284.50003,286.40002,287.10004,287.7,287.40002,286.40002,285.10004,284.30002,285.2,285.00003,285.30002,285.2,285.60004,286.10004,286.10004,285.10004,285.00003,284.2,282.50003,284.30002,286.90002,286.7,286.80002,284.30002,284.00003,284.60004,285.2,285.00003,286.10004,283.60004,285.7,281.60004,280.60004,282.60004,278.10004,280.00003,287.00003,278.80002,277.90002,274.00003
284.30002,283.10004,284.00003,283.80002,285.50003,285.10004,283.7,284.00003,283.60004,282.80002,283.00003,283.00003,282.10004,282.80002,283.10004,283.90002,286.90002,283.10004,282.50003,281.7,280.80002,281.00003,281.90002,282.80002,281.40002,282.7,281.10004,281.40002,282.40002,281.60004,282.7,281.40002,281.60004,283.00003,280.2,279.10004,277.00003,277.10004,267.80002,264.30002,260.30002
281.50003,283.30002,283.50003,283.50003,283.80002,283.60004,282.80002,282.2,282.2,282.2,282.30002,282.60004,282.50003,282.10004,281.90002,282.7,282.80002,282.60004,285.60004,280.90002,280.00003,279.80002,281.10004,281.7,282.00003,281.80002,281.40002,281.10004,280.30002,280.00003,281.60004,283.2,284.2,283.40002,283.00003,281.10004,279.50003,275.2,270.40002,270.30002,264.40002
282.2,281.50003,282.90002,282.7,282.50003,282.30002,283.7,282.90002,282.90002,282.2,281.80002,281.7,281.90002,281.60004,281.30002,280.90002,281.60004,283.00003,286.30002,285.30002,284.10004,283.40002,282.60004,279.50003,279.30002,279.80002,279.7,282.30002,282.2,282.7,283.00003,283.2,282.30002,282.30002,281.60004,279.40002,277.7,275.60004,272.7,271.50003,271.2
280.60004,282.00003,282.30002,282.00003,282.00003,282.7,282.00003,281.80002,282.00003,282.90002,280.7,281.00003,282.00003,281.50003,283.40002,283.30002,284.30002,282.00003,285.40002,285.10004,283.90002,283.40002,280.40002,282.10004,281.7,283.2,282.90002,283.60004,283.2,283.00003,283.50003,282.50003,282.7,280.90002,280.60004,281.00003,280.90002,280.50003,280.2,278.50003,278.10004
281.30002,280.90002,282.60004,281.80002,282.90002,283.00003,282.7,283.00003,282.60004,281.90002,280.2,279.00003,282.10004,281.10004,283.10004,281.2,283.50003,283.7,281.7,283.60004,283.30002,282.10004,281.50003,280.50003,279.50003,280.7,283.7,283.7,284.10004,283.80002,283.2,282.7,282.2,281.7,281.30002,280.00003,280.10004,281.2,281.10004,281.2,279.50003
283.40002,283.60004,285.30002,284.00003,283.2,283.10004,283.30002,282.80002,283.50003,283.10004,280.30002,277.90002,278.30002,281.2,281.7,283.90002,283.7,283.60004,283.50003,280.90002,283.40002,282.90002,282.40002,282.2,282.50003,280.7,283.2,283.00003,282.80002,283.00003,283.00003,282.00003,281.10004,279.90002,280.2,278.50003,278.50003,279.7,280.60004,280.7,280.80002
283.00003,285.80002,286.40002,286.10004,285.50003,284.80002,284.90002,284.10004,284.60004,282.50003,282.00003,280.40002,280.80002,281.2,282.00003,283.80002,283.80002,283.7,283.40002,282.00003,279.7,279.60004,281.7,278.60004,280.80002,279.40002,281.60004,282.10004,280.2,281.90002,282.00003,282.60004,279.80002,279.40002,279.00003,277.40002,277.7,278.10004,279.7,280.60004,280.50003
