wind_kz.json
{"header": {"discipline":0,"disciplineName":"Meteorological products","gribEdition":2,"gribLength":1025,"center":7,"centerName":"US National Weather Service - NCEP(WMC)","subcenter":0,"refTime":"2023-10-05T12:00:00.000Z","significanceOfRT":1,"significanceOfRTName":"Start of forecast","productStatus":0,"productStatusName":"Operational products","productType":1,"productTypeName":"Forecast products","productDefinitionTemplate":0,"productDefinitionTemplateName":"Analysis/forecast at horizontal level/layer at a point in time","parameterCategory":2,"parameterCategoryName":"UnknownDiscipline_0_Category_2","parameterNumber":3,"parameterNumberName":"UnknownParameter_D0_C2_3","parameterUnit":"Unknown","genProcessType":2,"genProcessTypeName":"Forecast","forecastTime":0,"surface1Type":103,"surface1TypeName":"Specified height level above ground","surface1Value":10.0,"surface2Type":255,"surface2TypeName":"Missing","surface2Value":0.0,"gridDefinitionTemplate":0,"gridDefinitionTemplateName":"Latitude_Longitude","numberPoints":615,"shape":6,"shapeName":"Earth spherical with radius of 6,371,229.0 m","gridUnits":"degrees","resolution":48,"winds":"true","scanMode":64,"nx":41,"ny":15,"basicAngle":0,"lo1":47.0,"la1":41.0,"lo2":87.0,"la2":55.0,"dx":1.0,"dy":1.0}, "data":
[rows 0 to 14 of 15, columns 0 to 40 of 41]
1.9700806,1.3200805,-3.5099194,-6.3999195,-7.3499193,-7.2799196,-8.469919,-6.469919,-0.52991945,-1.1899195,-0.6299194,3.8400805,2.9800806,0.84008056,-2.3299193,-0.90991944,-1.5499195,-1.3699194,-2.3099194,-3.9099195,-3.0899193,-5.699919,-3.0199194,2.3200805,2.0100806,0.32008058,0.28008056,1.0000806,-1.5799195,-0.76991946,-1.1099194,-2.8199193,-1.6699195,-0.9999194,1.0600805,-0.6799194,1.5600805,-0.97991943,-1.3099195,-1.3299195,-0.9999194
-3.2399194,-1.4699194,-3.6399195,-6.8799195,-7.5599194,-6.1399193,-8.679919,-4.6799192,-1.4199195,-0.71991944,0.26008058,-3.0699193,-0.7599194,1.9800806,-0.91991943,-2.4099195,-1.6499194,-0.8699194,2.5200806,0.050080568,-2.9199195,-4.3899193,-5.2099195,-1.9999194,2.0800805,2.4400806,0.44008055,0.8200806,-0.59991944,0.8100806,-0.19991943,-1.0099194,-0.57991946,-1.7699194,0.020080566,0.7600806,2.2300806,0.33008057,-0.8199194,1.0900806,-0.5499194
-6.0699196,0.67008054,-3.6599195,-5.969919,-6.5899196,-5.7999196,-7.1299195,-9.19992,-2.7799194,1.1500806,1.8200805,1.4900806,-1.2299194,-1.6399194,-2.6999195,-3.4899194,-3.1999195,-3.2799194,-2.7499194,-1.3799194,-0.41991943,-0.59991944,-3.3799195,-1.5299194,-2.4399195,-1.1599194,-1.6599194,-2.4599195,-1.2999195,-1.6699195,-0.46991944,-0.83991945,-1.8699194,1.3000805,-0.69991946,-0.9399194,-1.0099194,-3.5699193,-1.1599194,0.22008057,0.6300806
-3.3499193,-5.2999196,-4.8499193,-4.6499195,-5.4799194,-3.7799194,-6.1699195,-10.559919,6.3300805,2.1900806,0.020080566,-1.9999194,-3.4899194,-5.1399193,-3.4799194,-2.4699194,-2.8799195,-3.8799195,-4.719919,-0.8099194,0.6200806,0.55008054,0.80008054,-1.2699194,-1.8599194,-2.3699195,-3.7499194,-4.1699195,-1.7499194,-3.1599195,-2.1899195,0.5700806,1.8900806,-0.15991944,-1.0799195,0.44008055,0.6800806,2.5000806,-0.95991945,-0.43991944,-1.5599195
-3.4799194,0.33008057,-1.1999195,-3.3799195,-3.8299193,0.25008056,-1.1899195,-5.8899193,-9.379919,1.8000805,1.3200805,0.79008055,-0.7399194,-3.4799194,-3.8099194,-1.9099194,-2.4699194,-3.3099194,-2.4099195,-1.5499195,-0.77991945,0.44008055,-0.029919434,-1.1299194,-0.46991944,-2.0099194,-3.6699195,-2.2799194,-2.4199195,-2.9099195,-3.6499195,-3.5699193,1.1700805,1.9900806,0.22008057,0.91008055,0.010080567,-2.2799194,-2.0599194,-0.7999194,-1.5499195
-1.6899195,-1.8599194,5.5400805,1.2300806,-2.4599195,3.3800805,0.53008056,-4.2399197,-7.8999195,-1.2099195,1.1100806,1.4700806,0.31008056,-3.1099195,-6.0399194,-2.3999195,-2.1299195,-1.5199194,-0.9399194,-1.2699194,-1.6899195,-1.2399194,-0.28991944,-0.049919434,0.48008057,0.060080566,-1.3999194,-6.0199194,-2.0099194,-2.6799195,-3.1199195,-4.3599195,-2.4099195,-3.8599195,-1.0499195,2.2000806,0.11008057,2.3900805,1.1900805,0.13008057,-1.6399194
-1.0099194,-0.41991943,0.97008055,0.59008056,2.3400805,1.4800806,5.8400807,2.7600806,-1.5699195,-1.4799194,-1.2299194,1.2300806,0.7000806,-0.7999194,-1.7599194,-2.6799195,-2.2499194,-1.4599195,-0.94991946,0.15008056,-0.05991943,-0.46991944,-0.64991945,-0.46991944,-0.06991944,0.42008057,0.38008058,-0.6899194,-2.4299195,-2.6399195,-2.9099195,-2.5199194,-2.1099195,-2.0099194,-1.0599195,-0.44991943,0.6300806,1.4600806,-0.21991943,2.0000806,-1.0899194
0.040080566,0.100080565,0.39008057,0.7400806,1.2000805,-0.029919434,-0.27991945,8.120081,4.6400805,3.8000805,0.8200806,2.6700807,0.72008055,-0.20991944,-1.6299194,-1.9199195,-2.8799195,-2.0899193,-1.3799194,0.040080566,0.11008057,-0.15991944,-0.34991944,-0.12991944,0.13008057,0.7000806,0.37008056,-0.64991945,-0.59991944,-2.6399195,-2.2899194,-3.2899194,-1.8599194,-3.5299194,-2.0099194,-0.59991944,-0.9899194,-0.90991944,-0.12991944,-0.079919435,0.39008057
1.0800805,1.6100806,1.3200805,1.0800805,2.8100805,0.49008057,0.46008056,2.4500806,1.2500806,3.6600807,2.9700806,2.6300805,1.6300806,1.3200805,-0.35991943,-0.97991943,-1.2399194,-1.7099195,-1.3399194,-1.0299194,0.5000806,-0.16991943,-1.2399194,-0.06991944,1.1900805,0.6400806,0.6400806,-1.2399194,-1.3399194,-1.2499194,-1.9999194,-2.9399195,-2.6399195,-3.0799193,-3.1799195,-0.40991944,1.0500805,-1.2199194,0.8100806,0.060080566,-1.5399194
1.7100806,1.5500805,2.4000807,1.8700806,4.1800804,1.8900806,2.3200805,3.5700805,4.6500807,2.6300805,0.41008055,-0.6899194,-1.9699194,3.1200805,2.2600806,0.96008056,-0.029919434,-0.6199194,-1.2699194,-1.1199194,-0.08991943,0.49008057,-0.019919433,-0.14991944,0.6300806,0.9500806,-0.42991942,-0.6299194,-0.8099194,-0.22991943,-2.1699195,-1.1499194,-1.0899194,-0.8599194,-1.7699194,-1.6299194,-0.95991945,0.050080568,0.26008058,1.2700806,1.9500805
0.8200806,2.1200805,1.5100806,2.6900806,2.6200805,4.0000806,3.0400805,5.1200805,0.73008054,7.9400806,7.7600803,4.3800807,1.8200805,2.4800806,2.5800805,1.8400806,1.7600806,1.7100806,1.2900805,0.48008057,0.27008057,-0.35991943,0.28008056,-0.16991943,0.040080566,-0.72991943,-0.06991944,-0.7499194,-0.88991946,-1.5599195,-1.0899194,-0.26991943,0.5600806,-0.15991944,-0.72991943,-1.4699194,-0.97991943,-1.0099194,-1.3699194,-0.7599194,0.010080567
2.3600805,2.2700806,1.7200806,1.5800805,2.7500806,3.9900806,3.6500807,4.9000807,4.1600804,3.9800806,1.9900806,1.5600805,1.8100805,2.5700805,2.0600805,0.45008057,2.1400805,2.3900805,2.4400806,2.1700807,1.4900806,1.4800806,1.0100806,1.0900806,1.0200806,1.1500806,0.8900806,-0.26991943,-0.77991945,-0.27991945,-0.76991946,-1.1699195,-0.40991944,1.2700806,0.47008055,1.5600805,-0.31991944,-1.7199194,-0.51991946,-0.46991944,-0.82991946
0.9300806,4.9200807,4.0200806,1.3900806,1.1500806,1.6200806,3.0600805,2.2800806,5.1000805,4.1600804,3.1400805,2.2500806,2.6500807,3.4800806,3.9300807,4.5400805,3.0000806,2.5600805,3.4700806,2.0400805,3.1300805,2.5500805,2.4800806,2.0600805,2.2400806,2.1700807,1.7000805,1.4900806,0.5700806,0.060080566,0.45008057,0.54008055,0.100080565,0.27008057,0.8200806,1.3900806,1.7300806,1.3600806,1.7400806,1.4800806,0.48008057
-0.35991943,0.85008055,4.0400805,4.5200806,2.0200806,1.3300805,2.1500807,1.9900806,2.3300805,4.9900804,2.7900805,1.7600806,3.0000806,4.9400806,3.9500806,3.1300805,2.4100807,2.9200807,3.1800807,2.9500806,3.2500806,3.2300806,3.1200805,2.8100805,2.5100806,2.0000806,1.9100806,1.8100805,2.6000805,1.7400806,1.6500806,1.5700805,2.2100806,1.2300806,1.0200806,1.6000806,1.7500806,1.7900805,1.8300805,1.7500806,2.3100805
0.7500806,0.5100806,4.2600803,3.7100806,4.0200806,3.5500805,3.2200806,-2.3399193,2.3900805,2.2100806,1.7600806,2.9100807,1.8100805,1.3100805,3.1100805,3.4900806,2.4100807,3.2700806,3.4200807,3.7000806,3.5600805,3.3100805,3.4700806,3.1100805,3.0800805,3.0800805,2.8800805,2.5100806,2.1100805,3.0800805,2.7800806,2.8800805,2.4800806,2.4300807,2.2400806,2.1700807,2.1600807,2.4400806,3.0400805,2.8800805,2.0400805
