wind_kz.json
{"header": {"discipline":0,"disciplineName":"Meteorological products","gribEdition":2,"gribLength":871,"center":7,"centerName":"US National Weather Service - NCEP(WMC)","subcenter":0,"refTime":"2025-04-05T06:00:00.000Z","significanceOfRT":1,"significanceOfRTName":"Start of forecast","productStatus":0,"productStatusName":"Operational products","productType":1,"productTypeName":"Forecast products","productDefinitionTemplate":0,"productDefinitionTemplateName":"Analysis/forecast at horizontal level/layer at a point in time","parameterCategory":0,"parameterCategoryName":"UnknownDiscipline_0_Category_0","parameterNumber":0,"parameterNumberName":"UnknownParameter_D0_C0_0","parameterUnit":"Unknown","genProcessType":2,"genProcessTypeName":"Forecast","forecastTime":240,"surface1Type":1,"surface1TypeName":"Ground or water surface","surface1Value":0.0,"surface2Type":255,"surface2TypeName":"Missing","surface2Value":0.0,"gridDefinitionTemplate":0,"gridDefinitionTemplateName":"Latitude_Longitude","numberPoints":615,"shape":6,"shapeName":"Earth spherical with radius of 6,371,229.0 m","gridUnits":"degrees","resolution":48,"winds":"true","scanMode":64,"nx":41,"ny":15,"basicAngle":0,"lo1":47.0,"la1":41.0,"lo2":87.0,"la2":55.0,"dx":1.0,"dy":1.0}, "data":
[rows 0 to 14 of 15, columns 0 to 40 of 41]
292.89124,278.99124,283.09125,282.79123,283.49124,284.09125,291.89124,302.89124,301.79123,302.69122,304.69122,304.39124,305.89124,308.09125,307.99124,306.99124,303.09125,309.09125,308.49124,297.09125,299.29123,305.29123,308.69122,303.89124,309.89124,313.89124,307.49124,298.29123,295.79123,289.19122,291.89124,284.89124,307.59125,315.39124,313.89124,315.79123,315.39124,314.69122,312.79123,316.29123,316.49124
265.89124,285.29123,282.29123,282.39124,282.99124,283.29123,296.09125,299.59125,300.59125,299.89124,301.89124,303.79123,307.49124,308.49124,306.29123,304.19122,299.69122,309.29123,305.59125,297.39124,296.49124,298.39124,301.09125,296.19122,286.79123,294.79123,303.89124,299.69122,305.09125,295.69122,299.09125,273.69122,301.29123,269.39124,273.19122,309.19122,310.19122,314.69122,316.29123,313.99124,281.89124
289.69122,281.19122,281.99124,282.39124,282.39124,286.69122,291.99124,297.59125,296.39124,296.79123,295.39124,300.49124,305.69122,308.39124,304.59125,302.29123,297.89124,305.19122,304.99124,300.59125,298.19122,297.89124,301.69122,297.79123,307.59125,306.29123,307.39124,308.39124,308.99124,301.79123,290.29123,299.89124,304.19122,305.29123,306.59125,303.29123,296.49124,285.89124,298.69122,296.49124,284.89124
288.39124,281.89124,280.89124,281.99124,282.59125,287.89124,291.29123,293.39124,298.49124,297.19122,297.49124,297.19122,286.29123,286.99124,301.99124,302.79123,302.69122,303.89124,306.19122,305.89124,308.19122,297.89124,299.09125,303.59125,305.29123,307.19122,312.09125,307.69122,314.49124,309.69122,308.39124,308.99124,313.19122,314.79123,310.99124,307.89124,297.59125,275.39124,302.59125,309.49124,314.49124
286.99124,282.59125,282.19122,282.89124,282.89124,290.39124,291.49124,295.29123,295.39124,296.99124,298.19122,298.69122,285.19122,284.69122,282.09125,302.19122,304.59125,304.79123,306.69122,307.79123,305.39124,302.89124,308.39124,305.49124,306.29123,310.59125,308.29123,301.99124,315.29123,313.49124,316.29123,312.99124,301.39124,273.99124,304.29123,313.09125,301.69122,313.89124,311.59125,311.09125,309.39124
281.69122,287.29123,283.19122,282.49124,281.59125,281.29123,294.99124,296.99124,296.09125,297.29123,296.99124,296.69122,285.19122,283.69122,286.69122,302.89124,302.29123,305.29123,303.69122,306.59125,306.49124,306.59125,306.89124,301.29123,301.49124,310.09125,311.29123,273.09125,312.39124,310.59125,313.09125,311.89124,316.29123,312.09125,308.39124,302.39124,302.69122,305.19122,313.09125,313.59125,312.09125
281.89124,283.29123,285.09125,287.29123,287.59125,294.89124,294.99124,297.49124,292.99124,296.19122,295.39124,296.09125,296.99124,297.49124,300.29123,301.79123,302.79123,301.59125,303.59125,303.79123,304.49124,306.09125,304.09125,301.49124,297.79123,304.59125,307.49124,305.19122,307.19122,309.29123,311.59125,312.99124,314.99124,310.19122,307.89124,308.59125,303.19122,302.99124,300.49124,300.29123,308.89124
284.19122,284.69122,284.79123,291.39124,296.09125,297.49124,292.89124,286.69122,287.19122,294.39124,295.29123,293.39124,294.09125,297.49124,298.89124,300.79123,302.39124,295.39124,299.49124,300.89124,299.69122,304.99124,305.59125,300.89124,295.69122,301.29123,300.99124,306.09125,304.49124,305.49124,307.19122,311.69122,307.99124,304.39124,307.39124,311.29123,310.69122,273.09125,309.99124,307.39124,306.89124
289.99124,287.39124,286.19122,289.39124,291.49124,292.89124,291.19122,290.99124,291.29123,286.49124,280.49124,280.69122,281.19122,289.49124,290.79123,294.49124,283.99124,286.79123,296.09125,292.99124,287.49124,297.29123,301.09125,301.29123,294.29123,295.99124,294.09125,299.09125,303.79123,303.09125,302.89124,304.59125,306.99124,308.59125,308.89124,301.69122,302.99124,303.79123,274.19122,293.69122,280.19122
289.99124,288.69122,288.99124,289.09125,287.99124,289.29123,288.99124,285.29123,284.49124,284.29123,282.79123,283.29123,284.49124,285.49124,288.19122,287.69122,290.29123,289.09125,286.09125,284.89124,287.89124,291.69122,300.99124,301.59125,298.59125,298.19122,294.69122,297.49124,300.99124,302.49124,307.99124,309.19122,309.39124,307.49124,304.59125,302.89124,299.29123,299.29123,298.89124,299.09125,294.99124
289.09125,289.99124,288.89124,288.19122,287.69122,287.69122,288.49124,288.39124,286.99124,285.89124,283.19122,280.69122,281.19122,279.99124,279.89124,280.89124,282.69122,285.29123,290.89124,285.09125,283.59125,284.29123,291.99124,295.49124,288.89124,294.99124,293.69122,299.39124,300.59125,298.09125,304.29123,307.49124,304.29123,301.99124,306.69122,301.69122,297.19122,298.39124,297.19122,294.59125,294.99124
285.89124,285.89124,286.89124,286.59125,286.89124,287.49124,287.39124,287.19122,288.59125,287.39124,284.39124,283.79123,284.89124,278.89124,278.89124,279.79123,280.29123,279.59125,281.09125,282.79123,284.69122,287.59125,292.29123,286.59125,288.89124,287.09125,290.59125,291.09125,293.59125,295.99124,297.39124,302.39124,302.89124,302.29123,302.19122,300.19122,298.59125,299.29123,297.39124,299.39124,299.79123
282.09125,284.59125,286.29123,286.89124,284.99124,284.49124,285.19122,285.69122,287.39124,287.49124,283.99124,283.19122,285.19122,284.19122,283.49124,278.89124,278.99124,278.89124,280.39124,278.39124,279.19122,280.39124,282.29123,282.79123,291.59125,289.39124,290.79123,296.29123,297.29123,297.99124,295.19122,298.39124,296.39124,300.49124,298.99124,297.39124,300.19122,298.29123,296.69122,298.79123,295.69122
283.09125,282.69122,278.59125,284.09125,284.09125,284.29123,283.89124,281.79123,279.39124,280.89124,281.39124,281.89124,277.29123,279.39124,278.09125,278.59125,279.39124,279.69122,279.29123,278.89124,279.79123,279.09125,279.49124,281.09125,282.99124,284.89124,286.59125,293.19122,293.99124,291.59125,295.09125,292.99124,293.49124,294.59125,297.19122,295.99124,296.49124,296.99124,297.19122,295.49124,297.89124
281.59125,283.29123,273.19122,283.29123,283.29123,282.99124,282.09125,283.39124,282.09125,280.69122,279.49124,277.69122,276.59125,278.59125,279.59125,281.09125,280.19122,278.89124,280.19122,279.49124,278.69122,278.79123,278.99124,278.59125,278.79123,280.89124,284.89124,283.09125,283.79123,289.19122,290.89124,283.09125,293.79123,294.49124,294.19122,293.19122,294.29123,293.69122,295.19122,295.49124,292.89124
