wind_kz.json
{"header": {"discipline":0,"disciplineName":"Meteorological products","gribEdition":2,"gribLength":871,"center":7,"centerName":"US National Weather Service - NCEP(WMC)","subcenter":0,"refTime":"2023-09-29T18:00:00.000Z","significanceOfRT":1,"significanceOfRTName":"Start of forecast","productStatus":0,"productStatusName":"Operational products","productType":1,"productTypeName":"Forecast products","productDefinitionTemplate":0,"productDefinitionTemplateName":"Analysis/forecast at horizontal level/layer at a point in time","parameterCategory":0,"parameterCategoryName":"UnknownDiscipline_0_Category_0","parameterNumber":0,"parameterNumberName":"UnknownParameter_D0_C0_0","parameterUnit":"Unknown","genProcessType":2,"genProcessTypeName":"Forecast","forecastTime":0,"surface1Type":1,"surface1TypeName":"Ground or water surface","surface1Value":0.0,"surface2Type":255,"surface2TypeName":"Missing","surface2Value":0.0,"gridDefinitionTemplate":0,"gridDefinitionTemplateName":"Latitude_Longitude","numberPoints":615,"shape":6,"shapeName":"Earth spherical with radius of 6,371,229.0 m","gridUnits":"degrees","resolution":48,"winds":"true","scanMode":64,"nx":41,"ny":15,"basicAngle":0,"lo1":47.0,"la1":41.0,"lo2":87.0,"la2":55.0,"dx":1.0,"dy":1.0}, "data":
[rows 0 to 14 of 15, columns 0 to 40 of 41]
290.831,281.93097,285.731,295.13098,294.53098,293.231,293.63098,294.331,291.43097,288.53098,289.831,290.03098,290.331,290.63098,290.53098,289.831,288.43097,292.03098,291.93097,290.731,291.93097,289.53098,287.731,283.731,289.731,291.03098,285.831,272.53098,273.831,273.53098,273.93097,274.53098,283.13098,288.93097,290.731,291.231,289.03098,290.03098,290.93097,290.93097,289.231
273.63098,285.731,294.731,294.63098,294.53098,292.831,291.93097,290.43097,289.231,289.231,290.53098,290.43097,290.13098,289.231,289.53098,288.13098,286.331,286.43097,287.53098,287.731,287.231,289.231,286.331,278.831,271.731,273.43097,278.731,272.331,276.331,270.13098,276.63098,267.331,276.331,259.53098,273.331,286.53098,286.831,288.53098,291.231,283.831,283.731
288.231,294.13098,294.43097,293.63098,291.93097,290.53098,290.03098,289.53098,288.13098,287.831,288.43097,288.331,286.93097,288.231,291.03098,290.53098,290.93097,285.03098,288.13098,286.43097,287.331,287.93097,287.03098,281.831,285.231,284.731,287.231,286.43097,285.03098,279.231,270.63098,274.63098,280.43097,280.93097,281.53098,282.03098,274.63098,276.53098,278.13098,272.63098,270.331
287.53098,293.43097,294.03098,292.93097,291.331,288.93097,290.231,288.831,288.331,288.43097,288.731,287.331,291.13098,290.43097,290.43097,289.43097,290.231,289.43097,288.43097,286.43097,285.53098,281.331,287.63098,287.731,288.03098,289.03098,289.03098,286.93097,287.93097,286.831,287.53098,286.831,290.331,287.731,288.13098,282.53098,275.13098,266.93097,277.03098,283.53098,286.231
290.13098,293.13098,293.63098,292.63098,290.831,287.731,289.231,288.93097,288.53098,288.731,289.43097,287.43097,290.13098,289.03098,287.53098,291.331,292.93097,291.03098,286.13098,288.731,287.831,287.63098,286.53098,287.13098,286.731,287.03098,286.731,288.53098,286.93097,287.331,289.53098,287.331,275.731,267.03098,277.831,286.731,288.731,288.43097,289.43097,289.53098,289.03098
291.231,288.731,292.13098,293.231,293.03098,292.53098,288.63098,290.13098,288.43097,288.63098,289.731,290.93097,289.831,289.831,289.43097,287.731,289.731,288.03098,288.231,288.63098,287.231,286.63098,286.13098,286.13098,285.831,284.93097,286.53098,289.13098,289.63098,290.03098,288.13098,290.231,288.53098,287.231,285.831,289.731,282.53098,283.93097,286.731,289.231,287.43097
290.13098,288.93097,292.03098,291.63098,290.63098,288.53098,289.43097,288.53098,289.03098,289.231,288.231,289.53098,291.63098,290.43097,288.13098,289.831,288.63098,289.13098,287.231,287.43097,287.13098,289.03098,286.731,289.03098,285.53098,286.13098,286.03098,286.53098,287.63098,288.231,287.43097,287.93097,288.93097,288.331,286.93097,285.63098,282.93097,280.331,274.731,273.731,283.331
289.831,288.331,287.331,290.63098,291.13098,290.13098,288.53098,287.03098,286.231,286.43097,286.13098,286.53098,289.731,289.831,290.63098,289.331,287.13098,288.93097,287.43097,285.231,285.831,287.43097,285.13098,283.93097,286.13098,281.831,282.43097,283.331,283.63098,285.731,286.03098,286.93097,286.13098,283.13098,282.831,283.03098,284.63098,286.63098,283.231,282.43097,279.831
287.63098,288.231,289.03098,287.731,289.231,288.43097,286.731,286.731,288.03098,286.53098,283.731,283.63098,284.13098,286.63098,286.63098,287.231,287.53098,286.331,286.43097,284.831,283.13098,284.63098,286.03098,282.731,283.53098,281.53098,280.63098,280.53098,281.43097,280.731,281.13098,282.43097,284.231,284.03098,283.231,280.731,280.53098,280.53098,269.53098,268.831,263.93097
288.43097,289.43097,289.93097,291.53098,291.53098,291.03098,287.831,288.63098,288.53098,285.231,283.03098,283.03098,285.13098,284.93097,286.731,284.731,287.731,284.03098,286.231,285.231,286.03098,285.43097,285.93097,285.831,283.831,283.53098,284.43097,284.53098,281.53098,282.231,282.43097,282.831,283.731,283.03098,282.43097,282.231,281.231,278.13098,273.331,272.731,267.63098
287.53098,287.63098,287.43097,287.13098,286.63098,287.731,286.13098,285.231,287.231,286.53098,284.03098,285.03098,286.831,285.731,283.231,285.03098,283.03098,286.331,286.331,285.13098,284.331,284.93097,285.13098,285.231,284.53098,284.331,283.63098,281.53098,285.231,285.93097,285.831,285.231,283.13098,284.63098,283.731,281.731,279.231,276.43097,276.03098,276.831,272.43097
285.231,287.731,289.03098,288.43097,285.331,285.63098,282.93097,281.93097,281.731,283.731,284.03098,283.93097,285.63098,284.63098,284.831,285.231,283.13098,284.63098,285.03098,285.13098,282.93097,283.53098,282.831,283.93097,281.831,284.03098,284.53098,282.63098,286.13098,286.53098,284.53098,284.03098,285.63098,282.93097,281.331,283.43097,283.231,282.53098,281.63098,281.03098,279.53098
284.231,287.231,288.231,287.63098,286.93097,286.831,286.53098,283.03098,284.331,282.63098,279.43097,280.63098,282.731,282.93097,284.13098,284.231,282.93097,283.331,284.231,283.43097,283.03098,281.231,280.331,281.63098,283.731,283.93097,283.231,283.831,282.93097,284.731,285.43097,284.231,283.43097,282.43097,283.831,283.331,282.53098,282.93097,281.13098,281.231,280.53098
288.831,288.231,287.03098,287.831,287.43097,282.63098,281.43097,281.63098,282.13098,284.03098,281.731,280.03098,280.331,283.03098,283.53098,283.831,283.331,283.331,283.231,284.231,283.831,283.03098,284.331,283.43097,282.231,280.831,280.03098,280.93097,281.63098,280.93097,284.13098,283.731,281.731,278.831,279.231,277.831,278.331,279.831,277.93097,277.63098,277.831
283.831,284.53098,285.831,283.63098,286.93097,285.331,285.53098,281.831,281.731,281.03098,280.731,281.93097,280.93097,281.831,281.63098,283.231,282.93097,281.831,283.831,283.43097,284.731,284.331,282.53098,281.13098,280.731,279.93097,280.03098,281.63098,282.331,279.13098,279.231,281.63098,278.831,278.13098,278.03098,278.331,278.63098,278.231,277.63098,278.43097,280.13098
