wind_kz.json
{"header": {"discipline":0,"disciplineName":"Meteorological products","gribEdition":2,"gribLength":1025,"center":7,"centerName":"US National Weather Service - NCEP(WMC)","subcenter":0,"refTime":"2023-08-07T00:00:00.000Z","significanceOfRT":1,"significanceOfRTName":"Start of forecast","productStatus":0,"productStatusName":"Operational products","productType":1,"productTypeName":"Forecast products","productDefinitionTemplate":0,"productDefinitionTemplateName":"Analysis/forecast at horizontal level/layer at a point in time","parameterCategory":2,"parameterCategoryName":"UnknownDiscipline_0_Category_2","parameterNumber":3,"parameterNumberName":"UnknownParameter_D0_C2_3","parameterUnit":"Unknown","genProcessType":2,"genProcessTypeName":"Forecast","forecastTime":0,"surface1Type":103,"surface1TypeName":"Specified height level above ground","surface1Value":10.0,"surface2Type":255,"surface2TypeName":"Missing","surface2Value":0.0,"gridDefinitionTemplate":0,"gridDefinitionTemplateName":"Latitude_Longitude","numberPoints":615,"shape":6,"shapeName":"Earth spherical with radius of 6,371,229.0 m","gridUnits":"degrees","resolution":48,"winds":"true","scanMode":64,"nx":41,"ny":15,"basicAngle":0,"lo1":47.0,"la1":41.0,"lo2":87.0,"la2":55.0,"dx":1.0,"dy":1.0}, "data":
[rows 0 to 14 of 15, columns 0 to 40 of 41]
-0.7000879,-2.7100878,3.0699122,4.259912,-0.02008789,-1.8800879,0.6099121,1.6099122,-0.7700879,-1.0400879,-1.3500879,-2.250088,-3.060088,-3.9200878,-3.730088,-3.300088,-3.6100879,-2.9000878,-1.8200879,1.2799121,1.089912,3.3599122,0.9599121,0.4699121,0.45991212,-1.8900878,-1.4700879,1.1099122,1.4499121,-1.2000879,-0.8400879,0.7199121,-0.32008788,1.9999121,2.249912,1.1399121,0.009912109,-1.3100879,-1.1400878,-1.280088,-0.7100879
3.6399121,1.2999121,1.7299122,1.8499122,0.7799121,-3.4100878,-1.5700879,0.4099121,-0.2700879,1.1099122,0.7199121,-2.600088,-2.990088,-3.1300879,-4.240088,-3.6300879,-2.520088,-0.10008789,-2.4500878,-0.4500879,0.9899121,3.399912,3.769912,1.4499121,-0.80008787,1.5699121,1.1199121,-1.2500879,0.4699121,1.6099122,1.1299121,-1.3800879,-1.3500879,2.0699122,-0.55008787,-1.3000879,-2.1400878,-4.490088,-1.4200879,-2.240088,-0.19008788
2.159912,3.7999122,3.909912,1.9799122,-0.48008788,0.81991214,0.019912109,-0.7600879,-1.0000879,-0.12008789,-1.0500879,-0.9000879,-2.560088,-2.9400878,-3.000088,-4.2500877,-3.1100879,-2.1400878,-2.050088,-0.55008787,-8.789063E-5,2.939912,-0.2800879,1.3999121,2.969912,3.3899121,0.15991211,2.429912,0.94991213,2.499912,0.07991211,-0.05008789,0.2099121,-1.0600879,0.029912109,1.5699121,0.4099121,-1.4400879,0.3599121,-0.3400879,1.4499121
1.6899121,1.6199121,0.24991211,-1.2700878,-0.3600879,-0.23008789,1.219912,0.3899121,0.23991211,-0.8600879,-1.6400878,-2.310088,1.339912,-1.0900879,-2.1900878,-3.540088,-4.010088,-4.0800877,-4.030088,-2.270088,1.7499121,2.979912,1.1999121,2.5399122,-1.2300879,2.2999122,3.5799122,2.279912,4.149912,4.149912,1.2699121,-2.720088,-0.41008788,1.3199121,0.3799121,-1.4400879,-0.110087894,1.6699121,0.6199121,2.689912,1.0599121
0.8599121,-0.5600879,-0.08008789,0.39991212,0.5499121,-1.2600878,-0.3700879,-0.1300879,-0.87008786,-1.4500879,-2.240088,-2.8800879,-2.780088,0.9599121,-0.62008786,-2.000088,-2.790088,-2.500088,-2.300088,-0.9000879,-1.4600879,-1.9000878,-0.5600879,-1.780088,-2.020088,-3.240088,0.7399121,2.5899122,0.6399121,2.279912,1.2799121,3.519912,1.8899121,1.4299121,-1.2500879,-2.090088,-3.100088,-3.2000878,-3.8900878,-4.220088,-1.9300879
0.07991211,-0.5700879,-1.0100878,-0.22008789,-2.1200879,-3.1900878,-1.4300879,0.2099121,-1.1000879,-1.1900879,-2.810088,-2.8700879,-3.570088,-1.9300879,1.4199121,-5.130088,-2.9300878,-1.3100879,-1.5100878,-1.6500878,1.5099121,0.2999121,0.4799121,1.469912,-1.2100879,-1.9400879,-1.4600879,-0.4200879,0.4799121,1.719912,1.1399121,-1.2700878,0.45991212,3.7999122,3.209912,1.4099121,2.419912,-2.550088,-3.750088,-1.0900879,-5.680088
-0.9800879,-2.1800878,-2.530088,-2.1300879,-3.8600879,-3.540088,-3.3900878,-3.330088,-4.3100877,-6.090088,-4.340088,-2.550088,-5.9800878,-4.320088,-3.8800879,-5.600088,-9.190088,-9.260088,-3.060088,-2.580088,-2.1200879,-1.1800879,-2.4000878,-1.3700879,-2.3800879,-1.8800879,-1.4500879,-1.3600879,-0.4300879,2.179912,1.4899122,-1.7400879,-4.0200877,-2.800088,0.8599121,0.6699121,-2.6400878,-0.3600879,-2.100088,-2.560088,-4.0800877
-1.8600879,-1.6400878,-3.3900878,-3.4300878,-4.650088,-5.200088,-5.2500877,-5.640088,-5.5400877,-4.900088,-5.110088,-4.090088,-2.510088,-2.070088,-3.350088,-3.9400878,-4.990088,-7.440088,-3.020088,-0.41008788,-2.220088,-2.990088,-3.7100878,-3.590088,-2.760088,-0.5600879,1.5999122,1.0699121,0.1799121,-0.6700879,-0.9500879,-2.990088,-5.5600877,-3.2000878,0.3599121,-1.2400879,1.8999121,2.239912,-0.6300879,0.03991211,-1.6800879
-2.1900878,-2.9100878,-3.810088,-3.560088,-4.300088,-4.930088,-4.8300877,-4.7300878,-5.510088,-5.070088,-5.5200877,-5.490088,-4.620088,-3.740088,-2.1800878,-3.840088,-4.690088,-5.460088,-2.6300879,0.2299121,-0.10008789,-3.060088,-2.9300878,-3.340088,-3.550088,-0.68008786,-0.8600879,-1.5100878,-1.6700879,-0.9500879,1.2399122,1.4099121,-1.280088,-4.510088,-2.240088,0.9299121,-2.020088,-0.38008788,1.1399121,0.9599121,0.9699121
-1.9900879,-2.330088,-2.9100878,-3.2100878,-3.310088,-3.740088,-3.840088,-4.680088,-5.100088,-4.470088,-4.150088,-4.700088,-6.0000877,-5.050088,-4.7300878,-3.6400878,-3.750088,-4.2700877,-2.6200879,-1.7700878,-1.5700879,-1.8400879,-1.6100879,-2.090088,-0.7500879,-1.3500879,-2.780088,-2.730088,-2.240088,-1.9500879,-0.7800879,0.2999121,-0.07008789,-2.250088,-1.5100878,-0.5700879,-0.10008789,-1.3000879,1.0099121,3.5799122,3.009912
-2.300088,-2.990088,-3.2100878,-3.310088,-3.3900878,-3.580088,-3.7100878,-3.990088,-4.700088,-4.5400877,-3.520088,-2.030088,-3.340088,-3.740088,-4.740088,-5.160088,-4.420088,-4.2900877,-2.850088,-3.020088,-1.9800879,-2.4600878,-2.6100879,-1.1700879,-1.3800879,-0.4200879,-1.3600879,-2.3900878,-3.240088,-1.3700879,-0.68008786,-0.20008789,0.13991211,-0.62008786,-1.9000878,-0.4200879,0.09991211,1.4399121,1.2699121,1.0699121,0.3199121
-2.330088,-3.2000878,-2.810088,-3.080088,-3.4300878,-3.6500878,-3.350088,-3.230088,-4.410088,-2.9100878,-2.590088,-3.2100878,-5.160088,-4.5200877,-4.7700877,-4.280088,-3.800088,-3.280088,-2.600088,-2.340088,-1.3400879,-1.6700879,-1.2100879,-2.060088,-1.3900878,-2.3900878,-1.9300879,-3.070088,-3.1800878,-3.1600878,-2.850088,-2.4500878,-1.8900878,-2.260088,-2.250088,-2.600088,-1.030088,1.1699121,1.3199121,1.1899121,0.5199121
-1.8400879,-2.250088,-3.4200878,-2.6200879,-3.1600878,-2.6700878,-3.060088,-3.6600878,-3.7000878,-2.100088,-1.9400879,-1.9300879,-3.540088,-5.0400877,-4.600088,-3.6200879,-3.1600878,-2.580088,-3.020088,-1.9300879,-0.8900879,-0.74008787,-0.1500879,0.11991211,-0.19008788,-1.4000878,-2.350088,-2.6900878,-3.030088,-3.1700878,-3.030088,-2.1200879,-1.8800879,-2.280088,-2.090088,-2.1600878,-2.540088,-1.1300879,-1.5400879,-1.1200879,-0.3400879
-1.0700879,-2.350088,-3.350088,-2.9500878,-2.4600878,-2.9000878,-3.4100878,-3.4300878,-2.760088,-3.6800878,-2.070088,-1.0800879,-1.3200879,-3.070088,-4.600088,-4.510088,-3.6400878,-3.1700878,-2.1700878,-1.6000879,-1.1200879,-1.1700879,-0.8900879,0.6799121,-0.5000879,-1.5100878,-2.500088,-2.580088,-2.9200878,-2.750088,-2.810088,-2.720088,-2.4600878,-2.520088,-2.6900878,-3.250088,-2.540088,-1.9900879,-1.5700879,-1.6700879,-0.7600879
-1.2400879,-1.8700879,-3.590088,-3.260088,-3.4300878,-2.810088,-1.9500879,-2.490088,-3.030088,-2.9200878,-1.9300879,-0.5700879,-0.03008789,-1.2100879,-4.370088,-3.1700878,-3.080088,-2.800088,-2.4500878,-1.8300879,-1.5400879,-1.5100878,-1.5900879,-0.7600879,-1.1700879,-1.4600879,-1.8000879,-2.280088,-2.580088,-2.760088,-3.300088,-2.9600878,-1.1300879,-0.99008787,-1.3000879,-1.5100878,-1.1400878,-1.4800879,-0.68008786,-1.280088,-0.3900879
