wind_kz.json
{"header": {"discipline":0,"disciplineName":"Meteorological products","gribEdition":2,"gribLength":1025,"center":7,"centerName":"US National Weather Service - NCEP(WMC)","subcenter":0,"refTime":"2023-08-07T18:00:00.000Z","significanceOfRT":1,"significanceOfRTName":"Start of forecast","productStatus":0,"productStatusName":"Operational products","productType":1,"productTypeName":"Forecast products","productDefinitionTemplate":0,"productDefinitionTemplateName":"Analysis/forecast at horizontal level/layer at a point in time","parameterCategory":2,"parameterCategoryName":"UnknownDiscipline_0_Category_2","parameterNumber":3,"parameterNumberName":"UnknownParameter_D0_C2_3","parameterUnit":"Unknown","genProcessType":2,"genProcessTypeName":"Forecast","forecastTime":300,"surface1Type":103,"surface1TypeName":"Specified height level above ground","surface1Value":10.0,"surface2Type":255,"surface2TypeName":"Missing","surface2Value":0.0,"gridDefinitionTemplate":0,"gridDefinitionTemplateName":"Latitude_Longitude","numberPoints":615,"shape":6,"shapeName":"Earth spherical with radius of 6,371,229.0 m","gridUnits":"degrees","resolution":48,"winds":"true","scanMode":64,"nx":41,"ny":15,"basicAngle":0,"lo1":47.0,"la1":41.0,"lo2":87.0,"la2":55.0,"dx":1.0,"dy":1.0}, "data":
[rows 0 to 14 of 15, columns 0 to 40 of 41]
-0.04590515,1.7940948,-1.7359052,-3.105905,-0.055905152,1.4940948,5.064095,5.3840947,3.664095,1.7140949,0.09409485,-1.1059052,-3.1559052,-4.565905,-5.415905,-5.735905,-5.395905,-4.475905,-4.045905,-3.2459052,-3.105905,-3.115905,-1.5959052,1.9940948,3.0940948,3.374095,1.9940948,0.35409486,-1.3159051,-1.6159052,-1.3059051,1.7340949,2.4740949,0.44409484,1.2840948,-3.055905,-0.32590514,0.62409484,1.9340949,1.4840949,-1.7059052
1.0740949,-3.875905,-3.2459052,1.4940948,0.9640949,5.1140947,7.2340946,6.644095,5.304095,2.7140949,1.3640949,-0.24590515,-2.4959052,-4.5359054,-5.3259053,-5.895905,-6.645905,-4.705905,-6.245905,-5.545905,-4.255905,-3.9659052,-2.9859052,-1.1659051,3.5940948,3.5740948,3.8340948,0.43409485,-0.24590515,0.99409485,-2.5059052,-2.095905,-0.36590517,0.86409485,2.0440948,-4.0959053,0.014094848,2.5240948,2.9740949,2.4740949,0.67409486
-2.2359052,-4.685905,-2.555905,-2.2159052,1.1240948,6.954095,7.1340947,6.004095,6.774095,4.414095,3.624095,0.68409485,-2.2059052,-3.835905,-5.3459053,-6.1559052,-7.425905,-5.545905,-5.395905,-7.375905,-2.585905,-1.0959052,-2.065905,-2.6459053,-2.8959053,-2.615905,-2.865905,-2.9059052,-1.5059052,-3.8959053,-4.0559053,-0.7859051,-2.0059052,2.7640948,1.5240948,-2.615905,-0.9159052,4.074095,-0.6559051,1.2540948,1.5640949
0.13409485,-2.565905,-3.7859051,-1.3959051,2.894095,6.894095,7.6340947,6.254095,5.724095,5.144095,5.374095,3.2940948,-0.34590515,-1.7659051,-5.935905,-6.705905,-7.565905,-5.685905,-6.7859054,-8.765905,-8.135905,-4.0159054,-4.725905,-1.7359052,-0.9059051,-1.0259051,-0.93590516,-2.1959052,-2.055905,-2.125905,-2.125905,-0.22590515,1.7240949,0.80409485,1.0240948,1.9340949,2.9640949,1.4040948,-4.045905,-1.5759052,-1.5059052
1.2840948,-1.3559052,-3.045905,-2.615905,-3.0259051,-0.47590515,1.5340948,4.3640947,5.774095,3.694095,3.424095,2.394095,1.4140948,-1.7959051,-3.795905,-5.945905,-7.495905,-6.8059053,-6.255905,-7.045905,-7.0359054,-5.935905,-5.935905,-3.0259051,1.8340949,2.694095,0.97409487,-0.27590516,-0.56590515,-3.125905,-3.4959052,-2.4259052,-2.2859051,-1.0459051,0.55409485,1.2840948,0.7740948,0.49409485,-0.33590516,-0.71590513,0.09409485
-0.47590515,-1.1359051,-3.2759051,-3.5159051,-2.9059052,-1.3959051,-0.51590514,-1.0359051,0.19409485,-0.7359052,1.6740948,4.414095,3.144095,-0.94590515,-4.355905,-3.1659052,-4.895905,-6.975905,-6.5159054,-4.6559052,-5.235905,-5.245905,-5.685905,-4.1159053,-1.0759052,0.37409484,-1.1959052,-4.045905,-2.5259051,-3.575905,-3.6659052,-1.6959052,-1.6459051,-1.5559051,-3.6459053,-2.6559052,-3.345905,-3.125905,-0.77590513,1.9440949,1.5740949
-1.3559052,-1.0059052,-0.56590515,-1.5159051,-1.6059052,-3.1359053,-3.565905,-2.855905,-4.3859053,-4.065905,-2.875905,3.634095,2.184095,-1.8959051,-2.875905,-3.615905,-4.0559053,-4.625905,-5.205905,-2.6559052,-3.815905,-3.9859052,-5.0759053,-4.695905,-3.4259052,-1.6359051,-1.5459051,-1.0559051,-1.5559051,-0.94590515,-1.3059051,-3.325905,-5.855905,-1.4059051,1.5740949,3.1040947,4.554095,1.0440948,-1.9159051,3.5540948,-1.4859052
-2.835905,-2.2459052,-2.115905,-1.1459051,-2.0059052,-2.7459052,-3.1859052,-4.195905,-4.185905,-2.6459053,-2.4859052,-0.86590517,-0.64590514,-0.28590515,-2.4059052,-3.6759052,-2.8959053,-2.4359052,-3.585905,-4.0359054,-2.4559052,-2.4759052,-3.9059052,-5.125905,-4.725905,-3.3959053,-1.8759052,0.55409485,0.97409487,-0.48590514,-2.4159052,-4.215905,-4.675905,-5.705905,-3.815905,-2.875905,-3.2259052,-2.1959052,1.0140948,-0.02590515,1.8040948
-3.7659051,-3.5159051,-3.0259051,-3.585905,-3.2759051,-2.5059052,-3.2559052,-2.855905,-3.1559052,-3.6359053,-2.355905,-0.83590513,-2.305905,-2.9159052,-3.7159052,-3.4059052,-3.2359052,-3.345905,-3.045905,-3.4759052,-1.5559051,-1.2859051,-3.585905,-5.3259053,-5.445905,-3.8959053,-3.9759052,-0.47590515,0.67409486,-1.2559052,-1.6859051,-3.615905,-3.795905,-4.125905,-4.465905,-4.585905,-1.8859051,-2.9859052,1.4740949,2.374095,2.5140948
-4.915905,-5.695905,-5.6159053,-5.935905,-6.295905,-5.065905,-2.9459052,-2.315905,-3.1859052,-2.325905,-3.305905,-4.815905,-2.815905,-2.7759051,-3.5259051,-4.1359053,-4.195905,-4.395905,-5.8459053,-3.9659052,-2.6759052,-2.9259052,-2.545905,-3.2459052,-3.4359052,-2.9159052,-1.3959051,-1.7959051,-3.8959053,-2.075905,-1.7459052,-3.7359052,-2.615905,-3.2459052,-2.8959053,-3.2859051,-1.3659052,2.7640948,2.164095,3.174095,1.2340949
-4.585905,-5.105905,-4.975905,-5.2659054,-5.7659054,-6.335905,-5.395905,-2.6859052,-1.3759052,-0.63590515,-0.42590514,-2.6459053,-0.13590515,-2.4659052,-3.7159052,-3.365905,-4.045905,-6.025905,-6.2659054,-5.9059052,-4.025905,-2.2559052,-2.875905,-3.6559052,-3.4559052,-2.365905,-1.6259052,-2.1859052,0.73409486,1.5240948,-1.4659052,-1.4059051,-1.4159051,-2.3959053,-2.4959052,-1.9759052,-1.9459052,-1.7359052,-1.3559052,-1.0559051,0.5240948
-4.085905,-5.175905,-4.6559052,-5.5359054,-6.145905,-6.415905,-5.815905,-4.625905,-3.5259051,-1.6059052,1.9740949,0.42409486,-1.0359051,-2.2359052,-3.625905,-4.085905,-4.755905,-5.445905,-5.3659053,-5.565905,-5.815905,-4.945905,-3.795905,-2.6459053,-2.6659052,-3.295905,-2.3859053,-3.055905,-2.5259051,-2.065905,-2.335905,-4.005905,-3.115905,0.63409483,0.31409484,0.39409485,-1.0859052,-1.7659051,-1.9059051,-1.8759052,-1.0759052
-2.9059052,-3.9059052,-5.0559053,-4.945905,-4.735905,-4.045905,-4.745905,-5.5559053,-5.795905,-4.8659053,-1.6459051,-0.71590513,-2.2559052,-2.6859052,-3.555905,-4.105905,-5.145905,-5.0959053,-5.415905,-4.7659054,-5.005905,-4.2859054,-3.6359053,-5.205905,-4.2659054,-4.205905,-3.835905,-3.1959052,-3.2259052,-4.565905,-3.115905,-2.9159052,-2.5259051,-0.46590516,0.49409485,-2.055905,-1.1259052,-0.82590514,-1.3459052,-0.5459052,1.7140949
-2.7659051,-3.1959052,-2.835905,-3.815905,-4.585905,-4.695905,-4.415905,-4.925905,-4.4059052,-5.0359054,-2.5059052,-0.37590516,-1.0259051,-1.8059051,-3.4159052,-4.255905,-4.205905,-4.355905,-4.795905,-4.2659054,-4.065905,-3.7059052,-3.2359052,-3.2259052,-3.5159051,-3.9559052,-3.855905,-2.9459052,-3.345905,-3.6859052,-3.0159051,-2.4959052,-1.6259052,-0.34590515,2.5540948,2.174095,0.49409485,-0.7859051,-1.0359051,-1.2459052,-2.1459053
-1.4859052,-2.5059052,-2.0359051,-3.4859052,-3.825905,-2.4159052,-2.9559052,-3.2859051,-4.645905,-4.215905,-1.9259051,-1.8359052,-1.4559052,-1.5359051,-3.9559052,-4.5759053,-4.225905,-5.315905,-5.025905,-4.835905,-4.475905,-4.945905,-5.465905,-5.2659054,-5.185905,-4.775905,-5.6359053,-5.565905,-4.675905,-3.855905,-2.2159052,0.88409483,-1.2759051,0.41409484,1.5840949,1.5040948,2.434095,1.0840949,0.22409485,0.034094848,0.93409485
