wind_kz.json
{"header": {"discipline":0,"disciplineName":"Meteorological products","gribEdition":2,"gribLength":1025,"center":7,"centerName":"US National Weather Service - NCEP(WMC)","subcenter":0,"refTime":"2023-09-07T00:00:00.000Z","significanceOfRT":1,"significanceOfRTName":"Start of forecast","productStatus":0,"productStatusName":"Operational products","productType":1,"productTypeName":"Forecast products","productDefinitionTemplate":0,"productDefinitionTemplateName":"Analysis/forecast at horizontal level/layer at a point in time","parameterCategory":2,"parameterCategoryName":"UnknownDiscipline_0_Category_2","parameterNumber":3,"parameterNumberName":"UnknownParameter_D0_C2_3","parameterUnit":"Unknown","genProcessType":2,"genProcessTypeName":"Forecast","forecastTime":180,"surface1Type":103,"surface1TypeName":"Specified height level above ground","surface1Value":10.0,"surface2Type":255,"surface2TypeName":"Missing","surface2Value":0.0,"gridDefinitionTemplate":0,"gridDefinitionTemplateName":"Latitude_Longitude","numberPoints":615,"shape":6,"shapeName":"Earth spherical with radius of 6,371,229.0 m","gridUnits":"degrees","resolution":48,"winds":"true","scanMode":64,"nx":41,"ny":15,"basicAngle":0,"lo1":47.0,"la1":41.0,"lo2":87.0,"la2":55.0,"dx":1.0,"dy":1.0}, "data":
[rows 0 to 14 of 15, columns 0 to 40 of 41]
2.6402442,1.5202441,-2.5097558,-7.2197556,-8.429756,-10.699756,0.8402441,0.86024415,0.80024415,-0.8597559,-2.5397558,-3.689756,-3.639756,-5.2197556,-5.669756,-6.529756,-7.529756,-6.899756,-6.419756,-5.6997557,-4.819756,-5.289756,-5.2197556,2.850244,6.790244,3.550244,2.790244,3.050244,-1.3597559,-5.8897557,-5.8897557,-3.4997559,-0.26975587,-0.57975584,-1.2197559,1.4902442,2.780244,1.6402441,-0.41975585,2.3902442,0.25024414
2.4414062E-4,-1.5197558,-2.4997559,-2.919756,-5.999756,-10.449756,-9.749756,-1.7397559,-1.1697558,-2.5797558,-0.6597559,-3.879756,-3.6097558,-4.629756,-6.289756,-6.799756,-6.1797557,-5.229756,-5.629756,-5.549756,-5.3697557,-5.259756,-4.579756,-1.8497559,2.3802443,4.6102443,4.710244,2.110244,0.5902441,-1.7397559,0.36024415,-0.99975586,1.6302441,-3.409756,2.7702441,4.3602443,1.4402442,3.4902442,2.120244,-0.50975585,1.1102442
0.18024415,-1.5997559,-0.87975585,-2.3397558,-2.5797558,1.3002441,1.2502441,-0.68975586,0.04024414,-1.8297559,-2.949756,-3.8197558,-6.1997557,-7.809756,-7.559756,-6.319756,-6.109756,-6.039756,-5.779756,-6.1197557,-5.4497557,-4.229756,-2.959756,-0.23975585,-2.969756,-2.7397559,-1.1697558,-3.6097558,-4.1197557,-1.8097558,-0.9697559,-2.0297558,-4.959756,-3.879756,-0.88975585,-1.6097559,-2.379756,-0.49975586,2.2002442,4.210244,4.430244
-2.3097558,-0.52975583,-1.2097559,-4.4497557,-1.4297558,-0.7297559,-0.029755859,-1.1397558,-1.4597559,-1.4397559,-3.5297558,-0.89975584,-3.459756,-5.6997557,-6.9097557,-5.349756,-4.979756,-5.279756,-5.6397557,-6.509756,-6.249756,-3.129756,-6.789756,-4.819756,-3.0197558,-2.7597558,-3.0897558,0.51024413,2.9702442,3.1802442,0.10024414,-6.079756,-10.129756,1.4502442,2.600244,-0.86975586,2.330244,3.100244,-0.63975585,0.05024414,-1.5997559
3.300244,-0.9097559,-2.189756,-2.199756,-6.229756,-0.68975586,-1.9397559,-1.7797558,-3.5897558,-3.189756,-4.1797557,1.8902441,-2.649756,-4.419756,-5.759756,-4.899756,-5.359756,-5.3697557,-5.669756,-5.559756,-5.559756,-2.939756,-2.919756,-2.2597558,-2.209756,-3.189756,-0.55975586,-3.6197557,-4.6797557,5.600244,5.700244,4.700244,4.8802443,3.580244,-2.8197558,-4.979756,-9.569756,-2.2497559,-1.1497558,-0.70975584,-1.0297558
1.9502442,1.9702442,2.0102441,0.32024413,-0.22975586,-1.1397558,-1.8497559,-1.0797559,-2.439756,-3.5397558,-3.3497558,-1.4997559,-0.73975587,0.7802441,-3.4897559,-4.4897556,-4.789756,-5.599756,-5.899756,-5.9697556,-5.709756,-5.1797557,-8.769756,-2.3097558,-2.2897558,-2.0197558,-2.0397558,0.14024414,-2.0897558,-3.2897558,4.310244,7.740244,6.500244,3.870244,2.580244,-4.529756,-3.4797559,-4.839756,2.2602441,-0.30975586,0.30024415
1.1102442,-1.3297559,-0.7297559,2.1602442,4.460244,3.580244,-1.7197559,-0.89975584,-3.4897559,-2.4897559,-1.4697559,-1.7097559,-2.679756,-4.059756,-4.1597557,-4.779756,-4.339756,-5.129756,-5.9497557,-5.379756,-6.2397556,-5.669756,-3.8697557,-5.4297557,-6.9697556,-5.4297557,-0.39975587,0.47024414,0.57024413,3.9202442,1.7302442,3.580244,4.490244,5.350244,4.7802444,1.2002442,-0.9697559,-1.8797559,-1.4897559,2.590244,2.9202442
-0.83975583,-0.32975587,0.21024413,-0.49975586,-1.5597558,-1.4497559,-0.68975586,-1.1697558,-0.7197559,-1.4197558,-2.1197557,-2.639756,-3.0697558,-3.629756,-4.269756,-4.629756,-4.079756,-3.429756,-3.7397559,-4.9697556,-5.189756,-4.4097557,-4.6997557,-6.459756,-6.589756,-3.3397558,-3.5497558,-3.439756,-1.0697559,-0.73975587,-2.1097558,0.25024414,4.330244,-0.42975587,6.420244,4.3002443,1.1502441,-1.4597559,-3.2797558,-3.379756,-0.22975586
1.3802441,0.51024413,-0.80975586,-0.6097559,-0.57975584,0.090244144,1.0202441,0.39024413,-0.68975586,-2.5397558,-2.7797558,-3.679756,-3.5397558,-4.349756,-4.729756,-5.009756,-5.279756,-5.3697557,-5.349756,-3.7397559,-6.059756,-5.6197557,-4.439756,-5.789756,-4.479756,-3.929756,1.7402442,0.75024414,-0.64975584,0.17024414,0.33024415,-3.649756,-0.40975586,8.360244,2.620244,0.06024414,0.35024413,-1.5197558,1.0302441,1.7702441,-0.13975586
1.6002442,0.26024413,-1.2397559,-0.76975584,0.68024415,0.86024415,-1.0597558,-1.2997558,-1.7197559,-2.5197558,-3.1197557,-3.209756,-4.009756,-4.6197557,-5.6597557,-5.439756,-5.6997557,-5.649756,-6.029756,-4.6197557,-4.559756,-4.729756,-3.699756,-2.3097558,-3.5497558,-1.3597559,-1.7597558,-2.4797559,-1.6697558,-0.44975585,2.120244,1.8202442,-5.019756,0.80024415,6.660244,1.2602441,0.87024415,-1.1397558,0.44024414,-0.22975586,-1.2497559
1.9702442,2.2302442,1.1902442,0.92024416,0.66024417,0.62024415,-0.21975586,-0.36975586,-2.419756,-3.189756,-2.449756,-1.6497558,-3.219756,-4.459756,-4.999756,-6.269756,-6.279756,-5.379756,-5.419756,-4.849756,-5.279756,-4.7397556,-3.8397558,-3.419756,-3.0097558,-2.449756,-2.4997559,-0.5997559,1.1702441,-0.32975587,-2.2897558,3.530244,-2.4797559,-3.3397558,2.330244,3.9102442,1.0502441,1.7502441,0.17024414,-0.06975586,-1.4697559
-0.95975584,-1.2797558,1.2402442,-1.1697558,0.090244144,-1.6797558,-2.2897558,-2.2897558,-2.5897558,-2.5597558,-2.8597558,-1.7797558,-2.169756,-3.2997558,-4.7397556,-5.259756,-6.149756,-5.6997557,-6.109756,-4.879756,-4.1597557,-4.019756,-4.459756,-3.419756,-3.189756,-2.2497559,-0.20975585,0.9002441,0.57024413,1.6402441,0.6402441,-1.1297559,2.600244,-2.159756,-0.44975585,3.280244,3.9002442,-0.48975587,1.0102441,-0.50975585,-1.3297559
2.530244,2.5002441,-0.20975585,-0.06975586,-0.34975585,-0.5397559,-0.75975585,-1.3597559,-2.2297559,-1.0397558,-0.99975586,-1.8397559,-0.42975587,-2.4997559,-3.3197558,-3.2997558,-5.029756,-4.839756,-5.669756,-4.4297557,-4.4097557,-5.209756,-5.069756,-4.9297557,-2.7397559,-3.2997558,-4.6997557,-0.34975585,2.1802442,2.0002441,2.9402442,1.2902441,-0.11975586,-0.47975585,0.50024414,0.22024414,1.1702441,1.8602442,-2.9797559,-0.25975585,0.30024415
0.51024413,0.26024413,4.580244,1.7602441,0.55024415,0.86024415,-0.31975585,1.3702441,1.2202442,0.57024413,-0.48975587,-1.4497559,-1.0997559,-1.5997559,-2.5297558,-3.879756,-3.219756,-4.1797557,-4.089756,-5.669756,-4.6597557,-3.669756,-5.269756,-5.4897556,-4.599756,-4.019756,-1.9097558,-2.6197557,2.6602442,2.6502442,1.8002441,1.8902441,2.0202441,1.5502441,1.5002441,2.7602441,2.620244,0.48024413,0.62024415,-0.21975586,-0.95975584
1.2202442,1.3502442,1.9102441,-0.07975586,-0.7897559,-1.1897559,-2.2897558,-1.5497558,-0.31975585,2.2702441,1.2902441,-0.17975587,-1.0597558,-2.389756,-2.7797558,-2.2497559,-3.449756,-3.209756,-3.6097558,-4.4297557,-5.029756,-4.059756,-4.6997557,-5.089756,-4.1597557,-2.689756,-3.2397559,-3.899756,-0.75975585,2.6302443,2.6702442,1.9202441,2.030244,1.2402442,1.1102442,0.32024413,1.7702441,0.16024414,0.6502441,0.67024416,-1.0797559
