wind.json
{"header": {"discipline":0,"disciplineName":"Meteorological products","gribEdition":2,"gribLength":106064,"center":7,"centerName":"US National Weather Service - NCEP(WMC)","subcenter":0,"refTime":"2023-02-24T18:00:00.000Z","significanceOfRT":1,"significanceOfRTName":"Start of forecast","productStatus":0,"productStatusName":"Operational products","productType":1,"productTypeName":"Forecast products","productDefinitionTemplate":0,"productDefinitionTemplateName":"Analysis/forecast at horizontal level/layer at a point in time","parameterCategory":2,"parameterCategoryName":"Momentum","parameterNumber":2,"parameterNumberName":"U-component_of_wind","parameterUnit":"m.s-1","genProcessType":2,"genProcessTypeName":"Forecast","forecastTime":0,"surface1Type":103,"surface1TypeName":"Specified height level above ground","surface1Value":10.0,"surface2Type":255,"surface2TypeName":"Missing","surface2Value":0.0,"gridDefinitionTemplate":0,"gridDefinitionTemplateName":"Latitude_Longitude","numberPoints":65160,"shape":6,"shapeName":"Earth spherical with radius of 6,371,229.0 m","gridUnits":"degrees","resolution":48,"winds":"true","scanMode":64,"nx":360,"ny":181,"basicAngle":0,"lo1":0.0,"la1":-90.0,"lo2":359.0,"la2":90.0,"dx":1.0,"dy":1.0}, "data":
[rows 52 to 77 of 181, columns 285 to 341 of 360]
2.9574463,1.9074463,3.7174463,3.0774462,9.667446,8.027447,1.3074462,4.587446,0.7374463,0.3074463,2.1774464,0.13744628,1.0374463,-0.7925537,-0.6425537,-0.7025537,-0.0125537105,-1.9425538,-4.0925536,-3.7525537,-3.6525538,-4.3225536,-4.002554,-3.8125536,-3.7325537,-2.4125538,-1.0625538,-0.17255372,1.1474463,2.3674462,3.6374464,4.1974463,5.5374465,6.2774463,6.607446,6.687446,6.857446,7.2174463,8.007446,8.497446,8.177446,8.647447,8.247446,8.167446,8.377446,8.837446,8.317447,8.287446,8.097446,8.027447,8.607447,10.3074465,10.857447,11.167446,11.957446,11.5574465,10.417446
3.2574463,3.1474464,4.0774465,4.607446,6.9274464,9.167446,0.2774463,-2.9825537,-0.4625537,1.5174463,1.4874463,0.6474463,-1.2125537,-0.4925537,0.6174463,0.32744628,-1.1125537,-2.9825537,-3.8525536,-4.6125536,-5.522554,-5.4725537,-5.3225536,-4.8825536,-4.9725537,-4.3825536,-3.7125537,-2.9825537,-1.9225537,-0.9525537,0.52744627,2.0674462,2.9674463,3.7974463,4.707446,4.7774463,4.9674463,5.6774464,7.0974464,7.1374464,7.4274464,7.667446,7.6974463,8.237446,7.917446,7.0174465,7.0174465,6.627446,6.8274465,6.6374464,8.047446,9.417446,9.877446,9.847446,10.577446,9.337446,8.087446
2.8074462,3.4674463,3.4474463,1.1974463,4.5374465,8.657446,1.1774462,-4.6725535,-1.4625537,0.45744628,-0.082553715,1.0574462,2.3574462,3.0874462,3.1874464,-2.3625536,-1.7025537,-3.0925536,-4.7025537,-5.352554,-5.5725536,-6.2625537,-7.4625535,-6.7325535,-6.412554,-5.502554,-5.3825536,-5.8025537,-4.9525537,-3.8725538,-3.0125537,-1.7925537,-0.1525537,0.9774463,2.3674462,2.2774463,2.9574463,3.9074464,4.4874463,4.4274464,4.9674463,5.2374463,5.0774465,5.4274464,4.8074465,4.9674463,4.687446,4.607446,5.477446,6.2674465,6.7374463,8.0574465,7.8474464,8.217446,7.877446,8.047446,6.4274464
2.0874462,2.7674463,1.3174462,3.6474464,2.7674463,2.3774462,-2.5425537,-0.3825537,-0.3325537,-0.78255373,2.1974463,2.4274464,3.3974464,4.107446,2.7774463,-0.26255372,1.3674463,-2.3325536,-6.082554,-5.502554,-7.3825536,-5.6725535,-5.002554,-6.4225535,-7.142554,-6.2425537,-6.9625535,-7.3025537,-7.3225536,-6.602554,-5.9025536,-5.142554,-4.0725536,-3.5225537,-2.5125537,-1.7325537,-1.0025537,0.7674463,1.5674462,1.7974463,1.8674463,2.5874462,2.5174463,2.3774462,2.7574463,2.8774462,2.5874462,3.1974463,3.9074464,4.9874463,5.3274465,6.147446,6.687446,6.1174464,7.7774463,5.5174465,4.5774465
2.2974463,2.7374463,3.6674464,1.9974463,3.6674464,5.1974463,-1.1725537,-2.2825537,-1.0225537,-2.5625536,-0.39255372,1.2474463,1.6274463,1.4974463,-0.3825537,-2.6725538,-2.0925536,1.8474463,-2.7525537,0.4774463,-2.5125537,-3.7725537,-5.0325537,-9.542554,-6.8025537,-8.362554,-8.452554,-8.742554,-7.6525536,-7.8825536,-7.042554,-6.7025537,-6.412554,-5.522554,-4.8825536,-4.352554,-3.1125536,-2.2525537,-1.3025537,-1.1225537,0.6874463,0.08744629,0.21744628,0.5774463,1.4074463,0.59744626,1.1874462,1.7274463,2.2374463,3.0474463,3.5974462,4.6974463,4.667446,5.917446,5.0274463,3.7274463,3.7474463
1.4074463,1.9074463,3.1974463,2.8374462,4.147446,5.4074464,-5.5325537,-3.0425537,-1.0725538,-3.7025537,3.8774462,-2.6025536,-1.4725537,-0.6625537,-1.4325538,-1.2325537,-2.1625538,-0.03255371,-4.562554,0.3374463,-4.1125536,4.3674464,-4.852554,-6.0125537,-7.6125536,-9.162554,-10.122554,-10.2325535,-9.922554,-8.252554,-7.6725535,-7.7425537,-7.5725536,-7.1725535,-6.772554,-5.8025537,-5.2125535,-4.412554,-4.0325537,-3.0325537,-2.9125538,-2.2825537,-1.8025537,-1.6725537,-1.0525537,-0.5425537,-0.21255371,0.3674463,0.6874463,2.0674462,1.8874463,4.317446,4.457446,4.0974464,3.0474463,3.0974462,2.2974463
0.2374463,1.1174463,1.5974463,2.3474462,4.857446,0.59744626,-4.4025536,-1.5325537,-2.7425537,-0.42255372,2.4074464,-3.3025537,-2.7625537,-2.7225537,-2.0225537,-2.1925538,-1.8125538,-0.9825537,-5.792554,-3.6025536,-4.2025537,5.2174463,-3.5725536,-5.372554,-7.8225536,-7.872554,-10.032554,-11.222553,-12.652554,-10.622554,-8.032554,-8.242554,-9.062553,-8.422554,-8.072554,-7.682554,-6.4525537,-5.752554,-5.2625537,-5.042554,-4.9525537,-4.332554,-3.7725537,-3.2125537,-2.8625536,-2.8725538,-2.4025538,-1.2125537,-1.2125537,1.0974463,4.6174464,3.9174464,3.6774464,2.6874464,2.4374464,3.9474463,4.727446
-0.3325537,0.2874463,1.2774463,2.1774464,4.997446,6.877446,-4.3225536,0.29744628,-2.2425537,-2.3425536,1.2474463,-3.6225538,-2.4325538,-1.4225537,-1.2825537,-1.5725538,-0.9425537,-2.5525537,1.2474463,-1.3825537,-4.4425535,-0.3825537,1.0974463,-3.6725538,-2.6525538,0.13744628,-5.002554,-9.262554,-11.592554,-11.592554,-10.172554,-9.612554,-9.662554,-9.772553,-9.632554,-8.892553,-8.022553,-6.832554,-6.5125537,-5.9625535,-5.4625535,-4.6925535,-4.792554,-4.562554,-4.022554,-4.2625537,1.1074463,3.0374463,4.377446,3.9374464,3.6074462,3.0374463,1.9874463,2.3274462,3.4374464,2.6574464,2.2774463
-0.96255374,-0.05255371,1.8574463,1.5874463,3.9474463,4.3874464,-0.5525537,-0.5725537,-6.912554,-3.5925536,-2.7925537,-4.8625536,-2.0625536,-1.8325537,0.6074463,2.9174464,1.1674463,0.3774463,1.6874462,0.5874463,0.26744628,-3.1225538,3.0274463,0.24744628,1.0374463,3.9674463,4.3474464,-3.9525537,-7.4925537,-9.862554,-9.392553,-10.112554,-10.772553,-10.582554,-10.302554,-10.072554,-8.862554,-8.412554,-8.112554,-6.9625535,-5.9925537,-5.6125536,-1.0025537,0.78744626,2.6274462,2.2074463,2.8274462,1.4774463,1.4074463,1.8874463,0.52744627,0.9774463,1.2474463,1.5274463,1.4974463,0.78744626,-0.72255373
-0.7625537,0.6274463,0.4674463,1.4674463,4.7174463,4.4074464,-0.3725537,3.9874463,-2.9625537,0.16744629,-3.4225538,-1.2625537,-1.8825537,-0.42255372,1.3874463,-0.32255372,2.8274462,2.2774463,-0.13255371,1.5174463,2.1174462,0.5874463,-1.3925537,0.13744628,0.3774463,1.5374463,3.1274462,1.6374463,-1.2525537,-3.8725538,-4.182554,-3.5025537,-4.2325535,-5.6925535,-4.912554,-3.3425536,-0.19255371,-0.4725537,-1.3225538,-2.2025537,-0.9525537,-0.42255372,-0.7425537,-0.7025537,-0.04255371,4.5474463,0.26744628,-0.36255372,-0.6325537,0.22744629,0.3174463,0.7574463,0.77744627,0.03744629,0.07744629,-1.2225537,-2.7325537
1.5574462,0.39744627,0.26744628,1.4774463,4.567446,4.8674464,7.187446,-3.4625537,-2.9125538,-2.0325537,-1.3725537,-0.7425537,-2.3225536,-0.8525537,1.9674463,2.0674462,0.1874463,1.3074462,-2.0125537,1.2674463,2.4874463,-1.1725537,2.2674463,-0.8725537,-0.03255371,1.7674463,0.09744629,-0.26255372,0.05744629,-2.8825538,-3.1325538,-2.9225538,-0.9425537,-1.0225537,-1.5725538,-2.0225537,-1.7725537,-1.8325537,-2.7125537,-2.1925538,-2.0625536,-2.0625536,-1.8225538,-1.5625538,-1.7725537,-1.3625537,-1.3625537,-1.7825537,-1.3425537,-1.6225537,-1.1725537,-1.1325537,-1.4725537,-2.5925536,-1.9125537,-2.7225537,-2.6325538
1.1474463,1.1074463,1.0074463,1.0974463,2.6774464,5.8674464,7.937446,-2.0125537,-3.1225538,2.4674463,-1.6125537,-0.4925537,-0.21255371,1.1874462,2.3874464,-0.21255371,2.6974463,0.4974463,1.0174463,3.0874462,1.7074463,0.7374463,1.3274463,1.7774463,1.4974463,0.3074463,0.19744629,0.26744628,-2.2525537,-3.3425536,-3.5225537,-3.4625537,-2.9325538,-2.5125537,-3.5925536,-2.7325537,-3.2125537,-3.0325537,-3.6925538,-3.1825538,-3.3025537,-3.7525537,-4.562554,-3.6225538,-3.6525538,-3.5825536,-3.5425537,-3.1125536,-2.5525537,-2.4625537,-2.5325537,-2.7825537,-3.6225538,-3.0825536,-3.0325537,-3.0325537,-3.4125538
1.0374463,1.6074463,0.9474463,2.1674464,1.8774463,6.417446,7.477446,11.837446,9.927446,-3.5925536,-0.45255372,-1.9025537,0.59744626,0.7074463,1.0874463,0.96744627,-0.082553715,1.5674462,2.4374464,1.3074462,0.9374463,0.9174463,2.6574464,1.1974463,2.1874464,1.4574463,1.4274462,-2.1125536,-3.6925538,-5.2325535,-6.0125537,-5.7425537,-5.2125535,-4.852554,-4.042554,-3.9125538,-3.2525537,-3.7225537,-3.9025538,-3.7425537,-4.4025536,-3.4525537,-4.372554,-3.4525537,-3.7925537,-3.7425537,-5.2825537,-4.1125536,-3.8525536,-3.1225538,-3.4025538,-3.5625536,-4.392554,-2.6725538,-4.772554,-4.872554,-5.2125535
2.1374464,2.5274463,2.5474463,3.0674462,2.2174463,1.1674463,7.5974464,10.137446,9.377446,-1.8325537,-3.5625536,-1.1325537,-0.6625537,1.2274463,-0.3025537,0.13744628,0.96744627,-1.5125537,1.1174463,2.4374464,1.4274462,2.6874464,1.1374463,2.3074462,1.6674463,2.3374462,0.9774463,-1.1825538,-5.582554,-6.392554,-6.432554,-7.412554,-7.272554,-5.4225535,-5.0725536,-3.8725538,-3.1025536,-3.1725538,-3.9125538,-3.3825538,-2.3425536,-3.9325538,-3.4025538,-3.7725537,-4.7825537,-4.4925537,-4.9725537,-5.1525536,-5.022554,-4.752554,-3.8825538,-4.2825537,-4.0525537,-2.8225536,-4.8825536,-4.0725536,-3.9725537
1.0674462,2.4074464,2.1274462,3.4074464,3.1374464,6.2174463,8.497446,4.147446,2.5574462,0.4174463,-2.0525537,-2.3925538,-0.5425537,-0.6625537,-1.5425537,-0.4925537,-0.10255371,0.78744626,1.0174463,1.7374463,1.4474463,0.7074463,2.5574462,1.0674462,0.9974463,1.8974463,4.397446,2.7874463,1.1174463,-5.1325536,-5.792554,-7.6525536,-8.632554,-6.912554,-4.9625535,-3.5425537,-4.4025536,-3.8525536,-3.2725537,-3.2425537,-2.3725538,-4.5725536,-4.9425535,-4.5525537,-5.182554,-5.412554,-5.082554,-4.1325536,-4.2825537,-5.8225536,-5.2825537,-4.8225536,-4.2025537,-4.2825537,-3.9125538,-3.7925537,-3.3825538
0.8874463,1.7874463,2.4974463,3.2674463,2.9374464,6.6774464,7.5174465,2.3074462,7.9274464,-3.6625538,-3.7825537,-0.9525537,-2.1825538,0.3774463,-0.7625537,-2.4525537,1.3174462,0.8974463,1.7474463,1.4574463,2.2874463,1.9374462,2.6474464,1.4374462,1.2374463,3.2674463,4.897446,4.647446,4.107446,0.6674463,0.45744628,-4.912554,-6.4425535,-8.802554,-4.372554,-3.8725538,-4.162554,-2.6425538,-3.1825538,-3.1425538,-3.8925538,-5.1925535,-5.602554,-4.5725536,-5.182554,-5.0925536,-5.252554,-5.772554,-5.8225536,-5.872554,-5.522554,-5.162554,-5.7225537,-4.2425537,-3.7325537,-3.2825537,-3.5625536
-0.16255371,0.21744628,2.6374464,2.0974462,1.6774462,5.2574463,6.5174465,5.207446,3.9074464,0.8674463,-3.9025538,-1.0025537,-1.0025537,0.7674463,-0.9325537,2.1974463,2.7174463,1.3074462,2.2074463,1.7874463,2.9474463,2.7874463,0.6774463,1.0674462,3.3574462,3.5374463,2.7774463,2.8074462,1.8774463,0.9174463,1.1674463,-0.9225537,-1.2025537,0.3774463,-4.3825536,-3.0125537,-2.6425538,-3.0125537,-3.6825538,-2.9525537,-2.9925537,-4.642554,-5.372554,-5.122554,-4.9025536,-4.812554,-5.3025537,-6.2025537,-4.6525536,-6.372554,-5.9025536,-5.102554,-4.9225535,-5.0525537,-4.312554,-3.7525537,-3.5625536
0.32744628,0.9774463,0.6874463,1.0474463,0.9274463,4.0774465,4.567446,2.2574463,3.9774463,6.2574463,-4.792554,-1.0825537,-2.1025536,-0.72255373,-0.4025537,3.2574463,2.9074464,-0.13255371,0.9174463,0.3374463,2.4574463,3.3374462,1.5874463,1.4874463,3.7974463,2.4974463,2.6874464,1.8274463,0.8574463,1.8274463,2.1274462,-0.3825537,-0.7725537,-0.8725537,-4.9925537,-4.392554,-2.7825537,-1.7625537,-2.5925536,-3.6525538,-2.5925536,-2.6525538,-4.9425535,-4.9625535,-4.7325535,-4.4525537,-7.002554,-7.1125536,-6.2225537,-6.102554,-6.4225535,-5.852554,-5.2225537,-4.502554,-3.9425538,-4.2825537,-3.8925538
-0.3025537,0.06744629,-0.4025537,-1.0825537,-0.16255371,3.8474462,5.207446,-0.4625537,6.107446,0.45744628,-3.3925538,-3.1025536,-2.7625537,0.10744629,3.3674462,0.7674463,2.6174462,0.8174463,0.9574463,-2.4725537,1.9774463,2.9374464,2.1374464,1.2174463,2.1874464,2.1274462,3.2474463,2.3774462,2.1374464,0.20744629,0.4074463,1.0774463,-1.6625537,-1.0225537,0.1274463,-5.2225537,-2.9025538,-0.5425537,-2.6925538,-2.9625537,-2.3925538,-4.3225536,-5.042554,-4.812554,-4.752554,-5.3025537,-5.082554,-6.5125537,-6.772554,-6.1525536,-5.9725537,-5.312554,-5.082554,-4.3825536,-3.1125536,-4.142554,-4.4925537
-0.12255371,-0.9225537,-0.7525537,-1.4525537,-1.0125537,5.957446,5.6174464,1.2074463,-1.7725537,-0.05255371,-1.0825537,-2.0025537,-0.02255371,2.6874464,2.8374462,1.7274463,2.5974462,1.4674463,0.6474463,1.5674462,1.6874462,1.4274462,2.7074463,1.7674463,1.4174463,2.0174463,2.7774463,-0.72255373,-0.09255371,0.26744628,0.45744628,0.7074463,-2.4825537,-1.5925537,-1.4325538,-4.4425535,-2.0625536,-1.9625537,-3.1625538,-2.4625537,-2.5925536,-2.4225538,-5.5725536,-5.2025537,-4.852554,-4.162554,-4.332554,-4.7225537,-5.5125537,-6.682554,-5.9025536,-5.6325536,-5.0725536,-4.3025537,-4.392554,-4.8425536,-4.082554
-1.2925537,0.10744629,-1.1725537,-0.5025537,-0.11255371,4.107446,0.03744629,1.5574462,6.3874464,-2.6825538,-3.4625537,-1.2325537,1.5174463,2.0874462,1.7474463,0.6274463,1.1174463,1.5974463,1.7774463,1.6274463,0.20744629,0.96744627,2.6074462,1.1774462,1.8974463,1.7874463,1.1774462,1.5674462,1.5874463,-2.2425537,-0.22255372,-1.1625537,-0.78255373,-1.3125538,-1.5125537,-3.0425537,-3.2525537,-3.4025538,-3.2325537,-3.2925537,-3.9525537,-3.9125538,-4.292554,-5.4025536,-4.792554,-4.8025537,-4.8425536,-4.4525537,-4.792554,-6.1525536,-6.1525536,-5.892554,-5.602554,-5.432554,-5.3825536,-5.1525536,-4.562554
-2.4625537,-2.0825536,-1.7325537,-0.11255371,1.2674463,-0.8525537,-1.7325537,-4.062554,1.2574463,-1.5325537,0.53744626,1.5674462,1.7774463,1.0574462,0.6774463,1.9374462,0.6774463,2.0674462,0.3174463,-0.4325537,1.1774462,2.2474463,-0.45255372,1.6374463,-0.3325537,-0.2525537,0.71744627,2.0774462,-1.4625537,-3.5225537,1.5474463,-1.0025537,-2.4925537,-0.45255372,-2.1325538,-3.0425537,-3.3525536,-4.7625537,-4.352554,-4.6725535,-4.912554,-4.4925537,-5.062554,-5.432554,-4.832554,-4.8625536,-4.7425537,-4.9425535,-4.4725537,-5.832554,-6.2625537,-6.522554,-6.0925536,-5.5725536,-5.5525537,-4.6525536,-4.602554
-2.9525537,-0.8025537,3.3674462,0.35744628,-2.5125537,-3.8725538,2.6274462,-0.3725537,-0.6325537,1.2574463,0.4474463,1.0774463,1.8874463,0.32744628,1.0374463,1.9274462,0.4974463,0.2574463,1.4974463,-0.4925537,2.2474463,1.4974463,-0.02255371,1.0374463,0.17744629,-0.11255371,2.0974462,-1.2025537,-0.4925537,0.9574463,1.0174463,-0.3825537,-2.5025537,-1.6025537,-3.0925536,-1.7525537,-2.3325536,-1.7125537,-4.4925537,-5.002554,-5.8625536,-5.332554,-4.932554,-5.272554,-4.892554,-5.2825537,-5.142554,-5.0725536,-4.8425536,-6.5925536,-6.7125535,-6.852554,-6.3225536,-6.4025536,-5.932554,-4.6525536,-4.872554
-0.5425537,2.7874463,0.06744629,-2.1325538,1.8074462,-0.5025537,-3.1125536,-1.1125537,-0.10255371,0.9374463,0.7974463,1.8474463,0.7074463,0.42744628,1.2374463,1.8774463,1.6674463,-0.6125537,-1.7925537,0.6774463,0.53744626,-0.7525537,-0.84255373,0.2374463,-0.96255374,1.3274463,0.9374463,-1.4825537,1.1074463,-2.0025537,-2.7425537,-0.9325537,-3.7925537,-2.0925536,-3.9925537,-1.6425537,-3.6325538,-2.4625537,-4.772554,-5.3425536,-5.002554,-5.9625535,-4.9525537,-5.4225535,-5.8025537,-5.0925536,-5.9725537,-4.832554,-4.832554,-5.4425535,-5.4825535,-6.1925535,-5.9525537,-6.102554,-5.5525537,-5.0325537,-5.832554
2.8574462,-2.4425538,-0.4125537,1.4074463,-0.10255371,-1.3025537,-0.35255373,0.48744628,1.8174462,1.8474463,1.2774463,0.6274463,0.14744629,-0.4125537,0.16744629,-2.5425537,0.05744629,-1.2925537,0.20744629,-1.6625537,-0.8625537,-1.4525537,-1.9025537,-2.0025537,1.1574463,-0.6725537,-0.06255371,-0.39255372,-0.4725537,-2.9725537,-3.2625537,-1.6625537,-2.5625536,-1.3625537,-1.7925537,-1.9625537,-3.1425538,-3.5725536,-4.4825535,-4.7825537,-5.522554,-5.432554,-5.4525537,-5.1925535,-6.2425537,-5.1525536,-5.6725535,-4.2825537,-5.752554,-4.7325535,-6.7025537,-4.9825535,-5.9725537,-5.0925536,-5.912554,-5.3625536,-5.6125536
-3.8825538,-2.1125536,0.5074463,0.4674463,-1.6825538,2.0974462,1.4474463,2.6474464,2.3874464,1.8874463,1.1074463,1.0474463,0.027446289,1.7474463,1.0574462,1.8374463,-1.6725537,1.4574463,-0.96255374,-0.78255373,-0.59255373,-0.03255371,-1.9125537,-1.4325538,-0.45255372,-0.6325537,-2.3725538,-1.2225537,-1.5525537,-2.1025536,-0.4925537,-0.3425537,-0.72255373,-2.7825537,-0.53255373,-3.4325538,-2.3325536,-4.2325535,-4.7025537,-4.7025537,-5.102554,-5.0125537,-5.4225535,-5.372554,-5.7325535,-5.6925535,-5.6525536,-5.6925535,-5.272554,-3.8025537,-4.9925537,-5.4225535,-5.312554,-5.412554,-5.9025536,-5.5325537,-5.5525537
