wind_kz.json
{"header": {"discipline":0,"disciplineName":"Meteorological products","gribEdition":2,"gribLength":1025,"center":7,"centerName":"US National Weather Service - NCEP(WMC)","subcenter":0,"refTime":"2023-09-30T06:00:00.000Z","significanceOfRT":1,"significanceOfRTName":"Start of forecast","productStatus":0,"productStatusName":"Operational products","productType":1,"productTypeName":"Forecast products","productDefinitionTemplate":0,"productDefinitionTemplateName":"Analysis/forecast at horizontal level/layer at a point in time","parameterCategory":2,"parameterCategoryName":"UnknownDiscipline_0_Category_2","parameterNumber":3,"parameterNumberName":"UnknownParameter_D0_C2_3","parameterUnit":"Unknown","genProcessType":2,"genProcessTypeName":"Forecast","forecastTime":120,"surface1Type":103,"surface1TypeName":"Specified height level above ground","surface1Value":10.0,"surface2Type":255,"surface2TypeName":"Missing","surface2Value":0.0,"gridDefinitionTemplate":0,"gridDefinitionTemplateName":"Latitude_Longitude","numberPoints":615,"shape":6,"shapeName":"Earth spherical with radius of 6,371,229.0 m","gridUnits":"degrees","resolution":48,"winds":"true","scanMode":64,"nx":41,"ny":15,"basicAngle":0,"lo1":47.0,"la1":41.0,"lo2":87.0,"la2":55.0,"dx":1.0,"dy":1.0}, "data":
[rows 0 to 14 of 15, columns 0 to 40 of 41]
-0.60206723,0.48793274,-2.3920672,-7.8320675,-6.232067,-1.4620672,2.6179328,4.057933,4.2579327,3.3379328,1.3779328,-0.31206727,-0.37206727,-0.9320673,-2.4320672,-4.1220675,-4.752067,-2.3220673,-3.9820673,-2.4620674,-1.4220673,-1.7420672,-1.8520672,1.1279328,1.2079327,1.1279328,0.8879327,0.04793274,-1.0620673,0.21793275,1.0479327,1.8579327,-0.94206727,-1.8920673,-0.21206726,0.39793274,0.8179327,1.5479327,0.30793273,1.1179328,2.9879327
-1.4920672,-0.8720673,0.06793274,-1.7920673,-4.4720674,0.15793274,-1.4120673,3.9679327,2.8679328,1.1079327,2.6079328,-0.89206725,-1.7720673,-0.6220673,-2.3720672,-3.1820672,-2.8320673,-3.7920673,-4.5120673,-4.382067,-2.3720672,0.40793273,-1.2120672,0.96793276,2.7079327,2.8079329,2.6279328,1.6279328,0.087932736,1.7679328,-0.9320673,1.1979327,1.3779328,1.7979327,2.2579327,2.2679327,2.2779326,1.7479328,1.4279327,1.3079327,0.34793273
0.73793274,4.0279326,-0.22206727,1.8979328,0.34793273,1.1179328,2.1779327,0.8279327,4.017933,3.3379328,1.5179328,-1.1920673,-1.2320672,-1.0720673,-2.7020674,-4.382067,-4.8420672,-4.8420672,-4.982067,-6.2220674,-1.4520673,0.73793274,1.0479327,1.3479327,-1.7220672,-1.9620672,-1.5520673,-0.7320673,-0.51206726,-0.90206724,-0.42206725,1.6279328,-0.63206726,1.7579328,0.45793274,-2.3920672,-1.7920673,1.6979327,-1.3720672,0.5779327,1.1379328
1.6679327,1.2179327,1.3179327,-0.7420673,-0.25206727,1.0679327,1.0779327,2.5179327,2.9579327,2.0579329,1.4279327,-0.49206725,0.09793274,-0.6720673,-2.5920672,-4.7820673,-5.0820675,-4.942067,-6.022067,-6.5120673,0.07793274,-1.1320672,0.32793275,-1.2020673,-1.4920672,-1.2220672,-1.3420672,0.71793276,3.0979328,-0.48206726,-0.85206723,0.30793273,1.0279328,-0.0020672607,0.74793273,1.7579328,2.4779327,3.1579328,-3.1820672,-1.8620672,-0.63206726
3.7779326,2.2879326,1.2879328,-0.0020672607,-1.4220673,0.29793274,1.7679328,3.3379328,3.4379327,1.7379327,1.2079327,0.25793275,0.54793274,-0.5420673,-1.8320673,-3.6320672,-4.1620674,-4.6020675,-4.9320674,-4.312067,-1.5820673,-0.31206727,-2.0020673,-2.2320673,-1.5020672,-1.0620673,-1.3120673,-1.9520673,-1.9120673,-2.8420672,-2.6020672,-1.8420672,1.6679327,0.9379327,0.5179327,0.96793276,2.7879326,-0.13206726,-2.4520674,-0.8620673,-0.5620673
2.1479328,1.2179327,1.8679328,1.0179328,0.23793274,-0.26206726,1.6179328,1.8179327,1.5179328,1.4079328,1.2979327,1.1779327,0.74793273,0.73793274,-1.6620673,-3.3220673,-3.3220673,-3.8720672,-3.7520673,-2.7920673,-1.2120672,-1.0720673,-2.0620673,-1.9020673,-1.2620673,-0.53206724,-1.4420673,-2.2820673,-1.5620673,-1.4420673,-1.7420672,-1.5620673,-0.64206725,-1.5620673,-1.9920672,9.187933,-1.8820672,5.707933,-0.75206727,0.027932739,0.09793274
2.2479327,1.8879328,2.8879328,3.4779327,2.3979328,1.4779327,2.1779327,1.9379327,1.8779328,1.1279328,0.99793273,2.0579329,0.86793274,0.35793275,-0.092067264,-1.8720672,-2.9120672,-3.4420671,-3.2820673,-1.8820672,-2.5820673,-1.7520672,-1.7020673,-1.0220673,-0.66206723,-0.12206726,0.05793274,-0.45206726,-1.6720673,-1.5320673,-0.45206726,-0.06206726,-1.3020673,-0.35206726,2.5479326,1.7179327,2.1779327,2.5479326,2.2979326,3.0279326,0.7579327
4.1579328,4.0279326,3.9979327,3.8079329,3.5479326,2.7479327,2.8279328,2.0279326,1.4179327,0.79793274,-0.03206726,1.3579327,1.5079328,1.1079327,1.5379328,1.1179328,-0.51206726,-1.9220673,-2.4620674,-1.7920673,-1.9720672,-2.5320673,-3.0620673,-2.1920671,-1.3020673,0.89793277,0.41793275,0.38793275,-0.18206726,-1.8520672,-1.5020672,-1.2420672,0.6979327,-1.2720673,0.25793275,0.12793274,-1.6820673,0.80793273,-0.21206726,0.16793273,1.1679327
4.6779327,5.327933,5.3579326,4.937933,4.097933,3.8679328,3.1679327,1.8479327,1.7779328,1.1679327,0.5079327,0.60793275,0.29793274,1.7379327,2.1279328,2.8679328,1.9079328,1.1879327,0.28793275,-1.0620673,-0.89206725,-1.6720673,-2.4620674,-2.4420671,-2.8720672,-0.76206726,0.22793274,0.29793274,-0.40206727,-0.38206726,-0.37206727,-0.97206724,0.18793274,-0.49206725,-0.26206726,1.5979327,0.84793276,-0.6220673,1.6379328,1.8879328,0.53793275
4.2379327,4.327933,5.0279326,4.747933,3.9479327,3.5779328,3.3079329,3.4779327,2.4979327,1.5679327,1.6179328,1.5879327,1.5279328,0.78793275,2.2179327,2.6379328,2.9679327,2.0079327,1.9879327,1.8779328,1.0279328,0.73793274,-0.14206725,-0.8720673,-1.1220672,-0.8120673,-0.71206725,0.09793274,-0.20206726,-0.5520673,-0.36206725,0.80793273,1.2879328,0.65793276,0.06793274,0.15793274,0.28793275,1.6879327,0.6379327,0.6979327,2.0779328
4.6079326,4.597933,4.6079326,3.6579328,3.4479327,3.8479328,4.0879326,4.1979327,2.8879328,2.5179327,2.4279327,0.98793274,-0.02206726,2.0479326,1.7179327,3.0379326,4.0679326,2.9479327,2.3179328,2.9279327,2.1579328,2.5779328,1.7979327,1.5179328,1.0579327,0.10793274,-0.17206725,0.17793274,0.33793274,0.15793274,0.48793274,2.5879328,2.8679328,2.1379328,1.1679327,1.0079328,1.5979327,-0.03206726,1.3779328,1.0679327,0.8779327
4.5679326,5.097933,4.6279325,4.537933,4.057933,3.9879327,3.4679327,3.2079327,2.9179327,2.1079328,2.2479327,1.4379327,1.4079328,1.8779328,1.8879328,2.2079327,3.1579328,2.6879327,3.6179328,3.3979328,3.8879328,3.2979326,2.4279327,2.8179328,2.4279327,2.3279328,2.7779326,1.7879328,1.2979327,1.1279328,2.2579327,3.2479327,2.8679328,3.1079328,2.2079327,1.6279328,0.7079327,-0.72206724,-1.0820673,-1.0920672,-0.32206726
4.577933,5.747933,6.1479325,5.3779325,4.937933,3.5179327,3.9979327,4.0079327,4.4179325,3.9879327,2.1979327,1.3479327,1.5979327,1.6579328,1.9379327,1.7479328,2.3679328,2.5379326,3.2079327,3.0079327,4.3779325,4.537933,4.0079327,4.057933,3.8279328,3.7679327,3.6979327,3.6579328,3.4279327,3.1079328,2.9879327,3.5279326,3.4279327,3.2279327,3.1679327,3.1979327,2.8579328,1.9179327,2.4179327,2.0379326,0.8879327
5.937933,6.9079328,6.957933,6.577933,5.8979325,6.1279325,5.7179327,5.4279327,5.3379326,5.3779325,2.9379327,1.0379328,1.5979327,2.4879327,2.2779326,2.3579328,2.6979327,2.8579328,2.9579327,3.5879328,3.7979326,4.0679326,3.7579327,3.9579327,4.2179327,4.097933,4.0679326,4.187933,4.2979326,4.787933,4.4279327,4.207933,4.077933,4.1479325,3.7079327,4.0479326,3.4179327,2.9179327,3.0279326,2.8679328,3.2379327
4.2579327,5.977933,8.317933,7.2579327,7.017933,6.707933,6.4879327,6.497933,6.367933,6.117933,4.327933,4.977933,2.4379327,1.5879327,3.1979327,3.2279327,2.9079328,2.4279327,3.8279328,3.8479328,3.5879328,3.4979327,3.6979327,3.4779327,3.9479327,4.437933,5.267933,5.3979325,4.437933,4.887933,5.707933,5.7179327,4.687933,4.617933,4.367933,4.4879327,5.1479325,5.227933,4.767933,4.3179326,4.017933
