wind_kz.json
{"header": {"discipline":0,"disciplineName":"Meteorological products","gribEdition":2,"gribLength":1025,"center":7,"centerName":"US National Weather Service - NCEP(WMC)","subcenter":0,"refTime":"2023-08-28T00:00:00.000Z","significanceOfRT":1,"significanceOfRTName":"Start of forecast","productStatus":0,"productStatusName":"Operational products","productType":1,"productTypeName":"Forecast products","productDefinitionTemplate":0,"productDefinitionTemplateName":"Analysis/forecast at horizontal level/layer at a point in time","parameterCategory":2,"parameterCategoryName":"UnknownDiscipline_0_Category_2","parameterNumber":2,"parameterNumberName":"UnknownParameter_D0_C2_2","parameterUnit":"Unknown","genProcessType":2,"genProcessTypeName":"Forecast","forecastTime":120,"surface1Type":103,"surface1TypeName":"Specified height level above ground","surface1Value":10.0,"surface2Type":255,"surface2TypeName":"Missing","surface2Value":0.0,"gridDefinitionTemplate":0,"gridDefinitionTemplateName":"Latitude_Longitude","numberPoints":615,"shape":6,"shapeName":"Earth spherical with radius of 6,371,229.0 m","gridUnits":"degrees","resolution":48,"winds":"true","scanMode":64,"nx":41,"ny":15,"basicAngle":0,"lo1":47.0,"la1":41.0,"lo2":87.0,"la2":55.0,"dx":1.0,"dy":1.0}, "data":
[rows 0 to 14 of 15, columns 0 to 40 of 41]
-2.4965405,-0.17654052,0.25345948,-1.0265405,-1.6765405,-1.2565405,-2.1665406,-3.2865405,-4.5965405,-2.5565405,-2.5865405,-2.1865406,-2.2465405,-1.9865406,-2.0865405,-1.5565405,0.6434595,-2.3065405,-3.3165405,-1.6065406,-0.04654053,1.4734595,-1.3765405,-0.81654054,-0.12654053,-2.0965405,-2.8965406,-0.33654052,0.09345947,0.38345948,0.32345948,1.6334594,-0.10654053,0.7934595,-3.7065406,-1.4765406,-3.7865405,-3.6465406,-3.0465405,0.76345944,-0.62654054
0.7834595,0.44345948,-2.3365405,-2.0565405,-1.4165405,-3.4565406,-2.9265406,-4.3765407,-1.9165405,-0.8965405,-0.7965405,-2.1265404,-2.2365406,-2.3965406,-1.9765406,-2.8665404,-1.6265405,-1.7865405,0.30345947,-2.4065406,-0.42654052,-0.12654053,0.18345948,-2.1565406,-0.29654053,1.7834594,-0.4065405,0.56345946,-0.0065405276,-1.0565405,-0.19654053,-0.37654054,0.74345946,-1.5365405,0.45345947,0.073459476,-1.3065405,-0.46654052,0.7234595,2.1334596,-0.99654055
-1.7965405,-4.6065407,-4.0565405,-4.3765407,-4.3765407,-3.4365406,-2.5965405,-0.26654053,-1.6065406,-0.4365405,-0.11654053,0.68345946,0.63345945,-0.9165405,-1.2665405,0.16345948,2.1234596,3.0334594,3.0534594,2.6334596,1.8534595,2.2734594,-1.0665405,-0.7665405,0.23345947,-1.1465405,-0.08654053,-0.68654054,-1.5765405,-0.6665405,-1.0365405,0.28345948,-1.2665405,0.47345948,0.55345947,-1.7865405,0.6734595,0.49345946,-0.27654052,0.9534595,1.5934595
-3.2165406,-5.0765405,-4.3465405,-4.3665404,-3.3465405,-2.0265405,0.18345948,0.0034594727,1.3434595,1.8434595,2.1834595,2.0234594,2.1234596,2.1234596,2.3734596,2.7934594,2.9934595,3.3834596,3.4334595,3.8734596,2.9634595,0.6434595,-0.7065405,-0.10654053,0.88345945,2.5534594,1.9734595,0.29345948,-0.9765405,-2.3865404,-2.7265406,-2.8865404,3.7534595,1.8134595,2.4534595,1.9534595,0.35345948,1.9534595,0.63345945,0.48345947,3.3034594
-2.2165406,-2.5665405,-0.9065405,0.26345947,0.75345945,1.7334595,1.9634595,3.0134594,3.6134596,3.1634595,3.3834596,4.2334595,5.4234595,6.6034594,6.2734594,4.3834596,4.4334593,3.8334594,3.3734596,1.5034595,-0.34654054,-0.49654052,-0.7865405,-0.19654053,0.7334595,1.6734595,0.8534595,3.3134594,0.053459473,-1.4665406,-3.3165405,-4.3065405,0.073459476,3.3434594,1.2634594,1.7434595,8.37346,3.1834595,2.6934595,-0.066540524,-0.14654052
0.50345945,1.4534595,2.9834595,4.2534595,5.8034596,5.3734593,3.9234595,3.3334594,3.3134594,3.6934595,2.8834596,1.6734595,2.2634594,-1.0665405,2.0034595,3.2234595,6.9034595,6.1934595,4.8334594,4.3234596,3.2134595,1.8734595,2.1534595,2.1134596,2.4334595,3.3634596,4.1334596,5.0634594,2.1034594,1.5834595,-0.34654054,0.23345947,-0.0065405276,0.74345946,6.4534593,10.853459,1.9334595,3.3534594,9.483459,3.9034595,0.46345946
2.6534595,2.9234595,2.9134595,1.0534595,1.8934594,2.1634595,2.0034595,2.4034595,3.0134594,3.3034594,2.4734595,3.0234594,3.5334594,3.8634596,3.9234595,4.1134596,4.0134597,4.1634593,5.1234593,4.7934594,5.7934594,4.4334593,3.9334595,3.6434596,3.2234595,3.6334596,4.5834594,3.8134594,3.3634596,2.3434594,1.2134595,-0.33654052,1.6134595,2.6934595,4.4334593,4.9134593,0.06345947,0.57345945,1.6734595,-0.19654053,6.8334594
-0.8365405,-1.2265406,0.93345946,1.7034595,2.3334594,2.7734594,2.7834594,2.3134594,3.0634594,3.0334594,3.2334595,4.3434596,4.1234593,4.7434597,6.7634597,6.2634597,6.3134594,5.4534593,5.4734592,4.8934593,5.4334593,5.1734595,4.6834593,3.0534594,2.0834594,1.9134594,4.4534593,1.5934595,4.4534593,0.99345946,0.073459476,3.5934594,1.0534595,5.4834595,0.28345948,7.3734593,6.6534595,4.6534595,5.2234592,5.8134594,-0.16654053
0.41345948,1.8434595,2.4034595,1.8834594,2.9634595,2.5234594,2.7734594,2.5434594,2.5734594,3.5034595,3.9134595,4.0534596,5.7734594,4.7534595,5.6334596,5.6734595,7.1434593,5.7934594,6.9034595,7.2634597,6.4334593,6.2534595,4.8434596,2.2334595,3.1434596,3.1934595,3.5734594,0.18345948,-0.10654053,-1.6865405,-1.8065405,1.7734594,3.3234594,1.1134595,2.2834594,2.2434595,2.1334596,1.5834595,0.43345946,0.80345947,-0.07654053
1.6534594,2.0934594,2.1334596,1.7934594,1.5834595,1.7234595,2.0434594,2.0534594,2.8334594,3.5334594,3.3034594,2.7434595,-0.88654053,1.7634594,3.8234594,6.0134597,6.2934594,7.6934595,7.1934595,8.433459,7.0134597,5.7134595,5.6734595,2.5434594,1.8534595,0.7734595,0.9834595,0.9234595,0.023459472,-1.2265406,-1.5665405,-1.2765405,0.94345945,0.5834595,0.9834595,0.55345947,-1.3365406,-1.0265405,-0.56654054,0.6434595,-0.44654053
0.94345945,0.76345944,1.0034595,1.5634595,1.7734594,1.2834594,1.9334595,2.4534595,1.7334595,1.2034595,-0.08654053,0.04345947,1.2534595,2.0034595,2.1234596,1.8234595,1.5734595,3.1934595,4.9234595,6.6634593,4.7734594,6.2934594,2.2034595,1.9634595,1.3034595,1.2334595,0.50345945,0.7834595,1.0434594,1.2734594,1.6534594,0.3434595,-0.48654053,2.2734594,1.8634595,0.7134595,-1.1365405,-0.29654053,-0.98654056,0.55345947,-0.63654053
0.25345948,0.9634595,0.7134595,0.42345947,1.0634595,1.0334594,1.0134594,1.2734594,0.9534595,0.39345947,-0.69654053,1.4634595,2.2034595,1.9634595,1.8534595,2.5134594,2.8234594,2.4834595,1.6434594,3.2234595,3.8834596,2.3434594,0.29345948,-0.25654054,2.0434594,1.1034595,0.33345947,0.5834595,0.24345948,-0.47654054,1.0734595,0.5934595,-0.096540526,3.0434594,1.8034595,2.3134594,2.3634596,-1.6365405,-0.44654053,-0.74654055,-0.63654053
1.0534595,1.1034595,0.6534595,0.21345948,0.9734595,0.93345946,0.75345945,0.8434595,-0.34654054,0.49345946,0.30345947,1.6334594,1.6734595,1.1634594,1.7534595,2.5634594,1.9534595,2.0834594,2.0734594,1.0034595,-1.2865405,-0.07654053,-1.8065405,-2.9465406,-1.4065405,-0.61654055,-0.096540526,-0.49654052,-0.6465405,-0.056540526,-0.9065405,0.99345946,1.3634595,2.4734595,3.6534595,0.87345946,-1.3665406,-1.8865405,-2.5165405,-1.8865405,-1.1265405
0.9734595,-0.10654053,0.99345946,0.12345947,0.9534595,1.6034595,0.8434595,0.013459473,0.053459473,0.86345947,0.47345948,1.1234595,1.6634594,2.1834595,1.3134595,2.4634595,1.4934595,0.43345946,0.51345944,-0.93654054,-1.4665406,-0.98654056,-1.2965405,-2.2165406,-1.4565406,-1.4865406,-1.4865406,-1.1365405,-1.3865405,-1.1565405,-1.1765405,0.82345945,1.9134594,2.3834596,-0.18654053,-1.8965405,-2.5765405,-1.8565406,-1.3465406,-1.1965405,-0.74654055
-0.49654052,-0.056540526,0.7134595,-0.31654054,0.94345945,1.3334595,1.4334595,-0.45654052,-0.30654052,0.43345946,0.76345944,1.1134595,1.1434594,0.9534595,1.0234594,1.4434595,1.0634595,0.63345945,-0.16654053,-0.4365405,-0.99654055,-1.4365405,-1.3165405,-2.0965405,-2.2065406,-2.1865406,-1.8565406,-1.4165405,-2.0265405,-1.5565405,1.1134595,0.7134595,-0.8265405,-1.1465405,-1.8965405,0.7234595,-1.7865405,-0.7265405,-2.6265404,-1.8665406,-1.0565405
