wind_kz.json
{"header": {"discipline":0,"disciplineName":"Meteorological products","gribEdition":2,"gribLength":948,"center":7,"centerName":"US National Weather Service - NCEP(WMC)","subcenter":0,"refTime":"2023-08-19T18:00:00.000Z","significanceOfRT":1,"significanceOfRTName":"Start of forecast","productStatus":0,"productStatusName":"Operational products","productType":1,"productTypeName":"Forecast products","productDefinitionTemplate":0,"productDefinitionTemplateName":"Analysis/forecast at horizontal level/layer at a point in time","parameterCategory":0,"parameterCategoryName":"UnknownDiscipline_0_Category_0","parameterNumber":0,"parameterNumberName":"UnknownParameter_D0_C0_0","parameterUnit":"Unknown","genProcessType":2,"genProcessTypeName":"Forecast","forecastTime":60,"surface1Type":1,"surface1TypeName":"Ground or water surface","surface1Value":0.0,"surface2Type":255,"surface2TypeName":"Missing","surface2Value":0.0,"gridDefinitionTemplate":0,"gridDefinitionTemplateName":"Latitude_Longitude","numberPoints":615,"shape":6,"shapeName":"Earth spherical with radius of 6,371,229.0 m","gridUnits":"degrees","resolution":48,"winds":"true","scanMode":64,"nx":41,"ny":15,"basicAngle":0,"lo1":47.0,"la1":41.0,"lo2":87.0,"la2":55.0,"dx":1.0,"dy":1.0}, "data":
[rows 0 to 14 of 15, columns 0 to 40 of 41]
312.94452,298.24454,309.34454,299.54453,299.54453,298.44452,314.64453,323.94452,321.04453,322.04453,321.94452,322.04453,321.74454,319.64453,318.34454,318.54453,318.54453,318.24454,324.74454,322.24454,325.94452,321.44452,317.54453,317.84454,318.44452,319.44452,315.04453,305.74454,304.04453,295.14453,296.64453,290.24454,308.94452,321.04453,328.04453,327.84454,330.04453,327.14453,330.24454,330.74454,329.44452
291.54453,306.84454,299.64453,299.94452,299.64453,298.44452,321.94452,321.34454,319.74454,320.24454,321.04453,318.84454,321.94452,317.54453,319.14453,319.74454,320.44452,323.24454,323.94452,328.24454,328.34454,322.74454,320.04453,311.54453,296.94452,299.54453,312.14453,308.54453,307.14453,291.04453,302.34454,289.64453,300.34454,275.14453,300.44452,314.84454,318.94452,318.84454,324.64453,314.24454,286.74454
311.34454,300.04453,300.34454,300.44452,298.54453,317.74454,317.64453,318.54453,318.94452,317.64453,318.34454,319.04453,319.24454,319.24454,318.64453,318.04453,320.94452,324.44452,325.94452,325.94452,327.54453,321.84454,322.64453,315.84454,320.34454,314.34454,314.74454,315.64453,315.04453,303.54453,292.64453,298.84454,306.94452,312.04453,309.84454,307.24454,300.24454,299.84454,302.04453,297.74454,298.74454
312.64453,300.84454,300.34454,299.64453,302.44452,317.14453,317.94452,316.84454,319.24454,318.44452,317.74454,317.04453,296.64453,296.24454,315.54453,321.14453,316.14453,318.84454,319.94452,323.84454,320.14453,314.74454,321.04453,321.84454,325.24454,325.24454,328.14453,323.24454,321.24454,326.04453,324.44452,314.14453,320.34454,322.84454,321.24454,315.44452,301.84454,302.14453,303.14453,315.94452,320.04453
315.54453,300.84454,300.64453,300.04453,306.54453,316.64453,306.14453,315.64453,319.04453,313.74454,320.14453,318.24454,297.04453,295.74454,293.14453,317.84454,318.24454,316.14453,317.04453,317.24454,320.24454,323.14453,322.14453,310.24454,322.54453,323.64453,322.44452,314.54453,323.34454,321.14453,308.84454,318.54453,305.14453,299.64453,306.04453,317.54453,311.14453,328.24454,326.84454,320.84454,321.94452
315.74454,316.14453,299.44452,299.44452,299.84454,299.74454,320.54453,322.84454,318.84454,318.34454,316.14453,318.04453,299.34454,296.04453,305.94452,315.74454,318.54453,318.84454,320.64453,316.84454,313.84454,320.84454,323.74454,316.24454,320.44452,312.64453,318.94452,295.74454,321.84454,320.14453,313.94452,318.34454,318.44452,315.84454,311.34454,310.44452,308.74454,310.34454,326.04453,323.84454,322.74454
313.34454,315.24454,314.74454,319.14453,312.54453,317.64453,312.54453,320.14453,316.94452,315.74454,318.44452,317.64453,317.14453,318.34454,319.64453,315.54453,318.04453,318.14453,319.34454,320.74454,320.34454,318.34454,317.94452,316.64453,315.44452,315.94452,317.24454,318.94452,321.04453,322.54453,321.44452,323.24454,322.24454,319.74454,319.04453,316.94452,311.04453,307.24454,304.04453,303.94452,313.84454
317.04453,316.84454,319.34454,319.14453,318.24454,319.04453,320.14453,318.44452,317.84454,317.44452,317.54453,315.34454,317.14453,316.94452,319.14453,317.64453,319.94452,318.34454,318.74454,317.84454,318.14453,318.24454,317.74454,318.04453,311.24454,312.24454,311.64453,304.54453,311.44452,314.54453,317.34454,316.44452,314.64453,309.44452,313.74454,317.74454,318.14453,290.04453,314.34454,315.34454,311.64453
315.84454,316.24454,316.64453,315.24454,316.04453,315.94452,317.34454,316.04453,316.14453,315.84454,314.34454,313.44452,313.84454,317.74454,317.74454,318.84454,317.84454,319.84454,317.04453,316.54453,313.04453,309.24454,313.94452,307.94452,308.74454,308.14453,304.44452,302.64453,304.94452,301.74454,306.94452,308.34454,310.34454,311.44452,312.74454,310.94452,310.44452,306.94452,298.74454,298.74454,299.14453
311.94452,308.64453,313.34454,314.24454,316.24454,316.84454,314.54453,312.34454,312.34454,311.74454,309.74454,308.94452,313.14453,314.64453,308.44452,315.74454,314.24454,315.74454,316.84454,317.04453,313.74454,314.24454,301.34454,302.74454,310.94452,307.44452,304.34454,303.14453,304.24454,308.64453,307.84454,309.54453,310.84454,312.14453,312.34454,307.04453,304.34454,298.64453,300.04453,296.94452,298.14453
299.94452,306.54453,308.74454,309.34454,309.64453,308.24454,308.64453,308.24454,307.44452,306.74454,306.34454,307.34454,310.44452,310.14453,310.04453,301.24454,310.74454,310.54453,311.74454,310.64453,310.94452,310.24454,308.44452,309.54453,308.74454,307.44452,306.14453,307.44452,307.24454,305.74454,309.14453,310.14453,309.64453,307.54453,309.14453,307.84454,299.54453,298.34454,302.74454,298.04453,296.04453
303.14453,304.84454,305.64453,305.04453,305.04453,304.74454,303.64453,302.64453,302.24454,302.74454,301.34454,305.84454,306.64453,307.74454,308.04453,306.14453,302.04453,299.04453,304.64453,303.84454,303.74454,302.64453,304.14453,306.54453,305.14453,306.34454,306.34454,308.54453,311.94452,311.54453,308.14453,308.14453,305.54453,304.54453,304.14453,305.54453,304.24454,304.04453,300.84454,300.84454,300.64453
295.94452,300.54453,302.74454,301.64453,300.54453,299.84454,302.74454,303.84454,303.94452,299.64453,294.24454,296.44452,300.54453,301.04453,301.44452,294.24454,303.14453,300.74454,299.04453,298.14453,299.54453,300.34454,298.34454,298.74454,302.64453,304.64453,307.64453,304.14453,302.94452,305.74454,307.44452,305.54453,304.84454,304.34454,303.64453,301.14453,302.64453,301.14453,300.84454,300.24454,298.74454
297.94452,298.24454,296.24454,299.44452,299.94452,298.64453,298.04453,297.34454,297.94452,298.54453,292.14453,290.94452,297.74454,295.84454,296.34454,296.64453,296.74454,296.74454,299.24454,300.14453,298.54453,300.54453,300.94452,302.44452,303.64453,304.64453,296.84454,297.84454,303.84454,306.04453,303.94452,299.64453,301.44452,299.44452,298.84454,298.54453,299.94452,297.84454,297.94452,295.84454,297.64453
294.24454,300.24454,291.74454,296.04453,294.94452,294.44452,294.54453,294.84454,296.14453,296.14453,292.04453,294.34454,289.94452,292.04453,294.94452,296.64453,297.54453,298.94452,299.54453,298.04453,299.04453,299.84454,300.94452,299.64453,299.44452,299.64453,300.24454,301.54453,301.54453,294.94452,291.24454,289.84454,299.14453,299.14453,298.54453,298.64453,298.94452,298.74454,299.44452,296.94452,296.44452
