wind_kz.json
{"header": {"discipline":0,"disciplineName":"Meteorological products","gribEdition":2,"gribLength":794,"center":7,"centerName":"US National Weather Service - NCEP(WMC)","subcenter":0,"refTime":"2023-09-26T06:00:00.000Z","significanceOfRT":1,"significanceOfRTName":"Start of forecast","productStatus":0,"productStatusName":"Operational products","productType":1,"productTypeName":"Forecast products","productDefinitionTemplate":0,"productDefinitionTemplateName":"Analysis/forecast at horizontal level/layer at a point in time","parameterCategory":2,"parameterCategoryName":"UnknownDiscipline_0_Category_2","parameterNumber":3,"parameterNumberName":"UnknownParameter_D0_C2_3","parameterUnit":"Unknown","genProcessType":2,"genProcessTypeName":"Forecast","forecastTime":300,"surface1Type":103,"surface1TypeName":"Specified height level above ground","surface1Value":10.0,"surface2Type":255,"surface2TypeName":"Missing","surface2Value":0.0,"gridDefinitionTemplate":0,"gridDefinitionTemplateName":"Latitude_Longitude","numberPoints":615,"shape":6,"shapeName":"Earth spherical with radius of 6,371,229.0 m","gridUnits":"degrees","resolution":48,"winds":"true","scanMode":64,"nx":41,"ny":15,"basicAngle":0,"lo1":47.0,"la1":41.0,"lo2":87.0,"la2":55.0,"dx":1.0,"dy":1.0}, "data":
[rows 0 to 14 of 15, columns 0 to 40 of 41]
-0.6993286,-2.4993286,1.2006714,6.200671,4.4006715,0.6006714,2.7006714,2.5006714,1.3006713,0.8006714,0.10067139,-0.19932862,-0.8993286,-1.4993286,-1.6993287,-2.7993286,-2.5993285,-4.1993284,-5.5993285,-3.2993286,-2.6993287,-3.3993287,0.4006714,-1.7993286,-2.5993285,-0.7993286,-1.0993286,0.8006714,2.7006714,1.6006714,-2.1993287,-0.59932864,1.2006714,-2.5993285,1.1006714,-0.6993286,0.10067139,-0.099328615,-2.5993285,6.713867E-4,-0.8993286
3.9006715,1.1006714,1.3006713,5.1006713,4.6006713,-0.4993286,2.2006714,3.4006715,2.5006714,2.0006714,0.90067136,-0.39932862,-0.8993286,-0.9993286,-1.9993286,-1.8993286,-1.7993286,-2.7993286,-4.9993286,-4.299329,-4.5993285,-5.0993285,-1.2993286,1.6006714,-0.099328615,-2.8993287,-3.4993286,-1.1993287,-1.5993286,-0.19932862,0.20067139,0.10067139,-0.59932864,1.4006714,1.8006713,0.6006714,0.20067139,-2.0993285,-0.19932862,-1.5993286,1.7006714
0.4006714,1.1006714,3.5006714,4.3006716,2.8006713,2.1006713,4.0006714,3.6006713,3.1006713,1.8006713,1.4006714,0.10067139,-0.59932864,-1.2993286,-1.2993286,-1.8993286,-2.0993285,-2.0993285,-1.8993286,-2.2993286,-2.7993286,-6.1993284,-4.9993286,-2.8993287,-1.3993286,-0.39932862,-0.099328615,-0.099328615,-0.7993286,0.4006714,2.9006715,0.8006714,0.8006714,0.90067136,0.6006714,-1.3993286,-0.4993286,-3.0993285,-1.2993286,1.0006714,0.5006714
1.5006714,2.9006715,3.0006714,3.1006713,3.0006714,5.8006716,6.200671,5.3006716,3.1006713,2.2006714,0.8006714,-0.4993286,1.0006714,0.6006714,-0.29932863,-1.2993286,-1.6993287,-2.1993287,-2.9993286,-3.9993286,-2.8993287,-3.0993285,0.10067139,-2.8993287,-1.9993286,-2.2993286,-3.0993285,-1.4993286,1.0006714,0.10067139,-0.6993286,-0.9993286,-1.0993286,-0.099328615,0.10067139,1.0006714,1.3006713,1.0006714,-0.9993286,-0.6993286,-0.39932862
2.2006714,3.4006715,3.1006713,0.4006714,2.9006715,5.1006713,5.1006713,4.5006714,4.3006716,3.0006714,2.7006714,1.1006714,-0.4993286,-0.7993286,0.10067139,-0.59932864,-0.9993286,-1.5993286,-1.8993286,-2.4993286,-2.7993286,-1.8993286,-2.3993287,-1.3993286,-1.5993286,-1.6993287,-2.6993287,-2.6993287,-2.2993286,-2.1993287,-1.8993286,-0.59932864,0.5006714,1.4006714,6.713867E-4,-0.59932864,-0.8993286,-0.19932862,1.2006714,-0.59932864,-2.2993286
2.1006713,1.8006713,1.8006713,-0.39932862,6.3006716,4.5006714,4.700671,5.3006716,5.1006713,3.8006713,2.4006715,1.6006714,-0.4993286,1.2006714,1.1006714,0.6006714,-0.19932862,-0.099328615,-1.0993286,-1.3993286,-1.8993286,-1.1993287,-1.3993286,-0.7993286,0.3006714,-0.9993286,-1.0993286,-1.7993286,-2.9993286,-3.4993286,-3.0993285,-2.6993287,-2.0993285,0.4006714,1.5006714,-1.1993287,0.20067139,-2.1993287,-3.0993285,0.10067139,-3.9993286
3.7006714,3.5006714,2.6006713,2.1006713,3.7006714,4.6006713,5.200671,4.9006715,5.8006716,5.5006714,3.4006715,2.5006714,1.9006714,1.7006714,0.5006714,1.4006714,0.6006714,0.5006714,0.8006714,6.713867E-4,-0.8993286,-1.5993286,-1.7993286,-1.2993286,-0.6993286,0.3006714,-0.39932862,-0.8993286,-1.8993286,-2.1993287,-3.5993285,-5.299329,-4.299329,-7.8993287,0.10067139,-1.7993286,-2.4993286,-2.7993286,-2.1993287,-1.6993287,-7.799329
4.6006713,5.5006714,5.5006714,4.3006716,3.9006715,5.0006714,5.6006713,4.6006713,6.700671,6.1006713,6.0006714,4.200671,3.6006713,2.7006714,2.4006715,1.9006714,1.5006714,0.6006714,1.1006714,1.8006713,1.1006714,0.4006714,-0.6993286,-0.39932862,-0.39932862,-0.19932862,-0.9993286,-2.2993286,-0.6993286,-2.0993285,-1.8993286,-1.7993286,-3.7993286,-3.7993286,-1.3993286,-1.1993287,-2.9993286,-3.3993287,0.8006714,1.6006714,-1.0993286
2.7006714,7.200671,7.6006713,6.6006713,6.0006714,6.0006714,6.0006714,4.8006716,4.200671,5.9006715,5.1006713,4.5006714,3.6006713,3.9006715,3.8006713,3.5006714,3.2006714,2.4006715,2.0006714,1.9006714,2.3006713,2.1006713,2.5006714,1.8006713,1.2006714,0.8006714,-0.099328615,-0.6993286,-0.4993286,-0.7993286,0.4006714,0.90067136,0.10067139,-1.4993286,-1.1993287,-2.0993285,-2.9993286,-1.0993286,-4.299329,-2.7993286,-2.9993286
-3.5993285,4.9006715,8.000671,8.500671,8.000671,7.200671,7.1006713,6.5006714,6.5006714,5.700671,5.0006714,4.5006714,4.200671,4.200671,4.200671,3.8006713,3.9006715,3.6006713,3.3006713,2.9006715,2.9006715,2.3006713,1.9006714,2.6006713,2.2006714,1.7006714,1.0006714,-0.29932863,-0.8993286,-1.0993286,0.10067139,2.4006715,3.4006715,1.5006714,0.90067136,-0.7993286,-0.6993286,-0.7993286,-0.7993286,-0.4993286,-0.59932864
-3.0993285,-4.299329,3.8006713,7.9006715,9.000671,9.100672,9.000671,8.600672,7.3006716,6.8006716,6.5006714,4.6006713,4.4006715,4.700671,4.200671,4.3006716,4.200671,3.9006715,3.7006714,3.7006714,3.5006714,3.2006714,2.3006713,2.5006714,2.2006714,2.3006713,1.5006714,1.7006714,1.9006714,1.0006714,0.3006714,-0.6993286,3.0006714,2.4006715,2.8006713,1.3006713,-0.29932863,-0.8993286,-1.4993286,-1.0993286,-0.099328615
-1.1993287,-2.5993285,-3.5993285,0.20067139,7.5006714,9.000671,8.100672,8.600672,7.1006713,6.5006714,4.6006713,5.1006713,5.3006716,5.0006714,4.8006716,5.0006714,4.700671,4.3006716,4.1006713,3.9006715,3.7006714,3.1006713,2.8006713,2.6006713,2.6006713,2.4006715,3.4006715,2.7006714,2.6006713,2.1006713,1.7006714,1.6006714,1.8006713,2.6006713,2.7006714,2.5006714,2.2006714,1.8006713,1.4006714,0.90067136,1.6006714
1.8006713,0.20067139,-1.3993286,-1.1993287,-2.7993286,4.0006714,7.9006715,8.800672,9.600672,8.000671,4.700671,4.4006715,5.5006714,5.6006713,5.3006716,4.9006715,4.6006713,4.6006713,4.6006713,4.0006714,4.700671,4.200671,3.9006715,3.4006715,3.0006714,3.1006713,2.9006715,2.1006713,2.8006713,2.9006715,2.8006713,2.1006713,2.1006713,2.7006714,2.7006714,3.2006714,2.6006713,1.5006714,0.90067136,0.10067139,0.6006714
4.6006713,3.5006714,2.7006714,-0.4993286,-0.59932864,-0.9993286,1.3006713,6.200671,5.0006714,7.700671,5.6006713,3.6006713,4.4006715,6.4006715,5.700671,5.4006715,5.1006713,4.700671,4.1006713,4.5006714,4.200671,4.3006716,3.9006715,3.8006713,3.5006714,3.2006714,2.5006714,2.9006715,3.0006714,3.3006713,3.5006714,3.1006713,2.9006715,3.2006714,2.4006715,2.6006713,2.5006714,2.2006714,1.7006714,0.8006714,0.6006714
2.6006713,3.5006714,5.3006716,4.4006715,2.1006713,2.2006714,1.2006714,-0.099328615,0.5006714,1.0006714,1.0006714,1.9006714,3.0006714,2.8006713,4.3006716,4.4006715,4.4006715,4.4006715,4.5006714,4.5006714,4.5006714,4.0006714,3.8006713,3.8006713,3.6006713,3.6006713,3.6006713,3.5006714,3.7006714,4.0006714,4.1006713,4.8006716,3.3006713,3.3006713,3.4006715,3.2006714,3.0006714,3.1006713,2.6006713,2.3006713,1.3006713
