wind_kz.json
[{"header":{"discipline":0,"disciplineName":"Meteorological products","gribEdition":2,"gribLength":948,"center":7,"centerName":"US National Weather Service - NCEP(WMC)","subcenter":0,"refTime":"2023-09-26T12:00:00.000Z","significanceOfRT":1,"significanceOfRTName":"Start of forecast","productStatus":0,"productStatusName":"Operational products","productType":1,"productTypeName":"Forecast products","productDefinitionTemplate":0,"productDefinitionTemplateName":"Analysis/forecast at horizontal level/layer at a point in time","parameterCategory":0,"parameterCategoryName":"UnknownDiscipline_0_Category_0","parameterNumber":0,"parameterNumberName":"UnknownParameter_D0_C0_0","parameterUnit":"Unknown","genProcessType":2,"genProcessTypeName":"Forecast","forecastTime":240,"surface1Type":1,"surface1TypeName":"Ground or water surface","surface1Value":0.0,"surface2Type":255,"surface2TypeName":"Missing","surface2Value":0.0,"gridDefinitionTemplate":0,"gridDefinitionTemplateName":"Latitude_Longitude","numberPoints":615,"shape":6,"shapeName":"Earth spherical with radius of 6,371,229.0 m","gridUnits":"degrees","resolution":48,"winds":"true","scanMode":64,"nx":41,"ny":15,"basicAngle":0,"lo1":47.0,"la1":41.0,"lo2":87.0,"la2":55.0,"dx":1.0,"dy":1.0},"data":[300.9,289.5,292.1,292.9,293.8,292.4,299.7,306.3,305.3,306.1,304.3,305.4,303.6,304.8,304.3,304.5,304.1,302.4,302.6,301.6,302.1,297.5,299.2,294.7,297.6,299.9,294.8,282.6,277.3,278.5,276.4,275.5,288.5,294.1,294.4,294.6,292.8,293.0,294.7,294.4,292.3,274.5,288.9,292.1,292.6,293.4,291.6,305.4,304.1,303.5,303.4,304.5,303.6,304.1,302.7,302.1,302.2,302.6,302.7,301.0,300.9,301.1,299.1,296.2,288.7,278.6,280.1,288.0,282.4,282.2,275.6,281.8,271.7,278.4,252.7,276.1,291.1,288.9,291.2,293.6,287.2,284.0,291.2,291.8,292.3,292.3,291.1,301.2,302.2,302.6,301.2,301.1,300.4,300.8,297.3,298.2,302.4,302.6,300.9,301.0,300.5,300.1,300.3,299.2,298.8,292.1,294.3,294.0,295.3,295.1,294.2,284.7,274.6,277.1,282.6,282.3,283.8,282.9,276.6,278.6,279.2,273.6,274.0,291.1,291.1,292.0,291.7,293.1,298.9,301.0,300.4,300.3,300.2,297.8,298.3,290.2,289.7,297.7,299.2,301.3,301.7,300.0,299.6,299.0,294.7,297.8,298.0,297.4,297.7,298.1,296.1,294.4,294.6,295.1,291.1,295.9,291.6,291.1,286.2,275.8,269.0,278.8,286.9,290.3,299.6,290.7,291.6,290.8,291.9,297.2,296.9,300.5,299.7,298.1,294.4,294.8,289.0,288.0,287.1,299.6,301.0,299.8,299.2,298.0,298.4,298.7,297.3,296.9,297.1,296.6,295.8,291.1,296.1,295.3,297.7,294.1,281.6,271.1,281.8,289.6,291.7,293.6,294.1,294.0,293.3,297.4,293.1,289.8,290.5,290.5,290.1,292.7,297.9,297.9,298.5,298.6,294.7,289.8,289.7,291.8,298.5,299.7,298.9,298.8,298.3,297.8,296.4,295.9,295.5,295.1,293.6,293.5,286.5,295.2,295.5,293.4,294.5,293.6,291.7,287.6,291.0,283.8,286.0,291.5,291.5,291.6,289.9,292.7,292.0,295.6,293.2,289.4,289.7,291.0,296.0,297.8,297.7,298.0,297.0,296.0,296.2,296.2,297.5,298.9,297.3,297.1,296.0,296.3,296.0,295.7,293.8,293.5,292.9,294.0,292.4,293.1,292.6,292.1,292.1,293.0,292.1,289.5,283.4,280.9,278.7,276.5,286.8,289.6,291.1,293.6,291.8,293.6,291.1,289.7,287.4,287.3,294.7,295.6,295.5,296.0,296.1,296.5,296.3,296.8,297.5,296.9,294.3,293.7,294.1,293.6,292.6,291.5,289.1,289.7,290.2,288.8,290.0,288.8,289.2,287.6,285.2,286.1,286.9,287.9,285.7,288.1,287.6,283.0,292.6,291.9,289.4,290.2,291.8,291.0,288.2,286.3,285.5,287.5,292.8,293.6,293.5,295.4,294.4,295.8,294.7,295.6,294.5,293.8,292.0,291.7,292.2,291.3,289.2,289.1,287.1,286.2,285.7,283.9,284.5,285.0,286.5,286.9,287.0,284.1,283.5,283.6,266.2,268.2,266.5,291.3,291.7,290.4,288.3,288.5,288.7,292.8,286.6,284.8,284.0,285.9,292.1,293.0,292.9,293.3,293.4,293.9,293.7,293.2,292.8,291.5,291.8,292.1,291.2,290.1,288.1,287.6,287.0,286.1,285.4,285.4,286.8,287.9,287.5,286.6,285.4,283.3,277.4,272.9,274.5,270.9,289.4,289.7,287.9,287.1,289.0,288.8,287.5,291.3,284.0,284.2,284.2,289.7,292.1,291.6,291.6,291.9,291.8,292.1,291.3,290.3,290.7,290.6,290.1,289.7,288.7,288.3,286.0,287.4,287.1,288.2,287.8,287.5,286.1,288.0,287.5,284.0,280.1,277.3,277.8,277.8,275.3,285.6,286.9,286.3,284.2,285.5,288.0,286.6,285.8,286.4,287.7,283.2,284.3,288.8,289.3,290.1,290.8,290.5,290.0,290.1,289.3,288.5,287.6,287.6,288.2,287.2,288.0,287.5,287.9,287.7,287.1,286.7,286.2,286.8,283.3,285.0,284.2,284.1,283.5,282.2,281.4,281.0,282.1,283.8,285.8,284.3,285.0,283.4,285.2,284.9,283.6,283.9,282.8,282.5,287.5,286.6,288.7,289.1,289.5,289.0,289.4,288.0,287.9,287.0,286.7,286.9,288.0,288.7,289.8,288.7,288.2,287.1,286.9,286.1,285.7,284.4,284.1,284.0,282.6,284.5,282.6,281.3,282.1,281.5,283.1,284.3,283.4,283.6,284.1,284.2,283.8,282.0,281.6,280.5,281.5,283.2,285.3,286.6,287.5,288.0,287.3,287.7,287.9,288.0,287.6,287.8,287.3,287.8,289.4,288.8,288.5,287.4,287.0,286.2,285.2,283.9,282.7,282.7,280.8,281.2,280.7,280.8,280.1,280.9,279.0,281.6,284.8,283.4,282.4,282.7,282.7,281.6,282.7,281.7,281.5,281.2,280.8,283.2,284.5,286.1,286.2,286.6,287.1,286.5,287.1,287.2,287.3,287.2,287.6,288.1,287.8,287.9,287.5,286.5,285.7,284.4,283.7,282.5,281.6,281.1,279.8,279.5,280.1,280.0,281.2]},{"header":{"discipline":0,"disciplineName":"Meteorological products","gribEdition":2,"gribLength":1025,"center":7,"centerName":"US National Weather Service - NCEP(WMC)","subcenter":0,"refTime":"2023-09-26T12:00:00.000Z","significanceOfRT":1,"significanceOfRTName":"Start of forecast","productStatus":0,"productStatusName":"Operational products","productType":1,"productTypeName":"Forecast products","productDefinitionTemplate":0,"productDefinitionTemplateName":"Analysis/forecast at horizontal level/layer at a point in time","parameterCategory":2,"parameterCategoryName":"UnknownDiscipline_0_Category_2","parameterNumber":2,"parameterNumberName":"UnknownParameter_D0_C2_2","parameterUnit":"Unknown","genProcessType":2,"genProcessTypeName":"Forecast","forecastTime":240,"surface1Type":103,"surface1TypeName":"Specified height level above ground","surface1Value":10.0,"surface2Type":255,"surface2TypeName":"Missing","surface2Value":0.0,"gridDefinitionTemplate":0,"gridDefinitionTemplateName":"Latitude_Longitude","numberPoints":615,"shape":6,"shapeName":"Earth spherical with radius of 6,371,229.0 m","gridUnits":"degrees","resolution":48,"winds":"true","scanMode":64,"nx":41,"ny":15,"basicAngle":0,"lo1":47.0,"la1":41.0,"lo2":87.0,"la2":55.0,"dx":1.0,"dy":1.0},"data":[3.7776806,0.76768064,0.13768066,0.76768064,1.0776807,3.9376807,6.4276805,3.7876806,2.8576806,4.507681,5.1376805,5.757681,4.2476807,4.4376807,1.1576806,0.69768065,0.27768067,-1.5923194,-1.5923194,-2.5823193,-0.8423193,-0.26231933,2.3476806,2.1076806,2.1976807,2.9476807,3.0076807,0.51768064,0.35768068,0.28768066,-0.39231932,1.8576807,-1.8923193,-2.8623192,-1.9423194,-0.19231933,1.4076806,0.61768067,0.18768066,-0.14231934,-2.5223193,1.8376807,-1.2323194,0.9076807,1.9976807,0.21768066,1.6276807,4.0576806,0.56768066,0.87768066,1.4276806,3.3876808,3.8176806,4.5176806,3.4076807,1.7676806,2.1176805,-2.2323194,-1.1023194,-2.1623194,-1.1123194,-0.7023193,-1.3223194,-0.72231936,0.88768065,1.1176807,-0.23231934,0.28768066,0.87768066,1.1276807,0.8476807,-0.34231934,-0.052319337,3.2676806,-2.0423193,0.10768066,-0.8223193,-0.9523193,-1.8523194,-1.3523194,0.6076807,-0.47231933,4.5776806,1.7276807,2.7776806,1.9276806,4.2476807,7.107681,6.4176807,6.1176805,5.087681,1.1176807,-0.45231932,-1.2523193,2.1976807,5.107681,0.31768066,1.3676807,-0.48231933,0.49768066,-0.74231935,-0.63231933,0.22768067,1.0876807,-0.92231935,-2.7723193,0.48768067,-0.47231933,0.24768066,1.9076806,4.4476805,-0.27231935,-0.46231934,-2.0923193,1.5976807,-0.91231936,-0.63231933,-2.3323193,0.44768065,-1.4423194,0.58768064,-0.33231935,-0.55231935,7.2076807,6.6876807,7.027681,6.9476805,5.087681,8.807681,6.2476807,5.4376807,3.1076806,3.4476807,1.6776806,-2.3823195,-0.19231933,5.6576805,5.4976807,3.3876808,4.6876807,-0.13231933,-2.2423193,-1.8523194,-1.3123193,-2.5223193,-1.1923194,-0.8323193,-0.9023193,-0.112319335,0.5976807,-2.0023193,-1.8723193,-1.9023193,0.30768067,0.58768064,-0.7723193,0.07768066,1.3176807,0.27768067,0.007680664,1.2076807,-1.0723194,-3.1423194,-2.5623193,8.127681,5.587681,6.0176806,7.3476806,3.5876806,7.3276806,9.767681,8.117681,7.047681,3.6076806,4.107681,0.88768065,-1.5723194,1.5776807,-1.4123193,9.35768,-1.5823194,0.27768067,1.8476807,-1.2423193,-1.8423194,-1.5523193,-0.9023193,-0.7123193,0.5376807,0.57768065,-2.7523193,2.2976806,-3.2123194,-2.3523192,-3.8023193,-2.2623193,-1.6323193,-1.2023194,-1.4323193,-1.7423193,-0.23231934,-3.3223193,-3.3723192,-2.8723192,-2.1123192,6.0576806,5.2276807,2.2376807,5.857681,2.6276808,4.277681,3.8976808,9.69768,9.14768,6.797681,4.8076806,2.2576807,-0.94231933,3.4776807,2.2676806,-0.33231935,1.8976806,1.5176806,0.68768066,-0.86231935,-1.7323194,-0.88231933,0.14768067,-0.48231933,0.25768065,-0.18231934,-4.0623193,-2.8323193,-2.9723194,-3.4323194,-3.8223193,-3.1123192,-1.0923194,-2.0823193,-1.1823193,-3.7023194,-0.99231935,-1.2423193,-1.0023193,-1.6123194,-2.1923194,8.007681,7.9976807,4.7676806,6.5776806,5.4576807,4.837681,3.6176805,4.627681,10.48768,7.2376804,4.587681,4.857681,3.1876807,2.9776807,3.9476807,2.9576807,2.4476807,2.3476806,1.7176807,1.6176807,0.7376807,-0.082319334,0.6776807,0.6676807,0.95768064,1.0976807,-1.5523193,-1.4123193,-0.49231935,-0.5323193,-0.86231935,-1.3223194,-0.87231934,1.2176807,-1.4723194,-1.7223194,-0.21231933,1.0676807,0.7276807,1.0976807,-2.0923193,5.9376807,6.1476808,6.4276805,7.4776807,4.9676805,6.587681,4.2876806,2.1776807,6.4176807,8.127681,5.2676806,3.8076806,2.4576807,3.0576806,1.8876806,2.2876806,2.7976806,3.6376808,3.1876807,3.2276807,2.7176807,1.9376807,1.1776806,0.8476807,1.8476807,2.2276807,0.86768067,0.26768067,-1.1523193,-0.7123193,-0.032319337,-0.012319336,1.5276806,1.0176806,1.1276807,-3.2023194,-2.7823193,-5.8123193,-5.4023194,-5.5123196,-2.4923193,5.1476808,4.6976805,4.2476807,5.2176805,6.4276805,5.527681,3.3176806,2.9776807,2.9976807,7.6876807,6.257681,3.9176807,3.7376807,1.6576806,2.7676806,2.6476808,2.9676807,3.2776806,3.5876806,3.4376807,3.6876807,1.9676807,2.2876806,1.4976807,1.6276807,1.0176806,1.8276807,1.6076807,1.7876806,0.37768066,0.29768068,-0.19231933,-2.0623193,0.027680663,-2.9823194,-2.2023194,-0.97231936,-1.5123193,-1.2223194,0.7276807,-2.3223193,4.3976808,5.627681,4.9476805,5.0576806,3.6076806,6.3976808,4.9076805,2.6576807,3.5976806,2.8876808,2.1376808,2.0876806,2.2076807,0.75768065,2.0876806,1.1276807,1.5776807,1.6176807,2.9976807,2.1176805,2.9076807,2.6276808,1.9876807,0.77768064,1.3676807,1.4976807,1.0076807,1.6476806,1.0476806,0.24768066,0.8576807,-1.5023193,-0.9023193,-0.38231933,2.0276806,-1.6823193,-2.4923193,-0.19231933,-0.33231935,0.017680664,0.19768067,5.3876805,4.4376807,3.3976808,5.027681,5.5776806,2.9976807,4.2076807,3.6276808,2.3776808,1.3676807,5.1376805,5.1576805,0.7176807,-0.29231933,-0.7723193,-1.2623193,-1.7423193,-2.1223192,-1.1023194,1.4276806,2.8276806,2.0376806,2.3076806,1.2176807,0.93768066,1.5076807,1.6976807,0.44768065,1.4276806,-0.40231934,-0.81231934,-0.30231935,-0.67231935,-0.23231934,-1.6923194,-0.12231933,-0.6423193,1.0676807,-0.80231935,1.1076807,0.017680664,4.027681,2.9576807,3.6376808,3.6776807,4.127681,3.7076807,3.7676806,3.7976806,4.797681,3.4676807,3.0376806,3.4576807,4.4276805,0.40768066,-0.25231934,0.32768068,0.44768065,0.82768065,0.5476807,0.9076807,1.2976806,1.1476806,1.8676807,1.6076807,1.1276807,1.4276806,1.2576807,0.82768065,0.7876807,-0.98231936,0.32768068,0.40768066,-0.21231933,-0.5323193,-0.27231935,-0.45231932,-0.81231934,-2.2823193,-1.4923193,-0.9623193,-0.35231933,3.8276806,3.5376806,2.9776807,2.3476806,3.0676806,3.0676806,5.087681,1.4876807,2.0176806,1.9076806,1.8276807,1.5876807,2.7776806,1.5076807,-0.39231932,0.23768066,0.47768065,1.1276807,0.86768067,1.2876806,2.0576806,2.0776806,1.5676807,1.6476806,2.5676806,1.8376807,1.0076807,-0.15231934,-0.042319335,0.097680666,0.17768067,-0.072319336,-1.2823193,-0.24231933,-1.2323194,-0.88231933,-0.5823193,-0.35231933,-1.2223194,-0.85231936,-0.44231933,4.6976805,5.3676805,3.2876806,2.7976806,2.5276806,3.4576807,0.50768065,2.3076806,1.4576807,3.1276808,0.9076807,0.38768065,2.1676807,0.7376807,1.0776807,0.95768064,1.6676806,1.4276806,1.7076807,2.4776807,2.4176807,2.1576807,2.2276807,2.6876807,2.5276806,2.4076807,1.5476806,-0.072319336,0.067680664,0.037680663,-0.13231933,-0.48231933,-0.88231933,0.28768066,-0.81231934,-0.22231933,-1.0823194,0.26768067,-1.4823194,0.35768068,-1.2723193,1.8876806,3.3876808,4.1476808,3.7176807,2.6776807,2.3676805,2.5676806,1.3176807,2.0076807,1.5876807,0.33768067,3.4576807,2.6676807,1.0976807,1.6676806,1.6976807,1.8076806,2.1976807,2.0476806,2.3676805,2.6876807,3.1676807,2.4076807,2.4076807,2.3676805,2.6176805,2.3376806,0.69768065,0.8476807,-0.022319335,0.10768066,-1.0323193,-0.56231934,-0.33231935,-0.81231934,-0.99231935,-0.49231935,-0.112319335,-0.86231935,-1.2523193,-0.8923193]},{"header":{"discipline":0,"disciplineName":"Meteorological products","gribEdition":2,"gribLength":1025,"center":7,"centerName":"US National Weather Service - NCEP(WMC)","subcenter":0,"refTime":"2023-09-26T12:00:00.000Z","significanceOfRT":1,"significanceOfRTName":"Start of forecast","productStatus":0,"productStatusName":"Operational products","productType":1,"productTypeName":"Forecast products","productDefinitionTemplate":0,"productDefinitionTemplateName":"Analysis/forecast at horizontal level/layer at a point in time","parameterCategory":2,"parameterCategoryName":"UnknownDiscipline_0_Category_2","parameterNumber":3,"parameterNumberName":"UnknownParameter_D0_C2_3","parameterUnit":"Unknown","genProcessType":2,"genProcessTypeName":"Forecast","forecastTime":240,"surface1Type":103,"surface1TypeName":"Specified height level above ground","surface1Value":10.0,"surface2Type":255,"surface2TypeName":"Missing","surface2Value":0.0,"gridDefinitionTemplate":0,"gridDefinitionTemplateName":"Latitude_Longitude","numberPoints":615,"shape":6,"shapeName":"Earth spherical with radius of 6,371,229.0 m","gridUnits":"degrees","resolution":48,"winds":"true","scanMode":64,"nx":41,"ny":15,"basicAngle":0,"lo1":47.0,"la1":41.0,"lo2":87.0,"la2":55.0,"dx":1.0,"dy":1.0},"data":[-7.37801,2.0219903,-5.9580097,-6.87801,-2.0880096,-3.2880096,-2.9880097,-3.1280096,-2.1880097,-1.9080096,-1.0080097,0.35199034,-1.4280096,-1.8480096,3.8019903,2.0719903,-0.95800966,-1.5080097,-3.8880095,-1.3080096,-1.7680097,-0.24800964,-0.53800964,2.1819904,2.8319902,1.5019903,0.77199036,-0.96800965,-1.4880097,4.7719903,2.3719904,1.6319903,0.78199035,-0.5080097,-0.64800966,-0.13800964,0.92199033,2.6419904,-0.96800965,0.39199036,0.52199036,2.0919905,-4.31801,-9.07801,-6.0280094,-3.6480095,-5.9080095,-7.2180095,-3.5680096,-3.9380097,-3.8180096,-2.4180098,0.27199036,-1.1680096,1.1119903,2.7319903,1.3119904,0.23199035,-1.3580097,-2.8680096,-3.6080096,-2.6380095,-1.4680096,-2.6880097,-0.54800963,1.1019903,1.9519904,0.97199035,1.1319903,-1.0280097,-0.24800964,-1.0980096,2.3319902,-0.63800967,-1.5080097,0.91199034,1.6919904,2.0019903,0.78199035,0.60199034,0.6819904,0.80199033,-5.7480097,-6.4480095,-8.84801,-5.6980095,-3.1980097,-4.9580097,-4.0780096,-2.8480096,-2.4580097,-3.9480097,-3.8180096,-2.4580097,-3.3180096,-3.1480095,-0.15800965,-1.0480096,1.1519904,-0.71800965,-3.3080096,-4.5380096,-3.4080095,-1.3380096,-5.87801,-1.5780096,-0.32800964,-0.65800965,-1.2380097,-1.7580097,-1.7580097,-1.0880096,-0.43800965,-1.1380097,-1.9980097,1.3619903,-1.1280097,3.8519905,0.78199035,-4.12801,-0.8780096,2.1019905,1.1519904,-1.2280097,-1.6780096,-6.4880095,-4.8280096,-1.2880096,-2.1980097,-3.5180097,-1.9380096,-2.7280097,-2.6580095,-2.3880095,-2.5280097,-5.04801,-2.3480096,0.49199036,2.0819902,3.3819904,0.23199035,-1.9080096,-4.14801,-4.4880095,-1.6380097,-1.2080096,-1.5680096,-2.6180096,-1.7280097,-3.2880096,-3.7180097,-2.0580096,-2.6480095,1.2319903,-0.31800964,1.7019904,-0.95800966,-1.6080097,-1.3480096,-2.1380095,1.2319903,-0.70800966,-0.26800963,-1.4480096,-4.6980095,1.6519904,-1.9580096,-5.4980097,-2.5780096,-2.1680098,-2.8880095,-1.3380096,-1.5580096,2.5719903,-0.29800963,0.64199036,-3.6580095,-5.0180097,1.0719904,4.62199,3.2219903,2.7619903,2.0219903,-1.2780097,-1.7180096,-1.3680097,-1.4480096,-1.7680097,-2.3380096,-0.66800964,-1.0780096,-5.5780096,-2.2580097,-3.3580096,-3.9380097,-3.6480095,-1.3280096,-1.0980096,0.09199036,0.031990357,0.09199036,-2.4580097,-1.4480096,-0.54800963,-1.4080096,-6.0380096,-4.10801,-2.3280096,-4.39801,-6.4180098,-2.2380097,-1.9180096,-0.66800964,-0.7480096,0.6819904,3.4019904,2.4919903,0.061990358,-0.6780096,-3.6180096,0.90199035,1.0419904,2.6419904,3.3019903,1.4619904,-0.9280096,-1.3180096,-2.4580097,-1.7580097,-1.9380096,-1.0280097,-0.32800964,-4.5380096,-1.2980096,-2.1880097,-2.6880097,-3.5180097,-4.39801,-3.4680097,-1.0480096,8.36199,0.21199036,4.1919904,3.8619905,0.41199034,-1.4580096,-5.5280094,-4.6180096,-8.07801,0.37199035,-0.54800963,-1.2180096,-3.1180096,-0.94800967,-0.19800964,3.5919905,3.6519904,3.7019904,4.3219905,4.9219904,1.6319903,2.3319902,1.9019904,2.5219903,3.9219904,3.3019903,1.4519904,-1.1780096,-1.5680096,-0.98800963,-0.45800963,-1.3480096,0.24199036,-0.35800964,0.36199036,-1.5180097,-2.2680097,-1.6980096,-2.4480097,-1.6680096,1.9619904,-1.1480097,-0.42800963,0.8819904,0.60199034,1.8919903,2.6219904,-4.8280096,-5.8880095,-3.2680097,-6.31801,-7.5180097,0.011990356,0.19199036,-2.7880096,-4.31801,5.3219905,6.4619904,5.0119905,4.9819903,3.3319902,2.7419903,1.4919903,1.2219903,1.9819903,2.8219903,2.8419905,2.0819902,0.91199034,0.86199033,-0.43800965,-1.4180096,-0.12800965,2.0219903,0.8119904,0.031990357,-1.9680096,-0.8180096,-1.7880096,-1.2980096,0.44199035,0.6319904,-0.7480096,-1.1580096,-0.40800965,-1.8180096,0.12199035,0.96199036,-7.4480095,-6.4780097,-5.5580096,-4.9180098,-2.8480096,-4.6580095,1.9619904,-0.22800964,-3.8580096,-2.1680098,6.0819902,6.6119905,4.95199,3.1619904,3.1019905,2.4219904,0.6919904,1.6919904,2.7019904,2.5719903,2.2019904,3.5019903,1.6519904,1.3019904,0.35199034,0.29199037,-0.33800966,0.8119904,0.22199036,-0.70800966,-0.25800964,-1.5280097,-2.3480096,-2.3580096,1.9119904,1.8219904,-0.098009646,-0.37800965,1.0719904,0.35199034,-2.1480095,-6.7180095,-5.8480096,-4.9480095,-3.9480097,-1.1580096,-1.5080097,-0.18800965,2.9719903,1.1519904,-4.9680095,-2.6980097,8.181991,6.2619905,3.8519905,3.2619903,2.4119904,1.6319903,0.58199036,0.70199037,2.2219903,1.6719904,1.1819904,1.5519904,2.0219903,1.5119903,0.54199034,0.26199037,-0.66800964,-0.18800965,0.37199035,-1.3480096,0.21199036,-0.47800964,-1.1780096,-0.20800965,0.51199037,0.95199037,-1.0780096,-0.038009644,3.2519903,2.4319904,-5.6580095,-4.8280096,-7.3280096,-6.3680096,-4.35801,-3.0380096,-2.1280096,-0.66800964,3.5919905,1.8819903,-3.1580095,2.6819904,5.5119905,5.2319903,5.0019903,3.1019905,1.1919904,-0.11800964,-1.4680096,1.2319903,0.8219904,0.8119904,0.95199037,1.5819904,2.2019904,1.7919904,1.0119903,1.7319903,-0.21800965,-0.36800966,0.8219904,1.1419903,0.14199036,-0.76800966,0.48199037,0.09199036,0.31199035,1.0319904,1.2719903,0.48199037,0.13199036,-4.4980097,-6.9580097,-5.2080097,-6.06801,-3.4080095,-4.9480095,-2.9780097,-2.7180097,-0.21800965,4.18199,5.39199,2.3219903,0.011990356,4.60199,4.7619905,2.8919904,1.1319903,0.22199036,-0.17800964,-0.7580097,-1.6280097,2.2219903,0.53199035,1.9419904,2.5619903,2.2519903,1.9619904,1.4019904,1.9119904,1.0319904,1.5819904,1.6019903,1.3119904,-0.29800963,1.3119904,-0.29800963,-1.2180096,-0.46800965,0.60199034,0.111990355,0.081990354,-4.0180097,-4.04801,-3.0380096,-4.1580095,-5.2580094,-3.1080096,-2.7580097,-0.26800963,-2.8780096,-3.4080095,4.5219903,1.5019903,1.9119904,4.4419904,4.1319904,3.0019903,2.4519904,1.1419903,0.43199036,-0.47800964,-0.41800964,-0.33800966,1.5919904,2.0119903,2.5819902,2.9919903,3.6319904,3.3619905,2.8319902,2.4019904,2.2019904,2.0119903,1.6019903,1.3419904,0.77199036,1.0319904,1.0319904,-0.23800965,1.3819903,0.49199036,-0.57800967,-3.6480095,-3.6880097,-4.0380096,-3.4080095,-3.7880096,-4.0180097,-4.4380097,-1.6580096,1.2019904,-0.31800964,-0.48800963,2.2419903,3.7519903,2.8519905,3.8219903,3.3419905,3.1319904,1.9319904,1.0919904,-0.028009644,-0.5580096,0.47199035,0.60199034,-0.48800963,1.1419903,0.5719904,3.3519905,3.8019903,3.4919903,3.4219904,3.2219903,2.8719904,2.5419903,2.2219903,1.8819903,1.5119903,1.0719904,0.22199036,0.19199036,0.8819904,0.42199036,-3.8080096,-4.7180095,-6.4180098,-2.6380095,-3.2180097,-3.3480096,-4.12801,-2.2880096,-1.7980096,0.61199033,1.9819903,3.2119904,1.0719904,2.6519904,3.2119904,3.6319904,3.5219903,3.0019903,2.7019904,1.5519904,-0.30800965,-0.8680096,-1.1280097,0.09199036,1.4819903,2.4119904,1.3919903,3.5219903,3.6319904,3.8819904,4.0719905,3.9419904,3.4119904,2.9219904,2.5419903,2.1519904,0.98199034,1.6719904,0.7419903,0.6819904,0.16199036]}]