wind_kz.json
{"header": {"discipline":0,"disciplineName":"Meteorological products","gribEdition":2,"gribLength":948,"center":7,"centerName":"US National Weather Service - NCEP(WMC)","subcenter":0,"refTime":"2024-02-02T18:00:00.000Z","significanceOfRT":1,"significanceOfRTName":"Start of forecast","productStatus":0,"productStatusName":"Operational products","productType":1,"productTypeName":"Forecast products","productDefinitionTemplate":0,"productDefinitionTemplateName":"Analysis/forecast at horizontal level/layer at a point in time","parameterCategory":0,"parameterCategoryName":"UnknownDiscipline_0_Category_0","parameterNumber":0,"parameterNumberName":"UnknownParameter_D0_C0_0","parameterUnit":"Unknown","genProcessType":2,"genProcessTypeName":"Forecast","forecastTime":0,"surface1Type":1,"surface1TypeName":"Ground or water surface","surface1Value":0.0,"surface2Type":255,"surface2TypeName":"Missing","surface2Value":0.0,"gridDefinitionTemplate":0,"gridDefinitionTemplateName":"Latitude_Longitude","numberPoints":615,"shape":6,"shapeName":"Earth spherical with radius of 6,371,229.0 m","gridUnits":"degrees","resolution":48,"winds":"true","scanMode":64,"nx":41,"ny":15,"basicAngle":0,"lo1":47.0,"la1":41.0,"lo2":87.0,"la2":55.0,"dx":1.0,"dy":1.0}, "data":
[rows 0 to 14 of 15, columns 0 to 40 of 41]
273.25656,265.75656,273.55658,280.45657,280.65656,282.05658,277.45657,276.95657,274.35657,274.85657,273.55658,272.75656,271.45657,271.25656,272.35657,271.95657,272.35657,272.25656,274.45657,273.55658,273.55658,273.55658,272.95657,268.35657,269.85657,271.95657,263.05658,246.15657,246.15657,246.35657,248.05656,246.65657,255.65657,268.85657,269.65656,270.05658,269.55658,268.85657,268.65656,266.75656,270.15656
254.45657,274.15656,280.05658,279.95657,280.45657,281.15656,273.15656,272.85657,273.25656,272.85657,272.75656,269.15656,270.35657,269.45657,270.95657,270.55658,270.95657,271.75656,271.45657,270.45657,271.95657,271.25656,265.55658,259.55658,243.05656,244.55656,255.05656,244.65657,248.85657,242.55656,254.65657,237.25656,259.05658,230.65657,246.15657,262.95657,261.05658,268.15656,268.05658,260.65656,268.75656
274.55658,278.95657,280.15656,280.45657,280.55658,275.55658,270.75656,270.95657,269.85657,269.05658,267.65656,268.95657,269.55658,268.45657,266.85657,266.75656,268.75656,267.45657,268.65656,268.95657,270.75656,268.95657,268.15656,261.95657,265.55658,262.35657,260.65656,259.95657,263.15656,254.95657,248.55656,248.55656,251.75656,253.25656,251.15657,256.35657,248.15657,254.15657,257.35657,257.05658,254.75656
273.65656,276.05658,277.95657,279.15656,278.45657,274.65656,272.95657,271.85657,271.35657,270.75656,269.75656,267.85657,281.05658,281.75656,265.75656,266.15656,266.95657,266.75656,265.25656,265.85657,261.65656,258.75656,266.85657,263.85657,264.45657,264.05658,262.85657,260.85657,264.35657,266.05658,258.35657,262.25656,269.35657,265.95657,261.75656,258.95657,247.25656,247.75656,258.05658,260.65656,263.55658
274.25656,272.75656,271.55658,271.85657,271.55658,271.75656,272.45657,273.45657,272.05658,271.25656,269.75656,269.65656,279.05658,279.05658,278.25656,266.55658,266.45657,265.85657,264.35657,260.65656,261.95657,263.35657,261.75656,261.45657,260.95657,260.05658,258.75656,256.95657,263.15656,263.55658,265.05658,262.15656,250.85657,239.15657,257.65656,264.25656,262.95657,255.65657,255.75656,260.05658,261.65656
273.35657,273.35657,272.25656,270.95657,270.55658,269.35657,270.35657,272.25656,273.15656,273.55658,272.35657,271.45657,277.95657,279.25656,272.75656,268.05658,267.15656,265.45657,265.05658,261.75656,260.75656,260.75656,261.25656,258.85657,258.55658,257.45657,257.45657,260.75656,258.75656,260.35657,258.85657,263.55658,258.35657,261.05658,262.65656,261.85657,255.65657,258.05658,256.85657,257.25656,258.45657
273.45657,272.05658,271.95657,272.55658,271.25656,270.85657,270.65656,271.05658,272.35657,273.15656,273.15656,273.05658,272.25656,271.75656,272.65656,270.05658,268.45657,267.75656,265.35657,264.05658,264.65656,262.05658,259.95657,259.85657,255.45657,255.15657,249.25656,252.85657,250.95657,255.35657,253.55656,253.55656,253.55656,253.85657,257.35657,260.85657,258.25656,258.45657,253.05656,255.95657,260.35657
273.05658,273.25656,272.85657,272.25656,270.75656,270.85657,270.35657,271.75656,270.35657,271.85657,272.65656,272.55658,272.95657,272.05658,271.95657,271.35657,270.05658,268.75656,267.35657,266.65656,265.85657,263.85657,262.15656,260.95657,259.75656,256.05658,257.35657,246.75656,245.35657,243.95657,248.35657,251.65657,248.05656,248.75656,249.25656,249.45657,251.85657,258.85657,258.35657,257.75656,258.55658
272.95657,273.15656,273.15656,273.15656,273.15656,273.15656,273.05658,273.05658,272.95657,272.35657,271.05658,271.25656,270.85657,272.15656,272.25656,271.65656,270.45657,269.75656,268.55658,267.95657,266.75656,264.05658,263.45657,261.45657,258.85657,258.55658,256.75656,252.05656,250.15657,246.75656,246.15657,250.25656,256.65656,259.15656,255.45657,251.55656,252.75656,259.95657,255.35657,251.65657,249.95657
272.65656,272.75656,273.05658,273.15656,273.15656,273.15656,272.95657,272.65656,272.35657,271.95657,270.15656,269.15656,269.45657,270.05658,270.55658,271.35657,271.25656,270.65656,269.75656,269.25656,267.85657,265.55658,264.85657,263.05658,261.55658,258.95657,258.75656,257.65656,254.05656,251.95657,258.05658,261.35657,261.15656,260.05658,256.05658,251.85657,254.75656,257.75656,260.05658,254.35657,251.35657
272.35657,272.85657,272.55658,272.95657,273.15656,273.05658,272.95657,273.05658,272.85657,272.05658,268.05658,266.65656,266.65656,269.05658,268.35657,269.65656,269.65656,270.15656,270.35657,268.05658,267.55658,266.45657,264.25656,262.25656,259.75656,260.35657,258.35657,257.25656,259.65656,259.15656,261.85657,261.95657,261.15656,261.25656,260.05658,258.45657,257.95657,255.35657,253.55656,258.15656,255.85657
268.95657,268.55658,272.45657,273.05658,272.75656,273.05658,272.55658,271.85657,266.35657,267.55658,265.65656,258.65656,265.95657,266.15656,265.75656,266.85657,267.95657,266.95657,266.95657,265.35657,262.95657,261.45657,259.95657,259.05658,260.25656,260.05658,259.65656,261.75656,261.25656,261.65656,260.65656,261.45657,262.25656,261.35657,260.55658,259.85657,261.85657,263.75656,264.35657,260.15656,262.35657
269.35657,270.65656,269.85657,273.15656,272.95657,272.65656,267.65656,266.95657,266.35657,264.65656,261.25656,259.65656,264.05658,265.85657,266.35657,265.75656,264.85657,264.25656,263.55658,261.05658,258.45657,256.75656,258.35657,258.55658,255.45657,260.35657,261.75656,260.15656,258.85657,260.15656,261.25656,261.85657,262.05658,262.45657,260.95657,259.45657,259.85657,263.15656,263.75656,267.25656,265.35657
267.85657,264.85657,267.15656,272.95657,271.15656,267.85657,266.85657,266.35657,267.25656,265.45657,263.05658,261.05658,260.15656,262.75656,263.05658,262.25656,261.15656,258.75656,258.25656,254.85657,256.65656,257.95657,256.05658,260.25656,259.25656,251.55656,248.75656,251.55656,255.75656,255.75656,260.05658,262.05658,262.85657,261.95657,260.25656,258.05658,259.25656,260.95657,262.95657,265.85657,261.95657
268.05658,268.65656,269.05658,272.45657,270.75656,268.25656,265.65656,266.85657,266.95657,267.25656,266.75656,263.75656,260.15656,259.05658,257.45657,252.35657,253.85657,253.85657,254.15657,256.55658,254.95657,254.75656,250.35657,247.55656,246.15657,245.35657,247.75656,249.05656,253.45657,254.95657,259.35657,263.95657,262.85657,261.95657,258.25656,257.75656,261.05658,262.15656,264.85657,265.95657,266.55658
