wind_kz.json
{"header": {"discipline":0,"disciplineName":"Meteorological products","gribEdition":2,"gribLength":871,"center":7,"centerName":"US National Weather Service - NCEP(WMC)","subcenter":0,"refTime":"2023-10-05T06:00:00.000Z","significanceOfRT":1,"significanceOfRTName":"Start of forecast","productStatus":0,"productStatusName":"Operational products","productType":1,"productTypeName":"Forecast products","productDefinitionTemplate":0,"productDefinitionTemplateName":"Analysis/forecast at horizontal level/layer at a point in time","parameterCategory":0,"parameterCategoryName":"UnknownDiscipline_0_Category_0","parameterNumber":0,"parameterNumberName":"UnknownParameter_D0_C0_0","parameterUnit":"Unknown","genProcessType":2,"genProcessTypeName":"Forecast","forecastTime":120,"surface1Type":1,"surface1TypeName":"Ground or water surface","surface1Value":0.0,"surface2Type":255,"surface2TypeName":"Missing","surface2Value":0.0,"gridDefinitionTemplate":0,"gridDefinitionTemplateName":"Latitude_Longitude","numberPoints":615,"shape":6,"shapeName":"Earth spherical with radius of 6,371,229.0 m","gridUnits":"degrees","resolution":48,"winds":"true","scanMode":64,"nx":41,"ny":15,"basicAngle":0,"lo1":47.0,"la1":41.0,"lo2":87.0,"la2":55.0,"dx":1.0,"dy":1.0}, "data":
[rows 0 to 14 of 15, columns 0 to 40 of 41]
292.9679,279.76788,279.0679,293.1679,293.26788,291.9679,293.8679,296.9679,297.8679,301.26788,302.76788,304.9679,304.3679,304.1679,303.26788,306.5679,307.26788,306.5679,313.8679,311.26788,310.8679,310.4679,313.6679,309.6679,307.26788,312.4679,306.6679,298.5679,291.26788,286.5679,285.9679,279.3679,297.8679,305.8679,304.9679,304.0679,309.4679,309.4679,308.1679,308.9679,309.26788
270.9679,285.8679,292.8679,292.8679,292.9679,291.1679,289.5679,288.5679,293.8679,294.26788,297.8679,302.6679,301.8679,305.3679,307.3679,305.76788,308.6679,311.6679,309.4679,311.76788,314.3679,308.8679,307.76788,298.26788,288.26788,290.9679,299.1679,296.9679,295.5679,287.6679,294.0679,273.5679,292.0679,266.8679,279.5679,301.0679,300.6679,301.5679,306.26788,293.26788,284.1679
290.3679,292.4679,292.5679,292.26788,290.5679,286.76788,285.4679,288.76788,287.3679,291.9679,291.9679,293.1679,303.9679,303.0679,301.0679,304.4679,306.5679,305.26788,307.6679,309.76788,306.6679,307.76788,307.26788,304.1679,306.8679,304.6679,303.3679,303.8679,305.3679,297.5679,282.9679,290.3679,296.4679,293.6679,293.3679,291.9679,283.9679,288.9679,289.9679,283.9679,282.76788
290.0679,291.3679,292.1679,291.5679,290.5679,287.76788,285.0679,284.26788,284.8679,288.3679,293.4679,292.9679,289.5679,288.9679,298.0679,305.26788,300.9679,306.1679,306.5679,305.76788,308.6679,307.4679,300.9679,304.0679,305.1679,303.4679,305.9679,303.26788,299.9679,302.8679,305.0679,305.76788,304.76788,309.1679,308.1679,299.8679,279.6679,272.6679,279.8679,296.9679,299.1679
290.76788,290.4679,291.26788,290.8679,290.26788,289.5679,285.8679,286.6679,286.3679,287.5679,292.4679,291.8679,288.5679,287.26788,285.9679,301.0679,300.4679,300.8679,304.76788,302.26788,301.76788,303.0679,302.8679,302.3679,302.8679,303.6679,301.9679,297.76788,304.1679,302.1679,300.8679,300.0679,289.76788,277.76788,287.5679,290.4679,292.0679,293.5679,294.3679,292.0679,298.9679
287.4679,287.4679,288.6679,289.3679,289.76788,289.0679,289.1679,286.0679,288.4679,290.6679,291.6679,292.76788,289.6679,288.0679,293.1679,297.5679,298.9679,301.26788,299.9679,301.4679,301.76788,298.3679,301.1679,299.6679,299.4679,300.1679,301.3679,287.26788,300.4679,300.3679,300.9679,299.5679,299.8679,298.3679,295.4679,294.8679,278.1679,292.3679,296.1679,296.0679,296.1679
285.76788,286.6679,286.5679,288.3679,289.0679,287.6679,286.4679,285.5679,286.5679,289.4679,290.6679,290.8679,295.5679,296.8679,296.4679,295.4679,297.8679,298.76788,297.6679,298.4679,298.3679,297.1679,295.76788,296.3679,294.3679,296.1679,297.4679,299.3679,301.3679,302.4679,300.8679,300.0679,299.6679,297.8679,297.0679,297.1679,292.26788,290.26788,282.1679,277.6679,290.6679
287.0679,287.6679,287.26788,287.26788,287.8679,288.0679,286.5679,284.9679,285.6679,286.76788,288.3679,290.4679,295.76788,295.76788,296.6679,295.6679,295.5679,297.5679,296.0679,293.6679,294.5679,295.26788,295.8679,295.4679,293.1679,292.26788,292.26788,295.0679,294.8679,297.9679,296.3679,296.3679,296.0679,295.26788,284.1679,288.76788,295.6679,285.1679,293.1679,290.9679,288.5679
285.8679,285.8679,286.3679,287.1679,285.9679,287.26788,286.9679,284.8679,285.26788,287.5679,285.1679,285.76788,291.3679,295.6679,294.9679,297.0679,295.6679,296.76788,295.5679,293.6679,293.5679,293.4679,294.1679,292.9679,293.26788,293.1679,291.6679,292.3679,292.4679,292.5679,294.76788,295.5679,296.0679,289.0679,289.9679,288.3679,286.6679,290.3679,283.76788,284.76788,285.3679
283.6679,283.26788,284.4679,284.6679,285.4679,285.8679,286.5679,285.26788,284.1679,284.76788,285.0679,284.76788,288.3679,290.4679,293.5679,295.5679,296.26788,296.76788,295.8679,294.8679,294.1679,294.5679,293.6679,293.76788,294.8679,293.1679,293.3679,294.8679,293.8679,294.26788,295.3679,296.26788,296.76788,298.0679,298.9679,298.76788,294.6679,291.5679,292.3679,289.6679,285.6679
282.8679,282.9679,282.3679,282.3679,282.3679,283.26788,284.4679,285.5679,283.76788,283.6679,284.8679,284.3679,283.6679,284.3679,290.3679,293.3679,293.6679,291.76788,293.6679,290.26788,292.6679,292.0679,292.1679,292.6679,293.1679,293.0679,290.9679,295.0679,296.6679,298.0679,298.0679,299.5679,298.76788,297.4679,298.8679,297.9679,292.26788,290.8679,292.8679,290.3679,290.0679
281.3679,281.9679,281.9679,281.8679,281.26788,281.1679,281.3679,281.9679,283.76788,282.76788,280.4679,280.8679,283.4679,281.26788,285.5679,290.4679,288.6679,291.4679,290.0679,289.4679,290.9679,289.76788,289.76788,290.3679,290.5679,292.3679,293.26788,295.4679,297.1679,297.4679,297.26788,297.6679,296.4679,296.9679,295.3679,296.0679,295.3679,295.4679,293.8679,294.3679,292.26788
277.26788,280.0679,281.0679,280.9679,280.9679,279.4679,278.9679,279.0679,280.9679,281.26788,278.76788,276.3679,282.1679,281.4679,281.0679,284.8679,289.4679,289.3679,291.1679,290.6679,290.3679,290.5679,289.1679,288.6679,290.3679,292.6679,293.3679,293.9679,295.9679,294.5679,295.6679,295.76788,296.3679,297.3679,296.1679,294.76788,294.6679,294.4679,294.0679,293.1679,291.26788
278.5679,278.8679,282.3679,280.0679,279.8679,279.76788,278.3679,277.1679,277.76788,280.3679,277.6679,275.4679,278.8679,281.9679,282.4679,281.3679,284.9679,289.3679,290.9679,291.76788,290.9679,291.6679,291.8679,290.3679,292.4679,291.5679,291.9679,291.76788,293.8679,294.26788,293.4679,294.76788,292.6679,292.8679,294.26788,293.5679,293.4679,293.3679,293.8679,291.9679,293.1679
276.3679,278.6679,283.8679,278.3679,278.4679,278.4679,278.9679,278.1679,280.0679,278.4679,277.8679,277.26788,275.4679,278.1679,282.1679,280.0679,278.8679,282.26788,290.76788,290.6679,290.3679,290.8679,292.0679,292.0679,290.4679,290.6679,291.9679,290.76788,292.0679,292.3679,291.76788,288.8679,293.0679,292.1679,290.4679,288.6679,293.6679,292.9679,294.1679,293.3679,291.26788
