wind_kz.json
{"header": {"discipline":0,"disciplineName":"Meteorological products","gribEdition":2,"gribLength":1025,"center":7,"centerName":"US National Weather Service - NCEP(WMC)","subcenter":0,"refTime":"2024-02-01T12:00:00.000Z","significanceOfRT":1,"significanceOfRTName":"Start of forecast","productStatus":0,"productStatusName":"Operational products","productType":1,"productTypeName":"Forecast products","productDefinitionTemplate":0,"productDefinitionTemplateName":"Analysis/forecast at horizontal level/layer at a point in time","parameterCategory":2,"parameterCategoryName":"UnknownDiscipline_0_Category_2","parameterNumber":2,"parameterNumberName":"UnknownParameter_D0_C2_2","parameterUnit":"Unknown","genProcessType":2,"genProcessTypeName":"Forecast","forecastTime":60,"surface1Type":103,"surface1TypeName":"Specified height level above ground","surface1Value":10.0,"surface2Type":255,"surface2TypeName":"Missing","surface2Value":0.0,"gridDefinitionTemplate":0,"gridDefinitionTemplateName":"Latitude_Longitude","numberPoints":615,"shape":6,"shapeName":"Earth spherical with radius of 6,371,229.0 m","gridUnits":"degrees","resolution":48,"winds":"true","scanMode":64,"nx":41,"ny":15,"basicAngle":0,"lo1":47.0,"la1":41.0,"lo2":87.0,"la2":55.0,"dx":1.0,"dy":1.0}, "data":
[rows 0 to 14 of 15, columns 0 to 40 of 41]
1.0565772,-0.89342284,1.7965771,-3.2034228,-1.1534228,-0.58342284,-0.27342284,-0.19342285,-2.1434228,-0.63342285,0.03657715,2.3165772,1.9865772,1.5565772,1.5565772,1.4365772,1.1865772,0.23657715,0.60657716,3.1465771,1.1565771,1.7765771,-0.48342285,0.68657714,-0.06342285,-0.6734229,-1.2534229,-1.0934229,0.98657715,1.8465772,0.10657715,0.8365772,-0.52342284,-0.64342284,1.2165772,1.5665772,1.7765771,1.7865771,1.0265771,1.0065771,2.206577
3.8165772,-0.84342283,-5.413423,-4.323423,-0.36342284,-4.393423,-2.343423,-2.313423,-1.6134229,-1.0334228,0.06657715,-2.063423,0.41657716,1.9465772,2.236577,2.196577,2.2665772,0.20657715,1.7065772,3.3465772,4.026577,3.1165771,0.67657715,-1.4234228,-0.30342284,0.25657713,-0.87342286,1.1265771,-2.4434228,-0.71342283,0.08657715,-0.76342285,1.9465772,-2.9434228,-0.29342285,0.53657717,-0.18342285,0.7765772,-0.30342284,2.8065772,-1.0134228
-1.2134229,-3.9834228,-1.0934229,0.06657715,-0.82342285,-1.6634228,-0.33342284,1.0765772,1.2865771,0.81657714,1.2965771,1.3365772,1.4665772,2.7465773,3.2765772,2.216577,1.7265772,2.486577,2.0065773,2.4965773,2.446577,2.416577,-0.42342284,2.5865772,0.56657714,-0.95342284,-0.013422851,-1.3434229,-3.053423,-0.30342284,-2.2034228,2.0165772,0.46657714,0.25657713,0.72657716,-1.0934229,0.31657714,0.40657714,0.72657716,2.456577,1.7865771
0.03657715,2.0465772,3.2765772,3.926577,4.066577,0.55657715,1.7965771,1.4465772,2.0265772,2.1465771,2.1265771,2.416577,5.236577,5.946577,2.8565772,2.9965773,3.1265771,2.5965772,2.8965771,3.186577,0.74657714,-0.14342286,1.4165771,3.3165772,0.07657715,0.87657714,1.6365771,-1.5134228,-0.17342286,1.0965772,-0.96342283,-2.053423,-0.25342286,-1.8634229,-2.1934228,-1.5534228,-1.8534229,2.3365772,1.2565771,0.37657714,0.92657715
2.3465772,3.6265771,3.666577,3.2665772,2.5065773,2.3265772,2.726577,1.9265771,2.3465772,2.176577,2.7665772,3.2765772,4.836577,6.026577,6.756577,2.6365771,3.176577,3.0065773,2.226577,1.7765771,2.8465772,-0.7334229,-2.9534228,-3.323423,-3.4934227,-3.273423,-3.9934227,-0.09342285,-2.553423,-1.5334228,0.016577149,-1.5634228,-2.7334228,1.2865771,2.5365772,-0.51342285,-0.053422853,0.5765771,2.3865771,2.696577,2.3865771
3.906577,3.226577,3.0665772,3.1265771,3.186577,2.6265771,2.916577,3.156577,1.6765771,2.3065772,2.5265772,2.4965773,4.216577,6.066577,2.976577,3.4965773,2.7965772,3.0865772,2.0265772,1.6165771,0.37657714,0.29657716,-1.4734229,-2.8534229,-3.2134228,-4.1034226,-2.793423,-2.323423,-2.7134228,-2.6834228,-2.3634229,-2.263423,-0.94342285,1.4165771,0.21657714,-5.403423,0.80657715,-3.513423,1.8365772,0.30657715,-1.6234229
5.526577,6.196577,5.046577,4.1265774,3.8465772,3.8465772,2.986577,2.2665772,2.0165772,2.5165772,1.9165771,1.7565771,2.8565772,4.866577,5.9565773,3.8565772,5.2665772,3.726577,0.9565771,0.39657715,1.7265772,0.86657715,-0.17342286,-1.6934228,-2.763423,-3.2234228,-0.76342285,-1.7834228,-2.1734228,-2.3634229,-2.7534227,-2.6334229,-0.37342286,-1.7134229,-2.6734228,-1.4034228,-0.76342285,2.8865771,-3.013423,1.7065772,0.98657715
5.306577,5.506577,5.056577,4.566577,4.216577,4.2065773,2.726577,1.3565772,2.466577,1.3465772,1.5065771,2.3265772,3.4965773,3.7665772,4.056577,4.826577,4.6465774,5.446577,4.006577,1.8665771,3.0565772,0.13657714,0.55657715,-0.34342286,-0.59342283,-0.24342285,0.38657716,-1.3234229,-0.14342286,-0.7834228,-1.6034229,0.80657715,-0.7834228,0.56657714,-2.1834228,1.7465771,2.2865772,3.0165772,-2.7534227,-5.283423,-3.1134229
4.006577,4.736577,4.4165773,4.026577,3.686577,3.5265772,3.1365771,2.226577,1.4565772,2.906577,2.7465773,1.7765771,5.616577,3.216577,4.466577,4.546577,5.466577,4.086577,5.9565773,3.8965771,5.306577,2.5265772,1.0165771,1.3465772,2.0065773,0.80657715,-0.36342284,-0.10342285,1.3165772,-0.43342286,1.4165771,1.5665772,3.6065772,-1.3934228,-1.4334228,-2.593423,0.8365772,-1.9234228,-1.9234228,0.5265772,-2.6634228
2.7665772,3.3965771,3.2765772,2.676577,2.3965771,2.0465772,3.7465773,4.656577,3.946577,3.686577,4.256577,4.116577,3.166577,4.236577,4.2465773,4.836577,4.4765773,4.676577,5.636577,5.576577,5.7465773,5.386577,2.906577,3.0165772,2.696577,1.8165772,2.5165772,1.6065772,1.3265772,2.7765772,1.1765771,2.8865771,1.6365771,-0.41342285,-0.74342287,-0.8634229,-2.8734229,-0.07342285,-2.1434228,0.096577145,-2.1034229
2.2765772,1.6165771,2.216577,2.7665772,3.5265772,4.066577,3.706577,2.5165772,2.5165772,2.446577,3.226577,5.1265774,1.7365772,5.136577,4.316577,4.096577,4.466577,5.926577,5.336577,6.506577,5.2065773,4.9365773,4.366577,3.0965772,3.5365772,3.486577,4.606577,4.606577,4.636577,2.6265771,4.7065773,1.9665772,-0.17342286,-0.6634228,0.87657714,-1.3634229,-1.3534229,0.62657714,-1.3134228,0.65657717,-1.6634228
0.30657715,1.5765772,2.7665772,3.5265772,4.4365773,2.666577,1.4465772,2.3365772,2.3365772,2.2465773,2.8965771,6.066577,1.9565772,5.4565773,5.796577,5.1265774,5.796577,7.3765774,6.056577,6.536577,6.506577,5.1465774,4.716577,3.0665772,3.1065772,3.3765771,4.3965774,4.786577,3.8965771,3.696577,1.5365771,1.8165772,2.3265772,1.0465771,1.7265772,4.096577,4.846577,-0.57342285,-0.06342285,-0.57342285,-0.7234228
1.0965772,1.5565772,2.0365772,2.2965772,2.2665772,2.5365772,3.1165771,3.206577,3.5265772,1.7765771,1.7665771,4.1665773,2.216577,5.526577,4.966577,5.576577,6.356577,6.736577,6.1465774,6.4765773,6.176577,5.046577,3.5665772,2.446577,2.916577,2.416577,2.706577,1.9465772,1.5965772,1.5365771,1.3965771,2.3465772,2.666577,2.8565772,3.1265771,3.726577,4.8765774,3.5665772,2.726577,-0.8534229,-0.81342286
1.0665772,1.0765772,2.3465772,2.436577,2.5365772,3.416577,3.166577,2.7865772,3.0865772,1.5465771,1.5065771,1.0065771,2.1365771,3.8365772,5.886577,6.176577,6.296577,6.176577,5.856577,5.856577,4.9565773,3.156577,1.3965771,0.81657714,0.18657714,-0.76342285,-0.9734228,0.78657717,0.68657714,1.6565771,1.7565771,2.0765772,2.446577,2.666577,2.7565773,3.0665772,2.5765772,3.3265772,3.6465771,3.186577,1.4165771
0.23657715,1.5365771,3.0565772,2.5265772,3.236577,4.096577,3.3265772,2.3365772,2.466577,0.90657717,1.2565771,2.3165772,2.156577,2.666577,4.7665772,5.7465773,5.1865773,5.736577,4.406577,1.7265772,-0.28342286,-1.6534228,-2.1034229,-2.1134229,-2.2134228,-1.8834229,-1.5534228,-1.3934228,-0.81342286,-0.8534229,-0.5434229,-0.6034229,-0.09342285,0.53657717,1.7565771,2.166577,2.1465771,2.7465773,2.8265772,2.6065772,1.3665771
