wind.json
{"header": {"discipline":0,"disciplineName":"Meteorological products","gribEdition":2,"gribLength":1211,"center":7,"centerName":"US National Weather Service - NCEP(WMC)","subcenter":0,"refTime":"2023-07-01T00:00:00.000Z","significanceOfRT":1,"significanceOfRTName":"Start of forecast","productStatus":0,"productStatusName":"Operational products","productType":1,"productTypeName":"Forecast products","productDefinitionTemplate":0,"productDefinitionTemplateName":"Analysis/forecast at horizontal level/layer at a point in time","parameterCategory":2,"parameterCategoryName":"UnknownDiscipline_0_Category_2","parameterNumber":3,"parameterNumberName":"UnknownParameter_D0_C2_3","parameterUnit":"Unknown","genProcessType":2,"genProcessTypeName":"Forecast","forecastTime":300,"surface1Type":103,"surface1TypeName":"Specified height level above ground","surface1Value":10.0,"surface2Type":255,"surface2TypeName":"Missing","surface2Value":0.0,"gridDefinitionTemplate":0,"gridDefinitionTemplateName":"Latitude_Longitude","numberPoints":688,"shape":6,"shapeName":"Earth spherical with radius of 6,371,229.0 m","gridUnits":"degrees","resolution":48,"winds":"true","scanMode":64,"nx":43,"ny":16,"basicAngle":0,"lo1":45.0,"la1":40.0,"lo2":87.0,"la2":55.0,"dx":1.0,"dy":1.0}, "data":
[rows 0 to 15 of 16, columns 0 to 42 of 43]
0.90170044,-0.92829955,1.3517004,-0.36829957,2.2717004,3.4417005,-0.13829955,-2.4482996,-4.2882996,-6.0382996,-3.8982995,-4.1182995,-5.0082994,-5.1582994,-3.7782996,-3.5682995,-5.1382995,-5.7282996,-8.1383,-4.6182995,-3.9682996,-6.4882994,-4.9382997,-4.6182995,-2.7982996,-1.0982995,-1.1782995,-1.3782996,-2.4882996,-7.9982996,-1.6382996,-0.66829956,4.8217006,2.1217005,-2.9982996,-4.1982994,-3.8882995,-4.9682994,-2.2982996,-4.9482994,-4.7782993,0.21170044,0.46170044
-0.91829956,1.5817004,1.8117005,-0.16829956,-1.7582996,-3.0982995,-5.2682996,-3.7182996,-4.4982996,-4.3183,-5.2282996,-6.2682996,-5.4382997,-4.0483,-2.9882996,-2.3282995,-3.5782995,-1.3282995,-6.4582996,-11.0983,-0.6382996,-3.5382996,-3.7982996,-3.7382996,-0.90829957,1.2617004,5.6517005,1.7017004,1.7217004,0.97170043,-2.2382996,-3.2282996,-3.1782997,-3.2982996,-2.7882996,-1.9682995,-1.9782996,-1.5582995,-2.3582995,-4.3082995,-4.0282993,-0.99829954,2.6317005
1.0717005,3.0217004,-0.93829954,-2.2182996,-4.7983,-4.4482994,-4.4882994,-3.7082996,-5.3183,-5.9082994,-5.9682994,-5.1282997,-5.9782996,-1.7982996,-2.5682995,-0.74829954,1.3817004,1.2417004,0.72170043,-5.3382998,-8.0583,-1.4282995,-4.4782996,-5.6982994,-1.3382995,-1.5982995,-0.67829955,1.7717004,-9.2083,-3.7282996,-2.1882997,-0.8382996,-1.7982996,-3.6582994,-1.5482996,-3.4182997,-2.6182995,2.3417006,0.8517004,6.1617002,1.6817005,-1.0782995,-0.54829955
-2.5182996,-2.7882996,-4.8682995,-1.5282996,-3.0782995,-3.8882995,-3.9282997,-3.5082996,-5.5782995,-6.3482995,-4.6982994,-6.9882994,-6.8682995,-6.1382995,-4.9782996,-0.71829957,-3.4182997,0.72170043,4.0417004,1.1317004,1.5217004,-0.35829955,-2.9182997,-3.5382996,-6.6982994,-5.4282994,-5.9582996,-5.2682996,-5.2782993,-4.4982996,-3.4882996,-3.5982995,-2.5382996,-1.1282996,1.6617005,-0.07829956,0.121700436,1.2817005,-2.2882996,-3.0382996,-1.1282996,-1.1482996,-2.2682996
-2.6282995,-6.7182994,-1.5282996,-4.4482994,-3.3582995,-4.1582994,-2.6982996,-6.6882997,-6.4982996,-6.9982996,-6.6882997,-7.0683,-6.7182994,-6.7382994,-3.8782995,-2.6382995,-0.80829954,3.5717003,5.7517004,0.51170045,1.3217005,3.4417005,-2.9882996,-2.9082994,-5.1482997,-4.1882997,-3.5782995,-3.4382997,-2.1282995,-1.5482996,-4.5683,1.4517004,1.0817004,-3.6582994,-5.1382995,0.19170044,3.0917006,0.121700436,-0.07829956,1.2917005,3.1317005,-2.4582996,-5.3882995
-4.5882998,-2.3282995,-1.2482996,3.5617003,0.39170045,-0.26829955,-3.1882997,-6.8082995,-7.7382994,-5.5683,-6.3682995,-6.2682996,-5.8482995,-6.2482996,-4.0082994,-2.1082995,-0.55829954,1.3117005,8.091701,-1.2082995,-3.8882995,-2.5182996,-0.6982996,-4.2682996,-2.0582995,-2.3582995,-2.2282996,0.52170044,-3.0782995,-7.4782996,-1.1282996,-2.9182997,3.8317003,-1.2782996,-1.2582996,-0.54829955,0.8017004,2.8417006,3.2817004,3.9017005,1.1717005,0.62170047,-0.5182996
-4.4982996,-4.7182994,-4.7382994,-3.8482995,-1.8582996,1.8017005,0.36170045,-2.0682995,-3.8382995,-5.8082995,-4.7182994,-5.1682997,-4.2282996,-4.9882994,-5.6682997,-3.7282996,-5.8482995,5.7617006,5.4817004,12.5317,1.1617005,0.16170044,-1.6282996,-1.7082995,-3.5082996,1.4617004,1.7817005,1.3917004,3.5617003,-3.1682997,2.2817004,-2.1482995,-0.90829957,-1.4182996,-0.00829956,3.3717005,-0.31829956,-1.7082995,-3.7082996,-5.1182995,2.6117005,0.49170044,-1.3082995
-5.0782995,-4.9782996,-4.7482996,-3.5482996,-3.7582996,-4.5182996,-4.2983,-5.1982994,-5.7182994,-6.0782995,-7.3582997,-2.9182997,-4.5982995,-4.3082995,-2.3282995,-4.2782993,-3.7582996,0.02170044,1.3217005,-3.9982996,-3.8982995,-0.8882996,-3.8482995,-1.5582995,0.5417004,0.15170044,1.2517004,3.4917004,4.5817003,5.8617005,5.1217003,4.5617003,-4.1782994,-3.4282997,-0.24829955,-1.9482995,-2.0682995,-0.33829957,-2.9582996,-3.3082995,-2.1782997,-2.1382995,-4.8682995
-5.4082994,-4.1982994,-5.6482997,-4.4182997,-4.4782996,-4.3282995,-3.7682996,-4.0683,-3.8882995,-3.5282996,-3.7382996,-5.9182997,-2.8082995,-4.2182994,-2.6682997,2.1917005,-0.74829954,1.9617004,-2.0582995,-2.7582996,-0.38829955,-2.6382995,-0.66829956,-1.8782996,-2.1982996,2.8717005,4.6217003,-0.78829956,4.2417006,5.1117005,-0.00829956,0.16170044,-1.1382996,-3.1282995,-4.0582995,-5.4882994,-3.8482995,-2.0282996,-1.0282996,-0.37829956,1.4617004,0.15170044,0.68170047
-5.5182996,-5.7782993,-5.6182995,-5.4582996,-5.1382995,-4.0683,-3.3782995,-3.5682995,-3.4482996,-3.9482996,-2.7982996,-3.2682996,-3.9582996,-2.5182996,-3.5782995,-5.1382995,-6.9282994,-0.048299562,10.4517,3.9417005,-0.77829957,-1.7282996,-2.5582995,11.0017,3.6217005,1.0517005,2.5317004,-1.7982996,-2.1482995,2.5717003,3.2817004,-1.0182996,-0.11829956,-2.7782996,-4.5382996,-6.2082996,-6.8183,-4.7482996,-4.3882995,-6.0483,-3.2982996,-0.72829956,1.2817005
-5.8982997,-5.9482994,-6.7182994,-6.5182996,-6.6482997,-5.6182995,-4.3282995,-2.8682995,-2.5382996,-3.4582996,-3.1482995,-2.4382997,-3.0182996,-2.7682996,-2.2082996,6.5117006,12.301701,7.2317004,-1.0482996,-4.2182994,-5.7882996,2.4417005,2.8117003,1.5117004,2.8317003,7.0417004,3.2617004,-5.7382994,-6.1682997,-1.4082996,-0.42829955,2.2617004,2.0117004,0.14170045,-4.2582994,-5.9682994,-8.028299,-6.4382997,0.65170044,0.63170046,-2.0682995,-2.1582994,-2.2282996
-6.3082995,-6.7282996,-5.5782995,-5.2782993,-4.1382995,-4.2282996,-4.0483,-4.5782995,-4.5582995,-5.5382996,-1.2782996,-1.8282995,-2.3082995,-2.0982995,-4.4482994,-1.0282996,-1.8882996,-0.66829956,-0.84829956,-3.6882997,5.6217003,-6.6482997,-5.3782997,3.1417005,3.9317005,5.9117002,4.7217007,3.1117005,-0.7682996,-3.7582996,-3.0082996,-0.018299561,-2.7182996,-0.20829956,-0.97829956,-1.1782995,-5.4082994,-6.1482997,-3.3982995,-1.8682996,-1.2782996,-2.5282996,-2.3682995
-4.2882996,-5.1882997,-5.5782995,-3.0082996,-2.1982996,-3.4382997,-0.99829954,-2.3282995,-2.6882997,-4.2582994,-5.4982996,-1.1082996,-1.9982996,-0.18829957,-1.7682996,-3.1982996,-0.39829957,-0.43829957,-1.7882996,-3.4782996,-4.0683,-4.2482996,-1.9982996,-1.9282995,-0.13829955,5.5217004,3.4817004,2.2117004,2.9317005,-2.7282996,0.87170047,-0.97829956,0.96170044,-2.8282995,-0.7582996,-2.5382996,-0.18829957,-3.0682995,-4.5082994,-2.5382996,-0.26829955,-2.2482996,-1.8382995
-4.6282997,-5.3282995,-4.6382995,-4.8482995,-2.9282997,-2.0382996,-3.7282996,-1.6082996,-1.8682996,-1.8282995,-2.6582994,-2.3282995,-0.47829956,-1.6182996,3.2317004,-1.5582995,-2.1682997,0.25170043,-0.31829956,-0.91829956,-1.3182995,-0.36829957,-2.6782997,-2.7982996,5.7817006,5.1617002,2.5617003,2.3517005,-7.4482994,3.9117005,-0.9482996,1.5017004,3.4417005,1.4517004,0.6117004,0.09170044,1.6017004,0.7917004,0.41170043,0.07170044,-2.4382997,-0.97829956,-1.6382996
-4.4882994,-2.9482996,-2.7282996,-3.5482996,-4.4282994,-3.7882996,-3.4782996,-3.7782996,-2.3082995,-1.4082996,-0.48829955,-0.9482996,-0.27829957,-0.34829956,-0.14829956,6.3717003,2.5017004,-0.53829956,1.7317004,1.2917005,-0.28829956,0.95170045,0.76170045,-1.8182995,-0.79829955,3.4317005,6.0117006,6.2217007,1.7517004,1.5817004,1.3617004,1.3717004,1.5117004,1.4117005,-1.2282996,0.42170045,1.2617004,-4.3082995,2.3417006,1.3017005,1.0817004,0.17170043,-2.1682997
-5.5182996,-4.4682994,-2.8682995,-4.5282993,-5.9582996,-4.7182994,-3.9082994,-2.0082996,-1.8482995,-1.2682996,0.5517004,-0.61829954,-0.78829956,-1.3582996,-0.5882996,-4.4282994,2.2317004,5.7617006,-0.10829956,3.6617005,4.1917005,3.0217004,2.6317005,2.4017005,1.1917005,2.3917005,3.0717003,3.6217005,3.0617003,3.7617004,3.3917005,2.3717005,-0.45829955,0.25170043,2.6317005,2.2217004,-0.87829953,2.6017005,-1.6082996,-2.2882996,1.1617005,0.42170045,-0.72829956
