wind_kz.json
{"header": {"discipline":0,"disciplineName":"Meteorological products","gribEdition":2,"gribLength":1025,"center":7,"centerName":"US National Weather Service - NCEP(WMC)","subcenter":0,"refTime":"2024-02-03T00:00:00.000Z","significanceOfRT":1,"significanceOfRTName":"Start of forecast","productStatus":0,"productStatusName":"Operational products","productType":1,"productTypeName":"Forecast products","productDefinitionTemplate":0,"productDefinitionTemplateName":"Analysis/forecast at horizontal level/layer at a point in time","parameterCategory":2,"parameterCategoryName":"UnknownDiscipline_0_Category_2","parameterNumber":2,"parameterNumberName":"UnknownParameter_D0_C2_2","parameterUnit":"Unknown","genProcessType":2,"genProcessTypeName":"Forecast","forecastTime":0,"surface1Type":103,"surface1TypeName":"Specified height level above ground","surface1Value":10.0,"surface2Type":255,"surface2TypeName":"Missing","surface2Value":0.0,"gridDefinitionTemplate":0,"gridDefinitionTemplateName":"Latitude_Longitude","numberPoints":615,"shape":6,"shapeName":"Earth spherical with radius of 6,371,229.0 m","gridUnits":"degrees","resolution":48,"winds":"true","scanMode":64,"nx":41,"ny":15,"basicAngle":0,"lo1":47.0,"la1":41.0,"lo2":87.0,"la2":55.0,"dx":1.0,"dy":1.0}, "data":
[rows 0 to 14 of 15, columns 0 to 40 of 41]
1.0365577,-1.2834424,0.39655763,-1.3434424,1.2065576,3.1365576,1.1165576,-0.8834424,-1.0034424,-0.05344238,-0.043442383,-0.9434424,-1.0634423,-1.3834424,-1.4734424,-1.8834424,-1.2134423,-5.2434425,-8.463443,-9.243443,-3.7034423,-0.09344238,0.2865576,-3.6934423,0.16655761,-2.0834424,-4.603442,-5.0034423,1.3365576,0.5565576,-1.9834424,2.8665576,-0.3334424,0.9965576,-2.5334425,-2.5834424,-2.4834423,-2.8134425,-2.3834424,-2.2034423,-0.8834424
2.5465577,0.70655763,-0.37344238,1.0365577,1.8465576,2.1065576,1.7865577,1.2565576,1.4165577,1.6765577,-0.54344237,-1.5134424,-1.1934423,0.7865576,-0.68344235,-2.9234424,-0.7134424,-2.6434424,-4.3434424,-4.5134425,-2.9634423,-2.3034425,-0.4934424,-5.2334423,-1.3134423,0.33655763,-1.9034424,0.026557617,-3.3134425,-2.6134424,0.16655761,-1.1234424,2.2265577,-1.4234424,0.3265576,0.18655762,0.18655762,-0.073442385,-0.6934424,1.1365576,-0.5734424
-0.11344238,0.3565576,1.9965576,3.0765576,2.8665576,1.9965576,1.6965576,2.1965575,1.2265576,1.4265577,2.9965577,1.3065577,0.3265576,-0.6034424,-1.0134424,-2.3634424,-4.4534426,-3.7234423,-3.1734424,-1.5334424,-1.4934424,-2.0534425,-3.5134423,-4.8034425,-0.3934424,-1.8634424,-2.7434423,-2.3934424,-2.4634423,-0.9034424,-1.8634424,3.3065577,-0.043442383,-0.32344237,0.7965576,-0.43344238,-0.6434424,0.18655762,0.12655762,2.3365576,2.1665576
2.8465576,4.7365575,5.4965577,5.5965576,4.2565575,2.4865577,1.4265577,3.1565576,3.1865575,2.9365575,2.3765576,2.6265576,2.8965576,3.0565577,-0.003442383,-1.4834424,-2.0634425,-1.8034424,-2.1834424,-2.1634424,-0.31344238,-2.1534424,-3.6334424,-4.873442,-4.9134426,-4.643442,-3.7234423,-3.4034424,-2.3634424,-2.6534424,-1.8334423,-6.313442,-3.9734423,-1.5334424,-1.7134423,-1.9934424,-2.0634425,1.8665576,0.12655762,-0.41344237,1.1365576
5.4065576,5.8165574,4.6965575,4.9065576,4.9965577,4.8165574,4.3265576,4.0965576,3.4165576,3.0365577,2.6865575,4.3165574,5.9965577,5.3065577,3.9765577,0.14655761,-0.6434424,-1.2034423,-1.6034424,-2.5234423,-5.5234423,-5.2934422,-5.7134423,-5.4734426,-5.2234426,-5.1934423,-7.7034426,-2.7734423,-4.6734424,-4.1634426,-4.2934422,-2.7934425,-3.1434424,0.9165576,2.6365576,-0.8834424,-2.1434424,-1.6934423,-1.6434424,-0.34344238,-1.6134424
5.436558,5.0965576,5.126558,4.7865577,4.646558,4.5465574,4.2165575,4.3465576,2.5865576,3.7865577,3.1565576,2.8865576,5.876558,7.5365577,3.3665576,0.37655762,0.8565576,-0.24344239,-1.6934423,-2.6134424,-4.3434424,-3.6934423,-4.1534424,-4.9934425,-5.4334426,-6.4134426,-3.7034423,-4.2634425,-4.563442,-4.373442,-3.9434423,-3.6334424,-4.1534424,-2.6034424,-2.2534423,-3.0334425,-0.73344237,-1.0334424,-0.023442382,-1.6234424,-2.8334424
5.3365574,5.416558,5.9565578,6.126558,5.856558,5.4765577,4.0565577,4.0265574,3.4165576,4.4965577,4.2065578,3.8365576,3.4665575,4.2465577,3.9665575,2.0665576,1.1765577,0.4165576,-1.6234424,-2.2334423,-1.7834424,-2.1734424,-2.5834424,-3.1634424,-4.5234423,-5.0934424,-2.0234423,-2.9534423,-2.7234423,-4.1934423,-3.7334423,-3.2234423,-0.43344238,-2.2734423,-2.2834425,-2.6534424,-1.2334424,2.7665577,-2.1234424,0.026557617,1.1065576
5.8165574,5.9865575,6.2765574,6.0365577,6.4065576,5.5465574,5.0065575,2.6165576,3.8865576,3.5565577,4.0865574,5.3065577,5.5965576,5.5565577,4.7065578,5.3065577,3.7265577,0.94655764,-0.6934424,-0.68344235,-0.23344238,-1.0734423,-1.2134423,-1.2834424,-2.0034423,-0.67344236,-0.86344236,-1.7534424,-1.0834423,-1.8034424,-1.5934424,-1.6434424,-1.8834424,1.8165576,-2.1734424,1.8265576,1.1865577,1.1665577,-3.0534425,-3.2834425,-1.9134424
6.8265576,6.9565578,6.1365576,6.2765574,6.186558,5.9065576,4.5065575,4.2165575,4.0065575,4.3465576,3.5965576,4.146558,5.3665576,3.0265577,5.9765577,5.8065577,4.4465575,2.3465576,1.9665576,2.0265577,2.9365575,1.8265576,1.1965576,0.6065576,0.9065576,0.36655763,-0.40344238,0.13655762,0.88655764,-0.25344238,1.3565576,1.0665576,5.396558,0.3865576,-0.5234424,-1.7034423,0.2865576,-2.0034423,-1.5334424,-0.37344238,-1.5034424
6.5565577,7.0365577,6.0765576,5.8665576,6.126558,5.0665574,5.666558,4.8865576,5.2165575,3.6965575,4.0865574,4.7765574,3.2265577,3.6465576,4.4765577,4.646558,4.4665575,2.8165576,2.9665575,2.6465576,4.626558,4.626558,3.2965577,3.0865576,3.1565576,2.3865576,2.7165575,2.5865576,2.8665576,1.4165577,0.5265576,1.9665576,3.1765575,0.9265576,-1.4434423,-0.5734424,-2.7434423,-0.5034424,-1.2534424,0.9265576,-1.3434424
4.8665576,6.376558,5.9765577,5.4265575,5.3365574,5.0365577,4.7765574,4.9065576,4.106558,3.0265577,4.5665574,4.2265577,0.9665576,3.5565577,2.8665576,2.9965577,2.8465576,2.9065576,2.5165577,3.3765576,4.7465577,4.606558,2.5165577,2.3765576,2.8965576,2.6265576,4.0165577,3.6765575,3.3265576,0.56655765,0.82655764,0.076557614,-1.0834423,-0.17344238,-0.7234424,-0.4834424,-1.3534424,0.4165576,-1.4434423,1.5865576,-1.1434424
7.7465577,6.0965576,4.9865575,3.1865575,4.9765577,4.606558,3.8865576,4.5765576,2.6965575,2.8265576,2.4565575,1.6265576,1.0165576,2.1265576,2.9065576,2.3965576,2.1165576,2.1765575,1.6565576,2.9065576,2.8265576,2.4665575,0.6165576,0.5265576,1.4865576,2.2065575,2.8865576,1.0265576,2.0165577,0.066557616,0.11655762,-0.12344238,0.08655762,-0.7734424,0.24655762,2.4765577,2.2465577,-1.1034424,-1.1234424,-0.7134424,0.15655762
5.5265574,2.4865577,4.146558,3.1565576,3.2965577,3.7465577,4.2065578,2.3665576,1.6865577,-1.5134424,-1.0134424,-0.17344238,0.7865576,1.7665576,1.1165576,-0.32344237,-1.2734424,-1.4934424,-2.2434423,-2.1834424,-2.1634424,-1.8734424,-1.0634423,-1.5034424,-0.4834424,-0.54344237,-1.0834423,-1.2034423,-0.35344237,-0.4834424,-0.34344238,0.22655761,0.6465576,1.1765577,1.0965576,1.3865576,1.9765576,1.8065577,-0.3034424,-0.3034424,-0.6534424
6.376558,3.6665576,1.0665576,2.1065576,1.5865576,4.2865577,3.5665576,0.34655762,-0.7634424,-0.79344237,-1.3834424,-1.0434424,-0.15344238,-0.61344236,-1.6934423,-2.3134425,-2.5734425,-3.0134423,-3.3634424,-3.1334424,-2.7134423,-2.4434423,-2.3934424,-2.5234423,-2.2434423,-2.0334425,-1.3334423,-0.61344236,-0.6534424,-0.19344239,0.056557618,0.7765576,0.9365576,1.1465576,0.94655764,0.7965576,0.23655762,0.21655762,-0.7534424,1.7565576,-0.54344237
3.9865577,1.0565577,2.1565576,2.3365576,3.1165576,3.3765576,1.5265576,-0.14344238,-0.7234424,-1.5734423,-1.8834424,-1.2234424,-0.80344236,-0.22344238,-1.7534424,-2.3134425,-2.7934425,-2.8634424,-2.6934423,-2.9034424,-2.8434424,-2.8534424,-2.6034424,-2.7934425,-2.3634424,-2.1534424,-1.9034424,-1.1134424,0.13655762,0.9065576,1.3965576,1.6565576,1.8365576,1.9265577,1.6965576,0.7765576,0.2565576,1.9465576,-0.8234424,-0.08344238,-0.21344239
