wind_kz.json
{"header": {"discipline":0,"disciplineName":"Meteorological products","gribEdition":2,"gribLength":1025,"center":7,"centerName":"US National Weather Service - NCEP(WMC)","subcenter":0,"refTime":"2024-04-08T12:00:00.000Z","significanceOfRT":1,"significanceOfRTName":"Start of forecast","productStatus":0,"productStatusName":"Operational products","productType":1,"productTypeName":"Forecast products","productDefinitionTemplate":0,"productDefinitionTemplateName":"Analysis/forecast at horizontal level/layer at a point in time","parameterCategory":2,"parameterCategoryName":"UnknownDiscipline_0_Category_2","parameterNumber":2,"parameterNumberName":"UnknownParameter_D0_C2_2","parameterUnit":"Unknown","genProcessType":2,"genProcessTypeName":"Forecast","forecastTime":180,"surface1Type":103,"surface1TypeName":"Specified height level above ground","surface1Value":10.0,"surface2Type":255,"surface2TypeName":"Missing","surface2Value":0.0,"gridDefinitionTemplate":0,"gridDefinitionTemplateName":"Latitude_Longitude","numberPoints":615,"shape":6,"shapeName":"Earth spherical with radius of 6,371,229.0 m","gridUnits":"degrees","resolution":48,"winds":"true","scanMode":64,"nx":41,"ny":15,"basicAngle":0,"lo1":47.0,"la1":41.0,"lo2":87.0,"la2":55.0,"dx":1.0,"dy":1.0}, "data":
[rows 0 to 14 of 15, columns 0 to 40 of 41]
-1.6296508,-0.77965087,1.9903492,1.9403491,1.3603492,1.8303491,1.9403491,3.5903492,3.5503492,3.030349,3.790349,3.3203492,0.42034912,1.5203491,3.8103492,4.810349,4.570349,0.010349121,-2.979651,4.750349,3.200349,1.0303491,1.5103492,0.010349121,-0.8096509,-0.83965087,-1.6596509,-2.4496508,-0.27965087,0.05034912,-2.0996509,1.8003491,0.42034912,0.8003491,0.07034912,0.41034913,-0.8996509,-1.2796509,-1.4396509,-2.029651,-3.069651
1.9303491,1.0203491,-0.5096509,3.510349,3.3203492,2.260349,3.460349,1.0403491,3.6303492,4.380349,4.560349,3.680349,2.520349,1.5603491,1.5303491,0.3703491,1.0003492,-1.1096509,-0.3796509,1.4103491,1.0603491,0.4603491,-0.15965088,-1.5996509,-0.3496509,0.96034914,-1.4896508,-0.35965088,-2.6996508,-1.5796509,3.4912108E-4,-0.7496509,2.5803492,-3.069651,-0.08965088,-0.17965087,-0.59965086,0.29034913,-0.14965087,1.5603491,-3.959651
0.78034914,2.6103492,2.740349,3.490349,4.6803493,3.700349,3.3403492,5.050349,3.8503492,4.400349,5.070349,3.940349,2.8903491,3.6103492,3.190349,2.290349,0.14034912,0.5503491,1.9103491,2.3403492,2.6503491,1.7203491,-1.9596509,-0.15965088,1.1403491,-0.5496509,-0.83965087,-1.4396509,-1.0096508,-0.32965088,-1.7496508,2.6203492,-0.84965086,-0.6296509,0.6703491,-0.42965087,-0.71965086,-0.06965088,-0.09965088,1.3803492,1.4703491
3.280349,5.900349,6.890349,5.1803493,4.790349,5.100349,4.060349,5.820349,4.880349,3.270349,3.0703492,3.470349,3.990349,3.6503491,2.4203491,2.960349,1.6203492,1.6703491,1.9403491,1.6003491,0.5403491,0.05034912,-1.9896508,-2.809651,-3.219651,-3.799651,-4.0296507,-5.859651,-2.569651,-1.4996508,-0.7996509,-5.439651,-2.819651,-2.999651,-2.4396508,-2.4496508,-1.4296509,1.5103492,-0.60965085,-1.0796509,-1.6896509
3.980349,6.000349,5.170349,5.750349,6.080349,6.140349,5.790349,6.210349,7.160349,5.920349,4.2003493,3.980349,4.4903493,3.220349,1.5703491,2.0503492,1.9303491,0.9803491,1.7403492,1.4403491,-1.3396509,-3.4396508,-3.809651,-4.099651,-3.8496509,-4.659651,-5.159651,-3.049651,-3.9096508,-4.7396507,-3.4196508,-2.029651,-2.0796509,-0.009650879,-1.1896509,-1.0196509,-3.499651,-2.989651,-2.209651,-2.5996509,-3.1496508
3.3503492,3.4003491,4.7603493,6.710349,5.910349,4.800349,5.140349,4.590349,6.4703493,5.2603493,6.480349,3.3703492,4.150349,2.0503492,1.9203491,2.1303492,2.250349,1.9003491,0.9303491,0.5503491,-1.7296509,-2.6996508,-3.039651,-3.3596509,-3.6096509,-5.359651,-3.459651,-3.709651,-4.159651,-5.109651,-4.099651,-2.8596509,-4.0096507,-3.4196508,-1.7496508,-1.2896509,-0.18965088,-2.259651,-0.14965087,-1.2496508,-2.489651
3.450349,4.000349,4.160349,3.5703492,4.230349,4.370349,5.9903493,6.9303493,5.790349,5.7403493,5.060349,5.360349,4.7203493,3.3803492,3.1503491,2.690349,1.9803491,2.8903491,1.5703491,-0.7096509,-1.3196509,-1.6696509,-2.809651,-2.499651,-3.6296508,-4.059651,-2.6296508,-3.3996508,-3.219651,-3.819651,-4.5696507,-3.1296508,-1.7496508,-2.509651,-1.6496509,-1.9696509,-1.2396508,0.6203491,-2.009651,0.24034911,0.18034913
3.460349,2.770349,3.5503492,4.360349,4.070349,3.8203492,4.130349,2.770349,4.570349,7.660349,4.9303493,5.370349,5.9303493,3.4003491,3.8903491,2.010349,1.9903492,1.0303491,2.020349,-0.05965088,0.83034915,-0.2896509,-0.4096509,-1.4196509,-1.8196509,-1.3596509,-0.85965085,-1.4596509,-1.5496509,-2.1396508,-3.4196508,-2.549651,-3.1796508,-1.3496509,-3.4196508,-1.6296508,1.8503491,2.740349,-0.6796509,0.33034912,-1.5396509
2.020349,2.010349,2.730349,3.3603492,3.9203491,5.300349,4.210349,4.5103493,3.6503491,6.480349,6.6803493,5.710349,5.960349,3.5903492,3.3403492,2.440349,1.2303491,0.66034913,0.28034914,1.8803492,0.8203491,0.3703491,0.15034913,-0.90965086,-0.2596509,0.03034912,-0.21965088,-0.22965088,0.5103491,-0.4396509,-0.59965086,0.39034912,0.7603491,-0.52965087,-1.2996509,-0.6496509,-0.4096509,-3.4496508,-1.8296509,0.8603491,-2.3996508
4.0103493,3.990349,4.400349,4.250349,5.2203493,5.2203493,4.390349,4.4703493,3.6403491,2.0803492,3.8903491,4.7803493,8.19035,3.040349,1.9603491,2.190349,1.8303491,0.4003491,0.71034914,-0.26965088,1.8903491,1.6603491,1.2603492,1.0403491,-0.21965088,-0.8796509,0.010349121,-0.09965088,0.4003491,2.0503492,0.77034914,1.3503491,0.41034913,-1.5296509,-1.5196509,-1.9096509,-2.319651,-0.14965087,-3.049651,-0.85965085,-1.3896508
4.870349,5.690349,6.050349,5.340349,4.480349,5.070349,3.6603491,3.4103491,4.140349,2.9203491,3.720349,4.800349,7.9903493,3.960349,2.1203492,1.0203491,2.3603492,3.220349,0.22034912,0.66034913,1.4503491,1.7203491,1.0603491,0.7503491,1.6103492,0.7603491,0.9903491,1.4603491,2.0803492,1.6203492,3.030349,-0.15965088,-2.309651,-0.97965086,-1.2396508,-2.1796508,-1.7896509,0.26034912,-0.9596509,1.0403491,-1.4696509
6.480349,7.130349,7.460349,6.790349,6.540349,4.590349,4.860349,4.800349,4.4303493,3.930349,3.6203492,5.0103493,6.540349,3.760349,2.3503492,2.460349,2.430349,4.0103493,1.5003492,2.4203491,0.89034915,2.000349,0.8203491,2.030349,1.8403491,1.8003491,1.3203491,2.510349,2.8403492,1.8203491,0.06034912,-0.23965088,-0.83965087,-1.5496509,-0.49965087,-0.32965088,-0.78965086,-0.78965086,-0.42965087,-0.6196509,-0.65965086
5.920349,7.590349,7.4903493,8.800349,6.710349,5.110349,4.4303493,4.5303493,4.980349,2.690349,2.250349,3.4103491,5.750349,5.300349,1.8403491,2.4203491,1.7603492,2.020349,2.0603492,1.7603492,1.4603491,2.000349,1.4203491,2.4203491,4.0303493,2.8203492,3.8603492,2.8703492,2.200349,1.5203491,0.4003491,0.3103491,-0.49965087,-1.3996509,-1.5396509,-1.6296508,-1.6796509,-1.4396509,-1.8396509,-1.4096509,-1.2296509
4.500349,5.620349,6.230349,5.040349,5.730349,6.560349,5.350349,5.150349,3.960349,4.170349,3.3203492,1.4503491,3.3803492,4.520349,2.0703492,2.040349,1.5403491,1.0303491,-0.45965087,2.0803492,1.5803491,1.6203492,2.6603491,2.8903491,2.6603491,2.0803492,1.1703491,2.750349,1.6603491,0.7303491,0.64034915,-0.48965088,-0.7596509,-1.1696509,-1.5296509,-1.4896508,-1.3396509,-1.2796509,-1.9596509,-0.90965086,-1.5596509
3.6303492,6.000349,6.560349,6.320349,5.820349,5.090349,5.380349,4.380349,4.650349,2.6003492,1.0203491,3.0803492,2.710349,1.8403491,2.6103492,2.0703492,1.4403491,1.3803492,0.65034914,1.4603491,0.96034914,1.4803491,2.010349,2.3803492,2.1503491,2.5703492,2.960349,2.240349,1.8603492,0.9903491,-0.3196509,0.18034913,-0.7996509,-1.1296508,-1.0496509,-1.1996509,-1.3196509,-0.65965086,-1.2296509,-0.90965086,-1.3896508
