wind_kz.json
{"header": {"discipline":0,"disciplineName":"Meteorological products","gribEdition":2,"gribLength":1025,"center":7,"centerName":"US National Weather Service - NCEP(WMC)","subcenter":0,"refTime":"2023-10-02T00:00:00.000Z","significanceOfRT":1,"significanceOfRTName":"Start of forecast","productStatus":0,"productStatusName":"Operational products","productType":1,"productTypeName":"Forecast products","productDefinitionTemplate":0,"productDefinitionTemplateName":"Analysis/forecast at horizontal level/layer at a point in time","parameterCategory":2,"parameterCategoryName":"UnknownDiscipline_0_Category_2","parameterNumber":2,"parameterNumberName":"UnknownParameter_D0_C2_2","parameterUnit":"Unknown","genProcessType":2,"genProcessTypeName":"Forecast","forecastTime":300,"surface1Type":103,"surface1TypeName":"Specified height level above ground","surface1Value":10.0,"surface2Type":255,"surface2TypeName":"Missing","surface2Value":0.0,"gridDefinitionTemplate":0,"gridDefinitionTemplateName":"Latitude_Longitude","numberPoints":615,"shape":6,"shapeName":"Earth spherical with radius of 6,371,229.0 m","gridUnits":"degrees","resolution":48,"winds":"true","scanMode":64,"nx":41,"ny":15,"basicAngle":0,"lo1":47.0,"la1":41.0,"lo2":87.0,"la2":55.0,"dx":1.0,"dy":1.0}, "data":
[rows 0 to 14 of 15, columns 0 to 40 of 41]
2.2448413,1.7948413,-2.2551587,-4.1751585,0.9848413,0.8248413,4.514841,-4.645159,-6.9751587,-6.1651587,-6.2851586,-5.355159,-4.2851586,-3.9251587,-5.4651585,-4.505159,-3.3951588,-3.4051588,-2.7551587,-2.5951586,-0.6151587,-0.9451587,0.6448413,0.8348413,1.8748413,2.5048413,2.3048413,1.0048413,-0.2051587,0.4248413,0.074841306,1.1848413,-1.4851587,-0.7451587,-0.07515869,0.4648413,1.0848413,-0.04515869,0.17484131,0.014841309,-1.3651587
1.6748413,-3.5851586,-2.8551588,-2.3651588,-2.7151587,-0.3451587,-4.2451587,-5.275159,-6.4751587,-6.4351587,-5.8851585,-5.4251585,-5.4651585,-5.6351585,-3.8951588,-4.005159,-3.1051588,-5.3051586,-6.6651587,-4.125159,-3.7251587,-1.9251587,0.17484131,0.9648413,0.6748413,-0.2551587,0.08484131,0.3148413,-1.1751587,-0.36515868,-0.3251587,-0.1551587,-0.7751587,-2.6351588,0.4248413,1.6748413,1.6448413,1.1548413,-0.7351587,-0.7151587,-1.5051587
-2.5551586,-4.105159,-4.2251587,-4.0951586,-3.2351587,-4.0751586,-6.4451585,-6.005159,-6.6651587,-5.6851587,-5.9551587,-5.4151587,-5.895159,-5.8251586,-6.0551586,-6.145159,-6.255159,-5.855159,-3.8451586,-3.8151586,-8.955158,-9.155159,-7.835159,-7.6551585,-2.0351586,-4.2651587,-1.3651587,0.03484131,1.4448413,-1.3251587,-0.5151587,-1.4451587,0.3948413,-0.3751587,-2.9751587,-1.2151587,0.1548413,-0.3851587,4.514841,2.9048414,0.4048413
-4.6551585,-1.4251587,-1.8151587,-2.0851586,1.3448414,-4.5351586,-5.295159,-4.7251587,-6.065159,-5.7151585,-6.0751586,-6.4051585,-3.9551587,-2.9951587,-6.795159,-7.1151586,-6.7851586,-7.2851586,-7.5151587,-7.8451586,-7.7051587,-9.795158,-6.1551585,-6.8851585,-7.145159,-7.1951585,-7.1351585,-7.335159,-6.3251586,-3.5551586,-2.1951587,-0.05515869,0.7648413,1.4148413,2.1148412,1.3148413,-0.5351587,2.7748413,0.3148413,-0.5451587,0.5848413
-3.3851588,-0.08515869,-1.8351587,0.38484132,-1.4851587,-4.7851586,-3.7751586,-4.9651585,-5.1151586,-4.485159,-5.395159,-5.295159,-4.1651587,-3.0651586,-1.1251587,-6.775159,-6.7451587,-6.2251587,-6.105159,-6.6851587,-7.1651587,-6.7651587,-6.2651587,-5.835159,-7.7651587,-7.4651585,-6.605159,-4.9251585,-4.8251586,-3.9751587,-3.8451586,-2.2351587,-3.2451587,0.074841306,-1.3451587,-1.4151587,6.3648415,-1.7251587,-1.7351587,-0.7851587,-2.8451586
-4.1551585,-4.8251586,-4.355159,-4.9251585,-5.505159,-4.775159,-5.3251586,-4.6551585,-3.9651587,-4.0951586,-4.9451585,-4.9351587,-2.5151587,-1.0151587,-4.775159,-4.735159,-6.1851587,-6.085159,-6.4251585,-5.9151587,-5.875159,-5.1651587,-4.6151586,-4.375159,-4.7051587,-5.5151587,-5.895159,-4.9151587,-4.1851587,-3.7951586,-4.2251587,-4.2651587,-1.7951587,-1.1951587,0.62484133,0.5148413,2.5048413,3.5348413,8.0748415,-7.375159,-7.6351585
-2.9651587,-4.395159,-4.565159,-3.8951588,-4.5751586,-4.295159,-4.1351585,-3.5451586,-3.8451586,-3.2251587,-2.8851588,-2.8251586,-3.5051587,-3.1351588,-3.5851586,-4.1951585,-4.3451586,-4.9951587,-5.0151587,-5.1151586,-4.9551587,-4.4951587,-4.045159,-3.3751588,-3.7551587,-3.9351587,-4.0351586,-2.4751587,-3.3051586,-3.0051587,-3.4051588,-3.0051587,-1.7351587,-1.1751587,3.4248414,1.0248413,-0.22515869,-1.2951587,2.3648412,0.3048413,4.124841
-0.7751587,-1.7751586,-2.1351588,-2.6551588,-1.6551586,-1.8451587,-2.3151586,-2.0551586,-2.1251588,-1.9951587,-1.8051587,-1.6651587,-1.3851587,-1.3851587,-1.4051586,-1.6951587,-2.1251588,-2.1551588,-2.5651586,-2.9751587,-3.5551586,-3.4151587,-3.2351587,-3.3151586,-3.0251586,-2.6951587,-2.1451588,-1.2951587,-1.0851587,-2.3551588,-1.8851587,-1.6451586,-2.2851586,-1.9451587,-0.6451587,-0.93515867,-1.1551586,3.3848412,5.6348414,9.454842,7.9248414
0.8048413,0.7048413,0.35484132,-0.4751587,-0.6751587,-0.6351587,-0.7751587,-0.2751587,-0.3351587,-0.08515869,-0.4451587,0.32484132,0.2848413,0.6748413,0.5448413,0.6348413,1.0748413,1.1648413,-0.1551587,-1.0451587,-1.4251587,-1.9451587,-1.5351586,-1.2551587,-1.8951586,-1.0751587,-1.3551587,-0.9951587,-0.36515868,0.74484134,0.7148413,-0.6751587,-0.8651587,-1.1351587,-0.93515867,0.3148413,1.0448413,-0.3451587,-0.105158694,1.4448413,-1.0551587
2.0048413,1.7648413,1.2748413,0.7148413,0.3348413,0.32484132,0.5048413,0.8648413,0.99484134,1.0848413,1.0148413,1.6848413,2.2148414,1.3548414,1.8248413,1.9248413,2.0748413,1.7748413,1.4848413,1.0648413,1.3948413,1.1248413,0.2348413,0.6048413,0.7248413,1.4248413,1.2348413,1.7748413,2.3248413,2.5848413,1.6348413,0.7848413,0.5748413,0.5748413,1.2148414,2.0148413,-0.26515868,0.7848413,-0.24515869,1.1548413,0.2848413
2.0448413,2.0048413,1.7748413,1.6848413,1.8048413,1.9348413,1.8348413,1.8848413,2.1748414,2.0548413,1.8148413,2.3248413,2.3048413,2.5248413,2.7348413,3.0148413,2.5848413,2.3548412,1.9148413,2.7948413,2.8348413,2.4048414,1.9248413,2.1748414,1.9748414,2.3848412,3.0348413,2.8948412,2.4448414,4.014841,2.1448412,1.7248414,1.9148413,1.8648413,1.0848413,1.2648413,-0.26515868,0.99484134,0.3648413,1.3748413,-0.7251587
2.9748414,3.3448412,2.5948412,2.5348413,2.4448414,2.2948413,2.6848414,2.6548414,2.5848413,1.9148413,2.1548414,3.1848414,2.4048414,2.7748413,3.4548414,3.6648414,3.5248413,3.2548413,2.7648413,3.8648412,4.0348415,3.8148413,2.6548414,2.7148414,3.6348412,4.224841,4.0748415,2.4648414,2.6948414,3.5648413,1.5848413,2.5748413,2.0148413,1.6548413,1.5448413,1.7648413,2.2948413,2.3348413,0.7048413,1.1048414,0.48484132
1.9648414,3.2448413,3.8248413,3.0648413,2.8548412,2.0848413,2.3448412,3.2848413,3.6248412,2.3448412,1.6748413,3.2548413,3.5648413,4.244841,4.4048414,4.264841,4.184841,4.164841,3.0348413,4.3048415,3.7548413,4.4648414,5.2348413,4.5848413,5.8048415,5.184841,3.2148414,1.4848413,3.0248413,2.7748413,1.7248414,1.8048413,2.2348413,2.9448414,2.5648413,2.4548414,3.1148412,2.2248414,3.3948412,3.9148414,2.9548414
3.2248414,3.4048414,2.9348414,3.7948413,3.5948412,3.3348413,3.8048413,3.9348414,4.014841,3.3748412,2.0348413,2.5948412,4.3348413,5.1148415,5.0448413,4.2548413,4.184841,4.0848413,3.2848413,4.724841,4.8848414,5.5248413,6.2948413,5.7148414,4.374841,1.6548413,0.5148413,1.9148413,2.7748413,2.2448413,2.8748412,1.0848413,2.1048412,2.3348413,2.2948413,2.4548414,3.0148413,3.1748414,3.2948413,3.3848412,4.4648414
2.0448413,3.9548414,3.4548414,3.3248413,4.1948414,4.124841,4.5648413,4.5248413,4.744841,3.7448413,2.3548412,4.704841,3.3848412,3.5548413,4.5548415,4.244841,4.3248415,4.0448413,3.7748413,4.3148413,4.3148413,4.244841,3.8648412,3.6148412,1.4748414,0.4448413,1.0148413,0.5248413,0.48484132,1.9548413,3.1648414,4.0548415,2.7148414,2.3848412,1.6448413,3.4848413,3.3448412,5.124841,4.3048415,4.644841,2.4648414
