wind.json
{"header": {"discipline":0,"disciplineName":"Meteorological products","gribEdition":2,"gribLength":1039,"center":7,"centerName":"US National Weather Service - NCEP(WMC)","subcenter":0,"refTime":"2023-06-30T06:00:00.000Z","significanceOfRT":1,"significanceOfRTName":"Start of forecast","productStatus":0,"productStatusName":"Operational products","productType":1,"productTypeName":"Forecast products","productDefinitionTemplate":0,"productDefinitionTemplateName":"Analysis/forecast at horizontal level/layer at a point in time","parameterCategory":0,"parameterCategoryName":"UnknownDiscipline_0_Category_0","parameterNumber":0,"parameterNumberName":"UnknownParameter_D0_C0_0","parameterUnit":"Unknown","genProcessType":2,"genProcessTypeName":"Forecast","forecastTime":0,"surface1Type":1,"surface1TypeName":"Ground or water surface","surface1Value":0.0,"surface2Type":255,"surface2TypeName":"Missing","surface2Value":0.0,"gridDefinitionTemplate":0,"gridDefinitionTemplateName":"Latitude_Longitude","numberPoints":688,"shape":6,"shapeName":"Earth spherical with radius of 6,371,229.0 m","gridUnits":"degrees","resolution":48,"winds":"true","scanMode":64,"nx":43,"ny":16,"basicAngle":0,"lo1":45.0,"la1":40.0,"lo2":87.0,"la2":55.0,"dx":1.0,"dy":1.0}, "data":
[rows 0 to 15 of 16, columns 0 to 42 of 43]
293.39996,290.39996,308.3,313.3,317.39996,297.39996,296.59998,294.99997,317.09998,324.09998,323.19998,325.39996,324.8,323.59998,324.3,322.8,322.59998,322.49997,321.8,321.39996,319.8,319.69998,316.49997,318.69998,316.39996,314.3,312.69998,302.39996,301.39996,301.49997,309.19998,317.69998,318.49997,320.39996,324.09998,328.3,326.39996,330.59998,324.89996,325.89996,330.09998,328.99997,325.3
295.09998,305.49997,310.19998,296.59998,303.3,296.3,295.99997,294.39996,307.3,318.8,322.09998,330.69998,320.89996,322.09998,313.89996,316.19998,321.3,323.49997,322.99997,319.49997,325.8,322.69998,325.69998,318.19998,317.09998,313.49997,316.8,317.99997,309.3,294.69998,295.69998,298.8,296.49997,298.39996,311.09998,318.69998,322.8,323.09998,332.09998,328.99997,328.99997,307.99997,300.09998
291.39996,292.99997,291.8,302.3,296.8,296.19998,295.8,293.49997,312.19998,312.3,323.69998,320.69998,319.8,318.99997,309.59998,318.19998,321.8,325.49997,323.59998,325.09998,325.09998,326.09998,324.69998,317.59998,317.8,306.69998,297.59998,295.19998,299.39996,296.3,296.8,290.89996,296.3,282.89996,306.49997,272.19998,274.89996,313.59998,319.09998,319.8,323.3,313.69998,285.69998
286.89996,289.19998,295.89996,296.69998,296.59998,296.3,295.3,317.39996,317.3,319.09998,322.09998,316.39996,315.59998,316.89996,318.8,318.89996,320.49997,323.99997,323.39996,323.59998,325.8,326.89996,326.19998,316.89996,315.19998,307.59998,314.8,314.39996,312.89996,313.69998,311.09998,294.39996,290.8,284.69998,291.3,294.19998,300.49997,298.59998,296.69998,294.99997,296.49997,295.19998,294.19998
300.09998,306.89996,311.49997,297.49997,297.49997,296.49997,300.49997,318.09998,317.49997,320.19998,313.49997,317.09998,314.39996,313.59998,294.59998,294.3,320.39996,322.3,318.49997,323.59998,324.59998,326.19998,316.39996,313.39996,316.59998,315.89996,316.89996,316.49997,317.49997,311.39996,313.59998,313.39996,315.99997,313.59998,319.49997,316.59998,316.39996,308.49997,295.09998,295.3,290.09998,315.59998,313.59998
302.89996,307.8,312.3,298.09998,297.89996,298.49997,306.3,315.69998,318.19998,322.59998,321.59998,312.09998,305.49997,301.49997,295.09998,294.49997,291.8,319.69998,319.59998,315.69998,314.19998,315.69998,318.8,320.49997,320.8,318.49997,319.69998,320.69998,318.69998,311.99997,314.19998,313.69998,313.89996,312.59998,296.49997,288.39996,299.69998,310.8,310.59998,322.49997,320.3,316.3,316.59998
302.99997,301.99997,309.59998,312.09998,298.99997,297.89996,297.49997,296.99997,319.59998,319.3,317.19998,306.39996,316.09998,317.09998,297.09998,293.89996,306.49997,316.19998,321.89996,320.3,321.19998,318.99997,318.59998,319.19998,323.3,322.3,322.89996,320.49997,318.39996,291.19998,317.89996,319.99997,322.39996,318.19998,316.69998,312.49997,306.09998,307.39996,301.69998,303.3,322.8,322.89996,318.39996
303.99997,297.19998,305.39996,309.59998,312.19998,315.99997,311.3,318.69998,321.8,315.89996,314.69998,315.09998,315.49997,312.99997,314.99997,318.59998,319.19998,318.99997,321.89996,322.8,323.49997,319.69998,320.39996,318.8,318.99997,318.59998,317.3,319.3,318.8,320.8,325.3,322.8,324.59998,322.8,319.69998,317.3,317.19998,310.19998,302.89996,296.8,295.3,289.39996,304.59998
302.8,301.59998,299.69998,308.39996,311.89996,314.3,315.09998,315.69998,318.19998,315.8,313.59998,311.69998,311.39996,311.8,307.39996,313.69998,318.89996,317.39996,323.09998,320.59998,319.19998,318.19998,321.39996,323.19998,319.69998,316.19998,314.49997,310.49997,309.8,311.19998,311.19998,316.99997,313.99997,317.39996,314.99997,310.39996,310.59998,323.19998,313.39996,288.99997,309.39996,307.59998,304.69998
292.09998,297.99997,298.59998,306.89996,311.69998,313.19998,315.89996,316.3,314.89996,313.19998,312.19998,310.59998,309.99997,307.39996,300.09998,314.69998,316.3,318.09998,317.39996,317.8,315.39996,316.39996,312.19998,312.49997,312.59998,312.19998,305.3,308.69998,301.09998,301.19998,300.89996,294.69998,305.8,303.39996,305.49997,313.09998,310.59998,304.09998,303.8,303.89996,297.8,290.89996,295.3
294.8,296.09998,299.3,304.49997,308.89996,310.99997,312.49997,314.49997,314.49997,312.39996,311.09998,308.69998,306.09998,300.49997,301.09998,299.69998,305.8,313.09998,312.49997,305.39996,312.3,311.99997,310.19998,310.3,310.39996,307.99997,300.59998,304.19998,300.49997,300.39996,295.19998,302.39996,301.99997,306.49997,306.3,310.09998,309.09998,305.3,297.3,289.99997,295.99997,288.09998,293.99997
292.19998,290.09998,293.09998,301.8,305.39996,306.59998,307.69998,308.59998,308.3,306.39996,304.19998,304.59998,302.89996,298.19998,307.3,306.19998,304.69998,307.59998,308.49997,310.89996,305.39996,294.69998,296.69998,309.3,307.19998,305.3,303.8,299.09998,294.09998,292.8,291.3,303.19998,306.19998,300.69998,298.99997,299.8,301.8,300.09998,288.3,289.39996,291.69998,291.49997,290.3
290.3,292.3,291.3,301.3,303.69998,304.8,302.69998,303.59998,302.49997,301.59998,302.39996,303.49997,301.49997,299.39996,302.49997,303.89996,304.19998,305.69998,303.09998,308.09998,306.3,305.49997,303.3,302.3,302.09998,300.39996,300.19998,295.8,294.3,295.09998,290.99997,292.59998,292.3,295.8,298.19998,295.69998,292.59998,293.89996,288.89996,289.69998,291.3,295.69998,295.59998
289.99997,294.3,290.69998,297.8,301.89996,300.59998,301.49997,301.09998,300.39996,302.49997,302.59998,299.99997,299.19998,296.3,299.99997,299.59998,301.19998,301.49997,303.8,301.99997,302.3,300.09998,298.89996,296.8,296.8,296.99997,299.69998,299.49997,302.3,300.69998,294.99997,294.19998,294.99997,289.8,294.09998,298.49997,297.89996,295.3,293.69998,291.8,286.8,287.59998,291.09998
289.3,291.39996,290.49997,297.89996,293.8,299.39996,298.99997,298.3,298.39996,298.09998,299.69998,300.09998,298.39996,294.39996,297.89996,299.19998,300.09998,302.39996,300.99997,296.99997,297.8,299.19998,297.3,295.8,297.09998,297.69998,297.69998,299.8,298.89996,297.89996,295.89996,298.49997,299.3,299.99997,298.69998,297.09998,294.99997,292.99997,295.09998,293.09998,286.49997,286.89996,286.8
288.59998,289.09998,290.49997,295.89996,290.3,299.09998,298.99997,298.49997,299.89996,299.39996,299.09998,298.69998,299.69998,298.59998,298.8,301.19998,299.39996,300.69998,298.09998,296.09998,298.09998,295.39996,294.8,293.99997,294.39996,293.19998,292.99997,293.39996,294.8,294.49997,294.3,294.8,294.3,290.49997,298.09998,298.89996,294.8,294.99997,294.49997,291.19998,292.99997,292.09998,287.09998
