wind_kz.json
{"header": {"discipline":0,"disciplineName":"Meteorological products","gribEdition":2,"gribLength":1102,"center":7,"centerName":"US National Weather Service - NCEP(WMC)","subcenter":0,"refTime":"2023-08-07T00:00:00.000Z","significanceOfRT":1,"significanceOfRTName":"Start of forecast","productStatus":0,"productStatusName":"Operational products","productType":1,"productTypeName":"Forecast products","productDefinitionTemplate":0,"productDefinitionTemplateName":"Analysis/forecast at horizontal level/layer at a point in time","parameterCategory":2,"parameterCategoryName":"UnknownDiscipline_0_Category_2","parameterNumber":3,"parameterNumberName":"UnknownParameter_D0_C2_3","parameterUnit":"Unknown","genProcessType":2,"genProcessTypeName":"Forecast","forecastTime":300,"surface1Type":103,"surface1TypeName":"Specified height level above ground","surface1Value":10.0,"surface2Type":255,"surface2TypeName":"Missing","surface2Value":0.0,"gridDefinitionTemplate":0,"gridDefinitionTemplateName":"Latitude_Longitude","numberPoints":615,"shape":6,"shapeName":"Earth spherical with radius of 6,371,229.0 m","gridUnits":"degrees","resolution":48,"winds":"true","scanMode":64,"nx":41,"ny":15,"basicAngle":0,"lo1":47.0,"la1":41.0,"lo2":87.0,"la2":55.0,"dx":1.0,"dy":1.0}, "data":
[rows 0 to 14 of 15, columns 0 to 40 of 41]
2.085542,2.1755419,-3.144458,-7.144458,-6.304458,1.825542,0.695542,5.305542,3.345542,2.405542,-1.0144581,-1.314458,-2.544458,-5.034458,-5.494458,-6.264458,-5.454458,-5.004458,-4.054458,-4.324458,-3.264458,-3.454458,-2.294458,-1.194458,4.175542,2.165542,1.6155419,1.925542,-3.524458,-4.424458,-4.614458,2.395542,2.755542,5.035542,1.385542,-3.004458,-6.014458,-4.524458,-3.734458,-2.064458,-1.314458
-2.294458,-0.734458,-4.524458,-4.514458,-3.154458,-4.524458,6.585542,5.485542,1.635542,0.365542,1.105542,-0.17445801,-3.144458,-4.204458,-5.424458,-6.204458,-7.144458,-3.774458,-5.804458,-4.304458,-5.994458,-5.544458,-1.544458,-1.004458,4.435542,0.605542,2.415542,-0.974458,-5.614458,-3.354458,-2.844458,-4.204458,-3.134458,-2.914458,-4.094458,-7.614458,-14.094458,-9.064458,-2.234458,2.295542,-0.684458
0.44554198,-0.864458,-4.364458,-5.184458,-4.454458,0.995542,-1.024458,2.305542,4.515542,1.995542,0.505542,-1.624458,-3.914458,-3.8244581,-4.544458,-6.844458,-6.584458,-6.634458,-7.134458,-8.204458,-4.504458,-5.504458,-8.644458,-4.564458,-4.844458,-4.354458,-4.334458,-3.314458,-0.134458,-3.524458,-3.264458,-2.8244581,-5.454458,-5.204458,-3.534458,-4.534458,-3.974458,-5.574458,-3.094458,-0.394458,-0.79445803
-0.654458,-0.524458,-3.784458,-6.234458,-0.744458,2.395542,3.695542,3.995542,2.185542,1.555542,2.325542,-1.3844581,-4.034458,-6.924458,-9.544458,-5.004458,-6.594458,-5.744458,-6.434458,-7.034458,-7.054458,-4.654458,-3.444458,-4.194458,-3.904458,-4.354458,-5.204458,-4.194458,-4.194458,-5.014458,-6.424458,-6.754458,-4.504458,5.545542,1.545542,0.21554199,2.625542,1.745542,-2.644458,-2.454458,-4.264458
5.035542,3.575542,-0.334458,-3.424458,-7.754458,-3.194458,7.125542,2.515542,1.255542,0.985542,2.455542,1.475542,-0.714458,-3.384458,-4.104458,-2.164458,-4.884458,-5.804458,-3.814458,-4.424458,-4.184458,-3.554458,-3.184458,-3.334458,-2.404458,-4.084458,-5.384458,-9.484458,-4.464458,-5.164458,-6.434458,-6.994458,-2.544458,-1.3844581,1.205542,4.445542,-5.114458,0.415542,-1.314458,-0.354458,-1.844458
-2.734458,5.375542,3.025542,0.725542,-2.694458,-4.244458,-2.644458,2.405542,3.835542,2.915542,5.425542,4.745542,3.375542,2.185542,-2.724458,-2.924458,-3.154458,-3.034458,-3.164458,-2.044458,-2.234458,-1.894458,-2.214458,-2.204458,-3.624458,-2.284458,0.055541992,-3.334458,-4.564458,-4.494458,-4.254458,-4.164458,-4.724458,-4.484458,-1.994458,-0.27445802,0.435542,-6.154458,-2.814458,4.915542,2.995542
-3.364458,-4.104458,-5.274458,3.325542,3.105542,2.225542,4.815542,4.225542,4.225542,3.375542,3.195542,0.785542,2.205542,-0.46445802,6.195542,-0.874458,-1.8844581,-2.854458,-2.904458,-1.704458,-2.974458,-2.664458,-3.614458,-2.3244581,-2.484458,-1.374458,-0.694458,-3.124458,-2.904458,-4.374458,-4.664458,-5.534458,-6.344458,-7.704458,-8.434458,-2.454458,-2.384458,-3.944458,-4.994458,-0.994458,-7.234458
-2.734458,-0.184458,-5.384458,1.645542,1.935542,0.945542,2.145542,3.855542,1.8655419,4.345542,4.805542,2.785542,-1.994458,1.565542,-2.714458,-1.974458,-1.584458,-3.474458,-2.254458,-2.354458,-1.814458,-3.264458,-2.564458,-3.944458,-3.384458,-4.344458,-4.294458,-4.054458,-2.3244581,-2.194458,-4.004458,-5.524458,-5.384458,-6.984458,-5.824458,-6.854458,-7.674458,-5.114458,-1.054458,0.09554199,-0.704458
-7.524458,-3.784458,-3.584458,-3.014458,-2.344458,1.3655419,1.595542,1.545542,4.945542,4.855542,6.365542,2.1755419,-1.7644581,-6.564458,-0.294458,3.365542,1.125542,-2.184458,-2.194458,-2.794458,-4.134458,-1.244458,-2.604458,-2.784458,-3.804458,-4.234458,-4.114458,-3.584458,-3.274458,-4.094458,-4.624458,-5.634458,-5.844458,-5.514458,-3.414458,-3.794458,-3.0744581,-0.454458,-0.814458,-2.744458,2.915542
3.035542,-4.304458,-2.334458,-3.594458,-1.234458,-1.814458,-1.004458,4.015542,3.835542,5.725542,2.605542,3.965542,10.745542,3.935542,-2.0744581,-1.564458,-1.864458,-2.934458,-0.784458,-1.704458,-2.8244581,-2.354458,-2.254458,-2.204458,-3.864458,-3.584458,-3.234458,-2.794458,-3.894458,-5.334458,-5.094458,-3.984458,-3.614458,-2.134458,-3.194458,-0.66445804,1.275542,-0.684458,1.815542,3.445542,2.145542
-3.644458,-3.3244581,-1.594458,-2.294458,-1.7644581,-3.384458,-3.314458,-2.114458,-0.634458,2.155542,1.385542,1.8655419,4.775542,-0.214458,1.545542,-1.324458,-2.664458,-1.214458,-1.904458,-2.284458,-2.644458,-2.144458,-2.494458,-2.954458,-3.364458,-4.634458,-4.364458,-4.644458,-5.134458,-4.434458,-5.174458,-2.124458,-1.824458,-3.144458,-1.954458,-0.614458,1.535542,1.975542,1.595542,1.455542,1.215542
-3.844458,-4.754458,-2.134458,-0.594458,-1.7644581,-3.854458,-2.834458,-4.494458,-5.914458,-4.904458,-3.464458,-1.244458,-0.804458,0.83554196,-1.074458,0.615542,-1.6344581,-0.864458,-0.27445802,-0.784458,-1.054458,-2.534458,-2.084458,-2.794458,-2.874458,-3.374458,-4.154458,-4.864458,-4.304458,-3.714458,-3.5744581,-3.354458,-1.404458,-3.374458,-1.3844581,-1.944458,4.105542,1.855542,1.845542,0.13554199,-0.754458
-3.354458,-2.534458,-3.454458,0.015541992,-1.584458,-2.034458,-3.134458,-5.114458,-4.024458,-3.984458,-1.854458,-1.674458,-1.904458,-1.924458,-1.414458,-1.274458,-0.924458,-0.994458,0.695542,1.705542,-1.444458,-1.894458,-3.884458,-4.534458,-5.724458,-4.794458,-3.634458,-3.794458,-2.944458,-2.254458,-3.614458,-4.504458,-4.654458,-1.914458,-2.484458,-2.304458,-1.614458,2.525542,2.885542,0.205542,-0.594458
-3.474458,-3.854458,-1.694458,-3.624458,-2.544458,0.28554198,-2.994458,-2.934458,-3.834458,-4.234458,-1.614458,-1.464458,-0.934458,-1.224458,-0.60445803,-1.414458,-1.784458,-5.064458,-0.334458,-0.314458,-0.254458,-2.214458,-2.204458,-2.264458,-2.344458,-3.714458,-2.084458,-2.454458,-3.604458,-3.394458,-4.024458,-3.934458,-5.214458,-3.094458,-2.524458,-1.954458,0.755542,3.335542,0.89554197,-0.154458,-0.49445802
-2.434458,-4.584458,0.25554198,-3.714458,-4.844458,-3.084458,-3.224458,-4.304458,-4.054458,-3.444458,-0.624458,1.495542,0.625542,1.445542,0.775542,1.205542,1.7355419,-1.754458,-1.444458,-0.734458,-0.22445801,-2.0744581,-3.304458,-2.474458,-3.834458,-3.584458,-3.564458,-3.774458,-4.034458,-3.734458,-2.864458,-3.014458,-3.044458,-0.384458,-0.944458,0.515542,2.065542,0.755542,-1.444458,0.725542,0.985542
