wind_kz.json
{"header": {"discipline":0,"disciplineName":"Meteorological products","gribEdition":2,"gribLength":871,"center":7,"centerName":"US National Weather Service - NCEP(WMC)","subcenter":0,"refTime":"2023-10-05T00:00:00.000Z","significanceOfRT":1,"significanceOfRTName":"Start of forecast","productStatus":0,"productStatusName":"Operational products","productType":1,"productTypeName":"Forecast products","productDefinitionTemplate":0,"productDefinitionTemplateName":"Analysis/forecast at horizontal level/layer at a point in time","parameterCategory":0,"parameterCategoryName":"UnknownDiscipline_0_Category_0","parameterNumber":0,"parameterNumberName":"UnknownParameter_D0_C0_0","parameterUnit":"Unknown","genProcessType":2,"genProcessTypeName":"Forecast","forecastTime":300,"surface1Type":1,"surface1TypeName":"Ground or water surface","surface1Value":0.0,"surface2Type":255,"surface2TypeName":"Missing","surface2Value":0.0,"gridDefinitionTemplate":0,"gridDefinitionTemplateName":"Latitude_Longitude","numberPoints":615,"shape":6,"shapeName":"Earth spherical with radius of 6,371,229.0 m","gridUnits":"degrees","resolution":48,"winds":"true","scanMode":64,"nx":41,"ny":15,"basicAngle":0,"lo1":47.0,"la1":41.0,"lo2":87.0,"la2":55.0,"dx":1.0,"dy":1.0}, "data":
[rows 0 to 14 of 15, columns 0 to 40 of 41]
301.9981,290.9981,298.09808,292.2981,292.2981,291.1981,298.09808,300.6981,297.3981,298.09808,296.59808,296.8981,295.7981,295.2981,295.09808,294.7981,295.7981,294.7981,295.3981,295.6981,296.4981,293.59808,293.8981,289.3981,291.6981,292.8981,288.6981,276.3981,275.2981,267.59808,271.09808,267.7981,281.9981,287.1981,287.8981,287.9981,286.3981,285.3981,286.6981,287.4981,284.9981
274.4981,296.09808,291.9981,291.8981,292.1981,290.3981,301.4981,297.9981,295.7981,295.4981,296.09808,295.4981,295.8981,295.9981,295.09808,294.9981,294.8981,294.59808,293.4981,294.1981,294.4981,294.4981,291.8981,284.3981,276.59808,276.59808,283.7981,275.09808,276.2981,268.7981,276.1981,267.8981,275.09808,251.7981,260.9981,285.09808,283.2981,285.59808,287.3981,279.4981,283.1981
298.09808,291.4981,291.4981,291.1981,289.6981,298.1981,296.6981,295.6981,294.3981,294.3981,294.09808,294.7981,295.59808,295.7981,294.7981,294.6981,294.09808,293.3981,292.7981,292.9981,292.59808,292.9981,292.59808,285.7981,287.2981,286.2981,287.3981,286.59808,284.8981,277.09808,267.59808,267.9981,273.6981,275.8981,276.09808,276.6981,269.3981,269.4981,271.59808,266.1981,261.09808
297.4981,290.4981,291.2981,290.3981,291.9981,296.2981,295.2981,296.1981,296.3981,295.4981,293.8981,291.59808,288.4981,287.9981,294.6981,294.2981,293.59808,293.7981,293.09808,292.6981,292.2981,287.1981,290.7981,290.8981,290.4981,290.6981,290.3981,287.1981,284.59808,285.6981,286.7981,283.3981,287.3981,283.9981,283.4981,280.2981,267.8981,262.7981,271.6981,282.1981,284.8981
296.59808,289.59808,289.9981,289.2981,292.09808,296.59808,295.3981,297.1981,296.09808,295.2981,294.3981,291.8981,287.2981,286.2981,285.3981,294.1981,293.7981,292.7981,292.09808,292.09808,292.09808,291.7981,290.2981,289.8981,289.4981,288.9981,286.1981,286.4981,286.59808,286.1981,287.8981,284.9981,273.59808,263.3981,277.2981,284.7981,286.8981,287.8981,288.09808,288.3981,287.09808
297.09808,295.9981,287.4981,287.8981,288.1981,287.59808,296.59808,296.3981,295.6981,295.6981,295.3981,295.2981,288.3981,287.09808,290.59808,293.2981,293.6981,292.8981,292.3981,292.2981,291.09808,290.4981,290.1981,290.09808,289.1981,287.09808,286.6981,285.1981,288.4981,288.09808,285.59808,286.3981,284.8981,283.09808,280.9981,283.9981,275.8981,277.7981,284.4981,285.8981,285.6981
298.09808,296.8981,295.7981,294.6981,291.9981,295.9981,296.09808,295.1981,295.59808,295.59808,295.7981,294.9981,294.3981,294.2981,293.59808,293.1981,293.09808,293.09808,292.59808,291.3981,289.8981,289.59808,289.3981,289.6981,288.9981,287.1981,286.4981,285.6981,286.4981,286.2981,284.7981,284.2981,283.7981,284.3981,283.59808,281.2981,275.9981,274.09808,264.6981,267.09808,280.6981
297.4981,296.7981,296.2981,296.09808,295.9981,295.7981,295.9981,295.6981,295.09808,294.7981,294.3981,294.09808,293.2981,292.9981,293.09808,292.2981,292.3981,292.8981,291.7981,289.7981,289.2981,287.7981,286.3981,286.6981,284.6981,282.3981,283.3981,285.6981,282.2981,283.7981,282.4981,282.4981,281.1981,278.3981,278.4981,279.8981,281.6981,283.6981,281.2981,281.8981,278.6981
295.9981,295.1981,295.1981,295.09808,294.7981,295.3981,295.09808,294.6981,293.9981,293.6981,292.8981,292.59808,292.3981,291.9981,290.6981,292.4981,292.6981,292.09808,290.6981,289.3981,287.4981,286.6981,285.6981,285.4981,283.8981,282.8981,282.4981,282.8981,279.3981,278.9981,278.7981,279.1981,279.6981,279.2981,278.59808,276.9981,277.1981,276.09808,262.3981,265.2981,260.8981
294.4981,293.8981,293.8981,294.3981,294.9981,295.2981,294.6981,293.9981,293.4981,293.2981,292.2981,291.59808,292.3981,291.9981,290.7981,289.9981,290.9981,289.8981,289.1981,288.09808,286.4981,287.7981,286.8981,284.9981,283.4981,282.8981,282.9981,282.09808,282.6981,279.9981,278.6981,280.09808,280.7981,279.7981,278.7981,277.4981,275.2981,268.59808,270.1981,267.2981,267.09808
292.09808,292.2981,292.1981,291.9981,293.09808,293.1981,293.7981,293.6981,292.9981,291.9981,290.8981,290.4981,290.6981,289.3981,290.2981,290.59808,289.6981,289.4981,288.8981,286.8981,287.6981,285.59808,285.7981,284.9981,282.9981,282.8981,280.7981,281.6981,283.2981,281.2981,280.59808,280.6981,279.4981,279.7981,278.9981,275.9981,270.09808,268.3981,269.2981,268.8981,264.09808
291.7981,292.4981,292.09808,292.2981,291.8981,291.1981,290.8981,290.9981,291.09808,290.1981,287.6981,288.4981,288.59808,288.3981,289.59808,290.09808,289.59808,289.3981,289.4981,288.3981,288.2981,286.3981,285.1981,283.7981,283.4981,282.9981,281.8981,281.4981,283.2981,279.9981,278.9981,278.7981,279.1981,276.9981,277.1981,276.09808,275.59808,274.6981,273.2981,273.9981,272.6981
289.4981,290.6981,292.1981,291.8981,290.9981,290.6981,289.9981,289.3981,288.9981,288.8981,285.59808,285.2981,288.2981,287.3981,289.1981,289.4981,289.59808,288.1981,287.09808,286.09808,284.8981,285.09808,283.9981,282.4981,282.9981,282.9981,282.7981,279.3981,279.7981,278.4981,278.09808,277.8981,278.09808,277.2981,276.7981,276.2981,274.8981,275.9981,273.59808,272.7981,273.09808
290.4981,290.1981,286.1981,290.1981,289.1981,288.7981,288.2981,287.2981,288.3981,287.8981,285.1981,283.1981,285.9981,287.4981,288.1981,288.8981,288.1981,287.1981,286.7981,286.1981,285.09808,283.6981,284.2981,282.09808,283.1981,281.9981,280.2981,279.8981,277.6981,277.3981,276.6981,276.2981,275.6981,275.09808,275.09808,273.3981,273.59808,273.09808,272.4981,270.8981,271.4981
289.3981,290.09808,283.1981,288.9981,288.6981,288.2981,288.6981,288.1981,288.6981,287.59808,285.6981,285.4981,284.3981,285.4981,286.4981,285.7981,285.1981,286.4981,286.2981,285.2981,284.2981,283.3981,282.7981,281.2981,279.2981,279.4981,279.09808,277.9981,276.8981,276.09808,275.9981,278.3981,274.1981,273.6981,273.9981,273.4981,272.9981,271.09808,274.6981,274.09808,273.59808
