wind_kz.json
{"header": {"discipline":0,"disciplineName":"Meteorological products","gribEdition":2,"gribLength":1102,"center":7,"centerName":"US National Weather Service - NCEP(WMC)","subcenter":0,"refTime":"2024-02-02T12:00:00.000Z","significanceOfRT":1,"significanceOfRTName":"Start of forecast","productStatus":0,"productStatusName":"Operational products","productType":1,"productTypeName":"Forecast products","productDefinitionTemplate":0,"productDefinitionTemplateName":"Analysis/forecast at horizontal level/layer at a point in time","parameterCategory":2,"parameterCategoryName":"UnknownDiscipline_0_Category_2","parameterNumber":3,"parameterNumberName":"UnknownParameter_D0_C2_3","parameterUnit":"Unknown","genProcessType":2,"genProcessTypeName":"Forecast","forecastTime":180,"surface1Type":103,"surface1TypeName":"Specified height level above ground","surface1Value":10.0,"surface2Type":255,"surface2TypeName":"Missing","surface2Value":0.0,"gridDefinitionTemplate":0,"gridDefinitionTemplateName":"Latitude_Longitude","numberPoints":615,"shape":6,"shapeName":"Earth spherical with radius of 6,371,229.0 m","gridUnits":"degrees","resolution":48,"winds":"true","scanMode":64,"nx":41,"ny":15,"basicAngle":0,"lo1":47.0,"la1":41.0,"lo2":87.0,"la2":55.0,"dx":1.0,"dy":1.0}, "data":
[rows 0 to 14 of 15, columns 0 to 40 of 41]
1.6277832,-2.5822167,0.7677832,-2.8822167,-4.0822167,-3.6422167,-4.522217,-1.3122168,-2.932217,-4.792217,-6.982217,-6.252217,-5.982217,-6.9922166,-6.712217,-6.152217,-4.752217,-2.6022167,3.3077831,3.6977832,-0.1122168,5.307783,1.9177833,-1.8522168,-0.7922168,-2.0322168,-1.8022168,1.6277832,2.817783,2.087783,-3.2322168,-3.4722168,2.7077832,-0.3022168,-0.0322168,0.6077832,0.9077832,0.4377832,-0.5822168,-1.0222168,0.3977832
5.247783,1.4377832,0.4677832,-0.9922168,-1.3822168,-2.422217,-2.662217,-2.2922168,-2.3922167,-3.8322167,-4.4522166,-5.4722166,-5.7622166,-6.2422166,-7.552217,-7.422217,-6.522217,-2.7322168,-2.9622169,0.1677832,4.477783,6.2777834,5.387783,2.9677832,0.2677832,-0.3422168,-3.9922168,2.3077831,1.0377831,2.0077832,7.4877834,6.697783,-0.23221679,-1.7522168,-4.322217,-3.0322168,-2.2722168,-2.0822167,-0.0822168,-0.3222168,0.0877832
1.7777832,3.3077831,2.587783,0.9277832,-0.4922168,-1.2622168,-1.7522168,-2.4922168,-2.932217,-4.152217,-5.362217,-4.572217,-5.5822167,-5.962217,-6.022217,-7.4322166,-7.302217,-5.8322167,-5.422217,-3.0322168,0.15778321,5.2377834,1.4277833,4.3577833,3.7177832,4.3177834,3.1577833,2.7277832,0.7277832,3.6877832,3.0177832,2.3777833,3.9577832,-2.6422167,-0.042216796,3.1777833,6.967783,1.2177832,0.9577832,-0.47221678,0.2677832
1.7577832,2.1977832,2.4477832,1.0077832,-0.9622168,-1.0422168,-1.8122168,-2.7822168,-3.172217,-3.8522167,-5.1222167,-5.7422166,-9.152217,-9.642217,-5.842217,-5.7422166,-6.152217,-6.882217,-8.362217,-6.4322166,-2.6122167,3.4077833,1.7777832,5.767783,2.9677832,4.4177833,4.3377833,-0.3222168,5.597783,4.867783,8.1577835,0.6377832,-1.0622168,0.1177832,-1.1722168,-3.912217,-2.0022168,3.327783,3.8677833,-0.7522168,-0.6822168
3.1177833,2.5277832,1.9677832,1.3677832,0.7177832,-0.2722168,-0.6622168,-1.6622168,-2.662217,-2.3322167,-3.5222168,-5.152217,-7.712217,-8.632216,-9.132216,-5.8122168,-6.402217,-6.522217,-6.532217,-6.902217,-5.9522166,-3.8422167,0.7277832,1.5277832,3.6677833,2.9377832,5.5477834,6.467783,3.6277833,8.397783,3.1577833,2.337783,3.9477832,3.9877832,-1.4622169,-1.1922168,0.23778321,-0.6422168,-1.1322168,-1.2522168,-0.5422168
3.7877831,2.9577832,2.6177833,1.7777832,0.7077832,-0.3922168,-1.4222168,-0.9322168,-1.2022167,-2.2822168,-3.682217,-4.9922166,-7.022217,-6.882217,-4.632217,-4.3322167,-4.902217,-5.212217,-7.322217,-7.002217,-5.782217,-5.152217,-2.7222168,1.2077832,5.2977834,6.5477834,7.077783,5.747783,7.3177834,5.617783,3.8677833,2.5477831,2.087783,-0.4022168,2.7977831,16.467783,4.957783,5.5477834,-0.1122168,-2.2722168,-2.5822167
3.3877833,2.567783,2.0077832,1.6077832,1.2077832,0.6577832,0.15778321,-0.7122168,-1.9322168,-3.0122168,-4.4722166,-5.152217,-5.8922167,-7.2622166,-7.5122166,-7.8122168,-7.382217,-7.3122168,-6.962217,-5.422217,-4.462217,-4.502217,-5.3522167,-0.5122168,3.9277833,7.287783,2.3977833,4.597783,2.4577832,4.807783,3.4277833,0.5177832,-1.9122168,4.2377834,-0.0822168,-1.7222168,-4.022217,1.8077832,2.1577833,0.8177832,3.5577831
3.6677833,3.2577832,2.7077832,1.7877831,1.0977832,-0.2922168,-1.3322167,-2.2522168,-3.4622169,-3.8622167,-3.5922167,-4.652217,-3.5822167,-2.0222168,-4.402217,-3.432217,-3.412217,-2.7222168,-2.5022168,-2.3622167,-4.8122168,-3.8522167,-3.5722167,-4.7422166,3.3077831,9.487783,10.687783,7.6277833,7.467783,5.537783,2.1077833,4.177783,6.3577833,3.827783,0.94778323,-1.1622168,0.9177832,3.6477833,-2.5422168,0.9177832,-0.5222168
3.6277833,3.4177833,2.7177832,1.7177832,0.8377832,0.0577832,-1.1122168,-1.8922168,-1.8622168,-1.9122168,-2.7822168,-1.7722168,-2.9722168,-3.2722168,-2.932217,-3.3422167,-2.2522168,-1.7922168,-0.8222168,0.4077832,-1.1022168,-3.0122168,-2.9422169,-3.902217,-3.682217,8.227783,10.787784,13.587783,10.747784,10.277783,9.707783,9.857783,12.007783,7.9377832,11.527783,8.857783,-2.3622167,2.3677833,2.9077833,2.4977832,-2.3822167
3.2377832,3.077783,2.4477832,1.6977832,0.5077832,0.3477832,-0.3622168,-0.4622168,-0.3722168,-0.3122168,-1.2722168,-1.6022168,-0.9722168,-2.902217,-3.172217,-3.6922169,-2.7222168,-1.0822167,-0.1322168,0.27778322,0.6077832,-1.0922168,-2.2622168,-2.7422168,-2.9522169,-4.842217,11.537784,14.027783,14.387783,13.917783,14.347783,12.767783,12.077784,9.797783,9.147783,6.017783,2.2577832,-2.0022168,0.6677832,5.767783,5.347783
3.4477832,3.4377832,2.1877832,1.1977832,0.8477832,1.2477832,1.0377831,0.9077832,1.4677832,0.3677832,0.5277832,0.1477832,-2.1222167,-1.5022168,-3.0122168,-2.2522168,-2.4722168,-1.9722168,-0.9422168,0.047783203,-0.1822168,-1.1422168,-1.5822167,-3.2022169,-3.2322168,-3.9422169,10.707783,13.187783,13.977783,14.247784,11.697783,10.977783,11.327784,10.957783,12.027783,4.517783,2.837783,4.0277834,3.0177832,2.2177832,0.4177832
2.1377833,2.347783,1.8077832,1.8477832,1.5577832,0.8277832,0.1777832,0.047783203,1.2377832,0.06778321,0.8677832,-1.1922168,-0.6822168,0.4977832,-1.3522168,-1.2822168,-1.4322168,-2.0022168,-1.7322168,-1.1922168,-0.6722168,-2.4922168,-2.4722168,-2.932217,-3.9722168,-6.862217,7.6477833,12.037784,12.387783,10.077784,8.997784,11.817783,10.107783,10.497784,10.247784,11.197783,8.037784,3.317783,3.1877832,2.6777833,1.2077832
3.0077832,2.6877832,1.8677832,1.5877832,1.0577832,0.6577832,0.4177832,1.0977832,0.1677832,2.2477832,0.2477832,-1.2722168,-1.3322167,-0.1122168,-0.1122168,-0.2522168,-0.052216798,-0.9622168,-1.2022167,-0.8122168,0.15778321,-0.4522168,-0.8522168,-2.662217,-5.052217,-5.882217,-8.682217,0.23778321,10.167783,10.457783,11.817783,11.557783,11.137783,11.517783,10.817783,11.247784,10.317783,4.9377832,4.117783,1.4977832,0.6877832
2.9677832,2.4577832,1.7077832,2.2277832,1.1577832,0.7177832,1.2277832,0.6477832,2.7977831,2.6677833,1.4677832,-0.6022168,-2.152217,1.2277832,0.5877832,0.3577832,-0.5722168,-0.7922168,-0.7522168,-0.3622168,-0.2022168,0.1877832,-0.3522168,-1.3222167,-2.3022168,-3.8422167,-4.822217,-5.982217,1.6277832,9.577784,12.177783,12.067783,11.637783,11.347783,9.087783,9.357783,7.4877834,7.847783,6.207783,6.177783,5.6877832
1.7977833,1.8977832,1.4077832,1.8977832,2.087783,1.8277832,1.0377831,2.317783,1.0377831,2.0477831,2.597783,2.087783,0.6677832,-2.8922167,-1.9822168,-0.012216797,-0.7322168,-1.5122168,-0.6122168,-0.2622168,-0.3922168,-0.2622168,0.0577832,-0.47221678,-1.0522168,-1.7422168,-2.8122168,-3.7422168,-4.6822166,2.1277833,10.487783,11.307783,10.847783,10.817783,10.937783,10.497784,9.857783,9.547783,8.317783,7.767783,4.9877834
