wind_kz.json
{"header": {"discipline":0,"disciplineName":"Meteorological products","gribEdition":2,"gribLength":1025,"center":7,"centerName":"US National Weather Service - NCEP(WMC)","subcenter":0,"refTime":"2023-08-27T12:00:00.000Z","significanceOfRT":1,"significanceOfRTName":"Start of forecast","productStatus":0,"productStatusName":"Operational products","productType":1,"productTypeName":"Forecast products","productDefinitionTemplate":0,"productDefinitionTemplateName":"Analysis/forecast at horizontal level/layer at a point in time","parameterCategory":2,"parameterCategoryName":"UnknownDiscipline_0_Category_2","parameterNumber":2,"parameterNumberName":"UnknownParameter_D0_C2_2","parameterUnit":"Unknown","genProcessType":2,"genProcessTypeName":"Forecast","forecastTime":120,"surface1Type":103,"surface1TypeName":"Specified height level above ground","surface1Value":10.0,"surface2Type":255,"surface2TypeName":"Missing","surface2Value":0.0,"gridDefinitionTemplate":0,"gridDefinitionTemplateName":"Latitude_Longitude","numberPoints":615,"shape":6,"shapeName":"Earth spherical with radius of 6,371,229.0 m","gridUnits":"degrees","resolution":48,"winds":"true","scanMode":64,"nx":41,"ny":15,"basicAngle":0,"lo1":47.0,"la1":41.0,"lo2":87.0,"la2":55.0,"dx":1.0,"dy":1.0}, "data":
[rows 0 to 14 of 15, columns 0 to 40 of 41]
-1.1120263,1.4679736,-2.3120263,-2.1820264,-0.5620264,2.3379736,6.7379737,2.5879736,-0.24202637,-0.26202637,-0.09202637,1.2979736,1.8479736,1.7279736,1.9779736,1.1779736,2.6679735,3.1779737,1.5079737,1.4179736,1.7679737,0.41797364,3.1979737,4.6779737,3.9779737,5.327974,5.0479736,4.2379737,4.5279737,-2.5020263,-3.0220263,1.3279736,-0.47202638,7.5479736,-3.1720264,-0.7520264,-2.2020264,-3.3120263,-3.0420263,-3.8820264,-3.5220263
-0.39202636,-2.6220264,-4.132026,-3.3020263,-1.9420264,0.46797362,-1.9120264,-1.1920264,0.37797365,1.2179736,2.6679735,4.0879736,4.1079736,4.8179736,3.6079736,5.2379737,4.117974,4.0379734,4.597974,3.8579736,2.7179737,0.73797363,2.8379736,2.8979735,3.3079736,0.40797365,2.2979736,3.8979735,7.7779737,4.1779737,1.3279736,-1.3920264,1.4879737,-0.032026365,-0.12202637,1.5579736,-0.42202637,-0.54202634,-0.6920264,-1.7320263,-3.6820264
-5.7920265,-5.6620264,-4.2320266,-2.3820264,1.7179736,1.7879736,-0.032026365,0.65797365,2.6779737,2.4279737,2.9479737,3.5079737,4.5479736,0.08797363,1.8079736,4.887974,6.0679736,7.2279735,7.5279737,7.6979737,6.577974,3.9779737,5.407974,7.0679736,6.6479735,4.1679735,3.0179737,2.5179737,5.1479735,-0.27202636,1.4779736,-2.7320263,-0.08202637,-2.4320264,-1.9920263,-0.25202638,0.007973633,-1.9520264,5.657974,-2.5320263,-2.0120263
-7.4820266,-5.0120263,-3.4320264,0.64797366,6.3779736,1.7379737,1.9079736,3.6579735,3.7979736,3.3079736,4.1779737,5.597974,-2.9920263,-0.73202634,4.577974,6.5179734,6.5479736,7.617974,8.057974,8.467974,7.6879735,8.2079735,7.617974,5.6679735,6.1479735,6.1679735,5.097974,5.1279736,6.307974,0.077973634,1.4479736,0.91797364,6.0879736,5.0179734,4.057974,0.26797363,-2.7320263,0.31797364,-1.8520263,1.8379736,4.9379735
-5.2920265,-3.3820264,-3.2620263,-2.4220264,-0.46202636,1.1479737,3.4679737,3.4279737,2.5979736,3.5979736,4.347974,5.6079736,0.91797364,1.5579736,3.8179736,7.8379736,7.9279737,6.887974,7.3179736,7.7879734,8.757974,9.097974,6.6279736,6.907974,7.827974,8.377974,7.8179736,7.4979734,5.807974,4.2279735,2.6479735,2.0279737,0.43797362,0.51797366,-4.2020264,-3.3820264,9.547974,5.4679737,4.1479735,0.14797363,0.85797364
-3.7420263,-1.7420263,-0.8720264,0.16797364,1.0479736,4.1879735,5.5679736,4.2579737,2.7979736,4.1279736,3.8679736,4.0379734,4.327974,2.0779736,6.5479736,7.0679736,7.7779737,8.777973,9.427974,7.9979734,8.4579735,9.477974,9.357974,7.8779736,7.4779735,7.8179736,8.367973,1.2979736,6.5679736,5.907974,3.1379735,2.5079737,1.0579736,1.2079736,-1.0020263,1.7979736,1.1379737,4.5179734,7.4379735,3.8679736,4.2179737
-2.8320265,-2.1120265,-0.9420264,-0.102026366,0.8079736,1.5779736,1.6479737,3.4479737,3.8679736,4.2579737,5.0479736,6.3379736,6.9179735,7.327974,8.177974,7.0479736,7.907974,7.6879735,8.117973,8.037973,8.647974,9.897974,9.927974,9.147974,8.447973,7.5679736,7.3579736,8.577973,4.0279737,5.2979736,6.8579736,6.6779737,5.5679736,6.577974,5.3579736,4.5479736,1.4679736,-1.0120263,2.6879737,0.40797365,4.2679734
-1.7820264,-0.8220264,-0.13202637,1.1379737,1.7079736,1.9579736,3.2779737,3.7679737,4.1279736,4.827974,4.907974,5.9479737,6.307974,6.4379735,6.3579736,7.367974,6.7979736,6.5479736,8.397974,7.6879735,7.327974,7.5179734,9.427974,9.087974,7.597974,7.9779735,6.9379735,6.617974,8.327973,8.247973,5.9479737,6.2079735,5.907974,5.557974,2.3979735,6.9479737,-1.8020264,4.4679737,5.907974,8.467974,8.777973
0.25797364,0.6879736,1.2279736,1.2679737,1.6279737,2.0679736,2.3579736,3.0979736,3.6679735,4.1079736,4.4979734,4.157974,6.2979736,5.5479736,6.2279735,6.097974,5.7179737,7.6079736,8.447973,8.277973,7.7479734,6.807974,6.7079735,7.5279737,7.7779737,7.4279737,4.2979736,7.6879735,8.017974,7.0379734,6.827974,5.5079737,5.3379736,5.1979737,5.3379736,2.8479736,0.65797365,1.0779736,1.0579736,0.60797364,0.85797364
1.9379736,1.6879736,2.5779736,2.4379737,2.2479737,2.0479736,3.1879737,2.4779737,3.2579737,4.6779737,3.9979737,5.4779735,6.6979737,7.0079737,5.9279737,4.3179736,5.7379737,6.9979734,6.1479735,6.3779736,7.867974,7.637974,8.257974,7.157974,7.1979737,5.7979736,9.357974,7.9579735,8.017974,7.1479735,4.7279735,5.9279737,0.65797365,1.7579737,2.3279736,1.9079736,-0.43202636,0.077973634,0.78797364,1.7379737,1.0179737
0.8079736,1.9179736,1.8479736,1.8279736,1.8579736,2.8379736,3.7079737,2.8379736,3.2579737,3.3379736,3.7579737,5.3579736,4.0879736,0.8279736,3.6479735,4.887974,6.577974,7.9379735,7.387974,6.827974,5.9279737,6.597974,6.9879737,5.9279737,4.097974,4.9479737,7.2679734,4.4879737,5.9479737,5.8179736,5.0079737,4.1279736,5.137974,3.6479735,3.0679736,3.4779737,-1.3420264,1.4179736,-0.26202637,0.027973633,0.7579736
1.5679736,-0.8820264,1.7679737,0.54797363,1.4779736,2.5979736,3.0279737,3.1779737,2.2279737,2.0279737,3.5279737,2.0279737,2.0079737,1.8679737,3.5879736,5.0679736,5.0279737,2.5079737,3.8179736,5.7079735,5.0479736,4.1879735,4.7079735,4.407974,3.9479737,4.1679735,4.5679736,2.9679737,2.0079737,3.1479735,4.1679735,6.1279736,3.8179736,3.5179737,1.0579736,3.1879737,1.1079736,3.4079735,0.34797364,-1.1820264,-0.6320264
1.2479737,0.41797364,-0.5020264,1.7979736,0.8879736,2.0379736,3.3379736,3.5279737,1.0579736,1.9179736,2.7579737,3.7579737,3.1479735,2.7979736,3.1279736,4.2779737,3.2779737,2.6679735,2.8379736,2.7179737,1.0479736,1.9679736,2.3279736,1.1679736,1.8979737,2.2379737,1.8379736,2.8079736,5.7379737,3.0779736,3.3579736,3.9879737,5.387974,6.4679737,0.34797364,1.5779736,2.9679737,0.5779736,2.4379737,0.45797363,-0.32202637
1.2379737,0.91797364,1.6479737,0.85797364,1.9979737,2.0679736,1.7779737,2.3879735,1.7579737,2.6079736,1.9079736,2.8379736,2.3879735,1.6679736,2.8779736,3.5379736,1.5879736,2.2079737,1.0079737,-0.43202636,0.14797363,-1.6820264,-0.062026367,1.6579736,0.73797363,2.5479736,2.6079736,4.847974,1.9479736,3.4879737,2.7279737,5.9979734,4.327974,5.907974,1.8279736,1.2279736,1.3179736,1.2279736,2.2679737,1.5879736,1.7679737
2.4579737,1.0379736,-0.64202636,0.8779736,2.9979737,1.7779737,1.5079737,2.6479735,2.0979736,1.1179737,1.0179737,-0.53202635,1.2179736,1.7479737,3.0879736,3.2379737,0.73797363,-0.6820264,-1.8720263,-1.8020264,-1.0520264,-3.4720263,-2.8420265,-1.6320263,-0.79202634,0.73797363,2.2079737,4.157974,1.4779736,4.327974,3.5479736,3.4679737,4.097974,1.9679736,-0.09202637,2.6979737,0.64797366,1.6379737,3.5479736,4.1779737,-2.0320263
