wind.json
{"header": {"discipline":0,"disciplineName":"Meteorological products","gribEdition":2,"gribLength":1125,"center":7,"centerName":"US National Weather Service - NCEP(WMC)","subcenter":0,"refTime":"2023-06-28T06:00:00.000Z","significanceOfRT":1,"significanceOfRTName":"Start of forecast","productStatus":0,"productStatusName":"Operational products","productType":1,"productTypeName":"Forecast products","productDefinitionTemplate":0,"productDefinitionTemplateName":"Analysis/forecast at horizontal level/layer at a point in time","parameterCategory":2,"parameterCategoryName":"UnknownDiscipline_0_Category_2","parameterNumber":3,"parameterNumberName":"UnknownParameter_D0_C2_3","parameterUnit":"Unknown","genProcessType":2,"genProcessTypeName":"Forecast","forecastTime":0,"surface1Type":103,"surface1TypeName":"Specified height level above ground","surface1Value":10.0,"surface2Type":255,"surface2TypeName":"Missing","surface2Value":0.0,"gridDefinitionTemplate":0,"gridDefinitionTemplateName":"Latitude_Longitude","numberPoints":688,"shape":6,"shapeName":"Earth spherical with radius of 6,371,229.0 m","gridUnits":"degrees","resolution":48,"winds":"true","scanMode":64,"nx":43,"ny":16,"basicAngle":0,"lo1":45.0,"la1":40.0,"lo2":87.0,"la2":55.0,"dx":1.0,"dy":1.0}, "data":
[rows 0 to 15 of 16, columns 0 to 42 of 43]
2.0233107,-1.0166894,0.57331055,2.1533105,-1.6366894,-10.12669,-9.256689,-6.7466893,-6.0766892,1.9333105,3.0633106,5.0933104,3.6733105,2.1533105,0.65331054,-2.6166894,-4.0366893,-5.0866895,-5.1466894,-6.6266894,-7.4366894,-1.1666894,-1.3466895,-3.6266894,-2.6066895,-2.3766894,-3.6866894,-5.5366893,-3.8666894,-1.4066894,2.7533104,2.7433105,1.3333106,0.89331055,-3.6566894,-1.0366894,2.4433105,3.0933106,1.3133105,0.34331053,-0.15668945,0.113310546,-0.13668945
-1.0666895,-3.4066894,3.4733105,2.6533105,-4.7466893,-9.976689,-9.146689,-6.1966896,-1.1666894,1.5933106,4.5433106,3.8233106,1.4433105,-0.19668946,-1.6966895,-2.2966895,-4.2766895,-4.5866895,-3.7566895,-2.5866895,-4.9366894,-2.9466894,-3.1466894,-5.5666895,-4.2766895,1.2433106,4.5833106,2.3933105,2.0633106,1.5333105,-3.5266895,-3.9666893,-0.78668946,2.6033106,-0.14668946,-1.0566895,0.43331054,1.5033106,-0.5066894,1.3233105,0.68331057,2.9533105,3.2833107
-0.23668945,2.7533104,-0.19668946,-2.2566895,-8.796689,-7.5766892,-7.6266894,-7.8766894,3.2033105,6.7033105,3.0633106,2.3133106,0.53331053,-0.33668944,-1.8966894,-3.5266895,-4.2566895,-1.8666894,-2.0766895,-3.3366895,-5.3166895,-6.7166896,-6.8166895,-6.6366897,-5.1266894,-1.4766895,2.9733105,3.7033105,3.4533105,2.9633105,-0.28668946,1.1733105,-2.3666894,-1.0466895,-0.8966895,1.7233106,2.7333105,3.3033106,2.4733105,4.8733106,1.6133106,2.7833107,0.49331054
-1.0666895,-0.5066894,-3.5466895,-6.9266896,-6.0166893,-6.2266893,-6.1766896,-2.7766895,0.21331054,0.19331054,1.1233106,2.1033106,1.1233106,0.12331054,-1.4366895,-1.2566894,-1.3266895,-2.1066895,-2.9166894,-3.8666894,-5.1766896,-5.9466896,-6.6866894,-4.8266892,-5.6766896,-1.3766894,-3.8266895,-2.9766893,-2.7566895,-2.7666895,-1.2466894,-1.8666894,-2.6466894,-1.3566895,-5.5366893,-0.9566895,3.9233105,0.95331055,-4.0666895,2.9033105,-2.3566895,1.0433105,0.34331053
-0.52668947,-2.0766895,-2.9666893,-5.1766896,-3.6366894,-4.3866897,-2.3166895,1.7233106,2.3833106,0.8533105,-0.60668945,-0.12668945,2.8433106,1.1033106,-0.15668945,-0.5066894,0.58331054,-1.2266895,-3.4966896,-4.3166895,-4.5166893,-5.4366894,-6.4766893,-4.0266895,-3.5266895,-3.9066894,-3.8566895,-3.9066894,-3.4366894,-2.4166894,-1.7466894,-3.6166894,-4.0766892,-0.40668947,-5.3866897,1.5433105,2.1733105,3.0033104,3.2833107,1.4933106,-3.8666894,-2.4966896,-0.28668946
-1.7966895,-2.5066895,-4.346689,-4.1866894,-1.9866894,-2.8466895,0.76331055,1.9533105,1.0733105,3.4633105,5.6133103,2.3933105,1.8533106,1.3533106,3.2833107,2.0633106,0.52331054,-1.9866894,-3.1466894,-3.1866894,-3.9466894,-4.7666893,-4.2966895,-3.7466896,-4.2866893,-4.4966893,-4.1766896,-3.6366894,-1.7266895,-2.9566894,-2.3366895,-1.0966895,-1.9566895,-1.7966895,3.3633106,1.8233105,-1.6966895,2.4933105,1.0733105,-0.73668945,-1.6066895,0.83331054,0.78331053
-1.2866894,-0.6366894,-2.6066895,-1.7266895,4.7033105,-0.68668944,1.5533105,2.3133106,1.8133105,2.5033104,1.8933105,2.7533104,1.7733105,2.3033106,4.4133105,1.6833105,-1.9166894,-2.0366895,-1.7666894,-2.7166893,-3.7266893,-4.6766896,-4.5766892,-4.2366896,-5.1166897,-4.9466896,-4.4566894,-3.8266895,-2.9266894,-1.0366894,-2.3466895,-1.9666895,-0.72668946,0.40331054,-0.20668945,-1.8866894,-0.14668946,-2.4366894,-5.3166895,-7.6666894,1.3533106,1.7133106,1.9933106
-1.1966895,0.43331054,-1.3666894,-0.48668945,2.8433106,3.2233105,2.9333105,3.8933105,4.9333105,2.5333107,-0.07668945,-3.0766895,1.1733105,2.3433106,0.113310546,0.57331055,-0.33668944,-2.3066895,-2.2466896,-2.7566895,-4.3966894,-5.3766894,-5.0366893,-5.6566896,-6.1666894,-6.5166893,-6.1266894,-4.096689,-3.4366894,-3.8166895,-2.2366896,-0.7666895,-1.1666894,0.94331056,3.6533105,3.7233105,1.4433105,3.7133105,3.4233105,1.3233105,0.28331053,-1.5366894,0.24331054
-0.41668946,0.51331055,-0.096689455,1.0833106,4.2133107,3.6833105,3.6533105,4.8433104,5.3233104,2.3833106,2.1433105,4.8133106,3.2933106,1.5433105,0.14331055,0.27331054,-0.24668945,-1.3566895,-3.0266895,-4.1766896,-4.9566894,-5.0166893,-5.7866893,-6.1066895,-6.5566893,-6.4866896,-4.4966893,-4.7966895,-4.4866896,-3.5566895,-3.1866894,1.2633106,-0.98668945,0.12331054,1.5433105,4.8333106,4.3433104,5.3633103,3.9233105,7.3733106,0.21331054,-11.306689,3.9833105
0.30331054,-0.13668945,2.1233106,3.9233105,5.6833105,3.6233106,2.6633105,4.1933107,2.1033106,1.0133106,0.9933106,2.1233106,3.0333107,2.4033105,-0.34668946,-1.2266895,-1.6466894,-2.3866894,-4.0866895,-4.8166895,-3.5866895,-4.5566893,-5.5366893,-6.2466893,-8.23669,-6.9866896,-6.1966896,-4.4466896,-3.0666895,-1.8566895,-0.96668947,-3.1266894,-0.35668945,-0.24668945,2.1733105,1.2133106,2.6433105,3.1133106,4.7933106,4.9133105,5.7133107,4.1833105,2.2833107
-0.15668945,2.8333106,4.1133103,5.3233104,4.5733104,1.0433105,-1.0566895,0.14331055,1.9233105,0.65331054,0.17331055,0.71331054,2.4833105,1.8933105,0.42331055,-1.1166894,-2.2766895,-4.1266894,-3.3966894,-4.0566893,-4.0566893,-4.2166896,-4.6766896,-6.3166895,-6.6166897,-5.8366895,-5.1666894,-5.7166896,-3.4666893,-1.1866895,-1.9066894,0.023310548,0.39331055,0.5533106,0.9233105,0.72331053,-0.046689454,4.4433107,3.6033106,6.2833104,3.8733106,6.8833103,4.8833103
3.1133106,2.0933106,3.5033104,2.3833106,0.69331056,-2.8866894,3.2733107,3.5033104,2.1533105,1.4133105,-0.74668944,-1.5066894,-0.33668944,-0.32668945,0.38331056,-2.2766895,-2.4166894,-3.8466895,-3.4366894,-3.8566895,-4.7266893,-5.4066896,-5.1066895,-6.5366893,-6.6866894,-8.216689,-5.7266893,-4.1766896,-3.5366895,-3.1266894,-3.3166895,-3.1866894,-1.8966894,-0.52668947,2.6333106,3.5833106,4.8533106,4.1233106,6.3433104,8.103311,8.79331,6.3033104,5.9833107
2.4933105,1.8733106,1.1333106,0.9133105,2.7433105,2.9933105,3.5133104,3.0433106,2.2333105,0.96331054,0.70331055,0.30331054,-0.79668945,-0.6966894,-1.1766895,-1.2566894,-2.5566895,-4.0766892,-3.1066895,-3.3066895,-4.7566895,-5.2566895,-5.1866894,-7.0366893,-7.6366897,-8.23669,-6.4166894,-7.0266895,-5.9266896,-5.3866897,-4.2066894,-3.0266895,-0.026689453,0.033310547,2.8133106,4.2633104,5.3133106,4.6033106,6.153311,7.3233104,1.8033105,0.053310547,-1.2466894
0.97331053,3.0933106,1.2633106,1.7933105,3.1433105,3.8133106,2.1433105,1.2833105,0.41331056,-0.036689453,-0.066689454,-0.40668947,-1.0566895,-1.0966895,-2.2266893,-1.2566894,-2.6066895,-2.4966896,-1.8766894,-2.9566894,-4.6266894,-5.096689,-5.1366897,-6.1166897,-7.8066893,-8.546689,-6.6166897,-7.2366896,-5.9266896,-4.8666897,-3.0966895,-3.1266894,-1.3066895,0.7433106,2.4433105,2.3133106,8.1833105,7.8333106,8.563311,5.4233108,5.5233107,3.9233105,0.90331054
3.0033104,1.5133106,3.0633106,1.8533106,2.3533106,2.2933106,1.4933106,0.76331055,1.0333105,-0.35668945,-0.92668945,1.3933105,0.46331054,-0.29668945,-0.97668946,-1.7966895,-1.5866895,-1.3666894,-1.0866895,-2.5266895,-3.6366894,-5.1466894,-6.1666894,-6.6866894,-7.3066893,-8.8166895,-8.056689,-6.6066895,-6.1566896,-4.4266896,-3.8066895,-3.2466896,-2.2866895,0.38331056,2.2233105,4.2433105,6.6933107,8.033311,7.8433104,8.87331,7.4633107,5.7433105,4.3333106
2.4333105,1.0433105,1.3733106,1.9133105,0.6733105,1.1733105,1.6733105,0.17331055,-0.40668947,-0.07668945,-0.23668945,0.27331054,0.033310547,-1.0666895,-2.3766894,-2.9566894,-2.5566895,-1.1066895,-1.8766894,-1.8566895,-2.7966895,-3.6366894,-4.4466896,-6.1666894,-7.596689,-8.90669,-7.0666895,-8.78669,-6.8166895,-5.9666896,-4.7866893,-3.6566894,-0.97668946,-1.6566894,0.19331054,2.9333105,5.8933105,6.8633103,5.8333106,6.5033107,7.3033104,6.403311,5.3733106
