wind_kz.json
{"header": {"discipline":0,"disciplineName":"Meteorological products","gribEdition":2,"gribLength":1025,"center":7,"centerName":"US National Weather Service - NCEP(WMC)","subcenter":0,"refTime":"2023-08-22T06:00:00.000Z","significanceOfRT":1,"significanceOfRTName":"Start of forecast","productStatus":0,"productStatusName":"Operational products","productType":1,"productTypeName":"Forecast products","productDefinitionTemplate":0,"productDefinitionTemplateName":"Analysis/forecast at horizontal level/layer at a point in time","parameterCategory":2,"parameterCategoryName":"UnknownDiscipline_0_Category_2","parameterNumber":3,"parameterNumberName":"UnknownParameter_D0_C2_3","parameterUnit":"Unknown","genProcessType":2,"genProcessTypeName":"Forecast","forecastTime":300,"surface1Type":103,"surface1TypeName":"Specified height level above ground","surface1Value":10.0,"surface2Type":255,"surface2TypeName":"Missing","surface2Value":0.0,"gridDefinitionTemplate":0,"gridDefinitionTemplateName":"Latitude_Longitude","numberPoints":615,"shape":6,"shapeName":"Earth spherical with radius of 6,371,229.0 m","gridUnits":"degrees","resolution":48,"winds":"true","scanMode":64,"nx":41,"ny":15,"basicAngle":0,"lo1":47.0,"la1":41.0,"lo2":87.0,"la2":55.0,"dx":1.0,"dy":1.0}, "data":
[rows 0 to 14 of 15, columns 0 to 40 of 41]
-0.0849408,-2.1449409,0.9650592,-2.4449408,-4.814941,0.2650592,0.6250592,-0.0849408,-1.1649408,-0.6149408,-1.0749408,-2.334941,-3.2449408,-4.254941,-4.484941,-4.644941,-5.164941,-4.3049407,-4.4049406,-3.0449407,-2.6849408,-3.614941,-2.9249408,-0.4149408,-2.4849408,-0.044940796,-1.1249408,1.1450592,1.7250592,2.5050592,1.5950592,1.6650592,0.4250592,-0.5649408,0.005059204,-0.7749408,0.13505921,0.5950592,-1.0349408,-2.354941,-2.1649408
4.855059,1.0850592,1.7150592,-0.07494079,-1.9649408,-4.274941,0.7750592,1.3150592,1.4550592,-0.37494078,-0.4749408,-1.9849408,-3.9449408,-3.9949408,-4.544941,-4.644941,-4.934941,-8.414941,-7.0749407,-4.3249407,-3.9649408,-3.9249408,0.005059204,1.4250592,1.3050592,0.3550592,-3.1949408,1.1750592,-0.73494077,0.9950592,1.3250592,2.9950593,-0.3349408,-1.8949409,-0.7049408,-0.2449408,-1.8949409,-1.7949408,0.6350592,-1.4549408,-0.54494077
0.2850592,2.5550592,3.8650591,2.1150591,0.2650592,-0.6849408,2.0950592,3.1750593,2.0150592,1.4550592,2.1850593,0.3550592,-1.9349408,-4.0549407,-3.854941,-3.8749409,-4.394941,-5.104941,-5.3649406,-5.704941,-3.6949408,-4.254941,-5.024941,-1.5649408,-0.73494077,0.3350592,1.2250592,0.4350592,-0.104940794,2.395059,3.4950593,1.6750592,2.3750591,-1.3549408,-0.8349408,3.8650591,3.155059,0.075059205,0.4450592,-0.1549408,-0.40494078
2.9550593,4.1550593,4.7350593,3.3550591,-0.3149408,0.1850592,3.8650591,3.6050591,4.105059,3.4650593,4.045059,1.7150592,0.10505921,-2.864941,-4.6749406,-3.1449409,-3.7249408,-4.854941,-4.9949408,-5.4949408,-5.214941,-3.5449407,0.0950592,-3.4849408,-4.0549407,-4.3049407,-3.8249407,-4.0549407,-1.7749408,-2.4049408,-1.8549408,-1.9149408,-1.9649408,-0.8849408,-0.2949408,-3.4149408,-1.1249408,1.0050592,-0.034940794,0.9450592,0.9050592
2.5450592,4.395059,5.2150593,4.4850593,1.6150593,-2.7349408,2.905059,2.2950592,3.155059,0.4550592,3.635059,3.4950593,0.9750592,-2.0649407,-4.794941,-2.104941,-2.114941,-2.584941,-3.354941,-4.0149407,-4.434941,-3.364941,-1.8949409,-1.7549407,-2.604941,-4.044941,-4.2849407,-3.9449408,-3.1249409,-3.5549407,-3.4249408,-1.0149407,2.3050592,2.2550592,-0.7249408,-1.8049408,0.9150592,-1.1949408,1.2150592,0.8650592,0.115059204
2.8650591,2.3250592,5.855059,6.435059,3.7650592,2.0650592,-1.8349408,-0.8249408,3.395059,1.5150592,3.5450592,4.105059,2.6050591,-0.22494079,-2.2049408,-3.9249408,-0.9949408,-3.1649408,-1.3249408,-2.0449407,-3.1349409,-2.6749408,-2.0249407,-0.3249408,-0.4249408,-1.2449408,-1.8549408,-2.7749407,-2.6649408,-2.7149408,-3.2449408,-3.344941,-1.2049408,-0.024940796,1.9450592,-0.7249408,2.6250591,3.1750593,0.6750592,-0.7849408,1.4750592
-1.3549408,-1.0749408,5.085059,3.4650593,3.3050592,3.5550592,2.3350592,1.0850592,-1.5549408,2.2850592,3.9950593,4.8250594,4.3650594,2.8550591,2.2250593,0.5750592,-1.3849407,-0.4549408,-1.3549408,-0.8649408,0.3050592,-0.3549408,-1.8449408,-2.3049407,-1.5149407,0.2950592,1.0150592,-0.1449408,-1.5949408,-1.2749408,0.0850592,-1.7449408,-2.6849408,-1.0249408,-1.2749408,-1.7149408,-3.4849408,-1.4949408,0.9950592,0.2750592,-0.8349408
-4.0749407,-2.1849408,-0.1849408,3.395059,5.895059,5.8650594,4.765059,4.035059,2.5450592,0.06505921,3.8250592,4.5750594,4.435059,3.3150592,3.7250593,3.6750593,3.3250592,2.2150593,2.0150592,1.2650592,-0.9249408,1.6550592,0.9050592,1.8750592,1.0950592,0.3550592,-0.19494079,0.3050592,-0.79494077,-0.1849408,-0.40494078,-1.8449408,-0.6749408,-1.7049408,1.0550592,2.3350592,2.7250593,-0.1749408,1.7350593,0.115059204,-1.9449408
-2.9549408,-4.1149406,-2.2349408,-2.2949407,-1.6749408,5.8650594,5.745059,4.5950594,4.0750594,3.0050592,2.4750593,4.3650594,3.2450593,3.0450592,3.0350592,2.5750592,3.1750593,0.5550592,2.1950593,2.7750592,2.5850592,1.0250592,0.8850592,0.8350592,2.635059,3.1050591,3.135059,2.6950593,2.155059,1.4950593,2.2850592,3.0850592,3.2750592,3.0750592,2.5750592,1.8650593,-2.3049407,-0.054940797,0.4150592,0.2950592,0.2450592
-3.354941,-2.8949409,-3.8049407,-4.1949406,1.9550592,1.0250592,3.5150592,5.0050592,4.475059,3.0650592,1.6450592,4.415059,2.9650593,-1.4649408,-1.9649408,-2.9449408,-3.6249409,-4.9249406,-4.584941,-5.084941,-4.254941,-4.724941,-4.484941,-5.004941,-4.714941,-5.6149406,0.13505921,3.9850593,3.3450592,4.0750594,3.665059,5.315059,6.105059,6.185059,4.1150594,2.0550592,0.9250592,-2.4449408,0.7450592,3.9650593,2.7350593
-2.4249408,-0.8449408,-1.1849408,-1.8649408,-0.0949408,2.1950593,3.3650591,4.2150593,3.145059,-0.3149408,-0.3849408,-0.5049408,0.4850592,-1.0849408,-3.7349408,-4.8249407,-3.4049408,-4.3049407,-4.164941,-4.894941,-5.274941,-6.1749406,-7.1349406,-7.644941,-6.2449408,-6.2649407,-4.974941,-4.7849407,-3.5049407,-3.8749409,-0.34494078,5.705059,6.835059,7.8650594,8.60506,3.7850592,2.1950593,3.3150592,2.6050591,2.0850592,1.3550591
-2.2649407,-1.0049407,0.015059204,0.0850592,-0.1549408,2.1050591,0.6950592,1.8450592,3.1850593,3.0850592,1.0450592,-0.5249408,-0.4449408,0.075059205,-1.4749408,-1.5249408,-2.1749408,-3.0249407,-2.9249408,-3.4249408,-4.3449407,-4.4949408,-4.5349407,-4.754941,-4.874941,-5.544941,-5.964941,-6.024941,-5.984941,-2.9649408,-1.8249408,-3.2949407,2.4850593,8.9750595,8.615059,10.135059,9.135059,4.3250594,3.6750593,2.7150593,1.3550591
-1.7949408,-3.364941,-2.7249408,-1.6249408,-0.7249408,-0.9049408,-2.1549408,-0.1449408,0.2750592,4.065059,1.1350592,0.5850592,-0.34494078,-0.6549408,-1.9949408,-1.0949408,-1.8149408,-2.2949407,-2.6549408,-3.3149407,-4.064941,-3.5449407,-5.104941,-6.294941,-6.474941,-5.754941,-5.8249407,-5.814941,-6.2849407,-2.8149407,0.3350592,3.5850592,3.6950593,4.515059,5.8650594,7.785059,8.015059,4.6750593,6.435059,3.2850592,1.6050591
-3.2349408,-4.434941,-4.704941,-2.3749409,-1.5749408,-1.2649407,-2.9449408,-2.7449408,-1.1449409,0.8850592,0.6250592,1.1850592,0.22505921,1.0950592,1.1650592,-1.3349408,-1.4149408,-2.2949407,-2.0649407,-2.5149407,-3.1749408,-2.7249408,-2.3249407,-4.7449408,-6.354941,-6.224941,-6.6749406,-5.6949406,-7.724941,-3.1549408,1.1250592,2.6150591,4.535059,7.725059,7.205059,6.065059,5.3250594,5.125059,4.875059,3.8650591,2.5550592
-2.6549408,-3.3849409,-4.314941,-2.844941,-2.5249407,-2.1949408,-2.6949408,-3.1649408,-2.7749407,-1.6849408,-0.7049408,0.3650592,1.4750592,0.0950592,0.6750592,1.1750592,0.8450592,-0.0949408,-0.1749408,-1.0649408,-1.8849407,-1.8549408,-2.9049408,-2.844941,-5.7849407,-7.454941,-7.024941,-7.754941,-7.9949408,-10.044941,0.035059202,2.885059,3.0250592,4.1950593,5.0950594,5.3050594,5.895059,5.895059,4.0950594,4.0050592,2.5550592
