wind_kz.json
{"header": {"discipline":0,"disciplineName":"Meteorological products","gribEdition":2,"gribLength":871,"center":7,"centerName":"US National Weather Service - NCEP(WMC)","subcenter":0,"refTime":"2023-09-07T06:00:00.000Z","significanceOfRT":1,"significanceOfRTName":"Start of forecast","productStatus":0,"productStatusName":"Operational products","productType":1,"productTypeName":"Forecast products","productDefinitionTemplate":0,"productDefinitionTemplateName":"Analysis/forecast at horizontal level/layer at a point in time","parameterCategory":0,"parameterCategoryName":"UnknownDiscipline_0_Category_0","parameterNumber":0,"parameterNumberName":"UnknownParameter_D0_C0_0","parameterUnit":"Unknown","genProcessType":2,"genProcessTypeName":"Forecast","forecastTime":180,"surface1Type":1,"surface1TypeName":"Ground or water surface","surface1Value":0.0,"surface2Type":255,"surface2TypeName":"Missing","surface2Value":0.0,"gridDefinitionTemplate":0,"gridDefinitionTemplateName":"Latitude_Longitude","numberPoints":615,"shape":6,"shapeName":"Earth spherical with radius of 6,371,229.0 m","gridUnits":"degrees","resolution":48,"winds":"true","scanMode":64,"nx":41,"ny":15,"basicAngle":0,"lo1":47.0,"la1":41.0,"lo2":87.0,"la2":55.0,"dx":1.0,"dy":1.0}, "data":
[rows 0 to 14 of 15, columns 0 to 40 of 41]
291.02917,283.62918,285.32916,297.62918,297.92917,296.52917,297.92917,298.62918,295.82916,296.02917,295.2292,296.02917,294.92917,294.02917,293.12918,290.12918,291.02917,291.52917,290.7292,291.62918,294.02917,289.92917,288.62918,286.2292,291.2292,289.82916,287.62918,275.42917,274.2292,275.52917,275.52917,278.62918,288.42917,293.32916,292.52917,292.92917,293.52917,293.02917,293.2292,294.62918,294.7292
273.92917,285.52917,296.92917,297.2292,297.42917,295.62918,297.52917,294.62918,293.2292,293.92917,292.92917,291.92917,292.12918,290.7292,288.92917,290.02917,289.7292,290.32916,288.92917,288.02917,291.2292,291.42917,289.42917,283.82916,276.62918,275.02917,282.82916,273.7292,275.2292,270.2292,276.82916,273.2292,278.82916,258.92917,274.92917,289.2292,289.62918,290.52917,296.62918,287.52917,284.2292
285.82916,296.42917,297.42917,297.2292,294.82916,294.42917,295.32916,293.52917,290.7292,289.92917,289.62918,290.02917,289.12918,288.92917,289.82916,287.42917,287.02917,286.52917,286.62918,288.2292,292.92917,291.7292,291.42917,285.2292,286.52917,286.52917,286.7292,284.42917,284.2292,275.2292,268.7292,271.2292,275.82916,276.62918,280.42917,276.52917,268.42917,271.42917,273.02917,272.12918,272.52917
288.7292,296.12918,297.42917,296.52917,293.32916,290.12918,291.82916,292.12918,292.7292,290.32916,289.62918,288.92917,293.42917,292.82916,290.02917,290.52917,290.32916,287.12918,287.12918,287.2292,288.42917,285.42917,289.2292,289.52917,289.52917,289.92917,289.62918,287.7292,286.12918,286.7292,287.92917,284.62918,290.2292,286.62918,284.42917,280.52917,272.52917,265.92917,273.32916,282.62918,286.92917
290.92917,294.7292,295.7292,294.32916,292.52917,291.2292,291.82916,291.2292,292.02917,290.82916,289.32916,288.32916,292.62918,291.52917,289.82916,289.62918,289.32916,288.12918,286.2292,289.52917,289.62918,289.42917,288.62918,288.82916,288.62918,288.52917,287.2292,288.82916,286.12918,287.02917,290.02917,284.62918,273.12918,265.82916,276.92917,284.2292,288.2292,288.62918,287.92917,288.7292,287.52917
292.52917,290.42917,293.52917,293.12918,293.62918,293.02917,291.12918,292.92917,290.7292,290.82916,291.32916,289.82916,291.7292,292.7292,290.12918,288.42917,290.32916,289.2292,289.7292,289.42917,288.42917,287.82916,287.32916,287.7292,287.02917,285.52917,286.62918,291.42917,288.82916,289.2292,287.92917,288.62918,286.2292,287.52917,285.2292,286.92917,278.62918,278.82916,285.52917,287.7292,287.02917
293.12918,291.7292,294.02917,294.42917,292.32916,292.62918,293.32916,293.02917,293.12918,292.7292,289.7292,289.12918,288.62918,288.82916,288.32916,289.52917,289.12918,289.82916,289.12918,287.7292,287.12918,287.42917,287.52917,287.42917,285.82916,285.7292,285.32916,288.12918,285.52917,285.62918,285.82916,285.92917,285.7292,287.7292,285.32916,281.7292,277.82916,277.82916,274.52917,274.62918,284.12918
291.42917,291.42917,293.62918,294.7292,293.7292,293.42917,293.82916,291.2292,289.12918,290.02917,289.62918,288.52917,288.52917,288.2292,288.32916,288.42917,288.12918,288.7292,288.52917,285.82916,285.7292,285.62918,285.42917,285.82916,284.7292,281.2292,283.2292,284.12918,280.82916,282.42917,281.62918,282.82916,280.92917,281.02917,281.42917,282.92917,283.7292,289.2292,283.42917,285.2292,281.52917
292.2292,290.92917,291.42917,290.82916,293.12918,289.82916,291.82916,291.62918,289.62918,287.82916,286.42917,288.2292,286.7292,289.52917,286.32916,287.32916,287.12918,287.42917,286.42917,285.2292,283.02917,283.02917,284.12918,286.02917,282.92917,282.42917,283.12918,282.12918,281.2292,276.7292,280.42917,281.82916,281.92917,281.12918,282.7292,280.62918,280.02917,280.7292,272.82916,273.7292,272.12918
286.7292,287.42917,290.12918,290.32916,291.32916,289.62918,289.12918,289.32916,286.82916,284.92917,283.92917,287.52917,288.12918,288.52917,285.2292,286.12918,286.32916,288.52917,285.42917,285.12918,283.02917,282.52917,283.52917,282.82916,282.52917,281.62918,284.52917,282.02917,282.52917,281.82916,281.52917,283.32916,283.12918,282.2292,282.62918,282.32916,280.12918,275.92917,275.7292,271.52917,271.42917
286.52917,289.52917,286.92917,285.2292,287.02917,286.42917,287.52917,285.92917,288.82916,287.92917,283.82916,285.92917,287.92917,284.7292,284.42917,285.02917,289.12918,285.92917,285.02917,284.02917,283.62918,283.62918,284.12918,283.2292,282.02917,281.52917,279.62918,281.32916,283.92917,285.12918,284.02917,282.62918,284.2292,283.52917,283.02917,282.12918,277.62918,275.42917,277.52917,274.2292,271.52917
286.32916,286.42917,288.62918,288.02917,289.02917,285.32916,287.62918,283.82916,287.82916,288.12918,281.82916,281.92917,283.82916,283.02917,283.42917,283.92917,286.12918,287.7292,283.02917,283.92917,282.52917,282.42917,282.7292,282.62918,281.52917,282.12918,281.42917,282.62918,282.32916,282.92917,283.32916,281.62918,283.92917,283.02917,282.32916,282.52917,282.62918,281.2292,280.82916,281.52917,281.32916
286.62918,286.82916,289.2292,285.7292,286.02917,288.42917,287.92917,285.7292,282.02917,281.12918,280.12918,277.82916,282.32916,281.92917,283.02917,283.92917,287.52917,287.52917,284.52917,283.52917,282.7292,280.82916,280.52917,279.82916,281.2292,282.32916,283.62918,282.52917,282.52917,280.7292,281.12918,284.02917,283.82916,281.32916,281.2292,281.92917,282.12918,282.12918,281.32916,281.42917,279.32916
282.02917,283.82916,288.42917,285.52917,286.92917,284.02917,284.02917,285.62918,283.7292,286.7292,285.62918,280.42917,280.62918,282.52917,284.02917,284.52917,284.82916,284.2292,286.82916,286.52917,283.52917,282.52917,282.92917,282.2292,282.42917,282.42917,282.42917,281.7292,280.82916,280.7292,280.7292,284.2292,283.32916,280.2292,280.02917,281.62918,281.62918,281.42917,281.2292,280.32916,281.2292
286.52917,287.62918,288.52917,288.92917,289.42917,284.02917,284.42917,288.62918,288.92917,284.12918,283.52917,285.02917,281.82916,282.62918,283.2292,284.42917,284.52917,284.32916,283.82916,283.92917,283.12918,282.32916,281.82916,280.62918,280.62918,280.82916,280.2292,280.92917,280.92917,279.7292,279.82916,281.2292,279.12918,282.2292,279.42917,280.42917,281.52917,281.32916,281.7292,281.52917,281.32916
