wind_kz.json
{"header": {"discipline":0,"disciplineName":"Meteorological products","gribEdition":2,"gribLength":871,"center":7,"centerName":"US National Weather Service - NCEP(WMC)","subcenter":0,"refTime":"2023-10-05T00:00:00.000Z","significanceOfRT":1,"significanceOfRTName":"Start of forecast","productStatus":0,"productStatusName":"Operational products","productType":1,"productTypeName":"Forecast products","productDefinitionTemplate":0,"productDefinitionTemplateName":"Analysis/forecast at horizontal level/layer at a point in time","parameterCategory":0,"parameterCategoryName":"UnknownDiscipline_0_Category_0","parameterNumber":0,"parameterNumberName":"UnknownParameter_D0_C0_0","parameterUnit":"Unknown","genProcessType":2,"genProcessTypeName":"Forecast","forecastTime":180,"surface1Type":1,"surface1TypeName":"Ground or water surface","surface1Value":0.0,"surface2Type":255,"surface2TypeName":"Missing","surface2Value":0.0,"gridDefinitionTemplate":0,"gridDefinitionTemplateName":"Latitude_Longitude","numberPoints":615,"shape":6,"shapeName":"Earth spherical with radius of 6,371,229.0 m","gridUnits":"degrees","resolution":48,"winds":"true","scanMode":64,"nx":41,"ny":15,"basicAngle":0,"lo1":47.0,"la1":41.0,"lo2":87.0,"la2":55.0,"dx":1.0,"dy":1.0}, "data":
[rows 0 to 14 of 15, columns 0 to 40 of 41]
296.47885,283.97885,291.07886,292.97885,293.07886,291.57886,296.47885,302.37885,298.47885,299.07886,297.27887,297.77887,296.67886,296.67886,296.27887,295.87885,296.37885,295.97885,296.07886,296.67886,297.57886,294.17886,296.17886,291.77887,295.87885,297.67886,292.67886,281.47885,280.37885,277.07886,276.37885,270.47885,286.27887,292.27887,293.37885,293.17886,291.97885,291.67886,293.37885,292.67886,291.07886
272.67886,292.27887,292.67886,292.57886,292.77887,290.87885,299.77887,295.17886,295.07886,296.07886,297.07886,295.17886,296.27887,295.07886,294.67886,294.57886,294.17886,295.07886,293.97885,294.07886,295.07886,294.77887,292.67886,287.07886,278.77887,278.87885,286.77887,281.97885,280.77887,275.67886,280.37885,270.47885,279.67886,255.47885,265.77887,290.47885,288.37885,290.17886,292.87885,285.37885,283.67886
294.77887,292.17886,292.47885,291.97885,290.37885,297.57886,296.67886,296.57886,295.17886,294.57886,294.07886,293.77887,293.57886,293.87885,292.37885,291.97885,292.17886,291.37885,291.37885,291.77887,292.47885,293.17886,294.67886,289.87885,292.17886,290.67886,292.57886,291.97885,289.57886,282.27887,275.87885,275.67886,282.97885,283.27887,283.37885,282.07886,274.17886,278.17886,277.37885,274.47885,269.87885
296.57886,291.47885,292.27887,291.27887,291.67886,294.77887,293.67886,294.47885,295.47885,294.67886,293.47885,292.07886,288.97885,288.27887,290.27887,290.87885,289.87885,290.27887,289.97885,289.87885,290.07886,289.47885,292.27887,293.27887,293.37885,294.27887,294.87885,291.97885,290.97885,290.47885,291.17886,290.87885,294.37885,288.57886,289.57886,286.87885,273.57886,265.87885,278.47885,285.07886,289.57886
299.77887,290.67886,290.97885,290.47885,292.37885,294.87885,293.27887,294.47885,293.67886,292.57886,292.37885,291.27887,287.87885,286.67886,285.47885,289.67886,289.77887,288.77887,287.67886,288.47885,289.57886,290.87885,290.77887,291.87885,292.17886,292.97885,291.67886,290.27887,291.77887,291.47885,292.97885,289.77887,280.07886,270.57886,282.17886,289.77887,290.97885,292.67886,292.77887,293.57886,293.37885
297.17886,295.87885,288.67886,288.97885,289.27887,288.77887,292.77887,291.27887,291.57886,291.67886,290.87885,289.97885,287.77887,287.47885,287.07886,287.97885,288.87885,287.77887,287.77887,288.27887,289.07886,288.37885,288.37885,289.37885,289.37885,288.77887,290.77887,286.87885,291.47885,292.27887,290.97885,292.77887,290.67886,289.87885,288.97885,288.27887,282.67886,286.17886,292.57886,291.37885,291.97885
294.07886,294.57886,294.07886,293.87885,291.37885,292.27887,288.47885,286.67886,287.77887,287.67886,288.87885,288.37885,287.27887,287.27887,286.47885,286.67886,286.97885,287.47885,287.17886,286.47885,286.77887,287.97885,287.67886,287.97885,287.37885,287.87885,288.27887,290.67886,289.77887,290.67886,289.97885,289.67886,290.17886,289.87885,290.27887,288.47885,282.87885,282.37885,280.17886,279.37885,288.77887
293.37885,292.47885,292.17886,291.47885,290.77887,290.27887,289.37885,287.67886,285.97885,283.27887,282.97885,284.87885,286.57886,286.37885,286.27887,286.27887,285.47885,285.77887,285.77887,284.17886,285.37885,284.57886,284.77887,284.37885,284.77887,283.77887,284.47885,285.67886,285.57886,288.07886,287.07886,288.17886,286.97885,285.17886,285.67886,288.07886,289.67886,284.67886,289.27887,290.17886,285.77887
289.37885,289.47885,289.67886,289.07886,288.57886,288.57886,287.07886,285.67886,284.77887,284.17886,281.67886,280.27887,280.27887,284.47885,284.67886,284.87885,284.27887,283.57886,283.17886,282.67886,281.67886,281.87885,281.97885,282.17886,281.97885,282.47885,280.87885,281.17886,281.07886,280.87885,282.37885,282.67886,283.67886,283.37885,284.87885,284.67886,283.97885,286.77887,277.47885,276.67886,273.87885
286.67886,286.27887,286.77887,286.87885,286.87885,286.87885,286.07886,284.77887,284.17886,283.57886,282.37885,279.17886,280.17886,279.27887,282.67886,283.27887,283.17886,283.27887,282.77887,282.17886,280.87885,281.37885,281.77887,280.97885,281.47885,281.07886,281.47885,281.67886,281.17886,279.87885,280.67886,281.87885,283.87885,283.47885,284.47885,285.97885,286.17886,281.77887,280.07886,277.57886,275.77887
284.17886,284.67886,284.27887,284.57886,284.37885,283.67886,282.37885,281.67886,280.77887,280.87885,280.97885,280.67886,279.37885,278.27887,279.07886,282.07886,281.87885,282.07886,281.77887,280.57886,281.07886,280.77887,280.87885,280.87885,280.57886,280.67886,279.37885,281.17886,280.97885,280.97885,281.17886,281.57886,283.27887,283.57886,283.67886,283.47885,281.77887,280.57886,280.37885,281.57886,279.47885
283.07886,283.57886,283.07886,283.47885,282.57886,280.47885,279.97885,279.77887,279.37885,279.67886,278.17886,278.77887,280.17886,277.87885,278.17886,279.77887,281.67886,281.47885,280.57886,280.17886,279.77887,279.37885,279.27887,279.77887,279.57886,280.37885,280.17886,280.77887,280.67886,280.57886,279.77887,279.87885,281.57886,281.67886,282.07886,284.07886,284.77887,285.87885,284.67886,284.77887,284.57886
280.47885,281.87885,282.67886,282.47885,281.57886,279.47885,279.77887,279.87885,277.17886,277.27887,275.07886,274.47885,278.97885,277.87885,278.57886,278.37885,280.47885,281.27887,280.57886,279.67886,279.27887,278.47885,277.47885,277.77887,279.47885,280.17886,280.67886,279.77887,279.87885,279.37885,279.67886,280.07886,281.57886,281.87885,282.37885,282.77887,283.27887,285.17886,284.07886,284.37885,284.17886
280.27887,280.57886,282.67886,281.07886,279.17886,279.07886,277.87885,275.87885,276.67886,276.47885,273.87885,272.57886,274.77887,276.27887,278.07886,279.17886,280.27887,280.47885,280.27887,280.17886,279.77887,279.47885,279.87885,279.87885,280.17886,280.37885,279.57886,279.47885,278.47885,278.77887,278.47885,279.07886,279.77887,279.67886,280.87885,281.77887,282.67886,283.37885,284.17886,283.07886,284.67886
279.07886,280.27887,283.57886,280.57886,279.87885,279.77887,278.97885,277.17886,278.17886,279.07886,276.87885,277.17886,275.47885,276.17886,277.47885,278.57886,279.07886,280.67886,280.87885,280.07886,279.67886,279.27887,279.37885,278.87885,278.57886,278.37885,277.77887,276.97885,277.17886,277.17886,277.37885,278.97885,278.17886,278.17886,279.17886,280.17886,281.47885,281.87885,284.27887,285.07886,284.67886
