wind.json
{"header": {"discipline":0,"disciplineName":"Meteorological products","gribEdition":2,"gribLength":1125,"center":7,"centerName":"US National Weather Service - NCEP(WMC)","subcenter":0,"refTime":"2023-05-29T18:00:00.000Z","significanceOfRT":1,"significanceOfRTName":"Start of forecast","productStatus":0,"productStatusName":"Operational products","productType":1,"productTypeName":"Forecast products","productDefinitionTemplate":0,"productDefinitionTemplateName":"Analysis/forecast at horizontal level/layer at a point in time","parameterCategory":2,"parameterCategoryName":"UnknownDiscipline_0_Category_2","parameterNumber":3,"parameterNumberName":"UnknownParameter_D0_C2_3","parameterUnit":"Unknown","genProcessType":2,"genProcessTypeName":"Forecast","forecastTime":180,"surface1Type":103,"surface1TypeName":"Specified height level above ground","surface1Value":10.0,"surface2Type":255,"surface2TypeName":"Missing","surface2Value":0.0,"gridDefinitionTemplate":0,"gridDefinitionTemplateName":"Latitude_Longitude","numberPoints":688,"shape":6,"shapeName":"Earth spherical with radius of 6,371,229.0 m","gridUnits":"degrees","resolution":48,"winds":"true","scanMode":64,"nx":43,"ny":16,"basicAngle":0,"lo1":45.0,"la1":40.0,"lo2":87.0,"la2":55.0,"dx":1.0,"dy":1.0}, "data":
[rows 0 to 15 of 16, columns 0 to 42 of 43]
1.0983545,-0.2816455,-0.1716455,-3.7216456,-0.04164551,-8.3116455,-6.7216454,-5.9816456,-4.9716454,1.6583545,0.0083544925,3.9683545,2.8283546,-0.10164551,-3.0016456,-3.2216456,-4.5116453,-5.4416456,-2.3716455,-2.7016456,0.25835449,0.25835449,-1.3416455,-3.4916456,-3.3516455,-2.5616455,-3.2016456,-4.3916454,-2.0016456,1.5683545,1.9083545,1.6283545,2.2983544,3.3783545,0.07835449,1.1883545,1.1883545,0.41835448,-0.111645505,-0.7916455,-2.4516456,-3.5016456,-3.9816456
-1.7616456,-4.0116453,1.0883545,2.7483544,-2.8516455,-8.911646,-8.291645,-7.0316453,-6.0716457,-2.3916454,1.8183545,2.1383545,1.9183545,-0.5216455,-1.4116455,-2.9516456,-4.4016457,-5.2716455,-2.2216456,-0.39164552,-2.9416456,-3.8616455,-4.4216456,-4.0516453,1.3483545,0.52835447,2.1883545,1.0283545,-1.7816455,-1.5316455,1.4783545,3.4183545,4.8083544,1.6083544,-0.111645505,-0.1916455,0.14835449,-1.3216455,-0.3816455,0.11835449,0.3683545,-0.6416455,-1.9816455
0.1383545,2.5583544,-0.4616455,0.4083545,-10.461645,-8.531646,-8.461645,-7.2716455,-6.5016456,0.83835447,2.1583545,-0.04164551,-0.53164554,-1.8016455,-2.9916456,-2.9516456,-5.0816455,-3.4816456,0.6483545,-0.2616455,-2.3716455,-4.8716455,-5.3216457,-4.9116454,-1.1816455,2.7383544,2.8783545,2.9083545,3.2583544,0.9883545,1.2583545,3.4683545,1.8083545,3.6383545,2.3483546,1.8483545,-1.8216455,3.2983544,3.4083545,2.1383545,1.5883545,-0.2516455,-0.7616455
-0.5916455,-0.4716455,-3.5816455,-7.5516453,-7.0016456,-7.1116457,-6.8716455,-7.0016456,-3.4116454,4.1883545,4.7983546,2.6883545,-1.6016455,-2.3116455,-2.6116455,-1.9916455,-3.3616455,-1.6216455,0.6883545,-1.1616455,-3.3916454,-4.4716454,-2.2416456,-4.9416456,-5.7116456,-2.5316455,-3.7416456,-1.9716455,-0.4816455,-2.6016455,0.6283545,-1.4416455,0.6383545,5.7583547,1.5883545,1.2983545,0.2483545,-2.4816456,0.52835447,2.0783546,-2.3116455,2.8583546,1.0183545
-2.3516455,-2.6216455,-2.4716456,-4.4116454,-5.3216457,-5.6716456,-5.0416455,-1.5416455,-1.7316455,5.8883543,4.6083546,2.6283545,0.2683545,-2.3016455,-3.3416455,-1.5816455,0.3083545,-0.5016455,-0.6116455,-1.4716455,-1.8516455,-2.4516456,-5.4816456,-5.3416457,-2.1416454,-0.39164552,-1.2216455,-1.7716455,-1.2616456,-0.8716455,-2.3116455,-0.49164551,2.9283545,2.0483544,1.5883545,0.4283545,-0.3516455,2.6283545,2.9483545,-0.66164553,-4.0716457,-3.3216455,-1.5216455
-3.8316455,-3.6716454,-2.3316455,-2.6216455,0.108354494,-2.5916455,-2.7816455,3.9983544,0.1383545,3.0683546,2.6783545,3.5283544,-0.1416455,-1.4616455,-3.5416455,-0.5216455,0.3383545,-2.1316454,0.08835449,-0.5516455,-0.6316455,-1.2816455,-5.0716457,-2.9316454,-1.2416455,1.2883545,1.0883545,0.6483545,-1.3716455,-1.1316456,0.8983545,1.2683545,-0.97164553,-0.1916455,1.2983545,1.9483545,0.7383545,0.8183545,3.4083545,0.8983545,-0.1716455,-1.3716455,1.3583544
-3.7616456,-4.6316457,-5.4316454,-5.0216455,-3.5616455,-5.4916453,0.4083545,4.1783543,2.9983544,6.2583547,1.6783545,2.0983546,1.8483545,0.44835448,2.1383545,0.23835449,-2.2916455,-3.4616456,-3.3516455,1.3183545,1.1083544,-3.5916455,-5.0116453,-4.7916455,-1.8716455,2.1983545,0.77835447,0.9883545,0.9183545,-2.6116455,-1.2616456,-1.0116456,-0.6216455,-0.6516455,-0.3116455,-3.2316456,-2.5616455,-1.4516455,2.7283545,3.8983545,2.8583546,2.4283545,2.3083544
-4.8516455,-5.5216455,-5.9416456,-6.8316455,-7.0116453,-6.7316456,1.9883544,0.9983545,4.8683543,8.298354,-0.12164551,0.038354494,2.8983545,3.7483544,1.9783545,-0.30164552,-2.0516455,-3.7516456,-2.7916455,1.3283545,-1.6616455,-3.3116455,-4.1016455,-4.5716457,-2.4116454,-1.4616455,-0.21164551,1.6283545,-0.7516455,-1.7516456,-2.7516456,-0.3416455,-0.3416455,-0.53164554,0.9083545,2.1783545,1.2883545,1.7383544,2.3083544,1.9783545,4.4783545,3.4783545,-1.0716455
-4.9516454,-5.2416453,-5.3416457,-6.2516456,-6.5116453,-6.8016453,-2.7716455,1.7183545,4.2883544,7.4883547,2.3983545,3.6883545,5.4783545,3.8983545,1.7683545,-0.78164554,-4.2316456,-3.3316455,1.8283545,0.41835448,-2.0916455,-1.6216455,-3.2316456,-2.8616455,-2.7116456,-3.2916455,-3.4116454,-2.7916455,-1.4716455,-0.36164552,-0.53164554,-1.4016455,-1.9916455,2.4283545,-1.6716455,-0.2916455,1.2883545,-1.0516455,-1.6516455,0.18835449,0.6083545,-0.6416455,0.52835447
-5.0916457,-5.9116454,-5.1016455,-5.0716457,-5.8316455,-5.1516457,-4.9316454,1.1583545,2.6483545,3.8383546,4.9183545,5.8583546,6.4983544,4.7483544,1.8583544,-1.7616456,-3.9216454,-2.1116455,1.6983545,-0.061645508,-0.6516455,-1.0116456,-1.9016455,-1.6016455,-1.6916455,-3.1116455,-3.6916456,-3.2916455,-2.3416455,-2.0416455,-3.6616454,-3.7316456,-4.0116453,-5.3016453,-4.6216455,-4.0216455,-2.9416456,-2.1516454,1.2083545,-1.0616455,1.3283545,2.2783544,2.4083545
-4.1216455,-6.2716455,-5.8216457,-5.6916456,-5.1316457,-4.8416457,-3.3616455,-1.8416455,3.6283545,4.6483545,6.3483543,7.8583546,7.2883544,3.9783545,1.5683545,-1.5416455,-2.7116456,-2.0216455,-1.6016455,-2.5916455,0.0083544925,-1.2616456,-0.5616455,-2.2516456,-2.3216455,-1.9616455,-3.3916454,-2.6116455,-3.1116455,-0.8116455,-3.5716455,-4.1716456,-5.2416453,-5.0216455,-6.0416455,-4.3216457,-2.0016456,-1.1316456,0.7683545,2.1983545,0.4983545,-2.1616454,-1.2816455
-3.7716455,-4.7816453,-5.6316457,-6.0816455,-5.3616457,-5.5116453,-3.3116455,-2.9516456,1.6483545,4.9683547,5.5483546,2.8183546,5.1183543,2.6883545,1.4183545,-0.0016455078,-1.9116455,-2.1716454,-2.0516455,-1.3716455,-0.1616455,-2.0516455,-0.3816455,-1.1716455,-2.3516455,-2.2016456,-2.4316454,-2.6916456,-2.2616456,-2.9916456,-3.5916455,-3.8216455,-4.7116456,-4.4916453,-4.2616453,-4.7616453,-4.5816455,-3.6816454,-1.1316456,-1.4616455,-0.6016455,-0.9616455,-0.6916455
-3.1916456,-3.2716455,-4.6116457,-6.0316453,-5.3216457,-3.8516455,-3.5116456,1.4583545,3.8183546,5.4983544,5.1383543,4.1283545,2.3783545,1.9383545,1.8083545,0.8583545,-0.4116455,-1.7716455,-2.0516455,-1.6316456,-0.7516455,-0.031645507,1.0983545,-0.49164551,-1.5316455,-2.2316456,-2.6016455,-2.8216455,-3.3316455,-3.6416454,-3.9916456,-4.2816453,-4.1816454,-4.5616455,-4.9716454,-5.4016457,-4.2816453,-4.5116453,-3.9016454,-2.6716454,-2.3216455,-3.3716455,-2.1116455
-2.8116455,-2.6616454,-3.0616455,-4.6916456,-6.2116456,-3.6316454,-3.3816454,-1.8016455,2.6183546,8.098354,7.4983544,3.2283545,2.5383544,0.8583545,-0.061645508,1.0083545,0.04835449,-0.6716455,-1.1016455,-1.7416455,-1.1716455,-2.4016454,-2.1016455,-1.3016455,-1.9116455,-2.3416455,-2.7516456,-3.0616455,-3.6516454,-3.4616456,-4.4716454,-4.4216456,-4.7916455,-5.2116456,-4.4916453,-4.4816456,-5.1916456,-4.6416454,-4.1516457,-3.7916455,-4.0816455,-3.1116455,-2.2516456
-1.6516455,-1.5716455,-2.0016456,-3.0716455,-4.4116454,-3.8816454,-3.8216455,-0.21164551,0.96835446,2.8783545,2.7283545,-0.2516455,2.4583545,0.9383545,0.7683545,0.14835449,-0.15164551,-0.7516455,-1.2816455,-1.6116455,-1.1516455,-0.8016455,-1.5416455,-2.6016455,-2.1416454,-1.7416455,-2.3216455,-2.7516456,-3.3416455,-3.7016456,-3.8116455,-4.6416454,-4.9116454,-4.5216455,-4.3416457,-5.0416455,-4.8516455,-6.4616456,-5.1116457,-3.9116454,-4.2916455,-4.5616455,-4.1016455
-0.8216455,-1.7716455,-1.4916455,-2.2116456,-3.2316456,-3.0016456,-2.8816454,-2.4616456,-0.2616455,1.5183545,2.2683544,1.4383545,-0.3116455,1.2683545,1.3983545,1.0083545,0.6383545,0.3183545,-0.08164551,-0.53164554,-0.8616455,-1.0816455,-1.9016455,-1.7916455,-2.4216454,-2.2716455,-2.3716455,-2.9516456,-3.2316456,-3.4016454,-3.5516455,-3.7216456,-3.3516455,-3.4916456,-3.6616454,-3.1416454,-2.7816455,-3.3516455,-4.9816456,-5.1216455,-5.8216457,-6.3216457,-4.6216455
