wind_kz.json
{"header": {"discipline":0,"disciplineName":"Meteorological products","gribEdition":2,"gribLength":1025,"center":7,"centerName":"US National Weather Service - NCEP(WMC)","subcenter":0,"refTime":"2023-08-23T00:00:00.000Z","significanceOfRT":1,"significanceOfRTName":"Start of forecast","productStatus":0,"productStatusName":"Operational products","productType":1,"productTypeName":"Forecast products","productDefinitionTemplate":0,"productDefinitionTemplateName":"Analysis/forecast at horizontal level/layer at a point in time","parameterCategory":2,"parameterCategoryName":"UnknownDiscipline_0_Category_2","parameterNumber":3,"parameterNumberName":"UnknownParameter_D0_C2_3","parameterUnit":"Unknown","genProcessType":2,"genProcessTypeName":"Forecast","forecastTime":60,"surface1Type":103,"surface1TypeName":"Specified height level above ground","surface1Value":10.0,"surface2Type":255,"surface2TypeName":"Missing","surface2Value":0.0,"gridDefinitionTemplate":0,"gridDefinitionTemplateName":"Latitude_Longitude","numberPoints":615,"shape":6,"shapeName":"Earth spherical with radius of 6,371,229.0 m","gridUnits":"degrees","resolution":48,"winds":"true","scanMode":64,"nx":41,"ny":15,"basicAngle":0,"lo1":47.0,"la1":41.0,"lo2":87.0,"la2":55.0,"dx":1.0,"dy":1.0}, "data":
[rows 0 to 14 of 15, columns 0 to 40 of 41]
0.21290039,-0.35709962,-0.6370996,-4.2370996,-7.4070997,-9.1971,-8.3571,-6.6670995,-6.5070996,-4.0771,-3.0670996,-4.6970997,-3.7470996,-3.2970996,-2.5670996,-3.5570996,-3.2770996,-6.0070996,-6.8970995,-5.9470997,-6.2670994,-6.3170996,-6.5670996,-3.4670997,3.1329005,3.3429003,1.6829004,1.7429004,3.3629005,-1.2970996,5.5429006,0.5729004,0.05290039,2.8629005,0.7929004,3.5429003,-1.5170996,1.8329004,-2.0970995,-1.2070996,0.09290039
-0.5370996,-1.1070997,2.0929003,-2.4370997,-2.7770996,-6.8970995,-7.4970994,-6.1570997,-4.5070996,-4.2770996,-5.1870995,-1.0670996,1.0829004,-1.1270996,-0.4970996,-4.0070996,-4.3570995,-2.3370996,-1.0970997,-5.1670995,-6.0771,-6.0870996,-4.6670995,-3.5970995,0.50290036,-1.4370996,0.0029003907,-1.6370996,3.3529005,-2.4970996,-1.7670996,1.8629004,1.8229004,2.2429004,2.3729005,4.6329,3.8329003,2.0229003,1.6929004,3.3329003,-0.5470996
-1.7870996,0.05290039,-1.7470996,-1.9470996,-1.9770997,-3.4370997,-4.5870996,-4.3870997,-3.7270997,-4.1870995,-4.4470997,-4.1670995,-4.5771,-4.0470996,-5.0771,-4.2770996,-3.3670995,-2.4470997,-1.6170996,-3.0870996,-5.2570996,-5.2270994,-1.6470996,0.8029004,-4.7871,-5.1970997,-4.5870996,-5.2970996,-3.4870996,-2.3970995,-2.4670997,-1.9670997,-6.1970997,0.1529004,2.9529004,4.4229,1.0729004,-1.5970997,-0.5370996,0.9429004,-0.8370996
4.0529003,1.1729004,-1.8570997,-3.2170997,-1.3570997,-6.3471,-5.8170996,-5.3671,-2.4270997,-3.9770997,-5.9170995,-3.7370996,-0.8570996,-1.9570996,-3.9270997,-2.0770996,-1.3870996,1.1629004,0.3529004,-2.9970996,-4.9370995,-4.3671,-5.2370996,-5.4070997,-5.0270996,-3.9870996,-5.1770997,-4.2270994,-4.9970994,-7.6670995,-0.8870996,2.3929005,1.5929004,-0.32709962,-1.5570996,-0.04709961,-1.1970996,-0.04709961,-2.0870996,-1.4770997,-3.1070995
-6.0371,0.13290039,0.8829004,-0.99709964,-2.5670996,-4.4370995,-6.6470995,-6.0571,-7.8471,-4.4870996,-4.2270994,-5.1470995,-3.6170995,-1.3670996,-1.1270996,2.3629005,2.5229003,3.0529003,2.3029003,-1.4670997,-3.6570997,-4.4670997,-4.9970994,-5.2470994,-5.3370996,-3.9370997,-1.3770996,-1.5970997,-3.6670997,-3.5370996,-4.8471,-3.5670996,-2.9470997,-2.1970997,-2.6170995,2.6329005,1.0229003,0.7629004,-1.0070996,-2.0070996,-0.8070996
-5.4970994,-2.9170997,-4.0470996,4.0629005,1.7329004,-0.2370996,-1.1370996,-3.9070997,-5.6470995,-5.4170995,-3.4370997,-2.1870997,2.5529003,0.24290039,-4.2470994,-2.5370996,-2.6070995,0.07290039,2.9429004,-1.3670996,-2.7170997,-4.3770995,-5.4070997,-5.4270997,-4.3170996,-3.9670997,-4.0670996,-2.2070997,-1.7170997,-2.2970996,-3.3070996,-9.347099,-1.5170996,-3.5770996,-0.6570996,-3.4170997,-2.1670997,-3.8170996,5.6729,1.6729004,-1.5970997
-7.1970997,-6.9170995,-6.6171,-6.2871,0.9229004,0.2329004,-6.1070995,-6.1070995,-8.437099,-9.3970995,-4.3170996,0.2529004,3.5629003,-0.7770996,5.0529003,2.4229004,1.2729003,-3.0670996,4.9129004,1.3629004,-1.4470996,-3.9170997,-4.8170996,-5.9570994,-5.0371,-2.5270996,-3.2370996,-5.2670994,-2.5170996,5.8629003,3.5729003,0.5529004,3.8729005,0.32290038,-1.7770996,0.3729004,0.3829004,1.9129004,-0.1870996,3.0929003,-0.8070996
-3.8970995,-5.6171,-5.0670996,-4.4570994,-3.5970995,-6.3271,-3.9770997,-5.9070997,-3.5170996,-6.4470997,-7.2970996,-8.7071,-6.0771,-4.5371,-1.6970996,2.0429003,2.0729003,-2.7270997,4.9529004,2.5129004,-1.5070996,-2.0770996,-3.7070997,-5.1171,-5.5371,-4.9870996,-4.8671,-6.1570997,-3.5070996,-1.2570996,3.8329003,6.3829,2.8429003,4.8729005,3.1429005,-0.3370996,-0.87709963,0.7929004,-0.20709962,-0.09709961,1.0429004
1.0729004,-4.6970997,-5.8071,-6.5670996,-4.5771,-3.1470995,-3.5670996,-4.1570997,-4.1870995,-4.1570997,-4.2270994,-4.2670994,-3.6270995,-2.9370997,-7.5771,-1.4070996,-2.6570997,2.8829005,4.7329006,2.1429005,1.9429004,-1.2970996,-3.1070995,-3.6470995,-4.4470997,-4.5170994,-3.7170997,-2.1670997,-5.4970994,-7.5371,-8.2471,-9.8671,-8.967099,-8.6571,5.2829003,2.4629004,2.7929003,3.5329003,2.9329004,0.18290038,0.5129004
-4.4170995,-5.3870997,-5.7170997,-5.5971,-4.3170996,-5.2070994,-4.7270994,-5.0870996,-4.6470995,-5.4670997,-5.2470994,-3.8670995,-5.1370997,-4.7070994,-1.7570996,-5.0870996,-3.9770997,4.9629,3.6829004,3.6829004,2.3829005,0.13290039,-0.74709964,-2.4570997,-3.3870995,-3.8870995,-5.8570995,-5.2370996,-3.8570995,-5.4270997,-5.8370996,-6.1970997,-8.187099,-9.4971,-6.1270995,-4.5170994,2.9929004,0.8929004,0.9929004,0.8529004,0.6129004
-2.6370995,-4.0470996,-4.8970995,-4.8071,-2.3270996,-0.7270996,-1.7370996,-1.6170996,-4.2270994,-4.2370996,-3.4270997,-1.9470996,-1.6470996,-5.1770997,-1.9770997,-3.6170995,-3.9570997,-2.4270997,2.1329005,3.0329003,0.6329004,1.8429004,0.3329004,-0.4970996,-1.6370996,-3.6370995,-2.4170997,-5.7770996,-5.0371,-4.1870995,-4.8770995,-5.2970996,-4.4770994,-5.7070994,-7.3271,-6.0170994,-1.7670996,2.6229005,2.7629004,1.5029004,1.4629004
-3.9270997,-3.8770995,-3.5770996,-3.8670995,-5.7070994,-7.0571,-4.3770995,-4.3570995,-4.1370997,-4.0971,-2.5870996,-3.9870996,-4.1770997,-4.7070994,-5.1570997,-5.3471,-6.0070996,-0.6570996,0.81290036,-0.4770996,-1.7570996,-1.2570996,-0.11709961,0.6129004,-0.9470996,-2.1970997,-2.3670995,-2.1070995,-4.6070995,-5.1370997,-5.7470994,-5.0371,-3.2470996,-1.5470996,-2.6170995,-3.9870996,-5.6670995,-2.4970996,0.4429004,1.8929003,-2.9970996
-4.3271,-5.8370996,-3.7870996,-5.6970997,-1.9770997,-3.7770996,-2.6470995,-3.3970995,-3.2270997,-3.6670997,-3.5670996,-4.4670997,-2.5270996,-2.1470995,-3.8570995,-4.3970995,-5.1171,-4.2570996,4.5629005,3.9829004,2.9129004,-0.4070996,0.5429004,-1.7970996,-1.0570996,0.4129004,-1.4570996,-1.8570997,-3.0170996,-4.5170994,-5.2871,-4.4970994,-4.0170994,-1.8470997,2.3429003,0.8329004,-4.0670996,-4.0971,-3.6370995,2.7829003,2.4029005
-4.1670995,-5.0771,-6.0870996,-3.9670997,-5.5170994,-5.7470994,-6.4070997,-1.3170996,-5.3370996,-5.9570994,-4.3870997,-1.7270997,-3.4370997,-2.7670996,-0.9670996,-2.8670995,-2.4270997,-3.5470996,-3.6870997,-0.05709961,2.1129005,0.2029004,-1.3670996,0.5929004,-1.8870996,-1.5070996,-0.5970996,-0.6770996,-0.1570996,-2.9270997,-5.2570996,-5.5270996,-4.2770996,-2.3570995,-1.9970996,3.3129003,1.2029004,-3.4270997,-2.7670996,0.36290038,-0.7870996
-2.6370995,-6.3570995,-7.0470996,-5.0270996,-5.6670995,-4.9970994,-5.6670995,-5.1970997,-5.3570995,-4.7170997,-2.9170997,0.13290039,-1.1070997,-1.9070996,-1.9770997,2.7029004,1.7329004,1.0229003,-1.5270996,-2.4270997,-1.4470996,-0.7870996,2.4829004,3.7129004,-0.3770996,0.9429004,-1.1870996,-1.8070996,-0.6770996,-3.1170995,-3.4470997,-5.5270996,-5.2070994,-4.4670997,-2.8470995,-1.1570996,4.7329006,5.9229,-0.68709964,-1.2070996,1.4129004
