wind_kz.json
{"header": {"discipline":0,"disciplineName":"Meteorological products","gribEdition":2,"gribLength":1025,"center":7,"centerName":"US National Weather Service - NCEP(WMC)","subcenter":0,"refTime":"2023-08-28T06:00:00.000Z","significanceOfRT":1,"significanceOfRTName":"Start of forecast","productStatus":0,"productStatusName":"Operational products","productType":1,"productTypeName":"Forecast products","productDefinitionTemplate":0,"productDefinitionTemplateName":"Analysis/forecast at horizontal level/layer at a point in time","parameterCategory":2,"parameterCategoryName":"UnknownDiscipline_0_Category_2","parameterNumber":3,"parameterNumberName":"UnknownParameter_D0_C2_3","parameterUnit":"Unknown","genProcessType":2,"genProcessTypeName":"Forecast","forecastTime":240,"surface1Type":103,"surface1TypeName":"Specified height level above ground","surface1Value":10.0,"surface2Type":255,"surface2TypeName":"Missing","surface2Value":0.0,"gridDefinitionTemplate":0,"gridDefinitionTemplateName":"Latitude_Longitude","numberPoints":615,"shape":6,"shapeName":"Earth spherical with radius of 6,371,229.0 m","gridUnits":"degrees","resolution":48,"winds":"true","scanMode":64,"nx":41,"ny":15,"basicAngle":0,"lo1":47.0,"la1":41.0,"lo2":87.0,"la2":55.0,"dx":1.0,"dy":1.0}, "data":
[rows 0 to 14 of 15, columns 0 to 40 of 41]
1.7205011,1.6005011,-0.2794989,1.1805011,0.2705011,1.0805011,1.6005011,1.7205011,1.1905011,-0.90949893,-1.4494989,-2.319499,-2.0494988,-2.7794988,-2.9894989,-2.2994988,-0.5094989,1.0205011,0.7705011,0.6305011,-1.5994989,-1.3094989,-0.0794989,1.6805011,4.450501,2.310501,1.110501,1.0905011,-1.4094989,2.7705011,2.820501,1.980501,0.5105011,3.5105011,2.570501,0.0905011,-1.639499,-1.4294989,1.2905011,-0.4094989,1.740501
2.2105012,0.5805011,1.4705011,2.380501,-0.029498901,-0.1294989,-1.1194988,0.0605011,-2.319499,-3.5294988,-4.079499,-4.259499,-5.339499,-5.979499,-6.1594987,-4.969499,-4.279499,-2.409499,-3.7694988,-2.3094988,-2.909499,-1.1594989,3.920501,6.330501,6.350501,4.080501,3.920501,3.150501,-0.5694989,2.0005012,-1.4294989,2.570501,1.3805012,1.990501,3.0005012,-0.1494989,0.7105011,3.660501,2.4805012,3.390501,0.1605011
1.5205011,2.540501,1.4105011,1.0405011,0.3405011,-0.8194989,-3.199499,-3.659499,-4.489499,-5.919499,-6.129499,-4.419499,-5.259499,-5.589499,-5.169499,-4.5994987,-4.729499,-1.9594989,-0.6694989,-0.5294989,-2.629499,-5.039499,-1.6194988,5.4005013,2.9905012,-0.5794989,0.0905011,-1.3994989,-1.269499,-2.7694988,0.1705011,3.040501,-1.9294989,2.350501,0.3605011,-2.349499,0.6205011,2.9905012,-0.039498903,3.2105012,0.6605011
1.870501,1.0705011,0.2505011,-1.1194988,-1.2494988,-2.619499,-4.079499,-4.949499,-5.609499,-6.489499,-3.0394988,-3.399499,-3.449499,-5.019499,-6.859499,-6.249499,-6.0994987,-5.809499,-5.709499,-3.7594988,-0.9694989,1.0505011,-3.5194988,-2.0394988,-2.939499,3.630501,2.4705012,2.050501,-0.9294989,-3.5194988,0.1605011,1.7205011,1.2905011,-0.5894989,0.050501097,1.9605011,0.4005011,1.0105011,-3.709499,-1.8194989,-2.189499
0.5405011,-0.1094989,0.5805011,0.050501097,-2.449499,-3.879499,-4.1394987,-6.059499,-5.489499,-4.229499,-2.349499,-3.4694989,-6.019499,-5.689499,-6.729499,-7.049499,-6.0994987,-5.489499,-5.739499,-4.4094987,-2.569499,0.5805011,1.1805011,-1.509499,-5.009499,2.1905012,5.170501,4.060501,2.060501,1.4705011,1.3405011,-0.0494989,-1.7194989,1.230501,0.7205011,0.7705011,2.180501,-0.0994989,-1.5694989,-2.079499,-1.4594989
0.8205011,0.8805011,-0.8894989,-1.009499,-2.7994988,-3.9894989,-4.559499,-3.7594988,-1.5694989,-1.4794989,-3.609499,-4.189499,-5.4094987,-6.8494987,-7.529499,-7.009499,-6.8894987,-6.669499,-7.459499,-5.979499,-4.649499,0.8305011,1.1305012,0.0305011,-0.5594989,-0.6994989,6.0905013,4.710501,4.440501,4.890501,3.7805011,1.9205011,-0.4494989,-2.2194989,-2.099499,9.740501,-2.5394988,6.020501,2.400501,1.5105011,0.6505011
0.1605011,0.0705011,-1.4494989,-1.639499,-3.4694989,-5.539499,-5.129499,-1.8594989,-0.7194989,-2.5294988,-4.009499,-4.8494987,-6.309499,-6.4094987,-6.769499,-7.6194987,-6.899499,-7.239499,-8.239499,-7.039499,-8.1294985,-2.959499,2.140501,3.0205011,1.1005011,-0.90949893,8.1205015,8.130501,5.5705013,4.3605013,4.890501,4.3805013,4.190501,4.990501,2.9905012,3.7505012,3.4805012,2.640501,3.640501,2.7705011,-1.1094989
0.9005011,-1.2994989,-3.069499,-2.689499,-4.669499,-4.4094987,-4.989499,-0.0794989,-0.7994989,-2.7594988,-5.419499,-6.329499,-7.1794987,-6.609499,-6.8894987,-6.859499,-7.1394987,-7.109499,-7.829499,-7.6794987,-5.109499,-6.229499,-4.499499,-4.109499,0.8005011,0.110501096,8.850501,8.4105015,6.330501,4.940501,6.120501,7.390501,7.300501,5.230501,1.3105011,0.4305011,-1.3394989,1.0005012,-1.3494989,1.1305012,1.5405011
0.8805011,-1.8394989,-3.349499,-3.189499,-3.7994988,-3.599499,-3.2994988,-0.4194989,-0.8294989,-3.899499,-4.649499,-5.509499,-6.579499,-6.879499,-6.059499,-6.199499,-6.949499,-6.789499,-6.8694987,-6.469499,-7.6594987,-7.559499,-6.9294987,-4.549499,-2.2994988,-0.4194989,2.110501,0.7805011,6.910501,6.790501,7.230501,8.000501,5.990501,3.350501,1.3105011,3.2605011,2.820501,0.110501096,1.3905011,1.7005011,2.110501
-1.1194988,-2.7294989,-1.9994988,-4.249499,-3.649499,-2.919499,-4.1194987,-3.0294988,-0.22949891,-1.4394989,-3.329499,-4.439499,-5.789499,-5.129499,-6.6594987,-6.969499,-6.939499,-7.229499,-6.669499,-6.8694987,-5.879499,-6.0994987,-6.339499,-5.9094987,-4.3494987,-1.9594989,-1.1494989,-0.7194989,3.130501,2.7805011,7.460501,6.330501,3.850501,3.100501,3.160501,0.84050107,1.7805011,2.920501,3.050501,0.7205011,0.9405011
-2.0394988,0.3305011,-2.939499,-3.5594988,-2.8094988,-3.699499,-3.959499,-3.379499,-0.6994989,-1.139499,-2.089499,-4.239499,-4.989499,-5.629499,-6.499499,-6.749499,-6.8694987,-7.149499,-6.209499,-6.569499,-6.299499,-5.439499,-5.419499,-5.329499,-4.0994987,-4.289499,-2.0294988,-3.089499,-2.149499,-2.2294989,-2.879499,0.4205011,3.0105011,4.240501,4.200501,3.810501,2.9505012,1.8005011,2.890501,1.240501,0.1505011
-0.5794989,-1.8394989,-2.4694989,-3.199499,-2.369499,-3.139499,-3.609499,-3.2194989,-2.7794988,-1.4294989,-2.149499,-3.669499,-4.439499,-4.839499,-5.559499,-6.699499,-6.019499,-6.439499,-6.329499,-6.129499,-5.739499,-5.519499,-4.8694987,-4.669499,-3.7594988,-3.389499,-2.4694989,-2.5394988,-2.889499,-2.5494988,-1.5594989,-3.389499,2.600501,4.200501,3.7005012,3.2205012,-0.4194989,-1.7894989,-1.0494989,0.8005011,-0.7094989
-1.4594989,-1.7494988,-2.139499,-2.4994988,-1.9394989,-1.5794989,-2.179499,-3.4894989,-4.4094987,-4.219499,-1.3094989,-2.0194988,-3.7994988,-3.939499,-4.689499,-5.699499,-6.149499,-5.439499,-5.8494987,-5.749499,-4.859499,-3.879499,-3.2194989,-3.5394988,-3.339499,-2.069499,-0.9294989,-0.7494989,-0.5194989,-0.8194989,0.59050107,-1.4494989,2.300501,3.830501,3.9905012,3.5205011,2.310501,1.2805011,2.080501,1.480501,0.6205011
-2.439499,-3.0494988,-2.9994988,-2.179499,-2.4994988,-2.859499,-2.829499,-3.0294988,-3.109499,-3.599499,-2.619499,-1.1994989,-2.179499,-2.949499,-3.659499,-4.769499,-4.949499,-5.779499,-5.819499,-5.759499,-6.519499,-4.839499,-4.019499,-3.939499,-3.139499,-1.8294989,-0.1794989,0.8205011,1.0505011,1.730501,2.0005012,0.1205011,2.9405012,2.550501,3.070501,3.2005012,2.4905012,2.0205011,2.120501,1.3005011,1.1005011
-1.5994989,-2.319499,-3.129499,-3.2494988,-2.579499,-2.829499,-3.0294988,-2.9694989,-2.889499,-2.2294989,-1.519499,-2.339499,-1.639499,-1.5794989,-3.179499,-3.669499,-4.879499,-5.1394987,-4.749499,-6.269499,-6.149499,-5.769499,-6.059499,-5.089499,-4.4294987,-2.4794989,5.0109864E-4,1.4205011,2.560501,3.2505012,1.370501,3.0105011,3.170501,2.380501,2.5105011,2.560501,2.640501,1.990501,1.4305011,2.300501,1.360501
