wind_kz.json
{"header": {"discipline":0,"disciplineName":"Meteorological products","gribEdition":2,"gribLength":1102,"center":7,"centerName":"US National Weather Service - NCEP(WMC)","subcenter":0,"refTime":"2023-08-20T00:00:00.000Z","significanceOfRT":1,"significanceOfRTName":"Start of forecast","productStatus":0,"productStatusName":"Operational products","productType":1,"productTypeName":"Forecast products","productDefinitionTemplate":0,"productDefinitionTemplateName":"Analysis/forecast at horizontal level/layer at a point in time","parameterCategory":2,"parameterCategoryName":"UnknownDiscipline_0_Category_2","parameterNumber":3,"parameterNumberName":"UnknownParameter_D0_C2_3","parameterUnit":"Unknown","genProcessType":2,"genProcessTypeName":"Forecast","forecastTime":60,"surface1Type":103,"surface1TypeName":"Specified height level above ground","surface1Value":10.0,"surface2Type":255,"surface2TypeName":"Missing","surface2Value":0.0,"gridDefinitionTemplate":0,"gridDefinitionTemplateName":"Latitude_Longitude","numberPoints":615,"shape":6,"shapeName":"Earth spherical with radius of 6,371,229.0 m","gridUnits":"degrees","resolution":48,"winds":"true","scanMode":64,"nx":41,"ny":15,"basicAngle":0,"lo1":47.0,"la1":41.0,"lo2":87.0,"la2":55.0,"dx":1.0,"dy":1.0}, "data":
[rows 0 to 14 of 15, columns 0 to 40 of 41]
1.7064655,2.2964654,-2.5635345,5.5564656,3.1364655,-1.2635345,-3.4735346,-3.7035346,-0.36353454,-1.4335345,-0.95353454,-1.3235345,-4.0635347,-6.1535344,-7.1735344,-6.4235344,-6.7135344,-0.95353454,-0.68353456,0.11646546,-4.9335346,-2.2235346,-2.2235346,-2.2335346,0.75646544,3.8764656,1.4864655,2.1464655,-3.1735346,-1.8835346,-2.5835345,0.45646545,-0.56353456,4.5364656,-0.44353455,-2.9535346,-2.3835344,-3.7835345,-3.4435346,-1.4435345,0.55646545
-1.8335346,-2.2835345,1.6564654,4.0064654,2.6264656,-0.65353453,-1.5335345,2.9464655,-2.6135345,-0.7835345,-0.33353454,0.47646546,-2.3835344,-5.3035345,-6.3235345,-7.8635345,-6.4835343,-0.36353454,-1.5635345,-1.2935345,-2.7335346,-4.3235345,-3.2735345,-1.7635345,2.3564653,0.26646546,-6.1135345,-1.7135346,-3.0435345,-4.6135345,-2.6035345,-2.4135346,-4.3535347,-0.16353455,-3.0335345,-9.273535,-7.5935345,-4.7035346,2.9864655,2.1164656,-1.1535345
3.7564654,4.9264655,2.5464654,1.6964655,0.88646543,1.1564654,1.6864655,3.1864655,-2.9335346,-3.1535347,0.16646546,-1.5135345,-2.3735344,-4.4435344,-6.6735344,-7.7535343,-7.8235345,-5.6035347,-2.8035345,-2.8935347,-3.2935345,-2.5435345,0.23646545,0.53646547,-1.5135345,-3.6635346,3.5364654,0.5264655,-1.5035346,0.99646544,-3.9635346,-3.4835346,-5.7135344,1.3964654,1.2464654,1.4064654,-4.2235346,-3.2035346,0.20646545,0.79646546,-0.19353455
-6.9135346,5.1264653,3.2064655,2.2164655,0.016465453,5.3264656,2.0064654,-0.18353455,-2.8235345,1.6864655,0.06646545,-0.52353454,-0.81353456,-1.9635346,-4.1035347,-6.7935348,-5.773535,-6.3535347,-4.5735345,-4.4935346,-4.5735345,-1.9735346,-3.1935346,0.16646546,-0.76353455,-2.8635345,-2.0735345,1.3764654,2.8864655,-2.1935346,-4.7635345,-4.5935345,-6.9535346,7.5664654,1.4364655,0.69646543,-4.7035346,-1.1235346,-1.6235346,-1.6435345,-4.8135347
2.5164654,2.5464654,3.3764656,1.8464655,-1.7735345,0.7164655,0.7664654,-4.6035347,-9.013535,1.1264654,-8.213534,2.1364655,4.0964656,1.4064654,-0.18353455,-2.6335344,-4.0135345,-4.8935347,-5.7835345,-7.4435344,-4.0135345,-3.5935345,2.7064655,0.7664654,-0.51353455,-1.7535346,-3.8035345,-7.2035346,-3.9535346,-3.4035347,-4.7935348,-3.8935347,-2.6835346,-2.6635346,1.6764655,2.2764654,0.60646546,1.3164655,-1.9735346,-1.7135346,-2.0735345
-0.74353456,6.7164655,7.2364655,4.0464654,3.4464655,0.6464655,-1.2535346,3.4364655,-3.2335346,-1.4035345,-2.2335346,-1.5035346,5.0264654,5.6764655,3.9864655,-1.9835346,-2.5035346,-3.3435345,-5.3535347,-5.0735345,-3.3335345,-2.8835344,3.3764656,5.2964654,-2.1935346,-1.6235346,-0.89353454,-3.2935345,-2.3535345,-1.8835346,-1.4435345,-4.3835344,-4.5735345,-4.1235347,-1.3335346,-0.51353455,-3.0635345,-3.4935346,1.8864654,1.3064655,-2.4135346
2.7664654,-1.3135345,5.0364656,6.8564653,8.116466,6.3264656,3.7264655,1.3964654,-3.8735344,11.896465,7.3264656,-4.4035344,-5.0735345,-0.5335345,-1.5635345,-1.2535346,-3.4035347,-2.5735345,-2.0235345,-3.3335345,-1.5435345,0.56646544,1.4664655,-0.6035345,2.4164655,0.19646545,2.9764655,4.976465,5.6364655,1.6464654,1.0864655,-1.3135345,-3.7535346,-3.6735346,-6.4035344,-3.4435346,-5.1935344,-5.7635345,-3.6435347,0.40646544,-7.1935344
2.9564655,1.3664654,1.9764655,2.1464655,5.9364653,-2.3535345,2.2264655,-0.6035345,1.9364655,-2.6135345,-7.3135347,-1.4635346,-2.4235346,-3.5535345,1.9664655,1.0964655,-3.7435346,-2.1935346,0.66646546,-1.5335345,-2.8735344,0.49646544,-4.2435346,-2.7835345,0.78646547,3.1664655,1.1464654,0.14646545,-3.7535346,-6.1235347,-5.4335346,0.55646545,-5.3835344,-4.8535347,-5.1735344,-5.4635344,-6.4435344,-0.07353455,1.9164654,2.3964655,-0.48353454
-0.51353455,0.23646545,0.88646543,-0.33353454,2.2564654,2.9364655,1.7364655,9.056465,2.4264655,1.9564655,7.1564655,5.3064656,-3.1035345,-4.7435346,-1.7135346,1.4664655,-2.5135345,-2.5335345,-1.9735346,-1.9635346,-1.7035346,0.6564655,-2.2335346,0.9664655,-0.37353456,-1.8335346,-1.2735345,-0.47353455,0.73646545,1.5364654,-1.2635345,-6.1235347,-1.7235346,-0.57353455,-2.9835346,-4.3435345,-4.5335345,-4.3735347,-4.2235346,-1.6835345,-0.28353456
-1.3135345,1.3064655,1.9664655,-0.11353455,3.0264654,5.2964654,-0.20353454,-1.4135345,-2.1235344,-1.2935345,-0.58353454,-0.7935345,-1.5935346,-2.8735344,1.5764655,2.7364655,0.9664655,-1.4735346,-3.3335345,-3.7835345,-3.9535346,-4.8235345,-4.4535346,-1.9635346,-0.9835346,0.97646546,1.4064654,-0.76353455,3.5264654,2.7464654,6.3664656,6.4164653,-2.0835345,-1.2035346,-1.7635345,-1.7635345,-1.8735346,0.42646545,0.026465453,-1.2835345,-0.26353455
-2.3735344,-0.6035345,2.4564655,1.1064655,1.6964655,1.2564654,3.5164654,1.3264655,0.53646547,0.27646545,0.19646545,0.80646545,-0.57353455,-1.2135346,1.9064654,2.7464654,3.8364654,0.84646547,-2.1235344,-2.1335344,-3.3435345,-4.2035346,-4.3435345,-4.0335345,-2.8535345,-2.2135346,5.1764655,6.7564654,5.1764655,4.8764653,7.9264655,0.11646546,0.5264655,-1.4735346,-1.4735346,-0.21353455,-1.6935345,-1.8335346,-1.9435345,-1.9635346,-1.8335346
-3.4835346,-4.8135347,-2.6435347,-4.5835347,-4.3535347,0.23646545,-1.3935345,-3.0135345,-3.5535345,-3.2635345,-1.2835345,-0.003534546,0.88646543,1.4264655,-0.70353454,2.3064654,1.8864654,1.8564655,-0.043534547,-2.0235345,-2.8435345,-3.0035346,-3.0435345,-2.8535345,-3.8835344,-3.4935346,-4.5135345,-4.3535347,0.27646545,2.4064655,1.7264655,1.2864654,1.2964654,0.94646543,1.6164654,-0.023534546,-2.0435345,-1.8435346,-1.4735346,-1.7735345,-1.4335345
1.6864655,2.9064655,1.0464654,1.6464654,0.5264655,1.0864655,1.0764655,-2.7235346,-5.5835347,-2.8535345,-0.82353455,-0.17353454,2.1064653,0.80646545,-0.63353455,0.30646545,0.69646543,0.5864655,2.1364655,0.06646545,-0.32353455,-1.7135346,-2.1335344,-2.3535345,-2.4835346,-4.4035344,0.69646543,-1.6135346,-2.7935345,1.9664655,0.69646543,-0.9835346,0.7664654,2.8064654,1.7164655,1.2964654,0.91646546,-0.75353456,0.036465455,-1.2035346,-0.083534546
0.24646546,0.7764655,2.3164654,-1.5935346,0.07646546,0.48646545,0.016465453,-0.24353455,-1.3935345,-2.0335345,-1.1035346,0.34646547,2.0664654,0.036465455,3.2664654,1.5164654,1.9564655,1.4964654,0.78646547,0.56646544,0.33646545,-0.40353453,-4.5635347,-3.4335346,-2.0235345,-1.9135345,-2.0035346,-3.2635345,0.53646547,-0.07353455,0.91646546,3.7664654,8.076466,4.2664657,2.5864654,2.1564655,0.53646547,-0.56353456,-1.1735345,0.54646546,-0.5435345
-1.3535346,-2.3235345,-0.7935345,-4.1035347,-1.3535346,0.10646545,1.3064655,0.006465454,-1.1335346,-1.5835346,-0.46353453,-0.74353456,-0.7835345,-1.3935345,1.0064654,1.7364655,1.2264655,1.0164654,-0.56353456,-0.9235346,-1.3935345,-1.9035345,0.72646546,-1.2835345,0.45646545,-2.3335345,-2.4535346,-2.2835345,-3.0635345,-3.0835345,1.3764654,0.24646546,-0.9835346,4.4364653,4.6964655,3.5864654,2.1164656,1.6064655,-0.46353453,-1.5635345,0.24646546
