wind.json
{"header": {"discipline":0,"disciplineName":"Meteorological products","gribEdition":2,"gribLength":1125,"center":7,"centerName":"US National Weather Service - NCEP(WMC)","subcenter":0,"refTime":"2023-07-01T12:00:00.000Z","significanceOfRT":1,"significanceOfRTName":"Start of forecast","productStatus":0,"productStatusName":"Operational products","productType":1,"productTypeName":"Forecast products","productDefinitionTemplate":0,"productDefinitionTemplateName":"Analysis/forecast at horizontal level/layer at a point in time","parameterCategory":2,"parameterCategoryName":"UnknownDiscipline_0_Category_2","parameterNumber":3,"parameterNumberName":"UnknownParameter_D0_C2_3","parameterUnit":"Unknown","genProcessType":2,"genProcessTypeName":"Forecast","forecastTime":120,"surface1Type":103,"surface1TypeName":"Specified height level above ground","surface1Value":10.0,"surface2Type":255,"surface2TypeName":"Missing","surface2Value":0.0,"gridDefinitionTemplate":0,"gridDefinitionTemplateName":"Latitude_Longitude","numberPoints":688,"shape":6,"shapeName":"Earth spherical with radius of 6,371,229.0 m","gridUnits":"degrees","resolution":48,"winds":"true","scanMode":64,"nx":43,"ny":16,"basicAngle":0,"lo1":45.0,"la1":40.0,"lo2":87.0,"la2":55.0,"dx":1.0,"dy":1.0}, "data":
[rows 0 to 15 of 16, columns 0 to 42 of 43]
-2.5564356,-0.51643556,3.1435645,5.3435645,-0.8764355,-3.7064354,-5.3064356,-5.3764358,-3.0764356,-2.4464355,1.9235644,-5.6864357,-4.7964354,-5.7864356,-6.6864357,-6.1664357,-5.6764355,-5.8264356,-7.8464355,-7.1264358,-6.6864357,-5.5264354,-4.8464355,-5.356436,-6.1564355,-1.8864355,-1.7964356,6.7035646,-0.18643555,-3.3964355,-2.3364356,0.77356446,-3.6664355,2.4535644,3.7235644,2.6135645,4.1335645,4.7735643,1.2935644,-4.6164355,-6.9764357,-2.8664355,-3.7664356
0.85356444,1.7535645,5.8435645,-0.84643555,-1.9664356,-4.3164353,-4.0064354,-5.4064355,-5.0164356,-1.0064355,-2.4664354,-3.7464356,-4.8664355,-6.4464355,-4.5964355,-5.2264357,-6.606436,-5.8764358,-6.4964356,-5.6964355,-5.9664354,-5.0264354,-4.5464354,-4.2864356,-5.5264354,-2.9964356,1.2835644,4.7435646,3.1635644,3.5035644,-1.7864356,-1.8764355,-3.1164355,-0.57643557,-1.7464355,-10.226436,-0.11643555,-0.6164355,-1.2064356,0.66356444,-0.44643554,1.2035644,-0.49643555
0.17356445,2.2935646,0.37356445,1.2135644,-1.8264356,-3.7164354,-4.0664353,-5.2864356,-1.3464355,-4.2664356,-3.2364357,-3.2364357,-5.0964355,-4.5364356,-4.5664353,-5.3064356,-4.7264357,-7.6864357,-5.3964357,-5.856436,-6.5064354,-9.106436,-7.4564357,-6.3864355,-5.0964355,-3.5464356,-1.6864356,-2.4664354,-0.35643554,0.98356444,-0.85643554,2.7335644,-1.5464356,1.4135644,2.0535645,0.45356447,1.1335645,5.5535645,2.7435644,4.0135646,1.4435644,1.5535644,0.06356445
-1.4264356,-2.3064356,1.8235644,-0.6164355,-2.5864356,-4.2964354,-4.7864356,0.24356446,-3.8064356,-3.9064355,-2.3964355,-3.3064356,-3.6664355,-5.3364353,-7.9364357,-10.016436,-9.666435,-7.3364353,-8.016436,-6.9164357,-7.0764356,-7.9964356,-8.266436,-7.4664354,-4.1264358,-5.5164356,-7.2764354,-5.0464354,0.97356445,3.2635643,4.5335646,2.1135645,0.9335644,-1.8564355,-3.3464355,-4.1564355,-0.9464356,4.1835647,-0.22643554,-2.6164355,-1.2064356,0.9335644,2.1135645
-0.29643553,0.033564452,0.103564456,-1.2364355,-3.7364357,-5.9964356,-1.2764355,-4.5564356,-2.0064356,-2.9264355,-3.2964356,-2.8764355,-6.6264358,-1.7064356,-2.9064355,-4.9364357,-8.876435,-10.746435,-4.9264355,-5.2464356,-6.7064357,-7.8664355,-7.1464357,-7.5664353,-4.1264358,-5.8464355,-6.3464355,-6.0264354,-1.5864356,6.3635645,2.3735645,0.60356444,-3.6564355,2.0135643,2.7535644,6.6135645,4.3135643,-1.1964356,-0.07643554,-1.1864356,-2.0564356,1.7535645,2.8235645
0.70356447,3.2135644,1.9635644,0.023564452,-1.4964355,-4.6564355,-6.3764358,-8.096436,-7.9664354,-4.2364354,-4.2164354,-1.7464355,-4.9764357,2.6635644,2.0835645,-3.1264355,-6.0564356,-7.0864353,-5.2764354,-5.0764356,-5.1764355,-5.8264356,-6.3464355,-6.5064354,-6.9364357,-7.106436,-6.2264357,-4.9664354,-2.4764357,-2.4964356,-2.2964356,-0.38643554,0.37356445,3.1135645,2.4335644,0.58356446,1.0335644,-2.0264356,-11.406436,2.5535645,-0.57643557,0.27356446,-0.056435548
0.67356443,-0.67643553,3.1835644,3.3835645,2.1535645,-0.72643554,-2.8164356,-4.106436,-8.326435,-6.356436,-3.7764356,-4.1464357,-4.6564355,-3.3364356,4.8635645,2.3835645,-2.9464355,-5.0164356,-4.7764354,-4.6164355,-5.3064356,-5.6864357,-6.2164354,-6.8064356,-6.7964354,-7.0164356,-6.8164353,-4.7464356,-1.9964355,4.6735644,-1.9864355,1.6435645,3.6735644,-0.96643555,0.9435645,3.0735645,2.2835646,0.033564452,-1.0264355,-9.396436,-2.0364356,1.7635645,2.6635644
-1.9864355,-1.9364356,-2.7064354,-1.3364356,-0.37643555,4.6935644,1.0635644,-4.0264354,-5.7164354,-4.7564354,-3.3664355,-2.0464356,-2.9064355,-4.356436,-5.7164354,-6.1764355,-5.2164354,-8.756435,-7.1864357,-5.3264356,-5.1864357,-5.2764354,-4.7364354,-5.0864353,-5.106436,-5.7664356,-6.9964356,-8.146436,-8.426435,-7.2564354,-4.8864355,-3.5864356,1.1435645,5.6235642,-0.22643554,-1.6464355,2.1635644,-6.7464356,4.6135645,-1.0364356,3.5435646,2.1035645,1.2835644
-2.2264357,-3.8864355,-2.3364356,-3.7964356,0.57356447,-1.9264356,-4.0364356,-5.0864353,-4.9764357,-5.3864355,-5.4964356,-3.9264355,-4.3464355,-4.1864357,-4.7664356,-5.8664355,-3.9864357,-4.4564357,-4.0264354,-5.4964356,-5.6564355,-4.9464355,-5.8664355,-4.9764357,-5.3964357,-6.7064357,-5.8364353,-7.5064354,-6.9064355,-9.536435,-6.5064354,-3.4164355,-2.3664355,-3.6964355,4.7535644,4.1135645,0.40356445,1.7835644,-5.8164353,-6.9364357,0.08356445,-0.88643557,-3.5664356
-4.3664355,-3.8564355,-4.3364353,-3.0964355,-2.9264355,-2.0264356,-2.4764357,-2.3564355,-3.9964356,-6.4464355,-6.2264357,-7.3064356,-5.5264354,-5.2164354,-6.0564356,-6.4264355,-5.1964355,-4.5564356,-4.3264356,-5.2764354,-2.7364357,-5.9164357,-5.0664353,-8.256435,-5.3864355,-7.0964355,-6.8664355,-8.976436,-9.526436,-1.1564355,-2.6664355,-2.8164356,-2.7764356,-6.7864356,-6.5864353,2.3435645,3.8135645,-2.8064356,-6.7864356,1.6535645,1.3035644,1.3135644,-0.016435547
-2.4564354,-4.2764354,-3.6164355,-3.5964355,-3.9064355,-2.4964356,-1.7164356,-3.9564354,-6.0964355,-6.1764355,-6.9864354,-5.9364357,-3.8364356,-1.5164355,-5.606436,-6.0164356,-4.1664357,-5.7864356,-7.4664354,-5.356436,-6.0164356,-5.9164357,-5.1764355,-6.3264356,-7.9064355,-6.0564356,-5.856436,-0.29643553,-2.7464356,-3.4764357,2.7035644,-1.8964355,-1.3064356,0.72356445,-2.3464355,-4.2764354,-1.5464356,-0.8064355,-1.8764355,3.4535644,-1.3464355,1.9935645,-0.84643555
-2.1664355,-3.9064355,-3.3264356,-3.4764357,-4.2564354,-3.7364357,-3.4164355,0.28356445,-2.8064356,-5.1364355,-5.8364353,-5.9964356,-1.8764355,-1.7164356,-2.9964356,-4.9464355,-3.2464356,-4.4864354,-10.616436,-6.2464356,-4.8264356,-3.7564356,-3.6564355,-5.9964356,-6.5964355,-5.1464357,-5.4464355,-5.7764354,-3.0464356,-4.2764354,-1.0264355,2.7035644,2.7035644,-4.4064355,-0.90643555,-3.0664356,-3.8864355,-0.96643555,1.1335645,0.7535645,3.8335645,1.2935644,0.29356444
-0.46643555,-1.5564356,-3.0564356,-3.5164356,-4.1564355,-5.0264354,-2.7764356,-2.6464355,-2.6764355,-2.7864356,-4.5264354,-6.2364354,-5.3264356,-2.8164356,-1.0764356,-1.3064356,-3.0564356,-0.8664355,-5.3764358,-6.9764357,-4.5264354,-4.5964355,-7.6664357,-7.6664357,-6.7864356,-6.8764358,-5.1764355,-3.1264355,-8.176435,-2.7864356,-4.1664357,1.1835644,-0.006435547,3.3535645,0.6935645,-3.1864355,-1.8864355,-1.7564355,1.8335644,5.8435645,1.7635645,3.4435644,0.12356445
-0.24643555,-0.71643555,-2.2864356,-1.3064356,-2.3964355,-0.91643554,-3.4464355,-2.6064355,-3.1064355,-2.9564354,-4.8964357,-5.1164355,-4.1564355,0.57356447,-2.6364355,-5.5464354,-1.8164356,-3.4064355,-3.5064356,-1.9164356,-3.7964356,-1.7564355,-1.2764355,-2.4264355,-4.1664357,-4.7964354,-5.0264354,-5.5364356,-5.9864354,-2.0864356,1.0435644,-6.356436,-8.656436,-3.4464355,0.0035644532,-2.4264355,3.0135643,-1.0364356,-1.0664356,-0.96643555,-1.2664355,0.15356445,-1.4764355
-0.51643556,-1.6064355,-1.7764355,-1.4764355,-1.9764355,-2.1264355,-2.7564356,-2.9064355,-1.7764355,-2.0664356,-3.0864356,-3.1464355,-2.6364355,-2.4264355,1.0935645,-1.7264355,-0.78643554,-2.8764355,-2.9864357,-3.9464355,-4.0964355,-3.5964355,-3.6564355,-4.2164354,-4.3264356,-2.9864357,-3.1564355,-4.4064355,-3.1064355,-3.4064355,-6.6464357,-5.1964355,-5.7764354,-5.1764355,-4.1364355,-3.8764355,-3.0464356,-5.5864353,-2.7364357,-0.6964356,-2.5564356,-0.5064356,-2.2164354
-1.0164355,-2.4964356,-1.8064356,-0.54643553,-1.9164356,-2.6464355,-4.1164355,-2.6264355,-4.0964355,-3.7064354,-3.2964356,-2.3964355,-1.1864356,-1.2164356,-2.7664356,-3.4864357,-2.8764355,1.7135644,-3.3364356,-3.3564355,-2.3264356,-4.9964356,-3.6164355,-4.6564355,-3.2264357,0.29356444,-0.28643554,-3.0764356,-4.2664356,-1.8464355,-3.6564355,-3.3364356,-4.1264358,-5.2164354,-1.9964355,-2.9264355,-4.6864357,-2.9664354,-3.7564356,-1.6064355,-1.7864356,-0.95643556,-1.3964355
