wind_kz.json
{"header": {"discipline":0,"disciplineName":"Meteorological products","gribEdition":2,"gribLength":871,"center":7,"centerName":"US National Weather Service - NCEP(WMC)","subcenter":0,"refTime":"2024-02-01T12:00:00.000Z","significanceOfRT":1,"significanceOfRTName":"Start of forecast","productStatus":0,"productStatusName":"Operational products","productType":1,"productTypeName":"Forecast products","productDefinitionTemplate":0,"productDefinitionTemplateName":"Analysis/forecast at horizontal level/layer at a point in time","parameterCategory":0,"parameterCategoryName":"UnknownDiscipline_0_Category_0","parameterNumber":0,"parameterNumberName":"UnknownParameter_D0_C0_0","parameterUnit":"Unknown","genProcessType":2,"genProcessTypeName":"Forecast","forecastTime":0,"surface1Type":1,"surface1TypeName":"Ground or water surface","surface1Value":0.0,"surface2Type":255,"surface2TypeName":"Missing","surface2Value":0.0,"gridDefinitionTemplate":0,"gridDefinitionTemplateName":"Latitude_Longitude","numberPoints":615,"shape":6,"shapeName":"Earth spherical with radius of 6,371,229.0 m","gridUnits":"degrees","resolution":48,"winds":"true","scanMode":64,"nx":41,"ny":15,"basicAngle":0,"lo1":47.0,"la1":41.0,"lo2":87.0,"la2":55.0,"dx":1.0,"dy":1.0}, "data":
[rows 0 to 14 of 15, columns 0 to 40 of 41]
283.77277,272.77277,282.37274,280.57275,280.67276,281.87274,284.17276,285.57275,281.47275,281.07275,279.97275,277.97275,274.27277,273.57275,275.97275,275.57275,276.17276,274.57275,277.57275,276.17276,277.77277,277.97275,277.77277,271.87274,275.17276,276.77277,267.37274,250.77275,253.67276,252.17276,256.67276,252.87276,264.57275,271.07275,271.57275,271.17276,270.77277,270.57275,270.27277,268.67276,270.47275
263.97275,282.27277,280.67276,280.27277,280.77277,281.07275,280.47275,276.67276,280.47275,280.37274,279.07275,273.57275,274.47275,274.17276,272.77277,271.07275,271.97275,271.37274,271.97275,273.37274,274.07275,274.97275,271.77277,264.77277,254.87276,257.37274,261.17276,250.67276,252.17276,249.67276,257.77277,245.77275,264.37274,234.87276,252.57275,266.47275,267.07275,268.07275,267.97275,263.57275,266.87274
281.37274,278.77277,280.37274,280.47275,280.47275,274.77277,274.37274,273.67276,272.77277,272.07275,270.87274,272.37274,273.47275,273.37274,269.77277,269.37274,270.47275,269.67276,270.67276,271.07275,271.97275,271.47275,272.37274,267.67276,270.07275,269.67276,269.27277,265.67276,266.17276,259.67276,253.67276,253.57275,255.37276,252.87276,253.07275,258.87274,252.47275,252.57275,256.07275,255.67276,253.77275
277.07275,276.27277,278.37274,279.27277,278.37274,274.17276,273.57275,271.77277,273.07275,272.07275,272.27277,270.17276,281.17276,281.77277,271.57275,271.47275,271.57275,271.57275,269.77277,270.17276,270.37274,266.47275,269.87274,268.47275,268.97275,269.77277,271.17276,269.47275,269.27277,267.87274,266.77277,265.87274,269.67276,265.47275,260.17276,261.47275,251.77275,248.77275,257.67276,255.47275,254.77275
274.97275,272.57275,271.47275,272.97275,274.57275,274.17276,273.07275,273.57275,272.97275,271.07275,269.67276,269.67276,278.97275,278.97275,278.17276,267.87274,267.27277,267.37274,266.97275,266.07275,267.77277,269.77277,269.27277,268.07275,265.87274,268.17276,269.97275,270.47275,270.87274,269.97275,270.47275,268.97275,258.17276,250.87276,259.17276,260.17276,261.77277,255.37276,255.97275,256.27277,258.07275
273.77277,274.17276,272.27277,271.47275,271.47275,271.67276,272.57275,272.87274,271.27277,271.27277,267.57275,268.07275,277.17276,278.97275,265.17276,265.07275,264.47275,263.37274,262.87274,264.07275,263.07275,265.07275,266.97275,269.07275,268.07275,265.67276,267.97275,269.47275,269.67276,270.17276,269.27277,269.97275,265.07275,263.77277,265.77277,263.77277,262.27277,261.47275,256.17276,254.37276,256.27277
272.77277,272.97275,273.77277,272.97275,271.27277,271.67276,271.37274,270.77277,268.57275,266.87274,264.47275,264.27277,264.47275,263.87274,261.97275,263.37274,262.07275,262.67276,262.07275,261.77277,261.47275,261.37274,264.77277,267.07275,266.97275,265.67276,265.27277,266.67276,268.27277,268.87274,267.37274,266.77277,265.97275,264.47275,262.17276,263.47275,262.87274,260.17276,256.87274,254.77275,253.77275
272.97275,272.77277,272.27277,272.17276,271.37274,270.87274,270.67276,270.17276,267.77277,264.57275,263.97275,263.87274,261.77277,259.37274,261.57275,261.47275,260.47275,261.47275,262.67276,261.87274,260.07275,262.07275,264.07275,266.47275,266.27277,264.47275,262.37274,264.37274,265.07275,267.97275,265.27277,266.17276,264.57275,263.37274,259.17276,255.37276,256.57275,260.67276,261.57275,259.47275,254.67276
273.07275,272.57275,272.67276,271.97275,270.87274,270.77277,270.47275,268.87274,267.07275,262.87274,262.77277,262.97275,263.07275,258.07275,258.37274,259.37274,259.17276,260.17276,261.27277,255.07275,259.67276,257.87274,262.47275,266.07275,265.97275,265.07275,263.27277,263.27277,263.37274,265.07275,264.07275,264.07275,263.57275,267.07275,262.07275,258.77277,258.77277,259.77277,254.87276,254.97275,253.37276
272.57275,271.97275,272.27277,272.27277,271.27277,270.17276,268.67276,265.77277,261.87274,262.57275,261.97275,262.47275,262.77277,256.67276,256.07275,257.47275,257.97275,257.77277,257.97275,257.77277,265.37274,262.37274,265.27277,265.87274,266.07275,265.67276,264.67276,257.87274,262.07275,262.37274,262.57275,265.97275,267.97275,265.77277,261.27277,257.97275,262.07275,257.07275,257.27277,257.47275,252.77275
271.67276,271.27277,271.37274,271.17276,271.27277,269.67276,267.47275,265.27277,262.47275,261.87274,260.57275,263.37274,258.37274,256.07275,254.87276,254.37276,256.67276,256.67276,256.37274,255.77275,253.27275,257.47275,260.97275,262.57275,262.27277,260.77277,259.67276,258.07275,258.87274,263.57275,264.07275,264.17276,263.67276,264.47275,264.17276,258.57275,260.07275,258.17276,258.17276,260.37274,259.27277
271.77277,271.17276,271.17276,271.07275,270.07275,267.57275,264.57275,262.87274,261.17276,263.77277,263.17276,264.67276,256.67276,256.57275,255.97275,253.57275,253.97275,257.77277,256.57275,255.77275,255.97275,252.57275,255.17276,257.57275,258.57275,261.57275,260.87274,259.37274,260.67276,261.37274,262.57275,263.37274,263.57275,262.17276,263.47275,262.17276,263.67276,260.67276,261.97275,262.27277,263.57275
271.17276,270.87274,270.97275,270.67276,269.27277,268.07275,264.17276,259.97275,265.27277,264.07275,265.67276,264.97275,256.77277,257.27277,256.37274,255.27275,253.57275,254.87276,257.17276,259.77277,261.47275,260.47275,259.77277,258.27277,255.67276,256.67276,256.57275,257.87274,256.97275,257.97275,259.77277,259.47275,259.87274,259.57275,260.17276,261.37274,264.87274,265.77277,265.77277,263.57275,263.37274
271.47275,271.57275,271.17276,269.77277,266.57275,264.67276,262.47275,267.47275,268.27277,266.07275,267.17276,262.87274,256.67276,255.77275,257.97275,256.37274,253.97275,253.97275,253.67276,255.27275,258.57275,260.07275,259.17276,259.87274,257.47275,259.17276,258.97275,257.47275,256.37274,255.47275,255.77275,255.67276,257.07275,258.37274,256.97275,259.07275,258.57275,258.07275,261.27277,262.07275,263.47275
271.97275,271.67276,270.97275,269.17276,266.87274,266.27277,267.47275,264.17276,268.17276,268.27277,267.57275,267.57275,261.17276,262.07275,257.97275,258.57275,258.77277,255.57275,252.27275,251.97275,255.67276,257.17276,257.87274,259.77277,254.57275,257.07275,254.97275,254.27275,253.27275,253.47275,254.07275,254.17276,254.37276,255.77275,257.57275,256.77277,257.17276,256.57275,256.47275,259.77277,265.97275
