wind.json
{"header": {"discipline":0,"disciplineName":"Meteorological products","gribEdition":2,"gribLength":1125,"center":7,"centerName":"US National Weather Service - NCEP(WMC)","subcenter":0,"refTime":"2023-06-29T18:00:00.000Z","significanceOfRT":1,"significanceOfRTName":"Start of forecast","productStatus":0,"productStatusName":"Operational products","productType":1,"productTypeName":"Forecast products","productDefinitionTemplate":0,"productDefinitionTemplateName":"Analysis/forecast at horizontal level/layer at a point in time","parameterCategory":2,"parameterCategoryName":"UnknownDiscipline_0_Category_2","parameterNumber":2,"parameterNumberName":"UnknownParameter_D0_C2_2","parameterUnit":"Unknown","genProcessType":2,"genProcessTypeName":"Forecast","forecastTime":240,"surface1Type":103,"surface1TypeName":"Specified height level above ground","surface1Value":10.0,"surface2Type":255,"surface2TypeName":"Missing","surface2Value":0.0,"gridDefinitionTemplate":0,"gridDefinitionTemplateName":"Latitude_Longitude","numberPoints":688,"shape":6,"shapeName":"Earth spherical with radius of 6,371,229.0 m","gridUnits":"degrees","resolution":48,"winds":"true","scanMode":64,"nx":43,"ny":16,"basicAngle":0,"lo1":45.0,"la1":40.0,"lo2":87.0,"la2":55.0,"dx":1.0,"dy":1.0}, "data":
[rows 0 to 15 of 16, columns 0 to 42 of 43]
-4.9410424,0.04895752,0.8689575,-4.7310424,-3.7710426,-4.5310426,-3.0710425,-0.48104247,-0.3410425,-4.2910423,-3.8910425,-3.8010426,-1.0810425,0.77895755,0.9289575,0.30895752,-0.3410425,-0.4910425,0.7989575,-0.09104248,-2.1810424,0.5189575,-1.7910424,0.9489575,-1.1710424,-0.7510425,-0.32104248,-0.58104247,-0.01104248,-0.6010425,-1.1410425,0.7489575,1.4989575,2.4489574,-3.0310426,-4.4310427,-3.4410424,-3.1810424,-1.7310425,0.2889575,0.08895752,-0.38104248,-1.3910425
0.4989575,2.4689574,-3.2410424,-1.1910424,2.3089576,1.4789575,-2.8410425,-2.2810426,0.08895752,-2.6810424,-4.7610426,-3.8210425,-3.0410426,-5.5810423,-4.2910423,-3.0910425,-5.4510427,-1.7010425,-4.1410427,-2.2610426,-0.39104247,-1.8910425,-0.8710425,-1.7010425,-2.4010425,-2.4410424,0.8889575,-0.90104246,-3.0010424,-0.41104248,0.90895754,0.8889575,0.71895754,0.21895751,1.7489575,1.7289575,1.3989575,-1.4210424,1.1389575,0.38895753,0.6289575,0.5489575,-0.38104248
-0.22104248,-1.9310424,2.1989574,1.7089576,-0.5010425,-0.0010424805,-1.9910425,-0.72104245,1.7689575,-0.90104246,-2.0110426,-1.3610425,-3.7610426,-4.2810426,-2.6910424,-0.7010425,-0.8910425,-0.2510425,-0.66104245,-0.4910425,0.7689575,-0.8610425,-0.7010425,-2.5610425,-2.6210425,-3.5410426,-1.0310425,0.04895752,-0.4310425,-0.9410425,-4.7810426,-1.4410424,-0.13104248,-0.051042482,0.4689575,-2.6210425,0.97895753,-0.15104248,0.3789575,0.71895754,-0.32104248,-0.4010425,-0.33104247
-0.08104248,0.59895754,-0.11104248,-2.6610425,-0.4910425,-2.0610425,-1.4310424,1.3189576,4.6289577,0.27895752,-2.0710425,-3.3810425,-2.8010426,-3.3010426,-1.0910425,0.8789575,2.7889576,2.6289575,4.5789576,-1.2310425,-2.0010424,-3.2810426,-4.2710423,-3.9910424,-3.7110424,-2.7110424,-1.0910425,-1.9310424,-3.2810426,-2.3210425,-1.8210425,-0.7510425,-0.78104246,2.3289576,-0.051042482,0.15895753,0.71895754,-0.65104246,0.8589575,0.36895752,2.1189575,2.0689576,0.4389575
-3.0110426,-3.3910425,-2.5610425,-0.66104245,-1.4910425,2.8189576,2.4189575,3.0989575,5.5489573,-1.3910425,-0.5710425,-3.7210424,-1.9910425,-1.3510425,2.7089574,2.0089576,-0.83104247,-3.1110425,-3.6910424,-2.2310424,-1.9610425,-2.1610425,-0.4910425,-0.8710425,-0.3710425,-3.3810425,-2.7510424,-1.8610425,-1.8710425,0.19895752,-1.5210425,1.1689575,0.65895754,0.6489575,1.7489575,1.4789575,-3.6210425,-2.9110425,-1.7110425,1.2989575,2.2289574,1.5089575,6.0689573
-3.1410425,-3.5010424,-2.4510424,-0.97104245,-0.7510425,0.14895752,-1.9510425,-2.0810425,0.7089575,-2.8310425,-2.7510424,-3.5910425,-0.5510425,-1.6910424,0.22895752,-0.35104248,0.02895752,-0.5710425,-3.4510424,-2.7910426,-1.2410425,-1.8210425,-2.4710424,-0.8910425,-6.1210423,-0.84104246,-1.9810425,-3.8510425,-3.5310426,1.2489575,0.7989575,3.4889574,2.2389574,-2.5410426,-3.0510426,-0.17104249,4.2189574,0.8789575,2.1589575,7.7889576,6.8789577,6.0189576,8.6189575
-5.8010426,1.7489575,-1.1510425,-1.0810425,3.0189576,1.8089576,1.4589576,1.3089576,1.5589576,1.7289575,-3.7610426,-1.7410425,-0.14104249,0.6989575,2.2089574,3.2189574,-0.10104248,-3.2710426,-3.2210424,-3.3810425,-2.6410425,-1.8810425,-1.8510425,-7.4910426,-1.6010425,-2.1910424,-0.9410425,1.5989575,0.84895754,-1.2110425,-3.0510426,-1.6810424,-1.4310424,1.5489575,-3.0710425,-2.4210424,-0.11104248,1.4489576,1.7989575,3.0189576,3.3389575,3.0389576,-6.3710423
-2.3910425,-3.4210424,-3.5110426,-0.16104248,4.4989576,6.4889574,4.0889573,3.8989575,-0.32104248,-4.0610423,-3.2410424,-1.2410425,-2.1610425,-4.3710423,-2.2110424,-5.0110426,-3.5710425,-2.8410425,-2.1310425,-4.1510425,-3.5710425,-3.3110425,-2.9210424,-4.3910427,-4.3610425,0.30895752,2.6989574,-2.8810425,-1.6010425,-0.6410425,-0.021042481,-2.0610425,-5.9210424,-4.7310424,-2.7410424,-3.2310424,-2.4410424,-2.1610425,-0.5110425,3.5189576,-0.83104247,1.7189575,8.578958
-0.5710425,-0.7310425,-4.7710423,-1.5110425,2.4989576,-3.1810424,-1.4510425,-2.0910425,-3.2510424,-3.9510424,-2.9810424,-2.7310424,-2.9610424,-4.1210423,-3.9310424,-4.2810426,-2.1310425,-1.6510425,-2.3910425,-3.0110426,-3.3010426,-1.6910424,-3.3210425,-4.0610423,-6.1910424,-7.5810423,-6.5610423,-1.7510425,-4.6810427,-3.4410424,-2.0610425,-3.8810425,-3.3510425,-3.6510425,-3.5010424,-0.44104248,-2.0910425,2.8689575,2.8489575,5.7889576,5.0389576,7.4189577,1.9089575
-3.8510425,-1.3010424,-4.1010423,7.3489575,6.2989573,0.14895752,-1.9510425,-0.5010425,-1.0610424,-1.5710425,-3.1810424,-1.9410424,-3.1710424,-3.6210425,-3.1610425,-3.0110426,-0.6810425,-1.4410424,-2.3010426,-3.2310424,-3.4910424,-2.6610425,-3.6510425,-3.6510425,-6.5910425,-7.3310423,-6.8310423,-6.9110427,-5.2010427,-5.9710426,-4.9510427,-4.0510426,-4.2110424,-1.9910425,1.0089575,-1.8610425,-1.2810425,1.6289575,2.1889575,-0.6310425,-1.0010425,1.1989576,-0.91104245
2.8989575,1.1089575,3.9589574,8.298958,2.7289574,-1.5810425,-3.1010425,4.0789576,-1.6210425,-1.0410424,-1.1510425,-2.7310424,-2.2010424,-3.1010425,-1.4910425,-3.0810425,-2.0910425,-1.7810425,-3.6810424,-4.5610423,-3.9310424,-3.6910424,-4.8710423,-5.6710424,-4.9410424,-4.8410425,-4.6710424,-3.8810425,-3.6810424,-2.7910426,-3.0310426,-2.5410426,-0.96104246,-0.07104248,0.14895752,0.30895752,-0.4610425,1.6689575,-0.8610425,0.8889575,-2.3510425,0.008957519,0.26895753
-0.41104248,1.2289575,0.8289575,-1.1310425,4.3389573,4.6689577,0.8589575,7.3289576,4.0389576,-1.3010424,-2.0710425,-2.7710426,-1.3710425,0.02895752,-0.33104247,-1.4510425,-1.6210425,-2.8510425,-3.3310425,-3.0610425,-3.5810425,-3.6510425,-3.8410425,-3.7310424,-3.2710426,-3.0110426,-2.0710425,-2.4510424,-1.4510425,-1.8910425,0.3189575,0.77895755,0.44895753,1.6589575,1.4889575,0.97895753,0.52895755,-0.21104248,-1.0610424,0.72895753,-0.04104248,1.3989575,-0.33104247
-0.33104247,1.6289575,1.3189576,-0.09104248,-1.5910425,1.0189575,1.1889576,1.0189575,0.8189575,1.1789575,1.2489575,-0.18104248,-1.4210424,-0.3410425,0.36895752,-0.8910425,-0.6310425,-0.58104247,-1.6410425,-2.0910425,-1.6310425,-2.1810424,-3.3110425,-2.5010424,-3.0310426,-3.7110424,-3.8010426,-3.3810425,-3.1310425,-1.6710424,-1.0210425,-0.8810425,-0.59104246,-0.18104248,-0.03104248,-0.4910425,0.8789575,1.6789575,2.2389574,0.8089575,0.8089575,-0.44104248,0.42895752
0.42895752,0.6789575,0.8789575,-0.27104247,0.83895755,1.7389575,2.3089576,2.6889575,2.6189575,1.2689575,0.8889575,1.0189575,-1.2310425,0.24895751,-0.14104249,1.4389576,1.3789575,0.15895753,0.7089575,-0.6910425,-2.5110426,-3.4210424,-3.4010425,-3.5710425,-2.1710424,-2.5910425,-3.3610425,-3.0510426,-4.2410426,-3.8010426,-3.0010424,-1.7910424,-1.3810425,-0.5410425,-0.6410425,-0.4610425,-0.06104248,-0.26104248,-0.66104245,1.4189575,-0.4010425,1.2189575,0.36895752
1.0589576,1.2389575,1.7189575,-0.01104248,-0.35104248,0.9289575,2.0289576,2.1189575,-0.8110425,-2.3210425,-0.12104248,0.06895752,-0.84104246,-1.2810425,1.3889575,-0.59104246,-1.7410425,-1.4810425,-0.04104248,2.8589575,-2.9210424,-3.2810426,-2.1310425,-3.1510425,-3.9610424,-3.2510424,-3.4310424,-3.6210425,-3.0410426,-2.4410424,-1.5210425,-0.9910425,0.008957519,0.9989575,1.5689576,0.9289575,1.5489575,1.1489575,1.8289576,-0.4610425,-0.38104248,1.6389575,0.06895752
3.0889575,-0.77104247,-1.2810425,1.0289575,0.71895754,0.65895754,0.02895752,-0.15104248,-0.4010425,-1.0410424,0.33895752,-1.1810424,-1.7010425,-0.3410425,0.6489575,-1.7410425,-4.1110425,-2.5910425,-2.3910425,-1.9710425,-4.6910424,-4.2010427,-3.4710424,-3.2310424,-3.0710425,-2.4310424,-2.4210424,-2.9710424,-1.5610424,-1.4410424,-0.52104247,0.20895752,0.72895753,0.17895752,0.6489575,1.2089576,0.91895753,1.7289575,0.90895754,1.3789575,1.4489576,1.7889575,0.9289575
