wind_kz.json
{"header": {"discipline":0,"disciplineName":"Meteorological products","gribEdition":2,"gribLength":1025,"center":7,"centerName":"US National Weather Service - NCEP(WMC)","subcenter":0,"refTime":"2023-09-27T06:00:00.000Z","significanceOfRT":1,"significanceOfRTName":"Start of forecast","productStatus":0,"productStatusName":"Operational products","productType":1,"productTypeName":"Forecast products","productDefinitionTemplate":0,"productDefinitionTemplateName":"Analysis/forecast at horizontal level/layer at a point in time","parameterCategory":2,"parameterCategoryName":"UnknownDiscipline_0_Category_2","parameterNumber":2,"parameterNumberName":"UnknownParameter_D0_C2_2","parameterUnit":"Unknown","genProcessType":2,"genProcessTypeName":"Forecast","forecastTime":60,"surface1Type":103,"surface1TypeName":"Specified height level above ground","surface1Value":10.0,"surface2Type":255,"surface2TypeName":"Missing","surface2Value":0.0,"gridDefinitionTemplate":0,"gridDefinitionTemplateName":"Latitude_Longitude","numberPoints":615,"shape":6,"shapeName":"Earth spherical with radius of 6,371,229.0 m","gridUnits":"degrees","resolution":48,"winds":"true","scanMode":64,"nx":41,"ny":15,"basicAngle":0,"lo1":47.0,"la1":41.0,"lo2":87.0,"la2":55.0,"dx":1.0,"dy":1.0}, "data":
[rows 0 to 14 of 15, columns 0 to 40 of 41]
-2.8567352,-0.7467352,0.6432648,-3.726735,-3.8367352,-2.1267352,-4.826735,-4.266735,-5.166735,-2.6767352,-0.6367352,0.30326477,0.85326475,2.2932649,1.1632648,-0.83673525,0.6232648,-0.6867352,-2.4267352,-2.226735,-2.2367353,-2.0067353,0.023264771,0.22326477,0.06326477,-1.5267352,-1.1067352,1.5232648,0.5632648,0.46326476,-0.49673522,1.9032648,1.0232648,-0.40673524,-2.5467353,-2.2767353,-1.6167352,-1.2667352,-1.9767352,-1.8467352,-1.0667353
0.13326477,0.53326476,-4.166735,-4.476735,-3.5567353,-3.3067353,-3.2767353,-3.1867352,-1.2567352,-0.19673523,1.8532648,-2.5267353,-1.6167352,-0.25673524,-0.95673525,-0.23673522,2.0132647,-2.6167352,-1.8567352,-1.5867352,-3.1367352,-1.9867352,-1.6167352,-1.3367352,1.8332648,-0.39673522,0.03326477,1.8432648,-0.6867352,-0.03673523,0.34326476,0.43326476,-1.2967353,-1.7067353,0.45326477,0.34326476,0.54326475,-0.26673523,-0.51673526,1.2432648,-3.0467353
-1.9167352,-5.9467354,-5.106735,-3.726735,-0.78673524,-4.0067353,-2.4967353,-0.77673525,-1.6767353,-0.39673522,-1.7667352,-2.6767352,-1.2267352,-0.45673522,2.2032647,1.6632648,-2.3067353,-3.2967353,-3.8567352,-2.3267353,-1.6367352,-0.5067352,-1.2267352,-0.40673524,1.6032648,1.9032648,-0.30673522,1.4132648,0.60326475,-0.91673523,-0.95673525,1.2932647,0.7032648,0.58326477,-0.9367352,-1.1167352,-0.15673523,-0.07673523,2.1332648,1.0332648,1.6332648
-4.266735,-6.556735,-6.356735,-5.1167355,-3.4967353,-2.7867353,0.11326477,-1.7267352,-0.82673526,1.0632647,-2.4167352,-3.0967352,-1.8667352,-1.6067352,-1.3167353,-4.456735,-3.3367352,-3.0367353,-2.3067353,-0.52673525,1.2532648,0.78326476,4.173265,3.6332648,3.6432648,2.773265,2.8332648,3.3032649,2.4832647,1.7232648,1.4832648,0.21326476,0.8732648,0.27326477,-0.82673526,-1.4367353,-1.5167352,2.1932647,-0.40673524,-0.27673522,1.2332648
-3.3467352,-4.8667355,-4.7367353,-3.8867352,-2.5267353,-0.7567352,0.22326477,1.7432648,0.26326478,1.7632648,-0.9267352,-1.3867352,-1.3667352,-0.8667352,-0.52673525,-1.2167352,-2.0267353,-2.3467352,-0.49673522,1.3932648,3.1432648,3.8532648,3.3832648,3.9232647,3.6532648,4.123265,3.5032647,3.9932647,3.5832648,2.6132648,4.1332645,-0.13673523,-1.2567352,1.2632648,0.6432648,1.0532647,1.3132647,-0.27673522,-0.28673524,-0.72673523,-0.48673522
-1.0967352,-0.45673522,0.5032648,1.5232648,1.8332648,2.6932647,2.6232648,2.6832647,0.6132648,2.5432649,1.1332648,0.66326475,2.2132647,3.3732648,2.3332648,1.5232648,-0.21673523,0.9432648,0.23326477,2.3432648,2.5732648,0.71326476,-0.7367352,-0.05673523,1.1332648,2.3532648,5.3832645,5.2632647,4.603265,5.6332645,-0.13673523,-3.0367353,-2.6667352,-0.58673525,-0.24673523,-3.0667353,0.39326477,-0.9267352,0.013264771,-2.6667352,-1.6367352
0.07326477,1.2932647,1.0932648,1.0832648,3.6732647,2.4532647,1.3932648,2.0532649,1.5632647,2.0932648,1.9632648,1.8832648,1.2432648,1.4732648,2.8832648,3.2632647,2.8532648,-1.6467352,0.43326476,1.9332647,1.6832647,-1.1267352,-0.06673523,-0.16673523,2.0532649,3.4732647,3.5732648,2.6732647,2.0932648,1.2132648,-2.7767353,-0.8567352,0.72326475,-2.9567351,-4.0667353,-2.7967353,-1.1167352,2.1432648,-0.47673523,1.4032648,0.49326476
-0.8167352,-0.65673524,-0.23673522,1.7732648,2.0132647,2.2532647,2.0932648,2.1932647,2.6832647,2.0532649,2.2532647,2.0132647,2.2632647,3.0532649,0.90326476,2.8932648,-1.2467352,-0.6267352,0.8032648,0.18326478,1.7532648,1.4932648,-1.2667352,-0.77673525,-0.5067352,1.0732647,-0.12673523,1.3532648,-0.09673523,0.26326478,0.48326477,0.31326476,-2.7067351,-0.8867352,-1.9167352,-1.8267353,-2.1567352,-5.5067353,-3.5867352,-2.9367352,-2.1767352
-0.0067352294,1.1932647,2.1832647,2.3132648,2.5532649,3.023265,3.0632648,2.9832647,3.0432649,3.2432647,3.0532649,2.5932648,3.3732648,2.6632648,3.3932648,1.2932647,0.77326477,1.2132648,2.1332648,0.7632648,0.5732648,-0.31673524,-1.6067352,-0.7967352,-1.4067352,0.34326476,-0.21673523,-1.7867352,-0.51673526,-2.6167352,-4.3367352,-2.9167352,-2.3367352,-2.0267353,-1.8567352,-2.4567351,-1.4867352,-2.226735,-0.9367352,0.31326476,-1.9567353
2.9732647,2.9332647,2.7232647,2.9132648,3.273265,3.3132648,3.5332649,3.7332647,3.9332647,3.6332648,3.4932647,3.0632648,3.4832647,2.4732647,2.7332647,2.6332648,1.8732648,1.9532647,2.523265,1.5132648,1.4332647,1.9232647,0.84326476,-0.21673523,0.85326475,0.10326477,-0.83673525,-1.5767353,-2.7567353,-1.2267352,-1.4367353,-2.6467352,2.2032647,2.8132648,0.40326476,-1.3467352,-2.1167352,-1.2167352,-1.5467353,0.58326477,-0.90673524
1.5732647,2.0832648,1.9932648,2.0732648,2.2832649,2.4932647,1.2732648,1.5232648,1.7532648,2.6032648,3.3432648,2.4632647,0.33326477,3.8832648,3.2432647,2.773265,2.8432648,3.2432647,1.8532648,0.07326477,2.3332648,-0.33673522,0.8632648,0.28326476,-0.9967352,1.1232648,0.52326477,-1.0967352,-2.6567352,-2.3967352,-2.3767352,-2.5967352,-2.3267353,-1.7167352,-2.3867352,-1.6667352,-1.1867353,0.34326476,-0.30673522,0.9432648,-0.086735226
1.0732647,0.5632648,0.6132648,-0.43673524,1.3632648,2.3332648,2.273265,1.3032647,1.8232647,1.0032648,0.84326476,2.8932648,2.4832647,2.1532648,1.9132648,3.5032647,2.8132648,2.9132648,1.8432648,-1.5167352,-1.4667352,2.2232647,2.0432649,1.7732648,1.8032647,0.6232648,0.5632648,0.04326477,0.52326477,-1.0567353,-0.04673523,-0.41673523,-0.46673524,-0.05673523,-0.10673523,-0.24673523,-0.15673523,-0.086735226,-0.5067352,-0.70673525,-0.76673526
0.6232648,0.6232648,0.54326475,1.4132648,1.6332648,1.3632648,1.9332647,2.6732647,1.5332648,1.4432647,0.15326478,1.6832647,1.9732648,2.2232647,2.8132648,0.20326477,0.41326478,0.77326477,-0.44673523,-2.0567353,-0.72673523,2.4432647,2.7832649,1.2632648,2.3932648,1.9032648,-1.0067352,-1.5667353,0.90326476,1.7632648,2.2332647,1.9032648,1.9932648,1.8532648,1.1332648,0.5732648,0.37326476,-0.36673522,0.42326477,-0.18673523,-0.21673523
0.9532648,0.67326474,2.1432648,2.1832647,3.1532648,1.7432648,1.6432648,1.5032648,1.5532647,1.6732647,0.30326477,0.71326476,1.6932647,0.65326476,1.2132648,1.4232647,1.5632647,0.31326476,0.43326476,1.3032647,1.1232648,1.3332648,2.0932648,1.5932648,1.5932648,2.9632647,0.84326476,2.0532649,2.2332647,2.4232647,2.4232647,1.7132648,1.7632648,1.8232647,1.1832647,1.5232648,0.6132648,0.7032648,0.04326477,1.0332648,1.7932647
0.98326474,2.5432649,2.5832648,1.3032647,2.1632648,1.7432648,2.1432648,1.9532647,1.6132648,1.1632648,-0.38673523,0.83326477,1.5432647,1.2132648,1.9732648,1.4332647,1.5332648,1.6832647,1.1032648,1.2532648,2.2632647,2.0632648,2.1132648,2.3132648,2.4132648,2.2932649,1.6132648,1.8932648,2.2932649,2.4432647,2.9032648,2.1732647,1.8332648,1.5732647,1.4832648,1.6432648,0.36326477,1.1432648,1.5832648,2.0832648,0.14326477
