wind_kz.json
{"header": {"discipline":0,"disciplineName":"Meteorological products","gribEdition":2,"gribLength":1025,"center":7,"centerName":"US National Weather Service - NCEP(WMC)","subcenter":0,"refTime":"2024-04-08T00:00:00.000Z","significanceOfRT":1,"significanceOfRTName":"Start of forecast","productStatus":0,"productStatusName":"Operational products","productType":1,"productTypeName":"Forecast products","productDefinitionTemplate":0,"productDefinitionTemplateName":"Analysis/forecast at horizontal level/layer at a point in time","parameterCategory":2,"parameterCategoryName":"UnknownDiscipline_0_Category_2","parameterNumber":3,"parameterNumberName":"UnknownParameter_D0_C2_3","parameterUnit":"Unknown","genProcessType":2,"genProcessTypeName":"Forecast","forecastTime":120,"surface1Type":103,"surface1TypeName":"Specified height level above ground","surface1Value":10.0,"surface2Type":255,"surface2TypeName":"Missing","surface2Value":0.0,"gridDefinitionTemplate":0,"gridDefinitionTemplateName":"Latitude_Longitude","numberPoints":615,"shape":6,"shapeName":"Earth spherical with radius of 6,371,229.0 m","gridUnits":"degrees","resolution":48,"winds":"true","scanMode":64,"nx":41,"ny":15,"basicAngle":0,"lo1":47.0,"la1":41.0,"lo2":87.0,"la2":55.0,"dx":1.0,"dy":1.0}, "data":
[rows 0 to 14 of 15, columns 0 to 40 of 41]
0.5497827,-2.0402174,1.9297827,0.81978273,-2.6602173,-3.0202172,0.8897827,1.4797827,-0.15021728,-1.4802173,-3.3702173,-3.4502172,-4.2002172,-3.7402172,-4.070217,-3.8802173,-3.9302173,-3.6602173,-1.2202172,-0.94021726,-1.8102173,-1.8202173,-0.4602173,0.4097827,-1.4502172,0.2897827,-0.87021726,1.0797827,-0.6502173,2.5097828,0.8597827,-0.6602173,-0.18021728,-1.7902173,-1.8102173,-1.9502172,-1.8202173,-2.3002174,1.2197827,-5.650217,2.8197827
3.9597826,1.7397827,2.6797826,-0.21021728,-2.3002174,-3.3402174,-1.3102173,1.2997828,1.0497828,-1.9502172,-2.5202172,-2.7202172,-3.3502173,-3.9402173,-5.0002174,-3.7202172,-3.4502172,-3.4602172,-5.800217,-0.8602173,-1.0202173,-2.4802172,-0.19021729,1.0097827,-0.9102173,-0.33021727,-2.8002174,1.0797827,-0.08021729,0.9097827,4.2697825,4.909783,0.36978272,-0.16021729,-4.530217,-1.9002173,-2.2202172,-3.9102173,-1.6502173,-3.2402172,-0.75021726
0.3497827,3.1497827,2.6997826,-1.1002173,-3.7902174,-1.8402172,0.9497827,0.9597827,2.4397826,-0.14021729,-3.2102172,-3.2002172,-3.6302173,-4.2902174,-4.5802174,-4.590217,-4.3502173,-4.1802173,-4.2102175,-3.3702173,-0.56021726,-1.6302173,-3.1202173,0.36978272,0.3497827,-0.5102173,-0.7802173,-0.94021726,1.0597827,1.9397827,2.2397828,0.049782716,0.35978273,-0.2502173,-0.68021727,2.4297826,5.679783,0.6097827,-0.10021728,-1.3102173,0.7297827
2.3097827,3.0697827,2.0497828,-0.10021728,-1.7002172,-0.9602173,-1.6302173,2.4697828,1.7497827,2.7197828,0.42978272,-2.3402174,-3.8702173,-4.6002173,-3.7202172,-4.010217,-4.380217,-4.050217,-4.510217,-4.8102174,-0.69021726,-1.5402173,0.8297827,-1.8902173,-1.5002173,-1.6902173,-2.7202172,-2.7002172,1.5197827,-0.68021727,-1.8802173,0.8497827,-0.010217285,-0.93021727,-0.94021726,-2.9902172,-1.1502173,3.5397828,2.1197827,0.48978272,-0.9102173
3.0597827,3.1997826,2.2897828,0.9197827,0.4997827,-0.6502173,-1.2602173,-0.5102173,0.26978272,2.1397827,1.7897828,1.4697827,-0.38021728,-3.3002174,-4.6902175,-3.6302173,-4.0202174,-4.2902174,-4.0002174,-2.4402173,-0.9702173,-0.10021728,0.6397827,-0.33021727,-0.9502173,-1.3902173,-1.5502173,-2.2002172,-1.9802173,-2.9902172,-3.1402173,1.2897828,2.2497828,1.8597827,0.119782716,0.14978272,-0.16021729,-4.8702173,-2.5602174,-0.7802173,-1.8202173
3.1197827,2.3797827,3.0597827,2.3297827,1.6397827,1.6597828,0.6997827,0.089782715,0.5397827,1.0097827,1.6197827,1.7097827,-0.62021726,0.19978271,-0.6402173,-2.2502172,-4.030217,-4.530217,-5.490217,-3.1902173,-0.11021729,0.55978274,0.8697827,0.6697827,-0.13021728,-0.45021728,-1.3402172,-2.8302174,-2.2402172,-3.9002173,-4.0602174,-3.6402173,-0.94021726,-2.1902173,0.9897827,2.9197826,3.3997827,4.9997826,1.9497827,1.6797827,-0.6102173
3.6997826,3.1197827,3.0697827,2.9197826,2.8097827,2.7297828,2.8697827,2.5897827,1.8097827,1.1897827,2.4297826,2.0897827,1.6297827,1.4997827,2.4197826,1.1997827,-0.17021729,-0.9802173,-2.4602172,-1.4102173,0.16978271,1.1997827,2.1497827,1.8797827,1.7897828,1.3097827,0.6797827,-0.3102173,-2.1202173,-3.4602172,-3.7802172,-3.9402173,-3.8402174,-2.7602172,-0.9002173,-0.5502173,-3.4802172,-0.6702173,0.13978271,-0.5802173,1.2897828
0.6497827,0.93978274,1.8197827,2.2997828,2.7397828,2.7997828,3.4597826,3.3197827,3.9297826,1.4397827,2.0897827,2.9497826,1.9797827,2.5497828,3.0797827,3.6797826,3.5497828,2.2197828,1.2897828,0.3097827,0.24978271,0.8397827,2.8197827,3.6897826,3.7997828,2.2597828,2.6297827,1.4697827,-0.020217285,-1.1802173,-1.6702173,-2.4102173,-1.9302173,-2.5202172,0.039782714,1.1697828,1.0197827,0.8497827,-0.2502173,-0.11021729,-0.6702173
-1.4202173,-1.0902172,-1.6302173,-1.5202173,-1.3702173,-1.8802173,-0.090217285,2.1697826,1.9297827,2.5897827,1.3197827,2.0397828,1.8397827,2.6397827,1.7497827,3.6697826,4.5597825,4.9797826,4.3997827,3.7997828,2.8097827,1.3397827,2.5397828,3.3197827,3.9397826,3.6197827,3.3897827,2.8897827,2.7697828,1.0597827,0.9497827,1.4497827,1.0997827,3.1497827,3.5397828,4.179783,-0.030217284,-0.22021729,0.55978274,-0.8202173,-3.0602174
-0.56021726,-0.22021729,-0.010217285,-0.19021729,-0.48021728,-0.5802173,-0.8802173,-0.81021726,-0.68021727,-0.38021728,-0.19021729,0.4397827,1.1497827,0.6097827,1.0997827,1.5997827,3.6397827,5.4397826,6.0397825,6.0197825,5.6297827,4.6497827,3.8997827,3.7097826,3.7697828,4.1497827,4.619783,4.2297826,3.5597827,3.7097826,3.2397828,4.989783,5.369783,5.3997827,3.7297828,1.5497828,1.2797828,-2.4502172,-0.62021726,2.6297827,4.3597827
-1.0602173,-0.87021726,-0.5202173,-0.7602173,-0.33021727,0.18978271,-0.040217284,0.62978274,0.3797827,0.16978271,-0.020217285,0.18978271,-0.23021728,0.38978273,-0.020217285,0.38978273,1.8997827,3.3397827,4.9997826,5.739783,6.239783,5.179783,5.719783,5.5697827,4.5697827,4.889783,4.2897825,4.6697826,5.179783,3.1197827,4.869783,4.4997826,6.6697826,6.739783,6.3397827,2.9097826,1.8197827,3.1297827,2.2397828,2.1097827,0.45978272
-0.9202173,-1.2102172,-0.62021726,-0.4102173,-0.2502173,0.21978271,0.3797827,0.4997827,-0.040217284,0.5797827,0.5997827,-0.2502173,0.56978273,0.6197827,-0.040217284,0.6797827,0.22978272,1.0697827,3.6497827,5.179783,4.9197826,4.6897826,4.5197825,4.7497826,4.989783,5.3597827,6.409783,5.969783,6.3397827,5.489783,5.2997828,6.9797826,6.489783,7.5797825,5.9997826,4.8997827,2.5397828,2.4197826,2.1497827,1.4897827,0.7897827
-0.30021727,-0.060217284,0.2897827,-0.14021729,-0.6302173,0.20978272,0.7997827,0.6697827,-0.23021728,0.5397827,0.119782716,-0.4002173,-1.0902172,0.09978271,0.089782715,-0.23021728,-0.48021728,0.019782715,1.0297828,3.2097826,4.429783,4.9597826,4.6497827,5.0697827,4.7097826,4.639783,5.009783,5.349783,5.8797827,5.4197826,6.6097827,8.229783,8.479783,8.5797825,7.7997828,6.9997826,5.3297825,2.8497827,4.0497828,2.8597827,1.5397828
0.4797827,-0.050217286,-0.6002173,0.29978272,-0.38021728,-0.50021726,-2.1728515E-4,0.17978272,0.55978274,1.0297828,0.2597827,-0.5102173,-0.9002173,0.45978272,-1.1002173,-0.29021728,1.1797827,0.3797827,0.8497827,2.4297826,2.6097827,3.0197828,3.0997827,3.4497826,3.8497827,4.179783,4.279783,5.509783,5.7997828,6.429783,6.4797826,7.259783,8.819782,8.989782,7.0797825,7.279783,6.099783,5.8297825,5.279783,4.029783,3.8097827
0.24978271,0.56978273,0.6697827,0.7797827,0.9597827,1.0397828,0.9597827,0.8297827,0.8597827,0.9897827,0.8897827,0.4397827,-0.48021728,-0.4702173,0.39978272,-1.4902173,-1.7802173,1.0397828,0.9497827,1.3297827,2.2797828,3.0397828,3.4097826,2.9297826,3.2897828,3.7197828,4.199783,5.2697825,5.8397827,5.929783,6.619783,8.409782,7.8797827,8.449782,8.739782,8.789783,8.199782,8.559783,6.9397826,6.9397826,4.139783
