wind_kz.json
{"header": {"discipline":0,"disciplineName":"Meteorological products","gribEdition":2,"gribLength":1025,"center":7,"centerName":"US National Weather Service - NCEP(WMC)","subcenter":0,"refTime":"2024-04-09T06:00:00.000Z","significanceOfRT":1,"significanceOfRTName":"Start of forecast","productStatus":0,"productStatusName":"Operational products","productType":1,"productTypeName":"Forecast products","productDefinitionTemplate":0,"productDefinitionTemplateName":"Analysis/forecast at horizontal level/layer at a point in time","parameterCategory":2,"parameterCategoryName":"UnknownDiscipline_0_Category_2","parameterNumber":3,"parameterNumberName":"UnknownParameter_D0_C2_3","parameterUnit":"Unknown","genProcessType":2,"genProcessTypeName":"Forecast","forecastTime":300,"surface1Type":103,"surface1TypeName":"Specified height level above ground","surface1Value":10.0,"surface2Type":255,"surface2TypeName":"Missing","surface2Value":0.0,"gridDefinitionTemplate":0,"gridDefinitionTemplateName":"Latitude_Longitude","numberPoints":615,"shape":6,"shapeName":"Earth spherical with radius of 6,371,229.0 m","gridUnits":"degrees","resolution":48,"winds":"true","scanMode":64,"nx":41,"ny":15,"basicAngle":0,"lo1":47.0,"la1":41.0,"lo2":87.0,"la2":55.0,"dx":1.0,"dy":1.0}, "data":
[rows 0 to 14 of 15, columns 0 to 40 of 41]
4.2826843,-0.17731567,-0.7073157,-5.077316,-2.3073156,-1.6073157,0.12268433,-0.72731566,-2.0773156,-1.1073157,-2.1573157,-2.9773157,-3.6173158,-3.3573158,-2.3973157,-2.7173157,-4.3173156,-3.1973157,2.4026842,1.8026843,2.2026844,0.4526843,-1.2773156,0.06268433,-1.3373157,0.6726843,-0.42731568,1.3726844,2.3626842,1.8226843,0.71268433,-1.0573157,1.6226844,-0.24731568,3.2926843,4.1026845,3.2126844,2.1026843,0.9326843,0.8726843,1.5926843
1.7026843,1.1226844,-3.7073157,-4.0673156,-1.8973156,1.0926843,1.2626843,3.0826843,-0.07731567,1.7226844,-2.0473156,-3.1773157,-3.3073156,-4.3573155,-3.2473156,-1.2173157,-2.1973157,-3.1573157,-3.3173156,0.21268433,2.1126842,0.28268433,0.13268432,1.1326844,1.0326843,0.96268433,-1.9373157,-0.54731566,-0.19731568,0.5326843,3.0426843,3.4926844,-0.54731566,-0.33731568,-5.2073154,-1.7873157,-0.80731565,-1.9973156,-0.42731568,-1.5573157,1.5126843
-0.19731568,-6.497316,-6.4173155,-2.2473156,-1.7973157,0.38268432,1.1426843,3.1126842,0.022684326,-0.79731566,-1.5773157,-2.0273156,-3.9973156,-4.577316,-2.7373157,-1.7873157,-2.0173156,-0.55731565,-2.4673157,0.20268433,1.1026844,-1.4173157,-1.7173157,-0.47731566,0.9726843,0.042684328,0.9226843,0.5626843,-0.11731567,2.5226843,2.7526844,0.35268432,1.1026844,-0.7773157,-0.9073157,3.0226843,3.3926842,-1.5473157,0.31268433,-1.7573156,-0.7773157
0.6626843,-2.1973157,-2.7773156,-1.4373157,-2.1373158,-2.3273156,0.5626843,-0.86731565,-0.30731568,1.8026843,-1.0773157,-2.9773157,-3.5373156,-3.7573156,-4.2073154,-3.0373156,-4.057316,-3.2573156,-0.85731566,-1.3373157,0.65268433,-0.49731568,1.8626844,-1.3773156,-2.0473156,-2.7973156,-2.6373158,-0.34731567,-0.16731568,-0.55731565,-1.0673157,-0.66731566,-0.73731565,0.90268433,0.71268433,-4.5473156,-2.8573158,0.75268435,4.8026843,1.5726843,1.9026843
1.4126843,-2.4673157,-3.0673156,-3.6473157,-4.4673157,-3.9273157,-3.6173158,-0.6473157,0.9726843,1.4526843,0.14268433,-1.7673156,-3.9273157,-3.8673158,-4.3173156,-1.8773156,-2.4273157,-2.4773157,-1.6473156,-1.5873157,-1.0473157,-1.0073156,-0.8973157,-1.1773157,-1.8473157,-1.2473156,-2.8173156,-1.6573157,-2.4673157,-2.9973156,-3.4073157,-0.36731568,2.1626844,3.5426843,-0.7673157,-1.1373156,0.14268433,-1.1173156,-0.067315675,1.8126843,-0.53731567
-6.2573156,-2.3773158,-3.2073157,-4.037316,-3.6573157,-4.2773156,-3.2273157,1.0226843,-0.7173157,2.2226844,1.2826843,-1.2673156,-4.1273155,-3.7373157,-2.4373157,-2.7473156,-2.2873156,-2.1673157,-1.8273157,-0.31731567,-0.8273157,0.41268432,0.12268433,-0.09731568,-1.3773156,-1.9273157,-2.1273158,-3.4573157,-3.9973156,-3.7173157,-3.9473157,-5.1873155,-2.9273157,-1.2273157,2.2326844,0.90268433,2.6926844,1.5326843,1.6626843,1.0026844,-0.6473157
-7.617316,-7.2173157,-5.1973157,-4.7973156,-0.08731567,-1.7073157,0.7226843,-1.2173157,-1.2873157,-0.53731567,0.31268433,0.19268432,-1.3773156,-3.1573157,-2.5973158,-1.5873157,-1.8973156,-2.0573156,-2.1873157,-1.6973157,-1.5873157,-0.3273157,0.71268433,0.8726843,0.022684326,-1.5573157,-3.2373157,-3.3773158,-4.517316,-4.5473156,-5.3873158,-7.6073155,-7.1573157,-5.3373156,-2.2473156,-2.7273157,-4.7073154,-2.9973156,-0.2973157,-0.79731566,-0.84731567
-7.0873156,-6.4373155,-7.4673157,-7.727316,-6.7073154,-2.3073156,0.83268434,0.4226843,0.71268433,-0.7773157,-0.27731568,0.6626843,-0.14731568,-1.3673156,-2.3273156,-1.8873156,-2.1873157,-1.7173157,-1.6073157,-1.0673157,-2.1773157,-2.4073157,-2.3873158,-1.3773156,0.25268432,0.15268433,-0.017315675,-2.2473156,-2.7773156,-4.1773157,-5.4573154,-4.767316,-6.477316,-5.867316,-1.6473156,-0.2973157,-0.9673157,0.26268432,0.77268434,0.37268433,-1.5673157
-6.5473156,-4.8773155,-5.6473155,-6.537316,-5.9573154,0.9926843,0.28268433,-0.20731567,-0.48731568,0.41268432,0.76268435,0.30268434,0.8726843,0.96268433,0.17268433,-1.9573157,-1.8473157,-1.2473156,0.012684327,-0.18731567,-0.8373157,-2.2073157,-2.3573158,-1.8273157,-0.80731565,-0.47731566,-0.17731567,-0.48731568,-1.3573157,-2.0773156,-3.8073156,-4.1473155,-3.0573156,-3.7673156,-1.7973157,-1.2373157,-4.4173155,-1.3773156,-1.6873157,-3.1573157,-4.577316
-5.4073157,-4.8573155,-6.307316,-6.5073156,-6.977316,-0.067315675,-0.8973157,0.5626843,1.5326843,1.7526844,2.2726843,2.2226844,2.3926842,1.3926843,1.0826843,-0.5673157,-0.48731568,-1.1273156,-1.0273156,0.4826843,-0.27731568,-0.67731565,-1.5773157,-0.45731568,-0.11731567,-0.13731568,-0.25731567,-0.23731567,-0.9473157,-1.9673157,-0.66731566,-1.1573157,-3.1573157,-4.9473157,-3.4973156,-1.2873157,-0.31731567,-4.5873156,-2.5473156,0.50268435,1.0826843
-5.1073155,-4.577316,-6.3873158,-7.2373157,-6.537316,-4.9673157,-1.8773156,0.41268432,-0.16731568,-0.73731565,-0.5273157,1.3926843,2.9226844,1.4526843,-0.16731568,1.1926843,0.51268435,-0.54731566,0.27268434,0.6626843,0.9226843,-0.09731568,-1.8573157,0.52268434,0.52268434,0.64268434,0.012684327,0.35268432,-0.28731567,0.17268433,-0.9073157,-0.42731568,-1.9173157,-3.3573158,-4.6873155,-4.4273157,-1.5473157,1.4426843,-0.72731566,-0.5773157,-0.09731568
-3.8373156,-4.7773156,-4.4873157,-5.5273156,-5.2373157,-5.9873157,-4.117316,1.0626843,0.6726843,-0.027315674,-0.09731568,-0.2673157,1.7726843,3.0426843,2.3026843,1.5326843,1.3026843,1.2226844,1.3626844,1.2326844,1.9926844,-0.13731568,-0.11731567,0.43268433,1.7926843,1.5626843,1.7126843,1.9626843,1.8126843,1.3226843,0.8626843,-0.19731568,-0.34731567,-1.0973157,-1.5373157,-2.7273157,-2.1773157,-0.80731565,1.1626843,0.8726843,0.44268432
-2.3873158,-2.5473156,-4.077316,-3.9873157,-4.3873158,-3.9973156,-4.2573156,-1.6673157,2.5126843,1.3126843,0.15268433,0.90268433,1.1526843,1.7226844,2.7026844,2.6926844,1.3126843,1.6226844,1.9626843,1.2626843,0.9226843,1.7626843,1.2926843,1.7826843,3.1326842,2.8626842,1.9026843,1.3426843,0.69268435,1.1926843,2.2626843,1.6026844,1.0826843,0.89268434,1.0826843,0.44268432,1.1026844,0.46268433,0.39268434,-0.107315674,0.15268433
-2.1373158,-2.5973158,-2.9373157,-3.4773157,-4.1873155,-4.3973155,-5.5873156,-4.1073155,-1.4473157,2.2526844,1.8026843,-0.2973157,-0.027315674,2.4426844,2.7026844,3.2926843,1.9826844,2.7826843,2.8226843,1.8826844,-0.13731568,0.5626843,2.3626842,3.0026844,3.1326842,3.1626844,2.5826843,1.6826843,1.9226843,2.2426844,1.3326843,0.9726843,1.4826844,3.1526842,2.4526844,2.5026844,2.1326842,1.8726844,1.7826843,1.9326843,1.2226844
-0.61731565,-2.4673157,-3.6773157,-2.5373156,-3.1473157,-3.5973158,-4.1673155,-4.9073157,-2.6373158,-0.6473157,0.89268434,1.6826843,1.7526844,-0.5673157,2.1026843,3.1126842,2.7226844,2.4526844,3.3026843,2.6726844,0.08268432,0.94268435,2.9326844,2.2726843,1.3026843,1.0726843,2.0926843,2.6426842,2.4826844,2.1826844,2.5226843,1.6026844,0.7426843,0.6626843,2.0726843,2.8426843,3.0926843,3.0826843,2.2726843,3.5326843,1.9726844
