wind_kz.json
{"header": {"discipline":0,"disciplineName":"Meteorological products","gribEdition":2,"gribLength":948,"center":7,"centerName":"US National Weather Service - NCEP(WMC)","subcenter":0,"refTime":"2023-08-24T12:00:00.000Z","significanceOfRT":1,"significanceOfRTName":"Start of forecast","productStatus":0,"productStatusName":"Operational products","productType":1,"productTypeName":"Forecast products","productDefinitionTemplate":0,"productDefinitionTemplateName":"Analysis/forecast at horizontal level/layer at a point in time","parameterCategory":0,"parameterCategoryName":"UnknownDiscipline_0_Category_0","parameterNumber":0,"parameterNumberName":"UnknownParameter_D0_C0_0","parameterUnit":"Unknown","genProcessType":2,"genProcessTypeName":"Forecast","forecastTime":120,"surface1Type":1,"surface1TypeName":"Ground or water surface","surface1Value":0.0,"surface2Type":255,"surface2TypeName":"Missing","surface2Value":0.0,"gridDefinitionTemplate":0,"gridDefinitionTemplateName":"Latitude_Longitude","numberPoints":615,"shape":6,"shapeName":"Earth spherical with radius of 6,371,229.0 m","gridUnits":"degrees","resolution":48,"winds":"true","scanMode":64,"nx":41,"ny":15,"basicAngle":0,"lo1":47.0,"la1":41.0,"lo2":87.0,"la2":55.0,"dx":1.0,"dy":1.0}, "data":
[rows 0 to 14 of 15, columns 0 to 40 of 41]
310.2176,291.61758,296.11758,299.31757,299.2176,298.51758,308.7176,316.01758,315.81757,314.51758,308.81757,311.61758,310.51758,314.41757,314.11758,313.2176,313.61758,312.7176,313.91757,312.51758,314.61758,312.01758,311.41757,305.61758,307.41757,308.81757,302.01758,291.81757,288.91757,282.01758,281.41757,280.11758,298.81757,306.81757,308.2176,308.11758,308.81757,306.91757,306.2176,307.11758,306.51758
281.2176,290.41757,299.01758,299.2176,299.41757,298.11758,308.11758,302.41757,301.61758,301.91757,304.31757,306.7176,307.51758,310.31757,311.41757,312.2176,312.61758,312.2176,310.7176,311.01758,311.11758,310.81757,309.2176,298.31757,287.31757,285.01758,295.61758,290.31757,292.11758,278.81757,288.2176,277.01758,290.41757,263.51758,285.61758,302.61758,300.41757,304.01758,307.51758,296.61758,284.31757
292.31757,298.51758,299.2176,299.2176,297.81757,295.61758,295.11758,295.11758,299.11758,293.31757,297.91757,299.7176,297.61758,299.41757,302.11758,306.2176,310.41757,310.2176,310.31757,310.51758,310.81757,310.81757,308.7176,302.31757,308.2176,302.01758,300.91757,300.51758,300.61758,292.11758,274.01758,283.01758,292.01758,292.81757,291.91757,292.11758,284.81757,287.51758,289.01758,284.01758,282.31757
294.2176,299.2176,299.2176,298.51758,298.41757,302.61758,302.7176,303.01758,303.51758,301.11758,293.2176,290.81757,295.31757,294.61758,296.01758,299.7176,302.7176,306.61758,309.81757,308.91757,307.51758,302.91757,307.61758,308.31757,308.51758,307.41757,308.7176,304.2176,301.01758,300.91757,302.61758,299.11758,304.11758,303.91757,302.01758,296.91757,285.31757,285.11758,286.61758,297.41757,300.41757
308.51758,298.81757,299.2176,299.11758,300.41757,302.41757,304.01758,305.7176,303.31757,301.51758,301.91757,300.2176,295.11758,293.81757,291.31757,292.01758,294.51758,293.81757,300.01758,305.11758,307.31757,307.61758,307.2176,306.91757,307.31757,307.2176,306.01758,301.91757,304.7176,304.2176,307.11758,302.41757,289.7176,277.31757,291.11758,299.81757,297.61758,304.01758,306.91757,305.01758,303.61758
305.7176,303.31757,297.2176,298.51758,299.11758,298.7176,303.61758,303.01758,302.01758,301.61758,301.51758,301.2176,295.2176,294.41757,296.11758,293.61758,290.41757,290.31757,293.01758,300.41757,302.7176,306.01758,304.7176,305.2176,304.51758,304.7176,306.31757,293.51758,305.61758,306.11758,304.51758,304.91757,302.91757,300.2176,296.91757,299.81757,291.01758,291.31757,303.2176,305.01758,301.91757
304.11758,303.61758,304.61758,304.61758,301.81757,301.11758,303.11758,300.7176,300.7176,300.2176,299.41757,299.01758,298.41757,298.41757,297.01758,297.51758,296.2176,294.11758,288.51758,288.91757,297.11758,300.81757,304.7176,304.7176,303.01758,303.7176,304.01758,304.11758,304.51758,303.41757,302.41757,302.2176,303.81757,303.11758,300.61758,299.01758,293.31757,290.31757,288.2176,287.01758,299.2176
303.91757,304.01758,304.2176,303.81757,303.11758,297.01758,296.31757,295.51758,295.31757,295.2176,292.51758,292.7176,290.41757,295.2176,296.61758,297.2176,297.51758,295.11758,293.2176,288.51758,287.91757,293.51758,301.41757,302.51758,301.51758,299.61758,299.7176,299.91757,298.31757,299.81757,299.2176,300.31757,297.61758,296.2176,296.61758,298.81757,299.31757,290.2176,299.7176,298.7176,296.41757
303.2176,302.11758,303.31757,302.41757,301.51758,301.41757,293.11758,291.11758,290.31757,292.11758,286.41757,288.2176,290.11758,286.31757,289.7176,294.51758,296.61758,295.01758,293.11758,290.31757,285.51758,286.11758,291.51758,297.31757,299.81757,300.31757,298.31757,296.61758,295.7176,293.7176,295.01758,296.31757,297.91757,297.31757,297.2176,295.91757,295.01758,294.61758,286.11758,285.2176,285.01758
301.7176,301.51758,301.91757,301.51758,300.2176,298.51758,292.31757,289.91757,289.11758,286.51758,287.81757,290.81757,292.41757,289.7176,284.91757,289.61758,287.91757,290.7176,293.41757,290.61758,288.41757,284.51758,286.91757,288.51758,293.11758,297.51758,298.7176,298.31757,297.01758,297.31757,297.2176,299.31757,301.41757,300.61758,298.91757,295.91757,293.2176,288.81757,287.81757,286.81757,284.91757
298.7176,298.7176,298.61758,297.81757,297.41757,297.2176,291.91757,292.01758,287.51758,285.31757,285.7176,286.61758,287.51758,285.91757,286.51758,287.51758,290.11758,291.01758,290.91757,291.41757,289.31757,286.31757,284.61758,284.91757,286.91757,290.91757,291.01758,297.81757,299.51758,300.7176,301.2176,301.81757,300.41757,299.91757,298.41757,295.31757,289.91757,287.81757,289.31757,287.51758,286.51758
297.41757,298.31757,297.51758,296.7176,295.51758,295.2176,290.61758,288.91757,290.31757,289.11758,283.81757,283.91757,285.01758,282.91757,284.51758,289.11758,286.51758,287.7176,289.2176,289.41757,289.81757,285.61758,285.01758,283.41757,283.81757,289.31757,291.01758,295.7176,300.31757,300.61758,299.31757,300.2176,299.91757,297.91757,298.2176,295.91757,295.31757,293.01758,291.7176,291.61758,289.61758
292.61758,295.01758,295.01758,294.61758,294.2176,292.7176,289.2176,288.81757,289.51758,286.7176,281.2176,279.61758,281.31757,280.81757,282.31757,284.61758,286.2176,285.51758,288.91757,285.7176,289.2176,287.41757,285.61758,283.91757,284.61758,288.41757,291.11758,292.81757,298.01758,299.11758,299.11758,298.41757,298.51758,299.31757,298.61758,295.2176,293.31757,293.01758,290.91757,290.01758,288.81757
293.81757,293.41757,291.91757,293.01758,293.31757,289.91757,288.41757,286.41757,288.01758,284.81757,280.51758,278.7176,279.81757,280.7176,282.01758,282.51758,286.91757,288.31757,288.01758,286.61758,286.81757,289.01758,287.81757,288.51758,287.61758,287.11758,287.81757,291.91757,296.31757,297.51758,298.81757,298.11758,297.2176,295.31757,295.51758,297.01758,293.51758,291.2176,289.61758,288.01758,288.81757
290.91757,292.81757,290.7176,292.41757,292.81757,290.51758,287.51758,286.7176,287.81757,283.2176,282.11758,280.81757,279.41757,281.11758,281.91757,283.11758,284.01758,286.61758,283.51758,283.7176,286.81757,287.61758,288.61758,287.41757,289.41757,284.91757,289.31757,290.91757,292.51758,295.91757,292.91757,291.31757,297.2176,295.91757,291.61758,295.61758,293.91757,291.41757,290.61758,289.31757,288.51758
