wind_kz.json
{"header": {"discipline":0,"disciplineName":"Meteorological products","gribEdition":2,"gribLength":1025,"center":7,"centerName":"US National Weather Service - NCEP(WMC)","subcenter":0,"refTime":"2023-09-21T18:00:00.000Z","significanceOfRT":1,"significanceOfRTName":"Start of forecast","productStatus":0,"productStatusName":"Operational products","productType":1,"productTypeName":"Forecast products","productDefinitionTemplate":0,"productDefinitionTemplateName":"Analysis/forecast at horizontal level/layer at a point in time","parameterCategory":2,"parameterCategoryName":"UnknownDiscipline_0_Category_2","parameterNumber":3,"parameterNumberName":"UnknownParameter_D0_C2_3","parameterUnit":"Unknown","genProcessType":2,"genProcessTypeName":"Forecast","forecastTime":180,"surface1Type":103,"surface1TypeName":"Specified height level above ground","surface1Value":10.0,"surface2Type":255,"surface2TypeName":"Missing","surface2Value":0.0,"gridDefinitionTemplate":0,"gridDefinitionTemplateName":"Latitude_Longitude","numberPoints":615,"shape":6,"shapeName":"Earth spherical with radius of 6,371,229.0 m","gridUnits":"degrees","resolution":48,"winds":"true","scanMode":64,"nx":41,"ny":15,"basicAngle":0,"lo1":47.0,"la1":41.0,"lo2":87.0,"la2":55.0,"dx":1.0,"dy":1.0}, "data":
[rows 0 to 14 of 15, columns 0 to 40 of 41]
0.7206476,1.7306476,5.6406474,5.2506475,3.5906477,2.7906475,2.4606476,1.0906476,-0.69935244,-1.8093524,-3.1793525,-3.0393524,-4.7693524,-5.0893526,-6.4393525,-7.6393523,-7.5893526,-4.7693524,-3.8493524,-1.6093525,-1.2693524,-0.039352417,-2.9193525,2.6206477,3.0806475,4.3106475,1.2706475,-1.4693524,-0.89935243,3.6306477,2.1106477,2.5906477,-1.0993524,-0.009352417,0.8906476,0.19064759,0.3906476,0.25064757,-0.40935242,1.2706475,0.40064758
-0.23935242,-0.5393524,6.3106475,6.2506475,4.3106475,3.5106475,1.9006476,1.3606476,-0.31935242,-1.3893524,-0.8793524,-3.7093525,-5.1193523,-6.3793526,-7.4593525,-7.5393524,-7.3793526,-5.7493525,-4.0393524,-3.4093523,-0.9093524,-2.3693523,-2.1993525,0.13064758,2.2706475,1.8506476,3.0606475,-0.36935243,-1.1293525,-0.8093524,-2.9393525,0.5306476,0.6206476,1.7906476,2.3006475,2.1806476,1.4606476,1.9806476,1.9806476,2.1406476,0.19064759
3.4606476,6.4806476,6.2806478,4.8306475,3.4006476,4.8306475,3.0706475,1.3906475,1.5706476,0.07064758,-1.3693525,-2.3293524,-4.2093525,-6.4193525,-7.8993526,-8.039352,-7.2493525,-7.279352,-6.8393526,-4.8593526,1.2806476,-2.1793525,-6.8193526,-1.5793524,-0.9093524,-1.8793525,-3.1593523,-1.6593524,-1.7693524,-3.3793523,-1.8493524,-0.51935244,-1.8593525,1.0506476,0.15064758,-2.3893523,-2.7593524,0.5606476,-1.0193524,2.6106477,1.0906476
6.4206476,5.8106475,4.5806475,4.220648,3.8006475,3.6906476,3.7706475,2.8506477,2.1306477,1.1206475,-0.40935242,-2.1593523,-2.8393524,-4.3493524,-7.2693524,-7.9993525,-7.279352,-6.2893524,-6.6793523,-8.029352,-6.4793525,-3.1793525,-2.6493523,-1.7393525,-2.3193524,-3.3093524,-2.2593524,-1.8393524,-2.9193525,-4.3693523,-3.2893524,-3.8493524,1.1906476,-0.119352415,0.20064758,1.4506476,1.0806476,1.4706476,-3.3993523,-3.0593524,-3.6393523
4.5606475,2.9906476,3.5406475,2.6806476,2.4006476,2.2106476,2.4206476,3.1006477,2.4406476,1.3106476,0.9006476,-1.9293524,-1.9593524,-3.6893525,-4.989352,-6.9793525,-6.9693522,-6.0693526,-5.7893524,-5.9293523,-5.3593526,-4.5693526,-4.3793526,-1.4493524,-1.2593524,-1.0993524,-2.7193525,-2.7793524,-2.5893524,-3.5493524,-4.4193525,-3.8893523,-1.6993524,0.67064756,0.60064757,1.7606475,-1.3693525,1.6706476,0.61064756,-2.0593524,-2.7493525
3.0606475,3.0606475,1.3406476,1.8806475,2.0206475,1.5806476,1.4206476,1.2506475,1.3206476,-0.88935244,2.2006476,0.2606476,-1.4093524,-3.6593523,-4.529352,-5.6293526,-5.7193522,-5.8493524,-5.5993524,-4.8093524,-5.9393525,-5.8293524,-4.4993525,-0.5293524,-3.0793524,0.07064758,-1.1893524,-4.0993524,-1.8593525,-2.2893524,-3.4793525,-4.1293526,-4.6893525,-4.7193522,-1.3093524,-3.1093524,-2.7493525,-3.2393525,-3.5393524,1.4106476,-3.0593524
1.7506475,1.6106476,1.5206475,2.0106475,1.6906476,1.5306476,1.2706475,0.6606476,-0.4193524,1.3506476,1.8206476,0.3606476,-1.9293524,-3.8893523,-3.9293525,-4.4393525,-4.5593524,-4.7193522,-4.8193526,-4.2493525,-5.2293525,-5.7993526,-5.7493525,-3.4193525,0.6406476,-0.3293524,-1.2093524,0.090647586,-0.3593524,-0.64935243,-1.4393524,-3.5393524,-5.5793524,-7.5793524,-0.6093524,2.7606475,2.9106476,1.5306476,-0.4293524,3.5106475,-7.239352
0.80064756,1.0306476,0.9406476,0.5206476,0.8306476,0.4506476,0.020647584,0.41064757,0.41064757,1.1106476,0.9606476,0.6606476,-1.7593524,-2.7993524,-4.029352,-4.759352,-4.7493525,-3.9793525,-3.8393524,-3.6993525,-4.259352,-5.1993523,-5.2493525,-4.9293523,-3.4693525,-2.5893524,-2.4693525,0.6906476,0.8806476,-0.88935244,-2.3893523,-4.0393524,-5.279352,-7.3793526,-4.5793524,-4.1693525,-2.7693524,-1.4593524,-0.089352414,-0.37935242,-0.09935242
1.3206476,0.5606476,0.090647586,-0.119352415,-0.7393524,-0.43935242,0.54064757,1.0706476,1.3306476,0.98064756,1.1806476,0.050647583,-1.1493524,-2.3593524,-3.1293523,-3.9693525,-3.9593525,-3.8993523,-4.2093525,-3.6293523,-3.1393523,-4.1493526,-4.759352,-4.3293524,-3.8693523,-3.6493523,-3.3793523,-3.2793524,-3.3793523,-1.4993525,-3.4593525,-4.6693525,-4.989352,-5.239352,-5.4193525,-5.8793526,-0.50935245,-3.1893525,0.8406476,1.2906476,1.0806476
1.3306476,0.74064755,0.2906476,-0.04935242,-0.4493524,-0.7793524,0.24064758,1.3206476,0.7706476,1.4106476,1.0506476,-0.09935242,-0.8493524,-1.6193525,-2.5093524,-3.0793524,-3.2693524,-3.6693525,-3.0893524,-2.6693525,-2.7193525,-3.1593523,-2.9293525,-2.6593523,-2.3993523,-2.1793525,-2.8593524,-2.4893525,-2.4593525,-2.0893524,-3.5293524,-3.5693524,-3.4893525,-3.6793525,-3.5693524,-4.4593525,-1.7093524,2.1806476,0.9406476,0.08064758,-0.43935242
1.3506476,0.9606476,1.0006475,0.79064757,6.47583E-4,-0.31935242,0.17064758,0.9006476,1.4706476,1.6206475,0.86064756,-0.5993524,-0.75935245,-1.1493524,-1.9793525,-2.5993524,-2.7593524,-2.6293523,-2.3893523,-2.4193525,-2.4293525,-2.5893524,-2.3193524,-1.9593524,-2.0293524,-2.1793525,-2.1293523,-2.7793524,-2.6393523,-2.6793525,-2.8893523,-3.2593524,-3.4493525,-3.1393523,-2.9093523,-3.3693523,-2.6093524,-1.6293525,-2.6093524,-0.5393524,-1.3593525
1.0206475,0.54064757,1.1106476,1.3406476,1.2506475,0.18064758,0.3606476,0.9306476,1.3906475,1.2706475,1.3406476,0.85064757,0.07064758,-1.0693524,-1.6193525,-2.0693524,-2.0093524,-2.2693524,-2.3293524,-2.6393523,-2.7293525,-2.4293525,-1.8793525,-2.6293523,-3.2993524,-3.5193524,-2.7093525,-2.8793523,-2.5993524,-2.7793524,-3.0293524,-3.4393525,-3.1793525,-2.4993525,-2.8893523,-0.8693524,-1.6093525,-1.5293524,-1.5293524,-1.0593524,-0.079352416
1.5506476,1.3806475,1.0006475,1.2406476,0.9706476,1.0806476,1.0406476,0.46064758,0.6206476,0.5306476,0.25064757,0.21064758,1.6406475,0.49064758,-0.7293524,-1.0093524,-1.3293524,-1.5693524,-0.9093524,-0.8393524,-1.5393524,-2.0493524,-1.8593525,-2.2393525,-2.7593524,-3.0693524,-3.5693524,-2.6593523,-2.2493525,-2.4593525,-2.5593524,-2.8793523,-2.8693523,-2.6793525,-2.9793525,-2.4593525,-2.1893525,0.6406476,0.73064756,1.5206475,0.8706476
2.2906475,2.2906475,2.2106476,2.1206477,1.9506476,2.0106475,1.6506476,1.5706476,1.1206475,1.0606476,0.16064759,-0.029352417,-0.31935242,-0.13935241,-0.15935242,-0.70935243,-0.89935243,-0.4193524,-0.019352417,-0.17935242,-0.06935242,-0.09935242,-0.31935242,-0.6893524,-1.2793524,-1.5493524,-1.5893524,-1.8993524,-1.8093524,-1.8593525,-2.1193523,-2.2993524,-2.5093524,-2.7693524,-2.5793524,-2.4593525,-2.3993523,-1.4093524,0.46064758,1.1506476,-0.70935243
2.2006476,3.1406476,2.6006477,2.5906477,2.3806477,1.8406476,1.8406476,1.7106476,1.7406476,1.7806476,0.9006476,0.55064756,-0.10935242,-0.94935244,-0.6793524,-0.50935245,-1.1993524,-0.7193524,-0.4193524,0.11064758,0.2706476,0.34064758,0.030647583,-0.49935243,-0.18935242,-0.5593524,-1.4693524,-1.8093524,-0.63935244,0.46064758,-0.04935242,0.24064758,-1.9093524,-2.2993524,-1.6193525,-1.4493524,-2.1093524,-2.0193524,-1.5993524,-2.1293523,-1.1793524
