wind_kz.json
{"header": {"discipline":0,"disciplineName":"Meteorological products","gribEdition":2,"gribLength":1102,"center":7,"centerName":"US National Weather Service - NCEP(WMC)","subcenter":0,"refTime":"2023-09-24T00:00:00.000Z","significanceOfRT":1,"significanceOfRTName":"Start of forecast","productStatus":0,"productStatusName":"Operational products","productType":1,"productTypeName":"Forecast products","productDefinitionTemplate":0,"productDefinitionTemplateName":"Analysis/forecast at horizontal level/layer at a point in time","parameterCategory":2,"parameterCategoryName":"UnknownDiscipline_0_Category_2","parameterNumber":2,"parameterNumberName":"UnknownParameter_D0_C2_2","parameterUnit":"Unknown","genProcessType":2,"genProcessTypeName":"Forecast","forecastTime":0,"surface1Type":103,"surface1TypeName":"Specified height level above ground","surface1Value":10.0,"surface2Type":255,"surface2TypeName":"Missing","surface2Value":0.0,"gridDefinitionTemplate":0,"gridDefinitionTemplateName":"Latitude_Longitude","numberPoints":615,"shape":6,"shapeName":"Earth spherical with radius of 6,371,229.0 m","gridUnits":"degrees","resolution":48,"winds":"true","scanMode":64,"nx":41,"ny":15,"basicAngle":0,"lo1":47.0,"la1":41.0,"lo2":87.0,"la2":55.0,"dx":1.0,"dy":1.0}, "data":
[rows 0 to 14 of 15, columns 0 to 40 of 41]
-1.3844824,-0.9644824,1.5955176,-6.8244824,-8.324482,-7.9244823,-4.9544826,-6.2044826,-6.8944826,-4.4344826,-2.8444824,-3.7544825,-3.6344824,-3.4844825,-2.5944824,-2.8644824,-2.7144823,-2.3544824,-3.0944824,-2.4644823,-0.09448242,-0.084482424,-0.054482423,-1.6344824,0.065517575,-1.5844824,-2.5344825,-2.9144824,1.4755176,0.44551757,0.66551757,1.9255176,0.41551757,0.21551758,1.6555176,1.7855176,2.0455177,2.4155176,2.4355175,2.8755176,3.9355175
2.3455176,0.40551758,-6.3844824,-9.544482,-8.214482,-7.7344823,-4.7344823,-7.4144826,-5.1844826,-3.9244823,-2.6544824,-3.4644823,-2.9544823,-2.0644825,-1.2244824,-2.1944823,-1.7444824,-2.7444825,-2.4944825,-2.3444824,-1.0244824,-2.2944825,-2.0144825,-2.1144824,-0.8044824,0.3655176,-1.0644825,1.3755176,-2.7644825,-1.4144825,-0.034482423,0.035517577,2.0455177,-2.4044824,0.49551758,0.49551758,1.5255176,1.6355176,2.6455176,1.7755176,3.0855176
-1.3744824,-5.4044824,-7.8444824,-8.554482,-7.4544826,-5.5344825,-5.2344823,-2.8144825,-4.4044824,-3.6244824,-3.4544823,-2.7344825,-1.8444824,-1.9944824,-2.2044823,-2.2644825,-2.6744823,-1.9544824,-1.9044824,-1.6744825,-0.44448242,-1.4944824,-3.9944825,-7.0044823,-1.0444825,-2.6544824,-1.6144824,-0.9144824,-1.9544824,-0.8044824,-1.1544824,2.1855175,0.40551758,1.5155176,0.8355176,-0.4844824,1.7155175,-0.06448242,3.6655176,4.6255174,3.4355175
-6.6844826,-10.244482,-10.114483,-8.274483,-5.9044824,-4.334482,-2.8144825,-4.2244825,-3.6244824,-2.9944825,-2.5144825,-2.7344825,-2.2244825,-2.6644824,-1.7944825,-1.3344824,-1.9644824,-2.0644825,-2.4344823,-2.5144825,-2.4544823,-2.7844825,-0.7844824,-3.1344824,-3.2244825,-2.1844823,-3.1244824,-5.1044827,-0.64448243,2.3455176,2.7455175,1.2055175,4.2955174,4.7455177,-2.6544824,-1.4644824,1.1255176,2.7155175,0.79551756,0.8755176,2.2355175
-7.2044826,-9.054482,-8.604483,-8.504482,-6.8044825,-4.8444824,-4.5244823,-2.3344824,-2.0344825,-1.3444824,-1.3844824,0.5255176,-0.36448243,-0.9944824,-1.4444824,-1.1944824,-1.8444824,-2.0044825,-2.2144823,-3.8744824,-4.9844823,-4.4444823,-4.2744823,-3.8944824,-4.564482,-6.6844826,-6.1044827,-4.294482,-2.9644823,-2.8244824,-2.4444823,-0.28448242,1.6055176,2.8655176,1.6455176,-1.2644824,9.035518,1.0455176,0.80551755,1.1355176,0.5855176
-6.4644823,-4.9744825,-8.634482,-7.9844823,-7.2744823,-5.8544827,-3.9044824,-2.9644823,-1.1744825,0.15551758,-2.2244825,-2.9444823,-2.7444825,-3.4444823,-3.0544825,-2.1644824,-2.5644825,-2.7944825,-5.3544827,-4.7544823,-5.4744825,-4.6544824,-4.3644824,-4.5544825,-5.544482,-5.564482,-3.6844823,-7.0744824,-3.6744823,-3.5044825,-2.4944825,-1.9244825,-1.9144825,0.095517576,2.8655176,9.345517,4.8455176,9.2355175,12.695518,7.0155177,-5.794482
-5.4844823,-4.8544827,-4.7044826,-4.3644824,-4.5344825,-3.3044825,-1.4044824,0.67551756,0.025517577,-1.8244824,-3.7444825,-3.5944824,-3.3244824,-3.1944823,-2.9244823,-3.8044825,-3.2044823,-3.2144823,-3.7244825,-5.1244826,-4.6344824,-3.8644824,-2.9244823,-2.9544823,-3.0044825,-2.5844824,-1.7344824,-1.1944824,-2.1644824,-1.6444824,-1.0344825,-0.5344824,0.20551758,0.7755176,2.8555176,1.0155176,-0.3844824,0.7555176,3.5955176,-1.2544824,6.2155175
-4.2844825,-4.4044824,-4.1444826,-3.2344825,-1.1844825,-2.4044824,-1.7744824,-2.3744824,-2.8244824,-4.2544823,-3.6244824,-3.2344825,-2.4144824,-4.3544827,-3.3844824,-3.2644825,-3.0744824,-2.9744825,-3.1044824,-3.9944825,-3.3344824,-2.4044824,-1.8744824,-2.2044823,-1.8944824,-0.75448245,-0.6644824,-0.04448242,0.25551757,-0.034482423,0.6455176,1.3755176,1.1555176,0.7655176,0.99551755,3.5655177,4.955518,8.715518,6.3955173,9.685517,6.3455176
-3.2444825,-3.1144824,-3.3144825,-2.8144825,-2.8544824,-2.2644825,-1.3444824,-1.9444824,-2.2144823,-2.5144825,-3.0944824,-3.0844824,-3.0144825,-2.8844824,-3.1044824,-2.3844824,-2.7444825,-2.8044825,-2.8244824,-3.2444825,-3.4844825,-2.0544825,-1.7944825,-1.7244824,-1.7644824,-0.9644824,-0.42448243,0.47551757,1.4855176,1.7955176,2.0655177,2.5655177,3.5555177,1.6155176,2.9355175,2.0955176,2.5355177,0.8955176,0.92551756,0.8155176,1.0855175
-3.1944823,-2.5244825,-1.9244825,-1.8944824,-1.9544824,-0.7444824,-0.9644824,-2.1044824,-2.3444824,-1.6644825,-2.6544824,-2.8944824,-2.2844825,-2.3644824,-2.4244823,-2.4444823,-2.6244824,-2.2544825,-2.7244825,-2.6644824,-2.6944823,-1.5044824,-0.83448243,-0.76448244,-0.31448242,0.3955176,1.4855176,2.3355176,2.8755176,3.4155176,3.1555176,3.0855176,2.3855176,2.5955176,2.5855176,2.1455176,0.5655176,1.3255175,-0.06448242,-0.07448242,0.73551756
-1.9744824,-1.3644824,-0.9144824,-0.45448244,0.3355176,0.35551757,-1.4044824,-1.2944825,-2.0644825,-1.7844825,-0.7744824,0.44551757,-1.2944825,-1.8644824,-1.5544825,-0.9644824,-1.3744824,-0.9344824,-1.5644825,-1.1444824,-0.6844824,0.095517576,0.9055176,1.6055176,2.2355175,2.5655177,2.7355175,3.6255176,4.165518,4.6155176,4.8455176,3.4755175,3.2855177,2.7655175,1.7055175,1.6955175,0.66551757,0.8755176,0.5655176,0.43551758,0.18551758
-0.8044824,-0.09448242,0.47551757,0.34551758,0.3355176,-0.42448243,-0.34448242,-0.5244824,-0.21448243,-0.9144824,0.10551758,0.5855176,-1.2644824,-0.3844824,0.92551756,1.5855175,1.0955176,1.4455175,1.5255176,1.8655176,1.3655176,2.0655177,2.4555175,2.2755175,3.2155175,3.7955177,3.8255177,4.4455175,4.8055177,3.9655175,3.2355175,3.1655176,3.1355176,2.9155176,2.2755175,2.4455175,2.2955177,2.4055176,1.7755176,1.2355176,0.9555176
0.08551758,0.3355176,0.9555176,1.1055176,1.1155176,-0.024482422,0.25551757,0.04551758,-0.95448244,-0.94448245,-0.6544824,0.5055176,0.61551756,1.7355176,2.6255176,2.5955176,2.3155177,2.9255176,2.7755175,3.1755176,2.3555176,2.2155175,2.7255175,3.1055176,4.3655176,4.4055176,3.8355176,4.0855174,4.165518,3.9555175,3.3255177,3.5355177,3.2255175,3.1755176,3.2755175,3.6655176,3.5155175,1.3155175,2.6855175,2.2955177,1.0755175
1.2455176,1.5555176,1.3455176,1.9055176,0.25551757,-0.33448243,0.10551758,1.1755176,0.40551758,0.29551756,-0.83448243,-0.024482422,1.1855175,1.6755176,2.4655175,2.9855175,3.1455176,3.2255175,3.1155176,3.4455175,3.4955175,3.7155175,4.5555177,4.1455173,3.9055176,3.0655177,2.4155176,3.4555175,3.4955175,3.5055175,2.9055176,3.2155175,3.8555176,3.5655177,3.4255176,3.0555177,2.7855177,2.6155176,3.1655176,2.2755175,2.2155175
0.9755176,2.1455176,1.7855176,0.68551755,1.3055176,0.43551758,1.4255176,0.6455176,0.86551756,-0.89448243,-0.28448242,0.8155176,1.2655176,1.5255176,3.1355176,3.0155175,3.3255177,3.6155176,3.0255175,3.8355176,3.7755175,4.2555175,4.0455174,4.0455174,2.8955176,2.5255175,2.0955176,2.1355176,4.3055177,3.3155177,2.9055176,2.0755177,2.4955175,2.9355175,3.8255177,2.8455176,2.8855176,2.0955176,4.3155174,3.7955177,3.0955176
