wind_kz.json
{"header": {"discipline":0,"disciplineName":"Meteorological products","gribEdition":2,"gribLength":1025,"center":7,"centerName":"US National Weather Service - NCEP(WMC)","subcenter":0,"refTime":"2025-04-05T12:00:00.000Z","significanceOfRT":1,"significanceOfRTName":"Start of forecast","productStatus":0,"productStatusName":"Operational products","productType":1,"productTypeName":"Forecast products","productDefinitionTemplate":0,"productDefinitionTemplateName":"Analysis/forecast at horizontal level/layer at a point in time","parameterCategory":2,"parameterCategoryName":"UnknownDiscipline_0_Category_2","parameterNumber":3,"parameterNumberName":"UnknownParameter_D0_C2_3","parameterUnit":"Unknown","genProcessType":2,"genProcessTypeName":"Forecast","forecastTime":180,"surface1Type":103,"surface1TypeName":"Specified height level above ground","surface1Value":10.0,"surface2Type":255,"surface2TypeName":"Missing","surface2Value":0.0,"gridDefinitionTemplate":0,"gridDefinitionTemplateName":"Latitude_Longitude","numberPoints":615,"shape":6,"shapeName":"Earth spherical with radius of 6,371,229.0 m","gridUnits":"degrees","resolution":48,"winds":"true","scanMode":64,"nx":41,"ny":15,"basicAngle":0,"lo1":47.0,"la1":41.0,"lo2":87.0,"la2":55.0,"dx":1.0,"dy":1.0}, "data":
[rows 0 to 14 of 15, columns 0 to 40 of 41]
-1.9795166,0.3304834,-1.0195166,-8.369516,-9.219517,-7.9995165,-5.6195164,-3.1295166,-1.8195167,-1.5995166,-1.0395166,-2.5795166,-3.0195167,-4.0395164,-4.7795167,-3.7895167,-0.8195166,-0.5795166,1.7704834,2.9404833,2.6904833,1.5004834,-0.1795166,-1.8695166,-1.0895166,-1.7295166,-1.6795166,1.3204834,0.4604834,1.7004834,0.5704834,0.7204834,1.0104834,-1.3295166,-1.8395166,-2.1495166,-2.9795165,-3.3095167,-1.5795166,-4.2795167,0.1504834
6.9104834,2.2704835,-3.5895166,-8.259517,-8.439517,-7.2395167,-5.159517,-0.2995166,-0.9995166,-2.1395166,-0.5895166,-1.5595165,-2.0295167,-3.9395165,-4.3795166,-3.6095166,-1.8295166,0.3304834,2.1804833,4.110483,3.9804833,2.9204834,2.5804834,1.9904834,-2.4195166,-0.4095166,-2.0295167,0.6704834,0.8904834,1.4304833,6.1904836,5.0604835,-0.4395166,-0.84951663,-4.0795164,-3.2695167,-2.4195166,-4.2195168,-5.0795164,-3.0895166,-3.2695167
1.4404835,-3.7695167,-6.1195164,-8.259517,-7.639517,-5.139517,-4.659517,0.3404834,0.7904834,2.0104835,0.3704834,0.3404834,-1.5395166,-2.4195166,-3.2595167,-1.8595166,2.2004833,0.4604834,3.4604833,4.7504835,4.0404835,2.7504835,1.6804833,1.0404834,1.0704834,0.9204834,0.9704834,0.8204834,0.0604834,3.8904834,4.5604835,2.6604834,3.2104833,0.020483399,0.0904834,4.3104835,6.2804832,0.4804834,0.8504834,1.9304833,1.1904835
-1.0395166,-3.7195165,-4.9395165,-7.5695167,-6.3695164,-5.7995167,-7.0395164,-2.7595167,2.2704835,-0.3095166,-0.5495166,-1.0095166,-2.8195167,-5.2695165,-3.2795167,-2.9995165,-0.5795166,1.5704834,5.1204834,5.0104833,4.6304836,2.1604834,3.3804834,2.0204835,2.6604834,1.6304834,2.5504835,-0.9195166,2.7104833,1.6404834,3.4104834,0.3804834,-1.7695166,-1.5095166,-1.0895166,-3.5595167,-1.3995166,2.0304835,2.3604834,0.9604834,0.5604834
0.010483398,-4.0595164,-2.8995166,-7.3795166,-6.3295164,-5.929517,-7.0895166,0.6704834,1.8804834,0.3004834,-0.9395166,-2.3295166,-3.2295165,-4.2895164,-2.5795166,-3.5695167,-3.5995166,4.590483,4.4504833,4.610483,2.7804835,0.9104834,1.7704834,1.3004833,1.1804833,0.6804834,-0.16951661,-0.1295166,0.5404834,0.5604834,-0.079516605,1.1404834,2.6004834,4.1204834,-1.8595166,-2.1995165,0.3504834,-0.3195166,0.5604834,-0.3995166,-0.3395166
0.3004834,-1.1195166,-0.5195166,-5.8795166,-6.8095164,-6.0095167,-6.5595164,0.0904834,0.9204834,2.3904834,0.9304834,0.5604834,-2.1795166,-2.1495166,-3.3395166,-4.3395166,-3.5795166,-3.3895166,3.2904835,3.1304834,0.5504834,2.8404834,3.0304835,1.6704834,2.3604834,0.5204834,0.010483398,-2.4895165,-1.7095166,-0.9995166,-1.4095166,-2.3595166,0.8504834,-1.0795166,2.2604835,8.460484,6.2704835,4.2904835,-0.1395166,-0.4695166,-0.6795166
2.0004835,1.8804834,0.4004834,-1.8995166,-4.139517,-5.1695166,-3.7695167,-0.8095166,1.1104834,-2.1195166,-2.9795165,-0.1195166,0.010483398,-1.5795166,-3.1895165,-4.2895164,-4.7295165,-6.3595166,-5.1095166,2.2304833,2.1804833,2.5804834,2.8904834,2.6404834,1.0904834,1.5704834,-1.2695166,-1.4595166,-2.0595167,0.100483395,-0.4695166,-1.2295166,-4.4595165,-0.1795166,0.0404834,-1.8295166,-3.8895166,0.5504834,1.3604834,0.4904834,2.0904834
3.0004835,2.7704835,1.3004833,-0.48951662,-3.0295167,-2.2295165,-1.5895166,0.5704834,2.9904833,-0.2195166,0.4504834,0.010483398,-2.7795167,-2.3895166,-4.4895167,-4.0495167,-5.0595164,-4.8795166,-6.0295167,3.2704835,-0.2895166,2.1204834,2.1504834,3.9904833,3.9604833,2.5004835,3.3404834,-0.5295166,-0.6795166,-1.0195166,-1.1995167,0.5904834,0.1304834,-2.8095167,0.1804834,-0.8695166,-1.1495166,0.9704834,-1.6295166,0.4004834,-1.8795166
3.5604835,3.8004835,2.8004835,0.4404834,-1.5995166,-2.6495166,3.2804835,3.3304834,2.7704835,2.9704833,0.7404834,-1.2095166,-1.8595166,-2.9595165,-4.4395165,-5.9895167,-5.949517,-3.5895166,-5.2895164,1.5704834,2.0504835,-2.4395165,1.2204834,2.7804835,2.6404834,3.3404834,0.90048337,1.4404835,0.8604834,0.5604834,2.0904834,2.3104835,2.1904833,0.9304834,2.1304834,2.3004835,-2.4895165,0.65048337,0.5104834,1.1804833,-2.4995165
4.590483,3.7104833,2.9204834,1.4204834,-1.3995166,-3.4995165,3.1304834,3.1004834,2.0004835,2.1004834,2.3004835,1.2504834,0.4204834,-2.4595165,-3.8495166,-4.679517,-4.8695164,-4.4195166,-2.6695166,-4.5895166,-2.3495166,-3.9195166,-3.8595166,-3.8995166,-1.9395165,1.4204834,-1.7595166,-1.1195166,0.8504834,0.5704834,1.4804834,3.3704834,4.090483,2.6604834,2.7804835,1.0104834,0.6204834,-2.2095165,0.9204834,3.6904833,3.8404834
5.1504836,4.5204835,3.5304835,2.1704834,0.1404834,-1.3995166,2.7504835,2.5504835,2.8304834,2.0504835,0.9304834,0.0704834,-0.1095166,-0.9995166,-2.1895165,-3.4595165,-3.6995165,-4.7395167,-3.5595167,-4.3595166,-4.0895166,-4.3295164,-4.7095165,-4.889517,-4.8495164,-4.7995167,-3.3895166,-4.7295165,-4.6195164,-4.659517,-4.4895167,-2.3895166,-1.6495166,3.0104835,5.3304834,2.3104835,1.2704834,2.1504834,1.4604834,1.7104834,0.5504834
5.1904836,4.9704833,4.8304834,3.9804833,2.2304833,2.6004834,2.8204834,3.9904833,3.3504834,2.5704834,1.6704834,0.1304834,-0.5695166,-1.3895166,-1.8795166,-2.8095167,-3.1695166,-3.2395165,-3.4995165,-4.2095165,-3.8395166,-4.179517,-3.9595165,-4.679517,-5.1195164,-5.159517,-5.2895164,-6.2595167,-5.7695165,-5.7395167,-5.889517,-5.7795167,-3.1295166,-2.3795166,1.8904834,2.8304834,3.1804833,3.7604835,3.5304835,3.1704834,1.8004833
5.050483,6.4704833,5.5804834,4.6204834,3.5404835,3.3204834,4.0804834,5.4104834,5.860483,3.6804833,1.9204834,1.4104834,0.2504834,-0.2195166,-0.8995166,-1.2195166,-1.9795166,-2.3595166,-3.1295166,-3.2295165,-3.0395167,-3.1995165,-3.3695166,-3.5895166,-4.909517,-5.0295167,-5.659517,-6.2195168,-6.5295167,-6.449517,-6.139517,-5.8495164,-5.139517,-2.8995166,-2.6395166,0.2304834,2.2904835,2.1504834,3.6704834,3.2204833,1.8504834
7.2104836,7.6504836,6.8104835,7.070483,5.9504833,5.9004836,6.2904835,5.1604834,4.7504835,5.0104833,3.9804833,2.1204834,0.8404834,0.4204834,0.22048339,-0.2795166,-0.7695166,-1.2995166,-1.6995167,-2.3095167,-2.1895165,-2.0595167,-3.1995165,-3.1295166,-3.9895165,-4.8695164,-5.3695164,-5.5595164,-5.2895164,-5.3595166,-5.5195165,-5.429517,-4.639517,-4.5995164,-2.6995165,-2.0095167,-0.6095166,1.1204834,2.5904834,2.9704833,3.5404835
5.6904836,8.680484,7.3804836,7.1404834,7.2004833,5.3704834,6.340483,6.5004835,5.3504834,3.7404833,0.1504834,1.0004834,2.6004834,0.5604834,0.7104834,-0.2395166,-0.6795166,-1.1095166,-1.6495166,-2.4995165,-2.8095167,-3.6695166,-3.9595165,-4.8295164,-5.2595167,-5.5195165,-5.8795166,-5.9795165,-6.4695168,-6.159517,-5.699517,-5.3695164,-5.0195165,-4.5395164,-4.3795166,-2.7195165,-0.9895166,1.6204834,2.1404834,3.7304833,2.6404834
