wind_kz.json
{"header": {"discipline":0,"disciplineName":"Meteorological products","gribEdition":2,"gribLength":948,"center":7,"centerName":"US National Weather Service - NCEP(WMC)","subcenter":0,"refTime":"2023-09-23T00:00:00.000Z","significanceOfRT":1,"significanceOfRTName":"Start of forecast","productStatus":0,"productStatusName":"Operational products","productType":1,"productTypeName":"Forecast products","productDefinitionTemplate":0,"productDefinitionTemplateName":"Analysis/forecast at horizontal level/layer at a point in time","parameterCategory":2,"parameterCategoryName":"UnknownDiscipline_0_Category_2","parameterNumber":3,"parameterNumberName":"UnknownParameter_D0_C2_3","parameterUnit":"Unknown","genProcessType":2,"genProcessTypeName":"Forecast","forecastTime":240,"surface1Type":103,"surface1TypeName":"Specified height level above ground","surface1Value":10.0,"surface2Type":255,"surface2TypeName":"Missing","surface2Value":0.0,"gridDefinitionTemplate":0,"gridDefinitionTemplateName":"Latitude_Longitude","numberPoints":615,"shape":6,"shapeName":"Earth spherical with radius of 6,371,229.0 m","gridUnits":"degrees","resolution":48,"winds":"true","scanMode":64,"nx":41,"ny":15,"basicAngle":0,"lo1":47.0,"la1":41.0,"lo2":87.0,"la2":55.0,"dx":1.0,"dy":1.0}, "data":
[rows 0 to 14 of 15, columns 0 to 40 of 41]
-0.39425996,-2.27426,0.43574005,0.83574003,-2.7442598,2.38574,1.16574,0.76574004,0.7857401,0.39574006,0.06574005,0.40574005,0.71574,0.48574007,0.20574005,-1.07426,-2.01426,-1.7642599,-2.31426,-0.69425994,0.21574005,-1.56426,-0.08425995,-1.87426,-1.50426,-1.06426,-1.12426,1.1057401,2.74574,2.41574,-1.8942599,-1.4242599,1.7157401,-1.34426,-2.9842598,-1.99426,-3.7142599,-2.62426,-0.37425995,1.8657401,0.88574004
2.90574,0.5357401,-1.1342599,-0.5842599,1.41574,2.89574,-0.95425993,2.46574,0.30574006,1.2057401,-0.12425995,-0.26425993,-0.25425994,0.44574004,-1.7642599,-1.3042599,-0.56425995,-0.7742599,-1.9242599,-2.34426,-1.9342599,-2.62426,-0.5242599,1.2157401,-0.41425994,-0.70425993,-3.33426,0.82574004,0.54574007,0.70574003,2.82574,3.2557402,-1.0542599,-0.73425996,-3.56426,-2.85426,-2.64426,-4.87426,-2.30426,-1.60426,0.51574004
-1.1542599,-0.66425997,-0.07425995,4.34574,3.7857401,1.3257401,0.79574007,0.10574005,1.12574,0.33574006,-0.014259948,0.54574007,-0.05425995,0.05574005,-0.69425994,-0.93425995,-1.09426,0.86574006,-0.72426,-0.9042599,-1.21426,-2.19426,-2.87426,-1.21426,1.0757401,1.2057401,1.54574,1.6957401,0.68574005,0.6057401,2.62574,0.54574007,1.1957401,-0.26425993,0.51574004,-0.38425994,0.70574003,-0.95425993,-1.25426,0.16574006,2.0157402
-0.60425997,0.27574006,2.18574,2.33574,0.6657401,1.99574,1.8657401,1.50574,1.3557401,1.1957401,0.50574005,-0.33425996,0.77574,-0.39425996,-1.07426,-1.21426,-0.8942599,1.4657401,0.5357401,-1.81426,-2.27426,-1.10426,2.13574,0.65574,0.075740054,-2.28426,-2.16426,-1.85426,0.16574006,-0.81425995,-1.45426,-2.53426,0.41574004,0.80574006,-0.40425995,-1.1342599,1.02574,2.30574,-0.34425995,-0.25425994,-1.56426
-1.7842599,-0.5842599,0.19574004,0.86574006,1.25574,2.37574,2.05574,3.2557402,2.43574,1.30574,1.62574,0.20574005,0.015740052,-0.79425997,-0.11425995,-1.1542599,-1.12426,0.31574005,0.075740054,-1.4242599,-0.66425997,-0.34425995,2.21574,0.56574005,0.34574005,-0.104259945,-0.35425994,0.045740053,-0.15425995,-0.74425995,-1.74426,0.38574004,0.43574005,1.74574,0.09574005,-0.48425996,-4.53426,-0.16425996,2.88574,-0.6442599,1.63574
-0.25425994,-0.60425997,0.8557401,1.67574,1.9657401,2.84574,2.63574,2.0057402,1.4557401,1.62574,1.00574,-0.19425994,-2.34426,-2.4542599,-1.6542599,-1.1642599,0.33574006,0.075740054,-0.48425996,-1.09426,0.67574006,1.0857401,1.1957401,1.14574,0.06574005,-1.4242599,0.08574005,-0.12425995,0.47574005,0.015740052,-0.30425996,-1.4042599,1.24574,0.26574004,2.0157402,1.78574,1.76574,-1.56426,-4.33426,0.42574006,-1.34426
0.40574005,0.54574007,0.32574004,0.14574005,0.45574006,1.25574,2.14574,2.22574,1.67574,1.49574,0.6057401,0.075740054,-0.66425997,-2.00426,-2.2142599,-2.66426,-1.69426,-0.38425994,1.13574,-0.36425996,-0.104259945,-0.62425995,2.0057402,1.64574,0.08574005,-0.11425995,-0.85425997,-0.84426,0.36574006,0.14574005,-1.1742599,0.7857401,-1.25426,-2.83426,0.08574005,0.14574005,0.41574004,0.73574007,-1.07426,1.79574,-3.9942598
1.49574,1.42574,1.16574,1.17574,1.68574,1.79574,2.2557402,2.5457401,2.17574,2.05574,2.23574,1.5757401,-0.14425994,-0.66425997,-2.25426,-2.16426,-2.12426,-1.87426,1.43574,1.78574,-0.87425995,-1.5242599,-2.76426,-1.9042599,-0.014259948,0.75574005,-0.99425995,-2.26426,-1.50426,-2.77426,0.03574005,0.13574006,-1.32426,-1.7842599,-0.8342599,0.88574004,-0.13425995,-1.99426,0.5957401,0.45574006,-0.37425995
2.47574,2.5257401,2.22574,0.7257401,1.9457401,2.10574,2.39574,2.14574,2.22574,2.45574,2.42574,1.87574,0.74574006,0.12574005,-0.92425996,-1.5542599,-1.35426,-1.6542599,-1.21426,2.36574,1.5657401,-0.28425995,-1.5542599,-1.58426,-1.83426,-2.40426,-1.6842599,-1.3942599,-1.21426,-1.59426,-1.37426,0.79574007,0.17574005,0.22574005,0.21574005,-0.72426,-0.6442599,-1.34426,-0.60425997,-1.23426,0.18574005
3.15574,3.10574,2.69574,2.12574,1.75574,2.11574,2.33574,2.67574,2.62574,2.5457401,2.71574,2.64574,1.91574,0.77574,0.37574005,-0.38425994,-0.6542599,-1.45426,-1.20426,0.25574005,1.00574,0.63574004,0.015740052,-1.0442599,-1.1842599,-1.1742599,-1.5142599,-1.0242599,-1.33426,-2.32426,-0.97426,0.17574005,0.8457401,-0.86425996,0.08574005,-0.21425995,-0.13425995,-0.18425995,0.70574003,1.04574,-0.14425994
2.96574,2.89574,2.85574,1.93574,1.4557401,1.8557401,2.59574,2.43574,2.0157402,2.11574,1.67574,1.8257401,2.43574,2.05574,1.0757401,0.8557401,0.68574005,-0.86425996,0.26574004,-0.28425995,-0.47425994,-0.43425995,-1.44426,-1.57426,-1.06426,-1.1742599,-0.74425995,-1.08426,-1.35426,-0.75425994,-0.91425997,-0.23425995,-0.104259945,0.32574004,-0.05425995,0.99574006,-0.40425995,0.43574005,0.51574004,0.18574005,-0.02425995
0.95574003,2.0057402,2.11574,2.47574,2.5257401,1.6957401,1.05574,1.62574,1.1957401,0.9157401,0.38574004,0.46574005,1.3557401,1.75574,1.52574,1.29574,1.2157401,0.5957401,0.20574005,-0.25425994,-0.25425994,-1.1542599,-1.49426,-1.86426,-1.57426,-2.28426,-1.2842599,-1.5242599,-1.4042599,-1.35426,-1.24426,-0.99425995,0.47574005,0.8557401,-0.18425995,1.02574,2.19574,2.59574,2.11574,1.7357401,0.43574005
2.13574,2.61574,2.38574,2.10574,1.6957401,1.0757401,1.3557401,2.23574,2.34574,0.87574005,0.19574004,0.5957401,1.52574,1.79574,1.3557401,1.0757401,1.13574,1.04574,0.55574006,0.7257401,1.02574,0.75574005,0.62574005,0.09574005,-1.1742599,-0.92425996,-1.3942599,-1.94426,-1.70426,-0.9642599,-0.0042599486,0.47574005,1.24574,0.9757401,0.15574005,0.05574005,2.13574,1.42574,1.80574,1.28574,1.2057401
2.87574,2.2757401,2.45574,2.58574,1.54574,2.18574,1.8557401,2.40574,1.92574,2.36574,1.37574,0.31574005,-0.46425995,0.89574003,0.98574007,1.4757401,1.41574,1.3557401,1.39574,0.93574005,0.58574003,0.9757401,0.57574004,0.015740052,-0.16425996,-0.62425995,-1.10426,-0.76425993,-0.84426,-0.93425995,-0.15425995,1.13574,2.2657402,2.23574,1.42574,1.40574,1.67574,1.40574,1.0657401,1.01574,0.8557401
2.18574,2.68574,2.58574,3.2857401,2.87574,2.2857401,2.70574,2.34574,2.31574,1.8457401,0.89574003,1.62574,1.90574,0.16574006,1.24574,0.63574004,0.42574006,0.24574006,0.82574004,0.38574004,0.09574005,-0.08425995,-0.22425994,-0.29425994,-0.18425995,-0.21425995,-0.21425995,-0.45425996,-0.42425996,-0.30425996,-0.68425995,-0.13425995,1.8657401,2.56574,2.62574,2.56574,2.7857401,2.85574,1.9657401,1.9457401,0.96574
