wind_kz.json
{"header": {"discipline":0,"disciplineName":"Meteorological products","gribEdition":2,"gribLength":871,"center":7,"centerName":"US National Weather Service - NCEP(WMC)","subcenter":0,"refTime":"2023-08-24T12:00:00.000Z","significanceOfRT":1,"significanceOfRTName":"Start of forecast","productStatus":0,"productStatusName":"Operational products","productType":1,"productTypeName":"Forecast products","productDefinitionTemplate":0,"productDefinitionTemplateName":"Analysis/forecast at horizontal level/layer at a point in time","parameterCategory":0,"parameterCategoryName":"UnknownDiscipline_0_Category_0","parameterNumber":0,"parameterNumberName":"UnknownParameter_D0_C0_0","parameterUnit":"Unknown","genProcessType":2,"genProcessTypeName":"Forecast","forecastTime":240,"surface1Type":1,"surface1TypeName":"Ground or water surface","surface1Value":0.0,"surface2Type":255,"surface2TypeName":"Missing","surface2Value":0.0,"gridDefinitionTemplate":0,"gridDefinitionTemplateName":"Latitude_Longitude","numberPoints":615,"shape":6,"shapeName":"Earth spherical with radius of 6,371,229.0 m","gridUnits":"degrees","resolution":48,"winds":"true","scanMode":64,"nx":41,"ny":15,"basicAngle":0,"lo1":47.0,"la1":41.0,"lo2":87.0,"la2":55.0,"dx":1.0,"dy":1.0}, "data":
[rows 0 to 14 of 15, columns 0 to 40 of 41]
314.86276,299.26276,307.26276,298.96277,299.06277,298.96277,312.76276,317.66278,314.06277,314.66278,313.16278,313.16278,312.36276,312.16278,311.86276,311.66278,311.16278,310.36276,311.56277,312.06277,313.96277,309.36276,309.36276,303.26276,306.46277,309.16278,303.16278,289.66278,283.56277,281.46277,280.96277,278.36276,292.06277,303.56277,305.96277,306.26276,305.46277,305.36276,305.36276,305.16278,304.96277
289.36276,306.26276,298.56277,298.66278,299.06277,298.96277,318.86276,314.96277,312.26276,312.46277,314.06277,312.86276,311.86276,310.56277,311.06277,311.56277,311.56277,311.16278,310.86276,309.86276,309.96277,310.16278,307.26276,296.76276,288.46277,289.76276,298.16278,290.86276,291.26276,282.76276,287.06277,279.66278,285.66278,268.46277,284.76276,301.66278,299.46277,301.76276,305.06277,295.86276,287.56277
311.76276,298.56277,298.86276,298.86276,297.66278,315.36276,313.16278,313.96277,313.06277,311.76276,310.86276,312.06277,310.36276,310.86276,310.56277,309.96277,309.96277,309.26276,309.06277,310.06277,310.66278,307.06277,306.26276,297.86276,301.26276,300.06277,300.46277,300.36276,299.16278,288.76276,280.66278,283.26276,289.86276,288.66278,291.86276,292.46277,282.46277,284.26276,287.46277,282.46277,281.66278
314.16278,298.96277,298.86276,297.96277,299.86276,311.96277,312.56277,313.36276,313.76276,312.16278,309.76276,305.46277,295.26276,294.46277,311.06277,310.26276,308.86276,309.76276,309.76276,309.26276,307.06277,302.16278,306.26276,305.26276,304.66278,303.76276,304.46277,300.66278,298.36276,300.56277,302.56277,299.26276,302.16278,302.16278,299.86276,295.36276,283.46277,283.86276,284.86276,295.56277,298.76276
316.26276,298.56277,298.86276,298.56277,304.96277,310.26276,313.26276,316.66278,313.66278,311.06277,310.66278,302.76276,294.96277,293.76276,292.46277,309.16278,308.46277,307.26276,307.66278,307.86276,308.56277,308.56277,307.56277,306.96277,306.86276,305.06277,300.86276,299.26276,302.66278,301.36276,303.46277,299.66278,286.76276,279.76276,289.76276,298.26276,299.16278,303.46277,302.26276,301.96277,300.66278
318.36276,310.36276,296.96277,298.06277,298.66278,298.16278,316.06277,313.36276,313.26276,310.96277,309.96277,308.46277,296.96277,295.06277,301.46277,305.66278,308.06277,308.86276,308.36276,309.06277,307.66278,306.66278,306.56277,306.36276,306.06277,304.26276,304.26276,292.66278,303.56277,303.86276,301.56277,301.76276,300.96277,299.16278,295.56277,296.26276,288.96277,291.26276,301.16278,300.86276,298.86276
317.16278,315.36276,312.36276,312.76276,307.36276,311.36276,315.66278,313.16278,312.76276,312.06277,310.66278,309.16278,308.46277,309.76276,309.26276,309.06277,308.76276,308.06277,305.86276,307.26276,306.56277,306.46277,305.76276,305.56277,304.06277,304.26276,303.76276,304.36276,302.96277,303.06277,302.06277,300.56277,300.96277,300.56277,299.56277,297.36276,289.96277,286.06277,284.06277,283.56277,294.66278
315.86276,315.96277,312.36276,312.16278,312.76276,314.86276,314.86276,311.66278,310.66278,311.36276,310.56277,308.86276,308.26276,310.66278,311.16278,310.06277,310.16278,309.56277,308.46277,305.06277,305.46277,305.46277,305.36276,304.36276,302.56277,300.16278,300.36276,301.66278,299.66278,300.46277,298.76276,299.06277,296.56277,293.56277,293.06277,295.66278,298.16278,289.66278,295.76276,295.76276,293.16278
314.76276,312.86276,313.16278,311.36276,311.86276,313.86276,313.96277,311.76276,310.26276,308.86276,308.16278,310.06277,309.96277,309.76276,309.86276,311.36276,310.36276,309.76276,308.16278,306.56277,303.66278,303.66278,305.36276,303.86276,301.46277,301.26276,298.16278,296.86276,296.06277,293.96277,294.76276,294.36276,295.36276,295.16278,293.96277,291.36276,292.66278,290.96277,280.06277,280.86276,280.26276
312.96277,313.36276,313.46277,311.26276,311.06277,312.96277,313.06277,311.16278,310.06277,309.46277,308.86276,308.36276,310.56277,311.06277,310.86276,310.76276,309.96277,308.96277,308.96277,307.26276,303.96277,303.56277,303.56277,302.86276,303.26276,300.66278,299.86276,298.76276,297.16278,296.66278,295.66278,297.26276,297.96277,296.76276,295.06277,291.96277,289.16278,287.36276,284.16278,280.86276,278.26276
310.46277,309.66278,309.06277,308.66278,309.46277,309.66278,309.66278,310.36276,309.76276,308.86276,307.76276,308.16278,308.86276,307.36276,307.86276,308.46277,307.76276,307.76276,307.76276,304.86276,303.96277,303.56277,302.56277,302.36276,300.56277,301.56277,298.56277,301.26276,300.26276,300.16278,299.26276,299.86276,296.26276,294.16278,293.96277,291.66278,286.76276,283.76276,284.96277,282.76276,281.16278
307.56277,300.36276,309.86276,307.66278,307.26276,308.26276,306.36276,306.56277,307.26276,307.06277,304.86276,304.26276,305.66278,304.46277,304.56277,305.46277,304.86276,304.26276,304.56277,303.36276,302.06277,301.16278,301.26276,301.26276,300.06277,298.56277,300.96277,301.86276,302.26276,300.86276,298.06277,297.76276,295.96277,293.16278,293.36276,293.86276,292.36276,290.76276,288.76276,288.86276,287.26276
298.56277,305.76276,303.56277,305.26276,306.36276,305.56277,305.46277,305.56277,303.06277,304.36276,301.06277,300.06277,303.46277,302.36276,303.76276,304.26276,304.16278,303.96277,304.26276,302.76276,302.76276,300.76276,299.66278,300.56277,300.66278,302.76276,303.36276,301.16278,300.66278,299.46277,298.36276,296.76276,295.06277,294.86276,295.06277,292.26276,291.76276,289.96277,288.76276,288.56277,287.46277
303.26276,302.66278,295.46277,301.26276,301.96277,302.06277,304.16278,301.76276,303.46277,303.96277,299.86276,297.16278,300.06277,300.96277,299.86276,302.76276,302.46277,302.56277,303.16278,302.46277,302.26276,302.56277,301.36276,300.86276,300.36276,301.16278,300.56277,299.86276,299.16278,297.46277,297.56277,296.46277,295.16278,292.96277,293.46277,293.36276,291.36276,289.36276,288.36276,286.96277,288.16278
294.66278,295.46277,290.76276,299.36276,300.16278,296.86276,293.76276,298.86276,301.66278,303.56277,301.56277,297.76276,296.86276,299.96277,301.16278,300.96277,300.26276,300.16278,300.76276,298.56277,300.26276,300.06277,299.06277,298.56277,298.66278,298.76276,297.86276,297.06277,297.26276,296.16278,291.36276,290.46277,291.16278,294.36276,292.16278,292.16278,291.56277,288.76276,289.26276,288.16278,289.06277
