wind_kz.json
{"header": {"discipline":0,"disciplineName":"Meteorological products","gribEdition":2,"gribLength":794,"center":7,"centerName":"US National Weather Service - NCEP(WMC)","subcenter":0,"refTime":"2023-08-25T12:00:00.000Z","significanceOfRT":1,"significanceOfRTName":"Start of forecast","productStatus":0,"productStatusName":"Operational products","productType":1,"productTypeName":"Forecast products","productDefinitionTemplate":0,"productDefinitionTemplateName":"Analysis/forecast at horizontal level/layer at a point in time","parameterCategory":2,"parameterCategoryName":"UnknownDiscipline_0_Category_2","parameterNumber":3,"parameterNumberName":"UnknownParameter_D0_C2_3","parameterUnit":"Unknown","genProcessType":2,"genProcessTypeName":"Forecast","forecastTime":180,"surface1Type":103,"surface1TypeName":"Specified height level above ground","surface1Value":10.0,"surface2Type":255,"surface2TypeName":"Missing","surface2Value":0.0,"gridDefinitionTemplate":0,"gridDefinitionTemplateName":"Latitude_Longitude","numberPoints":615,"shape":6,"shapeName":"Earth spherical with radius of 6,371,229.0 m","gridUnits":"degrees","resolution":48,"winds":"true","scanMode":64,"nx":41,"ny":15,"basicAngle":0,"lo1":47.0,"la1":41.0,"lo2":87.0,"la2":55.0,"dx":1.0,"dy":1.0}, "data":
[rows 0 to 14 of 15, columns 0 to 40 of 41]
0.5399567,-1.3600433,0.13995667,0.63995665,-1.7600434,-0.9600433,1.7399566,0.93995667,0.23995666,0.23995666,-1.3600433,-0.86004335,-0.36004335,-0.86004335,-1.2600434,-2.2600434,-3.0600433,-2.4600434,-3.2600434,-1.6600434,0.43995667,2.6399567,0.039956667,0.43995667,-1.4600433,-0.66004336,-2.0600433,1.5399567,1.7399566,0.33995667,-2.7600434,-1.8600433,1.2399566,-11.660044,-3.5600433,-2.6600432,-0.46004334,-1.1600434,-1.7600434,-4.1600432,-4.6600432
2.3399568,1.4399567,1.3399566,0.33995667,-2.3600433,-0.46004334,-1.2600434,1.0399567,1.6399567,0.93995667,0.83995664,0.5399567,2.1399567,1.6399567,-1.2600434,-1.7600434,-1.8600433,-0.060043335,-2.0600433,-3.6600432,-1.9600433,0.63995665,0.23995666,1.7399566,0.5399567,1.3399566,-0.26004332,2.8399568,0.93995667,2.1399567,1.9399567,2.9399567,-0.26004332,2.0399566,-1.5600433,-6.3600435,-3.5600433,-6.9600434,-5.4600434,-3.1600432,1.5399567
2.1399567,3.3399568,1.0399567,-0.26004332,-1.0600433,-0.46004334,-1.1600434,-1.9600433,-1.7600434,-2.3600433,-0.9600433,0.039956667,2.6399567,2.3399568,2.0399566,-0.46004334,-0.16004333,-1.7600434,-1.7600434,-2.5600433,-2.8600433,-2.1600432,0.43995667,2.6399567,3.0399566,2.6399567,2.3399568,1.3399566,0.039956667,1.4399567,3.5399566,1.2399566,1.5399567,0.43995667,-1.2600434,0.63995665,-1.6600434,-3.8600433,-1.7600434,-1.9600433,-3.6600432
0.33995667,2.6399567,1.4399567,-0.9600433,-1.7600434,-1.4600433,-2.0600433,-2.5600433,-0.9600433,-0.56004333,-0.9600433,-1.4600433,1.9399567,2.9399567,-0.46004334,-2.6600432,-2.2600434,-2.0600433,-1.5600433,-1.2600434,-1.5600433,0.5399567,-0.7600433,1.6399567,4.4399567,4.1399565,3.5399566,2.3399568,2.9399567,0.63995665,0.5399567,-1.3600433,-0.36004335,0.039956667,1.5399567,1.2399566,3.3399568,3.1399567,-0.46004334,-2.2600434,-1.7600434
1.4399567,0.83995664,-1.0600433,-1.0600433,-0.36004335,-0.56004333,-1.6600434,-1.0600433,-1.6600434,-0.060043335,-0.66004336,-1.0600433,0.63995665,-1.4600433,-1.3600433,-1.9600433,-2.3600433,-1.5600433,-2.1600432,-2.0600433,-1.8600433,-0.060043335,0.13995667,1.3399566,1.7399566,5.239957,5.239957,5.1399565,2.8399568,3.2399566,3.7399566,1.8399566,1.4399567,1.6399567,-1.0600433,-0.26004332,-1.6600434,1.2399566,-0.7600433,1.9399567,3.5399566
0.43995667,-0.86004335,-3.2600434,-2.9600434,-3.8600433,-5.1600432,-2.9600434,-2.7600434,-2.3600433,0.23995666,0.039956667,1.5399567,0.43995667,0.63995665,-0.16004333,-1.5600433,-2.4600434,-1.6600434,-1.6600434,-1.5600433,-1.8600433,-3.1600432,-2.7600434,2.0399566,1.3399566,5.3399568,7.739957,8.939957,5.5399566,4.0399566,4.9399567,5.0399566,2.8399568,2.8399568,2.1399567,-0.16004333,0.13995667,-4.5600433,-6.9600434,-1.0600433,3.9399567
1.1399567,1.0399567,-1.4600433,-1.2600434,-1.7600434,-1.5600433,-2.8600433,-3.4600434,-0.86004335,-0.66004336,2.4399567,2.0399566,0.93995667,-0.36004335,-2.7600434,-1.6600434,-3.6600432,-1.9600433,-1.7600434,-2.7600434,-2.0600433,-0.86004335,-2.9600434,1.5399567,1.5399567,3.4399567,2.9399567,6.239957,4.9399567,4.3399568,4.5399566,3.1399567,4.239957,2.6399567,0.63995665,-0.56004333,0.63995665,2.1399567,-1.5600433,0.93995667,-4.0600433
0.63995665,0.93995667,0.5399567,-1.3600433,-1.5600433,-2.4600434,-2.8600433,-2.7600434,-2.2600434,-2.6600432,-1.0600433,-1.3600433,-2.7600434,-3.0600433,-3.7600434,-3.4600434,-2.8600433,-2.5600433,-3.0600433,-3.1600432,-2.9600434,-2.0600433,-0.16004333,3.2399566,2.6399567,5.0399566,1.5399567,3.8399568,4.739957,4.3399568,4.5399566,6.0399566,2.7399566,2.3399568,3.7399566,2.3399568,-0.16004333,1.4399567,1.0399567,1.3399566,-1.1600434
0.93995667,0.5399567,-0.060043335,-1.1600434,-1.8600433,-2.3600433,-2.7600434,-2.4600434,-3.0600433,-2.6600432,-2.3600433,-1.8600433,-2.2600434,-3.2600434,-2.9600434,-2.8600433,-2.5600433,-2.3600433,-2.0600433,-2.2600434,-2.7600434,-3.1600432,-0.16004333,-0.060043335,6.739957,4.8399568,3.7399566,3.2399566,3.3399568,3.2399566,4.6399565,5.4399567,6.739957,4.739957,3.7399566,1.6399567,-1.0600433,3.3399568,-1.2600434,-1.8600433,-0.36004335
1.4399567,0.7399567,-0.66004336,-1.4600433,-1.7600434,-2.1600432,-2.2600434,-2.5600433,-1.5600433,-0.060043335,-2.5600433,-2.7600434,-1.5600433,-2.6600432,-2.4600434,-2.2600434,-2.5600433,-2.9600434,-2.6600432,-3.1600432,-2.3600433,-2.4600434,-0.7600433,-2.6600432,2.5399566,4.1399565,2.7399566,3.4399567,3.8399568,2.0399566,2.7399566,3.3399568,3.9399567,3.6399567,2.1399567,2.0399566,0.83995664,1.1399567,1.5399567,2.3399568,0.63995665
1.3399566,-0.26004332,-0.86004335,-1.9600433,-1.9600433,-2.1600432,-1.9600433,-1.6600434,-0.7600433,-0.7600433,-1.6600434,-0.26004332,-0.86004335,-2.0600433,-3.6600432,-4.9600434,-4.9600434,-3.5600433,-2.3600433,-4.6600432,-2.7600434,-0.36004335,-0.26004332,-0.66004336,2.6399567,2.9399567,2.5399566,2.4399567,2.5399566,2.1399567,1.0399567,-2.0600433,2.0399566,3.1399567,2.3399568,1.2399566,0.63995665,-1.0600433,-0.36004335,-0.16004333,0.13995667
0.93995667,0.7399567,-0.36004335,-0.7600433,-2.0600433,-2.0600433,-1.0600433,-1.2600434,-1.8600433,-0.66004336,-0.9600433,-1.5600433,-0.86004335,-2.0600433,-3.5600433,-4.260043,-5.1600432,-4.4600434,-0.7600433,-2.7600434,-2.1600432,-1.8600433,1.1399567,0.23995666,2.1399567,3.1399567,3.0399566,3.9399567,2.2399566,0.63995665,0.43995667,-3.1600432,4.5399566,3.5399566,2.5399566,0.13995667,0.33995667,1.7399566,1.3399566,1.5399567,0.7399567
0.83995664,1.2399566,0.83995664,0.23995666,-1.2600434,-0.66004336,-0.16004333,-0.36004335,-0.9600433,0.23995666,-0.26004332,-1.2600434,-0.66004336,-2.6600432,-3.1600432,-4.5600433,-4.760043,-4.8600435,-1.1600434,-1.4600433,-1.8600433,1.4399567,0.5399567,1.0399567,-0.36004335,2.6399567,1.7399566,1.1399567,2.4399567,4.239957,0.93995667,3.4399567,2.2399566,1.7399566,1.5399567,1.3399566,0.93995667,-0.46004334,-1.9600433,-2.1600432,-1.1600434
1.3399566,1.5399567,0.93995667,0.43995667,-0.86004335,-0.66004336,-0.36004335,-0.36004335,0.33995667,0.43995667,0.83995664,-0.36004335,-1.6600434,-1.4600433,-2.3600433,-3.1600432,-4.4600434,-4.9600434,-4.8600435,-2.0600433,-2.1600432,-0.36004335,0.83995664,1.4399567,-0.86004335,0.83995664,1.3399566,1.5399567,4.239957,3.2399566,-1.1600434,3.0399566,3.1399567,1.9399567,1.1399567,1.0399567,0.7399567,-0.66004336,-0.66004336,-1.9600433,-2.1600432
1.2399566,1.4399567,1.5399567,1.1399567,-0.46004334,0.039956667,-0.56004333,0.039956667,-0.86004335,0.13995667,0.83995664,0.7399567,0.33995667,-0.86004335,-2.7600434,-2.9600434,-3.8600433,-4.4600434,-4.4600434,-1.0600433,-1.6600434,-1.6600434,0.5399567,0.83995664,0.43995667,-0.46004334,-1.6600434,2.6399567,3.6399567,1.5399567,0.13995667,2.6399567,2.4399567,2.1399567,1.5399567,0.93995667,-0.56004333,-0.16004333,-1.7600434,-2.0600433,-0.9600433
