wind_kz.json
{"header": {"discipline":0,"disciplineName":"Meteorological products","gribEdition":2,"gribLength":1025,"center":7,"centerName":"US National Weather Service - NCEP(WMC)","subcenter":0,"refTime":"2023-08-18T06:00:00.000Z","significanceOfRT":1,"significanceOfRTName":"Start of forecast","productStatus":0,"productStatusName":"Operational products","productType":1,"productTypeName":"Forecast products","productDefinitionTemplate":0,"productDefinitionTemplateName":"Analysis/forecast at horizontal level/layer at a point in time","parameterCategory":2,"parameterCategoryName":"UnknownDiscipline_0_Category_2","parameterNumber":2,"parameterNumberName":"UnknownParameter_D0_C2_2","parameterUnit":"Unknown","genProcessType":2,"genProcessTypeName":"Forecast","forecastTime":120,"surface1Type":103,"surface1TypeName":"Specified height level above ground","surface1Value":10.0,"surface2Type":255,"surface2TypeName":"Missing","surface2Value":0.0,"gridDefinitionTemplate":0,"gridDefinitionTemplateName":"Latitude_Longitude","numberPoints":615,"shape":6,"shapeName":"Earth spherical with radius of 6,371,229.0 m","gridUnits":"degrees","resolution":48,"winds":"true","scanMode":64,"nx":41,"ny":15,"basicAngle":0,"lo1":47.0,"la1":41.0,"lo2":87.0,"la2":55.0,"dx":1.0,"dy":1.0}, "data":
[rows 0 to 14 of 15, columns 0 to 40 of 41]
0.75489503,1.604895,-1.115105,2.474895,3.264895,2.104895,3.904895,0.724895,-2.445105,-1.7251049,-1.785105,-1.865105,-1.825105,-2.125105,-1.675105,-1.985105,-2.735105,-2.1551049,-0.62510496,1.624895,4.244895,2.454895,2.684895,3.154895,0.23489502,-0.02510498,3.314895,2.044895,-0.07510498,0.93489504,1.474895,0.55489504,-0.15510498,-2.305105,-4.415105,-3.815105,-5.135105,-6.2851048,-4.075105,-5.565105,-3.305105
-0.46510497,-1.4751049,2.744895,-0.555105,0.524895,2.3448951,0.42489502,1.254895,-0.895105,-0.48510498,0.26489502,0.774895,-0.03510498,0.04489502,-1.705105,-0.975105,-0.45510498,-2.025105,-1.2151049,-1.495105,-2.805105,1.854895,3.374895,4.364895,0.734895,-0.04510498,1.294895,0.28489503,3.674895,2.664895,0.18489502,1.164895,0.18489502,0.544895,0.304895,0.764895,0.93489504,-0.62510496,-1.755105,2.384895,3.194895
2.564895,1.0348951,3.254895,1.764895,1.864895,2.5848951,1.454895,0.44489503,1.7848951,2.284895,2.954895,2.8348951,2.434895,-0.03510498,-0.63510495,0.19489501,-0.69510496,-0.835105,-1.375105,-0.88510495,-2.365105,-1.865105,-3.425105,-5.995105,-1.615105,-1.185105,0.42489502,2.0948951,2.5848951,-0.50510496,1.7748951,-1.435105,0.374895,2.804895,0.50489503,2.284895,2.314895,-0.665105,7.534895,1.854895,1.964895
6.944895,4.704895,2.284895,4.034895,2.8448951,1.2848951,0.74489504,3.524895,3.8348951,4.704895,5.4648952,4.894895,2.414895,0.644895,1.344895,0.634895,0.714895,2.554895,1.224895,-0.645105,-0.475105,-3.945105,-2.455105,-2.015105,-1.505105,-0.48510498,1.714895,3.024895,-0.30510497,1.924895,1.484895,2.704895,-0.50510496,0.41489503,2.924895,4.414895,1.444895,1.674895,-0.74510497,-0.845105,-2.095105
5.504895,4.284895,3.294895,3.194895,4.024895,2.814895,1.674895,1.934895,1.854895,0.694895,2.044895,3.194895,2.274895,1.374895,0.05489502,3.0948951,0.47489503,1.724895,1.0248951,0.56489503,0.0048950193,0.06489502,-0.30510497,0.15489502,1.254895,0.724895,0.794895,-1.435105,1.454895,-0.345105,-0.535105,0.574895,1.954895,1.3948951,-3.315105,-0.93510497,2.204895,2.724895,1.954895,1.684895,-1.335105
6.994895,5.234895,4.434895,3.404895,4.7148952,4.764895,5.544895,4.204895,2.994895,2.814895,2.164895,3.464895,0.904895,2.694895,5.124895,4.764895,3.014895,3.134895,3.184895,0.41489503,1.584895,3.944895,2.204895,1.814895,1.744895,-0.585105,-0.315105,-1.505105,-2.695105,-2.845105,-3.605105,-3.6551049,-2.555105,-2.085105,-1.445105,1.974895,4.4648952,5.244895,0.784895,4.354895,6.824895
5.644895,5.584895,4.474895,5.504895,5.004895,6.424895,7.264895,7.194895,6.4648952,5.824895,4.604895,4.694895,5.494895,7.4648952,5.864895,6.554895,8.284895,7.684895,4.944895,4.084895,1.324895,1.984895,3.154895,3.544895,3.464895,1.664895,-1.425105,-0.765105,-1.125105,-1.415105,-2.205105,-1.635105,-0.765105,1.954895,4.644895,3.644895,2.5948951,1.1548951,2.314895,0.28489503,0.56489503
5.354895,4.904895,2.444895,2.114895,3.374895,2.0848951,3.524895,3.904895,6.134895,6.114895,4.224895,6.794895,8.324895,8.454895,8.434895,6.224895,6.534895,4.984895,4.374895,5.584895,5.434895,2.234895,2.484895,2.3348951,2.984895,4.344895,2.964895,0.964895,-0.805105,0.23489502,2.184895,1.074895,1.2748951,-1.505105,-0.525105,-0.715105,0.10489502,3.924895,6.874895,4.054895,2.554895
5.444895,6.984895,5.9648952,5.104895,3.404895,3.414895,4.164895,5.2148952,6.774895,8.894895,10.404895,10.074895,10.514895,10.124895,10.484895,9.464895,5.624895,5.474895,5.414895,5.914895,6.364895,3.674895,2.874895,2.404895,3.234895,1.114895,1.474895,3.5848951,3.054895,2.0948951,2.564895,1.2848951,0.574895,1.914895,2.224895,1.7848951,0.50489503,-0.055104982,0.50489503,0.39489502,1.454895
5.484895,4.114895,4.904895,3.894895,3.614895,3.8448951,4.154895,5.394895,6.994895,8.624895,9.924895,10.294895,9.984895,9.674895,9.774895,9.584895,7.734895,6.394895,5.914895,5.474895,7.884895,5.314895,2.5948951,2.054895,2.494895,2.694895,2.274895,1.334895,1.514895,0.06489502,-1.295105,-1.315105,0.67489505,0.894895,3.114895,0.86489505,2.034895,0.45489502,0.86489505,-0.765105,0.68489504
5.434895,5.864895,5.634895,4.384895,4.884895,4.294895,3.924895,4.594895,4.984895,5.744895,5.654895,6.734895,6.864895,8.504895,7.254895,6.494895,6.244895,6.254895,5.2148952,5.444895,7.124895,5.814895,3.064895,2.104895,1.254895,0.584895,-0.12510498,-1.135105,-2.525105,-2.515105,-1.995105,-0.32510498,1.424895,1.414895,0.61489505,2.3448951,1.794895,1.564895,0.17489502,-1.275105,0.654895
4.874895,4.934895,5.414895,4.544895,4.494895,4.544895,3.894895,3.3348951,3.054895,4.034895,3.564895,4.074895,2.734895,3.144895,2.994895,5.434895,4.844895,7.424895,5.904895,7.924895,7.704895,6.164895,4.174895,3.474895,2.284895,2.174895,1.114895,0.594895,-0.20510498,-0.715105,-0.57510495,0.15489502,0.93489504,1.944895,2.8448951,3.354895,4.4648952,5.664895,2.154895,1.7748951,-0.42510498
2.744895,2.484895,2.104895,3.614895,4.364895,3.374895,3.184895,3.274895,3.934895,1.984895,-0.39510497,-0.805105,-1.875105,-1.995105,-1.415105,-0.35510498,1.664895,5.324895,7.294895,8.444895,6.094895,5.474895,5.004895,3.904895,2.954895,3.824895,2.974895,1.834895,2.824895,2.434895,1.954895,1.794895,1.194895,2.124895,1.304895,2.5848951,3.5948951,2.884895,3.264895,0.964895,-0.09510498
1.164895,1.924895,3.5948951,0.854895,-0.24510498,0.274895,-0.805105,0.16489501,-0.22510499,0.524895,-0.665105,0.10489502,-0.56510496,-1.045105,-0.705105,-0.955105,-0.965105,-1.085105,1.334895,6.134895,7.2148952,7.064895,7.484895,6.864895,4.474895,0.594895,1.484895,1.924895,4.484895,4.684895,3.5948951,1.634895,1.874895,2.044895,1.5248951,0.434895,-0.515105,-1.535105,-1.375105,-0.18510498,-1.285105
-0.785105,-1.4651049,-4.445105,-4.125105,-3.9151049,-2.835105,-4.075105,-3.465105,-2.085105,-2.185105,-1.2151049,-0.22510499,0.80489504,-0.585105,-0.56510496,-0.715105,-0.87510496,-1.525105,-1.145105,-4.245105,-1.655105,-2.125105,0.494895,-0.285105,-0.04510498,1.7748951,0.434895,-0.48510498,1.624895,3.074895,2.224895,1.724895,0.81489503,0.74489504,1.6448951,1.084895,0.034895018,-0.955105,-1.8451049,-1.895105,-0.18510498
