wind_kz.json
{"header": {"discipline":0,"disciplineName":"Meteorological products","gribEdition":2,"gribLength":794,"center":7,"centerName":"US National Weather Service - NCEP(WMC)","subcenter":0,"refTime":"2023-09-27T00:00:00.000Z","significanceOfRT":1,"significanceOfRTName":"Start of forecast","productStatus":0,"productStatusName":"Operational products","productType":1,"productTypeName":"Forecast products","productDefinitionTemplate":0,"productDefinitionTemplateName":"Analysis/forecast at horizontal level/layer at a point in time","parameterCategory":2,"parameterCategoryName":"UnknownDiscipline_0_Category_2","parameterNumber":3,"parameterNumberName":"UnknownParameter_D0_C2_3","parameterUnit":"Unknown","genProcessType":2,"genProcessTypeName":"Forecast","forecastTime":300,"surface1Type":103,"surface1TypeName":"Specified height level above ground","surface1Value":10.0,"surface2Type":255,"surface2TypeName":"Missing","surface2Value":0.0,"gridDefinitionTemplate":0,"gridDefinitionTemplateName":"Latitude_Longitude","numberPoints":615,"shape":6,"shapeName":"Earth spherical with radius of 6,371,229.0 m","gridUnits":"degrees","resolution":48,"winds":"true","scanMode":64,"nx":41,"ny":15,"basicAngle":0,"lo1":47.0,"la1":41.0,"lo2":87.0,"la2":55.0,"dx":1.0,"dy":1.0}, "data":
[rows 0 to 14 of 15, columns 0 to 40 of 41]
-1.2381294,0.8618706,-1.4381294,11.661871,9.561871,6.0618706,3.9618707,6.1618705,4.861871,4.0618706,3.6618705,3.8618705,2.8618705,1.4618706,-0.33812943,-2.7381294,-3.0381293,-3.5381293,-4.638129,-3.7381294,-3.8381295,-4.9381294,-4.9381294,2.5618706,2.5618706,0.16187057,0.5618706,1.0618706,-1.2381294,-1.2381294,-1.7381294,-0.33812943,-0.038129427,0.96187055,0.26187056,-0.13812943,0.26187056,0.3618706,-2.7381294,-2.2381294,0.061870575
4.0618706,-1.7381294,-2.1381295,13.161871,11.161871,5.9618707,7.861871,6.361871,5.7618704,4.861871,3.7618706,3.7618706,3.9618707,2.0618706,-0.13812943,-0.73812944,-0.53812945,-1.7381294,-2.8381295,-3.6381295,-4.638129,-5.138129,-4.638129,-3.3381295,1.7618706,1.1618706,0.6618706,1.7618706,-1.1381295,-0.33812943,-1.8381294,-2.2381294,-3.1381295,-0.73812944,1.0618706,2.6618705,2.0618706,0.061870575,0.26187056,-1.6381295,-0.33812943
-3.5381293,-2.6381295,6.6618705,12.26187,9.661871,5.9618707,7.0618706,7.0618706,6.9618707,6.1618705,4.9618707,4.1618705,3.4618707,2.3618705,0.3618706,-0.8381294,-1.0381294,-1.4381294,-2.4381294,-3.5381293,-5.0381293,-3.7381294,-6.3381295,-1.5381294,-2.0381293,-0.33812943,-0.43812943,-1.5381294,0.96187055,-2.0381293,-1.6381295,-1.6381295,1.0618706,-2.1381295,-2.1381295,-1.2381294,-2.8381295,-6.638129,-2.2381294,2.0618706,-1.7381294
-1.3381294,6.361871,9.96187,10.46187,10.361871,8.561871,7.7618704,7.9618707,7.5618706,6.5618706,5.7618704,3.6618705,0.46187058,-2.9381294,2.4618707,0.76187056,-1.3381294,-1.7381294,-1.6381295,-2.5381293,-3.9381294,-2.8381295,-1.0381294,-1.7381294,-1.1381295,-1.2381294,-1.5381294,-0.8381294,-0.8381294,-1.5381294,1.9618706,-0.9381294,1.5618706,4.861871,0.76187056,1.1618706,2.4618707,0.8618706,-3.1381295,-1.6381295,-3.6381295
4.0618706,6.5618706,8.26187,9.561871,7.7618704,7.361871,7.2618704,7.0618706,6.861871,6.2618704,6.0618706,5.2618704,4.361871,3.1618705,0.8618706,0.46187058,0.96187055,-0.33812943,-0.13812943,-1.0381294,-0.8381294,-1.0381294,-1.2381294,-0.6381294,-0.9381294,0.061870575,-0.73812944,-1.1381295,-1.8381294,-0.9381294,-0.33812943,0.6618706,2.7618706,-0.038129427,0.46187058,-1.3381294,-8.638129,-5.4381294,-8.438129,-6.8381295,-2.6381295
6.2618704,6.5618706,5.7618704,3.6618705,1.4618706,2.6618705,6.2618704,6.5618706,6.5618706,5.9618707,5.6618705,5.4618707,5.861871,5.1618705,3.4618707,2.8618705,1.8618705,1.1618706,0.96187055,0.3618706,0.46187058,0.3618706,-0.8381294,-0.73812944,-0.6381294,-0.73812944,-0.53812945,5.1618705,0.76187056,-0.23812942,-1.0381294,-0.6381294,-0.6381294,3.7618706,2.4618707,-3.5381293,-1.6381295,-5.3381295,-6.5381293,-1.6381295,-1.8381294
5.9618707,6.861871,7.1618705,6.861871,6.361871,6.2618704,4.7618704,5.9618707,6.361871,6.361871,5.7618704,5.1618705,4.861871,5.1618705,5.0618706,3.7618706,1.1618706,2.1618705,1.7618706,0.8618706,0.46187058,0.76187056,0.8618706,0.5618706,-0.038129427,-0.73812944,-0.8381294,-0.53812945,-1.1381295,-0.038129427,-0.73812944,-3.0381293,0.3618706,3.0618706,1.3618705,-0.8381294,2.3618705,0.3618706,-0.9381294,-1.1381295,-1.1381295
6.2618704,6.4618707,8.46187,7.0618706,7.4618707,7.0618706,7.361871,6.9618707,6.7618704,6.1618705,6.0618706,4.9618707,4.0618706,3.7618706,3.4618707,3.1618705,2.7618706,2.7618706,2.0618706,1.7618706,1.0618706,0.96187055,1.2618706,1.0618706,0.8618706,0.26187056,-0.43812943,-1.6381295,-1.2381294,-0.9381294,0.061870575,0.3618706,-3.0381293,-1.5381294,4.861871,4.5618706,-0.8381294,-6.0381293,-2.1381295,-0.53812945,-0.6381294
4.9618707,6.0618706,6.7618704,6.361871,6.4618707,6.7618704,7.1618705,6.9618707,6.361871,6.1618705,5.2618704,5.1618705,4.1618705,3.9618707,3.4618707,3.3618705,3.3618705,2.9618707,2.7618706,2.4618707,1.4618706,1.1618706,1.0618706,0.8618706,1.7618706,1.8618705,1.7618706,1.5618706,0.6618706,-0.73812944,-0.8381294,-0.9381294,0.061870575,-3.6381295,-3.1381295,3.5618706,3.7618706,2.7618706,2.1618705,1.0618706,0.26187056
3.6618705,4.7618704,5.5618706,5.6618705,6.1618705,5.9618707,6.2618704,6.4618707,6.361871,5.6618705,5.0618706,4.5618706,4.0618706,3.6618705,3.5618706,3.4618707,3.2618706,3.0618706,3.1618705,2.3618705,2.1618705,1.8618705,1.1618706,1.0618706,1.1618706,1.6618706,2.0618706,1.4618706,1.2618706,1.1618706,0.26187056,0.26187056,3.5618706,-0.43812943,-2.7381294,-1.1381295,4.2618704,1.7618706,3.5618706,4.361871,2.7618706
-2.2381294,1.7618706,3.7618706,4.1618705,4.5618706,5.4618707,4.861871,5.1618705,4.861871,4.9618707,4.5618706,4.0618706,3.4618707,3.4618707,3.4618707,3.2618706,2.7618706,2.3618705,2.1618705,2.4618707,2.7618706,2.2618706,1.4618706,1.5618706,1.9618706,2.2618706,1.9618706,2.4618707,1.8618705,0.96187055,0.5618706,0.6618706,2.7618706,-0.33812943,-1.2381294,5.4618707,3.4618707,1.7618706,3.4618707,1.1618706,0.46187058
-4.2381296,-5.9381294,-7.3381295,-5.4381294,0.061870575,3.5618706,4.4618707,4.861871,5.1618705,4.6618705,4.361871,4.1618705,4.0618706,4.1618705,3.3618705,2.8618705,2.3618705,1.5618706,0.76187056,0.76187056,0.8618706,1.2618706,2.0618706,2.7618706,2.5618706,2.2618706,2.3618705,1.7618706,1.8618705,1.6618706,1.2618706,1.3618705,1.6618706,1.3618705,0.5618706,-0.8381294,3.9618707,5.4618707,-1.5381294,1.4618706,1.1618706
-2.9381294,-3.7381294,-3.2381294,-2.1381295,-3.2381294,-3.2381294,-4.5381293,-1.4381294,1.4618706,-0.8381294,1.3618705,1.3618705,1.7618706,1.0618706,1.5618706,2.1618705,1.6618706,0.46187058,0.8618706,0.16187057,1.1618706,0.6618706,1.0618706,2.2618706,2.2618706,3.1618705,2.2618706,1.3618705,1.8618705,1.8618705,2.2618706,2.4618707,2.0618706,3.4618707,0.8618706,1.7618706,0.8618706,1.0618706,2.6618705,1.4618706,1.4618706
-2.8381295,-1.8381294,-1.9381294,0.46187058,-1.1381295,-0.8381294,0.76187056,1.2618706,2.1618705,2.6618705,1.1618706,0.26187056,1.6618706,2.2618706,1.5618706,1.1618706,0.96187055,0.96187055,0.76187056,1.0618706,0.6618706,0.26187056,0.46187058,1.6618706,-0.23812942,-0.53812945,-0.8381294,2.1618705,1.4618706,2.0618706,2.8618705,3.0618706,3.1618705,3.2618706,3.1618705,3.2618706,2.3618705,2.4618707,2.2618706,2.6618705,2.4618707
-1.8381294,-3.3381295,-4.3381295,-2.9381294,-1.9381294,-1.4381294,-2.3381295,-1.3381294,-0.23812942,0.5618706,1.0618706,1.8618705,0.5618706,0.26187056,-1.5381294,-1.9381294,-1.0381294,-0.13812943,0.5618706,1.0618706,1.0618706,1.1618706,1.3618705,1.5618706,2.2618706,1.9618706,1.4618706,1.2618706,2.1618705,2.3618705,3.3618705,3.4618707,3.4618707,3.5618706,3.9618707,3.8618705,3.7618706,3.2618706,3.5618706,3.2618706,4.9618707
