wind.json
{"header": {"discipline":0,"disciplineName":"Meteorological products","gribEdition":2,"gribLength":1211,"center":7,"centerName":"US National Weather Service - NCEP(WMC)","subcenter":0,"refTime":"2023-06-27T00:00:00.000Z","significanceOfRT":1,"significanceOfRTName":"Start of forecast","productStatus":0,"productStatusName":"Operational products","productType":1,"productTypeName":"Forecast products","productDefinitionTemplate":0,"productDefinitionTemplateName":"Analysis/forecast at horizontal level/layer at a point in time","parameterCategory":2,"parameterCategoryName":"UnknownDiscipline_0_Category_2","parameterNumber":2,"parameterNumberName":"UnknownParameter_D0_C2_2","parameterUnit":"Unknown","genProcessType":2,"genProcessTypeName":"Forecast","forecastTime":60,"surface1Type":103,"surface1TypeName":"Specified height level above ground","surface1Value":10.0,"surface2Type":255,"surface2TypeName":"Missing","surface2Value":0.0,"gridDefinitionTemplate":0,"gridDefinitionTemplateName":"Latitude_Longitude","numberPoints":688,"shape":6,"shapeName":"Earth spherical with radius of 6,371,229.0 m","gridUnits":"degrees","resolution":48,"winds":"true","scanMode":64,"nx":43,"ny":16,"basicAngle":0,"lo1":45.0,"la1":40.0,"lo2":87.0,"la2":55.0,"dx":1.0,"dy":1.0}, "data":
[rows 0 to 15 of 16, columns 0 to 42 of 43]
2.4203784,-1.9796215,-3.0296216,-2.6596215,-7.5696216,-2.6596215,0.8503784,2.2703784,5.8603783,3.7503784,-3.2796216,0.47037843,-5.9496217,-6.7096214,-6.7996216,-6.4696217,-5.4196215,-4.2696214,-3.1496215,-3.4096215,-2.6396215,-1.1296216,-3.8696215,-1.5696216,2.6503785,4.5803785,1.6303784,0.3603784,1.4503784,5.2703786,3.2103784,1.8903785,1.5703784,5.3703785,7.2403784,3.5903785,-0.8696216,0.24037842,1.2003784,-1.7796216,-1.2296215,0.92037845,0.29037842
-1.4596215,0.070378415,2.7903783,2.1803784,-2.2196217,1.5603784,4.2103786,4.7803783,5.3203783,6.7103786,0.17037842,-3.2196217,-4.6196218,-5.4796214,-6.0196214,-5.7896214,-4.599622,-4.0896215,-3.1796217,-2.8096216,-2.9396217,-1.9396216,-1.4996216,1.3303784,2.7903783,5.940378,4.150378,4.7203784,4.7103786,5.0203786,6.8903785,6.7903786,10.040379,2.0303783,-3.0396216,2.4703784,-7.1496215,1.9503784,1.5903784,0.8403784,-4.099622,0.110378414,3.6003785
-0.5496216,1.1703784,1.5803784,-3.8496215,-0.49962157,2.9003785,4.670378,5.0303783,5.6403785,4.5403786,3.0103784,-1.1796216,-3.2196217,-4.6996217,-4.6096215,-5.1996217,-4.309622,-4.4796214,-2.7196217,-2.5196216,-2.4996216,-0.4196216,-2.6296215,0.12037842,2.6203785,3.0703783,2.9803784,-1.8496215,0.5803784,3.3503785,3.6503785,1.0703784,0.47037843,0.16037841,-0.4096216,1.2803785,-1.9296216,1.4303784,5.5803785,1.0903784,6.3003783,-0.9596216,2.1903784
-1.5996215,0.3403784,-4.8596215,-2.1896217,-0.6196216,1.6203784,5.2003784,-0.9696216,1.8803784,2.9203784,3.7803783,-2.2096217,-3.0596216,-2.4696217,-5.6196218,-6.2396216,-5.309622,-4.9096217,-4.2596216,-3.1196215,-3.4896216,-1.3596215,-2.6296215,-5.599622,-5.309622,-7.9296217,-3.6396215,-3.3096216,-1.7596216,1.8403784,4.1203785,-1.3796216,0.060378417,-1.0796216,-0.24962159,2.0903785,0.8203784,-0.9896216,1.0003784,0.9703784,7.5903783,6.2703786,0.29037842
-3.8996215,-4.4796214,-6.0496216,-2.9196215,-1.0096216,1.1803784,-0.17962158,-1.3196216,1.3703784,1.2503784,-0.4496216,-2.4396217,-4.1696215,-10.579621,-10.069622,-6.7596216,-4.829622,-5.829622,-4.6996217,-4.1096215,-3.7496216,-5.3996215,-5.3896217,-6.1496215,-4.1396217,-4.6296215,-4.4496217,-2.7796216,-4.4396214,-2.5696216,-1.3296216,0.50037843,1.5103784,3.2303784,9.270378,9.910378,8.460379,5.8403783,1.6503785,1.4303784,-1.5996215,-1.3396215,3.8803785
-3.6996217,-2.3496215,-4.9896216,-1.6096215,-2.0496216,-1.2896216,0.17037842,1.0803784,3.6603785,1.6403785,-0.5896216,-0.3896216,-9.299622,-10.259622,-8.369621,-6.7296214,-1.1896216,-4.5696216,-3.9996216,-4.2296214,-3.5396216,-3.4796216,-3.9696217,-4.3696218,-4.2796216,-4.1496215,-3.4696217,-3.1796217,-5.809622,-0.09962158,0.22037841,-0.3496216,0.4003784,2.7803783,1.6503785,2.3403785,-0.30962157,5.7603784,2.3403785,-1.9196216,3.8803785,4.0503783,4.1103783
-3.1396215,-1.6996216,-0.6496216,0.5203784,0.23037842,1.4403784,3.1003785,3.3603785,4.6203785,1.7403784,1.8703784,-8.259622,-10.089622,-10.239621,-9.699621,-9.579621,-3.5696216,-1.9196216,-0.63962156,0.12037842,-1.7796216,-1.6696216,-2.2196217,-2.9896216,-2.3496215,-2.1696215,-2.6096215,-0.18962158,-1.2596216,-0.99962157,-1.1796216,-0.46962157,-0.16962159,0.110378414,0.62037843,3.3303785,4.6203785,2.5203784,6.9803786,8.820378,9.570378,10.850378,6.2503786
-0.7896216,-0.8496216,-1.6396216,-0.069621585,0.5403784,0.93037844,2.7803783,0.67037845,2.9603784,3.4703784,2.6203785,-9.499621,-7.4896216,-8.029621,-5.7896214,-4.4196215,-0.09962158,5.9503784,7.7603784,0.13037843,1.9203784,2.6603785,1.2403784,-0.059621584,-0.08962158,0.040378418,0.5403784,0.09037842,0.7303784,0.4903784,3.6903784,2.0403783,1.7703785,1.1603785,2.4103785,-1.4696215,4.4903784,5.940378,-1.8596215,0.4903784,3.4403784,-0.19962159,5.0503783
1.7103784,0.47037843,0.4003784,1.1803784,1.1103784,0.68037844,0.93037844,-2.2396216,-3.6996217,-5.7096214,-8.239621,-5.7996216,-4.0196214,-1.4696215,-1.1196216,0.4903784,5.2703786,7.670378,6.3903785,-0.8496216,1.5703784,2.7803783,2.3203783,3.0703783,4.0103784,1.1003784,2.8803785,2.8603785,0.060378417,2.4703784,2.6303785,2.1003785,0.3003784,0.2703784,4.2303786,-1.3296216,1.8803784,3.3003783,4.0703783,6.6803784,7.2203784,7.8803782,8.130379
0.5903784,-0.07962158,1.1803784,0.6503784,-0.39962158,-0.3496216,-0.9696216,-2.7996216,-5.1796217,-5.7496214,-4.829622,-3.7896216,-0.69962156,1.6903784,-0.12962158,2.3503785,2.9703784,5.7303786,1.6803784,2.7003784,0.7203784,3.6203785,3.3603785,4.4103785,3.5103784,3.0603783,2.3203783,3.4403784,1.3103784,2.4503784,4.0903783,4.0003786,2.4403784,2.1303785,1.5903784,1.3203784,2.5803785,3.6803784,4.8903785,0.10037842,0.7903784,0.3303784,2.4903784
2.6103785,0.110378414,0.8303784,-0.15962158,-1.5696216,-2.7296216,-2.2996216,-2.6896217,-2.5896215,-1.9896216,-1.0996215,0.47037843,0.47037843,0.50037843,-0.88962156,3.0603783,2.9203784,3.4403784,0.86037844,2.9103785,3.2703784,2.3603785,4.3103786,4.4503784,1.2603784,-0.019621583,1.5703784,4.7503786,4.8403783,3.1303785,5.3903785,4.7403784,5.0403786,1.3903785,3.1303785,1.5603784,1.7503784,1.6803784,1.0303785,2.7503784,1.5803784,1.2903785,2.3303785
3.1803784,-1.7296215,1.7903785,0.38037843,-1.9496216,-1.9196216,-2.0096216,-0.94962156,-1.3996216,0.35037842,-2.1696215,-1.2496216,-1.0896215,-0.2596216,0.5303784,4.0803785,2.1503785,2.5603783,3.3203783,3.1903784,3.7603784,2.9003785,4.420378,5.0603786,3.2903783,3.9803784,3.8403785,3.0803785,4.2703786,6.6603785,6.0503783,2.0303783,5.7903786,6.8003783,1.4603784,4.3003783,4.8103786,0.5403784,0.110378414,0.7003784,1.5303785,0.39037842,1.4903784
2.0003784,3.7841796E-4,0.55037844,1.7603784,0.6303784,-0.17962158,-0.33962157,-0.7196216,-1.1596216,-1.0296216,-1.5796216,-0.2596216,-1.0196216,-1.4496216,0.25037843,1.8303784,3.7803783,5.4303784,3.5303783,2.9403784,5.3803782,2.8903785,4.7803783,3.5403783,3.0703783,5.8203783,4.8103786,5.4503784,6.2503786,7.0403786,4.150378,4.150378,5.2003784,6.3003783,4.7903786,4.0103784,2.9203784,2.5703783,4.1403785,6.4503784,5.1403785,4.8203783,4.1003785
2.2203784,0.92037845,0.13037843,1.4703784,0.9803784,-0.2596216,0.62037843,-0.16962159,0.20037842,-1.6396216,2.6203785,-1.1096215,3.1403785,-0.46962157,1.4403784,2.3103783,2.5303783,2.6303785,3.4603784,3.4203784,3.9503784,3.6603785,5.170378,4.4803786,7.9103785,1.9403784,8.710379,10.610378,7.7703786,6.0403786,4.5003786,4.2303786,5.0003786,4.8203783,5.0403786,3.7603784,6.5803785,5.1303782,6.170378,4.4603786,4.3203783,6.2403784,4.5303783
-0.88962156,-0.22962159,-0.43962157,3.6903784,-1.2496216,-0.09962158,0.9503784,-1.1896216,1.2903785,-1.7596216,0.5903784,-0.109621584,-0.39962158,2.7003784,2.6903784,2.7703784,3.0303783,1.1203784,4.5903783,2.1103785,5.8903785,3.1803784,9.020378,3.1803784,4.3303785,4.4703784,6.6403785,7.6603785,4.5903783,1.7003784,4.9303784,2.3603785,8.290379,6.0703783,5.8503785,5.9803786,4.7503786,5.420378,3.0503783,3.8503785,3.6703784,4.2903786,7.8203783
-0.22962159,-0.5896216,0.42037842,2.2303784,1.2203784,0.44037843,0.32037842,1.8503784,4.1403785,0.68037844,1.3603784,2.0703783,2.7203784,2.6103785,1.9703784,3.6203785,3.7403784,4.2303786,4.7603784,2.2003784,4.6603785,3.1603785,3.5803785,4.4103785,4.8603783,5.2903786,5.690378,6.920378,6.9303784,6.7903786,6.8803782,7.4903784,6.0803785,7.650378,3.2303784,6.7003784,7.9303784,2.2403784,4.1603785,5.2703786,5.7903786,5.6003785,3.6903784
