wind_kz.json
{"header": {"discipline":0,"disciplineName":"Meteorological products","gribEdition":2,"gribLength":871,"center":7,"centerName":"US National Weather Service - NCEP(WMC)","subcenter":0,"refTime":"2023-09-09T00:00:00.000Z","significanceOfRT":1,"significanceOfRTName":"Start of forecast","productStatus":0,"productStatusName":"Operational products","productType":1,"productTypeName":"Forecast products","productDefinitionTemplate":0,"productDefinitionTemplateName":"Analysis/forecast at horizontal level/layer at a point in time","parameterCategory":0,"parameterCategoryName":"UnknownDiscipline_0_Category_0","parameterNumber":0,"parameterNumberName":"UnknownParameter_D0_C0_0","parameterUnit":"Unknown","genProcessType":2,"genProcessTypeName":"Forecast","forecastTime":300,"surface1Type":1,"surface1TypeName":"Ground or water surface","surface1Value":0.0,"surface2Type":255,"surface2TypeName":"Missing","surface2Value":0.0,"gridDefinitionTemplate":0,"gridDefinitionTemplateName":"Latitude_Longitude","numberPoints":615,"shape":6,"shapeName":"Earth spherical with radius of 6,371,229.0 m","gridUnits":"degrees","resolution":48,"winds":"true","scanMode":64,"nx":41,"ny":15,"basicAngle":0,"lo1":47.0,"la1":41.0,"lo2":87.0,"la2":55.0,"dx":1.0,"dy":1.0}, "data":
[rows 0 to 14 of 15, columns 0 to 40 of 41]
303.97192,290.67194,297.2719,296.7719,296.67194,295.87192,305.37192,306.97192,303.37192,305.07193,303.47192,303.7719,302.67194,302.37192,302.07193,300.17194,300.57193,299.87192,300.7719,300.87192,301.7719,298.07193,296.37192,291.97192,295.37192,298.7719,293.07193,277.97192,279.67194,279.47192,279.17194,283.7719,293.87192,299.67194,299.17194,299.17194,298.87192,298.57193,298.47192,298.87192,298.67194
287.47192,296.47192,296.2719,296.37192,296.07193,294.67194,307.37192,301.2719,299.87192,301.37192,303.17194,302.2719,303.2719,300.37192,300.7719,300.97192,300.97192,300.57193,300.17194,300.57193,300.17194,298.47192,295.07193,285.17194,267.87192,273.37192,283.87192,281.47192,283.47192,277.87192,279.47192,274.57193,282.57193,266.17194,279.87192,296.2719,293.67194,297.17194,300.2719,290.87192,284.2719
296.87192,295.87192,296.57193,296.17194,293.87192,302.47192,302.17194,301.17194,300.07193,300.87192,300.67194,301.07193,300.17194,299.57193,299.37192,298.57193,293.87192,293.17194,292.07193,293.07193,294.37192,296.97192,296.7719,288.37192,293.07193,290.97192,291.7719,290.67194,288.67194,279.47192,273.97192,274.67194,280.57193,278.7719,280.57193,279.97192,275.87192,278.7719,281.57193,279.2719,278.37192
296.67194,294.97192,296.07193,295.17194,295.47192,301.57193,299.97192,300.47192,300.17194,299.37192,300.2719,299.17194,292.47192,291.87192,298.17194,297.17194,294.87192,296.37192,294.2719,294.57193,293.37192,287.37192,295.67194,294.67194,294.67194,295.47192,295.57193,292.17194,289.97192,292.2719,291.37192,288.2719,293.37192,294.17194,289.07193,281.67194,274.47192,273.87192,278.07193,285.37192,289.37192
299.2719,292.7719,293.97192,292.57193,296.87192,301.57193,302.67194,300.87192,299.67194,299.07193,297.97192,298.7719,291.57193,290.47192,289.17194,295.07193,296.47192,294.67194,293.87192,295.2719,293.2719,292.97192,291.87192,291.67194,291.47192,292.87192,292.17194,292.87192,293.97192,293.17194,294.2719,291.37192,278.07193,271.37192,280.67194,286.67194,289.67194,290.2719,291.47192,291.97192,293.67194
301.87192,299.17194,291.87192,291.37192,291.87192,291.57193,302.17194,302.67194,298.67194,298.17194,298.67194,297.87192,291.7719,292.17194,294.37192,293.7719,296.57193,293.87192,294.17194,292.57193,291.37192,291.67194,291.2719,291.07193,289.97192,289.07193,289.47192,289.47192,292.07193,294.37192,293.87192,294.07193,290.57193,289.47192,288.87192,290.7719,282.7719,284.47192,292.57193,293.87192,293.47192
302.67194,302.87192,301.97192,301.17194,297.2719,299.07193,301.97192,300.87192,301.2719,300.7719,299.67194,297.07193,296.47192,292.87192,295.7719,294.57193,293.7719,292.7719,290.17194,290.67194,291.37192,290.67194,290.07193,289.2719,288.67194,288.47192,289.17194,289.67194,290.2719,290.17194,290.97192,291.67194,292.37192,292.2719,289.17194,287.97192,283.7719,280.37192,279.67194,278.57193,287.97192
302.07193,301.47192,301.57193,300.67194,301.7719,300.17194,300.37192,298.47192,298.07193,298.17194,298.2719,292.47192,296.37192,294.67194,291.37192,291.17194,293.47192,291.57193,289.87192,287.97192,287.97192,289.17194,288.67194,289.57193,287.67194,285.37192,285.17194,286.17194,285.07193,286.47192,287.47192,289.57193,288.57193,286.47192,286.87192,288.97192,291.07193,288.37192,288.37192,289.07193,286.87192
300.07193,299.67194,298.7719,298.17194,298.67194,298.2719,299.17194,298.37192,297.17194,296.2719,295.97192,296.37192,293.57193,293.37192,292.47192,290.7719,289.17194,291.07193,290.37192,288.47192,286.07193,287.07193,286.07193,288.2719,287.2719,286.87192,283.37192,281.67194,282.37192,281.2719,283.67194,285.7719,286.97192,287.17194,288.07193,285.97192,284.97192,284.37192,275.87192,275.07193,271.57193
298.7719,296.57193,297.67194,296.87192,296.67194,297.2719,297.37192,296.97192,296.97192,293.87192,291.2719,291.67194,292.2719,290.47192,291.17194,289.7719,290.67194,288.7719,290.47192,289.97192,286.07193,286.07193,284.7719,286.7719,287.7719,287.07193,285.7719,283.87192,283.2719,284.2719,284.87192,285.37192,288.07193,291.07193,290.17194,288.97192,286.2719,278.87192,275.07193,274.47192,272.37192
297.07193,296.47192,295.47192,295.17194,294.87192,294.7719,295.57193,296.57193,295.7719,294.17194,291.7719,291.57193,291.7719,289.87192,289.37192,290.57193,286.67194,289.37192,288.17194,288.2719,287.57193,285.37192,284.37192,284.17194,286.2719,287.57193,284.57193,287.47192,288.07193,288.87192,287.7719,288.7719,290.17194,290.67194,289.07193,286.57193,280.17194,277.97192,278.67194,277.37192,274.7719
292.17194,294.67194,294.67194,292.37192,293.37192,293.57193,293.87192,294.37192,295.17194,291.17194,289.37192,286.87192,288.67194,287.37192,287.57193,288.87192,289.47192,287.57193,287.47192,287.87192,285.97192,284.97192,284.2719,284.87192,285.07193,284.57193,286.07193,288.87192,289.47192,289.2719,289.2719,290.17194,290.57193,288.97192,288.67194,288.2719,287.87192,287.87192,284.2719,282.97192,282.87192
291.67194,292.57193,293.7719,291.07193,291.87192,292.7719,293.2719,294.47192,293.7719,291.57193,286.57193,285.2719,286.7719,286.57193,288.67194,288.87192,288.37192,288.57193,289.17194,287.17194,287.37192,285.97192,286.17194,284.47192,286.2719,286.87192,287.67194,287.47192,289.17194,289.57193,289.7719,290.17194,288.87192,288.47192,288.37192,287.87192,287.17194,287.87192,285.37192,284.17194,282.57193
288.47192,290.7719,288.67194,291.67194,291.97192,291.87192,291.17194,290.37192,291.97192,291.07193,287.57193,284.47192,285.97192,286.17194,288.7719,288.37192,288.37192,287.7719,289.37192,287.57193,286.97192,287.87192,287.17194,287.37192,288.07193,289.17194,288.07193,287.2719,286.87192,286.67194,286.17194,285.67194,285.07193,283.87192,284.97192,284.57193,284.2719,284.07193,283.97192,282.67194,282.87192
282.7719,286.7719,287.67194,291.37192,290.97192,290.47192,289.2719,289.2719,291.7719,291.17194,289.57193,287.17194,285.07193,285.47192,287.97192,288.17194,288.67194,289.17194,290.2719,288.87192,289.07193,288.47192,288.37192,287.7719,286.97192,287.2719,287.7719,287.47192,286.37192,284.97192,285.97192,284.87192,285.2719,284.2719,284.17194,284.37192,284.57193,283.87192,284.37192,283.87192,283.57193
