wind_kz.json
{"header": {"discipline":0,"disciplineName":"Meteorological products","gribEdition":2,"gribLength":871,"center":7,"centerName":"US National Weather Service - NCEP(WMC)","subcenter":0,"refTime":"2023-08-21T06:00:00.000Z","significanceOfRT":1,"significanceOfRTName":"Start of forecast","productStatus":0,"productStatusName":"Operational products","productType":1,"productTypeName":"Forecast products","productDefinitionTemplate":0,"productDefinitionTemplateName":"Analysis/forecast at horizontal level/layer at a point in time","parameterCategory":0,"parameterCategoryName":"UnknownDiscipline_0_Category_0","parameterNumber":0,"parameterNumberName":"UnknownParameter_D0_C0_0","parameterUnit":"Unknown","genProcessType":2,"genProcessTypeName":"Forecast","forecastTime":300,"surface1Type":1,"surface1TypeName":"Ground or water surface","surface1Value":0.0,"surface2Type":255,"surface2TypeName":"Missing","surface2Value":0.0,"gridDefinitionTemplate":0,"gridDefinitionTemplateName":"Latitude_Longitude","numberPoints":615,"shape":6,"shapeName":"Earth spherical with radius of 6,371,229.0 m","gridUnits":"degrees","resolution":48,"winds":"true","scanMode":64,"nx":41,"ny":15,"basicAngle":0,"lo1":47.0,"la1":41.0,"lo2":87.0,"la2":55.0,"dx":1.0,"dy":1.0}, "data":
[rows 0 to 14 of 15, columns 0 to 40 of 41]
296.78506,286.68506,291.18506,298.68506,298.38507,297.28506,299.58505,299.68506,297.38507,297.48505,295.88507,298.38507,297.58505,297.08505,296.38507,294.68506,294.68506,295.18506,294.28506,293.98505,294.58505,292.58505,291.48505,287.18506,290.38507,291.38507,288.58505,275.98505,275.28506,276.08505,277.68506,280.78506,289.98505,295.78506,298.58505,296.78506,297.08505,297.68506,298.18506,297.58505,296.18506
278.18506,290.68506,298.58505,298.48505,298.28506,297.18506,299.28506,296.78506,295.58505,296.48505,296.08505,294.28506,295.08505,294.88507,294.18506,294.08505,293.98505,294.28506,293.18506,292.88507,292.88507,293.68506,292.48505,284.48505,276.98505,276.18506,284.78506,275.78506,277.88507,271.08505,277.88507,270.58505,281.18506,256.88507,271.38507,294.38507,290.78506,293.88507,298.18506,289.48505,284.08505
294.18506,298.28506,298.68506,298.58505,297.08505,299.68506,298.78506,296.88507,293.98505,293.58505,292.98505,293.28506,291.28506,292.08505,294.58505,292.28506,291.78506,294.98505,291.88507,291.98505,293.28506,293.08505,293.68506,287.88507,288.68506,287.78506,287.58505,287.18506,285.78506,278.48505,270.08505,276.78506,280.88507,280.28506,282.18506,284.48505,272.98505,275.98505,278.68506,275.88507,275.78506
294.88507,299.08505,298.58505,297.58505,296.58505,298.58505,298.28506,295.78506,295.48505,293.78506,292.68506,291.88507,294.98505,294.28506,294.38507,292.68506,294.78506,293.88507,294.58505,293.18506,292.08505,288.38507,292.78506,291.98505,289.38507,293.38507,293.08505,289.28506,288.98505,290.08505,290.98505,287.28506,292.28506,292.18506,286.78506,284.58505,276.28506,270.78506,278.58505,287.78506,291.28506
296.78506,298.38507,298.58505,298.08505,297.68506,297.18506,298.18506,297.48505,295.98505,295.48505,293.88507,291.88507,294.68506,293.38507,291.18506,295.58505,295.08505,293.78506,291.28506,294.38507,294.38507,293.38507,292.58505,292.08505,292.18506,291.18506,293.48505,291.38507,289.58505,288.48505,293.88507,288.68506,276.58505,270.48505,282.98505,290.28506,293.08505,294.88507,294.28506,295.38507,294.38507
294.78506,292.38507,296.88507,297.58505,298.08505,297.58505,295.28506,297.88507,296.18506,296.08505,296.38507,296.18506,294.28506,294.18506,293.68506,294.18506,296.28506,294.58505,294.28506,294.28506,293.58505,293.38507,292.28506,291.38507,290.48505,292.18506,294.08505,292.88507,294.98505,294.48505,293.38507,293.28506,292.38507,291.68506,287.08505,289.78506,280.58505,283.78506,292.98505,293.48505,292.68506
295.88507,294.38507,296.78506,295.98505,295.68506,295.28506,296.68506,296.58505,297.48505,297.98505,296.08505,296.88507,296.28506,296.58505,296.48505,297.38507,296.88507,296.88507,295.88507,294.58505,296.08505,296.38507,295.18506,293.48505,289.38507,288.98505,291.28506,291.28506,291.98505,291.58505,292.88507,292.68506,292.98505,291.58505,288.78506,287.68506,282.38507,278.38507,276.38507,275.98505,286.98505
297.08505,296.08505,295.28506,295.28506,296.68506,296.88507,297.38507,296.28506,295.68506,296.68506,296.68506,296.18506,295.98505,296.58505,296.78506,297.18506,296.88507,297.08505,295.98505,292.98505,292.58505,292.18506,293.68506,291.88507,291.18506,285.18506,285.08505,288.88507,287.48505,288.58505,286.68506,289.38507,285.58505,284.28506,287.28506,287.88507,290.08505,289.38507,286.98505,291.08505,283.78506
298.08505,296.88507,296.18506,294.18506,297.18506,296.78506,295.88507,295.88507,295.58505,295.18506,294.68506,294.28506,294.58505,296.08505,295.48505,295.88507,295.48505,295.28506,294.88507,293.08505,289.78506,289.08505,288.38507,289.88507,290.28506,288.88507,286.08505,284.58505,285.88507,283.38507,282.98505,286.28506,286.78506,288.58505,287.78506,283.68506,282.98505,281.38507,277.08505,276.58505,274.38507
295.88507,297.68506,296.78506,295.68506,295.58505,295.88507,295.48505,295.18506,294.78506,294.18506,292.68506,292.58505,293.88507,294.08505,293.68506,293.98505,294.28506,293.88507,293.38507,292.48505,290.48505,289.08505,289.08505,290.48505,288.38507,287.68506,288.48505,285.18506,286.78506,286.38507,285.68506,288.88507,288.08505,287.38507,286.08505,285.18506,280.38507,280.48505,279.48505,278.48505,277.08505
295.28506,294.78506,294.98505,294.48505,294.48505,294.58505,294.88507,294.48505,293.88507,292.88507,292.58505,292.28506,293.28506,292.48505,292.78506,292.78506,291.88507,292.88507,291.88507,290.38507,289.98505,288.88507,286.08505,286.08505,286.38507,288.48505,287.08505,289.28506,289.68506,290.48505,288.88507,290.88507,289.58505,290.48505,285.98505,283.58505,280.48505,279.38507,280.48505,280.58505,276.88507
292.58505,294.48505,294.48505,293.88507,293.58505,293.18506,292.18506,292.18506,292.58505,292.28506,289.58505,290.78506,291.98505,291.98505,291.78506,292.48505,291.98505,290.48505,289.78506,289.48505,287.98505,286.98505,286.28506,288.28506,285.88507,289.08505,289.08505,290.28506,289.88507,290.78506,289.58505,289.78506,289.88507,288.58505,287.78506,285.18506,285.78506,284.18506,284.98505,285.68506,284.78506
292.78506,292.58505,293.88507,293.38507,293.68506,293.38507,291.88507,292.08505,290.88507,291.78506,288.48505,287.48505,290.18506,289.88507,290.88507,290.98505,289.48505,288.88507,288.58505,288.98505,288.18506,285.68506,286.38507,288.28506,287.18506,290.58505,291.28506,290.48505,290.18506,288.98505,290.18506,290.08505,289.68506,289.28506,287.48505,286.98505,285.28506,285.28506,283.48505,282.88507,283.48505
294.48505,295.38507,291.88507,295.78506,293.08505,294.28506,293.98505,294.18506,293.18506,291.88507,291.78506,288.08505,287.78506,290.08505,290.48505,289.78506,288.78506,288.68506,287.48505,288.28506,288.58505,288.58505,289.98505,288.98505,287.88507,288.48505,290.58505,289.68506,288.48505,285.08505,289.08505,284.48505,284.38507,285.58505,284.48505,282.58505,283.28506,283.58505,283.08505,282.08505,281.88507
295.18506,295.48505,290.48505,295.88507,294.98505,294.98505,292.78506,290.78506,292.28506,290.78506,289.28506,293.08505,291.58505,290.68506,289.38507,288.68506,288.08505,287.48505,287.08505,287.28506,289.48505,286.68506,289.28506,287.88507,287.28506,289.48505,289.58505,288.58505,287.98505,286.88507,284.88507,283.98505,283.98505,283.38507,282.18506,281.68506,282.38507,285.58505,285.18506,282.88507,282.58505
