wind_kz.json
{"header": {"discipline":0,"disciplineName":"Meteorological products","gribEdition":2,"gribLength":1025,"center":7,"centerName":"US National Weather Service - NCEP(WMC)","subcenter":0,"refTime":"2023-08-24T00:00:00.000Z","significanceOfRT":1,"significanceOfRTName":"Start of forecast","productStatus":0,"productStatusName":"Operational products","productType":1,"productTypeName":"Forecast products","productDefinitionTemplate":0,"productDefinitionTemplateName":"Analysis/forecast at horizontal level/layer at a point in time","parameterCategory":2,"parameterCategoryName":"UnknownDiscipline_0_Category_2","parameterNumber":2,"parameterNumberName":"UnknownParameter_D0_C2_2","parameterUnit":"Unknown","genProcessType":2,"genProcessTypeName":"Forecast","forecastTime":240,"surface1Type":103,"surface1TypeName":"Specified height level above ground","surface1Value":10.0,"surface2Type":255,"surface2TypeName":"Missing","surface2Value":0.0,"gridDefinitionTemplate":0,"gridDefinitionTemplateName":"Latitude_Longitude","numberPoints":615,"shape":6,"shapeName":"Earth spherical with radius of 6,371,229.0 m","gridUnits":"degrees","resolution":48,"winds":"true","scanMode":64,"nx":41,"ny":15,"basicAngle":0,"lo1":47.0,"la1":41.0,"lo2":87.0,"la2":55.0,"dx":1.0,"dy":1.0}, "data":
[rows 0 to 14 of 15, columns 0 to 40 of 41]
1.1151227,-1.9648774,2.1051226,-2.3348773,-4.3748775,-6.6448774,-5.0648775,-5.1848774,-6.0948772,-3.6748774,-4.214877,-4.5348773,-4.8948774,-4.6848774,-4.8248773,-4.4748774,-3.3048773,-3.7548773,-5.4748774,-2.7248774,1.6651226,0.6151227,1.1251227,-0.15487732,0.30512267,-2.8848772,-3.1048772,-2.3348773,-0.7648773,0.10512268,-0.4648773,0.32512268,2.2151227,0.9751227,1.9851227,-3.2448773,-0.35487732,1.8751227,-2.9048774,-1.0248773,-3.1348772
1.8151227,1.8151227,-5.174877,-6.4748774,-4.964877,-6.2748775,-3.3848772,-6.4148774,-4.1248775,-4.3148775,-4.3148775,-4.7948775,-4.6848774,-4.174877,-3.2748773,-4.3448772,-3.2448773,-3.4348774,-3.2748773,-2.1048772,-0.48487732,0.63512266,-0.55487734,-2.4948773,-0.35487732,0.75512266,-0.5048773,-0.41487733,-2.6748774,-1.5948774,0.05512268,-0.23487732,0.50512266,-1.6548773,-1.3648773,-0.5748773,-0.9648773,0.9251227,1.6051227,0.7751227,-3.0448773
5.5051227,5.515123,-4.7648773,-6.7748775,-4.924877,-5.1048775,-4.6048775,-2.0148773,-4.504877,-3.9848773,-3.0948772,-3.4748774,-3.4348774,-3.6548774,-3.3448772,-4.0648775,-4.4548774,-3.6848774,-2.6048772,-0.8248773,0.8651227,0.075122684,-4.194877,-3.9848773,2.0351226,1.1851227,2.6651227,1.8851227,-0.6348773,-0.6548773,-0.73487735,1.4351227,-0.7648773,-0.07487732,-0.92487735,0.9051227,-0.4348773,-1.4748774,2.1451228,0.7151227,-0.3048773
2.9051228,-5.5748773,-6.0748773,-4.8748775,-4.2048774,-3.2248774,-3.2248774,-2.3248773,-2.9248774,-2.9048774,-2.4848773,-1.3748773,-1.6648773,-4.1848774,-3.1048772,-3.2248774,-3.3248773,-3.2648773,-2.9148774,-1.5848774,-0.8548773,-2.5748773,2.7051227,-1.8148773,-1.8248773,-2.9548774,-1.7348773,-5.2748775,-2.4148774,0.4151227,-0.5748773,-2.8248773,-3.7148774,-3.3948774,-6.754877,-2.8548772,-1.0648773,1.1851227,-0.67487735,1.9451227,2.4451227
1.4651227,-5.654877,-4.214877,-2.1148772,-2.7748773,-2.6948774,-1.4248773,-1.1748773,-1.5148773,-0.8348773,-0.3648773,-0.80487734,-4.3448772,-4.3048773,-3.6848774,-3.0948772,-2.3448772,-2.3648772,-2.2148774,-2.2748773,-1.9148773,-2.7348773,-2.6048772,-1.8948773,-2.8648772,-2.7348773,-4.174877,-1.8348774,-2.6748774,-2.4948773,-2.6148772,-2.2948773,-2.0748773,1.6351227,2.1651227,-0.7648773,1.1951227,4.635123,4.2051225,1.7051227,0.5451227
1.6051227,-1.2648773,1.8451227,0.9751227,0.20512268,-3.8948774,-2.6448774,-2.7448773,-2.4348774,-1.1748773,-2.2248774,-3.8948774,-3.7648773,-4.5748773,-4.4148774,-3.7848773,-3.4748774,-3.2348773,-1.3048773,-1.6148773,-1.9648774,-2.1148772,-2.0248773,-2.8048773,-2.7648773,-3.9248774,-2.5848773,-4.004877,-2.3448772,-0.80487734,-0.9748773,-0.93487734,0.93512267,0.11512268,0.32512268,0.2551227,0.5451227,1.5851227,4.2251225,-2.5148773,0.7251227
0.9251227,-1.6648773,-2.8848772,-4.614877,-6.6848774,-4.9748774,-4.864877,-4.254877,-4.134877,-4.0248775,-4.2948775,-4.2248774,-3.1448774,-2.9748774,-2.7348773,-2.8048773,-2.5048773,-1.7248774,-1.6748773,-1.1948773,-0.93487734,-0.26487732,-1.5748773,-1.1048774,-0.98487735,-1.0148773,-1.0948774,-1.6048774,-1.4448773,-1.8448774,-3.5848773,-2.0048773,-0.93487734,-0.19487733,0.02512268,-0.93487734,-1.1248773,2.1051226,0.4751227,-0.17487732,1.5651227
2.1251228,1.1351227,-3.6248772,-4.4548774,-4.6248775,-4.484877,-4.0448775,-3.8848772,-3.2648773,-3.5548773,-3.1148772,-3.4948773,-2.5148773,-2.8748772,-2.2448773,-1.9848773,-2.0748773,-2.4848773,-2.4548774,-2.1548774,-1.3748773,-1.5148773,-0.99487734,-1.7848773,0.12512268,1.4351227,1.0351226,0.49512267,0.29512268,-0.41487733,-0.4348773,-0.92487735,-1.2848773,-0.7048773,-0.7948773,1.5251226,3.7751226,5.555123,4.4451227,3.8351226,-0.17487732
-1.9548774,2.4151227,-2.8848772,-3.2248774,-3.5248773,-3.6348772,-3.4748774,-4.0648775,-3.9748774,-3.4148774,-2.9048774,-1.9948773,-0.7948773,-0.61487734,0.87512267,1.8451227,1.9751227,2.0851226,1.7051227,0.76512265,0.82512265,2.3551226,2.3851228,1.5951227,1.4451227,1.2051227,1.4951227,1.8951226,1.8951226,1.2251227,1.5451226,1.9551227,1.4451227,1.5351226,0.8551227,1.1151227,0.26512268,-2.3648772,0.3151227,0.8951227,0.17512268
8.585123,-0.38487732,0.33512267,-1.7148774,-2.9148774,-3.2748773,-2.9748774,-2.8848772,-2.1048772,-2.0848773,-1.4748774,-0.7048773,0.5351227,1.9551227,2.6451228,3.2451227,3.5351226,3.7251227,3.5151227,3.1451228,3.6751227,3.8451226,4.035123,3.6851227,3.1251228,2.9151227,2.6051226,2.9551227,3.4751227,3.4551227,2.0451226,3.0351226,3.1151228,2.5551226,1.4151226,1.2151227,-0.47487733,-0.21487732,-1.0348773,0.6651227,-0.31487733
3.0451226,2.0051227,0.075122684,-0.7248773,-1.1148773,-2.4748774,-0.55487734,-0.62487733,-0.7148773,-0.99487734,0.18512268,1.5451226,2.1451228,3.1851227,3.6451228,3.2751226,3.3851228,3.7751226,2.2151227,2.3451226,3.1051226,3.7251227,4.365123,4.0851226,3.4151227,3.2951226,3.4251227,4.1051226,4.4551225,6.0451226,4.575123,2.5851226,2.2251227,1.9451227,2.7151227,-0.98487735,-0.86487734,0.37512267,-1.2148774,1.2951226,-0.5448773
1.1851227,2.2351227,0.7951227,-0.6548773,-1.7748773,-0.9748773,-1.2848773,-0.8948773,0.04512268,-1.3648773,-0.5748773,1.3751227,1.4051226,-0.92487735,1.1851227,2.2551227,3.2151227,1.9151226,0.42512268,2.3951228,3.3451226,4.555123,3.6051226,3.5151227,3.6151228,4.245123,5.4351225,6.765123,6.535123,5.5851226,5.6051226,3.3551226,0.7851227,1.3351227,1.4451227,2.2651227,0.9251227,1.1851227,-0.45487732,-0.26487732,-0.8848773
1.0851227,-0.41487733,-2.4848773,-4.0248775,-1.5448773,-1.0348773,-3.2448773,-1.5148773,-2.1048772,-1.4148773,-0.93487734,0.6051227,0.7851227,0.7051227,-0.8348773,-0.86487734,-1.1848773,-0.6048773,-0.18487732,1.1751227,1.9351227,3.0851226,3.2351227,3.7251227,4.4751225,4.1451225,6.385123,6.8751225,7.1851225,4.1851225,0.94512266,-0.0048773196,-0.7548773,0.7351227,0.7151227,1.4851227,2.0951226,0.39512268,1.6251227,-1.1348773,-1.2448773
2.8951228,1.3651227,-1.5948774,-2.3348773,-4.1448774,-3.5948772,-2.4348774,-2.2248774,-0.47487733,-1.0448773,-0.87487733,0.21512268,0.49512267,-1.3148773,-1.4648774,-0.37487733,0.81512266,1.2751226,1.7451227,2.9951227,3.2351227,3.6051226,4.7351227,5.6451225,5.9451227,6.9551225,7.9151225,6.4251227,1.4151226,2.6651227,1.3451227,3.0351226,1.8951226,1.8351227,1.3451227,1.8051227,1.1051227,-0.07487732,-1.8748773,0.09512268,-0.6548773
2.0551226,-1.7048774,-3.2248774,-4.0348773,-4.174877,-2.2548773,-1.1348773,-0.98487735,-0.87487733,-1.2648773,-0.8348773,-0.61487734,0.075122684,0.6051227,0.32512268,1.6551226,2.3851228,2.6251228,3.0651226,3.7551227,3.9351227,4.5051227,4.825123,5.555123,6.4551225,5.3951225,3.9851227,5.4151225,1.9351227,2.1251228,-0.23487732,1.7451227,0.6751227,1.7651227,1.2851226,2.5751226,-0.11487732,1.2051227,-0.7948773,0.7851227,-1.7448773
