wind.json
{"header": {"discipline":0,"disciplineName":"Meteorological products","gribEdition":2,"gribLength":1211,"center":7,"centerName":"US National Weather Service - NCEP(WMC)","subcenter":0,"refTime":"2023-05-30T06:00:00.000Z","significanceOfRT":1,"significanceOfRTName":"Start of forecast","productStatus":0,"productStatusName":"Operational products","productType":1,"productTypeName":"Forecast products","productDefinitionTemplate":0,"productDefinitionTemplateName":"Analysis/forecast at horizontal level/layer at a point in time","parameterCategory":2,"parameterCategoryName":"UnknownDiscipline_0_Category_2","parameterNumber":3,"parameterNumberName":"UnknownParameter_D0_C2_3","parameterUnit":"Unknown","genProcessType":2,"genProcessTypeName":"Forecast","forecastTime":60,"surface1Type":103,"surface1TypeName":"Specified height level above ground","surface1Value":10.0,"surface2Type":255,"surface2TypeName":"Missing","surface2Value":0.0,"gridDefinitionTemplate":0,"gridDefinitionTemplateName":"Latitude_Longitude","numberPoints":688,"shape":6,"shapeName":"Earth spherical with radius of 6,371,229.0 m","gridUnits":"degrees","resolution":48,"winds":"true","scanMode":64,"nx":43,"ny":16,"basicAngle":0,"lo1":45.0,"la1":40.0,"lo2":87.0,"la2":55.0,"dx":1.0,"dy":1.0}, "data":
[rows 0 to 15 of 16, columns 0 to 42 of 43]
-2.174485,2.4555151,2.3655152,5.665515,0.5555151,-5.2344847,-5.934485,-5.7144847,-7.844485,-3.414485,-3.924485,4.5555153,0.43551514,0.57551515,-0.84448487,-2.7844849,-3.744485,-4.7744846,-2.674485,-5.684485,-7.874485,-4.054485,-5.974485,2.9655151,4.925515,2.6955152,2.815515,2.4555151,2.8555152,-0.85448486,-0.9444849,-1.4744849,-1.2444849,-0.78448486,-5.5244846,1.9655151,0.94551516,0.15551513,-0.8344849,-2.5244849,-2.1444848,-2.254485,-3.6544847
2.3455153,-0.08448486,4.795515,-1.3644849,-1.6144849,-6.474485,-5.664485,-6.014485,-6.204485,-5.204485,-3.1144848,2.8455153,0.25551513,0.95551515,-0.46448487,-2.8344848,-2.5644848,-4.854485,-3.194485,-3.8844848,-6.034485,-5.704485,-8.554485,-6.934485,-1.7244849,-1.3944849,-1.0344849,-2.5944848,-2.004485,0.085515134,1.1755152,0.69551516,-0.90448487,0.33551514,0.0155151365,-2.7944849,-0.33448488,2.535515,2.805515,1.1555152,-0.9644849,-3.8544848,3.3655152
0.82551515,-3.174485,4.695515,1.5355152,-0.07448486,-5.264485,-6.184485,-6.1744847,-6.6744847,-3.1544847,-4.044485,3.485515,3.1155152,2.3655152,-0.55448484,-2.1444848,-2.434485,-3.684485,-4.554485,-5.5044847,-5.2344847,-6.104485,-7.814485,-7.7744846,-5.834485,2.1455152,-1.6244849,-2.944485,-0.86448485,-0.6344849,0.58551514,1.3855151,1.2855152,0.14551514,1.0555152,0.7955151,-3.5844848,-1.1844848,-1.1744848,-3.2844849,-0.84448487,-1.5344849,0.7355151
1.9455152,1.7155151,0.47551513,-1.9944849,-4.624485,-5.204485,-5.184485,-5.9244847,-4.114485,-4.114485,0.28551513,2.4455152,1.9255152,0.14551514,-3.3744848,-0.56448483,-2.3044848,-1.9844849,-2.3244848,-3.694485,-3.8944848,-5.1744847,-5.9444847,-6.064485,-7.4844847,-5.044485,-2.924485,1.4155152,-0.094484866,0.36551514,-0.9444849,0.64551514,1.1055151,-0.22448486,1.0155151,-1.0444849,-1.1844848,2.315515,0.39551514,-2.3344848,0.65551513,0.41551512,-0.15448487
-0.68448484,-1.5344849,-0.53448486,-2.234485,-2.6544847,-2.0344849,-2.954485,-1.7044848,-4.2744846,-6.084485,1.7455151,2.565515,1.8655151,0.32551515,-0.53448486,-3.5444849,1.5355152,0.34551513,-0.24448486,-0.68448484,-1.5344849,-3.1144848,-3.3644848,-6.544485,-2.7944849,-4.974485,-5.094485,-4.264485,-3.0844848,-4.064485,-1.5944848,-1.9144849,-3.764485,-3.1044848,-0.16448486,1.7455151,0.96551514,-4.244485,-5.394485,0.09551514,-0.25448486,1.6655152,2.275515
-0.66448486,-1.2444849,-2.0344849,-4.5244846,-4.054485,-2.174485,-0.014484864,0.36551514,-2.3144848,-3.254485,6.665515,5.165515,3.7255151,1.2955152,-0.15448487,-2.264485,-4.634485,2.065515,0.93551517,0.18551514,0.025515137,0.41551512,-0.07448486,0.21551514,-1.2144848,-1.6144849,-2.8144848,-2.974485,-3.5544848,-1.8644849,-2.7844849,-4.034485,-5.384485,-2.994485,1.2855152,3.1355152,-1.1244849,0.36551514,-0.07448486,0.7255151,1.1455151,-0.78448486,-1.9144849
-0.42448485,-1.3444848,-3.8844848,-1.9044849,-2.5544848,-1.3444848,-0.31448486,3.485515,1.3155152,-1.3344848,-1.4644848,5.465515,3.6555152,1.9855151,0.5555151,-2.204485,-0.93448484,2.8855152,3.085515,2.9555151,2.3455153,2.1755152,0.7355151,0.9155151,2.065515,1.8555151,0.38551512,-1.5444849,-3.0544848,-5.334485,-3.3044848,-4.494485,-6.114485,-5.6544847,-4.0244846,-2.1044848,2.1055152,0.7955151,3.3855152,0.82551515,-0.68448484,-2.0744848,-1.2644849
-2.2944849,-3.934485,-4.634485,-8.404485,3.8755152,4.3455153,3.1255152,3.075515,1.9855151,1.0055151,7.645515,5.715515,3.495515,3.1055152,1.6455151,0.44551513,0.45551515,3.8755152,3.7255151,3.555515,3.775515,2.7055151,2.485515,0.62551516,-0.19448486,-0.67448485,-1.6544849,-2.254485,-2.3644848,-1.6944848,-3.214485,-4.354485,-5.434485,-7.0044847,-7.844485,-5.794485,-1.1944848,-1.9844849,-4.1944847,-2.0444849,-1.6644849,-2.8544848,-1.1944848
-2.5244849,-5.124485,-9.534485,-11.564485,2.035515,5.485515,5.425515,3.075515,2.565515,3.505515,7.315515,6.4755154,5.2455153,3.565515,1.8755151,3.0955153,0.47551513,-1.1244849,4.0955153,3.0955153,-0.6444849,2.8655152,2.505515,1.9255152,0.93551517,0.5355151,-0.55448484,-0.28448486,-0.40448487,-2.6244848,-2.214485,-2.7844849,-3.2844849,-4.124485,-4.344485,-5.6544847,-1.9144849,-1.0244849,-0.99448484,0.23551513,1.5255151,-0.72448486,-2.0844848
-3.5244849,-4.9844847,-10.104485,-13.424485,-10.424485,-0.42448485,3.745515,-2.8244848,-0.17448486,6.045515,4.0555153,3.4355152,3.025515,1.6455151,2.065515,1.6855152,-0.49448487,-1.9844849,-1.9344848,0.56551516,-0.32448485,1.7555151,0.7255151,0.27551514,0.5555151,1.3455151,0.8055151,-0.17448486,-0.064484864,-0.064484864,-0.93448484,-1.8544849,-2.0744848,-2.8044848,-2.424485,-3.2744849,-1.1444849,-1.5744848,-3.5844848,-1.5944848,-2.0744848,-2.3644848,-3.464485
-5.364485,-4.134485,-7.104485,-10.354485,-9.384485,-7.834485,-3.704485,-4.2144847,-2.0744848,4.675515,3.315515,2.515515,-0.26448485,2.4255152,4.335515,2.585515,2.015515,0.6155151,0.09551514,-0.024484864,-0.81448483,1.1055151,2.3955152,2.3655152,0.8555151,2.275515,2.035515,1.4855151,1.5555152,1.1955152,0.47551513,-1.3044848,-0.39448488,-0.22448486,-2.8544848,-5.064485,-2.994485,-0.094484866,0.045515135,-4.2544847,-2.444485,-0.42448485,-0.55448484
-3.1444848,-5.104485,-3.244485,-6.114485,-8.544485,-8.704485,-7.374485,-4.974485,-1.4044849,-2.2744849,2.9555151,2.755515,0.65551513,1.6155151,2.9155152,4.795515,3.1855152,3.485515,2.835515,2.6155152,0.93551517,0.43551514,1.7755151,1.6255151,2.4355152,3.265515,2.6155152,2.9055152,0.71551514,2.015515,1.0355152,0.6155151,0.39551514,0.29551515,-2.3144848,-3.3644848,-5.264485,-4.164485,-1.4044849,1.8555151,-1.2844849,-0.68448484,-0.7044849
-3.5744848,-3.0344849,-3.664485,-3.3644848,-5.744485,-6.954485,-6.914485,-5.7344847,-4.0044847,-0.90448487,-1.0044849,0.13551514,-0.32448485,1.0455152,2.1555152,1.8855151,-1.3344848,0.43551514,1.3355151,0.29551515,-2.5544848,3.3655152,2.7155151,1.8755151,1.6255151,3.265515,3.6155152,3.245515,2.335515,3.335515,3.565515,2.4555151,1.4755151,1.2455151,-0.10448486,-1.6544849,-2.3844848,-2.994485,-1.8644849,0.5455151,1.6755152,1.3555151,0.65551513
-2.0644848,-2.0844848,-2.164485,-2.494485,-3.6344848,-4.6744847,-2.8344848,-2.3444848,-3.244485,-2.954485,-1.0044849,0.43551514,0.20551513,0.26551515,3.255515,2.505515,1.3855151,3.1355152,3.1155152,2.4255152,-0.67448485,0.45551515,3.6555152,2.2055151,2.3455153,2.795515,3.6955152,4.215515,4.355515,2.8855152,3.765515,3.9555151,3.3455153,3.1355152,2.245515,1.3155152,-0.44448486,-1.5444849,-1.4444848,-1.1544849,-2.174485,-1.5744848,-0.11448486
-0.18448487,-0.22448486,0.25551513,-0.59448487,-2.8644848,-3.004485,-3.0444849,-3.464485,-3.8344848,-3.0444849,-2.954485,-3.0444849,1.0355152,0.36551514,0.17551513,1.6255151,3.3655152,5.2655153,4.795515,6.715515,3.1255152,2.9155152,3.6455152,3.1255152,3.525515,3.525515,2.4155152,3.4755151,3.565515,3.2155151,3.6655152,3.8855152,3.9155152,3.085515,2.505515,2.4155152,0.81551516,-1.0544848,0.21551514,0.06551514,-0.7544849,0.36551514,-0.65448487
1.2455151,-0.90448487,-0.85448486,0.035515137,-2.484485,-1.0944848,-1.9444848,-2.264485,-2.0444849,-2.8044848,-2.7744849,-1.6444849,-1.9644848,-1.7644849,1.4555151,-0.24448486,2.3955152,5.0755153,3.7155151,4.085515,3.795515,3.275515,3.9355152,5.3055153,3.285515,3.7055151,3.1055152,3.4455152,2.9655151,3.3455153,3.1755152,3.565515,3.805515,4.125515,3.245515,3.335515,2.285515,0.12551513,-0.47448486,0.085515134,0.23551513,0.57551515,0.27551514
