wind_kz.json
{"header": {"discipline":0,"disciplineName":"Meteorological products","gribEdition":2,"gribLength":1025,"center":7,"centerName":"US National Weather Service - NCEP(WMC)","subcenter":0,"refTime":"2023-09-30T18:00:00.000Z","significanceOfRT":1,"significanceOfRTName":"Start of forecast","productStatus":0,"productStatusName":"Operational products","productType":1,"productTypeName":"Forecast products","productDefinitionTemplate":0,"productDefinitionTemplateName":"Analysis/forecast at horizontal level/layer at a point in time","parameterCategory":2,"parameterCategoryName":"UnknownDiscipline_0_Category_2","parameterNumber":2,"parameterNumberName":"UnknownParameter_D0_C2_2","parameterUnit":"Unknown","genProcessType":2,"genProcessTypeName":"Forecast","forecastTime":240,"surface1Type":103,"surface1TypeName":"Specified height level above ground","surface1Value":10.0,"surface2Type":255,"surface2TypeName":"Missing","surface2Value":0.0,"gridDefinitionTemplate":0,"gridDefinitionTemplateName":"Latitude_Longitude","numberPoints":615,"shape":6,"shapeName":"Earth spherical with radius of 6,371,229.0 m","gridUnits":"degrees","resolution":48,"winds":"true","scanMode":64,"nx":41,"ny":15,"basicAngle":0,"lo1":47.0,"la1":41.0,"lo2":87.0,"la2":55.0,"dx":1.0,"dy":1.0}, "data":
[rows 0 to 14 of 15, columns 0 to 40 of 41]
-3.113728,-1.023728,-0.833728,-3.073728,-1.813728,0.38627198,0.89627194,2.016272,4.076272,4.936272,5.826272,5.836272,6.686272,4.646272,4.666272,4.576272,3.206272,2.796272,4.656272,4.006272,6.076272,2.246272,4.236272,3.086272,2.026272,8.436272,-2.133728,0.33627197,-1.013728,0.24627197,-0.963728,1.266272,0.63627195,-0.25372803,-1.793728,-1.513728,-1.563728,-0.36372802,2.426272,1.586272,0.12627198
2.456272,-0.93372804,-0.113728024,1.566272,2.686272,5.076272,2.7162719,3.2362719,4.176272,2.536272,2.776272,2.376272,2.566272,2.706272,5.716272,6.316272,5.196272,3.056272,3.2362719,5.546272,5.726272,5.156272,4.326272,1.686272,-1.3337281,-0.06372803,0.34627196,0.16627197,-0.81372803,-0.573728,0.23627198,-0.55372804,0.94627196,-2.573728,0.066271976,-1.0937281,-0.703728,-0.39372802,-1.553728,0.68627197,-3.093728
-0.36372802,2.536272,1.466272,4.476272,5.896272,2.006272,3.186272,2.916272,2.596272,4.166272,4.876272,5.326272,4.8562717,4.766272,5.916272,2.816272,4.116272,3.906272,4.236272,6.156272,7.3562717,4.366272,8.636272,6.296272,2.926272,8.466272,10.016272,3.816272,-1.913728,-0.55372804,-1.393728,1.436272,-1.013728,-0.50372803,0.51627195,-0.16372803,0.68627197,-0.723728,2.506272,2.106272,2.096272
-0.21372803,3.366272,4.926272,6.3562717,3.7262719,3.936272,2.746272,4.126272,4.556272,4.676272,5.336272,5.446272,10.506272,9.766272,6.866272,5.636272,6.1062717,7.166272,3.336272,6.456272,4.256272,6.756272,10.286272,9.966272,10.966272,9.856272,8.456272,2.206272,-2.073728,-0.303728,-2.143728,-3.303728,-2.483728,-3.403728,-2.413728,-2.383728,-1.903728,2.4862719,1.336272,-0.903728,-1.3337281
-0.14372803,3.846272,6.266272,7.196272,7.456272,3.846272,6.776272,4.236272,5.806272,6.306272,7.386272,7.066272,10.296272,11.496272,11.486272,6.666272,6.916272,7.346272,4.8562717,6.876272,5.496272,8.5962715,8.386272,10.176272,10.196272,7.046272,7.446272,0.09627197,-4.013728,-3.983728,-3.383728,-2.643728,-1.983728,1.6662719,0.666272,1.0462719,-0.50372803,-2.063728,-2.0237281,-2.933728,-3.463728
0.796272,1.246272,4.956272,6.806272,8.416272,8.106272,5.046272,3.2262719,4.996272,4.546272,5.526272,7.1062717,8.206272,10.666272,9.526272,6.986272,8.546272,7.456272,5.166272,4.636272,5.686272,6.386272,7.916272,9.916272,7.626272,6.566272,5.866272,-2.903728,-5.133728,-4.363728,-4.013728,-2.973728,-2.293728,-1.133728,-0.043728027,-3.293728,0.64627194,-0.783728,0.976272,-2.253728,-3.003728
1.616272,2.186272,3.746272,3.766272,5.526272,4.246272,5.496272,5.506272,5.156272,5.956272,5.906272,6.3562717,6.246272,7.116272,6.906272,6.886272,8.166272,3.956272,4.246272,2.936272,5.706272,6.866272,8.416272,8.566272,6.006272,3.646272,3.856272,-3.703728,-3.983728,-3.683728,-2.473728,-1.493728,-1.0737281,-0.513728,-2.453728,-2.493728,-1.2137281,3.046272,-0.39372802,1.7962719,0.34627196
2.556272,2.9662719,3.666272,5.536272,5.336272,3.906272,3.556272,3.916272,4.966272,5.016272,5.766272,6.056272,5.676272,6.786272,6.046272,6.256272,4.046272,4.046272,3.876272,3.516272,5.816272,5.446272,7.926272,7.376272,4.086272,5.036272,3.166272,-2.743728,-2.143728,-2.833728,-0.75372803,-0.43372804,-2.133728,0.016271973,-1.413728,-1.3437281,-1.523728,-2.163728,-1.263728,-2.943728,-1.683728
2.796272,2.836272,3.186272,3.766272,4.286272,3.446272,3.186272,3.956272,5.076272,5.416272,5.6062717,5.206272,5.826272,4.986272,5.316272,5.496272,3.956272,3.556272,3.106272,2.896272,6.056272,6.786272,7.876272,7.796272,4.956272,3.9662719,1.266272,-2.483728,-0.67372805,-1.493728,-0.56372803,-1.3237281,-1.383728,-1.103728,-1.3337281,-1.383728,-0.21372803,-1.373728,-0.103728026,0.95627195,-1.403728
1.9162719,3.086272,3.7162719,3.416272,2.2262719,2.786272,2.896272,3.836272,4.386272,4.916272,5.416272,4.8562717,5.536272,5.1062717,4.956272,4.726272,4.796272,3.936272,3.4862719,3.256272,5.346272,8.746272,9.076272,8.756272,4.806272,2.266272,1.7862719,-2.823728,-1.0937281,-2.443728,-2.103728,-1.563728,-1.763728,-2.243728,-1.443728,-1.3337281,-1.883728,-0.31372803,-1.143728,0.56627196,0.526272
2.4862719,3.156272,1.686272,1.696272,1.886272,2.4862719,4.826272,4.796272,5.016272,3.576272,3.166272,5.086272,4.916272,4.976272,4.336272,5.416272,5.686272,4.496272,3.266272,3.926272,6.346272,7.756272,8.736272,5.446272,3.926272,3.926272,-1.5737281,-2.873728,-3.633728,-4.193728,-4.863728,-4.693728,-4.363728,-3.063728,-1.663728,-1.543728,-1.373728,-0.45372802,-1.0837281,0.20627198,-1.133728
1.116272,2.596272,0.82627195,0.676272,2.7362719,1.956272,3.2362719,3.306272,4.076272,3.526272,3.326272,3.916272,4.466272,4.416272,4.666272,4.736272,2.676272,3.666272,2.4762719,4.276272,6.626272,6.996272,5.626272,4.136272,-0.35372803,-2.673728,-6.6437283,-6.853728,-7.163728,-6.353728,-5.513728,-5.573728,-3.553728,-3.893728,-3.853728,-3.753728,-3.713728,-2.123728,-1.4537281,-0.913728,-0.703728
1.456272,1.556272,2.316272,2.666272,2.586272,1.976272,2.9762719,3.516272,3.2162719,4.036272,2.426272,3.506272,4.306272,4.086272,1.9262719,3.456272,2.276272,2.626272,2.876272,5.416272,5.466272,5.876272,2.796272,1.1762719,-4.263728,-6.873728,-7.6437283,-7.813728,-7.763728,-6.673728,-6.223728,-5.543728,-5.153728,-3.853728,-3.563728,-3.983728,-3.293728,-2.2837281,-3.2837281,-3.043728,-1.853728
2.056272,1.596272,3.4662719,3.086272,3.046272,3.706272,3.4662719,3.616272,2.2362719,4.076272,1.586272,2.286272,1.886272,1.956272,2.936272,4.326272,4.3562717,3.646272,4.276272,6.336272,5.926272,5.686272,0.56627196,-1.903728,-6.413728,-7.883728,-7.763728,-7.363728,-6.383728,-6.253728,-5.953728,-5.033728,-4.583728,-3.353728,-3.223728,-3.313728,-2.943728,-2.613728,-2.553728,-1.9537281,-1.4737281
0.676272,2.846272,4.506272,0.88627195,0.13627197,1.946272,3.516272,3.566272,3.806272,4.056272,2.566272,4.796272,2.346272,3.276272,4.576272,4.246272,5.556272,4.996272,5.196272,4.986272,5.206272,3.786272,-1.103728,-4.573728,-6.793728,-6.933728,-7.023728,-6.763728,-6.133728,-6.023728,-6.903728,-6.323728,-4.493728,-3.823728,-3.603728,-3.853728,-3.253728,-3.223728,-2.233728,-2.693728,-1.4537281
