wind_kz.json
{"header": {"discipline":0,"disciplineName":"Meteorological products","gribEdition":2,"gribLength":871,"center":7,"centerName":"US National Weather Service - NCEP(WMC)","subcenter":0,"refTime":"2023-09-10T06:00:00.000Z","significanceOfRT":1,"significanceOfRTName":"Start of forecast","productStatus":0,"productStatusName":"Operational products","productType":1,"productTypeName":"Forecast products","productDefinitionTemplate":0,"productDefinitionTemplateName":"Analysis/forecast at horizontal level/layer at a point in time","parameterCategory":0,"parameterCategoryName":"UnknownDiscipline_0_Category_0","parameterNumber":0,"parameterNumberName":"UnknownParameter_D0_C0_0","parameterUnit":"Unknown","genProcessType":2,"genProcessTypeName":"Forecast","forecastTime":240,"surface1Type":1,"surface1TypeName":"Ground or water surface","surface1Value":0.0,"surface2Type":255,"surface2TypeName":"Missing","surface2Value":0.0,"gridDefinitionTemplate":0,"gridDefinitionTemplateName":"Latitude_Longitude","numberPoints":615,"shape":6,"shapeName":"Earth spherical with radius of 6,371,229.0 m","gridUnits":"degrees","resolution":48,"winds":"true","scanMode":64,"nx":41,"ny":15,"basicAngle":0,"lo1":47.0,"la1":41.0,"lo2":87.0,"la2":55.0,"dx":1.0,"dy":1.0}, "data":
[rows 0 to 14 of 15, columns 0 to 40 of 41]
301.39227,291.79227,294.69226,297.09225,296.79227,295.69226,304.39227,309.39227,306.59225,307.49225,306.69226,307.19226,306.19226,306.19226,307.39227,309.09225,310.89227,308.09225,311.89227,310.89227,315.69226,311.39227,312.59225,308.49225,309.79227,313.69226,307.99225,298.59225,297.19226,294.79227,291.89227,292.19226,302.39227,310.29227,311.49225,296.09225,293.39227,303.39227,295.19226,295.99225,302.59225
275.99225,296.19226,296.39227,296.59225,296.29227,294.49225,308.69226,303.59225,304.09225,303.69226,305.89227,305.69226,306.79227,305.89227,305.49225,306.59225,308.69226,311.09225,310.19226,309.79227,309.09225,310.99225,311.59225,301.19226,295.09225,294.09225,303.29227,304.69226,299.39227,291.49225,294.69226,279.49225,296.19226,266.59225,287.19226,302.19226,307.79227,309.39227,312.69226,302.19226,284.59225
296.99225,295.89227,296.69226,296.29227,294.19226,295.09225,300.39227,301.59225,300.79227,300.99225,302.29227,304.09225,305.49225,306.29227,304.49225,308.69226,308.29227,308.69226,310.09225,312.49225,310.79227,307.99225,309.99225,300.59225,305.19226,304.09225,305.69226,306.09225,307.09225,296.49225,290.29227,290.49225,296.09225,297.19226,297.49225,294.19226,287.89227,291.49225,291.59225,284.89227,281.29227
293.79227,295.19226,296.09225,295.09225,295.09225,298.79227,295.29227,291.49225,295.39227,297.59225,300.39227,300.49225,292.59225,291.89227,305.89227,306.59225,305.39227,308.59225,309.79227,310.19226,311.29227,303.79227,305.59225,305.79227,304.49225,303.39227,304.19226,301.49225,302.09225,303.29227,305.19226,305.59225,307.29227,307.99225,303.39227,297.29227,285.09225,271.69226,276.29227,283.59225,287.09225
293.39227,292.99225,294.19226,292.69226,292.59225,294.39227,293.69226,292.19226,292.59225,294.19226,293.69226,298.79227,291.49225,290.29227,288.89227,304.79227,305.59225,303.89227,304.69226,304.19226,305.19226,305.69226,305.69226,304.89227,304.69226,303.39227,300.59225,298.29227,302.19226,300.99225,300.59225,298.89227,291.89227,272.19226,292.79227,298.19226,298.39227,288.59225,290.59225,286.89227,286.99225
293.39227,296.29227,292.09225,291.59225,292.19226,291.09225,297.79227,296.69226,292.39227,291.99225,295.29227,296.39227,292.09225,291.59225,297.49225,302.09225,301.39227,303.29227,300.99225,304.29227,304.49225,303.39227,303.49225,302.69226,303.09225,300.69226,299.39227,289.49225,297.89227,297.69226,298.79227,296.89227,298.29227,298.49225,293.89227,295.89227,289.49225,286.29227,299.59225,286.99225,287.69226
293.79227,297.09225,300.79227,295.49225,292.49225,293.09225,296.09225,297.99225,297.09225,296.49225,295.39227,295.09225,295.79227,296.09225,298.19226,299.49225,301.49225,300.69226,302.79227,300.89227,299.99225,301.09225,300.79227,300.09225,297.09225,296.29227,297.99225,299.59225,299.19226,299.69226,298.89227,298.79227,298.59225,297.19226,299.79227,296.49225,292.19226,286.59225,285.99225,283.89227,289.29227
290.29227,289.59225,292.09225,295.29227,300.89227,301.39227,302.59225,297.19226,295.19226,296.69226,295.99225,294.49225,296.89227,295.09225,296.69226,298.09225,299.29227,298.79227,299.19226,298.39227,296.19226,297.49225,299.19226,299.19226,297.49225,295.29227,292.79227,296.29227,293.49225,297.19226,295.29227,293.89227,295.49225,291.49225,291.39227,294.69226,296.49225,288.19226,294.59225,294.29227,290.59225
290.09225,291.39227,297.69226,296.39227,297.89227,296.19226,300.59225,293.49225,295.79227,295.19226,295.19226,297.99225,296.89227,297.39227,296.39227,297.09225,297.19226,298.59225,296.09225,296.99225,293.89227,294.59225,295.59225,295.39227,295.09225,294.19226,293.19226,293.59225,293.59225,294.59225,293.19226,291.89227,284.99225,287.59225,290.49225,285.79227,294.39227,285.09225,276.89227,277.69226,277.39227
298.69226,298.89227,298.29227,300.19226,297.09225,297.99225,294.09225,295.59225,291.69226,295.39227,294.89227,291.19226,298.39227,297.59225,296.29227,295.59225,296.49225,297.09225,295.99225,295.79227,294.09225,293.69226,293.39227,294.89227,295.09225,293.99225,293.69226,293.19226,292.49225,293.29227,296.49225,295.09225,292.29227,289.59225,288.29227,290.59225,278.19226,280.49225,277.99225,275.99225,273.29227
299.09225,297.49225,294.19226,292.39227,300.39227,298.39227,299.09225,300.29227,295.79227,291.29227,289.29227,289.09225,289.49225,295.79227,295.39227,295.39227,295.29227,295.69226,295.19226,294.09225,294.59225,293.99225,293.39227,293.39227,291.29227,292.69226,290.39227,293.29227,294.29227,296.29227,295.79227,296.19226,296.09225,285.09225,281.79227,280.09225,277.09225,277.59225,273.39227,275.59225,275.99225
297.09225,297.59225,298.19226,296.49225,298.59225,298.39227,298.49225,297.99225,298.79227,298.69226,295.09225,294.79227,294.89227,291.59225,290.09225,292.99225,294.29227,293.99225,293.79227,293.09225,290.99225,290.19226,290.09225,291.09225,289.99225,291.79227,291.09225,293.09225,294.09225,293.69226,292.29227,293.09225,291.19226,286.29227,284.79227,283.09225,281.49225,279.69226,279.79227,280.29227,279.19226
291.29227,288.89227,295.59225,295.49225,294.59225,295.39227,297.09225,297.79227,297.39227,296.09225,292.49225,292.09225,293.49225,292.59225,293.39227,293.49225,293.09225,292.09225,291.49225,290.29227,289.79227,288.69226,288.49225,288.49225,289.29227,290.69226,291.89227,291.79227,291.19226,291.29227,291.89227,291.49225,291.49225,289.89227,290.39227,288.59225,288.49225,287.59225,284.69226,281.79227,279.29227
286.99225,290.89227,288.99225,292.09225,292.39227,292.59225,292.59225,287.79227,289.09225,294.29227,287.19226,288.29227,291.39227,289.89227,292.09225,287.29227,291.09225,291.09225,290.29227,290.39227,290.69226,290.59225,290.89227,290.59225,290.89227,290.89227,290.39227,290.39227,288.89227,289.39227,289.39227,288.79227,288.29227,287.79227,287.69226,287.49225,287.59225,287.39227,287.89227,285.79227,284.69226
289.89227,291.79227,287.69226,290.79227,290.49225,290.19226,289.09225,288.89227,291.09225,291.49225,289.09225,290.09225,287.69226,290.19226,290.69226,291.39227,290.59225,285.39227,286.19226,286.09225,288.89227,283.49225,283.69226,288.99225,288.89227,288.29227,289.89227,289.39227,289.29227,288.49225,288.19226,285.49225,286.69226,286.69226,286.99225,287.59225,288.89227,286.99225,287.39227,287.19226,285.49225
