wind_kz.json
{"header": {"discipline":0,"disciplineName":"Meteorological products","gribEdition":2,"gribLength":948,"center":7,"centerName":"US National Weather Service - NCEP(WMC)","subcenter":0,"refTime":"2024-04-07T12:00:00.000Z","significanceOfRT":1,"significanceOfRTName":"Start of forecast","productStatus":0,"productStatusName":"Operational products","productType":1,"productTypeName":"Forecast products","productDefinitionTemplate":0,"productDefinitionTemplateName":"Analysis/forecast at horizontal level/layer at a point in time","parameterCategory":0,"parameterCategoryName":"UnknownDiscipline_0_Category_0","parameterNumber":0,"parameterNumberName":"UnknownParameter_D0_C0_0","parameterUnit":"Unknown","genProcessType":2,"genProcessTypeName":"Forecast","forecastTime":240,"surface1Type":1,"surface1TypeName":"Ground or water surface","surface1Value":0.0,"surface2Type":255,"surface2TypeName":"Missing","surface2Value":0.0,"gridDefinitionTemplate":0,"gridDefinitionTemplateName":"Latitude_Longitude","numberPoints":615,"shape":6,"shapeName":"Earth spherical with radius of 6,371,229.0 m","gridUnits":"degrees","resolution":48,"winds":"true","scanMode":64,"nx":41,"ny":15,"basicAngle":0,"lo1":47.0,"la1":41.0,"lo2":87.0,"la2":55.0,"dx":1.0,"dy":1.0}, "data":
[rows 0 to 14 of 15, columns 0 to 40 of 41]
303.59998,293.39996,299.49997,282.49997,283.89996,285.59998,300.19998,312.3,308.99997,311.3,308.89996,308.39996,306.39996,306.19998,305.19998,304.49997,304.39996,303.39996,303.19998,299.8,301.99997,298.09998,296.8,293.19998,302.19998,303.09998,293.89996,282.3,276.39996,276.39996,275.59998,273.49997,292.69998,299.8,300.3,299.49997,300.49997,299.69998,299.89996,299.69998,299.69998
277.3,301.49997,282.69998,282.8,283.3,283.99997,311.3,309.49997,305.09998,307.09998,310.69998,307.59998,307.99997,305.89996,305.09998,303.99997,304.49997,303.8,301.3,301.19998,300.69998,298.59998,291.89996,285.49997,272.69998,274.49997,288.49997,281.69998,283.3,271.59998,281.3,265.89996,283.39996,258.49997,265.49997,294.09998,293.39996,295.8,297.8,291.19998,281.19998
305.39996,282.69998,282.3,282.69998,283.19998,306.69998,308.39996,308.39996,308.3,305.99997,304.89996,306.09998,305.49997,306.59998,303.59998,303.69998,302.39996,301.49997,300.89996,300.8,300.89996,302.69998,294.39996,288.19998,292.59998,291.39996,290.59998,288.39996,285.09998,279.3,270.59998,273.19998,280.49997,280.8,281.69998,280.99997,273.19998,279.39996,281.59998,275.99997,273.8
298.09998,283.69998,282.49997,282.49997,289.09998,308.3,309.19998,309.59998,309.59998,310.19998,306.49997,302.59998,286.89996,287.59998,303.3,303.3,301.99997,302.19998,301.49997,300.8,297.69998,292.99997,297.69998,296.89996,297.09998,296.19998,295.3,289.99997,289.19998,290.09998,290.09998,285.39996,289.39996,291.59998,289.59998,284.89996,274.39996,270.19998,277.99997,288.8,293.3
297.59998,284.49997,283.3,284.39996,295.09998,310.59998,311.89996,313.19998,311.8,310.3,308.3,302.49997,286.09998,286.39996,287.49997,301.69998,302.89996,301.3,298.99997,298.69998,299.19998,299.89996,297.89996,298.09998,295.89996,295.49997,293.09998,289.99997,293.99997,292.59998,294.09998,289.89996,273.59998,267.3,283.89996,292.89996,288.69998,294.49997,295.3,297.8,295.69998
300.8,301.8,285.19998,284.3,284.69998,285.99997,312.39996,311.59998,311.69998,308.09998,306.39996,304.8,287.59998,285.8,287.3,302.09998,300.99997,300.99997,298.99997,299.09998,298.49997,295.89996,295.99997,294.8,293.39996,292.8,294.69998,271.99997,295.09998,295.39996,291.39996,293.99997,287.59998,286.49997,284.19998,281.89996,280.09998,283.59998,291.89996,293.19998,294.69998
301.99997,303.39996,305.49997,306.99997,299.59998,307.69998,310.49997,311.8,308.59998,306.8,306.39996,303.99997,301.8,299.8,300.39996,299.59998,300.09998,299.89996,297.99997,295.99997,295.39996,295.3,293.3,291.3,289.8,291.09998,291.19998,293.19998,290.19998,291.89996,292.69998,291.49997,292.89996,289.89996,288.99997,286.09998,282.09998,282.19998,279.69998,276.09998,289.99997
303.59998,303.19998,305.99997,306.69998,306.49997,304.8,307.59998,305.8,304.3,303.69998,302.39996,300.59998,300.89996,299.19998,299.09998,297.59998,298.49997,296.59998,294.19998,292.19998,292.49997,293.49997,292.39996,290.19998,287.89996,285.3,285.39996,287.69998,286.19998,289.99997,287.09998,287.69998,289.69998,285.59998,285.59998,287.99997,289.39996,273.09998,290.89996,291.19998,288.89996
300.69998,301.8,303.89996,305.19998,304.09998,303.3,302.3,300.89996,300.99997,300.19998,299.39996,294.99997,293.09998,299.09998,296.09998,297.49997,295.89996,295.3,293.09998,291.99997,289.39996,290.49997,289.8,289.89996,287.3,286.49997,282.99997,281.19998,283.09998,282.59998,283.69998,286.89996,288.39996,285.8,288.09998,287.8,286.09998,287.49997,268.39996,270.3,267.39996
298.59998,299.99997,300.09998,300.69998,300.89996,300.99997,300.19998,299.89996,300.19998,298.89996,297.89996,297.99997,298.09998,297.69998,296.99997,297.3,296.59998,296.69998,292.3,291.8,290.59998,289.69998,288.99997,286.49997,287.99997,285.89996,285.19998,282.19998,282.89996,282.39996,284.59998,287.8,287.49997,289.69998,286.09998,287.69998,284.3,277.69998,273.19998,276.99997,273.19998
298.19998,299.39996,300.49997,301.09998,300.49997,298.99997,298.69998,298.99997,298.3,298.49997,295.99997,296.59998,297.19998,296.3,295.99997,295.99997,295.69998,296.09998,294.89996,293.19998,290.8,287.3,288.69998,285.19998,286.09998,284.89996,282.89996,284.8,283.59998,286.09998,286.8,287.59998,288.59998,289.09998,290.69998,287.89996,281.3,276.99997,281.69998,279.19998,275.3
297.99997,299.3,300.3,298.69998,297.49997,296.99997,296.89996,296.39996,298.3,297.09998,294.3,294.69998,294.49997,293.09998,292.89996,294.49997,292.99997,288.59998,290.19998,290.59998,285.49997,283.89996,282.3,281.39996,280.8,282.99997,282.99997,282.89996,282.8,284.69998,284.49997,284.89996,285.69998,284.49997,287.8,286.99997,286.49997,286.69998,283.09998,284.69998,281.8
295.89996,296.8,297.8,297.8,297.19998,296.59998,296.3,297.59998,297.09998,294.8,291.99997,287.49997,288.09998,285.99997,290.3,287.69998,289.39996,288.99997,285.99997,283.39996,282.99997,279.39996,276.89996,275.09998,277.09998,277.09998,279.09998,279.3,280.8,281.09998,282.19998,280.89996,279.49997,279.09998,279.59998,280.49997,279.19998,280.49997,279.39996,277.99997,278.39996
294.39996,294.69998,283.3,294.3,293.8,293.39996,291.59998,289.89996,285.59998,284.99997,282.89996,282.09998,287.09998,284.8,282.69998,281.8,281.49997,282.49997,284.09998,281.09998,281.19998,280.09998,276.99997,275.09998,274.09998,273.69998,274.09998,275.19998,274.69998,274.3,275.69998,275.89996,274.09998,273.49997,273.8,273.69998,273.69998,273.69998,274.19998,274.59998,276.19998
287.89996,286.3,273.3,285.89996,284.8,285.59998,283.99997,286.99997,286.89996,288.3,285.39996,281.8,280.3,281.19998,280.69998,283.69998,282.19998,281.8,281.49997,278.99997,275.89996,274.8,274.8,275.39996,276.8,277.19998,277.59998,275.89996,275.69998,275.09998,274.49997,273.99997,273.99997,273.99997,274.69998,274.09998,275.09998,273.89996,274.69998,274.3,274.49997
