wind_kz.json
{"header": {"discipline":0,"disciplineName":"Meteorological products","gribEdition":2,"gribLength":871,"center":7,"centerName":"US National Weather Service - NCEP(WMC)","subcenter":0,"refTime":"2023-08-18T18:00:00.000Z","significanceOfRT":1,"significanceOfRTName":"Start of forecast","productStatus":0,"productStatusName":"Operational products","productType":1,"productTypeName":"Forecast products","productDefinitionTemplate":0,"productDefinitionTemplateName":"Analysis/forecast at horizontal level/layer at a point in time","parameterCategory":0,"parameterCategoryName":"UnknownDiscipline_0_Category_0","parameterNumber":0,"parameterNumberName":"UnknownParameter_D0_C0_0","parameterUnit":"Unknown","genProcessType":2,"genProcessTypeName":"Forecast","forecastTime":120,"surface1Type":1,"surface1TypeName":"Ground or water surface","surface1Value":0.0,"surface2Type":255,"surface2TypeName":"Missing","surface2Value":0.0,"gridDefinitionTemplate":0,"gridDefinitionTemplateName":"Latitude_Longitude","numberPoints":615,"shape":6,"shapeName":"Earth spherical with radius of 6,371,229.0 m","gridUnits":"degrees","resolution":48,"winds":"true","scanMode":64,"nx":41,"ny":15,"basicAngle":0,"lo1":47.0,"la1":41.0,"lo2":87.0,"la2":55.0,"dx":1.0,"dy":1.0}, "data":
[rows 0 to 14 of 15, columns 0 to 40 of 41]
298.7934,288.49338,293.59338,299.39337,298.7934,297.59338,300.1934,305.09338,304.99338,305.39337,304.49338,306.1934,305.59338,305.7934,304.2934,300.09338,300.09338,301.99338,300.09338,301.1934,301.09338,297.7934,296.2934,289.59338,295.89337,295.1934,292.7934,278.49338,280.89337,279.6934,280.09338,282.49338,292.1934,297.6934,298.6934,298.89337,297.49338,297.7934,297.09338,296.39337,296.09338
276.99338,294.99338,299.2934,299.49338,299.1934,297.59338,301.2934,302.89337,303.39337,303.1934,305.49338,304.2934,301.6934,299.59338,300.59338,298.2934,298.59338,302.89337,299.99338,298.89337,299.09338,301.1934,296.6934,287.7934,279.89337,280.09338,288.89337,278.1934,279.7934,275.39337,280.59338,274.1934,283.39337,260.99338,280.09338,295.7934,295.99338,295.39337,298.49338,288.6934,283.89337
297.99338,299.59338,299.99338,299.6934,297.39337,299.89337,301.99338,302.59338,302.2934,302.6934,302.09338,303.7934,300.1934,303.1934,302.1934,299.99338,299.89337,302.1934,298.2934,299.2934,301.7934,298.89337,298.09338,293.7934,294.49338,293.99338,296.49338,294.99338,295.09338,285.09338,275.49338,276.99338,283.1934,282.1934,284.2934,286.59338,276.09338,277.7934,280.1934,275.09338,274.6934
301.1934,300.1934,299.7934,298.99338,297.1934,299.89337,302.09338,302.49338,303.09338,302.99338,302.39337,302.59338,296.09338,295.2934,299.6934,296.49338,299.6934,297.1934,299.99338,296.2934,296.49338,293.99338,299.49338,300.7934,297.99338,298.59338,301.59338,297.6934,296.09338,298.39337,298.1934,294.1934,299.59338,293.89337,293.59338,290.39337,277.59338,277.2934,281.49338,291.59338,294.6934
305.49338,300.2934,300.09338,299.59338,299.7934,300.99338,301.2934,302.39337,301.99338,302.39337,302.39337,300.89337,296.39337,294.99338,292.1934,300.49338,300.49338,300.7934,297.1934,301.2934,300.7934,300.6934,299.89337,301.59338,301.89337,299.39337,297.59338,296.59338,297.2934,297.59338,299.99338,295.1934,282.39337,274.1934,284.39337,294.7934,296.59338,298.89337,298.2934,298.6934,298.1934
300.7934,300.59338,298.59338,298.99338,299.59338,299.39337,300.59338,300.99338,302.39337,302.7934,303.6934,302.6934,296.1934,295.39337,296.99338,298.39337,299.59338,300.89337,299.09338,301.49338,300.39337,300.7934,298.89337,299.39337,301.39337,300.09338,300.7934,293.89337,301.09338,301.6934,299.89337,300.1934,296.49338,293.39337,292.09338,293.89337,285.99338,289.1934,296.2934,297.09338,295.99338
297.99338,298.09338,301.89337,301.49338,300.2934,302.59338,301.39337,299.89337,302.09338,303.2934,301.2934,300.6934,303.1934,300.1934,296.89337,300.6934,301.2934,302.1934,300.7934,298.7934,298.2934,300.59338,302.1934,299.89337,299.1934,300.7934,298.7934,300.1934,298.49338,298.7934,298.89337,298.49338,299.2934,298.49338,295.59338,294.7934,290.7934,284.49338,279.2934,278.89337,291.89337
297.1934,296.89337,300.1934,300.2934,301.49338,301.89337,301.2934,299.6934,301.2934,300.2934,299.89337,299.7934,300.89337,302.7934,301.09338,302.2934,301.49338,302.59338,301.1934,298.49338,296.89337,296.6934,298.2934,297.1934,297.49338,294.39337,294.39337,297.59338,295.1934,297.6934,295.7934,298.59338,294.09338,289.39337,288.99338,295.7934,295.39337,289.2934,291.49338,291.7934,289.2934
296.7934,295.99338,295.2934,295.99338,299.59338,300.1934,299.1934,296.99338,294.59338,295.39337,295.7934,296.6934,298.59338,300.2934,300.89337,300.59338,300.2934,300.49338,299.39337,298.59338,294.99338,295.1934,295.2934,297.99338,293.7934,295.1934,291.89337,291.39337,289.99338,289.09338,290.89337,292.2934,291.6934,293.89337,292.1934,289.1934,289.7934,288.59338,276.59338,278.39337,277.09338
291.49338,293.09338,294.59338,296.7934,295.59338,295.1934,294.49338,297.1934,292.39337,293.2934,293.7934,295.7934,293.2934,295.59338,294.99338,294.99338,298.09338,296.49338,296.09338,297.09338,296.09338,297.7934,297.09338,296.99338,295.49338,292.99338,291.59338,291.7934,291.89337,292.7934,292.6934,296.89337,294.99338,294.49338,292.89337,290.09338,287.59338,284.99338,280.1934,275.7934,278.09338
289.99338,290.39337,290.2934,291.2934,293.39337,293.59338,293.09338,291.7934,292.7934,292.89337,290.99338,291.99338,294.09338,292.09338,292.09338,294.7934,295.39337,296.09338,297.59338,294.89337,297.7934,294.49338,294.99338,294.99338,295.59338,293.59338,291.99338,293.89337,294.2934,295.49338,296.1934,296.09338,294.49338,294.1934,292.6934,287.99338,284.99338,280.99338,282.1934,282.2934,281.09338
288.49338,289.39337,289.39337,288.6934,288.1934,289.59338,291.59338,289.99338,291.99338,290.39337,286.99338,288.2934,290.1934,289.59338,290.2934,290.6934,292.09338,292.49338,293.49338,293.99338,293.7934,293.49338,293.2934,292.89337,294.89337,293.7934,294.59338,296.2934,296.99338,296.1934,292.89337,293.99338,293.09338,291.09338,291.59338,290.2934,290.1934,287.89337,288.2934,288.49338,286.6934
285.49338,285.39337,287.59338,289.89337,287.99338,290.89337,287.39337,288.39337,288.59338,289.59338,285.7934,285.7934,287.59338,285.89337,287.09338,286.99338,287.39337,288.2934,289.99338,290.59338,289.1934,288.39337,290.49338,290.99338,291.2934,294.49338,295.6934,294.49338,295.59338,293.6934,293.89337,291.89337,290.89337,290.6934,289.6934,289.1934,288.59338,289.49338,288.7934,288.1934,287.49338
283.99338,285.09338,288.59338,285.7934,287.59338,287.59338,284.99338,284.49338,285.2934,285.49338,284.99338,283.7934,285.6934,284.99338,284.49338,284.2934,284.49338,284.6934,285.49338,286.6934,287.89337,287.59338,289.2934,289.89337,290.49338,291.7934,295.39337,295.49338,294.2934,293.09338,292.59338,290.59338,289.6934,288.2934,287.59338,287.09338,287.49338,288.09338,288.1934,287.7934,287.59338
281.6934,283.39337,291.39337,284.1934,284.09338,283.7934,285.59338,282.2934,283.09338,284.6934,285.09338,285.59338,284.49338,284.6934,283.49338,283.09338,283.99338,283.6934,283.99338,284.2934,285.1934,286.49338,285.6934,287.99338,289.59338,290.59338,290.49338,292.6934,294.09338,293.1934,289.1934,287.6934,288.59338,287.39337,287.2934,287.39337,287.59338,286.99338,288.1934,288.2934,287.59338
