wind_kz.json
{"header": {"discipline":0,"disciplineName":"Meteorological products","gribEdition":2,"gribLength":871,"center":7,"centerName":"US National Weather Service - NCEP(WMC)","subcenter":0,"refTime":"2023-10-01T06:00:00.000Z","significanceOfRT":1,"significanceOfRTName":"Start of forecast","productStatus":0,"productStatusName":"Operational products","productType":1,"productTypeName":"Forecast products","productDefinitionTemplate":0,"productDefinitionTemplateName":"Analysis/forecast at horizontal level/layer at a point in time","parameterCategory":0,"parameterCategoryName":"UnknownDiscipline_0_Category_0","parameterNumber":0,"parameterNumberName":"UnknownParameter_D0_C0_0","parameterUnit":"Unknown","genProcessType":2,"genProcessTypeName":"Forecast","forecastTime":120,"surface1Type":1,"surface1TypeName":"Ground or water surface","surface1Value":0.0,"surface2Type":255,"surface2TypeName":"Missing","surface2Value":0.0,"gridDefinitionTemplate":0,"gridDefinitionTemplateName":"Latitude_Longitude","numberPoints":615,"shape":6,"shapeName":"Earth spherical with radius of 6,371,229.0 m","gridUnits":"degrees","resolution":48,"winds":"true","scanMode":64,"nx":41,"ny":15,"basicAngle":0,"lo1":47.0,"la1":41.0,"lo2":87.0,"la2":55.0,"dx":1.0,"dy":1.0}, "data":
[rows 0 to 14 of 15, columns 0 to 40 of 41]
299.5611,288.4611,297.86108,293.76108,293.5611,292.5611,300.66107,306.0611,304.26108,305.26108,303.36108,304.4611,303.86108,303.26108,303.0611,305.4611,305.66107,305.5611,309.4611,303.9611,290.86108,287.76108,290.86108,297.0611,297.5611,298.4611,295.4611,290.86108,290.66107,288.26108,286.16107,281.36108,298.66107,305.5611,306.36108,305.9611,310.9611,312.0611,312.0611,312.16107,312.36108
280.9611,297.9611,293.36108,293.4611,293.66107,291.86108,305.9611,302.4611,303.86108,303.66107,302.86108,301.76108,303.36108,305.16107,305.4611,304.86108,306.4611,309.5611,310.76108,293.86108,295.36108,289.16107,286.26108,283.0611,274.66107,280.66107,295.4611,290.9611,296.4611,288.5611,293.16107,277.5611,292.0611,265.86108,283.86108,301.76108,302.9611,302.66107,307.26108,299.26108,285.16107
299.86108,293.26108,293.26108,292.9611,291.26108,301.86108,301.36108,302.76108,303.36108,301.9611,301.66107,302.16107,302.16107,300.5611,300.26108,304.5611,306.0611,306.36108,303.66107,301.5611,296.16107,290.4611,288.36108,288.66107,294.5611,296.0611,299.76108,303.36108,302.86108,298.5611,287.9611,290.66107,295.5611,296.66107,299.0611,295.76108,293.66107,291.36108,293.86108,287.26108,286.66107
302.4611,292.26108,293.0611,292.16107,293.4611,300.86108,299.26108,299.36108,302.26108,302.76108,301.26108,300.66107,290.26108,289.5611,301.0611,303.9611,302.4611,306.16107,305.86108,300.86108,292.4611,288.4611,290.26108,290.4611,291.76108,295.4611,305.26108,305.9611,301.5611,304.4611,308.76108,302.76108,305.0611,309.4611,308.16107,303.76108,292.26108,274.5611,293.66107,301.9611,302.4611
298.86108,291.66107,292.36108,291.66107,295.26108,299.26108,299.0611,300.9611,299.86108,298.5611,299.36108,299.26108,289.16107,288.0611,286.66107,300.9611,301.76108,300.26108,300.5611,300.16107,297.4611,292.16107,288.5611,294.36108,295.5611,304.26108,303.86108,296.86108,307.16107,306.66107,305.9611,306.4611,296.0611,284.26108,295.16107,302.9611,299.9611,307.16107,308.4611,305.5611,303.0611
299.16107,298.26108,290.0611,291.0611,291.4611,290.86108,300.9611,298.4611,298.16107,298.76108,298.16107,298.76108,290.4611,288.9611,295.0611,300.36108,298.5611,293.36108,300.16107,300.5611,293.4611,289.86108,292.9611,300.26108,293.36108,296.9611,296.36108,287.16107,300.66107,301.36108,303.26108,302.26108,304.5611,305.26108,302.5611,298.4611,299.76108,294.36108,305.86108,305.36108,302.16107
295.86108,297.5611,297.0611,298.5611,296.66107,299.86108,296.86108,297.4611,297.0611,296.76108,298.5611,297.76108,298.26108,293.66107,299.66107,297.76108,292.76108,297.26108,301.66107,292.26108,290.0611,290.9611,297.16107,297.36108,290.26108,295.86108,297.86108,297.36108,303.4611,303.9611,303.36108,302.16107,301.86108,300.9611,300.76108,300.26108,297.0611,294.9611,293.16107,289.4611,298.16107
296.36108,297.66107,296.36108,295.9611,295.4611,295.76108,298.5611,298.66107,293.4611,296.16107,294.36108,297.16107,298.0611,297.5611,296.66107,292.16107,289.66107,298.9611,298.5611,286.36108,288.16107,294.86108,297.4611,296.0611,294.0611,293.0611,293.16107,294.36108,295.9611,299.4611,298.26108,299.16107,298.9611,297.4611,297.36108,297.4611,299.4611,285.66107,299.66107,299.5611,298.0611
297.26108,295.9611,296.4611,296.36108,294.9611,296.26108,296.76108,296.5611,297.0611,294.9611,294.4611,295.86108,290.4611,298.26108,297.0611,298.36108,296.36108,298.36108,297.26108,288.5611,286.5611,289.36108,294.0611,294.36108,292.86108,293.36108,292.66107,294.26108,294.26108,293.9611,294.76108,296.0611,296.16107,296.76108,297.0611,294.0611,295.36108,295.16107,286.36108,284.9611,278.86108
294.76108,294.0611,294.0611,293.9611,294.26108,295.0611,293.76108,294.26108,294.86108,295.86108,292.9611,288.4611,289.86108,289.76108,294.36108,293.66107,292.9611,290.16107,297.16107,292.26108,288.66107,291.9611,295.26108,294.4611,297.36108,295.16107,295.5611,296.0611,295.4611,295.9611,296.4611,295.66107,296.76108,296.76108,296.9611,295.16107,292.5611,290.9611,292.36108,290.5611,282.26108
291.26108,291.9611,291.76108,292.16107,292.9611,293.26108,293.5611,293.86108,293.4611,293.4611,293.4611,292.86108,287.76108,286.66107,289.0611,291.0611,295.0611,294.9611,295.16107,292.66107,292.16107,292.4611,293.0611,294.5611,293.9611,296.26108,295.0611,297.0611,298.36108,299.86108,297.9611,297.86108,297.66107,295.9611,295.9611,294.9611,290.66107,291.36108,290.5611,287.76108,287.9611
289.5611,291.16107,291.36108,291.5611,291.0611,291.16107,291.0611,290.0611,289.16107,291.0611,289.9611,290.16107,291.16107,284.4611,285.66107,290.86108,291.86108,291.4611,291.66107,291.9611,290.86108,287.86108,290.26108,290.36108,293.26108,293.16107,295.5611,298.36108,298.4611,297.76108,296.5611,296.66107,294.9611,295.0611,293.36108,294.76108,294.4611,294.66107,293.76108,292.66107,290.9611
286.36108,288.86108,290.26108,290.26108,289.9611,289.16107,290.36108,285.66107,286.36108,287.9611,284.36108,284.36108,287.0611,285.26108,284.9611,285.16107,288.9611,290.86108,289.86108,287.0611,289.86108,287.86108,286.0611,289.5611,292.26108,293.76108,294.86108,294.9611,295.5611,295.66107,295.26108,294.0611,294.0611,296.16107,294.66107,292.9611,292.66107,292.26108,291.86108,291.0611,289.86108
287.26108,287.5611,286.5611,288.86108,287.9611,287.76108,287.66107,287.5611,287.9611,289.86108,285.9611,283.4611,287.76108,287.36108,288.66107,284.4611,284.9611,285.5611,288.9611,288.26108,289.9611,289.26108,290.4611,290.5611,294.26108,294.16107,293.9611,293.86108,292.66107,292.5611,292.26108,293.66107,293.26108,292.9611,292.66107,291.9611,291.4611,290.9611,291.66107,290.36108,290.16107
284.4611,286.76108,284.76108,286.66107,286.4611,286.5611,286.5611,286.26108,286.9611,287.76108,287.16107,287.86108,284.4611,285.9611,286.9611,287.5611,284.16107,284.86108,288.16107,288.0611,287.66107,288.26108,289.16107,290.26108,290.36108,292.0611,293.16107,292.4611,292.76108,292.4611,291.66107,289.0611,292.16107,291.0611,291.4611,291.26108,291.9611,290.76108,291.86108,290.86108,289.26108
