wind_kz.json
{"header": {"discipline":0,"disciplineName":"Meteorological products","gribEdition":2,"gribLength":1025,"center":7,"centerName":"US National Weather Service - NCEP(WMC)","subcenter":0,"refTime":"2024-02-01T18:00:00.000Z","significanceOfRT":1,"significanceOfRTName":"Start of forecast","productStatus":0,"productStatusName":"Operational products","productType":1,"productTypeName":"Forecast products","productDefinitionTemplate":0,"productDefinitionTemplateName":"Analysis/forecast at horizontal level/layer at a point in time","parameterCategory":2,"parameterCategoryName":"UnknownDiscipline_0_Category_2","parameterNumber":3,"parameterNumberName":"UnknownParameter_D0_C2_3","parameterUnit":"Unknown","genProcessType":2,"genProcessTypeName":"Forecast","forecastTime":180,"surface1Type":103,"surface1TypeName":"Specified height level above ground","surface1Value":10.0,"surface2Type":255,"surface2TypeName":"Missing","surface2Value":0.0,"gridDefinitionTemplate":0,"gridDefinitionTemplateName":"Latitude_Longitude","numberPoints":615,"shape":6,"shapeName":"Earth spherical with radius of 6,371,229.0 m","gridUnits":"degrees","resolution":48,"winds":"true","scanMode":64,"nx":41,"ny":15,"basicAngle":0,"lo1":47.0,"la1":41.0,"lo2":87.0,"la2":55.0,"dx":1.0,"dy":1.0}, "data":
[rows 0 to 14 of 15, columns 0 to 40 of 41]
-1.8184742,-0.98847413,0.52152586,5.611526,11.361526,8.441525,5.4515257,2.5915258,1.6015259,1.3515259,2.5415258,2.0015259,2.2915258,3.0415258,3.721526,4.841526,5.671526,1.4515259,0.23152588,1.0115259,3.5015259,4.871526,-0.008474121,-0.5584741,0.07152588,-2.038474,-0.27847412,0.19152588,1.1115259,1.4815259,-2.278474,-3.078474,-0.4784741,-0.29847413,-0.5284741,-0.15847412,0.71152586,-0.17847413,-0.78847414,0.3615259,-0.3884741
4.851526,-0.8084741,-3.4984741,-0.03847412,11.311526,8.541526,4.631526,4.151526,2.211526,3.911526,3.461526,2.5815258,2.8515258,2.891526,3.0915258,3.8715258,3.411526,2.701526,3.5415258,4.761526,7.461526,4.291526,1.9415259,1.6215259,1.9115258,2.161526,0.7415259,1.4615259,0.65152586,3.3315258,3.8115258,5.031526,1.5115259,-2.6584742,-2.858474,1.0515258,-0.59847414,0.8115259,-0.27847412,1.3915259,0.31152588
2.691526,-1.4484742,-3.8884742,0.35152587,3.5215259,5.9715257,4.961526,4.061526,3.5415258,3.481526,4.831526,3.181526,3.741526,4.591526,3.2815259,3.921526,4.9915257,3.931526,4.901526,6.2215257,5.311526,5.301526,1.3515259,1.4415259,0.5515259,0.77152586,1.4515259,1.3915259,-0.5184741,0.09152588,2.2915258,2.681526,1.1315259,0.0015258789,0.9415259,-0.91847414,-1.8084741,1.2315259,-1.5784742,0.08152588,0.96152586
-1.1284741,-2.808474,-3.4384742,0.89152586,2.381526,2.6015258,5.291526,6.031526,5.211526,4.1415257,3.5315259,3.3015258,4.041526,5.9115257,5.2015257,4.361526,4.711526,3.3515258,4.191526,5.561526,6.301526,5.121526,2.631526,3.0615258,2.911526,3.3415258,4.051526,0.6615259,3.981526,3.5715258,4.271526,0.121525876,-0.23847412,-0.14847413,-0.12847412,1.3215259,3.7915258,4.4715257,-1.2484741,1.7615259,-1.3284742
-1.7284741,0.45152587,2.651526,4.2015257,0.77152586,4.621526,5.881526,6.361526,6.401526,5.731526,5.031526,5.811526,6.511526,6.1615257,6.2015257,5.331526,5.401526,5.311526,6.251526,6.591526,7.171526,5.211526,3.471526,2.8715258,2.411526,3.8615258,5.021526,3.5315259,3.461526,4.081526,6.041526,5.481526,4.171526,3.3115258,1.3115258,1.5315259,1.1715258,-0.20847411,1.6715258,1.4515259,0.061525878
1.7015259,2.2615259,2.651526,2.5715258,2.901526,2.2515259,1.7615259,1.9815259,3.3015258,4.151526,4.021526,3.3415258,5.031526,8.251526,5.781526,5.531526,5.9515257,6.281526,6.4515257,7.311526,7.011526,6.671526,6.4715257,6.021526,5.961526,4.7415257,4.531526,4.9115257,4.791526,4.961526,5.361526,6.461526,5.321526,1.9615259,1.5215259,5.761526,-0.16847412,-1.1184741,0.78152585,-0.02847412,2.181526
1.3015258,2.3515258,2.151526,2.391526,3.411526,2.411526,2.1015258,2.731526,2.901526,3.5715258,4.921526,5.811526,6.6415257,6.4515257,6.841526,7.4115257,7.751526,7.171526,7.511526,7.841526,8.051526,8.171526,8.361526,8.031526,7.1415257,6.091526,5.171526,4.651526,5.4515257,5.091526,5.291526,4.301526,4.361526,3.0615258,0.77152586,3.701526,1.6915259,3.431526,1.3315259,1.8515259,0.9415259
0.9415259,0.96152586,1.6915259,2.2915258,2.151526,2.2715259,3.0715258,3.3015258,4.111526,3.5415258,4.591526,5.6815257,5.191526,6.281526,7.2415257,8.391526,8.931526,9.031526,8.521526,9.251526,8.111526,8.261526,9.621526,10.091526,9.141526,7.901526,6.621526,6.4315257,5.511526,6.341526,5.061526,3.971526,4.281526,3.651526,4.271526,0.96152586,-0.7484741,3.911526,-2.7384741,1.5015259,3.391526
1.5415258,1.3215259,0.7415259,0.25152588,0.7415259,0.77152586,1.5415258,2.0515258,2.3515258,3.7815259,4.331526,5.131526,4.691526,5.4115257,6.611526,7.261526,8.611526,9.371526,10.251526,10.681526,9.411526,9.411526,10.451526,10.741526,10.471526,9.561526,8.331526,8.171526,8.281526,5.821526,7.651526,7.021526,7.531526,5.7415257,3.7715259,2.991526,1.6015259,2.901526,5.771526,3.3415258,1.9115258
0.9915259,1.3515259,1.7215259,1.4915259,1.5215259,1.8115258,0.5715259,0.47152588,0.7215259,1.7215259,1.7015259,4.081526,4.651526,6.041526,6.521526,6.611526,8.411526,9.211526,9.371526,10.461526,11.481525,10.931526,11.1515255,12.051526,11.261526,10.601526,9.841526,8.271526,7.761526,7.561526,7.8915257,7.1615257,6.621526,4.9315257,4.711526,3.151526,1.6215259,2.0515258,1.4415259,3.431526,3.981526
0.35152587,0.5415259,0.4315259,0.09152588,0.6015259,0.76152587,1.3015258,2.0215259,1.7915258,1.1315259,0.7515259,0.28152588,0.51152587,2.8615258,5.271526,5.981526,8.381526,9.811526,10.461526,10.301526,10.721526,10.911526,11.271526,12.551526,11.481525,11.301526,9.681526,10.161526,8.821526,6.7415257,7.001526,5.771526,5.361526,5.321526,6.4515257,4.941526,4.591526,2.391526,2.941526,1.9315258,0.9715259
0.8815259,1.2915258,0.8715259,0.6915259,0.47152588,0.6215259,0.08152588,0.65152586,0.9215259,1.1915259,1.9715259,2.8515258,2.3715258,3.3115258,3.971526,3.901526,6.9915257,8.211526,9.521526,10.341526,10.921526,10.891526,10.991526,12.871526,12.861526,12.221526,11.681526,10.951526,9.751526,8.061526,6.4915257,6.521526,6.061526,5.421526,4.4915257,4.591526,3.921526,2.461526,-0.37847412,-1.1684741,-1.0384741
0.9715259,1.0915259,1.5815259,2.0215259,2.0915258,1.4115258,1.7215259,2.231526,0.7515259,0.37152588,1.3015258,1.8515259,3.631526,3.451526,3.5115259,3.3515258,5.591526,6.611526,7.2015257,9.101526,9.671526,10.481525,11.201526,13.141526,13.341526,12.591526,11.961526,9.301526,8.981525,8.001526,7.331526,7.211526,6.1415257,5.311526,4.711526,4.561526,4.111526,2.0215259,3.941526,1.7115259,-0.8684741
0.8715259,0.9815259,0.34152588,1.5715259,1.5215259,2.0115259,2.481526,2.131526,2.8715258,2.701526,0.6815259,0.84152585,4.101526,4.731526,3.451526,3.931526,4.2415257,5.2415257,5.461526,7.251526,9.021526,10.001526,11.201526,11.261526,10.711526,11.271526,10.811526,9.691525,8.661526,8.201526,7.561526,7.041526,6.611526,6.401526,4.801526,5.441526,4.301526,3.691526,3.5415258,3.671526,3.201526
0.45152587,-0.35847414,-0.42847413,0.38152587,1.3415259,1.9015259,1.9615259,2.3015258,2.5015259,0.9715259,1.0615258,1.4215258,2.631526,2.0815258,3.2715259,4.291526,3.431526,3.1215258,4.291526,5.7015257,8.341526,10.261526,9.831526,10.481525,9.981525,9.9015255,9.621526,8.711526,8.021526,7.811526,7.9515257,7.791526,6.7215257,6.4115257,6.121526,5.511526,5.581526,5.111526,3.3415258,4.271526,3.411526
