wind_kz.json
{"header": {"discipline":0,"disciplineName":"Meteorological products","gribEdition":2,"gribLength":1025,"center":7,"centerName":"US National Weather Service - NCEP(WMC)","subcenter":0,"refTime":"2023-09-24T18:00:00.000Z","significanceOfRT":1,"significanceOfRTName":"Start of forecast","productStatus":0,"productStatusName":"Operational products","productType":1,"productTypeName":"Forecast products","productDefinitionTemplate":0,"productDefinitionTemplateName":"Analysis/forecast at horizontal level/layer at a point in time","parameterCategory":2,"parameterCategoryName":"UnknownDiscipline_0_Category_2","parameterNumber":3,"parameterNumberName":"UnknownParameter_D0_C2_3","parameterUnit":"Unknown","genProcessType":2,"genProcessTypeName":"Forecast","forecastTime":0,"surface1Type":103,"surface1TypeName":"Specified height level above ground","surface1Value":10.0,"surface2Type":255,"surface2TypeName":"Missing","surface2Value":0.0,"gridDefinitionTemplate":0,"gridDefinitionTemplateName":"Latitude_Longitude","numberPoints":615,"shape":6,"shapeName":"Earth spherical with radius of 6,371,229.0 m","gridUnits":"degrees","resolution":48,"winds":"true","scanMode":64,"nx":41,"ny":15,"basicAngle":0,"lo1":47.0,"la1":41.0,"lo2":87.0,"la2":55.0,"dx":1.0,"dy":1.0}, "data":
[rows 0 to 14 of 15, columns 0 to 40 of 41]
1.6393921,-1.150608,3.299392,0.7293921,-0.85060793,-0.4806079,-1.1206079,-1.400608,-2.3706079,-2.310608,-1.9406079,-2.6106079,-3.710608,-3.8806078,-4.350608,-4.250608,-5.710608,-5.0506077,-5.320608,-5.3006077,-1.6106079,-4.440608,-1.880608,-1.0406079,-2.1106079,0.17939208,-1.1706079,0.64939207,-0.8906079,-1.0606079,-3.1606078,-3.950608,-0.1906079,0.06939209,1.6593921,1.6793921,1.1293921,0.12939209,-0.8706079,-0.2506079,-0.20060791
3.439392,0.2693921,2.259392,-0.04060791,-1.9306079,-0.4506079,-1.4406079,-0.4006079,-1.2406079,-3.720608,-2.970608,-4.170608,-4.7806077,-4.200608,-4.9706078,-4.420608,-5.230608,-7.4706078,-8.070608,-4.420608,-3.960608,-6.850608,-3.990608,1.609392,0.3793921,-1.020608,-2.3906078,-1.4306079,-0.5606079,-1.650608,1.6493921,0.7293921,-1.8006079,-4.7406077,-4.350608,0.00939209,-0.9306079,0.14939208,0.6993921,-0.2206079,3.549392
2.179392,5.6993923,2.429392,0.4693921,-0.4106079,-0.2206079,-0.42060792,0.02939209,-0.6806079,-2.510608,-3.290608,-3.550608,-4.440608,-4.770608,-3.200608,-3.6006079,-3.760608,-4.640608,-4.710608,-4.3006077,-1.3506079,-4.920608,-7.160608,-3.440608,-2.520608,-0.7906079,-1.4306079,-1.8406079,-0.9206079,-0.6306079,-0.2906079,-0.5706079,1.1693921,-0.9606079,-0.2506079,1.2093921,-2.580608,-1.7406079,-2.1506078,0.35939208,1.979392
2.999392,2.6093922,0.71939206,-1.500608,-0.3206079,-0.6306079,-0.04060791,1.479392,1.859392,0.01939209,-2.190608,-3.980608,-6.210608,-5.150608,-2.840608,-3.310608,-4.130608,-4.420608,-4.690608,-5.670608,-4.670608,-3.300608,-1.010608,-3.9006078,-4.160608,-4.2806077,-4.0106077,-3.8506079,-2.320608,-2.6806078,-3.8706079,-4.2406077,-1.2206079,4.309392,-0.5706079,-0.4106079,2.1193922,4.0293922,-0.91060793,-1.7106079,0.8293921
-0.03060791,-0.53060794,-0.5206079,-1.4906079,-2.1706078,-1.0406079,-0.72060794,-1.2006079,2.199392,1.0493921,-0.5006079,-2.3806078,-5.4906077,-4.370608,-3.490608,-3.090608,-3.320608,-3.210608,-3.490608,-4.400608,-3.710608,-0.9606079,-0.6806079,-1.0906079,-1.7006079,-1.8406079,-2.6406078,-2.6406078,-2.580608,-1.9806079,-2.6206079,-1.8406079,-0.6306079,0.06939209,-0.43060791,0.4093921,-6.120608,1.1493921,4.829392,3.8493922,3.489392
-0.2206079,-1.1006079,-1.3306079,-0.9506079,-2.6306078,-1.1806079,-0.8906079,-0.8806079,2.259392,0.3393921,0.20939209,-1.8106079,-4.150608,-4.7606077,-3.4006078,-3.1706078,-3.220608,-2.760608,-2.490608,-2.760608,-2.960608,-2.1206079,-1.500608,-0.72060794,0.3693921,-0.6706079,-1.4106079,-0.4406079,-0.2206079,-0.8606079,-1.4606079,0.02939209,0.58939207,0.2993921,1.4093921,-3.220608,0.23939209,-2.820608,-5.2606077,-4.270608,5.2593923
1.0793921,1.0193921,0.6693921,0.3993921,-1.390608,-0.5106079,0.35939208,1.2093921,0.4393921,0.8193921,-0.4506079,-0.9806079,-2.190608,-2.8606079,-3.4006078,-3.9306078,-3.570608,-2.230608,-1.3306079,-1.1906079,-1.7906079,-2.190608,-2.240608,-2.190608,-1.760608,-2.030608,-2.950608,-2.4106078,-3.240608,-4.4706078,-4.730608,-1.1906079,-0.6806079,-1.4806079,-2.1406078,-2.6406078,-2.6306078,-2.440608,-2.820608,-0.2606079,0.3393921
2.519392,2.499392,1.349392,3.209392,0.52939206,1.5793921,3.029392,0.9793921,0.06939209,1.1693921,1.1693921,0.38939208,-0.8206079,-1.6606079,-2.6206079,-2.8906078,-3.3706079,-3.230608,-1.9206079,-0.2906079,-1.1806079,-1.4506079,-1.7106079,-0.5706079,-0.8706079,-0.8606079,-1.0306079,-1.8606079,-2.590608,-3.740608,-2.1506078,-2.940608,-2.010608,0.00939209,0.2293921,0.52939206,0.1693921,-3.540608,-0.8206079,1.479392,-0.9206079
0.4093921,-0.7906079,-0.5706079,0.3793921,1.749392,0.9093921,1.999392,1.6293921,0.5093921,1.1593921,1.5693921,1.239392,1.0593921,0.2293921,-0.78060794,-1.5406079,-2.230608,-2.450608,-2.3606079,-2.1206079,-0.85060793,-1.6906079,-1.630608,-1.9806079,-0.7406079,-0.09060791,0.31939209,0.5393921,-0.7906079,-1.0906079,-3.240608,-0.9806079,-1.0806079,0.83939207,0.8693921,0.03939209,-1.4206079,0.6393921,-2.990608,-2.550608,-2.4306078
-0.6306079,-1.000608,-1.9806079,-0.97060794,-1.8106079,1.8193921,1.3793921,1.239392,1.4393921,0.8593921,0.7493921,2.039392,1.869392,2.0693922,1.5793921,0.4893921,-0.6806079,-0.7306079,-1.520608,-2.210608,-1.8306079,-1.260608,-1.1906079,-0.9006079,-0.8906079,-0.5706079,0.6793921,-0.20060791,-0.4506079,0.41939208,0.00939209,0.4393921,-0.36060792,0.58939207,1.0593921,1.2693921,0.4093921,-2.1706078,1.099392,1.3893921,-0.9406079
0.77939206,-0.36060792,-2.220608,-1.8706079,-0.21060792,1.8093921,1.2793921,-0.5006079,1.359392,0.6293921,0.10939209,0.20939209,-1.0606079,1.7193921,0.8093921,0.52939206,-0.97060794,-1.2206079,-0.72060794,-1.3206079,-1.2806079,-1.3306079,-1.260608,-0.6906079,-0.6306079,-0.5606079,-1.1706079,-0.3706079,-0.46060792,0.3793921,-0.09060791,0.35939208,0.89939207,1.1293921,2.669392,1.4693921,1.0793921,1.7893921,0.9193921,0.3493921,-0.53060794
0.8293921,0.3093921,-0.2606079,-1.0306079,-0.5006079,0.3493921,-0.05060791,1.4493921,1.489392,0.5593921,-1.0406079,-1.130608,0.7593921,-0.2506079,-0.8906079,-0.04060791,-0.4406079,-1.260608,-0.91060793,-0.7506079,-0.09060791,-1.260608,-0.6506079,-0.5906079,-0.21060792,-1.760608,-0.53060794,-0.4806079,0.1393921,-0.1606079,-0.4806079,-0.33060792,0.6693921,2.059392,1.5893921,2.0793922,2.8793921,3.529392,3.019392,2.279392,1.7093921
1.3793921,0.9493921,0.3693921,0.20939209,0.9993921,0.11939209,0.5693921,1.1493921,2.299392,1.359392,-0.4706079,-0.7706079,0.5993921,-0.72060794,-1.3506079,-1.6206079,-1.6906079,-1.7806079,-1.9306079,-1.5906079,-0.8206079,-0.53060794,0.18939209,-0.2906079,-1.8006079,-0.18060791,-0.11060791,-0.39060792,-0.20060791,-0.30060792,-0.5006079,-0.2606079,0.8093921,0.8293921,0.8893921,1.6293921,0.03939209,1.4193921,3.1293921,2.3393922,1.2893921
2.219392,2.249392,1.739392,1.3393921,-0.33060792,0.3793921,0.20939209,1.2593921,2.029392,1.9393921,1.0393921,-0.3206079,-0.7506079,-0.60060793,-0.8206079,-1.0806079,-1.0806079,-1.2206079,-1.260608,-1.0406079,-1.130608,-6.0791016E-4,-0.07060791,-0.01060791,-0.5906079,-1.4406079,-0.27060792,0.2693921,0.2993921,-0.12060791,0.52939206,0.3693921,0.2693921,-0.14060791,0.14939208,-0.17060791,0.23939209,0.8593921,1.2693921,1.2893921,1.5193921
1.6393921,2.209392,3.279392,3.159392,1.739392,0.5693921,0.83939207,2.039392,1.7993921,2.019392,1.0593921,2.309392,2.209392,-0.3506079,-0.5906079,-0.6906079,-0.5406079,-1.0606079,-0.7106079,-0.4806079,-1.2806079,-0.9806079,-1.630608,-1.880608,-1.2206079,-1.140608,0.2793921,0.10939209,0.20939209,-6.0791016E-4,-0.3806079,-1.5806079,-0.46060792,0.41939208,0.5193921,1.0893921,0.6793921,-0.7406079,-1.500608,-0.6706079,1.099392
