wind_kz.json
{"header": {"discipline":0,"disciplineName":"Meteorological products","gribEdition":2,"gribLength":948,"center":7,"centerName":"US National Weather Service - NCEP(WMC)","subcenter":0,"refTime":"2023-09-28T06:00:00.000Z","significanceOfRT":1,"significanceOfRTName":"Start of forecast","productStatus":0,"productStatusName":"Operational products","productType":1,"productTypeName":"Forecast products","productDefinitionTemplate":0,"productDefinitionTemplateName":"Analysis/forecast at horizontal level/layer at a point in time","parameterCategory":2,"parameterCategoryName":"UnknownDiscipline_0_Category_2","parameterNumber":3,"parameterNumberName":"UnknownParameter_D0_C2_3","parameterUnit":"Unknown","genProcessType":2,"genProcessTypeName":"Forecast","forecastTime":60,"surface1Type":103,"surface1TypeName":"Specified height level above ground","surface1Value":10.0,"surface2Type":255,"surface2TypeName":"Missing","surface2Value":0.0,"gridDefinitionTemplate":0,"gridDefinitionTemplateName":"Latitude_Longitude","numberPoints":615,"shape":6,"shapeName":"Earth spherical with radius of 6,371,229.0 m","gridUnits":"degrees","resolution":48,"winds":"true","scanMode":64,"nx":41,"ny":15,"basicAngle":0,"lo1":47.0,"la1":41.0,"lo2":87.0,"la2":55.0,"dx":1.0,"dy":1.0}, "data":
[rows 0 to 14 of 15, columns 0 to 40 of 41]
-0.023835449,-1.4238354,0.17616455,-1.1638354,-2.8538353,-4.6538353,-3.6238356,-2.3338354,-0.6538355,-1.2638354,-2.4538355,-3.0038354,-3.1138353,-3.4038355,-1.8338355,-1.0938355,-2.0338354,-3.0138354,-2.8838356,-1.7338355,-2.0638354,-1.7238355,-0.82383543,-0.87383544,-1.0138354,-1.1338354,-1.5738355,1.2561646,2.8161645,1.8661646,-1.4838355,-0.57383543,0.61616457,2.3561645,1.7161646,2.6961646,0.17616455,-0.7838355,-0.27383545,-0.72383547,-3.2138355
0.6061646,0.10616455,0.77616453,-1.1338354,-2.9238355,-4.1338353,-2.4038355,-1.4738355,-0.10383545,-0.69383544,-2.1738355,-2.4838355,-2.2738354,-3.9238355,-5.0938354,-0.47383544,-2.6138353,-2.1938355,-2.1238356,-2.2438354,-1.9938354,-1.9538355,1.9461646,2.0761645,1.6861645,2.0961645,-1.5238354,2.9061646,0.77616453,2.0161645,3.4461646,3.6061645,-0.82383543,-0.45383546,-2.0238354,-1.6038355,-1.9138354,-2.4838355,-1.1638354,-1.0938355,-0.013835449
2.0461645,1.8961645,0.05616455,-1.3338355,-3.3138354,-3.4838355,-2.4338355,-2.4538355,-1.9038354,-0.97383547,-1.6538354,-0.79383546,-1.2638354,-3.4638355,-3.2238355,-3.8438354,-4.3838353,-0.43383545,-1.5238354,-1.6838355,-1.9738355,-1.4738355,3.6661646,1.5761646,2.1561646,1.1961646,0.69616455,0.40616456,-0.36383545,0.8461645,2.9061646,-0.26383546,1.0561645,-1.0738355,0.18616456,0.096164554,-1.0038354,-1.6838355,-1.3938354,1.7561646,1.8161645
0.35616454,0.21616454,-0.48383546,-1.2038355,-1.7638354,-0.7138355,-1.7038355,-1.6538354,-1.8538355,-2.3738356,-3.0438354,1.1061646,-0.8938354,-3.2138355,-2.5038354,-3.1338356,-3.8738356,-1.9038354,-2.5438354,-2.6338356,-0.67383546,-0.31383544,1.9161645,1.6361645,0.28616455,0.45616454,-0.39383546,-1.8038354,-1.6338354,-0.9638355,1.1961646,-0.38383543,-1.7938354,-0.47383544,0.34616455,0.42616454,2.4861646,1.9461646,-0.73383546,3.4461646,-2.9838355
2.9061646,3.9861646,2.0561645,-0.06383545,-1.6838355,-2.3438354,-2.7238355,-1.4338355,0.94616455,-0.5338355,-0.8438355,0.68616456,0.62616456,-2.3638353,-3.6138353,-4.4438353,-3.2938354,-1.2838354,-2.7338355,-1.7538354,-0.57383543,-1.7638354,-1.2738354,-0.36383545,-1.6838355,-1.3938354,-1.0538354,-1.8338355,-2.0538354,-0.76383543,3.7161646,1.6061646,2.4761646,3.5361645,-1.2938354,-1.3538355,-0.053835448,0.70616454,2.7361646,-0.72383547,-1.8338355
2.5461645,2.6061645,2.1661646,0.6661646,-1.1638354,-1.2238355,-0.93383545,-1.4638355,1.1261646,0.36616457,-0.55383545,-2.1438355,2.1461647,0.15616456,-3.6538355,-3.4738355,-3.5438354,-2.1238356,-0.63383543,-2.1738355,-2.6938355,-1.2438354,0.88616455,0.64616454,-3.1538355,-1.4838355,-2.0238354,-0.45383546,1.7361646,1.6961646,1.4161645,1.0761646,1.7561646,2.3661644,2.3761644,0.37616456,0.19616455,0.76616454,-0.14383546,1.2361646,-2.9938354
-2.5538354,-2.8738356,-2.2738354,-1.1738354,-0.61383545,-3.8738356,-3.2138355,-1.2238355,0.16616455,2.6361647,1.3961645,2.5761645,1.4861646,0.02616455,-1.5038354,-2.6038353,-3.1738355,-3.5638354,-1.1738354,-0.44383544,-1.3338355,-2.4238355,-2.8538353,-2.7838354,-1.0538354,0.10616455,-0.82383543,-1.7038355,-2.4738355,-2.7838354,-2.5438354,-2.0538354,-0.76383543,0.27616456,0.9061645,0.35616454,0.73616457,1.2861645,-1.0338354,-0.37383544,-0.48383546
-2.5938354,-3.3038354,-3.2338355,-3.6138353,-3.1038353,-3.8938355,-3.7738354,-3.8738356,-1.1638354,-4.0838356,0.11616455,-0.08383545,-1.5338354,-1.4038354,-2.0738354,-2.4038355,-0.98383546,-1.7938354,-1.7038355,-0.5838354,-1.7038355,-2.8738356,-0.38383543,-0.6538355,-1.7738354,-1.9938354,-1.8738354,-2.6838355,-1.2338355,-2.1738355,-2.6238356,-3.3038354,-3.1338356,-1.4738355,0.41616455,3.1961646,3.2461646,1.5461645,-2.1838355,0.12616456,-2.7938354
-1.2138355,-2.6438355,-3.0538354,-3.5338354,-2.9138355,-3.7238355,-3.5338354,-1.8238355,-2.5338354,-2.9238355,-1.9438355,0.49616456,-0.37383544,-0.93383545,-2.3338354,-3.4238355,-1.2638354,-0.12383545,-0.86383545,-0.11383545,-0.16383545,-1.4138354,-1.2838354,1.2761645,-0.03383545,-0.9638355,-0.61383545,-0.79383546,-1.0738355,-0.7738354,-2.3838356,-1.8038354,-3.8138354,-3.7238355,-1.8538355,1.0261645,1.0561645,3.8161645,2.7161646,0.9061645,1.3361646
-0.47383544,-1.8838354,-2.6438355,-3.3338354,-2.7438354,-3.6438355,-2.7838354,-2.5038354,-1.9238354,-0.88383543,-1.1038355,-1.6938355,-1.6238354,-1.9638355,-2.1238356,-2.4238355,-1.9238354,-1.9438355,-0.92383546,-0.60383546,-0.61383545,-1.0838355,-1.2938354,-1.6538354,-1.6338354,-0.99383545,-1.9738355,1.2261646,3.1961646,1.7761645,1.5061646,1.2761645,-1.3638355,-5.5938354,-4.6938353,0.5461646,2.6261644,1.0261645,3.5261645,3.1161644,3.5961645
0.95616454,-1.3638355,-2.1738355,-2.8738356,-1.7738354,-2.4838355,-3.2738354,-2.4838355,-0.75383544,-1.1738354,-0.7738354,-1.8338355,-1.7438354,-1.7138355,-2.7038355,-0.86383545,-1.3938354,-1.4438355,-1.6638354,-1.1638354,-1.7538354,-0.87383544,-2.6138353,-1.7338355,-0.98383546,-0.37383544,-2.1938355,-1.7838354,-1.7538354,-1.2338355,0.01616455,-0.76383543,-0.74383545,-0.85383546,-2.8338354,-2.5938354,0.55616456,2.0561645,3.3661644,2.2361646,-0.06383545
1.4761646,0.7861645,-0.67383546,-2.0238354,-1.0638355,-0.62383544,-2.3438354,-1.5438354,-1.1438354,1.0561645,-0.56383544,-1.4038354,-2.1038353,-2.0138354,-1.8438355,-1.1038355,-0.9638355,-2.1038353,0.69616455,-0.69383544,-0.24383545,-0.75383544,-1.8338355,-2.3138354,-2.9638355,-2.3338354,-1.2238355,-2.2038355,0.7161645,-1.0538354,-0.98383546,-2.8638353,-2.2538354,-2.8438354,-2.5438354,-1.5538354,-3.3938355,-0.33383545,1.1961646,0.07616455,1.3761646
2.0661645,1.7361646,0.62616456,0.11616455,-1.7038355,0.006164551,-0.87383544,0.29616454,-0.7138355,0.74616456,-0.22383545,-1.1038355,-1.7138355,-2.1338356,-2.1238356,-2.2738354,-1.6538354,-1.0538354,-1.6138355,-1.5438354,-0.92383546,-2.1038353,-2.6638355,-2.6138353,-4.5238357,-4.1238356,-3.7338355,-4.8638353,-4.2538357,-4.3738356,-3.1938355,-4.3738356,-4.5938354,-4.2438354,-4.9138355,-4.483835,-2.1738355,-3.4238355,-1.9738355,-1.5638355,-1.0638355
2.3861647,2.8961647,1.0061646,1.4061645,-0.18383545,0.50616455,0.82616454,0.28616455,0.23616455,1.6561645,0.51616454,0.18616456,-1.9738355,-1.8138355,-2.6138353,-1.7838354,-2.4038355,-2.2738354,-1.2938354,-1.5638355,-1.8138355,-1.8838354,-2.3638353,-2.5638354,-3.0338354,-3.0038354,-3.4738355,-2.8038354,-3.2638354,-4.2838354,-4.2038355,-4.1538353,-4.6738353,-4.7738357,-4.3238354,-5.8138356,-5.4738355,-4.5638356,-3.2338355,-1.8838354,-2.6738355
1.9161645,3.2961645,2.6961646,1.6561645,1.1061646,0.13616455,0.12616456,1.4861646,0.74616456,-0.03383545,0.45616454,1.1961646,1.6661645,-0.38383543,-1.5938355,-1.2038355,-1.8838354,-1.3538355,-1.2238355,-0.28383544,-0.5238354,-1.4638355,-1.5038354,-1.8138355,-1.8738354,-1.9438355,-1.9538355,-2.1938355,-2.4638355,-2.5438354,-3.2638354,-4.0938354,-3.5338354,-4.0738354,-4.5138354,-4.9938354,-4.9738355,-4.3938355,-5.2938356,-5.5038357,-2.4138355
