wind_kz.json
{"header": {"discipline":0,"disciplineName":"Meteorological products","gribEdition":2,"gribLength":1025,"center":7,"centerName":"US National Weather Service - NCEP(WMC)","subcenter":0,"refTime":"2023-09-25T12:00:00.000Z","significanceOfRT":1,"significanceOfRTName":"Start of forecast","productStatus":0,"productStatusName":"Operational products","productType":1,"productTypeName":"Forecast products","productDefinitionTemplate":0,"productDefinitionTemplateName":"Analysis/forecast at horizontal level/layer at a point in time","parameterCategory":2,"parameterCategoryName":"UnknownDiscipline_0_Category_2","parameterNumber":2,"parameterNumberName":"UnknownParameter_D0_C2_2","parameterUnit":"Unknown","genProcessType":2,"genProcessTypeName":"Forecast","forecastTime":60,"surface1Type":103,"surface1TypeName":"Specified height level above ground","surface1Value":10.0,"surface2Type":255,"surface2TypeName":"Missing","surface2Value":0.0,"gridDefinitionTemplate":0,"gridDefinitionTemplateName":"Latitude_Longitude","numberPoints":615,"shape":6,"shapeName":"Earth spherical with radius of 6,371,229.0 m","gridUnits":"degrees","resolution":48,"winds":"true","scanMode":64,"nx":41,"ny":15,"basicAngle":0,"lo1":47.0,"la1":41.0,"lo2":87.0,"la2":55.0,"dx":1.0,"dy":1.0}, "data":
[rows 0 to 14 of 15, columns 0 to 40 of 41]
-1.2735205,-0.7335205,1.1564795,-0.6035205,-1.4735205,-3.1535206,-3.4735205,-3.1735206,-4.0635204,-1.1035205,-2.0335205,-1.4735205,-1.2935205,-0.103520505,-0.6535205,-0.31352052,-0.13352051,0.08647949,-2.0935204,0.49647948,2.5664794,0.49647948,0.7564795,-0.043520506,0.2864795,-2.4735205,-1.6235205,1.1064795,0.1964795,0.1564795,-1.2735205,0.3264795,0.7764795,0.4764795,-2.1035204,-2.8735206,-3.3035204,-3.5235205,-3.0435205,-2.8135204,-4.0035205
1.4764795,0.9264795,-1.8335205,-3.5435205,-4.0135207,-3.6035204,-2.3735206,-3.1135206,-2.5735204,-0.3835205,0.5664795,-1.5135205,-0.6035205,0.27647948,0.5364795,0.5064795,0.6964795,-0.8235205,0.026479492,0.9464795,2.5564795,3.2464795,0.5364795,-1.3835205,1.4864795,0.5664795,0.5564795,1.7064795,-0.6735205,-0.16352051,-0.3335205,-0.6335205,-0.5235205,-2.4935205,-0.09352051,-1.3335205,-1.1435205,-1.3935205,0.4864795,0.6364795,-2.9235206
-1.1135205,-4.8135204,-3.8435204,-3.3135204,-3.6935205,-4.2435207,-3.5635204,-0.8835205,-2.2635205,0.2564795,2.2964795,1.3064795,0.8064795,0.91647947,0.9764795,0.026479492,-0.5535205,1.4064795,1.5864795,1.5964795,1.6064795,-0.7935205,-2.4635205,-0.2935205,0.6264795,1.1264795,1.9964795,-1.5335205,-2.1035204,-0.3935205,-0.6935205,1.3364795,-0.9335205,-1.2435205,0.2864795,-0.6335205,-0.2935205,0.6464795,-0.9235205,2.2264795,2.2164795
-4.2735205,-4.9535203,-5.3535204,-5.3035207,-4.2135205,-2.6635206,0.7564795,0.40647948,1.2664795,1.9064795,2.2464795,2.8864794,3.3564794,1.3864795,0.05647949,0.11647949,1.3364795,-0.3835205,0.2464795,-0.9935205,0.026479492,-1.1835206,3.9864795,1.6864794,1.4864795,2.5164795,0.6464795,-1.4135205,-1.3735205,-0.95352054,-1.1735206,-3.1435206,-2.6335206,-3.1435206,-2.5735204,-2.2135205,-2.0935204,2.9564795,0.3564795,-0.7835205,-1.2035205
-4.0135207,-5.4235206,-5.4135203,-4.6435204,-2.9735205,-3.0235205,-1.8735205,-0.6835205,0.5964795,2.0764794,2.3964796,2.8164794,1.8764795,0.4864795,-1.6135205,-1.1235205,-1.6335205,0.17647949,0.4264795,-0.18352051,-0.7335205,-0.6335205,0.2864795,-0.7335205,-2.3935206,-3.5735204,-6.0335207,-3.9235206,-3.8535204,-3.7935205,-2.9935205,-2.1235206,-1.8635205,1.4864795,-0.5535205,-1.7535205,-4.7035203,-4.1235204,-3.1235206,-3.6135206,-4.0335207
-2.8335204,-2.6235206,-3.2235205,-3.0835204,-3.6335206,-2.8435204,-0.6235205,1.2464795,1.9164795,3.7964795,2.6664796,2.1764796,-0.6235205,-2.5335205,-1.9735205,-0.9635205,0.11647949,1.0464795,1.3364795,-1.4735205,-1.0435205,-0.70352054,-1.3135206,-2.5335205,1.0264795,-4.4335203,-2.9435205,-4.6335206,-3.5435205,-3.9935205,-3.9035206,-3.1435206,-3.4835205,-3.1235206,-1.4335206,-3.1035204,0.1364795,-2.2335205,-1.4535205,-3.1235206,-3.6835206
1.5364795,1.7464795,1.2864795,-0.8835205,-0.89352053,-0.8835205,0.2564795,2.3964796,2.5964794,2.3564794,2.2164795,0.3764795,-0.89352053,-2.4535205,-1.3035206,-0.4235205,0.9364795,1.7964795,-0.5035205,-2.0335205,-1.0635206,-0.2735205,0.046479493,-0.25352052,-1.9335206,0.27647948,-1.8835205,-1.8835205,-1.8235205,-2.2735205,-1.9035205,-2.8835206,-2.1235206,-3.1335206,-3.1235206,-2.1535206,-0.9235205,2.1764796,-2.3335204,1.1064795,-0.8435205
-3.0835204,-3.0235205,-2.1335206,0.2464795,1.1664795,0.9364795,0.7264795,1.1864794,1.8664795,1.9664795,1.2864795,-1.6335205,-2.8535204,-2.3335204,-0.95352054,-0.043520506,0.046479493,-0.8535205,-0.8735205,-1.8135206,-0.4835205,0.12647949,0.23647949,-0.3635205,-2.3435204,0.6464795,1.8264794,-0.3335205,-0.03352051,1.1064795,-0.18352051,-1.7335205,-0.58352053,-1.5435205,-1.8235205,-1.6135205,-2.3435204,-7.0235205,-4.1635203,-3.5935204,-2.7435205
-3.1335206,-2.6335206,-1.8135206,-0.24352051,0.2164795,0.9864795,0.22647949,-0.3235205,-0.6235205,-0.41352051,-2.1135206,-2.2735205,-1.2335205,-0.6335205,-0.6635205,-0.5335205,-0.6535205,-1.2135205,-0.8235205,-1.5335205,0.20647949,1.3964795,2.0064795,1.1664795,-0.9435205,-0.9935205,-0.25352052,-2.3335204,0.11647949,-1.1635205,-1.1635205,-0.08352051,0.66647947,-1.2735205,-1.6835206,-1.8735205,-0.9135205,-1.5335205,-0.6935205,1.1464795,-2.4135206
-0.8235205,-1.5435205,-1.7935205,-0.7735205,-0.25352052,-0.9235205,-1.4435205,-0.21352051,-0.4235205,-0.47352052,-0.03352051,0.9664795,0.7764795,-0.31352052,-0.6235205,-0.4535205,-0.2735205,-0.3935205,-0.83352053,-1.2835205,-0.2635205,1.5164795,1.9764795,1.6064795,1.5364795,0.5664795,0.85647947,0.1664795,0.3164795,-0.4635205,1.1564795,0.5964795,-2.2335205,-2.2235205,-1.8235205,-1.9635205,-2.5835204,-0.5235205,-2.1635206,0.06647949,-1.8735205
0.8664795,-0.8535205,-1.1835206,0.076479495,0.5064795,0.03647949,0.6364795,1.0364795,0.2464795,0.5364795,0.5664795,0.9064795,1.4764795,2.0564795,0.14647949,0.026479492,-0.0035205078,0.3764795,-0.053520508,-0.3535205,-0.4935205,0.1364795,-1.4035205,-1.4535205,-0.063520506,1.0864795,1.6664795,-0.6735205,-1.3235205,0.91647947,1.4264795,-1.8235205,-2.3935206,-1.6635205,-1.7335205,-2.3635206,-1.8235205,0.49647948,-0.89352053,1.1664795,-1.3135206
-1.0535206,-1.3735205,-0.5235205,0.1564795,1.0364795,0.5064795,0.5764795,0.7664795,0.7664795,0.3264795,-0.13352051,1.5464795,0.5764795,-0.28352052,-0.6335205,0.4564795,1.0364795,1.0664794,0.40647948,0.7564795,0.8764795,0.06647949,-0.31352052,-2.7135205,-2.6335206,-2.3135204,-2.3935206,-2.2635205,-1.5435205,-1.8135206,-1.0435205,-1.4935205,-1.2435205,-1.7835205,-0.6735205,0.14647949,-0.3535205,-0.6635205,-0.09352051,-0.23352051,-0.5535205
0.026479492,1.0864795,1.5164795,1.1564795,1.2164795,0.9064795,1.0364795,0.9864795,0.9964795,0.7664795,0.5764795,1.2564795,0.6864795,-0.16352051,0.9064795,2.0964794,1.9164795,1.9864795,1.3064795,1.5164795,0.54647946,0.1664795,0.85647947,0.8464795,0.66647947,-0.70352054,-0.4035205,-1.5435205,-1.6035205,-1.7235205,-1.9535205,-2.0235205,-1.3235205,-0.08352051,0.5964795,0.3864795,0.06647949,-0.4535205,-0.5535205,-0.6735205,-0.9135205
0.8764795,0.6964795,1.7064795,0.4164795,0.85647947,1.1364795,0.8664795,0.91647947,1.1864794,1.2064795,0.49647948,0.9264795,1.8564795,1.4564795,2.4264796,2.1964796,1.6964794,1.9064795,0.6364795,2.6964796,2.1764796,2.2964795,2.3864794,2.2764795,1.4564795,1.9364794,0.9064795,0.076479495,-0.58352053,-1.3035206,-1.2435205,-1.5535206,-1.9935205,-1.0735205,0.3164795,-0.5335205,-0.8235205,-0.2035205,-1.0535206,0.1664795,-0.8135205
0.2464795,0.9864795,1.3764795,0.6764795,0.9364795,1.0064795,1.5964795,1.2564795,1.6964794,0.85647947,0.08647949,1.1164795,1.4264795,1.6164795,2.0264795,2.2564795,2.4164796,2.2764795,2.5164795,2.8564794,2.7764795,3.1264794,2.6664796,2.5164795,2.4164796,2.5364795,1.8664795,1.1464795,0.7364795,0.106479496,-0.7235205,-1.1335205,-1.2635205,-0.7835205,-0.6835205,0.03647949,0.09647949,0.5864795,0.9664795,0.016479492,-0.9935205
