wind_kz.json
{"header": {"discipline":0,"disciplineName":"Meteorological products","gribEdition":2,"gribLength":1025,"center":7,"centerName":"US National Weather Service - NCEP(WMC)","subcenter":0,"refTime":"2023-10-02T00:00:00.000Z","significanceOfRT":1,"significanceOfRTName":"Start of forecast","productStatus":0,"productStatusName":"Operational products","productType":1,"productTypeName":"Forecast products","productDefinitionTemplate":0,"productDefinitionTemplateName":"Analysis/forecast at horizontal level/layer at a point in time","parameterCategory":2,"parameterCategoryName":"UnknownDiscipline_0_Category_2","parameterNumber":2,"parameterNumberName":"UnknownParameter_D0_C2_2","parameterUnit":"Unknown","genProcessType":2,"genProcessTypeName":"Forecast","forecastTime":240,"surface1Type":103,"surface1TypeName":"Specified height level above ground","surface1Value":10.0,"surface2Type":255,"surface2TypeName":"Missing","surface2Value":0.0,"gridDefinitionTemplate":0,"gridDefinitionTemplateName":"Latitude_Longitude","numberPoints":615,"shape":6,"shapeName":"Earth spherical with radius of 6,371,229.0 m","gridUnits":"degrees","resolution":48,"winds":"true","scanMode":64,"nx":41,"ny":15,"basicAngle":0,"lo1":47.0,"la1":41.0,"lo2":87.0,"la2":55.0,"dx":1.0,"dy":1.0}, "data":
[rows 0 to 14 of 15, columns 0 to 40 of 41]
-0.4615796,-0.38157958,2.5184205,-0.58157957,0.5284204,-1.0415796,-1.1915796,-0.9315796,-1.8515795,-1.8215796,-0.8115796,-1.4015796,-1.6915796,-1.4915795,-1.8415796,-2.0315795,-1.6315796,-1.6215796,-3.5415795,-3.6015797,-2.5515795,-0.28157958,0.7484204,0.2284204,-1.7515796,-0.3915796,-1.2015796,0.8984204,1.6084204,1.0484204,1.2184204,1.7184204,0.7184204,0.4084204,-3.5215795,-2.9415796,-2.5615797,-2.7515795,-3.3415797,-3.9815795,-4.1215796
2.4584205,0.6184204,-6.3015795,-4.1815796,-1.1315796,0.17842041,0.5784204,0.11842041,0.18842041,1.5384204,1.3984205,0.6484204,0.3184204,0.1384204,1.2984204,0.9384204,-0.18157959,-0.83157957,-0.7615796,-1.8215796,-1.9315796,-1.9915795,-1.3615795,-1.1015795,1.5184205,1.3084204,0.30842042,2.1484203,0.6784204,0.24842042,0.4484204,-0.08157959,0.5784204,-1.2515796,-0.6515796,-0.8215796,-1.0815796,-1.1015795,0.5984204,0.9684204,-3.4715796
0.7484204,-4.0615797,-3.4515796,-2.6415796,-1.4015796,-0.6115796,0.3484204,2.1484203,2.3284204,2.2684205,2.6484203,2.7984204,2.4084203,2.5884204,2.1784203,1.8784204,2.3884203,2.2784204,2.1884203,2.0084205,1.0184205,1.0784204,-0.2215796,0.6284204,0.5184204,1.1584204,0.10842041,2.1984205,0.028420411,0.6284204,1.0084205,1.1984204,-0.02157959,0.27842042,-0.12157959,0.03842041,-1.0215796,-0.06157959,-0.8015796,0.53842044,1.7484204
-2.8615797,-3.0315795,-1.2715796,-0.58157957,-1.7215796,-0.3015796,1.8384204,3.1784203,2.8984203,3.6884203,3.5284204,3.6484203,5.0884204,5.4084206,3.2284205,2.8884203,3.1984205,2.6984205,3.3084204,2.4884205,1.1984204,1.2484204,0.43842041,2.1684203,0.4784204,-0.9915796,0.5284204,-0.6315796,1.2484204,0.03842041,2.3984203,1.9784204,-0.9315796,-1.0015796,-0.1315796,0.3484204,-1.0015796,1.9884204,-0.6715796,-0.5315796,-1.7615796
1.2084204,2.5884204,2.7184205,2.7884204,3.0484204,2.9984205,3.0184205,3.2884204,3.2784204,3.9784205,3.9684205,4.80842,6.26842,6.0784206,5.2584205,4.1084204,3.5084205,4.01842,2.8184204,2.9884205,3.5384204,2.6884203,2.6384203,2.4784205,1.3484204,-0.0015795898,-0.83157957,-1.4315796,-0.14157958,0.49842042,-0.9715796,0.24842042,-1.8015796,2.4084203,-0.4515796,0.1384204,-2.0615797,-2.4815795,-2.3015795,-2.1015797,-1.6715796
2.5784204,2.6184204,3.8984203,5.4784203,6.05842,5.9084206,3.9484205,3.4284203,2.2884204,3.5184205,4.1984205,4.3684206,4.4884205,5.5884204,6.26842,4.6384206,3.4084203,4.6084204,3.7884204,4.8184204,4.2384205,4.1984205,3.5384204,2.7084205,2.7684205,2.7184205,2.8284204,3.5184205,-0.2915796,1.5784204,0.78842044,0.8984204,1.3584204,0.2584204,-0.0015795898,-0.8815796,0.01842041,-1.6415796,-1.0615796,-2.5115795,-2.1815796
3.6684203,3.3984203,3.5684204,3.6384203,4.1784205,3.5084205,3.2084205,2.9284203,2.8184204,3.3584204,3.2684205,3.1984205,3.2884204,4.1184206,4.1784205,4.0884204,4.05842,5.0984206,5.1384206,5.7184205,5.4384203,4.7984204,5.3784204,5.4784203,4.5784206,4.4784203,3.5884204,1.0384204,1.7884204,0.3784204,0.49842042,0.8884204,0.3184204,-0.7515796,-1.6515796,-0.7915796,-0.7315796,1.7184204,-1.9915795,1.9384204,0.30842042
4.1184206,4.2184205,4.2084203,4.2584205,4.28842,4.2184205,3.7484205,2.5884204,3.3384204,2.7684205,2.7284205,3.6684203,3.8184204,3.7484205,3.7284205,3.9984205,3.9184203,5.3484206,5.0884204,4.76842,5.7384205,6.4284205,6.1284204,5.8984203,6.4084206,5.9484205,5.4684205,1.9984204,2.7984204,2.0084205,1.2184204,1.7084204,0.6884204,1.2584205,0.24842042,-1.7615796,-1.1215796,-2.8815796,-2.5115795,-1.3315796,-0.9115796
5.9184203,6.1584206,6.2084203,5.6784205,5.51842,5.03842,4.0084205,3.6584203,2.5584204,2.7584205,2.7884204,2.8684204,4.7184205,3.1084204,4.0784206,3.0184205,3.0284204,2.8084204,2.6184204,5.1384206,6.7784204,6.8884206,6.7984204,6.6484203,6.8184204,6.1984205,4.05842,5.7184205,5.8184204,3.2484205,4.2584205,3.9284203,2.8684204,1.2584205,0.4784204,-1.0715796,-0.11157959,-1.3215796,-1.3515795,-0.4215796,0.08842041
6.7384205,7.1284204,6.78842,6.9084206,6.3484206,5.5984206,4.2184205,4.01842,3.3684204,3.4784205,4.1384206,4.0484204,1.9984204,3.2484205,3.6484203,2.6784203,2.7484205,3.2684205,3.4584205,3.9884205,6.6384206,7.0684204,7.03842,6.0884204,6.3284206,5.4484205,4.26842,4.78842,5.5884204,5.2484202,2.9284203,1.4484204,1.3884205,1.0384204,0.4084204,-0.32157958,-2.0515795,-0.77157956,-0.7815796,0.30842042,-0.4315796
7.0684204,7.2084203,7.5984206,7.3184204,6.7984204,6.3984203,6.4684205,6.4984202,4.55842,3.6784203,3.1384203,4.0084205,1.9684204,3.3684204,3.6184204,3.6484203,4.7484202,4.7384205,2.8684204,4.80842,5.8984203,6.26842,5.4684205,5.4184203,5.55842,5.0284204,5.9884205,4.9984202,5.1284204,6.7784204,3.1984205,1.0984204,0.2984204,0.6284204,0.6784204,-0.7915796,-0.7415796,-0.02157959,-0.2915796,1.1984204,-1.4115796
6.9384203,7.3984203,7.9084206,7.5684204,8.4884205,7.3684206,6.28842,5.7784204,3.9984205,1.8484204,1.9484204,4.1084204,2.1384203,3.7584205,5.1884203,4.76842,5.0684204,4.9084206,4.1884203,4.4184203,5.4384203,5.78842,5.7284203,4.28842,5.0484204,5.5084205,5.7084203,6.1384206,5.4284205,5.6384206,2.1284204,1.3684204,0.5584204,0.11842041,0.5484204,1.4084204,0.8084204,-0.4015796,-0.4915796,-1.0115796,-0.8415796
7.1484203,9.72842,8.00842,7.9784203,7.6384206,5.5884204,6.1384206,5.9684205,5.55842,2.6384203,1.8284204,4.0684204,1.8484204,4.9384203,4.1384206,3.9084203,3.9584205,2.8384204,3.0684204,3.0884204,2.6184204,2.8084204,2.3884203,2.5084205,3.5884204,4.1284204,2.8684204,4.6784205,3.2884204,2.0384204,1.8484204,0.9584204,0.60842043,0.39842042,0.5784204,0.4884204,-0.2215796,-0.9515796,-1.2415795,-1.2715796,-1.7015796
8.72842,8.9884205,8.998421,9.14842,8.17842,6.6584206,6.1784205,4.7584205,5.5484204,3.4684205,2.0184205,1.4084204,0.85842043,2.4884205,3.7584205,2.4884205,1.9484204,1.2884204,1.1684204,1.5684204,1.9984204,2.2084205,2.1484203,1.7984204,3.1784203,3.1784203,3.1784203,1.1484205,0.53842044,1.7484204,0.66842043,-0.0015795898,0.1384204,-0.2715796,0.03842041,-0.4815796,-0.83157957,-0.3015796,-1.5215796,-0.8615796,-0.7215796
6.8884206,9.68842,11.30842,7.1384206,8.4884205,7.3484206,6.6484203,3.7684205,5.30842,2.2584205,0.8984204,1.5984204,-0.5015796,0.10842041,1.1484205,0.9984204,0.12842041,0.6984204,0.5684204,1.6284204,1.5084205,1.4884204,1.5384204,1.8984205,1.6984204,1.2684205,1.6384205,1.0084205,1.1784204,-0.0015795898,2.8484204,1.2484204,0.27842042,-0.14157958,-0.41157958,0.03842041,0.14842041,0.20842041,-0.1615796,0.008420411,-0.4615796
