wind_kz.json
[{"header":{"discipline":0,"disciplineName":"Meteorological products","gribEdition":2,"gribLength":871,"center":7,"centerName":"US National Weather Service - NCEP(WMC)","subcenter":0,"refTime":"2023-08-18T06:00:00.000Z","significanceOfRT":1,"significanceOfRTName":"Start of forecast","productStatus":0,"productStatusName":"Operational products","productType":1,"productTypeName":"Forecast products","productDefinitionTemplate":0,"productDefinitionTemplateName":"Analysis/forecast at horizontal level/layer at a point in time","parameterCategory":0,"parameterCategoryName":"UnknownDiscipline_0_Category_0","parameterNumber":0,"parameterNumberName":"UnknownParameter_D0_C0_0","parameterUnit":"Unknown","genProcessType":2,"genProcessTypeName":"Forecast","forecastTime":300,"surface1Type":1,"surface1TypeName":"Ground or water surface","surface1Value":0.0,"surface2Type":255,"surface2TypeName":"Missing","surface2Value":0.0,"gridDefinitionTemplate":0,"gridDefinitionTemplateName":"Latitude_Longitude","numberPoints":615,"shape":6,"shapeName":"Earth spherical with radius of 6,371,229.0 m","gridUnits":"degrees","resolution":48,"winds":"true","scanMode":64,"nx":41,"ny":15,"basicAngle":0,"lo1":47.0,"la1":41.0,"lo2":87.0,"la2":55.0,"dx":1.0,"dy":1.0},"data":[297.6,289.6,293.9,298.6,298.2,297.2,302.5,305.7,302.8,303.5,301.9,302.9,301.5,300.9,299.8,296.9,297.3,296.8,296.1,296.2,296.4,295.6,293.2,287.6,292.2,294.2,290.4,276.8,277.7,277.4,278.3,280.9,291.9,299.0,299.9,298.8,299.1,301.0,300.1,299.9,300.8,277.2,293.8,298.3,298.6,298.4,297.0,305.8,302.3,300.4,300.9,300.8,299.5,298.2,297.3,295.8,295.4,295.6,295.1,293.5,293.7,294.0,294.4,294.8,286.3,278.4,277.8,287.0,275.8,278.3,272.8,280.4,274.0,282.8,260.4,280.0,294.8,295.0,296.9,301.0,293.5,286.0,297.1,298.4,298.8,298.3,296.5,304.0,302.8,301.2,299.2,298.0,296.6,296.5,294.4,295.8,296.3,293.7,292.2,290.4,290.7,291.8,293.8,292.7,294.4,288.7,289.0,287.8,290.9,290.4,288.3,280.0,273.8,276.6,282.1,282.1,284.4,284.2,277.7,281.6,283.4,278.3,278.6,293.3,298.9,298.6,297.6,297.4,300.6,300.7,299.4,298.2,296.9,295.8,294.8,295.3,294.4,295.6,291.8,292.6,289.5,289.2,289.5,291.5,286.7,291.4,292.1,293.0,293.7,292.9,291.3,289.7,290.7,291.6,288.8,296.1,296.4,291.6,288.0,277.4,278.4,285.2,295.1,297.9,298.4,298.8,298.6,298.0,299.4,302.7,302.3,302.3,299.5,297.8,295.9,293.8,295.2,293.9,291.4,293.5,292.1,290.2,288.7,291.6,291.3,290.1,289.2,289.2,288.9,290.0,290.5,290.7,288.0,293.3,295.1,288.8,279.2,273.2,284.1,293.8,294.3,299.4,298.1,300.5,299.9,296.8,294.5,297.3,297.5,298.0,297.8,302.3,302.3,301.3,299.2,297.7,295.5,294.1,294.5,292.7,290.9,290.7,290.8,289.6,291.3,289.9,289.7,287.6,287.7,287.4,286.8,288.0,293.1,290.9,291.8,291.1,293.2,291.9,288.2,285.3,290.4,283.4,288.5,296.6,300.0,300.4,297.0,295.6,297.7,300.5,299.4,301.0,301.5,299.6,299.8,300.7,297.3,295.6,293.6,291.5,290.5,291.9,291.0,291.6,289.9,288.4,287.6,287.6,286.9,286.9,284.8,285.1,285.1,286.4,287.5,288.4,288.0,288.3,289.5,290.0,289.8,289.5,287.6,279.6,279.2,281.6,291.4,298.2,298.4,299.6,299.2,301.9,302.0,300.4,299.0,297.5,297.5,295.5,294.2,291.4,291.2,291.4,291.0,289.8,290.2,289.2,285.7,285.0,284.6,284.6,284.5,283.3,280.8,281.4,282.6,281.7,283.8,283.4,284.8,282.5,281.0,280.6,284.4,289.1,289.4,287.8,291.2,283.9,301.7,299.9,300.4,298.6,300.7,300.1,297.6,296.5,294.5,293.9,291.9,290.6,289.1,290.3,288.6,288.2,288.5,287.6,286.8,284.9,281.4,281.7,282.2,284.2,280.9,283.8,281.5,280.8,280.3,279.3,278.6,280.3,281.5,283.3,283.9,278.8,278.0,280.8,277.5,276.6,279.3,300.6,299.2,302.1,300.2,299.8,298.0,295.9,293.2,292.6,291.6,290.1,288.7,288.4,287.7,287.3,286.7,286.5,285.5,284.7,284.6,282.5,281.9,285.2,281.5,283.9,282.5,282.0,281.8,280.9,280.8,281.4,283.6,283.3,283.3,282.4,281.4,278.0,273.3,276.7,276.3,276.0,297.0,296.4,298.2,299.0,296.7,294.9,292.7,290.8,289.4,289.3,287.5,285.9,286.8,285.1,284.5,284.6,284.5,284.5,284.0,282.3,281.6,284.9,279.8,283.2,280.5,282.7,280.8,282.4,282.9,283.6,284.2,284.9,284.5,284.3,282.3,279.5,278.7,273.3,273.9,277.0,275.5,295.8,295.7,299.0,297.1,293.2,292.8,290.9,289.9,289.9,289.3,284.9,283.4,284.9,283.4,283.2,282.0,282.7,281.9,281.8,280.9,283.6,280.8,282.8,283.2,281.9,282.3,282.3,283.2,283.9,284.8,284.7,284.6,284.0,283.3,282.3,282.8,282.7,283.0,279.8,281.9,282.3,290.6,292.3,292.7,293.5,291.6,291.3,288.3,287.9,287.5,287.3,284.0,283.3,283.1,281.1,281.5,280.9,280.6,279.7,284.6,283.3,283.0,281.3,282.1,281.3,281.7,282.4,283.4,282.7,282.8,282.6,283.9,283.4,283.4,283.1,283.5,282.5,279.9,283.0,280.2,279.9,283.0,288.2,287.6,289.1,291.1,290.9,289.1,285.2,286.3,287.4,283.2,284.1,282.0,277.5,279.4,279.9,280.2,279.5,280.9,283.0,282.2,282.8,282.7,280.8,281.2,282.4,282.8,282.9,281.5,282.6,283.2,280.9,280.4,282.1,281.7,281.7,282.0,282.7,278.5,279.2,277.8,279.3,285.3,286.2,290.5,287.8,289.6,288.6,288.6,287.9,287.9,286.7,285.2,280.5,277.2,277.3,279.1,279.3,279.8,282.2,282.6,281.8,282.2,282.2,281.8,281.6,281.6,282.1,282.6,282.2,282.9,283.5,281.0,281.8,282.4,281.7,281.4,281.0,281.3,279.8,278.7,279.2,278.8]},{"header":{"discipline":0,"disciplineName":"Meteorological products","gribEdition":2,"gribLength":1102,"center":7,"centerName":"US National Weather Service - NCEP(WMC)","subcenter":0,"refTime":"2023-08-18T06:00:00.000Z","significanceOfRT":1,"significanceOfRTName":"Start of forecast","productStatus":0,"productStatusName":"Operational products","productType":1,"productTypeName":"Forecast products","productDefinitionTemplate":0,"productDefinitionTemplateName":"Analysis/forecast at horizontal level/layer at a point in time","parameterCategory":2,"parameterCategoryName":"UnknownDiscipline_0_Category_2","parameterNumber":2,"parameterNumberName":"UnknownParameter_D0_C2_2","parameterUnit":"Unknown","genProcessType":2,"genProcessTypeName":"Forecast","forecastTime":300,"surface1Type":103,"surface1TypeName":"Specified height level above ground","surface1Value":10.0,"surface2Type":255,"surface2TypeName":"Missing","surface2Value":0.0,"gridDefinitionTemplate":0,"gridDefinitionTemplateName":"Latitude_Longitude","numberPoints":615,"shape":6,"shapeName":"Earth spherical with radius of 6,371,229.0 m","gridUnits":"degrees","resolution":48,"winds":"true","scanMode":64,"nx":41,"ny":15,"basicAngle":0,"lo1":47.0,"la1":41.0,"lo2":87.0,"la2":55.0,"dx":1.0,"dy":1.0},"data":[-3.3848975,-1.2148975,2.3751025,-2.4648974,-2.5548975,-2.1048975,-10.404898,-10.614898,-10.254897,-9.154898,-8.744898,-9.964897,-9.494898,-8.3548975,-6.9848976,-5.5348973,-6.1548977,-5.7948976,-5.5448976,-2.8848975,-1.1648974,2.0551026,1.4851025,-0.33489746,0.6951025,-4.0848975,-2.9448974,1.3951025,1.8551025,1.4951025,1.5751026,1.3951025,1.2751025,0.52510256,-6.2248974,-3.9948974,-3.2648973,-4.3148975,2.2051024,-5.5448976,1.5251025,1.9951025,2.3451025,-0.6948975,-3.0348976,-2.8348975,-7.5548973,-9.364898,-10.594897,-7.1448975,-9.984898,-9.294897,-8.484898,-7.3748975,-6.4648976,-5.884897,-5.3748975,-5.5348973,-6.1648974,-4.2248974,-2.7348974,-1.1248975,-1.6148975,-1.6448975,-1.4048975,0.65510255,0.9451025,-1.7648975,0.8651025,-4.1748977,0.20510253,-0.16489746,0.17510253,-0.26489747,-2.4448974,0.95510256,0.22510254,-0.28489745,1.4451026,-1.2648975,0.77510256,3.5951025,0.77510256,-4.0448976,-3.9248974,-4.4748974,-9.164898,-8.414898,-7.9048977,-7.6548977,-10.624897,-9.3548975,-8.224897,-7.5448976,-5.0748973,-5.5148973,-6.4548974,-5.9848976,-5.7948976,-4.1548977,-3.2948976,-3.4448974,-2.5448976,-5.6448975,-7.9748974,-7.4348974,0.95510256,-1.4848975,0.7451025,2.6551025,-1.1248975,-0.92489743,-0.46489745,2.2151024,-0.004897461,0.29510254,0.54510254,-0.36489746,-0.46489745,-0.51489747,0.14510255,1.2151026,2.3551025,-3.9948974,-4.4548974,-4.8748975,-3.6548975,-5.4948974,-4.7848973,-5.9148974,-9.394897,-8.814898,-8.314898,-7.134897,-6.4548974,-6.7648973,-5.5248976,-5.884897,-5.3948975,-5.1948977,-2.9548974,-2.3648975,-3.7248974,-5.4348974,-9.554897,-2.7148974,-4.1848974,-4.1048975,-3.2848976,-3.0248976,-6.2248974,-2.7348974,0.85510254,2.5351026,-0.03489746,4.3951025,8.065103,0.30510253,-1.8948975,-2.0748975,2.4051025,0.37510255,3.2151024,3.4151025,-4.3248973,-5.4148974,-3.8548975,-3.4548974,-4.6448975,-5.9648976,-5.8648973,-6.0948973,-6.2948976,-5.0548973,-5.4248977,-5.5548973,-5.1048975,-6.4548974,-6.8548975,-5.7648973,-4.6848974,-2.4648974,-2.4048975,-3.8848975,-4.4048977,-3.6648974,-2.9748974,-2.5348976,-2.0248976,-2.0148973,-3.0948975,-2.0848975,-0.60489744,-0.44489747,0.9951025,-0.46489745,0.085102536,2.4651024,2.3751025,-0.32489747,10.505102,1.9351026,0.38510254,2.6351025,0.6351025,-3.8248975,-3.3248975,-5.5548973,-7.0748973,-7.8548975,-8.254897,-7.0548973,-6.5048976,-5.6948977,-3.9748974,-5.4048977,-3.5348976,-4.3748975,-7.7548976,-6.0948973,-4.1648974,-3.6948974,-3.8248975,-3.1448975,-3.1848974,-3.9148974,-3.6048975,-2.4748974,-2.2848976,-1.6648974,-1.7748975,-1.7648975,-2.1748974,0.27510253,1.5751026,1.5251025,2.0651026,1.8451025,3.5851026,2.9851027,4.0251026,4.5251026,7.3951025,13.325103,4.2251024,1.3651025,-2.6948974,-3.2848976,-3.6248975,-4.4848976,-6.0848975,-6.7348976,-7.8248973,-6.1948977,-4.4548974,-4.8948975,-3.0848975,-2.6248975,-3.4948974,-3.9448974,-4.6248975,-4.4348974,-3.5348976,-3.9248974,-3.3648975,-2.6148975,-2.6648974,-5.2948976,-4.7648973,-3.4648974,-3.3448975,-2.3248975,-0.97489744,0.03510254,0.54510254,0.52510256,-1.4948975,-2.3048975,-0.17489746,-0.9448975,5.3951025,2.9751024,7.2751026,-0.57489747,0.8051025,1.9651026,4.7151027,-2.1848974,-2.1548975,-2.5448976,-2.8648975,-3.5748975,-6.5548973,-6.6548977,-5.0848975,-3.3648975,-3.5548975,-4.9648976,-5.3548975,-4.0348973,-4.8648973,-4.4848976,-4.2848973,-3.3448975,-3.2648973,-2.5348976,-2.2448974,-3.2848976,-3.2248974,-2.0948975,-1.8748975,-1.6548975,-0.38489747,1.4151025,1.7751025,1.6851026,1.0351025,1.1651025,0.49510252,0.06510254,-0.34489745,-0.014897461,1.5951025,2.6851025,9.165103,8.255102,13.315103,4.1351027,-3.8448975,-2.0848975,-1.9748975,-0.29489747,-3.0748975,-5.5148973,-5.4948974,-4.4548974,-3.7148974,-3.0748975,-3.8448975,-4.1148973,-4.1148973,-4.1748977,-4.0848975,-3.6448975,-2.9948974,-2.4248974,-2.0448976,-2.6448975,-2.2848976,-0.84489745,-0.98489743,-0.48489746,0.19510254,0.5551025,2.4051025,3.7951026,3.9151025,4.8751025,4.0451026,4.4851027,2.9951026,1.5551026,1.0451026,1.2951026,0.53510255,-0.30489746,1.8951025,0.66510254,3.6751025,-3.6148975,-1.3748975,-0.59489745,-0.71489745,-4.9648976,-4.634897,-6.1448975,-4.384897,-3.4848974,-3.3048975,-3.5648975,-4.5348973,-4.1648974,-3.5548975,-3.7248974,-3.2348974,-2.9148974,-1.7748975,-2.6548975,-2.5548975,-0.83489746,-0.6948975,-0.52489746,2.0551026,2.4551024,3.6351025,3.8651025,5.0251026,5.9851027,6.9851027,7.9551024,8.435102,6.6451025,4.8451023,2.9051025,-0.15489747,-0.76489747,-0.18489747,0.85510254,0.97510254,0.98510253,-3.5248976,-4.1848974,-3.8148975,-6.1948977,-5.8048973,-5.6748977,-4.9548974,-4.1148973,-3.3248975,-2.8648975,-2.5048974,-3.2648973,-4.0748973,-3.7248974,-3.7148974,-3.0748975,-1.5748974,-2.5448976,-1.7648975,0.015102539,0.76510257,0.79510254,0.84510255,2.8351026,3.9551024,3.8451025,4.6451025,5.5951023,6.0751023,8.445103,9.475102,9.185102,7.7551026,5.0651026,3.1751025,1.6951026,-0.85489744,1.4651026,-0.73489743,0.6851025,1.1051025,0.34510255,-2.2348974,-6.1548977,-5.7848973,-5.1748977,-5.1648974,-4.7648973,-3.2848976,-2.2548974,-2.4348974,-1.9548974,-1.2148975,-2.4148974,-1.9448974,-1.9848975,-1.7848974,-2.6548975,-1.7548975,-1.4148974,0.8851025,1.9351026,2.3251026,2.7651026,2.7751026,3.2451026,3.5651026,4.6951027,5.7951026,6.8151026,6.6851025,5.1951027,6.0151024,4.2251024,4.5651026,3.0151026,2.2751026,1.2551025,4.6251025,2.4851027,0.05510254,1.1351025,0.34510255,0.53510255,-3.4348974,-4.4548974,-4.4848976,-3.7748976,-3.1448975,-2.8748975,-2.1148975,-1.1848974,-0.094897464,-0.38489747,-0.16489746,-0.28489745,-1.7048974,-2.8848975,-1.9248974,0.12510253,-0.95489746,1.3951025,2.1951025,2.4151025,3.3951025,3.7151024,3.9251025,4.3351026,4.9751024,5.7951026,5.3951025,4.8351026,3.5451026,2.9051025,3.2951026,4.1551027,4.5751023,3.2551026,2.5451026,1.1451025,3.1651025,2.7951026,0.06510254,2.0351026,0.07510254,-1.5248975,-4.7148976,-4.1748977,-3.5148973,-3.0848975,-2.8748975,-1.0648974,0.37510255,-0.8748975,-0.67489743,0.9951025,-0.67489743,-2.1548975,-2.5448976,-1.2348975,0.09510254,0.21510254,1.2451025,2.3951025,2.9551024,3.5551026,4.7951026,4.6051025,4.0751023,4.4651027,4.8351026,4.6751027,4.6051025,3.0751026,2.2251024,2.6051025,3.5551026,3.6451025,4.3151026,3.7751026,1.9651026,2.4351025,1.2851025,1.2351025,-0.16489746,-1.3448975,-2.0848975,-2.8748975,-3.9748974,-3.6348975,-2.8448975,-2.7648973,-3.6248975,-2.2348974,-1.7848974,-0.72489744,-0.79489744,-0.6248975,-0.44489747,0.19510254,1.5851026,1.8651025,2.5051026,2.8051026,3.1051025,3.5551026,2.0751026,3.7751026,4.0951023,4.0051026,4.8351026,4.4651027,4.3051023,3.4451025,3.1651025,3.2251024,3.1651025,3.3151026,4.4451027,4.9051027,3.8651025,3.3851025,2.5551026,2.3651025,1.1451025]},{"header":{"discipline":0,"disciplineName":"Meteorological products","gribEdition":2,"gribLength":1025,"center":7,"centerName":"US National Weather Service - NCEP(WMC)","subcenter":0,"refTime":"2023-08-18T06:00:00.000Z","significanceOfRT":1,"significanceOfRTName":"Start of forecast","productStatus":0,"productStatusName":"Operational products","productType":1,"productTypeName":"Forecast products","productDefinitionTemplate":0,"productDefinitionTemplateName":"Analysis/forecast at horizontal level/layer at a point in time","parameterCategory":2,"parameterCategoryName":"UnknownDiscipline_0_Category_2","parameterNumber":3,"parameterNumberName":"UnknownParameter_D0_C2_3","parameterUnit":"Unknown","genProcessType":2,"genProcessTypeName":"Forecast","forecastTime":300,"surface1Type":103,"surface1TypeName":"Specified height level above ground","surface1Value":10.0,"surface2Type":255,"surface2TypeName":"Missing","surface2Value":0.0,"gridDefinitionTemplate":0,"gridDefinitionTemplateName":"Latitude_Longitude","numberPoints":615,"shape":6,"shapeName":"Earth spherical with radius of 6,371,229.0 m","gridUnits":"degrees","resolution":48,"winds":"true","scanMode":64,"nx":41,"ny":15,"basicAngle":0,"lo1":47.0,"la1":41.0,"lo2":87.0,"la2":55.0,"dx":1.0,"dy":1.0},"data":[0.81672364,-3.4732764,2.0367236,-2.3232763,-6.123276,-5.2932763,-0.19327636,-0.5932764,-1.9932764,-1.3232764,-2.3732765,-2.9232764,-4.1032763,-5.1532764,-5.703276,-5.473276,-6.6532764,-6.3332763,-7.6332765,-6.2632766,-7.2632766,-8.093276,-3.4732764,0.40672362,-2.1232765,1.1267236,-0.50327635,2.7567236,1.6067237,-1.7532763,-1.5932764,-1.8532764,0.70672363,-0.6532764,-0.39327636,-4.6332765,-5.623276,-5.1932764,-7.7732763,-5.1332765,-5.163276,4.2567234,2.1967237,2.7567236,-2.2432764,-3.7032764,0.5467236,-0.5932764,0.9067236,-0.40327635,0.036723632,-1.9232764,-2.6632764,-2.8932765,-2.8732765,-4.8032765,-5.5032763,-4.623276,-6.3432765,-7.6132765,-8.083277,-7.703276,-6.6532764,-4.4832764,1.1767236,-0.26327637,-2.9332764,-5.163276,-0.9632764,-1.2532763,-0.57327634,1.5267236,-0.46327636,-1.1732764,-0.40327635,-3.2632763,-3.9632764,-4.933276,-9.433276,-7.163276,-5.373276,-1.1732764,2.1467237,5.566724,2.9667237,-1.8032764,1.5667236,1.0667236,0.7867236,-1.3832763,-0.75327635,-1.3932763,-2.4232764,-2.7632763,-4.0632763,-2.6832764,-2.6132765,-4.5732765,-4.7832766,-4.453276,-6.0332766,-7.8032765,-9.833277,-3.6432765,-8.913277,-4.4632764,-2.0732763,-1.4632764,-1.4232764,-1.5832764,-1.1032764,0.45672363,3.0367236,1.6367236,1.5267236,-1.2632763,-0.62327635,2.6867237,2.5767236,1.4667237,0.016723633,2.1067235,2.2067237,0.9067236,3.5067236,2.0267236,0.006723633,0.75672364,0.67672366,1.9967237,2.4167237,1.5667236,-0.063276365,-0.8332764,-1.5732764,-4.2332764,-5.203276,-1.8232764,-2.8032763,-4.3232765,-4.6032763,-4.8032765,-5.6732764,-6.9432764,-7.4232764,-3.7532763,-6.8032765,-7.0632763,-7.6532764,-3.9932764,-3.5032763,-2.5732763,-2.5532763,-4.1032763,-5.2832766,-1.6832764,3.3467236,0.44672364,-1.2232764,0.29672363,3.8967237,-0.39327636,1.7067237,-0.23327637,2.6267235,2.5567236,0.5867236,0.9067236,2.4867237,3.2367237,3.6067235,6.1367235,5.4067235,5.1767235,3.3967237,1.1567236,-2.0732763,-2.0732763,-3.0832763,-3.0632763,-3.1232765,-4.4932766,-5.0332766,-3.1732764,-3.4132764,-3.2632763,-3.9532764,-4.7832766,-5.4432764,-6.203276,-6.373276,-4.3332763,-4.1732764,-6.2732763,-6.913276,-1.4832764,1.5467236,4.3867235,-0.17327636,-3.1732764,-10.233276,2.0667236,-1.9032763,-2.5932763,-2.3532763,2.5467236,1.3867236,1.1467236,1.3267236,2.8567235,2.9967237,1.7267237,0.56672364,0.9167236,4.296724,3.6667237,2.3967237,0.29672363,-0.69327635,-1.5032763,-2.3632765,-3.0932763,-4.873276,-5.5632763,-5.123276,-5.0032763,-5.223276,-4.5432763,-4.3332763,-4.9832764,-6.5132766,-6.6332765,-11.513276,-7.4632764,-5.4232764,-5.7932763,-5.703276,3.1867237,-5.0032763,0.7867236,-2.6532764,-1.5832764,-7.663276,-3.8532763,-1.2432764,3.9067237,3.8567235,3.2867236,2.3067236,1.5467236,2.5867236,2.1867237,2.2067237,0.46672362,-0.41327637,-0.19327636,6.8067236,4.376724,2.3067236,0.35672364,-1.0432763,-1.8232764,-3.0032763,-3.7732763,-4.703276,-4.6732764,-4.5432763,-4.3032765,-5.123276,-4.9932766,-5.0432763,-5.7432766,-7.4032764,-8.553276,-8.293277,-7.5632763,-7.2332764,-7.1532764,-7.0532765,-3.8532763,-0.99327636,-1.5832764,-1.1132764,-2.0932763,-1.1932764,1.7367237,-6.0232763,4.3267236,4.9467235,3.7367237,3.3467236,2.2867236,4.4067235,2.8367236,1.2067237,0.8567236,-0.23327637,2.2467237,2.8067236,1.5367236,0.7767236,-0.5932764,-1.6632763,-2.6432765,-2.7532763,-3.2932763,-3.9132764,-4.0932765,-3.7432764,-3.9332764,-4.3632765,-4.6732764,-5.0732765,-5.5532765,-5.623276,-5.4832764,-6.8232765,-6.953276,-4.4232764,-4.2632766,-5.893276,-1.5132763,-2.4632764,1.2267237,-1.3932763,-2.0332763,-0.8332764,0.30672362,8.786724,6.8267236,5.9067235,3.8167236,3.7067237,5.026724,2.8467236,1.6667236,0.35672364,1.5467236,1.0167236,1.6567236,1.4967237,0.94672364,0.12672363,-0.9032764,-2.1732764,-2.3732765,-2.1132765,-1.0732764,-2.4832764,-2.9732764,-3.2832763,-5.373276,-4.8332763,-6.1532764,-5.8132763,-5.3832765,-5.3832765,-4.6732764,-3.8832765,-4.2732763,-3.9232764,-2.3032763,-1.7832763,-1.5832764,-1.7632763,-2.3832765,4.4167237,-1.2832763,1.3367237,3.2367237,3.9767237,5.5767236,3.8367236,6.546724,4.4567237,3.2367237,1.5967237,1.4567237,1.5367236,2.1867237,1.4567237,1.6367236,0.9067236,0.016723633,-0.82327634,-1.4432764,-2.5732763,-1.9532764,-1.0432763,-2.3432763,-2.1432765,-3.9832764,-3.0632763,-4.5832763,-4.8432765,-4.3232765,-3.3932765,-2.8732765,-1.5232763,-1.1232764,-1.2432764,-1.1532763,-2.2332764,-1.3532764,-0.11327637,0.6667236,0.18672363,0.9167236,1.2567236,-1.1732764,2.0067236,1.8867236,2.3167236,4.6967235,3.6467237,4.3067236,3.1867237,2.5667236,1.6567236,1.7767236,1.4767237,1.7767236,0.6667236,1.2867236,0.016723633,-1.1732764,-2.2132764,-0.80327636,-2.1732764,-2.2832763,-2.3232763,-3.5032763,-3.0432763,-3.5532763,-2.7232764,-4.2832766,-3.9832764,-5.1532764,-5.163276,-3.3632765,-1.1632763,0.33672363,1.6267236,1.6567236,2.4267237,1.0067236,1.5067236,2.0567236,2.2167237,1.4967237,0.57672364,-1.5132763,1.5167236,6.0067234,5.3467236,4.8467236,4.3967237,3.2267237,1.8267236,0.49672362,0.9667236,0.50672364,2.0967236,2.8367236,3.1167235,2.4667237,0.49672362,0.51672363,0.33672363,-2.1832764,-3.1132765,-2.1932764,-2.0232763,-3.0132763,-3.8632765,-2.9832764,-4.373276,-4.643276,-6.3132763,-6.0232763,-5.9232764,-6.123276,-2.5832763,2.2267237,2.9967237,2.0367236,2.6867237,3.0867236,2.2167237,1.6367236,3.0367236,0.51672363,-2.8632765,-2.7632763,0.6667236,3.9867237,3.1367235,2.8467236,2.2567236,1.5667236,1.9667237,0.42672363,-0.08327637,1.6567236,3.1967237,2.6067235,2.5367236,1.3667237,-0.42327636,-1.4732764,-2.4832764,-3.0632763,-2.9632764,-2.5032763,-3.6532764,-2.6332765,-3.0132763,-3.4732764,-4.3532763,-5.7932763,-6.0232763,-5.703276,-4.413276,-3.2632763,-0.32327637,1.3967236,1.3667237,1.5467236,2.2567236,2.0367236,0.056723632,0.7167236,2.0167236,1.2767236,-0.47327638,-0.36327636,5.4667234,4.1667237,3.1167235,1.6267236,2.4067237,1.8067236,1.6367236,0.73672366,0.056723632,0.98672366,1.7867236,2.3767235,0.99672365,-0.5332764,-0.94327635,-1.7432764,-1.8232764,-3.7832763,-3.0932763,-2.8832765,-4.203276,-3.2332764,-3.4132764,-4.0032763,-4.7632766,-4.6332765,-4.8132763,-2.9332764,-2.5032763,-0.92327636,1.0067236,1.0467236,1.5767236,1.9167236,2.4867237,2.3867235,1.9667237,2.0467236,-1.5232763,0.8367236,0.13672364,2.1067235,2.4167237,2.3767235,1.7067237,1.9267236,0.67672366,0.6467236,-0.22327636,1.1467236,1.1367236,0.13672364,3.3267236,2.5767236,-0.16327637,-1.4032763,-0.88327634,-1.0932764,-0.73327637,-1.7632763,-1.1632763,-3.1332765,-3.5732763,-3.2432764,-3.9732764,-4.4232764,-4.8332763,-4.7932763,-2.7632763,-3.3732765,-0.30327636,-0.15327637,0.076723635,2.0567236,2.2467237,2.4967237,2.7167237,3.7267237,1.8767236]}]