wind_kz.json
{"header": {"discipline":0,"disciplineName":"Meteorological products","gribEdition":2,"gribLength":1025,"center":7,"centerName":"US National Weather Service - NCEP(WMC)","subcenter":0,"refTime":"2023-08-26T00:00:00.000Z","significanceOfRT":1,"significanceOfRTName":"Start of forecast","productStatus":0,"productStatusName":"Operational products","productType":1,"productTypeName":"Forecast products","productDefinitionTemplate":0,"productDefinitionTemplateName":"Analysis/forecast at horizontal level/layer at a point in time","parameterCategory":2,"parameterCategoryName":"UnknownDiscipline_0_Category_2","parameterNumber":3,"parameterNumberName":"UnknownParameter_D0_C2_3","parameterUnit":"Unknown","genProcessType":2,"genProcessTypeName":"Forecast","forecastTime":240,"surface1Type":103,"surface1TypeName":"Specified height level above ground","surface1Value":10.0,"surface2Type":255,"surface2TypeName":"Missing","surface2Value":0.0,"gridDefinitionTemplate":0,"gridDefinitionTemplateName":"Latitude_Longitude","numberPoints":615,"shape":6,"shapeName":"Earth spherical with radius of 6,371,229.0 m","gridUnits":"degrees","resolution":48,"winds":"true","scanMode":64,"nx":41,"ny":15,"basicAngle":0,"lo1":47.0,"la1":41.0,"lo2":87.0,"la2":55.0,"dx":1.0,"dy":1.0}, "data":
[rows 0 to 14 of 15, columns 0 to 40 of 41]
-0.5185223,-3.2785223,1.5514777,-2.5185223,2.0914776,1.1114776,0.52147764,0.05147766,-0.59852237,-0.35852233,-1.0485224,-1.2385223,-1.7485223,-2.7385223,-3.4385223,-3.2385223,-2.8585224,-2.8085222,-3.1185224,-1.2585224,0.11147766,-1.1385224,-0.93852234,0.27147767,-0.75852233,1.4814776,-1.3285223,2.4314775,0.26147765,-1.2185223,-2.2185223,-3.9685223,1.4714776,-2.6085224,0.27147767,-4.598522,-3.5485222,-5.9985223,-2.3285224,-4.678522,-2.2685223
4.111478,0.9714777,-1.8185223,2.7614777,3.8314776,2.7514777,-0.43852234,1.6414777,1.0114777,1.5214777,-0.40852234,-2.1985223,-2.9085224,-2.2785223,-3.4385223,-3.2585223,-1.3485223,-2.4085224,-3.9985223,-3.2785223,-2.5185223,-2.4985223,-1.3185223,1.4014777,0.48147765,0.8514777,-1.1685224,2.9714777,1.0514777,2.7714777,4.3514776,4.341478,0.74147767,-2.8585224,-1.0185224,-3.0885224,-2.3285224,-5.4885225,-3.9485223,-4.348522,3.4014776
1.0114777,1.7614777,1.2214776,0.90147763,1.4214777,1.9514776,1.7414776,1.5914776,2.9314775,2.6614776,1.7014776,0.38147765,-1.7885224,-2.0685225,-2.0985224,-2.9185224,-1.2485223,-2.4885223,-3.0885224,-3.0685225,-2.0185223,-2.6685224,-2.4285223,-0.93852234,0.7314777,0.50147766,1.0414777,1.5014777,0.081477664,2.2614777,-0.10852234,-1.3185223,0.7214777,-1.0185224,0.06147766,1.7814777,3.3314776,0.5414777,0.59147763,0.8014777,2.1314776
-1.0785223,-0.20852233,-1.0185224,-0.8285223,-1.8285223,-0.6385223,1.3114777,2.8614776,2.3514776,3.5114777,3.2614777,1.6114776,0.05147766,-1.0985223,-2.3785224,-3.0185223,-2.2885222,-0.8885223,-2.2985222,-3.4985223,-2.9485223,-2.1285224,-1.3785224,-1.8685223,-1.3985224,0.26147765,-0.54852235,-0.23852234,-0.5885223,-2.5185223,-3.0185223,-4.1885223,-0.48852235,-1.6085223,0.29147765,-1.5285224,0.48147765,2.9614778,-0.33852234,0.63147765,-0.44852233
-1.4385223,-1.3685223,-0.87852234,-0.80852234,-1.0585223,-1.0985223,-0.9685223,0.95147765,1.3414776,4.341478,3.5714777,0.6014777,0.90147763,-1.7285223,-2.8785224,-1.8285223,-2.5685225,0.16147766,-1.8185223,-2.6285224,-1.4485223,-2.0885224,-2.2985222,-2.3685224,-2.3185225,-2.8185225,-2.9385223,-3.3685224,-1.2485223,-0.98852235,-2.0485222,3.9214776,3.1514776,4.341478,-0.60852236,0.11147766,-1.5085224,1.5914776,1.3314776,-3.5285223,-6.158522
-0.72852236,-1.5585223,-1.5985223,-1.3585223,-1.2185223,-1.4385223,-1.7485223,-1.7585224,-0.7785223,-0.20852233,-0.31852233,-0.36852235,-2.4985223,-2.8285224,-2.9385223,-2.3385224,-2.1385224,-0.81852233,0.43147767,-0.81852233,-1.0085224,-1.0985223,-1.7785224,-2.3385224,-2.8785224,-2.5085223,-1.3085223,-4.6485224,-4.178522,-1.6785223,-1.5485224,-1.5685223,0.40147766,7.4114776,4.131478,2.0314777,0.24147767,1.1314777,-1.5285224,-0.42852235,-5.4785223
0.28147766,-0.67852235,-1.1785223,-1.3885224,-1.2685224,-1.4085224,-0.93852234,-0.56852233,-0.68852234,0.9814777,0.74147767,1.0314777,-0.05852234,-1.5285224,-1.5685223,-2.2485223,-2.4185224,-2.2985222,0.39147767,-0.75852233,-2.0685225,-2.2485223,-2.3385224,-2.0585222,-2.0685225,-2.2585223,-2.3585224,-2.5385222,0.43147767,-2.1485224,-5.428522,-2.1385224,0.71147764,0.76147765,-0.8385223,-0.028522339,-1.4585223,0.37147766,-0.14852233,0.35147765,-4.868522
0.87147766,0.46147767,-0.05852234,-0.45852235,-0.17852233,-0.8885223,-0.98852235,-0.9485223,1.1414777,1.7514777,1.3714776,0.63147765,-1.8885224,-2.3985224,-1.9385223,-1.1685224,-2.4385223,-2.8585224,0.14147766,-1.2585224,-1.5585223,-2.3685224,-2.4685223,-1.9185224,-1.5085224,-0.34852234,-2.5385222,-2.7285223,-2.2685223,-1.3985224,3.2414777,-2.0985224,-1.3485223,3.7214777,7.7314777,0.10147766,-0.27852234,1.9714776,-0.53852236,-0.78852236,-1.2885224
-0.07852234,0.44147766,0.6114777,0.7814777,1.0614777,0.36147767,0.17147766,0.36147767,1.8514776,2.2114778,1.7114776,0.75147766,-0.87852234,-2.5285223,-1.5085224,-1.2385223,-2.4285223,-2.0585222,-1.5685223,-1.0885223,-0.66852236,-1.6185223,-2.2485223,-1.9885223,-0.54852235,-0.6385223,-0.5185223,-1.5385224,-0.23852234,-1.1785223,0.40147766,1.2514777,0.42147768,-2.7085223,3.5314777,4.1814775,-2.0185223,1.6914777,1.1714777,1.2314776,0.22147766
0.89147764,0.71147764,0.77147764,-1.0585223,-2.3785224,-0.6485223,-1.2885224,-0.73852235,0.04147766,1.2114776,1.8414776,1.8714776,1.6614777,-0.23852234,-0.9485223,-0.55852234,-0.80852234,-0.60852236,-0.78852236,-1.1085223,-0.74852234,-1.4085224,-0.68852234,-0.60852236,-0.018522339,-0.40852234,-1.8785224,-1.7185223,-0.60852236,-0.14852233,2.3214777,3.1214776,2.2714777,1.1614777,-0.73852235,0.99147767,1.2114776,0.7214777,1.3914777,3.9514778,2.9114776
1.1814777,-0.50852233,-1.4585223,-1.9585223,-0.25852233,0.74147767,-0.16852234,-1.9085224,-1.5485224,-1.6585224,-0.5785223,1.9614776,2.4114776,1.7214776,0.32147765,-0.5785223,-0.73852235,-0.5285223,0.52147764,-0.25852233,-0.99852234,-0.8285223,-1.2985224,-1.0485224,-0.81852233,0.39147767,0.49147767,-0.56852233,-0.25852233,0.6114777,1.2014776,1.7914777,2.5614777,2.5514777,1.9414777,1.4914776,2.3514776,2.8214777,2.3914776,1.9414777,0.6114777
-1.5985223,-0.05852234,-0.32852232,-1.2085223,-0.31852233,0.35147765,0.14147766,-0.50852233,-1.4485223,-0.68852234,-0.85852236,-0.9685223,0.5514777,2.1314776,2.7414777,1.3014777,0.22147766,-0.32852232,0.33147767,-0.29852235,-0.6485223,-1.4185224,-1.4785223,-1.0385224,-1.2385223,-1.4685223,0.56147766,2.6914778,1.7714777,-0.13852234,1.3014777,2.1714776,3.5214777,2.6114776,1.9314777,2.0714777,2.8414776,3.4314775,3.3714776,2.9214776,0.95147765
-0.56852233,-1.0885223,-0.6485223,-0.23852234,-0.42852235,0.03147766,-0.28852233,0.07147766,-0.98852235,-0.018522339,-0.39852235,-0.75852233,-0.86852235,0.58147764,0.8014777,-0.19852234,-0.6485223,0.45147765,-0.79852235,-0.9485223,-0.38852233,-0.92852235,-0.37852234,-1.2085223,-2.5285223,-2.2985222,-3.4585223,-2.9385223,3.9614778,0.96147764,2.2214777,1.8014777,1.8714776,2.2514777,2.3514776,0.5514777,2.2814777,1.5014777,2.1614776,1.5614777,0.46147767
0.37147766,0.07147766,-2.2085223,0.47147766,0.27147767,0.13147765,0.17147766,0.22147766,0.5414777,0.15147766,1.1914777,-0.42852235,-0.56852233,-0.65852237,-0.5785223,-1.2385223,-1.0985223,-1.4985223,-1.9185224,-1.2685224,-1.5685223,-1.2685224,-1.4085224,-2.3585224,-2.6785223,-3.9185224,-4.1985226,-1.0385224,0.11147766,1.4114777,2.3814776,2.5514777,1.8814777,2.7114778,2.0614777,2.0014777,2.1714776,2.4514778,3.5214777,2.1914778,1.9314777
0.33147767,-0.74852234,-2.2685223,-1.1185223,0.74147767,1.2014776,0.05147766,0.011477661,-0.30852234,-0.29852235,1.0314777,0.65147763,1.5814776,-0.49852234,-1.6685224,-1.6685224,-1.7485223,-2.0785224,-1.8685223,-1.8885224,-1.7585224,-1.7685224,-2.3885224,-2.7385223,-3.7985222,-3.7385223,-0.61852235,-1.2885224,-1.4885223,0.09147766,1.7914777,4.2114778,2.8414776,2.8014777,2.7914777,2.9314775,3.8514776,5.2014775,1.5514777,1.3014777,0.33147767
