wind_kz.json
[{"header":{"discipline":0,"disciplineName":"Meteorological products","gribEdition":2,"gribLength":871,"center":7,"centerName":"US National Weather Service - NCEP(WMC)","subcenter":0,"refTime":"2023-09-27T00:00:00.000Z","significanceOfRT":1,"significanceOfRTName":"Start of forecast","productStatus":0,"productStatusName":"Operational products","productType":1,"productTypeName":"Forecast products","productDefinitionTemplate":0,"productDefinitionTemplateName":"Analysis/forecast at horizontal level/layer at a point in time","parameterCategory":0,"parameterCategoryName":"UnknownDiscipline_0_Category_0","parameterNumber":0,"parameterNumberName":"UnknownParameter_D0_C0_0","parameterUnit":"Unknown","genProcessType":2,"genProcessTypeName":"Forecast","forecastTime":120,"surface1Type":1,"surface1TypeName":"Ground or water surface","surface1Value":0.0,"surface2Type":255,"surface2TypeName":"Missing","surface2Value":0.0,"gridDefinitionTemplate":0,"gridDefinitionTemplateName":"Latitude_Longitude","numberPoints":615,"shape":6,"shapeName":"Earth spherical with radius of 6,371,229.0 m","gridUnits":"degrees","resolution":48,"winds":"true","scanMode":64,"nx":41,"ny":15,"basicAngle":0,"lo1":47.0,"la1":41.0,"lo2":87.0,"la2":55.0,"dx":1.0,"dy":1.0},"data":[288.1,281.4,285.7,293.5,293.5,292.6,291.5,291.4,289.3,288.3,287.4,288.3,287.9,287.9,287.6,285.8,285.8,287.1,286.5,287.9,287.3,285.2,283.2,280.4,283.7,285.8,284.1,271.1,266.9,270.1,270.8,273.3,280.6,286.2,287.7,288.0,286.2,286.3,288.1,287.4,285.6,272.8,285.4,293.3,293.5,293.2,291.9,289.4,288.8,287.4,287.2,288.5,287.2,287.0,285.9,285.9,286.1,284.3,285.1,284.2,284.2,287.7,287.9,284.4,278.6,270.3,268.1,278.7,271.8,273.0,270.1,274.1,262.4,271.9,250.2,271.3,284.9,283.2,285.4,287.1,280.2,283.5,286.8,293.2,293.6,293.2,291.2,289.0,287.7,285.5,286.2,286.3,286.1,286.5,285.0,285.6,286.6,283.7,283.6,282.6,282.7,283.4,286.1,286.6,286.3,282.5,283.2,284.1,284.5,283.3,282.4,276.1,265.0,270.2,274.5,273.9,276.3,276.7,268.5,275.5,272.7,269.0,268.6,288.7,292.5,293.3,292.4,290.4,286.4,287.8,286.8,286.8,286.5,286.0,285.9,290.7,290.1,285.6,285.2,285.4,283.0,282.9,283.0,284.0,279.7,284.9,286.0,287.1,288.2,288.4,287.7,284.8,284.9,284.6,283.6,285.9,284.8,283.6,281.2,270.0,266.0,273.4,280.5,283.4,289.2,291.9,292.5,291.4,289.7,288.0,288.9,288.1,288.1,287.8,287.1,285.9,289.6,288.5,287.1,285.6,285.4,284.7,282.6,285.1,285.0,285.4,286.1,286.2,285.8,286.2,285.4,286.2,286.7,287.5,288.0,284.8,273.8,266.1,273.8,283.8,287.4,287.1,286.7,287.9,287.7,286.9,285.9,290.8,291.7,291.6,291.2,288.7,290.1,288.4,288.1,287.9,287.6,288.9,289.5,286.8,284.8,286.1,284.2,284.2,284.5,283.5,283.8,285.9,287.9,287.6,285.1,285.7,287.9,285.9,285.8,285.5,285.7,284.2,283.2,281.7,284.5,275.9,278.4,285.5,285.9,284.3,285.2,285.3,288.2,288.3,288.7,288.4,288.5,288.0,288.1,288.2,286.8,286.3,285.8,285.1,285.5,286.1,285.6,285.7,283.7,282.6,281.4,282.4,283.4,285.3,285.2,286.3,284.2,285.0,284.2,283.2,282.5,282.4,282.4,282.8,282.8,281.5,277.3,273.5,271.1,272.3,282.2,286.6,286.1,287.7,288.5,289.3,289.2,287.9,286.9,285.7,285.9,285.4,284.9,284.3,285.3,285.0,285.6,285.6,286.2,284.3,281.7,281.8,285.3,286.5,286.5,283.0,280.3,280.3,281.8,278.9,280.2,279.2,279.7,278.5,276.9,276.8,277.6,279.5,286.3,279.4,279.6,276.2,287.0,287.1,286.8,286.2,288.3,287.6,286.3,286.0,284.9,284.0,283.4,283.0,281.8,283.3,283.8,285.5,288.2,287.3,283.4,284.1,281.9,281.5,283.9,283.5,283.8,281.4,278.0,277.7,276.8,277.0,278.9,279.6,277.5,277.4,276.5,275.5,276.2,276.2,266.4,268.0,263.5,287.0,287.5,286.3,286.0,286.8,286.6,285.5,284.8,284.4,283.4,282.2,281.6,282.1,286.5,282.5,282.9,286.4,286.5,283.4,286.1,281.2,280.7,284.2,284.5,284.0,282.4,280.5,278.2,277.3,276.6,276.3,278.2,279.0,277.3,276.2,275.4,274.9,271.5,269.3,264.9,267.4,288.3,286.3,285.8,285.0,285.3,285.7,285.3,284.1,283.3,282.3,281.4,281.0,281.4,285.5,284.7,281.4,281.3,284.4,283.0,281.7,280.8,280.9,283.7,283.3,279.2,278.6,276.4,277.3,277.1,276.8,277.5,277.3,276.1,275.8,275.2,274.5,272.2,269.7,269.8,269.7,265.4,286.8,288.4,287.0,285.4,284.2,284.2,282.9,282.6,281.7,281.7,279.2,279.1,280.7,280.8,280.2,279.4,279.0,279.8,281.8,282.7,280.7,279.1,278.8,278.3,277.1,276.9,276.3,276.4,276.5,276.7,275.6,275.4,275.5,274.1,274.3,273.5,273.5,273.5,273.6,273.3,272.2,288.9,288.0,288.0,286.7,285.9,284.3,283.3,282.8,281.6,279.7,278.1,277.0,279.1,278.6,279.4,279.3,279.9,280.8,282.6,279.8,279.6,277.9,277.0,276.5,276.6,276.6,276.8,275.2,275.1,274.2,274.4,274.5,274.9,273.9,273.7,273.3,273.0,273.7,272.4,271.9,272.1,287.7,288.4,286.4,288.3,285.8,284.3,283.5,283.9,283.3,281.7,279.8,276.9,277.4,278.9,279.7,279.6,279.5,279.3,279.4,279.3,279.1,278.6,278.5,277.9,277.5,276.1,274.7,274.2,273.4,273.4,273.3,272.8,272.4,271.4,271.6,271.0,271.4,271.5,271.1,270.5,270.9,283.7,288.1,285.8,286.8,286.5,287.2,286.4,285.3,285.2,283.9,282.0,279.3,279.4,278.0,279.2,280.1,279.6,278.8,278.6,278.6,278.7,278.4,277.8,276.9,276.1,275.0,274.0,273.5,273.1,272.4,273.1,276.8,271.0,270.9,270.9,270.9,269.9,270.1,270.3,270.7,270.8]},{"header":{"discipline":0,"disciplineName":"Meteorological products","gribEdition":2,"gribLength":1025,"center":7,"centerName":"US National Weather Service - NCEP(WMC)","subcenter":0,"refTime":"2023-09-27T00:00:00.000Z","significanceOfRT":1,"significanceOfRTName":"Start of forecast","productStatus":0,"productStatusName":"Operational products","productType":1,"productTypeName":"Forecast products","productDefinitionTemplate":0,"productDefinitionTemplateName":"Analysis/forecast at horizontal level/layer at a point in time","parameterCategory":2,"parameterCategoryName":"UnknownDiscipline_0_Category_2","parameterNumber":2,"parameterNumberName":"UnknownParameter_D0_C2_2","parameterUnit":"Unknown","genProcessType":2,"genProcessTypeName":"Forecast","forecastTime":120,"surface1Type":103,"surface1TypeName":"Specified height level above ground","surface1Value":10.0,"surface2Type":255,"surface2TypeName":"Missing","surface2Value":0.0,"gridDefinitionTemplate":0,"gridDefinitionTemplateName":"Latitude_Longitude","numberPoints":615,"shape":6,"shapeName":"Earth spherical with radius of 6,371,229.0 m","gridUnits":"degrees","resolution":48,"winds":"true","scanMode":64,"nx":41,"ny":15,"basicAngle":0,"lo1":47.0,"la1":41.0,"lo2":87.0,"la2":55.0,"dx":1.0,"dy":1.0},"data":[-0.22253662,-0.7225366,2.0074635,-1.6925366,-4.3525367,-6.712537,-5.232537,-5.1825366,-6.0925364,-3.5525367,-4.3025365,-4.442537,-4.0825367,-3.3125367,-2.6525366,-3.1525366,-2.2525365,-1.9025366,-3.1325366,-2.7225366,-2.6125367,-0.04253662,-0.07253662,-0.18253662,-1.0125366,-1.5225366,-2.4525366,-0.24253662,1.2974634,0.39746338,-1.2325367,0.37746337,0.7074634,0.027463378,-3.0525367,-2.5525367,-1.8525367,-1.5025367,-3.3225367,-3.6625366,-2.6025367,2.3074634,1.9474634,-4.7725368,-4.5825367,-4.6825366,-6.5925364,-3.8025367,-5.8325367,-4.3125367,-3.9225366,-3.8725367,-4.2825365,-3.6925366,-2.8425367,-2.0925367,-2.6825366,-1.0625366,-2.8125367,-1.3025366,-1.1825366,0.17746338,0.2974634,0.3274634,-1.8525367,0.007463379,1.1474633,-0.19253662,0.54746336,0.11746338,-0.14253663,0.33746338,-0.7225366,0.5574634,-2.0825367,-0.012536621,-1.0525366,-1.6925366,-2.4325366,-0.34253663,0.5174634,-3.1425366,-0.13253662,-5.8525367,-6.672537,-7.3925366,-7.3625364,-5.4725366,-4.172537,-2.6325366,-4.3625364,-3.7725365,-3.7225366,-3.8325367,-2.9625366,-2.4925365,-2.5625367,-3.0025365,-3.7325366,-2.4225366,-1.9525366,-0.9325366,2.1274633,3.4274633,-0.77253664,-0.012536621,0.47746336,1.5274634,1.2974634,0.16746338,-0.3325366,-0.35253662,-1.9325366,2.3774633,-0.9225366,-1.2925366,0.25746337,-0.6925366,-1.1725366,0.28746337,0.5174634,1.9574634,2.2374635,-3.8125367,-7.2225366,-6.6425366,-6.0425367,-5.2825365,-3.5625367,-2.8025367,-3.6325366,-2.6925366,-3.0925367,-3.4325366,-3.8325367,-3.4725366,-2.2825365,-2.7625365,-3.7425365,-3.2125366,-2.9825366,-1.7225366,-0.90253663,1.3674634,-1.8525367,6.9074636,4.8174634,2.1074634,-2.4125366,-2.1525366,-4.2625365,-2.4025366,-0.9725366,-0.6225366,-4.5725365,-2.6325366,-3.0525367,-2.2625365,-2.3525367,-1.7825366,1.7474633,-0.25253662,-1.5425366,0.04746338,-5.1825366,-5.7825365,-5.1425366,-5.6225367,-4.3325367,-3.9425366,-3.3625367,-2.3125367,-2.9125366,-2.1525366,-2.9225366,-3.7225366,-3.9925365,-4.1125364,-5.1025367,-3.6125367,-3.0925367,-2.0925367,-0.7425366,-1.1325366,-1.8425366,-1.9425366,-6.4325366,-6.9025364,-6.1425366,-4.9725366,-5.8625364,-4.422537,-5.2625365,-6.1225367,-5.5225368,-2.6125367,-1.8325366,0.8374634,-0.112536624,-1.4125366,-2.7525365,-4.172537,-2.1925366,-4.2725368,-4.1525364,-4.3125367,-3.6525366,-5.5225368,-5.2225366,-4.5825367,-4.0125365,-2.7325366,-2.8225367,-2.8025367,-3.4025366,-3.3925366,-3.3325367,-3.3825366,-4.8725367,-3.2625365,-3.1825366,-2.7825365,-2.4025366,-1.2125366,-1.7725366,-2.3025367,-1.1925366,-3.1425366,-6.9725366,-7.6825366,-7.8425364,-7.6325364,-10.332537,-8.152536,-8.142536,-7.2725368,-5.422537,-2.6725366,-2.8825366,-2.4825366,-1.4125366,0.09746338,-2.3125367,-2.4125366,-6.7225366,-5.712537,-2.5825367,-2.4325366,-2.7725365,-2.7825365,-3.2325366,-2.7625365,-3.2225366,-3.5825367,-3.7025366,-4.2425365,-4.252537,-4.3425364,-3.6025367,-2.8825366,-2.4925365,-2.2025366,-2.3225367,-2.3225367,-2.4125366,-3.3425367,-2.0325365,-2.5125365,-2.4825366,-4.2625365,-4.6425366,-8.952537,-7.002537,-7.8225365,-6.3425364,-7.2225366,-6.7425365,-6.712537,-3.0925367,-2.0425367,-2.5725367,-1.9425366,-1.0225366,0.31746337,-0.8625366,0.79746336,1.6074634,-1.3425366,-1.1425366,-1.4725366,-1.3625367,-1.5325366,-2.6025367,-3.0025365,-3.5325365,-3.2725365,-3.6825366,-3.6925366,-3.8025367,-2.9025366,-3.1925366,-1.8325366,-2.1025367,-2.2725365,-3.2625365,-2.6825366,-3.2525365,-3.2625365,-4.2725368,-5.1125364,-6.2225366,-4.0325365,-4.5525365,-5.9325366,-6.6825366,-6.2725368,-4.2925367,-5.8225365,-4.422537,-5.0325365,-2.4425366,-3.3325367,0.25746337,0.7774634,4.8774633,2.2274635,2.6274633,0.30746338,0.11746338,0.9674634,0.6474634,-2.0125365,-2.0825367,-2.4225366,-2.7425365,-3.6825366,-3.8125367,-3.4225366,-3.4525366,-3.4125366,-1.9325366,-3.1625366,-2.8925366,-1.4825367,-2.5125365,-2.9925365,-3.0825367,-2.8825366,-4.7625365,-3.3625367,-3.7725365,-3.2125366,-4.4525366,-3.6825366,-3.1325366,-3.4525366,-1.8825366,-2.9225366,-5.252537,-4.5725365,-1.2725366,-1.4725366,0.08746338,0.7774634,0.017463379,-3.0825367,-1.4425366,0.48746338,-2.1425366,-0.21253662,-1.0325366,-1.4625366,-1.8325366,-2.2525365,-2.3725367,-2.7925367,-3.0925367,-2.8125367,-2.8325367,-2.6925366,-2.6425366,-2.2825365,-2.6125367,-3.3225367,-1.9325366,-2.7125366,-3.1225367,-3.4025366,-4.0425367,-4.0125365,-3.6925366,-3.7225366,-4.6225367,-5.6625366,-6.3925366,-4.5625367,-3.9825366,-3.5525367,-3.2825365,-2.1525366,-2.2625365,-2.0425367,-0.9425366,0.39746338,0.33746338,-0.64253664,-0.23253661,-2.3825366,-1.3325366,-0.88253665,-0.5425366,-1.1525366,-1.7125366,-1.4825367,-1.4425366,-1.8125366,-1.6725366,-2.1225367,-2.0825367,-2.6425366,-1.7725366,-1.0025367,-1.3325366,-2.6025367,-3.0325365,-2.4825366,-3.1925366,-2.3925366,-3.8725367,-3.9225366,-3.3125367,-3.6525366,-4.6825366,-4.9525366,-3.8825366,-3.7825365,-3.5625367,-3.1225367,-3.0225365,-2.3625367,-2.9925365,-2.8425367,-2.7325366,-1.5125366,-0.3325366,-0.21253662,-1.2925366,-1.1025367,-0.8625366,0.79746336,-1.3525367,-1.0325366,-0.24253662,-0.34253663,-1.3425366,-1.2925366,-1.5125366,-1.6225367,-2.1425366,-1.7325367,-2.3525367,-1.8225366,-0.40253663,-1.0225366,-1.6025367,-0.7425366,-0.37253663,-1.0225366,-1.9925367,-2.8925366,-2.6025367,-3.6525366,-3.2125366,-3.8725367,-3.2925367,-3.2625365,-3.1825366,-2.9225366,-2.5925367,-2.6425366,-2.9625366,-2.6925366,-2.9225366,-2.1425366,-2.8625367,-1.9825367,-2.2525365,-2.7625365,-2.1425366,-1.5925366,-0.7325366,-0.6025366,0.61746335,0.09746338,0.5174634,0.16746338,-0.14253663,-1.2125366,-1.3525367,-1.1925366,-1.3325366,-1.7825366,-1.2425367,-0.012536621,0.30746338,0.4174634,0.67746335,0.8174634,0.5074634,1.0074633,-1.0825366,-1.4225366,-1.6925366,-1.4225366,-0.5425366,-1.4425366,-1.0025367,-2.0025365,-2.0125365,-2.8225367,-2.6825366,-2.4925365,-2.4525366,-2.5325365,-2.6625366,-2.7625365,-2.3225367,-2.4825366,-2.1425366,-1.5425366,-2.7025366,-1.9425366,-1.0425366,1.1474633,1.5174633,1.2174634,0.6874634,-0.15253662,-0.15253662,0.07746338,0.09746338,0.09746338,0.057463378,-1.1725366,-0.5625366,1.6474633,1.3274634,1.2274634,1.2174634,1.2874634,0.6874634,-0.22253662,0.49746338,0.21746337,0.12746339,-0.032536622,-0.28253663,-0.6825366,-1.3425366,-1.3825366,-1.0525366,-0.9925366,-1.1325366,-1.3425366,-1.4125366,-1.5125366,-1.3725367,-1.1125367,-1.4025366,-1.5925366,-1.6725366,-1.3125366,-0.8125366,-0.6725366,1.3374634,2.8274634,2.2874634,2.3274634,1.7874634,2.1074634,2.4374633,1.5374634,1.1474633,-0.17253663,-0.9825366,-0.18253662,0.21746337,0.79746336,1.6574634,1.1674634,1.0274634,1.1974634,0.59746337,0.9074634,0.8974634,0.5874634,0.13746338,0.14746338,0.07746338,0.27746338,0.40746337,0.49746338,0.67746335,0.53746337,1.3174634,-0.0025366212,0.14746338,0.42746338,0.59746337,0.7474634,-0.38253662,0.53746337,0.10746338,-0.12253662,-0.76253664]},{"header":{"discipline":0,"disciplineName":"Meteorological products","gribEdition":2,"gribLength":1025,"center":7,"centerName":"US National Weather Service - NCEP(WMC)","subcenter":0,"refTime":"2023-09-27T00:00:00.000Z","significanceOfRT":1,"significanceOfRTName":"Start of forecast","productStatus":0,"productStatusName":"Operational products","productType":1,"productTypeName":"Forecast products","productDefinitionTemplate":0,"productDefinitionTemplateName":"Analysis/forecast at horizontal level/layer at a point in time","parameterCategory":2,"parameterCategoryName":"UnknownDiscipline_0_Category_2","parameterNumber":3,"parameterNumberName":"UnknownParameter_D0_C2_3","parameterUnit":"Unknown","genProcessType":2,"genProcessTypeName":"Forecast","forecastTime":120,"surface1Type":103,"surface1TypeName":"Specified height level above ground","surface1Value":10.0,"surface2Type":255,"surface2TypeName":"Missing","surface2Value":0.0,"gridDefinitionTemplate":0,"gridDefinitionTemplateName":"Latitude_Longitude","numberPoints":615,"shape":6,"shapeName":"Earth spherical with radius of 6,371,229.0 m","gridUnits":"degrees","resolution":48,"winds":"true","scanMode":64,"nx":41,"ny":15,"basicAngle":0,"lo1":47.0,"la1":41.0,"lo2":87.0,"la2":55.0,"dx":1.0,"dy":1.0},"data":[-0.011228028,-1.991228,2.398772,5.1687717,0.898772,1.4787719,0.778772,0.658772,0.588772,0.75877196,-0.09122803,-0.31122804,-1.351228,-2.381228,-3.021228,-2.931228,-1.691228,-1.441228,-2.301228,-1.241228,-0.951228,-2.861228,-0.761228,-0.711228,-1.7612281,-1.4012281,-0.99122804,1.028772,2.218772,2.748772,1.058772,0.908772,0.35877198,-1.581228,-1.7612281,0.14877197,-0.20122802,0.968772,0.63877195,1.508772,1.458772,4.438772,0.36877197,5.378772,4.348772,3.978772,2.578772,-0.50122803,1.638772,1.0887719,1.038772,0.42877197,-0.86122805,-1.331228,-1.561228,-3.7212281,-3.611228,-2.121228,-2.7212281,-3.341228,-3.061228,-2.991228,-2.331228,-0.721228,1.678772,0.74877197,0.07877197,-1.9112281,2.148772,0.868772,2.518772,2.668772,5.188772,0.738772,0.41877198,-1.2712281,-1.321228,0.14877197,-0.18122803,0.75877196,-2.081228,0.35877198,1.0987719,3.518772,2.7987719,2.678772,2.868772,1.2287719,1.008772,0.988772,1.498772,2.2887719,1.138772,0.26877198,-1.191228,-2.041228,-2.361228,-1.791228,-1.481228,-2.551228,-2.881228,-4.061228,-3.981228,-2.061228,2.008772,1.4887719,-0.521228,1.148772,0.70877194,1.0887719,-0.38122803,1.058772,4.208772,1.938772,1.698772,-0.491228,-0.61122805,2.368772,5.178772,2.168772,0.44877198,-0.841228,0.29877198,1.268772,2.718772,2.5387719,2.688772,0.618772,0.48877198,1.798772,2.218772,2.828772,2.208772,1.138772,0.14877197,-1.191228,-3.361228,-1.1412281,-0.80122805,-2.081228,-2.101228,-3.341228,-4.401228,-4.811228,-2.2012281,-2.171228,2.388772,-0.94122803,-1.581228,-0.601228,-1.221228,1.008772,-0.20122802,-0.38122803,-1.701228,-1.381228,-1.181228,-1.1412281,-3.271228,-0.99122804,2.308772,-0.061228026,0.528772,2.128772,1.028772,1.938772,2.678772,2.2787719,1.5887719,2.138772,1.818772,1.578772,2.008772,3.358772,2.948772,1.2187719,-1.691228,-1.7712281,-1.361228,-1.371228,-2.081228,-2.551228,-3.271228,-3.631228,-3.151228,-1.331228,-5.191228,-3.501228,-3.071228,-2.821228,-2.7112281,-3.041228,-2.981228,-3.571228,-3.791228,-1.191228,1.4887719,2.878772,-1.221228,-1.741228,-0.45122802,-1.581228,-1.121228,-0.80122805,-2.371228,0.41877198,0.34877196,1.818772,2.408772,1.948772,1.9687719,1.498772,1.2387719,0.618772,1.9787719,1.798772,0.848772,-1.001228,-1.5212281,-0.121228024,-0.711228,-1.971228,-2.641228,-3.811228,-2.331228,-3.511228,-3.541228,-1.451228,-3.371228,-3.181228,-3.731228,-2.391228,-2.9512281,-2.871228,-3.551228,-4.291228,-4.121228,-3.9512281,-2.831228,1.388772,0.44877198,2.448772,2.238772,0.098771974,-1.721228,-2.991228,2.338772,2.2987719,1.898772,1.7387719,1.7187719,1.418772,1.4787719,1.648772,0.37877196,0.848772,0.798772,0.658772,0.11877197,-1.501228,-2.171228,-2.061228,0.35877198,-1.941228,-3.2212281,-2.2012281,-2.881228,-2.731228,-3.411228,-0.32122803,2.168772,2.588772,-1.221228,-2.091228,-3.9512281,-3.641228,-4.681228,-6.801228,-6.811228,-2.181228,-1.711228,-2.251228,-3.531228,-2.381228,0.528772,0.538772,-3.9612281,3.0487719,2.608772,2.558772,2.318772,2.058772,2.198772,2.418772,1.888772,1.798772,1.1087719,1.458772,1.008772,-0.23122802,-1.361228,-2.111228,-2.311228,-1.6512281,-1.801228,-2.271228,-1.941228,-2.271228,-3.001228,-3.071228,-3.501228,-1.801228,0.968772,1.508772,-1.791228,-2.371228,-3.881228,-4.481228,-4.511228,-6.341228,-6.351228,-2.641228,-1.6412281,-1.801228,-1.441228,0.098771974,0.35877198,-1.311228,3.338772,3.358772,3.168772,2.708772,2.378772,2.438772,2.958772,1.908772,1.908772,2.138772,1.428772,0.74877197,-0.28122804,0.21877198,-1.961228,-3.041228,-1.881228,-1.811228,-2.111228,-2.071228,-0.32122803,-2.421228,-1.111228,-1.591228,-0.021228027,-0.30122802,0.13877197,-0.19122803,-0.48122802,-1.001228,-2.781228,-4.111228,-2.571228,-3.561228,-2.131228,-1.971228,-3.101228,-1.991228,-0.67122805,-1.2612281,-3.441228,3.678772,3.598772,3.5387719,3.208772,2.648772,2.608772,2.848772,2.578772,3.148772,2.828772,2.758772,1.9687719,0.68877196,0.538772,-0.07122803,-2.341228,-1.321228,-1.231228,-1.861228,-1.421228,-1.331228,-0.701228,-1.721228,-1.1412281,-0.711228,0.07877197,-1.051228,-0.16122803,-0.971228,-1.561228,-0.711228,-1.591228,-1.8912281,-3.381228,-2.091228,-0.571228,-0.19122803,-2.9512281,-1.881228,1.028772,0.988772,4.148772,4.208772,3.918772,3.0287719,2.898772,3.0387719,3.5287719,2.868772,3.168772,2.608772,2.2787719,2.388772,1.868772,1.0887719,0.76877195,-0.43122804,-0.87122804,-1.9112281,0.018771973,-0.651228,-0.901228,-0.511228,-0.86122805,-0.661228,-1.061228,-0.28122804,-0.051228028,-0.40122804,-0.75122803,-0.39122802,-0.50122803,-0.98122805,-1.6512281,-2.281228,-3.311228,-1.251228,-0.961228,1.688772,0.48877198,0.908772,-0.41122803,2.948772,4.638772,4.858772,4.138772,3.838772,3.058772,2.368772,2.228772,2.008772,1.408772,0.81877196,1.448772,2.318772,2.978772,2.5487719,2.008772,1.248772,0.08877197,1.158772,1.798772,1.628772,0.14877197,0.14877197,-0.081228025,0.538772,0.21877198,0.908772,0.738772,0.22877197,-0.121228024,-0.581228,-0.80122805,-0.98122805,-1.421228,-1.8912281,-2.841228,-1.981228,-0.631228,0.39877197,0.798772,0.17877197,4.218772,5.138772,5.618772,5.428772,4.348772,2.568772,2.818772,2.888772,3.338772,1.538772,0.55877197,1.828772,2.248772,3.128772,2.918772,2.158772,1.5987719,2.068772,2.478772,2.748772,3.408772,2.758772,2.398772,2.328772,2.818772,1.798772,1.418772,0.778772,0.57877195,0.37877196,-0.011228028,-0.26122802,-0.961228,-0.971228,-1.051228,-1.301228,-1.691228,-0.961228,-0.631228,-0.55122805,-0.42122802,2.438772,3.518772,6.088772,6.558772,5.328772,4.638772,4.038772,4.658772,3.738772,4.118772,2.0287719,0.63877195,1.8487719,3.148772,3.378772,3.168772,2.858772,2.978772,2.998772,3.0287719,3.258772,3.218772,3.248772,2.818772,2.888772,2.388772,2.0487719,2.058772,1.8487719,1.548772,1.138772,0.74877197,0.538772,0.47877198,-0.31122804,-0.591228,-0.651228,-0.771228,-0.851228,-0.11122803,-0.15122803,-1.131228,-0.07122803,5.9187717,6.598772,6.708772,6.388772,6.488772,6.118772,5.348772,5.438772,2.2987719,2.758772,2.628772,1.5887719,4.228772,4.308772,3.7987719,3.358772,3.428772,3.308772,2.948772,3.338772,3.328772,3.348772,3.408772,3.218772,3.108772,2.868772,2.668772,2.558772,1.8587719,2.578772,1.6087719,1.298772,0.99877197,0.45877197,0.50877196,1.138772,1.0887719,0.87877196,0.43877196]}]