wind.json
{"header": {"discipline":0,"disciplineName":"Meteorological products","gribEdition":2,"gribLength":89774,"center":7,"centerName":"US National Weather Service - NCEP(WMC)","subcenter":0,"refTime":"2023-02-24T12:00:00.000Z","significanceOfRT":1,"significanceOfRTName":"Start of forecast","productStatus":0,"productStatusName":"Operational products","productType":1,"productTypeName":"Forecast products","productDefinitionTemplate":0,"productDefinitionTemplateName":"Analysis/forecast at horizontal level/layer at a point in time","parameterCategory":0,"parameterCategoryName":"Temperature","parameterNumber":0,"parameterNumberName":"Temperature","parameterUnit":"K","genProcessType":2,"genProcessTypeName":"Forecast","forecastTime":0,"surface1Type":1,"surface1TypeName":"Ground or water surface","surface1Value":0.0,"surface2Type":255,"surface2TypeName":"Missing","surface2Value":0.0,"gridDefinitionTemplate":0,"gridDefinitionTemplateName":"Latitude_Longitude","numberPoints":65160,"shape":6,"shapeName":"Earth spherical with radius of 6,371,229.0 m","gridUnits":"degrees","resolution":48,"winds":"true","scanMode":64,"nx":360,"ny":181,"basicAngle":0,"lo1":0.0,"la1":-90.0,"lo2":359.0,"la2":90.0,"dx":1.0,"dy":1.0}, "data":
[rows 140 to 167 of 181, columns 0 to 62 of 360]
281.92,280.82,283.22003,284.32,282.72003,281.12003,281.72003,282.52002,281.12003,283.82,281.52002,279.92,279.42,278.92,281.92,283.42,283.42,278.02002,285.42,280.82,281.82,282.92,278.02002,280.12003,278.62003,279.62003,277.42,278.12003,278.72003,277.62003,278.42,277.52002,276.92,275.42,275.32,273.02002,271.72003,270.42,269.62003,268.72003,268.62003,268.62003,266.92,267.12003,265.92,265.92,266.52002,265.12003,264.32,263.22003,264.02002,264.02002,262.32,260.12003,258.52002,258.22003,259.12003,258.32,258.42,258.72003,258.32,258.32,259.12003
278.52002,281.22003,281.52002,283.82,282.92,281.22003,278.72003,279.42,277.02002,278.02002,279.02002,281.42,281.32,279.62003,278.62003,278.12003,277.22003,279.22003,278.72003,278.82,278.82,278.12003,277.82,276.82,277.42,276.62003,277.92,277.62003,275.42,275.02002,275.62003,276.42,276.02002,274.92,272.02002,272.12003,269.42,268.82,268.82,269.12003,268.72003,267.22003,267.62003,266.12003,265.72003,265.52002,266.72003,264.72003,262.42,262.22003,260.62003,261.12003,261.12003,259.42,259.02002,259.22003,258.42,258.12003,258.32,258.82,258.42,258.12003,258.92
279.62003,279.62003,280.52002,281.22003,280.02002,279.22003,277.42,276.12003,276.02002,275.82,275.72003,276.62003,277.12003,278.82,279.22003,279.32,281.02002,281.62003,283.22003,282.42,279.02002,279.12003,278.22003,277.02002,276.82,276.02002,275.62003,276.12003,277.42,275.92,274.42,274.12003,273.72003,272.72003,271.72003,270.52002,269.52002,268.82,268.42,268.52002,268.12003,267.12003,266.72003,266.52002,266.02002,265.62003,266.12003,265.42,263.52002,262.52002,261.12003,260.32,259.72003,259.52002,259.42,258.82,260.22003,259.92,258.82,259.22003,259.32,259.22003,259.42
282.82,279.42,279.42,280.22003,280.62003,278.82,282.52002,282.92,277.42,275.62003,275.12003,275.32,275.42,275.72003,276.82,277.82,277.62003,278.72003,280.82,281.52002,276.72003,276.62003,276.12003,275.42,275.22003,274.92,275.02002,274.72003,274.62003,275.62003,274.32,273.12003,272.62003,272.02002,271.82,271.02002,270.02002,269.42,268.42,268.42,269.32,267.12003,267.12003,266.22003,265.72003,266.32,266.22003,265.82,265.62003,263.92,263.52002,263.32,263.62003,261.82,260.72003,260.02002,260.22003,260.22003,259.52002,261.02002,260.72003,261.02002,260.62003
279.52002,279.82,279.52002,279.52002,279.62003,279.72003,279.92,279.52002,279.32,281.62003,281.12003,277.12003,275.42,275.62003,275.92,277.42,278.02002,276.72003,276.72003,279.32,280.02002,275.02002,275.62003,275.02002,274.72003,274.12003,274.22003,273.22003,273.42,273.42,273.12003,272.32,272.22003,272.12003,272.12003,271.52002,271.42,269.62003,269.12003,268.52002,268.52002,268.02002,267.62003,267.52002,266.82,265.92,266.62003,266.32,265.62003,265.02002,262.42,261.62003,262.22003,262.42,261.22003,261.72003,261.92,260.92,259.42,259.42,260.32,260.92,260.12003
280.42,280.22003,279.92,279.52002,279.32,279.42,279.92,279.22003,277.62003,281.82,275.82,277.02002,278.52002,277.02002,276.82,277.02002,277.32,276.82,276.72003,276.92,276.52002,275.62003,276.32,275.62003,274.02002,273.72003,273.42,273.22003,273.22003,273.22003,273.52002,273.12003,272.52002,272.02002,271.42,271.42,270.42,270.82,269.92,269.42,268.82,268.32,267.82,267.52002,267.42,266.12003,265.92,265.52002,264.12003,262.22003,261.42,262.02002,262.62003,262.42,263.22003,263.02002,263.32,262.32,260.22003,259.52002,261.02002,260.52002,260.92
280.52002,280.52002,280.22003,279.92,279.82,279.92,279.72003,279.22003,277.82,282.32,279.02002,277.42,276.62003,277.02002,275.22003,276.62003,276.62003,276.42,276.32,276.52002,276.32,275.92,276.32,274.72003,274.12003,273.32,274.12003,274.22003,273.42,273.32,273.22003,273.22003,272.62003,272.42,271.72003,271.22003,270.72003,270.52002,269.72003,269.42,268.82,268.42,268.32,267.72003,267.72003,267.02002,266.32,264.62003,264.12003,262.82,261.62003,261.52002,262.12003,263.62003,263.22003,262.72003,262.52002,261.22003,260.42,259.82,259.62003,260.02002,260.22003
280.22003,280.62003,280.42,280.42,280.42,280.02002,279.92,279.52002,279.42,277.92,277.12003,277.32,276.82,277.22003,274.42,273.92,274.52002,275.72003,275.72003,275.82,276.22003,275.72003,274.62003,274.12003,274.02002,273.92,273.52002,273.92,273.22003,273.32,273.52002,273.22003,272.12003,271.92,271.12003,271.02002,270.42,270.32,270.22003,269.32,268.62003,268.72003,268.22003,268.12003,266.92,266.22003,266.02002,265.42,264.02002,262.52002,262.22003,264.22003,264.62003,265.22003,264.92,263.82,262.62003,261.92,261.42,260.02002,259.82,260.82,262.12003
280.42,280.42,280.42,280.52002,280.52002,280.02002,279.22003,278.62003,277.82,278.32,279.22003,278.72003,276.12003,274.22003,273.72003,274.12003,275.12003,275.52002,275.62003,275.62003,275.82,275.82,274.72003,273.82,273.42,274.42,273.72003,273.62003,273.22003,273.12003,273.22003,272.42,272.02002,271.12003,271.02002,270.22003,269.92,269.02002,269.02002,268.62003,268.22003,268.12003,267.62003,267.32,266.42,266.22003,265.82,264.82,264.52002,263.92,264.12003,264.12003,263.92,264.22003,263.82,263.82,263.62003,262.82,260.62003,259.32,259.82,260.42,262.12003
280.32,280.22003,280.42,280.62003,279.72003,279.42,277.42,270.22003,273.22003,275.52002,277.22003,276.32,274.32,274.22003,275.12003,275.32,275.62003,275.32,275.02002,275.02002,275.32,275.52002,275.02002,274.02002,274.52002,274.02002,273.22003,272.92,273.12003,272.72003,272.02002,271.52002,270.72003,270.42,269.72003,269.72003,269.42,269.32,268.52002,267.62003,267.82,267.82,267.02002,266.72003,266.22003,265.72003,264.72003,263.62003,263.42,264.12003,264.62003,264.52002,264.42,264.02002,263.82,263.72003,261.32,260.82,258.32,257.02002,260.22003,262.22003,264.62003
280.52002,280.82,280.92,281.62003,280.42,279.22003,274.82,268.02002,267.42,272.82,273.12003,273.72003,273.22003,274.12003,273.22003,274.02002,274.72003,275.52002,276.02002,273.62003,273.12003,272.72003,273.62003,272.62003,273.42,273.62003,273.02002,272.72003,271.12003,270.82,272.22003,272.02002,271.42,270.82,270.02002,269.32,269.62003,269.42,268.82,268.12003,267.52002,267.02002,266.62003,266.42,265.62003,265.02002,264.12003,263.52002,263.72003,264.72003,264.42,264.22003,264.32,264.92,264.22003,264.22003,263.62003,261.82,258.42,256.92,261.72003,263.32,264.62003
281.32,281.22003,281.32,280.72003,280.22003,276.42,271.32,271.02002,266.12003,271.52002,271.42,272.52002,272.22003,271.22003,272.02002,272.02002,271.82,275.32,273.12003,273.32,273.72003,273.32,273.72003,273.32,272.92,271.92,271.82,271.62003,271.72003,272.32,272.92,272.92,270.92,270.92,270.12003,270.32,268.92,269.32,268.42,267.92,267.02002,266.62003,266.52002,266.22003,265.12003,264.42,263.32,262.82,263.82,264.52002,264.82,264.42,264.42,264.12003,264.52002,264.12003,263.32,260.82,259.22003,256.62003,260.02002,262.52002,262.92
281.22003,281.42,281.22003,280.32,279.52002,278.92,272.42,270.72003,267.32,268.02002,267.42,269.62003,268.72003,269.72003,271.72003,272.12003,271.72003,272.62003,273.52002,273.52002,273.72003,273.32,273.12003,272.52002,271.72003,271.32,270.22003,270.72003,270.82,270.32,269.82,270.52002,270.32,269.82,271.12003,266.82,269.62003,268.42,268.02002,268.22003,266.72003,266.32,265.82,265.32,265.02002,264.42,262.62003,263.12003,263.92,264.62003,264.22003,263.92,264.42,264.32,263.72003,264.12003,262.12003,261.32,259.62003,257.22003,258.92,260.72003,259.92
280.72003,280.82,280.82,280.82,280.92,280.32,279.52002,279.02002,275.62003,271.52002,272.62003,271.02002,267.12003,266.22003,269.82,271.62003,271.92,271.22003,271.02002,273.42,273.62003,272.42,273.32,272.72003,271.52002,271.22003,268.42,270.52002,265.82,269.62003,267.32,268.72003,269.02002,269.22003,269.72003,269.32,268.32,268.02002,268.02002,267.12003,266.42,266.12003,265.92,263.92,261.82,261.82,262.92,263.92,263.82,263.12003,263.52002,264.32,264.32,264.32,264.32,263.72003,262.72003,260.32,257.32,255.92001,258.22003,259.32,257.02002
278.72003,279.32,279.92,280.72003,280.82,280.92,280.82,280.42,280.02002,279.42,278.22003,272.22003,271.72003,268.02002,269.32,270.12003,271.02002,270.72003,271.12003,271.82,272.22003,271.32,270.92,270.52002,271.32,271.12003,270.72003,270.22003,269.72003,269.32,268.62003,268.62003,269.02002,269.72003,269.82,268.92,268.92,266.72003,265.72003,266.02002,265.72003,265.62003,264.42,263.42,262.12003,262.62003,262.62003,263.42,262.62003,262.72003,263.02002,264.12003,264.42,264.92,264.92,264.02002,262.72003,261.12003,258.72003,258.12003,258.02002,256.02002,253.22002
278.62003,278.92,279.32,280.22003,280.42,280.92,281.02002,280.52002,280.32,280.42,279.62003,278.72003,271.72003,267.82,262.42,263.62003,269.22003,269.42,269.42,268.72003,268.92,271.52002,267.62003,266.32,266.22003,263.72003,268.82,268.62003,267.52002,267.92,269.12003,269.42,269.32,270.22003,268.52002,265.52002,265.92,267.22003,266.82,267.12003,264.12003,262.82,262.22003,262.12003,261.82,261.62003,262.52002,262.62003,262.72003,263.42,263.72003,264.82,265.92,266.02002,266.02002,265.12003,263.72003,261.52002,259.62003,258.22003,255.92001,255.22002,253.72002
278.22003,278.92,279.22003,279.82,279.82,280.02002,280.62003,280.52002,280.22003,279.92,279.62003,277.72003,275.12003,271.42,265.02002,264.72003,261.92,264.62003,264.82,268.02002,269.12003,269.62003,269.52002,269.12003,269.02002,269.02002,268.72003,268.92,267.62003,267.02002,264.82,259.52002,264.12003,264.72003,264.62003,267.42,267.42,267.72003,266.52002,267.42,265.22003,261.12003,263.22003,256.72003,258.92,263.62003,264.62003,264.92,265.02002,264.92,266.52002,266.42,265.62003,264.32,263.32,263.82,263.82,261.42,260.32,259.62003,260.72003,259.92,256.02002
277.62003,278.42,278.92,278.92,279.22003,279.22003,279.32,279.72003,280.02002,280.12003,279.82,279.62003,279.52002,278.22003,273.12003,269.82,264.72003,260.12003,265.42,266.32,267.52002,268.62003,269.62003,267.92,267.72003,266.62003,266.72003,267.62003,265.92,264.82,263.22003,263.72003,264.42,264.92,264.22003,263.82,263.52002,262.52002,260.72003,255.82002,253.92001,252.82002,268.02002,267.02002,267.02002,264.52002,267.42,268.12003,265.72003,264.52002,264.92,265.02002,262.82,260.32,258.72003,257.52002,258.02002,256.92,254.22002,253.52002,251.32002,252.62003,249.72002
277.82,278.32,278.52002,278.62003,278.72003,278.82,278.92,278.82,279.12003,279.72003,280.02002,279.72003,279.12003,277.92,277.12003,276.82,270.52002,263.52002,259.72003,260.42,264.12003,265.62003,267.72003,268.22003,268.02002,267.52002,268.22003,268.02002,265.22003,263.62003,263.12003,263.52002,263.02002,260.92,261.12003,257.92,253.92001,250.02002,252.32002,252.02002,253.22002,273.62003,273.22003,270.62003,267.12003,263.72003,265.52002,269.42,268.32,267.42,266.02002,263.12003,262.02002,260.52002,259.32,257.82,253.12003,252.02002,252.22002,251.02002,251.52002,251.22002,247.82002
277.82,277.72003,277.82,278.12003,278.42,278.52002,278.62003,279.02002,279.32,279.52002,279.52002,279.72003,279.82,279.62003,279.12003,277.82,276.52002,276.22003,269.72003,268.42,263.22003,259.32,264.02002,261.42,267.12003,269.92,269.12003,268.12003,266.42,264.72003,264.02002,263.62003,257.42,257.92,252.32002,252.92001,262.72003,275.52002,275.62003,275.72003,275.72003,275.02002,274.72003,272.22003,272.82,273.12003,272.92,272.62003,272.22003,263.62003,266.72003,271.42,269.12003,267.02002,265.62003,264.52002,263.52002,261.12003,256.72003,253.32002,254.42001,251.22002,248.22002
277.32,277.52002,277.62003,277.92,278.62003,279.22003,279.02002,278.72003,279.02002,279.02002,279.02002,279.22003,279.42,279.52002,279.52002,279.72003,279.52002,278.72003,277.52002,269.52002,277.62003,276.92,275.92,267.22003,265.42,265.22003,265.42,267.92,268.42,265.42,275.42,276.02002,276.42,276.22003,276.32,276.22003,275.92,275.82,275.72003,275.72003,275.42,275.22003,274.92,274.52002,274.52002,274.52002,274.12003,273.92,273.52002,273.22003,272.92,272.52002,272.42,272.22003,272.02002,271.92,271.72003,271.42,268.92,260.52002,253.42001,257.42,256.62003
277.42,277.62003,277.62003,277.52002,277.72003,277.92,277.92,278.02002,278.12003,278.12003,278.12003,278.52002,278.72003,279.12003,279.02002,279.02002,279.12003,279.12003,278.72003,278.62003,278.52002,278.32,278.12003,278.02002,277.72003,273.92,277.42,277.32,274.12003,277.22003,277.12003,277.12003,277.02002,276.72003,276.52002,276.32,276.32,276.52002,276.22003,276.02002,275.72003,275.42,275.02002,275.02002,275.22003,275.22003,274.82,274.72003,274.42,274.12003,273.32,272.42,271.72003,263.42,259.82,259.42,261.12003,265.32,268.22003,271.42,269.42,266.12003,264.62003
274.52002,275.92,276.62003,276.92,276.82,277.02002,277.02002,277.02002,277.32,277.32,277.52002,277.92,278.02002,278.22003,278.52002,278.72003,279.02002,279.12003,279.02002,278.82,278.52002,278.32,278.12003,278.02002,277.92,277.82,277.72003,277.62003,277.52002,277.32,277.02002,276.92,276.92,276.92,276.92,276.92,276.22003,275.22003,274.72003,274.32,274.42,274.92,275.22003,275.32,275.22003,275.22003,275.02002,275.02002,274.62003,274.22003,273.62003,272.62003,259.22003,255.62003,255.22002,258.12003,262.22003,263.22003,263.62003,263.52002,264.02002,264.32,264.12003
272.82,273.52002,274.32,275.12003,275.42,276.12003,276.42,276.42,276.42,276.62003,277.12003,277.32,277.72003,278.02002,278.32,278.72003,278.92,278.82,278.62003,278.52002,278.42,278.22003,278.02002,278.02002,277.92,277.92,277.72003,277.72003,277.52002,277.22003,277.12003,277.02002,277.02002,276.82,276.52002,276.22003,275.92,275.32,274.62003,273.82,273.52002,273.72003,273.82,273.82,273.92,274.32,274.32,274.52002,274.82,274.92,274.82,274.22003,269.72003,254.52002,251.22002,248.82002,257.82,260.22003,259.82,260.62003,261.12003,261.82,262.82
272.92,273.32,273.72003,274.02002,274.52002,274.92,275.72003,276.22003,276.42,276.52002,276.72003,276.92,277.42,278.12003,278.62003,279.02002,278.92,278.22003,277.22003,276.72003,276.62003,276.92,277.22003,277.42,277.32,277.02002,276.92,276.92,276.92,276.82,276.62003,276.52002,276.52002,276.32,276.22003,276.12003,275.82,274.72003,273.82,272.82,272.72003,273.02002,273.12003,273.32,273.42,273.82,274.32,274.52002,274.32,274.02002,273.62003,273.32,273.42,273.52002,270.02002,256.82,256.62003,256.72003,258.72003,258.12003,258.32,259.32,260.22003
273.22003,273.52002,273.72003,273.92,273.92,274.42,274.92,275.72003,276.42,276.92,277.12003,276.92,277.02002,277.42,277.72003,278.12003,277.72003,276.72003,275.02002,273.92,272.62003,272.02002,271.92,271.92,272.42,273.42,274.62003,275.42,276.12003,276.02002,275.92,275.92,275.62003,275.02002,274.52002,273.62003,273.22003,272.92,272.82,272.82,272.92,273.22003,273.42,273.32,273.32,273.42,273.72003,274.12003,274.02002,273.62003,273.32,272.82,272.32,271.72003,271.42,269.92,262.12003,258.22003,254.82002,255.32002,255.72002,258.42,256.62003
273.32,273.32,273.42,273.42,273.82,274.22003,274.82,275.32,275.62003,276.02002,276.12003,276.42,276.92,277.32,277.22003,277.02002,276.52002,275.92,275.22003,274.72003,274.22003,273.82,273.12003,272.72003,272.12003,271.72003,272.12003,273.12003,273.92,275.12003,275.32,275.42,275.32,275.02002,274.62003,274.32,274.02002,273.92,273.92,273.82,273.62003,273.42,273.22003,273.12003,272.92,272.92,273.02002,273.02002,273.02002,272.92,272.82,272.92,272.52002,271.82,271.22003,271.22003,271.22003,269.22003,265.72003,259.12003,256.52002,254.02002,254.62003
273.22003,273.22003,273.42,273.62003,274.02002,274.52002,274.92,275.32,275.82,276.02002,276.42,276.52002,276.32,275.52002,275.02002,274.62003,271.62003,273.42,273.22003,273.42,272.92,273.22003,273.12003,273.32,272.92,272.82,272.72003,273.22003,273.32,273.52002,274.12003,273.92,273.32,272.62003,272.12003,272.62003,270.92,271.42,270.12003,269.32,269.82,270.02002,270.02002,270.12003,270.42,269.92,272.12003,272.32,272.32,272.52002,269.92,269.42,270.02002,272.12003,272.62003,273.12003,273.12003,273.02002,272.82,272.62003,272.52002,272.42,272.32
