wind_kz.json
{"header": {"discipline":0,"disciplineName":"Meteorological products","gribEdition":2,"gribLength":1025,"center":7,"centerName":"US National Weather Service - NCEP(WMC)","subcenter":0,"refTime":"2025-04-05T12:00:00.000Z","significanceOfRT":1,"significanceOfRTName":"Start of forecast","productStatus":0,"productStatusName":"Operational products","productType":1,"productTypeName":"Forecast products","productDefinitionTemplate":0,"productDefinitionTemplateName":"Analysis/forecast at horizontal level/layer at a point in time","parameterCategory":2,"parameterCategoryName":"UnknownDiscipline_0_Category_2","parameterNumber":2,"parameterNumberName":"UnknownParameter_D0_C2_2","parameterUnit":"Unknown","genProcessType":2,"genProcessTypeName":"Forecast","forecastTime":120,"surface1Type":103,"surface1TypeName":"Specified height level above ground","surface1Value":10.0,"surface2Type":255,"surface2TypeName":"Missing","surface2Value":0.0,"gridDefinitionTemplate":0,"gridDefinitionTemplateName":"Latitude_Longitude","numberPoints":615,"shape":6,"shapeName":"Earth spherical with radius of 6,371,229.0 m","gridUnits":"degrees","resolution":48,"winds":"true","scanMode":64,"nx":41,"ny":15,"basicAngle":0,"lo1":47.0,"la1":41.0,"lo2":87.0,"la2":55.0,"dx":1.0,"dy":1.0}, "data":
[rows 0 to 14 of 15, columns 0 to 40 of 41]
-3.1577876,1.4122125,-0.13778748,3.4122126,2.4922125,3.4022126,4.3422127,4.5622125,5.7322125,6.1422124,-0.15778747,-2.2377875,-2.9877875,-2.6677876,-2.7177875,-2.9077876,-1.7877874,-2.3677874,-2.0077875,-5.0277877,-4.9677873,-2.1077874,0.38221252,2.5922124,-0.36778748,1.1022125,1.7522125,-0.8577875,0.062212523,1.0922126,1.0622125,0.6922125,-2.1977875,-7.4777875,-7.9477873,-7.1877875,-4.6377873,-0.70778745,0.16221252,-2.6477876,-5.1477876
2.7022126,-0.51778746,2.9022126,3.2722125,3.4322126,5.9222126,4.0022125,6.9322124,2.9022126,2.8722124,4.8022127,-0.9177875,-0.94778746,-2.0277874,-2.4577875,-1.9277874,-4.2077875,-5.8977876,-4.7177873,-4.4977875,-2.5877874,-2.7777874,0.27221254,1.3022125,0.5622125,-0.13778748,-0.2977875,0.99221253,-1.1777874,1.0622125,0.032212526,0.5322125,-0.69778746,0.012212524,-1.4477875,-3.6477876,-1.8277875,-4.2577877,0.54221255,1.1222125,-3.2777874
1.1222125,2.4022126,4.6322126,4.3522124,5.8122125,5.4022126,2.7622125,2.5322125,2.6122124,6.4822125,7.3622127,1.7122126,0.47221252,-0.52778745,-2.3177874,-3.4577875,-2.5977874,-4.9077873,-4.5477877,-4.8777876,-4.7477875,-4.0877876,-4.2177873,-5.2577877,-3.2077875,-5.2277875,-3.6077874,-2.0277874,3.2622125,-1.1777874,1.2622125,-0.9077875,-0.8577875,1.6222125,-4.8477874,0.12221252,0.2622125,1.3322126,1.7022126,2.6322126,-1.5177875
3.1922126,3.6122124,4.3522124,4.4722123,6.0322127,3.3822126,2.9222126,3.6622126,4.8722124,6.4622126,8.332212,2.7122126,1.2522125,-2.8277874,-3.0577874,-3.1877875,-4.3977876,-4.5977874,-4.5577874,-2.6077874,-1.4777875,-4.1377873,-6.4077873,-7.4677873,-7.9177876,-8.087788,-7.6677876,-7.4477873,-6.2477875,-3.1477876,0.80221254,2.1822126,2.3422124,0.25221252,0.15221253,1.2422125,0.98221254,0.67221254,-1.6977875,0.7822125,0.18221253
3.7522125,4.7322125,5.1322126,4.5722127,4.0922127,5.0422125,5.6022124,6.1022124,6.6322126,6.7922125,8.902212,-1.0477874,-4.1477876,-3.8677874,-2.8377874,-4.2077875,-4.9977875,-4.4577875,-4.4077873,-7.6877875,-7.5277877,-7.4877872,-7.9177876,-8.827787,-9.357787,-9.497787,-8.2077875,-4.8777876,-6.8077874,-5.9277873,-4.8377876,-3.5077875,-0.20778747,1.9322125,-2.1577876,2.3122125,0.9622125,-1.3677875,-1.2977874,1.0222125,2.2222126
3.0922124,3.5322125,4.7322125,5.4322124,5.0022125,5.1822124,8.072212,8.202212,7.4022126,7.2622128,7.1122127,-3.8577874,-1.9277874,-2.4777875,-0.6577875,-3.7777874,-3.6077874,-6.3177876,-6.2077875,-6.7277875,-6.5677876,-6.3577876,-7.3477874,-8.767788,-8.517788,-8.387788,-7.9977875,-2.9277875,-6.7277875,-6.6377873,-5.4777875,-5.1477876,-2.9577875,-2.4577875,-3.5477874,4.1122127,-2.0677874,1.1022125,0.072212525,-3.1777875,-2.8077874
2.8622124,3.3322124,3.7222126,4.6522126,4.3022127,5.6522126,6.3722124,7.8322124,7.6422124,7.2022123,6.8622127,1.3222126,0.032212526,-2.1177874,0.19221252,-4.1277876,-3.3477874,-4.4877872,-5.0177875,-5.4577875,-5.0177875,-4.6177874,-5.2477875,-5.9477873,-5.5577874,-6.3677874,-5.4977875,-5.5277877,-5.4577875,-5.0177875,-4.4677873,-5.0977874,-5.5077877,-2.9877875,-2.7277875,-1.5977875,-0.5377875,-0.9877875,0.5122125,-0.12778747,1.9522126
1.4522126,1.0022125,1.4222125,2.7722125,3.2022126,5.6322126,7.2122126,8.202212,9.322212,7.0522127,4.7622128,1.1722125,-1.3977875,-1.7477875,1.0122125,-2.5777874,-2.2977874,-3.7977874,-2.9077876,-3.6777875,-3.5377874,-2.5777874,-3.1577876,-3.1777875,-2.3277874,-3.2577875,-2.6377876,-3.0977874,-3.7877874,-3.3777876,-3.6677876,-4.3277874,-3.9377875,-4.2977877,-3.7877874,-0.2677875,1.0122125,0.28221253,4.7122126,5.8022127,4.2122126
0.5922125,-0.43778747,0.13221252,0.47221252,2.6122124,5.0022125,6.6222124,8.532212,9.822212,8.702212,2.8922126,-0.037787475,-4.5177875,0.41221252,0.41221252,-1.5177875,-2.3077874,-2.5177875,-1.2377875,-1.4777875,-1.6477875,0.14221253,-0.38778746,-0.27778748,-0.107787475,-0.24778748,0.61221254,0.30221254,-0.7877875,-0.47778746,-1.6977875,-1.5177875,-2.3777876,-2.2977874,-1.5777875,0.79221255,-2.4277875,-1.0677875,-1.8377875,1.0222125,-1.3677875
0.97221255,-0.5577875,-0.09778748,0.5622125,2.3022125,5.0722127,4.4222126,7.4122124,9.662212,7.6522126,4.5622125,1.2922125,-3.3777876,2.6822126,-1.3777875,-0.31778747,-0.6277875,-1.0077875,-0.38778746,-1.0177875,0.072212525,1.2822125,-0.49778748,0.66221255,0.4222125,0.22221252,1.3222126,1.9622126,1.6022125,1.2222126,1.0522125,0.31221253,-1.4777875,-0.30778748,-0.6577875,0.6522125,1.6522125,0.032212526,-1.1477875,0.0022125244,0.9422125
1.1122125,0.32221252,0.29221252,0.5922125,2.6422126,3.7922125,4.6922126,7.3222127,8.222213,6.1622124,5.3322124,2.0322125,-1.1877875,0.8422125,2.0622125,-0.43778747,-0.82778746,-0.067787476,-0.24778748,-0.077787474,0.54221255,1.1422125,0.14221253,0.2622125,0.6422125,1.2722125,2.0822124,2.4122126,2.6722126,2.5522125,0.46221253,-0.017787475,0.12221252,0.052212525,0.102212526,0.85221255,-0.0077874754,0.5722125,0.21221252,-1.1477875,1.0722126
0.6922125,-0.08778748,0.31221253,0.54221255,1.1922126,2.9622126,2.5422125,3.6422126,2.1322126,2.9322126,2.7022126,-0.7377875,-1.5377874,-1.1877875,-2.9077876,1.7622125,0.30221254,0.5922125,0.19221252,0.15221253,1.3122125,1.4322125,0.5822125,1.1422125,1.5122125,2.9522126,2.4022126,3.1622126,2.3022125,2.0822124,1.5422125,1.3722125,1.8722125,1.7122126,0.08221252,0.17221253,-0.95778745,-2.1077874,-1.3977875,-0.9877875,-0.6177875
0.5222125,0.17221253,-0.7477875,-0.15778747,-0.8777875,0.7722125,2.0622125,0.7722125,-4.8377876,1.4222125,-1.7577875,-1.1877875,-1.0677875,-1.0077875,0.022212524,1.4122125,1.2322125,0.72221255,0.68221253,0.8922125,1.9622126,1.7522125,1.7522125,2.0022125,2.5022125,1.7922125,2.1622126,1.9222125,2.5722125,2.3322124,2.2122126,2.9322126,2.6822126,2.2522125,2.2022126,1.1822125,0.7522125,0.74221253,-0.4877875,-1.3577875,-1.1677874
2.0322125,2.2822125,1.2522125,0.28221253,-0.46778747,-1.6677874,-0.14778748,-0.9777875,-0.7177875,-3.0977874,-2.0477874,-4.5577874,-2.4577875,-3.9477875,-0.50778747,2.5022125,1.1622125,0.79221255,-0.18778747,1.2722125,2.6822126,2.9822125,2.6822126,2.2622125,1.4022125,0.85221255,0.5022125,-0.0077874754,3.1622126,3.7222126,3.4622126,2.4322126,2.2422125,2.2322125,2.6022124,0.9022125,0.14221253,-0.45778748,-0.82778746,0.32221252,-2.4377875
2.7722125,3.5722125,2.1522126,1.2422125,1.5622125,-0.107787475,-2.3377874,-2.2977874,-2.2977874,-1.6577874,-2.9877875,-4.5577874,-2.9677875,-3.1277876,-5.4877872,-4.9577875,-5.6777873,-5.7677875,-1.8177875,0.6222125,0.93221253,0.23221253,0.6922125,1.2422125,1.4922125,1.2422125,1.0622125,1.5522125,2.0622125,4.3422127,4.0922127,2.8022125,2.4322126,2.4922125,2.0022125,1.5922126,0.37221253,0.99221253,0.5022125,-1.4277874,-0.24778748
