wind_kz.json
{"header": {"discipline":0,"disciplineName":"Meteorological products","gribEdition":2,"gribLength":871,"center":7,"centerName":"US National Weather Service - NCEP(WMC)","subcenter":0,"refTime":"2023-09-09T18:00:00.000Z","significanceOfRT":1,"significanceOfRTName":"Start of forecast","productStatus":0,"productStatusName":"Operational products","productType":1,"productTypeName":"Forecast products","productDefinitionTemplate":0,"productDefinitionTemplateName":"Analysis/forecast at horizontal level/layer at a point in time","parameterCategory":0,"parameterCategoryName":"UnknownDiscipline_0_Category_0","parameterNumber":0,"parameterNumberName":"UnknownParameter_D0_C0_0","parameterUnit":"Unknown","genProcessType":2,"genProcessTypeName":"Forecast","forecastTime":240,"surface1Type":1,"surface1TypeName":"Ground or water surface","surface1Value":0.0,"surface2Type":255,"surface2TypeName":"Missing","surface2Value":0.0,"gridDefinitionTemplate":0,"gridDefinitionTemplateName":"Latitude_Longitude","numberPoints":615,"shape":6,"shapeName":"Earth spherical with radius of 6,371,229.0 m","gridUnits":"degrees","resolution":48,"winds":"true","scanMode":64,"nx":41,"ny":15,"basicAngle":0,"lo1":47.0,"la1":41.0,"lo2":87.0,"la2":55.0,"dx":1.0,"dy":1.0}, "data":
[rows 0 to 14 of 15, columns 0 to 40 of 41]
293.0982,285.89822,290.29822,296.89822,296.89822,295.79822,295.99823,296.49823,294.39822,294.29822,293.29822,294.5982,293.89822,293.99823,293.0982,291.0982,291.29822,291.5982,291.79822,291.6982,293.6982,289.99823,289.0982,285.79822,290.0982,292.79822,288.5982,276.5982,276.89822,274.0982,273.5982,276.5982,284.6982,289.89822,289.79822,290.29822,291.79822,292.5982,292.99823,292.1982,290.49823
273.5982,289.99823,296.39822,296.5982,296.29822,294.5982,294.5982,292.79822,291.89822,292.1982,292.99823,291.79822,291.49823,290.39822,291.49823,291.79822,290.6982,291.29822,289.79822,290.29822,289.89822,290.89822,288.39822,281.1982,273.39822,273.89822,281.1982,272.5982,274.39822,268.1982,275.0982,259.5982,276.89822,253.39822,270.5982,289.49823,287.39822,289.1982,294.49823,285.1982,284.0982
290.0982,295.99823,296.79822,296.39822,294.0982,293.5982,292.29822,291.6982,290.5982,290.99823,290.79822,291.29822,289.0982,289.6982,291.89822,290.29822,288.99823,287.1982,287.1982,288.29822,289.99823,289.39822,291.0982,285.29822,285.99823,286.1982,286.5982,286.0982,285.29822,277.1982,262.49823,267.1982,274.29822,273.99823,275.6982,275.89822,267.49823,273.0982,275.39822,272.79822,273.39822
291.99823,295.29822,296.29822,295.29822,293.49823,292.79822,293.6982,291.89822,292.1982,291.79822,290.5982,289.49823,292.6982,291.99823,290.29822,290.39822,290.5982,289.99823,289.39822,287.5982,287.99823,283.89822,288.89822,290.49823,289.99823,290.89822,290.1982,288.49823,287.1982,286.99823,288.79822,284.29822,285.79822,283.5982,282.99823,278.89822,272.49823,268.79822,276.79822,285.49823,287.89822
292.0982,293.1982,294.39822,292.79822,291.99823,291.39822,293.99823,292.79822,292.5982,292.6982,292.0982,290.39822,291.5982,290.29822,288.89822,291.39822,291.1982,290.1982,287.1982,290.89822,291.0982,290.5982,288.49823,288.6982,288.39822,288.1982,288.39822,288.79822,288.39822,288.5982,290.49823,285.6982,273.99823,265.79822,277.1982,284.0982,288.5982,288.1982,291.29822,289.99823,291.29822
291.39822,292.0982,292.1982,291.49823,292.0982,290.99823,292.6982,294.0982,292.1982,292.49823,293.0982,292.29822,291.49823,291.79822,291.29822,290.49823,292.99823,291.0982,291.39822,290.99823,289.99823,289.1982,288.1982,286.89822,285.39822,286.0982,286.89822,289.6982,289.79822,290.1982,288.79822,288.89822,285.99823,284.29822,281.99823,286.29822,276.49823,279.49823,287.6982,290.49823,290.39822
292.6982,290.1982,293.99823,292.99823,291.49823,290.49823,293.49823,293.1982,293.79822,293.99823,292.1982,291.89822,292.49823,291.6982,291.49823,293.89822,292.5982,291.5982,290.1982,288.29822,287.29822,287.99823,288.0982,289.1982,287.6982,286.79822,284.6982,286.99823,286.0982,286.5982,286.99823,284.49823,286.39822,284.99823,283.99823,281.99823,276.89822,278.0982,276.6982,275.79822,286.99823
292.5982,288.49823,286.89822,291.5982,294.6982,293.6982,293.39822,292.39822,291.29822,290.89822,293.29822,290.99823,290.29822,292.1982,293.1982,294.1982,293.0982,292.6982,289.39822,285.6982,285.99823,286.1982,286.39822,285.79822,284.89822,282.49823,284.0982,286.79822,282.89822,285.49823,284.89822,286.1982,283.89822,283.1982,281.1982,282.39822,286.5982,288.5982,285.0982,287.1982,282.39822
288.99823,289.5982,287.79822,290.1982,291.49823,291.99823,291.39822,291.6982,290.79822,290.0982,289.99823,289.39822,290.1982,289.89822,288.99823,290.99823,290.1982,289.6982,288.29822,286.6982,283.6982,283.6982,284.6982,284.1982,280.79822,280.89822,279.29822,280.1982,281.99823,282.1982,284.49823,284.5982,287.29822,286.89822,284.5982,281.5982,280.5982,281.89822,270.49823,270.6982,269.79822
288.29822,290.6982,289.79822,290.79822,291.39822,290.89822,289.79822,293.6982,290.5982,289.1982,287.79822,287.5982,288.79822,290.39822,287.6982,288.5982,288.89822,288.49823,287.1982,286.1982,284.5982,284.29822,284.49823,283.6982,282.79822,279.6982,280.39822,280.5982,283.79822,281.79822,283.0982,286.39822,289.29822,288.1982,285.79822,283.29822,280.49823,276.89822,272.39822,273.1982,269.6982
293.29822,289.39822,292.6982,291.89822,289.29822,291.79822,289.6982,291.79822,291.49823,288.29822,287.6982,287.0982,288.99823,289.0982,288.29822,286.5982,286.5982,288.5982,285.99823,284.5982,284.29822,283.89822,282.1982,282.49823,281.89822,281.29822,279.5982,281.6982,282.1982,286.29822,285.29822,288.39822,287.79822,287.79822,287.1982,283.39822,278.49823,275.6982,275.99823,276.49823,273.6982
288.89822,291.39822,289.89822,288.49823,291.29822,290.1982,286.99823,286.0982,287.5982,289.5982,285.29822,284.6982,285.49823,284.89822,286.89822,287.79822,288.39822,287.5982,284.6982,283.99823,282.39822,281.39822,280.5982,280.39822,280.6982,282.6982,285.1982,284.1982,283.79822,285.49823,286.89822,287.0982,287.49823,286.6982,286.99823,284.39822,284.0982,282.49823,281.49823,280.5982,278.89822
289.5982,289.49823,290.5982,288.5982,289.49823,288.29822,288.5982,288.89822,286.5982,287.99823,283.99823,283.0982,283.89822,283.29822,283.89822,284.6982,286.1982,284.99823,284.6982,283.1982,282.1982,280.5982,279.6982,279.0982,281.0982,284.1982,285.99823,283.39822,283.99823,282.49823,286.6982,285.6982,287.0982,286.39822,287.49823,283.49823,283.1982,285.5982,281.89822,280.29822,280.0982
284.49823,283.0982,285.49823,284.29822,284.29822,284.29822,284.79822,283.49823,282.39822,282.79822,283.6982,281.89822,282.79822,282.6982,283.0982,283.5982,284.49823,284.29822,284.49823,283.99823,283.89822,283.39822,282.99823,281.49823,282.1982,284.49823,283.5982,282.89822,282.1982,284.99823,286.0982,284.49823,285.1982,284.6982,284.99823,282.1982,281.49823,283.79822,284.49823,283.1982,279.89822
280.39822,282.0982,287.49823,280.99823,280.89822,279.1982,279.6982,279.1982,279.99823,279.1982,281.0982,280.1982,279.49823,281.6982,281.99823,282.49823,282.49823,282.39822,283.5982,283.5982,284.0982,283.6982,283.39822,281.29822,280.6982,281.5982,285.1982,284.39822,281.99823,281.99823,282.6982,283.39822,284.0982,285.0982,283.79822,282.79822,282.29822,283.99823,280.0982,280.0982,279.89822
