wind.json
{"header": {"discipline":0,"disciplineName":"Meteorological products","gribEdition":2,"gribLength":1211,"center":7,"centerName":"US National Weather Service - NCEP(WMC)","subcenter":0,"refTime":"2023-06-30T06:00:00.000Z","significanceOfRT":1,"significanceOfRTName":"Start of forecast","productStatus":0,"productStatusName":"Operational products","productType":1,"productTypeName":"Forecast products","productDefinitionTemplate":0,"productDefinitionTemplateName":"Analysis/forecast at horizontal level/layer at a point in time","parameterCategory":2,"parameterCategoryName":"UnknownDiscipline_0_Category_2","parameterNumber":2,"parameterNumberName":"UnknownParameter_D0_C2_2","parameterUnit":"Unknown","genProcessType":2,"genProcessTypeName":"Forecast","forecastTime":240,"surface1Type":103,"surface1TypeName":"Specified height level above ground","surface1Value":10.0,"surface2Type":255,"surface2TypeName":"Missing","surface2Value":0.0,"gridDefinitionTemplate":0,"gridDefinitionTemplateName":"Latitude_Longitude","numberPoints":688,"shape":6,"shapeName":"Earth spherical with radius of 6,371,229.0 m","gridUnits":"degrees","resolution":48,"winds":"true","scanMode":64,"nx":43,"ny":16,"basicAngle":0,"lo1":45.0,"la1":40.0,"lo2":87.0,"la2":55.0,"dx":1.0,"dy":1.0}, "data":
[rows 0 to 15 of 16, columns 0 to 42 of 43]
1.6091369,-2.1708632,-2.460863,-2.010863,0.44913697,0.51913697,-3.640863,-2.490863,-4.710863,-7.600863,-4.740863,-6.390863,-4.170863,-4.130863,-4.730863,-4.8008633,-3.780863,-2.910863,-5.220863,-5.730863,-4.580863,-0.930863,-2.040863,-0.35086304,-2.240863,0.46913695,1.079137,0.39913696,0.96913695,-0.630863,-1.160863,0.029136963,0.31913698,-0.61086303,-0.17086303,2.679137,0.71913695,-1.220863,-6.460863,-8.120863,-7.370863,-7.540863,-7.120863
-0.750863,4.369137,0.66913694,0.749137,-2.990863,3.0791368,-1.440863,-3.750863,-6.010863,-5.700863,-6.210863,-3.510863,-4.270863,-4.290863,-4.030863,-4.680863,-4.750863,-6.610863,-5.8008633,-6.810863,-4.890863,-2.600863,0.879137,1.159137,3.109137,3.509137,-0.570863,1.429137,3.739137,0.28913698,-0.550863,0.38913697,0.559137,-2.040863,-0.990863,-0.51086307,0.14913696,-1.780863,-3.820863,-4.520863,-4.810863,-1.020863,1.219137
2.119137,0.629137,0.10913696,-1.680863,2.969137,-2.140863,-3.020863,-2.770863,-3.9208632,-4.600863,-3.800863,-3.380863,-2.070863,-4.160863,-4.170863,-3.080863,-2.760863,-3.6708632,-5.180863,-5.020863,-5.010863,-4.5708632,-3.730863,-1.4908631,2.709137,2.929137,0.689137,-0.32086304,1.349137,0.13913697,2.589137,2.009137,-0.26086304,0.14913696,-1.780863,-0.020863038,0.64913696,-0.51086307,0.60913694,3.629137,4.119137,-0.30086303,-0.49086303
2.169137,1.929137,4.129137,5.219137,5.559137,0.09913696,-4.480863,-4.280863,-4.160863,-3.400863,-2.160863,-2.100863,-2.820863,-3.580863,-3.6708632,-2.900863,-2.1808631,-1.780863,-1.960863,-2.480863,-2.970863,-4.690863,-7.870863,-11.040863,-8.860863,-9.380863,-5.700863,-6.010863,-3.110863,-0.37086305,3.259137,-1.0008631,1.1391369,-2.530863,0.91913694,-8.6303713E-4,-1.660863,1.339137,0.64913696,0.699137,3.419137,4.809137,1.289137
4.519137,6.739137,8.309137,7.539137,6.709137,-0.24086304,-0.52086306,-3.130863,-2.9308631,-3.020863,-3.810863,-3.490863,-4.150863,-5.210863,-0.41086304,-0.750863,-3.880863,-6.090863,-4.620863,-4.600863,-7.000863,-8.300863,-8.200863,-11.920863,-8.450863,-8.780863,-8.350863,-7.010863,-6.140863,-7.330863,-6.620863,-3.740863,-0.32086304,1.799137,1.8591369,3.759137,3.379137,2.849137,1.819137,0.78913695,-0.880863,1.589137,1.909137
4.469137,4.459137,2.729137,1.9991369,2.619137,-0.060863037,-0.95086306,-4.860863,-3.7008631,-4.990863,-4.390863,-4.410863,-5.160863,-5.680863,-3.140863,-2.500863,-3.850863,-6.080863,-5.940863,-5.860863,-7.420863,-7.220863,-8.700863,-8.010863,-7.440863,-7.230863,-7.3208632,-7.490863,-7.010863,-4.640863,-4.810863,-4.590863,-4.230863,-3.850863,-0.27086303,1.159137,-2.380863,-1.530863,8.429137,0.09913696,1.049137,3.8191369,3.709137
5.039137,3.239137,-4.5508633,3.869137,2.949137,-1.2608631,-2.9508631,-3.710863,-4.230863,-5.340863,-2.990863,-3.020863,-3.400863,-4.930863,-4.890863,-4.140863,-0.73086303,-4.120863,-5.990863,-4.790863,-4.090863,-3.4408631,-4.270863,-4.890863,-5.250863,-4.630863,-4.750863,-5.220863,-6.530863,-3.590863,-5.110863,-5.000863,-5.3208632,-4.270863,-1.3808631,0.84913695,3.229137,2.219137,4.789137,5.569137,5.799137,4.329137,-0.750863
6.189137,3.789137,-0.46086302,-0.120863035,1.399137,-0.010863037,-1.030863,-1.6308631,-0.66086304,-2.060863,-0.35086304,0.009136963,0.31913698,-0.570863,-2.730863,-4.280863,-3.890863,-1.420863,-2.610863,-3.470863,-3.550863,-4.710863,-5.710863,-6.170863,-5.660863,-4.780863,-4.340863,-4.040863,-4.690863,-4.130863,-4.090863,-3.6908631,-3.4308631,-4.120863,-3.490863,-1.020863,-0.54086304,3.729137,1.809137,-1.1308631,4.969137,-1.2508631,3.409137
3.889137,2.779137,3.189137,1.899137,-0.25086305,-1.2508631,-0.27086303,0.45913696,0.46913695,1.3691369,1.419137,2.609137,3.029137,3.959137,3.459137,-0.39086303,-1.910863,-3.060863,-1.8608631,-2.570863,-2.960863,-3.910863,-3.300863,-3.660863,-4.030863,-3.9508631,-3.610863,-3.760863,-3.310863,-3.6808631,-3.850863,-3.220863,-4.170863,-3.800863,-3.470863,-3.100863,-2.340863,-0.52086306,2.849137,6.579137,9.399137,9.149137,8.399137
1.979137,-0.05086304,4.169137,3.249137,0.83913696,-2.2008631,-0.67086303,0.85913694,1.659137,2.229137,1.6391369,3.119137,2.029137,-0.820863,-0.48086303,0.64913696,0.749137,-0.07086304,-1.950863,-1.020863,-1.340863,-1.310863,-1.450863,0.03913696,-0.66086304,-1.700863,-2.510863,-1.920863,-2.370863,-2.460863,-1.6208631,-2.260863,-2.290863,-1.470863,-0.32086304,0.43913695,0.98913693,2.259137,1.7691369,1.2491369,0.39913696,0.689137,2.869137
-6.150863,-0.46086302,-1.6208631,0.31913698,1.529137,2.949137,-8.6303713E-4,0.20913696,2.369137,3.269137,2.169137,2.699137,3.019137,3.729137,0.12913696,0.929137,1.439137,2.0791368,2.219137,1.8591369,2.009137,2.729137,3.109137,1.559137,1.309137,0.689137,0.43913695,0.42913696,0.17913696,-0.060863037,0.09913696,-0.07086304,-0.44086304,-0.23086303,0.24913697,1.319137,2.179137,1.719137,1.979137,1.829137,0.949137,0.679137,1.549137
-7.720863,-5.950863,-7.390863,-6.340863,-3.210863,-2.610863,1.6091369,1.549137,0.11913696,0.36913696,2.3091369,3.179137,2.279137,1.449137,1.419137,3.739137,4.189137,3.619137,2.999137,3.489137,4.409137,4.119137,3.669137,4.419137,4.689137,3.8091369,3.839137,3.169137,3.159137,2.189137,1.949137,0.47913697,-1.180863,0.65913695,0.14913696,-0.680863,0.06913696,1.099137,0.759137,0.89913696,0.46913695,-0.990863,1.179137
-5.170863,-4.350863,-5.710863,-5.560863,-5.330863,-5.120863,-5.700863,-4.020863,-1.430863,0.53913695,0.869137,3.989137,3.919137,4.499137,2.979137,3.8291368,4.579137,5.169137,5.549137,5.789137,5.159137,5.909137,5.469137,4.789137,4.189137,4.919137,5.089137,3.919137,4.479137,3.369137,2.659137,-0.11086304,0.15913697,0.88913697,-0.41086304,0.019136963,-1.2608631,-0.85086304,0.83913696,1.819137,2.419137,2.969137,2.0691369
-4.400863,-5.290863,-4.3208632,-2.870863,-4.450863,-3.340863,-3.370863,-2.4308631,-1.1208631,-2.020863,-2.4408631,4.359137,3.539137,4.059137,3.619137,6.069137,5.669137,5.259137,4.759137,4.009137,3.619137,5.479137,4.889137,4.169137,4.219137,3.609137,3.899137,4.6791368,4.629137,2.5691369,2.8091369,-0.36086303,-0.040863037,1.1291369,0.759137,2.649137,0.19913696,0.559137,1.1191369,1.919137,1.399137,2.539137,3.109137
-2.580863,-2.210863,-1.560863,-0.550863,1.289137,0.34913695,-2.650863,0.31913698,0.48913696,2.429137,0.27913696,2.8191369,2.139137,2.369137,5.989137,4.6791368,4.609137,3.0491369,3.669137,3.289137,2.449137,3.3191369,2.459137,2.619137,3.8091369,3.479137,3.8191369,3.839137,2.999137,2.029137,1.969137,1.699137,2.349137,2.959137,3.279137,2.379137,2.529137,3.279137,2.669137,2.0491369,3.169137,1.1391369,1.8891369
-0.71086305,-0.84086305,-0.38086304,0.37913695,0.019136963,0.28913698,1.559137,2.959137,2.5491369,4.489137,1.529137,4.219137,1.189137,2.179137,4.009137,3.789137,3.669137,3.739137,2.449137,2.409137,2.429137,3.389137,4.319137,4.239137,3.649137,3.349137,3.539137,4.159137,3.679137,2.959137,3.149137,2.869137,1.5091369,2.669137,4.989137,4.379137,3.899137,4.009137,1.979137,3.389137,3.179137,3.659137,3.919137
