wind_kz.json
{"header": {"discipline":0,"disciplineName":"Meteorological products","gribEdition":2,"gribLength":1025,"center":7,"centerName":"US National Weather Service - NCEP(WMC)","subcenter":0,"refTime":"2023-10-01T06:00:00.000Z","significanceOfRT":1,"significanceOfRTName":"Start of forecast","productStatus":0,"productStatusName":"Operational products","productType":1,"productTypeName":"Forecast products","productDefinitionTemplate":0,"productDefinitionTemplateName":"Analysis/forecast at horizontal level/layer at a point in time","parameterCategory":2,"parameterCategoryName":"UnknownDiscipline_0_Category_2","parameterNumber":3,"parameterNumberName":"UnknownParameter_D0_C2_3","parameterUnit":"Unknown","genProcessType":2,"genProcessTypeName":"Forecast","forecastTime":120,"surface1Type":103,"surface1TypeName":"Specified height level above ground","surface1Value":10.0,"surface2Type":255,"surface2TypeName":"Missing","surface2Value":0.0,"gridDefinitionTemplate":0,"gridDefinitionTemplateName":"Latitude_Longitude","numberPoints":615,"shape":6,"shapeName":"Earth spherical with radius of 6,371,229.0 m","gridUnits":"degrees","resolution":48,"winds":"true","scanMode":64,"nx":41,"ny":15,"basicAngle":0,"lo1":47.0,"la1":41.0,"lo2":87.0,"la2":55.0,"dx":1.0,"dy":1.0}, "data":
[rows 0 to 14 of 15, columns 0 to 40 of 41]
1.655603,1.865603,-0.24439697,3.925603,2.235603,-0.12439697,-2.664397,-2.914397,1.295603,3.045603,2.825603,1.235603,-0.34439698,-1.7543969,-3.144397,-3.464397,-3.604397,-0.59439695,-0.46439698,0.755603,2.625603,-0.89439696,-3.724397,3.285603,2.555603,2.025603,1.695603,0.29560304,1.565603,5.195603,2.495603,2.105603,-0.78439695,-1.264397,-0.52439696,-0.884397,-1.294397,-0.77439696,0.97560304,2.855603,2.725603
0.42560303,0.33560303,4.055603,2.645603,0.23560303,-0.23439698,-1.394397,-0.83439696,-0.36439696,0.635603,3.095603,3.285603,1.445603,-1.034397,-2.664397,-2.354397,-3.074397,-1.154397,-0.43439698,1.855603,2.865603,1.0156031,-1.6143969,-0.64439696,3.015603,2.765603,2.425603,2.135603,1.835603,2.375603,-0.64439696,3.645603,1.345603,2.245603,2.345603,3.245603,1.195603,1.295603,1.555603,2.235603,-0.034396973
1.075603,1.845603,5.075603,2.7056031,1.175603,-0.46439698,-0.29439697,-1.284397,-0.20439698,-1.844397,1.835603,2.035603,2.065603,1.865603,0.41560304,-1.524397,-2.034397,-2.104397,-3.674397,-2.134397,1.735603,4.095603,2.735603,2.375603,-2.204397,-2.0543969,-1.584397,-1.2343969,0.29560304,-1.144397,-0.304397,2.495603,0.945603,1.935603,0.025603028,-1.714397,1.1456031,3.015603,-0.874397,3.585603,1.6456031
-1.454397,-0.874397,4.155603,3.465603,2.015603,0.515603,0.73560303,-0.31439698,-0.41439697,-1.204397,-2.5643969,-1.134397,-0.994397,3.155603,1.935603,1.1356031,-0.16439697,-1.654397,-4.144397,-3.324397,-2.014397,5.235603,4.695603,1.325603,-1.684397,1.355603,0.35560304,1.225603,1.925603,-0.70439696,-0.114396974,0.745603,0.585603,-0.26439697,0.91560304,2.425603,3.115603,2.265603,-3.344397,-2.344397,-1.334397
-1.7443969,-1.274397,1.115603,2.7056031,1.915603,1.915603,1.915603,1.105603,0.38560304,-0.20439698,-0.33439696,-1.294397,-1.8543969,-0.53439695,3.625603,1.855603,0.46560302,-1.264397,-3.3143969,-4.234397,-0.504397,-0.044396974,-0.604397,3.395603,5.555603,-1.224397,0.28560302,-3.574397,-0.43439698,-1.954397,-2.894397,-2.024397,-1.564397,-0.694397,0.52560306,0.91560304,3.675603,-1.0043969,-1.3543969,-1.4843969,-1.634397
-1.834397,-2.264397,-2.154397,-1.904397,-1.084397,1.0056031,1.525603,2.245603,2.905603,1.3756031,0.21560302,0.25560302,-0.664397,0.065603025,1.815603,0.835603,0.445603,0.035603028,-3.274397,-3.484397,-2.224397,0.25560302,-2.334397,1.355603,4.195603,3.815603,1.5056031,-1.224397,-1.044397,-1.024397,-2.114397,-2.724397,-1.794397,-2.094397,-2.144397,10.365603,-2.0643969,6.685603,0.43560302,-0.114396974,-0.624397
-1.884397,-2.974397,-3.684397,-3.944397,-3.874397,-3.214397,-1.534397,0.72560304,2.285603,2.6856031,1.295603,0.20560303,0.59560305,1.795603,-0.014396973,-0.804397,0.41560304,0.43560302,-1.184397,-4.004397,-2.3043969,-1.7543969,-3.634397,2.805603,5.645603,4.555603,3.535603,1.235603,-0.054396972,-0.41439697,-0.59439695,-0.57439697,-1.5043969,2.805603,4.415603,2.895603,3.375603,2.315603,2.6956031,3.255603,2.495603
-1.3543969,-1.324397,-2.184397,-3.0643969,-3.184397,-3.5443969,-4.204397,-2.864397,0.585603,2.005603,1.865603,0.445603,-0.044396974,1.975603,-1.394397,0.565603,1.735603,1.0056031,0.475603,-2.5443969,-2.114397,-2.624397,-1.414397,3.375603,6.125603,5.835603,6.265603,4.725603,2.345603,-0.274397,-0.274397,0.41560304,3.025603,0.41560304,1.545603,0.39560303,-0.53439695,1.225603,-0.634397,1.2656031,2.385603
-0.82439697,-1.9843969,-2.964397,-3.784397,-3.594397,-3.514397,-3.234397,-3.154397,-2.624397,-0.39439696,2.265603,3.005603,1.955603,1.035603,-0.97439694,1.8756031,2.635603,1.405603,1.2456031,-0.17439698,-1.274397,-2.274397,-3.974397,1.925603,2.515603,3.215603,5.845603,4.375603,3.125603,2.415603,1.365603,0.755603,0.91560304,2.235603,3.9556031,4.645603,1.845603,-0.38439697,2.485603,1.925603,0.0056030275
-0.864397,-2.3143969,-3.264397,-3.7943969,-3.694397,-3.524397,-3.024397,-3.384397,-3.904397,-2.954397,1.405603,1.935603,3.795603,2.565603,0.105603024,2.055603,3.785603,2.525603,1.845603,0.84560305,-1.1243969,-2.194397,-0.95439696,3.6956031,4.305603,5.005603,4.535603,3.655603,3.005603,2.785603,2.495603,2.115603,2.115603,2.285603,1.6356031,1.425603,2.025603,1.8956031,0.43560302,0.17560303,1.7456031
-1.444397,-0.854397,-1.774397,-3.174397,-3.644397,-4.114397,-3.714397,-3.444397,-3.714397,-2.534397,-0.82439697,1.795603,3.305603,1.195603,0.065603025,2.015603,3.495603,5.265603,3.985603,0.875603,-0.934397,-2.404397,0.40560302,2.825603,4.405603,4.685603,4.535603,3.745603,2.785603,2.745603,4.185603,3.965603,3.385603,2.515603,2.155603,2.175603,1.7556031,0.84560305,2.045603,1.325603,1.215603
-0.564397,-0.13439697,-0.36439696,-1.564397,-2.624397,-2.874397,-3.484397,-3.514397,-3.464397,-4.204397,-2.214397,0.585603,2.255603,3.505603,2.865603,2.4556031,2.365603,4.135603,4.745603,1.5056031,1.275603,-0.34439698,1.655603,2.4556031,3.9556031,4.115603,3.545603,3.585603,3.875603,4.635603,5.015603,5.035603,2.985603,2.495603,1.5056031,-0.014396973,-0.17439698,-0.18439697,-0.734397,-0.22439697,-0.41439697
0.33560303,-0.32439697,-1.134397,-1.454397,-1.2343969,-1.714397,-3.084397,-2.764397,-1.904397,-2.374397,-1.784397,-2.434397,0.31560302,2.975603,4.305603,3.575603,0.805603,2.4356031,4.955603,4.185603,2.875603,2.675603,1.915603,3.575603,3.925603,3.175603,2.825603,3.215603,4.505603,4.735603,4.675603,5.0656033,4.015603,2.915603,2.655603,2.025603,0.995603,0.49560302,0.635603,0.35560304,-0.33439696
1.345603,0.745603,-0.604397,-1.2443969,-1.834397,-2.114397,-2.904397,-2.234397,-2.474397,-2.484397,-0.57439697,-0.41439697,-2.444397,-1.7443969,1.545603,3.485603,1.785603,1.905603,3.735603,5.325603,3.575603,3.6956031,3.1856031,3.125603,2.895603,3.725603,3.725603,4.225603,4.455603,4.745603,4.645603,4.685603,4.875603,4.695603,3.555603,3.4356031,2.255603,1.605603,1.695603,1.2556031,0.805603
1.795603,1.295603,0.28560302,-1.324397,-1.2543969,-1.174397,-1.964397,-2.244397,-2.284397,-2.494397,-1.1143969,-0.034396973,-0.504397,-1.164397,-2.614397,-2.204397,3.1956031,1.1456031,2.335603,4.605603,5.495603,3.305603,4.125603,4.365603,4.415603,4.845603,4.895603,4.715603,4.805603,5.015603,4.735603,4.835603,4.705603,4.545603,4.185603,3.865603,3.915603,3.245603,2.285603,2.875603,1.6256031
