wind_kz.json
{"header": {"discipline":0,"disciplineName":"Meteorological products","gribEdition":2,"gribLength":1025,"center":7,"centerName":"US National Weather Service - NCEP(WMC)","subcenter":0,"refTime":"2023-08-23T18:00:00.000Z","significanceOfRT":1,"significanceOfRTName":"Start of forecast","productStatus":0,"productStatusName":"Operational products","productType":1,"productTypeName":"Forecast products","productDefinitionTemplate":0,"productDefinitionTemplateName":"Analysis/forecast at horizontal level/layer at a point in time","parameterCategory":2,"parameterCategoryName":"UnknownDiscipline_0_Category_2","parameterNumber":3,"parameterNumberName":"UnknownParameter_D0_C2_3","parameterUnit":"Unknown","genProcessType":2,"genProcessTypeName":"Forecast","forecastTime":120,"surface1Type":103,"surface1TypeName":"Specified height level above ground","surface1Value":10.0,"surface2Type":255,"surface2TypeName":"Missing","surface2Value":0.0,"gridDefinitionTemplate":0,"gridDefinitionTemplateName":"Latitude_Longitude","numberPoints":615,"shape":6,"shapeName":"Earth spherical with radius of 6,371,229.0 m","gridUnits":"degrees","resolution":48,"winds":"true","scanMode":64,"nx":41,"ny":15,"basicAngle":0,"lo1":47.0,"la1":41.0,"lo2":87.0,"la2":55.0,"dx":1.0,"dy":1.0}, "data":
[rows 0 to 14 of 15, columns 0 to 40 of 41]
4.5658846,-2.1141157,1.7058845,9.405885,4.945884,-0.4241156,-2.1741157,3.1658845,1.7758844,1.2158844,1.8858844,1.5558844,1.0258844,0.5458844,-0.8441156,-0.6941156,-1.9841156,1.2858844,-1.1241156,-2.2141156,-3.3241155,-3.0441155,-2.9641156,-0.16411561,-2.6941156,-2.4441156,-2.3941157,1.1658844,1.0458844,1.5558844,-2.7441156,-2.7841156,0.9858844,-9.264115,-9.284116,2.4158845,2.6058843,-0.2141156,-0.9741156,-3.8641157,-1.6741157
3.1258843,-0.3841156,5.1758842,7.9058843,5.1458845,0.7558844,-1.9741156,-4.0841155,3.9558845,4.7858844,4.4558845,4.4358845,4.0258846,2.6058843,2.6958845,-1.8541156,-2.7241156,0.8358844,-2.4541156,-2.9041157,-3.2741156,-1.5541157,-1.8541156,1.7958844,0.9258844,0.8858844,-1.9441156,2.2458844,-0.6941156,2.1758845,1.9758844,2.1458845,-0.1541156,1.1258844,-2.5541155,-8.784116,-1.3541156,-7.1741157,-3.5841155,-2.7341156,-2.6041155
1.6058844,1.2858844,6.0458846,5.9358845,3.5558844,1.1658844,-0.6541156,-2.1541157,0.5258844,-1.0341156,2.1658845,5.215884,4.5958843,2.9158845,4.985884,3.8758843,0.1658844,-1.9641156,1.7458844,-0.9241156,0.6358844,2.0158844,0.0358844,1.0958844,2.1358843,0.6458844,1.3858844,-0.2041156,-0.6041156,2.7658844,4.2458844,1.3058844,1.1958843,-1.4341156,-1.9941156,0.4358844,-0.0341156,-4.4641156,-2.3541155,-0.6041156,-3.2541156
0.5958844,1.7658844,5.1258845,4.6258845,2.3858843,1.2858844,1.0258844,0.7658844,1.7558844,2.9158845,2.5158844,2.6358843,4.7758846,5.3958845,4.485884,5.005884,4.4358845,1.1558844,0.4258844,0.8458844,2.0858843,2.6158843,1.1558844,1.6858844,2.5958843,2.1858845,3.0658844,1.5758843,3.3758843,5.1158843,2.4258845,-0.3741156,-1.9441156,-0.2841156,1.5358844,0.2158844,2.9358845,4.0858846,-0.8741156,-0.8141156,-3.1841156
3.8358843,5.735884,6.0258846,6.8258843,5.735884,2.1058843,-0.2041156,-0.3141156,-1.3941156,0.6058844,3.0658844,2.2358844,5.4158845,8.965884,8.055884,5.8758845,5.0458846,3.4358845,2.5658844,2.7458844,2.9658844,1.1558844,3.3158844,2.2158844,2.6558845,1.4358844,-0.1741156,2.6858845,3.4958844,6.1258845,4.1858845,3.2058845,2.0158844,2.7858844,0.5258844,-1.9441156,-3.6841156,-2.1841156,1.9958844,-3.1541157,-6.0441155
6.0858846,4.235884,4.5358844,5.1858845,3.1758845,0.9058844,-1.3841156,-2.0741155,-1.8241156,-1.7441156,-1.4841156,-3.7141156,2.2758844,2.5458844,2.7358844,-0.4441156,3.1358843,5.0758843,3.6958845,3.6558845,3.5958843,3.2258844,3.6358843,2.6758845,3.2358844,2.9158845,2.1658845,2.2258844,3.8258843,7.3858843,7.505884,5.6058846,2.9058845,3.2458844,2.2158844,0.9258844,-0.4541156,-5.3441157,-8.294116,-3.6941156,3.4858844
-2.2141156,-0.7141156,-1.7241156,-3.6441157,-3.8041155,-3.0041156,-2.9341156,-2.1341157,-0.8441156,-1.2441156,2.0758843,1.7858844,3.3758843,3.2858844,3.2458844,2.7258844,3.8558843,-0.5341156,5.6458845,5.3158846,5.1058846,5.6558843,4.2958846,5.985884,4.0758843,3.8858843,3.3958845,1.2658844,1.0658844,8.635884,6.465884,3.9458845,5.0358844,3.1158843,-0.1441156,-0.3141156,-0.5441156,1.6658844,-1.8341156,-2.7541156,-9.494116
-1.1641155,-2.9641156,-3.7941155,-5.4541154,-6.6541157,-7.6841154,-6.7941155,-4.1141157,-3.3441155,-3.3741157,-2.9541156,-2.0141156,-3.8441155,-2.1341157,2.6958845,1.0958844,0.8858844,-3.2241156,6.5358844,3.6258843,5.9158845,8.095884,6.6858845,6.2658844,5.005884,4.4958844,3.9358845,3.2258844,2.0158844,1.2458844,6.7758846,7.2458844,4.0358844,4.6358843,3.9658844,1.4558845,0.4958844,-1.8541156,-1.2541156,1.6658844,-1.0741156
-4.0241156,-4.8441157,-5.1541157,-5.2241154,-4.9741154,-6.1541157,-6.3841157,-6.2741156,-7.5041156,-4.744116,-1.5541157,2.0258844,2.0158844,2.5058844,-0.7141156,-1.2641156,-0.2641156,2.2958844,2.6658845,-3.4441156,6.505884,3.4858844,9.265884,6.7658844,6.3558846,4.4958844,3.1158843,4.9358845,2.9558845,2.6958845,1.4358844,3.6058843,3.9458845,6.255884,4.1058846,1.4758844,-0.4441156,2.3558843,-1.1141156,-2.5541155,0.3158844
-4.1741157,-5.1341157,-6.3141155,-5.3941154,-3.8541155,-4.1441154,-4.1341157,-3.8941157,-4.4741154,-3.4641156,-2.8341155,-4.6041155,-2.6041155,-2.1841156,-1.4541156,-0.1541156,1.4458843,1.0158844,0.7958844,4.1858845,5.4158845,3.8058844,-0.5441156,7.4158845,6.3258843,4.8558846,5.195884,5.0458846,4.4158845,4.3158846,2.4958844,1.2958844,1.3758844,5.8258843,4.3858843,2.4658844,0.6458844,0.5258844,1.7358844,2.3258843,1.8858844
-3.2841156,-3.2441156,-2.9941156,-3.0641155,-3.0241156,-3.0641155,-3.0841155,-2.3741157,-2.8941157,-2.2141156,-2.8341155,-1.8141156,-2.5641155,-0.6441156,-1.4841156,-1.0041156,-0.3341156,1.2858844,2.2058845,3.1758845,3.0458844,5.3458843,7.5758843,-0.0341156,5.0258846,4.755884,3.3158844,6.0558844,4.2758846,3.8858843,2.9958844,0.3858844,0.4158844,4.0658846,7.2958846,3.3758843,1.7058845,1.3858844,-0.1741156,-0.6741156,-0.7241156
-2.4041157,-2.6341157,-3.2041156,-3.5741155,-3.8041155,-3.7941155,-2.5741155,-1.8441156,-1.5041156,-0.8541156,-1.1341156,-1.6741157,-1.7441156,-1.4341156,-1.4441156,-0.9841156,-0.7241156,1.2858844,1.7158844,3.5058844,4.6358843,5.3858843,8.155885,4.3058844,4.6458845,2.9558845,3.4258845,6.0258846,6.1458845,4.2058845,2.8958845,0.0258844,-0.9341156,3.6958845,4.5558844,3.4458845,2.7858844,1.0558844,0.1458844,-0.9041156,-1.2041156
-2.2141156,-2.5441155,-4.0241156,-3.1541157,-2.6141157,-3.9941156,-3.3241155,-3.1241157,-2.7541156,-0.8041156,-1.4641156,-1.7541156,-1.5041156,-1.2241156,-0.9041156,-3.1441157,1.2558844,2.1858845,4.5158844,3.1258843,3.4758844,5.255884,7.2658844,6.3958845,5.735884,0.8458844,0.7358844,5.0358844,3.4058845,2.8658843,2.6958845,1.0958844,-2.4541156,2.0258844,3.7358844,4.3658843,4.4158845,2.2258844,2.7858844,-0.7141156,-0.4241156
-2.5541155,-4.304116,-5.4641156,-4.1641154,-4.3141155,-3.9841156,-3.6241157,-3.5041156,-1.8541156,-2.8841157,-0.8641156,-1.0841156,-1.3341156,-0.8841156,-0.0841156,-1.3441156,-1.2541156,-0.8141156,4.0358844,4.3458843,5.445884,5.9558845,8.425884,7.695884,2.6558845,-1.0941156,2.1758845,2.3758843,2.1758845,2.0658844,1.9858844,1.7058845,0.8058844,0.7958844,3.2358844,4.1258845,2.8058844,3.2658844,1.6858844,-0.2741156,-1.0341156
-1.9741156,-3.1041155,-6.0841155,-3.7941155,-3.5241156,-3.2041156,-3.0941155,-3.2741156,-4.2741156,-3.6541157,-1.7541156,-0.4541156,-0.9441156,-1.7141156,-1.1941156,-0.0541156,1.0558844,0.3658844,2.9858844,4.1658845,6.0258846,3.3258843,4.7658844,5.7758846,4.6558843,4.1358843,2.6858845,2.0158844,2.4658844,1.4658844,1.1358844,1.7058845,2.2658844,3.5858843,3.6758845,3.2058845,0.9758844,4.2758846,2.4058845,2.3958845,-0.6841156
