wind_kz.json
{"header": {"discipline":0,"disciplineName":"Meteorological products","gribEdition":2,"gribLength":1025,"center":7,"centerName":"US National Weather Service - NCEP(WMC)","subcenter":0,"refTime":"2023-10-05T12:00:00.000Z","significanceOfRT":1,"significanceOfRTName":"Start of forecast","productStatus":0,"productStatusName":"Operational products","productType":1,"productTypeName":"Forecast products","productDefinitionTemplate":0,"productDefinitionTemplateName":"Analysis/forecast at horizontal level/layer at a point in time","parameterCategory":2,"parameterCategoryName":"UnknownDiscipline_0_Category_2","parameterNumber":2,"parameterNumberName":"UnknownParameter_D0_C2_2","parameterUnit":"Unknown","genProcessType":2,"genProcessTypeName":"Forecast","forecastTime":240,"surface1Type":103,"surface1TypeName":"Specified height level above ground","surface1Value":10.0,"surface2Type":255,"surface2TypeName":"Missing","surface2Value":0.0,"gridDefinitionTemplate":0,"gridDefinitionTemplateName":"Latitude_Longitude","numberPoints":615,"shape":6,"shapeName":"Earth spherical with radius of 6,371,229.0 m","gridUnits":"degrees","resolution":48,"winds":"true","scanMode":64,"nx":41,"ny":15,"basicAngle":0,"lo1":47.0,"la1":41.0,"lo2":87.0,"la2":55.0,"dx":1.0,"dy":1.0}, "data":
[rows 0 to 14 of 15, columns 0 to 40 of 41]
-0.6616284,1.6483716,-2.5716283,-1.6416284,-1.8816284,0.2583716,4.2683716,2.0383716,0.9383716,0.96837157,0.46837157,1.4383715,2.4883716,3.0483716,3.7283716,2.8783715,4.1883717,4.6083717,5.1983714,5.0183716,8.028372,2.2083716,3.2483716,3.4183717,1.0383716,2.7483716,2.5583715,2.3483715,-0.42162842,-0.53162843,1.2083716,1.1483716,-0.89162844,-0.9316284,-1.6416284,-1.4816284,-0.5516284,-1.3816284,-0.021628417,-0.6016284,-0.6916284
0.8883716,-2.9116285,-2.1216285,-2.3116283,-1.3516284,0.018371582,-0.011628418,-0.45162842,-0.021628417,1.1283716,1.6183716,0.8383716,2.6883717,1.7583716,2.7383716,3.1383715,3.5283716,5.3283715,5.8983717,4.3583717,4.9283714,2.3383715,1.6083716,1.8483716,1.5883716,-0.09162842,0.20837158,1.3483716,-0.18162842,0.8883716,0.26837158,0.3183716,-1.5016284,-2.6216285,0.17837158,0.18837158,0.8783716,1.4883716,0.9983716,1.0783715,3.7683716
-3.7716284,-2.7716284,-1.8816284,-0.71162844,0.84837157,1.5283716,0.29837158,-0.03162842,1.5183716,1.5683715,1.1183716,1.6883715,1.6583716,0.7383716,2.6683717,4.318372,4.2583714,5.1983714,2.9183717,4.0583715,2.2083716,3.0683715,0.39837158,5.7383714,4.2183714,1.6483716,-0.41162843,1.8583716,1.5183716,0.9283716,0.16837159,1.1883715,1.0383716,1.2283716,-0.6816284,-0.9716284,0.60837156,0.39837158,1.3783716,-0.5516284,1.1483716
-5.8516283,-1.9116284,-0.78162843,0.8683716,3.2983716,1.9283715,0.85837156,1.8183715,1.5083716,1.8183715,1.7583716,2.4183717,0.6383716,2.4983716,3.5783715,3.7683716,3.0283716,3.8983717,5.7383714,5.528372,2.2183716,1.4283715,1.7283716,2.4683716,1.9383715,2.6883717,0.7783716,2.9283717,3.0283716,-1.8916284,-1.7816284,-0.47162843,-2.0016284,0.7483716,1.1383716,0.5183716,-1.4816284,2.1783717,-0.65162843,-1.8816284,-1.9416285
-5.0016284,-3.7116284,-1.9616284,-0.17162842,2.0783715,3.6083715,2.7183716,3.3983717,2.0383716,2.7683716,2.7683716,2.8283715,1.1583716,3.1283715,4.4083714,2.6883717,2.4783716,2.1583717,2.3583715,4.0583715,3.1383715,2.2583716,4.4183717,3.6483717,4.0183716,2.2583716,0.9883716,-3.2416284,-3.0016284,-2.3516283,-0.6816284,0.6483716,0.33837157,1.5183716,-0.6316284,-1.0116284,-3.1216285,-2.8816285,-1.8216285,-2.3516283,-2.2616284
-2.9216285,-1.8416284,-3.3916285,-2.7216284,-0.31162843,0.85837156,3.1083715,3.9483716,3.1083715,4.3383718,3.4483716,2.9283717,2.6783717,3.5583715,3.2483716,3.0083716,1.8083715,1.6383716,2.4683716,3.8283715,4.9783716,2.9883716,3.1983716,3.6583717,2.7383716,-4.5916286,-4.2816286,-4.2716284,-3.0716283,-3.1216285,-3.3416283,-2.2416284,-3.8916285,-0.48162842,0.3183716,-5.8716283,-0.3316284,-3.3116283,-2.5016284,-2.1416285,-2.2116284
-2.5016284,-1.9816284,-1.1216284,-0.34162843,0.3583716,-0.12162842,0.7483716,1.9283715,3.3083715,3.9483716,3.6383715,4.5383716,4.068372,3.8283715,2.6783717,2.7283716,2.6183715,1.2683716,1.1983715,1.4083716,0.9383716,1.4883716,1.9383715,1.7083716,-1.2916284,-4.1916285,-2.7216284,-2.6216285,-1.4516284,0.06837158,-2.2416284,-3.1016283,-2.6716285,-2.5216284,-1.8016285,-1.1016284,0.08837158,0.09837158,-2.8516283,1.8283715,-1.6916285
-1.5116284,-0.35162842,-0.21162842,0.22837158,0.3783716,1.1483716,0.96837157,1.9283715,2.7183716,3.1283715,3.5683715,3.7083716,3.8583715,4.298372,2.8383715,3.7983716,2.9883716,3.2983716,1.2383716,1.2783716,0.30837157,-0.15162842,0.048371583,0.4183716,-0.78162843,-0.4916284,-0.6916284,-0.64162844,-1.6416284,-1.1416284,-1.3516284,-1.9916284,-0.5416284,0.2583716,-4.1716285,-3.9816284,-3.2116284,-6.2116284,-5.5416284,-5.5616283,-1.8616284
-0.3016284,0.16837159,0.6183716,0.78837156,1.0583715,1.6383716,1.9183716,1.5183716,1.0483716,1.7983716,2.6083715,3.6883717,4.2083716,3.0083716,3.7383716,2.8483715,3.9883716,3.7283716,2.6883717,1.6183716,2.1383715,1.6583716,-0.09162842,1.2583716,0.33837157,2.0083716,-0.2716284,0.7083716,0.4183716,0.008371582,0.5583716,0.6283716,-2.8216283,-1.6516284,-2.9616284,-4.0816283,-1.0316284,-0.17162842,-1.3716284,-0.5516284,-2.4516284
0.05837158,0.40837157,0.65837157,0.72837156,1.1983715,1.4983716,1.5683715,1.8783716,2.2983716,2.9283717,3.3983717,4.2383714,4.9283714,4.4183717,4.0983715,4.0083714,3.8583715,2.8083715,4.568372,3.3683715,2.8283715,3.0183716,1.9383715,2.3283715,2.0983715,1.3583716,1.5583715,2.0083716,1.3283715,0.7583716,-0.21162842,-2.1416285,-2.7316284,-2.2916284,-1.3216285,-1.5416284,-2.0316284,-0.4616284,-0.16162843,-0.03162842,-1.1816285
0.45837158,0.4783716,0.85837156,1.1283716,1.4683716,1.6383716,2.1983716,2.6783717,2.6983716,3.2583716,3.7283716,5.2183714,4.6083717,4.278372,4.4783716,4.2083716,1.4983716,1.5483716,1.9883716,4.6183715,4.818372,3.5683715,3.0983715,2.5083716,2.1283715,2.0783715,2.4583716,1.8383716,1.1483716,0.39837158,-1.2116284,-2.3416283,-1.8916284,-1.2816284,-1.7216284,-0.6316284,-1.1916285,0.49837157,-0.64162844,0.49837157,-1.2216284
0.8983716,0.03837158,1.5383716,1.9483715,1.8583716,2.4483716,2.5683715,2.6283715,3.7883716,3.3983717,3.4483716,4.9883714,4.3783717,4.2683716,4.1483717,4.1183715,2.1483717,3.4483716,3.2583716,5.1283717,5.1683717,5.6283717,3.2683716,3.2683716,2.5083716,3.0883715,2.6383715,2.6683717,1.4483715,0.3583716,-0.08162842,0.5083716,0.27837157,-0.32162842,-0.25162843,1.1583716,1.0683715,-0.6816284,-0.64162844,-0.31162843,-0.28162843
1.8683716,1.9283715,2.3683715,2.9883716,2.5483716,2.2183716,2.3383715,3.8783715,3.0783715,2.6883717,2.4683716,3.4783716,4.7183714,4.2283716,5.4483714,3.5583715,2.9183717,2.6583717,0.8783716,1.2183716,0.6983716,2.6483717,4.4183717,4.2183714,4.1283717,3.9083717,2.9083717,3.1683717,2.2983716,1.5383716,0.9983716,1.4083716,0.9383716,1.3383716,1.0583715,0.2883716,0.7683716,0.16837159,0.3883716,-0.061628416,-0.5716284
2.5683715,2.8483715,3.3783715,3.4383717,3.7283716,4.028372,3.7283716,3.5483716,3.0683715,3.5083716,2.7683716,4.0183716,4.4983716,5.028372,3.7583716,4.0983715,3.0183716,2.2783716,2.9683716,3.3083715,1.2283716,3.4183717,5.048372,5.0383716,5.9983716,3.9683716,3.1783717,3.1883717,2.8983717,1.9183716,2.1383715,1.5583715,1.2883716,1.3183715,1.2083716,1.3883716,-0.47162843,0.39837158,-0.21162842,0.22837158,-0.41162843
2.2983716,2.7583716,1.9883716,2.8383715,3.3383715,4.5183716,4.1183715,4.028372,3.9283717,4.2383714,3.7983716,4.8383718,4.0583715,3.1583717,5.1983714,4.5183716,3.9983716,2.9783716,4.3883715,4.1283717,4.028372,2.7883716,0.9383716,1.6783715,4.0883718,4.3983717,4.5883718,2.5083716,2.5583715,2.8883715,3.4283717,2.9283717,1.8483716,1.5683715,1.5683715,1.4983716,1.0383716,1.4483715,0.66837156,0.048371583,-0.9416284
