wind_kz.json
{"header": {"discipline":0,"disciplineName":"Meteorological products","gribEdition":2,"gribLength":948,"center":7,"centerName":"US National Weather Service - NCEP(WMC)","subcenter":0,"refTime":"2023-09-27T12:00:00.000Z","significanceOfRT":1,"significanceOfRTName":"Start of forecast","productStatus":0,"productStatusName":"Operational products","productType":1,"productTypeName":"Forecast products","productDefinitionTemplate":0,"productDefinitionTemplateName":"Analysis/forecast at horizontal level/layer at a point in time","parameterCategory":0,"parameterCategoryName":"UnknownDiscipline_0_Category_0","parameterNumber":0,"parameterNumberName":"UnknownParameter_D0_C0_0","parameterUnit":"Unknown","genProcessType":2,"genProcessTypeName":"Forecast","forecastTime":0,"surface1Type":1,"surface1TypeName":"Ground or water surface","surface1Value":0.0,"surface2Type":255,"surface2TypeName":"Missing","surface2Value":0.0,"gridDefinitionTemplate":0,"gridDefinitionTemplateName":"Latitude_Longitude","numberPoints":615,"shape":6,"shapeName":"Earth spherical with radius of 6,371,229.0 m","gridUnits":"degrees","resolution":48,"winds":"true","scanMode":64,"nx":41,"ny":15,"basicAngle":0,"lo1":47.0,"la1":41.0,"lo2":87.0,"la2":55.0,"dx":1.0,"dy":1.0}, "data":
[rows 0 to 14 of 15, columns 0 to 40 of 41]
304.3777,290.77768,297.9777,295.17767,294.8777,293.77768,304.3777,309.8777,306.27768,306.67767,304.3777,305.0777,304.3777,304.27768,304.0777,304.5777,304.67767,303.5777,304.67767,304.5777,305.27768,302.3777,302.4777,296.67767,298.77768,300.8777,295.3777,283.0777,281.5777,279.5777,279.4777,278.27768,288.8777,294.9777,295.77768,295.17767,295.4777,294.9777,294.5777,294.17767,292.27768
279.4777,296.9777,294.4777,294.8777,294.67767,293.27768,308.5777,306.27768,305.0777,304.27768,304.5777,303.5777,303.8777,302.5777,302.77768,303.3777,304.4777,303.67767,303.3777,303.67767,303.8777,302.4777,299.9777,290.3777,282.27768,282.67767,289.5777,281.77768,284.17767,279.0777,282.4777,269.67767,282.3777,255.27768,277.4777,291.5777,289.9777,291.0777,294.0777,286.67767,284.17767
299.8777,294.3777,294.4777,294.0777,292.5777,306.5777,304.77768,304.8777,303.9777,302.8777,302.17767,302.27768,301.5777,301.0777,302.5777,302.4777,302.0777,301.8777,302.27768,302.9777,304.0777,302.27768,301.9777,295.3777,297.4777,295.9777,296.17767,294.67767,293.5777,284.67767,273.0777,277.5777,282.17767,282.77768,283.3777,281.5777,273.67767,276.5777,277.17767,270.0777,268.27768
301.17767,293.4777,294.17767,293.67767,296.3777,304.5777,304.3777,303.9777,304.5777,304.27768,303.3777,300.77768,291.8777,291.17767,299.9777,302.8777,301.4777,301.9777,301.9777,301.3777,300.5777,298.17767,299.9777,299.77768,299.67767,299.5777,299.9777,296.77768,293.27768,294.4777,294.9777,291.0777,295.27768,291.8777,290.77768,285.77768,273.5777,262.0777,279.77768,285.3777,288.5777
302.4777,293.0777,293.9777,293.27768,297.0777,304.4777,305.5777,305.4777,303.3777,303.17767,303.17767,302.0777,291.77768,290.27768,288.5777,302.27768,302.67767,300.77768,300.77768,300.5777,301.0777,301.27768,300.0777,299.67767,299.67767,299.0777,297.0777,293.4777,297.3777,295.77768,297.0777,292.17767,280.4777,272.0777,282.5777,289.77768,291.3777,291.4777,291.77768,291.17767,289.3777
305.17767,303.3777,292.5777,293.3777,293.17767,293.3777,304.27768,305.5777,301.5777,302.67767,302.9777,302.9777,293.77768,293.4777,296.0777,300.27768,301.67767,301.77768,301.4777,301.67767,300.5777,299.9777,299.3777,299.4777,298.9777,297.27768,295.17767,289.77768,297.8777,296.9777,293.77768,294.4777,292.0777,289.0777,285.27768,288.27768,280.4777,282.9777,287.3777,287.9777,287.9777
306.17767,306.5777,306.27768,306.5777,301.77768,304.5777,305.17767,303.0777,303.67767,303.5777,302.67767,302.3777,300.5777,300.67767,300.27768,300.3777,301.0777,301.17767,300.4777,297.5777,298.17767,299.27768,297.0777,296.0777,293.0777,293.77768,293.0777,293.9777,294.17767,294.67767,294.5777,293.5777,291.9777,290.4777,287.9777,285.4777,279.3777,276.4777,273.9777,271.17767,282.77768
307.27768,306.4777,306.5777,305.67767,305.5777,304.17767,303.4777,302.4777,301.9777,301.67767,301.5777,301.0777,299.5777,299.0777,298.9777,298.5777,297.9777,298.77768,298.5777,295.8777,295.67767,294.9777,293.4777,292.9777,292.17767,289.17767,288.9777,289.4777,290.77768,291.4777,291.0777,291.3777,289.0777,285.67767,282.17767,284.3777,283.4777,286.8777,281.4777,280.17767,277.4777
306.27768,304.67767,302.4777,301.77768,300.17767,301.0777,300.9777,300.3777,300.3777,301.17767,300.27768,299.4777,298.0777,297.3777,295.9777,296.5777,296.27768,295.9777,294.3777,294.3777,292.5777,291.67767,293.4777,291.27768,286.5777,286.27768,287.4777,288.0777,287.4777,286.27768,287.3777,288.4777,288.27768,285.3777,283.5777,281.17767,279.67767,277.77768,262.67767,265.17767,260.8777
301.27768,296.5777,301.17767,300.17767,300.0777,299.17767,299.0777,298.77768,298.8777,299.67767,294.8777,297.5777,296.9777,295.4777,294.4777,294.17767,294.3777,294.67767,294.3777,293.77768,291.27768,290.77768,292.27768,291.77768,290.4777,286.5777,289.77768,288.67767,288.8777,287.9777,288.77768,289.3777,288.17767,285.67767,283.27768,281.17767,277.9777,271.77768,267.67767,266.5777,264.27768
299.8777,299.27768,298.67767,298.4777,298.17767,298.27768,297.77768,296.5777,296.3777,296.9777,295.27768,294.17767,294.5777,292.8777,292.27768,292.5777,291.9777,292.3777,292.4777,291.8777,288.9777,289.17767,288.0777,288.77768,289.4777,289.67767,287.9777,290.4777,290.0777,291.3777,291.5777,289.77768,287.3777,286.0777,284.77768,280.3777,276.17767,273.0777,272.4777,270.77768,268.4777
298.27768,298.0777,297.77768,297.3777,296.3777,295.5777,294.4777,293.8777,293.9777,293.77768,290.77768,291.77768,291.77768,290.3777,289.5777,289.9777,289.8777,289.8777,290.77768,290.4777,289.27768,287.17767,286.8777,285.8777,285.5777,287.4777,288.5777,291.27768,292.0777,291.4777,288.67767,288.4777,287.3777,283.5777,283.3777,280.9777,280.17767,279.17767,277.0777,277.17767,276.77768
294.3777,295.8777,296.0777,294.67767,293.8777,293.0777,293.0777,292.8777,292.17767,290.77768,288.17767,287.27768,289.9777,288.27768,288.3777,288.4777,288.77768,288.3777,289.3777,288.4777,288.27768,287.3777,286.3777,285.9777,286.3777,286.27768,289.17767,288.8777,288.9777,289.27768,287.67767,287.67767,285.9777,284.17767,283.17767,281.9777,280.4777,281.3777,278.67767,277.4777,277.77768
293.3777,293.0777,289.8777,293.0777,292.8777,292.17767,291.4777,290.5777,291.3777,290.67767,287.0777,284.9777,287.4777,287.8777,287.67767,288.17767,287.9777,287.77768,288.0777,288.0777,288.17767,288.17767,288.8777,288.0777,288.27768,289.0777,288.17767,287.17767,286.27768,286.9777,287.4777,285.4777,283.8777,282.3777,282.4777,280.4777,280.3777,279.5777,278.9777,277.8777,277.9777
291.4777,293.5777,286.77768,292.3777,291.77768,290.8777,290.8777,290.4777,290.8777,290.8777,289.4777,287.17767,284.9777,286.3777,287.0777,288.0777,287.67767,287.27768,287.8777,287.27768,287.77768,287.8777,288.3777,287.77768,287.3777,287.17767,286.77768,286.5777,286.9777,285.77768,285.3777,284.27768,284.27768,284.0777,281.67767,282.4777,281.27768,279.3777,279.17767,279.77768,278.77768
