wind_kz.json
{"header": {"discipline":0,"disciplineName":"Meteorological products","gribEdition":2,"gribLength":1102,"center":7,"centerName":"US National Weather Service - NCEP(WMC)","subcenter":0,"refTime":"2024-04-09T00:00:00.000Z","significanceOfRT":1,"significanceOfRTName":"Start of forecast","productStatus":0,"productStatusName":"Operational products","productType":1,"productTypeName":"Forecast products","productDefinitionTemplate":0,"productDefinitionTemplateName":"Analysis/forecast at horizontal level/layer at a point in time","parameterCategory":2,"parameterCategoryName":"UnknownDiscipline_0_Category_2","parameterNumber":2,"parameterNumberName":"UnknownParameter_D0_C2_2","parameterUnit":"Unknown","genProcessType":2,"genProcessTypeName":"Forecast","forecastTime":240,"surface1Type":103,"surface1TypeName":"Specified height level above ground","surface1Value":10.0,"surface2Type":255,"surface2TypeName":"Missing","surface2Value":0.0,"gridDefinitionTemplate":0,"gridDefinitionTemplateName":"Latitude_Longitude","numberPoints":615,"shape":6,"shapeName":"Earth spherical with radius of 6,371,229.0 m","gridUnits":"degrees","resolution":48,"winds":"true","scanMode":64,"nx":41,"ny":15,"basicAngle":0,"lo1":47.0,"la1":41.0,"lo2":87.0,"la2":55.0,"dx":1.0,"dy":1.0}, "data":
[rows 0 to 14 of 15, columns 0 to 40 of 41]
0.55246335,-0.46753663,1.3424634,-8.187536,-11.937536,-12.237536,-11.697536,-11.617537,-12.787537,-6.5175366,-8.227536,-8.007537,-7.317537,-5.9575367,-4.7475367,-3.7175367,-3.3975365,-5.5275364,-6.067537,-3.7875366,-2.5275366,-0.11753662,1.4424634,0.122463375,-1.2575366,0.21246338,-1.2175366,2.8924634,0.19246338,0.6524634,0.9324634,0.98246336,2.9224634,0.91246337,-0.88753664,0.012463379,-1.1875366,-1.0275366,-1.4375366,-1.6175367,-2.4975367
3.1324635,-0.9275366,-12.977536,-11.417537,-13.217537,-13.417537,-9.487536,-15.387537,-9.587537,-8.1575365,-7.2575364,-7.317537,-6.0275364,-4.547537,-3.9375367,-5.2275367,-5.9375367,-6.0075364,-4.5975366,-3.7375367,-3.8375366,-3.4275367,-0.9975366,-1.1675366,0.2624634,0.6224634,-1.3875366,0.44246337,-3.1175365,1.8224634,1.2424634,0.36246338,2.1124635,1.6524634,0.11246338,-0.5475366,-1.3575367,-0.11753662,0.92246336,1.6724634,-3.0275366
-3.1475365,-10.837537,-13.547537,-14.4075365,-13.617537,-12.327537,-11.047537,-7.9075365,-11.487536,-8.837537,-7.4775367,-6.8875365,-5.6675367,-5.0375366,-4.6575365,-4.567537,-6.1575365,-5.3675365,-4.2775364,-3.5575366,-1.8875366,-3.3375366,-6.6475368,-7.337537,-0.94753665,-1.0675366,1.8824633,2.5924635,-1.6675366,0.9424634,0.18246338,0.5824634,-2.2475367,4.8324633,5.0424633,-0.8675366,0.9624634,-0.38753662,6.3824635,1.1624634,1.7524633
-10.637537,-14.617537,-14.217537,-12.617537,-11.517536,-12.687536,-9.197536,-10.517536,-9.147536,-8.287537,-7.4875364,-8.267536,-10.077537,-9.647536,-6.377537,-6.3275366,-5.4175367,-4.8275366,-4.5775366,-4.6575365,-4.4475365,-3.9275367,-2.4075365,-2.1575365,-4.9575367,-5.5175366,-3.6075366,-1.2375367,5.0324636,7.702463,8.302464,7.5624633,11.0924635,14.242463,12.312464,4.6024632,1.4224634,2.2424634,-0.7175366,3.0624633,4.5424633
-11.867537,-13.087537,-12.817536,-13.327537,-11.837537,-10.417537,-9.477536,-9.307537,-8.817536,-8.247537,-8.147536,-8.827537,-9.137537,-9.737536,-8.957537,-5.6875367,-5.1175365,-4.7475367,-5.6875367,-6.0775366,-5.7075367,-5.567537,-5.5275364,-5.3675365,-6.0775366,-5.8875365,-6.2075367,-3.8375366,-3.1075366,-3.0175366,-2.1075366,0.6524634,3.6224635,3.0924635,0.8424634,-1.2775366,10.872463,-0.9775366,1.5124633,0.27246338,-0.07753662
-10.347537,-9.947536,-13.147536,-12.757537,-12.617537,-12.197536,-9.707537,-9.017536,-7.4375367,-7.6675367,-8.117537,-7.4275365,-7.7475367,-8.967537,-4.357537,-5.2575364,-5.357537,-5.587537,-6.317537,-6.4275365,-7.1975365,-6.2175364,-5.5775366,-5.9775367,-5.627537,-6.0175366,-4.4575367,-4.5975366,-4.6175365,-4.0575366,-4.0975366,-3.0775366,-2.0475366,0.5624634,6.2124634,10.862463,5.202463,8.532463,12.212463,2.7624633,0.86246336
-10.257537,-10.007537,-10.467537,-9.927537,-9.937536,-7.6975365,-7.6875367,-7.9375367,-7.6475368,-7.4075365,-6.2475367,-6.2375364,-5.4575367,-5.7575364,-4.8075366,-4.8675365,-4.5775366,-4.1975365,-4.0175366,-5.3975368,-5.8475366,-5.5975366,-5.2675366,-4.587537,-4.837537,-4.3875365,-4.5075364,-3.6375365,-5.0975366,-4.1475368,-4.0375366,-3.5675366,-2.2275367,-0.14753662,0.98246336,0.5124634,0.03246338,-1.6975366,2.8124633,0.122463375,5.662463
-9.207537,-8.377537,-8.587537,-8.677537,-7.9675364,-7.317537,-7.4775367,-6.2675366,-5.857537,-6.107537,-4.797537,-5.0075364,-4.4875364,-4.2775364,-3.7475367,-3.9075365,-3.9675367,-3.9575367,-3.4375367,-4.2675366,-4.7875366,-4.1575365,-4.2175364,-4.377537,-4.4275365,-4.0075364,-3.5275366,-2.7475367,-3.4475367,-3.6875367,-4.1975365,-2.0175366,-1.5675366,-2.9775367,0.13246338,4.5424633,9.162463,11.612463,11.152463,12.322463,8.242463
-7.7575364,-7.4375367,-7.3475366,-6.587537,-6.627537,-5.9975367,-5.9175367,-6.0275364,-5.4475365,-4.4475365,-4.357537,-3.8875365,-4.1575365,-3.5975366,-3.5675366,-3.0675366,-3.2075367,-3.0375366,-3.0475366,-2.9475367,-4.4275365,-3.5775366,-3.1175365,-2.7775366,-3.6475365,-3.1075366,-3.1775367,-3.3675365,-2.1175365,-1.4575366,-0.8175366,-0.5675366,1.1724634,2.0524633,3.1824634,4.9924636,2.2624633,-0.20753662,0.8824634,0.8224634,1.5224633
-6.5975366,-6.2375364,-5.6575365,-5.5075364,-5.4275365,-4.8875365,-5.1975365,-4.9975367,-4.3675365,-3.7975366,-3.7575366,-4.1875367,-3.5675366,-3.1475365,-3.2675366,-2.7475367,-2.6775367,-2.5175366,-2.7975366,-2.5675366,-3.5275366,-2.2275367,-1.3875366,-2.2875366,-2.0975366,-1.7075366,-2.2675366,-1.2975366,-1.1975366,-0.3575366,1.6624634,2.6524634,3.1324635,2.8324633,2.6524634,4.4024634,4.0024633,2.2124634,2.3124633,0.8824634,1.6924634
-5.4175367,-5.1575365,-5.1475368,-4.7175364,-3.9975367,-4.2375364,-4.1575365,-4.127537,-3.6375365,-3.5775366,-3.1375365,-2.3075366,-2.7375367,-3.1275365,-2.5375366,-2.3075366,-2.2675366,-1.9475366,-2.5275366,-2.3275366,-1.6875366,-1.1875366,-1.1875366,-0.50753665,-0.76753664,-0.40753663,-0.06753662,0.66246337,1.3224634,2.3324633,2.5324633,2.6324635,1.8024634,1.5224633,1.3124634,0.91246337,-0.5575366,1.1324633,1.9524634,0.3224634,0.30246338
-4.1475368,-3.6675367,-3.5475366,-3.3475366,-3.9975367,-4.1775365,-3.4275367,-3.6875367,-2.9475367,-2.7075367,-2.1875367,-1.6775366,-1.7275367,-1.8475366,-1.2475367,-1.2075366,-1.2975366,-1.1475366,-1.5475366,-0.5575366,-0.41753662,0.03246338,-0.31753662,0.6524634,1.0824634,1.3624634,1.5924634,2.1324635,2.0524633,2.0624633,1.8124634,1.5824634,1.2224634,0.98246336,0.8724634,0.8324634,0.6924634,2.3424635,2.5124633,2.6924634,2.2724633
-2.1975367,-1.9975367,-2.1875367,-2.4575367,-2.4275367,-2.2775366,-2.4075365,-2.0775366,-2.0175366,-1.8975366,-0.9375366,0.33246338,0.8424634,0.74246335,0.6924634,0.5224634,-0.19753662,-0.25753662,-0.20753662,-0.24753661,-0.07753662,0.17246337,0.9324634,1.5224633,2.1524634,1.4424634,2.0024633,1.7924634,1.2224634,1.2524633,0.9324634,1.0824634,1.2424634,0.85246336,1.0124633,1.6224633,1.9624634,1.2824634,2.2224634,2.8824635,2.6424634
-1.7975366,-1.6975366,-1.1475366,-2.0375366,-1.6375366,-1.4575366,-0.6875366,-0.8675366,0.002463379,0.28246337,-0.76753664,0.24246338,0.8324634,2.0324633,1.5824634,1.4224634,1.2824634,0.80246335,0.55246335,0.35246336,0.67246336,0.8724634,1.4924634,1.6224633,1.2124634,1.2624633,1.4824634,1.1924634,0.9524634,0.9524634,1.1324633,0.97246337,1.0024633,0.9424634,0.8824634,1.0124633,1.2524633,1.3024634,1.2324634,1.4924634,3.5724633
-1.3975366,-1.3875366,-0.8075366,-0.9375366,-0.14753662,-0.39753664,0.60246336,0.18246338,0.72246337,-0.5675366,-0.41753662,0.6824634,1.1724634,1.1124634,1.1924634,0.73246336,0.74246335,1.5824634,1.5524634,1.6324633,1.3624634,1.7324634,1.8024634,0.8724634,0.66246337,1.2124634,0.91246337,0.98246336,1.0924634,1.2024634,1.4424634,0.72246337,1.0324634,1.1124634,1.3124634,1.7524633,0.60246336,1.2324634,1.0324634,0.7024634,0.31246337
