wind_kz.json
[{"header":{"discipline":0,"disciplineName":"Meteorological products","gribEdition":2,"gribLength":871,"center":7,"centerName":"US National Weather Service - NCEP(WMC)","subcenter":0,"refTime":"2023-10-03T00:00:00.000Z","significanceOfRT":1,"significanceOfRTName":"Start of forecast","productStatus":0,"productStatusName":"Operational products","productType":1,"productTypeName":"Forecast products","productDefinitionTemplate":0,"productDefinitionTemplateName":"Analysis/forecast at horizontal level/layer at a point in time","parameterCategory":0,"parameterCategoryName":"UnknownDiscipline_0_Category_0","parameterNumber":0,"parameterNumberName":"UnknownParameter_D0_C0_0","parameterUnit":"Unknown","genProcessType":2,"genProcessTypeName":"Forecast","forecastTime":120,"surface1Type":1,"surface1TypeName":"Ground or water surface","surface1Value":0.0,"surface2Type":255,"surface2TypeName":"Missing","surface2Value":0.0,"gridDefinitionTemplate":0,"gridDefinitionTemplateName":"Latitude_Longitude","numberPoints":615,"shape":6,"shapeName":"Earth spherical with radius of 6,371,229.0 m","gridUnits":"degrees","resolution":48,"winds":"true","scanMode":64,"nx":41,"ny":15,"basicAngle":0,"lo1":47.0,"la1":41.0,"lo2":87.0,"la2":55.0,"dx":1.0,"dy":1.0},"data":[288.2,281.8,283.8,293.5,293.2,291.5,289.8,291.4,291.9,290.8,292.0,293.3,292.2,287.1,288.0,284.4,285.7,286.6,285.8,287.5,288.3,285.1,285.5,281.3,284.5,286.8,284.1,271.3,268.9,271.6,270.9,266.6,279.6,287.7,289.0,290.0,290.4,290.3,288.1,287.5,286.7,268.2,285.1,293.1,293.1,293.2,291.3,290.6,292.1,291.4,290.1,290.1,291.9,287.9,286.9,283.6,283.4,284.3,282.9,283.1,282.9,283.3,287.0,285.4,279.4,270.8,270.2,278.6,270.3,271.1,267.8,273.6,267.8,273.4,251.8,271.5,286.4,284.9,286.6,288.6,280.8,283.5,286.9,292.8,292.9,292.4,290.7,286.7,288.6,291.4,287.6,285.9,287.2,288.9,289.3,286.5,286.6,283.9,284.0,283.1,283.7,281.7,283.5,284.8,284.1,281.8,283.7,282.5,284.8,283.8,282.3,276.1,269.9,271.8,276.0,276.5,279.0,278.5,271.3,273.5,272.6,269.5,270.0,285.0,291.7,292.5,291.8,289.7,286.4,287.2,286.8,288.9,289.0,288.6,287.0,289.9,289.2,286.6,284.2,284.6,284.1,285.0,282.9,284.6,279.0,285.2,285.8,284.7,287.4,287.6,285.0,283.3,283.6,283.5,282.9,286.9,286.4,285.6,284.0,274.7,265.9,273.3,280.3,283.7,285.7,291.4,291.7,291.1,289.1,286.5,287.0,286.7,287.2,288.0,289.5,287.6,289.0,287.7,286.1,286.1,285.7,284.7,283.7,286.2,285.5,284.3,283.2,285.6,284.7,285.5,283.4,284.0,283.4,285.2,286.8,284.5,274.9,268.3,276.4,284.6,288.1,287.6,287.0,287.2,286.6,284.2,283.6,289.7,290.1,290.5,290.0,284.3,286.3,285.9,286.6,287.4,288.2,288.7,288.6,288.7,285.4,287.1,284.7,284.6,285.8,284.9,285.1,284.4,284.3,283.1,283.5,282.7,287.0,285.1,285.9,285.9,288.1,285.4,286.0,285.2,285.7,281.4,282.0,284.8,286.1,285.4,282.0,280.8,283.6,283.8,284.7,281.4,282.9,283.2,284.3,285.9,285.3,286.3,288.5,288.1,287.5,288.5,285.7,285.5,283.5,283.4,283.5,283.2,284.0,284.6,284.1,283.1,281.7,283.3,284.4,284.1,282.8,284.3,288.5,289.1,287.3,287.2,282.6,278.3,275.9,273.0,282.1,282.6,281.2,282.8,282.7,283.2,282.5,282.4,280.9,280.7,281.5,282.1,284.6,283.8,285.5,287.0,288.0,287.9,286.0,285.1,281.8,282.2,281.7,281.5,281.6,282.7,280.6,281.3,279.7,279.8,285.2,284.0,284.8,284.9,284.6,283.8,286.2,287.2,285.3,283.7,282.9,279.6,282.6,281.7,281.7,280.4,281.0,280.1,279.3,280.4,280.0,279.8,279.9,279.9,280.7,283.5,284.2,284.9,286.6,287.3,286.7,283.5,281.1,280.8,281.5,281.0,280.6,281.7,280.0,279.0,278.1,276.8,278.0,279.1,284.2,284.6,286.0,284.3,285.0,281.1,273.6,272.9,269.6,282.5,281.3,280.9,279.2,279.4,278.5,277.8,278.2,279.2,279.8,279.1,279.0,280.4,281.2,282.1,284.6,283.2,286.4,286.7,285.2,283.1,281.6,282.1,281.6,281.5,281.5,281.4,280.3,279.5,279.3,278.8,280.2,281.8,283.1,286.1,285.1,283.3,280.8,275.0,273.7,270.0,283.0,282.0,281.0,279.3,277.6,276.4,276.5,276.8,276.9,277.4,278.3,279.2,280.3,280.2,280.9,282.5,283.5,283.8,286.5,285.5,284.5,282.6,282.4,282.2,281.4,281.1,280.0,281.1,280.9,281.7,282.0,282.1,281.2,281.9,281.9,281.3,281.4,278.4,277.4,275.5,272.6,280.6,282.3,280.2,279.0,276.3,275.7,274.6,274.8,275.8,276.0,275.6,276.8,278.7,278.8,280.1,283.1,283.3,283.4,286.8,286.0,284.0,281.2,281.3,281.9,281.3,281.4,281.7,282.4,282.2,281.7,281.1,281.7,281.6,279.5,280.5,280.1,281.2,280.6,280.3,279.3,278.4,276.1,277.7,279.0,278.0,276.9,275.7,273.9,273.7,273.8,275.0,274.5,273.6,277.3,277.4,279.3,282.1,282.7,282.7,286.7,285.9,285.9,283.0,282.6,281.3,282.0,282.5,283.2,282.2,282.1,281.5,281.3,280.9,280.5,279.5,279.5,279.2,278.7,280.3,279.3,278.3,279.0,275.8,277.1,281.1,274.3,273.2,272.6,272.2,273.1,274.0,274.6,273.7,272.2,274.0,277.0,278.7,281.2,282.5,281.8,283.1,286.3,286.3,285.5,284.5,283.6,283.2,282.7,281.9,282.0,281.0,280.7,280.6,280.4,280.0,279.3,279.1,278.1,278.1,277.5,277.1,276.8,276.2,273.2,273.5,283.9,272.7,272.4,272.5,273.6,273.8,274.2,274.5,274.9,273.8,273.3,274.4,276.6,280.7,281.0,280.9,282.0,285.8,285.0,285.0,284.2,283.3,282.2,281.4,281.4,280.8,280.5,280.1,280.0,281.1,278.8,278.7,278.6,278.7,278.2,277.6,277.3,276.9,276.8]},{"header":{"discipline":0,"disciplineName":"Meteorological products","gribEdition":2,"gribLength":1025,"center":7,"centerName":"US National Weather Service - NCEP(WMC)","subcenter":0,"refTime":"2023-10-03T00:00:00.000Z","significanceOfRT":1,"significanceOfRTName":"Start of forecast","productStatus":0,"productStatusName":"Operational products","productType":1,"productTypeName":"Forecast products","productDefinitionTemplate":0,"productDefinitionTemplateName":"Analysis/forecast at horizontal level/layer at a point in time","parameterCategory":2,"parameterCategoryName":"UnknownDiscipline_0_Category_2","parameterNumber":2,"parameterNumberName":"UnknownParameter_D0_C2_2","parameterUnit":"Unknown","genProcessType":2,"genProcessTypeName":"Forecast","forecastTime":120,"surface1Type":103,"surface1TypeName":"Specified height level above ground","surface1Value":10.0,"surface2Type":255,"surface2TypeName":"Missing","surface2Value":0.0,"gridDefinitionTemplate":0,"gridDefinitionTemplateName":"Latitude_Longitude","numberPoints":615,"shape":6,"shapeName":"Earth spherical with radius of 6,371,229.0 m","gridUnits":"degrees","resolution":48,"winds":"true","scanMode":64,"nx":41,"ny":15,"basicAngle":0,"lo1":47.0,"la1":41.0,"lo2":87.0,"la2":55.0,"dx":1.0,"dy":1.0},"data":[-2.1676414,0.9623587,1.4423587,-0.4676413,-2.5776412,-0.5076413,2.1523588,3.3123586,0.3923587,-1.0176413,1.1023587,0.1423587,-1.6776413,-1.8076413,-1.9576412,-1.2476413,-0.61764127,1.0623587,-2.0476413,-2.5776412,-3.0676413,-0.4876413,-0.07764129,-0.7076413,-0.037641298,-1.3276412,-2.2076414,-1.1076413,0.4523587,0.1323587,-0.9876413,1.6323587,0.6623587,0.7523587,-1.0876412,-2.5176413,-2.6276412,-2.2376413,-1.2676413,-1.9776413,-1.8376412,2.0423586,0.012358704,-0.44764128,-0.2776413,-0.80764127,0.1423587,1.2823586,-2.3976412,-0.8176413,-0.7776413,-0.9376413,-1.7776413,-0.9776413,-1.2576413,-1.1776413,-0.5076413,1.4023587,-1.0876412,-1.1176413,-1.6676413,-1.5676413,-1.9576412,-1.4476413,-2.0776412,-0.7576413,0.9223587,-0.4676413,0.022358704,-0.8976413,-1.0376413,0.1323587,-0.2876413,0.1823587,-2.1876414,1.2123587,-0.5976413,-0.2976413,-0.8976413,-0.2676413,0.2823587,-2.0876412,-1.2376413,-2.0876412,-2.4276414,-1.1976413,0.0923587,-0.3776413,-1.1776413,0.022358704,-2.2976413,1.0323586,1.1423587,-0.6976413,-0.9476413,-0.86764127,-0.6476413,-1.4476413,-2.3276412,-1.6076413,0.1223587,-0.4276413,0.4723587,0.63235873,-1.7276413,-0.9876413,1.2923588,0.15235871,-1.7176414,-1.6576413,-1.4276413,-0.55764127,-0.7876413,1.9223588,-0.4276413,-0.9876413,-1.5076413,-1.1976413,0.7123587,-0.3776413,0.1723587,-0.1976413,1.6323587,-0.6276413,-0.8876413,-0.9976413,-1.4476413,-2.8176413,-1.4376413,0.7623587,0.1323587,0.30235872,0.7823587,2.0623586,2.1723588,1.2723587,0.0923587,-0.3876413,-0.6676413,-1.0876412,-1.5376413,-0.5376413,-0.07764129,0.5123587,-0.2776413,-0.7376413,-0.6276413,-1.3676413,-2.1876414,-2.1576414,-2.2076414,-0.86764127,0.3223587,-0.9176413,-2.4376414,-2.2076414,-2.2576413,-2.9876413,-2.0076413,0.3223587,2.1423588,-0.3376413,0.2523587,-1.2976413,1.0323586,1.5223587,-0.8476413,-2.1076412,-1.6176413,-1.3776413,-0.7776413,-0.0076412964,1.3923587,2.2523587,1.7523587,4.8023586,1.9423587,0.6123587,0.15235871,0.4323587,-0.0076412964,-1.2976413,-0.6376413,0.3723587,0.4823587,0.88235873,-0.3476413,-1.7576413,0.3923587,-1.0876412,-1.8776413,-0.15764129,1.9323587,-0.6376413,0.2923587,-2.2176414,-1.7076412,1.3823587,0.3823587,-0.9076413,-2.8476412,-2.9676414,-1.9276413,-2.2976413,-3.3876412,2.9023588,1.8723587,2.0923586,1.0823587,-0.9076413,-1.3076413,-1.1776413,-0.6676413,-0.107641295,0.042358704,0.5723587,1.7823586,1.0823587,1.9223588,1.7623587,1.7023587,1.6723588,1.4223588,0.4023587,1.5923587,2.5323586,2.3523588,0.5323587,0.6723587,1.1923587,-2.1376412,-1.6276413,-2.0976412,-0.8476413,1.5323586,-0.8476413,-2.2976413,-2.6876414,-2.5476413,-2.3276412,-0.5176413,-0.1476413,0.6023587,0.5623587,-2.1976414,-2.7676413,2.0323586,1.5823587,2.3223586,2.3223586,2.4023588,1.1623588,0.012358704,-0.3076413,-0.47764128,0.6023587,0.5023587,-1.5776412,0.022358704,2.3423586,2.4523587,1.7823586,2.9023588,2.3723588,2.2723587,1.2923588,2.7523587,0.5323587,-0.3076413,0.7623587,-2.0276413,-2.8076413,-1.2676413,-1.6576413,-1.6176413,-2.2076414,-1.2876413,-2.1376412,-2.7976413,-0.9976413,-3.0376413,-1.6876413,0.4023587,1.8323587,-1.7676413,0.10235871,1.0123587,2.2423587,2.4023588,1.4723587,1.8123587,1.9823587,2.3023586,2.0823586,1.6723588,0.7423587,0.3923587,0.2123587,1.5423588,1.5723587,0.022358704,3.7723587,4.232359,2.8623588,2.7823586,2.5623586,1.9923587,1.9723587,1.2623587,0.5623587,-0.7376413,-0.047641296,-0.2076413,0.1823587,-0.8176413,-1.2376413,-1.5276413,-1.6276413,-1.6776413,0.112358704,-1.0676413,-0.6676413,0.8223587,-0.2476413,-2.2576413,-2.3476412,-2.5276413,-2.2576413,2.1723588,1.6823587,1.7423587,1.1223587,0.9123587,1.8723587,2.2123587,2.4723587,2.4723587,2.7323587,2.0923586,1.0223587,3.7823586,4.272359,3.1523588,3.1623588,5.1623583,3.5623586,2.7723587,1.6923587,1.8923587,2.6023588,2.6723588,1.1723588,0.6823587,0.7023587,-0.0876413,-0.1876413,0.23235871,-0.1776413,-0.3176413,0.23235871,0.4823587,-0.3976413,-2.3076413,0.032358702,-1.6076413,-1.1576413,-1.0676413,0.4223587,-1.7176414,2.3723588,1.6323587,1.0823587,1.2423587,1.1323587,1.2623587,1.5623587,1.7223587,2.4823587,3.0723586,3.4323587,3.2723587,3.9023588,6.1223583,5.5623584,5.1723585,3.4923587,5.8423586,3.8523588,2.5323586,2.2123587,2.5423586,2.5823586,1.7123587,1.9323587,0.3423587,0.30235872,-0.9276413,-0.8576413,-1.8176413,-1.2476413,-0.9776413,-1.0976413,-0.4576413,-0.7376413,-1.6676413,-1.4376413,-0.2676413,-1.0076413,0.69235873,-1.2676413,4.0123587,1.5423588,1.0723587,0.7623587,1.1323587,1.0023587,1.8523587,2.2923586,2.3423586,2.9723587,3.8723588,5.6723585,4.9423585,6.1323586,7.0223584,6.9023585,6.532358,7.0623584,5.1123586,2.9023588,2.2923586,1.1723588,1.2623587,1.0623587,1.4223588,-0.107641295,-0.8376413,-0.6076413,-0.80764127,-1.4176413,-1.9976413,-2.3376412,-2.8676412,-1.4676414,-1.5176413,-1.4276413,-1.2776413,-0.3476413,-0.8176413,0.8723587,-1.1476413,4.482359,6.1523585,-1.7376413,1.3323587,1.8523587,1.4723587,1.6523587,2.4123588,2.7123587,2.5623586,3.8123586,6.1023583,6.2323585,6.472358,7.6123586,7.9023585,7.0523586,8.012359,6.1423583,2.6823587,1.2023587,0.6723587,0.10235871,0.0023587036,0.3223587,0.1323587,-0.8776413,-1.0176413,-1.2376413,-1.3776413,-1.7576413,-2.1376412,-1.9676414,-2.5376413,-2.1176412,-2.3476412,-2.2576413,-0.8476413,-0.1876413,-0.6476413,-0.5476413,0.2223587,1.5723587,1.7023587,1.7923588,1.2923588,0.94235873,1.7423587,2.6423588,3.6223588,2.6623588,2.8523588,4.4023585,5.7723584,6.782358,7.222358,8.222359,6.2723584,7.282358,11.052359,5.7023582,2.7523587,-0.2476413,0.4123587,-0.8876413,0.27235872,-1.0076413,-0.7476413,-1.1976413,-1.2876413,-1.4576412,-1.4976413,-1.7476413,-1.4676414,-1.9176413,-1.6176413,-2.2676413,-2.2776413,-1.6776413,-2.3876412,-1.2176414,-0.8476413,-1.0976413,1.3623587,1.0623587,0.6823587,0.8923587,1.5323586,1.9223588,3.5123587,4.062359,4.292359,3.1223588,4.8223586,6.8523583,7.3123584,6.7923584,8.462358,6.3823586,5.2123585,9.152358,3.8823588,0.9623587,-0.1676413,-0.037641298,0.2823587,0.022358704,-0.5476413,-1.1276413,0.0523587,-0.4876413,-0.3176413,-0.3876413,-0.8276413,-0.8276413,-1.0676413,-0.8976413,-1.1476413,-1.4676414,-1.4876413,-1.2776413,-0.8576413,-0.8576413,-0.5276413,-0.4976413,1.2423587,1.5623587,2.3623588,2.5823586,4.0923586,4.4423585,6.4423585,5.9023585,4.2123585,6.1223583,5.7923584,4.6323586,7.0923586,6.6323586,6.0523586,5.742358,9.792358,3.2623587,-0.07764129,-0.3776413,-0.3076413,0.0923587,-0.3976413,-0.4576413,0.042358704,-0.107641295,-0.9376413,-0.5476413,0.0523587,-0.4876413,0.0823587,-0.1376413,0.1623587,-0.1776413,-0.47764128,0.3423587,-0.6476413,-0.7676413,-1.1376413]},{"header":{"discipline":0,"disciplineName":"Meteorological products","gribEdition":2,"gribLength":1025,"center":7,"centerName":"US National Weather Service - NCEP(WMC)","subcenter":0,"refTime":"2023-10-03T00:00:00.000Z","significanceOfRT":1,"significanceOfRTName":"Start of forecast","productStatus":0,"productStatusName":"Operational products","productType":1,"productTypeName":"Forecast products","productDefinitionTemplate":0,"productDefinitionTemplateName":"Analysis/forecast at horizontal level/layer at a point in time","parameterCategory":2,"parameterCategoryName":"UnknownDiscipline_0_Category_2","parameterNumber":3,"parameterNumberName":"UnknownParameter_D0_C2_3","parameterUnit":"Unknown","genProcessType":2,"genProcessTypeName":"Forecast","forecastTime":120,"surface1Type":103,"surface1TypeName":"Specified height level above ground","surface1Value":10.0,"surface2Type":255,"surface2TypeName":"Missing","surface2Value":0.0,"gridDefinitionTemplate":0,"gridDefinitionTemplateName":"Latitude_Longitude","numberPoints":615,"shape":6,"shapeName":"Earth spherical with radius of 6,371,229.0 m","gridUnits":"degrees","resolution":48,"winds":"true","scanMode":64,"nx":41,"ny":15,"basicAngle":0,"lo1":47.0,"la1":41.0,"lo2":87.0,"la2":55.0,"dx":1.0,"dy":1.0},"data":[0.47278076,0.06278076,-0.83721924,-5.537219,-4.537219,-3.4572191,-2.8472192,-1.4272193,1.6427808,0.35278076,-0.55721927,-0.027219238,2.0127807,0.66278076,-0.94721925,-1.6372192,-2.7572193,-2.1872191,-2.6072192,-1.7072192,-1.1972193,-1.4072193,0.38278076,-0.6672192,-1.1472192,-0.88721925,-0.83721924,0.6327808,1.8927808,2.2027807,0.35278076,-2.2272193,1.1927807,-0.48721924,0.07278076,-1.4172193,1.3127807,-0.7372192,1.0427808,1.2627808,2.5727808,3.8627808,0.6427808,-3.6872191,-2.9272192,-4.417219,-4.917219,-2.9072192,-3.4572191,-1.0372193,-0.6672192,-1.4872192,2.7627807,1.9127808,1.8527808,-1.5772192,-2.0372193,-1.6572193,-1.4272193,-1.7272192,-0.37721923,-0.8672192,-2.1072192,-0.9772192,1.4527807,0.10278076,-0.46721923,-2.0072193,1.1127808,-0.20721924,1.5727807,2.5027807,3.8027809,0.94278073,-0.49721923,-0.52721924,-3.0672193,-1.3472192,-1.9072193,0.09278076,-0.9772192,-0.89721924,1.2927808,-2.0872192,-4.4472194,-5.667219,-3.5272193,-3.6272192,-3.6472192,-4.397219,-2.3472192,-1.0372193,2.0327806,1.9727807,1.8127807,1.0427808,-0.7972192,-0.9772192,-1.2172192,-1.4172193,-1.6872193,-1.0372193,-2.3872192,-1.7172192,-0.26721925,0.49278077,-0.19721924,0.022780761,0.37278077,0.32278076,0.24278076,1.6327808,2.3727808,1.1127808,1.8727808,-0.55721927,-0.50721925,1.7127807,0.38278076,-2.0072193,0.08278076,0.80278075,0.8927808,2.4527807,0.46278077,-2.2172194,-3.6572192,-3.9672194,-3.1672192,-3.2372193,-3.4272192,-3.4972193,-3.7872193,-1.0972192,2.1927807,4.212781,3.4527807,0.21278076,0.21278076,-0.7972192,-1.8972192,-2.3772192,-2.3172193,-2.6372192,-0.76721925,0.8827808,-0.8572192,0.86278075,1.0227808,0.012780761,-0.81721926,2.0327806,1.4727807,-0.27721924,-1.2172192,-1.7272192,-1.4972192,-0.17721924,-2.3072193,1.0927807,2.6327808,0.42278075,0.61278075,0.75278074,2.2527807,2.9127808,1.0827807,-1.9672192,-2.5572193,-2.8272192,-3.6972191,-2.8172193,-2.3872192,-2.6272192,-3.0172193,0.98278075,5.392781,4.7627807,2.5827808,0.07278076,-0.50721925,-0.51721925,-2.2972193,-3.0372193,-2.0772192,-0.23721924,0.8827808,-0.93721926,0.032780763,1.5027808,-0.07721924,-1.1972193,-0.027219238,1.9927808,1.2227807,1.0427808,2.0527809,2.2827806,-1.0772192,0.72278076,0.28278077,-1.1672193,-0.14721924,1.1327808,-0.88721925,2.1527808,3.0727808,3.7027807,2.1027808,-0.097219236,-2.5172193,-2.7672193,-3.6372192,-3.6872191,-4.057219,-3.5172193,-2.7172194,3.7827806,3.8827808,3.7327807,2.1227808,1.5227808,-0.067219235,-2.0972192,-2.7472193,-1.4472193,1.8227807,1.7427808,-0.19721924,0.0027807618,1.7227807,0.04278076,-2.2072191,-1.8972192,0.33278075,3.4227808,2.5527809,1.8427807,0.40278077,1.3027807,-1.2572192,0.5227808,1.4127808,0.06278076,-0.89721924,-1.1372192,1.9527807,1.9827808,2.8527808,2.9427807,1.9427807,0.8227808,-1.2172192,-2.4672194,-3.2672193,-4.2972193,-3.8672192,-2.9672194,-3.7972193,2.5527809,2.9427807,3.3827808,2.0427809,2.1427808,0.31278077,-2.2772193,-2.5972192,2.0627809,1.5627807,-0.41721925,1.4327807,1.4627807,-0.08721924,-0.74721926,-1.6772193,-0.037219238,-0.08721924,1.1027808,-1.0872192,1.4227808,-2.9972193,-3.8072193,-3.6972191,0.40278077,1.4927808,0.5827808,-0.34721923,3.2327807,3.2727807,3.1927807,2.2727807,2.1327808,2.1127808,1.8227807,0.31278077,-1.4972192,-2.4472191,-3.2372193,-3.8872192,-3.0972192,-2.7372193,-0.88721925,3.3527808,4.542781,3.1427808,2.5927808,1.2627808,-2.1472192,1.4727807,1.9827808,2.1027808,2.7827806,2.4827807,2.7727807,0.45278075,0.42278075,-1.0272193,-0.51721925,0.17278077,0.23278075,0.8227808,2.1727808,-0.21721923,0.15278076,1.8127807,-0.22721924,0.47278076,-2.1972191,3.8427808,3.9927807,3.2527807,3.3927808,2.7127807,1.5327808,0.84278077,1.3927808,1.4027808,0.10278076,-1.0372193,-2.4572191,-4.2172194,-3.4872193,-2.9772193,-4.437219,3.6527808,5.122781,4.922781,4.062781,2.9327807,1.8527808,2.3427808,1.9727807,2.8627808,3.0727808,2.4627807,2.3127809,2.1727808,1.8227807,1.5527807,0.28278077,0.45278075,-0.87721926,0.47278076,1.8627808,-0.80721927,0.6427808,3.0527809,1.2227807,-0.7872192,5.5727806,4.852781,4.252781,3.5127807,3.2427807,2.6127808,1.7927808,1.6227808,1.4327807,1.5527807,0.8227808,0.7127808,-0.33721924,-2.7672193,-2.6972191,-2.6272192,-5.457219,4.2427807,6.1127806,5.9027805,4.752781,3.8627808,3.8527808,3.4927807,2.4627807,3.4127808,2.5627809,1.9727807,1.3127807,2.3227808,2.1327808,1.3327807,0.69278073,0.72278076,0.62278074,0.6527808,-0.42721924,-2.0072193,0.84278077,2.5527809,2.8527808,4.792781,5.4927807,5.102781,3.5927808,3.1127808,2.7827806,1.8727808,1.2427808,0.85278076,0.6327808,0.97278076,1.4327807,0.8827808,0.41278076,-1.5472193,-1.2272192,-1.1172192,-5.457219,6.4327807,7.462781,6.542781,4.5927806,4.192781,4.1827807,3.1027808,3.1927807,2.3127809,2.9727807,2.4427807,2.7127807,2.3827808,1.8827808,0.5127808,-0.12721924,-0.067219235,0.98278075,0.38278076,0.78278077,0.18278076,1.3227807,0.43278077,4.912781,5.9927807,5.142781,0.43278077,3.3527808,2.5127807,1.6027808,1.5827807,1.5127808,1.0027808,0.6527808,0.61278075,1.4727807,0.69278073,-0.14721924,0.8927808,0.31278077,-1.1872193,6.6527805,7.2027807,7.482781,4.752781,4.312781,3.7827806,3.6827807,3.5627809,3.4327807,4.2227807,3.8327808,3.1427808,2.0327806,2.8327808,1.3727808,0.75278074,0.15278076,-1.1572193,-0.017219238,1.5427808,1.4127808,1.4627807,0.54278076,4.672781,4.212781,3.2027807,3.4927807,2.6827807,1.5927807,1.3827808,1.8927808,1.8627808,1.8427807,1.0327808,0.31278077,0.47278076,0.8827808,0.59278077,0.84278077,2.4527807,0.49278077,2.3927808,6.1327806,8.922781,6.8827806,6.1827807,5.1127806,4.3027806,4.3427806,4.172781,3.8627808,3.6827807,3.2227807,2.7727807,2.2627807,2.2127807,1.3927808,1.5027808,0.86278075,0.38278076,-0.017219238,-0.28721923,-0.017219238,-0.057219237,3.2627807,3.8927808,2.9627807,2.9527807,1.8727808,1.6127808,0.98278075,0.86278075,1.8727808,3.0327806,1.7527808,0.48278075,0.7627808,1.0527807,1.1127808,0.5127808,3.0727808,0.49278077,-1.5772192,9.23278,9.252781,8.262781,7.692781,6.5727806,5.1127806,4.1527805,3.4527807,3.9827807,3.8727808,3.6927807,3.3527808,3.0227807,2.9927807,2.8027809,1.9227808,1.8127807,0.98278075,0.12278076,-0.37721923,0.26278076,0.16278076,1.6327808,2.0227807,1.9827808,1.9227808,2.0627809,1.8927808,2.1527808,0.68278074,0.27278078,1.2927808,2.3527808,2.8627808,1.9627807,0.8927808,-0.45721924,-0.57721925,1.4927808,-0.8572192,-4.1972194,9.302781,9.48278,8.832781,7.4927807,6.752781,5.5727806,4.392781,4.5527806,4.062781,3.8627808,3.6827807,3.7527807,3.6727808,2.9127808,2.7427807,2.8527808,2.5827808,2.0127807,2.1127808,1.5527807,1.6527808,0.44278076]}]