wind_kz.json
{"header": {"discipline":0,"disciplineName":"Meteorological products","gribEdition":2,"gribLength":871,"center":7,"centerName":"US National Weather Service - NCEP(WMC)","subcenter":0,"refTime":"2025-04-05T18:00:00.000Z","significanceOfRT":1,"significanceOfRTName":"Start of forecast","productStatus":0,"productStatusName":"Operational products","productType":1,"productTypeName":"Forecast products","productDefinitionTemplate":0,"productDefinitionTemplateName":"Analysis/forecast at horizontal level/layer at a point in time","parameterCategory":0,"parameterCategoryName":"UnknownDiscipline_0_Category_0","parameterNumber":0,"parameterNumberName":"UnknownParameter_D0_C0_0","parameterUnit":"Unknown","genProcessType":2,"genProcessTypeName":"Forecast","forecastTime":60,"surface1Type":1,"surface1TypeName":"Ground or water surface","surface1Value":0.0,"surface2Type":255,"surface2TypeName":"Missing","surface2Value":0.0,"gridDefinitionTemplate":0,"gridDefinitionTemplateName":"Latitude_Longitude","numberPoints":615,"shape":6,"shapeName":"Earth spherical with radius of 6,371,229.0 m","gridUnits":"degrees","resolution":48,"winds":"true","scanMode":64,"nx":41,"ny":15,"basicAngle":0,"lo1":47.0,"la1":41.0,"lo2":87.0,"la2":55.0,"dx":1.0,"dy":1.0}, "data":
[rows 0 to 14 of 15, columns 0 to 40 of 41]
299.94122,292.34122,296.0412,282.44122,283.1412,283.6412,300.2412,310.2412,305.7412,306.6412,307.1412,306.6412,306.0412,304.6412,303.7412,305.94122,299.0412,304.7412,304.84122,305.34122,308.5412,303.94122,301.94122,303.1412,306.2412,307.5412,304.34122,284.84122,278.44122,275.6412,282.94122,287.1412,302.34122,308.1412,309.6412,311.34122,312.5412,312.2412,311.0412,312.44122,312.0412
272.6412,299.1412,281.84122,282.34122,282.5412,282.94122,307.34122,305.6412,302.7412,303.94122,306.34122,304.1412,306.7412,306.7412,304.1412,303.0412,301.7412,300.94122,299.94122,297.94122,301.34122,304.0412,295.84122,294.34122,273.2412,281.94122,298.6412,282.84122,293.94122,279.2412,285.6412,273.44122,290.34122,267.94122,272.94122,306.0412,306.0412,309.34122,308.44122,307.6412,282.0412
296.94122,280.5412,281.5412,282.0412,281.94122,298.84122,302.94122,301.84122,301.6412,301.2412,301.2412,301.94122,304.94122,305.94122,303.2412,300.6412,300.6412,301.6412,299.7412,301.5412,302.0412,303.44122,299.44122,297.34122,298.6412,301.1412,302.1412,301.84122,300.44122,296.2412,273.34122,287.5412,296.2412,297.94122,298.94122,296.34122,281.84122,275.0412,275.1412,284.44122,280.1412
295.44122,280.7412,280.2412,281.6412,286.1412,298.6412,297.1412,298.0412,300.84122,298.6412,298.84122,299.7412,285.34122,286.1412,300.84122,301.44122,302.94122,302.84122,303.44122,303.1412,304.44122,301.5412,304.7412,304.5412,301.34122,298.6412,300.34122,297.84122,300.7412,303.84122,297.7412,298.7412,303.6412,305.94122,303.0412,298.7412,278.6412,274.6412,294.1412,302.1412,304.84122
295.7412,281.34122,281.1412,281.7412,287.94122,297.44122,297.44122,296.84122,296.0412,295.2412,299.2412,298.84122,284.1412,283.7412,281.34122,300.2412,302.0412,302.6412,303.34122,302.84122,303.6412,304.0412,303.1412,304.0412,302.94122,302.0412,300.34122,294.0412,304.0412,304.0412,303.94122,302.5412,289.1412,273.2412,297.1412,305.1412,297.7412,308.7412,306.6412,305.0412,304.34122
297.1412,297.84122,281.44122,280.94122,280.1412,279.7412,296.6412,296.84122,292.6412,292.34122,293.84122,293.6412,284.0412,282.6412,286.7412,299.84122,299.44122,300.84122,298.1412,301.2412,300.5412,300.0412,301.94122,296.2412,291.5412,297.2412,299.0412,273.1412,300.0412,299.6412,300.7412,301.1412,302.7412,301.2412,298.7412,293.6412,294.34122,295.6412,307.1412,306.84122,305.84122
294.44122,297.2412,295.5412,295.1412,293.0412,300.0412,298.5412,292.1412,293.0412,290.84122,294.1412,291.6412,295.1412,296.94122,297.0412,297.7412,298.7412,298.2412,297.34122,297.44122,289.1412,294.6412,296.5412,296.5412,289.2412,285.5412,295.0412,295.5412,293.34122,297.34122,297.94122,298.7412,301.84122,299.5412,298.1412,297.5412,294.7412,294.2412,282.1412,288.44122,298.1412
292.1412,295.7412,296.0412,296.94122,297.6412,296.84122,298.0412,297.7412,295.6412,294.34122,293.6412,294.1412,296.6412,295.0412,297.2412,296.0412,297.5412,295.44122,294.94122,291.5412,290.44122,293.6412,293.5412,292.34122,284.6412,282.34122,282.2412,284.0412,289.44122,284.44122,289.2412,294.0412,295.1412,292.2412,294.2412,300.2412,301.2412,273.1412,299.94122,297.6412,296.7412
293.34122,291.84122,295.34122,297.7412,296.1412,298.0412,295.6412,296.94122,296.2412,295.94122,295.94122,295.34122,294.6412,296.0412,295.6412,296.0412,295.44122,295.6412,293.34122,291.44122,283.5412,287.1412,289.34122,285.94122,281.94122,282.0412,281.84122,281.6412,282.1412,281.2412,288.2412,288.34122,296.2412,297.6412,297.7412,289.44122,289.1412,295.34122,273.34122,275.7412,275.6412
292.6412,292.5412,293.6412,294.7412,295.2412,296.1412,296.5412,296.1412,296.1412,297.1412,294.34122,293.6412,294.1412,293.94122,293.94122,294.84122,295.6412,295.94122,285.7412,286.7412,288.7412,289.84122,282.44122,281.94122,281.6412,282.0412,282.94122,281.94122,282.0412,281.5412,283.34122,295.94122,297.84122,296.2412,293.34122,293.34122,287.84122,288.84122,285.2412,283.7412,282.84122
288.44122,287.44122,292.84122,290.84122,294.94122,294.94122,295.2412,294.5412,295.6412,294.6412,288.1412,292.6412,294.0412,292.44122,293.5412,294.94122,288.5412,284.94122,292.84122,288.84122,282.5412,281.2412,280.2412,281.5412,282.2412,281.44122,281.94122,284.44122,283.0412,285.7412,285.94122,298.94122,297.7412,293.84122,289.84122,292.5412,287.7412,284.7412,289.0412,290.34122,284.5412
285.2412,286.34122,291.44122,288.94122,292.5412,292.94122,292.44122,290.7412,285.34122,286.5412,291.1412,290.2412,290.84122,290.2412,286.0412,290.84122,288.44122,293.1412,293.6412,285.94122,285.44122,287.84122,287.5412,283.94122,280.1412,286.1412,291.7412,297.6412,296.7412,285.2412,284.94122,291.0412,294.94122,292.1412,293.0412,291.94122,294.34122,295.84122,295.34122,295.84122,296.2412
282.5412,282.6412,284.2412,290.1412,291.0412,291.0412,291.94122,285.2412,283.84122,291.2412,289.6412,288.84122,289.0412,282.1412,283.1412,288.1412,292.0412,292.6412,292.2412,290.34122,289.84122,288.44122,290.44122,289.1412,291.6412,286.1412,286.34122,286.5412,293.1412,295.84122,295.7412,294.6412,291.7412,293.0412,292.5412,291.84122,292.34122,292.34122,292.44122,293.0412,293.0412
283.5412,285.44122,277.34122,289.2412,288.6412,289.1412,288.6412,282.2412,288.44122,289.94122,287.7412,282.84122,290.2412,281.94122,281.94122,288.0412,291.0412,290.84122,291.7412,292.6412,291.7412,291.34122,293.44122,292.0412,294.0412,293.94122,292.84122,291.7412,282.2412,281.94122,282.94122,288.84122,290.0412,287.44122,290.84122,290.34122,290.0412,290.7412,291.7412,290.1412,290.84122
282.5412,282.94122,273.34122,285.34122,287.84122,287.44122,287.5412,286.94122,280.34122,286.84122,282.5412,283.6412,279.84122,281.5412,280.5412,283.94122,280.2412,288.34122,288.6412,288.7412,290.7412,292.5412,292.1412,291.34122,291.1412,293.34122,293.2412,290.7412,290.84122,289.0412,288.44122,283.5412,290.0412,289.84122,289.44122,289.2412,291.1412,290.7412,290.84122,289.0412,288.0412
