wind.json
{"header": {"discipline":0,"disciplineName":"Meteorological products","gribEdition":2,"gribLength":1039,"center":7,"centerName":"US National Weather Service - NCEP(WMC)","subcenter":0,"refTime":"2023-06-27T06:00:00.000Z","significanceOfRT":1,"significanceOfRTName":"Start of forecast","productStatus":0,"productStatusName":"Operational products","productType":1,"productTypeName":"Forecast products","productDefinitionTemplate":0,"productDefinitionTemplateName":"Analysis/forecast at horizontal level/layer at a point in time","parameterCategory":0,"parameterCategoryName":"UnknownDiscipline_0_Category_0","parameterNumber":0,"parameterNumberName":"UnknownParameter_D0_C0_0","parameterUnit":"Unknown","genProcessType":2,"genProcessTypeName":"Forecast","forecastTime":120,"surface1Type":1,"surface1TypeName":"Ground or water surface","surface1Value":0.0,"surface2Type":255,"surface2TypeName":"Missing","surface2Value":0.0,"gridDefinitionTemplate":0,"gridDefinitionTemplateName":"Latitude_Longitude","numberPoints":688,"shape":6,"shapeName":"Earth spherical with radius of 6,371,229.0 m","gridUnits":"degrees","resolution":48,"winds":"true","scanMode":64,"nx":43,"ny":16,"basicAngle":0,"lo1":45.0,"la1":40.0,"lo2":87.0,"la2":55.0,"dx":1.0,"dy":1.0}, "data":
[rows 0 to 15 of 16, columns 0 to 42 of 43]
292.8833,287.7833,305.7833,315.7833,318.8833,297.9833,297.0833,295.4833,315.8833,317.6833,318.2833,319.6833,318.7833,315.5833,318.6833,318.2833,318.7833,313.3833,311.9833,325.8833,325.6833,323.4833,321.4833,327.1833,322.1833,321.7833,319.0833,308.0833,305.1833,305.7833,308.6833,320.7833,323.0833,323.2833,330.0833,328.7833,322.7833,326.3833,325.3833,327.8833,335.0833,338.3833,332.8833
292.1833,307.1833,306.4833,294.0833,302.0833,296.8833,296.6833,295.0833,309.4833,318.2833,317.9833,310.9833,315.9833,315.2833,316.3833,317.4833,317.7833,319.6833,324.7833,314.7833,331.7833,326.4833,329.5833,325.0833,322.5833,320.3833,322.2833,324.6833,318.8833,299.2833,306.6833,302.8833,304.8833,300.0833,312.6833,320.6833,325.6833,326.7833,329.2833,329.0833,328.1833,327.2833,328.1833
293.3833,288.4833,291.5833,301.1833,296.5833,296.4833,296.4833,294.3833,317.1833,314.8833,314.6833,314.6833,315.8833,315.5833,315.2833,314.6833,318.4833,311.8833,321.1833,326.8833,328.4833,331.2833,330.2833,325.9833,324.2833,312.0833,299.8833,299.6833,305.3833,303.7833,301.4833,295.1833,300.8833,297.0833,310.5833,272.3833,299.9833,312.2833,316.1833,319.9833,324.4833,314.4833,285.8833
293.4833,296.5833,306.0833,296.3833,296.2833,296.4833,295.6833,312.6833,312.1833,312.2833,312.1833,312.0833,312.7833,314.1833,311.8833,314.8833,315.1833,317.0833,326.6833,324.1833,324.8833,333.0833,334.7833,331.3833,327.2833,319.7833,325.0833,326.8833,321.6833,320.8833,320.1833,301.8833,298.5833,297.2833,302.6833,304.2833,303.8833,303.4833,300.0833,297.2833,301.0833,296.2833,293.4833
304.2833,307.4833,307.2833,297.0833,297.2833,296.3833,299.9833,310.5833,312.4833,310.2833,310.1833,312.9833,313.2833,312.7833,294.6833,294.1833,306.6833,318.2833,320.8833,330.0833,329.6833,334.7833,325.5833,327.9833,321.5833,321.9833,323.8833,322.8833,323.7833,317.3833,319.2833,320.7833,323.2833,319.7833,323.0833,326.4833,331.6833,321.5833,298.0833,299.2833,299.8833,312.8833,317.4833
306.2833,306.7833,309.5833,297.5833,297.2833,297.6833,304.4833,311.6833,311.6833,314.4833,311.0833,311.6833,314.0833,313.0833,295.1833,294.5833,291.7833,314.8833,329.0833,323.4833,322.4833,320.5833,320.4833,321.4833,321.6833,321.2833,321.2833,321.6833,319.4833,312.1833,319.0833,317.6833,318.8833,318.2833,302.9833,298.2833,302.1833,312.7833,311.3833,323.7833,323.7833,320.5833,320.0833
305.1833,307.6833,307.5833,307.5833,298.1833,296.8833,297.0833,296.6833,312.9833,309.7833,309.6833,312.0833,314.2833,315.0833,295.9833,293.8833,303.4833,318.4833,325.2833,320.9833,318.3833,318.7833,319.3833,319.4833,320.7833,320.0833,319.2833,316.6833,316.5833,290.6833,319.4833,317.5833,314.8833,313.8833,315.9833,313.2833,309.6833,307.5833,306.1833,309.2833,328.2833,324.8833,319.3833
306.2833,306.0833,306.1833,306.0833,307.5833,307.6833,305.9833,310.6833,309.5833,309.5833,305.2833,310.9833,313.1833,312.3833,306.2833,312.0833,316.4833,307.7833,323.2833,320.6833,317.1833,317.1833,317.1833,317.1833,317.6833,317.4833,315.1833,314.3833,315.8833,319.3833,320.8833,322.3833,319.4833,317.6833,317.5833,319.8833,322.3833,317.8833,307.1833,302.1833,297.1833,302.2833,314.2833
305.2833,304.7833,306.2833,306.7833,305.8833,305.7833,307.1833,306.9833,308.2833,306.4833,306.5833,309.4833,311.1833,310.0833,312.6833,299.1833,307.8833,314.5833,320.5833,314.6833,316.1833,315.9833,316.6833,318.4833,316.2833,314.5833,314.3833,309.5833,311.5833,314.3833,313.6833,315.7833,312.9833,314.6833,311.2833,307.9833,309.9833,315.6833,315.9833,288.2833,309.8833,309.6833,305.3833
293.1833,303.0833,305.3833,305.9833,304.1833,303.7833,305.1833,304.7833,306.1833,306.5833,304.7833,306.2833,308.4833,309.6833,308.0833,307.0833,303.8833,312.9833,309.1833,310.6833,311.1833,314.3833,311.6833,309.4833,310.3833,311.0833,311.3833,313.8833,309.3833,309.7833,308.8833,307.3833,307.1833,305.9833,307.5833,307.6833,308.0833,304.0833,306.9833,302.7833,294.6833,290.6833,294.0833
300.8833,301.3833,302.7833,303.4833,303.0833,301.5833,303.9833,304.2833,305.5833,305.0833,304.4833,302.6833,306.4833,304.9833,306.8833,308.1833,307.1833,308.7833,311.1833,312.1833,311.4833,316.1833,313.8833,311.9833,313.3833,312.2833,310.8833,311.3833,310.9833,308.3833,306.9833,306.8833,306.7833,308.0833,308.2833,308.7833,306.7833,303.5833,297.0833,293.4833,296.5833,293.4833,281.9833
295.9833,295.3833,299.6833,299.7833,299.5833,299.5833,299.1833,301.3833,301.9833,301.9833,297.9833,301.9833,302.0833,301.7833,302.6833,301.2833,306.6833,303.2833,304.4833,308.0833,311.5833,312.4833,314.4833,312.0833,308.7833,307.5833,305.3833,305.3833,303.1833,309.6833,310.0833,311.1833,310.3833,310.8833,308.4833,303.6833,300.3833,298.9833,293.3833,292.6833,287.0833,291.3833,284.2833
296.0833,296.6833,297.0833,298.4833,297.8833,297.8833,299.0833,298.7833,298.8833,296.4833,298.3833,299.4833,299.1833,298.8833,302.8833,297.1833,302.7833,304.1833,302.0833,303.6833,308.9833,307.9833,302.1833,302.6833,300.8833,304.6833,302.7833,305.2833,306.9833,310.3833,311.5833,310.0833,306.3833,309.3833,305.5833,302.8833,299.6833,299.9833,297.5833,298.8833,293.7833,293.0833,292.8833
295.1833,290.0833,293.0833,293.6833,296.7833,296.1833,297.0833,296.8833,297.4833,299.9833,298.7833,297.0833,295.3833,296.7833,300.7833,299.9833,298.9833,300.7833,299.2833,301.5833,304.8833,302.8833,301.4833,300.9833,303.1833,300.5833,305.5833,307.2833,310.0833,308.8833,307.5833,305.4833,306.2833,306.0833,303.5833,302.5833,300.0833,297.7833,298.4833,295.5833,295.6833,296.8833,290.0833
288.3833,289.8833,295.4833,294.8833,293.5833,297.2833,296.6833,295.8833,295.6833,293.8833,296.5833,296.7833,295.6833,295.5833,297.5833,299.8833,298.8833,297.3833,299.1833,300.5833,300.9833,302.4833,302.3833,301.4833,302.5833,302.6833,303.2833,305.2833,304.5833,303.2833,301.7833,302.8833,303.6833,307.1833,306.6833,299.4833,298.3833,298.1833,296.7833,296.0833,297.1833,293.3833,294.8833
292.1833,294.9833,295.1833,296.0833,290.5833,296.9833,296.1833,296.0833,295.9833,295.0833,295.9833,296.8833,296.0833,296.7833,298.4833,299.0833,298.1833,297.9833,298.0833,298.9833,299.7833,299.7833,297.7833,300.0833,300.4833,299.4833,298.9833,298.8833,300.1833,300.1833,299.7833,301.2833,299.1833,290.7833,297.8833,303.1833,300.4833,298.3833,294.4833,293.5833,295.0833,293.9833,295.6833
