wind_kz.json
{"header": {"discipline":0,"disciplineName":"Meteorological products","gribEdition":2,"gribLength":1025,"center":7,"centerName":"US National Weather Service - NCEP(WMC)","subcenter":0,"refTime":"2023-09-21T18:00:00.000Z","significanceOfRT":1,"significanceOfRTName":"Start of forecast","productStatus":0,"productStatusName":"Operational products","productType":1,"productTypeName":"Forecast products","productDefinitionTemplate":0,"productDefinitionTemplateName":"Analysis/forecast at horizontal level/layer at a point in time","parameterCategory":2,"parameterCategoryName":"UnknownDiscipline_0_Category_2","parameterNumber":3,"parameterNumberName":"UnknownParameter_D0_C2_3","parameterUnit":"Unknown","genProcessType":2,"genProcessTypeName":"Forecast","forecastTime":120,"surface1Type":103,"surface1TypeName":"Specified height level above ground","surface1Value":10.0,"surface2Type":255,"surface2TypeName":"Missing","surface2Value":0.0,"gridDefinitionTemplate":0,"gridDefinitionTemplateName":"Latitude_Longitude","numberPoints":615,"shape":6,"shapeName":"Earth spherical with radius of 6,371,229.0 m","gridUnits":"degrees","resolution":48,"winds":"true","scanMode":64,"nx":41,"ny":15,"basicAngle":0,"lo1":47.0,"la1":41.0,"lo2":87.0,"la2":55.0,"dx":1.0,"dy":1.0}, "data":
[rows 0 to 14 of 15, columns 0 to 40 of 41]
-0.027282715,-0.45728272,-0.24728271,-5.0272827,-5.0472827,-6.177283,-2.3672826,-1.7372828,-2.6372826,-2.8872826,-2.9372828,-3.0172827,-3.4672828,-3.2372828,-1.1072828,-1.5572827,-2.3672826,-1.7272828,-3.7472827,-1.1772827,-1.9272827,-2.3672826,-2.7172828,-0.18728271,-1.2872827,0.41271728,-0.6772827,0.9827173,2.8327172,4.7527175,1.3727173,1.5827173,0.8927173,1.1527172,2.7827172,0.6427173,-1.0672827,2.1127174,1.8227173,0.3327173,1.1827173
-0.2772827,0.7627173,0.35271728,-2.1072826,-5.5172825,-5.2572827,-4.407283,-1.2172828,-2.4172828,-3.7372828,-5.097283,-5.657283,-4.4172826,-3.5272827,-3.7972827,-3.2772827,-1.3472828,-2.9672828,-4.827283,-4.1072826,-1.5672827,-1.7472827,0.112717286,0.9427173,0.87271726,0.17271729,-2.6172826,0.5327173,-0.8572827,0.68271726,2.0527172,3.7627172,1.3427173,-1.1472827,-0.7172827,-0.23728271,-0.8272827,-1.0472827,-0.9072827,-0.99728274,2.0227172
2.5927172,2.6727173,0.45271727,-3.7072828,-4.407283,-3.1772828,-3.7372828,-0.9672827,-1.2572827,-3.3372827,-4.097283,-4.217283,-4.4772825,-4.367283,-3.9172828,-3.7472827,-3.8572826,-3.3872826,-3.7872827,-0.74728274,-0.35728273,-3.9572828,-3.6072826,-1.2472827,-0.39728272,0.2727173,-0.13728271,0.75271726,-0.097282715,1.1627173,3.8427172,1.5727173,1.7027173,-1.0872827,-0.8872827,3.1427174,3.9427173,0.93271726,0.7927173,1.2627172,0.9027173
-0.057282716,-0.62728274,-3.8572826,-4.0172825,-3.5472827,-3.0572827,-3.0572827,-3.6972828,0.4327173,-1.6572827,-3.6672828,-6.0472827,-7.2372828,-5.4572825,-3.5472827,-4.177283,-4.6672826,-4.4972825,-4.327283,-5.2572827,-3.6872828,-2.2972827,0.18271728,-3.0072827,-3.2572827,-3.4472828,-4.197283,-1.8972827,-0.2872827,-1.5172827,-2.3072827,-1.3472828,-1.3372827,1.5727173,0.9427173,-2.7472827,-0.68728274,2.6327174,0.18271728,0.26271728,0.6427173
-0.6372827,-1.1072828,-1.5872827,-2.3272827,-2.9372828,-2.6072826,-3.0472827,-2.3472826,-0.23728271,0.50271726,-1.7972827,-2.9772828,-4.9972825,-5.9372826,-5.7472825,-3.5872827,-3.5772827,-3.1572828,-2.9772828,-3.9872828,-3.8272827,-1.9372827,-0.62728274,-1.3972827,-2.0472827,-3.0072827,-3.1372826,-3.0472827,-2.6372826,-3.1572828,-2.7672827,-0.5872827,1.8527173,2.5927172,-0.29728273,-2.4772828,1.1127173,-2.0272827,-1.0272827,-0.87728274,-1.6872827
1.1027173,-0.037282716,-0.5172827,-1.6772827,-3.5272827,-2.6872828,-1.7972827,-2.4172828,-2.5572827,-3.1172826,-2.0072827,-2.3572826,-3.7372828,-5.0672827,-4.537283,-4.3372827,-4.1672826,-3.5072827,-2.9672828,-2.4472828,-3.1372826,-2.5072827,-1.7572827,1.0227172,-0.047282714,-1.4172827,-2.1072826,-2.8972826,-2.9272828,-2.3072827,-2.0672827,-2.4772828,-2.9072828,-0.6772827,1.4727173,9.222717,1.9727173,4.212717,0.8327173,-0.94728273,-0.7772827
2.6827173,2.1427174,1.8027173,1.3327173,-0.2872827,-0.4472827,-0.29728273,1.3427173,0.3427173,0.09271728,-0.3472827,-0.74728274,-2.2472827,-2.8872826,-3.1272826,-3.6272826,-4.217283,-4.2472825,-1.2472827,-2.7772827,-3.6372826,-4.2072825,-3.8372827,-3.1172826,0.09271728,-0.7972827,-2.6972828,-2.2172828,-3.1672828,-2.4972827,-2.6472826,-4.657283,-4.2772827,0.9227173,0.36271727,-0.93728274,-2.4972827,-1.5572827,1.0827173,-0.14728272,1.9727173
1.4027172,1.1327173,0.55271727,0.29271728,-2.6672828,0.35271728,-1.8972827,-3.1272826,-1.8672827,0.68271726,0.5827173,1.4527173,-0.18728271,-1.3372827,-2.3272827,-2.9572828,-3.3072827,-3.2672827,-2.8172827,-0.69728273,-2.5172827,-3.2272828,-4.057283,-3.3572826,-2.2272828,-1.5872827,-2.9272828,-1.5472827,-0.8672827,-2.4472828,-2.3572826,-2.2172828,-3.4272828,-3.6872828,-0.45728272,0.26271728,0.24271728,0.8427173,-1.7972827,-0.14728272,-1.5272827
-0.5872827,-2.3572826,-1.4672828,-3.9872828,-4.287283,-2.6072826,0.19271728,-2.7872827,-3.6072826,-2.0972826,-3.4772828,1.4527173,1.4427173,1.6127173,0.4027173,-1.6472827,-1.7772827,-1.8472828,-1.1672827,-0.7372827,-1.6272827,-1.9772828,-0.45728272,-1.1772827,-2.0472827,-1.6072828,-1.9672828,-1.4372827,-1.7572827,-1.5472827,-0.42728272,-0.24728271,0.38271728,-1.0372827,0.99271727,0.81271726,-2.0272827,0.74271727,0.8827173,0.0027172852,-3.1472826
-3.2172828,-3.3572826,-2.7172828,-2.6772828,-3.0872827,-2.3372827,-2.9672828,-3.0872827,-1.2572827,-2.4072828,-2.1072826,-2.9372828,-2.6772828,-2.3772826,0.6627173,1.1627173,1.0327172,1.5927173,0.56271726,-0.50728273,-0.6372827,-2.3172827,1.6527172,2.0927172,1.7127173,-0.9272827,-0.13728271,-0.22728272,0.052717283,-0.8672827,1.3327173,1.9627173,1.7927173,1.0227172,0.14271729,0.75271726,0.3427173,-1.9272827,-0.4972827,1.8727173,2.6227174
-2.9272828,-4.537283,-3.4572828,-3.5772827,-3.3372827,-3.3572826,-3.4072828,-2.9072828,-3.5472827,-4.967283,-3.4472828,-2.0372827,-2.5772827,-2.2472827,-2.2572827,-2.0372827,-4.8972826,-1.9472827,-2.2372828,-1.5172827,-2.8172827,-1.4172827,-0.5772827,-1.6872827,1.5027173,0.032717284,0.6727173,-0.027282715,1.4127173,0.9027173,2.9227173,3.4827173,2.6227174,1.7827172,0.8427173,0.48271728,0.4627173,1.8627173,1.1227173,1.3027173,0.082717285
-1.2672827,-2.7972827,-3.7372828,-3.0372827,-2.8372827,-3.0772827,-3.0672827,-2.4072828,-3.2272828,-3.6472826,-2.0472827,-3.0172827,-3.3272827,-4.1472826,-3.8572826,-3.7072828,-4.347283,-4.217283,-3.4272828,-3.6372826,-3.5272827,-3.3772826,-3.7572827,-0.3472827,0.3727173,-0.3472827,0.2827173,-0.50728273,0.4927173,2.2827172,2.4527173,3.5927172,2.5227172,2.3127172,1.6127173,0.74271727,0.38271728,2.1027174,2.1027174,1.7327173,0.7227173
-0.8372827,-0.9572827,-3.1972828,-2.1872828,-2.6472826,-1.9872828,-2.3172827,-1.8772827,-2.1872828,-2.0972826,-1.8472828,-1.6072828,-2.2172828,-3.1372826,-3.2572827,-3.1872828,-3.2572827,-3.3972826,-3.6572828,-3.3672826,-2.8972826,-2.3672826,-2.1272826,-2.2772827,-3.8372827,0.09271728,0.44271728,0.4727173,2.4127173,1.9827173,2.0927172,3.1427174,3.2927172,3.1627173,2.9027174,2.7627172,1.7927173,1.1327173,0.5727173,-0.097282715,-0.007282715
-1.0872827,-0.4472827,-2.1672828,-2.6772828,-2.2572827,-1.3672827,-2.4072828,-3.0472827,-0.16728272,-2.1372826,-0.7272827,-1.3072827,-1.2172828,-1.8972827,-2.9072828,-3.2472827,-2.3272827,-2.9172828,-3.2172828,-2.8672826,-3.2672827,-3.7372828,-3.6972828,-3.1972828,-2.8572826,-3.5572827,-2.6172826,2.1027174,1.4727173,2.1827173,2.5827172,2.9927173,3.4227173,3.7027173,2.5727172,2.8027172,2.5627172,1.7627172,1.6327173,1.6727173,0.8227173
-0.10728271,-1.4172827,-0.7772827,-0.6772827,-2.1272826,-0.9672827,-0.74728274,-1.7372828,-2.8372827,-2.3372827,-0.7272827,-0.9772827,0.8227173,-0.45728272,-2.5772827,-2.8572826,-1.7872827,-2.3372827,-2.1072826,-2.0072827,-2.3472826,-3.3672826,-3.4972827,-2.6872828,-1.6872827,-2.0872827,-3.3372827,-2.2072828,0.4627173,1.6527172,3.4627173,4.032717,3.2927172,3.4227173,3.5427172,3.5427172,3.6427174,3.4227173,2.8527174,3.9227173,1.0827173
