wind_kz.json
{"header": {"discipline":0,"disciplineName":"Meteorological products","gribEdition":2,"gribLength":1025,"center":7,"centerName":"US National Weather Service - NCEP(WMC)","subcenter":0,"refTime":"2023-09-26T12:00:00.000Z","significanceOfRT":1,"significanceOfRTName":"Start of forecast","productStatus":0,"productStatusName":"Operational products","productType":1,"productTypeName":"Forecast products","productDefinitionTemplate":0,"productDefinitionTemplateName":"Analysis/forecast at horizontal level/layer at a point in time","parameterCategory":2,"parameterCategoryName":"UnknownDiscipline_0_Category_2","parameterNumber":3,"parameterNumberName":"UnknownParameter_D0_C2_3","parameterUnit":"Unknown","genProcessType":2,"genProcessTypeName":"Forecast","forecastTime":0,"surface1Type":103,"surface1TypeName":"Specified height level above ground","surface1Value":10.0,"surface2Type":255,"surface2TypeName":"Missing","surface2Value":0.0,"gridDefinitionTemplate":0,"gridDefinitionTemplateName":"Latitude_Longitude","numberPoints":615,"shape":6,"shapeName":"Earth spherical with radius of 6,371,229.0 m","gridUnits":"degrees","resolution":48,"winds":"true","scanMode":64,"nx":41,"ny":15,"basicAngle":0,"lo1":47.0,"la1":41.0,"lo2":87.0,"la2":55.0,"dx":1.0,"dy":1.0}, "data":
[rows 0 to 14 of 15, columns 0 to 40 of 41]
3.9304054,-1.2095947,-0.9795947,-2.8295946,-3.7795947,-5.6595945,-3.4795947,-2.3395948,-2.4095948,-3.5195947,-5.1195946,-4.6395946,-4.629595,-2.7795947,-1.7795948,-3.9695947,-6.1195946,-1.6995947,-0.27959472,-2.0495946,-2.6695948,-3.0795946,-3.5495946,0.92040527,2.8204052,1.6504053,1.1204053,0.67040527,-1.9795947,-2.8295946,-0.93959475,2.0204053,0.9004053,4.2504053,1.9404052,2.4204054,-0.32959473,-1.4395947,1.5204053,3.2304053,0.8304053
-0.9195947,1.4904053,1.9604052,-0.9595947,-2.7995946,-4.6195946,-2.4095948,-1.8495947,-2.4695947,-3.7195947,-5.0195947,-5.8495946,-4.8095946,-5.089595,-3.3095946,-2.5295947,-0.9795947,-4.489595,-3.8995948,-1.8095948,-2.2595947,-2.5595946,-2.9295948,-2.7595947,1.6404053,0.43040526,0.9604053,0.8304053,0.47040528,-2.4895947,-1.3295947,-2.6395948,-2.5195947,-3.4095948,0.61040527,3.8704052,1.7604053,3.1304052,1.5704052,0.7804053,1.5804052
0.86040527,2.8504052,1.5304053,-0.059594728,-0.44959474,-1.3695947,-1.8095948,-2.3195946,-2.4095948,-3.5295947,-5.4295945,-6.9295945,-6.969595,-5.379595,-4.8495946,-2.3395948,-3.2995946,-4.589595,-0.39959472,-3.0795946,-2.2895947,-5.109595,-3.3995948,-1.2495947,-1.5295948,-0.7695947,-1.8395947,-0.20959473,0.47040528,-1.5295948,-1.2795948,-1.7095947,-2.2895947,-2.9195948,-0.8595947,-1.6695948,-2.7495947,-4.589595,-1.3095948,1.0804052,0.6404053
0.31040528,1.1004052,0.9104053,-0.21959473,-1.7195947,-1.8195947,-1.8995948,-3.1695948,-2.8995948,-2.9995947,-3.3495948,-5.8295946,-7.049595,-8.989594,-6.0195947,-4.379595,-4.7495947,-6.2495947,-5.5995946,-4.4095945,-3.1795948,-3.2795947,-0.57959473,-1.9095948,-1.9595947,-3.4695947,-3.2695947,-2.5995948,-2.2295947,-3.1695948,-4.7695947,-3.7495947,3.0804052,0.92040527,-0.20959473,0.86040527,1.5704052,2.7604053,-1.7995948,-1.4995947,-1.6695948
-0.079594724,-0.7895947,-1.5395948,-3.5995948,-5.6195946,-1.5095947,-2.5895948,-2.0795946,-2.5595946,-3.7795947,-3.5895948,-2.4695947,-5.279595,-6.319595,-5.7895947,-4.4595947,-4.1995945,-4.509595,-3.7395947,-3.0595946,-2.2895947,-1.4995947,-1.3895947,-1.8195947,-0.93959475,-2.3995948,-2.8695948,-7.1395946,-2.4995947,-2.5595946,-4.259595,-3.7495947,-2.1395948,-1.7895948,0.16040528,1.6804053,-7.9595947,0.47040528,1.6504053,-2.4195948,0.93040526
0.74040526,1.3804053,-1.0695947,-1.4395947,-1.4395947,-3.5895948,-1.6295947,-1.9895947,-2.1495948,-2.9295948,-3.1395948,-3.2795947,-0.45959473,-2.7995946,-6.299595,-4.1395946,-3.4795947,-3.8295946,-3.1695948,-1.7095947,-1.6095947,-2.2195947,-1.6495948,-1.7095947,-1.7295947,-1.6595948,0.17040527,0.8904053,-2.4995947,-2.1795948,-1.9295948,-1.2195947,-1.6295947,-1.5595948,-0.019594727,-6.2295947,-0.029594727,-5.6795945,-4.419595,-7.5995946,-6.0595946
-0.5995947,0.7004053,2.7104053,3.0504053,4.010405,-0.88959473,-0.50959474,-0.7995947,-2.0595946,-2.5695946,-2.5295947,-2.3195946,-3.5195947,-3.5395947,-3.1795948,-3.3295946,-3.0395947,-3.0695946,-1.7195947,-1.7795948,-1.1995947,-1.1395947,-1.2295947,-1.8495947,-0.8595947,-0.88959473,-1.8195947,-3.5495946,-2.7495947,-2.9195948,-3.2795947,-3.8895948,-5.129595,-3.5695946,-3.6295948,-2.5595946,-3.2795947,-3.7995946,-5.4495945,-0.9895947,-3.3195946
0.21040528,0.93040526,0.7204053,0.18040527,-1.2595947,-2.4595947,-3.0595946,-2.5095947,-2.0695946,-4.069595,-3.1195948,-2.4595947,-3.5995948,-3.9495947,-1.7895948,-2.8995948,-2.4795947,-1.8695947,-1.4795947,-0.5195947,-1.5895947,0.39040527,-0.80959475,-1.4595947,-1.4095948,-2.6495948,-3.5595946,-4.779595,-4.1795945,-3.8495948,-3.0695946,-3.9695947,-5.0795946,-6.4495945,-4.919595,-4.1995945,-4.1395946,-7.1995945,-3.0495946,-1.2995948,0.17040527
1.2104052,0.7204053,-0.08959473,-0.94959474,-2.0995948,-4.2695947,-3.8295946,-5.279595,-4.3495946,-3.2095947,-4.399595,-4.819595,-1.9195948,-1.3395947,-2.4395947,-3.9195948,-1.3995948,-0.99959475,-0.12959473,-1.7695947,-2.0595946,-2.1095948,-2.3995948,-3.0595946,-2.7495947,-2.9495947,-3.5195947,-3.5595946,-2.4495947,-2.7695947,-3.7695947,-3.5495946,-3.3995948,-3.4295948,-3.5095947,-4.529595,-3.1495948,-3.5695946,-4.779595,-3.3095946,-2.8495948
0.48040527,1.6904052,-0.26959473,-1.5195947,-1.3495947,-5.5395947,-4.3695946,-4.4095945,-4.4795947,-5.0195947,-4.759595,-3.5595946,-2.5795946,-4.759595,-2.4795947,-2.8395948,-1.9195948,-1.2895948,1.0304053,0.31040528,-0.57959473,-0.5895947,-2.4195948,-2.1495948,-2.4895947,-2.8995948,-3.8095946,-3.1095948,-3.1195948,-1.1195947,-1.7395947,-0.49959472,-1.7195947,-3.3195946,-4.6795945,-4.8295946,-1.7495947,-3.8995948,-2.1195948,-1.8495947,-2.1195948
-1.2595947,-1.3795947,-1.8295947,-3.1395948,-4.0795946,-4.8695946,-5.169595,-4.7695947,-4.6995945,-5.009595,-5.2095947,-4.399595,-3.8795948,-4.629595,-4.129595,-3.4895947,-4.169595,-0.5195947,-0.029594727,0.41040528,-0.6095947,-0.7295947,-1.2595947,-1.9195948,-2.2795947,-2.9295948,-1.7695947,-2.8795948,-2.8595948,-0.29959473,1.0304053,1.1004052,-0.3795947,-1.6395947,-3.0095947,-3.7695947,-2.1695948,0.7804053,-2.2795947,-2.1695948,-2.2895947
-2.1895947,-3.9595947,-3.2895947,-3.8495948,-4.5995946,-4.669595,-4.8095946,-4.129595,-4.529595,-4.3095946,-4.719595,-3.9895947,-5.239595,-5.009595,-4.9995947,-4.569595,-3.0295947,-3.5595946,-0.99959475,-1.6995947,-1.5995947,-1.0095947,0.17040527,-0.74959475,-0.7695947,-1.5595948,-2.1595948,-1.5695947,-1.2195947,2.6204052,2.3404052,1.5204053,0.43040526,0.010405273,-0.11959472,-0.6695947,-1.5495948,-2.6795948,-1.2795948,-1.5695947,-0.43959472
0.020405274,-1.6195947,-4.029595,-3.1395948,-3.4195948,-2.6395948,-3.9495947,-4.799595,-5.279595,-4.1895947,-3.6495948,-4.2095947,-5.4595947,-5.549595,-5.6995945,-5.9395947,-5.8695946,-6.2495947,-4.4595947,-2.1895947,-1.6495948,-0.94959474,-0.28959474,-0.61959475,-0.62959474,-1.0995947,-1.7795948,0.39040527,1.9704052,2.9604053,2.9604053,2.7104053,1.7504053,1.5604053,0.93040526,0.88040525,0.80040526,0.67040527,-0.22959472,-0.31959474,-1.6895947
-2.8395948,-2.4595947,-3.1795948,-3.3495948,-3.8795948,-3.8595948,-4.1595945,-4.4095945,-4.279595,-5.089595,-2.9195948,-2.0195947,-4.469595,-4.669595,-4.4595947,-5.089595,-3.1895947,-4.8295946,-6.2095947,-4.5995946,-3.8695948,-2.1595948,-0.61959475,-0.28959474,-0.5895947,-0.88959473,-0.3495947,1.5204053,3.2404053,4.720405,3.7304053,3.5604053,3.1004052,2.8604052,2.4304054,1.6804053,1.8304052,1.4604052,0.8304053,-1.0195947,-1.5195947
-1.9895947,-2.6095948,0.17040527,-3.5895948,-3.6895947,-3.5595946,-4.0395947,-4.1995945,-4.5795946,-3.9795947,-2.7095947,-3.1595948,-2.5995948,-3.2495947,-5.5195947,-3.7695947,-4.7095947,-4.549595,-3.6895947,-1.9495947,-4.509595,-6.4295945,-5.669595,-3.1595948,-1.1095947,-0.019594727,0.08040527,2.0504053,3.4504054,5.0904055,5.120405,3.8804052,3.1304052,3.2604053,2.6004052,2.8804052,1.3004053,1.2004052,1.0804052,0.69040525,-0.31959474
