wind_kz.json
{"header": {"discipline":0,"disciplineName":"Meteorological products","gribEdition":2,"gribLength":1025,"center":7,"centerName":"US National Weather Service - NCEP(WMC)","subcenter":0,"refTime":"2023-09-10T06:00:00.000Z","significanceOfRT":1,"significanceOfRTName":"Start of forecast","productStatus":0,"productStatusName":"Operational products","productType":1,"productTypeName":"Forecast products","productDefinitionTemplate":0,"productDefinitionTemplateName":"Analysis/forecast at horizontal level/layer at a point in time","parameterCategory":2,"parameterCategoryName":"UnknownDiscipline_0_Category_2","parameterNumber":2,"parameterNumberName":"UnknownParameter_D0_C2_2","parameterUnit":"Unknown","genProcessType":2,"genProcessTypeName":"Forecast","forecastTime":300,"surface1Type":103,"surface1TypeName":"Specified height level above ground","surface1Value":10.0,"surface2Type":255,"surface2TypeName":"Missing","surface2Value":0.0,"gridDefinitionTemplate":0,"gridDefinitionTemplateName":"Latitude_Longitude","numberPoints":615,"shape":6,"shapeName":"Earth spherical with radius of 6,371,229.0 m","gridUnits":"degrees","resolution":48,"winds":"true","scanMode":64,"nx":41,"ny":15,"basicAngle":0,"lo1":47.0,"la1":41.0,"lo2":87.0,"la2":55.0,"dx":1.0,"dy":1.0}, "data":
[rows 0 to 14 of 15, columns 0 to 40 of 41]
-3.221626,-0.39162597,0.81837404,2.428374,-0.63162595,-0.18162598,-0.82162595,-8.991626,-9.7716255,-7.641626,-6.231626,-6.091626,-5.461626,-4.111626,-3.061626,-2.521626,-3.961626,-4.0316257,-5.211626,-2.861626,-1.261626,0.11837402,0.828374,0.048374023,1.1483741,-2.721626,-2.341626,-0.05162598,1.958374,0.828374,1.518374,1.758374,0.47837403,-0.87162596,-3.471626,-3.501626,-1.9716259,-1.431626,-0.88162595,-0.61162597,-0.25162598
2.198374,0.828374,1.848374,0.47837403,-4.061626,-9.441626,-9.141626,-10.371626,-8.761626,-7.581626,-6.0316257,-5.171626,-3.1616259,-1.951626,-3.261626,-4.271626,-2.9116259,-4.421626,-4.121626,-1.9616259,0.018374024,0.718374,1.0383741,-0.68162596,1.228374,0.39837402,-0.831626,0.68837404,-2.321626,1.268374,1.248374,0.80837405,-0.671626,-1.901626,-0.0016259765,0.788374,-0.09162597,-0.591626,-0.50162596,1.048374,-0.401626
-2.371626,-2.4016259,-5.731626,-11.251626,-10.541626,-10.001626,-8.331626,-6.101626,-8.031626,-6.491626,-5.241626,-4.151626,-2.4116259,-2.771626,-2.831626,-3.301626,-3.581626,-2.921626,-2.321626,-0.82162595,1.708374,0.908374,-5.121626,-3.451626,1.098374,-0.11162598,0.32837403,1.228374,-2.931626,-1.301626,-0.121625975,1.2883741,-0.041625977,0.27837402,0.11837402,-2.301626,1.078374,-0.36162597,4.708374,2.758374,2.538374
-5.761626,-8.421626,-9.331626,-9.101626,-8.121626,-5.931626,-3.391626,-4.911626,-5.7816257,-5.221626,-3.761626,-3.451626,-3.641626,-2.921626,-2.011626,-2.521626,-3.081626,-2.541626,-1.751626,-1.041626,-0.541626,-3.681626,0.25837404,-1.001626,-0.831626,-1.931626,-2.211626,-5.351626,-0.891626,-1.8416259,-1.701626,-0.14162597,3.218374,5.798374,-0.971626,1.2783741,-2.261626,3.188374,-0.901626,0.858374,2.958374
-7.641626,-10.351626,-10.451626,-9.781626,-8.161626,-6.651626,-5.291626,-4.221626,-4.391626,-3.821626,-1.641626,-1.991626,-1.8516259,-1.521626,-2.511626,-0.951626,-1.651626,-1.401626,-0.831626,0.028374024,-0.46162596,-2.241626,-1.8416259,-1.801626,-2.321626,-2.021626,-2.671626,-1.861626,-2.081626,-2.361626,-1.521626,-0.951626,-1.4716259,1.468374,1.838374,1.2783741,2.278374,2.138374,2.608374,2.658374,2.778374
-5.881626,-4.181626,-7.571626,-7.321626,-6.801626,-5.601626,-3.721626,-3.761626,-2.731626,-2.631626,-2.221626,-1.401626,2.108374,1.138374,-0.43162596,-0.25162598,-1.551626,-0.80162597,0.13837403,0.44837403,-0.82162595,-1.761626,-1.131626,-1.921626,-2.001626,-1.9616259,-1.491626,2.498374,1.438374,0.728374,0.858374,1.878374,2.438374,0.38837403,1.078374,-1.781626,1.378374,3.388374,8.698374,0.798374,-1.121626
-3.9016259,-3.441626,-3.6516259,-3.921626,-3.721626,-5.901626,-6.001626,-4.331626,-3.331626,-2.431626,-1.921626,-1.661626,-0.901626,-3.021626,-2.4116259,-1.411626,-0.591626,1.738374,1.198374,1.128374,1.318374,0.058374025,-2.631626,-1.931626,-1.7116259,-1.111626,-0.18162598,0.15837403,0.26837403,0.788374,2.368374,2.428374,4.098374,2.108374,-1.881626,-0.93162596,-1.661626,2.368374,2.408374,-1.141626,1.228374
-2.021626,-1.561626,-3.581626,-4.5316257,-4.401626,-5.611626,-4.301626,-3.421626,-2.101626,-1.7216259,-1.361626,-0.75162596,-2.531626,-2.921626,-2.281626,-1.3516259,-2.861626,-3.871626,-3.721626,-3.101626,-2.421626,-1.9716259,-2.421626,-3.681626,-2.041626,-0.581626,0.738374,0.658374,0.23837402,-0.401626,0.348374,0.74837404,0.07837402,1.6583741,0.67837405,2.778374,0.658374,1.888374,2.708374,5.338374,-0.75162596
-3.951626,-3.331626,-2.051626,-3.751626,-3.501626,-3.181626,-2.841626,-2.731626,-2.471626,-1.3416259,-1.681626,-1.171626,-2.021626,-1.731626,-1.3416259,-1.781626,-2.301626,-2.721626,-3.241626,-2.331626,-1.651626,-0.961626,-1.041626,-0.841626,-1.761626,0.29837403,1.498374,-1.141626,-0.41162598,-0.13162598,-1.2216259,-1.491626,0.88837403,0.47837403,2.418374,-1.051626,0.11837402,-1.811626,0.10837402,0.968374,-0.13162598
-2.851626,-3.231626,-3.721626,-2.6616259,-2.791626,-2.201626,-2.621626,-0.911626,-0.041625977,-0.521626,-1.161626,0.03837402,0.098374024,-1.201626,-1.371626,-1.731626,-2.391626,-2.351626,-2.031626,-1.5916259,-1.6016259,-0.511626,0.28837404,0.50837404,0.548374,2.038374,3.388374,2.328374,1.588374,1.558374,0.918374,1.878374,2.428374,1.438374,0.788374,2.368374,-2.621626,-0.971626,-1.031626,0.898374,0.858374
0.378374,1.448374,0.768374,0.708374,-0.35162598,-2.061626,-2.531626,-1.8416259,-1.801626,-0.05162598,-0.38162598,0.28837404,1.348374,-1.261626,-0.47162598,-1.751626,-1.781626,-1.011626,-1.3516259,-1.281626,0.33837402,0.918374,1.748374,1.808374,1.888374,1.708374,2.0883741,1.3983741,2.528374,2.028374,2.178374,2.138374,2.998374,2.818374,1.478374,0.45837402,-0.591626,-0.25162598,-0.711626,1.3983741,0.22837402
-1.5816259,-2.611626,-2.321626,-2.761626,-0.891626,-1.281626,-1.421626,-0.721626,-0.57162595,-0.50162596,-1.141626,1.348374,0.69837403,1.578374,1.188374,1.058374,-1.751626,-1.111626,-0.25162598,1.868374,2.178374,2.658374,2.518374,2.608374,2.268374,1.6683741,1.938374,1.198374,2.908374,1.698374,2.318374,3.368374,2.828374,2.168374,1.9083741,0.598374,0.918374,2.288374,2.248374,3.808374,0.32837403
-0.55162597,-1.5916259,-3.071626,-2.771626,-0.841626,-0.981626,-0.891626,0.378374,-0.38162598,-0.80162597,-0.10162598,0.828374,1.298374,1.308374,0.438374,-1.551626,0.738374,1.928374,2.508374,2.058374,2.198374,2.198374,2.768374,2.938374,3.948374,3.068374,3.208374,2.458374,3.148374,1.998374,1.718374,1.818374,1.838374,0.348374,1.998374,2.618374,2.168374,1.468374,3.258374,2.508374,4.118374
-1.071626,-1.411626,-2.131626,-1.561626,-0.69162595,-0.521626,-0.48162597,-1.0916259,-0.17162597,0.23837402,-0.38162598,0.838374,1.2883741,0.86837405,1.5283741,1.758374,2.798374,1.598374,1.008374,3.218374,3.268374,3.538374,4.678374,3.908374,3.808374,3.538374,3.178374,3.758374,2.648374,3.738374,2.858374,2.3383741,2.818374,2.718374,2.648374,1.628374,2.328374,2.128374,2.038374,3.008374,4.618374
0.058374025,-0.30162597,-0.13162598,-0.341626,-0.021625977,0.348374,0.07837402,-0.311626,1.068374,0.81837404,-0.46162596,0.838374,1.498374,1.358374,2.978374,0.50837404,1.858374,2.568374,2.688374,3.988374,4.338374,4.418374,4.208374,4.138374,3.868374,3.528374,3.358374,3.008374,2.858374,2.918374,2.438374,3.488374,2.568374,2.608374,2.538374,2.768374,0.858374,1.328374,2.248374,4.038374,2.558374
