wind.json
{"header": {"discipline":0,"disciplineName":"Meteorological products","gribEdition":2,"gribLength":106064,"center":7,"centerName":"US National Weather Service - NCEP(WMC)","subcenter":0,"refTime":"2023-02-24T18:00:00.000Z","significanceOfRT":1,"significanceOfRTName":"Start of forecast","productStatus":0,"productStatusName":"Operational products","productType":1,"productTypeName":"Forecast products","productDefinitionTemplate":0,"productDefinitionTemplateName":"Analysis/forecast at horizontal level/layer at a point in time","parameterCategory":2,"parameterCategoryName":"Momentum","parameterNumber":3,"parameterNumberName":"V-component_of_wind","parameterUnit":"m.s-1","genProcessType":2,"genProcessTypeName":"Forecast","forecastTime":0,"surface1Type":103,"surface1TypeName":"Specified height level above ground","surface1Value":10.0,"surface2Type":255,"surface2TypeName":"Missing","surface2Value":0.0,"gridDefinitionTemplate":0,"gridDefinitionTemplateName":"Latitude_Longitude","numberPoints":65160,"shape":6,"shapeName":"Earth spherical with radius of 6,371,229.0 m","gridUnits":"degrees","resolution":48,"winds":"true","scanMode":64,"nx":360,"ny":181,"basicAngle":0,"lo1":0.0,"la1":-90.0,"lo2":359.0,"la2":90.0,"dx":1.0,"dy":1.0}, "data":
[rows 104 to 129 of 181, columns 116 to 173 of 360]
-10.927217,-10.447217,-10.527217,-9.407217,-2.1372168,-1.1972167,-4.357217,-1.0172168,0.2927832,-1.9872168,-1.4872168,-1.2972168,-1.1672168,-0.5872168,-0.7972168,-0.5172168,0.5827832,-2.8372169,-1.7672168,-2.7172167,-3.0672169,-3.4672167,-2.8272169,-1.7672168,-1.0172168,-1.7072167,-2.4072168,-2.4872167,-2.3172169,-1.9172168,-2.2272167,-1.1272168,-1.3072168,-1.7372168,-1.5472168,-0.4772168,-0.9872168,-1.1172168,-1.2772168,-1.5172168,-2.2172167,-2.6272168,-1.9472167,-3.2272167,-3.8772168,-3.6672168,-3.5972168,-2.6572168,-2.9272168,-1.8772168,-2.8372169,-3.6272168,-3.537217,-3.4772167,-4.607217,-5.8872166,-4.927217,-4.6172166
-11.327217,-11.247217,-10.847217,-10.697217,-1.9472167,-0.9972168,-2.547217,-0.21721679,0.6527832,-0.7472168,-1.4672168,-1.2172168,-0.5772168,0.2827832,0.3327832,0.062783204,0.2627832,0.4727832,0.3127832,-0.027216798,-0.9472168,-1.3772168,-2.1072168,-2.2072167,-1.6272168,-1.9572167,-2.0772169,-1.9072168,-1.3972168,-1.2072167,-0.3572168,-0.4272168,-0.6972168,-1.0372168,0.5027832,-0.31721678,-1.6872168,-0.8472168,-0.8072168,-0.8572168,-2.2372167,-2.1772168,-0.8072168,-1.4472167,-1.8772168,-3.1072168,-1.9272168,-2.5972168,-3.6172168,-4.467217,-3.807217,-3.9072168,-3.9672167,-4.7672167,-3.1672168,-4.417217,-5.5572166,-4.447217
-10.887217,-11.257216,-11.827217,-11.747217,-2.527217,-1.7572168,-2.2672167,-2.8572168,1.2927833,1.3227832,0.1627832,-1.2272168,-0.4272168,-0.027216798,0.2727832,0.5527832,-1.0172168,-1.7172168,-0.7872168,0.032783203,0.7227832,0.1327832,-0.117216796,-0.7572168,-1.2872168,-1.3072168,-1.0472168,-0.6972168,-0.7472168,-0.9072168,-0.8072168,0.7227832,0.062783204,0.2927832,-0.13721679,0.8627832,-1.1572168,-0.1272168,0.0827832,-0.4372168,-1.6972167,-2.307217,-1.5472168,-1.9572167,-1.2872168,-1.3072168,-3.2372167,-4.0172167,-4.0972166,-4.3872166,-4.407217,-3.3972168,-3.2672167,-3.797217,-4.567217,-4.897217,-4.7272167,-5.317217
-10.027217,-10.897217,-11.577217,-12.067217,-12.327217,-0.2072168,-0.7372168,-2.6472168,-0.3072168,1.6827832,1.3527832,0.6927832,-0.13721679,1.6127832,1.7627832,0.9127832,0.9427832,0.7427832,-1.1672168,-1.0472168,0.1027832,0.5027832,1.0427833,1.0927832,0.7627832,0.6227832,0.062783204,-0.5072168,1.0927832,-0.4572168,-0.8472168,-0.5872168,0.8127832,1.0427833,1.3327832,1.3427832,-1.1372168,0.062783204,1.9027832,-0.31721678,-0.4672168,-0.7372168,-1.8372169,-1.6972167,-0.7972168,-2.297217,-3.2472167,-4.337217,-3.8672168,-3.3972168,-3.9872167,-3.8972168,-3.027217,-3.4672167,-3.2372167,-3.3972168,-4.417217,-3.777217
-9.7172165,-9.907217,-10.907217,-11.297216,-13.987217,-0.2272168,0.2627832,-4.2072167,1.2527832,2.5227833,2.0927832,1.4627832,-0.9472168,0.8427832,1.6127832,1.4627832,2.4327831,2.442783,0.9727832,0.3127832,0.5127832,0.6127832,0.82278323,0.8627832,-0.027216798,-1.0672168,-1.1172168,-1.4672168,-1.3172168,-1.4472167,-1.0972168,-0.8872168,0.7927832,0.4427832,1.4827832,1.2927833,0.4927832,0.8027832,0.1927832,0.1527832,-0.2672168,-0.8172168,-0.2272168,-1.3072168,-1.2272168,-2.287217,-2.537217,-1.8772168,-1.9072168,-2.3772168,-2.6972167,-2.4772167,-3.557217,-3.7372167,-3.9472167,-4.0772166,-4.487217,-5.4372168
-10.127216,-9.067217,-10.2172165,-10.687217,-12.287217,-12.127216,-12.327217,-9.497217,3.3427832,3.0327833,3.1327832,3.0327833,1.2527832,0.012783203,2.3827832,2.4827833,1.4027832,2.6127832,2.3827832,2.2327833,2.6727831,2.462783,0.3227832,0.9727832,0.8127832,-0.5672168,-0.8572168,-1.5572168,-1.5272168,-1.9372168,-1.2372168,1.0627832,0.1127832,1.8227832,2.212783,1.6127832,2.0627832,1.4027832,0.6827832,1.2727832,1.0527833,-0.8672168,-0.7072168,-1.5572168,-1.1772168,-1.2372168,-0.7972168,-0.9872168,-1.9272168,-1.5172168,-2.3872168,-2.057217,-2.9672167,-3.4172168,-3.4572167,-4.257217,-4.7472167,-5.9772167
-9.477217,-10.177217,-10.307217,-10.237217,-11.917217,-13.407217,-15.117217,-12.847217,-4.197217,1.3827832,2.1227832,2.5127833,2.222783,1.8427832,0.5827832,2.1127832,2.1327832,2.8927832,2.722783,2.3227832,2.6127832,2.1827831,1.1527832,1.1427832,0.6127832,0.9127832,-0.67721677,-0.92721677,-1.0672168,-2.7672167,-0.8672168,-0.24721679,1.1427832,2.1827831,1.7127832,1.2927833,0.6727832,1.7027832,1.8427832,1.5127832,1.2927833,0.9727832,0.4727832,-0.1272168,-0.9172168,-0.7472168,-0.5972168,-0.28721678,-2.2072167,-1.5972168,-1.6372168,-3.0172167,-1.7472168,-2.7472167,-2.9772167,-3.8772168,-4.8472166,-5.4772167
-9.357217,-10.887217,-11.647217,-11.857217,-12.277217,-14.997217,-15.617217,-15.587216,-11.877216,-5.0972166,-0.8972168,-1.1672168,-1.7672168,-1.0972168,0.4927832,2.722783,3.2527833,2.6527832,2.7727833,3.5527833,3.0727832,2.6027832,2.6527832,2.3327832,1.7427832,1.8827832,1.7327832,-0.037216797,-0.8572168,-1.1772168,-1.0372168,0.14278321,1.7827832,1.9227833,1.2427832,1.8927832,0.9027832,0.6627832,-0.5872168,1.7727832,0.3927832,-0.5272168,0.6227832,0.22278321,-1.5172168,0.1627832,-1.8772168,-2.027217,-1.3372169,-1.5372168,-1.6172168,-1.6872168,-3.0872169,-3.9472167,-3.6972167,-3.8672168,-4.417217,-5.8472166
-8.937217,-11.627216,-13.2172165,-14.437217,-5.897217,-16.217216,-15.877216,-16.107216,-14.637217,-9.187217,-7.7072167,-7.467217,-5.2672167,-5.9772167,-7.0372167,-2.4072168,3.2427833,3.2427833,3.1227832,3.4127831,3.1227832,4.702783,4.322783,3.3827832,3.192783,2.5027833,2.0327833,1.4627832,0.7727832,-0.8872168,-0.28721678,0.6227832,1.9127831,3.1027832,2.4827833,1.5527833,1.5627832,1.6827832,-0.7672168,-0.5572168,-0.24721679,-1.4972168,-1.5072168,-1.0272168,-1.4472167,-2.027217,-1.0672168,-2.4572167,-2.9872167,-0.7372168,-1.1272168,-1.1972167,-1.5272168,-2.1772168,-2.0772169,-3.8772168,-4.0972166,-5.877217
-2.3572168,-10.657217,-13.357217,-16.437218,-14.177217,-0.92721677,-15.907217,-15.257216,-14.887217,-12.917217,-9.707217,-7.237217,-4.2672167,-5.257217,-6.087217,-7.2872167,-7.467217,0.8827832,-0.2572168,-1.7272168,-2.307217,2.5427833,4.2527833,5.102783,4.852783,4.392783,3.9927833,2.7327833,1.3627832,0.6827832,0.002783203,2.192783,1.7727832,2.6827831,2.5127833,1.0727832,-0.6372168,-1.7072167,-0.9672168,-1.1072168,-1.3572168,-0.6672168,-1.4672168,-1.6872168,-1.9872168,-1.2172168,-1.1972167,-1.7772168,-2.7172167,-3.537217,-2.7272167,-3.027217,-2.9972167,-3.0072167,-3.9072168,-4.877217,-3.6672168,-5.4972167
-0.6872168,-1.5972168,-11.187217,-15.417217,-18.577217,-0.31721678,-16.847218,-14.187217,-13.817217,-13.167217,-12.087216,-11.247217,-5.357217,-4.217217,-3.4272168,-3.8372169,-6.3472166,-5.507217,-7.507217,-4.917217,-4.627217,-4.217217,-0.4572168,4.512783,5.592783,6.082783,5.2927833,4.162783,3.212783,1.7327832,0.6727832,1.0627832,2.8427832,3.1827831,3.2427833,3.1227832,1.5227832,-1.0172168,-0.9372168,-0.8372168,0.2027832,0.2827832,0.3527832,-1.0172168,-1.5272168,-1.1172168,-1.5572168,-1.6272168,-1.0072168,-1.5672168,-2.6672168,-2.3772168,-3.8372169,-3.9272168,-4.8872166,-5.2472167,-6.197217,-5.907217
-2.6572168,-1.4472167,-0.6672168,-12.487217,-13.417217,-9.897217,-11.387217,-12.877216,-13.4672165,-12.447217,-11.077217,-10.597217,-11.517217,-9.477217,-4.067217,-5.0572166,-2.777217,-3.9072168,-6.2072167,-4.677217,-6.837217,-7.177217,-6.0572166,-5.797217,5.1527834,6.8127832,5.412783,5.032783,4.6527834,3.5127833,3.0527833,0.9727832,4.452783,5.472783,5.222783,4.802783,4.1527834,3.1627831,2.6127832,2.3227832,1.6127832,1.6027832,0.43278322,0.2027832,-0.7272168,-1.9172168,-1.4372168,-1.6672168,-1.8772168,-1.6372168,-1.3772168,-3.3572168,-3.4172168,-4.377217,-4.8872166,-5.677217,-6.0172167,-6.2072167
-2.3472168,-1.1772168,-1.4672168,-0.4772168,-10.527217,-12.877216,-13.067217,-12.947217,-13.077217,-12.057217,-11.637217,-9.907217,-8.827217,-9.527217,-9.867217,-7.6872168,-2.6872168,-2.1572168,0.5227832,-0.6472168,-4.697217,-5.177217,-4.8272166,-7.0572166,-4.647217,3.452783,5.892783,5.952783,5.452783,4.5427833,4.9427834,2.7627833,4.202783,5.8127832,5.592783,5.182783,4.8127832,4.532783,3.6127832,2.3727832,2.5327833,1.2227832,0.3427832,1.2227832,0.12278321,-0.0672168,0.2527832,-0.6972168,-0.7072168,-0.5572168,-1.1572168,-2.797217,-4.317217,-4.4372168,-5.3672166,-5.737217,-6.0572166,-5.797217
-2.1172168,-1.3472168,-1.7472168,-1.4172168,-1.0772167,-13.057217,-13.977217,-13.107217,-12.627216,-12.147217,-12.157217,-11.077217,-10.707217,-7.087217,-7.4772167,-9.087216,-7.147217,-3.6472168,-2.4372168,-1.2772168,-1.7472168,-1.9372168,-2.4972167,-3.7272167,-4.2472167,-3.557217,-0.0072167967,6.552783,7.592783,6.992783,7.322783,5.332783,3.5327833,6.352783,5.8127832,6.2727833,5.352783,5.7727833,4.3827834,3.1327832,3.0927832,3.8727832,3.6527832,2.702783,2.9227831,1.4127831,0.2527832,0.5227832,0.6127832,0.2627832,-0.5572168,-2.1172168,-2.9072168,-4.3672166,-4.897217,-5.587217,-5.737217,-6.857217
-2.0772169,-2.2072167,-2.3972168,-1.1672168,-2.047217,-3.1872168,-13.697217,-12.807217,-12.567217,-12.577217,-11.957217,-11.707217,-11.497217,-11.597217,-9.797216,-8.377216,-9.197217,-7.417217,-7.4972167,-4.3472166,-1.6572168,-2.027217,-1.2372168,-2.3672168,-3.8172169,-3.7172167,0.012783203,7.6927834,8.062783,7.4027834,6.832783,5.592783,5.592783,6.2527833,8.152783,7.742783,7.102783,6.3627834,6.1927834,6.832783,5.782783,4.9427834,4.6727834,3.9227831,2.1827831,1.0727832,0.9927832,-0.5972168,2.2627833,2.8427832,0.8727832,-0.087216794,-1.4172168,-2.797217,-4.357217,-4.837217,-6.047217,-6.357217
-4.0572166,-2.9772167,-0.4972168,-0.9872168,-0.9672168,-1.3572168,-10.277217,-11.9672165,-12.2172165,-12.207217,-11.437217,-11.807217,-11.597217,-11.927217,-10.867217,-9.767217,-8.077217,-9.407217,-7.7472167,-7.127217,-7.087217,0.6927832,-1.1872168,-1.9472167,-3.2172167,-1.9372168,-2.0772169,9.542783,10.202784,8.092783,8.192783,8.072783,7.372783,7.472783,8.772783,9.592783,8.852783,7.5427833,6.762783,7.202783,6.7127833,6.092783,6.3827834,4.102783,1.6727833,1.4727832,0.7727832,0.5627832,0.5127832,1.0427833,0.9427832,-0.3972168,-2.2672167,-2.9372168,-4.337217,-4.657217,-4.837217,-5.377217
-3.1872168,-0.9772168,-1.1972167,-1.2172168,-0.9672168,-0.6572168,-7.737217,-10.867217,-11.897217,-12.187217,-12.257216,-11.377216,-11.607217,-11.617217,-11.507216,-9.527217,-9.057217,-10.047216,-9.447217,-7.417217,-9.517217,-9.617217,0.7227832,-1.4872168,-1.8372169,-2.0072167,-5.6172166,9.522783,10.762783,10.212783,10.132783,8.672783,7.2527833,7.412783,7.1327834,10.542783,10.772783,9.482783,6.932783,7.4427834,8.412784,8.632783,7.4027834,5.392783,4.0027833,1.9127831,1.7427832,1.8527832,0.7827832,1.5127832,1.0827832,0.9527832,-0.057216797,-1.2972168,-2.787217,-3.9772167,-4.277217,-4.607217
-1.6972167,-2.1972167,-0.7772168,-1.1872168,-3.4772167,-2.9772167,-7.5772166,-9.947217,-10.957217,-11.957217,-12.787217,-11.897217,-11.617217,-10.177217,-11.087216,-3.8772168,-8.887217,-9.957217,-7.007217,-9.127216,-9.977217,-8.597217,-9.267217,-1.7672168,-1.6572168,-1.5572168,-2.277217,-4.837217,9.812783,12.002783,11.762783,9.712783,8.552783,7.4427834,7.782783,10.172783,11.752783,11.442783,9.462783,7.892783,8.472783,9.432783,8.862783,6.432783,5.9227834,5.3127832,3.212783,2.3827832,2.5327833,2.6127832,2.9927833,1.7427832,1.0727832,0.0827832,-1.4572167,-2.6472168,-3.9272168,-5.0972166
-0.7072168,-2.537217,-1.1472168,-2.1372168,-3.4672167,-4.3472166,-8.587216,-10.147217,-11.347217,-12.157217,-12.587216,-8.387217,-12.577217,-8.257216,-7.397217,-1.5972168,-11.657217,-10.187217,-4.087217,-10.437217,-10.097217,-8.237217,-8.657217,-7.947217,-7.5572166,-2.0872169,-0.7272168,-3.1572168,5.6927834,13.182783,11.152783,11.682783,10.722783,9.2827835,6.5427833,10.492784,12.352783,11.062783,10.432783,9.352783,9.362783,10.162784,9.462783,8.862783,7.642783,6.432783,5.222783,4.7327833,2.942783,2.6427832,2.6627831,3.1227832,2.692783,1.4027832,-0.3272168,-0.7572168,-2.0672169,-3.3972168
-2.537217,-2.797217,-2.2372167,-2.547217,-2.807217,-8.257216,-10.257216,-10.647217,-11.377216,-11.907217,-13.387217,-13.267217,-11.107217,-9.007216,-0.8272168,-1.3672168,-7.7872167,-1.2372168,-6.757217,-12.567217,-7.8072166,-8.017217,-10.607217,-7.9572167,-5.3672166,-4.6172166,-3.6672168,0.8727832,-2.4472167,6.6927834,10.372784,12.882783,12.312783,11.352783,10.222783,8.882783,13.252783,12.742784,11.622784,10.302783,10.302783,11.072783,10.802783,9.422783,8.942783,8.112783,7.872783,6.592783,5.802783,4.592783,5.412783,4.302783,3.0227833,2.7527833,1.5327832,0.1727832,-0.9572168,-2.9872167
-1.2772168,-1.4772168,-2.777217,-4.717217,-4.4972167,-10.557217,-11.277217,-11.487217,-11.837216,-11.847217,-12.017217,-10.897217,-9.107217,-5.2472167,-3.807217,-0.8772168,-1.4172168,-1.9272168,-1.4072168,-13.207217,-1.8172168,-12.427217,-9.347217,-6.357217,-0.9072168,-2.0672169,-3.4972167,-0.037216797,-0.3972168,-2.2072167,10.082783,12.442783,14.042783,12.342783,11.492784,10.962783,12.302783,13.872784,13.632783,11.902783,11.432783,11.772783,10.922783,10.472783,10.952784,9.412784,9.192783,8.382783,7.372783,6.452783,5.432783,5.1527834,4.2327833,3.4327831,2.1227832,0.002783203,-2.057217,-1.5772167
-1.0872169,-1.6972167,-3.7072167,-3.277217,-9.557217,-10.887217,-11.627216,-11.507216,-11.207217,-11.307217,-10.987217,-4.2272167,-2.9772167,-5.0772166,-7.797217,-4.737217,-5.6872168,-1.4172168,-1.8572168,-4.1172166,-3.5072167,-4.487217,-2.4372168,-0.21721679,-2.3572168,-6.507217,-3.2672167,-0.8672168,0.3927832,0.0827832,2.0227833,10.112783,7.3827834,13.492784,12.302783,11.392783,11.102783,13.312783,14.292783,13.772783,12.792783,12.482783,12.042783,12.002783,12.122784,11.092783,9.952784,9.382783,8.822783,8.342783,6.602783,5.352783,5.082783,3.8627832,3.2527833,1.4127831,0.3627832,-1.0072168
-2.3372169,-1.4672168,-1.1772168,-2.527217,-2.797217,-9.677217,-11.267217,-11.9672165,-11.347217,-11.107217,-9.757216,-0.9572168,-0.3672168,-0.8572168,-4.857217,-5.2872167,-8.627216,-9.337216,-8.327217,-9.767217,-8.7172165,-2.3372169,-1.0072168,0.1827832,-1.8172168,-6.737217,-10.257216,-8.557217,-0.8772168,4.052783,2.202783,-0.1972168,5.5027833,8.762783,9.862783,11.952784,11.672783,12.942783,14.702784,15.422783,14.932783,14.002783,12.752783,12.392783,12.302783,12.202784,11.062783,10.752783,9.852783,9.172783,7.8827834,5.4027834,5.222783,5.552783,4.092783,3.3827832,2.0427833,0.9427832
-0.1072168,0.022783203,0.1027832,-0.4972168,-1.6172168,-2.527217,-5.3672166,-12.307217,-11.727217,-11.077217,-8.677217,-3.0972168,0.9927832,0.1627832,-3.4872167,-6.177217,-7.757217,-8.577217,-8.807217,-9.547216,-8.017217,-3.2072167,-2.777217,-1.6672168,-1.2372168,-3.3272169,-4.3072166,-8.047216,-10.707217,-10.117217,-1.8872168,0.3627832,10.922783,9.052783,8.392783,7.432783,6.5627832,11.152783,11.882783,15.812783,16.232782,15.232783,15.182783,13.072783,11.232783,12.562783,11.652783,10.372784,10.932783,10.122784,9.552783,8.022783,7.1927834,7.102783,6.282783,5.122783,3.6827831,2.6027832
1.2827832,0.5927832,1.1027832,-0.6472168,-3.6372168,-8.457217,-9.807217,-11.117217,-12.487217,-10.077217,-6.6872168,-0.6172168,0.8727832,0.8927832,-2.7572167,-6.717217,-8.837216,-9.587216,-10.137217,-10.177217,-9.287217,-7.4972167,-7.5772166,-9.477217,-1.1272168,-1.2272168,-1.5672168,0.2727832,-0.4572168,-9.117217,-5.5572166,-8.097217,-6.3872166,-4.3272166,-3.6972167,1.4927832,4.952783,4.912783,2.5927832,11.952784,15.172783,15.972783,15.552783,14.652783,13.262783,13.272783,13.602783,13.0327835,11.572783,10.602783,10.472783,10.122784,9.632783,8.502783,8.102783,7.302783,5.592783,4.532783
-1.3072168,-2.4272168,-1.0272168,-0.1772168,-2.6372168,-5.4572167,-5.157217,-7.967217,-11.297216,-11.877216,-4.277217,-1.2672168,2.722783,-1.0172168,-4.507217,-8.237217,-10.627216,-9.027217,-10.907217,-10.977217,-10.177217,-6.697217,-6.857217,-7.3072166,-1.7972168,-1.6172168,-4.927217,3.5827832,2.722783,1.3527832,-1.3072168,-3.4472167,-2.777217,-5.9772167,-0.117216796,-0.4972168,-1.8172168,1.8527832,2.962783,3.8327832,1.4227833,-2.9472167,12.212783,16.282784,15.372784,13.042783,14.742784,14.872784,15.172783,12.982783,11.902783,11.982783,11.992784,10.722783,9.092783,8.822783,7.972783,6.662783
