wind_kz.json
{"header": {"discipline":0,"disciplineName":"Meteorological products","gribEdition":2,"gribLength":948,"center":7,"centerName":"US National Weather Service - NCEP(WMC)","subcenter":0,"refTime":"2023-08-24T06:00:00.000Z","significanceOfRT":1,"significanceOfRTName":"Start of forecast","productStatus":0,"productStatusName":"Operational products","productType":1,"productTypeName":"Forecast products","productDefinitionTemplate":0,"productDefinitionTemplateName":"Analysis/forecast at horizontal level/layer at a point in time","parameterCategory":0,"parameterCategoryName":"UnknownDiscipline_0_Category_0","parameterNumber":0,"parameterNumberName":"UnknownParameter_D0_C0_0","parameterUnit":"Unknown","genProcessType":2,"genProcessTypeName":"Forecast","forecastTime":120,"surface1Type":1,"surface1TypeName":"Ground or water surface","surface1Value":0.0,"surface2Type":255,"surface2TypeName":"Missing","surface2Value":0.0,"gridDefinitionTemplate":0,"gridDefinitionTemplateName":"Latitude_Longitude","numberPoints":615,"shape":6,"shapeName":"Earth spherical with radius of 6,371,229.0 m","gridUnits":"degrees","resolution":48,"winds":"true","scanMode":64,"nx":41,"ny":15,"basicAngle":0,"lo1":47.0,"la1":41.0,"lo2":87.0,"la2":55.0,"dx":1.0,"dy":1.0}, "data":
[rows 0 to 14 of 15, columns 0 to 40 of 41]
309.09903,292.299,306.09903,299.49902,299.49902,298.99902,311.19904,316.299,313.59903,315.39902,313.19904,313.59903,312.99902,312.99902,313.89902,315.299,316.99902,316.19904,320.59903,319.49902,318.39902,315.299,311.49902,311.89902,311.09903,314.89902,305.799,301.99902,296.69904,287.39902,291.299,285.89902,308.09903,315.39902,323.99902,322.799,327.99902,324.799,321.89902,323.19904,325.799
282.89902,304.799,299.299,299.49902,299.69904,298.299,315.59903,315.299,313.19904,312.39902,314.09903,312.69904,312.799,312.09903,315.09903,315.799,318.799,322.89902,318.89902,312.19904,321.59903,318.19904,318.19904,305.89902,293.39902,291.99902,300.99902,297.89902,306.59903,290.59903,297.49902,274.19904,296.39902,273.19904,293.59903,311.69904,316.99902,309.69904,317.59903,308.69904,284.59903
308.39902,298.799,299.59903,299.59903,298.39902,311.19904,310.89902,312.39902,312.59903,311.59903,310.799,311.99902,311.99902,312.299,312.89902,314.59903,314.49902,316.299,317.59903,319.19904,319.99902,316.39902,321.39902,308.39902,315.39902,310.49902,307.49902,305.799,303.89902,299.89902,273.89902,284.19904,298.99902,301.39902,300.69904,299.09903,295.39902,296.59903,295.99902,293.59903,286.59903
303.59903,299.799,299.59903,298.99902,300.09903,310.09903,310.299,309.49902,308.299,309.49902,311.49902,310.09903,295.39902,294.799,311.49902,313.19904,311.299,314.69904,315.69904,316.69904,312.99902,309.99902,315.89902,314.89902,311.99902,315.49902,313.99902,313.19904,308.299,306.09903,309.19904,302.59903,311.09903,312.49902,310.799,306.299,298.39902,296.09903,287.19904,306.09903,302.799
297.59903,299.299,299.49902,299.59903,302.09903,304.39902,306.39902,299.99902,294.19904,293.49902,298.99902,307.39902,295.49902,293.99902,291.59903,306.99902,309.69904,307.299,309.89902,309.69904,310.99902,314.59903,316.89902,314.59903,315.799,315.799,316.09903,310.299,314.89902,312.99902,314.09903,308.99902,299.49902,275.799,301.59903,309.39902,306.59903,323.19904,321.39902,308.39902,310.299
304.19904,302.49902,297.39902,298.49902,299.09903,298.69904,304.49902,303.89902,303.799,302.69904,293.09903,294.09903,294.39902,294.69904,295.19904,302.89902,304.39902,308.299,307.19904,308.299,309.299,310.299,311.39902,311.799,312.69904,310.39902,313.49902,293.299,312.49902,312.89902,314.299,312.49902,310.39902,308.59903,304.59903,306.49902,299.49902,300.89902,316.39902,306.89902,310.799
300.299,300.59903,301.49902,302.49902,300.59903,301.49902,304.299,301.59903,299.59903,299.09903,296.99902,297.19904,292.69904,293.39902,291.59903,291.799,303.09903,305.69904,305.89902,306.799,305.299,306.89902,308.39902,307.49902,304.49902,306.39902,308.89902,310.19904,311.19904,312.299,312.69904,311.09903,311.69904,311.59903,308.69904,312.39902,300.19904,297.89902,290.299,286.99902,298.99902
298.99902,299.69904,299.59903,299.69904,299.299,299.99902,299.49902,297.59903,296.99902,297.89902,298.09903,296.799,296.99902,292.59903,289.59903,289.19904,290.19904,289.99902,296.799,299.49902,297.99902,303.49902,306.09903,305.99902,304.69904,301.49902,304.19904,306.299,305.39902,308.39902,307.69904,309.799,306.69904,303.49902,303.89902,311.299,315.09903,291.299,309.39902,310.49902,290.09903
297.89902,297.99902,298.09903,296.59903,296.09903,297.59903,297.69904,296.99902,296.799,295.799,297.19904,297.59903,297.99902,300.19904,291.19904,287.299,288.39902,288.49902,289.69904,289.19904,291.69904,298.799,294.799,299.99902,302.69904,301.69904,300.99902,300.799,301.09903,299.99902,301.89902,304.19904,306.99902,306.19904,306.49902,304.299,304.89902,302.99902,295.09903,282.49902,282.99902
295.59903,295.99902,295.799,295.19904,295.299,295.49902,294.89902,285.39902,291.799,293.49902,289.299,292.59903,294.89902,294.49902,295.69904,292.99902,286.799,285.19904,287.19904,287.99902,286.69904,287.99902,288.19904,290.59903,299.69904,300.19904,299.99902,299.89902,300.799,302.69904,303.59903,306.89902,309.299,309.39902,306.89902,303.799,297.49902,293.89902,294.09903,284.99902,281.799
292.49902,292.09903,292.39902,290.39902,285.09903,284.69904,285.19904,284.99902,284.49902,286.99902,287.19904,290.89902,293.99902,292.99902,296.09903,297.49902,293.09903,285.19904,285.299,285.299,286.09903,286.49902,285.89902,285.59903,286.69904,291.39902,296.39902,299.799,302.19904,305.49902,307.09903,308.69904,305.99902,304.09903,304.69904,301.09903,293.49902,293.299,288.89902,283.89902,281.299
290.49902,291.69904,291.799,286.09903,284.19904,282.99902,281.99902,281.799,284.799,283.39902,281.59903,286.19904,290.49902,291.99902,292.59903,293.89902,293.799,288.799,293.799,290.49902,284.19904,284.19904,284.69904,285.49902,284.69904,288.09903,294.49902,297.799,301.49902,303.09903,301.799,303.09903,302.49902,302.69904,300.69904,301.799,300.19904,301.49902,295.49902,289.49902,287.09903
286.49902,288.799,286.299,288.89902,285.59903,282.89902,282.39902,281.299,281.59903,280.799,278.799,280.299,288.09903,287.19904,286.59903,288.39902,290.89902,291.49902,293.49902,290.799,291.09903,285.59903,285.799,284.799,286.299,290.49902,293.799,298.69904,298.89902,301.89902,303.19904,302.69904,301.799,303.299,303.09903,299.19904,298.99902,298.89902,294.59903,291.09903,288.19904
287.49902,287.39902,290.299,285.89902,282.69904,282.799,283.299,280.89902,281.69904,280.89902,277.299,276.39902,282.69904,284.89902,284.89902,282.19904,284.299,289.49902,289.89902,289.39902,291.69904,292.09903,291.39902,292.89902,290.89902,287.299,288.19904,294.09903,298.59903,301.299,301.19904,301.69904,301.09903,299.19904,299.49902,301.69904,298.799,298.19904,294.99902,291.69904,290.09903
286.49902,288.99902,290.69904,286.99902,284.69904,281.69904,282.299,281.59903,281.89902,281.799,280.99902,278.299,277.799,279.89902,282.59903,284.89902,284.99902,281.299,281.99902,285.89902,289.09903,292.09903,289.89902,288.89902,291.59903,288.49902,285.69904,289.89902,294.19904,297.799,296.99902,292.99902,299.89902,299.19904,299.19904,299.59903,299.09903,297.19904,296.19904,293.49902,289.99902
