wind_kz.json
{"header": {"discipline":0,"disciplineName":"Meteorological products","gribEdition":2,"gribLength":871,"center":7,"centerName":"US National Weather Service - NCEP(WMC)","subcenter":0,"refTime":"2023-09-22T00:00:00.000Z","significanceOfRT":1,"significanceOfRTName":"Start of forecast","productStatus":0,"productStatusName":"Operational products","productType":1,"productTypeName":"Forecast products","productDefinitionTemplate":0,"productDefinitionTemplateName":"Analysis/forecast at horizontal level/layer at a point in time","parameterCategory":0,"parameterCategoryName":"UnknownDiscipline_0_Category_0","parameterNumber":0,"parameterNumberName":"UnknownParameter_D0_C0_0","parameterUnit":"Unknown","genProcessType":2,"genProcessTypeName":"Forecast","forecastTime":180,"surface1Type":1,"surface1TypeName":"Ground or water surface","surface1Value":0.0,"surface2Type":255,"surface2TypeName":"Missing","surface2Value":0.0,"gridDefinitionTemplate":0,"gridDefinitionTemplateName":"Latitude_Longitude","numberPoints":615,"shape":6,"shapeName":"Earth spherical with radius of 6,371,229.0 m","gridUnits":"degrees","resolution":48,"winds":"true","scanMode":64,"nx":41,"ny":15,"basicAngle":0,"lo1":47.0,"la1":41.0,"lo2":87.0,"la2":55.0,"dx":1.0,"dy":1.0}, "data":
[rows 0 to 14 of 15, columns 0 to 40 of 41]
304.03513,292.13513,297.83514,294.63513,294.43512,294.13513,303.73514,309.63513,307.73514,307.83514,300.43512,303.63513,302.73514,301.33514,301.63513,300.93512,300.83514,301.33514,303.53513,299.93512,302.23514,296.43512,297.03513,292.73514,298.13513,300.93512,295.83514,282.83514,281.33514,278.13513,275.23514,273.63513,286.13513,292.53513,296.03513,295.93512,296.43512,294.23514,293.03513,291.93512,291.93512
284.13513,298.43512,293.93512,293.73514,293.63513,292.53513,309.33514,306.73514,305.93512,303.23514,303.63513,299.43512,300.93512,296.43512,298.63513,300.53513,301.23514,301.23514,298.93512,298.13513,298.43512,297.73514,295.83514,288.23514,279.03513,280.33514,289.13513,282.43512,281.03513,276.73514,281.43512,267.43512,280.43512,259.53513,276.53513,292.23514,291.53513,292.73514,295.13513,288.03513,284.33514
300.23514,292.83514,293.43512,293.23514,292.43512,305.63513,304.23514,303.93512,302.83514,302.43512,301.63513,298.03513,292.93512,298.23514,298.83514,300.43512,299.63513,300.13513,300.83514,301.03513,299.53513,297.83514,298.13513,293.63513,298.43512,296.83514,297.63513,296.63513,293.13513,283.23514,274.73514,278.03513,283.43512,284.03513,285.53513,285.43512,278.83514,281.43512,281.83514,276.23514,271.53513
299.53513,292.03513,293.53513,292.93512,295.03513,302.73514,302.53513,302.83514,299.93512,296.13513,298.43512,294.83514,291.13513,290.53513,296.63513,297.93512,298.53513,300.23514,300.13513,300.13513,299.43512,294.73514,298.23514,300.63513,300.73514,300.83514,300.93512,297.13513,294.93512,296.03513,295.13513,292.43512,296.53513,295.23514,295.03513,290.13513,277.93512,267.83514,280.33514,286.73514,290.83514
300.43512,291.73514,292.43512,291.83514,296.73514,302.23514,301.63513,301.23514,298.23514,295.83514,296.03513,297.03513,289.93512,289.03513,287.63513,297.53513,298.03513,298.13513,298.43512,298.43512,299.53513,301.33514,299.73514,299.53513,299.83514,300.33514,299.03513,294.63513,298.63513,297.43512,299.33514,294.53513,282.33514,273.43512,284.43512,291.03513,292.93512,294.53513,294.43512,294.63513,294.33514
302.63513,301.03513,291.13513,291.53513,291.73514,291.43512,301.63513,301.13513,298.93512,298.83514,298.43512,298.13513,291.13513,289.93512,291.53513,296.23514,298.03513,299.03513,299.03513,299.63513,298.43512,297.83514,298.13513,298.63513,298.83514,297.43512,297.73514,288.13513,298.43512,298.63513,296.13513,297.43512,295.43512,293.83514,289.43512,291.03513,283.63513,286.13513,293.03513,293.13513,293.43512
302.83514,303.23514,303.33514,303.33514,298.93512,302.93512,302.23514,299.63513,299.23514,298.53513,297.43512,296.13513,294.93512,295.73514,295.63513,294.43512,295.93512,298.93512,298.83514,297.93512,297.13513,297.73514,297.63513,297.93512,296.63513,297.23514,297.23514,297.23514,296.43512,297.23514,296.23514,295.43512,294.73514,294.43512,293.03513,290.73514,285.23514,282.93512,279.93512,278.73514,289.33514
302.63513,302.63513,302.93512,302.63513,303.03513,303.53513,302.73514,300.33514,298.63513,297.33514,296.13513,293.23514,291.73514,293.93512,295.03513,294.73514,290.13513,295.73514,296.13513,292.53513,292.53513,293.23514,295.43512,295.73514,295.73514,293.43512,292.83514,293.43512,292.03513,293.23514,292.03513,292.53513,291.53513,288.33514,288.93512,289.63513,290.03513,286.93512,290.83514,290.83514,286.93512
301.93512,300.73514,300.73514,300.33514,300.33514,301.13513,301.63513,300.43512,298.33514,296.83514,295.43512,294.33514,292.93512,293.33514,292.93512,294.23514,294.23514,294.83514,294.13513,292.03513,290.63513,290.93512,290.63513,292.73514,291.83514,293.13513,290.83514,289.53513,288.23514,285.63513,287.73514,289.13513,288.43512,288.83514,287.93512,286.53513,285.63513,285.33514,274.43512,275.33514,273.43512
300.33514,299.93512,299.93512,299.53513,299.13513,299.63513,299.93512,298.83514,297.33514,295.93512,294.13513,292.53513,293.03513,292.43512,290.13513,290.33514,292.83514,292.63513,291.13513,291.03513,289.03513,288.13513,289.43512,291.03513,290.13513,289.53513,289.73514,288.33514,288.23514,288.33514,287.43512,288.63513,290.63513,290.23514,289.63513,288.13513,285.73514,279.63513,274.03513,275.93512,273.73514
298.83514,298.63513,297.93512,297.43512,297.83514,297.43512,297.93512,298.13513,297.13513,295.93512,294.23514,292.53513,292.23514,290.83514,290.13513,290.83514,290.63513,290.03513,291.43512,290.93512,290.73514,289.53513,288.23514,285.53513,287.53513,286.53513,284.83514,287.83514,288.43512,288.33514,289.33514,291.23514,290.43512,292.03513,290.43512,287.03513,282.23514,279.43512,279.93512,279.83514,276.93512
298.63513,298.63513,298.53513,297.63513,296.33514,295.43512,294.33514,295.63513,295.93512,295.23514,291.93512,290.93512,291.73514,289.33514,289.83514,290.43512,290.13513,290.23514,290.33514,290.13513,289.23514,288.33514,288.33514,288.73514,287.53513,287.43512,287.83514,287.53513,288.83514,287.53513,286.83514,289.43512,289.93512,287.33514,289.83514,287.53513,286.23514,284.83514,283.63513,283.73514,283.53513
296.23514,296.93512,296.83514,295.83514,295.13513,294.23514,294.03513,294.53513,293.53513,291.43512,288.93512,287.93512,290.33514,288.93512,289.73514,289.63513,290.33514,289.43512,290.03513,288.83514,289.03513,287.93512,286.53513,286.03513,286.63513,287.93512,288.73514,288.83514,288.53513,287.43512,287.83514,285.43512,285.73514,286.23514,286.73514,286.53513,286.13513,286.83514,285.13513,284.13513,283.73514
297.73514,296.83514,290.53513,296.13513,295.23514,294.53513,292.93512,290.93512,290.83514,290.83514,287.73514,285.63513,288.93512,288.63513,288.73514,289.13513,289.03513,288.83514,288.93512,288.43512,288.83514,289.13513,288.63513,288.13513,288.03513,288.13513,287.73514,287.53513,286.43512,286.43512,286.23514,285.23514,284.53513,283.13513,283.93512,283.43512,284.43512,284.33514,284.43512,283.03513,283.93512
295.03513,296.73514,287.13513,295.43512,294.83514,293.83514,292.83514,291.53513,292.33514,291.03513,288.83514,288.53513,286.13513,287.23514,288.33514,289.03513,288.33514,288.43512,289.43512,288.73514,288.83514,288.03513,287.93512,287.23514,286.83514,286.43512,285.63513,286.03513,286.13513,285.23514,284.23514,284.03513,284.23514,283.43512,283.03513,282.53513,281.13513,282.43512,281.63513,282.13513,283.43512
