wind_kz.json
{"header": {"discipline":0,"disciplineName":"Meteorological products","gribEdition":2,"gribLength":1025,"center":7,"centerName":"US National Weather Service - NCEP(WMC)","subcenter":0,"refTime":"2024-04-09T00:00:00.000Z","significanceOfRT":1,"significanceOfRTName":"Start of forecast","productStatus":0,"productStatusName":"Operational products","productType":1,"productTypeName":"Forecast products","productDefinitionTemplate":0,"productDefinitionTemplateName":"Analysis/forecast at horizontal level/layer at a point in time","parameterCategory":2,"parameterCategoryName":"UnknownDiscipline_0_Category_2","parameterNumber":3,"parameterNumberName":"UnknownParameter_D0_C2_3","parameterUnit":"Unknown","genProcessType":2,"genProcessTypeName":"Forecast","forecastTime":60,"surface1Type":103,"surface1TypeName":"Specified height level above ground","surface1Value":10.0,"surface2Type":255,"surface2TypeName":"Missing","surface2Value":0.0,"gridDefinitionTemplate":0,"gridDefinitionTemplateName":"Latitude_Longitude","numberPoints":615,"shape":6,"shapeName":"Earth spherical with radius of 6,371,229.0 m","gridUnits":"degrees","resolution":48,"winds":"true","scanMode":64,"nx":41,"ny":15,"basicAngle":0,"lo1":47.0,"la1":41.0,"lo2":87.0,"la2":55.0,"dx":1.0,"dy":1.0}, "data":
[rows 0 to 14 of 15, columns 0 to 40 of 41]
-0.53194827,1.0980518,-6.2919483,-7.861948,-8.461948,-6.5019484,-5.341948,-2.2919483,-3.5419483,-4.4419484,-4.8819485,-5.5019484,-5.471948,-5.5019484,-6.221948,-5.591948,-4.2319484,-2.8419483,-3.8219483,-3.5519483,-2.1619482,-2.4619482,-2.9719481,1.7980517,3.1680517,-0.8319482,-0.88194823,1.9280517,-0.15194824,-1.6219482,-2.3919482,-1.9819483,1.7080518,2.6180518,0.09805176,-0.6519482,-2.0819483,-1.6619482,0.40805176,0.37805176,0.038051758
-1.4319482,-3.8319483,-5.2119484,-5.911948,-7.281948,-7.741948,-5.8719482,-4.8519483,-4.511948,-5.3519483,-6.591948,-6.661948,-4.8819485,-5.8819485,-6.141948,-6.241948,-3.9019482,-3.8919482,-3.9119482,-4.2319484,-4.2519484,-4.241948,-3.0319483,-0.45194826,0.36805177,0.16805176,-1.9719483,0.68805176,-0.57194823,1.6580517,3.3080518,0.82805175,-1.9219482,-1.7019483,-2.6919482,3.3980517,2.3780518,2.1480517,0.69805175,0.80805176,-0.79194826
-0.69194824,-4.2119484,-4.7519484,-5.281948,-5.241948,-5.891948,-5.721948,-5.0619483,-4.801948,-5.5819483,-5.281948,-6.451948,-5.9019485,-7.2319484,-5.8819485,-5.761948,-5.201948,-5.1219482,-4.761948,-4.761948,-4.841948,-4.0419483,-1.9719483,0.24805176,-2.3919482,-1.4919482,-0.14194824,-2.8319483,-3.2019482,-1.3619483,0.5480518,1.1280518,-1.2519482,-1.8819482,0.45805177,-1.2919482,-1.3619483,-3.1319482,-1.9419483,0.058051758,0.5480518
-2.1519482,-2.6019483,-4.511948,-7.4819484,-7.591948,-7.6019483,-7.2119484,-6.7319484,-6.951948,-6.471948,-6.181948,-1.9719483,-1.0219482,-4.511948,-7.281948,-8.301949,-6.2519484,-4.071948,-3.9619482,-4.0219483,-3.5119483,-3.0919483,-3.9819481,-2.0319483,-0.60194826,-0.80194825,-1.8019482,-0.73194826,-0.78194827,-3.7919483,0.15805176,-0.98194826,2.1080518,1.4080517,0.6680518,0.70805174,2.3280518,3.5680518,-1.5019482,-0.87194824,-1.9719483
0.33805177,-0.32194823,-3.3219483,-3.8619483,-6.611948,-8.441948,-8.221949,-8.001948,-7.821948,-11.691948,-12.751948,-6.5019484,-9.691948,-10.031948,-7.2519484,-8.391949,-7.571948,-6.201948,-4.8819485,-4.911948,-2.6319482,-3.1019483,-1.7219483,-0.7619482,0.15805176,1.3680518,1.0280517,-1.8119483,-1.0719483,-1.4619483,-0.7619482,-0.7619482,2.9080517,2.7480516,-0.29194823,2.8580518,1.8980517,0.38805175,0.45805177,0.74805176,-0.67194825
-1.4019482,-0.6419482,1.6380517,-1.5919483,-4.1519485,-5.471948,-7.361948,-7.591948,-7.111948,-7.681948,-7.701948,-7.801948,-7.8719482,-8.301949,-8.701948,-9.511949,-11.121948,-9.401948,-8.151948,-7.1519485,-6.5819483,-7.451948,-10.621948,0.08805176,1.0480517,0.41805175,0.36805177,-1.1719482,-2.4019482,-3.7219481,-3.4419482,-5.951948,-5.5019484,-3.4419482,-0.17194824,-3.0519483,-0.24194825,-2.1519482,-1.8319483,2.0880518,1.5480517
-2.7819483,-3.4819481,-5.161948,-5.431948,-5.6519485,-5.8119483,-6.3119483,-5.7919483,-5.4419484,-5.321948,-4.971948,-5.261948,-6.5419483,-7.8319483,-8.241948,-9.201948,-8.811948,-8.321948,-6.701948,-4.8719482,-6.2719483,-7.0019484,-7.341948,-8.811948,-6.6319485,-6.0219483,-1.7519482,-3.5519483,-1.6219482,-2.7419481,-4.701948,-3.5219483,-2.8319483,-1.8819482,-1.8119483,-2.9719481,-0.73194826,1.6280518,-0.39194825,-0.041948244,-4.7519484
-1.5119482,-2.5419483,-3.6819482,-3.7019482,-3.8219483,-4.321948,-4.5619483,-5.301948,-5.031948,-5.1519485,-1.4119482,-3.5319483,-5.321948,-5.431948,-6.3319483,-8.331948,-7.951948,-6.9019485,-5.6919484,-5.161948,-4.511948,-4.7919483,-5.1719484,-3.9719481,-3.2919483,-3.9619482,-5.571948,-5.8819485,-3.1719482,1.1680517,2.7480516,0.6580517,-3.8919482,-0.16194825,0.9780518,-0.5819482,-1.2019483,2.3080518,1.6580517,2.1480517,0.6080518
0.29805174,-1.3519483,-1.8619483,-2.1319482,-2.3219483,-2.9219482,-2.7819483,-3.5219483,-3.8419483,-4.1319485,-3.3219483,-3.6319482,-4.2919483,-4.8319483,-5.9819484,-7.391948,-7.841948,-7.431948,-7.091948,-6.6019483,-5.891948,-6.491948,-6.7719483,-6.471948,-6.511948,-5.821948,-5.761948,-5.0219483,-5.2119484,-5.391948,-6.1919484,-6.511948,-6.011948,-6.9619484,-4.5019484,-3.2219481,-1.7319483,-0.47194824,1.8980517,1.8180518,2.4380517
2.4580517,1.6780517,0.51805174,-0.36194825,-1.4719483,-1.9219482,-1.2619482,-1.4419483,-1.9719483,-2.1919482,-1.1519482,-1.7619482,-1.7619482,-4.0019484,-5.841948,-6.181948,-6.281948,-6.3319483,-6.4019485,-6.011948,-5.9619484,-6.1719484,-6.4619484,-6.221948,-6.4619484,-5.8319483,-5.3319483,-4.861948,-4.5819483,-4.6019483,-4.9819484,-5.5219483,-5.531948,-5.341948,-4.9619484,-2.3219483,-0.75194824,0.58805174,3.1480517,2.6080518,1.2380518
3.4180517,3.5680518,2.7280517,2.4080517,1.4580518,0.108051755,-0.23194824,-0.30194825,-0.41194823,-0.82194823,0.24805176,-1.5419482,-2.3719482,-3.5919483,-4.6719484,-5.0219483,-4.991948,-5.891948,-5.611948,-6.1919484,-5.681948,-6.011948,-5.5419483,-5.4019485,-4.141948,-4.6219482,-4.3519483,-4.6219482,-4.5019484,-4.9019485,-4.741948,-3.9419482,-4.0219483,-1.4419483,-2.5319483,-1.5219482,2.0780518,1.1980518,4.278052,0.23805176,1.2080518
3.7980518,3.8780518,3.6480517,3.4680517,3.1680517,2.1280518,1.7780517,0.67805177,-0.29194823,0.40805176,0.36805177,1.0780518,-0.9019482,-1.6219482,-2.6719482,-3.6019483,-3.8519483,-4.281948,-5.161948,-4.761948,-4.6719484,-5.1719484,-4.8819485,-5.681948,-4.641948,-5.361948,-4.8719482,-5.9619484,-6.5619483,-6.6919484,-5.4819484,-6.3119483,-3.2519484,-3.2119482,-1.9919482,0.39805177,0.49805176,0.81805176,0.04805176,-0.071948245,0.31805176
3.6680517,4.9780517,4.4980516,4.3680515,3.8880517,2.9480517,2.3180518,1.2680517,1.3180518,0.15805176,0.30805176,-0.63194823,2.4180517,0.31805176,-1.0519482,-1.8419483,-2.2719483,-2.8419483,-3.3919482,-3.0219483,-3.2219481,-4.431948,-4.7519484,-4.841948,-4.8719482,-4.591948,-4.4419484,-5.1719484,-5.3819485,-4.761948,-4.031948,-3.3119483,-3.9119482,-4.491948,-3.7819483,-1.2919482,0.31805176,0.44805175,0.44805175,0.40805176,1.0280517
4.548052,5.5980515,5.3980517,5.5180516,5.3280516,4.5380516,3.7080517,2.2880518,2.3380518,1.3080517,0.32805175,-0.80194825,1.2880517,1.2580518,0.22805175,-1.4119482,-1.8719482,-2.8619483,-3.8219483,-3.9919481,-3.3219483,-3.3319483,-4.201948,-3.8819482,-2.8819482,-2.7719483,-3.3619483,-4.071948,-4.911948,-5.9619484,-4.3319483,-4.1519485,-4.2719483,-5.141948,-5.241948,-4.0419483,-3.9119482,-3.3119483,-1.9719483,-1.1419482,-2.5219483
4.0380516,5.838052,6.358052,6.7080517,5.968052,5.388052,3.9680517,3.5580518,2.6580517,2.1180518,0.96805173,0.7880518,0.37805176,-1.4719483,1.0480517,-1.6519482,-2.5219483,-2.8419483,-3.7119482,-4.341948,-4.7719483,-4.8519483,-5.6019483,-5.111948,-5.1919484,-3.2419481,-1.9119482,-3.2019482,-3.4519482,-3.9919481,-5.2519484,-4.891948,-5.161948,-4.9219484,-4.1519485,-4.3719482,-3.3019483,-3.9819481,-4.3119483,-4.321948,-1.4519483
