wind_kz.json
{"header": {"discipline":0,"disciplineName":"Meteorological products","gribEdition":2,"gribLength":871,"center":7,"centerName":"US National Weather Service - NCEP(WMC)","subcenter":0,"refTime":"2023-08-20T00:00:00.000Z","significanceOfRT":1,"significanceOfRTName":"Start of forecast","productStatus":0,"productStatusName":"Operational products","productType":1,"productTypeName":"Forecast products","productDefinitionTemplate":0,"productDefinitionTemplateName":"Analysis/forecast at horizontal level/layer at a point in time","parameterCategory":0,"parameterCategoryName":"UnknownDiscipline_0_Category_0","parameterNumber":0,"parameterNumberName":"UnknownParameter_D0_C0_0","parameterUnit":"Unknown","genProcessType":2,"genProcessTypeName":"Forecast","forecastTime":240,"surface1Type":1,"surface1TypeName":"Ground or water surface","surface1Value":0.0,"surface2Type":255,"surface2TypeName":"Missing","surface2Value":0.0,"gridDefinitionTemplate":0,"gridDefinitionTemplateName":"Latitude_Longitude","numberPoints":615,"shape":6,"shapeName":"Earth spherical with radius of 6,371,229.0 m","gridUnits":"degrees","resolution":48,"winds":"true","scanMode":64,"nx":41,"ny":15,"basicAngle":0,"lo1":47.0,"la1":41.0,"lo2":87.0,"la2":55.0,"dx":1.0,"dy":1.0}, "data":
[rows 0 to 14 of 15, columns 0 to 40 of 41]
295.11234,289.71234,293.71234,298.51233,298.41232,297.41232,298.31232,299.71234,297.91232,296.91232,295.61234,297.21234,296.31232,295.91232,295.81232,293.21234,294.21234,293.91232,293.31232,292.91232,293.01233,290.11234,288.71234,287.61234,290.21234,293.61234,291.61234,277.91232,276.31232,278.01233,276.91232,278.81232,287.71234,292.61234,292.11234,293.21234,292.41232,292.61234,292.41232,292.71234,293.61234
277.41232,294.21234,298.51233,298.71234,298.51233,297.31232,298.61234,297.61234,295.71234,294.61234,294.71234,294.31232,294.11234,293.91232,292.81232,292.51233,290.51233,292.41232,293.51233,292.31232,293.11234,292.91232,291.81232,287.01233,276.11234,276.41232,285.11234,275.61234,278.31232,272.71234,277.71234,272.21234,279.91232,259.91232,274.51233,289.51233,288.01233,290.51233,293.41232,287.01233,283.91232
294.41232,298.61234,299.11234,299.31232,297.61234,298.71234,296.91232,294.71234,293.41232,293.01233,292.21234,292.81232,292.11234,293.41232,294.31232,292.51233,291.61234,292.21234,290.81232,291.11234,293.81232,296.01233,294.81232,287.41232,287.41232,288.41232,288.91232,288.11234,287.51233,280.61234,273.41232,274.41232,279.11234,279.11234,280.41232,282.01233,272.21234,272.81232,275.31232,271.91232,273.51233
292.41232,299.31232,298.81232,298.01233,296.11234,296.31232,294.61234,293.41232,292.71234,292.51233,291.71234,292.21234,295.31232,294.61234,294.01233,293.31232,294.61234,293.81232,294.71234,295.31232,295.21234,289.31232,291.31232,293.01233,293.11234,291.71234,292.71234,291.31232,288.11234,289.11234,289.31232,287.41232,290.91232,288.61234,288.01233,286.01233,274.01233,273.81232,278.51233,286.61234,289.91232
294.51233,298.81232,298.71234,298.11234,297.21234,296.01233,296.01233,294.91232,293.41232,293.11234,292.51233,291.81232,295.21234,293.91232,291.61234,294.51233,294.21234,293.41232,293.31232,294.41232,294.21234,293.91232,293.81232,293.11234,292.41232,292.01233,290.21234,290.61234,288.71234,291.11234,292.71234,286.51233,280.21234,270.91232,280.01233,288.91232,291.21234,293.51233,292.31232,292.71234,292.41232
294.21234,293.01233,297.31232,297.61234,298.01233,297.81232,295.51233,295.61234,293.61234,292.61234,293.21234,293.21234,294.31232,294.61234,293.91232,293.81232,294.41232,294.51233,294.21234,295.01233,293.71234,292.51233,291.21234,291.61234,290.91232,290.71234,290.71234,293.31232,290.11234,291.31232,290.71234,291.31232,289.81232,287.51233,286.11234,288.01233,282.51233,284.91232,290.31232,291.61234,291.41232
293.21234,293.11234,296.21234,295.71234,296.01233,295.71234,295.61234,294.21234,294.11234,293.81232,292.31232,292.41232,294.91232,293.71234,293.31232,294.91232,294.71234,295.21234,294.21234,292.81232,291.61234,292.51233,291.91232,291.61234,290.61234,290.81232,290.11234,290.81232,290.11234,289.21234,289.11234,289.21234,289.51233,290.71234,288.21234,286.61234,283.81232,279.81232,276.71234,276.51233,288.91232
293.91232,293.71234,295.41232,295.51233,296.01233,296.11234,295.31232,293.91232,292.31232,291.91232,291.11234,290.71234,291.51233,293.61234,295.31232,295.11234,294.01233,294.31232,293.41232,291.31232,290.01233,290.01233,289.81232,290.11234,289.11234,285.61234,286.71234,287.61234,286.01233,287.41232,286.11234,286.61234,285.81232,283.21234,283.01233,284.71234,286.71234,289.31232,287.01233,287.31232,282.61234
296.11234,295.31232,295.01233,294.21234,295.81232,295.01233,293.41232,293.11234,291.91232,290.61234,289.41232,289.31232,288.81232,290.81232,291.91232,293.71234,293.31232,293.01233,292.61234,291.31232,288.71234,288.61234,289.21234,288.91232,286.71234,287.21234,283.71234,282.91232,281.01233,279.81232,282.41232,283.01233,282.71234,284.81232,282.81232,280.71234,282.91232,282.01233,273.11234,275.01233,273.91232
294.61234,294.41232,294.61234,294.31232,294.01233,294.11234,293.01233,292.01233,291.21234,290.31232,288.81232,288.11234,288.21234,288.01233,289.11234,289.21234,290.41232,290.21234,289.91232,290.31232,289.41232,288.61234,288.71234,288.21234,286.81232,285.51233,283.91232,283.51233,283.01233,283.01233,281.01233,284.81232,285.91232,285.81232,284.31232,282.21234,280.11234,279.91232,276.51233,275.11234,274.81232
294.31232,292.91232,293.01233,293.91232,292.71234,292.71234,292.81232,291.61234,290.61234,289.31232,288.21234,288.31232,287.71234,287.81232,286.81232,287.31232,287.91232,288.51233,289.11234,288.11234,289.11234,287.91232,286.71234,285.81232,284.91232,284.11234,282.31232,282.91232,283.51233,284.51233,285.11234,285.71234,285.61234,285.41232,283.51233,281.41232,279.91232,280.11234,278.31232,280.61234,280.11234
290.11234,291.51233,293.81232,293.01233,292.91232,292.41232,290.61234,289.31232,288.91232,288.11234,285.91232,286.61234,287.31232,286.41232,286.51233,286.21234,286.81232,287.11234,287.51233,287.91232,286.81232,285.41232,285.11234,285.01233,284.51233,284.01233,282.91232,284.11234,284.41232,285.11234,283.11234,284.31232,285.51233,283.71234,284.31232,283.61234,283.31232,282.41232,283.91232,285.81232,284.61234
288.31232,288.11234,289.41232,289.91232,290.21234,290.21234,290.31232,289.01233,290.41232,286.51233,285.11234,284.21234,286.21234,285.61234,285.51233,285.21234,285.41232,286.41232,287.11234,286.61234,286.31232,285.11234,284.01233,282.51233,282.11234,282.71234,284.61234,283.21234,283.31232,282.71234,284.11234,283.11234,282.91232,282.21234,282.91232,284.01233,287.41232,287.81232,286.61234,286.31232,285.51233
286.51233,288.11234,289.61234,289.41232,289.11234,290.31232,290.21234,288.61234,288.91232,285.41232,286.81232,283.01233,284.21234,285.61234,285.41232,285.41232,285.51233,285.91232,286.11234,286.21234,286.51233,285.91232,285.41232,284.41232,283.81232,282.51233,282.11234,282.61234,282.61234,282.01233,281.61234,281.61234,281.61234,281.61234,282.41232,282.61234,285.11234,286.31232,285.41232,284.51233,283.61234
286.31232,286.61234,290.51233,286.81232,287.51233,287.61234,288.61234,287.71234,288.11234,288.41232,286.21234,289.11234,284.71234,284.61234,286.41232,285.61234,285.31232,285.11234,285.31232,285.31232,285.61234,285.11234,284.51233,283.51233,282.71234,282.01233,280.71234,280.41232,280.41232,280.81232,281.11234,281.81232,280.21234,280.01233,280.61234,281.71234,281.01233,281.31232,285.01233,285.81232,283.01233
