wind.json
{"header": {"discipline":0,"disciplineName":"Meteorological products","gribEdition":2,"gribLength":867,"center":7,"centerName":"US National Weather Service - NCEP(WMC)","subcenter":0,"refTime":"2023-05-30T00:00:00.000Z","significanceOfRT":1,"significanceOfRTName":"Start of forecast","productStatus":0,"productStatusName":"Operational products","productType":1,"productTypeName":"Forecast products","productDefinitionTemplate":0,"productDefinitionTemplateName":"Analysis/forecast at horizontal level/layer at a point in time","parameterCategory":2,"parameterCategoryName":"UnknownDiscipline_0_Category_2","parameterNumber":2,"parameterNumberName":"UnknownParameter_D0_C2_2","parameterUnit":"Unknown","genProcessType":2,"genProcessTypeName":"Forecast","forecastTime":240,"surface1Type":103,"surface1TypeName":"Specified height level above ground","surface1Value":10.0,"surface2Type":255,"surface2TypeName":"Missing","surface2Value":0.0,"gridDefinitionTemplate":0,"gridDefinitionTemplateName":"Latitude_Longitude","numberPoints":688,"shape":6,"shapeName":"Earth spherical with radius of 6,371,229.0 m","gridUnits":"degrees","resolution":48,"winds":"true","scanMode":64,"nx":43,"ny":16,"basicAngle":0,"lo1":45.0,"la1":40.0,"lo2":87.0,"la2":55.0,"dx":1.0,"dy":1.0}, "data":
[rows 0 to 15 of 16, columns 0 to 42 of 43]
0.032647707,2.2326477,1.3326477,3.9326477,0.6326477,-0.4673523,3.0326476,1.2326477,0.9326477,-2.5673523,1.1326478,-3.9673524,-4.667352,-3.8673522,-3.8673522,-3.9673524,-2.8673522,-2.0673523,-0.6673523,2.6326478,-0.8673523,-2.4673524,-1.8673522,0.7326477,-0.3673523,-1.3673522,0.2326477,-0.5673523,-0.4673523,1.0326477,1.4326477,1.2326477,-1.3673522,-0.4673523,-0.6673523,-2.4673524,-3.7673523,-1.9673523,-2.0673523,-2.4673524,0.7326477,0.6326477,-0.5673523
2.0326476,4.9326477,1.0326477,-0.7673523,2.2326477,6.232648,3.6326478,1.7326477,1.5326477,3.6326478,-0.7673523,-3.5673523,-3.0673523,-4.8673525,-3.5673523,-3.2673523,-2.1673522,-3.7673523,-0.9673523,-0.3673523,-3.4673524,-2.1673522,-1.5673523,-2.7673523,-2.0673523,-2.9673524,0.8326477,-2.1673522,-3.0673523,-1.1673523,1.0326477,0.7326477,0.13264771,2.0326476,1.1326478,1.1326478,-1.3673522,-2.7673523,-2.9673524,-0.7673523,-2.2673523,-4.4673524,-2.6673522
1.9326477,-1.7673523,2.5326476,1.3326477,4.1326475,1.5326477,-2.2673523,-0.26735228,1.3326477,-1.2673523,-5.167352,-5.267352,-3.8673522,-4.5673523,-2.5673523,-1.2673523,-1.8673522,-4.3673525,-2.4673524,-5.167352,-3.3673522,-3.3673522,-4.267352,-3.5673523,-1.9673523,-4.267352,-0.16735229,0.8326477,-1.3673522,-0.067352295,-2.2673523,-1.5673523,-0.067352295,0.032647707,1.4326477,-2.8673522,1.0326477,0.3326477,-0.26735228,1.1326478,-1.0673523,0.7326477,0.8326477
0.9326477,0.7326477,2.4326477,7.5326476,6.1326475,5.1326475,2.5326476,1.5326477,-0.26735228,-2.0673523,-7.167352,-4.767352,-4.8673525,-4.3673525,-2.6673522,-2.9673524,-3.1673522,-4.667352,-5.8673525,-3.5673523,-2.7673523,-1.5673523,-0.5673523,-4.767352,-4.267352,-4.0673523,1.6326478,1.8326477,1.6326478,2.7326477,-3.3673522,-0.4673523,0.13264771,2.3326478,-0.067352295,-0.26735228,0.8326477,-0.26735228,0.9326477,0.13264771,2.1326478,2.2326477,0.8326477
3.8326478,5.6326475,3.7326477,7.1326475,5.732648,4.5326476,1.7326477,0.6326477,0.4326477,-4.3673525,-5.5673523,-4.3673525,-4.167352,-4.3673525,-2.9673524,-3.9673524,-3.4673524,-3.0673523,-4.3673525,-3.3673522,-3.0673523,-2.7673523,0.2326477,-2.7673523,1.7326477,3.0326476,-1.0673523,0.6326477,-0.067352295,-2.3673522,2.6326478,3.0326476,-2.8673522,-3.1673522,-3.3673522,-3.1673522,-2.9673524,-2.4673524,-1.8673522,1.6326478,1.9326477,1.5326477,0.8326477
3.5326476,0.9326477,-1.7673523,-1.1673523,-8.8673525,-5.9673524,-3.1673522,0.9326477,-2.6673522,-5.0673523,-3.7673523,-3.6673522,-4.5673523,-3.5673523,-2.5673523,-3.1673522,-3.7673523,-5.167352,-4.0673523,-2.7673523,-1.9673523,-1.5673523,-1.9673523,0.3326477,2.2326477,2.2326477,-3.0673523,-2.1673522,-1.4673523,1.9326477,3.9326477,-0.067352295,2.4326477,-2.8673522,-3.0673523,0.6326477,4.832648,2.9326477,1.6326478,2.2326477,3.0326476,4.4326477,4.5326476
-1.0673523,-1.3673522,-3.7673523,-0.067352295,-9.467352,-9.967352,-11.3673525,-10.767352,-9.067352,-5.9673524,-6.167352,-5.4673524,-5.267352,-5.167352,-4.167352,-4.9673524,-4.267352,-3.4673524,-2.9673524,-2.6673522,-2.2673523,-0.9673523,-1.3673522,-0.16735229,2.1326478,1.7326477,-0.8673523,-0.4673523,-0.067352295,1.2326477,0.13264771,-0.3673523,-1.8673522,0.4326477,0.6326477,-1.8673522,-0.26735228,0.2326477,1.2326477,1.3326477,5.832648,-1.3673522,-3.9673524
-3.3673522,-2.1673522,-1.3673522,-2.3673522,-2.5673523,-7.667352,-8.067352,-5.4673524,-5.0673523,-4.8673525,-4.8673525,-4.8673525,-3.9673524,-4.267352,-3.4673524,-3.7673523,-3.6673522,-4.267352,-3.2673523,-2.3673522,-1.6673523,-1.1673523,-0.6673523,-0.16735229,0.2326477,1.6326478,1.4326477,0.3326477,-1.3673522,0.6326477,-0.4673523,-1.1673523,2.0326476,-0.6673523,-1.5673523,-4.3673525,-2.2673523,-1.5673523,-0.9673523,3.3326478,-0.067352295,1.4326477,3.0326476
-2.9673524,-2.7673523,-1.4673523,-3.5673523,-3.5673523,-7.267352,-8.467352,-5.9673524,-1.1673523,-3.3673522,-3.0673523,-3.8673522,-3.2673523,-4.0673523,-4.167352,-4.9673524,-3.3673522,-2.7673523,-2.4673524,-2.1673522,-0.4673523,-0.5673523,2.2326477,0.3326477,0.13264771,0.7326477,0.8326477,1.1326478,1.0326477,0.6326477,-0.5673523,-0.26735228,-1.3673522,-0.9673523,-3.1673522,-0.4673523,-0.26735228,2.4326477,1.2326477,2.6326478,2.6326478,2.9326477,0.5326477
-3.9673524,-1.2673523,-2.4673524,-1.0673523,-2.3673522,-3.6673522,-6.267352,-5.267352,-3.3673522,-2.3673522,-3.5673523,-2.8673522,-4.267352,-4.267352,-3.6673522,-2.5673523,-2.1673522,-1.2673523,-1.5673523,-0.6673523,0.2326477,0.3326477,1.8326477,3.2326477,2.6326478,2.7326477,1.9326477,2.2326477,1.7326477,1.7326477,1.3326477,0.5326477,-2.2673523,-0.8673523,-0.7673523,0.13264771,0.9326477,0.032647707,0.5326477,-1.3673522,0.5326477,0.5326477,-0.3673523
-2.0673523,-0.26735228,-0.8673523,1.5326477,-3.5673523,-4.267352,-4.167352,-4.667352,-4.4673524,-3.2673523,-3.2673523,-3.4673524,-3.8673522,-4.4673524,-2.9673524,-2.2673523,-1.7673523,-1.1673523,-0.16735229,0.3326477,1.4326477,2.8326478,3.1326478,3.9326477,3.9326477,4.1326475,3.8326478,2.4326477,2.0326476,0.5326477,-0.9673523,1.4326477,0.8326477,-1.9673523,0.6326477,0.13264771,-0.16735229,-0.9673523,-1.0673523,-0.5673523,-0.8673523,0.6326477,-0.6673523
-0.4673523,-0.067352295,-1.8673522,-2.2673523,-1.6673523,-3.1673522,-3.1673522,-3.8673522,-4.0673523,-2.9673524,-2.7673523,-3.5673523,-3.5673523,-2.8673522,-1.9673523,-2.2673523,-1.5673523,0.2326477,0.4326477,1.4326477,0.9326477,2.5326476,3.8326478,4.0326476,4.5326476,3.5326476,3.3326478,1.5326477,0.2326477,-0.4673523,-0.26735228,1.9326477,-1.0673523,-2.7673523,-3.7673523,-2.6673522,-1.2673523,0.13264771,-0.9673523,-0.067352295,-0.3673523,0.6326477,-0.5673523
-2.0673523,-0.3673523,-2.1673522,-1.4673523,-0.5673523,-3.1673522,-2.9673524,-3.0673523,-2.6673522,-2.5673523,-2.2673523,-2.7673523,-2.3673522,-2.3673522,-2.1673522,-1.4673523,-0.4673523,0.7326477,1.7326477,0.13264771,1.3326477,3.0326476,2.9326477,3.0326476,3.1326478,2.4326477,-0.26735228,-1.3673522,-0.7673523,-2.3673522,-5.267352,-5.767352,-6.5673523,-2.2673523,-3.6673522,-4.5673523,-2.9673524,-3.4673524,-3.0673523,-1.0673523,0.4326477,-0.067352295,-0.3673523
-1.1673523,-0.8673523,-0.4673523,-1.8673522,1.2326477,-2.0673523,-1.0673523,-1.4673523,-1.3673522,-2.0673523,-2.0673523,-0.3673523,-0.9673523,-1.2673523,-0.3673523,-0.26735228,0.4326477,0.13264771,-0.5673523,0.4326477,1.2326477,1.3326477,0.5326477,-0.7673523,-3.3673522,-3.1673522,-3.0673523,-3.3673522,-3.3673522,-4.4673524,-6.167352,-5.5673523,-7.667352,-4.3673525,-5.167352,-4.5673523,-3.3673522,-3.8673522,-2.5673523,-1.0673523,-0.9673523,-0.5673523,-0.26735228
0.13264771,-0.067352295,0.2326477,-0.067352295,1.6326478,-0.8673523,0.13264771,0.13264771,-0.7673523,-1.0673523,0.032647707,-0.9673523,-1.0673523,-0.3673523,0.2326477,-0.3673523,0.6326477,-0.067352295,-0.4673523,-0.26735228,-0.3673523,-0.5673523,-1.2673523,-1.8673522,-3.3673522,-3.2673523,-3.9673524,-4.4673524,-5.767352,-5.8673525,-5.5673523,-4.667352,-5.667352,-5.5673523,-5.167352,-4.5673523,-3.9673524,-4.267352,-2.6673522,-2.5673523,-2.1673522,-0.7673523,-0.4673523
1.1326478,-0.4673523,-0.3673523,0.4326477,1.0326477,0.9326477,1.1326478,0.3326477,-0.6673523,-0.067352295,0.13264771,-0.7673523,-0.9673523,0.4326477,0.032647707,0.2326477,-0.5673523,-0.26735228,-1.1673523,-1.1673523,-0.6673523,-1.0673523,-1.8673522,-2.8673522,-3.3673522,-4.167352,-5.3673525,-5.3673525,-6.0673523,-6.267352,-5.267352,-4.167352,-5.667352,-6.3673525,-5.4673524,-4.5673523,-4.4673524,-4.4673524,-3.6673522,-2.8673522,-2.6673522,-3.0673523,-3.4673524
