wind_kz.json
{"header": {"discipline":0,"disciplineName":"Meteorological products","gribEdition":2,"gribLength":871,"center":7,"centerName":"US National Weather Service - NCEP(WMC)","subcenter":0,"refTime":"2023-09-30T00:00:00.000Z","significanceOfRT":1,"significanceOfRTName":"Start of forecast","productStatus":0,"productStatusName":"Operational products","productType":1,"productTypeName":"Forecast products","productDefinitionTemplate":0,"productDefinitionTemplateName":"Analysis/forecast at horizontal level/layer at a point in time","parameterCategory":0,"parameterCategoryName":"UnknownDiscipline_0_Category_0","parameterNumber":0,"parameterNumberName":"UnknownParameter_D0_C0_0","parameterUnit":"Unknown","genProcessType":2,"genProcessTypeName":"Forecast","forecastTime":60,"surface1Type":1,"surface1TypeName":"Ground or water surface","surface1Value":0.0,"surface2Type":255,"surface2TypeName":"Missing","surface2Value":0.0,"gridDefinitionTemplate":0,"gridDefinitionTemplateName":"Latitude_Longitude","numberPoints":615,"shape":6,"shapeName":"Earth spherical with radius of 6,371,229.0 m","gridUnits":"degrees","resolution":48,"winds":"true","scanMode":64,"nx":41,"ny":15,"basicAngle":0,"lo1":47.0,"la1":41.0,"lo2":87.0,"la2":55.0,"dx":1.0,"dy":1.0}, "data":
[rows 0 to 14 of 15, columns 0 to 40 of 41]
302.5307,290.5307,297.0307,294.73068,294.4307,293.13068,300.5307,304.5307,302.23068,303.63068,302.13068,302.73068,301.5307,301.5307,301.63068,300.63068,300.73068,300.8307,300.73068,300.63068,301.4307,298.73068,298.13068,293.3307,296.4307,298.3307,292.5307,281.13068,279.23068,276.73068,273.5307,275.3307,286.8307,293.8307,296.23068,295.63068,293.9307,295.9307,295.5307,295.23068,293.13068
279.23068,297.23068,294.4307,294.4307,294.23068,292.73068,305.3307,302.8307,301.5307,301.73068,301.8307,301.23068,302.23068,300.4307,300.63068,300.9307,300.63068,300.23068,298.8307,299.23068,298.8307,298.5307,296.23068,287.4307,277.63068,278.23068,287.0307,280.8307,282.73068,278.0307,281.63068,270.63068,278.8307,257.23068,272.23068,291.4307,290.3307,291.9307,294.5307,287.0307,284.9307
301.13068,294.13068,294.23068,293.4307,291.73068,304.4307,303.4307,302.5307,301.4307,300.3307,300.0307,300.63068,300.63068,300.5307,300.0307,300.0307,299.63068,298.63068,298.3307,298.0307,298.23068,297.4307,296.73068,290.63068,295.73068,293.13068,294.23068,293.13068,291.73068,283.13068,273.5307,276.3307,281.5307,281.5307,285.0307,282.9307,274.23068,278.63068,279.5307,272.13068,273.5307
301.63068,293.23068,293.73068,292.73068,294.9307,303.5307,302.23068,303.0307,302.13068,301.13068,300.5307,297.9307,291.13068,290.4307,300.23068,299.73068,298.73068,298.73068,298.5307,297.23068,296.4307,292.0307,295.63068,295.9307,296.4307,296.8307,297.23068,293.8307,292.8307,293.9307,293.13068,290.9307,295.5307,293.5307,292.4307,288.0307,276.4307,266.5307,278.3307,287.13068,290.73068
301.23068,292.8307,293.3307,292.4307,297.5307,302.23068,304.0307,303.63068,300.63068,299.73068,301.4307,297.3307,290.0307,288.8307,287.9307,299.3307,299.0307,297.3307,296.13068,296.4307,297.23068,297.0307,295.4307,295.63068,295.63068,296.5307,294.8307,293.8307,295.13068,293.5307,296.13068,293.63068,281.0307,272.4307,281.4307,290.3307,292.13068,293.5307,294.0307,294.5307,293.73068
301.4307,300.73068,291.63068,292.5307,292.4307,292.13068,302.8307,301.63068,300.0307,300.0307,299.0307,297.5307,291.0307,290.23068,293.63068,297.9307,298.0307,296.73068,296.4307,296.9307,296.0307,295.13068,294.13068,294.5307,295.13068,293.3307,293.23068,288.63068,295.4307,294.4307,291.8307,292.9307,292.73068,290.9307,288.23068,291.13068,283.4307,284.9307,290.8307,291.8307,292.0307
302.0307,301.9307,302.63068,300.63068,297.13068,301.23068,301.73068,299.4307,300.23068,298.9307,297.3307,297.8307,297.63068,297.23068,296.4307,296.63068,296.3307,296.3307,296.23068,295.5307,294.3307,291.63068,291.63068,292.3307,290.63068,289.9307,289.0307,291.5307,291.73068,291.4307,290.73068,290.73068,291.23068,292.5307,291.5307,289.13068,283.8307,281.0307,278.63068,277.5307,287.13068
300.73068,300.9307,299.73068,300.13068,300.8307,300.9307,299.9307,297.9307,295.0307,295.73068,297.0307,296.4307,295.8307,295.3307,295.8307,295.4307,295.0307,295.23068,295.23068,292.9307,292.0307,291.63068,290.3307,289.73068,286.73068,282.3307,281.3307,282.23068,284.5307,287.3307,286.23068,286.0307,285.3307,284.63068,285.13068,287.63068,287.73068,286.23068,287.0307,287.23068,284.0307
300.9307,299.73068,299.3307,299.0307,297.8307,299.13068,297.73068,296.9307,296.0307,296.63068,296.0307,295.13068,294.73068,295.3307,294.0307,295.13068,294.8307,293.73068,292.8307,292.23068,287.8307,288.9307,288.5307,289.13068,287.63068,287.23068,284.8307,283.8307,282.23068,281.23068,281.3307,282.3307,284.0307,284.13068,284.4307,284.8307,282.5307,282.9307,273.73068,271.13068,267.3307
299.3307,298.5307,298.4307,298.13068,297.0307,297.8307,295.8307,296.13068,296.73068,295.9307,294.63068,293.23068,293.9307,294.0307,293.23068,293.13068,293.5307,293.8307,292.8307,291.8307,290.13068,289.23068,289.3307,288.73068,287.73068,286.13068,284.8307,283.73068,282.9307,282.23068,281.63068,282.9307,285.0307,284.5307,283.9307,282.73068,280.63068,275.3307,270.8307,270.73068,268.5307
297.73068,296.63068,296.0307,295.73068,296.0307,295.23068,294.8307,295.13068,294.3307,292.8307,289.0307,290.3307,292.73068,292.23068,292.5307,292.23068,291.5307,292.4307,292.13068,290.4307,289.73068,289.0307,287.9307,287.73068,286.9307,286.13068,283.9307,285.23068,284.8307,285.3307,285.13068,284.9307,283.8307,284.5307,284.0307,282.4307,277.4307,273.9307,274.63068,273.0307,270.73068
296.0307,296.8307,295.4307,295.0307,294.23068,293.9307,293.5307,293.3307,293.63068,292.9307,289.9307,287.3307,290.8307,290.0307,290.3307,290.8307,290.5307,290.5307,290.4307,289.73068,288.0307,286.5307,286.63068,286.9307,286.0307,286.9307,286.3307,286.63068,286.13068,285.9307,283.8307,283.4307,283.3307,280.63068,281.13068,280.73068,280.73068,279.73068,278.5307,278.63068,278.8307
292.63068,293.4307,294.8307,293.73068,293.4307,292.73068,292.4307,292.4307,291.13068,290.73068,287.23068,286.63068,288.4307,288.0307,289.3307,289.73068,289.73068,288.8307,289.73068,288.5307,288.3307,286.73068,286.13068,285.5307,286.5307,287.0307,287.63068,286.0307,285.8307,284.13068,283.63068,282.5307,281.3307,280.9307,280.3307,280.0307,278.73068,280.13068,277.8307,276.73068,277.63068
293.8307,293.13068,289.5307,293.5307,292.9307,291.8307,290.73068,289.73068,290.4307,289.4307,286.8307,284.8307,286.4307,287.3307,288.23068,289.13068,288.9307,288.0307,288.23068,288.73068,288.63068,288.0307,287.9307,287.13068,287.13068,286.8307,285.9307,285.13068,283.4307,282.9307,282.4307,280.8307,279.4307,277.9307,278.4307,277.13068,276.8307,276.23068,276.13068,275.13068,275.13068
286.8307,290.4307,286.0307,292.73068,292.63068,290.23068,289.63068,288.9307,290.9307,290.0307,288.3307,287.0307,285.3307,286.4307,286.8307,287.9307,287.9307,288.13068,288.63068,287.9307,288.0307,287.5307,287.8307,286.73068,286.23068,285.8307,285.13068,284.13068,283.8307,282.73068,281.73068,281.13068,279.13068,278.13068,277.73068,277.4307,277.0307,275.73068,275.63068,274.23068,274.4307
