wind_kz.json
{"header": {"discipline":0,"disciplineName":"Meteorological products","gribEdition":2,"gribLength":1025,"center":7,"centerName":"US National Weather Service - NCEP(WMC)","subcenter":0,"refTime":"2023-08-21T18:00:00.000Z","significanceOfRT":1,"significanceOfRTName":"Start of forecast","productStatus":0,"productStatusName":"Operational products","productType":1,"productTypeName":"Forecast products","productDefinitionTemplate":0,"productDefinitionTemplateName":"Analysis/forecast at horizontal level/layer at a point in time","parameterCategory":2,"parameterCategoryName":"UnknownDiscipline_0_Category_2","parameterNumber":3,"parameterNumberName":"UnknownParameter_D0_C2_3","parameterUnit":"Unknown","genProcessType":2,"genProcessTypeName":"Forecast","forecastTime":120,"surface1Type":103,"surface1TypeName":"Specified height level above ground","surface1Value":10.0,"surface2Type":255,"surface2TypeName":"Missing","surface2Value":0.0,"gridDefinitionTemplate":0,"gridDefinitionTemplateName":"Latitude_Longitude","numberPoints":615,"shape":6,"shapeName":"Earth spherical with radius of 6,371,229.0 m","gridUnits":"degrees","resolution":48,"winds":"true","scanMode":64,"nx":41,"ny":15,"basicAngle":0,"lo1":47.0,"la1":41.0,"lo2":87.0,"la2":55.0,"dx":1.0,"dy":1.0}, "data":
[rows 0 to 14 of 15, columns 0 to 40 of 41]
6.064602,-1.2653979,-1.045398,-7.8153977,-9.645398,-9.225398,-8.855398,-7.745398,-5.615398,-5.305398,-2.005398,-5.125398,-5.865398,-8.675398,0.60460204,-1.0253979,-3.305398,-4.235398,-4.175398,-4.005398,-1.8753979,-4.0453978,-4.445398,0.13460205,-3.7153978,0.40460205,-0.54539794,1.544602,0.98460203,1.444602,-0.05539795,-1.435398,2.104602,-6.365398,-6.8353977,-2.6753979,-0.46539795,3.224602,2.904602,-1.325398,-3.355398
1.794602,-0.19539794,-4.435398,-6.785398,-8.965398,-9.405398,-6.365398,-8.295398,-7.455398,-4.525398,-3.125398,-1.6453979,-1.795398,-1.9853979,-6.685398,-6.135398,-1.075398,-1.415398,-0.72539794,-3.415398,-1.9053979,-3.125398,-1.175398,0.44460204,1.5146021,-1.8553979,-4.325398,-0.755398,-0.44539794,-0.38539794,0.64460206,1.7446021,0.64460206,-1.805398,-1.2653979,-7.175398,-0.67539793,-1.4053979,0.14460205,-1.8553979,-0.22539794
0.96460205,-3.405398,-5.655398,-7.425398,-8.715398,-5.805398,-5.155398,-6.825398,-7.0853977,-7.885398,-6.305398,-1.935398,-1.6553979,0.43460205,-2.1753979,-5.5453978,-4.095398,-2.655398,-0.19539794,0.90460205,-1.6453979,-1.925398,-1.175398,0.63460207,0.12460205,1.4846021,1.3746021,1.784602,0.42460206,3.334602,3.774602,0.84460205,1.834602,-0.47539794,-0.35539794,1.3746021,-0.8053979,-3.755398,0.48460206,0.30460206,1.084602
-2.4653978,-7.345398,-8.165398,-7.3353977,-5.165398,-7.465398,-7.785398,-7.575398,-6.865398,-8.055398,-5.525398,-3.165398,-2.975398,-2.495398,0.7546021,0.27460206,-5.275398,-5.425398,-0.78539795,1.674602,1.024602,0.34460205,-1.6353979,-1.4953979,-0.66539794,-1.285398,-3.355398,-0.76539797,3.984602,0.22460204,-1.305398,-0.91539794,-1.715398,-0.64539796,0.44460204,-0.33539796,-0.34539795,1.294602,0.20460205,3.244602,2.234602
-3.265398,-6.475398,-7.485398,-8.255398,-9.065398,-7.735398,-8.195398,-7.195398,-6.495398,-7.055398,-6.645398,-5.845398,-1.1453979,-0.06539795,-0.59539795,3.624602,-0.635398,-2.9353979,-4.635398,1.774602,2.514602,0.67460203,0.24460205,0.06460205,0.49460205,-1.205398,-1.0153979,-0.64539796,4.134602,0.79460204,0.15460205,-0.48539793,2.434602,2.634602,-0.72539794,-2.025398,0.12460205,-0.06539795,-2.005398,-3.135398,-4.905398
-3.365398,-3.2153978,-7.305398,-8.895398,-8.655398,-9.915398,-7.825398,-7.995398,-6.875398,-6.355398,-4.285398,-3.265398,-4.055398,-0.66539794,3.164602,3.724602,1.574602,-1.925398,-2.785398,3.684602,0.52460206,1.334602,1.7446021,2.8146021,2.7946022,1.584602,1.2246021,6.274602,5.444602,3.394602,0.71460205,0.31460205,-1.535398,-2.035398,1.4746021,-0.34539795,2.5646021,0.77460206,-0.885398,-9.495398,-5.025398
-3.105398,-3.2053978,-3.275398,-2.9353979,-3.005398,-4.245398,-5.655398,-4.775398,-8.365398,-7.745398,-6.765398,-0.40539795,-0.015397949,0.13460205,1.914602,4.004602,3.8046021,-1.475398,-4.625398,0.994602,-2.485398,-2.625398,-4.145398,1.944602,3.944602,2.874602,1.9846021,7.094602,3.954602,3.8246021,2.2846022,-0.45539796,-2.9653978,-4.845398,-2.915398,-1.415398,-3.145398,-1.1253979,0.9446021,-1.195398,-6.285398
-2.855398,-3.155398,-4.425398,-5.235398,-2.735398,-2.6753979,-5.255398,-5.3353977,-5.775398,-9.105398,-6.755398,-6.415398,-0.64539796,-0.27539796,3.624602,2.204602,3.974602,-2.985398,6.884602,2.404602,-1.075398,-3.725398,-7.0653977,2.264602,3.704602,3.344602,5.654602,6.634602,4.984602,2.584602,1.064602,1.4846021,-0.86539793,-2.805398,-2.075398,-1.6253979,-0.27539796,0.84460205,0.20460205,3.344602,1.2246021
-3.095398,-3.1753979,-3.335398,-5.285398,-6.025398,-7.465398,-7.785398,-5.865398,-3.275398,-7.655398,-6.305398,-5.305398,-4.165398,0.66460204,2.204602,1.4746021,-3.795398,1.8946021,6.594602,4.524602,1.774602,1.044602,-2.405398,-3.495398,-3.265398,-3.855398,2.0346022,1.8546021,0.7546021,1.334602,0.6946021,1.904602,2.644602,-0.16539794,0.05460205,-1.595398,-3.305398,-1.2753979,2.234602,0.79460204,0.53460205
-7.445398,-4.635398,-3.035398,-3.495398,-5.155398,-5.725398,-6.485398,-7.825398,-5.195398,-8.615398,-7.405398,-5.525398,-1.225398,0.8146021,0.47460204,-1.7553979,-4.345398,4.404602,3.734602,3.404602,3.8046021,2.634602,1.194602,-0.6853979,-2.755398,1.904602,2.114602,2.3146021,1.714602,-0.42539796,0.9446021,1.054602,0.32460204,-0.27539796,-1.1253979,-0.42539796,0.22460204,-1.6453979,1.574602,4.6646023,3.464602
-3.985398,-3.765398,-3.885398,-5.025398,-6.145398,-4.695398,-5.475398,-5.385398,-6.195398,-8.365398,-6.975398,-4.185398,-2.085398,2.2946022,-0.79539794,-1.225398,0.67460203,2.124602,1.2646021,1.0946021,1.194602,0.79460204,-0.24539796,-0.61539793,-1.955398,1.3746021,-0.37539795,0.05460205,0.33460206,1.3946021,0.82460207,0.684602,-0.25539795,-0.7453979,-0.60539794,0.20460205,-0.16539794,0.79460204,-0.18539795,-1.0053979,0.33460206
-3.255398,-3.6853979,-4.285398,-5.205398,-4.705398,-5.725398,-4.325398,-5.095398,-6.535398,-6.235398,-5.265398,-6.505398,-5.0453978,-0.89539796,-2.655398,-1.185398,1.824602,0.65460205,2.974602,3.244602,2.424602,1.5146021,0.70460206,0.9446021,0.004602051,-0.24539796,3.124602,2.414602,2.224602,0.864602,0.28460205,0.42460206,-0.03539795,0.5046021,-0.14539795,-1.415398,-0.8053979,-0.17539795,0.34460205,-1.1453979,-0.33539796
-2.755398,-3.575398,-1.7653979,-2.295398,-3.605398,-3.595398,-4.675398,-5.695398,-7.725398,-3.985398,-3.125398,-3.315398,-6.865398,-6.275398,-4.345398,-4.195398,0.57460207,-1.705398,-1.095398,2.414602,3.444602,2.914602,2.5546021,2.414602,2.5646021,1.5046021,2.434602,2.5346022,1.044602,1.044602,1.314602,0.64460206,-0.26539794,-0.9953979,0.6246021,-0.17539795,-1.835398,-1.6353979,-1.8953979,-0.82539797,0.22460204
-2.4653978,-2.725398,-4.975398,-2.785398,-3.9453979,-3.105398,-1.8953979,-4.285398,-4.305398,-4.0653977,-1.795398,-1.1553979,-4.465398,-4.745398,-4.755398,-4.075398,-2.9653978,-0.17539795,-1.8653979,-2.9553978,2.864602,2.084602,1.274602,4.784602,3.734602,2.5746021,2.014602,2.124602,2.5746021,1.2446021,0.97460204,1.274602,1.1146021,0.39460206,-1.0053979,-0.25539795,0.41460204,-1.715398,-2.315398,-1.4853979,-2.275398
-2.555398,-1.6453979,-5.8353977,-2.4553978,-3.025398,-1.845398,-1.725398,-2.585398,-2.885398,-4.365398,-1.075398,-0.67539793,-1.205398,-1.6453979,-3.385398,-3.385398,-2.725398,-2.6953979,-2.295398,-1.555398,0.09460205,1.2246021,1.4746021,1.4846021,4.804602,3.524602,3.494602,2.154602,2.644602,2.644602,2.5546021,1.6446021,1.8846021,1.8846021,0.16460206,-0.505398,-0.28539795,-1.065398,-1.7653979,-2.6853979,-1.555398
