wind_kz.json
{"header": {"discipline":0,"disciplineName":"Meteorological products","gribEdition":2,"gribLength":1025,"center":7,"centerName":"US National Weather Service - NCEP(WMC)","subcenter":0,"refTime":"2024-01-31T18:00:00.000Z","significanceOfRT":1,"significanceOfRTName":"Start of forecast","productStatus":0,"productStatusName":"Operational products","productType":1,"productTypeName":"Forecast products","productDefinitionTemplate":0,"productDefinitionTemplateName":"Analysis/forecast at horizontal level/layer at a point in time","parameterCategory":2,"parameterCategoryName":"UnknownDiscipline_0_Category_2","parameterNumber":3,"parameterNumberName":"UnknownParameter_D0_C2_3","parameterUnit":"Unknown","genProcessType":2,"genProcessTypeName":"Forecast","forecastTime":60,"surface1Type":103,"surface1TypeName":"Specified height level above ground","surface1Value":10.0,"surface2Type":255,"surface2TypeName":"Missing","surface2Value":0.0,"gridDefinitionTemplate":0,"gridDefinitionTemplateName":"Latitude_Longitude","numberPoints":615,"shape":6,"shapeName":"Earth spherical with radius of 6,371,229.0 m","gridUnits":"degrees","resolution":48,"winds":"true","scanMode":64,"nx":41,"ny":15,"basicAngle":0,"lo1":47.0,"la1":41.0,"lo2":87.0,"la2":55.0,"dx":1.0,"dy":1.0}, "data":
[rows 0 to 14 of 15, columns 0 to 40 of 41]
-1.0734466,0.7865533,-1.2634467,-4.6234465,-4.5434465,-5.303447,-3.1034467,-1.3434466,-0.53344667,-1.2134466,-1.7834467,-1.8934467,-3.0634468,-4.9134464,-5.5634465,-5.2734466,-3.5234466,-1.3234466,-3.3434467,-1.5634466,1.8565533,0.26655334,0.43655336,-0.45344666,0.76655334,-2.1634467,-2.3734467,-1.4834466,2.4565535,4.1565533,2.0565534,0.43655336,-0.85344666,-1.1134467,0.006553345,-0.82344663,-0.5834467,-1.3634467,-0.8434467,-0.9634467,0.046553344
2.4865534,-1.6234467,-4.0834465,-4.9434466,-5.4234467,-5.2134466,-4.263447,-1.0134467,0.106553346,0.076553345,-0.5234467,-1.5934466,-2.3934467,-3.2234466,-5.1634464,-3.7834466,-2.7734466,-3.8634467,-3.7834466,-3.0534468,-2.8734467,-2.5034466,-0.50344664,1.2965534,0.52655333,0.28655335,0.70655334,-0.34344664,-0.033446655,2.8865533,3.7965534,7.1565533,1.7765534,-0.5934467,-0.63344663,1.7065533,-0.39344665,1.1765534,0.43655336,1.8465533,0.38655335
-1.9834466,-6.3134465,-7.8734465,-6.7134466,-4.933447,-3.2134466,-2.9934466,-1.4934467,0.06655335,0.16655335,-0.063446656,-0.60344666,-1.1734467,-1.0434467,-1.9934467,-2.0634468,-1.2034466,-0.9534466,-2.5634468,-3.9034467,-4.033447,-3.3534467,-3.0534468,-1.5134467,-1.0434467,-0.16344665,-0.7134467,-0.75344664,1.0165534,2.9765534,3.8265533,3.5565534,2.9365532,0.43655336,0.99655336,-0.063446656,3.4065533,2.0265534,0.046553344,1.0165534,1.4565533
-1.4034467,-3.5734468,-4.7534466,-5.223447,-3.9934466,0.116553344,-2.1234467,-0.6434467,-0.81344664,0.71655333,0.62655336,0.58655334,1.3865533,1.2765534,0.016553344,0.24655335,0.20655334,-1.0434467,-2.4434466,-4.7934465,-3.9334466,-1.7534467,4.6465535,0.69655335,-1.3134466,-1.4534466,0.22655335,-1.3334466,5.1265535,4.9165535,2.5565534,1.4165534,0.81655335,0.51655334,0.16655335,-0.15344666,0.94655335,3.5865533,-1.2734467,-1.7434467,-1.3634467
-2.7734466,-2.5734468,-2.1734467,-2.0234466,-1.0034467,0.6665533,2.0365534,1.2165533,0.6565533,1.7165533,1.8565533,2.1165533,1.8165534,2.3865533,3.0965533,1.3565533,1.4665533,1.1765534,-0.12344666,-1.8434466,-0.69344664,0.7265533,0.09655335,-0.40344664,-0.27344665,-0.5834467,-0.063446656,0.6565533,1.0165534,-0.54344666,-1.1734467,-0.15344666,1.5465534,3.7565534,-0.66344666,0.99655336,1.3765533,-0.49344665,-2.0534468,-1.5234467,0.45655334
-2.5334466,-2.0834467,-1.6434467,-1.3134466,-1.4434466,-0.44344667,0.69655335,2.1465533,2.8265533,2.2465534,2.8465533,3.1965532,1.9465533,2.8465533,2.5765533,3.4565535,3.1465533,2.6165533,1.8765533,1.3365533,1.1365533,2.4265532,2.2665534,0.67655337,0.86655337,0.86655337,0.86655337,-0.87344664,-0.31344664,-1.0534467,-1.5734466,-1.4834466,-1.0134467,-2.6934466,-0.5234467,9.456553,1.1965533,4.1165533,-1.3634467,-1.0534467,0.22655335
-1.5634466,-1.5134467,-1.0734466,-0.19344665,0.30655333,-0.42344666,1.0465534,1.6265533,3.1565533,3.3165534,3.6965532,2.8265533,3.9765534,3.4965534,2.8465533,3.8465533,5.1365533,3.4565535,4.3365536,3.2365534,2.9665534,4.006553,3.9865534,3.8465533,2.9065533,2.0665534,0.55655336,0.27655333,-1.0334467,0.8465533,-0.073446654,-2.0834467,-2.7534466,2.1765532,0.046553344,-0.73344666,-1.6334467,1.2965534,2.2365534,2.3265533,1.7965534
-3.2734466,-2.4534466,-1.6834466,-0.24344665,1.1465534,2.1865532,1.6465534,2.3765533,3.9565535,4.2265534,4.4065533,4.7465534,2.9465532,2.7865534,2.8265533,3.7165534,5.1465535,5.8765535,6.716553,5.9265532,4.256553,4.5765533,4.736553,6.1765532,6.6165533,5.466553,7.4065533,3.1365533,1.2865534,1.0365534,1.1165533,2.1365533,1.8865533,2.2465534,0.25655335,-0.57344663,0.18655334,1.5065533,-2.1534467,0.9165533,2.7765534
-2.6234467,-1.0534467,-0.023446655,1.6165533,0.92655337,2.3665533,2.6265533,2.5265534,4.0365534,5.1265535,4.966553,5.5165534,4.0765533,4.066553,3.2165534,4.026553,3.9165533,5.1765532,6.5565534,7.4065533,6.6165533,7.2465534,7.696553,7.6165533,7.756553,6.6465535,4.466553,7.296553,6.2665534,4.276553,6.3465533,7.046553,7.1865535,6.5765533,3.0465534,4.3665533,0.21655335,0.6665533,2.6265533,2.2365534,1.4965533
-1.4634466,-1.3334466,2.2665534,2.1265533,2.7865534,2.0965533,2.9765534,3.7465534,4.796553,6.2065535,6.1365533,5.9065533,5.1865535,3.5965533,3.3465533,2.3765533,4.0365534,4.3065534,4.716553,6.4065533,6.6165533,6.4765534,7.696553,8.686553,8.806553,8.716554,8.296554,7.9265532,7.4065533,6.6065536,6.8765535,7.6565533,7.8665533,7.1165533,5.8465533,1.7765534,1.6765534,1.2465533,1.6665534,2.3965533,3.1265533
-1.6834466,-3.1534467,1.2165533,2.8365533,3.2465534,2.7665534,1.6265533,3.4765534,5.276553,5.8765535,6.546553,5.3265533,4.4265532,4.446553,2.9865534,2.9465532,2.9265532,2.6965532,3.8265533,5.1865535,6.1665535,5.8265533,5.5965533,7.2465534,6.8665533,7.256553,7.1565533,7.9965534,7.986553,5.5965533,6.0865536,5.8865533,6.8265533,7.6465535,8.106553,6.4765534,3.7065535,3.3565533,3.7165534,2.1965532,1.2165533
-0.62344664,-0.8434467,-0.34344664,2.2065535,2.2165534,1.5065533,1.8265533,2.0265534,4.9065533,4.986553,4.8865533,4.2065535,3.8065534,3.8965533,3.2865534,3.1165533,3.2265534,2.7465534,2.6465533,3.4565535,4.6465535,4.8965535,4.966553,5.026553,5.6165533,5.9265532,6.8065534,6.506553,6.716553,6.566553,6.736553,7.526553,6.3265533,7.6165533,6.8565536,7.8665533,4.6565533,1.3265533,0.61655337,0.31655335,0.17655334
-0.08344665,-2.0434465,-0.37344664,1.3065534,1.7865534,1.2265533,2.2265534,2.7765534,5.6365533,4.8265533,3.0265534,2.6365533,3.1165533,3.1165533,3.0665534,2.4765534,2.4565535,2.8765533,3.3165534,3.4165533,3.9765534,3.8265533,2.5765533,2.0065534,1.3165534,1.4465533,1.4165534,3.0865533,4.066553,5.1865535,5.4565535,6.026553,6.1065536,5.8765535,6.0565534,7.0165534,5.256553,3.2365534,2.2965534,0.28655335,-0.9634467
-0.013446655,-1.4934467,-2.1434467,-0.0034466553,0.5465534,0.55655336,1.1965533,3.7365534,4.7865534,5.4765534,2.8165534,0.9865534,2.1665533,1.8565533,2.2865534,2.2865534,2.2865534,1.8465533,1.4165534,1.4765533,0.9865534,0.99655336,0.7365534,0.70655334,0.80655336,1.5165534,1.6365533,1.9665533,2.7265534,3.4565535,4.0165534,4.7465534,5.296553,5.7465534,4.6665535,5.6265535,4.9165535,4.486553,3.5865533,2.8065534,2.4565535
0.36655334,-0.13344665,-1.6434467,-0.61344665,-0.26344666,0.006553345,-0.27344665,2.2165534,4.716553,5.3865533,3.3365533,1.8165534,1.1365533,1.5065533,3.3965533,2.3965533,2.7265534,2.1065533,1.4665533,1.2865534,1.2565533,1.3565533,0.77655333,0.9165533,0.81655335,0.89655334,1.3365533,1.9865533,2.2665534,2.7765534,3.2965534,3.7665534,4.0965533,4.696553,5.1765532,5.0765533,5.7265534,5.6265535,3.6865532,4.4965534,3.7165534
