wind_kz.json
{"header": {"discipline":0,"disciplineName":"Meteorological products","gribEdition":2,"gribLength":1025,"center":7,"centerName":"US National Weather Service - NCEP(WMC)","subcenter":0,"refTime":"2023-08-20T06:00:00.000Z","significanceOfRT":1,"significanceOfRTName":"Start of forecast","productStatus":0,"productStatusName":"Operational products","productType":1,"productTypeName":"Forecast products","productDefinitionTemplate":0,"productDefinitionTemplateName":"Analysis/forecast at horizontal level/layer at a point in time","parameterCategory":2,"parameterCategoryName":"UnknownDiscipline_0_Category_2","parameterNumber":3,"parameterNumberName":"UnknownParameter_D0_C2_3","parameterUnit":"Unknown","genProcessType":2,"genProcessTypeName":"Forecast","forecastTime":240,"surface1Type":103,"surface1TypeName":"Specified height level above ground","surface1Value":10.0,"surface2Type":255,"surface2TypeName":"Missing","surface2Value":0.0,"gridDefinitionTemplate":0,"gridDefinitionTemplateName":"Latitude_Longitude","numberPoints":615,"shape":6,"shapeName":"Earth spherical with radius of 6,371,229.0 m","gridUnits":"degrees","resolution":48,"winds":"true","scanMode":64,"nx":41,"ny":15,"basicAngle":0,"lo1":47.0,"la1":41.0,"lo2":87.0,"la2":55.0,"dx":1.0,"dy":1.0}, "data":
[rows 0 to 14 of 15, columns 0 to 40 of 41]
0.9947516,2.4647515,0.33475158,1.7847515,1.2047516,0.24475159,2.3047516,2.5647516,1.0647516,0.5447516,-1.2452484,0.33475158,-0.35524842,-2.3052485,-4.135248,-4.9152484,-3.3152485,-4.5552483,-5.1552486,-5.0752482,-3.2752485,-1.2252485,1.7447516,0.6747516,2.2047515,-0.38524842,-1.6552484,0.39475158,-2.5152483,-0.74524844,0.7847516,1.8347516,0.04475159,-0.065248415,-0.8252484,-0.6352484,2.9047515,4.0947514,4.3547516,4.7447515,1.6647515
-0.20524842,0.9747516,2.7347517,3.6247516,2.6547515,2.2647517,2.2447517,2.3547516,0.6847516,-0.32524842,1.8847516,-0.32524842,-1.8552485,-2.6152484,-3.6752484,-2.4152484,-3.7352483,-7.115248,-4.8752484,-6.1052485,-4.6052485,1.6247516,2.3447516,-1.7152485,1.9647516,2.2847517,3.9447515,1.2647516,0.12475159,0.9747516,-2.7952485,-0.3352484,-0.13524841,1.6947516,3.2947516,-0.3052484,4.3547516,3.4347515,3.0647516,1.7847515,0.1447516
0.9247516,3.9047515,4.1247516,3.0047517,2.9247515,3.1947515,3.5247517,2.4047515,2.1447515,2.2347517,0.19475159,-0.55524844,-2.0752485,-2.3952484,-1.8652484,-2.4752483,-4.0452485,-6.3952484,-6.2452483,-5.9352484,-3.2052484,-3.3152485,-5.6252484,-2.9352484,-2.8352485,-0.93524843,-1.6652484,-2.6152484,-1.6152484,-3.6752484,-1.1652484,-0.07524841,-3.1052485,1.7347516,0.7047516,-2.8852484,-3.0852485,1.1347516,0.12475159,4.7647514,3.0947516
3.9247515,5.1847515,4.0647516,3.8147516,3.3447516,3.4947517,3.1847515,2.7447517,2.3147516,1.3847516,1.6847516,-0.13524841,-1.1252484,-2.2552483,-0.15524842,-1.2552484,-2.7152483,-4.9152484,-7.7352486,-6.9052486,-4.8052483,-5.4552484,-1.1252484,-2.7352483,-3.2152483,-3.8652484,-3.7352483,-4.4152484,-5.095248,-4.5852485,-1.8452485,0.9747516,1.3647516,0.8047516,-0.6952484,1.8747516,3.1447515,2.2647517,-3.1752484,-3.0252485,-3.9152484
3.7447517,3.2347517,3.9047515,2.1847515,2.2147515,2.0047517,1.5147516,2.8047516,2.8847516,2.8347516,2.5747516,0.5147516,-0.2152484,-0.9752484,0.20475158,0.8947516,-1.1852484,-2.6352484,-3.3752484,-4.5152483,-3.4852483,-0.9552484,-0.6552484,-0.7752484,-1.1752484,-2.0052483,-4.1552486,-3.3052485,-3.6552484,-5.0852485,-5.2752485,-5.0252485,-0.4252484,0.8247516,0.7247516,2.5647516,-1.6452484,0.6847516,-0.9252484,0.5147516,0.3447516
3.2947516,4.1947517,2.4347515,3.5647516,3.1247516,2.2347517,2.7247515,2.3347516,3.2247515,3.2147515,1.5947516,1.8147516,0.19475159,0.114751585,-0.14524841,0.9847516,0.3247516,-1.4752485,-2.2452483,-0.095248416,-0.3352484,-0.7952484,0.18475159,0.22475159,-0.87524843,-2.0352485,-1.9552484,-5.3152485,-3.2952485,-4.3352485,-5.0152483,-6.4552484,-3.5052483,-3.4552484,-2.2852485,-3.7352483,-3.7752485,-2.4652483,-2.4552484,2.6847515,0.7647516
2.6047516,3.9947517,3.8647516,4.2147517,3.8747516,3.8247516,2.1247516,2.4447515,2.8047516,2.5347517,2.2247515,1.4347516,1.0547516,-0.8152484,-1.0652484,-1.2552484,-0.93524843,-0.015248413,-0.19524841,-1.2852484,-1.2652484,-0.41524842,-0.35524842,0.26475158,0.3447516,-0.26524842,-1.9052484,-2.5452485,-3.6452484,-4.4352484,-4.9752483,-5.4352484,-6.7052484,-3.9552484,0.9147516,-2.2052484,3.1347516,-1.0652484,-0.5752484,2.7947516,-4.845248
1.7847515,3.2647517,4.3547516,4.5847516,3.9047515,3.4747515,3.9747515,3.6047516,2.5647516,2.7247515,2.3447516,0.9647516,-0.3352484,-0.8152484,-1.0652484,-0.61524844,-1.3752484,-0.9052484,-1.1152484,0.09475159,-0.9752484,-1.6652484,-2.2852485,-0.9152484,-0.19524841,-0.8952484,-1.2552484,-1.4452484,-2.0652485,-3.6852484,-4.7052484,-5.0352483,-5.9652486,-7.5552483,-7.0152483,-7.2652483,-3.2252483,-2.7152483,1.1547515,-0.3652484,-0.16524841
2.7547517,3.1047516,3.5147517,4.2747517,3.9247515,3.1047516,3.8247516,3.4647515,3.8447516,3.2447517,3.2447517,2.1947515,1.0247515,0.1447516,-0.4252484,-0.74524844,-0.99524844,-1.1752484,-1.3452485,-0.6052484,0.21475159,-1.8252484,-2.2452483,-1.8152484,-1.6452484,-1.7452484,-1.8252484,-2.5252485,-3.2352483,-3.3652484,-3.5552485,-4.3352485,-5.0852485,-6.6552486,-8.035249,-8.655249,-4.095248,-4.2952485,-0.055248413,0.3447516,2.3447516
2.9047515,2.8047516,3.6447515,4.0647516,4.8147516,4.5247517,3.7947516,3.1847515,4.5947514,3.9747515,3.3047516,2.7847517,2.7247515,1.8447516,1.4347516,0.56475157,0.20475158,-0.13524841,-0.16524841,-0.3752484,-0.4652484,-1.0752484,-1.2652484,-1.7452484,-2.3452485,-2.1552484,-3.1752484,-3.6552484,-4.1752486,-4.4052486,-4.9552484,-4.3752484,-2.1452484,-3.8752484,-7.1752486,-6.9952483,-1.6952484,2.1547515,-3.5552485,-1.3452485,-1.9752485
2.6847515,4.1647515,4.7447515,4.0347514,4.2547517,4.5847516,3.9047515,2.5347517,4.7447515,4.8447514,3.9947517,3.0147517,2.5247517,2.1947515,2.5047517,1.8647516,2.0147517,0.7047516,0.62475157,0.09475159,0.39475158,0.08475158,-0.4652484,-1.6352484,-2.3752484,-2.8952484,-2.8652484,-4.4452486,-4.8352485,-4.865248,-4.5252485,-3.8152485,-0.45524842,-1.6552484,-3.9452484,-5.3052483,-4.5252485,-2.2152483,-2.3352485,-1.7152485,-0.5852484
-4.095248,2.4247515,4.5747514,5.8247514,4.9347515,4.0247517,3.2447517,2.5147517,4.4847517,5.2347517,3.8847516,1.7447516,1.9647516,1.4247516,2.2947516,2.7847517,1.9147515,3.1047516,2.2347517,1.8847516,1.4447516,0.8247516,0.49475157,-0.48524842,-1.9652485,-2.8752484,-3.4652483,-4.5752482,-5.5252485,-4.9552484,-3.8352485,-3.8052485,-0.7352484,-0.62524843,-1.7752484,-2.5152483,-2.8852484,-2.6752484,-2.4752483,-2.0052483,-1.0252484
-2.1352484,-2.0752485,-0.08524841,4.0047517,5.4947515,3.4447515,3.5847516,3.5047517,5.1247516,4.2547517,2.4247515,3.2347517,2.3447516,1.8547516,1.9147515,2.8047516,3.0447516,3.1247516,3.2947516,3.0047517,2.6547515,1.8147516,0.33475158,-1.4852484,-2.8152485,-2.5252485,-2.0852485,-3.0652485,-4.2452483,-4.4052486,-3.8952484,-2.3652484,-0.7152484,-2.7652483,-3.3152485,-3.2352483,-2.9052484,-2.1052485,-2.7552483,-2.3852484,-0.8352484
-3.2952485,-2.8152485,-1.0952485,-0.4252484,3.3847516,5.6447515,4.9447517,4.6847515,3.7847517,4.7847514,2.5147517,1.9247516,3.6147516,2.7047515,2.6647515,2.8247516,3.4147515,3.2847517,3.4347515,3.2447517,3.1747515,2.3747516,1.2047516,-0.2152484,-1.2052484,0.21475159,-0.9552484,-2.5152483,-3.2052484,-3.4852483,-3.1352484,-2.7352483,-3.2652483,-3.3852484,-2.2952485,-3.1252484,-2.0352485,-2.2452483,-1.3052484,-0.2752484,-1.3552485
-2.6352484,-4.4052486,-2.2952485,0.4047516,1.4647516,3.0347517,3.1947515,4.0847516,4.884752,4.6447515,2.5347517,4.1947517,2.5747516,2.7247515,4.0347514,4.2647514,3.9147515,3.7347517,3.9047515,3.2247515,2.8847516,2.3347516,1.6147516,1.2947516,1.6847516,1.3947515,0.9847516,-1.3052484,-2.2352483,-1.5652484,0.5547516,-2.2652483,-3.0952485,-2.3552485,-2.5852485,-3.1752484,-3.5752485,-3.1752484,-2.7652483,-3.0252485,-2.0752485
