wind.json
{"header": {"discipline":0,"disciplineName":"Meteorological products","gribEdition":2,"gribLength":1125,"center":7,"centerName":"US National Weather Service - NCEP(WMC)","subcenter":0,"refTime":"2023-06-29T12:00:00.000Z","significanceOfRT":1,"significanceOfRTName":"Start of forecast","productStatus":0,"productStatusName":"Operational products","productType":1,"productTypeName":"Forecast products","productDefinitionTemplate":0,"productDefinitionTemplateName":"Analysis/forecast at horizontal level/layer at a point in time","parameterCategory":2,"parameterCategoryName":"UnknownDiscipline_0_Category_2","parameterNumber":3,"parameterNumberName":"UnknownParameter_D0_C2_3","parameterUnit":"Unknown","genProcessType":2,"genProcessTypeName":"Forecast","forecastTime":0,"surface1Type":103,"surface1TypeName":"Specified height level above ground","surface1Value":10.0,"surface2Type":255,"surface2TypeName":"Missing","surface2Value":0.0,"gridDefinitionTemplate":0,"gridDefinitionTemplateName":"Latitude_Longitude","numberPoints":688,"shape":6,"shapeName":"Earth spherical with radius of 6,371,229.0 m","gridUnits":"degrees","resolution":48,"winds":"true","scanMode":64,"nx":43,"ny":16,"basicAngle":0,"lo1":45.0,"la1":40.0,"lo2":87.0,"la2":55.0,"dx":1.0,"dy":1.0}, "data":
[rows 0 to 15 of 16, columns 0 to 42 of 43]
2.5129833,-0.3370166,0.2929834,2.8129835,1.8229834,0.2929834,-3.6770165,-3.5770166,-3.0770166,2.4129834,-0.9470166,2.6529834,-1.1270165,3.3929834,1.7529835,0.8829834,-2.0670166,-4.1970167,-5.9370165,-7.2970166,-8.007016,-7.4470167,-5.8770165,-4.5370164,-3.4470167,-0.7770166,-2.0470166,-2.7470167,1.9629834,-5.9970164,-2.8270166,-8.637016,-0.4570166,-0.4070166,3.1129835,6.4829836,4.1929836,6.2629833,0.4229834,-4.8070164,-8.627017,-10.777017,-9.717016
-1.0370166,0.4429834,0.5729834,1.4229834,-1.7770166,-2.9770167,-4.6070166,-4.2870164,-2.3570166,0.1629834,1.6429834,5.0529833,5.1029835,4.7329836,3.8329835,1.2929834,-0.9970166,-3.3170166,-5.2570167,-4.9370165,-6.0070167,-6.3970165,-7.2470164,-5.5570164,-0.0670166,1.0529834,7.0629835,1.0129834,2.1829834,2.0729835,-3.1970167,-5.9470167,-4.6070166,-1.5070167,-0.2770166,-0.5670166,-11.077017,3.6829834,-1.0670166,1.5729834,-0.9870166,-8.457017,-8.467016
-0.3470166,1.9129834,-0.0070166015,0.6929834,-2.2670166,-4.2570167,-4.887017,-5.6270165,-7.6870165,-1.0470166,3.0829835,4.5229836,5.6629834,3.6529834,4.0529833,0.9829834,-1.1070166,-2.4370165,-3.5370166,-4.7670164,-6.2470164,-7.1770167,-4.4870167,-7.8070164,-5.387017,-1.7970166,1.1829834,1.2429833,-2.5070167,-1.4670166,-4.847017,-3.2270167,-2.2470167,-2.3570166,-2.1670165,-3.7870166,-2.6270165,-7.2570167,-8.9370165,-3.8070166,-3.1970167,-2.3270166,-3.3670166
-1.3970166,-2.6170166,0.8829834,1.1229835,-2.5370166,-5.2070165,-5.6970167,-4.5170164,-5.7370167,-4.6270165,3.0329833,5.3529835,5.7029834,6.4329834,3.8629835,1.0029835,-1.8170166,-2.3170166,-3.1670165,-4.6770167,-6.0070167,-7.2270164,-6.9870167,-3.7370167,-9.1870165,-5.6870165,-5.7170167,-4.387017,-4.4470167,-3.0670166,-3.8970165,-2.2070167,-2.2570167,-2.4070165,-0.5770166,-1.7370166,2.7629833,-0.8570166,-2.0870166,-1.8370166,-1.7170166,-0.4870166,-2.2470167
1.1329834,2.8129835,0.5029834,0.0129833985,-2.8770165,-5.1470165,-2.1170166,-3.6870165,-5.2970166,-4.387017,1.2029834,6.5729833,7.0129833,1.3229834,-1.8470166,-4.9470167,-5.2270164,-0.047016602,-3.0670166,-4.5270166,-4.4970164,-6.0870166,-5.3570166,-5.2070165,-4.6470165,-3.2770166,-3.6570165,-4.6270165,-4.9170165,-4.7670164,-3.5470166,-4.3770165,-5.9670167,-6.4170165,-3.3570166,4.7629833,1.5529834,-0.4870166,2.4229834,0.8429834,-0.6970166,1.6929834,5.7329836
0.9829834,0.4029834,3.9929833,2.4829834,-0.2670166,-2.6170166,-4.5270166,-6.1070166,-5.3570166,-3.7770166,2.1429834,6.1429834,6.5329833,2.8629835,0.1529834,-3.4870167,-4.6870165,-1.1370167,-1.8370166,-2.3870165,-4.0070167,-3.2570167,-4.5670166,-3.5470166,-3.0070167,-1.9270166,-0.6970166,-1.4370166,-3.2170167,-7.1470165,-3.9770167,-3.5470166,-5.1770167,-6.3170166,-3.7470167,-2.2370167,-1.1970166,-4.1570168,-8.827017,-6.5470166,-5.9870167,-5.7370167,-3.8170166
0.7329834,-0.2970166,0.1529834,-0.0070166015,4.7829833,1.4129834,-1.3770165,-2.1370165,-2.5270166,0.2029834,0.7629834,2.0529833,4.5429835,5.1229835,2.9729834,-1.5570166,-6.4670167,-2.3670166,0.8829834,-0.3170166,-2.8970165,-1.2270166,-2.6870165,-1.7770166,-3.0770166,-3.3470166,-1.2070166,-1.9070166,4.7429833,1.9629834,-4.1470165,-4.2870164,-3.0870166,-4.2670164,-3.8870165,-2.7070167,-4.3970165,-1.0770166,-1.1570166,-3.6570165,-2.2170167,-4.9370165,-3.2870166
1.6629834,1.6329834,-2.8470166,-2.1070166,-1.8170166,-2.0570166,5.3229833,0.2629834,2.0629835,0.2229834,0.3529834,4.3729835,3.8929834,5.5729833,2.4129834,2.1529834,-0.7970166,1.2729834,0.9229834,1.3029834,2.1529834,-2.3270166,-0.6770166,-1.3470166,-2.5370166,-4.0270166,-2.3970165,-1.7570167,-1.0770166,-2.6970167,-0.4470166,0.8329834,-3.0170166,-2.4470167,3.6829834,-2.8270166,-1.5470166,-2.4370165,-4.9770164,-2.0470166,-4.5370164,-4.847017,-9.367017
3.6629834,0.5829834,0.5229834,-1.0470166,-1.7170166,-2.4470167,-1.8370166,-2.1070166,-1.2770166,2.2429833,0.8629834,3.7629833,4.9329834,5.402983,5.632983,0.9829834,4.0129833,-3.7070167,-3.0470166,1.5229834,0.9029834,2.8829834,-2.4170165,-2.5070167,1.2229834,-1.5470166,-2.1670165,-2.7270167,-2.9270165,-2.9870167,-6.7870164,-7.1670165,-5.4670167,-6.6570168,-6.0670166,-4.6270165,-4.2870164,-6.0370164,-6.7570167,-5.0070167,-2.5470166,-1.0970166,-2.3170166
-1.9970165,3.2429833,0.2229834,-0.7070166,-0.2370166,0.3429834,0.0729834,-1.3570166,-0.8170166,0.4029834,1.0629834,4.5129833,3.9629834,3.1029835,1.1229835,1.9729834,3.7829833,0.5029834,4.3029833,1.4829834,0.0629834,-1.3170166,-1.6970166,-3.1070166,-0.5470166,0.1729834,-1.7570167,-3.2270167,-2.6070166,-2.8970165,-5.1570168,-4.4970164,-3.5470166,-2.5170166,-4.4070168,-4.9570165,-2.9570167,-5.0270166,-3.3970165,-4.3570166,-3.2370167,-3.2770166,2.7129834
3.8829834,3.3129835,-0.0570166,1.6029834,1.0629834,1.5029835,0.8829834,-0.5970166,-1.3470166,-0.5070166,0.3829834,0.9029834,2.3829834,1.3329834,-1.0270166,2.2229834,3.1729834,0.8829834,2.4029834,2.4829834,-0.0670166,-0.6870166,-2.3970165,-1.6670166,-2.7170167,-4.3770165,-2.4970167,-0.7070166,-0.9270166,-3.2570167,-2.6870165,-2.7670166,-2.3370166,-0.8770166,0.3429834,-0.6870166,-1.5370166,-0.7070166,-1.7270166,-0.6670166,3.0729835,1.7329834,-0.1770166
4.3329835,2.0829835,2.1729834,2.4329834,2.6529834,2.8629835,2.2629833,1.0929834,-0.1970166,-0.0970166,0.7229834,0.4429834,1.4129834,2.6029835,2.4729834,1.0129834,-1.5170166,-0.5770166,0.4129834,0.7829834,-2.2370167,-1.1770166,-0.6070166,-2.0770166,-2.4470167,-4.7570167,-2.6070166,-1.4170166,-0.5870166,-1.5970166,-0.8070166,0.3029834,-1.0870166,-0.1670166,0.6929834,-0.1270166,1.0629834,2.8029833,2.0429833,0.6129834,-1.8470166,-0.7070166,0.3129834
4.4729834,3.8029833,3.1529834,3.2729833,3.8029833,4.5829835,3.5329833,2.0229833,-1.1170166,0.8429834,1.5329834,-1.1470166,1.4929833,0.6529834,-0.8170166,0.7829834,3.0529833,0.0729834,-1.7070166,-1.4370166,-1.6270165,-1.6870166,-0.5270166,-0.24701661,-0.7370166,-0.8170166,-1.8770165,-2.0570166,-0.4970166,1.2129834,0.71298337,1.2129834,-0.2070166,0.0829834,1.3429834,2.0529833,0.6629834,3.5429833,5.2529836,4.4129834,3.1129835,-0.4870166,-0.8070166
6.2229834,5.1929836,4.0829835,3.7129834,3.0429833,3.8629835,3.9629834,2.0829835,1.1929834,2.4329834,2.8629835,-3.0070167,-0.9970166,0.5229834,-1.3570166,0.9229834,0.7929834,0.022983398,0.6329834,0.5529834,-0.53701663,-2.3270166,0.2629834,2.0929835,2.3629835,1.0029835,2.8229835,1.2629834,3.5329833,-0.9370166,-0.8670166,0.4029834,2.9729834,2.0029833,0.4129834,0.8529834,-1.1670166,0.7329834,3.4929833,4.3129835,5.4729834,3.5929835,2.4729834
5.632983,3.0929835,3.6629834,4.2729836,3.0029833,3.2929833,4.6429834,2.4129834,1.2729834,1.0929834,2.3129835,-1.7970166,-0.53701663,-1.0570166,-0.9770166,-0.4370166,1.4629834,3.0529833,-5.1970167,-0.3970166,-5.887017,-7.1470165,0.4429834,-1.5170166,-7.0070167,-0.8070166,-3.1770165,-4.7070165,-5.7870164,-2.9670167,2.0929835,3.6529834,-3.0870166,2.5929835,0.2129834,1.3329834,1.1329834,2.4829834,0.5029834,-0.2570166,2.8429835,3.1129835,3.5029833
3.3729835,0.8329834,-1.4170166,-0.2670166,4.6429834,2.6729834,3.0029833,1.9729834,3.5929835,2.9629834,2.0029833,0.7729834,-0.1370166,0.1129834,1.5029835,-1.6870166,-2.5570166,1.0029835,1.2829834,2.0629835,-2.9770167,-2.5770166,-2.5070167,-1.5770166,-0.5470166,-4.5370164,-3.3770165,-3.0770166,-2.7470167,-1.7270166,3.1929834,3.7629833,1.4929833,-0.2670166,-0.047016602,0.4629834,-0.047016602,-0.2970166,-2.4570167,-1.2770166,-0.42701662,-0.6470166,0.4029834
