wind_kz.json
{"header": {"discipline":0,"disciplineName":"Meteorological products","gribEdition":2,"gribLength":1025,"center":7,"centerName":"US National Weather Service - NCEP(WMC)","subcenter":0,"refTime":"2025-04-05T12:00:00.000Z","significanceOfRT":1,"significanceOfRTName":"Start of forecast","productStatus":0,"productStatusName":"Operational products","productType":1,"productTypeName":"Forecast products","productDefinitionTemplate":0,"productDefinitionTemplateName":"Analysis/forecast at horizontal level/layer at a point in time","parameterCategory":2,"parameterCategoryName":"UnknownDiscipline_0_Category_2","parameterNumber":3,"parameterNumberName":"UnknownParameter_D0_C2_3","parameterUnit":"Unknown","genProcessType":2,"genProcessTypeName":"Forecast","forecastTime":0,"surface1Type":103,"surface1TypeName":"Specified height level above ground","surface1Value":10.0,"surface2Type":255,"surface2TypeName":"Missing","surface2Value":0.0,"gridDefinitionTemplate":0,"gridDefinitionTemplateName":"Latitude_Longitude","numberPoints":615,"shape":6,"shapeName":"Earth spherical with radius of 6,371,229.0 m","gridUnits":"degrees","resolution":48,"winds":"true","scanMode":64,"nx":41,"ny":15,"basicAngle":0,"lo1":47.0,"la1":41.0,"lo2":87.0,"la2":55.0,"dx":1.0,"dy":1.0}, "data":
[rows 0 to 14 of 15, columns 0 to 40 of 41]
1.406026,1.966026,6.746026,9.586026,6.506026,2.876026,4.056026,5.356026,2.616026,2.286026,1.776026,1.136026,1.856026,1.256026,0.776026,0.606026,0.226026,-0.35397398,-1.683974,-2.203974,-0.933974,-1.833974,0.876026,1.006026,1.346026,-2.733974,-2.643974,2.856026,0.276026,-0.643974,-1.643974,-0.243974,-1.413974,2.816026,-1.093974,-2.523974,1.436026,1.026026,0.306026,1.576026,1.456026
4.516026,-2.463974,5.896026,9.086026,7.056026,5.096026,6.296026,4.876026,4.396026,3.346026,3.376026,1.876026,2.126026,2.136026,1.246026,1.406026,-0.17397399,-0.693974,0.376026,-2.363974,-3.023974,-2.753974,-0.983974,2.196026,0.086026,1.716026,0.436026,3.096026,0.896026,3.076026,3.936026,2.656026,0.916026,-1.403974,-2.393974,4.336026,1.106026,3.916026,1.246026,0.266026,4.146026
-1.783974,3.236026,3.626026,4.106026,3.636026,5.126026,3.936026,3.276026,3.696026,3.876026,3.366026,2.496026,1.176026,2.406026,2.616026,1.046026,0.126026,0.856026,-0.003973999,-1.833974,-2.423974,-1.513974,-2.393974,1.406026,-2.793974,2.636026,-1.423974,-0.643974,-0.863974,-1.303974,-1.063974,0.766026,-3.373974,-5.763974,1.346026,-1.893974,-0.17397399,-0.403974,0.236026,-0.533974,-0.643974
3.826026,1.696026,2.916026,3.916026,4.956026,5.056026,4.726026,4.756026,4.456026,3.806026,3.406026,2.776026,-2.403974,-2.903974,-1.803974,1.776026,-1.893974,-2.383974,-0.253974,-0.733974,-1.063974,-0.043973997,-4.963974,-3.553974,-3.963974,-5.513974,-5.223974,-2.933974,-3.983974,-3.753974,0.406026,-0.723974,-0.713974,-1.053974,1.236026,1.076026,0.906026,2.596026,-1.293974,-1.603974,-7.813974
4.116026,2.336026,3.146026,-0.333974,-1.093974,2.266026,3.556026,2.316026,3.126026,3.226026,3.316026,3.826026,1.816026,-0.043973997,-1.283974,-0.913974,-0.323974,-0.523974,0.876026,0.006026001,-0.613974,-2.333974,-2.303974,-1.863974,-2.563974,-3.443974,-2.363974,-3.073974,-4.513974,-3.353974,-3.353974,1.096026,2.376026,2.756026,2.256026,0.106026,-2.553974,-2.013974,-5.463974,-8.753974,-6.073974
6.556026,5.896026,3.236026,3.046026,2.076026,1.006026,0.976026,3.936026,3.786026,3.236026,3.706026,2.986026,3.926026,3.106026,1.346026,1.656026,0.946026,0.676026,1.736026,0.856026,-0.613974,-1.573974,-2.533974,-1.843974,-1.803974,-1.883974,-1.743974,-0.183974,-3.873974,-3.453974,-2.083974,-2.783974,3.206026,-0.943974,-0.243974,-3.493974,1.246026,-2.403974,-5.993974,1.026026,-6.853974
5.746026,6.266026,6.966026,7.176026,6.326026,5.496026,4.726026,3.836026,4.406026,3.836026,3.896026,5.466026,4.396026,5.176026,4.086026,3.056026,1.976026,1.146026,1.446026,1.916026,1.846026,1.376026,0.176026,-0.133974,-0.003973999,-0.983974,-0.233974,-1.113974,-0.343974,-1.123974,-1.783974,-0.643974,0.036026,-3.573974,-2.093974,-1.723974,-0.433974,1.646026,-1.113974,2.126026,-6.153974
3.386026,2.946026,4.246026,3.266026,2.926026,7.696026,5.886026,5.856026,5.246026,5.406026,4.396026,3.856026,4.146026,3.956026,2.686026,2.126026,3.606026,2.646026,3.146026,3.246026,2.546026,1.106026,1.696026,0.886026,0.386026,0.596026,0.816026,-0.713974,-2.203974,-0.803974,-1.443974,-2.253974,-2.363974,-1.003974,-3.293974,-2.943974,-3.783974,-2.083974,0.866026,1.086026,0.116026
4.376026,5.236026,3.206026,3.856026,4.176026,2.666026,3.506026,5.926026,5.456026,4.686026,4.866026,5.966026,3.996026,3.616026,3.376026,2.606026,2.166026,2.926026,3.796026,3.486026,1.976026,5.116026,3.096026,3.516026,2.826026,2.196026,1.776026,1.256026,1.236026,0.336026,0.176026,2.256026,1.916026,-1.833974,-0.033974,-0.313974,-2.123974,-2.663974,0.906026,-0.143974,-0.533974
4.646026,3.986026,3.866026,3.556026,4.416026,3.826026,3.056026,5.436026,5.066026,4.706026,4.156026,3.386026,2.796026,3.106026,4.676026,3.696026,4.526026,3.616026,3.076026,2.646026,2.786026,3.676026,5.106026,4.426026,3.586026,2.786026,2.416026,2.306026,1.836026,1.156026,-0.093974,-0.723974,0.076026,1.846026,2.336026,-0.063974,0.496026,-0.053974,0.836026,3.846026,2.666026
4.156026,3.946026,4.796026,4.766026,4.466026,4.686026,4.546026,4.286026,3.656026,3.576026,3.326026,3.566026,3.046026,1.926026,1.636026,2.096026,3.786026,4.256026,3.856026,3.926026,3.596026,3.566026,3.896026,5.086026,4.116026,5.106026,3.116026,2.636026,2.246026,1.656026,1.046026,0.496026,0.576026,0.546026,1.826026,3.286026,2.656026,1.876026,3.386026,0.546026,0.106026
3.866026,0.616026,0.206026,2.936026,3.956026,3.446026,3.326026,3.686026,2.896026,2.876026,3.416026,3.456026,2.946026,2.446026,2.376026,1.816026,3.256026,3.446026,3.946026,4.626026,4.336026,3.856026,2.736026,3.366026,5.506026,5.926026,4.176026,3.706026,3.126026,2.226026,2.106026,2.366026,1.606026,1.946026,0.916026,1.756026,2.406026,3.276026,2.746026,0.006026001,0.226026
-3.103974,-3.803974,-2.383974,-1.533974,1.356026,1.976026,1.666026,2.676026,2.896026,-0.993974,1.106026,2.166026,3.686026,3.476026,3.886026,3.406026,4.216026,3.856026,4.086026,4.386026,5.036026,5.286026,5.086026,5.426026,5.156026,4.486026,5.406026,5.136026,3.706026,4.586026,4.286026,3.466026,2.876026,1.656026,0.916026,0.696026,0.476026,0.206026,0.446026,0.816026,1.076026
-0.193974,-0.613974,-2.083974,-3.543974,-3.393974,-2.713974,-1.573974,0.096026,1.526026,1.616026,1.766026,1.396026,3.016026,1.446026,1.506026,2.666026,4.666026,4.896026,5.326026,5.286026,5.926026,6.186026,5.766026,5.336026,5.666026,5.536026,5.606026,5.056026,4.376026,4.776026,4.906026,4.156026,3.196026,2.756026,1.856026,1.336026,1.386026,1.086026,1.156026,1.516026,1.306026
-0.753974,-0.563974,2.946026,1.656026,2.406026,2.116026,2.006026,2.226026,2.506026,2.326026,1.656026,0.706026,0.086026,-0.143974,-1.613974,-1.733974,-2.083974,-5.013974,0.936026,4.416026,5.026026,5.266026,5.386026,5.536026,5.226026,5.486026,5.176026,4.626026,4.776026,5.146026,5.236026,4.956026,4.796026,3.666026,2.876026,2.286026,2.256026,1.796026,1.236026,1.246026,1.206026
