wind.json
{"header": {"discipline":0,"disciplineName":"Meteorological products","gribEdition":2,"gribLength":953,"center":7,"centerName":"US National Weather Service - NCEP(WMC)","subcenter":0,"refTime":"2023-07-02T06:00:00.000Z","significanceOfRT":1,"significanceOfRTName":"Start of forecast","productStatus":0,"productStatusName":"Operational products","productType":1,"productTypeName":"Forecast products","productDefinitionTemplate":0,"productDefinitionTemplateName":"Analysis/forecast at horizontal level/layer at a point in time","parameterCategory":0,"parameterCategoryName":"UnknownDiscipline_0_Category_0","parameterNumber":0,"parameterNumberName":"UnknownParameter_D0_C0_0","parameterUnit":"Unknown","genProcessType":2,"genProcessTypeName":"Forecast","forecastTime":60,"surface1Type":1,"surface1TypeName":"Ground or water surface","surface1Value":0.0,"surface2Type":255,"surface2TypeName":"Missing","surface2Value":0.0,"gridDefinitionTemplate":0,"gridDefinitionTemplateName":"Latitude_Longitude","numberPoints":688,"shape":6,"shapeName":"Earth spherical with radius of 6,371,229.0 m","gridUnits":"degrees","resolution":48,"winds":"true","scanMode":64,"nx":43,"ny":16,"basicAngle":0,"lo1":45.0,"la1":40.0,"lo2":87.0,"la2":55.0,"dx":1.0,"dy":1.0}, "data":
[rows 0 to 15 of 16, columns 0 to 42 of 43]
284.4712,283.0712,298.0712,300.1712,300.6712,297.5712,296.6712,295.4712,302.1712,304.1712,305.5712,303.0712,305.4712,303.0712,300.27118,303.27118,303.27118,303.1712,301.4712,301.5712,299.8712,298.8712,296.1712,295.4712,292.6712,291.27118,292.8712,284.6712,279.4712,280.6712,282.8712,296.77118,299.27118,298.8712,299.3712,297.1712,299.9712,299.3712,302.8712,301.3712,300.5712,298.3712,301.1712
289.9712,300.5712,300.1712,289.3712,291.9712,296.4712,296.0712,294.4712,301.0712,305.77118,304.3712,304.6712,303.9712,305.8712,305.1712,304.3712,304.0712,301.5712,301.77118,302.27118,299.4712,301.0712,301.6712,296.6712,296.0712,288.77118,297.0712,299.0712,292.5712,281.8712,279.77118,280.27118,281.5712,283.5712,289.9712,295.6712,299.77118,300.77118,299.8712,301.8712,300.3712,302.8712,301.6712
289.1712,284.4712,278.8712,291.3712,296.4712,296.0712,295.4712,293.1712,304.5712,304.5712,304.0712,303.8712,304.4712,303.4712,302.8712,301.3712,299.27118,298.1712,301.77118,301.0712,301.3712,301.0712,298.27118,300.8712,295.1712,284.6712,276.3712,276.6712,282.8712,279.77118,281.0712,277.1712,282.5712,270.6712,284.77118,262.3712,279.5712,294.9712,293.8712,296.27118,300.5712,293.77118,283.5712
289.27118,292.0712,295.1712,296.6712,296.0712,296.0712,295.6712,302.4712,304.27118,303.77118,305.27118,303.3712,305.3712,304.1712,299.4712,300.0712,300.77118,297.5712,297.3712,297.9712,299.1712,298.5712,297.8712,296.1712,296.5712,289.0712,293.4712,291.3712,294.6712,290.0712,293.0712,282.8712,276.1712,277.1712,283.3712,282.9712,281.3712,286.4712,277.6712,278.0712,280.27118,276.77118,276.0712
298.8712,300.27118,294.0712,297.0712,296.9712,296.4712,297.5712,302.6712,302.9712,302.27118,302.4712,305.3712,303.0712,301.0712,295.3712,294.4712,298.3712,297.3712,299.8712,298.4712,302.4712,297.3712,296.27118,295.3712,300.27118,300.3712,295.27118,296.77118,299.8712,293.8712,297.8712,296.77118,293.6712,292.8712,300.9712,297.8712,292.3712,287.6712,278.1712,277.27118,282.1712,293.3712,296.1712
297.9712,300.9712,299.77118,297.8712,297.0712,297.9712,298.9712,301.4712,301.8712,302.8712,302.5712,302.8712,300.9712,303.3712,295.3712,294.8712,292.3712,299.1712,300.8712,301.9712,298.1712,300.8712,300.27118,299.8712,299.8712,296.77118,296.77118,297.6712,299.9712,295.3712,296.4712,295.8712,297.77118,295.1712,281.3712,274.27118,284.77118,293.8712,296.8712,302.8712,303.4712,302.1712,300.6712
301.8712,304.3712,301.1712,298.6712,298.6712,297.6712,297.4712,297.0712,300.5712,301.8712,302.27118,301.8712,303.8712,302.6712,294.9712,294.0712,295.3712,297.77118,302.8712,299.77118,298.9712,299.0712,297.6712,295.6712,294.8712,295.8712,294.4712,295.1712,298.5712,290.6712,294.0712,298.4712,298.8712,300.6712,296.1712,293.6712,292.0712,293.77118,287.6712,289.1712,300.1712,300.8712,300.6712
301.77118,301.8712,300.3712,301.8712,304.3712,302.27118,301.5712,299.9712,299.9712,302.3712,302.0712,302.3712,300.8712,300.1712,302.3712,300.4712,298.4712,297.5712,297.1712,296.77118,296.5712,294.1712,293.27118,293.5712,292.4712,293.0712,292.1712,293.1712,294.4712,299.0712,297.27118,294.9712,296.1712,298.0712,299.0712,297.3712,292.0712,290.4712,287.5712,284.0712,278.9712,280.4712,294.1712
299.0712,299.5712,302.3712,299.3712,301.27118,303.4712,301.3712,303.3712,305.27118,303.4712,300.9712,299.77118,299.4712,297.8712,297.8712,299.27118,298.3712,296.9712,296.9712,297.77118,296.9712,294.0712,292.5712,290.8712,290.77118,292.8712,289.9712,290.1712,289.6712,291.9712,290.27118,295.9712,294.5712,295.5712,293.5712,290.0712,288.6712,291.0712,292.1712,288.3712,291.3712,292.77118,287.4712
292.0712,300.3712,296.9712,296.4712,298.77118,298.8712,303.1712,301.3712,299.9712,300.27118,298.0712,298.5712,298.4712,295.8712,294.5712,299.27118,295.0712,295.6712,295.3712,294.5712,296.5712,291.5712,288.1712,288.4712,289.6712,290.3712,287.5712,288.5712,285.0712,285.6712,286.8712,287.77118,289.3712,290.1712,290.5712,290.6712,288.9712,284.9712,284.0712,287.1712,271.0712,277.6712,272.4712
295.1712,293.5712,295.1712,296.1712,296.9712,295.9712,299.5712,299.27118,296.8712,295.9712,295.9712,296.9712,293.27118,294.77118,293.3712,293.77118,292.9712,294.5712,293.77118,293.3712,292.8712,294.0712,290.5712,291.0712,289.8712,290.4712,288.4712,287.77118,288.1712,288.6712,288.6712,288.8712,289.9712,292.6712,293.3712,291.9712,289.6712,287.3712,284.3712,283.4712,278.77118,279.4712,278.3712
292.9712,293.9712,293.8712,293.6712,295.9712,297.5712,298.77118,295.9712,295.4712,294.4712,293.6712,294.6712,292.0712,291.3712,292.3712,290.8712,291.6712,292.77118,292.4712,293.1712,292.27118,290.5712,290.8712,291.0712,291.1712,289.6712,288.5712,289.5712,287.3712,290.77118,291.4712,294.4712,294.5712,294.0712,291.8712,290.9712,287.0712,284.9712,282.0712,281.8712,282.6712,282.0712,278.5712
289.4712,290.27118,291.77118,294.0712,294.8712,296.77118,296.77118,296.0712,294.6712,294.9712,295.6712,292.77118,293.3712,289.5712,290.9712,290.4712,290.6712,291.4712,292.4712,291.9712,291.27118,292.3712,290.6712,290.9712,289.77118,289.9712,290.5712,293.1712,291.0712,293.3712,293.27118,294.27118,291.77118,291.0712,291.0712,287.8712,288.8712,287.1712,285.5712,284.8712,283.4712,283.5712,282.5712
288.1712,289.27118,290.6712,291.5712,292.4712,292.8712,292.77118,292.4712,294.4712,290.9712,290.9712,293.77118,289.0712,289.4712,289.8712,289.4712,290.9712,293.27118,292.3712,292.3712,291.8712,290.9712,294.27118,290.5712,289.27118,288.77118,291.4712,293.77118,295.5712,293.77118,292.27118,291.3712,291.1712,289.3712,288.77118,287.8712,286.9712,287.5712,285.1712,288.6712,287.0712,285.1712,285.6712
288.6712,288.3712,288.8712,291.1712,291.0712,291.27118,290.5712,290.27118,289.9712,290.77118,293.8712,293.8712,289.5712,289.6712,290.6712,288.5712,291.6712,291.9712,292.8712,292.8712,293.6712,293.3712,293.0712,293.1712,294.27118,292.27118,292.8712,294.5712,293.77118,293.4712,292.77118,292.77118,290.0712,288.4712,287.27118,287.3712,287.5712,286.1712,286.6712,286.0712,286.1712,283.6712,282.8712
291.77118,288.3712,289.0712,289.9712,291.27118,288.9712,289.27118,288.5712,290.1712,293.1712,294.1712,291.1712,293.4712,288.1712,288.8712,289.27118,290.3712,291.8712,291.77118,292.6712,292.77118,292.9712,292.8712,292.77118,293.3712,292.6712,292.4712,291.77118,291.3712,290.5712,289.5712,290.77118,290.1712,287.1712,286.8712,287.4712,286.6712,286.6712,289.6712,289.9712,288.0712,287.27118,288.8712
