wind_kz.json
{"header": {"discipline":0,"disciplineName":"Meteorological products","gribEdition":2,"gribLength":871,"center":7,"centerName":"US National Weather Service - NCEP(WMC)","subcenter":0,"refTime":"2025-04-05T18:00:00.000Z","significanceOfRT":1,"significanceOfRTName":"Start of forecast","productStatus":0,"productStatusName":"Operational products","productType":1,"productTypeName":"Forecast products","productDefinitionTemplate":0,"productDefinitionTemplateName":"Analysis/forecast at horizontal level/layer at a point in time","parameterCategory":0,"parameterCategoryName":"UnknownDiscipline_0_Category_0","parameterNumber":0,"parameterNumberName":"UnknownParameter_D0_C0_0","parameterUnit":"Unknown","genProcessType":2,"genProcessTypeName":"Forecast","forecastTime":0,"surface1Type":1,"surface1TypeName":"Ground or water surface","surface1Value":0.0,"surface2Type":255,"surface2TypeName":"Missing","surface2Value":0.0,"gridDefinitionTemplate":0,"gridDefinitionTemplateName":"Latitude_Longitude","numberPoints":615,"shape":6,"shapeName":"Earth spherical with radius of 6,371,229.0 m","gridUnits":"degrees","resolution":48,"winds":"true","scanMode":64,"nx":41,"ny":15,"basicAngle":0,"lo1":47.0,"la1":41.0,"lo2":87.0,"la2":55.0,"dx":1.0,"dy":1.0}, "data":
[rows 0 to 14 of 15, columns 0 to 40 of 41]
286.09998,279.49997,284.69998,282.3,282.89996,283.89996,289.3,293.3,293.3,295.09998,294.3,295.49997,295.09998,295.99997,296.09998,296.09998,294.19998,293.09998,294.19998,291.59998,292.19998,289.99997,289.19998,283.59998,286.19998,286.89996,282.19998,269.19998,266.69998,263.19998,265.8,269.59998,279.09998,284.3,286.8,288.09998,288.09998,288.39996,287.19998,287.3,286.39996
264.19998,283.09998,281.49997,281.8,282.39996,283.09998,292.39996,292.99997,292.99997,293.49997,294.69998,293.39996,293.89996,293.69998,294.89996,294.69998,294.19998,294.09998,293.3,293.09998,292.09998,289.8,285.39996,278.19998,259.8,266.49997,278.39996,270.8,275.69998,268.99997,272.69998,265.69998,274.99997,253.69998,265.49997,284.89996,284.3,285.69998,286.39996,281.49997,280.69998
284.19998,280.19998,281.3,281.69998,281.69998,290.3,290.69998,290.39996,290.3,291.59998,291.39996,291.69998,292.69998,293.49997,292.99997,292.8,292.49997,292.3,291.8,291.99997,291.8,290.19998,288.09998,281.09998,284.19998,283.19998,284.09998,285.39996,281.99997,275.99997,261.8,269.19998,276.69998,276.99997,279.19998,278.8,269.99997,267.49997,259.3,265.19998,263.99997
282.89996,280.39996,279.89996,281.3,283.99997,288.3,289.59998,290.39996,291.69998,290.8,290.3,289.49997,284.99997,285.8,290.89996,291.99997,289.89996,290.89996,292.59998,291.99997,289.39996,283.49997,288.09998,288.19998,287.99997,286.49997,284.8,281.49997,280.59998,280.09998,281.69998,281.39996,284.99997,287.59998,286.99997,282.3,272.3,262.49997,272.99997,283.09998,284.89996
283.89996,280.59998,280.39996,281.19998,283.3,288.19998,289.49997,288.59998,289.19998,289.69998,289.59998,288.69998,283.49997,282.99997,280.69998,289.3,289.69998,289.59998,288.69998,289.09998,288.59998,288.19998,287.39996,286.69998,285.8,285.39996,282.19998,278.69998,283.49997,282.09998,281.59998,280.89996,271.89996,260.19998,277.8,284.99997,284.19998,287.19998,287.3,285.99997,285.69998
285.99997,285.49997,281.3,281.09998,280.39996,279.8,286.19998,288.69998,287.19998,287.59998,288.39996,287.19998,281.69998,281.89996,278.49997,286.59998,288.09998,286.89996,286.49997,286.49997,286.09998,284.3,283.39996,282.49997,281.89996,280.59998,280.69998,272.3,280.89996,280.89996,280.09998,281.19998,279.19998,282.19998,282.09998,281.3,276.49997,276.8,283.09998,285.69998,282.39996
286.3,287.89996,287.8,287.09998,282.69998,284.99997,285.69998,286.19998,286.89996,286.59998,285.39996,285.8,285.09998,284.19998,283.89996,285.19998,284.89996,285.8,284.69998,283.39996,281.89996,282.59998,281.99997,281.09998,278.09998,279.39996,278.49997,280.09998,278.8,279.49997,279.3,279.89996,280.19998,278.09998,276.59998,276.59998,272.09998,272.49997,270.49997,272.49997,277.99997
288.3,288.99997,289.89996,288.49997,286.99997,286.99997,286.69998,284.69998,284.3,284.99997,283.8,283.59998,286.09998,284.49997,284.19998,284.3,284.19998,284.09998,282.8,280.09998,277.3,278.39996,278.09998,278.49997,276.59998,274.69998,275.59998,275.99997,274.8,275.99997,274.09998,277.3,274.19998,269.99997,271.89996,273.8,274.99997,270.09998,276.39996,276.59998,273.49997
287.8,286.49997,288.39996,285.8,287.99997,288.3,288.09998,287.49997,284.49997,284.09998,283.19998,282.3,282.3,282.99997,282.99997,283.49997,282.99997,282.19998,281.3,279.89996,276.69998,275.99997,277.59998,276.99997,275.69998,275.59998,272.99997,272.39996,272.69998,271.49997,270.39996,272.8,275.39996,276.69998,276.19998,271.09998,267.89996,270.39996,254.69998,259.59998,257.3
287.39996,287.59998,287.3,286.49997,286.19998,284.59998,285.8,284.59998,286.59998,285.89996,283.39996,282.3,284.19998,285.39996,283.3,283.19998,284.19998,282.19998,281.19998,280.3,277.89996,278.69998,279.09998,278.09998,276.69998,276.49997,276.39996,275.19998,273.89996,274.59998,275.19998,277.09998,277.3,276.69998,275.69998,273.89996,270.39996,268.09998,261.69998,264.19998,263.99997
286.3,286.49997,285.99997,285.19998,286.99997,283.99997,285.19998,285.8,283.09998,285.19998,283.3,281.89996,282.99997,282.39996,282.39996,282.69998,283.59998,282.59998,282.19998,280.59998,278.99997,277.69998,275.99997,275.8,275.89996,277.09998,274.89996,277.3,277.19998,277.8,277.99997,278.3,277.8,276.69998,276.19998,273.49997,268.89996,268.19998,270.59998,270.3,265.89996
284.09998,284.89996,284.3,283.99997,284.09998,284.19998,282.49997,283.89996,283.99997,282.59998,280.19998,279.8,280.69998,281.19998,282.59998,282.19998,281.89996,281.19998,280.09998,280.19998,278.19998,275.99997,274.49997,275.09998,275.3,276.49997,277.49997,278.3,278.69998,278.99997,278.09998,276.89996,278.09998,275.3,275.99997,275.8,276.19998,275.19998,273.89996,273.99997,272.69998
281.99997,282.09998,283.3,283.49997,282.69998,282.09998,281.59998,280.09998,278.8,280.09998,278.69998,278.19998,281.09998,280.8,281.59998,281.19998,280.69998,280.3,280.09998,278.89996,278.8,276.09998,277.39996,276.59998,276.89996,278.19998,279.3,278.69998,277.99997,278.59998,278.69998,277.89996,277.69998,277.09998,275.99997,275.3,274.99997,275.59998,273.49997,273.8,275.3
278.3,279.19998,275.8,279.69998,278.89996,278.69998,278.49997,277.69998,279.09998,278.99997,274.69998,271.59998,277.59998,281.39996,282.19998,281.59998,282.59998,282.19998,280.99997,280.49997,279.99997,279.8,279.89996,279.69998,279.89996,279.39996,278.09998,277.49997,276.99997,276.99997,276.8,276.39996,275.8,275.49997,275.8,274.39996,274.39996,274.09998,274.3,273.49997,274.59998
278.59998,279.39996,272.69998,278.69998,276.89996,275.99997,276.49997,277.3,277.59998,277.09998,275.69998,276.19998,275.3,277.09998,278.19998,278.89996,279.19998,279.3,279.3,279.8,280.49997,279.59998,279.99997,279.3,278.19998,277.8,277.8,276.89996,277.09998,276.69998,276.09998,274.39996,275.39996,275.09998,274.99997,275.49997,275.3,274.3,274.19998,273.69998,274.19998
