wind_kz.json
{"header": {"discipline":0,"disciplineName":"Meteorological products","gribEdition":2,"gribLength":1025,"center":7,"centerName":"US National Weather Service - NCEP(WMC)","subcenter":0,"refTime":"2023-08-19T18:00:00.000Z","significanceOfRT":1,"significanceOfRTName":"Start of forecast","productStatus":0,"productStatusName":"Operational products","productType":1,"productTypeName":"Forecast products","productDefinitionTemplate":0,"productDefinitionTemplateName":"Analysis/forecast at horizontal level/layer at a point in time","parameterCategory":2,"parameterCategoryName":"UnknownDiscipline_0_Category_2","parameterNumber":3,"parameterNumberName":"UnknownParameter_D0_C2_3","parameterUnit":"Unknown","genProcessType":2,"genProcessTypeName":"Forecast","forecastTime":300,"surface1Type":103,"surface1TypeName":"Specified height level above ground","surface1Value":10.0,"surface2Type":255,"surface2TypeName":"Missing","surface2Value":0.0,"gridDefinitionTemplate":0,"gridDefinitionTemplateName":"Latitude_Longitude","numberPoints":615,"shape":6,"shapeName":"Earth spherical with radius of 6,371,229.0 m","gridUnits":"degrees","resolution":48,"winds":"true","scanMode":64,"nx":41,"ny":15,"basicAngle":0,"lo1":47.0,"la1":41.0,"lo2":87.0,"la2":55.0,"dx":1.0,"dy":1.0}, "data":
[rows 0 to 14 of 15, columns 0 to 40 of 41]
2.971328,2.6113281,-2.588672,1.8813281,2.5813282,1.1713281,2.5113282,0.78132814,-0.78867185,-1.0786719,-3.368672,-3.288672,-4.488672,-5.418672,-7.518672,-6.6086717,-5.618672,-2.4786718,-5.348672,-4.618672,-4.7986717,-3.578672,1.7313281,2.3013282,3.0913281,3.3213282,0.41132814,-0.16867188,-2.2186718,-0.048671875,1.4113281,-0.21867187,-0.36867186,-1.1486719,-2.1786718,-2.1386719,-0.8786719,1.9613281,1.9113281,2.381328,1.9913281
1.5313281,-3.7186718,-1.9486718,3.0913281,2.7613282,1.8713281,0.58132815,0.8613281,-0.16867188,-1.8786719,-2.1986718,-3.9086719,-4.018672,-4.8586717,-6.248672,-6.698672,-5.5486717,-6.998672,-5.7986717,-5.0686717,-7.478672,-5.388672,0.14132813,-1.2086719,2.481328,2.901328,3.5313282,-0.52867186,-0.35867187,-0.018671876,-2.7486718,-1.5686718,0.83132815,0.71132815,2.5013282,1.7813281,2.0413282,1.9013281,1.3913281,1.8113282,0.111328125
-1.2786719,-4.1086717,-2.9686718,3.921328,3.381328,2.691328,2.3313282,1.6613281,0.48132813,-1.6886718,-2.9786718,-3.378672,-4.438672,-4.558672,-5.398672,-6.1286716,-6.928672,-7.498672,-8.778672,-8.798672,3.3113282,-4.678672,-7.458672,-3.058672,-3.1386719,-2.328672,-3.2386718,-2.058672,-0.6086719,-2.288672,-3.4086719,-1.5486718,-4.388672,1.0813282,1.6613281,-3.068672,-3.4586718,1.6313281,-3.0086718,0.9913281,0.021328125
1.7313281,2.3413281,3.0913281,5.081328,4.061328,3.641328,3.3513281,2.9913282,1.2913281,-0.29867187,-1.4686719,-3.4686718,-2.9586718,-3.328672,-5.058672,-5.438672,-5.578672,-6.138672,-6.888672,-7.698672,-6.768672,-5.7986717,-1.7186719,-3.088672,-2.5086718,-3.7586718,-4.098672,-2.8986719,-2.858672,-3.768672,-4.308672,-1.0586718,1.2413281,-0.018671876,-0.23867187,2.0113282,3.931328,2.671328,-3.628672,-2.618672,-2.4686718
4.401328,6.9313283,7.9913282,6.531328,4.761328,3.471328,3.5713282,2.961328,1.4413282,-0.95867187,-2.358672,-2.6686718,-3.4386718,-3.4086719,-4.208672,-4.5486717,-4.928672,-4.598672,-5.0886717,-5.0686717,-3.778672,-2.9486718,-2.858672,-2.4986718,-2.828672,-3.268672,-2.6986718,-1.8886719,-1.3786719,-3.2386718,-4.178672,-3.9686718,-1.1786718,0.18132812,0.90132815,0.9413281,2.5213282,-0.6886719,-1.6886718,-1.3686719,-0.9386719
0.79132813,5.791328,4.901328,5.531328,4.581328,4.7213283,4.1213284,2.711328,0.48132813,-1.4086719,-1.2886719,-1.7186719,-0.70867187,-1.2586719,-2.378672,-2.6986718,-3.558672,-5.168672,-5.2586718,-3.378672,-5.348672,-5.768672,-4.908672,-2.9286718,-2.2286718,-2.4686718,-2.268672,-0.83867186,-2.7286718,-1.6586719,-2.4486718,-3.268672,-3.9786718,-1.6786718,-0.7986719,-2.0086718,-4.0486717,-3.1486719,0.9213281,0.7313281,0.001328125
0.5013281,2.481328,4.3913283,6.021328,5.801328,5.3913283,4.611328,1.4113281,1.6213281,0.8013281,-0.5686719,-0.8686719,-2.6886718,-4.3386717,-1.7886719,0.40132812,-1.3586719,-2.538672,-3.798672,-4.6286716,-5.848672,-7.518672,-6.718672,-4.2586718,-3.0086718,-2.1986718,-1.3586719,-2.108672,-0.6086719,-0.7986719,-1.6986718,-2.9486718,-4.1086717,-2.9286718,0.9513281,1.7013282,3.2613282,3.231328,-1.1186719,3.221328,1.2413281
2.5413282,0.9413281,2.911328,5.151328,5.8713284,5.711328,4.561328,3.5913281,1.9313282,0.8713281,1.1413281,-0.6286719,-1.9486718,-4.0886717,-2.038672,-1.6686718,0.58132815,-0.34867188,-1.6986718,-4.0886717,-6.228672,-6.708672,-6.198672,-3.9286718,-3.6986718,-2.8886719,-3.118672,-3.528672,-2.768672,-2.6886718,-1.4386718,-1.5686718,-2.128672,-2.098672,-2.068672,-1.5586718,-1.2786719,-0.5186719,-0.11867187,-0.25867188,1.5713282
3.5313282,4.9713283,3.3413281,2.451328,5.1813283,5.2013283,4.651328,3.141328,2.2613282,0.71132815,0.2513281,-1.1586719,-2.808672,-2.268672,-2.4186718,-2.358672,-1.1786718,-1.2486719,-2.4186718,-4.368672,-5.2986717,-6.398672,-6.668672,-6.348672,-4.468672,-3.548672,-3.518672,-2.7486718,-3.328672,-2.9686718,-3.2286718,-3.848672,-4.7586718,-4.098672,-1.7386719,1.0013281,2.371328,1.0313281,2.7413282,2.681328,2.621328
0.44132814,4.831328,3.931328,3.3413281,3.0213282,3.7813282,3.631328,2.201328,1.7913281,0.7413281,-0.33867186,-0.9286719,-1.3886719,-1.9286718,-0.19867188,1.7113281,0.001328125,-1.5086719,-2.1686718,-3.538672,-4.078672,-4.868672,-5.458672,-5.368672,-5.188672,-4.688672,-4.598672,-3.4286718,-2.6686718,-2.558672,-3.1886718,-4.238672,-3.328672,-1.2986718,-2.018672,1.7313281,2.7713282,2.671328,2.8113282,1.7013282,2.151328
-1.4886719,5.001328,4.881328,3.451328,2.911328,3.891328,3.8013282,1.4213281,1.6813282,0.6713281,-0.19867188,-0.8286719,-1.8486719,-0.7686719,2.971328,1.4413282,1.7113281,-1.0586718,-2.1786718,-3.6886718,-4.618672,-5.3786716,-5.328672,-5.098672,-4.7786717,-4.518672,-4.7586718,-4.968672,-4.488672,-4.868672,-4.348672,-3.6786718,-2.088672,0.111328125,0.60132813,5.051328,3.681328,2.651328,6.251328,2.231328,1.0413281
2.5013282,5.1413283,4.321328,4.731328,3.411328,2.5913281,1.8913281,0.65132815,0.18132812,0.10132813,0.18132812,-1.1986718,-2.318672,0.44132814,0.83132815,0.9313281,0.14132813,-1.4386718,-2.6686718,-3.4886718,-3.9386718,-4.968672,-5.078672,-4.918672,-4.2786717,-5.2986717,-5.788672,-6.168672,-5.928672,-5.618672,-4.6286716,-3.868672,-1.6986718,-0.47867188,0.6413281,1.9513282,6.881328,2.5213282,2.5513282,-1.3586719,-0.25867188
3.3513281,4.231328,3.161328,1.2813281,-0.59867185,-1.5086719,-1.0086719,-1.0586718,-1.3086718,-1.5186719,0.21132812,0.83132815,-1.0386719,-0.7486719,-1.4086719,-1.5486718,-1.3886719,-2.288672,-2.4286718,-3.6386719,-3.788672,-3.358672,-3.308672,-3.9986718,-5.518672,-5.5686717,-6.118672,-6.0886717,-6.3586717,-5.0286717,-5.1286716,-5.3386717,-3.618672,-0.9886719,0.6113281,3.2513282,5.031328,1.7113281,2.221328,2.0013282,-1.0186719
4.311328,2.181328,1.9613281,2.2613282,1.0813282,0.46132812,-0.95867187,-1.8886719,-3.768672,-3.108672,-0.038671874,0.85132813,0.8813281,-1.3886719,-3.2486718,-4.178672,-4.658672,-4.198672,-3.838672,-4.978672,-4.348672,-3.308672,-1.4886719,-1.4586719,-2.618672,-3.9986718,-5.888672,-6.708672,-6.3586717,-6.038672,-5.3386717,-4.168672,-2.1686718,0.6713281,2.901328,4.351328,4.421328,3.691328,3.1113281,2.431328,1.3913281
2.421328,3.5613282,2.3113282,0.7413281,-0.11867187,0.7313281,0.3413281,-1.6686718,-2.838672,-2.9186718,-1.8086718,-3.078672,-1.0986719,-1.6986718,-4.518672,-5.5686717,-6.0486717,-5.8386717,-5.0086718,-5.2586718,-5.718672,-4.328672,-2.5086718,-2.278672,-4.348672,-6.5086718,-6.3786716,-5.5886717,-4.678672,-6.158672,-6.248672,-6.678672,-4.988672,0.021328125,3.0313282,3.7713282,4.6813283,3.461328,2.621328,2.8113282,0.5713281
