wind_kz.json
{"header": {"discipline":0,"disciplineName":"Meteorological products","gribEdition":2,"gribLength":1025,"center":7,"centerName":"US National Weather Service - NCEP(WMC)","subcenter":0,"refTime":"2023-08-23T00:00:00.000Z","significanceOfRT":1,"significanceOfRTName":"Start of forecast","productStatus":0,"productStatusName":"Operational products","productType":1,"productTypeName":"Forecast products","productDefinitionTemplate":0,"productDefinitionTemplateName":"Analysis/forecast at horizontal level/layer at a point in time","parameterCategory":2,"parameterCategoryName":"UnknownDiscipline_0_Category_2","parameterNumber":3,"parameterNumberName":"UnknownParameter_D0_C2_3","parameterUnit":"Unknown","genProcessType":2,"genProcessTypeName":"Forecast","forecastTime":240,"surface1Type":103,"surface1TypeName":"Specified height level above ground","surface1Value":10.0,"surface2Type":255,"surface2TypeName":"Missing","surface2Value":0.0,"gridDefinitionTemplate":0,"gridDefinitionTemplateName":"Latitude_Longitude","numberPoints":615,"shape":6,"shapeName":"Earth spherical with radius of 6,371,229.0 m","gridUnits":"degrees","resolution":48,"winds":"true","scanMode":64,"nx":41,"ny":15,"basicAngle":0,"lo1":47.0,"la1":41.0,"lo2":87.0,"la2":55.0,"dx":1.0,"dy":1.0}, "data":
[rows 0 to 14 of 15, columns 0 to 40 of 41]
0.35048828,-2.0095117,0.6704883,0.7904883,-0.7495117,-2.3495116,1.1004883,1.2404883,-0.79951173,-0.27951172,-1.6495117,-0.3895117,-0.65951174,-1.9095117,-2.5195117,-2.9195118,-3.6295118,-2.7995117,-3.2695117,-1.8295118,-2.0895116,-1.8395118,0.84048826,0.21048827,-1.0095117,-0.6495117,-1.0695118,0.5504883,1.3804883,3.9204884,1.8204883,1.4004883,0.83048826,-2.7095118,-2.1595118,-5.939512,0.14048828,1.7604883,-1.7395117,-3.2295117,-0.08951172
3.5504882,1.5304883,1.0804883,0.22048828,-0.6495117,-0.10951172,0.4004883,1.4404883,1.3504883,-0.12951171,0.3004883,1.6204883,0.5004883,-0.45951173,-2.6795118,-3.3395116,-2.8295116,-3.8995118,-5.9995117,-5.189512,-4.379512,-3.7595117,0.07048828,1.3304883,-0.2895117,0.12048828,-2.3395116,1.3104882,0.6204883,2.0804882,2.5904882,4.640488,0.34048828,0.07048828,-1.4395118,-3.3895118,-1.5095117,-1.7795117,-0.42951173,-1.5095117,0.5604883
2.1904883,2.5804882,4.8828125E-4,0.32048827,-0.21951172,0.19048828,0.47048828,0.7404883,0.90048826,0.8504883,2.1804883,3.3504882,-0.059511717,-1.5495117,-2.7295117,-3.4795117,-2.7095118,-3.1795118,-4.0395117,-6.069512,-4.7295117,-3.0695117,-5.2395115,-1.3695117,-0.4795117,-0.30951172,0.9104883,0.53048825,-0.6895117,0.96048826,1.3004882,0.3704883,1.9404883,-1.1595117,-0.4195117,3.0604882,3.8604882,1.1204883,0.19048828,1.3704883,2.2004883
1.0804883,1.7304883,0.9104883,0.44048828,-2.0995116,-1.0395117,-0.8995117,-1.5995117,-1.8295118,-1.9995117,2.0104883,2.2904882,0.9704883,-1.5595117,-2.3695116,-3.1295118,-3.5295117,-2.8895118,-3.7395117,-4.689512,-5.359512,-2.6195116,-1.3395118,-0.43951172,-1.9595118,-2.9795117,-2.0195117,-0.7695117,0.22048828,-1.5495117,-0.14951172,-0.46951172,-0.16951172,-0.10951172,-0.46951172,-2.0395117,-0.5595117,2.5804882,0.19048828,1.0704883,1.1304883
0.06048828,0.8004883,0.34048828,-0.5195117,-1.5895118,-2.2695117,-3.0195117,-1.4995117,-0.60951173,-0.90951174,2.0804882,2.6404884,1.2004883,0.59048826,-1.1795117,-2.6595118,-3.4995117,-3.3495116,-2.9395118,-3.4495118,-3.3795118,-3.7095118,-3.5695117,-1.8995117,-1.5295117,-1.8895117,-2.5595117,-1.5895118,-1.4995117,-2.0995116,-2.4595118,0.090488285,1.8504883,2.4904883,-0.7095117,-1.4095117,0.12048828,0.32048827,1.0204883,1.5904883,-0.53951174
-0.2595117,-1.4795117,-2.3595116,-1.1795117,-0.65951174,-2.4195118,-3.0995116,-3.5295117,-3.2595117,-2.4295118,-3.0395117,0.71048826,1.3504883,1.7104883,0.18048829,-1.9595118,-1.9395118,-3.0795116,-3.9795117,-2.0995116,-2.5195117,-2.3595116,-3.4395118,-3.3095117,-1.2795117,-0.8995117,-0.9295117,-1.6495117,-1.4795117,-1.8995117,-2.1295118,-2.0595117,-1.0295117,-0.29951173,1.5904883,-0.4195117,1.6004883,2.9404883,-0.4795117,-0.5295117,-0.9295117
1.9604883,0.53048825,0.64048827,0.29048827,4.8828125E-4,-0.5095117,-1.8595117,-3.3595116,-3.1995118,-2.3595116,-2.2995117,-1.3495117,-2.0495117,-1.6395117,-0.8095117,-1.4695117,-0.5095117,-1.9395118,-2.6395118,-2.5795116,-1.9595118,-2.2095118,-2.3495116,-2.3695116,-2.9395118,-0.04951172,-1.5695118,-0.9395117,-1.7195117,-1.6895118,-2.2995117,-3.6295118,-4.2395115,0.04048828,-1.4795117,-1.5095117,-2.6395118,-1.2695117,1.6104883,-0.6795117,-0.8995117
0.20048828,0.6304883,0.5104883,0.8104883,0.7204883,-0.08951172,-1.0495117,-1.1995118,-2.0595117,-2.5495117,-2.5195117,-1.3095117,-3.1995118,-2.9495118,-3.7095118,-2.5495117,-2.1695118,-1.9595118,-1.9695117,-0.8095117,-1.8495117,-1.3895117,-0.7695117,-1.8795117,0.28048828,0.15048829,-0.19951172,-0.6995117,-0.6795117,-1.2095118,-1.2895117,-2.4495118,-2.6995118,-3.5595117,-0.5195117,-0.18951172,-1.8995117,-0.9995117,0.5504883,0.8104883,0.9104883
0.17048828,-0.12951171,-0.7795117,-1.8895117,-0.32951173,0.22048828,-0.9295117,0.5604883,-0.12951171,-1.2195117,-1.8295118,-2.0195117,-1.6995118,-2.3095117,-2.8895118,-2.1395118,-2.2095118,-2.0795116,-1.8995117,-2.3495116,-1.2595117,-1.5895118,-1.9995117,-0.14951172,1.9804883,2.4704883,1.5604882,1.0504882,2.5104883,1.4304882,0.6004883,-1.3695117,-1.6795117,0.5404883,0.8804883,0.4904883,-2.5195117,-0.3495117,1.8904883,1.2904882,0.17048828
1.6504883,1.3604883,-1.0195117,-2.7295117,-2.6595118,-2.4695117,1.1504883,1.8304883,0.9704883,-0.5795117,-1.9595118,-2.1595118,-1.8195118,-1.6195117,-1.6095117,-2.0295117,-1.7995117,-1.6895118,-0.8095117,-0.96951175,-1.2195117,-0.85951173,-0.53951174,-0.08951172,1.7004883,3.4504883,2.8004882,1.8104882,1.7204883,2.5104883,2.8104882,2.6704884,0.12048828,3.0604882,0.8604883,0.58048826,0.08048828,-2.3395116,0.06048828,3.1204882,2.6704884
0.26048827,-0.059511717,-2.0895116,-3.1095116,-2.0195117,-2.1095116,2.8304882,1.9104882,1.3304883,1.0004883,0.13048828,-0.43951172,-1.6295117,-1.5795118,-1.5595117,-2.0595117,-2.2795117,-1.9995117,-1.8495117,-0.21951172,-0.059511717,-0.43951172,-1.3095117,-0.5795117,3.5104883,3.2004883,2.7804883,2.8004882,2.4404883,2.9904883,0.41048828,-0.5095117,2.6504884,3.4104884,3.2804883,1.0204883,0.31048828,1.8304883,1.2004883,1.2204883,0.32048827
-1.4295117,-1.3295118,-2.6395118,-2.4995117,-2.5795116,-2.6595118,0.21048827,0.24048828,0.03048828,1.0504882,0.58048826,0.17048828,0.010488281,-0.10951172,-0.15951172,-0.6995117,-1.6795117,-0.9595117,-0.59951174,-0.66951174,0.17048828,-0.9295117,-1.8895117,-0.10951172,1.7404883,1.9004883,3.4604883,3.2704883,3.2204883,3.1904883,2.7104883,0.64048827,1.1604882,3.2204883,2.3204882,0.9704883,1.0804883,2.3904884,1.9304882,1.4404883,0.39048827
-1.4595118,-1.3395118,-2.3995118,-1.2195117,-1.2295117,-1.2695117,-0.9595117,-1.3495117,0.48048827,0.9904883,0.5704883,-0.16951172,0.11048828,-0.7695117,-0.7095117,0.11048828,-0.6495117,-1.4295117,-1.7195117,-0.07951172,0.9404883,1.0404882,-0.12951171,-0.6295117,2.6504884,1.5104883,2.4004884,2.6604884,2.6704884,2.9104884,2.9504883,1.4904883,1.6304883,2.6804883,3.4404883,3.0304883,2.2204883,0.8504883,1.2504883,0.25048828,-0.08951172
-1.2895117,-1.9595118,-3.6495118,-2.0495117,-1.3595117,-1.2395117,-1.1195117,-2.1895118,-0.48951173,-0.48951173,0.8004883,-0.10951172,-0.22951172,-0.48951173,-0.4795117,-0.40951172,0.24048828,-0.17951173,-0.9895117,-0.36951172,0.7204883,1.6804882,1.3204883,0.24048828,-0.6495117,2.9904883,1.9004883,2.1504884,2.3904884,2.4004884,1.8804883,2.2504883,3.3604882,3.8004882,2.9404883,3.7404883,2.1304884,1.3104882,0.9404883,0.77048826,0.13048828
-1.6295117,-3.0295117,-5.129512,-2.8495116,-2.7395117,-0.85951173,-1.0895118,-1.2595117,-0.9895117,0.3704883,1.7004883,1.0604882,0.4904883,0.06048828,0.7904883,1.0504882,0.4904883,1.0104883,0.15048829,-1.6395117,-0.6495117,0.32048827,1.7404883,1.4304882,2.4504883,3.1004882,3.0004883,2.1404884,1.7204883,1.8104882,2.2104883,2.1204882,2.3704882,2.7204883,4.2604885,4.2504883,3.6204882,2.6104882,1.6704882,1.0904883,-0.059511717
