wind_kz.json
{"header": {"discipline":0,"disciplineName":"Meteorological products","gribEdition":2,"gribLength":1025,"center":7,"centerName":"US National Weather Service - NCEP(WMC)","subcenter":0,"refTime":"2023-08-22T00:00:00.000Z","significanceOfRT":1,"significanceOfRTName":"Start of forecast","productStatus":0,"productStatusName":"Operational products","productType":1,"productTypeName":"Forecast products","productDefinitionTemplate":0,"productDefinitionTemplateName":"Analysis/forecast at horizontal level/layer at a point in time","parameterCategory":2,"parameterCategoryName":"UnknownDiscipline_0_Category_2","parameterNumber":3,"parameterNumberName":"UnknownParameter_D0_C2_3","parameterUnit":"Unknown","genProcessType":2,"genProcessTypeName":"Forecast","forecastTime":300,"surface1Type":103,"surface1TypeName":"Specified height level above ground","surface1Value":10.0,"surface2Type":255,"surface2TypeName":"Missing","surface2Value":0.0,"gridDefinitionTemplate":0,"gridDefinitionTemplateName":"Latitude_Longitude","numberPoints":615,"shape":6,"shapeName":"Earth spherical with radius of 6,371,229.0 m","gridUnits":"degrees","resolution":48,"winds":"true","scanMode":64,"nx":41,"ny":15,"basicAngle":0,"lo1":47.0,"la1":41.0,"lo2":87.0,"la2":55.0,"dx":1.0,"dy":1.0}, "data":
[rows 0 to 14 of 15, columns 0 to 40 of 41]
1.5543066,1.5843066,1.4543066,2.6243067,-0.32569337,-4.3756933,-4.975693,-3.7256935,-4.2156935,-4.4156933,-4.8456936,-4.3456936,-4.785693,-4.8756933,-4.0956936,-3.1856933,-3.8356934,-3.7556934,-1.6156933,-4.0056934,-4.3856936,-3.6456933,-4.4156933,-2.1256933,-0.07569336,2.6343067,1.3843067,1.6743066,-3.2556934,-3.7756934,-2.0756934,0.03430664,-0.025693359,-6.7356935,-3.1656933,-5.8856936,2.6843066,4.0643067,1.5643066,0.29430664,-1.7856934
-1.9456934,-0.82569337,4.3443065,3.2643065,0.27430665,-2.0956933,-5.1756935,-3.5756934,-3.9656935,-4.245693,-4.2356935,-3.9356933,-3.4156933,-4.3856936,-5.0856934,-4.3356934,-4.6356936,-1.4956933,-1.1856934,-1.8756933,-2.8056934,-4.3356934,-3.5956933,-1.9856933,3.3043067,-4.4656935,-6.475693,0.45430663,1.4643066,-2.2356935,-1.7356933,0.47430664,-3.5856934,-3.1356933,-5.5256934,-9.085693,-3.6856933,1.8243066,1.1943066,-0.16569336,-0.32569337
-0.01569336,2.9043067,0.11430664,-0.25569335,0.03430664,0.05430664,-1.4156934,-1.7556933,-1.5256934,-2.5456934,-4.055693,-4.1156936,-3.1256933,-7.9056935,-6.9556932,-5.765693,-3.7656934,-3.2356935,-2.2756934,-1.4556934,-1.8156934,-0.65569335,-1.9156934,-1.2356933,-5.2756934,-4.805693,0.92430663,-1.2156934,-3.1456933,2.4943066,-3.0256934,-2.3556933,0.64430666,-6.0056934,0.33430663,1.8943067,-0.07569336,2.5843067,-2.8356934,1.1843066,0.10430664
0.77430665,3.1743066,0.07430664,-0.66569334,-0.31569335,-4.575693,-4.8356934,-3.8256934,-3.8156934,-1.2956934,-1.4056934,-3.5556934,1.6643066,-0.6856934,-5.1156936,-4.495693,-3.1356933,-2.4256933,-1.9856933,-2.4856935,-1.7656933,1.6343067,-2.1156933,-4.245693,-3.7356935,-4.3956933,-4.305693,-1.8556933,-0.05569336,-5.6456933,-3.6056933,-3.4356933,1.3543067,1.9443066,-0.95569336,1.0043067,-1.1056933,0.52430665,-0.8856934,-1.9756933,-2.8456933
-2.1656933,7.3943067,5.504307,3.0143065,-0.6356934,-3.3656933,-5.5056934,-5.265693,-4.7356935,-3.7356935,-1.2856934,-0.16569336,5.4343066,2.9143066,-0.65569335,-3.2656934,-2.9056933,-1.5056933,-0.89569336,-0.89569336,-0.5056934,-0.05569336,-0.33569336,-0.70569336,0.24430664,-0.72569335,-1.0056933,0.16430664,-1.4056934,-1.2856934,-2.0256934,-1.0656934,-0.67569333,-3.6156933,1.6843066,1.1943066,1.7043066,0.34430665,1.5943066,0.18430664,-1.7856934
-1.5656934,-1.2956934,7.3343067,3.9743066,3.4843066,1.6043067,-0.025693359,-2.4356933,-1.8856933,-2.1056933,-1.5856934,-2.6456933,1.2743067,5.7943068,0.51430666,-3.9156933,-3.6156933,-1.7456933,-1.2756934,-1.0056933,-0.09569336,0.67430663,0.44430664,0.18430664,0.54430664,0.37430665,-0.41569337,2.5743067,-0.15569335,-2.5556934,-0.8856934,-2.0056934,-3.3556933,-2.5056934,-0.065693356,7.254307,-0.40569335,1.0143067,3.9943066,0.8643066,-0.59569335
-3.3356934,-4.0256934,-6.825693,-4.2056932,-1.0356934,2.1543067,-3.3556933,-2.4256933,-4.3956933,-2.5356934,-1.3556933,1.6543067,-0.73569334,-1.9656934,-2.1756933,-2.9756935,-3.2356935,-3.0956933,-1.9156934,-0.30569336,-0.03569336,0.77430665,1.7243066,2.4543066,2.5243065,0.8643066,0.91430664,7.1643066,2.9243066,2.6743066,2.2743065,2.2943068,3.6143067,2.7243066,2.5743067,1.9043067,0.92430663,1.9743066,-0.6256934,0.47430664,4.924307
-6.6256933,-6.8756933,-4.9456935,-3.5356934,-0.45569336,-2.1556933,-3.9056933,-4.7556934,-2.8056934,-2.4056933,-0.59569335,0.58430666,-0.6856934,-2.6656933,-0.91569334,-2.0156934,-3.3856933,-3.4756935,-1.5256934,-0.83569336,-0.07569336,1.6643066,2.5843067,3.4443066,3.5443068,2.9943066,3.0243065,3.8943067,2.2543066,2.8143067,2.8243067,3.2843065,2.6643066,3.3043067,4.1643066,-1.2656933,-1.9656934,-0.6856934,-0.38569337,0.63430667,2.6943066
-6.1156936,-6.765693,-5.575693,-2.2756934,-0.71569335,-3.0356934,-2.4956934,-2.4856935,-1.7856934,0.21430664,-0.36569336,-1.8056934,-1.2456933,-1.5056933,-2.6556933,-3.7256935,-3.1256933,-2.8956933,-1.6256933,-0.23569337,1.2543067,3.1043067,4.1343064,4.4143066,4.254307,3.5943067,2.8143067,1.8943067,3.3043067,3.6243067,3.4943066,3.2143066,2.5443068,2.6943066,4.2243066,4.1543064,1.7343067,2.2443066,1.5043067,1.8843067,0.85430664
-6.4356933,-5.9356933,-6.1256933,-6.0256934,-6.1756935,-5.6856933,-0.79569334,-4.7756934,-4.1556935,-0.16569336,1.4443066,-0.04569336,-1.0356934,0.5643066,-2.8756933,-2.1756933,-1.1456933,-2.8356934,-2.9856935,-0.42569336,3.2143066,5.734307,4.3043065,5.0443068,5.254307,4.424307,2.8443067,2.4543066,3.4143066,4.234307,2.2543066,1.5643066,-0.58569336,-0.92569333,2.2843065,2.5643067,0.90430665,-0.35569337,0.16430664,0.54430664,-1.1356933
-6.6156936,-6.5056934,-6.2156935,-4.1456933,-3.5656934,-3.4956934,-3.8356934,-1.4956933,-3.1956933,-2.0656934,-2.3956933,0.6843066,-0.40569335,-0.37569335,-0.40569335,0.16430664,-1.5756934,-2.0856934,-2.7856934,-0.76569337,3.8343067,6.4043064,4.234307,2.2343066,5.2043066,4.6043067,4.3743067,3.9043067,3.2943068,2.0143065,1.8143066,1.3043066,2.9643066,1.9543066,2.1543067,1.6443067,1.3343066,0.95430666,2.4743066,1.0343066,0.25430664
-6.9056935,-6.725693,-7.4156933,-6.8456936,-4.9056935,-3.0956933,-1.9856933,-2.9856935,-2.8156934,-2.9956934,-1.7456933,-0.8856934,-0.30569336,0.45430663,0.9343066,0.49430665,-0.65569335,-2.1256933,-4.5256934,0.72430664,4.2043066,5.254307,4.0943065,4.3743067,4.174307,4.9743066,4.2443066,4.7043066,3.5243065,2.9543066,2.4243066,3.4943066,2.9543066,2.7243066,2.1643066,-0.11569336,-1.4056934,-1.5656934,-0.96569335,-0.39569336,-0.10569336
-5.265693,-6.6356936,-6.075693,-5.1056933,-4.7056932,-2.8556933,-3.6256933,-3.7256935,-2.1756933,-1.8256934,-1.2456933,-2.2056932,-0.04569336,3.0143065,1.1943066,1.8443066,1.8743067,-1.9356934,-1.6156933,-2.3356934,7.0143065,2.3543067,3.8843067,4.4943066,5.3943067,4.694307,3.9543066,3.1943066,4.714307,3.1443067,4.2643065,4.2443066,3.0643067,2.7843065,1.3643067,1.8243066,1.7043066,0.85430664,0.96430665,0.26430663,1.5143067
-5.7756934,-4.8656936,-5.4856935,-2.8956933,-1.8456933,-1.5056933,-0.0056933593,-1.9056934,-2.2756934,-0.6256934,-0.38569337,-1.5156933,0.54430664,3.4143066,0.84430665,1.3943067,3.6743066,-0.83569336,-2.7656934,-0.96569335,-5.1756935,0.78430665,4.8443065,5.424307,3.7443066,4.5643067,5.174307,4.5143065,3.8343067,4.2043066,4.774307,4.5643067,3.9143066,4.6143064,3.7743065,3.1043067,2.0943067,0.5043066,-0.57569337,0.38430664,1.7543067
-3.5456934,-6.035693,-7.0656934,-4.2156935,-2.2356935,-0.26569337,-0.44569337,-1.4956933,-1.5056933,-2.3456933,-0.64569336,0.46430665,0.05430664,0.7543066,0.17430665,-0.8856934,3.8943067,2.1143067,-2.8656933,-4.285693,-2.4856935,1.3443066,5.1643066,4.174307,5.024307,6.1043067,5.924307,4.4043064,3.3743067,1.3643067,0.7543066,1.9143066,1.9943067,1.5643066,1.8043066,1.2943066,1.1143067,0.9343066,0.57430667,-1.2456933,-0.9356934
