wind_kz.json
{"header": {"discipline":0,"disciplineName":"Meteorological products","gribEdition":2,"gribLength":871,"center":7,"centerName":"US National Weather Service - NCEP(WMC)","subcenter":0,"refTime":"2025-04-05T18:00:00.000Z","significanceOfRT":1,"significanceOfRTName":"Start of forecast","productStatus":0,"productStatusName":"Operational products","productType":1,"productTypeName":"Forecast products","productDefinitionTemplate":0,"productDefinitionTemplateName":"Analysis/forecast at horizontal level/layer at a point in time","parameterCategory":0,"parameterCategoryName":"UnknownDiscipline_0_Category_0","parameterNumber":0,"parameterNumberName":"UnknownParameter_D0_C0_0","parameterUnit":"Unknown","genProcessType":2,"genProcessTypeName":"Forecast","forecastTime":180,"surface1Type":1,"surface1TypeName":"Ground or water surface","surface1Value":0.0,"surface2Type":255,"surface2TypeName":"Missing","surface2Value":0.0,"gridDefinitionTemplate":0,"gridDefinitionTemplateName":"Latitude_Longitude","numberPoints":615,"shape":6,"shapeName":"Earth spherical with radius of 6,371,229.0 m","gridUnits":"degrees","resolution":48,"winds":"true","scanMode":64,"nx":41,"ny":15,"basicAngle":0,"lo1":47.0,"la1":41.0,"lo2":87.0,"la2":55.0,"dx":1.0,"dy":1.0}, "data":
[rows 0 to 14 of 15, columns 0 to 40 of 41]
286.12793,273.62793,284.12793,282.52792,283.22794,283.82794,293.92792,303.32794,297.22794,300.72794,300.42792,306.22794,310.42792,313.12793,313.12793,316.52792,313.12793,316.62793,316.32794,318.42792,316.12793,313.82794,312.72794,308.42792,310.92792,312.62793,305.92792,294.92792,293.32794,281.92792,283.72794,272.12793,296.92792,301.42792,303.02792,305.42792,310.02792,307.92792,305.72794,308.32794,311.52792
267.92792,289.32794,281.92792,282.12793,282.72794,283.12793,294.62793,300.62793,295.02792,300.72794,301.82794,303.72794,311.32794,312.52792,311.82794,311.72794,312.12793,313.62793,310.02792,312.22794,313.72794,315.32794,303.92792,299.22794,273.82794,294.52792,300.72794,295.52792,299.62793,286.42792,294.82794,273.52792,293.22794,269.62793,273.12793,303.52792,301.82794,305.12793,309.12793,306.82794,283.02792
289.52792,281.02792,281.72794,282.12793,282.12793,289.12793,287.22794,290.32794,295.72794,302.32794,300.72794,300.92792,296.62793,306.92792,310.02792,308.22794,309.32794,310.12793,309.82794,310.82794,310.92792,314.52792,309.92792,305.22794,310.22794,307.72794,305.62793,305.42792,306.42792,299.92792,284.22794,294.52792,300.12793,301.92792,301.22794,299.12793,289.12793,283.92792,291.92792,290.02792,281.82794
290.62793,281.52792,280.62793,281.72794,284.62793,291.62793,291.42792,289.12793,296.32794,295.52792,299.62793,295.52792,285.92792,286.72794,306.72794,307.42792,309.72794,308.92792,310.52792,311.02792,316.42792,311.22794,313.12793,314.02792,310.52792,309.72794,310.32794,307.82794,309.62793,304.62793,306.52792,305.32794,309.92792,311.32794,307.62793,303.42792,292.92792,275.12793,295.52792,303.12793,306.72794
290.12793,282.12793,281.72794,282.42792,285.12793,290.42792,288.92792,288.32794,286.62793,289.52792,301.22794,294.52792,284.72794,284.32794,281.82794,304.92792,305.92792,303.72794,308.72794,311.92792,312.12793,312.72794,310.92792,313.12793,310.72794,308.52792,307.52792,297.42792,312.82794,311.92792,311.32794,311.32794,297.42792,273.12793,297.72794,307.12793,299.52792,310.42792,309.82794,307.42792,306.22794
286.82794,285.92792,282.42792,281.92792,281.02792,280.72794,291.62793,294.32794,291.62793,290.12793,291.72794,296.62793,284.72794,283.12793,289.52792,303.32794,302.72794,304.22794,303.72794,307.52792,308.92792,308.92792,308.72794,309.32794,307.42792,302.12793,304.92792,273.12793,306.72794,304.62793,305.02792,306.22794,312.12793,307.22794,304.22794,296.62793,300.42792,296.82794,311.02792,310.22794,308.82794
281.52792,285.82794,288.22794,288.02792,288.02792,291.12793,295.22794,294.02792,294.82794,292.12793,295.12793,295.62793,297.72794,298.42792,300.32794,301.42792,303.62793,300.52792,294.62793,301.42792,302.32794,300.22794,300.52792,304.22794,300.02792,299.82794,302.72794,302.02792,305.82794,306.92792,306.82794,306.12793,309.42792,305.52792,303.72794,301.82794,300.02792,301.92792,297.02792,297.92792,305.12793
281.12793,288.12793,287.42792,287.92792,284.32794,287.52792,287.12793,287.32794,293.12793,292.42792,293.02792,293.62793,293.02792,296.22794,298.52792,298.92792,298.82794,297.02792,295.82794,294.22794,295.72794,300.12793,299.32794,301.12793,295.62793,297.42792,296.22794,302.32794,299.92792,301.52792,300.22794,305.22794,302.02792,299.52792,302.72794,303.52792,305.82794,273.12793,307.12793,304.62793,305.32794
282.72794,286.12793,287.02792,287.52792,286.92792,284.82794,282.52792,289.92792,293.82794,292.82794,288.12793,292.72794,292.82794,295.42792,295.22794,296.82794,295.52792,292.82794,293.62793,289.62793,293.32794,295.42792,296.32794,297.52792,296.32794,294.72794,292.02792,293.12793,294.22794,294.62793,296.52792,296.32794,299.32794,302.62793,304.32794,299.82794,300.72794,298.82794,273.32794,288.22794,279.22794
279.92792,283.12793,285.72794,285.92792,285.52792,286.72794,288.52792,289.22794,291.42792,286.82794,289.02792,290.92792,292.42792,292.62793,293.92792,294.42792,293.72794,295.32794,294.12793,294.82794,293.42792,293.42792,293.12793,293.62793,293.22794,292.92792,295.52792,288.32794,291.02792,292.82794,295.92792,299.82794,300.12793,300.52792,300.92792,299.42792,300.32794,298.22794,298.12793,294.62793,290.62793
278.72794,279.42792,284.52792,285.02792,286.12793,285.92792,283.52792,289.52792,288.82794,288.62793,288.22794,289.42792,291.42792,289.22794,291.62793,292.92792,291.62793,292.12793,291.62793,289.92792,291.22794,290.52792,290.12793,291.62793,292.12793,293.52792,290.72794,288.52792,288.02792,293.52792,297.02792,297.82794,297.92792,297.82794,300.12793,297.82794,295.02792,294.92792,298.02792,297.72794,294.22794
277.52792,280.42792,284.52792,280.62793,280.92792,285.22794,279.82794,287.32794,288.22794,287.12793,284.22794,282.72794,287.02792,288.22794,287.32794,289.72794,290.02792,290.52792,289.82794,289.42792,287.42792,287.62793,288.32794,288.72794,289.52792,292.32794,291.62793,289.92792,288.22794,289.92792,290.42792,290.82794,294.72794,291.82794,296.42792,297.02792,297.92792,297.52792,294.62793,295.82794,296.22794
274.42792,276.32794,278.12793,278.82794,279.12793,281.12793,279.92792,287.12793,286.42792,285.62793,282.22794,282.52792,286.22794,286.02792,287.12793,286.12793,288.32794,289.12793,290.22794,289.52792,289.02792,287.82794,290.12793,290.72794,291.52792,292.02792,293.82794,292.02792,289.82794,289.32794,288.02792,290.22794,292.12793,289.52792,291.32794,291.92792,293.82794,295.72794,294.52792,293.82794,291.42792
273.32794,275.82794,274.92792,277.92792,277.82794,279.02792,281.62793,281.72794,283.82794,284.22794,280.92792,280.12793,280.52792,284.62793,286.02792,286.62793,287.42792,287.42792,289.32794,289.02792,289.22794,289.32794,290.22794,290.22794,292.02792,292.72794,292.42792,292.72794,289.92792,290.52792,290.62793,289.92792,287.62793,287.82794,288.42792,288.62793,290.32794,291.12793,291.62793,291.72794,294.82794
273.32794,275.42792,273.12793,278.82794,280.72794,281.22794,283.72794,283.02792,283.12793,282.62793,282.62793,281.22794,279.82794,282.22794,283.62793,285.72794,286.62793,287.12793,288.92792,288.42792,289.02792,290.22794,289.92792,289.42792,291.32794,290.62793,291.62793,290.32794,290.82794,289.82794,289.82794,282.72794,289.02792,288.92792,288.62793,287.22794,288.82794,289.42792,289.52792,290.32794,291.12793
