wind_kz.json
{"header": {"discipline":0,"disciplineName":"Meteorological products","gribEdition":2,"gribLength":871,"center":7,"centerName":"US National Weather Service - NCEP(WMC)","subcenter":0,"refTime":"2023-09-29T00:00:00.000Z","significanceOfRT":1,"significanceOfRTName":"Start of forecast","productStatus":0,"productStatusName":"Operational products","productType":1,"productTypeName":"Forecast products","productDefinitionTemplate":0,"productDefinitionTemplateName":"Analysis/forecast at horizontal level/layer at a point in time","parameterCategory":0,"parameterCategoryName":"UnknownDiscipline_0_Category_0","parameterNumber":0,"parameterNumberName":"UnknownParameter_D0_C0_0","parameterUnit":"Unknown","genProcessType":2,"genProcessTypeName":"Forecast","forecastTime":120,"surface1Type":1,"surface1TypeName":"Ground or water surface","surface1Value":0.0,"surface2Type":255,"surface2TypeName":"Missing","surface2Value":0.0,"gridDefinitionTemplate":0,"gridDefinitionTemplateName":"Latitude_Longitude","numberPoints":615,"shape":6,"shapeName":"Earth spherical with radius of 6,371,229.0 m","gridUnits":"degrees","resolution":48,"winds":"true","scanMode":64,"nx":41,"ny":15,"basicAngle":0,"lo1":47.0,"la1":41.0,"lo2":87.0,"la2":55.0,"dx":1.0,"dy":1.0}, "data":
[rows 0 to 14 of 15, columns 0 to 40 of 41]
288.04926,282.24924,285.54926,294.24924,293.84924,292.94925,291.34924,292.74924,291.84924,289.24924,288.64923,290.54926,289.14923,288.64923,288.44925,286.74924,286.64923,285.94925,285.44925,285.74924,286.04926,284.14923,284.14923,282.74924,283.84924,287.34924,285.14923,272.24924,271.84924,270.44925,271.14923,269.74924,279.44925,285.44925,287.04926,287.64923,287.74924,286.64923,286.64923,286.14923,285.84924
272.24924,286.44925,293.94925,294.04926,293.94925,292.34924,290.94925,289.64923,290.94925,290.44925,290.74924,288.04926,287.54926,286.24924,284.34924,284.84924,282.14923,284.14923,282.24924,283.04926,283.24924,285.14923,283.34924,278.24924,270.24924,271.14923,278.74924,272.84924,270.04926,267.64923,274.24924,267.84924,272.44925,250.74924,270.84924,283.54926,282.14923,285.34924,287.74924,280.94925,283.54926
287.04926,293.44925,293.74924,293.14923,291.34924,292.34924,291.74924,291.34924,289.24924,285.74924,284.74924,285.44925,284.24924,285.54926,285.84924,283.24924,282.44925,280.64923,280.44925,281.44925,282.64923,281.94925,282.64923,279.54926,280.14923,281.44925,282.64923,281.44925,280.74924,274.44925,267.74924,270.74924,274.84924,274.94925,277.54926,276.94925,270.44925,272.64923,273.44925,269.94925,270.54926
287.24924,292.74924,293.24924,292.34924,290.74924,290.44925,291.44925,289.54926,289.74924,289.14923,285.74924,284.14923,290.44925,289.64923,285.44925,282.94925,283.84924,281.84924,282.44925,282.34924,282.84924,276.84924,283.14923,283.94925,283.74924,284.64923,284.64923,283.14923,281.74924,282.24924,283.14923,281.64923,284.64923,283.44925,283.54926,281.14923,274.54926,267.04926,272.44925,281.24924,284.64923
290.44925,292.04926,292.34924,291.54926,289.64923,288.84924,291.94925,292.04926,291.14923,290.54926,287.34924,284.54926,289.34924,288.14923,286.64923,284.24924,284.34924,284.54926,280.64923,284.64923,283.94925,284.24924,283.14923,282.44925,282.84924,282.64923,280.64923,283.14923,280.74924,281.74924,284.84924,282.44925,272.44925,263.14923,274.14923,282.64923,286.74924,286.94925,289.64923,289.24924,288.54926
287.94925,290.24924,290.84924,291.64923,291.54926,291.14923,288.24924,291.44925,291.14923,290.84924,289.54926,288.54926,288.64923,288.94925,286.44925,283.94925,286.04926,284.04926,284.74924,284.24924,281.84924,281.44925,280.84924,281.54926,282.24924,281.24924,282.44925,287.64923,284.44925,284.64923,283.04926,284.94925,282.84924,281.34924,281.04926,283.74924,276.34924,277.64923,284.84924,286.84924,288.24924
285.44925,285.54926,289.24924,288.94925,288.34924,286.74924,287.04926,287.64923,290.94925,290.34924,289.24924,289.14923,288.44925,286.64923,285.04926,286.04926,283.74924,284.44925,283.84924,283.04926,282.84924,282.84924,283.24924,283.54926,282.64923,283.34924,281.34924,282.74924,282.94925,283.14923,282.04926,281.74924,282.44925,284.44925,282.04926,281.34924,277.34924,274.84924,272.94925,271.64923,283.44925
283.74924,283.94925,285.94925,286.94925,287.94925,287.44925,286.94925,287.74924,285.84924,289.24924,288.74924,287.64923,288.44925,287.34924,285.24924,284.94925,283.44925,284.24924,283.34924,282.04926,281.64923,281.74924,281.94925,282.34924,280.94925,278.54926,279.14923,279.64923,278.84924,280.54926,279.64923,280.24924,279.24924,277.94925,277.94925,282.44925,283.34924,285.84924,283.34924,283.64923,283.64923
282.74924,283.44925,284.24924,283.44925,285.14923,285.74924,285.44925,285.74924,286.94925,285.64923,284.84924,285.14923,286.04926,286.04926,284.54926,284.34924,283.24924,282.74924,282.64923,281.54926,280.24924,280.14923,280.94925,281.14923,279.14923,279.34924,276.84924,276.64923,275.24924,274.84924,276.54926,276.94925,279.34924,282.34924,282.64923,279.94925,282.14923,281.14923,275.14923,274.64923,272.94925
282.04926,283.34924,283.04926,282.74924,283.44925,283.74924,283.94925,285.74924,287.04926,283.94925,283.04926,283.74924,286.24924,286.54926,284.04926,283.24924,281.84924,282.14923,281.84924,281.84924,280.74924,281.04926,281.14923,281.14923,280.04926,278.84924,277.34924,277.14923,276.44925,276.04926,276.64923,282.04926,283.34924,283.44925,283.94925,283.64923,281.54926,279.64923,276.74924,275.34924,272.64923
281.74924,280.94925,280.94925,281.54926,282.44925,285.74924,282.84924,286.04926,285.54926,282.74924,282.24924,282.94925,286.24924,283.54926,284.44925,282.74924,282.74924,282.94925,282.04926,280.94925,281.54926,281.74924,281.04926,280.84924,279.44925,278.64923,275.14923,276.04926,275.84924,276.94925,278.14923,278.74924,278.74924,279.54926,280.64923,281.64923,280.34924,277.34924,277.44925,276.84924,274.84924
280.64923,281.64923,280.74924,283.94925,280.84924,282.64923,284.84924,284.94925,285.24924,283.04926,280.94925,281.54926,284.54926,283.04926,283.54926,284.44925,283.94925,282.54926,282.14923,281.14923,280.34924,280.04926,280.04926,279.74924,278.84924,278.64923,276.44925,276.64923,276.54926,276.84924,276.64923,276.94925,277.44925,276.44925,276.84924,277.24924,277.54926,278.54926,279.54926,278.54926,277.54926
278.54926,279.54926,280.64923,280.54926,281.24924,281.34924,284.34924,284.94925,283.94925,283.94925,282.24924,280.04926,283.04926,281.94925,283.04926,282.54926,283.64923,283.64923,282.04926,280.84924,280.44925,279.54926,278.94925,278.64923,279.64923,279.84924,279.44925,277.44925,277.24924,276.44925,276.54926,276.14923,275.64923,273.94925,274.04926,274.94925,275.34924,276.84924,275.44925,275.64923,275.74924
278.34924,280.44925,282.84924,280.54926,279.34924,278.84924,281.74924,281.84924,284.14923,283.34924,282.44925,280.44925,281.74924,282.04926,283.14923,283.84924,283.64923,282.04926,281.64923,281.64923,281.24924,280.94925,280.54926,280.54926,280.64923,280.24924,279.04926,279.04926,277.94925,277.64923,277.34924,276.64923,275.94925,274.74924,275.14923,274.44925,273.84924,273.34924,273.34924,273.24924,272.64923
279.34924,280.94925,285.14923,280.94925,280.44925,278.94925,279.54926,278.84924,279.54926,279.44925,281.54926,282.24924,281.74924,281.94925,283.44925,283.84924,282.44925,281.94925,282.44925,281.64923,281.64923,281.34924,280.74924,280.64923,280.24924,279.94925,279.84924,279.14923,278.54926,277.84924,277.64923,280.54926,276.24924,275.34924,274.74924,274.84924,273.44925,272.94925,272.74924,272.84924,273.04926
