wind_kz.json
{"header": {"discipline":0,"disciplineName":"Meteorological products","gribEdition":2,"gribLength":1025,"center":7,"centerName":"US National Weather Service - NCEP(WMC)","subcenter":0,"refTime":"2023-08-21T12:00:00.000Z","significanceOfRT":1,"significanceOfRTName":"Start of forecast","productStatus":0,"productStatusName":"Operational products","productType":1,"productTypeName":"Forecast products","productDefinitionTemplate":0,"productDefinitionTemplateName":"Analysis/forecast at horizontal level/layer at a point in time","parameterCategory":2,"parameterCategoryName":"UnknownDiscipline_0_Category_2","parameterNumber":2,"parameterNumberName":"UnknownParameter_D0_C2_2","parameterUnit":"Unknown","genProcessType":2,"genProcessTypeName":"Forecast","forecastTime":0,"surface1Type":103,"surface1TypeName":"Specified height level above ground","surface1Value":10.0,"surface2Type":255,"surface2TypeName":"Missing","surface2Value":0.0,"gridDefinitionTemplate":0,"gridDefinitionTemplateName":"Latitude_Longitude","numberPoints":615,"shape":6,"shapeName":"Earth spherical with radius of 6,371,229.0 m","gridUnits":"degrees","resolution":48,"winds":"true","scanMode":64,"nx":41,"ny":15,"basicAngle":0,"lo1":47.0,"la1":41.0,"lo2":87.0,"la2":55.0,"dx":1.0,"dy":1.0}, "data":
[rows 0 to 14 of 15, columns 0 to 40 of 41]
-0.53782773,3.1021721,-4.1078277,-4.037828,3.0921721,4.4121723,6.052172,0.80217224,1.1321722,1.0621723,4.112172,4.092172,5.3321724,6.942172,7.6221724,4.482172,5.302172,4.7021723,5.692172,2.4421723,3.9921722,-1.4778278,3.0721722,6.232172,3.0321722,2.9921722,4.282172,3.7121723,1.2321723,-0.50782776,2.0621722,1.6021723,-0.32782775,0.20217223,4.1621723,2.0121722,2.4121723,2.1221724,2.6421723,2.1521723,1.8421723
1.3921722,-5.927828,-4.617828,-0.49782777,3.2721722,5.132172,2.2521722,-0.26782775,1.9221722,2.5621722,4.692172,4.262172,3.9721723,6.052172,5.342172,6.632172,1.5221722,4.3921723,7.782172,1.2121723,6.8521724,0.29217225,3.7021723,3.1821723,3.5521722,-0.5578278,0.78217226,3.0521722,1.4921722,-0.09782776,-0.28782776,-0.09782776,-1.0878278,1.6921723,0.35217226,-0.20782776,6.672172,1.1521722,5.6221724,3.1721723,-0.42782775
-7.5278277,-4.8778276,-1.8278278,2.1221724,6.5021725,8.202172,-0.62782776,-2.4578278,1.4221722,0.80217224,2.3321722,1.9421723,2.8921723,2.3821723,5.942172,6.5221725,5.072172,4.6621723,4.572172,3.6121721,8.392172,6.712172,-0.11782776,-4.637828,-0.87782776,-3.6878278,-1.3778278,-1.2378278,-1.3478278,-1.6478277,0.03217224,-1.4778278,1.0821723,0.34217224,-3.5478277,-2.6878278,1.7421722,-0.31782776,5.7921724,6.532172,-1.7978277
-7.7278275,-2.6478279,0.7621722,4.0421724,6.3321724,-0.46782777,1.0521722,-0.23782776,0.41217223,0.17217225,1.8521723,-3.5478277,1.5921723,0.05217224,3.1921723,-2.0878277,-6.367828,2.7821722,0.8221722,1.9521723,5.7921724,2.1121721,-3.5078278,-0.10782776,-3.0978277,-1.5478277,-3.7178278,-5.287828,-4.447828,-2.0278277,0.28217223,1.5321722,6.092172,7.0021725,6.572172,4.8521724,-0.40782776,1.0221722,-1.3678278,0.40217224,1.5121722
-4.4578276,-1.6378278,-2.9178278,-3.0178277,-2.0878277,-0.93782777,2.6321723,1.2521722,-0.11782776,1.9821723,-0.30782777,-5.1878276,-3.8878279,-1.0078278,1.1021723,-8.227828,-2.1678278,-0.22782776,-0.19782776,2.6221724,-0.09782776,-3.5078278,-2.4778278,-2.4678278,-3.4778278,-4.907828,-6.2278275,1.6221722,-4.347828,-3.6478279,-2.9678278,-2.6178277,-1.0478277,0.80217224,-3.7078278,-1.6178278,4.882172,1.9021722,-1.6178278,1.7821722,2.9721723
4.7921724,0.29217225,-1.6378278,-2.4778278,0.92217225,3.8321722,3.6121721,0.07217224,3.4821723,1.2921722,2.5221722,-0.37782776,-2.5278277,-1.7378278,-3.6278276,-5.367828,-6.0678277,-4.2578278,-1.8578278,2.8821723,1.6921723,-2.9378278,-2.6578279,-1.8578278,-2.2278278,-3.5178277,-6.407828,-2.4978278,-2.6078277,-3.2578278,-4.5478277,-4.4578276,-2.6578279,-3.6178277,-0.37782776,2.2621722,3.2821722,3.8621721,7.672172,-1.0578277,1.2121723
-0.6078278,4.442172,-1.4778278,-1.0078278,3.8221722,5.382172,-1.3878278,-0.26782775,0.5121722,2.4621723,3.2821722,2.5221722,-0.6778278,-0.09782776,-1.0578277,-0.56782776,1.6221722,-3.1378279,4.762172,3.2121723,2.3721724,1.3121723,1.5021722,0.43217224,0.07217224,2.0221722,0.99217224,0.16217224,1.7721722,2.4121723,0.48217225,-0.7378278,-1.4578278,-0.41782776,2.8821723,0.24217224,-1.2678277,0.47217223,2.8621721,-0.8078278,5.442172
4.8921723,1.7921722,5.462172,3.3321722,4.3721724,-3.4678278,1.7921722,0.54217225,0.53217226,1.7221723,4.7521725,4.2921724,4.9521723,3.4021723,-0.70782775,1.2621722,3.2721722,-0.19782776,3.2521722,7.6221724,5.072172,1.8721722,2.1521723,1.3521723,3.8921723,2.2321723,0.93217224,1.2921722,2.2621722,2.1521723,2.8721724,1.3121723,1.2421722,-2.0278277,1.5921723,-0.6178278,1.4621723,4.012172,6.862172,9.992172,9.482172
2.6621723,4.572172,4.1821723,4.7221723,4.862172,5.0221725,4.032172,1.4821723,2.0421722,1.6421722,2.2621722,3.7221723,5.3521724,3.5421722,3.7421722,2.6621723,1.1421722,2.0121722,3.7021723,3.1421723,3.3121722,2.1621723,1.7421722,1.6921723,3.0221722,1.8921722,3.2121723,4.5821724,4.4721723,4.2921724,3.9621723,0.16217224,-1.4978278,-0.95782775,-1.6378278,1.4221722,0.5121722,0.27217224,0.35217226,0.46217224,0.8921722
5.2421722,3.4621723,4.232172,4.422172,5.902172,4.0021725,1.1721722,3.7221723,2.8121722,3.3221722,2.7921722,3.3521721,2.9521723,4.572172,5.5621724,7.1021724,3.2821722,5.362172,3.0621722,-0.25782776,1.0921723,-0.06782776,0.80217224,3.8121722,4.402172,5.0421724,5.9921722,5.482172,4.922172,4.732172,-3.3378277,-3.5178277,-1.3378278,0.15217224,1.3321723,-0.95782775,1.4321723,0.85217226,0.09217224,0.8821722,0.84217227
5.5421724,5.442172,5.482172,5.7421722,5.232172,6.672172,6.822172,5.5421724,4.0221725,3.5021722,4.462172,5.5221725,4.172172,4.2521725,5.532172,7.5021725,8.7121725,7.1821723,0.42217225,-2.1978278,-0.35782775,0.5221722,1.0521722,2.1821723,3.4221723,-2.2778277,-3.3478277,-3.6878278,-3.5878277,-2.7478278,-1.9578278,-1.3878278,-1.2378278,-1.0978278,-1.1478277,-0.6078278,0.79217225,0.68217224,0.07217224,-0.06782776,0.49217224
3.8021722,2.5621722,1.0121722,4.1621723,4.2021723,4.302172,3.5921721,4.2921724,4.132172,4.962172,5.172172,5.6621723,4.132172,3.9521723,3.1021721,5.4721723,7.3521724,6.2021723,2.1021721,3.4621723,-0.18782777,1.2221723,0.97217226,1.1021723,-1.3378278,-0.76782775,-2.7778277,-2.2578278,-1.7778277,0.5721722,-0.13782775,-0.77782774,-1.5778278,-0.62782776,-0.53782773,0.17217225,1.1521722,-0.15782776,0.15217224,-0.03782776,0.48217225
3.0621722,2.6121721,2.9921722,1.4721723,7.2721725,4.762172,5.7221723,2.8221722,6.9921722,4.632172,3.4821723,4.532172,4.732172,4.2221723,3.5221722,3.3921723,4.712172,1.3421723,-1.9978278,-3.8978279,-0.70782775,3.6921723,2.5221722,0.28217223,-1.1478277,-0.9178278,-1.2978277,-2.0978277,-0.32782775,0.34217224,0.99217224,-0.42782775,-0.8678278,2.3621721,0.15217224,0.54217225,0.31217223,1.1121722,-1.4378277,-0.75782776,1.4021722
0.86217225,-0.47782776,1.9121722,1.1421722,0.72217226,2.1221724,-1.5378277,-0.71782774,-1.8678278,-2.5378277,-0.9178278,1.6921723,2.7721722,1.1821723,0.19217224,1.6021723,3.3321722,4.052172,0.66217226,0.22217225,3.0621722,1.6721722,0.31217223,0.5821722,-1.3878278,-3.3578277,-0.31782776,-1.8078277,-2.0978277,-1.6378278,0.25217223,-1.2878277,-0.82782775,-0.07782776,0.0021722412,-0.09782776,0.26217225,1.7121723,0.35217226,1.1821723,2.0721722
-0.7978278,-0.77782774,-1.5778278,-0.94782776,-0.63782775,-0.50782776,0.38217223,0.9421722,0.9421722,0.5121722,0.99217224,1.5421722,1.4821723,2.5921721,5.282172,3.5021722,3.0821722,3.5121722,2.3121722,3.7321723,0.55217224,1.3121723,0.72217226,-1.0178277,-0.13782775,-0.027827758,-1.0378277,-0.38782775,-0.18782777,-0.6778278,-0.19782776,2.6621723,2.2721722,-0.38782775,-1.6978278,0.03217224,0.84217227,1.8521723,3.1721723,2.1221724,2.1721723
