wind_kz.json
{"header": {"discipline":0,"disciplineName":"Meteorological products","gribEdition":2,"gribLength":1025,"center":7,"centerName":"US National Weather Service - NCEP(WMC)","subcenter":0,"refTime":"2023-08-07T18:00:00.000Z","significanceOfRT":1,"significanceOfRTName":"Start of forecast","productStatus":0,"productStatusName":"Operational products","productType":1,"productTypeName":"Forecast products","productDefinitionTemplate":0,"productDefinitionTemplateName":"Analysis/forecast at horizontal level/layer at a point in time","parameterCategory":2,"parameterCategoryName":"UnknownDiscipline_0_Category_2","parameterNumber":2,"parameterNumberName":"UnknownParameter_D0_C2_2","parameterUnit":"Unknown","genProcessType":2,"genProcessTypeName":"Forecast","forecastTime":0,"surface1Type":103,"surface1TypeName":"Specified height level above ground","surface1Value":10.0,"surface2Type":255,"surface2TypeName":"Missing","surface2Value":0.0,"gridDefinitionTemplate":0,"gridDefinitionTemplateName":"Latitude_Longitude","numberPoints":615,"shape":6,"shapeName":"Earth spherical with radius of 6,371,229.0 m","gridUnits":"degrees","resolution":48,"winds":"true","scanMode":64,"nx":41,"ny":15,"basicAngle":0,"lo1":47.0,"la1":41.0,"lo2":87.0,"la2":55.0,"dx":1.0,"dy":1.0}, "data":
[rows 0 to 14 of 15, columns 0 to 40 of 41]
-3.3986323,-1.5586323,1.8813678,-1.3186322,1.5313678,3.8113678,3.9513679,3.7013679,-2.4286323,0.3913678,2.2313678,4.041368,4.4813676,5.4013677,4.351368,2.9613678,2.0813677,2.4913678,-3.4586322,2.0013678,-2.7186322,0.4113678,-2.0486321,-2.6286323,1.0713677,-1.1486322,-2.848632,1.0913678,0.9813678,0.5513678,2.1013677,0.6813678,1.4313678,3.401368,0.8413678,1.5313678,2.2213678,2.4413679,3.5813677,4.781368,1.0613678
0.8113678,1.4713678,-0.4586322,1.1313678,1.9613678,2.2213678,3.7913678,0.2313678,4.271368,5.331368,4.8213677,-1.3686322,-2.1686323,-1.5886322,-0.3386322,0.3713678,3.0213678,-1.8086323,-1.5486321,-4.068632,-1.9486322,-3.0286322,1.1113678,-3.4586322,0.1513678,1.3813678,-1.1486322,2.1013677,-0.5286322,0.5713678,0.8413678,0.2813678,1.0513678,-0.008632202,0.2113678,-1.0186322,-0.1586322,-0.8686322,3.7013679,2.8113678,-0.1086322
0.9513678,-2.1786323,-1.7986321,-0.34863222,1.9613678,4.371368,5.8213677,1.5513678,0.2413678,-2.4786322,-1.9286323,-3.2086322,-2.2186322,-1.2786322,1.2413678,2.671368,5.141368,3.5313678,-3.6886322,-4.318632,-3.5086322,-0.4086322,-2.7086322,-0.8286322,-0.4986322,-0.4486322,0.8713678,-2.8686323,-1.8286322,0.2113678,-0.5286322,0.7613678,0.3613678,0.43136778,-0.7186322,0.6013678,0.8013678,-0.4086322,2.0313678,2.4413679,-1.0186322
-3.108632,-3.328632,-2.6386323,-0.3886322,-1.2486322,-2.1786323,0.9613678,2.1213677,-1.4686322,-0.4186322,-1.4386322,0.4613678,-1.2786322,0.8113678,0.8013678,2.1213677,-1.4086322,-1.3686322,-0.3386322,-1.5986322,-0.9686322,0.3113678,2.0313678,-1.7886322,1.2313678,1.2913678,1.9013678,-0.9186322,6.0013676,5.0513678,2.5113678,0.9213678,3.401368,6.8013678,1.4113678,0.5513678,0.5813678,0.5913678,0.5113678,0.5813678,4.331368
-1.6386322,-1.0186322,-1.9586322,-1.6986322,0.021367798,0.7213678,1.1013678,-1.0786322,-0.3786322,-0.8686322,-0.8886322,2.1913679,0.7013678,0.9513678,1.9913678,1.8413678,0.0713678,0.9513678,0.3313678,0.2113678,-2.0186322,1.2113678,2.421368,1.7813678,1.8113678,0.7213678,1.2713678,3.4413679,2.151368,8.241367,7.8813677,-0.1586322,-0.5586322,1.1813678,0.7113678,-0.1486322,1.9713678,-0.4786322,0.8913678,1.8213677,0.4713678
0.051367797,1.3913678,1.3813678,1.7913678,2.5813677,1.9913678,0.5613678,-0.9386322,-1.0386322,-0.2586322,-3.1386323,-2.2686322,-2.0386322,2.901368,4.6513677,2.6813679,-0.4086322,1.0513678,0.5313678,-1.6986322,-0.16863221,2.8713677,3.411368,3.1313677,3.6113677,1.2313678,2.3813677,5.951368,5.701368,3.0913677,2.401368,2.8513677,-3.1886322,4.431368,2.1013677,-4.2486324,0.3413678,1.5513678,8.031368,-0.9986322,-3.0486321
-4.6386323,-4.1786323,-4.1586323,-3.4786322,-3.088632,-1.7386322,-2.4286323,-1.3186322,-0.34863222,-4.3286324,-2.088632,1.1213678,-2.5086322,-1.4686322,1.0013678,0.4913678,0.5813678,-0.3386322,1.2613678,-0.6086322,3.3413677,-4.5186324,-0.038632203,2.0613678,-1.9986322,0.3213678,0.3813678,-2.5086322,0.0713678,3.8413677,-5.2886324,-3.4086323,-5.8486323,2.5013678,-2.598632,-2.1386323,-1.4986322,2.0813677,0.6513678,-0.3986322,2.8213677
-4.588632,-2.9986322,-3.0586321,-2.8186321,-3.0386322,-2.9486322,-1.4586322,-1.3186322,0.3013678,-3.7486322,-1.6986322,-2.0086322,-1.8786322,-2.4486322,-2.4086323,-2.2186322,-1.3386322,-1.8186322,-2.2986321,0.3513678,-3.1486323,-5.3686323,-3.2486322,-3.4186323,-4.108632,-1.4586322,-2.0586321,-1.1386322,-0.4686322,-1.8986322,-3.9086323,0.3513678,-3.3186321,-2.2686322,-2.3886323,-1.2686322,1.8413678,0.6313678,-0.6186322,2.411368,0.1313678
-3.9986322,-2.3186321,-2.7886322,-2.5586321,-2.4286323,-1.7586322,-0.6686322,-0.6986322,-0.3686322,-1.9486322,-1.5686322,-1.6886322,-1.5086322,-1.0186322,-1.0786322,-1.0786322,-1.3786322,-2.1586323,-2.088632,-3.3086321,-3.6986322,-2.6386323,-2.3886323,-2.4786322,-2.1986322,-2.9586322,-1.9686322,-1.6286322,-0.8986322,-2.3986323,-4.3486323,-2.1386323,-1.0186322,-0.95863223,-0.7886322,-0.5386322,-0.1086322,-1.5486321,-0.6786322,0.43136778,-0.6986322
-3.578632,-1.8786322,-2.2386322,-2.2686322,-0.2986322,0.091367796,-0.118632205,-0.8786322,0.0813678,-1.7586322,-1.3286322,-1.5286322,-0.7186322,-0.038632203,-0.3086322,-0.3786322,-0.028632201,-2.6286323,-5.028632,-2.5186322,-5.0986323,-7.978632,-3.9586322,-4.988632,-3.8186321,-5.718632,-3.1986322,-3.8186321,-1.7386322,-3.0086322,-1.5386322,0.3713678,2.3313677,1.7313678,-1.1886322,-0.018632201,-0.9886322,-0.0486322,-1.0086322,-0.4686322,0.5313678
-2.3886323,-0.8986322,-2.4386322,-1.2286322,0.4113678,0.3113678,-1.3886322,-2.578632,2.0813677,-1.0586323,-1.3286322,-0.6786322,-0.9386322,-0.2986322,-2.108632,-2.9086323,-2.2286322,-3.3086321,-2.9786322,-1.8886322,-1.2086322,-4.108632,-5.008632,-4.008632,-3.098632,-3.0686321,-2.4086323,-3.6386323,-3.3786323,-4.4286323,-3.848632,-2.608632,-4.0786324,-3.2786322,-3.348632,-1.2686322,-1.1286322,0.1913678,-0.5286322,0.4913678,-0.8786322
-1.1686321,-1.5286322,-1.8286322,-0.8486322,1.0913678,-1.9086322,-1.3286322,-1.1086322,-0.6486322,-1.0386322,-2.088632,-0.8386322,-0.9686322,-0.9086322,-0.4586322,-1.2186322,-1.8786322,-2.2986321,-2.2986321,-1.6786323,-1.8786322,-4.278632,-3.7086322,-3.6486323,-2.9486322,-2.9386322,-3.2386322,-3.5286322,-3.2586322,-3.8686323,-1.5786322,-1.5586323,-1.9886322,-3.2886322,-1.7086322,-1.6186322,-1.2886322,1.1313678,0.0613678,0.0713678,-0.1886322
-1.8986322,-0.8086322,-0.038632203,0.031367797,-0.1986322,-1.6186322,-1.1786323,-0.5786322,-0.1986322,0.1213678,-0.7886322,-0.7686322,-1.7686322,-0.13863221,-1.0486321,-0.6086322,-1.2786322,-2.9586322,-2.7186322,-3.4286323,-3.7186322,-2.858632,-2.3186321,-2.1886322,-1.9486322,-1.8186322,-1.2186322,-1.6386322,-2.8686323,-2.7786322,-2.1486323,-1.2386322,-1.7086322,-1.1186322,1.1513678,1.0113678,-1.7786322,-1.1286322,-1.1886322,-1.0086322,-0.8286322
-1.7186322,-1.2786322,-0.4586322,-0.6186322,-1.1186322,-0.8986322,-1.0786322,-0.7386322,1.0213678,0.4913678,-0.8386322,-0.6786322,0.8213678,0.7513678,0.6113678,-0.058632202,0.1013678,-2.6686323,-3.6386323,-2.1986322,-1.5886322,-1.4186321,-0.95863223,-0.4986322,0.7213678,-1.3286322,-2.3986323,-2.7886322,-2.6586323,-1.7586322,0.1113678,0.5313678,0.9113678,0.031367797,0.1713678,0.40136778,0.6013678,0.0613678,-0.8586322,0.2313678,0.6413678
-1.3386322,-1.9286323,-0.0986322,-0.6386322,0.0613678,-0.3786322,0.3613678,0.091367796,1.0613678,-1.1086322,-0.5386322,0.22136779,0.5013678,1.2413678,0.6913678,0.5813678,0.7113678,-2.1486323,-1.4386322,-2.2886322,-2.2086322,-2.5286322,-2.4686322,-1.7086322,-2.7886322,-1.9686322,-1.8886322,-0.6086322,-0.3986322,1.5813679,2.7313678,1.8813678,1.7213678,1.0913678,1.5513678,2.4713678,2.0613678,2.4413679,2.0913677,0.8813678,-0.9986322
