wind_kz.json
{"header": {"discipline":0,"disciplineName":"Meteorological products","gribEdition":2,"gribLength":1025,"center":7,"centerName":"US National Weather Service - NCEP(WMC)","subcenter":0,"refTime":"2023-09-20T12:00:00.000Z","significanceOfRT":1,"significanceOfRTName":"Start of forecast","productStatus":0,"productStatusName":"Operational products","productType":1,"productTypeName":"Forecast products","productDefinitionTemplate":0,"productDefinitionTemplateName":"Analysis/forecast at horizontal level/layer at a point in time","parameterCategory":2,"parameterCategoryName":"UnknownDiscipline_0_Category_2","parameterNumber":2,"parameterNumberName":"UnknownParameter_D0_C2_2","parameterUnit":"Unknown","genProcessType":2,"genProcessTypeName":"Forecast","forecastTime":60,"surface1Type":103,"surface1TypeName":"Specified height level above ground","surface1Value":10.0,"surface2Type":255,"surface2TypeName":"Missing","surface2Value":0.0,"gridDefinitionTemplate":0,"gridDefinitionTemplateName":"Latitude_Longitude","numberPoints":615,"shape":6,"shapeName":"Earth spherical with radius of 6,371,229.0 m","gridUnits":"degrees","resolution":48,"winds":"true","scanMode":64,"nx":41,"ny":15,"basicAngle":0,"lo1":47.0,"la1":41.0,"lo2":87.0,"la2":55.0,"dx":1.0,"dy":1.0}, "data":
[rows 0 to 14 of 15, columns 0 to 40 of 41]
-1.1737939,-0.86379397,0.73620605,-4.4837937,-9.543794,-8.623794,-5.433794,-6.293794,-8.113794,-5.163794,-2.923794,-4.083794,-3.693794,-3.0837939,-2.233794,-2.193794,-2.1137938,-2.673794,-3.5937939,-3.453794,-2.543794,-1.1837939,-0.68379396,-2.203794,-0.94379395,-1.893794,-2.8737938,-1.623794,1.026206,1.606206,2.306206,1.0862061,-0.64379394,-1.4337939,-1.463794,0.37620604,0.7762061,6.196206,0.37620604,-0.5337939,2.6462061
1.546206,0.61620605,-2.973794,-7.2337937,-7.723794,-7.243794,-5.403794,-8.273794,-5.873794,-4.353794,-3.1137938,-3.8537939,-2.673794,-1.993794,-1.013794,-1.723794,-1.353794,-2.643794,-2.803794,-2.733794,-2.683794,-1.9037939,-1.863794,-3.223794,-0.923794,0.45620605,-0.17379394,1.3362061,-2.213794,-0.83379394,-0.58379394,1.736206,-0.40379393,-1.743794,-0.15379395,-0.80379397,1.496206,-0.28379396,-1.203794,2.3962061,3.696206
-1.7937939,-5.183794,-6.343794,-8.313794,-6.303794,-5.603794,-5.023794,-3.0837939,-4.453794,-4.143794,-3.673794,-3.1137938,-1.6737939,-1.9337939,-1.6537939,-2.3337939,-3.043794,-2.683794,-1.733794,-2.8537939,-2.523794,-3.0837939,-2.5837939,-4.403794,-0.673794,-1.6537939,-2.223794,-2.3337939,-3.023794,-0.47379395,-1.883794,2.686206,0.49620605,2.536206,1.3262061,1.0762061,-0.56379396,0.33620605,4.456206,1.9362061,0.7762061
-5.953794,-7.783794,-7.533794,-7.033794,-4.943794,-3.573794,-2.683794,-3.413794,-3.573794,-3.403794,-3.313794,-3.053794,-4.243794,-4.683794,-3.0937939,-2.8437939,-2.933794,-2.693794,-2.013794,-1.203794,-1.753794,-1.973794,-0.76379395,-1.5737939,-2.1237938,-1.9137939,-2.513794,-1.213794,0.24620606,1.6762061,-0.89379394,0.54620606,2.1162062,1.9462061,1.0662061,2.596206,1.7162061,-0.22379394,0.94620603,3.1262062,6.426206
-6.7137938,-9.523794,-8.803794,-7.203794,-5.2537937,-4.493794,-3.993794,-2.443794,-2.3537939,-2.003794,-1.993794,-2.043794,-2.323794,-2.753794,-2.8837938,-2.213794,-2.303794,-1.723794,-1.0537939,-1.7837939,-0.35379395,-1.873794,-1.143794,-0.8437939,-0.40379393,-0.51379395,0.10620605,2.9062061,2.046206,2.076206,2.106206,0.41620606,-1.9237939,0.78620607,2.1162062,0.29620606,7.166206,6.346206,4.976206,7.386206,9.386206
-4.823794,-4.043794,-6.2337937,-5.533794,-4.5037937,-4.4637938,-3.653794,-3.6237938,-2.813794,-1.863794,-1.003794,-0.55379397,-1.4037939,-0.93379396,-1.1737939,-0.6037939,-0.89379394,-0.89379394,-1.083794,0.026206054,-1.873794,-0.64379394,2.606206,1.1962061,-0.44379395,1.0662061,4.226206,5.316206,3.466206,3.546206,2.726206,2.986206,3.856206,4.196206,1.286206,-0.35379395,4.216206,7.116206,7.346206,-2.763794,-3.263794
-4.0037937,-3.8437939,-3.763794,-3.443794,-4.123794,-3.493794,-3.803794,-3.1037939,-2.793794,-2.143794,-0.87379396,-0.0037939453,1.486206,2.076206,2.266206,2.296206,2.056206,1.7262061,0.41620606,-0.083793946,-0.07379395,0.10620605,-0.19379395,1.526206,2.606206,2.3862062,2.466206,1.996206,3.456206,3.486206,3.686206,2.756206,3.676206,2.336206,1.7262061,1.156206,0.18620606,2.026206,3.286206,0.21620606,2.466206
-3.3537939,-2.753794,-3.743794,-3.693794,-3.213794,-2.763794,-3.163794,-2.743794,-1.873794,-1.3037939,-1.213794,0.81620604,0.91620606,1.246206,1.906206,2.436206,2.766206,2.8762062,2.356206,1.856206,2.766206,2.476206,2.236206,1.666206,2.586206,2.066206,4.006206,3.346206,4.0162063,3.6162062,3.4162061,4.946206,2.1262062,2.996206,1.896206,4.676206,3.316206,6.416206,4.556206,5.406206,1.4262061
-3.673794,-3.403794,-3.563794,-3.6037939,-3.3737938,-3.183794,-2.563794,-2.053794,-0.923794,-0.06379394,0.45620605,1.2162061,2.846206,1.8362061,2.6162062,2.446206,3.046206,2.466206,2.926206,3.246206,3.176206,4.086206,4.006206,3.746206,3.3762062,4.066206,3.216206,3.8962061,5.196206,5.666206,6.396206,4.866206,5.626206,3.8762062,4.986206,1.626206,1.986206,1.2262061,1.606206,0.7062061,0.59620607
-3.003794,-2.483794,-2.293794,-2.163794,-2.233794,-1.643794,-1.1937939,0.47620606,1.3162061,1.8262061,2.796206,2.776206,1.8162061,2.816206,2.596206,2.426206,2.026206,1.996206,1.7262061,2.036206,3.1162062,3.986206,4.416206,4.666206,4.5162063,5.586206,5.596206,6.936206,7.576206,8.746206,9.286206,7.976206,6.686206,5.656206,3.8962061,1.3362061,-1.593794,-0.15379395,0.9562061,0.6562061,0.68620604
-1.0637939,-0.8437939,-0.44379395,0.18620606,0.88620603,0.97620606,1.8362061,2.066206,2.1262062,2.236206,2.286206,2.6262062,2.466206,2.206206,2.3762062,2.186206,2.006206,2.206206,1.616206,2.296206,3.316206,2.956206,3.4162061,3.4062061,3.6462061,4.076206,5.256206,6.886206,7.296206,8.526206,8.836206,7.526206,7.486206,6.226206,5.526206,2.1462061,-0.733794,0.30620605,-0.8537939,-0.123793945,0.26620606
0.68620604,1.736206,2.026206,1.896206,1.986206,1.416206,0.78620607,1.296206,1.4662061,1.106206,0.42620605,2.756206,2.196206,2.266206,2.996206,2.726206,3.076206,3.6262062,2.106206,1.9362061,2.076206,1.9262061,2.296206,1.546206,-1.583794,0.766206,1.756206,1.646206,1.1862061,3.1662061,0.97620606,2.246206,3.996206,6.826206,5.666206,6.376206,5.046206,4.626206,4.416206,-0.39379394,0.21620606
1.5962061,1.776206,1.796206,1.5662061,1.3262061,1.026206,1.496206,0.8962061,1.0662061,0.69620603,0.72620606,1.9562061,1.626206,1.9462061,1.906206,1.9562061,2.306206,1.886206,-0.63379395,-0.19379395,-1.723794,-1.1737939,-0.32379395,0.38620606,1.246206,1.126206,1.8062061,1.6962061,1.6762061,2.046206,1.9562061,3.046206,4.606206,5.226206,2.1262062,6.466206,6.586206,3.6462061,4.7462063,2.6362062,2.506206
1.746206,1.546206,1.1762061,0.826206,0.61620605,0.72620606,0.72620606,1.0662061,0.74620605,0.5862061,0.8362061,1.3262061,1.9662061,0.9562061,-2.073794,-0.38379395,-2.063794,-2.183794,-1.493794,-0.5437939,0.26620606,1.4262061,2.496206,2.746206,3.026206,3.4162061,3.6562061,3.8762062,3.436206,2.846206,3.016206,2.576206,2.956206,2.786206,2.1262062,3.756206,3.596206,6.276206,3.6262062,2.6562061,1.526206
0.85620606,1.246206,1.9662061,1.256206,1.406206,0.78620607,0.8362061,-0.983794,-0.123793945,-0.14379394,0.15620606,0.046206053,1.166206,-0.15379395,-0.25379395,0.06620605,-0.023793945,-0.053793944,0.29620606,1.136206,1.766206,2.086206,2.276206,2.696206,3.4162061,3.516206,4.296206,3.996206,4.276206,3.956206,3.8962061,3.336206,2.826206,2.826206,2.966206,2.196206,2.496206,2.576206,5.956206,4.856206,2.216206
