wind_kz.json
{"header": {"discipline":0,"disciplineName":"Meteorological products","gribEdition":2,"gribLength":871,"center":7,"centerName":"US National Weather Service - NCEP(WMC)","subcenter":0,"refTime":"2023-09-26T18:00:00.000Z","significanceOfRT":1,"significanceOfRTName":"Start of forecast","productStatus":0,"productStatusName":"Operational products","productType":1,"productTypeName":"Forecast products","productDefinitionTemplate":0,"productDefinitionTemplateName":"Analysis/forecast at horizontal level/layer at a point in time","parameterCategory":0,"parameterCategoryName":"UnknownDiscipline_0_Category_0","parameterNumber":0,"parameterNumberName":"UnknownParameter_D0_C0_0","parameterUnit":"Unknown","genProcessType":2,"genProcessTypeName":"Forecast","forecastTime":180,"surface1Type":1,"surface1TypeName":"Ground or water surface","surface1Value":0.0,"surface2Type":255,"surface2TypeName":"Missing","surface2Value":0.0,"gridDefinitionTemplate":0,"gridDefinitionTemplateName":"Latitude_Longitude","numberPoints":615,"shape":6,"shapeName":"Earth spherical with radius of 6,371,229.0 m","gridUnits":"degrees","resolution":48,"winds":"true","scanMode":64,"nx":41,"ny":15,"basicAngle":0,"lo1":47.0,"la1":41.0,"lo2":87.0,"la2":55.0,"dx":1.0,"dy":1.0}, "data":
[rows 0 to 14 of 15, columns 0 to 40 of 41]
298.7,286.10004,295.90002,293.60004,293.30002,292.50003,301.80002,308.2,306.30002,306.2,302.60004,300.50003,303.50003,309.2,309.80002,312.00003,311.50003,305.80002,311.00003,309.10004,309.90002,308.2,307.50003,304.30002,307.90002,305.00003,304.40002,293.00003,288.40002,291.60004,290.60004,286.2,299.7,307.60004,307.2,306.50003,313.30002,313.2,310.10004,311.10004,315.50003
274.00003,296.2,292.90002,293.2,292.90002,291.7,306.40002,304.60004,304.80002,297.60004,294.7,301.30002,302.10004,306.00003,308.60004,306.40002,307.80002,310.2,308.7,311.90002,306.50003,306.00003,305.7,295.00003,284.7,285.30002,299.30002,296.40002,295.2,288.60004,296.50003,274.30002,287.80002,265.80002,288.80002,301.50003,305.2,306.10004,308.7,300.90002,284.7
299.10004,292.60004,293.2,292.80002,291.10004,302.00003,302.90002,303.7,303.60004,292.80002,291.50003,294.7,298.2,303.60004,303.50003,308.00003,308.80002,309.60004,308.30002,313.7,309.90002,308.80002,304.90002,302.00003,308.80002,304.60004,304.10004,303.7,304.7,295.90002,281.00003,290.50003,295.10004,294.7,295.10004,295.10004,292.10004,293.60004,295.30002,288.50003,282.90002
302.60004,292.00003,292.90002,292.2,293.80002,301.10004,300.50003,302.10004,302.50003,302.7,301.60004,293.7,290.60004,290.00003,299.40002,305.00003,304.30002,306.10004,306.30002,310.7,304.50003,304.60004,304.00003,305.7,305.60004,304.90002,306.7,306.50003,303.90002,305.90002,305.30002,303.7,305.30002,307.00003,308.40002,299.50003,287.40002,276.2,291.50003,300.40002,301.80002
300.10004,291.50003,292.2,291.2,294.90002,300.10004,300.50003,302.2,301.10004,298.60004,291.50003,293.30002,289.50003,288.30002,287.00003,302.30002,303.10004,298.60004,302.30002,303.00003,305.00003,306.2,308.50003,308.00003,307.50003,307.10004,307.7,301.80002,308.7,306.7,305.50003,303.00003,290.10004,278.7,294.90002,303.60004,301.60004,306.00003,298.7,306.40002,302.40002
298.30002,298.80002,290.2,291.10004,291.10004,290.7,300.7,296.7,296.7,299.60004,293.00003,291.60004,289.60004,289.30002,295.00003,301.10004,298.60004,301.90002,301.00003,303.00003,304.7,304.60004,305.80002,305.40002,305.30002,304.40002,306.2,287.7,302.80002,302.30002,303.30002,302.30002,302.2,302.30002,300.7,300.10004,290.00003,291.00003,302.40002,303.80002,304.2
296.90002,298.10004,296.50003,298.00003,296.30002,298.60004,299.2,298.10004,298.00003,298.30002,292.80002,293.80002,290.2,292.80002,296.7,298.2,299.60004,299.50003,301.80002,302.00003,302.40002,302.80002,302.50003,302.90002,301.2,300.90002,301.7,301.50003,304.10004,306.2,304.50003,304.7,304.40002,301.90002,301.7,299.00003,289.30002,292.10004,281.30002,283.50003,294.2
295.60004,296.10004,295.90002,296.10004,296.40002,296.90002,298.2,298.00003,297.90002,297.00003,296.80002,296.80002,290.30002,289.30002,292.7,296.7,296.60004,298.60004,298.7,298.80002,297.90002,301.30002,300.40002,299.40002,298.00003,297.50003,298.10004,298.40002,297.80002,299.60004,298.50003,300.7,301.90002,295.2,298.60004,297.60004,295.60004,286.2,288.80002,286.40002,290.60004
294.40002,294.50003,296.00003,296.40002,295.10004,296.00003,296.40002,296.30002,296.50003,297.10004,294.90002,296.7,289.80002,287.7,291.30002,293.10004,295.30002,297.90002,296.60004,297.00003,297.40002,296.30002,299.00003,298.10004,297.7,298.7,296.90002,296.90002,297.80002,295.90002,296.00003,297.50003,296.90002,296.10004,294.50003,293.50003,287.7,292.30002,274.30002,274.90002,275.90002
293.10004,293.50003,295.2,295.50003,294.60004,294.80002,295.2,295.30002,295.2,295.40002,290.60004,294.2,288.30002,285.40002,288.10004,292.40002,291.90002,297.30002,297.40002,296.90002,297.30002,294.80002,296.7,297.2,298.00003,297.80002,297.50003,296.60004,295.50003,295.2,296.10004,296.10004,296.2,295.90002,295.50003,295.2,293.2,291.00003,292.60004,286.50003,282.7
291.00003,292.40002,292.90002,293.30002,294.00003,293.40002,293.80002,294.90002,295.10004,293.2,288.30002,291.80002,291.60004,284.60004,286.10004,289.00003,290.90002,291.90002,297.00003,294.80002,296.40002,296.90002,296.7,296.50003,294.7,295.60004,294.30002,296.50003,296.90002,296.10004,296.80002,298.30002,297.40002,294.40002,294.30002,294.90002,292.10004,292.50003,291.30002,289.7,286.60004
289.7,291.30002,292.2,292.7,292.90002,292.50003,290.10004,286.00003,291.80002,292.80002,286.50003,289.80002,289.00003,283.80002,284.7,288.10004,288.80002,290.80002,291.80002,295.60004,293.60004,292.40002,292.00003,293.40002,293.2,295.50003,295.50003,295.50003,295.7,294.90002,295.50003,296.00003,294.40002,294.00003,293.7,292.60004,292.30002,293.2,292.30002,293.60004,291.10004
286.60004,287.60004,290.2,290.60004,291.10004,286.90002,286.90002,287.60004,291.2,289.7,283.60004,286.50003,289.60004,283.10004,284.10004,285.10004,287.40002,290.2,291.40002,289.60004,290.40002,291.40002,291.50003,291.60004,293.60004,294.50003,294.7,293.2,293.30002,293.00003,294.00003,294.30002,292.90002,294.00003,292.50003,291.80002,291.2,292.00003,291.7,290.7,289.80002
286.30002,288.00003,287.2,289.50003,289.00003,289.10004,288.30002,288.00003,288.50003,284.7,281.60004,285.30002,288.7,286.90002,284.50003,285.10004,285.40002,288.40002,288.00003,290.2,291.2,291.10004,293.30002,293.60004,293.60004,293.80002,292.7,292.40002,291.90002,291.60004,290.60004,291.30002,291.40002,290.80002,291.60004,291.50003,290.7,289.7,291.60004,288.80002,288.7
284.2,287.00003,285.30002,288.30002,288.80002,288.7,289.50003,287.50003,286.50003,285.90002,286.2,286.90002,285.50003,283.40002,284.50003,284.00003,285.2,288.40002,288.80002,288.2,289.30002,290.60004,290.80002,292.10004,292.30002,292.30002,293.00003,291.60004,290.60004,290.00003,288.80002,286.30002,287.80002,289.80002,289.10004,289.60004,292.2,288.80002,288.60004,288.80002,289.10004
