wind.json
{"header": {"discipline":0,"disciplineName":"Meteorological products","gribEdition":2,"gribLength":1211,"center":7,"centerName":"US National Weather Service - NCEP(WMC)","subcenter":0,"refTime":"2023-06-27T12:00:00.000Z","significanceOfRT":1,"significanceOfRTName":"Start of forecast","productStatus":0,"productStatusName":"Operational products","productType":1,"productTypeName":"Forecast products","productDefinitionTemplate":0,"productDefinitionTemplateName":"Analysis/forecast at horizontal level/layer at a point in time","parameterCategory":2,"parameterCategoryName":"UnknownDiscipline_0_Category_2","parameterNumber":2,"parameterNumberName":"UnknownParameter_D0_C2_2","parameterUnit":"Unknown","genProcessType":2,"genProcessTypeName":"Forecast","forecastTime":240,"surface1Type":103,"surface1TypeName":"Specified height level above ground","surface1Value":10.0,"surface2Type":255,"surface2TypeName":"Missing","surface2Value":0.0,"gridDefinitionTemplate":0,"gridDefinitionTemplateName":"Latitude_Longitude","numberPoints":688,"shape":6,"shapeName":"Earth spherical with radius of 6,371,229.0 m","gridUnits":"degrees","resolution":48,"winds":"true","scanMode":64,"nx":43,"ny":16,"basicAngle":0,"lo1":45.0,"la1":40.0,"lo2":87.0,"la2":55.0,"dx":1.0,"dy":1.0}, "data":
[rows 0 to 15 of 16, columns 0 to 42 of 43]
-1.9714692,-3.6814692,-3.791469,-3.521469,-9.061469,-1.8814691,0.9585309,1.5185308,4.8885307,7.768531,0.87853086,1.0885309,-0.4714691,0.75853086,2.908531,2.0585308,2.5385308,2.3385308,-0.09146912,1.0885309,0.2885309,2.648531,0.38853088,1.0385308,-2.021469,0.18853088,-0.88146913,5.1985307,-0.35146913,-0.021469116,3.0585308,1.668531,-1.5614691,-6.521469,-5.541469,-4.951469,-3.541469,-1.4914691,3.888531,2.3085308,4.548531,0.9085309,-2.4614692
-1.8114691,-5.701469,0.23853089,1.5085309,-0.7714691,4.078531,2.2485309,2.178531,6.738531,1.7085309,2.3485308,-0.0014691162,1.9985309,0.3185309,3.398531,4.318531,1.4385309,0.5485309,1.8885309,3.5185308,2.5985308,3.5685308,3.2585309,1.4785309,5.3685308,7.028531,8.488531,7.078531,7.208531,8.66853,6.208531,5.528531,8.818531,0.48853087,-2.021469,-2.281469,-4.671469,-1.081469,4.048531,3.3085308,6.358531,2.5785308,-6.711469
-2.581469,0.6385309,-0.49146912,-2.281469,2.438531,0.6685309,0.4085309,1.8185309,4.838531,1.6185309,0.7985309,3.2385309,3.5385308,4.258531,4.4285307,-0.9014691,2.5085309,2.5085309,2.7985308,3.0385308,5.458531,0.5785309,2.178531,1.7585309,2.878531,1.3885309,1.8785309,0.2785309,2.118531,2.968531,4.1785307,1.0585309,1.5985309,-0.56146914,-0.94146913,0.23853089,-0.6014691,-1.1714691,-3.371469,-1.2914691,4.1985307,0.028530885,4.108531
-1.6814691,-3.5114691,-6.971469,-3.021469,-3.291469,-1.8714691,1.7385309,1.7985309,1.3685309,1.7685308,5.628531,4.268531,4.068531,5.348531,-4.771469,-0.5214691,-0.08146912,4.4085307,4.098531,3.5885308,6.098531,-1.6014692,0.8585309,1.5085309,2.3285308,4.898531,-3.851469,1.7985309,-3.341469,2.708531,9.198531,-0.48146912,0.7185309,-0.9814691,-0.4714691,0.6985309,1.8785309,-0.5914691,-0.63146913,0.9685309,0.4085309,-0.101469114,0.24853088
-7.151469,-9.241469,-7.701469,-7.651469,-6.671469,-2.031469,-0.29146913,0.86853087,3.378531,4.788531,4.398531,4.7185307,5.9685307,-7.021469,-6.621469,-1.1414691,2.7585309,4.2185307,2.8485308,4.098531,-0.3414691,-0.07146911,0.8285309,0.25853088,3.7485309,4.398531,5.498531,3.918531,5.598531,-2.871469,15.16853,2.7385309,-3.2014692,-2.4814692,12.20853,11.52853,8.288531,2.668531,1.418531,1.2285309,-0.74146914,-0.5814691,-1.7914691
-7.3614693,-5.661469,-6.2814693,-6.2814693,-5.8614693,-3.7014692,-0.7114691,0.3485309,4.168531,3.858531,4.4485307,5.768531,6.188531,-6.621469,-2.641469,-0.051469117,4.9285307,2.3185308,-1.1514691,2.3085308,0.9085309,-0.17146912,-0.12146912,3.718531,2.5285308,4.098531,6.9485307,7.508531,5.458531,-2.581469,2.888531,6.508531,4.1985307,2.938531,1.1185309,2.388531,-0.17146912,-3.561469,8.388531,-2.031469,-0.9814691,0.5785309,0.21853088
-4.6314692,-3.351469,-3.041469,-2.591469,-3.031469,0.118530884,3.378531,5.548531,5.298531,2.3385308,3.3285308,1.1485308,1.4685309,-0.5114691,3.158531,5.128531,2.5485308,-3.081469,2.0485308,-1.8114691,-0.75146914,0.4985309,-1.9414691,-2.051469,0.7285309,0.36853087,1.1385309,3.7385309,5.278531,-0.9714691,5.1185308,8.078531,9.138531,4.758531,5.9485307,-1.7914691,-0.061469115,1.1985309,1.7685308,0.008530884,10.53853,3.0785308,0.048530884
-4.561469,-4.261469,-2.9514692,-1.9514691,-1.5714691,-0.17146912,-0.051469117,-0.12146912,-0.8514691,-0.26146913,-4.921469,-7.581469,-3.351469,3.8385308,-1.2114692,-3.2114692,-4.601469,-0.99146914,-3.841469,-2.1514692,-3.611469,0.6685309,1.7685308,-2.611469,-0.39146912,-1.6914691,-0.9514691,3.2485309,3.2885308,3.608531,-1.5514691,7.058531,3.4885309,8.068531,7.078531,6.3885307,2.628531,3.878531,7.898531,5.068531,2.5585308,1.5185308,0.8885309
-4.891469,-3.5114691,-3.101469,-2.4114692,-1.6714691,-1.7414691,-1.7914691,-1.3214691,-0.48146912,-2.6814692,-2.131469,-3.361469,1.3285309,-0.5414691,-5.201469,-4.331469,-0.9714691,-2.821469,-3.7214692,-3.9214692,0.028530885,-0.7114691,-0.24146912,-4.011469,-0.7714691,1.1085309,-1.4114691,-0.36146912,-2.341469,-3.831469,-2.4214692,-3.791469,2.7585309,3.5385308,-1.331469,2.978531,5.558531,-6.351469,-2.531469,2.5385308,4.378531,4.168531,4.828531
-1.3714691,-3.571469,-3.2214692,-3.2314692,-2.641469,-3.4414692,-1.9414691,-2.371469,-2.2514691,-2.311469,-3.7214692,-2.9914691,-5.991469,-6.0314693,-3.341469,-4.731469,-0.24146912,-0.031469118,-0.81146914,-4.5314693,-2.291469,-2.9614692,-0.3414691,-0.5214691,-0.4414691,-1.9214691,3.138531,1.5485309,0.5485309,-1.0114691,-3.371469,0.50853086,-0.87146914,-7.6114693,0.80853087,1.2085309,2.7985308,7.728531,-0.8414691,-2.9314692,-0.23146911,0.06853089,1.4385309
-3.541469,-3.9614692,-3.4014692,-3.1714692,-3.611469,-3.1814692,-3.631469,-3.9814692,-5.0714693,-2.2014692,-3.771469,-4.8414693,-3.4714692,-3.591469,-2.7414691,-2.531469,-0.20146912,-1.6714691,-0.031469118,-1.3014691,0.3785309,-0.38146913,1.5485309,-0.16146912,3.5185308,1.5385308,-0.3114691,0.8585309,0.20853089,0.09853088,-4.391469,-3.271469,-1.3014691,4.6785307,1.8885309,1.3985308,0.13853088,1.0685309,-6.181469,1.2385309,-0.7814691,1.3585309,1.0185308
-3.4614692,-1.9014691,-2.7014692,-3.051469,-3.2014692,-3.271469,-2.6514692,-1.9014691,-1.1814691,-4.2814693,-4.971469,-1.3014691,-5.211469,-4.141469,-4.5514693,-3.881469,-2.9014692,-3.131469,-0.87146914,-0.5514691,-1.8714691,-1.3814691,1.0985309,-1.9914691,-0.6014691,0.41853088,1.9585309,-3.091469,2.158531,-3.321469,1.6885309,1.5185308,3.5285308,5.348531,4.978531,2.148531,1.8585309,4.078531,-0.9814691,-1.1914691,0.26853088,-0.061469115,0.21853088
-2.021469,-3.891469,-3.4314692,-1.331469,-3.9214692,-3.4214692,-3.821469,-3.861469,-4.081469,-4.791469,-3.4414692,-2.2214692,-5.8614693,-5.191469,-3.591469,-4.121469,-3.071469,-3.611469,-3.2414691,-2.4714692,-2.4114692,-1.9514691,-1.0114691,-1.5214691,-1.3614691,-0.13146912,0.15853089,-1.3514692,-4.891469,-1.4214691,4.268531,4.828531,2.888531,4.258531,3.658531,3.3085308,3.8185308,1.2785308,-3.581469,-1.3214691,0.93853086,3.0985308,-1.8114691
0.3085309,0.6385309,-2.7614691,-3.301469,-3.571469,-4.521469,-3.781469,-3.771469,-4.391469,-4.8614693,-4.641469,0.3085309,-1.831469,-3.9814692,-3.291469,-3.331469,-2.4114692,-1.9014691,-2.071469,-2.7314692,-3.4914691,-2.4314692,-2.121469,-0.27146912,0.9485309,-0.7914691,-1.1514691,1.6385309,-0.021469116,-1.8114691,-0.7214691,2.2385309,0.5785309,-5.411469,4.278531,0.7285309,-1.9414691,-0.22146912,-2.321469,-0.051469117,4.168531,0.48853087,-1.3414692
-0.5214691,-1.4314691,-0.9614691,-2.351469,-2.271469,-3.891469,-4.941469,-3.551469,-3.061469,-3.141469,-2.071469,-2.6514692,-1.6814691,-1.7214692,-4.181469,-2.5114691,-2.1814692,-1.0114691,-0.4014691,-1.081469,-3.301469,-3.2014692,-1.4914691,-0.22146912,0.8585309,1.0685309,2.2885308,0.9885309,-6.511469,-1.5314691,4.668531,1.2785308,-1.2614691,-2.381469,-1.8914691,-0.8414691,-1.1514691,2.9985309,-1.4414691,-1.1914691,-2.571469,1.1385309,-1.9914691
-1.8714691,-0.5314691,0.5985309,0.5185309,-1.9614692,0.99853086,-2.801469,-3.591469,-3.331469,-3.2414691,-3.6714692,0.44853088,-3.081469,-1.2814691,-0.9214691,-2.531469,-2.2614691,-1.7414691,-1.0414691,-1.2314692,-3.601469,-2.051469,-2.871469,-1.3414692,0.6685309,0.4685309,0.7785309,-0.6714691,2.5585308,-2.041469,1.6085309,-0.09146912,-0.031469118,-3.881469,-1.6814691,-3.791469,-3.361469,1.0985309,0.4085309,-3.0014691,-1.6514691,0.5185309,1.7585309
