wind_kz.json
{"header": {"discipline":0,"disciplineName":"Meteorological products","gribEdition":2,"gribLength":1025,"center":7,"centerName":"US National Weather Service - NCEP(WMC)","subcenter":0,"refTime":"2023-08-22T12:00:00.000Z","significanceOfRT":1,"significanceOfRTName":"Start of forecast","productStatus":0,"productStatusName":"Operational products","productType":1,"productTypeName":"Forecast products","productDefinitionTemplate":0,"productDefinitionTemplateName":"Analysis/forecast at horizontal level/layer at a point in time","parameterCategory":2,"parameterCategoryName":"UnknownDiscipline_0_Category_2","parameterNumber":2,"parameterNumberName":"UnknownParameter_D0_C2_2","parameterUnit":"Unknown","genProcessType":2,"genProcessTypeName":"Forecast","forecastTime":0,"surface1Type":103,"surface1TypeName":"Specified height level above ground","surface1Value":10.0,"surface2Type":255,"surface2TypeName":"Missing","surface2Value":0.0,"gridDefinitionTemplate":0,"gridDefinitionTemplateName":"Latitude_Longitude","numberPoints":615,"shape":6,"shapeName":"Earth spherical with radius of 6,371,229.0 m","gridUnits":"degrees","resolution":48,"winds":"true","scanMode":64,"nx":41,"ny":15,"basicAngle":0,"lo1":47.0,"la1":41.0,"lo2":87.0,"la2":55.0,"dx":1.0,"dy":1.0}, "data":
[rows 0 to 14 of 15, columns 0 to 40 of 41]
2.641897,2.601897,-1.298103,-2.7481031,1.0418969,3.031897,5.8718967,2.2518969,1.741897,1.1818969,-0.35810304,-0.73810303,0.09189697,0.51189697,0.96189696,2.881897,0.39189696,0.43189698,2.141897,3.351897,1.761897,0.18189697,5.901897,6.811897,3.541897,4.491897,4.351897,4.261897,1.961897,-0.27810302,-0.29810303,1.641897,1.771897,4.261897,2.7418969,3.011897,-1.008103,-0.73810303,-0.828103,-1.018103,0.58189696
0.95189697,-0.32810304,0.34189698,-4.088103,-0.58810306,3.081897,6.531897,0.991897,0.881897,1.951897,1.631897,-2.228103,-3.808103,-2.688103,-1.978103,-1.4581031,1.151897,3.691897,3.791897,4.971897,4.491897,-0.85810304,4.961897,3.031897,3.2518969,-1.048103,0.42189696,3.191897,-3.188103,-0.998103,0.48189697,0.25189698,-1.158103,0.37189698,0.921897,-2.5081031,-1.908103,5.041897,2.2318969,0.931897,1.071897
2.551897,-4.908103,-3.658103,-2.238103,1.661897,5.471897,7.081897,3.631897,4.901897,1.251897,2.811897,0.78189695,-0.38810304,1.381897,-1.168103,-1.1981031,0.77189696,2.931897,5.001897,5.511897,5.361897,4.791897,8.071897,5.6218967,-0.34810302,-2.028103,6.421897,-2.708103,0.29189697,0.77189696,-0.44810304,-0.60810304,0.36189696,-1.6881031,-0.46810302,2.301897,2.7418969,0.601897,4.821897,6.341897,-1.668103
-3.338103,-3.7581031,-0.938103,0.931897,3.691897,7.651897,4.821897,-2.208103,1.571897,4.151897,4.441897,3.811897,-2.688103,-0.928103,3.5018969,0.28189698,-0.678103,1.7918969,0.44189698,3.311897,4.101897,4.971897,7.561897,4.861897,5.081897,-0.78810304,-0.30810302,3.061897,-3.368103,-1.298103,2.941897,5.201897,5.761897,7.661897,8.141897,6.851897,1.231897,-0.10810303,-2.318103,-0.518103,-2.088103
-2.178103,-1.718103,1.021897,3.641897,5.681897,4.731897,-1.348103,3.271897,1.031897,-0.098103024,2.311897,-1.1981031,-0.29810303,2.151897,3.891897,6.8718967,0.791897,1.2918969,2.041897,-0.808103,2.201897,4.411897,4.681897,-5.028103,12.321897,4.531897,3.261897,-3.358103,-2.138103,-1.8181031,-0.818103,-0.828103,0.52189696,1.331897,0.021896973,-0.35810304,3.581897,0.11189697,-2.318103,0.72189695,0.791897
4.681897,2.371897,4.081897,6.061897,5.611897,4.741897,6.091897,7.711897,0.011896973,2.441897,0.51189697,2.7318969,1.861897,1.761897,4.301897,6.231897,0.011896973,2.661897,1.0518969,1.1918969,-1.268103,-0.14810303,0.851897,2.9918969,5.271897,0.571897,0.15189697,-2.828103,-0.54810303,0.15189697,-4.408103,-0.78810304,-3.548103,-1.5781031,-1.0781031,3.521897,1.391897,3.441897,-1.258103,-1.8281031,0.25189698
7.701897,7.8718967,6.031897,4.321897,9.701897,7.331897,8.211897,6.281897,-4.3781033,14.511897,1.961897,4.651897,3.261897,2.401897,3.4818969,2.961897,3.631897,2.311897,0.461897,2.2518969,-0.79810303,3.921897,0.691897,0.921897,-0.66810304,5.191897,2.051897,0.09189697,0.27189696,0.96189696,1.9318969,4.601897,0.21189697,0.981897,2.091897,-0.06810303,-2.2681031,-0.20810303,2.961897,-1.408103,4.791897
8.001897,7.491897,8.511897,8.961897,6.281897,4.451897,7.231897,-4.728103,-3.548103,14.571897,3.431897,6.611897,8.061897,5.631897,1.2918969,2.531897,3.531897,3.171897,4.941897,5.721897,5.331897,3.781897,1.3018969,-0.18810302,2.9818969,2.811897,3.7518969,2.761897,4.481897,1.5518969,4.821897,2.441897,3.591897,0.91189694,-1.718103,-0.828103,-0.31810302,3.861897,5.851897,9.481897,5.141897
7.071897,8.621897,8.681897,8.651897,4.721897,5.081897,8.291897,9.771897,1.751897,15.351897,-0.22810303,8.501897,1.9318969,7.851897,4.331897,5.201897,2.321897,3.471897,4.831897,5.011897,6.191897,6.191897,6.921897,3.011897,2.401897,3.161897,1.241897,4.561897,3.391897,3.931897,3.701897,0.77189696,4.141897,-3.208103,-3.828103,-0.688103,-0.07810303,-1.008103,0.21189697,0.45189697,0.491897
5.1218967,6.881897,7.231897,6.821897,8.841897,7.821897,4.171897,11.671897,4.021897,4.731897,7.991897,2.021897,8.681897,5.021897,5.651897,2.841897,9.261897,6.681897,5.001897,4.341897,2.9818969,2.671897,3.861897,4.281897,4.931897,5.111897,5.071897,6.131897,5.681897,3.961897,-3.928103,10.531897,5.8718967,5.921897,4.601897,2.311897,-1.088103,0.83189696,1.111897,0.871897,-0.49810302
2.721897,3.911897,5.651897,7.261897,6.681897,5.751897,5.081897,4.041897,5.161897,4.581897,6.031897,5.401897,4.801897,-3.418103,1.631897,-1.718103,6.771897,4.431897,5.161897,5.131897,4.3718967,2.601897,3.071897,3.9918969,5.161897,7.341897,6.901897,5.781897,1.001897,1.621897,2.891897,0.83189696,0.791897,0.90189695,-1.088103,-2.798103,0.15189697,0.37189698,-0.52810305,0.751897,1.371897
-0.03810303,-0.84810305,1.101897,1.711897,5.431897,0.03189697,1.231897,2.211897,3.301897,2.791897,5.691897,7.201897,3.631897,5.831897,1.701897,2.711897,3.791897,4.1218967,2.721897,-1.348103,1.3018969,3.311897,5.051897,5.471897,4.771897,3.941897,3.861897,3.891897,3.691897,3.4818969,2.071897,1.331897,1.6818969,-0.79810303,-2.178103,-1.508103,-0.06810303,0.97189695,-0.33810303,-0.41810304,0.681897
0.751897,-0.24810302,-1.548103,-0.47810304,0.28189698,-1.138103,-1.288103,1.001897,1.611897,2.801897,2.331897,3.711897,-2.288103,-1.428103,-2.528103,-2.0081031,-0.77810305,2.361897,0.14189698,1.631897,2.851897,4.151897,4.551897,4.381897,3.261897,4.481897,4.241897,5.411897,6.051897,6.521897,6.251897,0.861897,1.501897,-0.65810305,-1.128103,-0.36810303,0.43189698,1.471897,2.431897,0.021896973,1.831897
1.851897,-0.568103,2.901897,0.811897,0.541897,-0.29810303,0.041896973,-0.91810304,-0.288103,-0.49810302,1.231897,2.551897,0.45189697,-3.048103,-3.198103,-1.478103,0.881897,2.2318969,2.421897,2.141897,3.671897,4.281897,4.591897,5.291897,5.711897,6.221897,6.601897,5.111897,4.441897,6.551897,7.011897,1.281897,-0.10810303,1.1718969,-1.418103,-0.12810303,1.001897,-1.3281031,-0.60810304,1.2918969,-1.298103
1.2918969,1.001897,-2.448103,0.43189698,1.631897,0.43189698,1.121897,1.891897,1.011897,1.641897,1.4218969,3.711897,2.161897,0.37189698,-0.048103027,1.781897,3.101897,3.561897,3.2418969,3.691897,4.921897,5.451897,4.731897,4.631897,4.901897,4.451897,3.801897,4.671897,4.011897,5.901897,6.231897,0.601897,-1.638103,-0.39810303,-0.96810305,-0.26810303,0.64189696,-0.648103,-2.308103,-0.83810306,1.011897
