wind.json
{"header": {"discipline":0,"disciplineName":"Meteorological products","gribEdition":2,"gribLength":1125,"center":7,"centerName":"US National Weather Service - NCEP(WMC)","subcenter":0,"refTime":"2023-07-01T00:00:00.000Z","significanceOfRT":1,"significanceOfRTName":"Start of forecast","productStatus":0,"productStatusName":"Operational products","productType":1,"productTypeName":"Forecast products","productDefinitionTemplate":0,"productDefinitionTemplateName":"Analysis/forecast at horizontal level/layer at a point in time","parameterCategory":2,"parameterCategoryName":"UnknownDiscipline_0_Category_2","parameterNumber":2,"parameterNumberName":"UnknownParameter_D0_C2_2","parameterUnit":"Unknown","genProcessType":2,"genProcessTypeName":"Forecast","forecastTime":180,"surface1Type":103,"surface1TypeName":"Specified height level above ground","surface1Value":10.0,"surface2Type":255,"surface2TypeName":"Missing","surface2Value":0.0,"gridDefinitionTemplate":0,"gridDefinitionTemplateName":"Latitude_Longitude","numberPoints":688,"shape":6,"shapeName":"Earth spherical with radius of 6,371,229.0 m","gridUnits":"degrees","resolution":48,"winds":"true","scanMode":64,"nx":43,"ny":16,"basicAngle":0,"lo1":45.0,"la1":40.0,"lo2":87.0,"la2":55.0,"dx":1.0,"dy":1.0}, "data":
[rows 0 to 15 of 16, columns 0 to 42 of 43]
0.60049075,-3.4595094,-0.36950928,-5.7095094,-5.8095093,-2.3695092,-4.6095095,0.9504907,5.3504906,-7.119509,-3.9995093,-4.6895094,-2.8695092,-0.069509275,-0.9395093,-1.1395093,-1.0095093,0.92049074,-0.9095093,-0.64950925,2.4004908,1.7104907,2.0204906,0.4804907,1.9604907,-0.3895093,0.070490725,0.14049073,0.7804907,0.7104907,3.6004908,-0.33950928,-1.6195092,-3.0295093,-1.1395093,0.5304907,-0.40950927,-2.4995093,-2.3395092,-5.2095094,-4.199509,-7.5195093,-8.32951
-1.9195093,-1.6795093,2.4004908,-0.029509278,-1.8095093,-4.8195095,-0.31950927,1.4704907,6.4004908,-6.4795094,-6.8395095,-4.0895095,-4.429509,-1.1695093,-1.3795093,-1.0095093,-1.2895093,-0.89950925,-1.5495093,0.9504907,2.4304907,3.8304908,4.8704906,1.3204907,5.800491,5.050491,4.6604905,3.6404908,4.220491,4.530491,2.0004907,3.9804907,0.7604907,-2.4695094,3.2104907,8.84049,0.9604907,1.8204907,0.7204907,-2.6395092,-0.21950927,-2.2695093,-6.6495094
-2.8695092,0.29049072,1.2604908,-1.4895092,-9.809509,-4.2695093,0.55049074,3.0904908,7.3104906,-8.499509,-3.6495092,-4.6695094,-3.3295093,-2.2395093,-1.6895093,-0.4195093,-1.4795092,-2.5695093,-0.11950928,1.7504907,4.3704906,5.0604906,2.8904908,2.8804908,4.0404906,5.1904907,3.4904907,-1.5995092,5.0404906,2.4204907,2.2804906,1.5004907,0.35049072,-1.2095093,-2.3095093,1.0004907,-0.7795093,1.6004907,1.7904907,1.4304907,2.5204906,-1.5595093,0.92049074
-0.7795093,-0.6195093,-3.5995092,-5.759509,-3.9895093,-2.0895092,3.0304906,3.6904907,-7.9395094,-6.179509,-3.2395093,-4.9795094,-8.649509,-3.8695092,-4.8195095,0.67049074,-1.6595093,-1.5995092,0.31049073,2.4804907,2.1604908,3.9304907,-0.88950926,4.1804905,-3.7495093,-8.479509,0.93049073,1.2204907,0.73049074,5.820491,-7.8495092,2.1904907,-0.6195093,3.2304907,-0.70950925,2.3404908,1.5604907,2.6104908,0.5604907,-0.25950927,3.2604907,4.3504906,-2.1595092
-2.5395093,-7.279509,-7.2695093,-4.929509,-1.6395093,1.1604908,4.4104905,-4.6095095,-4.139509,-4.759509,-4.0395093,-4.9195094,-9.61951,-5.9195094,-2.4495094,-0.9395093,1.6504908,3.2004907,-0.57950926,-0.109509274,0.110490724,-1.3095093,-7.7895093,-6.389509,-2.5995092,-4.909509,-5.139509,-5.7895093,-5.699509,-5.2895093,-2.1695092,-1.1195092,1.9804907,4.1804905,6.7704906,4.5004907,4.610491,3.8004906,0.3604907,1.3204907,-1.6695093,-3.6695092,-2.9495094
-6.8795094,-7.489509,-5.7695093,-3.7195094,-2.5895092,-1.5195093,0.5204907,-2.3295093,-5.6095095,-6.0695095,-4.7695093,-5.449509,-7.659509,-5.8495092,-3.0195093,-0.2995093,4.4204907,-3.2595093,-1.2095093,-1.8795093,-2.1695092,-2.5495093,-1.1095092,-5.6495094,-5.4595094,-4.5795093,-4.139509,-5.6295094,-4.9395094,0.8804907,-3.5895092,-1.1995093,-1.6695093,-0.7895093,0.13049072,0.99049073,0.4504907,-0.57950926,6.570491,1.8804908,2.7804906,0.19049072,0.79049075
-6.5995092,-7.139509,-5.8795094,-6.4995093,-5.639509,-5.8095093,-6.509509,-3.6895094,-1.3795093,-5.0195093,-4.659509,-4.5195093,-4.5895095,-3.8395092,4.5804906,0.21049072,-2.0195093,-4.5695095,-2.5695093,-3.1695092,-4.1295094,-0.9295093,-1.7095093,-1.6195092,-2.0895092,-4.719509,1.1904907,-2.6395092,-6.799509,-2.6295092,-2.8895092,-3.7495093,-4.2495093,-3.6295092,0.44049072,-0.9095093,2.8304908,2.8904908,5.4104905,5.4804907,7.3704906,2.6004908,3.3304908
-4.719509,-3.4595094,-4.8495092,-5.1495094,-5.509509,-4.279509,-2.4695094,2.1504908,3.5504906,-1.5195093,-3.6695092,-3.6395092,-3.1595092,-2.3695092,-3.8995092,-3.0195093,-4.3595095,-2.1795092,-5.469509,-3.0995092,-2.2895093,-4.1695094,-6.619509,-4.4795094,-5.159509,-1.1895093,-0.09950928,-1.7495093,-1.2795093,-1.0295093,-3.3695092,-2.9895093,-1.6395093,-0.6195093,-0.70950925,2.2504907,1.7304907,-0.34950927,1.5604907,-0.87950927,3.3604908,1.1704907,-2.1095092
-2.7195094,-1.8195093,-1.2195092,-0.30950928,0.40049073,0.7204907,2.6304908,-1.9695092,-3.3995092,-2.5895092,-3.3995092,-3.2095094,-2.1895094,-2.2995093,-3.7795093,-2.1195092,-4.5595093,-3.1595092,-2.8495092,-2.9195092,-9.0695095,-3.0895092,-3.6495092,-3.4195092,-1.2495093,-1.6295093,2.4304907,-1.0695093,-0.30950928,-1.4595093,-3.2495093,0.09049072,2.9904907,-2.3495092,-0.83950925,-0.36950928,0.21049072,1.6004907,0.40049073,3.8704908,7.0604906,8.740491,7.1904907
-2.6095092,-3.2195094,-3.1895094,-2.7395093,-1.1795093,-0.3295093,-2.2295094,-4.119509,-3.6095092,-4.3995094,-3.7695093,-3.2895093,-3.5595093,-3.0895092,-2.4495094,-4.009509,-1.3495092,-3.7095094,-3.3595092,-4.489509,-3.0095093,-3.7295094,-2.0295093,1.1404908,-4.0795093,-1.1095092,-1.7995093,0.43049073,-1.5595093,0.020490723,-0.08950928,-1.1195092,-0.58950925,1.2504907,3.0604906,3.1604908,2.1104908,1.5804907,1.9604907,0.87049073,0.73049074,0.12049072,1.1604908
-4.509509,-3.9795094,-3.0195093,-3.2595093,-2.9695094,-2.6695092,-2.6195092,-3.0795093,-4.2895093,-3.9895093,-4.239509,-3.1695092,-3.1295092,-2.7395093,-2.6095092,-2.3995092,-2.0095093,-1.9295093,-1.8995093,-0.75950927,-3.1595092,-2.1595092,-1.9195093,-1.3095093,-1.5395093,-2.9595094,-0.7795093,-5.6895094,0.5904907,-1.0995092,0.4204907,2.9304907,4.6504908,0.070490725,2.8604908,1.4604907,2.1904907,2.1304908,-0.21950927,1.2904907,2.1404908,1.1904907,1.4504907
-4.4595094,-1.9995093,-3.7995093,-3.1895094,-3.1995094,-3.2695093,-3.5295093,-3.1895094,-2.5695093,-1.2895093,-1.5895092,-1.7295092,-0.94950926,-2.9195092,-1.7095093,-1.5795093,-2.3895092,-1.8795093,-1.3195093,-1.6295093,-3.0695093,-1.5695093,0.3904907,-1.6795093,-1.8895093,-1.3895093,1.3004907,3.2504907,0.29049072,0.13049072,1.8504907,1.0604907,2.2204907,3.2004907,3.2404907,0.6504907,2.1604908,2.0804908,-0.28950927,0.66049075,0.55049074,1.0304908,1.7804908
-2.8195093,-2.4795094,-2.8195093,-2.8695092,-4.0895095,-4.0995092,-3.8895092,-4.1295094,-3.7495093,-3.8995092,-1.8195093,0.08049072,0.7104907,-1.8495092,-0.43950927,-1.9495093,-1.3695092,-1.4395093,-1.9095093,-2.7295094,-0.19950928,-0.63950926,-0.5295093,-0.33950928,0.08049072,0.37049073,-0.34950927,2.4604907,-0.64950925,2.4504907,2.6104908,1.7004907,-0.25950927,1.0404907,3.2904906,1.1104907,0.34049073,0.7004907,2.8604908,3.0604906,2.3804908,0.98049074,-0.20950928
-1.5695093,-1.4295093,-2.5995092,-0.89950925,-2.7395093,-2.7595093,-3.1095092,-3.6195092,-3.8595092,-3.3095093,-2.4695094,0.5004907,0.21049072,-1.4695092,-0.9695093,0.27049074,-0.33950928,0.12049072,-0.019509278,2.0704908,0.28049073,0.27049074,0.8904907,2.0204906,1.7404907,2.8304908,3.2904906,2.2004907,2.1704907,3.3804908,2.4904907,4.0004907,6.5604906,1.8604907,4.130491,1.9804907,2.2804906,2.5204906,2.8804908,1.8804908,1.0504907,1.1304908,0.38049072
0.070490725,0.5204907,-0.5495093,0.110490724,-1.2295092,-2.1695092,-0.24950927,-0.9695093,-0.6895093,-0.15950927,-0.12950927,-1.1695093,1.8604907,2.6504908,-0.44950926,2.0304906,-0.2695093,0.79049075,0.7504907,0.6304907,1.7404907,1.2504907,1.4904907,2.1104908,3.5704908,4.1804905,4.110491,4.7104907,2.8804908,3.3004906,3.9004908,3.6004908,1.2104907,3.2904906,3.4304907,4.220491,3.4804907,2.9004908,-0.069509275,2.2904906,1.4304907,2.0704908,-0.57950926
1.3404907,0.93049073,3.5604906,0.92049074,0.050490722,2.6104908,0.8404907,-0.33950928,2.0404906,1.7204907,1.6604908,0.80049074,2.2904906,0.050490722,1.8604907,3.3304908,0.23049073,-1.1095092,2.3204908,2.6804907,3.3004906,-0.109509274,2.6104908,3.7304907,4.0404906,4.1604905,4.3504906,5.2304907,5.200491,6.5604906,4.4204907,3.6504908,5.1704907,5.050491,5.570491,4.9004908,0.7504907,1.0104908,-0.6695093,6.4604907,4.1804905,1.1004907,0.7004907
