wind_kz.json
{"header": {"discipline":0,"disciplineName":"Meteorological products","gribEdition":2,"gribLength":794,"center":7,"centerName":"US National Weather Service - NCEP(WMC)","subcenter":0,"refTime":"2023-09-07T18:00:00.000Z","significanceOfRT":1,"significanceOfRTName":"Start of forecast","productStatus":0,"productStatusName":"Operational products","productType":1,"productTypeName":"Forecast products","productDefinitionTemplate":0,"productDefinitionTemplateName":"Analysis/forecast at horizontal level/layer at a point in time","parameterCategory":2,"parameterCategoryName":"UnknownDiscipline_0_Category_2","parameterNumber":3,"parameterNumberName":"UnknownParameter_D0_C2_3","parameterUnit":"Unknown","genProcessType":2,"genProcessTypeName":"Forecast","forecastTime":0,"surface1Type":103,"surface1TypeName":"Specified height level above ground","surface1Value":10.0,"surface2Type":255,"surface2TypeName":"Missing","surface2Value":0.0,"gridDefinitionTemplate":0,"gridDefinitionTemplateName":"Latitude_Longitude","numberPoints":615,"shape":6,"shapeName":"Earth spherical with radius of 6,371,229.0 m","gridUnits":"degrees","resolution":48,"winds":"true","scanMode":64,"nx":41,"ny":15,"basicAngle":0,"lo1":47.0,"la1":41.0,"lo2":87.0,"la2":55.0,"dx":1.0,"dy":1.0}, "data":
[rows 0 to 14 of 15, columns 0 to 40 of 41]
6.553406,0.15340576,-0.8465942,-6.946594,-8.046595,-8.146594,-7.2465944,-6.546594,-5.2465944,-4.946594,-5.046594,-4.646594,-3.7465942,-3.2465942,3.0534058,0.35340577,-0.74659425,-1.3465942,-2.0465941,-1.3465942,-2.8465943,-3.7465942,-3.3465943,-0.54659426,-1.7465942,-0.34659424,-1.9465942,1.7534058,1.9534057,0.45340577,1.0534058,-0.24659424,0.15340576,-1.6465943,-1.2465942,-0.8465942,-1.4465942,-2.7465942,-1.0465943,0.25340575,1.9534057
2.0534058,-0.04659424,-4.046594,-5.446594,-6.446594,-8.246594,-5.446594,-2.9465942,-4.8465943,-4.446594,-6.7465944,-5.7465944,-0.94659424,1.8534057,3.1534057,1.7534058,0.95340574,-2.9465942,-4.7465944,-4.546594,-3.8465943,1.1534058,-0.8465942,1.8534057,1.3534057,2.3534057,-1.0465943,3.4534059,0.55340576,3.0534058,4.053406,4.553406,1.1534058,-0.04659424,-0.74659425,-0.74659425,-1.3465942,-2.1465943,-0.74659425,-1.7465942,1.2534058
0.75340575,2.8534057,-0.8465942,-4.3465943,-5.546594,-5.546594,-5.7465944,-6.3465943,-6.2465944,-6.446594,-5.8465943,-3.1465943,-0.74659425,5.053406,2.1534057,-0.14659424,-0.8465942,-2.2465942,-3.2465942,-4.646594,-5.646594,-2.5465941,0.35340577,1.5534058,0.8534058,1.1534058,0.45340577,1.6534058,0.6534058,2.0534058,3.4534059,1.8534057,1.1534058,-0.6465942,-1.0465943,2.5534058,3.5534058,0.35340577,0.05340576,-0.14659424,1.8534057
3.5534058,5.2534056,1.7534058,-0.6465942,-2.8465943,-3.4465942,-4.646594,-4.2465944,-4.646594,-7.946594,-6.546594,2.6534057,6.453406,5.2534056,2.5534058,1.3534057,1.5534058,0.45340577,-2.7465942,-3.2465942,-3.4465942,-0.74659425,-3.9465942,-2.6465943,1.6534058,-0.94659424,-2.7465942,-3.2465942,-1.2465942,-3.0465941,-2.9465942,-0.24659424,-1.4465942,-0.8465942,-0.6465942,-2.6465943,-0.34659424,3.4534059,2.1534057,1.6534058,1.9534057
2.5534058,3.9534059,4.453406,2.7534058,0.6534058,-0.34659424,-2.6465943,-3.9465942,-4.146594,-7.046594,-4.2465944,-3.0465941,0.05340576,1.1534058,1.9534057,2.9534059,0.8534058,-0.14659424,-2.3465943,-3.8465943,-3.7465942,0.15340576,-2.6465943,0.25340575,-1.0465943,0.35340577,-1.5465943,-3.4465942,-3.8465943,-4.046594,-3.7465942,-2.2465942,2.9534059,3.9534059,-0.8465942,-1.1465943,-0.6465942,-1.6465943,1.8534057,1.4534057,-1.6465943
-7.3465943,-3.6465943,-0.34659424,7.553406,3.7534058,2.2534058,-0.34659424,-2.6465943,-2.0465941,-3.3465943,-2.3465943,-0.04659424,-1.3465942,-0.8465942,-1.7465942,-1.8465942,1.5534058,1.1534058,0.05340576,-3.0465941,-3.7465942,-2.9465942,-2.2465942,2.4534059,0.15340576,0.25340575,-1.4465942,-0.24659424,-1.3465942,-1.6465943,-2.1465943,-1.9465942,-2.9465942,-2.6465943,1.1534058,-0.04659424,2.1534057,0.8534058,0.25340575,-2.5465941,-2.4465942
-5.8465943,-8.546595,-6.046594,-8.546595,6.2534056,2.5534058,3.2534058,2.8534057,1.9534057,1.5534058,-0.24659424,0.05340576,-0.14659424,-0.04659424,-0.8465942,1.4534057,2.9534059,1.1534058,-1.8465942,-1.6465943,0.55340576,-3.1465943,-1.3465942,-2.8465943,-0.24659424,1.9534057,2.8534057,2.5534058,0.15340576,-1.5465943,-1.8465942,-2.9465942,-3.8465943,-3.5465941,-1.5465943,-0.74659425,-0.94659424,1.0534058,1.4534057,1.1534058,-1.2465942
-6.446594,-7.646594,-7.2465944,-7.646594,-7.3465943,2.1534057,1.1534058,4.353406,1.9534057,1.1534058,3.5534058,1.6534058,2.5534058,1.5534058,-1.3465942,2.9534059,3.1534057,3.4534059,2.9534059,1.7534058,-1.0465943,-1.1465943,0.35340577,-2.3465943,-1.1465943,1.0534058,3.2534058,0.75340575,-0.8465942,2.5534058,2.1534057,2.0534058,-1.0465943,-2.8465943,-1.8465942,-2.7465942,-0.44659424,-2.2465942,0.45340577,-2.2465942,-2.9465942
-5.046594,-6.046594,-4.146594,-3.2465942,-4.046594,-6.3465943,-3.6465943,-1.2465942,-0.74659425,1.2534058,0.05340576,2.5534058,2.7534058,2.3534057,1.7534058,2.5534058,2.8534057,3.3534057,2.4534059,1.8534057,0.6534058,-0.34659424,0.35340577,-0.14659424,1.8534057,2.0534058,1.2534058,0.45340577,0.8534058,0.8534058,-0.34659424,2.2534058,2.3534057,0.6534058,-0.04659424,-0.6465942,-2.9465942,0.55340576,1.8534057,1.4534057,1.2534058
-8.046595,-6.146594,-4.446594,-4.2465944,-1.9465942,-5.046594,-4.046594,-1.5465943,-1.0465943,-0.8465942,0.15340576,2.8534057,4.2534056,4.553406,3.9534059,3.4534059,3.9534059,4.6534057,4.853406,2.7534058,1.2534058,2.5534058,1.5534058,1.5534058,1.3534057,0.45340577,1.5534058,1.8534057,0.35340577,0.8534058,2.4534059,2.9534059,2.7534058,2.4534059,1.3534057,0.05340576,0.25340575,-2.5465941,1.2534058,4.053406,3.0534058
-5.946594,-6.7465944,-6.2465944,-8.046595,-3.4465942,-2.3465943,-4.2465944,-2.2465942,-1.6465943,2.9534059,0.35340577,-3.0465941,3.3534057,3.1534057,3.3534057,2.6534057,2.8534057,4.6534057,5.1534057,4.053406,1.8534057,2.3534057,2.2534058,2.1534057,1.6534058,0.45340577,0.25340575,0.95340574,2.5534058,2.1534057,1.9534057,2.6534057,2.4534059,2.4534059,3.0534058,1.8534057,1.2534058,2.2534058,1.3534057,0.6534058,0.45340577
-4.146594,-5.2465944,-4.446594,-4.446594,-4.646594,-7.146594,-2.0465941,-2.1465943,-2.8465943,-1.9465942,1.9534057,0.05340576,-1.0465943,3.5534058,3.0534058,3.2534058,3.3534057,2.2534058,1.8534057,1.2534058,0.75340575,0.55340576,-0.04659424,-0.14659424,0.25340575,-0.34659424,1.0534058,0.35340577,0.45340577,-0.04659424,-0.74659425,2.5534058,2.5534058,2.6534057,2.3534057,2.3534057,1.8534057,2.2534058,2.5534058,2.1534057,0.95340574
-1.9465942,-3.2465942,-4.2465944,-3.5465941,-2.3465943,-3.4465942,-4.146594,-3.6465943,-0.34659424,-0.34659424,1.2534058,2.1534057,0.6534058,2.0534058,2.9534059,3.1534057,2.9534059,2.5534058,1.8534057,1.4534057,2.3534057,1.6534058,1.2534058,1.5534058,0.25340575,-0.74659425,-0.8465942,-0.54659426,-0.8465942,-0.94659424,1.0534058,-0.14659424,2.4534059,2.7534058,2.5534058,3.0534058,2.5534058,1.7534058,3.3534057,2.8534057,2.1534057
-2.2465942,-4.446594,-4.8465943,-4.3465943,-3.4465942,-2.0465941,-2.2465942,-4.146594,-2.3465943,-3.1465943,0.95340574,0.6534058,0.45340577,2.2534058,3.1534057,2.8534057,2.8534057,2.9534059,2.0534058,1.7534058,2.0534058,2.5534058,2.3534057,1.6534058,1.1534058,-0.34659424,-1.0465943,-0.8465942,2.0534058,0.35340577,0.15340576,-0.04659424,1.2534058,1.7534058,1.5534058,2.0534058,1.8534057,1.7534058,1.1534058,2.1534057,2.1534057
-1.2465942,-3.1465943,-7.046594,-4.146594,-4.046594,-3.7465942,-1.0465943,-1.4465942,-2.4465942,-0.74659425,-0.24659424,0.75340575,1.3534057,1.0534058,3.5534058,3.0534058,3.4534059,3.0534058,2.2534058,1.3534057,2.0534058,1.5534058,0.8534058,1.0534058,-0.8465942,0.35340577,0.95340574,0.25340575,1.2534058,0.15340576,-0.04659424,-0.54659426,1.4534057,1.9534057,1.9534057,1.6534058,1.9534057,2.3534057,1.7534058,2.8534057,0.8534058
