wind_kz.json
{"header": {"discipline":0,"disciplineName":"Meteorological products","gribEdition":2,"gribLength":1102,"center":7,"centerName":"US National Weather Service - NCEP(WMC)","subcenter":0,"refTime":"2023-10-05T18:00:00.000Z","significanceOfRT":1,"significanceOfRTName":"Start of forecast","productStatus":0,"productStatusName":"Operational products","productType":1,"productTypeName":"Forecast products","productDefinitionTemplate":0,"productDefinitionTemplateName":"Analysis/forecast at horizontal level/layer at a point in time","parameterCategory":2,"parameterCategoryName":"UnknownDiscipline_0_Category_2","parameterNumber":2,"parameterNumberName":"UnknownParameter_D0_C2_2","parameterUnit":"Unknown","genProcessType":2,"genProcessTypeName":"Forecast","forecastTime":180,"surface1Type":103,"surface1TypeName":"Specified height level above ground","surface1Value":10.0,"surface2Type":255,"surface2TypeName":"Missing","surface2Value":0.0,"gridDefinitionTemplate":0,"gridDefinitionTemplateName":"Latitude_Longitude","numberPoints":615,"shape":6,"shapeName":"Earth spherical with radius of 6,371,229.0 m","gridUnits":"degrees","resolution":48,"winds":"true","scanMode":64,"nx":41,"ny":15,"basicAngle":0,"lo1":47.0,"la1":41.0,"lo2":87.0,"la2":55.0,"dx":1.0,"dy":1.0}, "data":
[rows 0 to 14 of 15, columns 0 to 40 of 41]
1.413316,-0.10668396,-0.05668396,-6.196684,-7.276684,-9.556684,-7.786684,-8.266684,-9.446684,-7.446684,-7.456684,-7.096684,-7.1066837,-6.446684,-6.296684,-5.996684,-5.5866838,-6.886684,-5.906684,-2.756684,0.74331605,1.293316,3.113316,2.613316,-0.46668395,1.773316,4.183316,3.483316,0.56331605,0.79331607,2.5333161,0.80331606,-0.16668396,-1.0166839,-1.106684,-1.2866839,-2.906684,-3.376684,-2.436684,-2.766684,-1.326684
2.503316,-1.716684,-8.086684,-8.296684,-8.636684,-8.746684,-6.166684,-7.076684,-7.126684,-7.0866838,-6.996684,-6.1066837,-5.8566837,-6.096684,-6.296684,-6.206684,-5.756684,-6.186684,-5.136684,-4.216684,-2.656684,-3.396684,0.63331604,2.053316,1.553316,0.593316,0.18331604,2.603316,3.893316,2.423316,1.6033161,1.563316,-0.26668397,0.67331606,0.44331604,-0.62668395,-0.976684,-1.826684,-1.106684,-0.976684,-1.1766839
-3.516684,-9.546684,-9.616684,-8.676684,-8.8466835,-7.386684,-6.196684,-5.426684,-6.846684,-5.786684,-5.576684,-5.136684,-4.8566837,-5.0866838,-5.066684,-5.436684,-5.686684,-5.026684,-4.276684,-2.7366838,-1.736684,-0.51668394,-6.716684,-4.466684,-0.57668394,-0.40668395,-0.06668396,0.88331604,3.703316,-0.536684,1.2133161,-1.616684,-1.0366839,-1.7966839,-3.916684,-1.006684,-0.34668395,-1.2766839,4.6433163,1.893316,-1.986684
-8.496684,-9.196684,-8.176684,-8.366684,-6.906684,-5.916684,-4.696684,-4.286684,-4.486684,-4.886684,-4.446684,-3.886684,-3.256684,-4.316684,-3.4866838,-3.676684,-3.086684,-2.9766839,-3.186684,-3.7066839,-4.326684,-3.386684,-1.846684,-3.156684,-2.586684,-1.4166839,0.63331604,2.323316,-0.04668396,1.123316,1.543316,1.3233161,8.063316,9.6533165,6.153316,1.653316,-0.02668396,1.173316,-2.506684,0.523316,4.493316
-7.706684,-7.736684,-7.496684,-5.626684,-4.916684,-5.056684,-3.746684,-3.506684,-3.136684,-1.856684,-1.826684,-2.4566839,-2.506684,-1.976684,-1.966684,-1.2666839,-0.67668396,-0.68668395,-1.2866839,-1.886684,-3.336684,-2.366684,0.14331605,-0.51668394,-0.51668394,0.35331604,0.26331604,0.56331605,1.6033161,2.253316,2.883316,2.393316,2.353316,2.163316,-2.9566839,-1.806684,8.573316,-3.286684,3.053316,6.273316,7.053316
-5.436684,-4.756684,-4.746684,-4.386684,-4.526684,-3.4766839,-3.2366838,-2.266684,-1.5266839,-0.64668393,0.09331604,1.263316,1.523316,2.0133162,3.173316,2.863316,2.863316,2.133316,1.9833161,0.98331606,0.64331603,-0.46668395,-0.56668395,0.35331604,0.43331605,0.51331604,1.173316,1.003316,2.063316,1.873316,2.733316,3.2733161,6.863316,8.453316,6.193316,7.293316,3.363316,6.243316,12.893315,8.483316,-4.026684
-1.9166839,-2.2366838,-2.386684,-1.596684,-1.446684,-0.966684,-0.57668394,-0.55668396,0.25331604,0.713316,1.253316,2.133316,2.673316,3.613316,3.953316,4.523316,4.673316,4.6433163,3.653316,4.033316,4.653316,3.363316,2.503316,1.6033161,1.673316,1.9733161,1.403316,1.503316,0.843316,0.23331603,0.49331605,-0.06668396,-0.29668397,1.193316,7.4133162,6.053316,5.803316,2.473316,3.303316,6.363316,4.4133162
0.47331604,0.963316,1.183316,1.173316,0.95331603,1.0733161,1.4733161,1.513316,2.693316,2.7633162,3.583316,4.933316,5.613316,6.073316,6.953316,7.103316,6.953316,6.103316,5.963316,5.123316,6.403316,5.923316,4.983316,4.033316,2.973316,2.833316,3.0233161,2.503316,1.773316,0.11331604,-0.846684,-0.45668396,-1.196684,-2.516684,-0.64668393,4.543316,7.223316,8.853316,5.683316,4.303316,3.913316
2.353316,2.943316,3.333316,3.5333161,4.053316,4.613316,4.783316,4.833316,5.803316,6.203316,6.483316,6.403316,8.513316,7.173316,7.1433163,7.003316,6.673316,6.4133162,6.173316,6.933316,6.293316,7.443316,6.403316,5.963316,5.203316,3.613316,3.893316,3.693316,3.573316,2.203316,1.943316,0.70331603,1.373316,1.413316,2.223316,2.593316,1.9733161,4.443316,2.093316,-0.20668396,-0.42668396
4.533316,4.563316,4.9133162,4.8933163,5.453316,5.783316,5.723316,6.493316,7.123316,7.243316,7.103316,7.483316,7.283316,7.573316,7.483316,7.133316,6.4133162,6.6433163,6.263316,5.513316,7.073316,7.423316,5.823316,5.703316,5.153316,4.1433163,4.1633162,4.703316,4.603316,2.5333161,1.993316,3.583316,4.243316,3.0233161,3.0133162,2.5433161,1.943316,2.113316,1.443316,1.493316,0.10331604
4.803316,5.553316,5.283316,5.073316,5.133316,5.203316,5.703316,6.543316,6.743316,7.113316,6.863316,7.723316,7.173316,7.683316,7.3933163,7.083316,6.1433163,6.133316,6.113316,6.653316,6.973316,7.013316,6.733316,5.453316,3.933316,3.743316,4.673316,4.613316,5.103316,4.013316,4.3933163,4.933316,4.833316,4.253316,3.343316,0.11331604,0.46331605,1.1033161,1.2333161,0.533316,0.70331603
4.6433163,5.293316,5.683316,5.403316,5.553316,5.513316,4.523316,5.6433163,5.303316,4.223316,3.413316,7.623316,5.973316,7.323316,6.773316,5.483316,6.523316,6.093316,5.903316,5.733316,4.683316,5.133316,5.633316,5.053316,4.543316,4.033316,4.093316,4.363316,3.403316,4.063316,3.713316,2.863316,2.063316,1.9533161,1.8333161,2.243316,1.913316,1.2033161,1.6033161,1.033316,1.4733161
4.263316,5.573316,5.133316,5.593316,4.973316,3.663316,5.4133162,4.743316,5.453316,2.113316,2.253316,5.623316,4.343316,6.093316,4.963316,5.203316,6.263316,5.503316,5.363316,5.593316,5.053316,2.833316,4.783316,4.473316,4.003316,3.613316,2.813316,3.253316,3.503316,3.5133162,3.393316,3.0433161,2.5133162,2.403316,2.233316,3.183316,2.963316,2.193316,3.973316,3.063316,1.763316
5.323316,4.863316,4.283316,5.203316,4.533316,4.593316,5.533316,4.983316,5.403316,2.963316,2.143316,2.653316,5.903316,5.353316,4.373316,3.863316,4.733316,4.463316,4.523316,5.223316,4.363316,3.253316,5.363316,4.543316,2.943316,0.89331603,2.0433161,2.873316,2.903316,3.503316,3.553316,3.7633162,3.633316,3.183316,2.663316,2.103316,2.213316,2.443316,2.183316,1.363316,3.333316
3.813316,5.243316,5.263316,4.933316,4.503316,5.083316,6.353316,5.343316,5.333316,3.0233161,1.563316,5.1633162,3.5333161,1.2133161,3.943316,2.903316,3.443316,3.503316,3.673316,4.103316,3.583316,3.503316,3.623316,2.7633162,1.623316,1.4733161,2.593316,3.303316,3.303316,3.153316,3.713316,4.463316,3.903316,3.803316,3.703316,3.593316,2.903316,2.903316,3.303316,3.103316,2.883316
