wind_kz.json
{"header": {"discipline":0,"disciplineName":"Meteorological products","gribEdition":2,"gribLength":1025,"center":7,"centerName":"US National Weather Service - NCEP(WMC)","subcenter":0,"refTime":"2023-09-08T18:00:00.000Z","significanceOfRT":1,"significanceOfRTName":"Start of forecast","productStatus":0,"productStatusName":"Operational products","productType":1,"productTypeName":"Forecast products","productDefinitionTemplate":0,"productDefinitionTemplateName":"Analysis/forecast at horizontal level/layer at a point in time","parameterCategory":2,"parameterCategoryName":"UnknownDiscipline_0_Category_2","parameterNumber":3,"parameterNumberName":"UnknownParameter_D0_C2_3","parameterUnit":"Unknown","genProcessType":2,"genProcessTypeName":"Forecast","forecastTime":300,"surface1Type":103,"surface1TypeName":"Specified height level above ground","surface1Value":10.0,"surface2Type":255,"surface2TypeName":"Missing","surface2Value":0.0,"gridDefinitionTemplate":0,"gridDefinitionTemplateName":"Latitude_Longitude","numberPoints":615,"shape":6,"shapeName":"Earth spherical with radius of 6,371,229.0 m","gridUnits":"degrees","resolution":48,"winds":"true","scanMode":64,"nx":41,"ny":15,"basicAngle":0,"lo1":47.0,"la1":41.0,"lo2":87.0,"la2":55.0,"dx":1.0,"dy":1.0}, "data":
[rows 0 to 14 of 15, columns 0 to 40 of 41]
2.5609472,1.6409472,-2.6190526,-6.929053,0.020947266,3.5509472,6.0409474,5.5609474,2.7509472,2.5209472,0.80094725,0.32094726,-1.0890527,-2.1190526,-2.5590527,-4.9190526,-5.8590527,-5.239053,-6.289053,-4.0490527,-2.9290528,-1.9090527,0.67094725,1.6409472,0.56094724,0.34094727,0.21094726,1.3209473,-2.9390528,-3.5490527,-2.9490528,-2.5290527,-1.9990528,-1.9890528,-10.609053,-6.6890526,-4.6490526,-1.0890527,1.0709473,3.8309472,0.5809473
2.3309472,-0.5990527,-4.829053,-1.5090528,4.400947,4.1809473,4.340947,5.2709475,3.3509474,2.3009472,1.4809473,-0.33905274,-1.0490527,-1.1290528,-2.8990526,-4.0090528,-2.1990528,-3.7390528,-5.8590527,-5.8790526,-6.059053,-3.8690526,-1.4190527,-1.4590527,1.6709473,2.5709472,3.6009474,-1.2590528,-1.5790527,0.29094726,-1.0590527,0.5109473,-2.0590527,-4.1690526,-1.8490528,-0.27905273,-4.2090526,-8.569053,-3.9990528,-0.27905273,0.43094727
-1.3290527,-5.449053,-3.7390528,7.1409473,5.010947,4.5009475,4.280947,4.190947,5.4709473,3.2809472,0.80094725,0.39094725,-1.1490527,-1.2990527,-2.5690527,-3.9590528,-4.6890526,-5.0290527,-6.2490525,-4.639053,-2.8190527,-4.8590527,-4.5190525,-2.1490526,-3.0990527,-1.7890527,-1.1390527,-2.0290527,-0.27905273,-0.7390527,-0.29905275,1.9709473,2.4609473,-2.9590528,-0.45905274,-0.049052734,-3.2090528,-4.179053,-2.3890526,-1.0590527,-2.8090527
-0.7990527,-1.9690528,4.2709475,7.650947,5.3709474,5.710947,6.190947,4.360947,4.4809475,4.090947,1.8909472,-0.18905273,-1.1590527,-2.2390528,-2.2390528,-3.4990528,-4.5290527,-4.8990526,-5.969053,-6.6490526,-5.7090526,-4.9390526,0.34094727,-0.96905273,-1.3390527,-1.1890527,-0.75905275,-1.4490527,-0.48905274,1.1209472,-0.7890527,0.110947266,0.33094728,-0.50905275,3.5709472,2.2009473,1.9609473,-2.1290526,-0.87905276,2.7209473,1.9609473
0.5809473,3.3709474,5.3709474,3.8809474,3.4709473,3.9309473,4.3709474,4.8309474,4.840947,3.3009472,2.6009474,0.9009473,-1.3890527,-2.3290527,-2.4590528,-3.3990526,-3.9690528,-4.3990526,-4.619053,-4.8590527,-3.9290528,-2.9690528,-2.2590528,-1.0090528,-0.8690527,-0.83905274,-1.7690527,-2.7690527,0.5809473,-0.52905273,-0.26905274,-1.2990527,-2.8990526,-1.7690527,0.8809473,1.1409472,-2.5690527,2.4009473,1.7609472,0.5709473,2.5809472
0.40094727,3.3309472,4.690947,4.7309475,5.2409472,4.5809474,4.5809474,3.9609473,3.2009473,2.9809473,1.7709472,0.78094727,-0.96905273,-2.1290526,-2.7290528,-3.0990527,-3.4690528,-4.2990527,-4.539053,-3.9890528,-4.4590526,-4.809053,-4.7790527,-3.4290528,-1.8390527,-1.3990527,-2.2490528,-3.8990526,0.30094728,0.54094726,-0.15905273,-0.29905275,-1.6090528,-2.1090527,-1.1390527,-4.679053,-2.0990527,-5.4990525,-1.4490527,2.2609472,4.6809473
1.6809473,3.4109473,4.190947,4.0809474,4.1809473,3.9909472,4.010947,3.8709474,3.0409472,1.9509473,1.7009473,0.6909473,-0.08905274,-2.0390527,-2.9690528,-3.4990528,-3.4890528,-3.6490526,-3.9090528,-3.3590527,-3.8190527,-4.289053,-5.1290526,-4.699053,-3.8390527,-1.8790528,-1.9590527,-1.0190527,0.040947266,1.5609473,1.2309473,0.48094726,-1.4690528,-4.159053,-0.9090527,1.0609473,4.260947,2.0809472,-2.6990528,2.1609473,-4.5290527
1.1409472,2.2709472,2.9609473,3.6509473,3.8009472,3.7309473,3.8409472,3.4809473,3.1509473,2.8009472,1.8209473,1.3809472,-0.44905272,-1.3590528,-2.5490527,-2.8990526,-3.7090528,-3.5190527,-3.6790528,-2.7590528,-2.9590528,-4.1890526,-4.639053,-4.619053,-4.239053,-3.7890527,-3.2990527,-1.3990527,-0.33905274,-0.69905275,-0.19905274,-1.2290528,-2.2290528,-3.7690527,-2.5890527,-2.3490527,-2.8790526,-1.9190527,1.1809473,0.67094725,-0.69905275
1.4909472,1.1109473,2.1009474,1.9209473,2.2809472,3.1909473,3.1109474,3.2009473,2.8809474,2.1009474,1.5309472,0.61094725,-0.18905273,-1.0090528,-1.7590528,-2.4490528,-2.7190528,-2.8290527,-2.8490527,-3.3490527,-2.9090528,-3.5490527,-4.0190525,-3.8490527,-3.4690528,-2.9990528,-2.3390527,-2.1190526,-1.4390527,-1.5490527,-1.7790527,-2.2090528,-2.5490527,-2.6190526,-3.4990528,-4.2990527,-4.099053,-3.6590528,-1.8490528,-1.4190527,1.6709473
1.2509472,0.78094727,1.4109473,2.0609472,2.8109472,2.7609472,2.8709474,2.1809473,1.6209472,1.7109473,0.8809473,0.7009473,-0.08905274,-0.94905275,-1.7390528,-2.2490528,-2.5890527,-2.4490528,-2.3690526,-2.3990526,-2.6590528,-2.7590528,-2.6590528,-2.5290527,-2.7290528,-2.4590528,-1.6590527,-1.2390528,-0.46905273,-0.5990527,-0.8690527,-1.5690527,-0.9290527,-0.71905273,-1.7790527,-2.0890527,-0.94905275,1.3309473,1.9609473,0.39094725,-0.50905275
1.0709473,1.4409473,2.0809472,1.7409472,2.7409472,2.3509474,1.8109473,1.4409473,0.8409473,0.54094726,0.15094727,-0.77905273,-1.0790527,-1.0590527,-1.9590527,-2.2790527,-2.9790528,-2.5690527,-2.3390527,-3.0190527,-2.7290528,-2.4090528,-2.6090527,-2.5990527,-2.5590527,-2.3090527,-2.2290528,-2.2790527,-1.8790528,-1.1390527,-0.94905275,-0.30905274,-0.45905274,-0.5990527,-0.12905273,0.8409473,1.1309472,0.020947266,-1.9790528,-0.96905273,0.49094728
-0.30905274,0.6309473,1.9009472,2.2809472,2.0709472,1.5309472,1.3709472,0.9609473,-0.06905273,-0.8590527,-0.7290527,-0.9190527,-1.0890527,-0.87905276,-1.6790527,-2.1790528,-2.6090527,-3.0690527,-2.3790526,-2.6890528,-2.5390527,-3.1590528,-2.8690526,-1.9190527,-1.8690528,-2.1990528,-1.9390527,-2.5090528,-2.1390526,-1.5490527,-0.6590527,9.4726565E-4,0.6509473,1.1509472,1.0909473,1.4909472,2.0009472,0.8209473,-0.059052736,0.020947266,-0.28905272
1.7409472,1.0009472,0.8809473,1.0409473,1.0709473,1.0409473,1.0309472,0.47094727,-0.009052735,-0.46905273,-0.6790527,-1.1290528,1.0809473,-0.08905274,-1.2490528,-1.9990528,-2.4790528,-2.6990528,-2.4190528,-1.9990528,-1.4390527,-2.1790528,-2.7490528,-2.9990528,-3.4990528,-2.4090528,-2.2090528,-1.1990527,-1.0590527,-1.0590527,-0.51905274,0.10094727,0.73094726,1.4209473,2.0609472,2.3609474,2.6509473,2.1509473,2.3109472,1.8709472,1.3709472
2.4609473,2.2009473,1.9809473,2.3709474,1.8809472,1.5509473,0.8809473,0.5909473,0.98094726,1.0209472,-0.62905276,-0.28905272,0.10094727,0.75094724,-0.69905275,-1.6990527,-2.0290527,-1.2990527,-1.5690527,-2.0690527,-1.1690527,-1.1090528,-2.7190528,-2.6190526,-1.8290527,-1.8090527,-0.9190527,-0.7290527,-1.0990528,-0.12905273,-0.15905273,0.40094727,0.56094724,1.0809473,1.1909473,1.9409473,2.3009472,2.8109472,2.6709473,2.6909473,3.2309473
1.6409472,2.2409472,1.7409472,2.2609472,2.0109472,1.4509473,0.8409473,0.91094726,0.85094726,1.3609473,1.1809473,0.74094725,-0.13905273,-1.0890527,-1.6790527,-3.0990527,-2.8490527,-2.7090528,-1.8490528,-1.0690527,-1.4690528,-1.4490527,-2.7490528,-2.6190526,-2.5990527,-2.1390526,-1.9190527,-1.1590527,-0.47905272,0.35094726,0.26094726,0.060947265,0.9609473,2.3809474,2.4709473,2.7009473,3.1209474,3.5409472,3.3809474,3.5109472,3.5809472
