wind_kz.json
{"header": {"discipline":0,"disciplineName":"Meteorological products","gribEdition":2,"gribLength":1025,"center":7,"centerName":"US National Weather Service - NCEP(WMC)","subcenter":0,"refTime":"2023-08-07T18:00:00.000Z","significanceOfRT":1,"significanceOfRTName":"Start of forecast","productStatus":0,"productStatusName":"Operational products","productType":1,"productTypeName":"Forecast products","productDefinitionTemplate":0,"productDefinitionTemplateName":"Analysis/forecast at horizontal level/layer at a point in time","parameterCategory":2,"parameterCategoryName":"UnknownDiscipline_0_Category_2","parameterNumber":3,"parameterNumberName":"UnknownParameter_D0_C2_3","parameterUnit":"Unknown","genProcessType":2,"genProcessTypeName":"Forecast","forecastTime":120,"surface1Type":103,"surface1TypeName":"Specified height level above ground","surface1Value":10.0,"surface2Type":255,"surface2TypeName":"Missing","surface2Value":0.0,"gridDefinitionTemplate":0,"gridDefinitionTemplateName":"Latitude_Longitude","numberPoints":615,"shape":6,"shapeName":"Earth spherical with radius of 6,371,229.0 m","gridUnits":"degrees","resolution":48,"winds":"true","scanMode":64,"nx":41,"ny":15,"basicAngle":0,"lo1":47.0,"la1":41.0,"lo2":87.0,"la2":55.0,"dx":1.0,"dy":1.0}, "data":
[rows 0 to 14 of 15, columns 0 to 40 of 41]
4.0705323,-3.0894678,2.8205323,1.3605323,-1.4794677,-4.229468,-1.4994677,-0.5094678,-1.5494678,-1.7794678,-3.3694677,-3.9794679,-4.9694676,-6.539468,-6.8494678,-4.999468,-6.669468,-7.7794676,-9.089468,-8.569468,-9.569468,-6.169468,-5.379468,0.060532227,-0.7394678,5.620532,-0.19946778,3.1505322,0.09053223,-1.6794678,-3.6494677,-2.3894677,1.3705323,-1.7294677,-3.1194677,-3.7794678,-4.8194675,-7.609468,-6.729468,-0.6794678,1.1905322
4.1105323,0.8805322,2.2805321,0.5605322,-1.6594678,-0.27946776,0.19053222,1.2805322,0.71053225,1.4805322,-1.3494678,-4.609468,-4.149468,-4.939468,-7.309468,-4.5694675,-4.9694676,-5.1794677,-6.149468,-7.039468,-8.069468,-6.1794677,-5.629468,2.2205322,-0.60946774,-2.8894677,-3.4194677,1.9705322,2.1205323,3.6305323,5.2005324,2.4405322,0.8705322,0.6805322,1.1605322,-3.3594677,-4.7794676,-11.329468,-6.589468,-5.559468,1.2505323
2.5105321,4.830532,2.6405323,-0.9394678,-4.4094677,0.6905322,1.7005322,3.3505323,1.9605322,1.2505323,-1.1594678,-1.3694677,-3.209468,-5.059468,-6.079468,-4.789468,-4.2394676,-5.169468,-4.109468,-5.7194676,-6.879468,-7.3694677,-5.039468,-2.6294677,0.24053222,-0.83946776,-4.2394676,-0.8294678,0.59053224,0.48053223,1.9005322,2.4205322,1.3105322,-0.9894678,1.2305322,2.1905322,4.390532,0.020532226,1.6105323,0.100532226,-0.24946778
3.4205322,0.59053224,-0.6794678,-2.7394679,-0.85946774,0.7405322,3.3705323,4.670532,3.8605323,4.0305324,1.7005322,-1.4694678,-4.1994677,-6.939468,-5.0994678,-5.1394677,-6.019468,-4.459468,-4.519468,-4.7594676,-3.6994677,-5.109468,-3.8194678,-6.109468,-0.8894678,-0.12946777,-1.2294677,-3.5894678,-5.7794676,-2.8594677,-5.899468,-4.939468,-3.9194677,4.3205323,0.60053223,-2.4694679,-0.07946777,3.3005323,0.12053223,-1.7494677,2.9805322
1.8005322,1.0005323,0.030532226,-2.2494678,-2.8294678,-2.8994677,-4.4294677,-1.8094678,5.230532,5.190532,3.6405323,1.7405323,-1.7894678,-5.9094677,-5.7794676,-4.6994677,-4.769468,-4.2394676,-4.519468,-3.959468,-4.939468,-5.149468,-3.9994678,-4.2394676,-3.7794678,-3.5694678,-0.47946778,1.8605323,-5.839468,1.5405322,7.3005323,3.6505322,2.8505323,-0.08946777,-0.53946775,-1.9294678,1.4105322,1.2605323,-3.5794678,-8.279468,-7.079468
2.5205321,2.0905323,1.0605322,-0.60946774,-2.6494677,-4.3194675,-2.6894677,-1.6694678,-0.8294678,-0.36946777,2.3905323,1.8205322,-0.24946778,-1.4394678,-3.5794678,-4.0694675,-6.019468,-4.1194677,-3.9094677,-5.149468,-5.5294676,-5.7994676,-5.6994677,-5.9094677,-5.059468,-6.1994677,-6.079468,-7.0994678,-2.2894678,-1.3594677,-0.65946776,-1.0694678,1.1805322,-0.65946776,1.8405322,-2.9694679,-0.19946778,-0.069467776,-2.9294677,-2.1994677,-4.589468
4.250532,4.480532,3.2505322,1.7705323,-0.58946776,0.9305322,1.1705322,0.33053222,0.020532226,-0.029467773,0.29053223,-0.38946778,-2.1194677,-2.7294679,-3.2594678,-3.9294677,-5.5994678,-7.079468,-8.089468,-4.979468,-2.1494677,-2.8794677,-4.1994677,-4.809468,-5.859468,-5.959468,-5.6594677,-6.8894677,-6.2394676,-6.189468,-1.4694678,-2.1394677,-3.1394677,-4.2194676,-2.6094677,-0.39946777,-2.7394679,-0.8194678,-0.18946777,1.2805322,-2.1794677
3.8305323,3.3105323,0.21053223,-1.5294678,0.36053222,-0.32946777,-0.31946778,0.15053223,0.60053223,-0.89946777,-0.58946776,-0.35946777,-2.5194678,-2.8594677,-4.939468,-5.309468,-6.019468,-6.2594676,-7.519468,-5.829468,-6.269468,-5.829468,-6.209468,-2.4194677,-0.89946777,-1.8794677,-4.5094676,-4.459468,-3.6594677,-3.6494677,-1.3294678,0.100532226,-2.7494678,-3.2794678,-1.5394678,-2.4694679,-2.2694678,-1.9794677,0.7305322,-0.30946776,-0.47946778
-0.8294678,-1.1494678,-1.3894677,-1.7594677,-0.20946777,-0.4094678,-0.7594678,-1.0894678,-1.2694678,-1.2794678,-1.6794678,-2.5094678,-2.959468,-3.6594677,-4.6594677,-5.379468,-5.959468,-5.7194676,-6.269468,-3.8294678,-3.7194679,-5.579468,-5.8694677,-5.499468,-0.15946777,-2.6794677,-0.65946776,-3.6294677,-3.8294678,-1.5394678,-2.1694677,-3.0594678,-3.459468,-2.3394678,-1.0994678,-1.5594678,-3.3594677,0.070532225,2.0705323,1.7005322,1.4105322
-0.5494678,-1.8094678,-2.0694678,-1.5194678,-0.64946777,-1.0194678,-0.89946777,-0.4394678,-0.009467773,0.85053223,-0.23946777,-1.1694678,-1.4094678,-3.1494677,-3.7394679,-4.609468,-4.1994677,-5.6394677,-4.0494676,-4.6194677,-3.6894677,-4.7994676,-4.829468,-5.309468,-0.4094678,0.46053222,-1.5594678,-1.4894677,-2.3994677,-5.4094677,-3.0694678,0.5605322,-3.3894677,-2.4694679,-1.2394677,-0.66946775,-0.15946777,-1.1994678,0.40053222,1.4005322,1.8205322
-0.36946777,-0.5194678,0.23053223,-0.8694678,-0.89946777,-0.31946778,0.09053223,0.29053223,1.8605323,1.6605322,0.91053224,1.1905322,-0.049467772,-2.2494678,-3.6394677,-3.5694678,-4.839468,-6.3494678,-6.6394677,-3.7694678,-4.1194677,-5.7394676,-4.019468,-3.8694677,-3.5194678,-2.9794679,-0.29946777,-0.23946777,1.9705322,0.3405322,-2.4394677,-2.7394679,-2.1694677,-2.709468,-2.4294677,-0.32946777,-0.84946775,0.070532225,-0.7494678,-0.11946777,-0.59946775
1.2005322,1.2405323,1.5505322,1.5705322,0.6305322,-0.07946777,-0.78946775,-0.7494678,-3.2394679,-1.1194677,0.42053223,-0.3794678,-0.049467772,-2.0794678,-3.459468,-3.5394678,-4.8194675,-5.2994676,-3.7894678,-3.9494677,-4.129468,-3.9994678,-3.8794677,-4.9094677,-4.079468,-4.2394676,-4.3694677,-1.0194678,1.6105323,-1.7294677,-1.8894677,-2.4894679,-2.0494678,-2.7294679,-1.7394677,-0.85946774,-0.109467775,1.5005323,1.6905322,1.2905322,0.27053222
1.3905323,1.3205322,1.5305322,1.9405322,1.2305322,0.33053222,-0.8694678,-0.60946774,-1.7094678,-1.0894678,-1.3494678,-0.25946778,-1.3294678,-2.6594677,-3.459468,-3.7794678,-4.169468,-3.6994677,-3.8094678,-4.1394677,-3.5994678,-3.5694678,-3.3094678,-4.919468,-5.2394676,-5.1994677,-4.7994676,-4.339468,-1.9794677,-0.5794678,-1.4994677,-2.2294679,-3.0394678,-0.24946778,-2.0094678,-0.84946775,-1.3394678,-0.95946777,0.90053225,0.43053222,0.110532224
2.2405322,2.0805323,2.7105322,1.8505322,0.53053224,-0.12946777,-0.009467773,-0.7494678,-0.24946778,-0.29946777,0.30053222,-1.2194678,-2.0994678,-1.6494678,-3.1794677,-3.8494678,-3.7794678,-3.5894678,-3.8494678,-3.9294677,-4.0494676,-3.959468,-3.7694678,-5.1394677,-5.729468,-7.1794677,-7.5094676,-6.769468,-6.5294676,-4.579468,-3.7494678,-3.0194678,-2.1294677,0.020532226,-0.6794678,-0.21946777,-0.95946777,-1.5494678,-0.6294678,0.08053222,-0.17946777
1.3005322,1.4605322,-0.13946778,1.8705323,1.8005322,1.5505322,0.65053225,-1.0894678,0.16053222,-0.28946778,-0.45946777,0.21053223,1.0205323,-0.78946775,-3.3594677,-3.7694678,-3.6294677,-3.7394679,-3.209468,-3.8694677,-3.6094677,-4.079468,-3.6494677,-1.9294678,-2.3494678,-4.249468,-5.2394676,-4.4294677,-4.939468,-4.729468,-4.879468,-4.5694675,-3.8794677,-3.6094677,-0.24946778,-0.22946778,-0.34946778,0.72053224,1.2805322,0.14053223,-0.49946776
