wind_kz.json
{"header": {"discipline":0,"disciplineName":"Meteorological products","gribEdition":2,"gribLength":1025,"center":7,"centerName":"US National Weather Service - NCEP(WMC)","subcenter":0,"refTime":"2023-09-09T12:00:00.000Z","significanceOfRT":1,"significanceOfRTName":"Start of forecast","productStatus":0,"productStatusName":"Operational products","productType":1,"productTypeName":"Forecast products","productDefinitionTemplate":0,"productDefinitionTemplateName":"Analysis/forecast at horizontal level/layer at a point in time","parameterCategory":2,"parameterCategoryName":"UnknownDiscipline_0_Category_2","parameterNumber":3,"parameterNumberName":"UnknownParameter_D0_C2_3","parameterUnit":"Unknown","genProcessType":2,"genProcessTypeName":"Forecast","forecastTime":300,"surface1Type":103,"surface1TypeName":"Specified height level above ground","surface1Value":10.0,"surface2Type":255,"surface2TypeName":"Missing","surface2Value":0.0,"gridDefinitionTemplate":0,"gridDefinitionTemplateName":"Latitude_Longitude","numberPoints":615,"shape":6,"shapeName":"Earth spherical with radius of 6,371,229.0 m","gridUnits":"degrees","resolution":48,"winds":"true","scanMode":64,"nx":41,"ny":15,"basicAngle":0,"lo1":47.0,"la1":41.0,"lo2":87.0,"la2":55.0,"dx":1.0,"dy":1.0}, "data":
[rows 0 to 14 of 15, columns 0 to 40 of 41]
-1.9056348,0.70436525,-0.21563476,0.40436524,-3.6156347,-5.3556347,-2.9756348,-0.33563477,-0.6356348,-1.1756347,-2.5856347,-2.5756347,-2.7656348,-3.1756349,-3.2056348,-3.9456348,-4.6856346,-3.1356347,-4.1456347,-2.7456348,-1.8656348,-2.7756348,2.1543653,-1.1956347,-2.5456347,-1.6156348,-1.3456348,0.90436524,1.0843652,-0.9456348,-2.5256348,-2.9356349,1.1843653,0.83436525,-1.8156347,-1.8256347,1.5043652,2.9343653,1.4343653,2.0643651,0.26436523
2.2143652,1.0343652,1.9843652,-0.21563476,-0.7556348,0.28436524,-2.8456347,-1.1656348,-2.4356349,-2.4156349,-2.0056348,-3.4256349,-3.2556348,-3.0056348,-4.075635,-4.025635,-3.9356349,-3.2456348,-5.775635,-4.6456347,-4.025635,-5.505635,-2.3856347,1.4643652,-0.25563475,-0.46563476,-1.9256347,-0.23563476,0.32436523,0.71436524,0.96436524,0.37436524,-1.8456348,-4.1056347,-1.1556348,-1.5356348,-2.9856348,-4.035635,-2.2356348,-0.40563476,1.8043653
2.3343651,3.6243653,4.3343654,1.8643652,2.0443652,0.09436523,-0.55563474,-0.54563475,-0.24563476,-1.6056348,-2.2256348,-2.1556349,-3.1356347,-3.7956347,-3.5556347,-3.0656347,-3.1656349,-3.7156348,-3.5756347,-3.7756348,-2.7056348,-5.525635,-7.4356346,-1.7056347,-0.86563474,1.1543652,0.5043652,0.63436526,-0.46563476,0.96436524,0.66436523,0.6243652,0.66436523,-2.1156347,-2.1056347,0.004365234,-3.4556348,-4.4956346,-2.2456348,0.34436524,0.09436523
1.0943652,3.7243652,2.8343651,3.0943651,1.3943652,1.6243652,2.2843652,0.89436525,0.044365235,-1.2056347,-1.9856348,-2.4656348,-3.9256349,-4.615635,-3.9856348,-3.3556347,-3.1856349,-3.3356347,-4.305635,-5.885635,-5.675635,-3.5956347,0.88436526,-2.9156349,-2.3656347,-2.4056349,-1.9856348,-1.8656348,0.37436524,-1.8056347,-2.1956348,-3.2256348,-0.71563476,3.2643652,-1.2756348,0.83436525,1.5143652,2.0243652,0.48436522,0.6843652,-2.0656347
0.9343652,1.7243652,1.2343652,-2.1956348,-3.9856348,0.8643652,0.24436523,0.59436524,0.17436524,-0.6856348,-0.6956348,-1.0856347,-2.3756347,-4.2256346,-5.195635,-3.6556349,-3.3256347,-3.2256348,-3.4256349,-4.255635,-3.7556348,-2.3156347,-2.3356347,-2.0156348,-2.5456347,-2.5656347,-2.9156349,-1.3756348,-1.7256348,-2.9156349,-3.8256347,-2.6156347,-0.13563477,0.42436522,-0.7556348,-3.1456347,-4.8156347,-3.9056349,-8.095634,-4.1456347,-1.9756348
-0.16563477,1.1143652,3.7743652,5.804365,5.6843653,1.3543652,2.2643652,1.5743653,0.9243652,0.90436524,0.06436524,-0.30563477,-2.4256349,-2.7956347,-3.0856347,-3.6356347,-3.0356348,-3.0456347,-3.0556347,-3.2556348,-4.035635,-2.4156349,-1.6156348,-1.8156347,-1.7756348,-2.3656347,-3.3556347,-2.9756348,-3.3056347,-3.3356347,-3.7956347,-4.0656347,-4.2256346,-2.6956348,1.2743652,-4.4356346,0.49436525,0.51436526,-4.075635,-7.7256346,-5.175635
-0.095634766,0.10436524,-0.015634766,-0.0056347656,0.84436524,1.3543652,1.0543653,2.4543653,2.2943652,2.1443653,1.6243652,0.89436525,-0.035634767,-1.5756347,-2.3256347,-2.6256347,-2.8556347,-2.4256349,-2.3356347,-2.2456348,-3.3656347,-3.0656347,-2.4256349,-1.9056348,-1.5256348,-1.4756348,-2.4956348,-2.1656349,-2.9456348,-3.1556349,-3.6556349,-5.0856347,-5.785635,-7.735635,-0.7556348,-0.84563476,-0.08563477,0.12436523,-0.80563474,-0.97563475,-1.5256348
0.12436523,0.22436523,0.48436522,0.17436524,1.3343652,1.7443652,1.1043652,2.9443653,3.1243653,2.1643653,2.6743653,2.0343652,1.3843652,0.6743652,-0.65563476,-0.71563476,-1.5356348,-1.9556347,-1.5956348,-0.54563475,-2.2456348,-2.7356348,-2.8256347,-2.1456347,-1.5256348,-0.20563477,-1.1656348,-1.3856348,-1.1356348,-3.3256347,-2.5556347,-3.5156348,-5.2456346,-7.755635,-2.1856349,-3.5556347,-2.4956348,-0.77563477,0.38436523,0.7343652,-0.25563475
1.3443652,0.95436525,0.91436523,0.89436525,1.9543653,1.6343652,1.7743652,0.90436524,2.6843653,2.3343651,2.3043652,1.6543652,0.22436523,2.4743652,2.4843652,0.63436526,0.78436524,-0.12563476,-0.22563477,-0.20563477,-0.13563477,-1.5956348,-1.9356347,-1.5556347,-0.24563476,-0.24563476,0.39436522,-0.26563478,-0.6356348,-0.8956348,-2.2256348,-2.5856347,-2.9156349,-3.4356349,-1.7456348,-2.7456348,-3.4556348,-2.5356348,-0.105634764,-0.9456348,-1.4956348
2.0143652,2.1443653,1.9043652,1.3143653,1.4143653,0.48436522,1.3843652,0.65436524,0.48436522,1.5043652,1.9643652,1.9643652,0.7543652,1.0243652,2.8143651,2.6443653,2.1243653,2.0843651,2.0443652,1.6543652,1.4543653,0.46436524,-0.5056348,-0.48563477,0.39436522,1.2843652,1.9243653,1.6043652,1.0943652,0.49436525,0.64436525,-0.21563476,-1.7356348,-2.2556348,-2.0556347,-0.96563476,0.19436523,-0.6456348,-0.98563474,0.6043652,1.7243652
2.6343653,2.9243653,2.1743653,1.3843652,1.0543653,0.52436525,1.0643653,1.7443652,1.4143653,1.7043653,1.5143652,1.4543653,1.7843652,1.4643652,1.4443653,2.1843653,2.7343652,2.6043653,2.8743653,2.6243653,2.2443652,2.1343653,1.1443652,1.4143653,1.0443653,1.2043653,1.7243652,2.2043653,2.4943652,1.8943652,2.1043653,1.0743653,-0.20563477,-0.61563474,-1.5356348,-0.9956348,-1.6556348,0.48436522,0.71436524,0.5643652,-0.105634764
1.7843652,1.6943653,2.1243653,1.8443652,1.2343652,0.41436523,0.09436523,0.41436523,0.8643652,1.4443653,1.4643652,0.17436524,0.42436522,1.1243652,1.1743653,1.9743652,2.1943653,2.1343653,3.3943653,3.3443651,2.9843652,2.3443651,1.9443653,2.1543653,2.4243653,2.4743652,3.5743651,3.4643652,3.3743653,3.2543652,2.7943652,2.8843653,2.0743651,1.9343653,1.1643653,0.76436526,1.2843652,1.3643652,0.13436523,-0.13563477,0.25436524
2.5543652,2.1643653,2.4043653,1.5143652,1.6543652,0.28436524,0.22436523,1.4543653,1.8143653,2.0943651,1.4443653,0.6843652,0.7443652,0.8043652,1.1243652,1.6143652,2.4143653,2.8243651,3.2943652,3.4343653,4.9343653,4.444365,3.8443651,3.6843653,3.7043653,4.5443654,4.5043654,4.574365,4.804365,4.714365,4.864365,4.724365,3.9843652,3.4343653,3.3443651,2.9143653,2.4343653,1.8343652,1.8943652,1.2443652,1.1443652
3.1943653,2.5043652,2.3543653,2.1943653,1.5343652,1.8243653,1.8743652,2.1143653,2.3043652,2.8043652,2.2643652,0.66436523,0.9843652,1.4943652,0.9943652,1.4543653,2.0743651,2.8643653,3.0343652,3.2143652,3.5243652,4.1443653,3.9243653,3.5743651,3.9343653,4.054365,4.4343653,5.0043654,5.264365,5.3943653,5.844365,5.924365,5.8343654,5.6243653,4.3343654,4.3543653,3.4943652,2.9943652,2.8443651,2.4143653,2.9143653
2.3743653,2.6243653,2.1743653,2.5943651,2.6143653,2.4943652,1.9243653,2.0443652,1.7343652,1.1543652,2.0343652,2.4443653,1.8543652,0.024365235,2.4743652,2.3443651,2.0143652,2.0243652,2.9243653,2.9843652,3.2743652,3.6343653,3.4643652,3.1543653,2.7743652,3.4443653,4.014365,4.694365,5.614365,5.694365,5.8343654,6.9543653,5.3743653,5.924365,6.0443654,6.3343654,6.1243653,5.974365,5.054365,5.2743654,2.8443651
