wind_kz.json
{"header": {"discipline":0,"disciplineName":"Meteorological products","gribEdition":2,"gribLength":1025,"center":7,"centerName":"US National Weather Service - NCEP(WMC)","subcenter":0,"refTime":"2023-08-17T18:00:00.000Z","significanceOfRT":1,"significanceOfRTName":"Start of forecast","productStatus":0,"productStatusName":"Operational products","productType":1,"productTypeName":"Forecast products","productDefinitionTemplate":0,"productDefinitionTemplateName":"Analysis/forecast at horizontal level/layer at a point in time","parameterCategory":2,"parameterCategoryName":"UnknownDiscipline_0_Category_2","parameterNumber":3,"parameterNumberName":"UnknownParameter_D0_C2_3","parameterUnit":"Unknown","genProcessType":2,"genProcessTypeName":"Forecast","forecastTime":120,"surface1Type":103,"surface1TypeName":"Specified height level above ground","surface1Value":10.0,"surface2Type":255,"surface2TypeName":"Missing","surface2Value":0.0,"gridDefinitionTemplate":0,"gridDefinitionTemplateName":"Latitude_Longitude","numberPoints":615,"shape":6,"shapeName":"Earth spherical with radius of 6,371,229.0 m","gridUnits":"degrees","resolution":48,"winds":"true","scanMode":64,"nx":41,"ny":15,"basicAngle":0,"lo1":47.0,"la1":41.0,"lo2":87.0,"la2":55.0,"dx":1.0,"dy":1.0}, "data":
[rows 0 to 14 of 15, columns 0 to 40 of 41]
-1.0356299,-2.7456298,0.8743701,-2.55563,1.0143701,-3.06563,-3.52563,-6.44563,1.5843701,2.3443701,2.2843702,2.45437,3.35437,3.22437,0.6943701,0.22437012,0.76437014,-2.28563,-3.06563,-2.10563,-3.7156298,-3.2056298,-2.9256299,-0.9356299,-2.4156299,0.5343701,-0.4756299,1.9543701,-0.5156299,-1.4756299,-4.15563,-4.23563,-0.04562988,-1.9456298,-2.27563,-6.40563,-8.99563,-9.93563,-8.2956295,-3.9256299,0.95437014
2.14437,2.39437,-1.7456299,1.6843702,1.3143702,-2.1656299,-4.16563,-2.84563,2.41437,-1.1156299,-0.13562988,-1.6156299,-2.33563,-2.06563,-3.1956298,-3.4856298,-4.16563,-2.61563,-3.78563,-3.07563,-3.9356298,-2.7056298,1.7643701,1.1943702,-1.8256298,-3.1656299,-4.39563,-0.055629883,-1.2256299,-0.8756299,0.18437012,0.2643701,-1.9356298,-4.35563,-4.0556297,-1.2756299,1.5443702,-6.19563,-4.14563,-2.6856298,5.53437
2.63437,3.71437,1.4943701,3.2443702,-2.31563,-1.5256299,-2.1756299,-2.9256299,2.88437,3.0143702,2.64437,2.43437,-0.54562986,-2.07563,-3.13563,-3.6956298,-3.56563,-3.32563,-1.4456298,-3.2256298,-4.79563,-3.10563,0.22437012,-0.31562987,0.7243701,2.2343702,2.8243701,0.6143701,0.9743701,2.86437,2.96437,3.0843701,3.4843702,-1.6756299,-0.4156299,2.10437,1.7743701,-3.77563,-1.2956299,-0.3856299,-1.9956299
3.36437,5.31437,4.32437,2.5843701,0.5943701,-1.4556298,-4.54563,-1.1156299,-3.7156298,-4.66563,-6.19563,1.3543701,0.35437012,-1.6556299,-2.7156298,-2.57563,-3.02563,-2.82563,0.77437013,-0.7656299,-3.82563,-2.58563,-1.2456299,-2.2356298,-2.34563,-0.97562987,0.6543701,-0.7556299,1.6343701,-1.0556298,0.13437012,-1.6856298,-2.5156298,-1.2856299,0.77437013,-0.20562989,1.1443701,1.9343702,0.2743701,-0.065629885,1.7543701
3.2943702,5.1743703,4.73437,3.39437,0.77437013,-0.9356299,-0.79562986,1.9343702,5.2143703,0.004370117,-3.10563,-6.25563,2.89437,0.6143701,-1.5456299,-2.1756299,-2.4256299,-0.6956299,2.5743701,2.3043702,-1.8956299,-2.9856298,-3.02563,-3.59563,-3.36563,-0.20562989,0.2743701,-1.0856299,-4.18563,-4.56563,2.0143702,1.4343702,1.9943701,0.014370117,-0.39562988,-1.0456299,-1.2456299,-2.58563,-2.7056298,-8.10563,-6.81563
3.61437,4.32437,6.33437,5.2143703,1.8643701,0.114370115,5.60437,4.01437,1.3543701,0.38437012,1.9743701,-0.39562988,2.7943702,1.8943701,-1.8656299,-3.32563,-6.02563,1.0243701,3.4943702,3.7843702,1.4043701,0.4843701,-0.5956299,-2.30563,-1.4356298,-1.2256299,0.58437014,-2.0156298,-4.01563,-4.3056297,-4.02563,-1.3056298,-0.4456299,0.6643701,1.9443702,1.4243702,2.17437,1.8643701,-1.6256299,-0.8256299,1.7043701
-0.60562986,3.5843701,2.8343701,4.60437,4.7143703,3.7543702,4.10437,5.6343703,4.23437,0.6743701,2.0843701,2.0443702,2.17437,1.1843702,-1.2556299,-3.7556298,-5.04563,-6.66563,-5.90563,-2.60563,2.11437,1.6943702,3.41437,-0.3556299,-0.8356299,-2.06563,2.41437,0.9043701,-2.34563,-3.89563,-3.2256298,-3.39563,-1.6056299,-3.2256298,-1.8856299,-1.5956299,-3.7156298,-1.7656299,-2.58563,-4.08563,-6.3656297
1.3743701,-1.8656299,0.21437012,0.6543701,1.3943701,0.40437013,4.54437,5.8843703,5.68437,3.44437,0.77437013,2.11437,0.58437014,3.3243701,2.18437,-0.14562988,-3.4156299,-4.75563,-5.12563,-4.8256297,-4.04563,-0.8156299,0.10437012,-0.13562988,-0.6956299,0.8143701,-0.72562987,-0.4756299,-1.0856299,-3.02563,-3.35563,-4.48563,-3.6756299,-3.55563,-0.37562987,-1.2156299,-0.095629886,-0.5956299,0.8143701,0.70437014,-0.43562987
1.3643701,3.5643702,2.9843702,-3.4056299,3.8143702,1.0043701,-4.83563,3.0543702,-0.72562987,10.38437,5.1743703,3.5043702,2.15437,4.18437,3.7843702,2.4943702,0.3043701,-2.79563,-2.89563,-4.3056297,-2.63563,-3.80563,-4.85563,-2.60563,-2.1956298,-1.1356299,-0.9656299,0.6343701,1.0343701,-1.4756299,-1.9556298,-3.29563,-3.36563,-1.4456298,-1.3656299,-2.4456298,-1.4456298,2.3343701,-0.30562988,-2.05563,-2.9056299
-1.3956299,2.67437,3.7443702,0.6743701,-2.64563,2.41437,0.8443701,-1.7556299,-0.85562986,-3.32563,5.29437,4.1543703,3.11437,3.37437,3.43437,4.6943703,3.0243702,1.5243701,0.20437011,-2.05563,-2.57563,-3.4456298,-3.4756298,-3.6856298,-3.11563,0.9043701,0.8143701,0.6543701,0.10437012,-1.0656298,-0.7556299,-2.81563,-4.69563,-4.92563,-2.9656298,-1.5556298,0.47437012,-2.6756299,0.46437013,2.16437,1.8043702
-1.4956299,3.0043702,0.47437012,0.2943701,-0.11562988,-2.11563,3.0043702,7.25437,2.4843702,1.4043701,3.4943702,3.70437,2.63437,4.14437,3.0643702,5.35437,4.12437,3.47437,1.6543701,-0.07562988,-0.025629884,-2.04563,-3.81563,-3.6656299,-0.15562989,1.9343702,1.4743701,2.13437,0.7343701,1.6643701,-0.27562988,-2.4056299,-3.59563,-3.06563,-3.4156299,-2.89563,-2.09563,0.7943701,0.64437014,1.3143702,0.41437012
-1.0956299,2.93437,3.62437,3.9843702,3.66437,1.4043701,4.77437,2.2943702,3.0843701,2.47437,2.69437,3.2843702,3.0043702,4.6543703,3.8143702,3.2643702,3.91437,2.91437,2.18437,0.9143701,-1.0156299,-2.63563,-3.30563,-2.02563,1.0743701,0.8543701,2.44437,3.7743702,2.0243702,0.7443701,0.21437012,1.2543701,-0.30562988,-0.5056299,-1.6956298,-2.7456298,-1.9556298,-1.0856299,-0.97562987,-0.53562987,-0.8156299
-1.2456299,2.21437,3.0643702,2.0243702,1.8343701,0.5343701,-0.28562987,4.34437,1.8943701,3.3343701,2.2643702,2.88437,3.64437,4.84437,5.07437,3.67437,2.5143702,3.18437,2.8343701,2.0343702,1.7643701,-0.16562988,-1.5156299,0.8643701,2.70437,2.5143702,3.47437,3.2943702,2.95437,1.0443702,-0.5656299,-1.4656299,-0.92562985,-1.9656299,-2.5156298,-3.0156298,-3.4156299,-1.7756299,-2.58563,-1.2256299,-0.4556299
-0.5956299,-0.2956299,1.1143701,1.5743701,5.01437,4.01437,3.0743701,3.37437,-0.6856299,0.074370116,0.5643701,0.28437012,1.7243701,6.07437,5.83437,4.10437,3.91437,2.96437,3.20437,3.18437,2.66437,1.3543701,-0.4456299,-2.87563,0.2743701,3.60437,2.89437,4.03437,4.12437,2.69437,2.14437,1.6943702,0.6943701,-0.67562985,-1.4656299,-2.86563,-3.03563,-2.03563,-1.9156299,-1.7156299,-1.5156299
-1.0556298,-1.4956299,0.76437014,0.95437014,0.71437013,1.7943702,3.0743701,4.25437,5.07437,4.58437,1.6243701,0.4843701,1.5443702,1.4743701,5.70437,4.31437,3.40437,3.9843702,4.01437,3.0343702,3.4843702,2.0043702,0.10437012,-2.7156298,-1.1256299,1.8343701,3.68437,5.47437,3.5543702,3.3343701,3.4843702,2.44437,1.2543701,0.5043701,0.37437013,-0.6556299,-1.4956299,-1.8656299,-1.9056299,-2.33563,-1.5256299
