wind_kz.json
{"header": {"discipline":0,"disciplineName":"Meteorological products","gribEdition":2,"gribLength":1102,"center":7,"centerName":"US National Weather Service - NCEP(WMC)","subcenter":0,"refTime":"2023-10-03T18:00:00.000Z","significanceOfRT":1,"significanceOfRTName":"Start of forecast","productStatus":0,"productStatusName":"Operational products","productType":1,"productTypeName":"Forecast products","productDefinitionTemplate":0,"productDefinitionTemplateName":"Analysis/forecast at horizontal level/layer at a point in time","parameterCategory":2,"parameterCategoryName":"UnknownDiscipline_0_Category_2","parameterNumber":2,"parameterNumberName":"UnknownParameter_D0_C2_2","parameterUnit":"Unknown","genProcessType":2,"genProcessTypeName":"Forecast","forecastTime":300,"surface1Type":103,"surface1TypeName":"Specified height level above ground","surface1Value":10.0,"surface2Type":255,"surface2TypeName":"Missing","surface2Value":0.0,"gridDefinitionTemplate":0,"gridDefinitionTemplateName":"Latitude_Longitude","numberPoints":615,"shape":6,"shapeName":"Earth spherical with radius of 6,371,229.0 m","gridUnits":"degrees","resolution":48,"winds":"true","scanMode":64,"nx":41,"ny":15,"basicAngle":0,"lo1":47.0,"la1":41.0,"lo2":87.0,"la2":55.0,"dx":1.0,"dy":1.0}, "data":
[rows 0 to 14 of 15, columns 0 to 40 of 41]
0.4245752,0.3645752,-1.1254249,-3.1954248,-5.695425,-7.915425,-10.075425,-10.145425,-11.375424,-7.9954247,-7.4254246,-6.7654247,-6.205425,-6.1354246,-6.1154246,-6.065425,-6.025425,-7.475425,-7.375425,-6.9954247,-3.815425,-1.1954248,1.1245751,1.3045752,-1.4154248,-0.8854248,-0.7554248,-3.3054247,-1.7754248,-0.3054248,1.3745751,0.5145752,-0.5354248,-0.3854248,-4.025425,-4.945425,-6.645425,-7.9954247,-8.235425,-5.945425,-5.205425
1.2245752,-2.2254248,-6.9254246,-9.325425,-8.935425,-9.225425,-8.845425,-9.335424,-8.315425,-7.2854247,-6.9054246,-6.4054246,-5.565425,-5.3054247,-5.085425,-4.775425,-4.895425,-5.6354246,-5.0754247,-4.255425,-3.7254248,-2.075425,-1.9154248,0.8045752,-0.7354248,-0.8354248,-0.5054248,-0.5754248,0.3745752,0.2845752,0.4145752,0.8645752,-0.035424806,0.2145752,0.2345752,-0.7954248,-1.1654248,-1.6854248,1.1145751,-1.3054248,-1.0954248
-1.2554249,-8.575425,-9.705425,-9.375424,-9.135425,-8.575425,-8.685425,-7.6154246,-8.025425,-6.0954247,-5.255425,-4.795425,-4.2654247,-4.2854247,-3.7654247,-3.315425,-4.025425,-3.6454248,-3.3854249,-3.2354248,-1.5454248,-3.095425,-4.985425,-7.5754247,-3.5054247,-5.9054246,-4.815425,-2.315425,1.1545752,-0.8754248,1.1845752,-0.2454248,-0.7054248,-0.3954248,-0.3454248,1.2645752,0.26457518,-0.3854248,3.4745753,4.044575,1.6045752
-3.3954248,-7.8054247,-8.935425,-8.935425,-7.445425,-7.1354246,-6.2854247,-6.165425,-5.435425,-5.225425,-4.165425,-3.6354249,-2.8754249,-2.7054248,-2.3754249,-1.9554248,-1.4454248,-1.4154248,-1.6354249,-1.1754248,-1.5754248,-2.325425,-3.7854247,-4.235425,-4.205425,-4.1554246,-3.2854247,-3.9154248,-2.9054248,-3.1354249,-5.025425,-3.7254248,-5.9054246,-4.3054247,-5.255425,-2.3754249,-1.2254248,2.3345752,-0.3254248,-0.4354248,-1.0654248
-6.455425,-7.715425,-7.6754246,-6.4954247,-5.965425,-6.205425,-5.005425,-4.9254246,-4.505425,-3.4154248,-2.8054247,-2.335425,-1.2154248,-0.90542483,-0.59542483,-0.6754248,-1.1654248,-0.6054248,-0.7454248,-1.1854248,-2.2654247,-2.1354249,-1.9854248,-1.4054248,-1.3854249,-0.8654248,-1.2354248,-1.7354248,-0.9154248,-0.025424805,1.2545753,1.3445752,0.6445752,2.5745752,-1.5154248,0.9445752,2.6945753,4.044575,3.5345752,2.654575,6.374575
-5.915425,-5.6354246,-6.215425,-6.525425,-6.465425,-5.755425,-5.145425,-4.145425,-2.9354248,-2.6954248,-2.1154249,-1.4054248,-0.7654248,-0.22542481,0.6845752,-0.13542481,-0.3454248,-0.8154248,-1.1354249,-1.2654248,-0.7654248,0.7145752,1.4545752,1.7245752,1.9445752,2.0645752,1.5045753,1.4145752,0.6045752,0.9645752,2.184575,4.104575,5.794575,4.684575,4.0945754,0.8245752,2.8845751,6.684575,11.144575,2.684575,-0.1454248
-5.335425,-5.525425,-4.605425,-4.8254247,-5.435425,-4.3054247,-3.855425,-3.1454248,-2.315425,-1.8054248,-1.1854248,-0.7054248,-0.48542482,-0.45542482,-0.19542481,-0.2354248,-0.2554248,-0.3954248,-0.4154248,-0.19542481,-0.5454248,0.7245752,1.3145752,1.9645752,2.424575,3.0845752,4.184575,3.924575,3.9745753,2.9445753,3.1045752,3.9545753,4.304575,4.264575,2.7445753,1.6645752,2.8745751,1.4945751,3.0345752,-0.48542482,1.9145752
-3.8754249,-4.3654246,-3.4354248,-3.9954247,-3.7354248,-3.1754248,-2.6254249,-1.9854248,-1.5154248,-1.0954248,-0.13542481,-0.10542481,0.16457519,0.45457518,0.90457517,1.2245752,0.4745752,0.7045752,0.7545752,0.1245752,0.1745752,0.9545752,1.2245752,1.6745752,1.8545752,2.8845751,3.184575,3.0545752,3.6045752,4.034575,5.334575,5.104575,4.354575,4.8845754,6.1745753,8.144575,7.804575,6.724575,7.244575,8.174575,6.044575
-3.6754248,-3.075425,-2.7854247,-3.4554248,-2.7654247,-2.1354249,-1.6854248,-1.3554248,-0.9854248,-0.06542481,0.4645752,0.8345752,1.6045752,1.2145752,1.5845752,1.5945752,1.9445752,1.3745751,1.8445752,2.424575,2.934575,2.7945752,2.394575,2.394575,3.164575,3.5345752,4.314575,4.554575,5.2345753,6.0945754,6.2345753,5.544575,7.0945754,6.1145754,6.5945754,5.544575,5.0045753,4.1345754,1.9845752,1.0045753,1.2945752
-2.6454248,-2.105425,-2.2254248,-1.8754249,-2.605425,-1.4154248,-1.1454248,-0.2054248,0.3345752,1.0745752,1.8545752,2.7345753,2.4945753,2.4545753,2.8045752,2.3145752,2.5745752,3.154575,2.7045753,2.6245751,4.434575,4.534575,3.8645751,3.9745753,4.434575,5.024575,5.204575,6.3645754,6.874575,7.5945754,7.8445754,7.064575,5.564575,6.394575,6.1345754,5.4045753,3.0845752,0.7645752,2.2245753,2.4545753,1.4445752
-1.4954247,-1.3354248,-1.5654248,-0.7354248,0.07457519,0.054575194,0.45457518,0.9145752,1.1345752,1.8245752,2.8645751,3.6945753,2.7145753,3.8645751,3.7945752,3.5745752,3.7345753,3.7245753,3.0145752,4.1545753,5.284575,5.2145753,5.224575,5.204575,5.1545753,5.7145753,6.8845754,6.454575,6.664575,5.494575,3.8345752,4.624575,5.6145754,5.814575,7.334575,5.294575,2.6145751,2.1345751,5.704575,4.764575,2.0445752
-0.4054248,0.6945752,0.84457517,0.65457517,0.7945752,1.1145751,0.7745752,1.3345752,1.6745752,1.1645752,1.7945752,4.064575,3.2745752,4.414575,4.894575,4.514575,4.6545753,4.144575,3.0745752,4.314575,3.9445753,4.374575,3.684575,3.7745752,4.7345753,5.4245753,6.1145754,5.604575,3.894575,4.044575,4.954575,6.794575,6.124575,7.3445754,5.764575,7.294575,7.314575,7.034575,7.0945754,6.2545753,5.474575
0.3845752,0.5645752,1.4945751,1.2045752,1.4245752,0.90457517,1.8545752,2.2545753,2.6245751,0.8045752,0.8145752,3.6045752,3.2645752,4.784575,4.5745754,4.644575,4.434575,3.934575,2.2645752,3.3345752,3.394575,2.6145751,3.654575,3.7245753,3.4645753,5.024575,4.264575,3.2645752,4.3245754,5.0945754,5.554575,6.794575,6.064575,6.604575,7.304575,7.744575,8.044575,5.894575,8.254575,8.474575,5.264575
1.4045752,1.3245752,0.8345752,1.5945752,1.0145752,1.8745751,2.644575,3.1945753,3.3645751,1.6245751,1.0845752,1.3845752,3.5445752,4.9245753,4.054575,3.5645752,3.7445753,3.3345752,2.2845752,2.5245752,1.5645752,2.2545753,3.6045752,4.684575,3.9945753,3.0345752,1.2045752,1.9945751,3.5445752,4.494575,5.4245753,5.8445754,6.4445753,7.3445754,7.104575,8.224575,7.7545753,8.204576,8.554575,5.8645754,8.464575
1.1745752,1.3845752,1.8045752,1.4145752,1.9645752,2.2645752,2.8845751,3.1945753,3.664575,1.5745752,0.6445752,2.8345752,2.6345751,1.2345752,3.164575,3.394575,3.404575,3.924575,1.2545753,1.0645752,1.3945752,2.6945753,2.6145751,1.6745752,1.7945752,1.2945752,1.8645751,2.8645751,4.224575,4.874575,5.874575,6.6745753,6.494575,7.1145754,8.004575,9.204576,8.424575,9.134575,10.154575,9.414576,6.434575
