wind_kz.json
{"header": {"discipline":0,"disciplineName":"Meteorological products","gribEdition":2,"gribLength":1025,"center":7,"centerName":"US National Weather Service - NCEP(WMC)","subcenter":0,"refTime":"2024-03-19T12:00:00.000Z","significanceOfRT":1,"significanceOfRTName":"Start of forecast","productStatus":0,"productStatusName":"Operational products","productType":1,"productTypeName":"Forecast products","productDefinitionTemplate":0,"productDefinitionTemplateName":"Analysis/forecast at horizontal level/layer at a point in time","parameterCategory":2,"parameterCategoryName":"UnknownDiscipline_0_Category_2","parameterNumber":3,"parameterNumberName":"UnknownParameter_D0_C2_3","parameterUnit":"Unknown","genProcessType":2,"genProcessTypeName":"Forecast","forecastTime":300,"surface1Type":103,"surface1TypeName":"Specified height level above ground","surface1Value":10.0,"surface2Type":255,"surface2TypeName":"Missing","surface2Value":0.0,"gridDefinitionTemplate":0,"gridDefinitionTemplateName":"Latitude_Longitude","numberPoints":615,"shape":6,"shapeName":"Earth spherical with radius of 6,371,229.0 m","gridUnits":"degrees","resolution":48,"winds":"true","scanMode":64,"nx":41,"ny":15,"basicAngle":0,"lo1":47.0,"la1":41.0,"lo2":87.0,"la2":55.0,"dx":1.0,"dy":1.0}, "data":
[rows 0 to 14 of 15, columns 0 to 40 of 41]
-1.5623255,-1.7823254,-1.2723254,-8.552325,-6.072325,-4.2023253,1.2576746,1.1276746,-0.01232544,1.0276746,0.15767457,0.42767456,0.12767456,-0.89232546,-0.05232544,-0.30232543,-1.3823254,-1.7023255,-2.2423255,-1.6523254,-2.2023253,1.4176745,-1.2323254,-0.95232546,-1.0423255,-0.28232545,-0.6223254,1.5076746,1.4676746,-1.3923254,-3.3923254,-4.3023252,0.36767456,-1.8523254,-0.14232545,-2.4323254,-1.1423254,-3.7123253,-0.70232546,-2.1423254,2.5376747
2.7076745,-1.0223254,-8.932325,-4.5423255,1.3576746,3.2676744,0.31767455,2.3676746,1.7376746,1.5176746,-0.18232544,-0.57232547,-1.1723255,-1.0823255,-2.7823255,-2.8223255,-2.2323256,-1.6123254,-2.5423255,-2.9523253,-1.6723255,3.7076745,3.0376747,1.8276745,0.34767455,2.6576746,-0.12232544,1.9476745,0.41767457,-1.2423254,0.5676746,0.65767455,-1.1223254,-2.1623254,-5.6623254,-3.1523254,-2.7023253,-4.6723256,-3.6023254,-3.1423254,0.6176746
-0.38232544,-7.0523252,-6.7523255,-6.0623255,3.2776747,3.1076746,1.9976746,2.1376746,2.3676746,1.5876746,1.2076745,0.31767455,-1.1923255,-2.0323255,-2.3423254,-2.7923255,-2.9423254,-2.5223255,-0.09232544,-2.1523254,-2.5923254,1.4276745,2.2376745,0.79767454,0.45767456,0.88767457,1.2576746,1.0276746,-0.54232544,0.6176746,0.84767455,0.33767456,0.52767456,-1.9823254,-1.1423254,0.12767456,0.77767456,-1.3823254,-0.28232545,-0.03232544,-0.57232547
-1.7123255,-3.3323255,-5.1423254,-4.0823255,0.7576746,2.7776747,3.3976746,3.5676746,2.8376746,2.4276745,1.3876746,-0.49232543,-1.0423255,-2.8723254,-2.9423254,-3.4723253,-3.0923254,-2.7723255,-2.4823256,-0.6823254,-2.3523254,0.54767454,2.8076746,0.7476746,-0.13232544,-0.05232544,2.1476746,-1.5123254,-2.4723253,-0.91232544,-1.6723255,-3.4923255,-1.8623254,0.76767457,1.0676745,-0.29232544,1.2976745,2.5676746,-0.17232543,-1.4423255,-2.8923254
-2.6523254,-3.9523253,-3.8823254,-3.4023254,1.8576746,2.5276747,3.3476746,3.4476745,2.6276746,2.3876746,1.8776746,1.7976745,-0.95232546,-3.8523254,-3.2223253,-3.5623255,-2.2923255,-2.9223254,-1.7023255,-1.4923254,-1.5823255,-2.1523254,-2.7423255,0.8176746,0.01767456,-1.9623255,-1.4123254,-2.1823254,-1.2323254,-2.6123254,-4.3923254,-1.6923255,0.05767456,-0.15232544,-1.4623255,-0.82232547,-4.8623257,1.4176745,-2.7923255,-3.1823254,-0.23232543
-0.6223254,-2.3923254,-2.6023254,-3.0323255,0.12767456,3.5476747,2.4276745,3.1776745,2.5276747,2.2176745,2.1476746,1.4076746,-2.0123255,-3.0423255,-3.2823255,-3.6023254,-3.0223255,-0.9923254,-1.6523254,-1.3823254,-2.2023253,-1.4823254,0.65767455,-1.9923254,0.0076745604,-0.7423254,-3.0823255,-3.2523255,-1.5323254,-2.1323254,-3.1923254,-4.1223254,-4.4923253,-2.8223255,1.1276746,-2.0523255,0.09767456,-2.4123254,-5.4423256,0.54767454,-0.61232543
0.38767457,-0.36232543,2.6476746,1.2376746,1.0376745,1.7876745,3.2976747,3.2176745,1.9976746,2.1776745,1.4876746,0.06767456,-1.3223255,-2.7823255,-3.4923255,-4.6023254,-3.1223254,-2.9523253,-2.9523253,-2.0323255,-0.67232543,-1.6823255,-0.71232545,2.1776745,2.0576746,1.6776745,-1.6823255,-1.9723254,-4.342325,-3.1723254,-4.0323253,-6.4423256,-7.322325,-9.922325,-0.58232546,-0.05232544,-3.0723255,-2.1323254,-3.6823254,-1.2223254,-1.9723254
-2.2423255,-0.77232546,0.0076745604,3.0376747,2.9276745,2.8476746,3.4576745,3.5376747,3.6876745,2.6476746,1.9176745,1.0576745,-1.9523255,-2.4123254,-3.9923255,-4.4723253,-4.2123256,-4.1223254,-3.1423254,-0.65232545,-2.7223253,-2.2423255,-0.72232544,3.3676746,3.4176745,2.8576746,3.3676746,0.58767456,-1.6223254,-4.4223256,-4.9423256,-4.3323255,-5.6523256,-8.7723255,-3.5423255,-1.2023255,-1.7023255,1.1076746,0.33767456,0.0076745604,-0.91232544
1.0976746,-0.53232545,-0.17232543,2.2276745,3.7876747,3.0376747,3.0276747,3.2576745,3.1876745,3.1576746,2.5276747,0.7476746,-0.46232545,-2.7023253,-3.0323255,-3.9723253,-4.4923253,-4.2223253,-3.4823256,-2.0323255,-0.92232543,-3.1123254,-3.0123255,0.67767453,2.8476746,4.7476745,2.5476747,1.9576745,2.7376745,0.44767457,-1.9723254,-3.4123254,-2.9623253,-5.4423256,-3.5323255,-4.0423255,-3.5023255,-3.6823254,-6.1623254,-4.7323256,-4.7023253
0.57767457,0.05767456,3.5176744,3.5576746,3.7476745,3.2276745,3.2376745,3.5876746,4.5876746,3.4776745,2.6976745,1.3976746,0.84767455,-1.4323255,-2.5123255,-3.1523254,-3.7523255,-3.8423254,-3.1523254,-2.2823255,-1.5623255,-2.4223254,-2.7623255,-1.6723255,-0.34232545,0.79767454,0.07767456,2.0276747,1.2976745,0.39767456,1.3076745,-0.9323254,-2.9823256,-4.9623256,-4.8023252,-1.4523255,0.20767456,-2.6823254,-2.8723254,-1.8223255,-1.9423255
1.1176746,-2.0923254,1.4076746,1.0876746,2.0476747,3.3376746,3.7076745,2.7076745,2.1176746,2.4876745,1.2176746,1.0376745,1.7376746,0.91767454,-0.32232544,-1.7223254,-2.4123254,-2.6323254,-2.1723254,-1.8623254,-1.8423254,-2.8823254,-2.0623255,-1.3923254,-0.6923254,1.1776745,2.0876746,1.1576746,0.41767457,1.7876745,0.52767456,-0.51232547,-2.2323256,-4.1223254,-5.1023254,-4.9623256,-2.1423254,1.0176746,-0.57232547,0.19767456,-0.6323254
0.36767456,0.08767456,1.3576746,2.5576746,2.1276746,1.5776745,1.6176746,2.1376746,1.6876745,1.9876746,0.7476746,0.84767455,1.4376745,1.7676746,0.79767454,-0.76232547,0.20767456,-0.64232546,-0.52232546,-0.04232544,0.53767455,-0.29232544,-0.77232546,-0.83232546,0.26767457,0.72767454,2.2876747,2.6076746,2.2076745,1.4676746,0.70767456,-0.28232545,-1.5223254,-1.7323254,-2.6923254,-3.7323256,-3.7323256,-1.5023254,0.03767456,-0.17232543,0.11767456
1.2276746,0.88767457,0.52767456,0.26767457,0.7576746,0.8776746,1.4776746,1.6376746,4.427675,2.3576746,0.027674561,1.2076745,1.9676746,1.7576746,2.1476746,1.9876746,1.1576746,0.89767456,0.88767457,0.84767455,1.5576745,1.9276745,2.0076745,1.7776746,1.8976746,1.9476745,2.2276745,1.8676746,1.8776746,1.5976746,1.1376746,0.6876746,-0.18232544,-1.2123255,-0.86232543,-0.91232544,-1.2123255,-0.90232545,-1.1623254,-0.96232545,-0.37232545
1.4076746,1.6376746,1.6576746,2.7376745,1.2376746,1.3976746,0.8676746,2.4376745,2.5576746,3.4276745,0.64767456,0.66767454,2.4976745,1.9776746,1.9476745,1.9876746,2.2076745,2.1776745,1.9276745,1.3576746,1.3176745,1.7076745,2.6376746,2.2976747,1.6876745,1.4276745,1.4976746,1.5476745,1.7176746,1.8876746,1.5176746,1.4176745,1.3376746,1.1676745,0.67767453,-0.26232544,0.14767456,-0.59232545,-0.71232545,-0.41232544,-0.97232544
1.1576746,2.1676745,0.95767456,2.2776747,2.6576746,2.1276746,1.9576745,2.0476747,3.4476745,3.4476745,1.2176746,1.3976746,1.3376746,2.0076745,4.2376747,3.5576746,3.4476745,3.3376746,3.5276747,3.2276745,3.8576746,3.9276745,3.3676746,3.0476747,2.8676746,2.3976746,3.2376745,3.0176744,3.2076745,2.9476745,2.9376745,2.1276746,1.5376745,1.4776746,1.6976745,1.9376745,1.0876746,1.3676746,0.43767455,0.70767456,-0.02232544
