wind_kz.json
{"header": {"discipline":0,"disciplineName":"Meteorological products","gribEdition":2,"gribLength":1025,"center":7,"centerName":"US National Weather Service - NCEP(WMC)","subcenter":0,"refTime":"2023-09-24T06:00:00.000Z","significanceOfRT":1,"significanceOfRTName":"Start of forecast","productStatus":0,"productStatusName":"Operational products","productType":1,"productTypeName":"Forecast products","productDefinitionTemplate":0,"productDefinitionTemplateName":"Analysis/forecast at horizontal level/layer at a point in time","parameterCategory":2,"parameterCategoryName":"UnknownDiscipline_0_Category_2","parameterNumber":2,"parameterNumberName":"UnknownParameter_D0_C2_2","parameterUnit":"Unknown","genProcessType":2,"genProcessTypeName":"Forecast","forecastTime":120,"surface1Type":103,"surface1TypeName":"Specified height level above ground","surface1Value":10.0,"surface2Type":255,"surface2TypeName":"Missing","surface2Value":0.0,"gridDefinitionTemplate":0,"gridDefinitionTemplateName":"Latitude_Longitude","numberPoints":615,"shape":6,"shapeName":"Earth spherical with radius of 6,371,229.0 m","gridUnits":"degrees","resolution":48,"winds":"true","scanMode":64,"nx":41,"ny":15,"basicAngle":0,"lo1":47.0,"la1":41.0,"lo2":87.0,"la2":55.0,"dx":1.0,"dy":1.0}, "data":
[rows 0 to 14 of 15, columns 0 to 40 of 41]
-0.5675586,1.2824414,-1.5275586,-1.1875587,0.042441405,-2.4675586,-1.3175586,-0.9975586,-2.3175585,-1.4975586,-2.6875587,-1.6475586,0.23244141,1.7024415,3.6624415,2.8824415,1.8024414,2.7924414,2.1024413,2.2624414,3.6524415,2.4824414,1.9424415,4.452441,-0.07755859,-1.2875586,1.9924414,2.7924414,-0.027558593,0.5124414,-1.6875587,1.0224414,0.9224414,-0.9575586,-0.3575586,-1.3375586,-0.9875586,-0.6975586,-1.4875586,-1.4075586,-0.64755857
-0.017558593,-2.3275585,-3.3475585,-4.3075585,-5.1575584,-2.4375587,-3.7975585,-3.9075587,-2.3175585,-0.9675586,-0.1675586,-0.7975586,-0.9675586,-1.1175586,-1.2475586,1.8024414,3.0624413,3.4224415,4.1624413,2.6524415,3.3124413,3.5724413,2.9324415,3.9624414,0.8124414,0.022441406,1.1724414,0.5324414,1.4024414,1.2624414,0.6524414,0.3924414,-0.5675586,0.9624414,0.5524414,0.7524414,-0.18755859,-1.5175586,0.7724414,-1.8275586,-1.8075585
-4.7175584,-4.9375587,-4.567559,-5.4575586,-4.8575587,-3.6875587,-2.8075585,-2.5275586,-1.0175586,0.3424414,0.0024414062,0.8224414,-0.4375586,-0.2475586,1.2124414,3.1024413,4.1724415,5.1024413,4.7824416,6.1324415,4.5624413,5.0324416,5.0324416,6.492441,6.8424416,2.4224415,2.2724414,1.3524414,3.4024415,1.0724415,0.7924414,-1.6975586,-0.7575586,1.5324414,-1.0475585,1.4124414,0.6324414,-0.7075586,-1.4075586,-1.3575586,-0.3375586
-7.9075584,-7.5575585,-7.0775585,-5.7675586,-4.1975584,-2.8375585,-0.6375586,-0.2875586,-0.9375586,-1.2875586,-1.4375587,-1.0775586,-1.2775586,-0.9175586,0.7724414,2.3224413,4.2924414,7.1124415,6.0624413,6.5624413,5.4024415,5.9124413,3.7024415,4.3924413,6.0324416,5.9224415,4.1624413,1.9324414,5.7324414,2.3124413,-1.2475586,-1.3675586,2.9124415,2.9124415,2.2024415,3.0024414,0.91244143,0.7824414,-2.0375586,-0.9875586,-2.1975586
-8.277558,-6.5375586,-5.4875584,-4.6375585,-3.0075586,-2.4675586,-2.2775586,-1.3075585,-0.9375586,-0.4375586,-0.1775586,-0.52755857,-1.0975586,-0.12755859,1.1024414,0.5124414,1.2724414,0.6824414,2.1424415,5.6624413,5.742441,3.4324415,5.2524414,6.1224413,4.8824415,3.8724413,3.4124415,1.3724414,0.2224414,-1.4675586,0.6724414,0.2924414,1.8324414,-0.6275586,-1.9275585,-1.6175586,-3.1975586,-3.7475586,-2.5575585,-1.8675586,-1.1775585
-4.8075585,-4.0575585,-3.4175587,-4.3675585,-3.8175585,-3.1775587,-1.7075586,-1.6675586,-1.4675586,-1.5075586,-1.5475585,-2.1275587,-1.5175586,-0.4375586,-0.6675586,-0.3375586,0.6824414,1.8024414,0.7424414,1.3424414,2.1424415,3.8224413,6.2824416,4.8024416,3.1924415,2.4124415,-2.3875587,-1.5175586,-4.2275586,-3.7175586,-3.4175587,-3.2575586,-2.9275587,-0.3375586,2.3824415,1.6924415,0.022441406,-1.5075586,-2.6875587,-3.7375586,-3.6675587
-3.2375586,-2.6775587,-3.3575585,-3.1775587,-2.3375585,-2.3175585,-1.9875586,-2.1975586,-1.4975586,-1.8475586,-2.3675585,-2.2675586,-1.5675586,-1.3275586,-1.0675586,0.20244141,0.60244143,1.8324414,1.0724415,1.8524414,-0.12755859,-0.9275586,2.0524414,4.742441,2.8024414,-1.2175586,-0.8675586,-2.2975585,-2.8975587,-2.6675587,-2.7875586,-1.4675586,-2.0975585,-2.0075586,-3.4375587,0.032441407,0.33244142,-1.0975586,-1.5375586,0.8124414,-2.8175585
-3.5875585,-3.4275587,-3.2775586,-2.5475585,-1.9975586,-1.9475586,-1.4675586,-1.8275586,-0.8575586,-2.4275587,-2.7075586,-2.1475587,-2.2775586,-1.4775586,-1.1075586,-1.3575586,-2.2275586,-1.8275586,0.3524414,-1.2375586,-2.7975585,-3.7075586,-3.0775585,-3.8775587,-1.7475586,-0.0875586,-0.5975586,-0.5075586,-1.2475586,-1.1975586,0.23244141,-0.77755857,-0.2875586,0.4424414,2.0424414,-2.5975585,-3.0775585,-5.1375585,-6.5975585,-6.277559,-2.1275587
-2.9275587,-2.9075587,-2.2975585,-1.9275585,-1.5875586,-1.3775586,-1.3775586,-0.6975586,-0.8775586,-1.2075586,-1.7675586,-1.1975586,-0.7875586,-1.2775586,-1.5075586,-2.3075585,-2.3175585,-1.5075586,-1.0375586,-2.5675585,-3.0575585,-3.4175587,-4.007559,-5.5175586,-3.5275586,-0.3175586,0.082441404,-1.1575586,-0.2175586,1.3924414,3.3424413,3.2424414,1.2924414,-0.4975586,-0.9675586,-2.5975585,-1.7375586,1.0024414,-0.3675586,0.042441405,-0.057558592
-1.8675586,-1.5275586,-1.1575586,-1.1475586,-0.9375586,-0.6675586,-0.7475586,-1.5675586,-1.7175586,-0.47755858,-0.3775586,-0.83755857,-0.83755857,-1.2575586,-1.6175586,-2.1375587,-1.9675586,-1.9975586,-2.2875586,-2.5375586,-2.4175587,-2.8275585,-2.0875585,-3.6175585,-2.8075585,-4.6575584,-5.0975585,-3.2675586,-0.89755857,0.9324414,1.9424415,1.5424414,0.18244141,-0.037558593,-0.9475586,-1.0575585,-1.6175586,-1.5875586,1.4924414,0.9224414,-0.8575586
-0.4675586,-0.47755858,-0.18755859,-0.067558594,0.1324414,0.20244141,0.18244141,0.09244141,-1.7075586,-0.6375586,0.2424414,0.8924414,0.1224414,-0.7175586,-1.4175586,-1.4675586,-1.6475586,-2.3275585,-3.2575586,-2.8975587,-2.9875586,-3.6675587,-4.2875586,-3.5975585,-3.5975585,-2.9075587,-4.0875587,-3.0575585,-3.1175585,-2.4275587,-2.7175586,-2.6075585,-2.5675585,-2.0075586,-1.9675586,-0.6275586,0.15244141,-0.047558594,2.1524415,-0.4675586,0.7724414
1.4324414,2.0824413,2.0324414,1.8624414,1.5424414,1.4424415,1.3124413,1.6924415,1.2624414,1.2624414,1.2824414,0.60244143,1.2824414,-0.0075585935,0.1224414,-0.3275586,-0.6375586,-0.89755857,-1.2375586,-0.10755859,-1.4975586,-2.4675586,-2.3475585,-2.5575585,-0.9275586,-1.5575585,-2.2475586,-1.4275585,-0.6575586,-0.7275586,0.23244141,-0.4075586,-0.9975586,-1.5875586,-0.9575586,0.4124414,1.9224414,1.4824414,-0.12755859,-0.4575586,-0.4075586
2.0624413,2.4824414,2.0624413,2.8224413,2.1624415,1.9824414,2.5024414,2.5224414,2.6224413,1.3324414,1.1624414,2.1624415,1.5324414,0.85244143,0.4624414,0.7924414,-0.057558592,-0.5175586,-0.7175586,-1.1375586,-0.9675586,-1.0575585,-0.9775586,-0.2775586,0.2824414,1.5324414,-2.1375587,0.2624414,0.91244143,1.9324414,1.7524414,0.27244142,-1.7275586,-1.7275586,-1.5475585,0.7924414,0.3524414,-0.38755858,-0.3075586,0.012441406,0.082441404
3.2424414,3.2124414,1.8624414,3.0124414,3.1224413,3.2424414,2.8024414,1.4524415,1.4624414,1.5824414,1.1024414,1.1624414,1.9624414,1.3924414,1.4224414,0.9824414,0.5024414,-0.77755857,-1.4775586,-1.6575586,-1.0875586,-0.47755858,0.032441407,-0.5175586,0.8324414,-1.3175586,-1.6775585,0.20244141,0.6124414,1.2024415,1.1324414,0.5524414,-0.5075586,-1.3975586,-0.10755859,-1.9175586,-1.6075586,-0.7575586,0.10244141,0.7824414,0.8824414
3.0324414,4.5124416,4.7124414,4.1124415,4.182441,4.0924416,4.1624413,1.8824414,1.4324414,1.2424414,1.3324414,1.0624413,1.6124414,2.0224414,1.6824414,1.6024414,1.3124413,0.6924414,-0.38755858,-1.2975585,-1.5975586,-0.7875586,-0.2275586,-0.07755859,0.5224414,-0.017558593,0.1424414,1.0024414,1.3524414,-2.3775587,-1.8875586,-1.9875586,-2.0075586,-0.6875586,-1.3075585,-0.057558592,0.062441405,1.7424414,0.052441407,-1.0775586,-0.58755857
