wind_kz.json
{"header": {"discipline":0,"disciplineName":"Meteorological products","gribEdition":2,"gribLength":871,"center":7,"centerName":"US National Weather Service - NCEP(WMC)","subcenter":0,"refTime":"2023-09-10T12:00:00.000Z","significanceOfRT":1,"significanceOfRTName":"Start of forecast","productStatus":0,"productStatusName":"Operational products","productType":1,"productTypeName":"Forecast products","productDefinitionTemplate":0,"productDefinitionTemplateName":"Analysis/forecast at horizontal level/layer at a point in time","parameterCategory":0,"parameterCategoryName":"UnknownDiscipline_0_Category_0","parameterNumber":0,"parameterNumberName":"UnknownParameter_D0_C0_0","parameterUnit":"Unknown","genProcessType":2,"genProcessTypeName":"Forecast","forecastTime":300,"surface1Type":1,"surface1TypeName":"Ground or water surface","surface1Value":0.0,"surface2Type":255,"surface2TypeName":"Missing","surface2Value":0.0,"gridDefinitionTemplate":0,"gridDefinitionTemplateName":"Latitude_Longitude","numberPoints":615,"shape":6,"shapeName":"Earth spherical with radius of 6,371,229.0 m","gridUnits":"degrees","resolution":48,"winds":"true","scanMode":64,"nx":41,"ny":15,"basicAngle":0,"lo1":47.0,"la1":41.0,"lo2":87.0,"la2":55.0,"dx":1.0,"dy":1.0}, "data":
[rows 0 to 14 of 15, columns 0 to 40 of 41]
290.03342,282.23343,286.13342,296.53342,296.4334,295.4334,292.4334,293.33344,290.73343,291.53342,290.33344,292.4334,292.63342,292.83344,292.53342,291.03342,291.4334,290.73343,290.63342,290.83344,292.73343,291.4334,287.83344,285.73343,287.13342,290.03342,287.9334,274.9334,273.83344,275.33344,274.03342,275.53342,283.4334,288.33344,288.13342,287.83344,287.73343,287.03342,286.9334,286.83344,286.4334
272.33344,286.63342,295.83344,295.9334,295.83344,294.13342,291.53342,291.23343,289.4334,289.63342,290.13342,289.53342,289.4334,289.63342,290.73343,290.53342,290.53342,288.4334,290.23343,292.03342,294.4334,292.23343,292.33344,285.73343,274.4334,274.23343,281.83344,274.63342,275.03342,271.33344,278.23343,270.13342,276.23343,255.93343,271.83344,286.13342,283.9334,287.03342,288.9334,282.23343,283.73343
287.4334,295.23343,296.03342,295.73343,293.83344,290.83344,290.53342,289.9334,287.73343,287.4334,286.9334,287.53342,287.33344,288.4334,290.23343,288.23343,287.63342,287.73343,288.23343,289.33344,293.4334,293.83344,289.9334,289.83344,290.13342,288.63342,289.33344,287.53342,287.4334,281.13342,272.03342,274.03342,279.53342,278.4334,279.9334,281.53342,274.23343,272.83344,274.03342,271.23343,269.33344
286.83344,294.53342,295.4334,294.63342,291.9334,289.9334,290.4334,288.83344,288.83344,288.13342,287.13342,286.9334,292.23343,291.63342,288.23343,288.83344,288.9334,287.63342,287.73343,288.33344,289.03342,285.4334,292.03342,291.9334,291.63342,290.33344,293.23343,290.9334,288.53342,288.9334,289.23343,287.9334,290.73343,288.9334,287.4334,285.9334,273.63342,266.9334,277.33344,282.33344,284.9334
289.4334,292.33344,293.53342,292.13342,291.4334,290.73343,291.13342,289.83344,289.03342,288.4334,287.63342,286.03342,291.13342,289.9334,288.53342,288.53342,289.33344,288.33344,286.9334,288.63342,288.63342,288.33344,287.63342,289.9334,288.03342,290.03342,288.73343,288.73343,287.13342,288.13342,290.4334,289.4334,281.83344,271.53342,278.23343,285.53342,289.4334,290.53342,289.4334,289.73343,289.73343
288.53342,286.9334,291.53342,290.83344,291.73343,290.63342,290.03342,290.53342,288.53342,287.73343,287.4334,286.23343,290.03342,291.03342,288.9334,287.73343,290.33344,291.33344,290.4334,291.33344,288.83344,289.13342,288.23343,288.73343,286.03342,285.53342,285.73343,289.03342,287.73343,287.9334,286.03342,287.03342,287.13342,285.13342,285.4334,289.4334,282.03342,282.03342,285.9334,288.4334,287.9334
287.53342,287.53342,288.63342,289.9334,289.9334,289.63342,289.9334,288.73343,288.73343,288.33344,286.4334,286.03342,285.73343,285.73343,286.4334,288.4334,290.4334,292.9334,291.9334,289.53342,289.33344,290.03342,289.63342,288.53342,286.23343,285.73343,284.53342,285.53342,285.63342,285.73343,285.4334,285.9334,285.9334,286.4334,286.33344,285.03342,283.53342,278.23343,274.83344,273.63342,283.83344
288.03342,287.83344,288.33344,289.63342,290.33344,289.63342,289.33344,288.13342,286.63342,286.4334,286.23343,285.9334,285.13342,285.4334,286.23343,287.83344,289.83344,291.4334,291.13342,288.03342,287.33344,286.83344,285.83344,286.23343,286.13342,284.13342,283.4334,283.4334,281.33344,283.03342,282.33344,282.23343,282.83344,280.83344,281.73343,282.9334,284.4334,287.9334,284.23343,283.23343,281.53342
287.53342,288.13342,288.73343,288.73343,289.23343,288.03342,286.4334,286.9334,285.53342,284.9334,284.83344,286.23343,287.03342,284.73343,284.83344,286.13342,287.83344,289.63342,287.9334,286.73343,283.83344,283.03342,283.9334,283.73343,282.13342,282.23343,280.33344,279.9334,278.13342,277.33344,278.53342,278.9334,278.33344,280.53342,279.33344,279.53342,281.83344,280.63342,270.4334,270.9334,269.53342
286.23343,288.9334,289.13342,289.63342,288.4334,287.53342,286.23343,285.9334,286.63342,285.9334,288.4334,284.23343,283.53342,284.13342,283.83344,284.73343,285.03342,284.9334,285.33344,284.63342,282.73343,281.33344,282.03342,281.73343,281.33344,280.9334,280.13342,280.13342,279.33344,279.03342,278.13342,281.33344,282.53342,282.4334,281.03342,278.33344,278.9334,276.83344,272.13342,272.03342,271.03342
285.9334,286.33344,290.33344,288.23343,289.33344,289.53342,288.03342,287.63342,289.13342,289.13342,286.9334,282.03342,281.63342,282.9334,282.33344,282.73343,283.23343,284.03342,283.33344,282.13342,281.63342,281.03342,280.83344,280.63342,280.23343,280.4334,278.73343,280.03342,279.83344,280.83344,282.03342,282.73343,282.63342,282.33344,281.23343,277.9334,276.13342,272.9334,271.4334,273.13342,271.53342
284.4334,286.03342,289.13342,288.63342,287.9334,288.53342,288.23343,288.03342,288.13342,286.53342,281.33344,283.23343,281.9334,282.03342,282.63342,282.13342,281.9334,281.33344,282.73343,282.33344,282.03342,281.33344,281.4334,281.23343,280.83344,281.33344,280.9334,282.13342,282.4334,282.9334,283.03342,282.23343,282.33344,280.53342,280.63342,279.03342,278.73343,276.73343,277.23343,276.4334,276.03342
285.83344,284.4334,286.9334,287.03342,287.4334,287.63342,286.9334,287.83344,286.33344,283.13342,280.23343,283.03342,281.9334,280.03342,281.23343,281.63342,281.9334,282.03342,282.53342,281.9334,281.63342,281.13342,280.33344,284.63342,280.63342,281.4334,283.03342,282.63342,282.23343,281.13342,281.03342,280.73343,280.33344,279.23343,279.23343,281.73343,279.23343,278.53342,277.03342,277.23343,279.83344
283.23343,284.83344,286.9334,287.23343,286.33344,285.83344,285.83344,287.33344,285.73343,283.33344,281.13342,281.4334,282.9334,281.03342,282.53342,282.23343,282.23343,281.9334,281.73343,282.03342,282.13342,282.03342,282.63342,282.4334,282.83344,282.73343,282.53342,281.83344,280.63342,279.9334,279.23343,278.4334,277.53342,276.23343,275.53342,274.63342,274.33344,273.33344,272.63342,271.4334,272.23343
283.9334,286.53342,287.4334,286.23343,285.83344,286.23343,288.13342,286.03342,285.33344,285.53342,281.53342,279.23343,281.73343,283.33344,281.23343,282.03342,281.9334,281.73343,281.63342,282.13342,286.73343,286.4334,282.83344,282.4334,282.03342,285.13342,284.53342,280.23343,279.03342,278.23343,278.9334,280.63342,275.63342,274.63342,273.83344,273.53342,273.13342,271.73343,271.13342,271.33344,270.63342
