wind_kz.json
{"header": {"discipline":0,"disciplineName":"Meteorological products","gribEdition":2,"gribLength":948,"center":7,"centerName":"US National Weather Service - NCEP(WMC)","subcenter":0,"refTime":"2023-09-23T06:00:00.000Z","significanceOfRT":1,"significanceOfRTName":"Start of forecast","productStatus":0,"productStatusName":"Operational products","productType":1,"productTypeName":"Forecast products","productDefinitionTemplate":0,"productDefinitionTemplateName":"Analysis/forecast at horizontal level/layer at a point in time","parameterCategory":0,"parameterCategoryName":"UnknownDiscipline_0_Category_0","parameterNumber":0,"parameterNumberName":"UnknownParameter_D0_C0_0","parameterUnit":"Unknown","genProcessType":2,"genProcessTypeName":"Forecast","forecastTime":240,"surface1Type":1,"surface1TypeName":"Ground or water surface","surface1Value":0.0,"surface2Type":255,"surface2TypeName":"Missing","surface2Value":0.0,"gridDefinitionTemplate":0,"gridDefinitionTemplateName":"Latitude_Longitude","numberPoints":615,"shape":6,"shapeName":"Earth spherical with radius of 6,371,229.0 m","gridUnits":"degrees","resolution":48,"winds":"true","scanMode":64,"nx":41,"ny":15,"basicAngle":0,"lo1":47.0,"la1":41.0,"lo2":87.0,"la2":55.0,"dx":1.0,"dy":1.0}, "data":
[rows 0 to 14 of 15, columns 0 to 40 of 41]
302.71176,290.21176,297.71176,293.31177,293.41177,292.81177,299.01178,302.61176,297.41177,305.61176,302.41177,304.91177,303.71176,304.51178,307.11176,309.61176,310.21176,306.81177,313.81177,311.41177,311.11176,311.71176,314.71176,310.11176,308.71176,313.91177,307.21176,295.11176,273.31177,286.31177,286.01178,284.51178,297.01178,302.11176,298.91177,298.41177,305.21176,296.81177,304.21176,309.11176,309.71176
281.31177,292.31177,292.71176,293.21176,292.91177,291.81177,304.11176,298.81177,297.21176,301.91177,304.91177,304.91177,306.31177,305.61176,308.21176,308.71176,308.91177,309.91177,310.81177,312.31177,313.51178,311.21176,308.51178,299.51178,289.71176,273.21176,297.21176,296.81177,294.11176,273.21176,291.81177,273.71176,274.41177,262.41177,277.31177,296.61176,294.41177,295.21176,298.21176,292.41177,284.11176
294.41177,292.41177,293.11176,292.91177,291.11176,295.81177,294.81177,297.01178,295.81177,300.11176,303.01178,304.11176,306.21176,305.91177,304.21176,309.71176,309.11176,309.31177,308.31177,311.81177,308.01178,309.81177,308.61176,303.11176,305.71176,302.91177,301.81177,299.61176,301.01178,293.71176,273.51178,276.41177,292.11176,290.81177,291.91177,289.91177,273.71176,283.21176,289.51178,286.71176,284.01178
302.31177,291.71176,292.81177,291.91177,293.61176,299.31177,297.21176,298.51178,300.51178,300.41177,302.71176,302.11176,290.41177,290.01178,304.61176,307.01178,305.51178,310.81177,309.91177,313.81177,309.81177,305.71176,302.61176,304.01178,302.61176,301.41177,302.41177,299.51178,297.31177,301.01178,300.41177,297.11176,300.11176,303.31177,300.81177,295.91177,275.21176,272.31177,279.61176,297.81177,292.01178
299.51178,291.41177,291.61176,290.61176,295.91177,301.11176,300.61176,302.11176,299.81177,299.81177,301.01178,301.81177,289.21176,288.31177,286.91177,304.31177,304.41177,303.31177,304.61176,302.01178,303.01178,302.81177,303.31177,303.11176,303.71176,303.61176,301.81177,297.71176,301.11176,301.91177,301.11176,301.21176,289.61176,273.11176,292.91177,301.41177,299.41177,306.81177,306.01178,303.61176,300.91177
301.61176,299.91177,290.01178,290.51178,290.61176,290.21176,302.91177,299.31177,298.71176,299.31177,298.81177,293.51178,290.91177,289.11176,296.71176,302.41177,301.71176,304.01178,301.61176,303.41177,302.11176,301.31177,301.21176,302.91177,302.51178,302.81177,304.41177,287.21176,301.21176,299.91177,300.61176,299.91177,300.31177,298.51178,295.51178,296.61176,291.91177,294.51178,302.71176,303.61176,301.71176
301.71176,302.11176,299.41177,299.51178,297.11176,301.41177,301.41177,298.91177,298.71176,298.21176,299.71176,298.81177,299.01178,300.01178,301.01178,300.41177,302.41177,301.91177,304.11176,301.01178,298.61176,298.81177,299.51178,299.91177,299.71176,300.51178,302.71176,303.71176,304.51178,304.31177,302.71176,302.91177,303.41177,301.51178,301.21176,297.81177,294.01178,291.21176,287.61176,281.51178,296.51178
301.41177,301.81177,300.11176,299.91177,299.11176,299.01178,300.31177,300.21176,299.51178,298.41177,298.21176,298.01178,298.81177,298.31177,300.31177,300.81177,300.31177,300.81177,301.41177,300.11176,297.01178,298.21176,299.01178,300.31177,299.71176,298.11176,298.21176,301.01178,300.21176,301.31177,298.81177,300.91177,294.01178,298.51178,298.81177,302.21176,301.91177,286.41177,300.61176,300.51178,290.51178
299.81177,298.81177,298.31177,299.61176,298.31177,298.41177,297.21176,297.51178,298.81177,298.11176,297.11176,297.41177,296.81177,298.81177,298.41177,299.91177,299.01178,299.01178,298.81177,299.11176,297.01178,296.51178,297.51178,297.11176,298.71176,298.81177,297.41177,297.41177,297.31177,296.81177,298.61176,300.91177,302.51178,300.31177,292.21176,292.91177,297.01178,295.61176,282.11176,283.61176,277.81177
297.41177,298.61176,295.61176,291.71176,293.11176,297.21176,296.51178,295.61176,295.81177,297.21176,296.01178,295.51178,295.81177,294.71176,296.51178,296.01178,296.31177,298.61176,298.11176,297.61176,297.11176,296.21176,296.11176,297.51178,298.31177,297.91177,298.11176,297.61176,295.61176,296.21176,297.21176,299.21176,300.61176,300.61176,300.61176,294.91177,293.11176,289.51178,289.71176,287.31177,277.61176
294.51178,295.61176,293.91177,291.71176,295.81177,295.61176,295.21176,292.31177,295.31177,295.41177,295.01178,294.71176,295.51178,294.91177,294.51178,294.71176,294.51178,295.11176,295.61176,294.61176,296.51178,296.71176,296.21176,296.11176,296.21176,296.21176,294.61176,297.41177,296.51178,296.61176,297.31177,298.81177,299.61176,298.21176,299.01178,296.61176,288.61176,284.61176,292.11176,285.61176,282.41177
292.71176,294.31177,293.91177,291.21176,293.41177,291.01178,291.21176,292.01178,293.71176,294.61176,292.41177,292.71176,294.51178,292.91177,292.11176,293.21176,293.31177,293.71176,295.41177,293.81177,293.11176,293.51178,293.31177,293.71176,292.41177,294.91177,294.41177,296.81177,297.41177,295.91177,294.51178,296.61176,296.71176,297.61176,296.11176,296.61176,295.71176,295.71176,291.91177,284.71176,283.41177
288.11176,288.81177,290.41177,287.71176,287.11176,286.41177,288.01178,290.01178,290.71176,292.41177,289.81177,289.81177,291.41177,291.51178,292.81177,291.61176,291.91177,291.81177,292.21176,293.11176,292.31177,292.21176,291.21176,291.01178,291.81177,293.01178,295.31177,296.61176,295.91177,296.41177,297.61176,296.81177,297.01178,296.11176,295.91177,294.41177,294.61176,293.71176,293.01178,291.81177,288.21176
287.81177,289.01178,287.91177,288.81177,286.81177,284.61176,287.11176,286.11176,290.81177,289.61176,289.01178,287.81177,289.01178,290.71176,292.01178,292.31177,292.91177,291.91177,292.31177,292.71176,292.21176,292.51178,293.61176,293.91177,294.91177,295.81177,295.81177,295.71176,295.71176,295.81177,295.51178,294.41177,294.61176,293.71176,293.21176,293.61176,292.61176,292.81177,293.21176,290.91177,293.21176
285.71176,288.51178,285.51178,288.51178,285.71176,284.41177,286.81177,288.41177,286.81177,288.81177,289.91177,290.01178,288.21176,287.91177,290.31177,291.81177,292.31177,293.11176,293.51178,293.01178,293.41177,294.01178,294.21176,293.91177,294.71176,294.81177,295.11176,294.91177,294.41177,294.41177,293.51178,288.41177,293.11176,293.31177,293.01178,292.21176,292.81177,291.51178,292.41177,293.51178,291.61176
