wind_kz.json
{"header": {"discipline":0,"disciplineName":"Meteorological products","gribEdition":2,"gribLength":1102,"center":7,"centerName":"US National Weather Service - NCEP(WMC)","subcenter":0,"refTime":"2023-08-23T12:00:00.000Z","significanceOfRT":1,"significanceOfRTName":"Start of forecast","productStatus":0,"productStatusName":"Operational products","productType":1,"productTypeName":"Forecast products","productDefinitionTemplate":0,"productDefinitionTemplateName":"Analysis/forecast at horizontal level/layer at a point in time","parameterCategory":2,"parameterCategoryName":"UnknownDiscipline_0_Category_2","parameterNumber":2,"parameterNumberName":"UnknownParameter_D0_C2_2","parameterUnit":"Unknown","genProcessType":2,"genProcessTypeName":"Forecast","forecastTime":0,"surface1Type":103,"surface1TypeName":"Specified height level above ground","surface1Value":10.0,"surface2Type":255,"surface2TypeName":"Missing","surface2Value":0.0,"gridDefinitionTemplate":0,"gridDefinitionTemplateName":"Latitude_Longitude","numberPoints":615,"shape":6,"shapeName":"Earth spherical with radius of 6,371,229.0 m","gridUnits":"degrees","resolution":48,"winds":"true","scanMode":64,"nx":41,"ny":15,"basicAngle":0,"lo1":47.0,"la1":41.0,"lo2":87.0,"la2":55.0,"dx":1.0,"dy":1.0}, "data":
[rows 0 to 14 of 15, columns 0 to 40 of 41]
1.7636163,2.8736162,-2.7363837,2.0436163,0.20361634,2.9136164,5.7536163,3.6436164,5.493616,6.2836165,7.0136166,5.5736165,4.5736165,4.1536164,4.0636163,0.60361636,0.5936163,0.67361635,0.053616334,2.1236162,2.4436164,-1.1063837,5.7636166,6.123616,5.853616,3.7736163,4.3336163,6.1936164,4.953616,2.4836164,5.0636163,-0.30638367,-2.8763838,-7.3863835,-10.216384,-5.0763836,-1.4263836,0.5236163,-1.6463836,-0.62638366,3.5736163
1.4036163,-4.506384,-0.57638365,-2.1463838,1.5436163,3.2936163,5.603616,3.1636164,5.2536163,6.2936163,6.703616,6.9236164,6.8436165,6.5536165,3.1236162,1.0536163,-0.8463837,2.4536164,1.5936164,2.5836163,3.8836164,0.74361634,2.3936164,2.8236163,2.2536163,-2.6163836,-0.55638367,1.0136163,-1.1763836,-0.13638367,1.1636163,1.1236163,0.27361634,1.3436164,1.0336163,-1.2063837,-1.2463837,1.1736163,2.3936164,1.0336163,-0.99638367
-2.7363837,-5.0363836,-2.6863837,0.36361635,2.5436163,6.953616,6.9636164,6.913616,5.473616,6.603616,7.353616,6.873616,8.503616,7.8236165,6.5336165,5.6136165,1.2136164,2.8236163,3.8836164,1.0236163,-0.58638364,4.123616,5.2936163,4.3236165,0.21361633,2.6936164,0.5836163,3.0336163,3.9336164,-1.8463837,0.22361633,-0.8563837,0.16361633,3.5736163,9.263617,-0.28638366,1.8836163,0.7036163,5.9436164,-1.3263837,-0.19638367
6.2636166,-3.9963837,-0.23638366,3.2336164,7.9036164,4.7736163,7.893616,8.543616,7.0436163,5.6936164,6.2636166,8.323616,-1.4363837,-0.13638367,4.9436164,3.4636164,4.6536164,4.873616,4.203616,4.0436163,0.92361635,3.7636163,-0.8663837,1.2236164,2.3936164,-0.74638367,-2.0563836,2.7136164,-1.6263837,-1.3863837,2.2236164,0.91361636,4.373616,1.8736163,0.61361635,-1.1263837,-0.28638366,-0.68638366,2.4336164,0.55361634,4.163616
8.683617,1.8836163,3.4336164,4.183616,2.6536164,4.5836163,6.7836165,9.283616,9.643617,7.6536164,7.3636165,2.8736162,-2.1363838,1.5136163,3.4336164,6.3436165,9.543616,3.1336164,6.3236165,2.5836163,6.3136163,3.3936164,5.2836165,1.4936163,-1.1263837,2.3636162,-4.046384,-0.63638365,-7.4363837,-3.6863837,-0.36638367,-1.7563837,-1.3363837,-0.21638367,-1.1663836,7.453616,2.4836164,0.91361636,1.2336164,1.8336164,4.623616
9.953616,9.763617,1.1036164,2.9636164,1.6436163,3.9036164,7.2636166,7.9836164,9.173616,9.873616,9.253616,8.293616,1.5936164,2.1436164,3.4736164,7.1736164,6.853616,7.453616,6.203616,6.5436163,4.4236164,2.9236164,3.2136164,-0.16638367,5.473616,3.1236162,-5.9463835,-3.1563838,-1.7363837,-1.6963837,-3.7163837,-2.4663837,0.81361634,-2.9763837,-2.8763838,2.8436162,-1.9263836,2.1036162,-7.7163835,-3.0463836,-5.1563835
9.793616,10.053617,3.0436163,3.3236163,1.7036164,4.103616,4.8436165,5.1136165,5.9036164,7.873616,5.2836165,7.6936164,9.963616,9.993616,5.8836164,5.7736163,8.333616,9.8436165,5.893616,6.8636165,7.0936165,4.3436165,3.9036164,2.8136163,0.5236163,3.4436164,1.5636163,1.9636164,-0.37638366,1.1036164,2.5836163,2.4036164,-0.12638366,2.2336164,1.8936163,0.91361636,-1.6963837,4.453616,-0.40638366,1.7336164,3.5936162
0.023616333,-0.8563837,-0.46638367,0.7136163,2.0636163,3.7036164,3.9436164,4.853616,6.7936163,7.203616,8.083616,8.213616,8.193616,10.273616,11.493616,4.413616,9.443616,7.413616,8.153616,8.383616,7.7336164,7.2636166,6.373616,5.103616,3.8336163,3.9536164,2.0536163,-1.9663837,-0.18638366,1.6036164,0.74361634,2.6436164,-1.7663836,-2.0363836,-0.63638365,-0.41638365,1.8936163,5.5436163,6.2636166,8.503616,0.25361633
4.223616,2.2436163,1.6036164,1.0536163,2.8536162,3.3636162,3.8936164,4.5236163,5.373616,6.1136165,7.853616,9.783616,10.6336155,10.323616,10.913616,6.2336164,6.8036165,3.1236162,7.2636166,9.113616,7.9636164,1.8736163,4.453616,3.4736164,4.5336165,3.3236163,-4.9063835,3.7136164,0.9036163,2.3436162,-0.5363837,3.3736162,-0.46638367,-0.83638364,-0.82638365,0.48361632,-2.7263837,0.8336163,0.21361633,0.29361632,-5.1363835
0.41361633,-1.3063836,3.7636163,1.6036164,4.853616,4.493616,3.6936164,3.4736164,3.8836164,3.7836163,6.3236165,8.023617,9.323616,11.603616,12.363616,10.063617,2.7736163,5.0436163,9.113616,10.983616,6.5036163,8.743616,6.7136164,3.9436164,5.0436163,0.81361634,3.5436163,-0.64638364,8.023617,1.6036164,1.0836164,0.21361633,-2.1863837,2.2636163,-0.24638367,-1.5163836,0.75361633,-0.08638367,1.0336163,-0.25638366,0.81361634
3.9236164,-0.15638366,2.2236164,4.2736163,6.853616,2.5736163,4.5036163,2.8036163,2.8736162,3.2636163,4.703616,7.4836164,8.623616,7.1136165,8.243616,8.393617,5.1536164,0.18361634,13.803616,17.643616,7.2136164,6.893616,6.973616,5.0736165,5.433616,4.913616,-0.17638367,7.2536163,5.0836163,-1.5263836,0.18361634,2.7036164,3.3636162,2.8236163,-1.1963837,-2.0463836,-0.55638367,1.3936163,-1.4363837,0.54361635,0.25361633
1.5136163,0.15361634,4.4236164,4.6336164,1.3736163,2.1936164,1.9436164,2.0836163,1.5136163,2.2636163,3.2036164,-1.8763837,1.6836163,0.15361634,1.4936163,0.41361633,2.6536164,3.2436163,3.1336164,7.8336163,1.2736163,4.6536164,4.4636164,5.7936163,4.5336165,3.5836163,3.2636163,1.9436164,-2.5063837,-2.2063837,0.44361633,0.7636163,1.9236163,0.40361634,-1.4663837,-0.16638367,-0.42638367,-0.21638367,-1.9163836,-1.3763837,-1.1163837
1.9036163,2.1436164,2.6036162,2.9936163,2.4436164,1.6836163,1.1836163,2.4936163,0.60361636,2.1236162,0.94361633,1.5736164,0.40361634,0.40361634,-0.33638367,-1.7063837,-0.9263837,1.2236164,3.1836164,11.3836155,5.5336165,3.0736163,3.4136164,5.933616,4.1336164,5.0336165,4.243616,-0.7363837,-1.5463836,-0.23638366,-0.94638366,-0.13638367,-2.6763837,1.6936164,0.42361632,-0.9663837,0.35361633,1.1136163,0.98361635,-0.7963837,0.37361634
2.1836164,3.5236163,1.7336164,1.2136164,0.66361636,0.033616334,3.7536163,2.2736163,2.5736163,2.7636163,2.2136164,1.0036163,0.9036163,1.1036164,-0.13638367,-0.46638367,-0.28638366,-0.55638367,2.3536162,4.953616,4.0036163,5.6736164,6.6536164,7.1336164,5.663616,6.2636166,-0.44638366,-0.6663837,-0.47638366,-0.95638365,-1.3563837,-1.8763837,-1.8463837,-1.3363837,-0.8663837,1.1436163,-0.7163837,-0.43638366,2.0636163,0.94361633,1.4236163
1.9936163,0.8336163,-1.0263836,2.9836164,3.9036164,1.3036163,1.0836164,1.7236164,3.1036162,4.663616,1.5536163,1.8736163,3.1536164,2.3536162,3.8636162,1.2136164,-0.49638367,0.27361634,0.47361633,1.0436163,2.7936163,6.7636166,6.993616,8.623616,6.873616,6.743616,4.8636165,0.79361635,-1.6763836,-2.3763838,-4.9363837,-3.4763837,-1.5863837,-0.9863837,-0.7363837,0.9636163,0.86361635,2.7936163,1.7136164,3.0136163,-0.69638366
