wind_kz.json
{"header": {"discipline":0,"disciplineName":"Meteorological products","gribEdition":2,"gribLength":1102,"center":7,"centerName":"US National Weather Service - NCEP(WMC)","subcenter":0,"refTime":"2025-04-05T12:00:00.000Z","significanceOfRT":1,"significanceOfRTName":"Start of forecast","productStatus":0,"productStatusName":"Operational products","productType":1,"productTypeName":"Forecast products","productDefinitionTemplate":0,"productDefinitionTemplateName":"Analysis/forecast at horizontal level/layer at a point in time","parameterCategory":2,"parameterCategoryName":"UnknownDiscipline_0_Category_2","parameterNumber":3,"parameterNumberName":"UnknownParameter_D0_C2_3","parameterUnit":"Unknown","genProcessType":2,"genProcessTypeName":"Forecast","forecastTime":300,"surface1Type":103,"surface1TypeName":"Specified height level above ground","surface1Value":10.0,"surface2Type":255,"surface2TypeName":"Missing","surface2Value":0.0,"gridDefinitionTemplate":0,"gridDefinitionTemplateName":"Latitude_Longitude","numberPoints":615,"shape":6,"shapeName":"Earth spherical with radius of 6,371,229.0 m","gridUnits":"degrees","resolution":48,"winds":"true","scanMode":64,"nx":41,"ny":15,"basicAngle":0,"lo1":47.0,"la1":41.0,"lo2":87.0,"la2":55.0,"dx":1.0,"dy":1.0}, "data":
[rows 0 to 14 of 15, columns 0 to 40 of 41]
2.764109,0.7041089,-1.0458912,-5.385891,-6.5858912,-8.305891,-5.125891,-6.915891,-5.8158913,-8.745892,1.1241089,0.44410887,-4.015891,-0.6558911,-0.8558911,0.3941089,0.054108888,-0.5858911,-0.2958911,0.4841089,1.6141089,0.8941089,-1.0958911,-2.1758912,-0.27589113,-1.0158911,-1.3458911,0.9041089,0.2741089,0.5041089,-1.7358911,0.3041089,0.7541089,0.6541089,0.104108885,-1.0058911,-0.6058911,-2.235891,-1.1958911,-3.525891,0.7041089
4.944109,-0.57589114,-1.8858911,-4.405891,-6.2958913,-7.2358913,-4.715891,-6.285891,-6.075891,-7.725891,-8.205891,-3.495891,-4.895891,2.504109,1.7241089,2.1341088,1.4141089,-0.21589111,-0.4258911,-0.51589113,-0.115891114,1.4541088,1.7941089,1.5641088,-0.05589111,-0.6858911,-2.005891,0.73410887,0.4541089,1.2341089,3.0641088,2.984109,-1.3558911,-3.045891,-4.365891,-0.5858911,-1.7958912,-2.795891,0.28410888,-1.535891,-0.5258911
-1.1558911,-0.8158911,-3.305891,-2.975891,-3.1258912,-4.495891,-5.655891,-6.2558913,-6.2758913,-8.3258915,-9.045891,-8.905891,-6.475891,-8.0758915,-1.0258911,1.5841088,1.3741089,1.7941089,1.214109,0.6341089,0.46410888,-0.95589113,-0.20589112,0.28410888,1.2241089,0.6641089,1.3341088,-0.43589112,-0.19589111,2.0741088,4.004109,2.1141088,1.5341089,0.5141089,-1.2658911,1.0341089,0.4841089,-1.1058911,-0.9658911,-1.0558912,-2.535891
-2.8558912,-4.095891,-3.6958911,-1.8258911,-0.22589111,-1.2058911,-2.735891,-4.425891,-4.415891,-4.925891,-6.2958913,-6.605891,-10.795891,-6.975891,-5.725891,-5.975891,3.1241088,2.224109,1.9441088,2.3841088,-2.6258912,-0.9658911,1.7741089,1.1341089,-0.005891113,0.2641089,-0.8358911,-1.1258911,2.724109,2.5641088,1.9241089,-0.9758911,-1.2158911,-0.9258911,-0.82589114,-1.8858911,-0.3858911,-1.0858911,0.8241089,-1.9558911,-3.805891
-3.1258912,-5.715891,-6.195891,-5.125891,-0.7358911,-0.09589111,-0.5558911,-0.045891114,-2.235891,-2.835891,-4.445891,-5.965891,-6.575891,-7.205891,-5.0258913,-3.6058912,-3.775891,3.8841088,1.2441089,0.47410887,2.3641088,1.5341089,1.2241089,0.60410887,-0.2958911,-0.6658911,-0.7958911,-0.4858911,-0.035891112,-0.4158911,-0.9858911,0.14410889,1.6841089,2.5941088,-0.4458911,-0.4858911,-1.8658911,-0.9858911,-3.505891,-2.525891,-4.675891
-1.785891,-2.265891,-4.365891,-3.595891,-3.015891,-2.9258912,-1.7958912,0.064108886,0.7541089,-1.2658911,-3.9158912,-5.8358912,-5.805891,-4.5058913,-3.1658912,-2.235891,-2.005891,1.0441089,3.3441088,2.8941088,2.6141088,4.334109,3.3441088,1.6641089,1.8341088,0.6841089,0.37410888,-0.43589112,-0.5058911,-1.3258911,-1.1458911,-1.0058911,-0.2558911,-2.255891,1.1741089,-0.5558911,1.9241089,-0.22589111,2.724109,1.0441089,-3.3858912
-0.2558911,-1.3258911,-2.535891,0.5741089,-1.0258911,-0.6158911,-0.94589114,-0.015891112,-1.1258911,-1.0658911,-2.255891,-3.525891,-4.435891,-3.995891,-1.5958911,2.6241088,4.854109,1.3141088,3.524109,4.074109,3.8541088,3.8041089,4.174109,3.914109,2.704109,1.6941088,0.8841089,1.5141089,1.3541089,1.4041089,0.3241089,-0.12589112,-0.09589111,1.2041088,0.5341089,-0.76589113,-2.785891,-2.265891,-1.8458911,-2.3558912,-2.315891
0.5041089,0.43410888,-0.5058911,-0.37589112,0.1741089,-0.23589112,-0.045891114,0.104108885,1.3141088,0.6241089,-0.28589112,-2.015891,-1.9858911,-3.345891,-4.0458913,-3.015891,3.774109,4.094109,2.954109,4.944109,4.084109,3.8541088,4.054109,4.1841087,4.044109,2.494109,2.424109,1.8841089,1.0441089,1.8741089,-0.46589112,1.0741088,0.8941089,-1.0458912,0.55410886,0.5841089,-0.8658911,-0.23589112,0.03410889,-0.2558911,-1.035891
0.25410888,0.3841089,0.3941089,0.7541089,0.9541089,1.2241089,2.224109,2.1241088,1.6441089,0.6241089,1.3241088,1.0241089,-1.6058911,-1.035891,-3.005891,-3.805891,0.6641089,11.574109,8.154109,2.3741088,3.964109,4.4341087,4.904109,4.284109,3.994109,3.3041089,2.3041089,2.1441088,2.1341088,1.7741089,3.1441088,3.0741088,1.5241089,2.3041089,1.7041088,0.5741089,-1.6558911,-0.6158911,-2.235891,-2.4358912,-2.745891
-0.28589112,-0.025891114,0.2041089,0.8841089,0.34410888,0.7441089,1.5541089,2.264109,1.0541089,1.5341089,1.6741089,0.5341089,0.5141089,-0.5658911,-1.0758911,-1.8558911,-2.475891,6.4141088,10.194109,10.514109,3.654109,5.424109,6.2441087,4.7441087,4.7441087,4.404109,3.154109,2.6141088,2.3841088,2.984109,3.714109,3.1241088,3.3041089,2.6241088,1.6141089,1.1241089,0.3541089,-1.3858911,0.12410889,0.3641089,1.0841088
-1.1058911,-0.8658911,-0.2558911,0.5941089,1.2441089,1.3141088,2.194109,2.204109,2.974109,2.954109,4.484109,3.424109,1.8841089,1.2541089,0.61410886,-0.4458911,-1.2658911,3.8941088,8.074109,12.164109,7.404109,4.2241087,4.654109,5.004109,3.694109,4.024109,2.8441088,3.2841089,3.174109,3.3541088,4.194109,3.744109,2.974109,2.004109,1.7041088,1.1541089,0.73410887,1.4841089,1.1441089,0.9441089,0.3941089
-1.4558911,-0.88589114,-1.0258911,-0.94589114,-0.63589114,0.7641089,1.8741089,3.474109,4.644109,4.644109,4.714109,5.354109,4.544109,3.774109,2.934109,1.1541089,1.4741089,2.0341089,8.334109,7.844109,6.144109,4.804109,3.5441089,3.234109,4.064109,4.0141087,3.6141088,4.394109,3.494109,2.704109,3.0541089,3.3141088,2.3641088,1.8341088,1.1141089,1.2041088,1.6841089,2.3041089,1.6841089,1.5741088,0.4941089
-1.7158911,-3.495891,-2.2058911,-1.9358912,0.19410889,0.7841089,2.1341088,4.354109,7.274109,7.924109,5.584109,4.694109,6.2041087,4.9741087,4.374109,2.984109,1.9341089,1.1741089,4.584109,6.784109,6.5141087,4.634109,6.4141088,4.354109,3.764109,4.234109,3.7841089,3.224109,2.444109,2.8841088,3.184109,3.3741088,2.774109,1.8041089,1.3541089,1.1941088,1.0241089,1.1941088,2.004109,2.0541089,0.8941089
-2.9558911,-3.1858912,-3.245891,-2.3858912,-1.8458911,-1.0458912,0.55410886,3.714109,7.644109,9.224109,5.214109,3.6341088,5.134109,5.444109,5.6841087,5.964109,3.8541088,3.724109,5.394109,6.384109,7.094109,5.9141088,2.744109,2.434109,3.0441089,3.414109,3.0641088,3.1141088,2.8041089,3.004109,3.264109,3.1341088,2.5341089,1.6741089,0.41410887,0.13410889,0.9441089,0.67410886,1.2641089,1.7741089,1.1141089
-2.245891,-3.9158912,-5.465891,-4.305891,-4.435891,-2.3858912,-0.4758911,4.004109,6.564109,7.064109,5.4141088,5.054109,2.5541089,4.504109,5.7441087,5.634109,5.234109,5.034109,5.1841087,5.144109,5.0141087,4.7241087,5.874109,5.2041087,4.6641088,4.044109,3.244109,2.684109,2.234109,2.8641088,3.0541089,2.724109,1.6441089,0.9641089,1.0341089,-0.015891112,0.85410887,1.5941089,1.4141089,2.464109,0.7841089
