wind.json
{"header": {"discipline":0,"disciplineName":"Meteorological products","gribEdition":2,"gribLength":953,"center":7,"centerName":"US National Weather Service - NCEP(WMC)","subcenter":0,"refTime":"2023-07-02T00:00:00.000Z","significanceOfRT":1,"significanceOfRTName":"Start of forecast","productStatus":0,"productStatusName":"Operational products","productType":1,"productTypeName":"Forecast products","productDefinitionTemplate":0,"productDefinitionTemplateName":"Analysis/forecast at horizontal level/layer at a point in time","parameterCategory":0,"parameterCategoryName":"UnknownDiscipline_0_Category_0","parameterNumber":0,"parameterNumberName":"UnknownParameter_D0_C0_0","parameterUnit":"Unknown","genProcessType":2,"genProcessTypeName":"Forecast","forecastTime":240,"surface1Type":1,"surface1TypeName":"Ground or water surface","surface1Value":0.0,"surface2Type":255,"surface2TypeName":"Missing","surface2Value":0.0,"gridDefinitionTemplate":0,"gridDefinitionTemplateName":"Latitude_Longitude","numberPoints":688,"shape":6,"shapeName":"Earth spherical with radius of 6,371,229.0 m","gridUnits":"degrees","resolution":48,"winds":"true","scanMode":64,"nx":43,"ny":16,"basicAngle":0,"lo1":45.0,"la1":40.0,"lo2":87.0,"la2":55.0,"dx":1.0,"dy":1.0}, "data":
[rows 0 to 15 of 16, columns 0 to 42 of 43]
285.61987,280.8199,296.61987,298.8199,299.61987,298.3199,297.61987,296.01987,300.51987,297.41986,303.11987,300.51987,303.8199,303.11987,301.71988,303.41986,302.3199,301.51987,299.41986,298.51987,299.11987,297.71988,295.41986,295.3199,294.91986,291.91986,291.91986,283.91986,277.71988,277.8199,280.91986,293.11987,294.21988,294.3199,296.11987,297.21988,300.21988,297.8199,300.01987,299.3199,298.3199,300.01987,300.41986
288.41986,299.01987,297.51987,288.71988,290.8199,297.41986,297.01987,295.3199,299.01987,304.01987,303.3199,303.3199,302.3199,305.3199,304.21988,303.51987,303.01987,297.8199,299.11987,299.01987,299.8199,298.11987,298.3199,294.41986,291.8199,288.8199,294.61987,295.51987,293.01987,277.91986,276.41986,276.91986,278.51987,280.91986,290.61987,297.61987,298.8199,299.21988,298.41986,297.8199,298.11987,299.91986,300.61987
287.61987,284.61987,277.61987,290.3199,297.3199,297.41986,296.71988,294.3199,300.41986,300.51987,301.8199,302.21988,303.01987,301.51987,302.41986,301.21988,298.91986,298.8199,298.11987,299.91986,299.61987,298.61987,298.11987,296.21988,293.21988,288.91986,276.51987,276.8199,287.01987,276.01987,279.21988,275.11987,281.8199,273.3199,283.51987,261.51987,277.8199,294.21988,293.21988,296.01987,299.8199,292.21988,283.51987
288.71988,290.61987,292.61987,297.21988,297.3199,297.11987,296.3199,298.21988,298.71988,299.01987,300.01987,300.51987,300.61987,303.41986,300.21988,300.01987,300.71988,298.61987,297.8199,295.51987,294.91986,297.51987,298.11987,298.01987,295.71988,290.41986,295.61987,293.91986,293.01987,292.91986,293.8199,285.11987,276.61987,277.41986,284.11987,283.01987,284.11987,286.01987,277.91986,279.71988,281.41986,278.11987,277.61987
295.8199,296.11987,293.01987,297.91986,298.01987,297.51987,296.51987,295.51987,295.91986,296.51987,297.91986,298.51987,299.8199,300.3199,295.61987,295.01987,299.41986,299.91986,299.3199,298.71988,296.8199,297.3199,296.91986,294.01987,299.51987,297.91986,296.8199,297.61987,297.61987,297.01987,293.3199,292.91986,294.01987,291.8199,296.41986,293.01987,293.41986,291.61987,279.61987,277.71988,283.01987,293.3199,296.21988
297.61987,298.8199,299.11987,298.71988,298.3199,299.01987,298.11987,296.21988,296.8199,297.11987,296.61987,297.51987,297.51987,297.71988,296.01987,295.51987,292.51987,298.3199,301.11987,297.91986,295.21988,298.41986,298.8199,296.8199,296.8199,297.41986,297.51987,296.91986,295.3199,292.8199,294.3199,293.51987,294.71988,290.8199,283.61987,275.01987,285.41986,294.11987,294.51987,299.41986,298.71988,297.91986,297.3199
292.61987,296.51987,293.91986,292.41986,299.3199,298.71988,298.41986,298.01987,295.41986,296.91986,296.01987,296.51987,296.21988,297.11987,294.61987,294.51987,296.21988,299.41986,300.71988,299.41986,297.71988,297.8199,297.41986,297.91986,297.21988,297.11987,295.71988,293.91986,293.21988,290.71988,292.41986,294.41986,293.8199,293.11987,291.91986,290.21988,290.91986,290.41986,288.41986,288.21988,295.61987,296.61987,295.71988
292.51987,293.61987,292.8199,293.51987,296.41986,296.11987,295.41986,293.51987,295.11987,295.01987,295.3199,295.3199,294.11987,294.11987,295.11987,295.51987,296.61987,296.91986,296.61987,300.91986,298.8199,295.8199,296.8199,297.51987,297.51987,299.01987,296.21988,294.51987,292.8199,294.21988,294.41986,294.3199,293.21988,292.11987,291.61987,292.21988,292.21988,291.41986,288.51987,284.21988,281.11987,282.3199,291.3199
291.01987,290.51987,292.8199,292.91986,294.91986,294.41986,294.8199,293.71988,293.3199,292.3199,291.3199,291.11987,290.91986,291.41986,291.61987,293.51987,295.61987,296.91986,297.61987,299.61987,300.41986,296.3199,294.8199,296.3199,297.11987,297.61987,296.91986,293.21988,292.91986,292.11987,291.01987,292.71988,290.91986,290.3199,288.71988,286.41986,286.91986,289.8199,291.41986,288.11987,291.61987,291.11987,288.91986
290.51987,291.41986,290.71988,291.41986,292.41986,291.21988,292.8199,291.61987,290.11987,290.71988,289.71988,288.71988,287.91986,288.61987,288.8199,291.01987,291.71988,294.51987,295.51987,296.41986,296.61987,296.41986,296.3199,293.21988,297.3199,296.3199,293.8199,295.21988,291.21988,290.51987,288.8199,288.3199,288.3199,287.71988,287.71988,288.11987,286.91986,285.91986,288.71988,287.51987,280.11987,280.41986,279.11987
287.8199,288.51987,288.21988,290.01987,290.01987,289.71988,289.8199,289.3199,288.91986,287.91986,287.41986,286.21988,285.51987,285.8199,287.71988,288.61987,289.61987,291.01987,293.61987,295.51987,295.41986,298.3199,295.11987,297.61987,297.41986,297.41986,295.61987,294.8199,293.41986,291.8199,290.8199,291.51987,290.61987,292.11987,291.21988,290.61987,288.11987,286.51987,285.8199,283.41986,280.8199,281.3199,278.51987
286.21988,289.21988,287.8199,288.01987,288.01987,288.11987,287.8199,287.41986,287.11987,286.51987,285.11987,284.41986,283.51987,282.91986,286.01987,285.8199,286.8199,288.61987,289.3199,291.8199,291.8199,292.8199,295.11987,294.11987,292.61987,293.51987,295.71988,295.61987,292.51987,293.51987,294.11987,295.61987,295.3199,293.41986,291.8199,290.01987,286.8199,286.01987,284.71988,281.3199,279.8199,280.3199,280.21988
286.8199,285.8199,286.21988,287.71988,287.61987,287.51987,286.3199,286.3199,284.91986,283.91986,283.3199,282.51987,280.41986,281.3199,283.41986,284.01987,285.3199,287.21988,288.01987,288.61987,290.3199,291.01987,291.21988,289.71988,290.41986,291.11987,294.3199,294.51987,296.01987,297.11987,297.61987,296.8199,293.91986,292.11987,291.11987,288.41986,287.3199,286.51987,285.8199,285.91986,285.61987,284.61987,283.41986
286.21988,285.21988,285.41986,285.51987,286.51987,286.91986,288.21988,287.91986,287.01987,286.61987,285.21988,285.11987,280.01987,280.51987,282.11987,282.3199,283.8199,285.71988,288.8199,287.01987,290.01987,289.51987,289.61987,288.11987,288.3199,289.01987,292.3199,294.3199,296.8199,295.21988,295.21988,293.91986,293.41986,291.11987,289.21988,288.61987,287.41986,286.71988,286.11987,286.91986,286.21988,286.21988,285.71988
286.01987,287.11987,284.41986,285.21988,289.01987,286.01987,287.8199,284.21988,283.8199,285.01987,286.11987,286.41986,282.51987,280.21988,279.41986,281.8199,283.11987,284.11987,286.91986,285.41986,286.61987,288.41986,288.41986,288.61987,289.71988,289.8199,291.11987,291.21988,292.01987,291.8199,291.8199,291.51987,289.8199,291.21988,290.21988,288.3199,287.8199,287.01987,286.41986,285.8199,286.3199,286.3199,285.61987
285.41986,285.01987,283.61987,283.91986,291.91986,282.71988,283.71988,286.11987,285.11987,284.71988,285.01987,284.21988,284.01987,282.91986,282.11987,284.11987,285.71988,286.8199,283.61987,285.41986,287.11987,287.41986,288.8199,288.01987,288.91986,289.01987,290.01987,290.71988,290.51987,290.61987,290.61987,289.41986,287.61987,286.8199,291.01987,289.8199,288.71988,288.11987,287.21988,287.01987,286.61987,286.3199,285.8199
