wind_kz.json
{"header": {"discipline":0,"disciplineName":"Meteorological products","gribEdition":2,"gribLength":1102,"center":7,"centerName":"US National Weather Service - NCEP(WMC)","subcenter":0,"refTime":"2023-08-25T06:00:00.000Z","significanceOfRT":1,"significanceOfRTName":"Start of forecast","productStatus":0,"productStatusName":"Operational products","productType":1,"productTypeName":"Forecast products","productDefinitionTemplate":0,"productDefinitionTemplateName":"Analysis/forecast at horizontal level/layer at a point in time","parameterCategory":2,"parameterCategoryName":"UnknownDiscipline_0_Category_2","parameterNumber":2,"parameterNumberName":"UnknownParameter_D0_C2_2","parameterUnit":"Unknown","genProcessType":2,"genProcessTypeName":"Forecast","forecastTime":180,"surface1Type":103,"surface1TypeName":"Specified height level above ground","surface1Value":10.0,"surface2Type":255,"surface2TypeName":"Missing","surface2Value":0.0,"gridDefinitionTemplate":0,"gridDefinitionTemplateName":"Latitude_Longitude","numberPoints":615,"shape":6,"shapeName":"Earth spherical with radius of 6,371,229.0 m","gridUnits":"degrees","resolution":48,"winds":"true","scanMode":64,"nx":41,"ny":15,"basicAngle":0,"lo1":47.0,"la1":41.0,"lo2":87.0,"la2":55.0,"dx":1.0,"dy":1.0}, "data":
[rows 0 to 14 of 15, columns 0 to 40 of 41]
-1.9296484,-0.10964844,1.4803516,-3.2796485,-3.0496485,-1.8196484,-4.2196484,-7.1396484,-6.2896485,-5.0096483,-3.7896485,-3.2196484,-1.0896485,0.5903516,-3.5096483,-3.7496483,-2.9796484,1.2503515,-0.81964844,0.62035155,-0.54964846,-0.85964847,-2.1996484,-0.88964844,0.09035156,-3.0096483,0.18035156,3.0203516,0.92035156,1.6903516,0.17035156,-0.41964844,-1.6296484,-2.5396485,-4.1696486,-4.3096485,-4.0696483,-4.5396485,-4.8896484,-4.8496485,-5.609648
2.0103517,3.4203515,-10.539648,-7.2996483,-4.879648,-3.2596483,-1.8896484,-6.379648,-4.9296484,-3.0296485,-1.7396485,-3.1096485,-3.0596485,-4.3896484,-2.9096484,-2.8996484,-0.19964844,0.70035154,1.2803515,0.88035154,1.5803516,-0.46964845,-0.15964843,-0.6696484,2.5503516,-0.7296484,0.57035154,0.9103516,0.69035155,3.1703515,0.35035157,-2.3296485,-0.08964844,-3.1596484,-0.8396484,-0.44964844,-1.2696484,0.6603516,0.34035155,-0.35964844,-5.9496484
-3.3696485,-9.489649,-9.369648,-7.5296483,-5.0996485,-3.5896485,-5.0796485,-2.3696485,-1.5796485,3.515625E-4,-0.55964845,-0.98964846,-2.4796484,-3.0096483,-1.2296485,-1.1296484,0.95035154,2.1603515,-0.80964845,0.6003516,1.9303516,1.8103516,1.5303515,0.29035157,-0.009648438,1.4003515,0.010351563,0.49035156,-4.0796485,1.1603515,1.4603516,-0.019648438,-1.3896484,4.0403514,0.030351562,-2.5996485,-0.019648438,-0.15964843,4.5803514,-0.69964844,-0.62964845
-6.9896483,-8.429648,-7.3396482,-5.5096483,-1.9496484,-4.0296483,-0.9096484,1.9003515,0.98035157,-2.8996484,-1.7196485,1.8103516,-1.4596485,-0.93964845,0.92035156,2.3203516,2.1803515,2.6103516,2.6603515,3.1403515,2.6703515,0.89035153,2.4403515,3.5903516,2.4403515,0.19035156,-1.7596484,-0.05964844,1.5903516,6.1003513,7.5003514,7.5603514,12.530352,12.120352,7.7603517,4.5803514,-0.67964846,-2.2496483,0.6003516,2.0203516,3.6203516
-6.4196486,-7.5196486,-6.6196485,-5.0296483,-6.4496484,-3.5796485,-1.4196484,-1.2296485,-1.4596485,-0.75964844,-0.80964845,-0.119648434,2.8003516,2.7703516,4.2003517,3.2403517,4.0903516,4.2403517,4.1703515,3.3103516,2.4603515,2.0303516,3.6403515,3.3203516,0.29035157,-2.2996485,0.20035157,8.380352,3.4003515,3.2803516,2.3703516,0.9003516,1.7003516,-0.009648438,1.8003516,-2.3696485,11.750352,3.4803514,2.3003516,2.4203515,-4.0196486
-2.5996485,-1.2996484,-1.2996484,-0.7796484,-0.09964844,1.1503515,1.7903515,2.9403515,0.9003516,0.27035156,2.4603515,1.9903516,2.2903516,6.3203516,6.3803515,4.1303515,5.8503513,4.5503516,4.2003517,2.9803514,2.8703516,3.0603516,2.8203516,3.6103516,4.3403516,2.0303516,5.8003516,10.200352,5.6903515,6.5303516,5.890352,3.0703516,6.3003516,7.5803514,6.2003517,13.710352,4.8103514,5.0903516,18.280352,6.7703514,-3.9696484
0.39035156,1.0603516,2.7303514,3.2703516,4.5603514,3.4003515,4.2103515,4.7803516,2.7603517,2.8203516,3.7103515,3.2003515,3.8503516,3.2603517,4.2203517,3.4403515,3.6303515,3.4203515,3.0303516,3.5203516,3.3203516,3.4703515,3.0103517,2.2203515,2.0103517,2.5903516,3.2203515,3.9903517,6.6003513,6.5703516,6.5903516,7.3403516,6.7303514,6.5403514,10.810351,7.4903517,0.5303516,0.15035157,3.1303515,0.9603516,2.6803515
0.8503516,2.0303516,0.26035157,0.68035156,3.5203516,5.3503513,4.1803517,2.6303515,4.0503516,3.7303514,2.9603515,3.7003515,3.0203516,3.2203515,1.7703515,3.2703516,5.8803515,3.2103515,2.2203515,3.0003517,2.7703516,3.1503515,3.3303516,3.3003516,4.0403514,2.9103515,2.9503515,3.2203515,4.4003515,3.9003515,7.5103517,8.6903515,6.0503516,4.2203517,4.2303514,7.3203516,9.030352,13.4403515,11.700352,12.640351,3.2703516
1.0203515,1.6303515,2.2203515,2.4903517,3.3703516,3.7803516,3.5703516,3.6403515,2.9403515,1.6103516,-1.0896485,-0.46964845,3.5903516,4.870352,3.8303516,5.2203517,6.1503515,5.1803517,3.0303516,2.1303515,2.9003515,3.1603515,3.1003516,3.1503515,6.390352,1.8903515,2.3103516,1.2103516,4.2503514,3.2303514,3.9203515,7.9903517,8.470351,2.8803515,4.2903514,5.5703516,1.0703516,-2.4896483,-0.88964844,-0.06964844,-1.6096485
1.2803515,2.5603516,2.7803516,2.9703515,2.7803516,3.1303515,3.3403516,3.2803516,0.16035156,-1.1096485,1.1803516,3.5903516,3.5203516,5.8203516,6.9703517,7.3303514,7.2003517,7.3003516,7.3303514,2.6803515,3.0803516,3.9803514,4.9803514,3.2203515,3.3603516,5.3003516,3.2903516,2.5103517,3.4003515,3.8703516,5.2403517,3.2903516,1.3003516,1.1703515,1.5103515,5.2403517,1.8203516,1.9203515,-0.23964843,-0.49964845,-0.019648438
2.8803515,3.6003516,3.9303515,4.1103516,3.8703516,3.4003515,3.7803516,3.0403516,0.33035156,0.7803516,2.4003515,3.4403515,4.3803515,6.3803515,7.2503514,6.8403516,7.3303514,7.6703515,3.1503515,2.4703515,3.3703516,2.8703516,2.9103515,2.9203515,2.5503516,4.370352,3.9403515,3.2203515,2.1303515,2.1903515,4.0403514,-1.9296484,-0.5896484,1.3603516,0.57035154,2.9903517,-0.61964846,0.48035157,0.55035156,1.2003516,-1.5296484
3.0103517,3.7003515,3.8703516,3.9203515,4.0903516,4.7103515,4.3103514,1.5603516,1.7003516,0.76035154,0.69035155,4.390352,4.1303515,6.2203517,6.7803516,6.4703517,7.5803514,5.5403514,2.0403516,2.6903515,2.8003516,2.9003515,3.0703516,3.7103515,0.8503516,1.7503515,1.4603516,3.9403515,1.4203515,2.3103516,1.4003515,0.70035154,1.4403516,0.87035155,1.8603516,2.3303516,2.0903516,3.4503515,3.6003516,1.6503515,-0.24964844
2.3303516,2.7703516,3.3503516,2.8003516,3.0503516,2.7403517,1.6403515,1.0703516,3.0003517,-0.08964844,0.43035156,2.7903516,3.6203516,5.5103517,5.640352,5.8103514,5.5803514,4.5803514,3.2703516,3.2703516,2.5203516,1.7603515,1.6803516,1.0903516,2.9403515,3.3903515,3.5803516,1.2203516,0.43035156,0.9703516,2.1403515,2.5203516,2.2503517,0.8303516,0.95035154,1.7903515,2.4803514,1.4403516,2.2003515,0.40035155,-1.0996485
3.2603517,2.6803515,3.7203515,4.6303515,4.8303514,6.2503514,3.6303515,2.5003517,2.7403517,-0.94964844,-0.10964844,2.0503516,2.0503516,4.7903514,4.7803516,5.1003513,2.8703516,2.3403516,3.8103516,5.4903517,2.0203516,1.8703516,1.6303515,-1.7196485,1.9203515,1.3003516,3.1203516,0.030351562,-0.05964844,1.7703515,2.2003515,2.5303516,1.8203516,0.43035156,-0.63964844,0.41035157,1.4303516,1.9803516,1.5503516,-0.55964845,1.7903515
2.7103515,4.7203517,6.4903517,6.4603515,4.3103514,2.5803516,3.3503516,-0.22964844,-1.0296484,-0.93964845,0.7703516,2.3603516,2.4403515,3.8003516,2.1603515,0.81035155,2.1403515,3.1603515,2.0903516,6.7403517,0.8403516,0.54035157,1.6003516,0.94035155,0.99035156,0.88035154,1.0203515,0.39035156,-0.19964844,0.49035156,2.4003515,2.7803516,-0.63964844,-1.1696484,-2.4796484,-1.5196484,1.5503516,1.9203515,0.67035156,1.5303515,0.09035156
