wind.json
{"header": {"discipline":0,"disciplineName":"Meteorological products","gribEdition":2,"gribLength":1039,"center":7,"centerName":"US National Weather Service - NCEP(WMC)","subcenter":0,"refTime":"2023-06-28T00:00:00.000Z","significanceOfRT":1,"significanceOfRTName":"Start of forecast","productStatus":0,"productStatusName":"Operational products","productType":1,"productTypeName":"Forecast products","productDefinitionTemplate":0,"productDefinitionTemplateName":"Analysis/forecast at horizontal level/layer at a point in time","parameterCategory":0,"parameterCategoryName":"UnknownDiscipline_0_Category_0","parameterNumber":0,"parameterNumberName":"UnknownParameter_D0_C0_0","parameterUnit":"Unknown","genProcessType":2,"genProcessTypeName":"Forecast","forecastTime":300,"surface1Type":1,"surface1TypeName":"Ground or water surface","surface1Value":0.0,"surface2Type":255,"surface2TypeName":"Missing","surface2Value":0.0,"gridDefinitionTemplate":0,"gridDefinitionTemplateName":"Latitude_Longitude","numberPoints":688,"shape":6,"shapeName":"Earth spherical with radius of 6,371,229.0 m","gridUnits":"degrees","resolution":48,"winds":"true","scanMode":64,"nx":43,"ny":16,"basicAngle":0,"lo1":45.0,"la1":40.0,"lo2":87.0,"la2":55.0,"dx":1.0,"dy":1.0}, "data":
[rows 0 to 15 of 16, columns 0 to 42 of 43]
304.58902,297.389,322.389,324.789,324.789,300.289,300.789,298.389,325.68903,328.989,327.989,326.68903,327.68903,326.289,325.68903,324.289,322.989,322.58902,323.389,321.789,319.58902,317.489,315.289,316.789,313.789,309.789,306.68903,298.08902,293.489,289.289,283.489,307.08902,309.789,312.08902,316.08902,314.18903,316.489,314.789,313.789,313.789,314.18903,310.789,314.789
302.18903,321.18903,321.58902,306.08902,315.289,297.789,299.18903,297.489,317.289,329.889,328.68903,328.289,327.489,326.68903,326.18903,325.08902,324.789,324.989,323.389,322.08902,323.08902,321.489,324.489,318.489,317.68903,311.58902,312.389,316.08902,311.789,291.489,289.68903,290.68903,293.389,293.789,302.68903,313.58902,316.489,314.389,309.989,311.389,311.489,312.789,311.389
306.489,299.289,295.08902,315.489,297.18903,297.789,297.889,296.489,334.58902,328.789,327.289,326.58902,326.68903,328.789,325.789,323.58902,324.68903,325.489,324.889,323.989,322.08902,322.889,321.489,319.389,318.68903,303.889,287.889,285.08902,299.489,290.389,290.789,282.289,289.289,284.389,292.08902,268.489,289.08902,305.889,298.08902,307.889,310.989,301.08902,284.289
299.989,309.08902,318.789,298.289,297.68903,297.789,297.18903,327.68903,328.389,328.889,326.789,326.68903,325.68903,324.489,320.18903,320.889,322.68903,324.989,325.08902,323.58902,322.789,321.68903,321.68903,317.489,317.58902,310.789,311.18903,311.389,312.08902,308.389,303.789,288.18903,286.08902,287.68903,291.289,290.18903,294.789,298.789,287.889,290.789,291.18903,287.789,283.789
319.889,324.889,320.489,298.789,298.889,297.789,304.489,328.58902,329.58902,327.08902,324.889,326.889,327.08902,322.289,297.489,295.889,320.289,324.989,325.489,326.489,324.489,322.889,318.18903,314.68903,319.389,318.18903,317.58902,316.789,319.489,314.389,314.08902,313.389,314.08902,308.68903,309.789,311.789,312.489,305.68903,282.789,280.989,290.489,299.389,307.289
321.58902,325.489,321.289,298.989,298.789,299.289,311.68903,328.389,329.289,330.389,327.789,328.58902,329.789,324.18903,298.58902,298.68903,293.389,325.58902,325.18903,323.789,320.289,323.789,324.58902,322.68903,321.18903,320.08902,318.989,318.58902,316.389,307.789,316.289,314.68903,315.489,311.08902,292.789,283.489,290.08902,294.789,302.18903,316.889,315.489,311.989,311.289
320.489,323.08902,320.18903,320.58902,300.389,299.18903,300.18903,301.989,334.889,330.18903,331.58902,329.889,330.389,328.289,299.68903,297.18903,308.68903,321.489,324.08902,325.18903,325.08902,325.389,321.889,321.18903,319.58902,320.389,317.389,318.889,318.18903,292.489,317.989,316.889,314.18903,313.789,313.289,312.289,309.08902,306.08902,300.889,303.58902,313.08902,313.18903,308.789
314.889,316.58902,319.08902,312.489,321.08902,323.489,315.68903,324.289,327.489,330.889,329.889,329.68903,328.789,325.18903,328.58902,325.789,325.68903,323.789,324.489,323.989,326.289,322.989,319.989,319.989,319.58902,317.68903,312.489,308.58902,306.389,317.68903,308.08902,312.08902,315.789,310.389,311.08902,313.18903,307.58902,307.58902,302.789,296.08902,292.489,290.68903,305.889
311.58902,315.08902,314.389,315.08902,319.08902,319.58902,323.18903,321.289,328.489,328.08902,327.489,326.989,316.58902,320.68903,318.789,318.68903,325.789,324.889,326.789,324.989,320.789,317.68903,315.08902,315.58902,315.58902,313.889,309.289,312.08902,303.889,304.389,299.08902,310.489,307.289,308.389,306.489,305.489,306.989,309.18903,310.989,289.489,309.18903,307.289,303.989
296.58902,315.489,317.989,311.58902,316.289,321.389,319.68903,323.289,323.58902,326.389,324.889,325.289,320.989,319.389,317.789,320.58902,320.789,321.889,310.68903,322.18903,316.389,317.389,311.889,305.389,314.18903,311.289,309.58902,308.08902,307.489,305.08902,301.08902,297.18903,296.889,305.18903,299.18903,305.889,305.389,304.989,304.889,305.08902,291.989,289.889,288.789
310.489,312.18903,311.68903,314.489,318.68903,316.489,317.389,318.889,321.489,321.389,316.989,319.08902,316.18903,314.789,315.889,316.68903,317.289,317.889,318.68903,314.58902,311.789,310.989,310.289,300.289,305.489,308.289,305.889,304.389,301.68903,305.18903,303.289,300.18903,296.18903,304.58902,307.18903,308.789,307.989,306.289,302.08902,296.489,295.889,286.789,285.58902
310.389,301.58902,311.08902,308.489,309.889,310.389,315.889,312.58902,317.989,318.289,318.68903,316.389,314.68903,311.289,313.989,312.68903,312.789,313.389,312.489,313.889,314.18903,310.389,306.58902,310.789,308.68903,307.389,304.489,304.289,299.789,302.989,304.389,302.18903,308.08902,301.289,302.789,304.68903,305.08902,305.389,294.289,292.68903,293.489,293.489,292.68903
306.68903,310.489,312.68903,314.18903,314.489,312.289,309.889,312.289,310.18903,310.789,312.289,313.489,312.789,306.18903,308.989,308.789,308.489,309.18903,309.18903,309.18903,307.389,305.989,303.989,303.289,305.58902,304.68903,303.58902,304.389,304.989,306.68903,308.18903,307.68903,304.989,304.489,303.68903,300.68903,300.289,302.08902,304.08902,302.08902,299.68903,298.08902,295.18903
303.389,306.389,308.389,311.08902,313.489,312.389,313.08902,312.68903,310.08902,310.289,311.289,309.289,306.389,301.18903,304.389,304.889,305.889,305.68903,305.889,304.58902,305.58902,302.58902,300.489,299.58902,300.68903,300.789,303.58902,305.289,307.789,305.389,304.789,303.58902,304.289,302.989,302.08902,302.58902,303.18903,301.68903,300.489,299.489,297.389,298.389,296.989
301.08902,302.68903,304.08902,307.289,300.489,310.389,310.18903,309.389,306.989,305.289,305.389,305.08902,305.08902,303.289,301.889,305.18903,303.989,303.889,304.389,303.989,304.489,303.489,301.58902,300.989,301.889,302.08902,302.789,303.68903,302.68903,300.989,302.08902,301.489,302.68903,302.489,301.789,302.08902,302.08902,302.489,300.389,299.489,298.389,293.389,293.889
296.789,296.889,302.08902,304.289,293.08902,311.08902,310.389,307.58902,307.989,305.58902,302.58902,306.68903,306.489,301.989,303.08902,303.289,301.389,298.68903,303.889,304.18903,298.389,300.58902,298.989,300.289,300.389,301.489,299.18903,299.489,299.889,301.18903,297.58902,299.389,298.989,294.289,302.08902,301.889,300.18903,300.389,296.58902,295.789,297.889,297.489,292.989
