wind_kz.json
{"header": {"discipline":0,"disciplineName":"Meteorological products","gribEdition":2,"gribLength":1025,"center":7,"centerName":"US National Weather Service - NCEP(WMC)","subcenter":0,"refTime":"2023-09-19T18:00:00.000Z","significanceOfRT":1,"significanceOfRTName":"Start of forecast","productStatus":0,"productStatusName":"Operational products","productType":1,"productTypeName":"Forecast products","productDefinitionTemplate":0,"productDefinitionTemplateName":"Analysis/forecast at horizontal level/layer at a point in time","parameterCategory":2,"parameterCategoryName":"UnknownDiscipline_0_Category_2","parameterNumber":2,"parameterNumberName":"UnknownParameter_D0_C2_2","parameterUnit":"Unknown","genProcessType":2,"genProcessTypeName":"Forecast","forecastTime":0,"surface1Type":103,"surface1TypeName":"Specified height level above ground","surface1Value":10.0,"surface2Type":255,"surface2TypeName":"Missing","surface2Value":0.0,"gridDefinitionTemplate":0,"gridDefinitionTemplateName":"Latitude_Longitude","numberPoints":615,"shape":6,"shapeName":"Earth spherical with radius of 6,371,229.0 m","gridUnits":"degrees","resolution":48,"winds":"true","scanMode":64,"nx":41,"ny":15,"basicAngle":0,"lo1":47.0,"la1":41.0,"lo2":87.0,"la2":55.0,"dx":1.0,"dy":1.0}, "data":
[rows 0 to 14 of 15, columns 0 to 40 of 41]
-1.9540722,0.025927734,0.015927734,-2.4740722,-0.024072265,2.5859277,3.4659278,4.335928,-1.1040722,1.3059278,1.5659277,2.2259278,3.6559277,3.7359278,3.3759277,2.8859277,5.705928,2.7359278,5.165928,0.93592775,2.6259277,3.1459277,2.4159276,0.79592776,1.5859277,-3.6940722,-1.9740722,1.9659277,0.19592774,1.2359277,-1.1340723,2.2759278,1.1759278,2.6759276,0.45592773,-3.0240722,-2.0040722,-0.73407227,-1.2740723,-0.18407227,-1.8840723
1.3759277,0.25592774,-3.4340723,-1.7240722,2.0759277,3.4959278,4.4459276,0.18592773,-1.2740723,-0.55407226,0.74592775,1.7259277,2.4459276,2.9659278,2.5859277,4.7559276,3.8359277,3.0359278,4.3659277,3.9859278,-0.35407227,2.5559278,4.7159276,-1.6440723,1.4659277,-0.55407226,-1.0440723,2.6459277,-0.16407226,-0.064072266,0.34592775,-0.5240723,-1.1840723,-1.5640723,0.8559277,0.8459277,0.43592775,1.1859277,1.0259278,1.3659277,-3.4940722
-1.4240723,-4.2640724,-2.1840723,0.32592773,2.1859276,3.0659277,-1.8640723,-2.1940722,-0.7840723,1.0559278,1.7259277,4.2159276,4.3459277,4.7159276,4.5559278,4.5959277,2.7259278,6.0559278,4.7359276,4.3159275,1.5859277,2.0459278,5.7759275,2.2059278,1.6059277,2.7659278,3.8159277,1.2659278,-2.1840723,-0.21407227,-0.054072265,0.51592773,-0.15407227,1.2959278,0.5859277,-1.6240723,0.74592775,0.9159277,1.2159277,-0.08407226,1.8959278
-3.0540724,-3.4040723,-2.1240723,0.045927733,-0.50407225,-0.34407225,-0.5840723,-0.74407226,0.9659277,2.2559278,3.8259277,4.2559276,6.3659277,5.4459276,5.1759276,4.225928,4.8159275,6.335928,5.745928,3.4459276,-0.74407226,2.5859277,5.935928,6.4659276,2.5359278,-3.5240722,-1.3140723,-1.6440723,-0.74407226,-0.21407227,-1.0140723,0.19592774,0.06592774,-0.81407225,-1.0440723,-1.5440723,-1.4040723,2.5959277,0.41592774,-0.22407226,-1.9740722
-1.5740722,-0.7240723,0.5359277,1.6959277,2.7759278,2.0159278,1.9659277,0.40592775,0.61592776,3.4659278,2.1259277,2.5859277,1.2859278,1.4159278,0.88592774,3.0759277,4.685928,4.9859276,6.2559276,7.8059278,5.8659277,5.9859276,2.3359277,10.015927,-0.24407226,-2.6140723,-2.7040722,-2.6640723,-3.7240722,-3.3440723,-4.2040725,-0.5340723,-1.0940722,1.0559278,0.81592774,1.7359277,-3.0740724,-2.5740724,-2.9440722,-2.3640723,-2.6440723
0.22592774,1.5059277,4.2159276,4.895928,5.265928,4.4859276,4.355928,2.5959277,3.0559278,3.7959278,1.3359277,1.4759277,1.5959277,0.8559277,0.7159277,0.99592775,-0.48407227,3.0259278,4.705928,1.6459278,4.2559276,2.8259277,5.0659275,7.1159277,-4.544072,-4.664072,-2.9440722,-5.0540724,-4.604072,-3.8140724,-3.7040722,-1.3740723,-2.7140722,-2.7740722,-1.8340722,-2.0840724,-0.68407226,-0.41407228,-1.5340723,-1.9640722,-0.6640723
2.6659276,3.1359277,2.8759277,1.8059278,4.8459277,0.7859277,3.1859276,2.8859277,3.0059278,2.1659276,2.4159276,2.2859278,2.3259277,2.8959277,2.8859277,2.1359277,1.3459277,4.1759276,-3.9840722,-2.3840723,-3.1140723,1.3659277,2.4959278,-1.4840722,-3.4040723,-3.1540723,-1.7740723,-3.3540723,-1.5040723,-2.0040722,-2.6940722,-5.3640723,-2.8240724,-2.1740723,-3.1640723,-1.8740723,-1.0740722,0.80592775,-1.2140722,0.82592773,2.1059277
0.42592773,1.5959277,0.51592773,0.94592774,2.0359278,2.4659278,1.1559278,0.67592776,3.1859276,1.3959278,2.1459277,1.8859277,3.7959278,2.2159278,1.5659277,1.1559278,0.98592776,1.5459278,-2.5740724,-4.274072,-2.1140723,-3.6640723,-2.9740722,-3.5140722,-3.4740722,-0.8440723,-1.6040722,-3.0640724,-3.1640723,-3.0440722,-3.7640722,-3.9640722,-3.7940722,-2.0040722,-3.9440722,-1.8340722,-0.98407227,1.1559278,-2.6840723,-2.4440722,-2.2940722
0.5259277,1.5059277,0.7859277,2.2959278,2.0959277,0.75592774,1.4659277,2.5959277,2.6359277,3.5859277,2.8859277,2.2659278,3.3259277,3.0659277,3.9659278,3.6359277,2.6759276,1.0659277,1.1959277,-2.4140723,-1.6240723,-1.4340723,-2.5440722,-1.9540722,1.7759278,-0.35407227,-2.1540723,-2.1140723,-1.3340722,-2.7840722,-3.8240724,-2.8240724,-1.0540723,-2.7240722,-1.3840723,-0.75407225,-0.42407227,-2.3840723,-0.94407225,0.55592775,-1.0240723
1.5059277,-0.32407227,-0.7940723,1.3859277,-0.5440723,-0.68407226,0.44592774,1.6159277,1.4959277,-0.25407228,1.9959277,3.2659278,1.4559277,2.1459277,2.4059277,0.38592774,1.9059278,1.4659277,0.29592773,-1.4940723,-1.7940723,-0.39407226,1.7959278,-0.9740723,-0.82407224,-3.3640723,-3.3240724,-3.5740724,-3.4440722,-3.1740723,-2.5140722,-1.9940723,-0.25407228,-0.75407225,-0.8940723,-0.99407226,-1.8440722,-0.21407227,-1.2440723,0.88592774,-0.104072265
-2.8340724,-2.3440723,-1.2240722,-0.37407225,0.17592773,-2.4340723,-1.7340722,0.36592773,0.08592773,0.55592775,1.9759277,1.8659277,2.8959277,2.5059278,2.5759277,0.68592775,1.2559277,1.6259277,-1.1740723,-0.09407227,0.82592773,-0.57407224,-1.5640723,2.9559278,1.0559278,0.80592775,-1.0840722,-1.4840722,-1.9840722,-1.4840722,-2.0240722,-2.3940723,-2.2040722,-0.064072266,-0.57407224,-1.6640723,-1.4340723,0.5859277,-0.12407227,1.3359277,-0.93407226
-1.5440723,-2.4140723,-1.4440722,-0.22407226,-0.74407226,-0.42407227,-0.074072264,-0.9040723,-0.56407225,0.0059277345,0.44592774,2.0759277,1.8359277,1.0259278,-0.25407228,-0.36407226,-0.34407225,1.2459277,0.08592773,-1.5940722,0.38592774,-1.6240723,2.9959278,4.0959277,-0.30407226,-2.4640722,-2.2640722,-1.7240722,-1.2740723,-1.8340722,-0.73407227,-1.0940722,-0.44407228,-0.7740723,0.45592773,1.6059277,0.57592773,0.23592773,0.7259277,0.35592774,0.37592775
-1.2840723,-1.6040722,-0.73407227,0.035927735,-0.22407226,-0.74407226,-1.4640722,-0.94407225,0.44592774,1.0059277,0.5359277,1.5159278,-0.25407228,-1.2240722,1.5259278,0.8459277,1.3059278,-1.3840723,-0.49407226,-0.21407227,2.1659276,3.1759276,1.4359277,0.025927734,0.12592773,-1.4040723,-1.7940723,-1.5040723,-1.2840723,-1.3140723,-1.4740722,-0.42407227,0.86592776,0.86592776,0.24592774,-0.44407228,-0.104072265,0.19592774,1.2959278,1.1259277,-0.27407226
-0.50407225,-0.86407226,-0.62407225,-0.5840723,-0.044072267,-0.70407224,-0.7240723,-0.80407226,0.9659277,0.9759277,0.5859277,0.5959277,0.43592775,-0.88407224,-0.104072265,-1.4640722,1.9059278,2.6759276,1.8659277,2.6759276,1.4359277,1.0259278,1.8359277,1.6259277,0.67592776,-0.26407227,0.055927735,0.54592776,0.40592775,0.38592774,0.5859277,0.69592774,-0.09407227,-1.1240723,1.1759278,0.49592772,-0.49407226,-1.1740723,-1.0240723,-0.17407227,0.15592773
-1.2240722,-0.55407226,1.8559277,-0.22407226,-0.48407227,-0.36407226,0.44592774,-0.14407226,0.08592773,-0.62407225,-0.5340723,0.105927736,0.7859277,1.4159278,1.4159278,1.6859277,1.1759278,1.0959277,0.41592774,1.5059277,3.3259277,2.2159278,1.6359277,2.2259278,1.5159278,1.8959278,1.9659277,1.2459277,1.7359277,0.37592775,1.8359277,0.8359277,1.3359277,0.57592773,-0.19407226,1.1859277,-0.61407226,-0.5340723,-1.1640723,0.14592773,-0.8440723
