wind.json
{"header": {"discipline":0,"disciplineName":"Meteorological products","gribEdition":2,"gribLength":1125,"center":7,"centerName":"US National Weather Service - NCEP(WMC)","subcenter":0,"refTime":"2023-05-30T18:00:00.000Z","significanceOfRT":1,"significanceOfRTName":"Start of forecast","productStatus":0,"productStatusName":"Operational products","productType":1,"productTypeName":"Forecast products","productDefinitionTemplate":0,"productDefinitionTemplateName":"Analysis/forecast at horizontal level/layer at a point in time","parameterCategory":2,"parameterCategoryName":"UnknownDiscipline_0_Category_2","parameterNumber":3,"parameterNumberName":"UnknownParameter_D0_C2_3","parameterUnit":"Unknown","genProcessType":2,"genProcessTypeName":"Forecast","forecastTime":0,"surface1Type":103,"surface1TypeName":"Specified height level above ground","surface1Value":10.0,"surface2Type":255,"surface2TypeName":"Missing","surface2Value":0.0,"gridDefinitionTemplate":0,"gridDefinitionTemplateName":"Latitude_Longitude","numberPoints":688,"shape":6,"shapeName":"Earth spherical with radius of 6,371,229.0 m","gridUnits":"degrees","resolution":48,"winds":"true","scanMode":64,"nx":43,"ny":16,"basicAngle":0,"lo1":45.0,"la1":40.0,"lo2":87.0,"la2":55.0,"dx":1.0,"dy":1.0}, "data":
[rows 0 to 15 of 16, columns 0 to 42 of 43]
-2.0448608,0.9251392,1.5151391,2.2151392,2.1051393,3.7351391,2.0851393,-4.024861,-0.8848608,-0.18486084,0.14513916,-1.6048608,-1.7648609,-1.3048608,-1.3848609,-1.9448608,-2.1148608,-4.214861,-5.324861,-7.374861,-3.1348608,-2.8048608,-2.0548608,2.8751392,4.535139,1.8951392,1.5951391,2.315139,1.2651391,0.76513916,2.2151392,-0.79486084,0.90513915,-0.43486083,0.70513916,1.8151392,1.4451392,-0.73486084,-1.6748608,-0.8848608,-1.0148609,-0.53486085,-0.07486084
2.4051392,-0.46486083,-1.9948609,-3.2548609,1.4351392,4.125139,3.275139,0.00513916,-0.12486084,1.4951391,0.17513916,-0.43486083,-1.1748608,-1.3248608,-2.204861,-2.6548607,-1.6548609,-3.0548608,-2.474861,-5.314861,-6.354861,-5.214861,-5.9148607,-4.174861,-0.06486084,-2.1148608,-2.3848608,-0.10486084,-1.2348609,1.6851392,2.305139,2.9351392,0.5051392,-1.3748609,-0.35486084,0.29513916,2.1151392,3.565139,2.055139,0.26513916,2.8751392,1.3651391,-0.5048608
-0.78486085,-4.504861,4.685139,0.57513916,-3.5648608,1.3351392,3.2051392,-2.424861,2.505139,2.6651392,1.5351392,0.59513915,-0.6248608,-1.8048608,-3.3048608,-3.6348608,-4.624861,-4.424861,-4.214861,-4.404861,-5.544861,-4.094861,-5.6448607,-6.254861,-3.984861,2.1251392,-1.6048608,-2.744861,-4.9148607,-1.2248608,-0.77486086,-0.34486085,3.4651392,2.565139,-1.6148609,-2.424861,-5.5148606,0.57513916,-1.2448609,-2.0648608,-0.34486085,-0.5748608,3.565139
2.505139,2.4551392,-0.44486085,-3.444861,-2.194861,-0.47486085,2.4951391,0.89513916,3.1251392,2.815139,1.6351391,0.12513916,-1.0448608,-2.0048609,-2.2548609,-2.8748608,-3.0148609,-3.484861,-3.1248608,-4.2648606,-2.5748608,-2.924861,-3.8148608,-5.384861,-5.9748607,-4.114861,-1.8748609,1.7951392,0.51513916,-0.30486083,-1.0348608,0.59513915,1.8951392,-0.54486084,1.1551392,-1.5548608,-1.1348609,2.1951392,0.6851392,-1.5648608,0.54513913,0.45513916,1.5351392
-5.134861,-6.464861,1.8151392,-0.5048608,-1.4048609,-1.4348608,-0.41486084,3.7151392,4.615139,3.6451392,2.5851393,1.4451392,-0.76486087,-1.8848609,-2.7848608,-2.5948608,-0.5748608,-0.65486085,-1.1548609,-1.8648609,-2.974861,-3.2948608,-2.7548609,-4.194861,-0.9448608,-2.964861,-2.6048608,-2.224861,-2.0048609,-2.3848608,1.2551391,2.3351393,0.53513914,-4.274861,-1.6448609,3.025139,-0.40486085,-3.5448608,-1.4048609,1.1051391,-0.9948608,0.6151392,2.575139
-5.4348607,-6.444861,-0.40486085,3.6151392,4.945139,1.6851392,-3.0248609,5.175139,5.705139,6.375139,4.2351394,2.2451391,0.72513914,-1.4648608,-3.5248609,-3.224861,1.7851392,0.91513914,0.66513914,0.54513913,-0.72486085,-2.1248608,-2.8948607,-1.6348609,-0.11486084,-0.8848608,-0.30486083,-1.6048608,-2.714861,-4.584861,-3.3148608,-3.6648607,-2.7948608,0.20513916,0.13513917,-0.02486084,-1.0748608,-3.0348608,-2.3948607,3.5851393,-6.604861,-0.02486084,-1.4848609
-2.3148608,-2.5748608,-2.684861,3.035139,5.765139,2.8651392,-1.4848609,5.3551393,7.015139,6.895139,5.0251393,3.0951393,0.8751392,-0.33486083,-2.964861,-4.374861,-3.2948608,0.6751392,3.4951391,1.9851391,1.4151392,1.5251392,0.46513915,0.45513916,0.16513915,0.66513914,-1.8948609,-0.7448608,0.06513916,-2.174861,-2.5648608,-3.944861,-2.9148607,-3.714861,0.76513916,-2.184861,0.45513916,1.3251392,0.19513915,-0.17486084,-1.6048608,-3.444861,-4.384861
-1.2548609,-1.7248608,-1.6748608,4.2351394,5.515139,3.505139,2.1851392,7.5851393,7.445139,6.875139,4.555139,3.815139,1.2151392,0.97513914,-1.7348609,-2.7648609,-3.2748609,-4.814861,-3.4148607,-2.204861,-1.8848609,-2.3448608,-2.214861,-0.60486084,-0.15486084,-2.1248608,-1.0648608,-0.9348608,-3.6248608,-1.9048609,-2.3248608,-2.944861,-3.714861,-3.0248609,-3.3648608,-2.224861,-4.194861,-3.7948608,-4.234861,-3.464861,-3.3548608,-1.9348608,-4.2848606
1.1851392,-1.4448608,-1.6548609,3.9851391,7.6051393,4.845139,5.5051394,7.655139,7.535139,7.6051393,5.8151393,4.0651393,3.295139,3.1151392,0.95513916,-0.6948608,-2.724861,-2.724861,-1.8248608,-3.0148609,-3.234861,-3.944861,-4.654861,-4.9148607,-3.434861,-1.9248608,-1.1448609,1.0151391,2.6151392,-1.4948609,-1.8448608,-3.2548609,-2.494861,-1.3248608,-3.3948607,-3.984861,-0.67486084,-0.78486085,-2.174861,-3.1148608,-1.2748609,0.34513915,-1.7548609
2.1651392,-1.1948608,0.34513915,6.0851393,8.605139,7.1051393,5.7551394,4.7751393,7.115139,5.7751393,6.685139,4.3551393,3.1151392,2.315139,1.4451392,0.45513916,-1.0748608,-1.5248609,-0.43486083,1.2251391,-0.24486084,-2.5948608,-2.8148608,-2.8948607,-3.6048608,-3.5548608,2.4551392,3.9751391,0.9251392,0.26513916,-1.1548609,-0.43486083,-2.5448608,-1.5048609,0.34513915,-2.704861,-1.7848608,-0.35486084,-1.9048609,-2.204861,-4.0348606,-3.4148607,-3.3148608
0.34513915,-2.1648607,0.96513915,2.6151392,7.125139,6.785139,6.0251393,3.775139,6.955139,4.5051394,5.055139,4.2351394,3.9551392,3.1851392,2.275139,1.9951391,2.1751392,-0.6848608,1.7751392,1.1251391,0.98513913,-2.4148607,-2.0748608,-3.7548609,-4.314861,-6.124861,-4.444861,2.9051392,4.095139,2.565139,0.27513915,0.77513915,-1.0748608,2.9451392,2.035139,-0.80486083,-1.0048609,-0.5048608,0.90513915,-2.2548609,-1.4348608,-0.96486086,-1.2648609
0.01513916,-1.1548609,-0.92486084,-0.30486083,2.025139,5.175139,2.4951391,3.6351392,6.125139,4.6051393,4.225139,3.1751392,2.6751392,2.525139,2.1451392,2.825139,0.59513915,-1.5548608,1.5551392,2.3351393,-2.8548608,-0.80486083,-2.684861,-4.364861,-2.9148607,-3.8448608,-1.3948609,2.7351391,3.1251392,2.8451393,2.025139,-0.02486084,-1.0748608,2.4751391,2.3651392,1.5251392,0.43513915,-0.5748608,-0.49486083,1.3951392,0.11513916,-0.35486084,0.29513916
2.805139,0.58513916,0.6751392,0.38513917,-2.0048609,-0.20486084,1.0951391,-1.1548609,1.1251391,0.66513914,3.1951392,1.3351392,0.6251392,1.4951391,1.6851392,1.9851391,0.16513915,1.6551392,3.6751392,1.1151391,0.89513916,2.1451392,1.6851392,-2.934861,-1.2848608,-3.4148607,-2.944861,0.40513915,2.0851393,2.9551392,2.9751391,-0.16486084,2.0951393,2.1451392,0.17513916,1.9851391,1.0551392,1.1651392,1.5151391,2.535139,1.4851391,1.5351392,1.2751392
-2.1548607,3.0851393,1.7651391,3.9251392,8.005139,7.455139,4.9851394,4.165139,-0.66486084,-0.32486084,0.03513916,1.3051392,0.24513917,0.91513914,-0.6348608,-2.7648609,-2.424861,-6.634861,-0.16486084,-1.7548609,-2.6648607,-4.944861,-3.1148608,-1.1848608,-1.0948608,-1.0948608,-0.52486086,1.7151392,1.6351391,1.6851392,1.5051391,-1.6748608,-0.59486085,3.545139,0.31513917,-1.2848608,0.39513916,-0.59486085,-2.2648609,0.45513916,-1.0948608,-0.7448608,0.21513917
-3.0248609,-0.12486084,0.8151392,1.6451392,2.4051392,6.0451393,2.4951391,3.8851392,2.2451391,1.8151392,2.4951391,2.1151392,0.90513915,-0.08486084,1.0251392,1.8751391,0.47513917,0.11513916,-0.19486085,-1.1748608,-2.174861,-2.9148607,-3.184861,-3.0448608,-3.5248609,-3.3948607,-1.1648608,3.9351392,3.8451393,3.4651392,0.94513917,-0.95486087,-0.44486085,0.84513915,-0.27486083,-1.4748608,-2.9148607,-3.3048608,-1.7648609,-0.03486084,-0.00486084,-1.2148608,-0.8248608
-2.994861,-0.20486084,-0.14486083,0.8751392,1.0651392,6.2551394,5.7751393,3.9251392,4.285139,2.6851392,2.8651392,1.4851391,0.9951392,1.0051391,1.4951391,0.46513915,0.53513914,-0.85486084,-1.3148608,-1.9548608,-1.6848608,-2.8848608,-3.2548609,-2.9048607,-2.734861,-2.7748609,0.6851392,3.6251392,3.6551392,3.765139,2.5951393,2.4651392,-1.2048608,-1.4848609,-1.6048608,-1.6748608,-2.6648607,-2.984861,-2.3648608,1.6651392,0.85513914,-0.27486083,-1.2248608
