wind_kz.json
{"header": {"discipline":0,"disciplineName":"Meteorological products","gribEdition":2,"gribLength":1102,"center":7,"centerName":"US National Weather Service - NCEP(WMC)","subcenter":0,"refTime":"2023-08-25T12:00:00.000Z","significanceOfRT":1,"significanceOfRTName":"Start of forecast","productStatus":0,"productStatusName":"Operational products","productType":1,"productTypeName":"Forecast products","productDefinitionTemplate":0,"productDefinitionTemplateName":"Analysis/forecast at horizontal level/layer at a point in time","parameterCategory":2,"parameterCategoryName":"UnknownDiscipline_0_Category_2","parameterNumber":2,"parameterNumberName":"UnknownParameter_D0_C2_2","parameterUnit":"Unknown","genProcessType":2,"genProcessTypeName":"Forecast","forecastTime":60,"surface1Type":103,"surface1TypeName":"Specified height level above ground","surface1Value":10.0,"surface2Type":255,"surface2TypeName":"Missing","surface2Value":0.0,"gridDefinitionTemplate":0,"gridDefinitionTemplateName":"Latitude_Longitude","numberPoints":615,"shape":6,"shapeName":"Earth spherical with radius of 6,371,229.0 m","gridUnits":"degrees","resolution":48,"winds":"true","scanMode":64,"nx":41,"ny":15,"basicAngle":0,"lo1":47.0,"la1":41.0,"lo2":87.0,"la2":55.0,"dx":1.0,"dy":1.0}, "data":
[rows 0 to 14 of 15, columns 0 to 40 of 41]
-2.2453806,-0.49538055,1.5146195,0.26461944,-1.2853806,-1.7353805,-0.49538055,1.8346194,-1.2153805,-0.18538055,-0.005380554,-1.7853806,-2.6153805,-2.8653805,-2.9653807,-2.7853806,-1.8253806,0.014619445,-0.79538053,1.0946194,2.8146195,2.5146194,0.10461944,-0.015380554,-0.035380553,1.5446194,-1.6153805,0.92461944,-1.3253806,-0.91538054,-1.6253805,-0.9353806,2.0646195,1.7146194,-0.7553806,-2.1353805,-1.2053806,-2.4353805,-3.3453805,-2.1453805,-3.2253807
0.78461945,0.91461945,-2.9153805,-1.8353806,-1.1953806,-0.19538055,0.29461944,-0.77538055,0.58461946,-1.3753805,-2.2653806,-2.3853805,-1.4753805,-0.22538055,0.55461943,0.71461946,1.7446195,2.5246193,2.2746193,3.7446194,3.1746194,2.7146194,-1.5453806,5.504619,0.42461944,0.52461946,-0.57538056,-0.22538055,1.4546194,-0.34538054,0.014619445,-0.025380554,1.2746195,-2.4253805,-0.22538055,-0.045380555,-1.3953805,0.61461943,-1.4653805,2.5646195,-1.2553805
-0.09538055,-4.1053805,-3.9553804,-2.5253806,-0.69538057,1.3446194,-0.28538054,-0.35538056,-1.0653806,-0.65538055,-1.4453806,-2.1553805,-1.4753805,2.1546195,3.4746194,3.5146194,3.2646194,4.1746197,4.5146194,4.0446196,3.7946196,3.3346195,4.384619,1.8546195,1.3046194,-0.055380553,-1.9853805,1.3446194,-2.4653807,-0.045380555,0.28461945,-0.53538054,-0.34538054,1.4046195,-1.7453805,-1.3053806,-0.79538053,-0.8053806,0.47461945,-0.5053806,-0.96538055
-2.7153807,-2.1753805,0.024619445,1.3346194,0.46461946,-0.47538054,0.34461945,-0.70538056,-0.39538056,0.38461944,-0.025380554,1.6246195,3.4046195,3.1546195,3.4846194,4.1946197,4.7646194,4.4446197,4.634619,4.3046193,2.4146194,1.1746194,3.7046194,3.7046194,5.454619,0.39461944,-0.66538054,-2.0653806,2.4146194,0.61461943,-1.4253806,-1.2353805,3.5546196,6.3646193,0.73461944,1.4146194,-0.8653805,0.64461946,1.1046195,3.8646195,6.564619
1.5446194,2.8246195,3.9246194,4.6646194,3.8146195,2.5846195,2.2846193,2.4046195,2.1746194,2.5246193,3.6646194,3.9646194,5.6146193,3.9846194,4.3346195,1.7246194,2.9846194,4.154619,3.4146194,3.8346195,3.8546195,4.1646194,5.0546193,5.404619,2.4846194,0.52461946,1.0346195,4.1646194,2.5846195,1.1746194,1.8046194,-2.6853805,0.8246195,2.5546196,0.054619446,-0.32538056,12.094619,0.9946194,3.8846195,3.8846195,5.524619
3.1846194,3.2646194,7.3046193,8.564619,9.094619,8.824619,4.9346194,3.6246195,3.6346195,3.3446195,3.8246195,3.8846195,4.8746195,5.644619,1.9146194,2.8646195,3.0946195,2.3246195,2.2146194,2.4846194,2.9246194,4.6446195,5.434619,4.2946196,2.8446195,1.1646194,3.0246193,7.8046193,3.0746195,2.2946196,3.0746195,3.5646195,2.1346195,1.3146194,3.4946194,3.1446195,3.5646195,6.524619,16.724619,7.214619,-2.8953805
5.5946193,5.664619,6.334619,7.2446194,7.874619,8.50462,7.234619,4.3346195,5.434619,5.954619,4.2446194,2.8746195,2.8646195,2.4846194,2.7546194,3.0746195,3.4246194,3.4246194,3.4046195,2.3746195,3.0746195,2.8246195,2.9346194,3.7046194,3.6346195,2.5246193,4.154619,2.4046195,2.9446194,3.6646194,2.5846195,4.634619,4.9646196,6.254619,5.524619,3.8646195,-0.14538056,1.8046194,1.9346194,0.6346195,7.294619
6.104619,5.0646195,6.0546193,3.4746194,6.754619,7.434619,6.314619,7.974619,7.434619,7.104619,6.584619,5.0446196,4.7946196,3.5946195,2.5046194,2.6646194,3.6946194,3.8046196,1.8446194,1.9346194,2.9046195,2.6946194,3.6246195,3.1946194,4.4646196,3.8546195,3.7546194,3.9146194,2.6146195,3.7846193,1.6146195,3.6046195,1.2846195,5.0446196,6.0546193,8.574619,4.404619,7.5946193,8.8346195,10.0846195,1.8146194
1.5246195,2.6046195,4.4246197,5.184619,7.8446193,7.874619,5.9946194,7.314619,7.214619,6.204619,4.8246193,4.8746195,5.854619,2.6246195,1.8046194,3.7246194,3.5346193,3.2246194,2.8646195,3.1346195,2.8546195,3.2946196,0.41461945,4.4546194,3.5946195,2.5746195,3.3746195,0.11461945,1.0746194,1.2646195,2.1646194,2.8946195,5.0646195,5.794619,6.394619,0.0046194457,-0.8153806,0.48461944,-0.36538056,-0.07538056,-2.7253807
1.1446195,1.7946194,1.9846195,2.3046196,2.7646194,3.3346195,3.9246194,0.5646194,3.7646194,3.9246194,4.5246196,5.174619,1.2846195,3.2946196,4.2846193,3.8246195,2.8846195,3.4546194,2.5346193,2.2146194,2.5646195,2.7146194,2.2446194,3.9246194,3.1046195,1.7246194,3.8746195,3.8246195,1.9446194,1.1346195,1.2146194,3.6546195,2.6846194,3.9746194,4.5646195,0.86461943,-2.2053804,0.064619444,1.9246194,1.1146195,-1.8953805
0.094619446,0.33461943,0.79461944,1.8846195,1.6046195,1.3646195,1.3146194,3.0146194,2.7146194,4.0846195,4.0246196,4.8546195,3.9946194,4.0646195,5.724619,2.7346194,2.6946194,2.8746195,1.5946194,2.5646195,3.1846194,3.1646194,2.7046194,1.0846194,1.9746194,1.2946194,1.5046195,2.3346195,0.6346195,0.77461946,2.7346194,1.3746195,0.41461945,1.1846194,2.7246194,-1.1653806,-0.88538057,-1.2053806,0.78461945,0.72461945,-1.4053806
0.95461947,1.3746195,1.5346195,1.7046194,0.21461944,0.49461946,1.8946195,3.0446196,3.2446194,4.2346196,3.7746193,5.404619,4.1646194,3.1946194,3.9746194,1.6746194,1.6046195,2.4446194,0.95461947,2.1546195,1.6846194,0.54461944,-0.71538055,0.70461947,2.5746195,-2.2053804,-0.54538053,1.9646194,2.2046194,1.0546194,2.3146195,0.23461944,-1.7453805,0.64461946,0.41461945,2.6946194,-0.71538055,-1.1153805,1.8146194,-0.48538056,1.1046195
2.1046195,1.8046194,1.8446194,2.4246194,2.6846194,2.6946194,4.0246196,5.314619,5.474619,4.3946195,2.4946194,2.3846195,3.5746195,1.8846195,2.2246194,0.64461946,1.1246195,0.70461947,0.6846194,1.5746194,1.5346195,1.3746195,1.2546195,0.024619445,0.71461946,0.89461946,0.73461944,0.6846194,-0.57538056,1.9146194,1.3746195,-2.2153807,-0.96538055,-0.5553806,0.78461945,-0.76538056,-2.1053805,-2.4953806,1.4446194,0.37461945,-0.90538055
1.8946195,2.9846194,3.8446195,3.6146195,3.6846194,3.3646195,4.1946197,4.3546195,3.8446195,3.0746195,2.3446195,3.5246193,4.6046195,1.7846195,1.4046195,0.5746195,-0.16538055,0.25461945,-0.27538055,1.2246194,0.6246194,-0.34538054,-1.8553805,1.1846194,1.2046194,1.3346194,0.16461945,1.0546194,1.8346194,1.4946195,1.2246194,-1.4153806,-1.2653805,-2.0953805,2.1246195,-2.3353806,-2.5153806,-4.1053805,0.10461944,-1.4353806,1.2246194
1.7646195,2.6946194,4.904619,2.6546195,3.0546196,3.6546195,4.634619,4.0446196,3.8546195,2.9046195,2.3246195,1.8446194,0.92461944,-0.7453806,0.52461946,-0.59538054,-0.42538056,-1.2453805,0.30461943,0.23461944,0.53461945,-0.83538055,-0.48538056,0.37461945,1.6846194,1.0246195,1.7946194,1.6046195,1.9646194,1.2646195,-2.4453804,-1.4353806,-2.3653805,-2.5053806,-2.2353806,-2.6153805,-1.0853806,-0.94538057,-1.0453806,-0.26538056,0.094619446
