wind_kz.json
{"header": {"discipline":0,"disciplineName":"Meteorological products","gribEdition":2,"gribLength":1025,"center":7,"centerName":"US National Weather Service - NCEP(WMC)","subcenter":0,"refTime":"2024-04-06T18:00:00.000Z","significanceOfRT":1,"significanceOfRTName":"Start of forecast","productStatus":0,"productStatusName":"Operational products","productType":1,"productTypeName":"Forecast products","productDefinitionTemplate":0,"productDefinitionTemplateName":"Analysis/forecast at horizontal level/layer at a point in time","parameterCategory":2,"parameterCategoryName":"UnknownDiscipline_0_Category_2","parameterNumber":3,"parameterNumberName":"UnknownParameter_D0_C2_3","parameterUnit":"Unknown","genProcessType":2,"genProcessTypeName":"Forecast","forecastTime":0,"surface1Type":103,"surface1TypeName":"Specified height level above ground","surface1Value":10.0,"surface2Type":255,"surface2TypeName":"Missing","surface2Value":0.0,"gridDefinitionTemplate":0,"gridDefinitionTemplateName":"Latitude_Longitude","numberPoints":615,"shape":6,"shapeName":"Earth spherical with radius of 6,371,229.0 m","gridUnits":"degrees","resolution":48,"winds":"true","scanMode":64,"nx":41,"ny":15,"basicAngle":0,"lo1":47.0,"la1":41.0,"lo2":87.0,"la2":55.0,"dx":1.0,"dy":1.0}, "data":
[rows 0 to 14 of 15, columns 0 to 40 of 41]
-1.5959594,0.18404053,-0.25595948,-1.9159595,-2.7759595,-4.1259594,-5.3859596,-3.2959595,-1.6759595,0.3740405,0.7240405,0.61404055,0.29404053,1.4940405,0.8940405,-0.46595946,-0.7159595,-2.8059595,0.69404054,0.27404052,-2.6259594,2.5340405,1.2440405,-1.4759594,-3.2159595,-0.7259595,0.6040405,3.4840405,3.1240406,-1.7659595,-2.1459594,-0.41595948,-0.47595948,-0.25595948,-1.2359595,-0.9759595,-0.7859595,-0.82595944,-1.8659595,-2.9159594,-3.1759596
1.1140405,1.4940405,2.7640405,-0.5859595,-2.6059594,-3.2659595,-4.6259594,-3.1359594,-2.8359594,-1.2359595,-1.6159595,1.1940405,1.1940405,1.3040406,1.5940405,0.7340405,-0.015959473,0.82404053,1.8240405,2.3040404,-0.6459595,1.6840405,3.4040406,1.7840406,-2.6059594,-1.4359595,-0.09595947,2.8340406,-0.6559595,2.5040405,3.1840405,0.8340405,-2.2959595,-2.0959594,-5.5659595,0.09404053,-0.6059595,-0.19595948,-0.23595947,-2.0659595,-0.5259595
1.5640405,4.7140408,2.3940406,-0.9659595,-2.0659595,-1.7059594,-0.29595947,0.044040527,-1.9359595,1.1640406,1.1840405,0.9140405,2.4740405,1.3440405,-1.0759594,-2.3059595,-0.82595944,1.0440406,2.4940405,2.6740406,2.1240406,0.17404053,1.6340405,1.5940405,2.9840405,2.6840405,1.8240405,0.26404053,1.7940406,2.5940406,-1.4959595,-0.81595945,-0.6459595,-1.3659595,-0.6659595,2.2240405,3.1940405,0.12404053,0.5340405,-2.3959594,-1.4559594
1.3340405,3.3740406,3.0740404,1.9440405,-0.30595946,0.55404055,0.49404052,0.16404052,-2.5759594,-0.23595947,-0.9659595,1.4540405,1.5140405,0.5840405,-0.94595945,-2.5159595,2.2340405,-0.14595947,-1.4259595,4.6740403,4.3140407,2.2040405,2.6140406,5.1140404,1.2440405,2.5740404,2.0740404,3.8640406,5.5640407,2.3140404,0.23404053,-0.3759595,2.3640406,4.2940407,1.2940406,-3.3959594,-3.1859596,1.2040405,3.2740405,0.6540405,1.2740406
-2.3559594,-2.5159595,1.2040405,1.3640405,1.2740406,0.16404052,-0.35595948,2.4440405,0.69404054,0.004040527,-4.1459594,3.1840405,2.2140405,0.61404055,-0.075959474,-0.29595947,-1.8359594,0.42404053,0.61404055,1.3840405,5.9040403,-0.08595947,-2.6159594,3.3240404,4.8340406,1.9440405,3.3940406,3.5040405,1.5840405,-1.9259595,0.24404053,-0.88595945,0.9540405,2.0740404,-1.0759594,-0.34595948,-1.1659595,-0.16595948,2.6640406,1.9440405,-0.6559595
-2.8759594,-1.7759595,-1.4959595,0.17404053,1.1440406,1.4240406,1.2040405,2.1340406,2.0940406,2.0840406,-0.0059594726,3.3940406,1.5640405,2.0240405,-1.3159595,-2.0359595,-2.5159595,1.6240405,-1.3559594,-3.6059594,-2.7359595,-2.7659595,-3.0459595,2.4840405,3.4040406,3.7240405,1.3140405,2.3840406,0.27404052,-1.3259594,-1.5159595,-0.5359595,-1.4059595,1.4840405,3.0240405,6.7640405,2.0240405,4.0740404,1.7340405,0.55404055,-0.26595947
-2.1059594,-2.6459594,-2.1759596,-2.3659594,-1.1559595,0.27404052,2.2240405,2.2540405,3.7640405,3.1740406,0.9740405,5.2140408,3.9440405,2.5040405,0.50404054,-0.74595946,-1.9859595,-2.7559595,-3.1659594,-3.1159594,-2.7059596,-1.4859595,-1.4459594,-2.8359594,-3.4359596,-3.1759596,-3.0059595,-4.0859594,-2.7559595,-1.5159595,-3.7859595,-0.88595945,-0.7159595,-0.025959473,-0.47595948,-0.7959595,-2.4659595,-0.12595947,-0.27595946,-1.3759595,2.2940404
-2.5659595,-1.2959595,-2.5759594,-3.6259594,-3.0459595,2.6640406,-0.17595947,2.0240405,3.7540405,3.0940406,2.9940405,3.7440405,3.5140405,2.2740405,2.6040406,2.3940406,1.3140405,-1.1359595,-2.5159595,-2.6859596,-3.1159594,-1.8459594,-2.1959596,-3.0859594,-3.1859596,-2.0159595,-1.1159595,-3.3759594,-2.2459595,-3.1559594,-2.3359594,-2.6259594,-1.0659595,-2.5159595,0.17404053,-0.6059595,-1.8159595,2.1540406,-0.7759595,-0.7059595,-2.1159594
-1.2159594,-2.1759596,-1.8959595,-2.4759595,-3.5859594,-0.81595945,3.0640404,3.8940406,2.7840405,3.5940406,2.9940405,2.8340406,2.8140404,2.8740406,1.7940406,-0.13595948,-0.26595947,1.0140405,-0.9659595,-2.6959596,-1.9659594,-3.7459595,-2.0659595,-2.1859596,-3.0359595,-3.7459595,-2.3459594,-1.9359595,-0.14595947,-1.0159595,-1.1859595,1.5440406,2.1740406,4.1840405,3.0040405,2.0540404,-3.5459595,0.38404053,-0.4059595,-1.7359595,-3.7759595
-1.5559595,-0.6059595,-0.025959473,-1.9259595,-2.7259595,-1.1059594,-1.2859595,3.1540406,2.1840405,-1.5959594,-0.015959473,3.5740404,2.6540406,-0.29595947,1.6840405,0.034040526,-1.0459595,0.29404053,-1.1759595,-2.9659595,-2.1059594,-2.3759594,-2.7959595,-3.1859596,-3.6159594,-3.1259594,-2.9159594,-2.9059594,-1.7859595,-2.3359594,-0.7659595,0.16404052,0.25404054,3.6740406,2.5740404,1.3540405,0.88404053,-2.6059594,-0.025959473,2.4540405,3.0040405
-0.42595947,0.5440405,1.1540406,1.2540405,0.69404054,1.7040405,-0.11595947,2.1940405,0.43404052,-2.0159595,5.6240406,1.0040405,1.1640406,-2.4059594,0.93404055,-0.45595947,-2.0759594,-0.8959595,-1.7459595,-1.7059594,-2.5459595,-3.4359596,-3.9159594,-3.7059596,-3.0859594,-2.4959595,-2.5159595,-3.0759594,-3.3059595,-4.5159593,-0.015959473,-1.5259595,2.3040404,2.1240406,2.8440406,0.81404054,-0.09595947,2.1040406,1.4040406,0.6440405,-0.24595948
-3.4359596,-2.1959596,0.20404053,0.14404052,1.9340405,1.6640406,3.8540406,1.4740405,-0.7759595,-1.2159594,0.074040525,0.9140405,0.9140405,-0.19595948,-1.9959595,-3.0959594,-3.7959595,-5.9659595,-4.7559595,-2.7059596,-2.7059596,-3.2759595,-3.1959596,-2.6359594,-3.1259594,-4.2559595,-3.5859594,-4.5659595,-5.2159595,-4.6259594,-1.4659594,-0.88595945,0.44404054,2.4540405,2.0640404,1.6440406,1.1440406,2.0040405,1.9840405,1.7340405,1.4740405
-2.7659595,-2.6859596,-3.0059595,-0.31595948,0.13404053,0.86404055,0.9040405,1.3340405,0.55404055,-0.25595948,1.6140405,-0.6059595,-2.2859595,-1.8759595,-2.7859595,-3.0259595,-3.8559594,-4.3459597,-4.7259593,-5.0459595,-5.0959597,-4.0459595,-4.5959597,-4.4659595,-6.8459597,-7.6459594,-7.9459596,-6.4559593,-4.1559596,-2.8159595,-1.4859595,0.80404055,1.1940405,-0.19595948,2.5640404,1.8440405,0.94404054,0.35404053,0.29404053,0.12404053,0.12404053
-2.3959594,-3.1959596,-3.3059595,-1.8259594,-0.9559595,-0.18595947,-0.13595948,0.5440405,-0.55595946,5.3440404,2.2240405,0.41404054,-1.8259594,-1.8759595,-1.9859595,-2.1859596,-2.4659595,-3.4759595,-4.0359592,-4.2459593,-4.9159594,-5.2659593,-6.1559596,-6.7459593,-7.1559596,-7.5759597,-8.06596,-8.46596,-7.8459597,-7.7359595,-4.3159595,1.8740405,2.0840406,1.7240405,0.42404053,1.6440406,0.68404055,-0.44595948,-0.7359595,0.06404053,0.13404053
-1.3259594,-2.1459594,-2.7459595,-1.1859595,-0.99595946,-1.1559595,-1.1459595,-1.2159594,-2.3659594,0.62404054,-0.09595947,3.4840405,1.8840405,0.29404053,-0.61595947,-1.5759594,-2.0859594,-2.3659594,-3.7359595,-3.9959595,-4.9259596,-5.6559596,-5.9559593,-6.3659596,-6.8359594,-7.2559595,-8.21596,-8.22596,-7.8859596,-8.075959,-8.405959,-6.4059596,-1.9459594,1.2040405,1.6940405,2.1940405,1.9840405,2.0240405,0.40404052,0.7140405,0.3440405
