wind.json
{"header": {"discipline":0,"disciplineName":"Meteorological products","gribEdition":2,"gribLength":1039,"center":7,"centerName":"US National Weather Service - NCEP(WMC)","subcenter":0,"refTime":"2023-06-27T12:00:00.000Z","significanceOfRT":1,"significanceOfRTName":"Start of forecast","productStatus":0,"productStatusName":"Operational products","productType":1,"productTypeName":"Forecast products","productDefinitionTemplate":0,"productDefinitionTemplateName":"Analysis/forecast at horizontal level/layer at a point in time","parameterCategory":0,"parameterCategoryName":"UnknownDiscipline_0_Category_0","parameterNumber":0,"parameterNumberName":"UnknownParameter_D0_C0_0","parameterUnit":"Unknown","genProcessType":2,"genProcessTypeName":"Forecast","forecastTime":240,"surface1Type":1,"surface1TypeName":"Ground or water surface","surface1Value":0.0,"surface2Type":255,"surface2TypeName":"Missing","surface2Value":0.0,"gridDefinitionTemplate":0,"gridDefinitionTemplateName":"Latitude_Longitude","numberPoints":688,"shape":6,"shapeName":"Earth spherical with radius of 6,371,229.0 m","gridUnits":"degrees","resolution":48,"winds":"true","scanMode":64,"nx":43,"ny":16,"basicAngle":0,"lo1":45.0,"la1":40.0,"lo2":87.0,"la2":55.0,"dx":1.0,"dy":1.0}, "data":
[rows 0 to 15 of 16, columns 0 to 42 of 43]
300.09256,293.09256,316.69257,325.09256,323.69257,298.09256,297.49255,296.39255,324.29254,324.69257,319.59256,313.69257,325.69257,323.89255,321.39255,322.29254,321.19257,320.69257,320.19257,319.99255,319.39255,315.79254,314.69257,314.29254,298.19257,296.29254,299.19257,291.29254,289.09256,281.49255,297.99255,309.29254,311.09256,307.59256,308.29254,306.29254,304.99255,304.79254,307.69257,309.09256,307.09256,310.29254,312.99255
300.69257,318.49255,318.19257,303.59256,307.69257,297.29254,297.39255,296.29254,312.69257,327.39255,314.29254,315.09256,316.39255,322.19257,321.69257,321.39255,322.39255,322.29254,320.39255,318.19257,322.79254,319.99255,322.29254,316.29254,314.49255,308.49255,311.39255,313.89255,308.79254,288.69257,290.19257,288.39255,289.89255,293.59256,298.99255,301.89255,304.29254,300.39255,304.99255,309.19257,307.19257,309.79254,310.19257
303.89255,297.09256,289.29254,305.49255,297.09256,297.79254,298.39255,295.69257,326.59256,323.29254,318.09256,322.29254,319.39255,320.79254,320.89255,319.69257,321.39255,320.79254,320.29254,320.19257,319.29254,320.59256,315.09256,315.39255,313.19257,296.89255,289.29254,287.69257,297.99255,290.59256,292.49255,285.19257,284.09256,279.29254,293.69257,268.39255,285.59256,293.39255,293.99255,301.39255,306.59256,299.29254,284.89255
298.49255,303.59256,309.39255,297.99255,297.39255,297.39255,296.59256,322.49255,322.19257,320.89255,320.49255,319.09256,319.19257,320.69257,315.79254,317.79254,317.49255,317.89255,318.69257,318.49255,318.49255,312.59256,311.09256,312.79254,315.09256,306.79254,299.29254,301.09256,293.89255,289.79254,289.69257,290.09256,279.29254,283.79254,289.29254,283.69257,295.09256,291.49255,278.39255,281.59256,285.89255,283.09256,284.59256
313.49255,315.09256,312.29254,297.99255,298.09256,297.29254,302.49255,318.49255,318.59256,319.19257,318.89255,319.49255,319.19257,316.79254,295.99255,295.69257,315.99255,318.99255,319.39255,319.59256,319.29254,318.49255,313.39255,307.59256,314.69257,314.39255,307.99255,310.89255,301.59256,295.09256,305.49255,309.09256,302.59256,295.59256,300.39255,302.49255,309.59256,300.69257,285.19257,283.69257,287.79254,300.69257,304.79254
312.39255,317.19257,317.29254,298.39255,298.09256,298.39255,305.69257,315.39255,317.39255,320.99255,317.99255,317.99255,319.29254,315.49255,297.09256,296.49255,292.89255,318.29254,319.59256,315.69257,314.59256,316.29254,317.79254,313.49255,314.29254,314.19257,313.79254,314.89255,313.59256,305.09256,313.59256,311.29254,314.59256,310.19257,289.69257,283.89255,290.09256,301.49255,302.29254,311.59256,311.99255,311.09256,312.09256
314.69257,317.69257,316.89255,315.99255,298.99255,298.09256,298.09256,297.79254,318.59256,317.29254,317.29254,316.59256,312.69257,315.69257,296.99255,296.49255,305.89255,314.89255,318.19257,318.19257,317.69257,313.99255,310.29254,314.19257,310.29254,312.89255,315.09256,311.69257,314.49255,291.89255,313.29254,312.99255,310.99255,312.39255,310.69257,303.29254,293.79254,293.69257,297.89255,296.79254,303.39255,312.59256,311.89255
314.29254,316.69257,314.09256,314.59256,317.59256,317.49255,311.89255,316.99255,318.09256,315.89255,315.29254,310.39255,298.09256,297.19257,315.29254,318.19257,314.59256,304.19257,306.49255,306.29254,304.29254,308.89255,302.09256,309.09256,310.89255,310.69257,300.49255,306.19257,312.29254,314.39255,313.49255,312.39255,311.29254,310.29254,310.59256,310.09256,301.79254,298.79254,299.59256,294.89255,292.89255,291.99255,307.09256
312.59256,310.39255,313.49255,314.49255,316.09256,316.09256,317.09256,316.39255,315.79254,316.09256,313.59256,303.39255,303.19257,306.29254,302.09256,304.69257,304.39255,305.79254,308.99255,309.49255,304.39255,302.79254,299.69257,306.69257,300.79254,302.29254,302.39255,296.29254,303.59256,305.89255,296.69257,302.69257,292.99255,297.89255,294.69257,296.89255,301.09256,296.79254,305.39255,291.39255,308.69257,304.99255,303.09256
295.69257,312.89255,312.19257,313.89255,314.89255,313.59256,314.89255,315.09256,313.19257,306.79254,303.69257,302.19257,304.59256,303.49255,302.39255,311.49255,301.09256,301.69257,307.99255,309.09256,310.69257,306.89255,303.49255,296.39255,301.49255,299.09256,296.89255,301.59256,296.79254,300.49255,295.59256,293.59256,292.69257,293.39255,294.29254,296.29254,292.69257,290.99255,293.49255,292.49255,287.39255,288.39255,288.39255
308.39255,310.49255,310.09256,311.29254,311.89255,311.69257,310.59256,305.09256,301.99255,300.99255,300.49255,303.39255,297.29254,297.49255,299.99255,301.09256,299.19257,308.69257,309.79254,309.09256,308.79254,308.09256,304.79254,300.89255,305.79254,299.09256,297.19257,302.39255,304.49255,298.49255,299.59256,297.99255,297.19257,292.29254,301.89255,301.39255,302.89255,300.79254,288.79254,292.09256,292.79254,289.89255,287.39255
304.29254,299.39255,305.79254,306.19257,307.29254,305.99255,307.59256,301.69257,299.79254,300.79254,304.09256,299.59256,298.09256,298.59256,299.69257,297.89255,300.59256,303.29254,303.19257,294.69257,303.79254,299.59256,298.09256,300.09256,297.79254,296.49255,301.39255,299.69257,297.39255,291.89255,298.69257,296.69257,297.29254,301.99255,299.29254,302.69257,302.49255,295.89255,295.99255,287.89255,289.79254,293.99255,290.39255
301.89255,302.39255,303.09256,304.29254,305.39255,305.39255,303.69257,302.99255,299.89255,302.09256,300.39255,298.19257,299.79254,297.89255,297.29254,297.89255,296.09256,298.99255,299.29254,300.39255,298.79254,300.29254,296.09256,296.99255,301.09256,297.19257,295.09256,296.09256,297.79254,293.49255,294.59256,301.29254,298.69257,300.69257,300.99255,298.09256,300.29254,302.89255,299.39255,290.49255,292.69257,298.39255,298.09256
294.99255,297.29254,301.59256,301.29254,304.09256,302.09256,302.59256,301.79254,300.89255,301.89255,300.49255,301.09256,297.89255,295.29254,297.39255,294.99255,297.29254,298.19257,297.39255,298.09256,296.49255,298.49255,297.19257,296.99255,293.29254,299.69257,299.69257,304.49255,297.59256,303.89255,302.49255,299.89255,294.79254,293.69257,300.09256,298.89255,297.39255,297.89255,301.29254,295.49255,291.99255,300.89255,298.79254
296.19257,294.89255,294.69257,301.99255,297.79254,303.69257,301.39255,300.99255,299.99255,297.99255,299.19257,299.59256,298.99255,298.29254,296.59256,296.99255,297.19257,297.19257,298.69257,297.59256,298.69257,297.29254,297.39255,296.89255,299.29254,299.69257,296.99255,298.69257,297.09256,291.39255,297.39255,300.99255,302.39255,300.89255,297.29254,297.29254,297.79254,294.59256,297.89255,298.29254,293.89255,293.39255,298.39255
300.19257,300.19257,300.99255,298.39255,293.09256,302.49255,303.29254,302.19257,302.59256,301.09256,299.79254,299.29254,300.39255,296.49255,297.19257,298.09256,297.59256,297.79254,298.39255,298.59256,300.59256,298.19257,296.79254,294.79254,296.29254,299.39255,297.49255,297.19257,300.59256,291.59256,293.59256,302.49255,300.09256,293.99255,296.99255,300.69257,297.19257,289.29254,293.69257,289.89255,296.19257,291.89255,299.09256
