wind_kz.json
{"header": {"discipline":0,"disciplineName":"Meteorological products","gribEdition":2,"gribLength":871,"center":7,"centerName":"US National Weather Service - NCEP(WMC)","subcenter":0,"refTime":"2023-09-23T12:00:00.000Z","significanceOfRT":1,"significanceOfRTName":"Start of forecast","productStatus":0,"productStatusName":"Operational products","productType":1,"productTypeName":"Forecast products","productDefinitionTemplate":0,"productDefinitionTemplateName":"Analysis/forecast at horizontal level/layer at a point in time","parameterCategory":0,"parameterCategoryName":"UnknownDiscipline_0_Category_0","parameterNumber":0,"parameterNumberName":"UnknownParameter_D0_C0_0","parameterUnit":"Unknown","genProcessType":2,"genProcessTypeName":"Forecast","forecastTime":300,"surface1Type":1,"surface1TypeName":"Ground or water surface","surface1Value":0.0,"surface2Type":255,"surface2TypeName":"Missing","surface2Value":0.0,"gridDefinitionTemplate":0,"gridDefinitionTemplateName":"Latitude_Longitude","numberPoints":615,"shape":6,"shapeName":"Earth spherical with radius of 6,371,229.0 m","gridUnits":"degrees","resolution":48,"winds":"true","scanMode":64,"nx":41,"ny":15,"basicAngle":0,"lo1":47.0,"la1":41.0,"lo2":87.0,"la2":55.0,"dx":1.0,"dy":1.0}, "data":
[rows 0 to 14 of 15, columns 0 to 40 of 41]
289.05774,279.85773,279.95773,292.85773,292.95773,292.45773,289.75775,289.05774,286.55774,285.55774,284.65775,285.45773,284.85773,284.35773,284.05774,281.75775,282.15775,282.15775,282.05774,282.75775,283.85773,283.25775,284.95773,279.55774,286.05774,289.15775,286.55774,274.85773,269.25775,271.05774,272.55774,270.65775,279.95773,286.25775,286.85773,287.15775,286.85773,286.65775,286.65775,286.65775,284.55774
271.05774,281.25775,292.15775,292.55774,292.45773,291.35773,285.85773,285.35773,283.75775,283.65775,284.15775,282.85773,282.95773,283.75775,279.05774,278.25775,279.85773,279.35773,278.75775,279.05774,279.95773,282.55774,283.15775,280.85773,273.15775,271.45773,281.45773,271.65775,273.95773,262.75775,275.55774,266.05774,264.75775,260.15775,262.25775,282.95773,281.15775,284.05774,286.45773,279.75775,283.55774
283.05774,291.95773,292.45773,292.25775,290.65775,284.95773,284.45773,283.75775,282.95773,282.15775,281.95773,281.75775,281.35773,284.35773,280.45773,277.35773,277.65775,281.45773,282.05774,282.15775,281.85773,279.85773,280.85773,280.35773,284.45773,284.35773,286.35773,287.15775,285.75775,275.45773,264.45773,269.25775,277.45773,277.75775,278.55774,278.05774,270.05774,270.25775,271.45773,267.95773,270.05774
283.95773,291.15775,292.15775,291.25775,288.75775,283.35773,284.05774,282.75775,282.75775,282.15775,281.15775,280.75775,289.95773,289.35773,284.05774,280.85773,279.75775,278.75775,279.95773,281.15775,280.85773,278.55774,279.75775,281.15775,284.85773,286.45773,286.85773,286.85773,285.05774,286.95773,287.25775,283.55774,286.35773,285.95773,285.25775,281.45773,273.45773,265.85773,273.85773,280.15775,283.65775
283.85773,290.65775,290.95773,289.95773,287.45773,283.95773,284.75775,284.05774,283.55774,282.45773,280.75775,278.65775,288.65775,287.65775,286.35773,279.05774,278.75775,278.55774,277.25775,279.05774,278.55774,281.75775,282.05774,283.35773,281.55774,283.85773,285.35773,287.55774,286.85773,288.05774,289.55774,287.85773,277.85773,270.15775,275.25775,283.25775,286.45773,287.15775,286.25775,286.75775,286.65775
283.05774,282.25775,289.25775,289.85773,290.25775,289.75775,284.65775,285.05774,283.35773,282.05774,281.15775,279.75775,286.85773,288.35773,283.55774,277.65775,278.45773,277.35773,277.95773,278.35773,277.85773,280.15775,280.35773,281.25775,282.75775,283.35773,283.55774,286.35773,286.85773,288.75775,287.25775,289.25775,288.75775,286.25775,284.85773,286.95773,281.15775,281.65775,283.05774,284.75775,285.25775
283.05774,282.75775,285.35773,284.95773,285.65775,283.25775,283.05774,282.45773,282.15775,281.95773,279.25775,278.75775,277.55774,277.15775,277.15775,277.25775,276.65775,277.65775,276.65775,278.15775,277.35773,278.45773,279.05774,279.95773,280.45773,282.35773,283.35773,286.25775,286.05774,287.35773,284.95773,287.65775,288.05774,288.45773,286.45773,285.85773,281.95773,279.85773,274.45773,272.85773,281.75775
283.15775,282.75775,284.25775,284.55774,284.65775,284.15775,282.35773,280.15775,278.75775,278.25775,276.95773,276.65775,275.35773,275.75775,276.35773,276.25775,276.55774,278.85773,275.85773,275.95773,275.05774,273.75775,275.35773,277.05774,277.95773,278.45773,281.15775,284.05774,283.75775,285.05774,284.45773,286.25775,284.85773,282.45773,283.35773,284.45773,285.65775,285.75775,284.45773,283.85773,280.45773
280.65775,281.05774,281.65775,281.65775,283.15775,281.85773,280.45773,279.35773,277.95773,276.45773,275.35773,274.65775,273.25775,274.05774,273.85773,274.75775,274.65775,274.95773,274.15775,273.45773,272.05774,270.55774,272.65775,273.65775,274.25775,276.45773,278.75775,281.75775,282.15775,281.55774,282.15775,283.05774,284.15775,283.55774,283.85773,282.05774,282.55774,282.15775,273.55774,273.55774,271.05774
278.45773,279.15775,279.35773,280.25775,280.65775,281.95773,281.55774,278.55774,278.15775,276.65775,274.45773,273.25775,272.65775,272.55774,272.15775,272.85773,273.15775,273.45773,273.35773,272.85773,272.25775,271.05774,271.75775,271.15775,271.45773,272.05774,273.95773,279.35773,281.55774,280.95773,280.55774,281.55774,282.35773,282.35773,283.55774,282.95773,282.35773,279.45773,276.55774,274.35773,270.25775
278.15775,277.35773,278.25775,278.55774,278.95773,279.35773,282.55774,280.95773,277.45773,275.05774,273.65775,272.35773,273.05774,271.65775,271.15775,271.45773,271.55774,272.45773,272.65775,271.15775,271.35773,272.75775,271.05774,270.45773,270.45773,270.65775,269.95773,271.85773,273.15775,276.25775,277.85773,279.65775,279.25775,278.55774,279.55774,281.35773,279.55774,276.75775,276.45773,276.35773,273.05774
277.85773,278.25775,277.95773,277.35773,277.55774,278.55774,280.25775,279.15775,277.75775,273.45773,271.95773,271.75775,272.35773,269.75775,270.15775,270.85773,270.45773,271.05774,271.45773,270.75775,270.95773,271.15775,271.55774,271.95773,270.65775,270.85773,270.85773,271.65775,272.25775,273.15775,274.55774,275.95773,275.95773,275.65775,275.45773,275.85773,275.65775,275.85773,275.75775,276.95773,279.75775
278.25775,277.75775,279.05774,278.05774,278.85773,278.15775,277.35773,279.65775,277.35773,276.35773,271.15775,267.75775,269.15775,269.05774,269.55774,270.35773,270.75775,270.15775,271.45773,270.85773,270.65775,270.05774,270.05774,270.25775,271.85773,273.15775,274.25775,274.35773,274.35773,274.15775,274.15775,274.15775,274.55774,274.15775,273.85773,273.85773,273.55774,274.75775,273.65775,274.25775,275.65775
277.25775,277.85773,282.75775,279.35773,278.25775,274.65775,273.45773,276.55774,279.45773,277.65775,274.95773,268.95773,266.75775,268.75775,269.25775,269.45773,270.15775,269.65775,270.45773,270.05774,270.35773,270.55774,270.55774,270.75775,271.35773,272.15775,272.15775,272.55774,272.75775,272.55774,272.05774,271.05774,270.75775,270.75775,270.85773,270.45773,270.95773,271.15775,270.95773,270.25775,272.15775
278.75775,279.15775,284.95773,278.15775,276.25775,274.35773,273.45773,274.15775,273.45773,272.25775,276.95773,268.85773,269.55774,268.65775,268.55774,269.05774,268.95773,269.05774,268.85773,269.35773,269.35773,269.65775,269.75775,269.85773,269.85773,270.05774,269.95773,269.95773,269.85773,269.55774,269.45773,275.15775,270.15775,269.55774,269.65775,269.55774,269.35773,269.05774,269.85773,270.15775,271.05774
