wind_kz.json
{"header": {"discipline":0,"disciplineName":"Meteorological products","gribEdition":2,"gribLength":1025,"center":7,"centerName":"US National Weather Service - NCEP(WMC)","subcenter":0,"refTime":"2024-02-01T12:00:00.000Z","significanceOfRT":1,"significanceOfRTName":"Start of forecast","productStatus":0,"productStatusName":"Operational products","productType":1,"productTypeName":"Forecast products","productDefinitionTemplate":0,"productDefinitionTemplateName":"Analysis/forecast at horizontal level/layer at a point in time","parameterCategory":2,"parameterCategoryName":"UnknownDiscipline_0_Category_2","parameterNumber":3,"parameterNumberName":"UnknownParameter_D0_C2_3","parameterUnit":"Unknown","genProcessType":2,"genProcessTypeName":"Forecast","forecastTime":240,"surface1Type":103,"surface1TypeName":"Specified height level above ground","surface1Value":10.0,"surface2Type":255,"surface2TypeName":"Missing","surface2Value":0.0,"gridDefinitionTemplate":0,"gridDefinitionTemplateName":"Latitude_Longitude","numberPoints":615,"shape":6,"shapeName":"Earth spherical with radius of 6,371,229.0 m","gridUnits":"degrees","resolution":48,"winds":"true","scanMode":64,"nx":41,"ny":15,"basicAngle":0,"lo1":47.0,"la1":41.0,"lo2":87.0,"la2":55.0,"dx":1.0,"dy":1.0}, "data":
[rows 0 to 14 of 15, columns 0 to 40 of 41]
1.6143335,1.2143335,-1.2456665,-2.2356665,-2.8656664,-2.6656666,-2.8056664,-1.9256665,-0.7056665,-2.0856664,-0.5156665,0.3343335,2.1543336,1.2443335,0.42433348,1.0443335,1.6943336,2.3143334,1.9943335,-0.5656665,0.2343335,0.13433349,-0.6656665,-1.2356665,0.9043335,1.1243335,-2.4256666,1.0043335,1.4943335,1.4743335,-3.5256665,-5.1956663,1.0943335,1.0643334,0.7443335,1.6543335,2.6443336,2.8043334,2.2543335,1.3743335,-0.08566651
-0.9756665,-0.7756665,-2.5256665,-3.6656666,-3.4656665,-3.3556664,-5.4156666,-4.4556665,-4.0656667,-1.2456665,-1.0656666,2.3443334,2.5243335,1.5243335,1.8343335,2.3043334,1.1843334,1.0743335,1.8443335,2.1143334,2.0243335,-0.5256665,0.054333497,1.2643335,-1.9256665,-1.9456666,-2.6356666,0.7443335,0.4643335,0.6843335,4.6443334,3.1143334,-1.2756665,-2.4056666,-6.0556664,-2.2456665,-1.4556665,-1.4756665,0.054333497,-0.7256665,-0.5256665
0.3343335,0.2643335,-2.9456666,-5.4656663,-4.9956665,-5.3956666,-5.1256666,-5.2956667,-3.2956665,-2.8256664,-1.3256665,0.1543335,0.9343335,1.5243335,1.8943335,1.0443335,1.6243335,1.7543335,1.9743335,0.9643335,1.0043335,0.13433349,-0.025666503,0.9143335,-1.2656665,-0.0756665,-0.6356665,-1.5056665,-1.1656665,2.2143335,2.7543335,0.9343335,3.0743334,-2.6256666,-0.6456665,1.3943335,4.0943336,-0.9456665,0.7343335,-1.5056665,-1.3456665
0.8143335,-0.6856665,-3.4556665,-5.3056664,-4.9256663,-6.8256664,-6.8456664,-5.8656664,-4.1656666,-2.3756666,-1.5056665,-1.6056665,-2.1156664,-0.17566651,0.7943335,0.6143335,1.0143335,1.2043335,0.7343335,1.8043334,1.0343335,1.0043335,1.4643335,-0.035666503,0.2843335,-0.3856665,-1.2456665,-1.3656665,1.7443335,1.7443335,-0.9156665,-1.1256665,0.2843335,0.054333497,-1.1956666,-3.8256664,-2.2656665,1.9843335,1.9643335,1.6343335,1.6243335
1.8543335,0.034333497,-2.3956666,-2.7156665,-3.3756666,-5.2156663,-3.7356665,-3.1856666,-2.7456665,-2.5456665,-2.0956664,-1.2856665,-1.1956666,-1.3156666,-0.6056665,-0.2856665,0.1943335,0.9843335,0.84433347,0.5543335,1.7143335,0.9543335,-0.3956665,-0.6456665,-0.7656665,-1.7156665,-2.7756665,-3.5056665,-1.5456665,-2.1656666,-2.8356664,-0.90566653,2.1343336,1.0543334,-1.5456665,-0.2656665,-0.7056665,-1.4856665,-0.8756665,-0.3956665,-0.3356665
1.4143335,-0.9256665,1.7543335,-1.6056665,-2.3456664,-2.7656665,-4.0756664,-3.1156664,-2.1456666,-1.3256665,-0.6056665,0.1843335,-1.0856665,-2.1756666,-1.4756665,-1.1156665,-0.1556665,0.3243335,0.1543335,-0.8656665,-0.71566653,0.3043335,0.3143335,-0.4456665,-0.6356665,-0.2756665,0.0643335,-1.1556665,-1.4456666,-1.5856665,-1.8856665,-1.9956665,-0.5756665,-1.4256665,1.5343335,-0.095666505,3.0343335,1.2043335,0.0643335,-0.8156665,-0.1556665
0.6843335,-0.14566651,-1.4556665,-1.8156666,-2.8356664,-3.4056666,-3.4356666,-2.8756666,-1.8556665,-1.1756665,-0.2556665,0.24433349,-0.2156665,-0.5556665,-1.5456665,-1.1056665,-0.6656665,0.4343335,0.9743335,1.1443335,0.6843335,1.0443335,1.4943335,2.5143335,3.0543334,1.4443336,0.2843335,0.59433347,-0.4356665,-0.8856665,-0.7656665,-1.8356665,0.024333496,0.7443335,-0.8156665,-1.3856665,-2.8456664,-1.0656666,-1.8156666,-2.0456665,1.0243335
0.1543335,-0.2756665,-0.8956665,-1.1756665,-0.6956665,-1.8756665,-1.9956665,-1.7756665,0.024333496,-0.17566651,0.2843335,0.8143335,-0.1956665,0.3843335,-0.32566652,0.45433348,0.024333496,0.9043335,1.9043335,3.1043334,1.6943336,2.2043335,2.4043336,2.4143336,2.7743335,1.9143335,2.2943335,0.6743335,-0.4956665,-0.22566651,-0.4356665,0.2343335,1.0643334,1.6543335,2.0043335,0.5143335,0.5843335,1.6143335,-1.5056665,0.3843335,-1.4056665
0.59433347,0.0943335,-1.2656665,-0.6456665,-0.32566652,-0.6456665,-0.6356665,0.024333496,0.2043335,1.7343335,2.2643335,2.1543336,0.3443335,0.9843335,0.9443335,1.9743335,3.1643336,2.6643336,3.1443336,3.0543334,2.0843334,3.3243334,3.4243336,3.1143334,3.3043334,3.0343335,2.0643334,1.7043335,0.8243335,1.0743335,2.0643334,2.3843336,2.2843335,2.3243334,2.9443336,2.8043334,-0.4356665,1.5443335,1.6243335,-0.8456665,-1.1656665
0.3243335,-0.9856665,-1.7856665,-2.3756666,-2.1256666,-1.1756665,-0.045666505,0.4443335,0.7943335,0.7343335,1.2443335,1.8043334,2.2843335,2.3243334,3.0243335,2.5143335,3.6843336,3.4543335,3.6143334,3.3043334,3.4843335,3.9443336,3.9043336,4.5843334,4.0043335,4.0643334,3.9743335,3.2743335,2.5243335,2.6343336,1.9743335,2.1643336,1.4543335,3.1243334,3.6443336,2.5843334,1.3543335,0.0643335,2.3043334,3.2243335,2.6643336
1.7543335,1.1843334,0.084333494,-0.6756665,-0.3456665,0.4143335,0.5243335,0.7743335,1.1443335,1.1043335,1.3243335,1.7443335,2.0643334,2.1543336,2.5043335,3.4343336,4.2843337,4.9843335,5.2943335,5.4243336,4.2843337,3.7043335,3.9443336,5.2043333,4.6843333,4.8743334,4.3443336,4.2743335,4.2443333,2.6843336,1.6743335,1.2843335,2.0243335,2.9343336,4.7543335,4.9543333,3.9443336,2.9043336,2.7043335,1.8743335,1.0743335
1.2743335,1.3743335,0.6043335,0.5043335,-0.4656665,-0.3056665,0.3143335,0.5643335,1.1143335,1.4843335,1.1043335,0.12433349,2.4243336,2.1343336,1.6043335,2.7443335,3.7043335,4.1943336,6.2143335,5.8043337,6.1243334,5.2643337,4.5043335,4.9543333,5.0343337,4.7443333,6.0443335,4.8843336,3.8043334,3.3143334,2.6443336,2.4343336,2.8843336,3.4643335,3.4943335,6.0243335,6.7243333,5.1443334,2.1243334,0.7543335,0.21433349
1.0943335,0.9143335,0.5043335,0.9343335,0.3443335,0.2743335,0.3843335,0.3143335,0.39433348,1.4543335,0.78433347,0.7543335,1.4143335,2.0343335,2.3843336,2.8643334,3.4943335,3.5943334,5.0143337,5.0543337,6.0643334,6.1043334,5.4943333,5.5843334,5.3843336,5.1843333,4.6443334,4.2943335,4.2543335,4.1943336,3.8543334,4.2043333,3.8843336,4.0043335,3.7443335,4.1343336,4.5543337,3.1943336,3.4943335,2.8943336,2.4543335
1.1843334,1.0643334,-0.4356665,0.1843335,0.1743335,0.014333496,-0.1356665,-0.3956665,0.6643335,-0.2856665,0.2843335,-0.1056665,1.2243335,1.0943335,0.2343335,0.9043335,1.0943335,2.0243335,2.4543335,3.2243335,3.9443336,4.8343334,4.5543337,4.4043336,4.4043336,3.9743335,4.0143337,4.8643336,3.9443336,4.7843337,4.7043333,4.4443336,4.4443336,4.2943335,3.4643335,3.9043336,3.1243334,2.5943334,1.6643335,1.7843335,2.1343336
0.114333495,-0.2056665,-0.9856665,-2.0156665,-2.0956664,-2.0056665,-2.4656665,-2.5956664,-2.5356665,-1.8256665,0.044333495,0.3043335,-0.7056665,-0.96566653,-1.8656665,-1.4856665,-0.7756665,-0.2556665,0.6543335,1.4343334,2.1543336,2.3943336,2.6243334,3.3943336,3.8343334,4.4543333,4.6043334,4.4743333,4.4743333,4.6043334,4.8243337,5.3843336,4.1243334,3.8943336,3.6243334,2.3843336,2.2843335,2.1543336,1.7643335,1.4443336,0.4343335
