wind_kz.json
{"header": {"discipline":0,"disciplineName":"Meteorological products","gribEdition":2,"gribLength":1025,"center":7,"centerName":"US National Weather Service - NCEP(WMC)","subcenter":0,"refTime":"2024-04-08T18:00:00.000Z","significanceOfRT":1,"significanceOfRTName":"Start of forecast","productStatus":0,"productStatusName":"Operational products","productType":1,"productTypeName":"Forecast products","productDefinitionTemplate":0,"productDefinitionTemplateName":"Analysis/forecast at horizontal level/layer at a point in time","parameterCategory":2,"parameterCategoryName":"UnknownDiscipline_0_Category_2","parameterNumber":3,"parameterNumberName":"UnknownParameter_D0_C2_3","parameterUnit":"Unknown","genProcessType":2,"genProcessTypeName":"Forecast","forecastTime":0,"surface1Type":103,"surface1TypeName":"Specified height level above ground","surface1Value":10.0,"surface2Type":255,"surface2TypeName":"Missing","surface2Value":0.0,"gridDefinitionTemplate":0,"gridDefinitionTemplateName":"Latitude_Longitude","numberPoints":615,"shape":6,"shapeName":"Earth spherical with radius of 6,371,229.0 m","gridUnits":"degrees","resolution":48,"winds":"true","scanMode":64,"nx":41,"ny":15,"basicAngle":0,"lo1":47.0,"la1":41.0,"lo2":87.0,"la2":55.0,"dx":1.0,"dy":1.0}, "data":
[rows 0 to 14 of 15, columns 0 to 40 of 41]
-0.5876489,0.5323511,1.772351,-2.687649,-5.697649,-5.237649,-2.987649,-0.6776489,-1.5376489,-2.937649,-4.357649,-4.447649,-3.537649,-5.197649,-5.147649,-5.107649,-7.067649,-5.947649,-9.407649,-6.657649,-2.427649,-3.027649,-3.3576488,-2.257649,-1.6476489,-2.3476489,-2.1476488,1.532351,2.512351,3.1423512,-1.5276489,-0.5276489,-0.057648927,0.85235107,2.482351,0.99235106,-0.23764892,-0.08764893,-0.0076489258,-0.7876489,1.762351
1.5623511,1.7223511,3.1223512,-0.4176489,-2.1276488,-3.927649,-2.667649,-2.937649,-2.3876488,-1.3876489,-2.797649,-3.527649,-3.987649,-4.077649,-7.057649,-8.157649,-8.207649,-5.137649,-1.8076489,-7.4576488,-6.897649,-3.717649,0.0023510742,1.8623511,-1.4576489,-0.8676489,-4.0176487,2.032351,0.7223511,1.6823511,6.182351,5.512351,-1.0276489,-1.5376489,-4.9576488,0.5123511,-0.057648927,-2.407649,-1.5576489,0.34235108,0.6623511
2.532351,3.802351,2.592351,-1.7676489,-3.697649,-3.757649,-2.777649,-3.1076488,-3.457649,-3.917649,-4.157649,-4.257649,-2.917649,-3.197649,-3.777649,-5.4976487,-5.887649,-5.947649,-5.927649,-3.757649,-5.127649,-6.067649,-2.3676488,0.9023511,-1.2676489,0.8823511,1.1923511,1.992351,-0.13764893,2.6723511,3.982351,2.082351,2.532351,0.112351075,-0.49764892,3.8823512,5.712351,1.632351,0.8323511,-0.32764894,1.032351
0.6323511,1.5423511,-0.5276489,-2.657649,-4.9776487,-2.687649,-3.657649,-2.067649,-2.947649,-3.037649,-1.967649,-2.777649,0.40235108,-0.8476489,-1.1876489,-2.8376489,-3.1176488,-2.707649,-4.097649,-4.657649,-1.9376489,0.38235107,-4.427649,-0.6776489,-0.27764893,-3.027649,-2.6076488,0.55235106,2.1623511,3.9023511,4.0423512,-0.7276489,-1.6576489,-2.947649,-0.8476489,-2.227649,-1.1576489,3.302351,5.702351,1.2123511,1.392351
2.552351,2.772351,1.872351,0.45235106,-1.3376489,-1.7776489,-2.247649,-2.1176488,-2.557649,-2.6076488,-3.207649,-4.927649,-4.377649,-0.36764893,-1.367649,-1.8076489,-3.217649,-3.237649,-2.427649,-3.3476489,-3.517649,-3.6076488,-4.567649,1.132351,-0.5876489,-1.007649,-0.20764893,-2.677649,-4.4776487,-2.237649,7.4823513,4.2923512,3.222351,4.082351,-1.097649,-0.9676489,-1.0176489,-1.987649,0.9423511,1.782351,2.6123512
3.942351,3.342351,4.312351,3.282351,1.5923511,0.09235107,-0.70764893,-1.6376489,-2.227649,-1.367649,-2.937649,-4.637649,-5.4776487,-5.797649,-1.0376489,-4.097649,-3.567649,-3.807649,-2.987649,-1.6976489,-2.447649,-3.6476488,-4.447649,-4.107649,1.2123511,2.1323512,1.382351,0.31235108,-3.277649,-3.017649,-3.8876488,-1.1976489,3.272351,2.6723511,2.9123511,0.10235108,2.6723511,4.452351,1.6823511,-3.687649,0.62235105
2.732351,1.8223511,1.872351,3.452351,3.452351,1.012351,0.9123511,-0.27764893,-2.017649,-2.5776489,-1.6676489,-1.357649,-3.257649,-4.107649,-3.5976489,-4.157649,-3.917649,-3.6276488,-3.987649,-2.927649,-2.167649,-2.157649,-1.757649,-0.9076489,-2.197649,0.5123511,1.3023511,-0.11764893,-0.82764894,-1.4276489,-1.0276489,1.632351,4.582351,3.452351,0.08235107,-1.377649,-2.3676488,1.0723511,1.8623511,2.202351,0.92235106
3.062351,3.682351,1.6723511,2.202351,0.50235105,1.0523511,-0.88764894,0.31235108,-0.74764895,-1.7976489,-1.487649,-1.2976489,-0.6076489,-1.9076489,-3.197649,-5.197649,-4.337649,-2.6076488,-0.8476489,-0.7876489,-3.177649,-2.1476488,0.16235107,0.34235108,0.29235107,1.4823511,3.6723511,1.8023511,1.3623511,2.222351,4.152351,4.442351,0.5323511,3.192351,2.332351,1.6623511,-0.50764894,0.54235107,-2.507649,-0.34764892,-2.157649
2.842351,2.052351,1.902351,1.9323511,1.4223511,0.49235108,-0.107648924,-0.067648925,-0.87764895,-0.35764894,-1.097649,-1.5476489,-1.5876489,-0.6076489,-1.7976489,-1.5876489,-2.017649,-1.717649,-1.6776489,-1.477649,-1.5776489,-1.2976489,2.062351,1.5523511,1.2223511,2.1323512,4.572351,3.272351,3.492351,2.9223511,0.7023511,4.7523513,5.392351,2.1223512,3.952351,3.242351,-2.417649,1.0423511,0.9523511,0.7723511,-2.287649
3.312351,2.962351,2.492351,2.342351,2.3823512,1.9823511,1.4223511,0.44235107,-0.24764892,-0.9176489,-0.6676489,-1.2076489,-1.1576489,-1.617649,-1.6576489,-3.407649,-2.717649,-1.617649,-2.6476488,-2.3676488,-1.3376489,-0.21764892,1.5823511,1.8023511,2.1023512,2.312351,3.202351,4.242351,3.6723511,2.772351,4.682351,2.1023512,6.762351,4.682351,4.712351,1.3323511,1.252351,-1.617649,0.86235106,4.2923512,3.4123511
1.892351,3.052351,2.1123512,1.1923511,1.0923511,1.4423511,1.8323511,1.6823511,1.142351,-0.45764893,-0.49764892,-0.067648925,-1.4376489,-1.8876489,-1.2676489,-2.157649,-2.0876489,-1.867649,-3.727649,-2.297649,-1.7076489,-5.407649,-4.757649,0.42235106,1.402351,2.792351,1.282351,4.332351,4.222351,3.002351,4.332351,3.1023512,-0.8576489,3.472351,6.0023513,3.6023512,1.392351,3.1723511,2.692351,1.892351,0.67235106
1.5523511,2.682351,2.432351,2.832351,2.452351,2.812351,2.1423512,2.1423512,1.7323511,0.23235108,-0.6576489,-1.3976489,-0.5476489,-0.32764894,-0.4776489,-1.6476489,-1.857649,-3.757649,-3.3976488,-2.5976489,-2.5776489,-1.8976489,-2.5776489,-2.817649,-2.1076488,2.232351,2.1323512,4.702351,3.822351,4.2923512,5.652351,1.8223511,2.542351,3.522351,3.472351,4.192351,3.3923512,3.092351,3.272351,2.3923512,1.6623511
0.12235107,1.3023511,2.272351,2.302351,2.522351,2.052351,1.992351,3.022351,3.1223512,2.1523511,0.5923511,-0.0076489258,-1.2076489,0.072351076,-0.6676489,-0.15764892,-0.20764893,-0.7976489,-3.157649,-3.057649,-1.5476489,-1.367649,-2.287649,-2.3676488,-3.307649,-1.507649,-2.1376488,-2.727649,2.6023512,4.0223513,4.222351,3.6123512,1.9423511,1.8323511,3.032351,3.792351,3.072351,1.252351,2.092351,1.2323511,0.67235106
0.6423511,1.1923511,0.7823511,1.992351,2.322351,2.842351,2.982351,3.532351,3.8623512,4.7523513,1.5823511,0.022351075,-0.5276489,1.1023511,1.122351,0.34235108,-0.24764892,-0.23764892,-0.23764892,-2.057649,-2.1276488,-1.6776489,-0.037648927,-1.5576489,-1.7676489,-2.677649,-2.957649,-2.257649,-2.1076488,2.952351,4.052351,3.742351,2.742351,2.4023511,2.1623511,2.812351,1.992351,1.0523511,1.252351,1.5723511,1.372351
0.48235106,0.7723511,1.1923511,2.072351,2.4023511,2.9023511,3.072351,3.782351,3.752351,5.222351,3.3723512,3.232351,1.772351,0.42235106,0.73235106,0.87235105,0.50235105,0.20235108,-0.49764892,-0.70764893,-1.857649,-1.227649,-0.22764893,-0.4176489,-0.9776489,-1.3976489,-1.5576489,-0.7176489,0.072351076,1.492351,2.982351,2.782351,2.082351,2.972351,2.812351,3.012351,2.212351,1.9523511,1.7223511,2.462351,0.7023511
