wind_kz.json
{"header": {"discipline":0,"disciplineName":"Meteorological products","gribEdition":2,"gribLength":1025,"center":7,"centerName":"US National Weather Service - NCEP(WMC)","subcenter":0,"refTime":"2023-09-30T06:00:00.000Z","significanceOfRT":1,"significanceOfRTName":"Start of forecast","productStatus":0,"productStatusName":"Operational products","productType":1,"productTypeName":"Forecast products","productDefinitionTemplate":0,"productDefinitionTemplateName":"Analysis/forecast at horizontal level/layer at a point in time","parameterCategory":2,"parameterCategoryName":"UnknownDiscipline_0_Category_2","parameterNumber":2,"parameterNumberName":"UnknownParameter_D0_C2_2","parameterUnit":"Unknown","genProcessType":2,"genProcessTypeName":"Forecast","forecastTime":300,"surface1Type":103,"surface1TypeName":"Specified height level above ground","surface1Value":10.0,"surface2Type":255,"surface2TypeName":"Missing","surface2Value":0.0,"gridDefinitionTemplate":0,"gridDefinitionTemplateName":"Latitude_Longitude","numberPoints":615,"shape":6,"shapeName":"Earth spherical with radius of 6,371,229.0 m","gridUnits":"degrees","resolution":48,"winds":"true","scanMode":64,"nx":41,"ny":15,"basicAngle":0,"lo1":47.0,"la1":41.0,"lo2":87.0,"la2":55.0,"dx":1.0,"dy":1.0}, "data":
[rows 0 to 14 of 15, columns 0 to 40 of 41]
-2.3638575,-0.4938574,1.2961426,1.9461426,1.8761426,1.1361426,1.5761425,-4.0138574,-3.9438574,-3.1238575,-2.6838574,-3.1538575,-2.7738574,-2.7538574,-1.2738575,-0.30385742,-1.0338575,0.42614257,0.57614255,-0.11385742,-2.6438575,-2.4038575,-1.2638574,-1.8338574,-0.07385742,-1.6438575,-2.6838574,-0.68385744,1.4061426,0.44614258,0.87614256,0.8661426,-0.18385743,2.6861427,2.0761425,1.5461426,1.4361426,2.2661426,1.7361426,1.7661426,1.8361425
1.3961426,0.30614257,1.8961426,1.8061426,1.8461425,0.4761426,-2.7838573,-4.5738573,-4.2138577,-2.9738574,-3.0838575,-2.6538575,-3.3838575,-1.9338574,0.27614257,-0.7138574,2.5461426,-2.1838574,-1.1638575,-2.7538574,-1.6538575,-1.2438574,-0.80385745,-3.2938573,-0.5838574,2.3161426,-1.2138574,0.55614257,0.45614257,-0.50385743,0.3161426,-0.11385742,0.80614257,-2.9738574,0.9561426,0.81614256,-0.023857422,-2.0538573,-1.0838574,2.4861426,2.4061425
-0.7038574,-0.003857422,-0.10385742,0.48614258,0.57614255,-2.5238574,-2.0338573,-0.75385743,-4.1338573,-4.0738573,-4.2838573,-4.0138574,-3.0138574,-1.8938575,-1.7638574,-0.99385744,-2.1638575,-2.6538575,-2.7438574,-2.5838575,-3.6738575,-4.2038574,-2.8238573,-2.7638574,0.036142576,-1.1438575,-0.35385743,0.7261426,-1.9338574,-0.3438574,-1.2738575,2.2861426,0.44614258,-0.69385743,-0.7638574,-0.5338574,0.3761426,0.27614257,1.9661425,1.9061426,0.6561426
-1.9038575,-2.3338575,-2.1238575,-1.5038574,-4.903857,-3.2538574,-0.31385744,-3.9738574,-3.1038575,-3.8438575,-3.4338574,-2.7238574,-1.3438574,-0.87385744,0.6161426,-1.4438574,-2.8638575,-4.3238573,-3.0238574,-2.3338575,-1.4738574,-1.9738574,-1.4738574,-4.2638574,-4.2338576,-3.7038574,-4.0138574,-5.443857,-2.9038575,-0.62385744,0.16614258,-1.6738575,-0.23385742,-0.20385742,-1.4538574,-1.7138574,-1.8538574,1.8061426,0.9661426,-0.25385743,-0.62385744
-2.7338574,-3.4738574,-4.7238574,-6.2038574,-5.3738575,-3.3138573,-2.6338575,-2.2538574,-1.8938575,-2.6238575,-1.3038574,-1.1438575,-1.7038574,-1.4138575,-3.9838574,-3.8238573,-4.5038576,-3.9738574,-3.7538574,-4.9138575,-4.0738573,-4.2138577,-4.2438574,-4.0938573,-4.1238575,-4.3238573,-4.4538574,-3.4738574,-3.4838574,-3.1538575,-2.5538573,-1.7538574,-1.8038574,0.8661426,2.3061426,1.0461426,0.27614257,0.4761426,-0.5338574,-0.18385743,-0.2738574
-2.5738573,-2.8638575,-4.2638574,-4.173857,-3.3538575,-2.6338575,-0.5838574,1.0661426,-2.0538573,-1.3038574,-1.9238575,-2.5338573,-3.7238574,-4.0638576,-3.9538574,-3.7938573,-3.9338574,-4.1238575,-4.2638574,-3.6138575,-3.5838575,-3.1838574,-3.5638573,-3.7238574,-3.0638573,-3.6838574,-2.5338573,-2.8938575,-2.4938574,-2.2138574,-2.1238575,-2.2138574,-2.2238574,-2.2738574,-0.5338574,-1.3238574,0.06614258,0.8561426,1.6561426,0.44614258,-0.14385742
-2.3338575,-1.6138574,-1.4338574,-1.4538574,-1.8038574,0.9761426,-2.6038575,-2.7638574,-3.1538575,-3.1338575,-3.0438573,-3.0338573,-3.7338574,-3.4338574,-2.9938574,-3.2938573,-3.5338573,-3.3238573,-3.1138575,-3.3638575,-2.7038574,-2.8938575,-2.6938574,-2.6638575,-2.1538575,-2.0938575,-0.87385744,-0.32385743,-1.2738575,-2.0538573,-2.3538575,-1.5038574,-1.7238574,-1.9638574,-0.55385745,-1.0838574,-0.86385745,1.1461426,0.11614258,1.4161426,1.5661426
-3.9838574,-3.5438573,-3.0438573,-2.6338575,-2.3338575,-2.3638575,-2.0338573,-2.4638574,-2.4638574,-3.1838574,-3.5338573,-3.3938575,-3.1438575,-2.9838574,-2.5638573,-2.7638574,-2.8138573,-2.4038575,-2.2938573,-2.0438573,-0.17385742,-1.2938575,-0.5338574,-1.6638575,-0.7738574,-0.7138574,0.096142575,0.4761426,0.87614256,0.6461426,-0.4338574,-1.9238575,-1.3238574,-0.6038574,-1.2138574,0.88614255,1.7961426,3.9461427,3.3161426,2.8461425,0.3461426
-2.6038575,-1.5138574,-1.5638574,-2.0338573,-2.0938575,-2.6138575,-2.7038574,-2.6738575,-2.5138574,-1.9538574,-1.1638575,-1.3838574,-0.7138574,-1.3638574,-0.55385745,-1.4138575,-1.1638575,-1.1838574,-0.87385744,-1.0238575,-0.5138574,0.21614258,-0.06385742,0.11614258,0.17614257,0.33614257,0.81614256,0.44614258,0.82614255,0.8961426,1.6361426,2.4661427,1.2861426,-0.06385742,0.7161426,0.69614255,0.81614256,-1.8138574,-0.45385742,0.5961426,-1.5038574
-1.3538574,-1.9438574,-1.2438574,-0.8438574,-0.6538574,-1.2838575,-0.9738574,-2.3738575,-1.8838574,-0.75385743,-1.3638574,-0.29385743,-0.7738574,-0.03385742,0.29614258,1.2061425,1.5661426,1.8761426,1.8261425,1.5961425,1.9861426,2.4861426,2.7261426,2.6861427,2.3961425,2.3161426,2.4161425,2.3461425,2.6661425,3.7161427,2.6261425,2.1861427,1.0061426,-0.03385742,-0.61385745,-0.4638574,-1.2838575,0.11614258,-0.21385743,0.7161426,0.21614258
1.1461426,0.35614258,0.046142578,0.44614258,1.0361426,-0.2738574,1.0461426,0.7761426,0.75614256,0.6761426,1.0661426,1.5961425,2.4961426,2.6861427,2.8561425,2.8361425,3.0461426,3.2161427,2.7561426,3.0761425,3.2561426,3.2261426,3.5461426,3.4061425,3.1661425,3.1761427,3.2761426,3.8161426,4.0461426,3.8861425,4.3361425,3.2061427,0.42614257,0.4761426,0.74614257,-0.74385744,-0.94385743,0.7761426,-0.5738574,1.1961426,-0.86385745
1.2561426,1.7361426,1.4061426,1.8461425,1.7661426,1.4761425,1.2361426,1.1961426,1.4961426,1.1161426,0.9161426,2.7761426,2.9561427,3.5361426,3.9361427,3.5761425,3.7061427,3.8061426,2.4461427,3.0261426,2.7661426,3.1161425,3.0261426,2.8061426,3.2961426,3.6861427,3.8661425,4.7261424,4.7861423,4.346143,3.7061427,3.2561426,2.4061425,1.0861425,1.4861426,1.8461425,1.4261426,0.81614256,0.036142576,-0.4938574,-0.24385743
2.0261426,2.1961427,2.6361425,2.2561426,2.2661426,1.5161426,1.6561426,1.9361426,2.6461425,1.3261425,0.8361426,2.5861425,2.7861426,3.8861425,3.6961427,3.5061426,3.2461426,3.3061426,2.4861426,2.7461426,2.2461426,2.2761426,2.5161426,2.8761425,3.8061426,3.7761426,4.2361426,4.3961425,4.2061424,4.1461425,3.8861425,3.6561425,3.0961425,3.4461427,3.6461425,3.4761426,0.8661426,-1.7238574,-2.2338574,-1.6938574,-0.92385745
3.0061426,3.1461425,3.2661426,3.0561426,2.6061425,2.7461426,2.5761425,3.0661426,2.0961425,2.5961425,0.81614256,1.5661426,3.0361426,4.596143,3.6661425,3.3061426,2.9561427,2.4461427,2.1861427,3.0261426,3.1461425,3.1361425,3.3761425,3.5261426,3.5161426,3.2461426,3.1861427,3.5361426,3.6561425,4.0161424,4.0261426,3.8761425,3.6961427,2.8961425,2.1361425,-0.6338574,-1.3738574,-2.2438574,-3.0038574,-0.19385742,-0.023857422
2.2361426,3.7861426,5.2161427,3.8661425,3.8861425,4.8861427,6.056143,3.9161425,5.3361425,3.1861427,0.56614256,3.7961426,3.8461425,1.4561425,3.2361426,3.0861425,3.1961427,3.1061425,2.6861427,3.1061425,2.7661426,2.6961427,2.6861427,2.7861426,1.6861426,1.9161426,2.2861426,2.2861426,2.9361427,3.0761425,3.0861425,1.7561426,-1.0838574,-2.1238575,-2.4238575,-3.0238574,-2.5038574,-2.7738574,-1.5738574,-0.6638574,-1.2838575
