wind_kz.json
{"header": {"discipline":0,"disciplineName":"Meteorological products","gribEdition":2,"gribLength":1025,"center":7,"centerName":"US National Weather Service - NCEP(WMC)","subcenter":0,"refTime":"2023-09-19T06:00:00.000Z","significanceOfRT":1,"significanceOfRTName":"Start of forecast","productStatus":0,"productStatusName":"Operational products","productType":1,"productTypeName":"Forecast products","productDefinitionTemplate":0,"productDefinitionTemplateName":"Analysis/forecast at horizontal level/layer at a point in time","parameterCategory":2,"parameterCategoryName":"UnknownDiscipline_0_Category_2","parameterNumber":2,"parameterNumberName":"UnknownParameter_D0_C2_2","parameterUnit":"Unknown","genProcessType":2,"genProcessTypeName":"Forecast","forecastTime":240,"surface1Type":103,"surface1TypeName":"Specified height level above ground","surface1Value":10.0,"surface2Type":255,"surface2TypeName":"Missing","surface2Value":0.0,"gridDefinitionTemplate":0,"gridDefinitionTemplateName":"Latitude_Longitude","numberPoints":615,"shape":6,"shapeName":"Earth spherical with radius of 6,371,229.0 m","gridUnits":"degrees","resolution":48,"winds":"true","scanMode":64,"nx":41,"ny":15,"basicAngle":0,"lo1":47.0,"la1":41.0,"lo2":87.0,"la2":55.0,"dx":1.0,"dy":1.0}, "data":
[rows 0 to 14 of 15, columns 0 to 40 of 41]
-0.65056884,1.0194311,-1.0005689,-1.5505688,-5.1405687,-5.6205688,-5.4705687,-5.4905686,-5.750569,-2.2405689,-2.8705688,-1.8105688,-2.700569,-2.5005689,-2.470569,-2.3105688,-2.730569,-2.730569,-3.160569,-1.9805689,0.39943114,0.5794312,1.6794312,2.7494311,-2.0105689,0.40943116,2.4994311,-0.45056885,-1.3705689,0.20943116,-0.25056884,0.41943115,0.069431156,-0.14056885,1.4994311,2.2494311,2.9894311,3.3994312,4.139431,3.8694313,4.159431
0.60943115,-2.5005689,-6.9305687,-7.230569,-6.690569,-5.1805687,-4.8905687,-5.750569,-4.030569,-3.0105689,-2.5705688,-4.090569,-3.230569,-3.5805688,-2.8505688,-3.480569,-3.8505688,-3.8805687,-1.6705688,-2.0605688,-3.0805688,-1.7905688,0.049431153,2.9394312,-0.100568846,0.049431153,1.1294311,-0.83056885,2.069431,0.68943113,-0.020568848,0.33943117,-0.72056884,0.73943114,-0.28056884,2.7494311,3.6394312,1.9094311,0.77943116,1.0794312,5.0694313
-5.9905686,-7.060569,-8.270569,-7.610569,-6.380569,-6.090569,-5.190569,-3.9905689,-4.230569,-3.5005689,-3.5605688,-2.940569,-3.1305687,-3.5205688,-3.5905688,-4.2405686,-4.320569,-3.5605688,-2.960569,0.18943115,2.1894312,0.7594311,-4.190569,-5.5105686,-0.21056885,-1.0205688,-0.14056885,-0.24056885,2.9894311,-0.33056885,1.2894311,-1.8505689,-0.88056886,0.72943115,-0.030568847,1.3994311,0.32943115,0.68943113,-0.27056885,2.1594312,0.33943117
-9.590569,-9.160569,-8.230569,-6.650569,-5.250569,-5.360569,-2.8305688,-4.250569,-3.690569,-3.3205688,-2.720569,-3.7505689,-2.3205688,-2.730569,-3.190569,-3.4905689,-3.7605689,-3.9905689,-4.250569,-4.460569,-3.0505688,-2.3605688,-2.450569,-2.1205688,-3.2905688,-3.470569,-0.9205688,-1.7905688,-2.8005688,-1.3505689,0.83943117,-0.7305688,-2.8105688,-2.0205688,-2.2805688,0.34943116,0.32943115,1.8894311,-1.0605688,-0.33056885,-0.21056885
-9.610569,-8.370569,-6.860569,-6.480569,-5.4905686,-3.950569,-3.3805687,-3.150569,-2.190569,-1.6805688,-2.3205688,-2.7605689,-1.8805689,-1.9105688,-1.5205688,-3.420569,-3.8605688,-3.2805688,-3.7905688,-4.480569,-4.860569,-3.8305688,-3.3605688,-3.8505688,-3.680569,-3.8905687,-4.7005687,-2.0005689,-1.8705689,-2.0505688,-1.7505689,0.67943114,3.2294312,2.4994311,-2.5705688,-1.1505688,1.0594312,1.5494312,0.91943115,-0.26056886,-0.43056884
-8.1305685,-6.7005687,-5.880569,-5.530569,-4.570569,-3.5105689,-3.2605689,-1.8405689,-1.6105689,-1.3905689,-1.2105689,-0.51056886,-0.84056884,-1.8605689,-1.3605689,-2.420569,-2.6005688,-2.710569,-2.5305688,-1.7305689,-3.8205688,-3.440569,-3.190569,-2.650569,-1.4405688,-2.1405687,-2.180569,-1.3505689,1.2894311,0.92943114,0.85943115,0.97943115,0.53943115,0.48943114,2.559431,2.059431,2.529431,2.589431,0.84943116,0.85943115,1.9894311
-6.670569,-6.150569,-5.2605686,-4.480569,-3.950569,-4.100569,-3.680569,-2.8205688,-2.6405687,-1.5705688,-1.3705689,-0.8605688,-0.9805688,-0.5405688,-1.4005688,-1.8905689,-2.730569,-2.5905688,-2.150569,-0.9905689,-2.3005688,-2.190569,-1.8005688,-1.5805688,-1.6405689,-1.2105689,-1.0105689,-0.43056884,-1.6205689,-0.76056886,-0.17056885,0.029431153,0.65943116,1.1294311,2.2494311,1.1494311,1.3594311,-0.76056886,3.5094311,-0.6105688,0.18943115
-5.6405687,-5.4305687,-5.0105686,-4.550569,-3.8705688,-2.980569,-2.6105688,-2.4905689,-1.7705688,-2.210569,-1.7405689,0.17943116,-0.90056884,-0.13056885,-0.40056884,-2.190569,-3.0505688,-3.0405688,-2.7905688,-2.1305687,-2.470569,-3.1205688,-3.3105688,-2.3205688,-1.3005688,0.26943114,0.8194311,1.0594312,0.33943117,-0.060568847,0.24943115,0.34943116,1.5194311,0.68943113,3.039431,2.8794312,1.4194312,-0.85056883,-1.5605688,-2.190569,-0.30056885
-4.540569,-3.9905689,-3.960569,-3.0105689,-2.1005688,-1.4805689,-2.900569,-3.8505688,-3.3605688,-2.710569,-1.7305689,-1.7205689,-0.25056884,0.18943115,-2.1105688,-3.480569,-4.310569,-3.440569,-1.7305689,-1.1505688,-3.0505688,-2.680569,-1.7305689,-1.3605689,-1.7305689,-1.0605688,-0.23056884,-0.36056885,-0.50056887,0.41943115,-1.0605688,-1.3305688,0.34943116,1.3094312,2.6694312,3.309431,3.1894312,1.9994311,2.049431,0.6994312,1.8994311
-3.3305688,-2.8105688,-1.9505688,-1.6905688,-2.730569,-3.3205688,-3.470569,-3.3305688,-2.900569,-2.2805688,-2.0105689,-2.1005688,-0.7305688,-2.5405688,-4.6605687,-5.320569,-4.090569,-4.040569,-3.210569,-4.020569,-4.320569,-3.210569,-2.3105688,-2.0605688,-1.7005688,-1.0505688,-2.2405689,-1.0505688,-0.16056885,0.069431156,1.5194311,1.7694311,3.4294312,3.1194313,2.8694313,0.79943115,-0.97056884,1.0994312,3.789431,1.8894311,2.059431
-2.180569,-2.420569,-2.6405687,-2.420569,-2.2705688,-2.160569,-1.6505688,-1.6305689,-1.8505689,-1.5405688,-1.5105689,-2.0805688,-2.6405687,-4.810569,-4.560569,-4.530569,-3.3405688,-2.5705688,-3.4905689,-4.4705687,-4.090569,-3.980569,-3.680569,-3.440569,-3.720569,-3.3705688,-2.970569,-2.670569,-1.8005688,0.22943115,0.89943117,1.8394312,2.7594311,3.329431,1.7094312,-0.39056885,0.23943116,1.3394312,1.5294311,1.3894311,1.7294312
-1.2405689,-1.4605689,-1.6405689,-1.5605688,-0.84056884,-1.2505689,-1.3805689,-1.7605689,-1.6405689,-1.7405689,-1.3105688,-2.3005688,-2.0205688,-3.0005689,-3.0805688,-2.440569,-2.3905687,-2.470569,-3.3905687,-3.8705688,-2.8705688,-2.5105689,-2.5805688,-2.230569,-2.230569,-1.9005688,-1.3805689,-0.21056885,0.53943115,0.7594311,0.11943115,0.35943115,0.5694311,1.6594311,2.2194312,3.329431,2.319431,1.9094311,2.779431,2.6094313,2.1894312
-1.4005688,-1.0405688,-0.9205688,-1.4905689,-1.2805688,-1.2205689,-1.9205688,-2.0205688,-1.8605689,-0.12056885,-0.5405688,-1.5805688,-1.1105689,-2.180569,-0.59056884,-1.9805689,-3.3405688,-2.7605689,-2.8505688,-2.0805688,-1.5905689,-1.9505688,-2.6405687,-2.0805688,-1.1605688,-0.5505688,-0.030568847,-0.13056885,-0.08056885,-0.44056883,0.30943117,1.1894312,1.6994312,2.049431,2.2294312,2.3794312,3.849431,2.819431,4.169431,4.2794313,3.4794312
0.24943115,-0.37056884,-0.41056883,-1.1205689,-1.2005688,-1.6005689,-1.6205689,-1.1005689,-0.51056886,-0.49056885,-0.030568847,0.20943116,-2.0705688,-2.200569,-2.670569,-3.0005689,-3.0305688,-2.3605688,-1.3505689,-1.6305689,-3.160569,-2.920569,-2.2905688,-1.2105689,-0.63056886,-0.28056884,-0.25056884,-0.20056885,-0.15056884,0.45943114,0.83943117,0.91943115,1.5094311,2.1894312,0.9494312,2.1894312,2.589431,2.7094312,2.7294312,1.5794312,2.849431
1.1394311,1.2894311,0.15943116,0.16943115,-0.69056886,-0.50056887,0.45943114,1.2994312,0.8194311,1.0794312,0.60943115,0.90943116,1.0794312,-0.43056884,-1.3605689,-1.2505689,-1.3505689,-2.0305688,-1.7005688,-2.8205688,-2.2705688,-1.8805689,-1.0705688,-0.56056887,-0.37056884,-0.17056885,0.49943116,1.3594311,1.7394311,1.6494311,2.049431,2.2494311,2.559431,3.1594312,2.549431,3.3994312,2.8894312,3.339431,3.839431,4.1294312,2.6094313
