wind_kz.json
{"header": {"discipline":0,"disciplineName":"Meteorological products","gribEdition":2,"gribLength":1102,"center":7,"centerName":"US National Weather Service - NCEP(WMC)","subcenter":0,"refTime":"2023-08-19T06:00:00.000Z","significanceOfRT":1,"significanceOfRTName":"Start of forecast","productStatus":0,"productStatusName":"Operational products","productType":1,"productTypeName":"Forecast products","productDefinitionTemplate":0,"productDefinitionTemplateName":"Analysis/forecast at horizontal level/layer at a point in time","parameterCategory":2,"parameterCategoryName":"UnknownDiscipline_0_Category_2","parameterNumber":2,"parameterNumberName":"UnknownParameter_D0_C2_2","parameterUnit":"Unknown","genProcessType":2,"genProcessTypeName":"Forecast","forecastTime":300,"surface1Type":103,"surface1TypeName":"Specified height level above ground","surface1Value":10.0,"surface2Type":255,"surface2TypeName":"Missing","surface2Value":0.0,"gridDefinitionTemplate":0,"gridDefinitionTemplateName":"Latitude_Longitude","numberPoints":615,"shape":6,"shapeName":"Earth spherical with radius of 6,371,229.0 m","gridUnits":"degrees","resolution":48,"winds":"true","scanMode":64,"nx":41,"ny":15,"basicAngle":0,"lo1":47.0,"la1":41.0,"lo2":87.0,"la2":55.0,"dx":1.0,"dy":1.0}, "data":
[rows 0 to 14 of 15, columns 0 to 40 of 41]
-2.0036962,-0.39369628,2.2563038,-1.6036963,-1.1936963,-1.3436962,-0.12369629,-3.8036964,-5.133696,-4.153696,-3.5636964,-3.1536963,-1.7636963,-4.8336964,-4.1936965,-2.8336964,0.1563037,-0.42369628,-3.7136962,-2.7236962,-0.2536963,-1.9936963,-2.5736964,1.1263037,6.656304,0.7163037,2.4263036,4.7063036,2.2963037,-0.18369628,-1.8136963,0.9163037,-0.5836963,2.0563037,-0.26369628,0.9063037,0.05630371,-0.7736963,0.7163037,-0.2036963,-3.0436964
2.5163038,3.2063036,-9.703696,-6.383696,-3.5236962,-3.0636964,1.6363037,-5.7336965,-4.223696,-3.5636964,-3.7736962,-4.843696,-4.803696,-2.5636964,-1.2736963,-0.87369627,0.5963037,-0.8336963,-0.4736963,-0.50369626,0.32630372,0.4063037,0.9863037,3.5263038,2.9063036,-1.3036963,-0.11369629,1.7163037,0.48630372,0.05630371,-0.6636963,-1.7736963,-0.5936963,-2.4336963,0.4363037,-0.4336963,0.23630372,-0.0036962891,-0.23369628,1.0563037,-3.5136962
-2.9136963,-9.7136965,-8.603696,-6.6636963,-4.013696,-0.8336963,-4.403696,-2.9836962,-2.1736963,-2.6036963,-2.3836963,-4.0036964,-3.5736964,-0.7836963,0.41630372,0.9763037,0.9863037,2.1663036,4.276304,4.6663036,1.4763037,2.4563036,4.136304,8.486303,5.5863037,4.756304,2.1263037,4.736304,8.806304,0.8963037,-0.7736963,1.8663037,-1.9436963,2.9663038,0.81630373,-2.6836963,-0.19369629,-0.0036962891,-0.94369626,-0.4036963,1.7363037
-7.073696,-8.383697,-6.763696,-5.343696,-1.5336963,1.1263037,-2.3036964,1.2763038,-1.9236963,-1.5136963,-1.1236963,-0.7136963,1.3363037,1.6163037,2.7363038,3.1963036,3.6863036,4.9363036,4.136304,2.7363038,1.3063037,1.1863037,3.3863037,2.4563036,3.7063036,4.6463037,7.216304,9.176304,12.5763035,12.016304,11.446303,8.196303,11.106304,13.926304,9.546304,4.0563035,-1.5136963,-0.11369629,1.7163037,0.5163037,-2.5036962
-5.5036964,-7.283696,-5.993696,-4.5836964,-7.113696,-4.1236963,-0.3836963,-2.7936964,-2.6536963,0.9663037,2.6363037,2.1063037,5.446304,4.256304,3.5963037,4.0563035,3.3963037,2.4163036,3.1963036,3.8263037,2.4163036,2.5463037,3.7663038,5.4363036,5.8063035,6.176304,4.9963036,7.026304,10.456304,11.596304,8.496304,3.1963036,-0.09369629,-1.6636963,3.1463037,2.2663038,3.1163037,1.0363038,-2.8936963,-4.4536963,-4.3736963
-3.2836962,-2.1036963,-2.1836963,-1.6736963,-2.2236962,-1.6936963,-0.06369629,1.1763037,2.4963038,2.3263037,3.1863036,3.6063037,4.5463037,4.7463036,5.3363037,4.1863036,3.6063037,2.9963038,2.0063038,3.3763037,1.9063038,1.9063038,5.8363037,5.386304,5.2263036,7.866304,7.776304,5.1263037,8.676304,10.086304,5.9563036,7.1463037,6.6063037,4.0163035,2.7063036,1.2463037,-0.50369626,-2.8736963,-0.1436963,-4.903696,-5.1436963
0.62630373,0.2763037,1.1163037,1.3663037,2.5863037,2.6863036,3.6963036,4.486304,4.4363036,3.2763038,3.0763037,3.1663036,3.6163037,3.1863036,3.9463036,3.5163038,2.5663037,-0.1436963,1.2363037,1.3063037,1.0563037,1.9163038,2.4663038,2.9463036,4.9163036,5.3063035,6.696304,3.8763037,3.9463036,3.4363036,-0.9936963,3.1363037,0.2463037,-1.5336963,-0.5236963,-2.6236963,-1.4636962,1.6163037,-4.0836964,0.93630373,-0.81369627
-1.1736963,-1.3336962,1.8963037,2.2863038,2.5663037,4.7963037,5.776304,2.9463036,3.0463037,3.5863037,3.8263037,3.8063037,3.9963038,3.7563038,3.5363038,3.2563038,2.4363036,1.2863038,0.5363037,1.4463037,2.5763037,1.0663037,0.68630373,0.14630371,2.3063037,1.2663037,4.6463037,2.4363036,-0.8636963,0.3363037,-0.6736963,2.6663036,3.3863037,-2.7936964,-3.9736962,2.3363037,3.1763036,-0.3436963,-1.9036963,-2.1336963,-2.3836963
1.9763037,2.8063037,3.5963037,3.9863038,3.7063036,4.006304,4.006304,4.0463037,3.9563036,4.0663037,4.406304,3.6363037,4.1463037,3.8663037,3.6463037,3.2963037,2.3663037,2.9563036,1.8063037,2.4063036,3.1263037,3.9163036,2.5763037,2.2963037,1.6663038,3.2063036,2.2163038,3.5463037,-1.4336963,-1.0636963,-0.8036963,1.0663037,7.156304,0.6563037,-1.3936963,-0.8036963,0.5063037,-2.9336963,-1.7036963,0.41630372,-1.4036963
2.1463037,2.3163037,3.1363037,3.4563036,3.6163037,3.8263037,3.7463038,3.5763037,3.7363038,3.9263036,3.9863038,3.8063037,3.7763038,3.0063038,-0.7636963,-0.5736963,-1.7536963,0.2763037,0.106303714,4.736304,2.6563036,4.3963037,3.7863038,2.9763038,2.5563037,2.3963037,3.2963037,1.2263037,-0.12369629,0.06630371,-1.1636963,1.0763037,-0.11369629,0.26630372,0.7763037,0.16630371,-1.4336963,0.9763037,-0.6636963,-0.8936963,-1.3536963
3.4063036,4.236304,4.426304,4.386304,3.9963038,3.7263038,4.5463037,5.1263037,2.8263037,-3.7236962,-2.6036963,-2.3736963,-3.0736964,-1.4536963,0.6563037,-0.013696289,3.0563037,1.9463037,2.6963036,1.4363037,6.216304,4.6863036,3.1163037,3.0063038,3.0163038,2.2463038,2.1263037,1.8863037,0.44630373,-1.2636963,-3.3136964,-1.0136963,-2.4136963,-1.4336963,-0.3436963,0.13630371,-0.9236963,-0.42369628,0.5063037,0.44630373,-1.3036963
0.7763037,-0.9736963,-1.1936963,-1.7036963,-0.94369626,-1.0336963,0.80630374,-0.8436963,0.8363037,-0.043696288,1.9663037,5.276304,4.0763035,3.1363037,6.8363037,5.4163036,6.026304,4.4363036,3.4363036,3.1863036,3.5363038,3.3763037,2.2263038,2.1463037,2.8563037,2.7063036,2.0063038,2.4063036,1.7163037,0.6063037,0.99630374,-0.05369629,-1.4136963,-1.2236962,-0.8236963,-2.3236964,-1.9636962,0.7363037,0.8263037,-0.5736963,0.23630372
-0.5336963,0.8363037,1.3363037,0.8363037,0.80630374,1.8363037,2.2163038,1.9563037,3.5963037,2.8663037,1.7163037,4.196304,4.0163035,4.7063036,5.5863037,4.716304,4.176304,3.7263038,3.1563036,2.3763037,3.3163037,2.4563036,2.4163036,2.1463037,2.9963038,2.7663038,2.6263037,-0.1736963,2.2763038,0.6363037,1.5163037,0.8563037,-0.6436963,-2.4136963,-0.10369629,-1.4436963,-0.7336963,0.7863037,-0.8636963,1.4863037,-2.4836962
2.3063037,2.2263038,2.4763038,2.5663037,2.6863036,3.1863036,3.7563038,3.7663038,4.156304,3.9363036,1.4563037,1.7763038,2.7363038,3.8363037,3.3463037,3.6463037,3.5263038,2.6863036,2.6663036,1.4363037,2.6363037,3.1463037,2.4463036,2.0463037,2.4563036,2.2663038,2.0763037,1.4463037,0.6563037,-2.2236962,1.0563037,2.2063036,2.0963037,0.8463037,-0.21369629,-0.6136963,1.2763038,1.9663037,1.6063037,0.8963037,0.09630371
1.1063037,2.8663037,4.3563037,-0.69369626,2.1563036,2.4263036,3.4863038,2.9563036,2.8863037,3.4663038,2.4863038,1.8163037,1.3663037,1.2063037,3.3263037,2.8663037,2.7963037,2.2363038,1.2763038,1.9063038,2.2563038,2.2563038,2.2663038,1.9863037,1.1863037,1.7963037,1.8363037,2.1063037,1.9163038,2.2263038,-0.023696288,-1.3936963,0.74630374,1.2063037,1.2363037,-1.8136963,0.6963037,3.0563037,4.4363036,2.1963036,1.1363037
