wind_kz.json
{"header": {"discipline":0,"disciplineName":"Meteorological products","gribEdition":2,"gribLength":948,"center":7,"centerName":"US National Weather Service - NCEP(WMC)","subcenter":0,"refTime":"2023-09-24T12:00:00.000Z","significanceOfRT":1,"significanceOfRTName":"Start of forecast","productStatus":0,"productStatusName":"Operational products","productType":1,"productTypeName":"Forecast products","productDefinitionTemplate":0,"productDefinitionTemplateName":"Analysis/forecast at horizontal level/layer at a point in time","parameterCategory":0,"parameterCategoryName":"UnknownDiscipline_0_Category_0","parameterNumber":0,"parameterNumberName":"UnknownParameter_D0_C0_0","parameterUnit":"Unknown","genProcessType":2,"genProcessTypeName":"Forecast","forecastTime":120,"surface1Type":1,"surface1TypeName":"Ground or water surface","surface1Value":0.0,"surface2Type":255,"surface2TypeName":"Missing","surface2Value":0.0,"gridDefinitionTemplate":0,"gridDefinitionTemplateName":"Latitude_Longitude","numberPoints":615,"shape":6,"shapeName":"Earth spherical with radius of 6,371,229.0 m","gridUnits":"degrees","resolution":48,"winds":"true","scanMode":64,"nx":41,"ny":15,"basicAngle":0,"lo1":47.0,"la1":41.0,"lo2":87.0,"la2":55.0,"dx":1.0,"dy":1.0}, "data":
[rows 0 to 14 of 15, columns 0 to 40 of 41]
303.8882,292.5882,299.5882,294.48822,295.1882,294.7882,303.48822,309.8882,308.0882,307.48822,305.3882,304.8882,303.3882,302.6882,302.0882,300.8882,300.6882,299.6882,298.7882,298.7882,301.6882,299.3882,298.5882,294.0882,296.98822,298.98822,293.3882,280.3882,279.0882,278.2882,279.0882,278.2882,288.6882,295.2882,296.0882,296.0882,296.8882,295.3882,294.7882,293.6882,291.98822
286.6882,297.5882,293.5882,294.0882,293.98822,292.98822,310.1882,306.3882,305.2882,304.2882,304.6882,302.98822,302.48822,301.0882,300.6882,299.7882,299.8882,299.5882,298.48822,298.5882,298.6882,299.3882,295.7882,286.6882,276.7882,274.5882,287.1882,280.1882,280.8882,276.7882,281.8882,272.2882,281.1882,256.6882,278.2882,291.3882,290.3882,292.1882,295.2882,287.2882,285.0882
299.8882,293.2882,293.5882,292.98822,292.1882,306.6882,304.8882,304.3882,303.5882,301.0882,300.1882,301.0882,298.7882,297.6882,299.5882,299.98822,299.0882,298.0882,297.5882,297.8882,298.48822,297.7882,297.48822,290.6882,294.98822,292.0882,289.48822,292.6882,293.48822,280.8882,274.0882,277.8882,283.3882,284.5882,285.2882,283.5882,276.5882,280.2882,281.3882,276.48822,273.8882
300.48822,292.2882,292.98822,292.48822,295.2882,303.3882,302.8882,302.3882,301.7882,300.48822,299.3882,296.98822,291.2882,290.5882,297.6882,298.8882,298.2882,297.3882,297.8882,298.1882,293.2882,292.0882,295.1882,295.5882,295.0882,296.5882,297.48822,294.8882,291.2882,293.1882,295.48822,293.6882,297.2882,294.1882,293.0882,289.2882,275.6882,267.8882,279.5882,286.48822,290.1882
300.7882,291.7882,292.0882,291.48822,295.7882,301.2882,302.5882,301.8882,300.0882,299.3882,298.8882,298.6882,290.1882,289.1882,287.6882,294.1882,298.8882,295.0882,294.6882,296.6882,297.0882,297.7882,296.5882,296.0882,295.5882,295.48822,294.3882,293.48822,296.48822,296.8882,297.6882,294.7882,282.1882,274.1882,282.2882,289.2882,291.5882,292.1882,291.6882,292.7882,292.6882
302.7882,300.8882,290.8882,291.3882,291.48822,291.2882,302.3882,301.98822,299.48822,299.1882,298.3882,297.5882,291.1882,290.0882,293.5882,296.6882,295.8882,294.3882,296.8882,296.98822,296.3882,295.48822,296.0882,293.7882,294.48822,292.8882,295.1882,288.2882,295.1882,296.98822,295.98822,297.48822,296.0882,294.0882,290.7882,290.7882,283.8882,285.8882,289.2882,290.48822,291.0882
303.6882,303.3882,303.2882,303.48822,299.3882,301.48822,301.2882,299.7882,300.2882,300.0882,297.7882,296.6882,294.8882,295.6882,295.6882,294.3882,293.48822,293.5882,295.1882,291.98822,292.48822,293.6882,293.1882,294.5882,292.7882,292.3882,292.2882,294.0882,294.0882,294.48822,294.8882,295.0882,294.5882,293.5882,292.3882,289.8882,283.98822,281.6882,273.8882,275.7882,285.3882
303.0882,302.98822,302.98822,302.48822,302.3882,301.3882,300.48822,298.8882,298.5882,298.5882,296.7882,295.48822,294.8882,294.3882,294.98822,294.3882,293.98822,292.7882,291.6882,289.48822,289.5882,290.98822,290.0882,290.3882,290.98822,289.0882,288.1882,289.48822,288.7882,290.1882,290.7882,291.6882,290.2882,288.1882,287.8882,287.1882,287.48822,286.7882,286.98822,286.6882,279.5882
302.7882,301.3882,301.5882,300.5882,299.8882,299.2882,298.48822,297.48822,296.6882,296.3882,294.8882,294.6882,293.5882,293.98822,292.48822,293.48822,291.0882,291.0882,290.48822,289.1882,288.7882,288.98822,289.8882,288.98822,286.6882,287.5882,286.1882,285.48822,283.8882,283.6882,286.2882,287.2882,289.2882,288.98822,288.0882,284.2882,283.0882,283.1882,266.5882,264.8882,263.7882
301.5882,299.7882,299.98822,299.48822,299.2882,298.2882,297.5882,296.3882,295.1882,295.0882,293.8882,293.1882,292.6882,292.0882,290.5882,290.6882,290.6882,289.3882,290.1882,289.1882,287.5882,288.7882,288.3882,288.8882,288.48822,287.0882,286.0882,287.48822,283.8882,283.7882,283.3882,285.3882,287.1882,287.1882,287.48822,285.7882,282.8882,276.3882,269.7882,271.2882,267.0882
301.1882,299.6882,298.6882,298.1882,297.6882,297.1882,296.6882,296.0882,294.6882,293.7882,292.3882,291.1882,290.6882,289.1882,288.0882,287.7882,287.98822,288.1882,288.8882,287.5882,288.48822,288.98822,286.98822,286.1882,286.1882,286.0882,285.3882,286.8882,286.8882,285.5882,285.1882,286.1882,286.6882,285.48822,284.7882,283.7882,278.3882,275.8882,276.5882,275.0882,272.0882
298.7882,299.48822,298.5882,298.2882,297.0882,296.3882,295.1882,294.2882,294.2882,292.48822,288.98822,286.7882,285.98822,286.0882,286.7882,286.48822,286.8882,285.7882,287.0882,287.2882,286.48822,285.98822,285.5882,284.48822,283.5882,284.5882,284.1882,286.2882,286.6882,287.48822,286.3882,285.5882,286.0882,285.7882,286.1882,285.3882,285.0882,283.98822,281.1882,281.5882,279.5882
295.7882,297.48822,297.7882,297.1882,296.0882,295.0882,294.7882,294.48822,292.5882,286.8882,285.5882,281.8882,283.7882,283.1882,284.2882,285.7882,286.2882,286.1882,286.1882,284.7882,283.5882,283.8882,283.48822,283.1882,283.5882,283.8882,284.3882,283.8882,285.5882,284.8882,285.6882,286.48822,284.6882,284.3882,283.48822,282.7882,281.7882,282.6882,281.2882,282.98822,282.3882
297.1882,297.0882,291.3882,295.98822,295.48822,294.6882,293.5882,291.1882,291.3882,288.1882,286.2882,279.6882,281.2882,282.2882,283.1882,284.7882,285.48822,285.7882,285.1882,283.6882,284.5882,284.3882,284.98822,285.3882,284.6882,284.0882,283.3882,282.98822,283.2882,282.8882,282.98822,283.5882,282.1882,281.3882,282.5882,281.8882,281.48822,279.5882,280.2882,279.98822,280.7882
295.3882,296.6882,286.6882,295.48822,294.8882,294.1882,293.2882,292.3882,291.2882,289.7882,288.0882,283.98822,279.7882,281.2882,281.8882,282.98822,283.98822,285.8882,285.5882,282.7882,285.2882,284.0882,282.6882,284.48822,284.0882,282.98822,281.0882,280.98822,280.6882,281.8882,282.5882,282.6882,280.8882,281.8882,280.6882,280.3882,281.0882,279.6882,280.1882,280.1882,280.0882
