wind.json
{"header": {"discipline":0,"disciplineName":"Meteorological products","gribEdition":2,"gribLength":1211,"center":7,"centerName":"US National Weather Service - NCEP(WMC)","subcenter":0,"refTime":"2023-06-27T00:00:00.000Z","significanceOfRT":1,"significanceOfRTName":"Start of forecast","productStatus":0,"productStatusName":"Operational products","productType":1,"productTypeName":"Forecast products","productDefinitionTemplate":0,"productDefinitionTemplateName":"Analysis/forecast at horizontal level/layer at a point in time","parameterCategory":2,"parameterCategoryName":"UnknownDiscipline_0_Category_2","parameterNumber":3,"parameterNumberName":"UnknownParameter_D0_C2_3","parameterUnit":"Unknown","genProcessType":2,"genProcessTypeName":"Forecast","forecastTime":180,"surface1Type":103,"surface1TypeName":"Specified height level above ground","surface1Value":10.0,"surface2Type":255,"surface2TypeName":"Missing","surface2Value":0.0,"gridDefinitionTemplate":0,"gridDefinitionTemplateName":"Latitude_Longitude","numberPoints":688,"shape":6,"shapeName":"Earth spherical with radius of 6,371,229.0 m","gridUnits":"degrees","resolution":48,"winds":"true","scanMode":64,"nx":43,"ny":16,"basicAngle":0,"lo1":45.0,"la1":40.0,"lo2":87.0,"la2":55.0,"dx":1.0,"dy":1.0}, "data":
[rows 0 to 15 of 16, columns 0 to 42 of 43]
1.5142151,-0.3757849,-0.03578491,2.404215,2.1042151,-0.87578493,-5.775785,-4.415785,-3.3757849,-0.06578491,0.6442151,-1.305785,-3.225785,-4.225785,-4.655785,-4.975785,-5.5757847,-6.255785,-6.795785,-7.505785,-8.685785,-8.585785,-6.445785,-5.5757847,-2.525785,-1.405785,-3.6557848,-2.4057848,-2.4157848,-9.955785,-3.325785,-10.945785,-9.145785,-8.055785,-7.045785,-3.745785,-1.8257849,-5.405785,-2.4357848,4.874215,3.254215,-0.9657849,-7.0757847
-1.285785,0.56421506,2.944215,2.994215,-2.825785,-3.525785,-5.845785,-4.875785,-3.735785,-2.285785,-0.7157849,-1.5757849,-2.235785,-3.565785,-3.095785,-4.315785,-5.5157847,-6.0357847,-6.625785,-7.365785,-6.705785,-5.845785,-6.045785,-6.085785,-6.105785,-1.1857849,6.884215,1.4042151,1.4942151,2.134215,-3.595785,-6.205785,-7.255785,-4.705785,-3.505785,5.1742153,-1.5057849,-2.1757848,-14.645785,3.0442152,4.814215,3.994215,-1.275785
0.7042151,2.714215,-1.0657849,-2.595785,-3.095785,-1.6357849,-3.6357849,-4.715785,-3.545785,-0.55578494,-0.12578492,-2.3957849,1.1242151,-4.5357847,-0.8457849,-4.315785,-5.855785,-7.045785,-6.895785,-7.735785,-7.295785,-5.7657847,-5.465785,-5.885785,-5.775785,-3.615785,-1.3157849,-2.005785,-3.4157848,-2.9157848,-5.945785,-3.215785,-3.785785,-4.795785,-3.1357849,-4.175785,-3.095785,-11.7757845,-12.575785,-12.455785,-7.295785,-6.975785,-0.6957849
-0.6957849,-0.62578493,0.42421508,-0.17578492,-3.725785,-2.4057848,0.48421508,2.0442152,-1.025785,-0.7857849,1.084215,-0.9157849,-2.075785,-2.3857849,-5.175785,-6.385785,-8.735785,-6.735785,-7.885785,-7.675785,-8.255785,-6.915785,-6.725785,-5.675785,-2.095785,-5.235785,-5.955785,-4.385785,-4.255785,-4.4957848,-3.9557848,-0.5057849,-1.9357849,-2.015785,0.8042151,-4.635785,0.19421509,5.264215,-3.745785,3.414215,4.884215,3.0842152,-0.7057849
-2.105785,-2.6557848,-2.025785,-1.5157849,-2.985785,-3.4157848,1.8142151,2.1042151,0.36421508,0.09421509,0.3842151,-0.5757849,-3.8957849,-0.5357849,0.024215087,-2.075785,-6.925785,-8.265785,-7.005785,-7.375785,-8.235785,-7.585785,-6.205785,-6.255785,-4.695785,-4.425785,-4.155785,-4.8257847,-4.4957848,-3.745785,-4.205785,-4.675785,-5.595785,-6.045785,-5.605785,-1.2257849,-2.4357848,0.05421509,1.3542151,1.6742151,-3.265785,1.6242151,1.9042151
-1.0857849,0.0042150877,0.024215087,-0.6057849,-2.1457849,-4.485785,-8.995785,-6.0757847,-1.6357849,-2.055785,-3.555785,-3.255785,-4.415785,1.5442151,3.484215,1.2842151,-2.365785,-5.8257847,-6.935785,-6.375785,-6.665785,-7.235785,-5.975785,-4.335785,-4.4957848,-4.155785,-4.915785,-4.2457848,-2.4157848,-4.0557847,-5.415785,-6.0757847,-4.875785,-5.345785,4.324215,2.1142151,-0.9057849,-1.925785,-4.7457848,-1.2457849,-5.395785,-1.3757849,-1.8757849
1.584215,0.33421507,2.244215,3.6042151,0.2742151,-1.6257849,-3.4457848,-5.455785,-6.175785,-2.725785,-2.245785,-3.315785,-4.645785,-4.695785,5.064215,4.074215,1.214215,-5.975785,-6.935785,-6.505785,-7.775785,-7.335785,-5.145785,-5.5557847,-6.165785,-6.255785,-5.2457848,-4.5357847,-4.005785,5.394215,-3.1657848,-4.875785,-2.8857849,-0.74578494,-0.62578493,3.6242151,2.3242152,8.314215,4.804215,-4.3257847,-5.685785,0.1742151,1.1442151
1.4842151,1.4042151,1.344215,1.3142151,1.5442151,5.354215,4.024215,3.684215,3.8042152,1.1342151,-0.6657849,0.5742151,-5.2457848,-4.965785,-9.445785,-7.695785,-5.685785,-6.445785,-7.595785,-7.905785,-7.705785,-7.025785,-5.9957848,-5.0357847,-7.355785,-6.7857847,-8.815784,-8.635785,-5.945785,-5.455785,-6.865785,-4.115785,-4.475785,-6.225785,6.7542152,2.1242151,-0.81578493,-4.675785,1.974215,0.12421509,-1.775785,-4.025785,-7.385785
-1.9957849,0.7142151,3.3042152,4.4642153,3.8042152,2.2942152,3.3642151,0.6742151,-0.03578491,-0.16578491,-1.7057849,-4.3057847,-2.085785,-1.0157849,-6.585785,-4.2457848,-2.835785,-7.395785,-7.425785,-8.505785,-7.005785,-5.475785,-6.105785,-6.835785,-6.955785,-7.725785,-7.255785,-4.385785,-4.115785,-2.6757848,-5.985785,2.0442152,-2.6557848,-0.93578494,4.074215,3.654215,4.7142153,1.724215,-4.195785,-0.1557849,-0.7557849,-1.5757849,-0.4657849
-1.3757849,-0.5457849,-1.5057849,0.26421508,-1.8357849,-1.3257849,-3.585785,-5.315785,0.104215086,-2.495785,1.6442151,-4.715785,-4.375785,-1.1157849,-6.185785,-7.135785,-4.845785,-6.475785,-7.655785,-6.8057847,-6.585785,-5.155785,-5.795785,-6.845785,-6.675785,-6.865785,-7.8057847,-6.375785,-5.165785,-5.215785,-6.155785,2.534215,-1.545785,0.42421508,3.484215,-3.815785,1.6542151,0.68421507,-1.165785,0.3142151,-0.6357849,-3.105785,0.4642151
-2.485785,-4.505785,-2.605785,-1.8857849,-0.6557849,-2.1457849,1.0642151,4.4442153,-2.035785,-4.0357847,-4.9957848,-0.4057849,-2.7057848,-1.7457849,-5.585785,0.4742151,-5.3057847,-7.355785,-6.735785,-5.0757847,-5.5357847,-4.255785,-5.295785,-5.705785,-5.7457848,-5.965785,-6.345785,-6.335785,-6.415785,-6.5157847,-6.395785,-7.2657847,-5.5557847,-5.3257847,-3.6857848,-2.725785,5.644215,1.704215,1.074215,0.7042151,0.9842151,0.3542151,-2.995785
-0.7357849,-0.105784915,-2.555785,-1.915785,-0.8457849,-1.3157849,-2.815785,-1.4857849,-1.555785,-2.345785,-1.905785,2.0442152,-0.6457849,-3.475785,-3.1657848,-5.895785,-3.9357848,-6.635785,-5.5557847,-4.465785,-4.145785,-4.725785,-5.7457848,-4.275785,-5.0157847,-4.385785,-5.625785,-5.125785,-3.9357848,-5.135785,-5.8057847,-6.3057847,-6.215785,-6.215785,-3.465785,-4.645785,-0.08578491,-3.6357849,-2.345785,-1.915785,-2.225785,-2.1557848,-1.425785
-0.8257849,-0.7157849,-0.075784914,-0.55578494,-2.295785,-1.2157849,-0.93578494,-0.20578492,-0.7357849,-2.465785,-6.5157847,-1.045785,-0.3457849,-5.345785,-0.14578491,-3.6857848,-3.595785,-4.5157847,-5.0157847,-3.225785,-4.335785,-4.425785,-4.665785,-4.2457848,-3.825785,-4.3257847,-3.4057848,-4.2657847,-4.2657847,-5.635785,-4.755785,-3.755785,-5.0757847,-6.815785,-3.615785,-4.295785,-2.7057848,-3.9157848,-4.0357847,-2.815785,-0.8557849,-1.1057849,-1.6357849
0.16421509,-0.32578492,-0.08578491,2.2942152,1.6542151,1.1842151,-0.41578493,-2.035785,-1.2357849,-1.8757849,-1.1457849,-0.6457849,-2.315785,-0.7057849,-0.74578494,-1.2257849,-1.7457849,-2.8857849,-3.515785,-3.005785,-3.1757848,-2.745785,-3.3757849,-3.785785,-1.905785,-2.565785,-2.325785,-3.755785,-4.5157847,-4.685785,-4.335785,-5.095785,-4.525785,-3.735785,-3.585785,-4.955785,-3.315785,-3.735785,-3.345785,-2.015785,-3.545785,-3.6457849,-2.775785
1.8042151,0.5842151,1.6542151,2.454215,-1.275785,-1.3357849,-0.2857849,0.12421509,-0.5957849,-0.8857849,-0.2157849,-1.4957849,0.9042151,-0.09578491,-0.24578491,1.8842151,1.0642151,-0.025784912,-1.7657849,-1.7157849,-2.055785,-2.595785,-2.855785,-0.6757849,-0.3757849,-0.7157849,-2.055785,-2.9057848,-2.465785,-3.4057848,-4.395785,-5.8257847,-8.055785,-3.9257848,-3.4357848,-3.295785,-4.275785,-6.175785,-4.445785,-4.425785,-3.735785,-1.8557849,0.26421508
2.394215,3.034215,1.4842151,2.434215,0.9542151,-2.305785,-1.9957849,-0.9057849,0.4442151,-0.7557849,-0.7057849,-0.35578492,0.8542151,1.954215,1.3042151,-2.545785,2.184215,0.50421506,-2.1357849,-1.405785,-2.325785,-0.7757849,-1.5057849,1.324215,1.0042151,0.7342151,-0.7357849,-1.555785,-1.295785,-1.5057849,-2.475785,-2.515785,-2.755785,-3.715785,-4.5557847,-4.3257847,-2.275785,-2.4557848,-3.9557848,-4.225785,-4.225785,-5.5357847,-3.865785
