wind_kz.json
{"header": {"discipline":0,"disciplineName":"Meteorological products","gribEdition":2,"gribLength":948,"center":7,"centerName":"US National Weather Service - NCEP(WMC)","subcenter":0,"refTime":"2023-08-23T06:00:00.000Z","significanceOfRT":1,"significanceOfRTName":"Start of forecast","productStatus":0,"productStatusName":"Operational products","productType":1,"productTypeName":"Forecast products","productDefinitionTemplate":0,"productDefinitionTemplateName":"Analysis/forecast at horizontal level/layer at a point in time","parameterCategory":0,"parameterCategoryName":"UnknownDiscipline_0_Category_0","parameterNumber":0,"parameterNumberName":"UnknownParameter_D0_C0_0","parameterUnit":"Unknown","genProcessType":2,"genProcessTypeName":"Forecast","forecastTime":120,"surface1Type":1,"surface1TypeName":"Ground or water surface","surface1Value":0.0,"surface2Type":255,"surface2TypeName":"Missing","surface2Value":0.0,"gridDefinitionTemplate":0,"gridDefinitionTemplateName":"Latitude_Longitude","numberPoints":615,"shape":6,"shapeName":"Earth spherical with radius of 6,371,229.0 m","gridUnits":"degrees","resolution":48,"winds":"true","scanMode":64,"nx":41,"ny":15,"basicAngle":0,"lo1":47.0,"la1":41.0,"lo2":87.0,"la2":55.0,"dx":1.0,"dy":1.0}, "data":
[rows 0 to 14 of 15, columns 0 to 40 of 41]
310.11548,297.41547,307.3155,299.41547,299.41547,298.3155,310.21548,318.51547,314.71548,314.21548,313.01547,311.3155,310.3155,310.3155,310.51547,314.21548,315.8155,315.11548,323.91547,318.61548,322.41547,315.91547,311.8155,312.61548,311.51547,313.91547,307.3155,290.41547,284.61548,286.21548,286.71548,282.41547,302.21548,306.8155,324.3155,317.21548,320.11548,311.01547,318.41547,324.41547,324.71548
290.71548,309.71548,299.41547,299.51547,299.3155,298.11548,314.71548,311.71548,311.21548,311.01547,312.51547,312.11548,311.41547,310.21548,312.71548,314.3155,314.91547,317.01547,318.01547,321.01547,320.71548,315.71548,309.8155,297.91547,283.21548,281.71548,296.51547,289.71548,281.71548,284.91547,293.11548,287.71548,292.41547,273.21548,290.3155,305.11548,308.01547,311.51547,315.61548,308.61548,284.8155
310.3155,298.91547,299.51547,299.61548,298.11548,310.51547,308.91547,309.61548,308.91547,308.61548,308.3155,309.71548,309.61548,310.71548,311.11548,312.51547,311.3155,303.51547,315.61548,318.11548,318.21548,313.41547,312.91547,303.01547,310.61548,308.21548,305.61548,304.61548,296.11548,281.11548,277.21548,289.3155,291.8155,289.01547,298.61548,300.3155,290.61548,299.11548,303.8155,296.71548,296.91547
310.21548,300.01547,299.91547,298.91547,299.61548,304.61548,305.91547,308.3155,309.71548,305.61548,308.61548,307.41547,295.61548,294.91547,310.11548,311.41547,308.8155,303.41547,310.61548,313.3155,309.41547,307.61548,311.11548,311.51547,311.41547,311.01547,312.01547,308.91547,297.71548,297.11548,298.8155,305.11548,313.3155,311.91547,310.11548,307.8155,297.11548,296.51547,300.21548,310.3155,315.91547
307.71548,299.8155,300.01547,299.8155,303.11548,305.91547,308.8155,308.8155,305.51547,299.51547,293.3155,301.21548,295.61548,294.3155,291.91547,306.51547,307.91547,303.91547,307.01547,306.01547,308.3155,309.01547,311.51547,311.8155,314.41547,314.51547,313.01547,308.11548,309.61548,294.3155,300.51547,301.91547,292.61548,286.61548,299.11548,309.71548,304.11548,319.51547,323.51547,322.8155,322.3155
303.61548,302.41547,297.8155,298.8155,299.21548,298.61548,298.91547,298.11548,298.21548,298.8155,298.91547,299.3155,295.11548,294.71548,296.41547,301.71548,301.51547,297.71548,305.61548,304.3155,305.61548,305.61548,309.8155,309.3155,308.41547,308.61548,310.11548,293.3155,310.21548,307.41547,307.01547,310.91547,309.41547,313.71548,305.11548,299.8155,285.8155,300.61548,313.71548,318.51547,318.61548
301.8155,301.71548,301.61548,301.61548,300.11548,292.91547,302.41547,296.11548,291.11548,292.8155,294.41547,291.11548,292.01547,295.71548,300.91547,295.51547,299.51547,301.11548,303.11548,300.91547,301.61548,303.51547,305.01547,304.8155,304.91547,304.91547,306.51547,308.11548,310.3155,305.8155,309.51547,311.71548,311.11548,313.21548,307.8155,299.71548,294.21548,288.71548,303.11548,296.11548,311.61548
298.61548,298.91547,298.71548,298.8155,299.3155,299.91547,301.41547,299.61548,297.8155,289.71548,289.21548,288.91547,288.71548,293.11548,299.11548,294.3155,297.21548,300.01547,299.71548,298.21548,297.91547,301.01547,300.61548,297.11548,302.51547,301.51547,301.71548,304.11548,302.71548,303.91547,304.91547,305.91547,307.41547,304.91547,299.61548,300.41547,304.8155,289.41547,303.8155,308.71548,309.21548
295.3155,295.8155,294.91547,287.91547,295.21548,295.21548,296.3155,293.41547,292.3155,291.21548,290.91547,286.61548,288.71548,288.21548,297.51547,298.11548,298.41547,300.8155,297.01547,297.71548,296.91547,298.11548,300.11548,301.01547,292.41547,295.11548,299.8155,300.11548,298.21548,297.41547,299.41547,301.91547,304.91547,304.3155,300.01547,296.41547,301.3155,291.51547,286.91547,296.8155,297.11548
294.3155,292.91547,292.51547,291.01547,287.3155,292.8155,287.51547,287.21548,285.21548,285.01547,283.61548,286.01547,285.91547,285.8155,293.01547,297.11548,299.21548,300.01547,302.01547,300.61548,298.51547,298.11548,287.71548,291.8155,295.8155,293.71548,297.51547,296.51547,297.3155,299.51547,300.21548,305.21548,307.71548,308.11548,301.91547,299.51547,291.8155,291.71548,284.71548,298.01547,297.71548
286.51547,287.71548,285.71548,287.3155,288.71548,290.41547,285.3155,283.11548,284.61548,282.21548,283.21548,282.61548,285.71548,285.41547,288.41547,295.71548,292.8155,298.21548,302.11548,293.11548,292.51547,299.71548,295.8155,293.01547,286.91547,289.91547,284.21548,292.8155,297.91547,303.11548,306.41547,307.11548,306.8155,305.01547,299.71548,300.3155,291.41547,290.71548,286.8155,292.51547,297.51547
289.3155,288.3155,286.41547,283.11548,286.91547,286.8155,286.11548,284.3155,286.71548,283.8155,280.91547,282.8155,283.91547,283.91547,291.11548,289.8155,295.3155,296.41547,299.61548,299.71548,297.3155,294.51547,290.11548,283.41547,289.21548,288.8155,288.11548,299.01547,301.21548,303.21548,303.71548,303.41547,303.91547,303.3155,300.91547,300.61548,298.41547,297.8155,290.61548,297.21548,296.61548
279.91547,282.01547,281.21548,280.91547,281.91547,282.11548,281.8155,283.21548,282.3155,281.61548,279.71548,280.61548,281.8155,282.41547,289.21548,291.51547,292.91547,296.21548,297.8155,297.41547,295.01547,295.3155,284.11548,283.61548,286.01547,293.61548,297.91547,296.8155,299.61548,301.3155,303.11548,302.61548,301.61548,303.61548,303.3155,299.8155,297.61548,297.91547,292.71548,290.61548,297.01547
282.91547,282.8155,286.71548,281.71548,281.21548,280.51547,280.51547,280.11548,280.3155,281.71548,280.8155,279.3155,280.21548,281.51547,287.11548,290.61548,291.41547,295.71548,298.51547,295.41547,292.71548,293.91547,291.61548,284.51547,285.8155,287.11548,288.51547,294.11548,292.71548,298.71548,300.11548,300.71548,299.91547,299.41547,299.21548,299.61548,298.51547,298.61548,295.71548,288.91547,294.8155
282.11548,284.51547,290.71548,284.41547,282.71548,280.91547,280.71548,280.91547,281.8155,282.21548,281.11548,281.21548,280.01547,281.3155,285.8155,291.61548,292.61548,295.21548,296.11548,294.8155,295.3155,293.11548,292.21548,284.51547,284.3155,286.21548,288.41547,290.01547,291.71548,294.71548,296.01547,291.41547,299.51547,298.3155,298.71548,299.21548,298.11548,296.3155,296.41547,293.8155,290.71548
