wind_kz.json
{"header": {"discipline":0,"disciplineName":"Meteorological products","gribEdition":2,"gribLength":1025,"center":7,"centerName":"US National Weather Service - NCEP(WMC)","subcenter":0,"refTime":"2023-09-23T00:00:00.000Z","significanceOfRT":1,"significanceOfRTName":"Start of forecast","productStatus":0,"productStatusName":"Operational products","productType":1,"productTypeName":"Forecast products","productDefinitionTemplate":0,"productDefinitionTemplateName":"Analysis/forecast at horizontal level/layer at a point in time","parameterCategory":2,"parameterCategoryName":"UnknownDiscipline_0_Category_2","parameterNumber":2,"parameterNumberName":"UnknownParameter_D0_C2_2","parameterUnit":"Unknown","genProcessType":2,"genProcessTypeName":"Forecast","forecastTime":300,"surface1Type":103,"surface1TypeName":"Specified height level above ground","surface1Value":10.0,"surface2Type":255,"surface2TypeName":"Missing","surface2Value":0.0,"gridDefinitionTemplate":0,"gridDefinitionTemplateName":"Latitude_Longitude","numberPoints":615,"shape":6,"shapeName":"Earth spherical with radius of 6,371,229.0 m","gridUnits":"degrees","resolution":48,"winds":"true","scanMode":64,"nx":41,"ny":15,"basicAngle":0,"lo1":47.0,"la1":41.0,"lo2":87.0,"la2":55.0,"dx":1.0,"dy":1.0}, "data":
[rows 0 to 14 of 15, columns 0 to 40 of 41]
2.751421,0.2814209,-0.6185791,2.4114208,1.6214209,2.8914208,6.311421,5.941421,4.831421,4.201421,4.431421,3.991421,3.6614208,3.9014208,4.271421,3.4214208,3.1414208,3.301421,2.271421,1.911421,3.1214209,-0.8285791,2.1414208,1.3414209,0.9314209,1.8514209,2.301421,1.8714209,1.1814209,0.4314209,1.5414209,0.1014209,-1.5685791,-1.4985791,-2.488579,-1.2485791,-1.478579,-1.5585791,-0.3685791,-0.6085791,-1.9485791
2.031421,0.1414209,1.8814209,3.821421,3.561421,4.881421,5.421421,4.2814207,4.021421,2.1814208,2.471421,2.791421,3.301421,3.4014208,1.5814209,3.271421,3.761421,4.061421,3.3514209,2.481421,2.731421,2.221421,0.7714209,0.9014209,2.1414208,-0.1485791,0.0014208985,1.5814209,-0.7385791,-1.1085792,0.2814209,-0.0685791,-1.4185791,-1.838579,-0.1685791,1.6414208,1.7314209,0.1914209,1.4614209,-0.7085791,-1.9585791
2.531421,5.391421,2.4014208,4.951421,5.251421,7.4914207,6.441421,4.771421,4.881421,3.491421,2.711421,1.6814209,3.541421,2.331421,2.4314208,2.9414208,3.721421,4.911421,3.261421,3.6614208,3.491421,2.961421,-0.6985791,5.461421,-0.1785791,-1.0085791,-0.7885791,-0.3685791,2.521421,-0.88857913,-1.9085791,-0.5985791,0.6014209,-0.2485791,-0.4085791,-0.4285791,0.8914209,0.1014209,3.541421,2.211421,1.281421
5.7814207,2.521421,4.381421,5.521421,7.7814207,5.681421,7.191421,8.081421,7.111421,5.471421,4.0314207,3.9314208,-1.4285791,1.161421,2.6914208,2.791421,3.591421,3.6514208,2.6914208,-0.2385791,1.9514209,1.6314209,-1.1385791,-1.338579,-0.5885791,-1.1085792,-0.7785791,1.2114209,-3.8285792,-4.548579,-2.988579,-2.6285791,-2.6085792,-0.6085791,0.5314209,1.0414209,-0.2285791,2.6214209,-0.7485791,-2.198579,-2.0785792
6.401421,5.121421,5.271421,7.541421,5.021421,6.561421,7.371421,8.391421,8.281421,6.901421,5.621421,3.9014208,-1.588579,1.021421,3.491421,3.281421,1.151421,2.1314209,1.6214209,-1.5485791,-3.3085792,-3.038579,-3.3485792,-2.3585792,-3.698579,-5.098579,-5.578579,-3.5685792,-3.458579,-3.1085792,-3.1185791,-2.028579,0.2714209,-0.058579102,-1.478579,-2.2985792,-1.1885791,-3.3685791,-2.768579,-2.228579,-1.5485791
6.361421,7.141421,7.931421,7.5714207,6.151421,7.8014207,8.831421,8.251421,8.361421,6.9914207,5.891421,4.231421,-0.1885791,1.0114208,4.221421,-0.9785791,-1.6185791,-3.3685791,-4.128579,-3.1185791,-3.758579,-3.718579,-3.408579,-4.248579,-5.378579,-5.858579,-5.548579,-4.438579,-4.9485793,-5.318579,-4.938579,-4.138579,-4.668579,-4.748579,-3.268579,-3.3185792,-0.9285791,-2.488579,-0.9585791,-0.6185791,0.3714209
7.361421,7.961421,7.931421,8.381421,8.331421,8.671421,8.741421,6.911421,8.421421,6.461421,6.5114207,4.501421,2.6214209,0.6014209,1.5014209,-0.008579101,-2.0985792,-1.7585791,-2.728579,-3.718579,-4.358579,-4.298579,-4.4285793,-4.708579,-4.6785793,-5.118579,-5.768579,-4.018579,-3.188579,-2.968579,-4.818579,-4.2585793,-3.0985792,-2.3785791,-1.968579,-0.7885791,0.1914209,-0.5685791,1.2014209,-0.5885791,0.1414209
7.5714207,8.281421,8.831421,9.121421,9.451421,9.001421,9.831421,7.201421,7.211421,6.521421,6.401421,4.441421,3.4514208,1.6314209,0.6614209,-0.2685791,-1.478579,-3.028579,-3.018579,-3.7985792,-4.658579,-4.338579,-3.938579,-3.408579,-3.538579,-4.108579,-4.338579,-4.418579,-4.548579,-3.8185792,-4.148579,-4.618579,-4.308579,-3.258579,-3.8485792,-3.008579,-0.5885791,2.511421,3.1514208,3.741421,2.1214209
7.771421,8.761421,9.461421,9.671421,9.631421,8.901421,10.591421,9.2314205,8.06142,6.671421,6.5314207,5.0514207,3.231421,2.031421,0.8114209,-0.3385791,-0.5285791,-0.5585791,-1.5785791,-2.6285791,-2.528579,-2.8285792,-3.178579,-3.238579,-3.188579,-2.6485791,-2.0885792,-2.5685792,-2.8085792,-3.238579,-3.748579,-3.8185792,-3.278579,-2.498579,-1.098579,0.9914209,-0.9885791,-1.3685791,-1.7085791,1.1214209,-1.6685791
5.981421,7.581421,9.051421,9.4814205,9.671421,9.531421,11.371421,10.781421,8.331421,6.141421,1.9214209,3.221421,2.9514208,1.6814209,0.86142087,0.5614209,0.3414209,0.6214209,-0.9085791,-0.2185791,-0.9685791,-1.478579,-2.5885792,-1.8985791,-2.438579,-2.458579,-2.3585792,-2.718579,-2.8785791,-3.208579,-3.1485791,-3.198579,-1.9285791,-1.0485791,-1.4885792,0.4114209,0.5014209,0.0014208985,-1.9885792,-0.6985791,0.7814209
7.021421,7.161421,7.8214207,8.801421,9.281421,10.211421,11.011421,9.721421,5.201421,5.641421,0.8414209,5.331421,6.7814207,1.3614209,1.3414209,1.0614209,1.4514209,1.1414208,0.4614209,-0.3485791,-0.2985791,-1.3685791,-1.2485791,-0.1985791,-0.7085791,-0.7285791,-2.288579,-2.3685791,-2.6385791,-3.2985792,-3.198579,-2.498579,-1.7885791,-1.9885792,-1.718579,-0.4085791,-1.1585791,0.6814209,-0.2985791,0.3514209,-0.7385791
6.001421,6.371421,6.681421,6.621421,5.3214207,6.0714207,5.271421,4.121421,3.1914208,2.9514208,-1.6385791,1.5714209,4.871421,0.3814209,1.5414209,0.8214209,0.4914209,0.5914209,1.1814209,-0.6685791,-1.218579,-1.5785791,-1.6085792,-0.5885791,-0.63857913,-0.6585791,-1.598579,-1.2685791,-2.278579,-2.688579,-2.1485791,-1.8585792,-2.1385791,-1.5485791,-2.188579,-2.178579,-2.668579,-2.3985791,-1.8085791,-1.1585791,-0.7385791
4.401421,5.181421,5.441421,5.461421,4.131421,3.811421,0.3414209,3.811421,0.7214209,0.9514209,-1.9285791,0.2714209,1.9514209,1.1314209,0.4214209,0.4614209,0.4114209,-0.1385791,1.2114209,-1.588579,-0.5585791,-0.8185791,-0.20857911,0.1414209,0.3914209,-0.8785791,-1.6885791,-1.7685791,-0.3785791,-0.3085791,-1.1385791,-0.6585791,-2.1485791,0.3614209,-1.2985791,-1.0685791,-1.7685791,-1.5285791,-2.018579,-1.6985791,-0.8585791
4.111421,3.7014208,5.041421,4.4914207,4.541421,4.721421,-0.8785791,-1.1785791,1.161421,1.5414209,-2.1185791,-1.0585791,-0.3385791,0.3314209,-0.1285791,-0.1085791,0.3114209,0.1714209,-0.9085791,-0.3385791,-0.4085791,0.7014209,0.0814209,0.47142088,0.2714209,-0.2985791,-0.9285791,0.9414209,0.86142087,0.6214209,0.0414209,-0.118579105,0.2014209,0.5714209,0.6914209,0.5614209,-0.0685791,-0.3985791,-0.0485791,0.3914209,-1.0585791
3.011421,4.421421,5.941421,3.6814208,4.0114207,2.261421,0.9414209,-1.338579,0.5114209,-0.3285791,-1.718579,-0.3285791,-1.1785791,0.3114209,-0.8485791,-0.9485791,-0.2185791,-0.0885791,-0.008579101,0.2114209,0.2314209,-0.1585791,2.091421,1.4414209,0.5414209,1.0914209,0.2514209,0.9914209,1.4814209,1.771421,0.7514209,0.9314209,0.9914209,1.0914209,1.411421,1.6014209,0.011420898,1.6014209,1.6914209,1.5614209,-0.8385791
