wind.json
{"header": {"discipline":0,"disciplineName":"Meteorological products","gribEdition":2,"gribLength":1125,"center":7,"centerName":"US National Weather Service - NCEP(WMC)","subcenter":0,"refTime":"2023-06-29T12:00:00.000Z","significanceOfRT":1,"significanceOfRTName":"Start of forecast","productStatus":0,"productStatusName":"Operational products","productType":1,"productTypeName":"Forecast products","productDefinitionTemplate":0,"productDefinitionTemplateName":"Analysis/forecast at horizontal level/layer at a point in time","parameterCategory":2,"parameterCategoryName":"UnknownDiscipline_0_Category_2","parameterNumber":2,"parameterNumberName":"UnknownParameter_D0_C2_2","parameterUnit":"Unknown","genProcessType":2,"genProcessTypeName":"Forecast","forecastTime":180,"surface1Type":103,"surface1TypeName":"Specified height level above ground","surface1Value":10.0,"surface2Type":255,"surface2TypeName":"Missing","surface2Value":0.0,"gridDefinitionTemplate":0,"gridDefinitionTemplateName":"Latitude_Longitude","numberPoints":688,"shape":6,"shapeName":"Earth spherical with radius of 6,371,229.0 m","gridUnits":"degrees","resolution":48,"winds":"true","scanMode":64,"nx":43,"ny":16,"basicAngle":0,"lo1":45.0,"la1":40.0,"lo2":87.0,"la2":55.0,"dx":1.0,"dy":1.0}, "data":
[rows 0 to 15 of 16, columns 0 to 42 of 43]
-3.975735,-0.26573485,1.8542651,-1.4857348,0.41426513,-1.3157349,0.92426515,1.3342651,-1.4157349,-2.755735,-3.6357348,-2.5557349,-0.36573488,0.10426514,2.0942652,2.9442651,3.554265,3.744265,3.5942652,2.464265,0.47426513,1.3542651,-1.8057349,0.42426515,0.084265135,-1.1057348,-1.0157349,-0.42573488,0.29426515,-0.65573484,-1.0957348,-2.195735,0.45426515,0.72426516,-0.005734863,-1.4157349,-1.8157349,-2.4357347,-1.1957349,-4.545735,-4.905735,-5.315735,-7.235735
2.014265,-1.1257348,-3.1157348,-1.5157349,2.0942652,4.144265,3.1642652,1.9142652,-0.005734863,-4.795735,-4.465735,0.42426515,-0.19573486,2.3742652,3.8342652,3.4242651,3.214265,3.524265,2.264265,1.1142651,-0.88573486,1.6042651,2.054265,-2.1157348,-1.2257348,-2.995735,-1.7557349,-1.6957349,-2.785735,-0.27573487,0.26426515,0.16426514,0.61426514,-0.095734864,0.42426515,0.17426513,0.29426515,-0.14573486,-1.5557349,-4.175735,-7.525735,-3.975735,-0.42573488
-1.3357348,-2.0757349,1.1642652,2.3342652,4.304265,4.2542653,4.164265,2.1342652,-2.8157349,-3.775735,-1.1957349,0.45426515,0.73426515,1.6542652,2.014265,1.7242651,2.4442651,0.44426513,0.20426513,-0.96573484,0.49426514,2.4142652,2.5942652,1.6842651,-1.0157349,-3.5957348,-1.2857349,-1.4157349,1.4842651,1.4842651,-2.265735,-1.3257349,-0.27573487,0.21426514,-0.76573485,-2.8457348,0.0042651366,0.34426513,-1.0157349,0.68426514,0.13426514,0.79426515,-0.8057349
-0.42573488,-0.32573485,0.45426515,0.49426514,2.474265,1.0542651,-0.94573486,-5.355735,-4.0157347,1.1242652,-0.68573487,-0.18573487,0.9642651,2.1142652,0.85426515,1.5642651,-0.46573487,0.5242651,-1.1557349,-1.8557348,0.56426513,-2.1257348,-1.7157348,-4.9757347,-3.6457348,-1.2757349,-0.38573486,-0.36573488,-2.0657349,-2.695735,-1.6057348,-1.0257349,-1.2357348,1.9242651,-0.31573486,-0.35573485,0.47426513,-0.20573486,0.03426514,-0.22573486,1.5142652,1.4342651,0.78426516
-3.205735,-3.8757348,-3.025735,-1.5457349,-2.235735,-2.745735,-3.6057348,-2.3657348,0.80426514,-3.1757348,-0.81573486,-0.16573486,-0.88573486,-1.0257349,-0.26573485,-1.0457349,-0.28573486,-2.9157348,-3.045735,-2.3857348,-1.8057349,-3.995735,-3.9257348,-1.6557349,-0.045734864,-1.5357349,-4.2857347,-3.3357348,-2.255735,0.60426515,-0.6057349,2.3942652,0.59426516,0.15426514,-1.2257348,-3.1057348,-3.1357348,-2.5957348,-1.4257349,1.7042651,1.6642652,1.1142651,2.3642652
-3.245735,-3.465735,-2.8757348,-2.5657349,-3.0657349,-1.8057349,-1.1457349,-3.265735,-5.735735,-3.5557349,-3.3657348,-2.8157349,-3.1457348,0.42426515,-3.1457348,-3.525735,-1.4957348,-2.1857347,-2.515735,-3.3657348,-2.725735,-2.745735,-3.455735,-2.775735,-3.525735,-3.515735,-1.3957349,-2.485735,-1.1457349,0.87426513,-4.175735,-3.6257348,-3.5657349,-3.1557348,-4.7257347,0.5042651,3.1942651,1.1442652,3.044265,0.66426516,1.8842652,3.8742652,3.6442652
-2.995735,-2.5957348,-3.0857348,-2.4357347,-4.9557347,-4.565735,-3.965735,-5.135735,-4.4357347,-4.425735,-2.1857347,-1.5257349,-3.6057348,-2.725735,-2.3657348,-3.755735,-3.725735,-2.1857347,-2.1557348,-1.8157349,-3.495735,-3.6257348,-3.5757349,-3.995735,-4.605735,-2.8957348,0.86426514,-3.3857348,-5.445735,-5.2257347,-6.0557346,-5.415735,-6.065735,-3.9157348,-3.475735,-1.7457348,1.6142651,-1.9357349,2.6542652,2.984265,4.534265,-2.445735,-5.915735
-3.955735,-3.1457348,-3.765735,-3.045735,-2.515735,-3.455735,-2.5557349,-4.3057346,-4.105735,-2.475735,-3.795735,-3.475735,-3.8757348,-4.965735,-2.275735,-4.025735,-2.745735,-2.5657349,-4.115735,-4.275735,-2.3257349,-6.855735,-5.7057347,-6.605735,-4.735735,-3.695735,-6.5557346,-7.6857347,-4.7857347,-3.775735,-4.885735,-4.5357347,-4.985735,-3.6157348,-0.65573484,0.72426516,1.8842652,-1.5057349,-0.9157349,1.4142652,-0.49573487,2.294265,1.9142652
-3.8557348,-3.515735,-3.1157348,-2.4357347,-1.8657348,-1.8157349,-3.6857347,-4.9357347,-4.395735,-3.3557348,-3.1357348,-4.4357347,-2.785735,-2.975735,-2.8457348,-3.995735,-3.6257348,-2.945735,-3.6057348,-4.195735,-5.4357347,-6.9557347,-5.905735,-5.9357347,-4.3057346,-5.375735,-4.415735,-3.485735,-3.3357348,-3.8857348,-1.9357349,-2.3457348,-1.8657348,1.2942652,0.054265138,-0.41573486,0.8242651,3.504265,6.094265,5.5042653,3.4142652,3.1042652,0.61426514
-3.3157349,-3.3257349,-2.8957348,-1.7557349,-1.8357348,-1.9457349,-3.8157349,-3.8057349,-4.395735,-3.6757348,-3.6057348,-2.785735,-3.1857347,-2.765735,-2.8557348,-2.5857348,-3.9257348,-3.725735,-3.455735,-5.135735,-4.655735,-5.605735,-6.065735,-3.5657349,-2.525735,-4.615735,-3.035735,-3.4157348,-2.6257348,-2.3257349,0.09426513,-1.0857348,-0.65573484,0.49426514,4.154265,1.6742651,3.014265,1.5142652,0.33426514,-2.695735,-0.5557349,-0.15573487,-1.5057349
-3.3857348,-3.1457348,-3.025735,-1.1857349,-1.5957348,-2.9257348,-3.8457348,-3.9157348,-4.4557347,-4.065735,-3.8057349,-3.0857348,-2.195735,-4.0357347,-1.4857348,-2.1457348,-3.4057348,-2.8757348,-3.745735,-2.235735,-3.8557348,-5.4757347,-4.945735,-2.6157348,-3.205735,-4.085735,-4.645735,-2.8057349,-3.3057349,-1.9357349,-1.7157348,-0.9257349,0.7142651,0.8942651,1.0442652,0.87426513,0.23426513,-0.27573487,-0.44573486,-0.32573485,-2.8757348,-0.96573484,-0.42573488
-2.8657348,-0.7257349,-2.1457348,-2.505735,-1.4257349,-2.8757348,-3.0657349,-3.5757349,-3.205735,-3.8257349,-3.545735,-2.8257349,-3.3357348,-1.7057348,-2.1557348,-2.8557348,-3.025735,-2.745735,-3.215735,-2.4057348,-3.765735,-3.965735,-2.735735,-3.445735,-2.3357348,-1.9757348,-2.475735,-3.715735,-3.1357348,-0.9857349,-0.87573487,0.5742651,-0.6757349,-1.9157349,-1.3857349,-0.69573486,-1.6257348,-1.7757349,-1.2957349,-1.1557349,-0.34573486,0.10426514,-0.83573484
-1.1457349,-0.95573485,-1.4557348,-2.0857348,-2.6857347,-2.545735,-3.3457348,-3.045735,-2.6457348,-1.8657348,-0.95573485,-1.7157348,-1.5757349,-1.4357349,-1.9757348,-2.505735,-1.8257349,-1.9257349,-1.7557349,-2.285735,-3.945735,-1.6357349,-2.3557348,-2.1557348,-2.1857347,-1.3057349,-2.035735,-1.1057348,-1.7057348,0.10426514,-0.28573486,-0.46573487,-1.6657349,-2.1157348,-1.3557348,-1.8657348,-1.4257349,-2.6857347,-2.045735,-0.15573487,0.7642651,-0.22573486,-0.48573485
-0.29573485,-1.5857348,-0.52573484,-1.1557349,-1.5357349,-1.6957349,-1.4857348,-1.5557349,-1.5857348,-1.6357349,-3.3757348,-0.6757349,-0.69573486,-0.64573485,-1.1657349,-1.7957349,-0.8657349,-1.3457348,-1.4657348,-1.8057349,-0.6757349,-1.6557349,-2.045735,-1.4657348,-0.44573486,0.46426514,-0.68573487,-0.76573485,-0.16573486,-0.29573485,-1.3857349,-1.4657348,-1.4857348,-2.005735,-2.005735,-1.4057349,-1.1957349,-1.8557348,-1.5357349,-0.9257349,-2.0657349,-1.1557349,-0.88573486
-0.25573486,-0.45573485,-0.34573486,0.124265134,0.5242651,-0.51573485,-0.52573484,-1.0257349,-0.7357349,-1.2657349,0.73426515,-0.36573488,-1.1557349,-1.1557349,0.7642651,-0.10573486,-0.47573486,-0.65573484,-0.17573486,-1.5157349,-1.6057348,-1.7557349,-0.9257349,-0.77573484,-0.70573485,-1.2757349,-1.6657349,-0.96573484,-1.1057348,-1.3657348,-1.8457348,-1.6257348,-2.025735,-2.255735,-1.9057349,-1.2257348,-1.7057348,-2.0757349,-1.5157349,-1.9557348,-2.1257348,-0.56573486,0.62426513
0.31426513,-0.46573487,-0.31573486,0.28426513,0.24426514,-0.37573487,-0.89573485,-0.41573486,1.1042651,0.41426513,0.34426513,-0.5457349,-1.5857348,-0.16573486,0.03426514,0.91426516,0.014265137,0.46426514,-0.34573486,0.024265137,-0.6657349,-1.0657349,-1.4357349,-1.2657349,-0.82573485,-1.1657349,-1.1057348,-1.6157348,-1.2657349,-1.7457348,-1.7857349,-1.6457349,-1.9757348,-2.4257348,-1.8457348,-1.9457349,-1.7057348,-1.9957348,-1.8757348,-1.2557349,-0.56573486,-1.9857348,-0.8557349
