wind_kz.json
{"header": {"discipline":0,"disciplineName":"Meteorological products","gribEdition":2,"gribLength":871,"center":7,"centerName":"US National Weather Service - NCEP(WMC)","subcenter":0,"refTime":"2023-10-04T18:00:00.000Z","significanceOfRT":1,"significanceOfRTName":"Start of forecast","productStatus":0,"productStatusName":"Operational products","productType":1,"productTypeName":"Forecast products","productDefinitionTemplate":0,"productDefinitionTemplateName":"Analysis/forecast at horizontal level/layer at a point in time","parameterCategory":0,"parameterCategoryName":"UnknownDiscipline_0_Category_0","parameterNumber":0,"parameterNumberName":"UnknownParameter_D0_C0_0","parameterUnit":"Unknown","genProcessType":2,"genProcessTypeName":"Forecast","forecastTime":0,"surface1Type":1,"surface1TypeName":"Ground or water surface","surface1Value":0.0,"surface2Type":255,"surface2TypeName":"Missing","surface2Value":0.0,"gridDefinitionTemplate":0,"gridDefinitionTemplateName":"Latitude_Longitude","numberPoints":615,"shape":6,"shapeName":"Earth spherical with radius of 6,371,229.0 m","gridUnits":"degrees","resolution":48,"winds":"true","scanMode":64,"nx":41,"ny":15,"basicAngle":0,"lo1":47.0,"la1":41.0,"lo2":87.0,"la2":55.0,"dx":1.0,"dy":1.0}, "data":
[rows 0 to 14 of 15, columns 0 to 40 of 41]
288.5578,280.45782,284.1578,294.2578,294.1578,292.6578,291.95782,293.85782,293.95782,292.5578,292.7578,294.7578,294.95782,295.7578,293.35782,291.2578,290.7578,291.0578,289.85782,290.6578,290.95782,289.2578,288.6578,285.2578,287.6578,289.5578,286.7578,273.7578,271.6578,271.1578,271.6578,268.7578,282.85782,288.85782,290.6578,290.95782,288.85782,289.5578,290.85782,291.1578,290.2578
267.35782,285.35782,293.95782,293.85782,294.0578,292.0578,292.35782,292.35782,292.5578,292.0578,292.7578,292.35782,292.1578,291.35782,290.1578,290.35782,288.5578,288.7578,287.35782,286.35782,289.2578,288.85782,286.0578,281.85782,271.7578,273.2578,280.85782,273.85782,274.0578,270.2578,275.1578,269.7578,275.6578,252.35782,270.35782,286.85782,284.95782,288.6578,291.2578,284.35782,283.5578
285.45782,293.45782,293.45782,293.0578,291.35782,291.45782,290.0578,291.5578,291.35782,291.95782,290.7578,290.7578,289.95782,289.85782,290.1578,287.35782,286.1578,285.45782,284.95782,285.7578,286.0578,286.0578,287.0578,283.0578,283.85782,284.2578,285.2578,285.2578,285.1578,277.6578,268.2578,271.95782,277.0578,276.85782,278.6578,278.6578,271.6578,273.0578,274.2578,270.1578,269.95782
286.95782,292.35782,293.0578,292.2578,290.85782,289.45782,290.0578,291.2578,292.6578,291.35782,289.35782,289.35782,290.5578,289.85782,288.7578,287.45782,287.6578,285.0578,285.35782,285.5578,287.45782,281.0578,286.85782,288.0578,288.2578,287.85782,287.95782,287.2578,284.95782,284.85782,285.1578,283.0578,288.1578,286.45782,285.2578,281.95782,270.1578,262.85782,274.7578,282.35782,289.1578
290.2578,292.0578,292.35782,291.6578,291.0578,289.95782,290.0578,291.0578,291.45782,292.45782,289.85782,289.0578,289.5578,288.1578,286.6578,287.85782,287.45782,287.0578,285.35782,287.5578,287.35782,287.5578,286.2578,286.5578,286.35782,286.5578,284.45782,285.85782,285.0578,285.0578,287.35782,283.85782,273.35782,263.0578,277.45782,284.7578,288.45782,288.5578,289.6578,289.6578,289.0578
289.7578,286.5578,290.1578,290.7578,291.2578,290.5578,290.45782,293.0578,291.45782,289.95782,290.1578,290.35782,288.85782,289.0578,288.1578,286.85782,288.35782,286.5578,287.0578,287.35782,286.5578,286.1578,285.95782,285.5578,284.5578,282.45782,283.35782,288.5578,286.35782,286.85782,285.45782,286.7578,285.0578,283.5578,281.95782,284.95782,276.5578,278.95782,285.6578,287.2578,286.85782
287.2578,288.6578,290.35782,290.5578,288.95782,289.2578,290.0578,289.6578,291.85782,290.5578,291.2578,290.45782,290.2578,288.35782,287.35782,288.45782,287.1578,286.85782,286.35782,285.7578,284.95782,286.0578,286.2578,286.2578,284.6578,284.6578,283.6578,285.6578,284.95782,285.0578,285.1578,285.2578,285.0578,285.7578,284.1578,282.2578,278.0578,274.85782,273.2578,272.7578,282.7578
292.35782,287.1578,289.7578,291.85782,288.2578,288.6578,288.85782,288.1578,288.0578,288.5578,287.85782,287.85782,287.2578,289.45782,288.2578,287.6578,286.45782,286.5578,285.7578,284.0578,284.5578,284.45782,284.45782,284.2578,282.95782,281.0578,281.35782,282.45782,281.5578,283.2578,281.95782,282.5578,281.35782,279.6578,279.95782,281.45782,282.85782,285.7578,283.35782,283.1578,279.85782
287.5578,286.45782,290.45782,287.2578,289.5578,287.85782,288.0578,288.7578,288.95782,286.45782,284.7578,284.6578,284.2578,285.2578,285.0578,285.5578,284.35782,283.6578,283.1578,282.7578,281.1578,281.95782,283.45782,283.1578,281.1578,282.2578,279.85782,279.7578,280.95782,276.7578,277.6578,279.1578,280.7578,280.2578,280.45782,279.45782,279.35782,278.45782,265.0578,266.5578,266.2578
284.5578,286.2578,288.35782,288.85782,287.45782,286.85782,287.6578,288.2578,286.1578,287.95782,284.35782,283.1578,284.0578,284.1578,283.85782,285.0578,284.35782,282.1578,282.45782,282.6578,282.0578,283.0578,283.85782,284.2578,283.6578,282.5578,281.7578,281.0578,280.6578,280.0578,279.95782,280.6578,281.95782,285.5578,283.7578,281.35782,278.85782,274.0578,276.2578,275.0578,267.5578
283.95782,284.6578,285.6578,286.35782,290.1578,285.95782,286.0578,286.0578,285.45782,287.45782,286.7578,283.7578,284.85782,283.95782,283.1578,283.35782,282.95782,283.1578,282.45782,281.45782,281.2578,282.1578,283.5578,283.7578,283.7578,282.7578,282.2578,282.45782,282.0578,282.95782,282.95782,282.35782,281.1578,282.1578,281.95782,280.5578,278.85782,274.7578,274.2578,274.1578,271.85782
281.95782,283.5578,283.95782,284.1578,284.45782,284.95782,286.95782,285.1578,289.0578,286.7578,282.2578,281.7578,283.45782,282.95782,283.2578,283.45782,283.35782,282.95782,282.2578,281.7578,280.5578,279.7578,279.7578,281.0578,281.5578,282.6578,281.85782,283.2578,284.0578,283.85782,282.5578,280.7578,281.2578,279.2578,280.2578,278.5578,278.0578,277.6578,277.1578,277.1578,277.0578
281.95782,281.1578,282.5578,282.45782,283.5578,283.95782,282.85782,283.5578,283.45782,283.45782,281.6578,279.35782,282.85782,281.85782,282.35782,282.85782,283.45782,285.85782,285.45782,282.0578,281.45782,282.45782,279.1578,278.45782,279.95782,281.95782,284.1578,283.35782,283.1578,282.6578,282.6578,282.35782,280.85782,280.1578,279.2578,278.6578,277.6578,278.95782,276.7578,276.0578,276.2578
282.85782,282.6578,283.7578,283.7578,281.6578,281.35782,281.6578,282.7578,282.7578,283.1578,281.7578,278.85782,279.85782,282.1578,282.95782,283.0578,282.85782,282.6578,282.7578,283.85782,284.7578,285.35782,284.85782,283.85782,281.35782,281.45782,282.1578,282.85782,282.5578,282.2578,281.5578,280.85782,280.1578,279.1578,279.2578,278.1578,277.5578,277.1578,276.2578,275.85782,275.5578
285.0578,284.95782,285.0578,283.85782,283.2578,282.85782,283.1578,281.5578,282.0578,282.0578,282.35782,280.1578,280.1578,280.45782,281.95782,282.5578,282.45782,282.35782,282.45782,285.45782,282.7578,282.5578,284.0578,284.45782,283.7578,281.2578,281.1578,280.95782,281.95782,281.5578,281.6578,282.35782,280.2578,279.6578,279.2578,279.1578,278.85782,277.5578,277.45782,276.95782,276.5578
