wind_kz.json
{"header": {"discipline":0,"disciplineName":"Meteorological products","gribEdition":2,"gribLength":948,"center":7,"centerName":"US National Weather Service - NCEP(WMC)","subcenter":0,"refTime":"2023-09-07T12:00:00.000Z","significanceOfRT":1,"significanceOfRTName":"Start of forecast","productStatus":0,"productStatusName":"Operational products","productType":1,"productTypeName":"Forecast products","productDefinitionTemplate":0,"productDefinitionTemplateName":"Analysis/forecast at horizontal level/layer at a point in time","parameterCategory":0,"parameterCategoryName":"UnknownDiscipline_0_Category_0","parameterNumber":0,"parameterNumberName":"UnknownParameter_D0_C0_0","parameterUnit":"Unknown","genProcessType":2,"genProcessTypeName":"Forecast","forecastTime":240,"surface1Type":1,"surface1TypeName":"Ground or water surface","surface1Value":0.0,"surface2Type":255,"surface2TypeName":"Missing","surface2Value":0.0,"gridDefinitionTemplate":0,"gridDefinitionTemplateName":"Latitude_Longitude","numberPoints":615,"shape":6,"shapeName":"Earth spherical with radius of 6,371,229.0 m","gridUnits":"degrees","resolution":48,"winds":"true","scanMode":64,"nx":41,"ny":15,"basicAngle":0,"lo1":47.0,"la1":41.0,"lo2":87.0,"la2":55.0,"dx":1.0,"dy":1.0}, "data":
[rows 0 to 14 of 15, columns 0 to 40 of 41]
307.1971,294.89713,299.5971,297.49713,297.5971,296.6971,307.1971,314.1971,310.89713,311.39713,309.49713,309.5971,308.5971,308.39713,307.49713,306.99713,306.79712,306.29712,307.49713,306.99713,309.39713,306.0971,307.5971,301.89713,304.5971,307.29712,302.29712,289.39713,288.0971,286.0971,284.79712,286.99713,297.1971,302.79712,302.5971,301.79712,301.6971,300.49713,298.79712,298.89713,298.99713
290.1971,300.5971,297.39713,298.29712,298.0971,296.39713,314.99713,311.39713,309.49713,308.49713,309.99713,308.6971,307.89713,307.0971,306.79712,306.99713,306.99713,306.89713,305.79712,306.39713,305.39713,305.1971,303.99713,295.89713,287.39713,289.0971,297.1971,289.6971,291.0971,282.5971,286.99713,278.99713,288.39713,261.89713,283.6971,298.99713,297.79712,299.6971,302.0971,293.49713,285.39713
301.79712,297.0971,298.0971,299.5971,297.99713,311.1971,309.79712,308.49713,307.6971,307.29712,306.0971,306.5971,305.49713,306.39713,306.39713,306.49713,305.49713,304.89713,304.79712,304.89713,307.49713,303.0971,302.5971,295.89713,299.6971,298.6971,300.1971,300.29712,298.0971,288.6971,280.29712,282.49713,288.1971,288.39713,289.79712,288.0971,280.39713,280.1971,280.99713,276.5971,276.89713
304.29712,296.0971,296.89713,296.29712,297.6971,304.99713,304.99713,301.99713,305.6971,306.5971,306.1971,303.1971,293.39713,292.79712,302.89713,305.79712,304.29712,305.1971,304.5971,304.29712,302.1971,296.89713,301.5971,301.29712,301.49713,301.79712,301.5971,298.39713,297.1971,297.6971,297.99713,295.1971,299.49713,299.0971,298.5971,290.79712,279.0971,273.6971,281.49713,289.39713,292.6971
306.99713,294.49713,295.1971,294.0971,297.6971,302.29712,304.1971,304.29712,302.39713,303.1971,306.0971,302.89713,293.5971,292.0971,290.79712,305.5971,305.29712,303.0971,303.0971,303.1971,303.0971,302.79712,301.49713,301.0971,301.5971,301.89713,298.5971,295.39713,298.99713,298.39713,300.29712,296.99713,284.0971,275.5971,287.79712,295.79712,296.29712,299.5971,299.49713,299.0971,296.39713
306.89713,305.49713,293.1971,292.89713,293.1971,292.5971,304.6971,306.39713,301.49713,300.6971,302.39713,302.39713,293.89713,293.5971,297.39713,301.99713,304.39713,303.79712,303.0971,303.6971,302.6971,301.49713,300.1971,299.99713,299.6971,298.5971,298.6971,290.89713,298.89713,299.39713,297.89713,298.79712,296.39713,295.49713,292.49713,293.6971,285.1971,287.39713,294.99713,296.0971,293.29712
300.5971,302.89713,303.29712,304.29712,300.1971,301.29712,303.99713,304.99713,305.49713,303.6971,301.6971,302.79712,301.49713,301.29712,302.49713,302.5971,302.29712,302.39713,301.0971,300.1971,300.39713,300.49713,298.89713,298.99713,297.6971,298.1971,297.29712,298.6971,298.0971,297.89713,297.6971,297.5971,297.79712,297.5971,295.0971,291.1971,284.5971,282.99713,279.49713,277.6971,287.5971
300.99713,300.6971,301.89713,301.6971,303.79712,302.99713,303.99713,303.89713,305.29712,303.49713,301.49713,300.39713,300.79712,301.1971,301.89713,301.0971,300.79712,300.89713,299.6971,296.5971,297.49713,297.99713,296.5971,296.29712,294.89713,292.99713,293.5971,294.99713,292.79712,294.1971,291.39713,293.0971,292.0971,289.29712,289.29712,290.49713,290.49713,289.0971,288.89713,289.29712,286.29712
300.29712,300.39713,300.89713,301.29712,300.79712,301.49713,301.5971,300.89713,302.1971,302.79712,301.39713,300.79712,300.39713,301.0971,300.5971,301.39713,299.79712,300.39713,298.99713,297.1971,295.5971,295.89713,296.79712,295.6971,292.89713,292.5971,289.49713,288.0971,287.1971,286.49713,287.89713,288.0971,289.29712,289.6971,290.39713,289.5971,288.0971,286.5971,276.99713,277.39713,275.29712
298.99713,298.1971,298.49713,298.39713,298.5971,299.5971,299.5971,299.0971,298.79712,298.99713,299.0971,295.29712,295.6971,295.6971,295.89713,299.29712,298.89713,298.89713,298.49713,297.79712,295.89713,296.39713,295.39713,295.5971,293.0971,292.1971,291.49713,290.99713,288.89713,286.79712,288.29712,290.99713,292.79712,291.89713,292.0971,291.79712,288.29712,282.39713,278.29712,277.5971,276.99713
295.1971,296.49713,296.6971,296.5971,295.89713,296.49713,296.5971,296.49713,296.1971,295.99713,295.29712,295.49713,298.0971,296.6971,292.89713,297.29712,297.49713,297.6971,296.79712,295.6971,296.0971,294.79712,294.39713,293.89713,291.5971,290.79712,289.6971,290.99713,290.29712,290.99713,291.6971,292.99713,293.0971,292.29712,292.0971,289.89713,283.99713,281.1971,281.89713,281.5971,280.0971
289.99713,291.49713,294.1971,295.49713,294.29712,293.39713,291.0971,291.6971,289.79712,293.1971,290.49713,291.1971,293.0971,292.5971,291.79712,295.49713,294.99713,292.49713,295.0971,293.5971,291.39713,291.79712,290.79712,291.99713,290.79712,290.39713,290.29712,290.89713,292.99713,292.29712,292.29712,292.39713,291.39713,289.89713,290.39713,290.39713,289.29712,287.99713,286.6971,286.39713,286.29712
284.89713,287.39713,292.89713,292.6971,289.89713,288.5971,288.5971,289.6971,290.79712,289.49713,287.39713,284.89713,288.39713,287.49713,289.49713,290.79712,291.49713,288.5971,293.49713,291.89713,292.1971,290.6971,289.99713,289.29712,289.49713,292.29712,291.49713,291.89713,292.29712,292.0971,291.29712,290.89713,290.29712,291.29712,290.6971,289.89713,290.1971,289.79712,287.6971,287.5971,286.89713
284.89713,287.6971,289.1971,290.99713,288.79712,287.79712,288.1971,287.49713,289.6971,289.0971,285.6971,281.79712,285.6971,286.39713,286.89713,288.39713,290.39713,290.99713,290.49713,288.49713,290.49713,292.6971,291.1971,292.5971,292.89713,293.89713,293.0971,292.79712,290.39713,290.0971,287.99713,290.6971,290.49713,289.49713,290.39713,288.99713,288.79712,287.5971,287.0971,285.89713,286.49713
284.49713,289.49713,288.0971,288.29712,288.79712,289.79712,287.6971,287.89713,286.89713,287.99713,286.1971,284.79712,282.5971,284.0971,285.6971,287.79712,289.1971,288.89713,289.5971,290.29712,291.1971,292.39713,291.79712,291.49713,291.79712,291.39713,291.5971,291.0971,289.89713,286.79712,288.29712,287.79712,290.39713,290.1971,289.49713,287.79712,287.0971,285.6971,286.0971,285.6971,284.89713
