wind_kz.json
{"header": {"discipline":0,"disciplineName":"Meteorological products","gribEdition":2,"gribLength":1025,"center":7,"centerName":"US National Weather Service - NCEP(WMC)","subcenter":0,"refTime":"2023-09-23T18:00:00.000Z","significanceOfRT":1,"significanceOfRTName":"Start of forecast","productStatus":0,"productStatusName":"Operational products","productType":1,"productTypeName":"Forecast products","productDefinitionTemplate":0,"productDefinitionTemplateName":"Analysis/forecast at horizontal level/layer at a point in time","parameterCategory":2,"parameterCategoryName":"UnknownDiscipline_0_Category_2","parameterNumber":3,"parameterNumberName":"UnknownParameter_D0_C2_3","parameterUnit":"Unknown","genProcessType":2,"genProcessTypeName":"Forecast","forecastTime":60,"surface1Type":103,"surface1TypeName":"Specified height level above ground","surface1Value":10.0,"surface2Type":255,"surface2TypeName":"Missing","surface2Value":0.0,"gridDefinitionTemplate":0,"gridDefinitionTemplateName":"Latitude_Longitude","numberPoints":615,"shape":6,"shapeName":"Earth spherical with radius of 6,371,229.0 m","gridUnits":"degrees","resolution":48,"winds":"true","scanMode":64,"nx":41,"ny":15,"basicAngle":0,"lo1":47.0,"la1":41.0,"lo2":87.0,"la2":55.0,"dx":1.0,"dy":1.0}, "data":
[rows 0 to 14 of 15, columns 0 to 40 of 41]
1.6948096,-0.8251904,-1.5751904,-2.2251904,-0.23519044,-1.8151904,-0.6951904,-0.30519044,-1.6351905,-2.6251905,-4.7151904,-4.7951903,-4.5851903,-3.8351905,-2.1651905,-2.9151905,-3.2551904,-2.0051904,-2.5051904,-1.1751904,-0.74519044,-0.25519043,-0.22519043,1.1448096,1.8748096,0.9048096,0.40480956,-0.25519043,-0.80519044,2.0948095,1.8448095,2.7048097,-0.37519044,0.9748096,0.89480954,0.12480957,-0.27519044,1.4048096,2.0648096,1.9348096,1.0248096
-0.12519044,1.6848096,-1.3751904,1.6848096,0.38480958,-1.2751905,-1.8151904,-1.4751904,-1.9651904,-3.2051904,-4.3051906,-5.43519,-5.2151904,-4.18519,-2.8751905,-2.5651903,-1.5651904,-0.19519043,-3.8451905,-3.2851903,-1.7551904,-0.79519045,1.9048096,-1.0351905,2.3848095,3.3648095,2.8548095,0.8648096,-0.18519042,1.4948096,-1.4951904,0.83480954,1.2948096,-1.6251904,2.1148095,3.1948097,1.7448096,1.5248096,1.1948096,1.6248096,1.0348096
2.4948096,0.15480956,4.1748095,2.6548095,0.34480956,-0.8451904,-0.73519045,-2.3651905,-1.7751905,-2.8251905,-4.0451903,-4.41519,-4.9851904,-4.0551906,-3.8551905,-3.8951905,-3.6451905,-3.5351903,-3.0651903,0.81480956,-1.9051905,-2.7051904,-2.3451905,-1.4851904,-1.4751904,-1.9151905,-1.7551904,-0.9751904,-0.5751904,-2.3951905,-1.8151904,-0.09519043,-2.4251904,1.1748096,0.57480955,-2.3451905,-2.2351904,0.62480956,-1.9851904,0.48480958,1.1548096
0.10480957,-1.0551904,2.7248096,2.2748096,0.28480956,-0.85519046,-0.41519043,-1.5851904,-1.5451905,-1.6951904,-2.5751905,-3.7451904,-4.6951904,-4.5651903,-3.7651904,-4.0751905,-4.1951904,-4.5451903,-4.8051906,-3.7651904,0.27480957,-2.8051903,1.0248096,-0.6551904,-1.1951904,-2.0051904,-2.5451903,-2.6551905,-3.5551903,-1.9951904,0.41480958,-0.14519043,0.9648096,-0.04519043,0.024809571,1.8948096,2.1748095,2.8748095,-2.7051904,-2.2151904,-2.0151904
-0.9451904,-2.0951905,-0.5251904,0.63480955,0.33480957,-0.28519043,-0.11519043,-0.40519044,-1.1551905,-1.9451904,-2.2251904,-2.8151903,-3.9051905,-4.4951906,-4.0451903,-3.7651904,-3.6651905,-3.8151903,-3.5751905,-2.7151904,-1.2551904,0.24480957,0.03480957,-0.41519043,-0.6451904,-0.9751904,-2.2551904,-2.3851905,-2.4951904,-3.5751905,-4.0751905,-3.1551905,-1.6051904,-1.5451905,0.6748096,1.3948096,2.1148095,0.10480957,1.3348095,0.7348096,2.5048096
-1.4951904,-1.3551904,-1.9051905,-0.49519044,0.18480957,0.38480958,-0.07519043,-0.46519044,-0.73519045,-0.93519044,-1.9951904,-2.9451904,-3.1451905,-4.1551905,-4.3851905,-3.1651905,-2.6051905,-2.6351905,-2.1551905,-1.3451904,-1.4551904,-1.0951904,-0.47519043,-1.0851904,-1.1351905,-0.7251904,-1.0751904,-2.7051904,-1.7451904,-2.6351905,-2.5251904,-3.0051904,-2.5951905,-3.7651904,-2.7751904,-1.6151904,-2.8251905,-3.8751905,-2.9951904,1.4348096,3.5748096
-0.31519043,0.06480957,0.41480958,0.11480957,0.44480956,0.08480957,-0.21519043,-0.11519043,-0.7051904,-1.1951904,-1.5251905,-1.7451904,-2.7751904,-3.6351905,-3.8151903,-3.5351903,-2.3051903,-0.7851904,-0.9551904,-1.0951904,-1.8851905,-1.7351904,-1.3851905,-1.1951904,-0.60519046,-0.80519044,-1.8551904,-2.0851905,-2.0051904,-1.5051904,-2.1051905,-2.4051905,-2.3151903,-2.3551905,-1.4751904,1.2648096,3.0648096,-0.50519043,-1.9851904,1.2148095,3.7848096
-0.98519045,-0.25519043,0.01480957,0.11480957,0.15480956,0.07480957,0.0048095705,-0.25519043,-0.6451904,-0.5851904,-1.6351905,-2.4551904,-2.1751904,-2.1551905,-2.5151904,-2.6851904,-2.7151904,-1.4051905,-0.62519044,-1.3251904,-0.99519044,-1.2851905,-1.6351905,-1.6851904,-1.7951905,-2.7051904,-2.9651904,-1.1751904,-1.7751905,-2.4151905,-3.7451904,-3.9751904,-3.7551904,-4.9451904,-0.98519045,-2.0851905,-2.2351904,-1.5151905,0.30480957,-0.75519043,-1.2051904
-0.92519045,-1.3451904,-0.21519043,-0.45519042,-1.6751904,-1.5251905,-1.9251904,-1.6551905,-1.2251904,-1.2751905,-2.2951903,-2.0951905,-2.9351904,-0.7051904,-0.7651904,-0.98519045,-0.9751904,-0.8251904,-0.68519044,-0.99519044,-1.2351904,-1.4451904,-2.6151905,-1.8251904,-1.9351904,-2.0551903,-2.3851905,-2.7551904,-3.6351905,-4.3451905,-5.3951902,-4.8151903,-4.7851906,-4.6751904,-4.8551903,-4.3351903,-4.8751903,-1.8651904,-1.6651905,3.5048096,3.9048095
-1.6151904,-2.1351905,-1.3451904,-0.6551904,-1.7751905,-1.7051904,-2.7051904,-2.4651904,0.5448096,-0.0051904297,-2.0051904,-2.3351905,-2.6251905,-2.4651904,-0.9451904,-0.14519043,-1.2651905,0.29480958,1.0948095,0.20480958,-1.0151905,-1.5551904,-1.9051905,-1.8851905,-1.4351904,-1.9451904,-1.8251904,-2.2351904,-2.6651905,-3.2051904,-4.0951905,-4.9451904,-3.8851905,-3.6051905,-3.3751905,-3.9551904,-1.8751904,-0.6551904,-2.5051904,-3.2451904,-2.8851905
-3.0951905,-3.6851904,-4.2351904,-2.9651904,-2.4851904,-4.1451902,-3.1751904,-1.0451905,-0.8251904,-0.91519046,-0.5751904,-0.5351904,-2.4151905,-3.7151904,-3.3951905,-1.6851904,-1.4451904,-0.46519044,0.51480955,0.6548096,-0.17519043,-0.73519045,-1.5551904,-1.7951905,-1.6651905,-1.4851904,-2.1551905,-3.2851903,-2.9351904,-2.8051903,-2.8651905,-3.2051904,-1.5751904,-1.3351904,-3.3451905,-4.4251904,-2.3651905,-0.66519046,-2.0451903,-2.4151905,-1.9151905
-1.4451904,-3.5651903,-2.4551904,-3.0051904,-3.5551903,-3.9751904,-3.7551904,-3.8251905,-3.7651904,-2.7151904,-2.2151904,-2.8451905,-2.9151905,-2.7151904,-2.9551904,-2.1051905,-2.8351905,-1.6151904,0.5548096,0.76480955,0.6648096,-0.12519044,-0.6951904,-0.92519045,-1.4251904,-2.1351905,-2.1951904,-2.9551904,-2.7651904,-2.1451905,-1.3651904,1.3048096,1.2048095,0.95480955,-0.23519044,-1.5451905,-2.0351903,-1.5751904,-1.6051904,-1.9251904,-1.0451905
-1.8451904,-3.5551903,-3.7151904,-2.7751904,-2.6651905,-2.8551905,-4.1251903,-3.7151904,-3.9551904,-3.0651903,-1.4751904,-1.9951904,-2.8851905,-3.2551904,-3.9651904,-3.9251904,-3.3151903,-1.9751904,-1.3751904,-0.67519045,0.95480955,1.4148096,0.41480958,-0.7851904,-1.8351904,-2.4851904,-2.5951905,-2.1151905,-1.7851905,-0.73519045,2.5248096,2.8948095,2.5348096,2.4048095,1.9448096,1.1648096,-0.18519042,-0.66519046,-1.0451905,0.31480956,-0.18519042
-1.9351904,-2.7751904,-3.7851903,-3.6351905,-3.6751904,-3.2051904,-3.4351904,-4.0851903,-4.0951905,-4.0351906,-1.6251904,-1.7251904,-3.6351905,-4.4251904,-5.0851903,-4.8951902,-4.4951906,-3.8351905,-2.9851904,-1.8951905,-0.39519042,0.36480957,0.21480957,0.09480957,-0.28519043,-0.7751904,-0.50519043,-0.36519042,-0.105190426,2.5248096,4.2548094,4.4548097,4.2648096,3.8848095,3.1448095,1.8348095,0.51480955,0.09480957,0.64480954,0.83480954,-0.7151904
-1.1951904,-1.7451904,-1.0951904,-2.2551904,-2.5951905,-2.3451905,-2.6351905,-3.1351905,-3.6351905,-3.0651903,-1.7551904,-1.9051905,-1.7151904,-3.3751905,-4.8051906,-4.8251905,-4.93519,-4.3951902,-4.0451903,-2.9951904,-2.4551904,-1.4651904,-0.18519042,0.21480957,-0.02519043,-0.08519043,0.28480956,1.3048096,2.5648096,3.7748096,4.6548095,5.4048095,4.3848095,4.5548096,4.1948094,2.7948096,1.1448096,0.07480957,0.8548096,1.3648095,1.0348096
