wind_kz.json
{"header": {"discipline":0,"disciplineName":"Meteorological products","gribEdition":2,"gribLength":871,"center":7,"centerName":"US National Weather Service - NCEP(WMC)","subcenter":0,"refTime":"2024-02-02T12:00:00.000Z","significanceOfRT":1,"significanceOfRTName":"Start of forecast","productStatus":0,"productStatusName":"Operational products","productType":1,"productTypeName":"Forecast products","productDefinitionTemplate":0,"productDefinitionTemplateName":"Analysis/forecast at horizontal level/layer at a point in time","parameterCategory":0,"parameterCategoryName":"UnknownDiscipline_0_Category_0","parameterNumber":0,"parameterNumberName":"UnknownParameter_D0_C0_0","parameterUnit":"Unknown","genProcessType":2,"genProcessTypeName":"Forecast","forecastTime":120,"surface1Type":1,"surface1TypeName":"Ground or water surface","surface1Value":0.0,"surface2Type":255,"surface2TypeName":"Missing","surface2Value":0.0,"gridDefinitionTemplate":0,"gridDefinitionTemplateName":"Latitude_Longitude","numberPoints":615,"shape":6,"shapeName":"Earth spherical with radius of 6,371,229.0 m","gridUnits":"degrees","resolution":48,"winds":"true","scanMode":64,"nx":41,"ny":15,"basicAngle":0,"lo1":47.0,"la1":41.0,"lo2":87.0,"la2":55.0,"dx":1.0,"dy":1.0}, "data":
[rows 0 to 14 of 15, columns 0 to 40 of 41]
287.29367,278.39368,283.0937,280.39368,280.79367,282.19366,284.79367,281.29367,276.99368,279.0937,277.29367,279.0937,279.69366,279.99368,279.5937,279.39368,280.19366,278.99368,280.99368,278.69366,278.5937,274.79367,275.19366,273.89368,278.19366,279.49368,269.69366,260.79367,253.69368,253.19368,256.5937,251.49368,257.79367,268.79367,269.39368,270.0937,269.89368,270.29367,270.5937,270.39368,270.39368
264.79367,285.39368,280.0937,279.89368,280.49368,281.0937,284.79367,281.29367,280.89368,280.89368,280.19366,277.0937,275.69366,276.29367,276.69366,275.79367,277.99368,279.79367,279.39368,279.99368,279.69366,277.99368,274.49368,268.39368,261.99368,260.79367,263.49368,260.39368,258.19366,253.69368,259.99368,249.09367,264.49368,240.09367,247.49368,259.5937,257.69366,267.69366,269.29367,262.79367,264.99368
276.19366,278.99368,280.19366,280.49368,280.49368,279.5937,277.39368,278.29367,276.69366,277.99368,278.19366,278.49368,278.89368,278.79367,274.29367,272.89368,273.0937,272.79367,274.29367,275.5937,277.5937,277.39368,276.69366,269.49368,274.99368,271.5937,272.69366,272.29367,271.29367,264.29367,255.79367,256.79367,261.29367,257.89368,255.19368,261.39368,254.29367,249.69368,250.99368,252.19368,248.09367
281.19366,275.89368,277.89368,278.99368,278.99368,277.49368,278.0937,276.69366,278.29367,276.69366,276.79367,276.89368,281.0937,281.79367,275.39368,273.29367,273.89368,273.19366,272.79367,273.49368,275.49368,268.99368,273.19366,272.79367,272.79367,272.89368,272.89368,272.79367,270.89368,270.5937,265.79367,264.29367,270.29367,264.69366,260.99368,264.39368,253.29367,252.39368,261.49368,253.09367,254.59367
277.0937,273.0937,271.99368,273.0937,274.99368,276.89368,275.5937,275.69366,275.49368,274.79367,273.79367,274.19366,278.99368,278.99368,278.19366,273.29367,273.19366,272.79367,273.19366,270.99368,271.5937,273.5937,271.19366,272.19366,271.0937,270.49368,270.29367,271.39368,272.29367,271.99368,270.89368,269.5937,261.89368,248.69368,259.5937,253.39368,256.99368,254.39368,255.69368,255.59367,257.69366
274.0937,275.79367,273.0937,272.69366,272.0937,272.49368,274.49368,274.29367,273.79367,273.89368,272.0937,271.99368,278.0937,279.19366,272.69366,272.5937,271.0937,271.29367,269.79367,270.89368,269.49368,269.39368,269.29367,269.39368,269.79367,269.0937,269.89368,271.29367,271.49368,265.5937,262.79367,266.89368,261.49368,262.69366,265.79367,264.0937,263.49368,259.99368,255.49368,253.59367,255.39368
274.29367,275.0937,275.89368,275.89368,273.29367,274.19366,274.29367,273.29367,271.49368,271.29367,270.69366,270.19366,270.69366,269.99368,270.0937,270.29367,269.39368,270.19366,269.79367,270.0937,270.39368,269.5937,268.19366,268.0937,267.5937,268.29367,268.69366,268.49368,268.19366,265.0937,263.0937,264.19366,264.79367,263.19366,264.99368,262.39368,261.69366,260.89368,255.89368,254.79367,257.39368
273.5937,273.79367,273.5937,273.79367,273.39368,272.99368,272.99368,271.5937,270.29367,270.0937,269.39368,269.29367,268.49368,268.89368,269.39368,269.49368,270.49368,269.99368,269.5937,268.79367,269.19366,269.49368,270.0937,267.99368,267.69366,267.89368,267.39368,267.29367,266.89368,264.39368,259.0937,258.49368,262.19366,262.79367,257.49368,249.99368,251.09367,255.69368,263.89368,263.49368,257.0937
272.49368,271.19366,271.29367,271.29367,270.69366,271.19366,270.69366,269.89368,269.5937,268.69366,268.0937,267.89368,267.19366,268.19366,268.89368,269.29367,269.29367,269.19366,269.39368,269.19366,268.0937,268.69366,267.89368,268.39368,267.29367,268.19366,268.69366,267.79367,264.69366,260.49368,259.5937,262.29367,269.19366,266.69366,261.89368,261.89368,258.49368,257.19366,255.09367,250.89368,250.59367
269.19366,268.29367,267.79367,268.39368,268.0937,267.39368,266.79367,265.99368,266.69366,266.99368,266.39368,265.99368,266.49368,266.69366,267.69366,267.79367,268.69366,268.69366,269.69366,269.79367,268.5937,267.89368,268.39368,267.49368,267.29367,269.19366,270.29367,268.19366,268.89368,267.5937,266.69366,270.29367,270.39368,266.5937,262.29367,257.69366,261.99368,259.0937,256.5937,257.89368,252.89368
267.29367,266.49368,265.39368,264.69366,265.49368,265.29367,264.99368,265.79367,266.39368,266.5937,266.89368,266.39368,266.39368,265.79367,265.99368,267.0937,267.49368,268.79367,269.99368,269.39368,268.5937,268.89368,266.89368,266.69366,267.5937,268.5937,269.0937,269.49368,270.69366,271.49368,270.39368,270.79367,268.49368,267.49368,265.89368,260.49368,262.99368,261.5937,257.39368,259.29367,257.0937
266.49368,265.89368,264.89368,263.89368,263.19366,263.49368,264.0937,265.69366,265.69366,267.99368,268.69366,267.39368,267.0937,265.19366,265.19366,264.99368,266.39368,266.39368,268.19366,268.5937,268.19366,267.89368,266.99368,267.79367,268.89368,271.39368,272.69366,272.29367,272.29367,272.0937,268.39368,268.99368,268.79367,266.79367,266.0937,258.89368,260.0937,262.19366,264.29367,262.5937,261.49368
266.29367,266.29367,264.89368,265.29367,265.99368,266.49368,264.39368,264.79367,266.39368,268.79367,268.49368,266.89368,263.0937,263.69366,264.79367,266.29367,267.29367,269.39368,268.79367,268.69366,268.79367,268.89368,269.99368,270.49368,272.5937,273.0937,273.19366,272.69366,270.49368,269.69366,268.89368,268.49368,267.69366,267.0937,263.79367,261.29367,259.99368,263.79367,260.79367,258.69366,262.19366
267.99368,263.99368,261.0937,261.29367,262.49368,263.69366,264.39368,267.19366,270.79367,268.79367,268.79367,269.79367,269.5937,267.79367,269.99368,270.5937,271.69366,271.19366,271.49368,272.19366,273.0937,273.19366,273.19366,273.19366,273.19366,272.79367,270.99368,270.0937,268.79367,268.0937,266.99368,267.19366,267.19366,265.5937,263.5937,262.99368,263.79367,263.29367,259.69366,260.99368,256.89368
264.69366,258.69366,258.19366,258.49368,261.69366,262.5937,265.29367,267.69366,270.5937,272.19366,271.99368,270.99368,268.69366,269.19366,269.69366,270.0937,270.49368,271.19366,271.69366,271.19366,271.29367,271.0937,271.29367,271.0937,269.99368,269.29367,269.0937,268.39368,267.19366,266.0937,265.89368,266.29367,264.5937,264.99368,263.0937,262.19366,261.49368,260.19366,257.99368,255.99368,258.99368
