wind_kz.json
{"header": {"discipline":0,"disciplineName":"Meteorological products","gribEdition":2,"gribLength":871,"center":7,"centerName":"US National Weather Service - NCEP(WMC)","subcenter":0,"refTime":"2023-10-04T18:00:00.000Z","significanceOfRT":1,"significanceOfRTName":"Start of forecast","productStatus":0,"productStatusName":"Operational products","productType":1,"productTypeName":"Forecast products","productDefinitionTemplate":0,"productDefinitionTemplateName":"Analysis/forecast at horizontal level/layer at a point in time","parameterCategory":0,"parameterCategoryName":"UnknownDiscipline_0_Category_0","parameterNumber":0,"parameterNumberName":"UnknownParameter_D0_C0_0","parameterUnit":"Unknown","genProcessType":2,"genProcessTypeName":"Forecast","forecastTime":180,"surface1Type":1,"surface1TypeName":"Ground or water surface","surface1Value":0.0,"surface2Type":255,"surface2TypeName":"Missing","surface2Value":0.0,"gridDefinitionTemplate":0,"gridDefinitionTemplateName":"Latitude_Longitude","numberPoints":615,"shape":6,"shapeName":"Earth spherical with radius of 6,371,229.0 m","gridUnits":"degrees","resolution":48,"winds":"true","scanMode":64,"nx":41,"ny":15,"basicAngle":0,"lo1":47.0,"la1":41.0,"lo2":87.0,"la2":55.0,"dx":1.0,"dy":1.0}, "data":
[rows 0 to 14 of 15, columns 0 to 40 of 41]
289.7365,284.7365,287.7365,292.93652,292.93652,291.63654,296.2365,300.83652,297.03653,297.63654,297.83652,297.53653,297.43652,296.83652,295.2365,296.93652,299.43652,300.83652,305.43652,301.03653,305.43652,304.03653,303.63654,301.2365,305.93652,310.83652,306.63654,296.43652,294.2365,283.83652,287.33652,278.33652,297.63654,305.43652,304.63654,304.33652,311.13654,309.83652,307.33652,307.53653,309.53653
272.53653,292.53653,292.7365,292.7365,292.7365,290.93652,296.2365,296.13654,295.7365,295.33652,297.03653,296.2365,297.13654,295.93652,296.2365,296.13654,298.63654,302.13654,301.83652,303.03653,300.83652,301.7365,303.2365,295.13654,285.13654,278.63654,299.13654,296.03653,295.53653,289.03653,295.33652,278.33652,289.33652,265.43652,272.93652,300.33652,304.03653,302.83652,304.63654,299.53653,284.43652
293.33652,292.13654,292.33652,291.93652,290.43652,295.83652,294.13654,294.83652,294.33652,292.63654,293.7365,294.43652,296.03653,297.03653,293.33652,296.43652,297.33652,297.7365,298.83652,300.93652,301.13654,295.7365,302.63654,300.63654,301.33652,298.7365,296.53653,301.7365,307.13654,298.03653,285.7365,291.83652,295.2365,295.13654,295.33652,293.33652,289.2365,288.7365,289.93652,285.63654,285.13654
296.2365,290.93652,291.83652,291.03653,291.7365,292.93652,287.93652,284.93652,292.03653,293.13654,293.13654,293.33652,289.03653,288.43652,294.43652,295.83652,293.03653,296.93652,298.33652,299.53653,299.2365,290.2365,295.03653,295.33652,302.83652,302.83652,302.93652,303.53653,301.33652,305.2365,300.2365,300.93652,299.7365,303.2365,302.13654,302.03653,288.53653,272.33652,289.43652,299.43652,300.2365
294.2365,290.33652,290.63654,289.93652,291.53653,292.53653,291.43652,294.53653,292.63654,288.13654,288.63654,292.7365,288.03653,286.63654,285.33652,292.83652,293.83652,293.2365,295.13654,294.33652,297.33652,299.83652,290.13654,295.03653,297.7365,298.2365,299.7365,297.13654,304.33652,302.33652,301.03653,297.03653,292.03653,274.13654,292.83652,299.03653,297.83652,305.33652,305.83652,303.2365,300.2365
290.7365,291.2365,288.33652,288.93652,289.2365,288.7365,292.93652,292.53653,292.7365,291.33652,290.2365,285.93652,288.13654,287.33652,290.33652,291.83652,290.93652,292.03653,291.83652,293.53653,293.93652,293.2365,295.83652,294.03653,289.63654,292.93652,296.03653,286.93652,302.83652,300.7365,300.63654,299.43652,300.43652,297.63654,302.53653,295.33652,295.33652,291.03653,302.13654,304.13654,302.53653
290.2365,289.03653,288.63654,289.63654,289.63654,290.7365,291.33652,291.03653,291.13654,288.2365,284.33652,284.7365,289.43652,291.03653,290.13654,288.2365,288.43652,288.83652,290.83652,291.7365,290.13654,290.33652,290.03653,292.93652,293.33652,292.53653,293.63654,294.7365,300.43652,300.63654,300.13654,299.03653,298.2365,296.7365,296.53653,295.63654,292.93652,286.7365,287.33652,285.53653,294.53653
287.43652,288.33652,287.33652,288.33652,288.63654,288.93652,290.63654,290.43652,289.63654,284.83652,282.7365,284.7365,285.93652,287.53653,288.43652,287.7365,285.7365,287.2365,287.53653,287.93652,287.63654,288.2365,288.43652,288.83652,289.33652,284.43652,285.93652,285.83652,293.03653,293.33652,295.2365,294.63654,293.83652,293.43652,292.63654,296.93652,299.13654,284.83652,296.7365,297.7365,297.2365
285.2365,285.7365,287.33652,288.03653,287.33652,289.13654,289.63654,290.93652,284.63654,281.13654,280.93652,286.33652,285.7365,286.03653,286.2365,288.43652,287.83652,288.53653,286.33652,286.53653,285.33652,285.03653,285.33652,285.43652,281.63654,282.7365,280.63654,281.63654,285.33652,283.83652,283.93652,286.33652,289.2365,291.43652,289.93652,292.03653,294.13654,295.7365,286.53653,286.03653,286.93652
284.33652,284.13654,285.53653,286.33652,286.93652,288.13654,283.2365,282.7365,281.83652,280.2365,285.03653,284.33652,286.13654,286.53653,287.2365,286.83652,288.13654,289.13654,287.33652,287.43652,285.53653,287.13654,285.2365,286.03653,285.13654,280.33652,279.33652,277.83652,279.03653,282.2365,284.83652,285.43652,286.93652,292.53653,292.63654,295.03653,291.63654,291.7365,292.13654,290.43652,284.33652
283.03653,283.83652,283.83652,283.93652,284.63654,285.7365,286.83652,282.93652,281.13654,284.03653,284.03653,284.7365,285.43652,284.13654,285.2365,286.83652,287.13654,289.13654,287.7365,286.2365,286.33652,286.2365,287.63654,287.03653,285.33652,283.03653,276.83652,277.7365,278.53653,278.7365,279.93652,283.13654,285.93652,292.03653,292.03653,291.2365,288.43652,288.93652,289.33652,288.63654,287.53653
280.03653,280.33652,283.03653,282.53653,282.63654,283.2365,283.7365,283.63654,284.43652,283.63654,281.43652,282.03653,283.83652,284.03653,284.53653,284.93652,285.33652,285.33652,286.13654,284.7365,284.53653,284.13654,285.03653,286.83652,285.2365,286.33652,284.53653,283.93652,278.83652,278.7365,278.63654,279.83652,283.03653,287.7365,289.83652,292.7365,294.63654,296.33652,295.2365,294.83652,293.03653
278.63654,278.53653,279.03653,281.2365,280.53653,281.2365,282.63654,282.7365,283.83652,283.63654,278.7365,278.13654,281.7365,282.33652,284.2365,283.53653,284.03653,284.33652,283.83652,283.2365,283.93652,284.53653,285.03653,284.33652,286.63654,287.2365,287.93652,287.33652,286.03653,281.93652,277.7365,277.7365,280.03653,285.03653,288.63654,289.03653,292.2365,292.33652,293.53653,292.7365,290.63654
279.03653,278.03653,281.43652,280.33652,279.43652,279.63654,279.93652,279.83652,282.03653,282.43652,278.03653,275.33652,279.7365,281.2365,282.33652,282.13654,282.53653,282.53653,282.7365,283.33652,283.93652,283.33652,284.63654,286.03653,287.13654,287.93652,287.33652,287.03653,285.93652,286.03653,282.03653,274.13654,276.03653,278.03653,281.83652,284.63654,287.7365,289.7365,292.2365,291.33652,292.63654
277.2365,277.7365,283.83652,278.93652,278.63654,279.2365,279.2365,279.7365,281.03653,281.7365,279.43652,278.63654,276.63654,278.7365,279.13654,281.03653,281.33652,281.93652,282.63654,283.33652,284.33652,284.53653,285.33652,285.33652,285.83652,286.43652,286.93652,286.33652,287.33652,284.93652,283.03653,281.03653,277.53653,274.03653,277.03653,279.93652,284.33652,286.53653,289.2365,291.63654,290.03653
