wind_kz.json
{"header": {"discipline":0,"disciplineName":"Meteorological products","gribEdition":2,"gribLength":1025,"center":7,"centerName":"US National Weather Service - NCEP(WMC)","subcenter":0,"refTime":"2023-09-21T18:00:00.000Z","significanceOfRT":1,"significanceOfRTName":"Start of forecast","productStatus":0,"productStatusName":"Operational products","productType":1,"productTypeName":"Forecast products","productDefinitionTemplate":0,"productDefinitionTemplateName":"Analysis/forecast at horizontal level/layer at a point in time","parameterCategory":2,"parameterCategoryName":"UnknownDiscipline_0_Category_2","parameterNumber":3,"parameterNumberName":"UnknownParameter_D0_C2_3","parameterUnit":"Unknown","genProcessType":2,"genProcessTypeName":"Forecast","forecastTime":300,"surface1Type":103,"surface1TypeName":"Specified height level above ground","surface1Value":10.0,"surface2Type":255,"surface2TypeName":"Missing","surface2Value":0.0,"gridDefinitionTemplate":0,"gridDefinitionTemplateName":"Latitude_Longitude","numberPoints":615,"shape":6,"shapeName":"Earth spherical with radius of 6,371,229.0 m","gridUnits":"degrees","resolution":48,"winds":"true","scanMode":64,"nx":41,"ny":15,"basicAngle":0,"lo1":47.0,"la1":41.0,"lo2":87.0,"la2":55.0,"dx":1.0,"dy":1.0}, "data":
[rows 0 to 14 of 15, columns 0 to 40 of 41]
-0.3330249,1.5769751,-1.7630249,-0.6730249,-0.023024902,-0.083024904,-0.4530249,0.0469751,2.126975,1.6069751,2.376975,2.916975,2.706975,0.3069751,-1.613025,-2.123025,-2.393025,-1.4030249,-1.4730248,-0.9730249,-0.9330249,-2.103025,-0.083024904,0.5169751,0.4969751,0.1969751,-1.1930249,-0.1830249,0.8569751,3.206975,2.0569751,2.7769752,0.1069751,1.5969751,1.0869751,0.7969751,0.9069751,0.18697509,-0.3930249,0.5469751,2.196975
-2.4830248,-1.6630249,-0.1830249,-1.5430249,-0.1230249,2.206975,1.7869751,3.416975,1.4369751,0.3969751,-0.1530249,0.1969751,1.506975,0.4069751,-2.623025,-2.613025,-0.1930249,-1.6530249,-0.5630249,-1.1930249,-3.2630248,-0.6830249,0.7069751,-1.1630249,1.8669751,2.066975,2.7869751,0.6569751,0.5169751,1.3069751,-1.373025,2.566975,1.8169751,2.2369752,3.0369751,2.436975,2.0169752,2.176975,1.3069751,1.3269751,0.066975094
-1.5430249,1.4469751,-1.5230249,0.5069751,0.2269751,1.3169751,1.756975,0.8269751,2.066975,1.0469751,0.5169751,0.9369751,0.18697509,0.0069750976,-1.2630249,-1.8430248,-2.183025,-2.5330248,-2.873025,-0.6030249,-2.2830248,-1.2630249,0.8369751,-0.4030249,-1.8930249,-1.9430249,-1.6330249,-1.9430249,-0.5830249,-2.6930249,-0.5730249,0.7369751,-1.1930249,1.8169751,0.2969751,-2.853025,-2.2830248,1.6069751,-0.9930249,1.636975,-0.0730249
1.7769752,0.5969751,-0.0430249,-0.1430249,1.0469751,0.9369751,1.0769751,1.6869751,2.446975,2.2569752,1.126975,-0.3530249,-1.6330249,-0.8230249,0.4269751,-0.4830249,-2.133025,-2.603025,-3.603025,-1.103025,-1.2530249,-1.2530249,0.4469751,-0.3830249,-1.1430249,-1.7230248,-1.2230248,-1.243025,-1.123025,-1.983025,-1.5430249,1.4069752,0.5769751,1.1969751,-0.7130249,2.2169752,2.816975,0.3469751,-2.863025,-2.403025,-1.9630249
0.2269751,0.3569751,0.3669751,-0.5630249,1.0569751,2.0269752,1.9469751,4.226975,4.166975,1.7169751,1.0869751,-0.6930249,0.1269751,1.1769751,0.5769751,-0.9630249,-1.3430248,-1.9530249,-2.7630248,-2.793025,-1.1930249,-0.7930249,1.3069751,0.8469751,0.1669751,-1.3430248,-2.343025,-2.933025,-0.6830249,-1.6330249,-1.5230249,-1.5930248,-1.4630249,-0.6530249,0.4869751,1.376975,2.076975,-0.033024903,-1.5530249,-2.5030248,-2.2230248
-0.0630249,0.9569751,0.5069751,0.4969751,2.166975,2.126975,2.916975,4.6369753,3.646975,2.7569752,1.9069752,1.0369751,0.61697507,0.5869751,0.4269751,-0.4130249,-0.8230249,-0.3430249,-0.8630249,-1.0430249,-1.733025,-1.3930249,1.8169751,1.9069752,-0.1930249,-1.623025,-2.593025,-2.853025,0.18697509,-0.3030249,-1.733025,-2.883025,-2.4730248,-2.113025,-2.663025,-0.2230249,-2.7830248,-0.083024904,1.886975,-0.053024903,-2.333025
0.4269751,0.5169751,1.5469751,2.646975,3.696975,2.906975,3.2569752,4.806975,4.026975,3.936975,3.346975,2.7369752,1.4469751,0.7269751,0.2769751,-0.0430249,-0.6030249,0.2669751,0.6769751,0.5269751,-1.0830249,-1.373025,0.5969751,1.9469751,1.006975,-0.9230249,-2.423025,-0.3330249,0.7269751,-0.4030249,-2.333025,-2.7330248,-2.163025,1.7869751,0.9569751,2.0469751,2.7469752,1.3069751,0.0869751,2.0269752,-1.993025
1.0569751,1.3669751,1.7769752,3.346975,5.396975,4.556975,4.026975,5.296975,5.296975,4.4269753,3.706975,3.206975,2.456975,1.8069751,1.1869751,0.8169751,0.096975096,0.1169751,0.5069751,1.5269752,0.7069751,0.5069751,-0.113024905,0.4469751,0.47697508,0.6269751,-0.2530249,1.2169751,0.4369751,-1.3230249,-1.5230249,-2.0230248,-0.17302491,-2.553025,-0.5330249,-0.5330249,-1.7630249,-1.7030249,-0.033024903,-0.023024902,0.4469751
0.5669751,2.206975,2.936975,4.1569753,5.306975,5.376975,5.416975,5.066975,5.4069753,4.876975,4.036975,3.396975,3.186975,2.576975,1.9069752,1.4369751,1.0769751,0.8469751,0.7869751,0.7069751,1.5869751,0.8969751,0.25697508,0.096975096,1.6769751,1.6769751,1.2969751,1.3569751,0.7969751,-0.013024902,-0.3730249,-0.4430249,-0.4030249,-1.6930249,-2.153025,-1.3830249,1.9369751,-2.073025,0.3669751,1.0969751,1.4269751
-5.783025,-0.88302493,2.946975,4.186975,5.236975,5.686975,6.016975,6.006975,6.036975,5.976975,5.456975,4.336975,3.316975,2.876975,3.196975,2.5069752,2.106975,1.8669751,1.4669751,1.506975,1.5669751,1.386975,0.7169751,0.5669751,0.5769751,0.9169751,1.386975,1.2169751,0.9469751,0.7969751,0.8369751,1.9869751,2.0169752,1.1769751,-0.3030249,-0.9630249,-0.4230249,1.9769751,0.7169751,-0.9430249,-0.033024903
-5.023025,-7.6130247,-3.4530249,2.7469752,4.026975,5.046975,6.716975,7.1569753,6.356975,5.9069753,5.286975,5.1369753,3.7169752,3.956975,3.636975,3.3069751,3.426975,3.396975,3.2469752,2.7569752,2.206975,2.0069752,1.8069751,1.5369751,1.8369751,1.646975,1.0569751,0.86697507,0.7569751,-0.1930249,0.3969751,1.6069751,3.2369752,2.356975,1.4469751,1.0369751,0.4169751,-0.3930249,0.8969751,1.0569751,0.1769751
-2.853025,-2.5330248,-6.1130247,-5.663025,2.0469751,5.516975,5.236975,6.006975,5.816975,5.376975,5.3469753,3.936975,4.036975,4.336975,4.056975,4.106975,4.1369753,3.616975,4.396975,3.7569752,3.406975,3.106975,2.656975,2.456975,2.2769752,2.166975,2.456975,1.6869751,1.4169751,1.0969751,0.6269751,1.516975,2.576975,2.906975,2.136975,2.4669752,2.106975,-0.3530249,-0.6430249,0.2769751,-0.4330249
-1.9530249,-2.873025,-1.113025,-2.7230248,-4.743025,-0.0030249024,4.6769753,6.276975,6.326975,6.246975,3.176975,3.5569751,4.416975,4.816975,4.496975,4.286975,4.256975,4.066975,4.8869753,4.016975,4.546975,4.4069753,3.7369752,3.7469752,3.316975,2.906975,2.446975,2.856975,2.5169752,2.2669752,2.146975,1.9469751,2.2569752,2.5069752,2.7569752,2.7369752,3.0469751,2.2869751,2.896975,3.086975,1.646975
-1.6530249,-2.2130249,-2.393025,-0.4230249,-1.243025,-2.863025,-2.2330248,2.866975,4.736975,6.996975,3.956975,3.2369752,4.036975,4.806975,4.6369753,4.506975,4.6369753,4.8469753,4.5969753,4.736975,4.796975,4.6369753,4.276975,3.7169752,3.416975,2.876975,3.126975,3.4669752,3.386975,3.616975,3.396975,3.146975,3.0569751,3.2869751,2.7269752,3.426975,3.126975,3.0169752,2.886975,3.366975,4.266975
0.5869751,-0.1630249,-1.5530249,-1.8930249,-1.7530249,0.7169751,-0.4430249,-0.3730249,-1.9030249,1.396975,3.406975,4.516975,3.0269752,2.9969752,4.496975,4.4269753,4.516975,4.736975,5.046975,5.186975,5.146975,5.246975,4.876975,4.556975,4.376975,4.226975,4.026975,4.196975,4.1369753,4.206975,4.4269753,4.356975,3.7869751,3.896975,3.7969751,3.626975,4.336975,4.476975,3.836975,3.866975,3.816975
