wind_kz.json
{"header": {"discipline":0,"disciplineName":"Meteorological products","gribEdition":2,"gribLength":1025,"center":7,"centerName":"US National Weather Service - NCEP(WMC)","subcenter":0,"refTime":"2023-10-01T12:00:00.000Z","significanceOfRT":1,"significanceOfRTName":"Start of forecast","productStatus":0,"productStatusName":"Operational products","productType":1,"productTypeName":"Forecast products","productDefinitionTemplate":0,"productDefinitionTemplateName":"Analysis/forecast at horizontal level/layer at a point in time","parameterCategory":2,"parameterCategoryName":"UnknownDiscipline_0_Category_2","parameterNumber":2,"parameterNumberName":"UnknownParameter_D0_C2_2","parameterUnit":"Unknown","genProcessType":2,"genProcessTypeName":"Forecast","forecastTime":60,"surface1Type":103,"surface1TypeName":"Specified height level above ground","surface1Value":10.0,"surface2Type":255,"surface2TypeName":"Missing","surface2Value":0.0,"gridDefinitionTemplate":0,"gridDefinitionTemplateName":"Latitude_Longitude","numberPoints":615,"shape":6,"shapeName":"Earth spherical with radius of 6,371,229.0 m","gridUnits":"degrees","resolution":48,"winds":"true","scanMode":64,"nx":41,"ny":15,"basicAngle":0,"lo1":47.0,"la1":41.0,"lo2":87.0,"la2":55.0,"dx":1.0,"dy":1.0}, "data":
[rows 0 to 14 of 15, columns 0 to 40 of 41]
-2.3295476,-0.27954772,1.1904522,5.750452,6.480452,6.250452,3.6404524,-2.5995476,-7.9795475,-0.66954774,-2.2895477,-3.2495477,-3.7895477,-3.9895477,-3.5195477,-3.5395477,-2.2195477,-3.0995476,-3.8795478,-3.5395477,-1.6995478,-0.07954773,-0.49954772,-1.9895477,-1.0695478,-1.8495477,-2.5395477,0.40045226,0.83045226,1.1004523,-1.2195477,1.3104522,0.28045228,-0.6795477,-3.0095477,-1.6895478,-0.8095477,0.49045226,-0.6795477,-1.8295478,-2.0395477
-0.58954775,1.8004522,5.570452,5.230452,5.0604525,-4.539548,-4.119548,-5.8995476,-4.749548,-3.2595477,-3.1095476,-3.8295476,-3.1695478,-2.3395476,-2.2895477,-4.1695476,-3.9295478,-3.6795478,-2.1095476,-1.8295478,-0.46954772,0.58045226,-0.43954772,-2.8695478,-0.40954772,0.97045225,-0.36954772,1.6304523,0.02045227,-0.39954773,0.32045227,-0.28954774,1.4704523,-2.6595478,0.59045225,0.41045228,-0.6395477,0.02045227,-0.6395477,0.6104523,-1.8495477
1.1004523,3.3604522,3.6104522,4.550452,1.5804523,-3.8395476,-4.849548,-3.7395477,-5.329548,-4.499548,-3.1595478,-3.4895477,-3.8995478,-3.9495478,-4.0695477,-4.2295475,-5.079548,-3.3095477,-2.4995477,-1.0695478,1.6604522,-2.8095477,-2.9395478,-3.1995478,0.43045226,-2.2595477,-0.8295477,0.7304523,-0.9295477,-0.6395477,-0.09954773,1.3604523,-0.41954774,-0.49954772,0.100452274,-0.029547729,-0.13954774,0.47045228,-0.90954775,1.2504523,1.9104522
1.1104523,3.0604522,2.7804523,2.0004523,-2.4595478,-3.3195477,-1.1195477,-3.0795476,-3.7795477,-3.8595476,-2.9895477,-4.2295475,-4.289548,-3.6895478,-3.9795477,-3.1595478,-3.4195478,-3.3495476,-3.1295478,-1.7095478,-2.0795476,-2.3395476,-2.0795476,-3.6395478,-3.4695477,-3.0795476,-2.1395478,-3.3595476,-1.3795477,-0.22954772,0.7504523,-1.4095477,-1.4095477,-2.9595478,-2.5995476,-1.5095477,-1.7795477,1.5804523,-0.05954773,-0.28954774,1.6604522
2.5104523,1.8104522,2.4704523,1.7404523,-3.8795478,-5.6095476,-3.6295478,-1.6995478,-3.1695478,-2.7595477,-2.6095476,-2.5795476,-2.4095478,-3.0095477,-4.619548,-3.6395478,-3.0795476,-2.3195477,-2.0095477,-2.5895476,-3.1195478,-3.0795476,-2.9495478,-2.4995477,-2.4595478,-2.1895478,-2.6195478,-0.15954773,-0.97954774,-1.2795477,-1.5795478,-1.9895477,-1.4395478,1.6704522,2.5504522,0.6204523,-1.6195477,-0.8695477,0.30045226,1.2204523,1.0704522
1.8204522,1.3004522,2.0104523,0.7304523,-7.3995476,-5.1095476,-2.0795476,-2.7395477,-1.5895478,-1.6995478,-2.3795478,-1.6595477,-3.4395478,-5.5295477,-4.389548,-2.4995477,-2.2195477,-2.1995478,-1.5295477,-1.2595477,-2.0395477,-2.0395477,-1.3395478,-1.3695477,-1.4995477,-1.9395478,-0.20954773,1.0104523,-0.32954773,0.24045227,-1.6895478,-1.0195477,-1.4395478,0.5004523,-0.20954773,-1.2595477,0.78045225,2.0604522,2.1404524,-0.54954773,-2.5495477
1.3304523,1.0004523,1.2604523,1.4004523,-1.5295477,-3.3295476,-2.0095477,-0.7495477,-1.5295477,-0.65954775,-1.3295478,-2.6895478,-2.8495476,-3.0995476,-2.7495477,-2.6495478,-2.1695478,-1.3495477,-1.7595477,-3.3795478,-2.4495478,-2.4595478,-2.2295477,-1.7095478,-1.6395477,-1.5995477,-0.7495477,0.17045227,-1.2995477,-1.3195478,-0.6395477,-0.45954773,-1.0495477,-1.2095478,-1.3395478,-1.5095477,-0.6795477,1.7604523,-0.60954773,1.0504522,2.0704522
2.0604522,2.1404524,2.0904522,1.1204523,0.30045226,-0.85954773,-0.9395477,0.6804523,-1.8295478,-0.9995477,-1.1295477,-1.7995477,-1.5495477,-1.1595477,-1.4995477,-2.3195477,-2.1295478,-1.7495477,-1.5295477,-3.0995476,-2.0595477,-1.9295478,-1.5595478,-2.6095476,-1.8295478,-0.79954773,-0.14954773,-0.08954773,-0.25954774,-0.26954773,-0.29954773,-0.7695477,-0.7395477,-0.38954774,-1.0695478,0.6804523,0.20045227,3.4704523,-1.8995477,1.4004523,-1.9195477
2.2904522,3.4804523,2.6304522,1.4404522,0.65045226,0.9904523,0.48045227,-0.009547729,-1.9195477,1.6804522,0.21045227,1.4304522,0.97045225,0.9404523,0.6104523,-0.08954773,-1.6195477,-1.6495477,-1.5395477,-2.1095476,-2.4195478,-1.0895478,-1.8995477,-2.4995477,-2.1495478,-1.8995477,-1.5495477,-1.3795477,-1.2495477,-1.5795478,-1.3495477,0.13045228,-0.40954772,0.32045227,0.22045226,0.47045228,-1.8295478,-3.0395477,-0.7595477,-0.71954775,-1.5095477
1.1604522,1.4604523,0.8004523,0.06045227,-0.33954772,-0.59954774,-0.85954773,0.97045225,3.8804522,3.1104522,3.5704522,3.5104523,1.6904522,2.0204523,1.3904523,1.3804523,1.3904523,-1.2595477,-1.8795477,-1.8495477,-2.0195477,-0.71954775,-0.6795477,-2.1195478,-2.5195477,-2.4595478,-2.5595477,-1.2895477,-1.8295478,-1.7795477,0.24045227,0.70045227,2.3804522,1.6904522,-0.79954773,-0.5695477,-0.24954773,0.64045227,-0.34954774,0.34045228,-1.1995478
1.3804523,0.78045225,0.25045228,0.6704523,0.11045227,1.1904522,1.7704523,1.8104522,3.2404523,4.1204524,4.7604523,6.5404525,3.2504523,0.31045228,1.8704523,1.5904523,1.7504523,1.8904523,0.15045227,-0.32954773,-0.08954773,-0.37954772,-0.21954773,-1.4295478,-1.3495477,-1.1195477,-1.2395477,-0.79954773,-1.1195477,-0.54954773,-0.34954774,-0.7595477,-1.7695477,-1.3195478,0.20045227,0.12045227,-0.96954775,0.0104522705,-0.8695477,0.8704523,-1.2595477
1.1204523,0.65045226,-0.11954773,-1.7595477,0.91045225,1.8404523,1.1904522,2.0104523,4.7804523,5.170452,3.6404524,4.690452,2.3804522,1.8704523,1.6304523,1.8604523,2.0504522,2.5004523,0.9404523,1.4804523,0.6304523,0.97045225,-0.08954773,-0.64954776,-0.26954773,-0.5095477,-0.64954776,-1.1095477,-1.7295477,-1.7495477,-1.9795477,-2.2895477,-1.6495477,-2.7395477,-1.8895477,-2.0795476,-2.5995476,-0.95954776,-0.03954773,-0.34954774,-0.49954772
1.4304522,1.4004523,1.4804523,-0.31954774,0.6204523,0.35045227,0.78045225,1.1804522,1.7304523,0.58045226,0.44045228,1.8404523,0.53045225,1.4604523,-0.16954774,2.4104524,1.6304523,1.6704522,1.1204523,1.3604523,0.6804523,0.77045226,0.9304523,0.21045227,2.0504522,1.2404523,0.08045227,-0.9995477,-1.6695477,-1.4395478,-1.9795477,-1.9195477,-2.0995476,-2.3295476,-1.8295478,-2.6095476,-2.1995478,-1.5395477,-2.6995478,-1.4695477,-0.8695477
2.3704522,2.2104523,2.1004522,1.3804523,0.95045227,1.1004523,0.84045225,1.2204523,1.0204523,1.1604522,0.18045227,0.31045228,1.6304523,1.7504523,0.42045227,4.230452,2.5004523,2.2004523,0.27045226,2.0804522,1.6004523,1.8404523,1.8704523,1.8804523,1.6904522,0.85045224,0.24045227,0.83045226,0.05045227,-0.06954773,-0.18954773,-0.9995477,-1.2595477,-1.5695478,-1.3295478,-1.8195478,-1.7295477,-1.7995477,-1.8795477,-1.1495477,-0.29954773
0.95045227,2.4604523,1.2604523,2.2304523,2.5904522,1.7004523,2.6704524,2.1804523,2.7204523,1.0404522,0.34045228,1.1904522,1.1504523,1.1204523,3.4404523,3.6004522,3.2704523,2.3504522,2.3404522,2.7104523,2.1104522,1.7904522,1.3304523,1.2904522,1.1304523,1.1004523,1.0204523,1.4004523,1.3404523,1.1504523,1.6404523,0.65045226,0.65045226,0.5604523,0.38045228,0.43045226,-0.48954773,-0.5595477,-0.06954773,-0.35954773,-0.39954773
