wind_kz.json
[{"header":{"discipline":0,"disciplineName":"Meteorological products","gribEdition":2,"gribLength":871,"center":7,"centerName":"US National Weather Service - NCEP(WMC)","subcenter":0,"refTime":"2023-10-04T12:00:00.000Z","significanceOfRT":1,"significanceOfRTName":"Start of forecast","productStatus":0,"productStatusName":"Operational products","productType":1,"productTypeName":"Forecast products","productDefinitionTemplate":0,"productDefinitionTemplateName":"Analysis/forecast at horizontal level/layer at a point in time","parameterCategory":0,"parameterCategoryName":"UnknownDiscipline_0_Category_0","parameterNumber":0,"parameterNumberName":"UnknownParameter_D0_C0_0","parameterUnit":"Unknown","genProcessType":2,"genProcessTypeName":"Forecast","forecastTime":300,"surface1Type":1,"surface1TypeName":"Ground or water surface","surface1Value":0.0,"surface2Type":255,"surface2TypeName":"Missing","surface2Value":0.0,"gridDefinitionTemplate":0,"gridDefinitionTemplateName":"Latitude_Longitude","numberPoints":615,"shape":6,"shapeName":"Earth spherical with radius of 6,371,229.0 m","gridUnits":"degrees","resolution":48,"winds":"true","scanMode":64,"nx":41,"ny":15,"basicAngle":0,"lo1":47.0,"la1":41.0,"lo2":87.0,"la2":55.0,"dx":1.0,"dy":1.0},"data":[287.1,280.5,286.5,292.4,292.5,291.2,289.4,288.8,286.7,285.8,283.7,284.6,284.7,284.1,283.9,282.2,282.9,283.4,282.8,283.4,283.8,283.5,282.9,278.6,284.6,285.5,283.3,270.7,268.7,269.6,270.2,266.7,277.6,282.1,283.0,284.1,282.8,282.9,283.9,284.1,282.5,270.4,284.4,292.2,292.1,292.2,290.4,287.0,286.9,284.3,284.0,284.1,283.5,283.4,282.9,282.7,282.6,280.2,281.5,281.2,281.1,282.1,282.3,281.8,277.5,271.4,271.0,277.7,272.0,270.8,267.6,272.5,269.9,271.6,255.3,260.0,279.6,278.3,280.4,282.2,276.9,283.2,284.3,291.6,291.7,291.3,289.8,287.0,285.9,284.3,283.6,283.1,282.3,282.7,282.0,282.3,282.7,280.8,280.6,279.6,279.7,281.0,282.4,279.0,284.5,280.1,281.1,281.5,283.2,282.5,281.3,276.0,270.2,270.5,274.5,274.7,276.3,276.6,269.5,268.1,268.5,262.7,259.4,288.9,290.3,291.2,290.5,288.7,286.2,285.1,284.2,283.8,282.7,282.5,282.0,288.3,287.8,281.6,280.9,282.1,280.4,281.2,281.7,283.1,279.7,283.0,283.1,283.4,283.8,284.3,281.5,282.0,285.0,285.8,282.2,285.3,285.9,284.4,281.1,269.7,265.0,271.7,278.2,281.4,288.3,289.7,289.9,289.2,287.6,285.9,285.7,285.0,284.3,283.4,282.8,281.2,287.2,286.0,284.7,282.9,283.7,283.8,283.0,284.2,283.8,283.4,283.3,283.5,284.4,283.6,285.4,286.0,286.0,285.4,285.3,283.7,270.7,267.3,275.3,281.0,286.6,286.0,285.3,285.4,285.1,286.6,285.8,287.7,288.0,288.3,287.8,285.3,286.0,284.4,284.6,284.6,284.0,286.4,286.7,285.3,284.3,285.5,284.8,284.8,284.9,284.3,283.6,283.3,282.4,282.3,281.8,284.6,285.2,283.0,283.0,282.3,281.9,282.4,281.6,280.5,284.1,275.2,277.0,282.1,283.6,284.1,285.1,285.4,286.5,286.2,286.0,285.4,285.6,285.2,285.5,285.1,283.6,283.6,284.3,284.9,284.8,285.7,285.1,285.1,284.5,283.6,282.8,283.2,284.5,281.6,279.6,279.3,279.8,280.3,282.2,279.8,280.3,279.1,279.2,278.9,281.6,279.9,277.0,274.6,272.7,274.2,280.3,285.4,285.0,286.2,286.4,286.4,286.0,285.4,284.3,282.9,282.8,282.7,283.2,284.2,285.1,285.2,285.0,284.7,284.1,283.7,281.6,279.9,278.8,278.5,278.0,277.0,274.6,274.2,274.8,274.0,275.6,276.5,274.9,275.2,273.1,273.5,275.7,278.0,283.8,281.2,281.2,278.6,284.8,284.5,284.9,284.4,285.3,284.9,284.3,283.8,282.7,281.9,281.9,282.6,283.2,284.1,283.3,283.2,282.3,281.8,280.8,279.6,276.8,275.3,275.1,274.9,273.9,274.3,272.5,271.6,270.9,270.1,270.4,271.7,273.3,273.9,274.4,273.8,275.6,275.0,269.6,270.8,270.1,285.2,285.3,284.9,284.7,284.9,284.5,284.1,283.5,283.3,282.8,282.2,282.1,283.4,282.7,281.9,281.2,280.5,279.7,278.8,277.6,275.5,274.6,274.8,274.3,274.0,272.9,272.8,272.4,271.5,271.4,271.4,273.3,274.8,275.1,274.6,274.2,273.9,271.7,272.2,272.1,270.6,284.3,284.4,284.4,283.5,284.2,283.9,284.4,284.4,284.1,283.5,283.3,283.2,283.2,281.8,280.6,279.9,278.9,277.9,277.3,275.8,275.1,274.2,273.5,273.2,272.8,272.3,270.6,272.3,272.7,273.7,274.0,274.3,273.8,273.9,274.2,273.0,270.0,268.5,270.0,269.4,267.3,283.1,284.2,284.4,284.1,284.0,283.6,283.1,283.6,284.3,284.1,282.4,282.1,282.1,280.4,279.3,278.6,279.4,278.6,275.6,274.8,274.0,273.0,272.3,272.2,271.6,272.1,271.9,272.7,273.0,273.6,273.3,273.5,273.7,272.4,272.7,273.1,273.1,272.9,273.5,273.8,274.2,283.1,283.4,284.1,284.0,284.4,284.0,283.1,282.9,283.0,283.4,281.8,280.5,280.7,278.8,278.4,278.0,276.9,277.9,277.3,274.0,273.4,271.5,271.0,271.0,271.0,271.7,273.2,272.8,272.9,272.9,273.1,273.2,273.0,272.9,272.5,272.3,272.1,273.1,272.1,272.5,273.1,283.2,283.5,283.3,284.4,283.0,283.2,282.5,282.6,283.1,282.8,282.4,279.6,279.5,279.3,278.5,278.9,278.3,277.2,276.4,274.7,273.0,272.3,272.0,271.3,271.7,271.6,271.5,271.7,271.7,272.2,272.7,272.7,271.9,271.3,271.8,271.7,272.1,271.8,271.8,270.7,271.4,283.8,284.5,283.0,284.5,283.6,283.4,283.8,283.1,282.6,282.1,283.2,281.6,281.4,278.6,278.1,277.4,277.6,276.6,276.3,275.1,272.5,272.0,271.5,271.5,271.3,271.2,270.2,271.0,271.1,271.3,271.7,276.2,271.4,271.6,271.5,271.5,271.0,270.9,271.3,271.7,271.4]},{"header":{"discipline":0,"disciplineName":"Meteorological products","gribEdition":2,"gribLength":1102,"center":7,"centerName":"US National Weather Service - NCEP(WMC)","subcenter":0,"refTime":"2023-10-04T12:00:00.000Z","significanceOfRT":1,"significanceOfRTName":"Start of forecast","productStatus":0,"productStatusName":"Operational products","productType":1,"productTypeName":"Forecast products","productDefinitionTemplate":0,"productDefinitionTemplateName":"Analysis/forecast at horizontal level/layer at a point in time","parameterCategory":2,"parameterCategoryName":"UnknownDiscipline_0_Category_2","parameterNumber":2,"parameterNumberName":"UnknownParameter_D0_C2_2","parameterUnit":"Unknown","genProcessType":2,"genProcessTypeName":"Forecast","forecastTime":300,"surface1Type":103,"surface1TypeName":"Specified height level above ground","surface1Value":10.0,"surface2Type":255,"surface2TypeName":"Missing","surface2Value":0.0,"gridDefinitionTemplate":0,"gridDefinitionTemplateName":"Latitude_Longitude","numberPoints":615,"shape":6,"shapeName":"Earth spherical with radius of 6,371,229.0 m","gridUnits":"degrees","resolution":48,"winds":"true","scanMode":64,"nx":41,"ny":15,"basicAngle":0,"lo1":47.0,"la1":41.0,"lo2":87.0,"la2":55.0,"dx":1.0,"dy":1.0},"data":[0.024685059,-0.19531494,2.394685,-2.575315,-5.865315,-8.105315,-7.155315,-7.8353148,-8.905315,-4.365315,-4.865315,-4.435315,-4.455315,-4.285315,-3.875315,-3.775315,-2.695315,-2.915315,-3.905315,-3.055315,-0.45531493,0.51468503,1.524685,-0.33531493,-0.85531497,-1.845315,-1.6753149,1.244685,1.414685,1.6846851,1.764685,2.724685,2.134685,0.80468506,0.50468504,1.4546851,2.5046852,3.304685,3.834685,3.614685,2.884685,2.464685,0.6646851,-7.295315,-8.275315,-8.435315,-8.515315,-5.215315,-8.565315,-5.555315,-4.985315,-4.165315,-4.785315,-3.9753149,-3.065315,-2.7053149,-3.4953148,-2.155315,-3.345315,-1.955315,-1.4353149,0.37468505,-0.06531494,-0.51531494,-1.7753149,1.044685,1.3546851,0.87468505,3.9946852,0.60468507,1.6946851,0.05468506,1.1846851,2.0246851,-0.9653149,0.42468506,-0.17531495,-0.45531493,0.7846851,-0.45531493,3.724685,3.594685,-0.44531494,-7.715315,-8.265315,-9.905315,-9.205315,-7.205315,-6.655315,-4.385315,-6.295315,-4.495315,-3.935315,-4.275315,-3.345315,-3.035315,-2.9953148,-2.945315,-3.2353148,-1.475315,-0.61531496,-0.015314941,0.82468504,0.67468506,-4.065315,-3.125315,1.374685,2.394685,3.384685,3.0446851,0.70468503,0.74468505,1.4346851,2.644685,0.94468504,0.76468503,-0.06531494,0.04468506,-0.73531497,0.28468505,-0.68531495,3.2946851,3.7646852,-5.145315,-9.395315,-10.305315,-9.335315,-7.215315,-6.115315,-3.515315,-5.135315,-3.935315,-3.875315,-3.5053148,-3.115315,-2.575315,-2.2253149,-1.6953149,-1.3053149,-1.0453149,-0.79531497,0.07468506,-0.025314942,0.41468507,-2.065315,3.374685,2.5146852,3.624685,3.934685,4.294685,1.1846851,6.794685,7.654685,6.584685,4.174685,4.274685,6.6446853,-1.6553149,-1.6553149,-1.2653149,3.0146852,2.184685,0.88468504,1.374685,-6.945315,-8.975315,-8.5753145,-7.795315,-6.015315,-4.795315,-4.305315,-3.165315,-3.675315,-2.845315,-2.635315,-1.4053149,0.23468506,0.63468504,0.49468505,0.19468506,0.07468506,0.08468506,0.16468506,-0.24531494,-0.57531494,-1.1953149,-1.355315,-0.99531496,-0.15531494,0.45468506,0.14468506,2.404685,3.7946851,5.604685,7.244685,4.234685,-0.70531493,3.814685,2.624685,0.10468506,2.154685,-2.895315,-3.825315,-1.705315,0.40468505,-5.8753147,-4.8753147,-7.225315,-6.995315,-6.415315,-6.295315,-4.415315,-3.635315,-2.625315,-2.075315,-2.435315,-1.8153149,-0.39531493,-0.50531495,-1.475315,-0.81531495,-0.8453149,-1.715315,-1.8053149,-1.2653149,-2.7253149,-2.2453148,-1.835315,-1.2853149,-0.81531495,0.6646851,1.114685,-1.3953149,-0.36531493,-1.0353149,-1.3153149,-5.155315,6.324685,12.394685,8.124685,-2.585315,1.924685,2.454685,10.804685,1.754685,0.48468506,-4.965315,-4.915315,-4.885315,-4.645315,-4.905315,-3.925315,-3.575315,-3.285315,-2.9953148,-2.265315,-1.7953149,-1.8053149,-1.6853149,-1.875315,-2.545315,-3.025315,-2.925315,-2.5053148,-2.185315,-2.575315,-3.2453148,-4.1253147,-4.535315,-2.305315,-2.625315,-1.5653149,-1.2953149,0.07468506,-0.44531494,0.11468506,-1.9453149,-1.7753149,-0.06531494,-0.35531494,5.214685,5.764685,0.19468506,2.184685,4.074685,-0.99531496,-1.5653149,-3.765315,-3.925315,-3.525315,-3.4553149,-3.115315,-2.795315,-2.335315,-1.9053149,-1.0253149,-1.6753149,-1.6853149,-1.4053149,-2.365315,-3.565315,-3.265315,-3.535315,-2.9753149,-2.665315,-2.415315,-3.195315,-4.715315,-3.385315,-3.375315,-3.775315,-4.065315,-2.355315,-1.9153149,-1.6753149,-1.5553149,-0.9653149,-1.855315,-0.54531497,-1.0453149,-1.705315,-0.015314941,4.014685,7.454685,11.204685,2.374685,-0.69531494,-1.1553149,-2.145315,-1.7953149,-1.745315,-1.5553149,-1.005315,-0.86531496,-0.47531494,0.20468506,-0.43531495,0.05468506,-0.5853149,-1.485315,-2.575315,-3.315315,-3.635315,-3.4553149,-3.2153149,-3.095315,-3.815315,-4.145315,-4.715315,-3.595315,-3.035315,-2.875315,-2.615315,-1.9453149,-1.985315,-1.5353149,-0.76531494,-0.38531494,-0.50531495,-0.50531495,0.80468506,1.004685,0.9746851,2.874685,2.844685,1.134685,-1.3153149,0.12468506,0.8446851,-0.85531497,-0.35531494,-0.22531494,-0.20531493,0.31468505,0.7146851,0.49468505,1.004685,0.88468504,1.144685,0.99468505,-0.7153149,-1.965315,-2.575315,-3.155315,-3.415315,-3.375315,-3.155315,-3.4653149,-3.4753149,-4.0853148,-3.085315,-2.285315,-1.9053149,-1.8153149,-1.1853149,-1.3053149,-0.73531497,-0.24531494,0.18468505,0.87468505,1.644685,1.9846851,2.094685,1.4346851,3.464685,2.914685,1.754685,-0.12531494,0.63468504,0.9646851,0.57468504,0.73468506,0.45468506,0.82468504,1.5746851,1.034685,1.794685,1.8146851,1.3246851,1.164685,1.0846851,0.81468505,-1.335315,-2.075315,-2.555315,-2.075315,-2.4853148,-2.4853148,-3.2153149,-3.315315,-3.025315,-2.825315,-2.135315,-1.5253149,-0.88531494,-0.22531494,0.29468507,0.73468506,1.414685,2.394685,2.074685,1.9446851,1.3546851,1.174685,0.74468505,-0.06531494,-1.075315,-0.21531494,1.044685,0.22468506,-0.10531494,0.87468505,1.614685,1.7146851,1.414685,1.914685,1.7346851,1.124685,1.394685,1.4746851,0.28468505,-0.5353149,0.12468506,-1.075315,-1.0353149,-0.7753149,-0.7153149,-1.205315,-1.9053149,-2.065315,-1.9453149,-2.165315,-2.115315,-1.455315,-1.205315,-0.56531495,0.7746851,0.63468504,1.514685,1.654685,1.524685,1.4646851,1.114685,0.80468506,0.41468507,0.024685059,-0.41531494,-0.9153149,0.18468505,0.7146851,0.76468503,0.7746851,1.7246851,1.8246851,1.664685,1.7046851,1.7146851,1.034685,1.4746851,1.4646851,1.914685,-0.0053149415,0.11468506,0.82468504,0.33468506,0.5246851,0.23468506,-0.46531495,-0.64531493,-0.62531495,-0.93531495,-0.70531493,-0.87531495,-0.26531494,0.50468504,0.13468505,1.4746851,0.9646851,1.1946851,0.5346851,0.48468506,0.99468505,1.144685,1.044685,0.69468504,0.46468505,0.34468505,0.29468507,0.38468507,0.38468507,-0.21531494,0.15468507,0.33468506,2.5246851,2.0146852,1.254685,2.614685,1.244685,1.9746851,1.924685,2.124685,1.884685,0.64468503,0.20468506,0.31468505,1.0546851,2.054685,0.94468504,0.60468507,0.24468505,0.07468506,-0.20531493,0.23468506,0.38468507,0.36468506,1.2346851,0.21468505,0.18468505,0.63468504,0.49468505,0.37468505,0.64468503,0.50468504,1.0746851,0.06468506,0.48468506,0.5846851,0.63468504,0.36468506,-0.10531494,0.19468506,-0.085314944,0.014685059,1.524685,1.894685,3.064685,2.9946852,2.894685,3.0146852,2.9946852,4.634685,2.834685,2.704685,0.5846851,0.44468507,1.3446851,1.2246851,0.74468505,1.4446851,0.87468505,0.27468506,0.41468507,0.5346851,0.8346851,0.9746851,1.004685,0.87468505,0.7846851,0.42468506,0.6646851,0.56468505,0.5946851,0.50468504,0.87468505,0.9146851,0.13468505,0.89468503,0.62468505,0.60468507,0.8446851,0.34468505,0.80468506,1.124685,0.54468507,0.14468506]},{"header":{"discipline":0,"disciplineName":"Meteorological products","gribEdition":2,"gribLength":1025,"center":7,"centerName":"US National Weather Service - NCEP(WMC)","subcenter":0,"refTime":"2023-10-04T12:00:00.000Z","significanceOfRT":1,"significanceOfRTName":"Start of forecast","productStatus":0,"productStatusName":"Operational products","productType":1,"productTypeName":"Forecast products","productDefinitionTemplate":0,"productDefinitionTemplateName":"Analysis/forecast at horizontal level/layer at a point in time","parameterCategory":2,"parameterCategoryName":"UnknownDiscipline_0_Category_2","parameterNumber":3,"parameterNumberName":"UnknownParameter_D0_C2_3","parameterUnit":"Unknown","genProcessType":2,"genProcessTypeName":"Forecast","forecastTime":300,"surface1Type":103,"surface1TypeName":"Specified height level above ground","surface1Value":10.0,"surface2Type":255,"surface2TypeName":"Missing","surface2Value":0.0,"gridDefinitionTemplate":0,"gridDefinitionTemplateName":"Latitude_Longitude","numberPoints":615,"shape":6,"shapeName":"Earth spherical with radius of 6,371,229.0 m","gridUnits":"degrees","resolution":48,"winds":"true","scanMode":64,"nx":41,"ny":15,"basicAngle":0,"lo1":47.0,"la1":41.0,"lo2":87.0,"la2":55.0,"dx":1.0,"dy":1.0},"data":[-1.5680591,-1.3080591,4.151941,5.7919407,3.471941,2.191941,1.0619409,0.97194093,0.23194093,0.0019409179,-0.7680591,-0.48805907,-1.358059,-1.998059,-2.458059,-3.028059,-3.6380591,-2.038059,-3.258059,-2.048059,-2.518059,-3.1280591,-0.6680591,-0.09805908,-1.1980591,-0.45805907,-0.23805909,2.1519408,1.141941,-2.068059,-3.0780592,-5.128059,1.1019409,-0.7580591,2.061941,2.6119409,2.331941,2.231941,1.6719409,1.7819409,0.12194092,4.7919407,1.401941,6.861941,6.951941,5.581941,3.971941,-0.8780591,2.511941,1.261941,0.78194094,-0.5780591,-1.3380591,-1.878059,-1.9480591,-3.6280591,-2.928059,-1.2180591,-2.508059,-4.358059,-4.178059,-4.188059,-3.0780592,-0.9280591,0.52194095,-1.7680591,-0.8680591,-1.9180591,1.2819409,-0.09805908,0.6419409,1.5319409,1.0719409,-1.9380591,-4.588059,-5.418059,-1.618059,-2.0980592,-4.028059,-2.978059,0.48194093,-1.488059,1.501941,6.0019407,5.821941,5.881941,4.701941,2.321941,1.3119409,0.52194095,1.6919409,1.0619409,0.07194092,-0.4380591,-1.1380591,-1.4180591,-2.208059,-2.438059,-2.228059,-2.818059,-3.3880591,-4.468059,-4.938059,0.15194091,-3.498059,-1.4180591,0.41194093,0.77194095,1.151941,1.1919409,1.241941,3.771941,-1.0580591,0.24194092,0.6719409,-1.9280591,-0.5480591,0.96194094,-1.5180591,-0.8680591,1.141941,0.23194093,0.48194093,1.901941,5.161941,5.721941,5.201941,1.901941,2.971941,2.511941,2.1519408,2.6019409,1.771941,0.8319409,0.08194092,-0.6780591,-1.6980591,-1.988059,-2.488059,-3.1480591,-2.948059,-3.518059,-4.028059,-3.8780591,-2.1480591,-1.4080591,-1.348059,-0.7080591,-0.13805908,-0.16805908,1.371941,1.9219409,0.20194092,-2.198059,-3.6180592,-1.0180591,2.561941,-0.5480591,-0.048059084,4.571941,5.091941,5.451941,0.8819409,-0.71805906,1.9619409,3.8419409,4.601941,3.011941,2.201941,2.331941,2.751941,2.311941,2.8919408,2.1319408,1.371941,-0.15805908,-0.96805906,-2.8780591,-2.8280592,-2.8980591,-3.198059,-3.308059,-3.318059,-3.728059,-3.298059,-2.728059,-3.428059,-3.678059,-3.568059,-3.8880591,-4.758059,-6.4980593,-4.718059,-1.8980591,1.511941,4.851941,4.621941,3.3719409,0.5519409,-1.1580591,-3.3280592,0.38194093,-1.748059,-2.6280591,-3.318059,0.4619409,0.7619409,2.6419408,3.001941,3.331941,3.231941,2.511941,2.3619409,1.6619409,2.221941,0.41194093,-1.5680591,-3.738059,-3.1080592,-3.208059,-3.048059,-3.508059,-3.3280592,-3.5780592,-3.0780592,-3.018059,-2.938059,-3.538059,-3.688059,-4.7080593,-4.9780593,-5.658059,-8.328059,-6.378059,-8.048059,-8.568059,-10.728059,-2.538059,7.341941,5.691941,-0.9180591,0.9819409,-3.708059,-4.898059,-1.758059,-1.228059,0.9319409,1.0819409,1.501941,2.1119409,2.531941,2.531941,2.831941,2.3419409,1.4319409,0.6719409,-0.9380591,-1.2980591,-2.3980591,-2.718059,-2.018059,-2.5980592,-2.8380592,-3.218059,-3.8280592,-3.0780592,-3.778059,-4.648059,-5.828059,-5.318059,-5.568059,-6.378059,-8.428059,-9.638059,-7.488059,-8.368059,-9.5080595,-10.378059,-10.7580595,-11.798059,-0.22805908,1.8019409,3.1319408,3.1219409,-0.14805909,0.20194092,-1.7980591,1.771941,2.1119409,2.551941,2.531941,2.831941,2.751941,2.581941,2.3919408,1.991941,0.7319409,0.24194092,-0.6980591,-1.4680591,-0.9280591,-2.0780592,-1.488059,-2.728059,-2.8380592,-3.448059,-2.538059,-2.728059,-3.6280591,-4.808059,-5.548059,-6.088059,-6.088059,-7.008059,-8.0080595,-8.598059,-8.46806,-9.618059,-9.618059,-10.148059,-10.888059,-6.838059,-5.138059,-5.148059,-2.8580592,2.8919408,1.7819409,-0.83805907,3.011941,3.451941,3.1519408,3.051941,3.1619408,2.8719409,3.181941,3.011941,2.291941,1.4219409,0.6919409,-0.048059084,0.24194092,0.4619409,-0.36805907,-2.308059,-2.6580591,-3.008059,-3.218059,-2.678059,-0.5180591,-2.718059,-4.278059,-4.008059,-4.468059,-5.038059,-4.4980593,-5.808059,-6.288059,-7.698059,-9.118059,-9.378059,-9.318059,-8.518059,-8.168059,-7.448059,-5.538059,-3.498059,3.951941,3.711941,2.991941,3.3419409,3.1619408,3.3619409,3.431941,3.311941,2.981941,2.681941,2.301941,2.1719408,1.521941,1.011941,1.7319409,3.001941,1.991941,1.4419409,-0.06805908,-1.128059,-1.5580591,-1.348059,-0.83805907,-0.9480591,-1.228059,-2.198059,-2.8580592,-3.438059,-3.8480592,-3.6180592,-4.508059,-5.408059,-5.648059,-6.558059,-7.028059,-7.368059,-7.798059,-6.4580593,-7.578059,-2.4080591,-0.9880591,-2.1580591,0.9219409,1.8619409,3.221941,3.211941,3.311941,2.561941,2.541941,2.6219409,2.6019409,2.491941,1.9719409,1.4119409,1.8119409,2.581941,3.9019408,3.6219409,1.991941,2.001941,1.251941,0.4719409,0.33194092,0.30194092,0.0019409179,-0.6780591,-1.598059,-2.218059,-2.498059,-2.8380592,-2.1280591,-4.078059,-3.9080591,-4.438059,-4.9980593,-5.588059,-6.008059,-5.798059,-6.438059,-6.598059,-5.808059,-2.418059,-2.538059,-2.4080591,-2.6180592,2.431941,2.961941,3.1019409,3.331941,2.951941,2.6119409,2.071941,2.1619408,1.8119409,2.191941,2.041941,2.251941,3.311941,3.991941,3.8519409,3.541941,3.3819408,2.511941,1.9119409,1.891941,1.8119409,0.6419409,-0.7580591,-1.5380591,-2.238059,-2.808059,-2.488059,-3.1280591,-3.3580592,-4.328059,-3.5980592,-4.698059,-4.368059,-4.898059,-4.438059,-4.948059,-4.078059,-2.4080591,-2.258059,-0.48805907,-0.7980591,2.4219408,2.791941,3.541941,3.0919409,3.1519408,2.001941,2.3719409,2.751941,3.431941,2.6419408,1.9419409,2.3519409,4.071941,4.211941,4.421941,4.091941,3.581941,4.071941,3.501941,2.701941,2.741941,2.1019409,1.1619409,0.18194091,-1.6680591,-2.1380591,-2.6180592,-3.228059,-3.218059,-3.418059,-3.8480592,-4.068059,-4.348059,-4.568059,-3.8680592,-3.918059,-3.928059,-2.458059,-3.298059,-3.3980591,-2.178059,2.831941,3.1519408,3.031941,3.711941,3.1019409,3.481941,3.281941,3.5919409,3.281941,3.781941,2.781941,1.4119409,2.981941,5.131941,5.611941,5.711941,5.361941,4.991941,4.111941,3.4119408,3.1219409,2.9219408,2.061941,1.391941,-0.16805908,-1.4380591,-2.258059,-2.3680592,-2.5880592,-2.818059,-3.178059,-3.008059,-3.3480592,-3.248059,-3.438059,-3.948059,-3.418059,-2.698059,-2.538059,-2.448059,-3.308059,2.3719409,2.8919408,3.531941,3.5919409,4.111941,4.111941,4.5019407,4.601941,3.801941,3.681941,3.4219408,3.771941,3.491941,2.6119409,6.681941,6.5219407,6.351941,5.691941,4.831941,4.341941,3.4019408,3.251941,2.9019408,2.3519409,1.6919409,0.27194092,-1.0780591,-1.6780591,-1.9580591,-2.3680592,-2.6280591,-3.8780591,-2.308059,-2.538059,-2.6280591,-2.708059,-2.508059,-2.8780591,-2.8680592,-2.8780591,-1.4480591]}]