wind_kz.json
{"header": {"discipline":0,"disciplineName":"Meteorological products","gribEdition":2,"gribLength":1025,"center":7,"centerName":"US National Weather Service - NCEP(WMC)","subcenter":0,"refTime":"2023-09-20T18:00:00.000Z","significanceOfRT":1,"significanceOfRTName":"Start of forecast","productStatus":0,"productStatusName":"Operational products","productType":1,"productTypeName":"Forecast products","productDefinitionTemplate":0,"productDefinitionTemplateName":"Analysis/forecast at horizontal level/layer at a point in time","parameterCategory":2,"parameterCategoryName":"UnknownDiscipline_0_Category_2","parameterNumber":3,"parameterNumberName":"UnknownParameter_D0_C2_3","parameterUnit":"Unknown","genProcessType":2,"genProcessTypeName":"Forecast","forecastTime":300,"surface1Type":103,"surface1TypeName":"Specified height level above ground","surface1Value":10.0,"surface2Type":255,"surface2TypeName":"Missing","surface2Value":0.0,"gridDefinitionTemplate":0,"gridDefinitionTemplateName":"Latitude_Longitude","numberPoints":615,"shape":6,"shapeName":"Earth spherical with radius of 6,371,229.0 m","gridUnits":"degrees","resolution":48,"winds":"true","scanMode":64,"nx":41,"ny":15,"basicAngle":0,"lo1":47.0,"la1":41.0,"lo2":87.0,"la2":55.0,"dx":1.0,"dy":1.0}, "data":
[rows 0 to 14 of 15, columns 0 to 40 of 41]
-2.6152613,1.6347388,-1.7352612,-2.325261,-0.23526123,1.3447387,2.2347388,2.1347387,2.2447388,3.8647387,4.614739,4.214739,3.6547387,2.4747388,1.6647388,0.54473877,1.3347387,0.69473875,1.1047387,0.19473878,-0.9652612,-0.94526124,2.1547387,1.2747388,1.5647388,1.3947388,0.45473877,0.98473877,-0.26526123,0.8447388,1.8047388,1.5847387,-0.50526124,-0.02526123,0.81473875,0.27473876,-1.1752613,-0.09526123,1.9747387,1.7547388,1.4147388
3.3547387,-0.88526124,-3.2352612,-1.6752613,0.06473877,4.4947386,2.7847388,2.3247387,4.5847387,5.234739,4.054739,2.7347388,2.4047387,2.3147388,0.44473878,0.26473877,0.26473877,0.0047387695,-0.19526123,-1.4552612,-0.5952612,2.2147388,3.0747387,1.8047388,2.9847388,3.2547388,2.7847388,1.5947387,-0.29526123,2.2347388,-0.01526123,1.3347387,1.2647388,0.25473878,1.7747388,3.1847389,1.5247388,2.8547387,1.8147388,1.8147388,1.6047387
-2.6952612,-4.495261,-3.3452613,-0.9652612,2.1547387,4.634739,4.074739,5.424739,7.2447386,5.2647386,3.7347388,2.924739,1.9347388,2.0447388,1.1247388,-0.6452612,-1.0452613,-1.2352612,-0.95526123,-1.4252613,-0.55526125,0.014738769,0.98473877,1.0347388,-1.3052613,-2.5152612,-1.9652612,-2.0652611,-1.0852612,-2.4452612,-0.5852612,1.2647388,-1.8152612,0.47473878,0.86473876,-2.0052612,-2.325261,2.5247388,-1.3652612,1.8447387,0.74473876
-2.2452612,-3.2552612,-0.51526123,1.3647388,2.6847389,5.544739,6.3547387,6.484739,5.344739,4.114739,2.8547387,2.2447388,1.7747388,1.6347388,0.69473875,-0.33526123,-1.7352612,-2.7952611,-3.1752613,-2.1652613,-0.68526125,2.9447389,-1.1352612,0.23473877,-0.35526124,0.5347388,0.5347388,0.82473874,-2.1952612,-2.5052612,0.48473877,0.9647388,1.4547387,0.23473877,1.1547388,2.0647388,3.8547387,2.8647387,-2.9452612,-2.3552613,-1.3852612
-2.1252613,-2.7552612,1.1147388,0.49473876,1.4747387,2.7347388,0.14473876,3.3647387,3.4447389,2.7647388,2.7947388,2.0847387,2.1947389,0.80473876,0.02473877,-1.0252613,-2.4752612,-3.4552612,-4.0252614,-3.4252613,-1.7152612,0.05473877,0.86473876,1.5047388,2.6947389,2.5747387,0.9747388,-0.37526122,-0.22526123,-1.4852612,-1.8452612,-0.88526124,2.5047388,0.38473877,0.88473874,1.0447388,1.5247388,-0.055261232,-1.8452612,-1.3052613,1.2847388
-1.3352612,-0.01526123,-2.7152612,-2.0652611,-0.49526122,0.14473876,1.3947388,1.7347388,2.4047387,2.674739,1.6447388,2.3447387,1.5747387,0.74473876,-0.74526125,-0.9752612,-2.5052612,-3.0152612,-4.655261,-3.325261,-2.5352612,-1.5752612,1.6647388,2.9647388,1.9247388,1.4847388,1.2047387,0.63473874,0.31473878,-0.47526124,-1.5552613,-1.5852612,-1.4552612,-1.1852612,-2.1052613,-2.2752612,-3.1752613,-2.5552611,2.6947389,-0.28526124,1.1847388
-0.7852612,-0.5452612,0.23473877,-0.19526123,-0.12526123,1.0447388,1.6747388,2.3147388,2.2647388,2.0747387,1.8347387,1.7747388,0.56473875,0.02473877,-0.70526123,-1.4652612,-1.0852612,-1.8852612,-3.825261,-3.1652613,-2.5452611,-1.8952613,-0.67526126,-0.0052612303,0.7147388,0.18473877,0.73473877,0.9647388,2.1947389,1.1147388,0.43473876,1.3647388,-0.47526124,-0.30526122,1.1647388,3.2247388,2.1947389,3.924739,0.57473874,3.7947388,5.024739
-0.08526123,0.73473877,0.9047388,0.82473874,0.93473876,0.79473877,1.5947387,2.6247387,1.8747388,1.0347388,0.29473877,0.44473878,-0.95526123,-0.7252612,-2.1252613,-3.1652613,-2.6652613,-1.7552612,-1.8952613,-1.7152612,-1.6852612,-1.7052612,-1.4852612,-0.70526123,0.10473877,0.48473877,-0.55526125,0.34473878,1.4547387,2.1447387,1.5547388,1.3447387,0.5247388,1.3847388,1.2347388,-0.56526124,-0.7852612,2.2047389,0.30473876,2.5747387,3.7247388
1.0547388,0.62473875,-0.13526124,-0.02526123,0.13473877,0.46473876,1.3647388,1.6747388,1.4547387,0.23473877,-0.41526124,-1.2152612,-2.3552613,-1.7052612,-1.4452612,-2.6952612,-2.8552613,-3.1952612,-3.4652612,-2.8652613,0.02473877,-0.26526123,-0.80526125,-1.1852612,-0.94526124,0.75473875,0.9647388,0.18473877,-0.02526123,0.35473877,0.8547388,0.93473876,-0.34526122,0.56473875,0.44473878,3.6047387,2.9047387,1.6147388,3.6947389,2.9647388,0.8447388
-2.3552613,-3.0352612,-1.2152612,-0.14526123,0.26473877,0.7847388,1.1047387,1.1447388,1.1947387,1.1147388,1.2647388,-0.07526123,-2.8652613,-2.2452612,0.20473877,-1.2752613,-2.5452611,-3.7252612,-3.2352612,-3.4552612,-3.4352612,-3.5952613,-3.1552613,-1.9152613,-1.2752613,-0.50526124,0.22473878,-0.80526125,-0.6452612,-0.17526123,-0.9652612,-0.86526126,-0.49526122,0.10473877,0.99473876,2.9847388,2.0047388,2.2947388,2.2847388,3.424739,3.2747388
-0.15526123,-3.0052612,-4.285261,-1.5152612,-1.9052613,-1.7652612,-2.0152612,-2.2552612,0.32473877,0.45473877,-0.35526124,-2.2452612,-3.4552612,-0.7352612,-1.0652612,-2.6152613,-3.825261,-5.3552613,-4.115261,-3.7452612,-4.6452613,-3.6152613,-4.265261,-4.445261,-4.575261,-4.9152613,-2.9152613,-5.175261,-5.1852612,-5.2752614,-5.695261,-4.475261,-2.7052612,-1.3252612,0.6647388,3.2047389,2.7747388,2.1647387,5.254739,2.5247388,1.2547388
0.6447388,1.5147388,1.6947387,-0.9052612,-1.3252612,-3.5152612,-3.3852613,-3.5452611,-2.1652613,-0.47526124,1.0147388,-1.5352613,-1.7652612,-2.0352612,-2.3352613,-3.0452611,-3.1952612,-3.7252612,-3.7352612,-4.535261,-3.7752612,-3.5552611,-3.4752612,-3.9952612,-4.385261,-4.5252614,-4.9152613,-5.595261,-5.6252613,-6.095261,-5.8752613,-5.675261,-4.035261,-4.2952614,-2.2252612,-0.9152612,0.41473877,-0.29526123,-0.9152612,-0.13526124,-0.46526122
1.7447388,0.98473877,-0.9652612,-0.08526123,-1.4152613,-1.1452613,-0.02526123,-1.3552612,-3.6652613,-2.9152613,0.43473876,0.15473877,-1.4152613,-1.2352612,-1.9452612,-2.8352613,-3.3952613,-3.1852612,-3.3052611,-3.6952612,-3.4552612,-3.2552612,-3.3052611,-4.0052614,-4.175261,-4.285261,-5.195261,-5.225261,-5.2752614,-5.495261,-5.8952613,-5.695261,-5.705261,-4.595261,-3.3952613,-3.3152611,-3.4752612,-2.1452613,1.7047387,1.9547387,2.1947389
-0.7352612,-1.4952612,-2.3552613,-0.24526124,-1.4952612,-1.1552613,-2.6752613,-1.6952612,-3.2252612,-3.3452613,-0.29526123,0.9147388,-0.8352612,-1.1652613,-1.5152612,-1.4052613,-1.3052613,-2.3752613,-2.1852612,-2.3952613,-2.8552613,-3.2152612,-3.5552611,-3.7152612,-4.015261,-4.205261,-4.865261,-5.535261,-4.955261,-5.7552614,-5.6852612,-5.6452613,-4.535261,-4.405261,-4.075261,-3.6452613,-3.0952613,-2.7252612,-2.3052611,-0.69526124,-0.46526122
-1.3752612,-1.2752613,-1.5052612,-0.8552612,-1.3752612,-1.7752613,-2.3552613,-2.9552612,-3.5052612,-3.4352612,-1.6152612,-2.0152612,1.2547388,0.26473877,-0.04526123,-1.1152612,-1.6152612,-2.0052612,-2.5852613,-2.5652611,-3.075261,-3.3552613,-3.7452612,-3.9252613,-4.3752613,-4.475261,-4.9152613,-4.7552614,-4.865261,-5.195261,-5.555261,-6.345261,-5.2352614,-4.4652615,-3.0152612,-3.0652611,-2.3852613,-2.4552612,-1.9452612,-1.6552613,-0.92526126
