wind_kz.json
{"header": {"discipline":0,"disciplineName":"Meteorological products","gribEdition":2,"gribLength":1025,"center":7,"centerName":"US National Weather Service - NCEP(WMC)","subcenter":0,"refTime":"2023-08-28T00:00:00.000Z","significanceOfRT":1,"significanceOfRTName":"Start of forecast","productStatus":0,"productStatusName":"Operational products","productType":1,"productTypeName":"Forecast products","productDefinitionTemplate":0,"productDefinitionTemplateName":"Analysis/forecast at horizontal level/layer at a point in time","parameterCategory":2,"parameterCategoryName":"UnknownDiscipline_0_Category_2","parameterNumber":2,"parameterNumberName":"UnknownParameter_D0_C2_2","parameterUnit":"Unknown","genProcessType":2,"genProcessTypeName":"Forecast","forecastTime":240,"surface1Type":103,"surface1TypeName":"Specified height level above ground","surface1Value":10.0,"surface2Type":255,"surface2TypeName":"Missing","surface2Value":0.0,"gridDefinitionTemplate":0,"gridDefinitionTemplateName":"Latitude_Longitude","numberPoints":615,"shape":6,"shapeName":"Earth spherical with radius of 6,371,229.0 m","gridUnits":"degrees","resolution":48,"winds":"true","scanMode":64,"nx":41,"ny":15,"basicAngle":0,"lo1":47.0,"la1":41.0,"lo2":87.0,"la2":55.0,"dx":1.0,"dy":1.0}, "data":
[rows 0 to 14 of 15, columns 0 to 40 of 41]
-1.4014306,-0.92143065,1.3885694,-0.07143066,-6.1714306,-7.4414306,-5.2414308,-4.6914306,-4.6314306,-2.4914308,-2.1314306,-3.1614306,-2.7514307,-2.3114307,-1.6914307,0.018569335,1.0085694,1.5385693,-1.4714307,-0.5614307,-1.5714307,0.43856934,0.70856935,-1.2514306,-0.6914307,-1.9614307,-1.6714307,-1.6014307,-0.23143066,-0.7614307,-1.4614307,1.4185693,0.088569336,1.3185693,0.46856934,-0.26143065,0.32856932,-0.7714307,-0.35143065,1.3485694,-0.28143066
2.3585694,0.8685693,-0.45143068,-4.7414308,-5.3014307,-4.8114305,-2.4914308,-3.1614306,-1.7314306,1.1785693,0.96856934,0.95856935,2.0885694,1.3585694,1.3985693,0.57856935,0.21856934,-0.7014307,0.56856936,0.58856934,1.9485693,-1.2314306,-0.62143064,-1.9614307,-0.23143066,0.38856933,-0.34143066,0.028569335,-1.4514307,-2.4114306,-0.091430664,-0.66143066,-0.30143067,-2.4814308,0.33856934,0.058569334,-1.2214307,-1.1514306,-0.20143066,0.8585693,0.17856933
-1.8614306,-4.9614305,-4.2414308,-5.681431,-5.2114305,-4.371431,-1.8014307,-0.60143065,0.78856933,2.4985693,3.5185692,4.028569,3.2885695,4.3285694,2.4085693,0.13856934,0.8685693,2.6585693,2.3685694,3.4085693,2.7785692,2.5285692,1.8185693,0.24856934,1.5985694,2.0985694,0.36856934,0.048569337,-1.0414307,-0.8214307,-1.7114307,2.1985693,-1.2114307,-1.2414306,0.32856932,-0.8814307,-1.2314306,0.41856933,-0.25143066,1.3385693,0.87856936
-4.8814306,-7.8214307,-8.181431,-7.3814306,-4.8014307,-2.5814307,0.57856935,-0.5214307,0.7985693,-0.6314307,-4.3414307,-6.431431,-6.431431,-7.2714305,-5.5514307,-2.3914306,-2.2214308,-1.7214307,-1.1614307,-0.86143064,2.9585693,1.6585693,-1.1214306,-2.6314306,-3.1014307,-2.7114305,-2.3114307,-4.3114305,-2.5714307,-1.4714307,-1.3514307,-5.721431,-3.5314307,-3.8914306,-3.1614306,-2.6214306,-1.7114307,1.3485694,1.0085694,-1.0014306,-2.1314306
-4.7114305,-6.5914307,-5.8014307,-5.0814304,-3.5614307,-1.9714307,-1.3014307,-3.8714306,-4.5214305,-4.891431,-4.7414308,-4.0614305,-4.221431,-2.8214307,-1.4614307,-1.9314307,-1.7814307,-0.8114307,-0.24143067,-0.14143066,-0.91143066,-4.621431,-2.8714306,-2.4014306,-2.9414306,-3.5514307,-4.0814304,-2.4514306,-2.9614305,-3.2714307,-3.7414308,-3.2714307,-2.8614306,-0.16143066,0.9985693,-1.6114306,-2.9914308,-3.4514306,-3.2914307,-3.4414306,-3.1414306
-3.9814308,-3.2214308,-3.1114306,-2.7414308,-1.7914307,-6.851431,-5.201431,-5.9414306,-5.2714305,-4.9414306,-3.0014307,-2.5914307,-0.85143065,-3.3314307,-1.9814306,2.2685692,0.22856933,1.1585693,-0.93143064,2.1085694,2.4185693,-1.5414307,-1.5614307,-2.3914306,-2.3514307,-3.3614306,-2.2114305,-4.181431,-2.7114305,-2.8314307,-3.4714308,-4.0714307,-4.4014306,-3.2314308,-1.5514307,-1.5614307,-0.10143066,-1.2814307,1.3885694,-1.3414307,0.52856934
-2.1114306,-0.29143065,-1.9414307,-4.1714306,-5.431431,-4.4814305,-5.0814304,-4.0714307,-3.6714306,-2.8514307,-2.2314308,-2.1114306,-1.2314306,-1.9914306,-0.45143068,0.6185693,1.1785693,1.7985693,0.9385693,1.3785694,1.0485693,-0.29143065,1.7685694,-0.31143066,3.0085692,0.64856935,0.70856935,-1.2614306,-1.2814307,-2.9414306,-3.2614307,-2.9514306,-2.5914307,-2.7414308,-2.0814307,-2.4214306,-1.2914307,2.2985694,-2.0514307,0.34856933,0.5585693
-4.2314305,-5.0214305,-3.7414308,-4.221431,-3.9114306,-3.7514307,-3.4714308,-3.3814306,-3.4114306,-3.4214306,-3.1714306,-2.9314306,-1.6014307,-1.4214307,-1.5914307,-1.6414306,0.20856933,0.70856935,0.56856936,-0.31143066,0.41856933,-3.0914307,-1.2714306,-0.14143066,0.9785693,0.59856933,1.1885693,1.2285694,-0.17143066,-0.74143064,-0.79143065,-1.5214306,-2.2814307,-1.4914306,-1.5814307,-0.67143065,-0.0014306641,-3.0514307,-2.6414306,-1.9314307,-1.8514307
-3.8514307,-3.2714307,-3.4214306,-3.3414307,-2.8814306,-3.0714307,-3.4014306,-3.8414307,-3.0314307,-3.1214306,-2.8014307,-1.5514307,-2.0214307,-1.5714307,-1.6014307,-2.8014307,-2.3614306,-3.2114305,-3.4214306,-3.2414308,-3.3714306,-0.47143066,0.42856935,0.84856933,0.19856934,-0.20143066,0.42856935,0.36856934,0.64856935,-0.73143065,0.018569335,-0.29143065,0.47856933,-0.5114307,-1.0014306,-1.2114307,-0.92143065,-2.4314306,-1.3014307,0.11856934,-1.2114307
-3.6314306,-3.1014307,-2.9714308,-2.5814307,-1.5714307,-1.7014307,-1.7914307,-3.9614305,-3.7414308,-3.7814307,-2.7214308,-3.0214307,-1.5614307,-1.6514306,-1.8714306,-1.5314307,-2.3914306,-2.5714307,-2.7914307,-3.7014306,-1.8314307,-1.8714306,-1.0614307,1.7685694,-0.7714307,-0.34143066,-0.17143066,-0.5214307,-0.60143065,-0.10143066,-0.8214307,-0.80143064,-1.1714307,-2.5314307,-2.0314307,-2.0314307,-2.3314307,-0.31143066,-2.0314307,0.06856933,-0.62143064
-3.0614307,-3.1214306,-2.9314306,-2.3614306,-2.2914307,-2.5714307,-3.4814308,-4.1914306,-4.4014306,-3.7114305,-2.9214306,-1.9014306,-1.3014307,-2.1514306,-1.9414307,-1.6814307,-1.9814306,-1.8714306,-3.5314307,-2.6814306,-3.7114305,-5.0014305,-4.931431,-5.5114307,-4.4914308,-4.3814306,-4.121431,-4.0214305,-3.1714306,-2.3114307,-3.6214306,-1.7714306,-3.0914307,-2.1714306,-2.7714307,-2.0814307,-1.6214306,-0.10143066,-1.0214306,0.9785693,-1.0714307
-1.7614306,-2.2114305,-2.0314307,-2.9814308,-2.7814307,-2.1514306,-2.8614306,-3.5014307,-3.1814306,-2.8514307,-1.9814306,-0.66143066,-1.6414306,-1.7114307,-0.86143064,-0.8814307,-0.99143064,-1.7414306,-3.3814306,-2.4914308,-3.8814306,-3.2914307,-5.2814307,-5.431431,-5.0914307,-4.4814305,-3.4914308,-3.0314307,-2.5414307,-3.8314307,-1.9214307,-0.78143066,-2.6514306,-3.8814306,-2.8814306,-3.2414308,-2.1814306,-0.96143067,-0.29143065,-0.68143064,-0.65143067
-1.6014307,-0.87143064,-1.7314306,-2.2914307,-2.4014306,-1.7914307,-2.6914306,-2.7814307,-2.7914307,-1.2314306,-0.93143064,-1.2914307,-0.30143067,-1.4214307,-0.5814307,-0.8314307,-1.4814306,-1.7714306,-0.8314307,-2.1214306,-2.4614305,-3.3914306,-2.5714307,-2.5914307,-1.6714307,-2.8314307,-3.0514307,-4.471431,-4.5314307,-4.221431,-3.7014306,-3.2014306,-3.6514306,-3.6914306,-2.9314306,-3.4614305,-3.1314306,-1.9414307,-2.9714308,-1.7614306,-1.0714307
-1.0814307,-0.7014307,-0.84143066,-2.0114307,-1.6414306,-2.2214308,-1.8814306,-2.3414307,-0.42143068,-1.2614306,-0.93143064,-0.87143064,0.5485693,0.058569334,-0.8114307,-1.3314307,-1.2314306,-1.4314307,-1.9514307,-2.0214307,-1.8914306,-1.8214307,-2.2214308,-2.4014306,-1.6114306,-1.3614306,-2.2214308,-2.1814306,-2.4414306,-2.7114305,-2.8014307,-2.8614306,-2.8714306,-2.8514307,-2.3714306,-2.5114307,-2.3414307,-1.9514307,-1.3614306,-0.90143067,-1.1614307
-0.98143065,-2.4014306,-1.4414307,-1.8514307,-1.8414307,-1.7614306,-0.93143064,-1.1114306,-1.0914307,-0.47143066,-0.23143066,-0.8314307,-0.67143065,0.40856934,-0.10143066,-0.8814307,-1.5014306,-1.2714306,-0.8814307,-1.3114307,-1.5114306,-1.5414307,-1.3814306,-2.0414307,-2.1614306,-1.9814306,-2.2614307,-2.6014307,-2.6614306,-2.0714307,-2.0514307,-2.5014307,-2.7214308,-2.9814308,-2.9614305,-2.3514307,-1.3314307,-1.1714307,-1.1714307,-0.59143066,-0.91143066
