wind_kz.json
{"header": {"discipline":0,"disciplineName":"Meteorological products","gribEdition":2,"gribLength":1025,"center":7,"centerName":"US National Weather Service - NCEP(WMC)","subcenter":0,"refTime":"2023-08-27T06:00:00.000Z","significanceOfRT":1,"significanceOfRTName":"Start of forecast","productStatus":0,"productStatusName":"Operational products","productType":1,"productTypeName":"Forecast products","productDefinitionTemplate":0,"productDefinitionTemplateName":"Analysis/forecast at horizontal level/layer at a point in time","parameterCategory":2,"parameterCategoryName":"UnknownDiscipline_0_Category_2","parameterNumber":3,"parameterNumberName":"UnknownParameter_D0_C2_3","parameterUnit":"Unknown","genProcessType":2,"genProcessTypeName":"Forecast","forecastTime":300,"surface1Type":103,"surface1TypeName":"Specified height level above ground","surface1Value":10.0,"surface2Type":255,"surface2TypeName":"Missing","surface2Value":0.0,"gridDefinitionTemplate":0,"gridDefinitionTemplateName":"Latitude_Longitude","numberPoints":615,"shape":6,"shapeName":"Earth spherical with radius of 6,371,229.0 m","gridUnits":"degrees","resolution":48,"winds":"true","scanMode":64,"nx":41,"ny":15,"basicAngle":0,"lo1":47.0,"la1":41.0,"lo2":87.0,"la2":55.0,"dx":1.0,"dy":1.0}, "data":
[rows 0 to 14 of 15, columns 0 to 40 of 41]
1.9653223,-3.4646778,1.5953223,-3.8646777,-4.1846776,-1.4046777,-2.1346776,-1.3346777,-2.3246777,-1.3346777,-2.0546777,-0.91467774,-0.21467774,-1.0446777,-2.4746778,-3.8446777,-4.6446776,-4.254678,-4.2746778,-3.1246777,-4.904678,-2.9946778,-1.4846778,-1.5446777,-1.7446778,-1.0946777,-0.78467774,1.0453223,0.31532228,3.6553223,0.54532224,0.6153223,2.8953223,-4.0246778,-6.574678,2.3853223,2.9253223,1.1853223,-1.2046777,-2.4546778,-0.79467773
4.155322,2.5953224,1.7553222,-1.6046777,-3.9046776,-1.2946777,-1.7046777,-0.40467775,0.23532227,-0.6746777,-2.7846777,-2.7746778,0.65532225,0.28532228,-2.0746777,-2.8446777,-3.8846776,-5.484678,-6.484678,-5.554678,-4.2946777,-4.0246778,-0.35467774,0.015322265,1.3553222,0.78532225,-2.0746777,1.3253223,-0.79467773,0.64532226,3.6853223,4.1653223,0.08532227,-0.7446777,-2.9546778,2.0253222,0.90532225,-0.5046777,-1.6446778,-1.1346778,-0.37467775
2.6153224,5.2953224,1.1953223,-0.33467773,-4.6446776,-4.004678,1.1453223,2.5153222,0.64532226,1.6853223,1.2853223,1.2653222,0.34532225,-1.4146777,-1.2846777,-0.89467776,-3.1346776,-4.8346777,-4.254678,-5.1046777,-6.254678,-3.5446777,-2.4146776,-0.074677736,1.0253223,1.8153223,1.0853223,1.4653223,0.035322264,2.6553223,3.9253223,1.9053223,2.3353224,-1.1746777,0.43532225,2.5553222,4.1653223,0.18532227,0.53532225,-0.42467773,-0.034677733
1.5753223,2.8353224,0.29532227,-2.7646778,-4.364678,-0.13467774,-0.034677733,1.9453223,1.9753222,3.1053224,-1.4746777,1.8653222,2.3953223,0.8653223,-1.5446777,-2.3246777,-2.9046776,-3.7446778,-3.8846776,-4.5446777,-4.484678,-2.6046777,-0.074677736,-4.114678,-2.3246777,0.13532227,-1.4346777,-2.1746778,-0.65467775,-1.5046778,-2.8546777,-3.3346777,-0.66467774,1.5053222,1.0753223,-4.3146777,-1.5346777,1.7753223,0.42532226,1.2953223,1.4053223
2.7353222,2.2953222,0.20532227,-0.54467773,-1.9046777,-2.6346776,-4.234678,-3.4146776,-1.6346778,0.17532226,0.79532224,2.3553224,3.1753223,2.3553224,0.89532226,-1.1646777,-2.5146778,-2.1646776,-3.4446778,-3.5346777,-4.4946775,-4.1046777,-4.6846776,-2.6446776,-2.9146776,1.3953223,1.4653223,0.5053223,-1.3746778,-2.2046778,-3.4746778,-0.49467772,1.6753223,2.7453222,-0.83467776,-1.7346778,-0.23467773,-1.2446778,1.6353222,0.12532227,-0.95467776
3.8653224,3.1753223,3.3153222,1.6553223,-0.9946777,-2.8346777,-2.9346778,-3.8146777,-0.08467773,-2.3146777,-3.4946778,-2.1046777,3.6353223,3.3553224,2.7653222,1.1953223,-0.60467774,0.22532226,-1.8846778,-3.5346777,-3.3146777,-3.0646777,-4.0346775,-3.1146777,-3.7946777,3.0053222,2.0553222,0.07532226,0.095322266,-1.2146777,-0.83467776,-1.8846778,-2.8946776,-2.1346776,1.4053223,-0.114677735,3.1053224,3.7653222,-0.014677734,-0.16467774,-0.5746777
3.1853223,4.1853223,3.3353224,2.8153222,1.2753223,0.12532227,-0.19467774,1.3353223,-0.48467773,-0.18467773,-2.5246778,-2.0446777,3.1953223,3.4353223,3.7053223,3.5453222,2.1253223,0.12532227,1.9753222,-2.0646777,-2.8046777,-2.0846777,-2.9746778,-3.4346778,-2.8946776,3.0853224,2.2953222,2.5453222,2.1153224,1.2253222,0.24532227,-2.3346777,-3.1746778,-3.5546777,-1.5946777,-1.1346778,-3.1646776,-0.5646777,1.5753223,-0.36467773,1.1153222
2.9953222,1.0753223,-0.95467776,-3.5446777,-2.8846776,-2.2046778,-2.4346778,-2.6346776,-1.7746778,-1.4046777,-1.2346778,-1.3546777,-1.7546778,-0.95467776,-2.3746777,2.0053222,2.4053223,3.8953223,3.8353224,2.7353222,-1.9046777,-1.8346777,-1.4546777,-1.2846777,-1.9546777,-1.7046777,0.27532226,5.285322,2.4653223,3.9753222,2.4253223,1.7653222,-1.4646777,-3.2546778,-1.0646777,0.9253223,0.025322266,-0.31467775,0.8053223,0.11532226,-1.4546777
-0.25467774,-1.6646777,-2.9246778,-3.2746778,-4.4346776,-4.8346777,-4.4946775,-3.9946778,-3.9846778,-2.8646777,-2.6546776,-2.5946777,-1.5746777,-1.3046777,-2.0546777,-3.0046778,-4.0246778,-1.3846778,5.5653224,4.4153223,2.7153223,-0.59467775,-0.41467774,0.9253223,-0.28467774,-0.34467775,-0.8146777,-1.0546777,0.7553223,1.7153223,3.0553222,3.8353224,3.3653224,2.2053223,1.3753222,-0.034677733,-2.9846778,0.30532226,1.6953223,0.9353223,-0.12467773
-0.8846777,-1.7546778,-2.8146777,-3.3146777,-3.6946778,-4.074678,-3.9346778,-4.504678,-4.694678,-1.3646778,-1.5946777,-2.2146778,-3.7246778,-3.1946778,-2.9946778,-2.4946778,-3.1346776,-3.5046778,-2.9546778,1.7553222,5.0053225,4.175322,2.8853223,2.6453223,0.5553223,1.4253223,0.045322265,-0.08467773,1.6553223,2.3153222,2.1153224,3.4953222,3.9153223,3.5153222,1.8053223,1.1953223,0.27532226,-2.8246777,0.055322267,3.8053222,2.5453222
-0.78467774,-1.6746777,-2.5746777,-3.6046777,-3.5546777,-3.3946776,-3.5746777,-3.6346776,-4.004678,-4.4346776,-1.0746777,-0.64467776,-2.9846778,-2.8746777,-3.7546778,-3.4646778,-0.72467774,-0.9946777,-0.5746777,-0.43467772,-1.0946777,-4.1646776,0.52532226,4.4753222,3.8253222,3.0253222,1.8553222,1.7453222,1.5753223,2.6653223,3.8153222,3.8653224,2.9953222,2.7053223,3.4153223,1.3553222,0.8153223,2.2553222,0.9253223,1.1753223,0.41532227
-0.70467776,-1.3246777,-1.7446778,-3.7246778,-2.9746778,-2.9546778,-3.0346777,-3.0046778,-3.4346778,-3.3146777,-1.5846777,-2.7446778,-3.3946776,-3.0246778,-3.1446776,-2.8046777,-2.1946778,-3.0246778,1.0453223,1.2353222,1.2153223,3.0953224,-3.7146778,-3.7446778,4.365322,3.6953223,3.6653223,3.0853224,2.2353222,3.8453224,4.1053224,4.4353223,2.9853222,2.9853222,2.0753222,1.8653222,2.3453224,3.1353223,2.5453222,2.0253222,0.8253223
-0.19467774,0.51532227,-1.1046777,-1.7946777,-2.8346777,-1.9846778,-2.9346778,-2.4346778,-3.1546776,-1.4246777,-1.1146778,-0.91467774,-1.9246777,-2.8046777,-2.6346776,-2.0546777,-1.2246777,-1.5246778,-1.2546778,0.6853223,1.4153223,2.8653224,4.2353225,2.1953223,2.7953222,4.325322,4.285322,3.5753222,3.8353224,4.1053224,4.3353224,4.365322,4.055322,3.6753223,3.2253222,3.4353223,2.8753223,1.6053222,2.7053223,1.1153222,0.46532226
-0.65467775,-1.4746777,-2.3146777,-1.1246778,-1.4646777,-1.1546777,-1.2846777,-1.6046777,-0.27467772,-1.5846777,0.30532226,-1.3046777,-1.5546777,-1.1046777,-1.5346777,-2.4046776,-1.3246777,-0.18467773,0.46532226,0.85532224,0.84532225,2.3553224,4.495322,2.3253222,0.77532226,4.405322,3.6753223,4.3553224,4.1653223,4.5253224,4.385322,4.2353225,4.635322,4.4353223,3.2453222,3.2153223,2.9053223,1.8953223,2.0053222,1.8553222,1.4953222
-1.4546777,-1.7546778,-2.6746778,-1.7446778,-3.2846777,-2.8246777,-1.9646777,-2.5046778,-2.0846777,-0.77467775,-0.39467773,-0.20467773,-0.96467775,-1.6546777,-0.98467773,-1.1346778,-1.6946777,-2.0046778,-0.31467775,1.1453223,0.30532226,0.21532227,4.135322,3.8853223,3.1453223,3.4253223,2.8953223,4.5853224,4.325322,4.2153225,4.805322,5.765322,5.055322,4.9653225,4.3953223,4.2153225,3.7253222,4.115322,3.5453222,3.4953222,1.0653223
