wind_kz.json
{"header": {"discipline":0,"disciplineName":"Meteorological products","gribEdition":2,"gribLength":1025,"center":7,"centerName":"US National Weather Service - NCEP(WMC)","subcenter":0,"refTime":"2023-09-29T00:00:00.000Z","significanceOfRT":1,"significanceOfRTName":"Start of forecast","productStatus":0,"productStatusName":"Operational products","productType":1,"productTypeName":"Forecast products","productDefinitionTemplate":0,"productDefinitionTemplateName":"Analysis/forecast at horizontal level/layer at a point in time","parameterCategory":2,"parameterCategoryName":"UnknownDiscipline_0_Category_2","parameterNumber":2,"parameterNumberName":"UnknownParameter_D0_C2_2","parameterUnit":"Unknown","genProcessType":2,"genProcessTypeName":"Forecast","forecastTime":0,"surface1Type":103,"surface1TypeName":"Specified height level above ground","surface1Value":10.0,"surface2Type":255,"surface2TypeName":"Missing","surface2Value":0.0,"gridDefinitionTemplate":0,"gridDefinitionTemplateName":"Latitude_Longitude","numberPoints":615,"shape":6,"shapeName":"Earth spherical with radius of 6,371,229.0 m","gridUnits":"degrees","resolution":48,"winds":"true","scanMode":64,"nx":41,"ny":15,"basicAngle":0,"lo1":47.0,"la1":41.0,"lo2":87.0,"la2":55.0,"dx":1.0,"dy":1.0}, "data":
[rows 0 to 14 of 15, columns 0 to 40 of 41]
-1.2567059,-0.61670595,1.0132941,-1.526706,-2.466706,-2.036706,-2.1567059,-3.076706,-5.226706,-1.166706,-0.07670593,3.193294,2.0632942,2.873294,1.0332941,-2.106706,-2.236706,-2.1667058,-2.976706,-1.406706,-1.936706,-0.88670594,-1.1167059,-1.6067059,-0.63670594,-1.916706,-2.326706,-0.21670593,-1.436706,0.083294064,-1.286706,1.4932941,0.31329405,0.36329406,-1.0967059,-2.326706,-1.9967059,-2.286706,-3.096706,-1.9667059,-1.666706
1.483294,1.323294,-2.346706,-2.776706,-4.2567058,-4.926706,-2.996706,-4.146706,-2.706706,-0.73670596,0.43329406,-0.096705936,0.68329406,1.9932941,4.7032943,-1.936706,-1.796706,-2.736706,-1.4967059,-1.3467059,-0.8567059,-0.20670593,-1.2067059,-1.7567059,0.87329406,0.30329406,-1.016706,0.8332941,0.30329406,0.113294065,0.20329407,-0.22670594,-1.0867059,-0.92670596,-0.38670594,-0.8967059,-0.88670594,-1.436706,-1.276706,0.20329407,-3.976706
-1.6167059,-6.746706,-7.716706,-6.916706,-4.736706,-3.226706,-2.256706,-0.41670594,-0.6567059,0.57329404,1.6532941,1.713294,2.503294,2.6032941,0.8432941,0.40329406,-2.6867058,-1.516706,-1.806706,0.04329407,1.343294,2.543294,-1.3367059,-0.23670593,0.48329407,4.543294,0.9132941,1.223294,-1.8267059,0.32329407,-0.15670593,0.113294065,0.18329407,-0.056705933,-0.096705936,-0.76670593,-0.54670596,0.39329407,-0.006705933,1.4932941,1.463294
-4.686706,-7.686706,-7.596706,-6.076706,-3.066706,-1.7567059,0.51329404,-0.026705932,1.3832941,2.633294,2.793294,2.8632941,4.793294,3.783294,-2.116706,-0.79670596,-0.096705936,-0.9567059,-0.92670596,0.81329405,1.9032941,1.4032941,2.8032942,3.143294,3.933294,4.4532943,5.2432942,-0.20670593,0.5432941,0.49329406,-1.6067059,-2.006706,-1.3667059,-3.366706,-2.546706,-2.3967059,-1.7267059,2.033294,0.18329407,-0.6467059,-0.5367059
-4.136706,-5.346706,-4.0467057,-3.066706,-2.4067059,-1.7567059,-0.9667059,0.38329408,1.473294,2.453294,2.953294,3.873294,3.6032941,4.503294,0.32329407,-2.6867058,-2.6667058,-2.476706,0.56329405,2.263294,3.403294,3.943294,3.893294,4.083294,4.353294,3.413294,2.3332942,2.753294,2.193294,1.5132941,2.5932941,-0.35670593,-1.8767059,1.4232941,0.45329407,-0.37670594,-2.836706,-2.586706,-1.786706,-2.076706,-1.8867059
-2.6967058,-2.286706,-2.846706,-3.626706,-3.216706,-3.116706,-1.046706,0.45329407,1.3732941,2.3632941,2.663294,1.193294,-1.926706,-8.376706,-7.086706,-2.9267058,-1.896706,-1.806706,0.62329406,3.3432941,1.843294,3.973294,4.083294,3.3332942,3.5532942,3.743294,3.383294,2.403294,1.483294,-0.34670594,-1.766706,-2.486706,-4.696706,-3.496706,-0.79670596,-5.146706,0.14329407,-1.286706,0.23329407,-2.496706,-2.976706
-0.13670594,-1.516706,-1.8867059,-2.356706,-1.9667059,-0.79670596,-0.17670593,0.29329407,0.5832941,1.073294,0.8932941,-3.326706,-3.086706,-3.256706,-2.4067059,-2.786706,-2.746706,-1.4967059,0.14329407,0.5432941,-1.056706,-0.99670595,-0.94670594,1.103294,1.7732941,-0.006705933,0.33329406,-0.20670593,-2.346706,-3.586706,-4.226706,-3.576706,-3.256706,-4.436706,-3.536706,-2.326706,-1.2567059,2.633294,-1.516706,0.033294067,-0.20670593
-1.4567059,-1.5867059,-1.3767059,-0.9567059,-1.186706,-0.7867059,-0.25670594,-0.5267059,0.21329407,-0.35670593,-1.4667059,-3.286706,-2.756706,-2.316706,0.13329406,-2.096706,-1.3467059,-0.22670594,-0.54670596,-0.8567059,-0.19670594,-1.3667059,-2.1867058,-1.396706,-3.3967059,-1.4567059,-3.286706,0.29329407,0.06329407,-0.39670593,-0.34670594,-2.476706,-2.756706,0.23329407,-1.4767059,-1.416706,-2.256706,-7.2567058,-3.8867059,-3.6667058,-2.716706
-2.4267058,-1.6067059,-0.6467059,0.033294067,0.09329407,0.113294065,0.083294064,-0.44670594,-0.8567059,-0.9167059,-1.9867059,-2.126706,-0.67670596,-2.206706,-2.776706,-1.9667059,-1.0867059,-0.69670594,-0.13670594,-0.12670593,-0.5867059,-0.9667059,-1.0967059,-0.9667059,-2.1967058,-1.4567059,-1.1167059,-0.7167059,1.0132941,0.32329407,0.46329406,-0.87670594,0.23329407,-0.016705932,-1.9467059,-2.496706,-0.74670595,-1.166706,-1.0067059,0.8332941,-2.506706
-0.8367059,0.42329407,1.333294,0.87329406,0.93329406,0.87329406,0.073294066,0.09329407,0.27329406,1.3032941,-0.8467059,-2.316706,-1.286706,-1.7467059,-1.406706,-0.21670593,-0.5367059,0.43329406,-0.14670593,-0.42670593,-1.176706,-0.37670594,-1.036706,-0.7067059,-0.98670596,-1.3467059,-0.80670595,-0.61670595,-0.8467059,-0.98670596,-1.3567059,-1.4867059,-2.056706,-2.046706,-1.676706,-1.4767059,-2.366706,-1.066706,-1.016706,0.48329407,-1.686706
2.1032941,2.413294,1.6532941,1.6432941,1.683294,1.203294,1.583294,1.8732941,1.1132941,1.2732941,0.28329408,0.12329407,0.19329406,0.39329407,0.113294065,0.42329407,0.70329404,1.193294,0.31329405,-0.5867059,0.34329405,1.093294,0.6632941,1.0532941,1.323294,0.99329406,1.1132941,1.0032941,1.3732941,1.1232941,1.1332941,-0.066705935,-0.30670592,-0.80670595,-1.5967059,-0.86670595,-0.16670594,0.6432941,-0.93670595,0.87329406,-1.276706
1.683294,2.633294,3.123294,2.8232942,2.743294,2.173294,1.733294,1.603294,1.3032941,1.063294,-0.47670594,1.7732941,1.8832941,1.8832941,2.033294,1.193294,2.003294,1.833294,1.5532941,1.5232941,1.8032941,2.293294,1.433294,0.8532941,1.0132941,1.5232941,2.043294,3.023294,2.8232942,2.253294,0.9732941,1.1132941,0.113294065,0.12329407,0.45329407,0.7832941,2.173294,1.593294,-0.25670594,0.9632941,-0.18670593
2.543294,2.733294,3.0932941,3.013294,2.773294,2.013294,2.5532942,2.003294,1.8732941,0.19329406,0.28329408,0.92329407,2.043294,2.503294,2.243294,2.663294,2.653294,2.653294,1.8932941,2.5532942,1.9932941,2.243294,1.9132941,2.133294,2.8332942,3.0632942,3.0632942,2.923294,2.3132942,2.3532941,1.853294,1.3732941,1.5432941,1.1232941,1.8732941,2.223294,2.033294,1.453294,3.003294,2.013294,-0.33670592
4.2232943,3.423294,3.373294,3.3132942,2.933294,2.5832942,2.493294,2.483294,1.813294,2.003294,0.31329405,0.82329404,2.413294,3.3632941,2.893294,2.203294,3.0532942,2.633294,1.833294,2.443294,2.713294,2.373294,2.943294,2.923294,3.0832942,3.0732942,2.703294,3.003294,2.723294,2.293294,1.0132941,0.76329404,1.2532941,2.0832942,2.5732942,2.513294,1.823294,2.0932941,2.013294,2.673294,1.963294
2.663294,4.7432942,5.463294,4.543294,4.313294,3.793294,4.673294,2.8532941,3.713294,2.533294,0.7932941,3.543294,2.983294,1.333294,3.1032941,2.543294,2.693294,3.033294,2.713294,2.733294,2.633294,2.623294,2.503294,2.703294,3.1132941,2.683294,2.383294,2.3432941,2.763294,2.0832942,1.183294,3.193294,1.9232941,2.3032942,2.253294,2.3532941,1.703294,2.933294,3.3032942,3.423294,1.2732941
