wind.json
{"header": {"discipline":0,"disciplineName":"Meteorological products","gribEdition":2,"gribLength":953,"center":7,"centerName":"US National Weather Service - NCEP(WMC)","subcenter":0,"refTime":"2023-05-30T18:00:00.000Z","significanceOfRT":1,"significanceOfRTName":"Start of forecast","productStatus":0,"productStatusName":"Operational products","productType":1,"productTypeName":"Forecast products","productDefinitionTemplate":0,"productDefinitionTemplateName":"Analysis/forecast at horizontal level/layer at a point in time","parameterCategory":0,"parameterCategoryName":"UnknownDiscipline_0_Category_0","parameterNumber":0,"parameterNumberName":"UnknownParameter_D0_C0_0","parameterUnit":"Unknown","genProcessType":2,"genProcessTypeName":"Forecast","forecastTime":120,"surface1Type":1,"surface1TypeName":"Ground or water surface","surface1Value":0.0,"surface2Type":255,"surface2TypeName":"Missing","surface2Value":0.0,"gridDefinitionTemplate":0,"gridDefinitionTemplateName":"Latitude_Longitude","numberPoints":688,"shape":6,"shapeName":"Earth spherical with radius of 6,371,229.0 m","gridUnits":"degrees","resolution":48,"winds":"true","scanMode":64,"nx":43,"ny":16,"basicAngle":0,"lo1":45.0,"la1":40.0,"lo2":87.0,"la2":55.0,"dx":1.0,"dy":1.0}, "data":
[rows 0 to 15 of 16, columns 0 to 42 of 43]
280.9021,278.1021,293.7021,299.8021,297.8021,294.0021,292.8021,292.1021,301.4021,301.8021,307.4021,304.5021,307.0021,306.3021,304.6021,302.9021,302.6021,301.1021,300.5021,300.0021,298.9021,296.5021,291.4021,295.8021,295.6021,290.6021,289.9021,283.2021,278.0021,277.7021,276.9021,291.0021,293.9021,296.6021,298.5021,296.7021,298.1021,297.5021,298.7021,298.7021,297.6021,296.4021,294.2021
284.8021,295.0021,297.5021,287.1021,290.1021,291.2021,291.6021,291.5021,296.2021,302.9021,304.3021,306.8021,303.7021,305.2021,303.4021,303.0021,302.3021,299.8021,301.9021,300.6021,298.8021,298.8021,301.6021,297.2021,294.8021,289.9021,294.7021,294.5021,289.6021,276.1021,276.7021,276.3021,271.4021,272.0021,288.0021,294.2021,296.2021,294.6021,296.1021,296.6021,297.3021,297.5021,295.1021
283.9021,282.2021,277.6021,292.3021,290.7021,293.1021,291.5021,290.9021,300.5021,302.4021,303.4021,304.2021,303.9021,302.1021,303.2021,302.0021,300.7021,299.4021,298.8021,299.9021,298.2021,296.4021,302.7021,296.2021,295.2021,285.6021,273.0021,274.3021,280.3021,274.1021,278.4021,271.6021,280.7021,268.8021,267.2021,256.3021,271.5021,292.8021,293.7021,293.5021,297.1021,288.9021,282.9021
286.9021,288.9021,294.6021,292.8021,291.1021,291.0021,290.8021,298.4021,300.8021,302.8021,302.3021,301.6021,301.0021,301.0021,298.0021,299.0021,300.9021,298.7021,297.2021,297.7021,295.7021,296.6021,302.1021,297.9021,296.8021,291.1021,288.1021,290.2021,288.0021,288.9021,289.2021,279.5021,272.7021,273.2021,280.4021,279.8021,280.3021,281.2021,275.9021,278.4021,280.4021,276.8021,268.5021
293.3021,298.7021,297.3021,293.7021,292.0021,291.5021,292.8021,299.6021,303.0021,302.6021,303.4021,302.7021,300.7021,299.0021,291.6021,291.8021,300.1021,300.6021,300.6021,298.5021,298.6021,299.0021,297.8021,291.7021,298.3021,297.7021,297.8021,297.6021,297.0021,292.9021,291.7021,290.8021,290.4021,290.0021,296.0021,292.7021,288.5021,285.5021,275.8021,273.1021,280.2021,288.1021,293.3021
294.3021,298.1021,298.2021,295.0021,294.6021,294.8021,296.8021,300.5021,303.7021,304.5021,303.4021,302.2021,301.8021,299.4021,293.0021,292.2021,289.7021,300.9021,300.5021,300.0021,297.7021,300.4021,299.8021,300.4021,299.2021,298.4021,297.4021,297.3021,295.1021,293.7021,295.9021,297.0021,298.2021,291.7021,279.3021,270.7021,282.8021,292.0021,293.7021,298.0021,298.3021,299.2021,299.0021
292.7021,294.6021,294.2021,295.9021,295.6021,294.9021,294.8021,294.8021,301.1021,304.5021,303.0021,302.6021,303.4021,301.8021,292.7021,291.7021,295.2021,299.2021,302.6021,299.8021,299.8021,299.8021,298.5021,298.2021,298.7021,297.9021,296.8021,295.2021,295.7021,290.0021,298.3021,298.1021,295.1021,296.1021,293.4021,290.3021,288.1021,289.7021,284.0021,286.2021,293.7021,298.0021,298.6021
292.5021,292.8021,293.6021,294.8021,299.5021,299.8021,299.7021,301.7021,304.2021,301.8021,302.9021,303.8021,302.5021,300.5021,301.1021,300.4021,298.0021,301.7021,301.5021,300.5021,299.1021,296.8021,296.7021,297.6021,298.2021,297.9021,295.7021,296.0021,295.3021,298.5021,295.6021,296.3021,296.1021,295.8021,294.1021,292.2021,291.1021,288.5021,286.3021,282.4021,278.7021,281.9021,293.5021
289.2021,290.3021,291.3021,293.3021,297.3021,297.7021,299.9021,299.4021,300.0021,298.9021,297.4021,298.9021,299.0021,299.2021,298.9021,300.3021,299.5021,300.5021,301.6021,299.4021,297.1021,295.2021,294.6021,295.5021,295.6021,295.9021,294.2021,291.0021,292.1021,292.9021,291.9021,293.4021,291.6021,291.6021,290.5021,287.4021,285.9021,287.4021,290.4021,285.5021,291.5021,291.6021,287.4021
287.1021,288.3021,287.0021,288.7021,292.9021,293.3021,295.0021,296.5021,298.0021,297.6021,299.9021,296.0021,297.2021,297.9021,300.0021,299.0021,297.1021,298.9021,298.4021,297.1021,296.3021,295.5021,293.5021,293.5021,293.7021,293.8021,291.7021,292.2021,288.7021,288.6021,285.1021,286.2021,288.6021,288.8021,289.3021,289.4021,287.2021,286.5021,288.9021,288.1021,275.6021,278.7021,275.8021
284.3021,285.3021,284.9021,286.6021,287.5021,289.8021,291.7021,293.0021,293.3021,296.7021,295.5021,296.0021,295.8021,295.0021,297.4021,297.2021,298.5021,296.9021,298.3021,296.8021,295.2021,295.9021,294.2021,292.9021,294.3021,294.5021,294.2021,292.3021,291.2021,290.3021,289.5021,289.6021,288.5021,292.0021,292.7021,292.3021,289.1021,288.1021,289.0021,284.6021,280.8021,278.8021,279.8021
281.8021,285.3021,284.0021,284.4021,286.4021,287.6021,291.1021,290.3021,291.1021,291.7021,292.8021,294.0021,292.4021,292.1021,295.5021,295.8021,297.7021,297.5021,298.9021,297.1021,295.9021,296.6021,295.3021,294.2021,295.7021,295.8021,293.6021,293.1021,289.6021,292.6021,293.3021,294.8021,294.6021,294.0021,292.8021,293.0021,292.0021,288.5021,286.9021,282.7021,282.2021,283.5021,281.3021
280.9021,281.4021,282.7021,284.4021,284.3021,285.1021,286.1021,289.2021,289.5021,290.5021,291.1021,291.4021,289.7021,290.9021,292.8021,293.0021,294.2021,294.7021,295.8021,297.6021,296.9021,296.1021,295.5021,293.9021,294.5021,294.3021,293.3021,294.8021,295.0021,295.9021,296.0021,296.6021,294.8021,294.3021,294.5021,292.5021,292.5021,291.9021,291.1021,289.0021,288.9021,288.6021,287.2021
279.9021,279.2021,280.5021,281.5021,282.9021,282.9021,284.9021,286.1021,289.7021,290.7021,289.4021,292.3021,288.6021,286.1021,290.6021,289.1021,291.0021,293.8021,294.5021,294.9021,294.8021,295.7021,293.5021,293.2021,292.0021,292.4021,295.9021,295.6021,296.2021,298.9021,294.2021,296.1021,296.2021,295.9021,294.2021,293.7021,292.5021,292.4021,291.4021,291.9021,290.8021,289.5021,289.4021
279.6021,279.5021,280.1021,281.1021,283.4021,282.1021,283.0021,284.7021,288.9021,288.9021,289.0021,291.6021,289.1021,286.8021,288.7021,291.1021,291.4021,292.9021,294.7021,295.0021,294.3021,295.8021,297.2021,294.1021,296.2021,295.7021,296.0021,296.8021,296.0021,301.2021,296.6021,298.6021,295.6021,294.7021,293.6021,292.5021,292.5021,291.0021,290.8021,290.1021,289.4021,288.8021,289.3021
279.2021,281.9021,280.2021,282.4021,284.9021,281.0021,282.3021,283.9021,285.7021,288.7021,289.5021,291.2021,290.7021,287.3021,288.4021,293.1021,291.5021,292.3021,295.6021,293.9021,293.8021,293.7021,292.4021,292.9021,293.5021,294.8021,293.8021,294.4021,294.5021,297.0021,295.3021,294.4021,294.1021,288.3021,290.9021,291.1021,291.3021,290.3021,290.5021,288.5021,288.4021,289.1021,289.9021
