wind_kz.json
[{"header":{"discipline":0,"disciplineName":"Meteorological products","gribEdition":2,"gribLength":948,"center":7,"centerName":"US National Weather Service - NCEP(WMC)","subcenter":0,"refTime":"2024-04-07T00:00:00.000Z","significanceOfRT":1,"significanceOfRTName":"Start of forecast","productStatus":0,"productStatusName":"Operational products","productType":1,"productTypeName":"Forecast products","productDefinitionTemplate":0,"productDefinitionTemplateName":"Analysis/forecast at horizontal level/layer at a point in time","parameterCategory":0,"parameterCategoryName":"UnknownDiscipline_0_Category_0","parameterNumber":0,"parameterNumberName":"UnknownParameter_D0_C0_0","parameterUnit":"Unknown","genProcessType":2,"genProcessTypeName":"Forecast","forecastTime":180,"surface1Type":1,"surface1TypeName":"Ground or water surface","surface1Value":0.0,"surface2Type":255,"surface2TypeName":"Missing","surface2Value":0.0,"gridDefinitionTemplate":0,"gridDefinitionTemplateName":"Latitude_Longitude","numberPoints":615,"shape":6,"shapeName":"Earth spherical with radius of 6,371,229.0 m","gridUnits":"degrees","resolution":48,"winds":"true","scanMode":64,"nx":41,"ny":15,"basicAngle":0,"lo1":47.0,"la1":41.0,"lo2":87.0,"la2":55.0,"dx":1.0,"dy":1.0},"data":[300.0,285.2,292.6,283.3,284.6,285.6,298.6,308.2,308.0,308.2,305.0,300.1,291.4,290.5,293.8,297.1,293.2,293.1,296.8,294.4,296.0,295.7,294.0,289.2,296.6,298.4,292.6,283.7,284.4,279.3,275.3,275.2,291.6,298.9,298.9,298.6,299.7,298.2,297.6,298.2,298.0,273.3,292.3,283.4,283.9,284.1,284.8,307.8,306.3,304.3,305.0,306.0,304.7,300.0,295.5,298.3,298.7,296.7,295.5,296.0,296.3,300.1,295.9,290.4,282.6,273.2,274.1,290.6,285.6,287.5,272.6,284.1,268.7,284.6,255.1,264.5,294.2,293.5,295.2,297.5,290.0,281.0,290.7,282.7,283.8,283.3,283.6,295.9,299.2,298.3,302.5,303.3,302.9,303.9,306.3,303.3,301.4,301.0,301.5,297.8,294.2,295.7,298.7,300.0,294.9,289.6,292.9,290.9,294.0,295.3,293.7,284.5,278.1,280.9,286.3,286.6,287.3,287.7,273.3,284.5,285.3,279.0,271.6,290.9,283.4,282.1,282.3,287.0,296.0,300.4,295.0,296.8,305.7,303.8,303.0,287.8,288.2,299.2,301.5,300.1,301.6,301.7,303.3,299.8,291.8,297.9,296.2,300.2,298.8,299.1,295.5,295.8,294.9,296.6,294.8,299.3,299.1,295.9,290.9,274.4,264.9,283.2,289.4,292.3,300.9,285.5,283.3,283.5,290.7,297.7,297.6,305.5,305.8,305.4,304.6,302.6,288.0,285.7,284.2,299.2,301.6,301.1,301.4,301.6,301.7,302.0,299.6,300.2,299.2,299.9,295.1,290.6,300.6,300.2,300.2,295.4,284.4,273.1,286.8,293.5,288.7,296.1,296.1,295.1,294.9,300.4,301.9,285.0,283.2,281.9,282.3,301.9,297.9,302.9,302.4,296.5,300.2,289.4,284.8,286.3,300.7,302.0,301.0,301.9,301.5,300.6,299.8,300.4,298.0,298.2,296.6,298.9,272.0,296.3,298.6,297.8,297.8,295.0,293.7,289.8,286.4,285.7,286.7,295.4,294.3,293.9,299.7,299.3,301.1,302.3,292.0,302.1,300.4,296.1,298.8,299.8,299.1,294.4,292.8,298.5,298.5,298.0,298.4,300.2,300.8,299.2,298.4,297.2,297.7,297.1,295.7,295.4,296.2,296.1,296.4,296.4,296.7,297.8,296.8,293.9,293.0,290.8,286.4,283.7,274.5,277.6,288.4,296.8,298.3,296.9,298.8,299.1,298.7,291.0,295.8,294.1,294.4,295.0,294.2,294.6,290.7,296.6,296.6,296.4,293.4,294.9,294.0,292.3,295.9,294.3,293.3,291.3,291.2,290.8,293.1,291.4,292.1,289.4,293.3,292.9,286.3,289.5,290.0,291.2,273.1,292.6,292.0,288.6,287.9,288.6,289.0,291.2,289.5,291.9,295.0,294.2,289.7,288.7,290.3,290.4,290.3,290.0,289.9,292.8,287.9,291.0,290.0,291.7,286.9,290.6,291.6,292.2,291.3,291.0,290.1,286.1,286.1,285.4,287.6,289.2,291.4,288.4,288.0,285.7,286.8,284.0,272.7,271.7,270.3,287.4,290.0,287.6,288.2,288.8,289.3,289.9,290.8,289.9,287.9,285.9,286.4,290.5,289.5,292.2,292.9,293.1,290.8,291.2,290.7,290.3,287.3,291.1,290.9,291.5,291.1,289.9,286.5,286.0,285.8,287.3,289.9,290.7,288.7,288.2,285.8,281.6,275.9,273.2,275.9,274.3,289.8,291.8,291.7,291.2,291.1,290.8,290.8,290.3,291.2,291.6,289.6,289.3,292.3,291.3,292.1,290.0,289.9,291.0,290.4,289.3,289.6,288.9,289.7,289.9,290.2,287.7,285.8,290.3,287.8,288.0,287.6,289.2,289.4,290.9,286.5,284.9,277.9,276.2,279.3,276.0,273.9,287.4,284.9,286.8,288.1,286.2,288.4,288.0,289.5,285.6,287.9,286.1,286.7,289.4,286.3,284.0,287.9,289.0,288.1,286.2,287.5,281.4,281.9,281.1,283.7,283.8,286.6,286.5,287.9,288.7,290.1,288.0,287.8,286.6,285.5,283.0,284.6,282.1,282.5,282.1,281.6,280.1,279.4,281.4,284.2,287.4,285.9,287.0,286.3,282.5,288.8,284.2,283.8,283.9,286.9,281.2,282.7,288.1,285.2,288.1,282.4,281.5,280.6,278.3,277.6,276.3,276.4,278.2,284.7,284.8,285.9,286.0,285.5,285.5,283.3,281.9,283.3,282.6,279.7,279.4,278.2,278.5,279.3,278.6,278.9,276.4,278.9,281.1,283.9,281.7,280.7,279.9,285.8,283.3,277.2,276.3,277.3,280.3,280.5,280.0,278.1,279.7,281.7,280.3,278.4,277.0,276.1,276.6,277.7,278.5,280.0,281.0,281.6,282.2,282.2,282.4,281.6,281.0,280.2,279.3,279.0,278.1,276.1,277.7,278.9,280.5,273.2,278.1,276.6,277.2,277.9,278.3,282.1,284.7,283.0,282.9,279.1,275.1,274.1,275.5,277.4,280.0,282.3,281.4,280.6,280.0,279.8,278.5,277.9,278.7,279.2,279.1,279.5,278.9,279.8,277.2,279.9,279.4,279.3,279.3,280.0,278.2,278.4,277.0,276.8]},{"header":{"discipline":0,"disciplineName":"Meteorological products","gribEdition":2,"gribLength":1025,"center":7,"centerName":"US National Weather Service - NCEP(WMC)","subcenter":0,"refTime":"2024-04-07T00:00:00.000Z","significanceOfRT":1,"significanceOfRTName":"Start of forecast","productStatus":0,"productStatusName":"Operational products","productType":1,"productTypeName":"Forecast products","productDefinitionTemplate":0,"productDefinitionTemplateName":"Analysis/forecast at horizontal level/layer at a point in time","parameterCategory":2,"parameterCategoryName":"UnknownDiscipline_0_Category_2","parameterNumber":2,"parameterNumberName":"UnknownParameter_D0_C2_2","parameterUnit":"Unknown","genProcessType":2,"genProcessTypeName":"Forecast","forecastTime":180,"surface1Type":103,"surface1TypeName":"Specified height level above ground","surface1Value":10.0,"surface2Type":255,"surface2TypeName":"Missing","surface2Value":0.0,"gridDefinitionTemplate":0,"gridDefinitionTemplateName":"Latitude_Longitude","numberPoints":615,"shape":6,"shapeName":"Earth spherical with radius of 6,371,229.0 m","gridUnits":"degrees","resolution":48,"winds":"true","scanMode":64,"nx":41,"ny":15,"basicAngle":0,"lo1":47.0,"la1":41.0,"lo2":87.0,"la2":55.0,"dx":1.0,"dy":1.0},"data":[-0.33620605,1.0637939,-2.456206,-4.506206,0.13379395,2.803794,4.863794,2.663794,2.723794,0.74379396,1.1937939,1.453794,0.41379395,4.493794,5.793794,1.1937939,-0.21620606,3.8737938,3.8837938,5.263794,1.6837939,-2.4062061,2.953794,1.343794,0.32379395,5.083794,4.043794,3.143794,-0.39620605,-0.0062060547,-1.9662061,2.0937939,-2.256206,-0.24620606,-3.256206,-0.46620604,-1.786206,-2.196206,-1.8462061,-1.9362061,-1.266206,0.37379396,-0.8362061,0.25379395,-1.296206,1.103794,2.963794,5.763794,1.4337939,3.533794,1.8137939,2.703794,1.5237939,2.813794,0.56379396,-0.12620606,1.1937939,2.323794,1.3037939,0.26379395,2.653794,0.28379396,1.2837939,0.9737939,0.07379395,0.47379395,0.0037939453,0.65379393,0.55379397,-2.1462061,-2.556206,0.22379394,0.29379395,-2.026206,-1.646206,0.5437939,2.203794,2.403794,1.723794,1.5437939,-2.3862062,-0.9562061,1.473794,-2.016206,-1.2262061,3.283794,2.3637938,5.053794,4.493794,3.793794,4.843794,3.3637938,3.803794,2.893794,2.293794,-0.53620607,0.8437939,2.663794,3.3437939,2.413794,1.763794,2.773794,3.1137938,1.9237939,-1.996206,-4.366206,-0.53620607,-3.536206,-0.8362061,-1.7062061,1.5237939,-1.2162061,-0.10620605,-2.566206,0.49379393,-1.646206,-2.736206,0.33379394,-0.84620607,-0.56620604,-0.33620605,-0.8962061,-1.986206,3.423794,2.1137938,3.503794,4.5037937,3.693794,7.0037937,5.833794,6.053794,4.523794,3.573794,2.713794,4.693794,-3.486206,0.43379393,3.443794,2.243794,2.923794,3.6337938,3.703794,3.663794,2.3337939,-2.556206,0.57379395,1.253794,1.2837939,-0.47620606,-0.43620604,-3.056206,-4.346206,-1.986206,-0.22620605,1.9337939,-2.926206,-0.42620605,1.1637939,1.3237939,-1.3062061,-0.21620606,-1.8062061,-0.46620604,-1.0562061,6.013794,3.463794,4.883794,4.013794,6.013794,7.7337937,7.113794,7.323794,5.833794,4.103794,4.323794,3.1237938,-0.10620605,2.283794,3.403794,6.273794,3.163794,3.053794,2.683794,3.023794,2.723794,1.4237939,0.8437939,1.133794,1.603794,1.583794,1.4237939,-0.53620607,0.26379395,-1.9662061,-2.356206,-2.736206,-0.34620607,-1.046206,-2.6162062,-1.7062061,0.023793945,-1.766206,-0.87620604,-1.606206,0.29379395,6.433794,7.283794,5.543794,4.4837937,3.193794,4.193794,5.803794,7.883794,5.4837937,4.973794,5.553794,6.183794,1.9237939,1.393794,3.213794,6.613794,2.8337939,3.273794,3.233794,2.573794,4.603794,1.8237939,1.833794,1.0737939,1.013794,1.233794,0.5437939,-1.2262061,3.3537939,-0.24620606,-3.576206,-3.6362062,-3.4062061,-3.946206,-3.336206,1.013794,-1.616206,0.83379394,-3.3862062,-0.98620605,0.61379397,6.953794,7.553794,7.603794,8.953794,4.643794,4.103794,4.363794,6.853794,4.543794,4.5037937,4.353794,6.513794,6.7137938,6.993794,4.033794,3.503794,6.583794,4.703794,3.023794,2.913794,2.423794,3.3337939,2.983794,1.7737939,1.3037939,1.0537939,-0.8962061,-0.28620607,0.23379394,1.2937939,-0.22620605,-0.42620605,-1.8262061,-0.94620603,0.0037939453,1.013794,0.57379395,-1.1962061,-1.0662061,-0.99620605,0.14379394,5.163794,6.403794,5.993794,4.183794,5.7137938,2.463794,-1.7262061,9.013794,5.273794,5.953794,5.833794,6.5037937,7.203794,6.363794,6.903794,5.533794,5.343794,6.743794,4.4837937,4.343794,3.943794,1.983794,2.3537939,2.803794,3.693794,2.733794,0.28379396,-1.5962061,-1.3262061,-0.5262061,0.50379395,0.11379395,-0.17620605,-2.3662062,0.18379395,-4.676206,-2.246206,1.613794,-0.78620607,-1.606206,0.93379396,4.673794,4.783794,4.323794,4.903794,3.8637938,4.133794,6.913794,6.633794,7.633794,6.523794,8.263794,7.553794,8.713794,4.9637938,4.103794,4.303794,4.853794,4.513794,4.773794,4.833794,3.663794,5.303794,4.783794,3.323794,4.093794,2.503794,3.403794,2.423794,1.6637939,-0.16620606,-0.46620604,-1.8262061,-2.996206,-2.696206,-2.856206,0.023793945,-1.6862061,-2.066206,-1.546206,0.20379394,-0.826206,5.7537937,5.063794,3.443794,4.7337937,4.703794,2.933794,3.253794,4.693794,3.813794,4.2337937,6.863794,5.263794,5.593794,2.503794,2.413794,4.053794,1.5537939,2.143794,4.243794,5.443794,6.373794,5.513794,3.573794,4.223794,2.553794,2.143794,3.3637938,-2.006206,0.7237939,0.22379394,-3.106206,-2.856206,-1.916206,-0.9562061,-3.6662061,-2.756206,-1.0762061,-0.85620606,-1.5762061,0.43379393,1.0437939,4.423794,4.033794,2.8837938,3.3337939,2.183794,1.8037939,3.1037939,3.653794,2.803794,3.523794,2.673794,1.753794,2.253794,0.86379397,4.513794,2.1137938,1.613794,3.233794,4.183794,5.093794,5.943794,4.773794,5.033794,4.573794,3.783794,2.033794,1.893794,-1.396206,-4.226206,-4.086206,-3.6662061,-1.0962061,0.71379393,0.40379393,-2.356206,-2.4062061,-0.74620605,-0.0062060547,0.15379395,-0.20620605,0.14379394,2.163794,1.1737939,1.333794,2.483794,2.973794,2.8737938,2.503794,2.303794,3.3537939,2.543794,1.7937939,1.0637939,0.5437939,2.183794,1.743794,1.3137939,2.653794,0.31379396,0.35379395,2.163794,2.923794,0.20379394,-1.516206,-0.9662061,-0.50620604,2.013794,-2.9162061,-2.8662062,-2.576206,-3.946206,-4.186206,-2.8962061,-2.286206,-2.356206,-2.346206,-2.6562061,-2.976206,-1.146206,-0.44620606,-0.63620603,0.47379395,0.29379395,0.93379396,0.07379395,2.8737938,3.203794,3.443794,2.313794,-1.6862061,-0.80620605,1.263794,0.7937939,-2.3662062,-0.85620606,-3.246206,0.55379397,0.24379395,-2.796206,-1.7062061,-4.616206,-4.466206,-5.616206,-5.506206,-3.356206,-2.996206,-4.146206,-4.976206,-4.526206,-4.946206,-3.936206,-4.076206,-3.296206,-2.836206,-2.4162061,-1.876206,-1.636206,-2.246206,-2.426206,-1.3062061,-1.136206,-0.8362061,0.083793946,-0.7062061,-1.0662061,0.15379395,0.57379395,0.20379394,0.7237939,-2.216206,-3.4162061,-0.74620605,-0.036206055,-1.9362061,-1.6962061,-2.326206,-1.4262061,-4.166206,-4.866206,-5.116206,-4.836206,-6.136206,-6.9962063,-6.816206,-6.5162063,-5.616206,-4.546206,-4.986206,-4.2862062,-4.456206,-4.296206,-3.816206,-3.826206,-2.196206,-1.0862061,0.06379394,-0.046206053,-0.026206054,-0.026206054,-0.056206055,-0.31620607,-0.74620605,-0.766206,0.55379397,-0.07620606,-0.21620606,-1.986206,-2.696206,-2.446206,-3.496206,-3.446206,-3.6462061,-1.996206,-3.746206,-3.046206,-2.6362062,-2.3962061,-2.356206,-2.3762062,-2.846206,-4.256206,-4.836206,-5.846206,-5.966206,-5.576206,-5.126206,-4.396206,-4.186206,-3.706206,-3.6262062,-3.196206,-2.796206,-2.806206,-2.776206,-2.086206,-2.026206,-1.9662061,-0.24620606,-1.6762061,-0.47620606,-0.78620607,-0.826206,-0.45620605,0.70379394,2.1237938]},{"header":{"discipline":0,"disciplineName":"Meteorological products","gribEdition":2,"gribLength":1025,"center":7,"centerName":"US National Weather Service - NCEP(WMC)","subcenter":0,"refTime":"2024-04-07T00:00:00.000Z","significanceOfRT":1,"significanceOfRTName":"Start of forecast","productStatus":0,"productStatusName":"Operational products","productType":1,"productTypeName":"Forecast products","productDefinitionTemplate":0,"productDefinitionTemplateName":"Analysis/forecast at horizontal level/layer at a point in time","parameterCategory":2,"parameterCategoryName":"UnknownDiscipline_0_Category_2","parameterNumber":3,"parameterNumberName":"UnknownParameter_D0_C2_3","parameterUnit":"Unknown","genProcessType":2,"genProcessTypeName":"Forecast","forecastTime":180,"surface1Type":103,"surface1TypeName":"Specified height level above ground","surface1Value":10.0,"surface2Type":255,"surface2TypeName":"Missing","surface2Value":0.0,"gridDefinitionTemplate":0,"gridDefinitionTemplateName":"Latitude_Longitude","numberPoints":615,"shape":6,"shapeName":"Earth spherical with radius of 6,371,229.0 m","gridUnits":"degrees","resolution":48,"winds":"true","scanMode":64,"nx":41,"ny":15,"basicAngle":0,"lo1":47.0,"la1":41.0,"lo2":87.0,"la2":55.0,"dx":1.0,"dy":1.0},"data":[2.4691186,0.8091186,-1.4508814,1.1191187,2.6891186,0.91911864,-0.25088134,-2.7708814,-1.4208814,-3.0108814,-4.1808815,-0.5508813,6.1991186,0.90911865,-2.5708814,-4.1008816,-0.44088134,0.42911866,-0.6108813,-2.4708815,-8.8134763E-4,-1.3208814,-3.3308814,0.17911865,4.7991185,2.8391187,0.64911866,1.1791186,1.1391187,5.8591185,1.6091187,1.8891187,-0.77088135,2.2591186,1.5791186,-1.1808814,-0.43088135,-0.5508813,-2.3008814,-3.1508813,-0.72088134,-1.0208813,-3.4208813,0.8191187,2.0791187,1.3691187,-0.45088136,-3.5408814,-4.270881,-3.5208814,-3.0808814,-4.1708813,-4.1408815,-2.1408813,5.6391187,-3.4308813,-2.2308815,-1.1608814,-3.0908813,-4.6408815,-6.1308813,-3.1108813,-3.2408814,-2.0308814,-2.2708814,1.0191187,-0.09088135,0.009118652,1.9891187,1.0791186,0.16911866,-0.36088136,0.18911865,-0.43088135,0.8891187,-2.8008814,3.3991187,0.109118655,3.1591187,1.4391186,-0.89088136,-0.59088135,-3.3708813,-2.1308813,-2.2808814,-0.60088134,2.0791187,0.15911865,-4.5508814,-4.290881,-1.7008814,-3.5008814,-3.3008814,-2.7308815,-3.1408813,-3.0908813,-3.1608813,-3.9108813,-2.8108814,-2.4308813,-2.5108814,-1.4208814,-3.9908814,-3.6808813,-3.6508813,-1.6708814,-2.2608814,0.43911865,-2.0208814,-2.1108813,0.16911866,-1.8108814,-0.7408813,-1.6508813,-2.6308813,2.0091186,-0.14088134,-2.4108813,1.2291187,-3.0108814,0.37911865,1.7791187,-0.5608814,3.2091186,0.53911865,-2.2608814,0.079118654,1.2691187,1.8291186,-1.6308813,-0.97088134,-4.560881,-2.8008814,-3.8108814,-1.9608814,0.37911865,-1.5008813,-2.9208813,-3.0808814,-1.8208814,-1.9408814,-2.1508813,-3.0808814,-3.7708814,-3.9008813,-2.4308813,-2.9508812,-2.9908814,-2.3308814,-4.3508816,-4.1608815,-3.5608814,-3.2508814,-5.750881,-2.4708815,1.1291187,-0.70088136,-0.7408813,0.03911865,-2.5508814,0.049118653,-0.88088137,-2.2008812,-1.6808814,-5.1808815,4.6491184,3.7391186,2.8191187,0.7591187,-1.1908814,0.64911866,0.79911864,-2.8608813,-1.8408813,-2.6308813,-3.9408813,4.6091185,0.36911866,1.1191187,-1.3308814,-2.5908813,-1.0208813,-2.0908813,-3.5608814,-1.5008813,-2.7008812,-2.7608814,-2.7808814,-2.7508814,-2.0608814,-1.1908814,-4.520881,-2.5708814,-2.7408814,-4.7208815,-4.9908814,-1.7308813,0.82911867,0.06911865,1.6791186,0.9491187,0.7491186,1.2391187,0.35911864,-1.2808814,-4.6408815,-2.7908814,-0.6808813,4.8891187,4.789119,2.7291186,0.34911865,0.43911865,0.33911866,-0.8108814,-2.7408814,-2.2608814,2.7891188,5.6191187,2.1691186,-1.4908813,-0.78088135,-1.5408814,-1.5608814,-1.9608814,-0.9308813,0.13911866,-2.5808814,-2.7808814,-2.0508814,-1.6308813,-2.1308813,-2.2008812,-3.2708814,-0.030881347,-1.1808814,-2.7208815,-1.7008814,-2.7308815,-0.7408813,-0.39088136,-1.5908813,-1.4408814,3.2091186,0.89911866,-1.6008813,-4.6308813,-3.7208815,-4.8508816,-1.6808814,6.6291184,4.1091185,4.7391186,1.9791187,1.2591187,-0.57088137,-3.1808813,-3.7508814,-1.3908813,-2.0208814,0.26911867,2.0491188,0.38911864,0.70911866,0.03911865,-1.5708814,0.15911865,1.2991186,-0.6108813,-0.44088134,-0.98088133,-1.2508813,-0.7408813,-1.5708814,2.7891188,2.9691186,2.6691186,1.8691187,-1.4208814,-1.1108813,0.89911866,0.7591187,1.7191186,1.9291186,-0.49088135,1.5191187,-1.5808814,-5.270881,-4.4908814,-5.3008814,-6.210881,-5.730881,-2.0208814,-0.71088135,-3.0108814,-1.9208814,-2.1008813,-2.6808813,-3.2408814,-2.4008813,0.18911865,-0.91088134,-2.5908813,2.8491187,1.2991186,3.5091186,1.6791186,-0.53088135,-0.24088135,-0.23088135,0.65911865,0.40911865,0.24911866,0.08911865,-0.79088134,0.27911866,0.53911865,0.91911864,0.6391187,-0.18088135,-3.5708814,-2.6508813,0.98911864,-0.84088135,-0.35088134,-1.1308813,0.21911865,0.18911865,-4.4108815,-2.9508812,-3.7108812,-5.9108815,-2.7008812,-1.6308813,0.23911865,1.5891186,0.42911866,-0.020881347,-0.9308813,-1.4208814,-0.84088135,2.6791186,0.19911866,-2.4308813,-3.7708814,3.0491188,2.5391188,2.1591187,0.32911864,1.2591187,-0.19088134,0.96911865,1.8091186,2.7691185,1.4891187,-0.11088135,-0.41088134,0.6291187,0.58911866,-0.66088134,-0.11088135,-1.1008813,-2.1408813,-1.5008813,1.5591186,-2.9208813,0.5691187,0.45911866,0.019118652,-4.3708816,-3.1708813,-1.4908813,-2.7308815,-2.1108813,-1.4908813,-2.2308815,-1.6308813,0.8091186,0.7591187,-2.0208814,-2.6308813,1.3591187,1.4891187,1.7091186,-1.5608814,-2.8208814,-3.1508813,1.0091187,2.5591187,2.0091186,-0.13088135,-0.52088135,1.5391186,1.3191186,-2.5408814,1.1891186,1.5491186,-2.6708813,-1.1708814,0.06911865,-1.7708813,-2.7108812,0.5591186,0.019118652,-0.72088134,0.22911865,-1.9308814,0.09911865,1.4191186,1.1491187,-4.1508813,-4.5708814,-3.6508813,-3.5408814,-3.7608814,-3.5308814,-2.7008812,-0.83088136,-0.05088135,-0.60088134,-2.1208813,-1.1408813,-1.4008813,-1.9208814,0.049118653,0.5691187,-0.76088136,-2.7708814,-0.83088136,-0.83088136,1.7791187,1.3191186,1.3191186,2.2091186,2.7591186,2.2591186,2.1691186,-0.33088136,-0.070881344,0.11911865,-0.53088135,-2.0108814,-1.7708813,-1.9808813,4.6491184,3.5491188,0.78911865,1.6791186,2.3391187,1.1691186,0.40911865,-5.0508814,-4.520881,-4.1908813,-4.210881,-3.3508813,-3.2308815,-2.7508814,-0.97088134,-0.8608813,-0.030881347,-1.5308814,-1.0208813,-0.05088135,-0.54088134,-2.2508814,-0.60088134,-2.0608814,-0.98088133,-2.9108813,-0.8708813,0.70911866,2.7891188,2.5791187,1.4991187,-3.7108812,0.32911864,2.9091187,2.5691187,1.8091186,-0.34088135,-1.6308813,-2.8708813,-1.9608814,0.25911865,-1.3308814,-2.5808814,-1.7208813,-2.2908814,0.049118653,-0.010881348,-0.64088136,-3.9308813,-4.830881,-6.1008816,-5.3708816,-4.6808815,-2.9008813,-4.540881,-0.91088134,0.77911866,0.6891186,-0.11088135,-0.9308813,-4.0108814,-2.3208814,-1.6908814,-2.3308814,-4.1408815,-3.4708815,-1.8408813,-1.0208813,-1.6708814,-1.8308814,-2.3808813,-1.9208814,-3.4508812,-5.290881,-4.3908815,-2.8408813,-0.72088134,-0.14088134,-0.67088133,0.03911865,0.029118652,-0.8708813,-1.7408813,-1.2208813,-0.6108813,-1.4108814,-1.6208813,-1.1008813,-1.0208813,-4.1208816,-4.5708814,-5.2008815,-5.040881,-5.270881,-4.9008813,-0.16088134,1.1091187,1.3791187,2.1191187,-0.010881348,-0.15088135,-3.2108812,-4.6508813,-2.3808813,-1.8708813,-0.66088134,-2.0908813,-2.7808814,-0.91088134,-0.85088134,-0.59088135,-0.66088134,-0.58088136,-1.4108814,-1.8708813,-2.6408813,-2.4308813,-2.3608813,-2.2308815,-3.2208815,-1.2808814,-1.9308814,-2.1408813,-1.8408813,-1.6708814,-1.7308813,-1.4408814,-1.9708813,-1.5908813,-2.4108813,-2.0208814,-4.1608815,-1.4008813,-3.2708814,-5.040881,-4.560881,-4.1808815,-3.0908813,-2.7308815,-2.6108813,-2.1908813,-3.8808813,0.18911865,-1.8408813,-3.2408814,-2.7308815,-0.76088136,-0.6808813,-0.6108813,-0.77088135,-0.71088135,-0.6208813,-0.71088135,-0.78088135,-1.0408814,-1.7208813,-1.8308814,-1.6108813,-1.4608814,-1.5008813,-1.1608814,-2.4708815,-2.2208815,-2.3008814,-1.9708813,-1.7908814,-2.6508813,-2.8108814,-3.0108814,-3.0208814,-0.60088134]}]