wind_kz.json
{"header": {"discipline":0,"disciplineName":"Meteorological products","gribEdition":2,"gribLength":871,"center":7,"centerName":"US National Weather Service - NCEP(WMC)","subcenter":0,"refTime":"2023-10-05T00:00:00.000Z","significanceOfRT":1,"significanceOfRTName":"Start of forecast","productStatus":0,"productStatusName":"Operational products","productType":1,"productTypeName":"Forecast products","productDefinitionTemplate":0,"productDefinitionTemplateName":"Analysis/forecast at horizontal level/layer at a point in time","parameterCategory":0,"parameterCategoryName":"UnknownDiscipline_0_Category_0","parameterNumber":0,"parameterNumberName":"UnknownParameter_D0_C0_0","parameterUnit":"Unknown","genProcessType":2,"genProcessTypeName":"Forecast","forecastTime":0,"surface1Type":1,"surface1TypeName":"Ground or water surface","surface1Value":0.0,"surface2Type":255,"surface2TypeName":"Missing","surface2Value":0.0,"gridDefinitionTemplate":0,"gridDefinitionTemplateName":"Latitude_Longitude","numberPoints":615,"shape":6,"shapeName":"Earth spherical with radius of 6,371,229.0 m","gridUnits":"degrees","resolution":48,"winds":"true","scanMode":64,"nx":41,"ny":15,"basicAngle":0,"lo1":47.0,"la1":41.0,"lo2":87.0,"la2":55.0,"dx":1.0,"dy":1.0}, "data":
[rows 0 to 14 of 15, columns 0 to 40 of 41]
287.8588,279.55878,283.9588,294.15878,294.15878,292.65878,291.4588,291.55878,291.05878,290.65878,291.05878,294.4588,293.65878,293.9588,293.2588,291.3588,291.65878,289.2588,287.7588,288.2588,288.2588,285.4588,284.3588,284.15878,284.8588,287.65878,285.7588,273.2588,269.55878,270.2588,269.3588,266.9588,279.9588,285.8588,287.4588,288.9588,288.65878,287.8588,288.2588,288.15878,287.05878
270.7588,284.7588,293.9588,293.8588,293.9588,291.9588,290.2588,288.7588,289.15878,289.2588,292.15878,291.8588,288.9588,288.4588,287.4588,288.3588,287.7588,286.9588,283.8588,284.2588,285.65878,285.8588,284.05878,280.65878,271.15878,270.4588,279.7588,270.55878,271.2588,267.3588,272.9588,264.05878,271.7588,249.65878,267.4588,284.05878,282.2588,285.2588,287.9588,280.65878,283.55878
283.3588,293.4588,293.3588,293.05878,291.3588,290.3588,288.7588,288.4588,288.7588,288.2588,291.05878,291.05878,288.4588,287.3588,287.15878,284.9588,284.15878,282.7588,282.55878,282.2588,283.15878,284.9588,284.65878,280.8588,281.4588,280.8588,282.4588,282.55878,282.2588,276.4588,267.15878,270.8588,275.15878,274.4588,276.4588,276.9588,270.8588,269.65878,271.4588,268.05878,267.55878
285.7588,292.65878,293.2588,292.2588,290.8588,288.8588,290.05878,289.8588,290.05878,291.15878,290.4588,289.4588,290.4588,289.65878,286.05878,284.7588,284.7588,282.65878,282.3588,282.9588,283.05878,278.3588,283.9588,284.65878,284.65878,284.9588,285.4588,284.9588,282.2588,281.55878,281.9588,281.9588,285.7588,284.2588,283.3588,280.8588,269.65878,261.55878,272.15878,279.7588,284.65878
287.9588,292.15878,292.4588,291.9588,290.65878,290.15878,290.2588,289.4588,289.9588,290.4588,289.8588,288.9588,289.4588,288.05878,286.55878,284.8588,284.4588,284.2588,282.8588,284.65878,284.65878,284.4588,283.55878,283.4588,283.55878,283.8588,282.2588,284.05878,282.2588,282.3588,284.05878,280.9588,271.55878,258.2588,274.3588,282.05878,286.4588,285.4588,286.8588,286.7588,286.2588
287.15878,285.4588,290.05878,290.65878,291.15878,290.55878,290.55878,291.2588,290.05878,289.7588,289.2588,288.3588,288.9588,288.9588,286.55878,283.65878,284.9588,283.8588,284.2588,284.4588,284.05878,283.15878,283.05878,282.3588,281.65878,280.4588,281.05878,288.4588,283.3588,284.05878,283.05878,284.15878,282.4588,281.3588,279.8588,283.05878,275.05878,276.9588,281.8588,284.7588,284.4588
284.2588,286.05878,287.2588,288.15878,289.65878,288.15878,289.55878,288.3588,289.65878,289.65878,289.65878,289.2588,287.3588,285.2588,284.2588,284.7588,283.9588,284.05878,283.9588,283.2588,282.4588,283.2588,283.3588,282.9588,281.55878,281.7588,280.9588,282.9588,282.3588,282.7588,282.4588,282.4588,282.15878,283.05878,281.9588,280.2588,276.2588,272.55878,270.7588,271.15878,280.4588
285.65878,288.7588,289.7588,290.3588,287.4588,287.8588,288.15878,287.55878,287.65878,288.2588,287.7588,287.9588,285.65878,285.05878,284.05878,284.65878,284.65878,284.2588,283.55878,281.3588,281.55878,281.3588,282.2588,281.3588,280.65878,278.3588,278.4588,279.7588,279.05878,280.65878,279.65878,279.8588,278.9588,277.3588,277.65878,278.05878,280.4588,285.7588,280.15878,280.4588,277.15878
283.8588,283.7588,286.15878,285.65878,288.55878,287.7588,287.05878,287.9588,284.9588,284.65878,284.2588,283.2588,282.7588,282.7588,282.2588,281.8588,281.55878,281.2588,281.65878,280.3588,277.9588,278.7588,280.4588,280.55878,278.7588,280.05878,277.9588,277.7588,277.9588,275.55878,276.05878,277.3588,278.3588,277.8588,277.8588,277.15878,277.05878,276.3588,263.2588,264.7588,263.65878
281.8588,284.15878,284.15878,288.55878,285.2588,284.7588,284.9588,287.8588,286.65878,286.8588,284.4588,281.65878,282.2588,281.65878,281.9588,281.2588,280.65878,279.2588,279.65878,280.7588,279.7588,279.15878,279.9588,280.65878,280.55878,279.05878,279.4588,279.4588,279.05878,279.4588,279.05878,280.15878,281.05878,281.55878,280.15878,278.8588,277.2588,273.15878,270.2588,268.55878,266.05878
281.2588,281.65878,282.9588,283.55878,284.9588,284.2588,284.05878,287.05878,286.3588,285.9588,285.05878,285.15878,284.9588,282.2588,281.3588,281.2588,280.9588,281.05878,279.4588,278.4588,277.9588,277.7588,279.15878,280.2588,280.65878,281.05878,280.4588,282.15878,281.65878,282.05878,282.2588,281.7588,281.05878,281.3588,280.7588,279.2588,278.8588,273.4588,272.4588,272.65878,270.3588
279.65878,280.55878,281.2588,281.55878,281.9588,284.9588,282.4588,282.15878,283.15878,282.55878,280.4588,280.3588,281.65878,281.15878,281.55878,281.65878,281.4588,281.2588,280.4588,280.05878,279.05878,278.4588,277.65878,277.8588,278.05878,278.9588,278.65878,280.2588,282.3588,282.9588,282.05878,281.15878,281.55878,279.65878,280.65878,278.65878,279.9588,277.7588,277.15878,276.4588,275.4588
281.05878,279.65878,280.3588,280.2588,281.7588,281.65878,280.9588,282.15878,282.3588,284.9588,283.15878,278.4588,280.9588,280.55878,281.15878,281.3588,281.55878,281.3588,281.55878,281.05878,282.65878,278.65878,278.4588,279.2588,280.8588,279.15878,279.9588,279.55878,280.05878,280.3588,281.4588,281.55878,280.9588,280.05878,279.55878,278.7588,277.8588,277.8588,276.15878,274.55878,274.65878
282.3588,282.15878,283.3588,282.05878,279.7588,280.15878,280.4588,281.55878,281.3588,281.3588,280.7588,277.55878,278.3588,280.7588,281.55878,281.55878,281.2588,280.9588,280.7588,281.05878,281.55878,281.3588,284.15878,281.4588,283.4588,283.05878,282.05878,279.4588,278.55878,278.65878,279.65878,279.7588,280.2588,279.4588,279.2588,278.05878,277.65878,276.8588,275.9588,275.3588,274.4588
284.9588,283.8588,285.05878,282.05878,281.3588,281.65878,281.7588,280.55878,280.4588,280.4588,281.55878,279.7588,281.65878,279.3588,281.15878,281.2588,281.05878,280.4588,280.4588,280.9588,281.4588,281.15878,281.2588,280.7588,281.55878,282.4588,283.05878,282.05878,278.9588,278.3588,278.2588,281.05878,278.8588,278.9588,278.8588,278.8588,278.3588,277.2588,277.4588,276.8588,275.3588
