wind_kz.json
{"header": {"discipline":0,"disciplineName":"Meteorological products","gribEdition":2,"gribLength":1102,"center":7,"centerName":"US National Weather Service - NCEP(WMC)","subcenter":0,"refTime":"2024-02-01T12:00:00.000Z","significanceOfRT":1,"significanceOfRTName":"Start of forecast","productStatus":0,"productStatusName":"Operational products","productType":1,"productTypeName":"Forecast products","productDefinitionTemplate":0,"productDefinitionTemplateName":"Analysis/forecast at horizontal level/layer at a point in time","parameterCategory":2,"parameterCategoryName":"UnknownDiscipline_0_Category_2","parameterNumber":3,"parameterNumberName":"UnknownParameter_D0_C2_3","parameterUnit":"Unknown","genProcessType":2,"genProcessTypeName":"Forecast","forecastTime":120,"surface1Type":103,"surface1TypeName":"Specified height level above ground","surface1Value":10.0,"surface2Type":255,"surface2TypeName":"Missing","surface2Value":0.0,"gridDefinitionTemplate":0,"gridDefinitionTemplateName":"Latitude_Longitude","numberPoints":615,"shape":6,"shapeName":"Earth spherical with radius of 6,371,229.0 m","gridUnits":"degrees","resolution":48,"winds":"true","scanMode":64,"nx":41,"ny":15,"basicAngle":0,"lo1":47.0,"la1":41.0,"lo2":87.0,"la2":55.0,"dx":1.0,"dy":1.0}, "data":
[rows 0 to 14 of 15, columns 0 to 40 of 41]
-8.907959,1.372041,0.982041,-1.9679589,-4.327959,-5.817959,-6.187959,-6.547959,-5.677959,-6.217959,-3.797959,4.1020412,6.022041,5.372041,4.932041,6.062041,6.892041,9.112041,9.352041,8.162041,5.172041,6.882041,3.142041,-0.777959,0.40204102,0.922041,-2.057959,0.722041,1.952041,2.752041,0.652041,-2.557959,1.332041,0.75204104,1.312041,0.912041,2.2220411,2.142041,1.052041,-0.41795897,-0.977959
3.452041,-5.697959,-9.747959,-9.357959,-7.267959,-6.717959,-6.507959,-5.827959,-5.6479588,-6.217959,-2.117959,6.072041,6.702041,6.002041,6.1020412,5.362041,5.862041,6.302041,8.032041,4.562041,7.262041,5.002041,1.772041,1.932041,-0.99795896,-0.68795896,-3.047959,1.242041,0.032041017,1.132041,4.782041,4.882041,-0.10795899,-1.647959,-4.777959,-2.387959,-1.727959,-1.607959,0.062041014,-0.007958984,0.252041
-2.677959,-9.187959,-8.047959,-5.917959,-6.557959,-5.217959,-3.807959,-3.827959,-4.807959,-7.467959,-0.09795898,8.652041,8.382041,6.532041,5.032041,4.3520412,3.532041,4.542041,4.682041,4.242041,3.512041,2.662041,0.442041,0.862041,2.282041,3.832041,1.1620411,0.39204103,-0.817959,2.492041,2.412041,0.782041,2.992041,-2.487959,-0.55795896,2.312041,5.442041,-0.587959,0.69204104,0.46204102,-0.587959
-2.877959,-2.417959,0.13204102,-0.897959,-2.867959,-1.697959,-1.257959,-2.427959,-2.567959,-4.6479588,-2.987959,8.392041,10.802041,10.202041,5.722041,4.062041,3.9820411,3.622041,3.422041,4.122041,5.762041,4.372041,4.6020412,3.122041,2.572041,1.812041,2.022041,-0.887959,3.372041,3.262041,-0.16795899,-1.617959,-0.74795896,-0.467959,-1.577959,-3.857959,-2.807959,2.052041,2.192041,1.072041,1.092041
-2.537959,-1.047959,2.642041,4.152041,3.602041,1.272041,0.782041,0.622041,0.22204101,-0.13795899,1.202041,8.602041,9.972041,9.672041,7.782041,4.342041,3.712041,4.082041,4.642041,3.062041,1.922041,0.912041,1.472041,1.002041,1.112041,0.49204102,0.542041,0.13204102,0.322041,-0.777959,-1.977959,-0.32795897,2.212041,2.572041,-1.3379589,-1.497959,-0.957959,-1.487959,-0.487959,-0.487959,-0.917959
-1.4679589,1.7920411,3.382041,4.282041,4.922041,4.182041,3.332041,2.202041,0.94204104,-0.38795897,5.882041,8.732041,8.552041,9.162041,5.382041,4.202041,3.752041,3.692041,3.512041,2.4820411,1.242041,2.672041,3.592041,2.002041,2.122041,0.992041,-1.447959,-1.767959,-1.247959,-1.5879589,-2.107959,-2.047959,-0.41795897,-1.667959,2.072041,12.272041,3.992041,4.642041,0.08204102,-1.247959,-1.237959
-2.687959,0.472041,6.592041,7.392041,5.942041,5.612041,3.792041,3.422041,-0.397959,8.212041,9.462041,7.772041,7.292041,5.512041,4.492041,4.8520412,4.572041,4.232041,5.452041,3.312041,2.012041,2.622041,3.832041,4.622041,3.662041,2.002041,-1.407959,-1.2179589,-2.587959,-0.967959,-1.437959,-2.407959,-4.007959,-1.747959,-1.117959,-1.777959,-4.1479588,-0.40795898,1.2820411,-0.34795898,2.832041
-3.787959,-0.657959,6.212041,9.442041,6.792041,4.702041,3.212041,3.792041,8.872041,9.642041,9.132041,7.512041,5.292041,4.572041,3.832041,4.552041,4.432041,5.292041,5.932041,5.242041,2.2220411,2.542041,2.692041,5.112041,6.582041,3.442041,5.282041,0.012041016,-0.28795898,-2.757959,-1.697959,-1.627959,-2.287959,-3.237959,0.42204103,0.022041015,-0.34795898,-1.097959,-1.237959,0.672041,-0.74795896
-2.547959,-2.967959,5.582041,7.632041,6.542041,5.472041,5.162041,7.942041,9.802041,8.912041,7.952041,7.722041,6.532041,5.552041,3.622041,3.082041,5.312041,5.882041,5.8520412,6.792041,6.262041,2.812041,5.532041,4.442041,3.212041,4.222041,2.182041,2.042041,2.622041,1.442041,1.922041,2.9720411,2.462041,2.832041,4.132041,3.782041,-2.937959,1.132041,0.802041,0.932041,-3.147959
-2.257959,1.4120411,2.642041,4.472041,5.052041,4.832041,6.232041,9.752041,9.552041,9.332041,8.622041,6.632041,6.312041,6.512041,4.792041,3.372041,2.832041,3.622041,5.132041,4.412041,6.122041,6.742041,5.8520412,4.582041,3.552041,3.202041,2.762041,1.7920411,1.992041,1.7820411,2.142041,2.192041,3.532041,2.952041,3.152041,1.462041,0.992041,-2.967959,-0.657959,3.792041,3.542041
-5.1479588,1.9120411,2.862041,4.382041,4.522041,6.802041,8.182041,8.642041,9.062041,8.112041,7.862041,8.042041,6.462041,7.112041,4.782041,5.142041,4.802041,3.9820411,3.842041,4.652041,3.922041,5.822041,5.382041,4.502041,3.082041,4.082041,2.052041,2.632041,2.692041,2.362041,2.712041,1.7920411,2.9720411,3.582041,4.022041,1.442041,0.15204102,2.692041,0.862041,0.94204104,-0.40795898
-3.917959,-3.677959,0.95204103,3.862041,5.632041,6.142041,7.272041,7.822041,6.932041,6.012041,5.712041,6.002041,6.072041,5.482041,5.232041,5.192041,5.052041,5.252041,4.842041,4.752041,5.132041,4.362041,4.022041,3.542041,4.882041,4.142041,3.832041,4.052041,4.152041,3.612041,2.572041,3.172041,2.392041,3.032041,3.042041,1.952041,0.802041,1.972041,2.002041,1.482041,0.482041
-2.677959,-3.077959,-0.537959,2.172041,3.962041,4.612041,6.822041,8.672041,10.322041,7.132041,4.042041,3.4720411,4.752041,6.162041,5.572041,4.992041,5.232041,4.992041,4.242041,5.022041,5.152041,5.432041,5.042041,5.612041,4.672041,3.922041,4.022041,3.952041,4.072041,3.592041,3.712041,3.912041,2.632041,2.992041,3.032041,3.342041,3.032041,0.70204103,1.392041,0.51204103,0.012041016
-1.777959,-1.4679589,-1.997959,2.822041,3.052041,5.442041,7.292041,8.362041,7.362041,7.112041,4.592041,0.57204103,4.1020412,4.732041,3.132041,4.992041,4.772041,4.772041,3.392041,4.982041,5.692041,3.592041,3.742041,3.712041,3.152041,3.602041,4.062041,4.082041,3.752041,3.552041,3.822041,3.922041,4.562041,4.482041,2.692041,3.302041,2.692041,1.762041,1.092041,1.722041,0.972041
-2.907959,-1.407959,0.08204102,2.372041,4.532041,4.092041,7.182041,8.342041,8.082041,5.332041,2.562041,2.392041,1.272041,3.772041,6.072041,5.902041,6.012041,5.412041,6.092041,5.402041,4.812041,4.072041,4.092041,4.342041,3.182041,3.002041,3.602041,3.612041,3.412041,3.502041,4.282041,4.702041,4.402041,4.322041,4.8520412,4.6020412,4.572041,4.792041,2.332041,3.342041,0.872041
