wind_kz.json
{"header": {"discipline":0,"disciplineName":"Meteorological products","gribEdition":2,"gribLength":948,"center":7,"centerName":"US National Weather Service - NCEP(WMC)","subcenter":0,"refTime":"2023-09-30T12:00:00.000Z","significanceOfRT":1,"significanceOfRTName":"Start of forecast","productStatus":0,"productStatusName":"Operational products","productType":1,"productTypeName":"Forecast products","productDefinitionTemplate":0,"productDefinitionTemplateName":"Analysis/forecast at horizontal level/layer at a point in time","parameterCategory":0,"parameterCategoryName":"UnknownDiscipline_0_Category_0","parameterNumber":0,"parameterNumberName":"UnknownParameter_D0_C0_0","parameterUnit":"Unknown","genProcessType":2,"genProcessTypeName":"Forecast","forecastTime":120,"surface1Type":1,"surface1TypeName":"Ground or water surface","surface1Value":0.0,"surface2Type":255,"surface2TypeName":"Missing","surface2Value":0.0,"gridDefinitionTemplate":0,"gridDefinitionTemplateName":"Latitude_Longitude","numberPoints":615,"shape":6,"shapeName":"Earth spherical with radius of 6,371,229.0 m","gridUnits":"degrees","resolution":48,"winds":"true","scanMode":64,"nx":41,"ny":15,"basicAngle":0,"lo1":47.0,"la1":41.0,"lo2":87.0,"la2":55.0,"dx":1.0,"dy":1.0}, "data":
[rows 0 to 14 of 15, columns 0 to 40 of 41]
295.0611,285.16107,291.0611,293.86108,293.36108,292.9611,299.86108,307.16107,302.76108,301.9611,297.86108,292.5611,291.66107,290.9611,294.86108,294.9611,296.0611,297.86108,299.26108,299.66107,302.0611,299.26108,300.4611,295.9611,296.9611,298.36108,294.26108,282.36108,280.0611,278.0611,277.36108,276.76108,288.16107,294.26108,294.9611,295.16107,293.36108,293.86108,295.0611,295.16107,293.0611
273.5611,293.76108,294.0611,293.5611,293.4611,292.26108,307.36108,304.16107,301.9611,300.9611,299.5611,297.66107,294.0611,293.16107,292.0611,292.36108,292.0611,295.36108,296.36108,296.66107,299.16107,298.5611,297.0611,287.4611,278.16107,279.26108,287.26108,281.9611,282.86108,276.66107,281.86108,270.76108,280.76108,250.96109,274.5611,291.66107,290.0611,292.0611,294.76108,287.16107,284.0611
299.4611,293.86108,294.0611,293.26108,291.36108,303.0611,303.66107,303.26108,303.0611,300.0611,296.66107,296.4611,295.36108,292.66107,296.0611,292.86108,291.5611,292.9611,293.86108,295.66107,297.5611,297.16107,297.86108,292.4611,296.9611,293.9611,294.76108,293.5611,292.66107,283.4611,273.36108,276.66107,281.4611,281.76108,283.4611,281.26108,271.76108,276.4611,277.16107,271.16107,270.5611
301.16107,293.16107,293.36108,292.4611,293.5611,301.4611,301.16107,301.86108,303.4611,302.76108,301.36108,298.76108,290.5611,290.0611,295.5611,292.66107,292.76108,292.0611,293.66107,295.36108,296.0611,292.16107,297.16107,297.36108,297.66107,297.76108,297.4611,295.36108,292.4611,292.86108,293.86108,289.86108,294.36108,291.66107,290.5611,284.26108,271.16107,261.76108,277.0611,285.66107,289.26108
304.9611,292.76108,292.66107,292.0611,295.5611,300.0611,301.16107,302.36108,301.4611,299.76108,299.9611,295.16107,289.9611,288.76108,286.86108,294.5611,294.86108,292.4611,293.5611,296.76108,297.5611,297.5611,296.26108,296.16107,295.66107,295.5611,293.86108,292.16107,294.26108,292.86108,295.66107,291.86108,277.76108,262.9611,279.66107,287.86108,290.66107,291.66107,291.76108,292.36108,292.16107
302.9611,301.0611,290.5611,292.5611,292.26108,292.26108,302.5611,302.0611,300.26108,299.5611,299.26108,297.76108,292.16107,289.36108,291.9611,294.9611,295.4611,295.16107,295.16107,296.16107,295.5611,295.0611,295.36108,294.9611,293.86108,291.86108,290.76108,287.5611,292.86108,293.26108,291.5611,293.0611,291.36108,288.5611,285.76108,289.4611,281.16107,282.76108,289.26108,289.76108,290.66107
301.5611,301.66107,300.5611,300.86108,298.16107,299.86108,301.0611,300.0611,299.9611,299.76108,297.4611,291.16107,294.36108,293.66107,295.0611,296.16107,295.36108,294.76108,294.9611,294.0611,293.36108,293.36108,294.36108,293.9611,291.36108,290.4611,289.66107,290.9611,290.16107,290.26108,289.5611,289.36108,290.36108,290.86108,289.4611,287.36108,281.16107,278.26108,277.4611,272.9611,286.86108
300.76108,299.86108,299.4611,299.5611,299.26108,299.36108,299.9611,298.66107,297.86108,296.9611,295.16107,286.86108,287.76108,291.4611,295.4611,294.16107,293.76108,294.5611,294.0611,291.36108,291.0611,291.36108,292.36108,291.86108,290.26108,287.16107,286.86108,287.16107,285.9611,287.66107,285.9611,286.86108,286.36108,284.4611,285.5611,286.16107,286.4611,285.5611,286.4611,286.66107,283.0611
299.9611,298.76108,298.76108,298.4611,297.0611,296.9611,297.0611,297.26108,295.76108,293.66107,293.4611,290.66107,289.36108,290.5611,294.4611,295.5611,292.86108,292.86108,292.4611,291.36108,289.5611,289.26108,290.0611,290.16107,288.76108,288.86108,286.26108,284.86108,284.4611,282.86108,283.0611,284.0611,284.4611,284.9611,284.76108,282.9611,283.0611,282.4611,270.76108,271.76108,270.26108
299.16107,298.66107,298.36108,297.9611,297.5611,296.26108,295.26108,295.16107,295.26108,292.86108,291.16107,287.76108,291.86108,292.4611,292.0611,293.4611,292.66107,291.9611,291.0611,290.16107,288.5611,289.36108,290.16107,290.0611,289.4611,287.9611,287.5611,286.76108,285.4611,284.76108,284.36108,284.36108,285.76108,285.36108,284.86108,283.86108,282.5611,278.26108,274.4611,273.76108,270.66107
297.16107,297.16107,296.76108,296.0611,296.4611,295.5611,294.36108,294.16107,294.76108,294.4611,290.86108,290.86108,291.76108,289.5611,289.66107,290.76108,290.16107,290.5611,290.5611,288.66107,288.36108,288.86108,288.66107,288.76108,288.0611,287.86108,285.66107,287.0611,286.86108,287.4611,286.86108,286.76108,285.16107,285.26108,284.36108,282.16107,279.66107,276.86108,277.16107,277.26108,275.5611
294.76108,296.86108,296.9611,296.76108,295.4611,294.36108,293.66107,292.36108,292.9611,293.86108,291.36108,290.36108,290.26108,290.36108,290.66107,291.16107,290.86108,290.16107,289.5611,288.9611,287.66107,286.4611,285.86108,286.5611,285.86108,286.86108,287.16107,287.66107,287.26108,287.26108,285.66107,285.26108,285.66107,282.4611,283.36108,280.76108,280.36108,280.16107,279.66107,280.86108,280.86108
291.26108,292.76108,294.4611,294.76108,295.4611,294.5611,293.66107,292.0611,290.5611,291.4611,288.5611,287.66107,288.26108,288.16107,290.5611,290.9611,291.16107,290.5611,290.66107,289.16107,288.4611,286.76108,285.9611,285.0611,286.0611,286.76108,288.16107,286.9611,287.16107,286.26108,286.26108,285.36108,284.66107,283.36108,282.66107,282.0611,280.36108,280.76108,278.4611,277.26108,278.0611
290.9611,291.9611,288.5611,292.5611,292.66107,292.9611,291.76108,290.66107,290.5611,289.66107,287.5611,285.4611,287.66107,289.26108,289.86108,290.5611,290.16107,289.5611,289.86108,289.9611,289.5611,288.76108,288.26108,287.9611,287.86108,287.66107,286.5611,286.0611,285.26108,285.26108,284.86108,283.86108,282.86108,281.76108,281.9611,280.26108,280.0611,279.4611,278.86108,277.0611,277.26108
290.36108,291.4611,285.16107,292.16107,291.0611,291.26108,291.5611,290.5611,290.86108,289.86108,288.36108,286.9611,285.66107,287.0611,287.9611,289.26108,289.36108,289.4611,290.0611,289.26108,288.9611,288.66107,288.76108,287.76108,287.36108,287.0611,287.5611,286.16107,285.66107,284.76108,284.36108,283.4611,282.76108,282.5611,282.16107,281.66107,281.66107,279.66107,280.36108,279.76108,278.86108
