wind_kz.json
{"header": {"discipline":0,"disciplineName":"Meteorological products","gribEdition":2,"gribLength":1102,"center":7,"centerName":"US National Weather Service - NCEP(WMC)","subcenter":0,"refTime":"2023-09-24T12:00:00.000Z","significanceOfRT":1,"significanceOfRTName":"Start of forecast","productStatus":0,"productStatusName":"Operational products","productType":1,"productTypeName":"Forecast products","productDefinitionTemplate":0,"productDefinitionTemplateName":"Analysis/forecast at horizontal level/layer at a point in time","parameterCategory":2,"parameterCategoryName":"UnknownDiscipline_0_Category_2","parameterNumber":2,"parameterNumberName":"UnknownParameter_D0_C2_2","parameterUnit":"Unknown","genProcessType":2,"genProcessTypeName":"Forecast","forecastTime":0,"surface1Type":103,"surface1TypeName":"Specified height level above ground","surface1Value":10.0,"surface2Type":255,"surface2TypeName":"Missing","surface2Value":0.0,"gridDefinitionTemplate":0,"gridDefinitionTemplateName":"Latitude_Longitude","numberPoints":615,"shape":6,"shapeName":"Earth spherical with radius of 6,371,229.0 m","gridUnits":"degrees","resolution":48,"winds":"true","scanMode":64,"nx":41,"ny":15,"basicAngle":0,"lo1":47.0,"la1":41.0,"lo2":87.0,"la2":55.0,"dx":1.0,"dy":1.0}, "data":
[rows 0 to 14 of 15, columns 0 to 40 of 41]
-1.360879,0.7791211,-2.910879,-5.900879,-4.430879,-4.480879,-8.370879,-7.660879,-7.500879,-6.210879,-5.5608788,-4.520879,-3.860879,-3.080879,-2.560879,-3.310879,-2.7308788,-4.730879,-4.280879,-4.710879,-2.9908788,-0.8908789,1.0891211,3.4891212,1.9791211,3.0091212,1.8691211,0.29912108,-0.030878907,0.6991211,1.5691211,0.6491211,-1.1808789,-0.9308789,1.4691211,1.7491211,4.029121,4.459121,4.509121,4.839121,4.929121
0.9891211,-4.490879,-11.710879,-7.300879,-4.210879,1.7891212,-7.3908787,-6.920879,-6.430879,-5.610879,-5.030879,-3.7408788,-4.610879,-3.800879,-3.7708788,-4.520879,-4.6408787,-5.530879,-5.1208787,-4.5808787,-4.6208787,-3.880879,-2.800879,2.119121,1.0891211,-1.100879,0.6791211,0.93912107,-2.100879,-0.3208789,0.4791211,0.5691211,1.3391211,-1.360879,0.48912108,1.5891211,2.5691211,2.689121,4.4391212,0.6191211,6.349121
-8.070879,-10.380878,-10.490879,-7.780879,-5.130879,-6.360879,-5.900879,-5.3708787,-5.3508787,-5.1208787,-4.880879,-4.720879,-4.450879,-4.320879,-3.630879,-4.210879,-5.320879,-5.360879,-5.300879,-4.770879,-4.3508787,-8.740879,-7.300879,-8.860879,-5.6208787,-6.660879,-3.890879,-2.140879,1.6991211,-1.0708789,0.3491211,-1.2808789,-1.840879,2.599121,-0.5708789,-1.6408789,2.689121,-0.9708789,5.579121,6.709121,2.7891212
-10.610879,-10.780879,-8.710879,-4.030879,-5.040879,-6.3908787,-5.860879,-6.230879,-5.3508787,-5.160879,-6.5808787,-5.910879,-3.4708788,-1.100879,-2.590879,-5.000879,-5.3108788,-5.520879,-5.380879,-5.280879,-7.070879,-9.320879,-7.020879,-7.700879,-8.100879,-7.8308787,-7.360879,-7.160879,-5.300879,-2.5008788,-0.19087891,0.8691211,9.959121,11.479121,10.249121,2.7991211,0.6591211,3.209121,-0.7108789,-0.2308789,3.639121
-10.810879,-10.0908785,-7.450879,-6.6208787,-5.570879,-6.530879,-6.510879,-5.8508787,-5.250879,-5.380879,-6.770879,-6.590879,-4.490879,-2.360879,0.7291211,-5.550879,-5.700879,-5.6008787,-5.960879,-6.520879,-7.790879,-7.550879,-7.670879,-8.150879,-8.5908785,-8.470879,-8.270879,-5.460879,-4.470879,-3.050879,-2.810879,-2.170879,-0.07087891,2.119121,-1.2508789,-1.5708789,10.209121,1.8591211,0.93912107,7.579121,-2.840879
-8.880878,-7.540879,-7.010879,-6.420879,-5.420879,-1.980879,-4.900879,-5.410879,-5.150879,-4.450879,-6.5608788,-4.380879,-5.6208787,-4.180879,-3.4408789,-4.910879,-5.610879,-5.750879,-5.860879,-6.460879,-7.210879,-7.070879,-6.610879,-6.440879,-6.160879,-6.180879,-6.110879,-5.480879,-3.4808788,-1.5708789,-0.9308789,-0.7908789,0.29912108,2.089121,3.139121,4.019121,5.809121,9.819121,4.999121,11.099121,-2.620879
-7.510879,-7.010879,-6.220879,-5.020879,-0.3808789,-2.410879,-4.460879,-4.200879,-4.480879,-5.630879,-4.590879,-5.1008787,-4.910879,-5.1208787,-5.090879,-5.1408787,-4.610879,-4.520879,-4.720879,-5.410879,-5.770879,-5.790879,-5.3908787,-4.630879,-4.440879,-4.160879,-3.370879,-2.090879,-1.1908789,0.6591211,0.7591211,1.4991211,1.9791211,3.3191211,1.8591211,1.649121,-1.480879,1.4391211,3.7591212,-0.87087893,3.959121
-6.760879,-6.3708787,-5.170879,-4.700879,-4.360879,-6.090879,-3.820879,-4.300879,-5.680879,-3.570879,-4.190879,-4.650879,-4.660879,-4.540879,-4.420879,-4.340879,-3.630879,-3.660879,-3.050879,-3.900879,-4.280879,-4.300879,-4.180879,-3.090879,-2.9508789,-1.9308789,-0.6708789,-0.010878907,0.5191211,1.4491211,1.9491211,1.6991211,1.779121,-0.4008789,1.8491211,3.449121,3.8191211,8.379121,9.339121,12.839121,10.669121
-5.8108788,-5.6408787,-4.8908787,-4.610879,-4.430879,-3.040879,-3.4808788,-2.310879,-3.550879,-3.4508789,-3.050879,-3.7108788,-3.870879,-3.7008789,-3.4808788,-3.7008789,-3.4908788,-3.090879,-2.890879,-2.2208788,-2.170879,-1.9308789,-0.9808789,-0.040878907,-0.7808789,-0.010878907,0.6191211,1.1991211,2.469121,3.7991211,4.4191213,3.189121,3.349121,2.379121,3.339121,2.9991212,2.909121,2.639121,1.6891211,1.2391211,0.6491211
-4.420879,-3.4508789,-3.4508789,-3.2308788,-2.670879,-3.0208788,-3.410879,-2.7608788,-2.040879,-2.7508788,-2.390879,-3.370879,-3.2708788,-2.400879,-2.2308788,-2.2708788,-1.6508789,-1.090879,-0.6008789,-0.2808789,0.4191211,1.389121,2.0291212,2.929121,2.589121,2.9891212,3.2991211,2.719121,3.7391212,5.409121,6.119121,5.039121,3.599121,4.059121,3.139121,2.099121,1.5591211,2.8091211,0.8891211,1.2291211,1.1791211
-1.5808789,-1.2608789,-0.8808789,-1.4108789,-2.140879,-2.350879,-1.1808789,-3.900879,-1.3308789,-3.560879,-2.2308788,-0.3808789,1.5091211,-1.090879,-0.62087893,0.099121094,1.1691211,1.8391211,2.2791212,2.889121,3.0591211,3.659121,3.719121,3.679121,3.209121,3.4791212,5.009121,3.649121,3.719121,5.709121,4.9391212,5.849121,3.7891212,3.869121,2.8191211,2.109121,1.2291211,0.4391211,-0.9408789,0.2491211,0.2491211
-0.8008789,0.2591211,0.4391211,0.9591211,-0.6408789,-0.9508789,-1.1308789,-2.390879,-2.060879,-0.9308789,1.5991211,1.8291211,1.1091211,2.349121,1.5691211,1.9691211,3.0491211,3.469121,4.119121,4.319121,3.879121,4.159121,4.1891212,3.9791212,3.7991211,4.299121,4.159121,2.439121,2.699121,4.349121,4.119121,5.069121,2.7491212,2.899121,2.649121,3.459121,3.629121,3.169121,2.089121,2.699121,0.9491211
0.74912107,-0.7308789,0.87912107,0.5891211,0.5591211,0.8891211,0.99912107,-1.0808789,-1.0108789,-0.3308789,0.8591211,-0.6708789,-0.3508789,0.48912108,0.62912107,2.419121,3.3091211,3.909121,3.889121,4.1091213,4.1091213,4.1291213,4.509121,4.659121,5.6691213,4.509121,3.5591211,2.0091212,3.449121,2.7991211,4.459121,3.219121,2.699121,3.599121,3.339121,3.159121,3.0691211,2.609121,2.699121,3.3091211,1.8491211
1.2091211,1.2491211,-0.9808789,3.349121,2.589121,2.609121,2.0091212,2.2791212,0.5491211,-0.62087893,0.6191211,1.1091211,1.5391212,2.439121,2.719121,3.379121,3.7591212,3.9991212,4.269121,4.779121,5.1491213,4.639121,5.1091213,4.9391212,5.089121,4.449121,0.26912108,1.6091211,2.8091211,2.909121,3.2291212,1.4891211,2.719121,2.0291212,2.589121,2.9991212,2.669121,2.949121,3.159121,2.629121,2.359121
2.3091211,3.149121,1.909121,4.309121,3.089121,3.079121,2.589121,1.6791211,1.1091211,0.5691211,1.5391212,2.5191212,2.379121,2.8191211,3.4891212,3.929121,4.089121,3.7491212,3.609121,4.029121,4.219121,4.539121,3.179121,3.679121,1.9391211,2.959121,0.059121095,1.5591211,3.429121,2.2891212,3.189121,3.9791212,2.219121,1.8091211,2.649121,3.209121,3.159121,3.619121,4.1091213,4.1691213,1.639121
