wind_kz.json
{"header": {"discipline":0,"disciplineName":"Meteorological products","gribEdition":2,"gribLength":1025,"center":7,"centerName":"US National Weather Service - NCEP(WMC)","subcenter":0,"refTime":"2024-04-07T12:00:00.000Z","significanceOfRT":1,"significanceOfRTName":"Start of forecast","productStatus":0,"productStatusName":"Operational products","productType":1,"productTypeName":"Forecast products","productDefinitionTemplate":0,"productDefinitionTemplateName":"Analysis/forecast at horizontal level/layer at a point in time","parameterCategory":2,"parameterCategoryName":"UnknownDiscipline_0_Category_2","parameterNumber":2,"parameterNumberName":"UnknownParameter_D0_C2_2","parameterUnit":"Unknown","genProcessType":2,"genProcessTypeName":"Forecast","forecastTime":180,"surface1Type":103,"surface1TypeName":"Specified height level above ground","surface1Value":10.0,"surface2Type":255,"surface2TypeName":"Missing","surface2Value":0.0,"gridDefinitionTemplate":0,"gridDefinitionTemplateName":"Latitude_Longitude","numberPoints":615,"shape":6,"shapeName":"Earth spherical with radius of 6,371,229.0 m","gridUnits":"degrees","resolution":48,"winds":"true","scanMode":64,"nx":41,"ny":15,"basicAngle":0,"lo1":47.0,"la1":41.0,"lo2":87.0,"la2":55.0,"dx":1.0,"dy":1.0}, "data":
[rows 0 to 14 of 15, columns 0 to 40 of 41]
-0.58845216,-1.1084522,2.3215477,-0.12845215,1.6015478,2.4715478,2.641548,3.0615478,2.5315478,2.3115478,3.7315478,3.5815477,3.2615478,2.641548,1.6715479,0.061547853,-0.36845216,-1.4684521,-2.6984522,-2.338452,-2.5584521,-0.57845217,0.8115479,-0.8884522,-0.82845217,-0.98845214,-2.108452,-0.24845214,-0.86845213,-0.48845214,-2.088452,1.7915479,1.5615479,0.77154785,0.19154786,-0.98845214,-1.2584522,-0.83845216,-1.9884522,0.091547854,1.7815479
0.8615478,2.621548,-1.6084522,-0.39845216,1.1915479,1.9315479,1.9315479,0.95154786,3.4815478,3.421548,3.2815478,2.7315478,3.371548,2.4815478,2.881548,0.89154786,-0.38845214,-2.0284522,-1.5184522,-1.8084521,-1.0484521,-0.5084522,-1.3084521,-2.0484521,-0.11845215,0.34154785,-1.0084522,-0.19845214,-1.7884521,-0.008452148,-0.19845214,-0.5584521,2.0815477,-2.2884521,0.9415479,-0.51845217,-0.27845216,0.79154783,-1.9984522,0.5015479,-4.558452
1.8215479,1.9515479,0.57154787,0.89154786,2.161548,1.6915479,2.3215477,3.4615479,2.7415478,2.8215477,3.3315477,2.421548,3.171548,3.631548,2.1915479,2.5415478,0.90154785,0.72154784,0.28154784,-0.39845216,0.72154784,1.3315479,-3.3084521,-2.888452,0.97154784,-2.5284522,-2.0484521,-0.06845215,-1.0784521,-0.31845215,-1.0584521,0.40154785,0.59154785,-0.14845215,-0.6284521,-1.2684522,-0.11845215,0.21154785,1.7715478,1.5115478,0.6215479
2.7115479,2.371548,3.411548,1.1615479,1.7515478,1.8315479,2.841548,3.661548,3.5815477,2.861548,1.6715479,2.4515479,2.4815478,3.7415478,3.4315479,2.101548,2.8015478,2.411548,1.8515478,1.5715479,-0.07845215,-2.0184522,2.5815477,-1.3684522,-2.7784522,-2.138452,-1.4884522,-0.72845215,0.24154785,1.4215479,0.77154785,-0.79845214,2.601548,3.9915478,0.91154784,-1.4084522,-1.3384521,0.28154784,0.091547854,-0.34845215,-1.0384521
3.381548,4.171548,4.341548,3.6815479,4.6615477,4.271548,4.4315476,4.131548,3.7815478,3.9415479,3.7315478,4.031548,4.251548,3.0215478,2.421548,3.5415478,1.8515478,2.3215477,2.901548,2.641548,3.0215478,-0.54845214,-1.4284521,-1.6684521,-0.92845213,-1.9984522,-1.4584521,-0.088452145,-0.98845214,-1.6984521,0.32154787,0.52154785,-0.41845214,1.3715478,-0.82845217,-0.45845214,0.14154786,-0.10845215,-0.32845214,-1.0084522,-0.27845216
1.0515479,1.7515478,4.3115478,5.041548,5.711548,5.4515476,3.641548,3.5315478,2.5615478,3.5115478,3.2815478,3.5215478,3.391548,4.011548,2.2815478,3.2315478,2.5215478,2.921548,3.4815478,2.7015479,2.391548,2.411548,1.7015479,-0.40845215,-0.03845215,1.1115478,2.341548,1.1515479,1.3415478,0.43154785,0.9415479,0.52154785,-1.6084522,-2.5484521,1.6615479,-0.86845213,0.8115479,1.8615478,-0.70845217,-1.7484522,-1.6584522
1.9715478,2.7515478,3.5415478,2.9415479,2.2115479,2.601548,3.9415479,3.7015479,3.9915478,3.921548,3.671548,2.9515479,2.631548,2.7515478,3.5115478,1.7115479,2.091548,0.9915478,-0.51845217,-1.5484521,-1.8284521,-1.5384521,1.3115479,1.8615478,2.0215478,2.6915479,3.0615478,1.1415478,1.2215478,2.421548,1.3915478,1.9815478,0.85154784,-2.848452,-1.4384521,-1.3084521,-0.9384521,2.5515478,-0.91845214,-0.21845216,0.6815479
3.1815479,3.591548,3.621548,3.5415478,3.5115478,3.5215478,3.2515478,2.7815478,3.921548,4.2015476,2.911548,3.2615478,3.591548,3.0015478,4.1215477,3.391548,0.95154786,0.51154786,0.52154785,0.51154786,0.08154785,-0.5584521,0.13154785,1.4515479,1.8015479,0.83154786,3.0415478,1.4415479,2.2515478,2.3215477,1.7215478,2.0415478,-0.92845213,0.84154785,0.73154783,-1.0284522,-1.3184521,-1.0184522,-1.3684522,-0.9384521,-1.9284521
4.021548,4.151548,3.5715477,3.671548,3.661548,3.671548,3.5215478,3.5315478,3.341548,3.5215478,3.161548,3.661548,4.4115477,3.5415478,4.241548,2.881548,2.2715478,1.3415478,1.7315478,1.4215479,1.4615479,2.5515478,2.7415478,2.671548,2.0015478,2.7115479,1.7615478,2.2115479,3.6915479,0.8015478,2.101548,2.2315478,4.6615477,0.011547851,0.6815479,-1.2884521,-0.6384522,-2.5184522,-0.39845216,0.6915479,-1.5284522
3.9715478,3.8215477,3.881548,3.861548,3.5115478,3.171548,2.4315479,2.9515479,3.651548,3.7715478,3.641548,3.131548,3.5715477,3.7815478,3.371548,3.5215478,2.9715478,2.091548,3.3315477,2.121548,2.861548,3.7415478,3.5515478,3.5615478,2.9715478,3.2215478,3.3115478,3.7115479,3.4815478,3.0115478,2.9615479,3.341548,2.851548,1.9815478,0.37154785,-0.5084522,-2.6884522,-1.0384521,-1.0184522,0.6815479,-0.98845214
4.001548,4.3115478,3.5215478,3.7315478,3.171548,3.111548,3.2215478,3.7315478,3.881548,1.7815479,-0.85845214,1.8215479,2.4815478,3.641548,0.04154785,-1.4884522,1.1715479,4.731548,1.1615479,1.5115478,1.5315479,3.3315477,3.5715477,3.2715478,3.151548,3.091548,4.221548,4.011548,3.161548,2.4815478,2.7315478,2.621548,2.5415478,2.2815478,0.89154786,-0.34845215,-1.4884522,0.35154784,-0.98845214,1.3415478,-1.1084522
3.2515478,3.611548,4.241548,2.881548,3.371548,2.411548,2.8115478,2.2215478,1.2915479,1.2515478,1.6015478,1.8215479,-1.3584522,-2.2184522,-2.2684522,-1.0884521,-2.828452,1.4815478,1.1515479,2.651548,2.381548,2.3115478,2.3215477,2.8115478,3.2715478,4.1615477,4.471548,4.541548,4.241548,3.7515478,3.5515478,3.671548,2.7315478,2.901548,2.7815478,3.361548,4.0815477,2.171548,0.25154784,-0.09845215,-0.61845213
4.8115478,4.0815477,2.2015479,2.4615479,2.0115478,0.97154784,1.0815479,0.64154786,0.84154785,0.091547854,0.20154785,2.5315478,0.011547851,-1.3284521,0.71154785,-0.22845215,-1.8984522,-1.6984521,-1.4384521,-1.7884521,-1.3284521,0.21154785,1.1115478,2.9615479,3.5815477,3.901548,4.7015476,4.361548,3.871548,4.421548,4.981548,4.021548,3.1915479,2.7915478,3.9915478,4.271548,4.521548,2.9515479,1.4815478,-0.088452145,-0.53845215
1.8715478,1.6015478,2.151548,3.861548,0.30154786,0.40154785,0.011547851,0.15154785,0.79154783,-0.5684521,-0.95845217,-0.6984522,-0.58845216,1.4115479,0.39154786,-0.23845215,-1.3884522,-1.0584521,0.26154786,1.9615479,2.2915478,2.2415478,2.2315478,4.531548,5.1615477,4.8515477,5.271548,5.841548,5.4115477,4.8915477,4.551548,3.0815477,2.9615479,3.0015478,3.411548,3.871548,2.891548,1.0215478,1.0115478,1.1115478,-0.36845216
2.2915478,4.1015477,1.9515479,0.64154786,0.7515479,0.98154783,-0.20845215,-1.1884521,-2.0484521,-2.158452,-2.408452,-0.9484522,-0.39845216,0.021547852,-0.17845215,0.97154784,1.9115479,2.5115478,2.601548,2.651548,2.0215478,2.5115478,2.0315478,5.221548,5.5615478,6.9115477,7.051548,6.771548,6.6015477,5.251548,4.6415477,3.111548,2.0715477,2.661548,2.8315477,3.171548,2.361548,2.9915478,0.63154787,2.4815478,-1.0384521
