wind_kz.json
{"header": {"discipline":0,"disciplineName":"Meteorological products","gribEdition":2,"gribLength":1102,"center":7,"centerName":"US National Weather Service - NCEP(WMC)","subcenter":0,"refTime":"2024-02-01T06:00:00.000Z","significanceOfRT":1,"significanceOfRTName":"Start of forecast","productStatus":0,"productStatusName":"Operational products","productType":1,"productTypeName":"Forecast products","productDefinitionTemplate":0,"productDefinitionTemplateName":"Analysis/forecast at horizontal level/layer at a point in time","parameterCategory":2,"parameterCategoryName":"UnknownDiscipline_0_Category_2","parameterNumber":3,"parameterNumberName":"UnknownParameter_D0_C2_3","parameterUnit":"Unknown","genProcessType":2,"genProcessTypeName":"Forecast","forecastTime":120,"surface1Type":103,"surface1TypeName":"Specified height level above ground","surface1Value":10.0,"surface2Type":255,"surface2TypeName":"Missing","surface2Value":0.0,"gridDefinitionTemplate":0,"gridDefinitionTemplateName":"Latitude_Longitude","numberPoints":615,"shape":6,"shapeName":"Earth spherical with radius of 6,371,229.0 m","gridUnits":"degrees","resolution":48,"winds":"true","scanMode":64,"nx":41,"ny":15,"basicAngle":0,"lo1":47.0,"la1":41.0,"lo2":87.0,"la2":55.0,"dx":1.0,"dy":1.0}, "data":
[rows 0 to 14 of 15, columns 0 to 40 of 41]
-8.626883,1.5931177,-0.42688233,-8.826882,-11.876883,-13.646882,-10.366882,-9.076882,6.163118,7.2931175,7.223118,8.283117,7.4231176,6.1531177,5.413118,5.6731176,7.4431176,6.6231174,4.743118,1.4331176,5.5931177,6.933118,2.4231176,-0.22688232,0.66311765,-1.1268823,-1.4268823,-0.21688232,1.4631177,2.9931176,1.9331176,0.7431177,-0.77688235,-0.24688232,-0.40688232,-0.54688233,-0.2568823,-0.20688233,-0.6468823,-1.1068823,0.18311767
6.263118,0.97311765,-11.146882,-11.226882,-12.076882,-11.446882,-11.896882,-7.9768825,5.5931177,10.233118,8.183118,8.683118,7.6531177,6.1031175,4.6331177,4.6531177,3.5731177,3.5731177,3.9031177,5.1931176,6.8731174,5.5731177,2.9431176,2.0731177,2.2331176,1.9431176,0.95311767,0.7631177,-0.21688232,2.1631176,2.3231177,4.743118,1.3431177,-0.27688232,-0.6268823,0.97311765,-0.7068823,1.0731177,0.78311765,1.4831177,-0.29688233
-3.4168823,-7.9168825,-8.466883,-8.496882,-9.576882,-7.9168825,-7.986882,-10.116882,7.533118,9.483118,10.313118,10.283117,7.6931176,6.0931177,5.0431175,4.453118,4.0731177,4.993118,6.033118,4.4831176,4.0631175,2.9331176,0.4931177,0.9231177,1.0931177,0.83311766,-0.0068823243,-0.54688233,0.11311767,1.6831176,0.35311767,1.0131177,2.5731177,-0.6868823,0.95311767,0.29311767,2.3631177,1.9931177,0.16311768,1.6831176,1.6031177
-3.7968824,-3.9568822,-3.8468823,-3.2168822,-4.3468823,-3.2368822,-5.3268824,-6.466882,9.253118,10.443118,9.493117,8.973118,9.633118,9.273118,5.283118,4.1331177,3.7431176,3.5531178,4.2131176,5.283118,6.013118,3.4031177,3.1731176,1.6831176,1.8531177,1.1831176,1.3531177,0.033117674,2.8431177,4.243118,2.5431178,0.44311768,0.7631177,0.65311766,0.12311768,0.20311767,0.8131177,2.5331178,-0.9968823,-1.5968823,-1.8168824
-3.7868824,-2.6068823,0.14311768,1.0231177,-0.7668823,-0.7668823,-1.1068823,-2.2068822,9.353118,10.433118,9.403118,8.133118,8.933118,9.003118,8.993117,5.2331176,4.783118,4.763118,4.7731175,4.263118,1.4831177,1.1531177,1.1731176,0.89311767,1.4931177,1.0831177,1.1631176,-0.116882324,0.71311766,-0.3768823,-0.27688232,-0.47688234,0.77311766,1.4431176,-0.40688232,0.44311768,0.4931177,0.023117676,-1.0268823,-0.77688235,0.25311768
-3.4968824,0.5131177,3.1631176,2.1331177,1.8531177,0.48311767,-3.0468824,10.193118,10.863117,8.413117,5.7931175,6.0031176,6.8831177,8.793118,5.8531175,5.8031178,5.8231177,5.013118,4.6931176,3.2431176,2.1931176,3.3131177,3.6231177,2.0431178,2.3031178,1.2031177,0.07311767,-1.9468824,-0.39688233,-1.4068823,-1.9768823,-0.79688233,0.063117675,-1.5368823,-0.21688232,12.283117,1.4231176,4.0431175,-0.6268823,0.023117676,-0.7568823
-3.3068824,0.19311768,7.493118,4.9831176,2.9531176,0.70311767,6.8231177,10.663117,8.693118,7.1131177,6.683118,6.0531178,5.9631176,4.703118,4.8131175,5.5531178,6.473118,5.013118,6.0631175,4.3031178,2.9631176,3.1531177,3.5531178,4.0831175,2.9331176,1.8431177,-1.2168823,-0.6168823,-2.0368824,-1.4168823,-2.1068823,-3.0168824,-4.0368824,-0.26688233,-0.23688233,-0.84688234,-1.9168823,1.1031177,2.7031176,2.2831178,1.4231176
-4.9068823,-2.5768824,8.303118,6.3831177,4.973118,4.6031175,7.8031178,10.693118,8.863117,7.7731175,7.6131177,5.763118,3.6231177,3.9631176,3.5731177,5.493118,5.6131177,6.4431176,7.0631175,6.2131176,2.9031177,2.9731176,2.8431177,5.3631177,6.033118,3.4131176,5.413118,0.6231177,0.15311767,-1.8468823,-0.66688234,-0.5068823,-0.48688233,-2.8068824,0.09311768,-0.6268823,-0.20688233,0.27311766,0.003117676,0.9931177,1.4531177
-6.0968823,1.5831177,5.033118,6.3331175,3.7231176,6.143118,8.673118,9.633118,8.933118,7.8631177,6.2531176,6.5031176,6.1331177,4.8031178,4.4431176,4.6031175,6.433118,6.8531175,7.1331177,7.243118,6.8531175,4.4631176,5.203118,4.5531178,4.413118,3.8631177,2.2431176,3.2931178,2.3431177,1.7531177,2.3831177,2.5631177,1.1331177,4.5231175,6.493118,4.743118,0.033117674,-0.53688234,1.5531176,1.3431177,0.27311766
-5.3668823,-0.3468823,3.5931177,4.663118,6.393118,6.953118,8.423118,9.253118,9.993117,8.893118,7.8031178,6.9631176,5.953118,5.183118,5.8331175,5.8031178,5.683118,5.8131175,6.493118,6.4231176,6.0431175,7.1231174,6.5731177,5.203118,4.6931176,3.3731177,2.5631177,1.4631177,1.9531177,2.0531178,2.3331177,2.0331178,3.2231176,3.9431176,3.5531178,0.5031177,1.3831177,0.64311767,0.08311768,0.5731177,3.2431176
-2.8968823,-3.6368823,3.6431177,5.0931177,6.7931175,8.233118,9.153118,9.123117,9.253118,7.3831177,8.073117,7.933118,7.223118,6.8531175,6.5031176,6.7531176,6.8731174,6.4231176,6.6531177,7.033118,5.5531178,6.263118,6.0931177,6.2931175,4.893118,4.703118,2.8531177,3.3931177,2.9131176,1.4031177,2.5031176,2.2331176,3.9331176,4.4631176,4.643118,1.3331177,1.1531177,0.9431177,1.4231176,1.9331176,1.2031177
-0.43688232,-1.2568823,-0.036882326,5.143118,6.6531177,8.433118,8.933118,9.393118,7.8631177,6.9031177,6.5931177,6.0531178,6.5431175,6.0731177,5.6731176,7.1531177,6.7131176,7.223118,7.4831176,6.5931177,6.7931175,5.4831176,5.0831175,5.6031175,5.8031178,5.5831175,5.1131177,4.5731177,4.493118,3.1431177,2.9131176,3.1531177,3.2631178,3.3931177,3.6531177,2.0831177,0.063117675,0.95311767,-0.056882326,0.4331177,-0.3468823
0.91311765,0.4931177,0.59311765,3.3931177,5.723118,5.743118,8.8331175,10.053118,11.053118,7.5431175,4.1031175,5.3731174,6.763118,6.9631176,7.3831177,7.0931177,6.473118,6.9031177,7.203118,6.783118,7.533118,7.6231174,6.8631177,6.7731175,5.8331175,5.5631175,5.2531176,4.5231175,4.0031176,3.7531176,3.8131177,3.9331176,2.9331176,2.9531176,3.0931177,3.3631177,3.9331176,1.3431177,2.1131177,0.5431177,-0.09688232
2.2931178,3.0931177,1.3831177,3.5631177,4.6731176,6.3831177,7.7131176,10.453117,10.453117,11.223118,5.783118,1.5231177,5.0831175,6.3831177,6.5231175,6.763118,7.033118,6.643118,7.493118,6.683118,7.163118,6.4831176,5.6231174,5.4031177,5.143118,5.0031176,5.1331177,5.1731176,4.993118,4.8231177,4.4431176,4.183118,4.5431175,4.5931177,3.5531178,3.8931177,3.0531178,2.9831176,2.3831177,2.6331177,1.6631176
1.9931177,1.9331176,2.5231178,2.7731178,4.5231175,5.893118,8.103118,7.893118,9.753118,9.793118,5.913118,4.9431176,1.8231177,4.4031177,7.2531176,7.913118,7.783118,7.6131177,7.3731174,6.973118,6.4231176,5.783118,5.8331175,5.7531176,5.9431176,5.8231177,5.493118,5.413118,5.1931176,5.0231175,4.9231176,4.8731174,4.263118,4.3831177,4.6331177,4.163118,4.7531176,4.473118,2.0231178,4.2331176,2.1931176
