wind_kz.json
{"header": {"discipline":0,"disciplineName":"Meteorological products","gribEdition":2,"gribLength":948,"center":7,"centerName":"US National Weather Service - NCEP(WMC)","subcenter":0,"refTime":"2023-08-10T18:00:00.000Z","significanceOfRT":1,"significanceOfRTName":"Start of forecast","productStatus":0,"productStatusName":"Operational products","productType":1,"productTypeName":"Forecast products","productDefinitionTemplate":0,"productDefinitionTemplateName":"Analysis/forecast at horizontal level/layer at a point in time","parameterCategory":0,"parameterCategoryName":"UnknownDiscipline_0_Category_0","parameterNumber":0,"parameterNumberName":"UnknownParameter_D0_C0_0","parameterUnit":"Unknown","genProcessType":2,"genProcessTypeName":"Forecast","forecastTime":300,"surface1Type":1,"surface1TypeName":"Ground or water surface","surface1Value":0.0,"surface2Type":255,"surface2TypeName":"Missing","surface2Value":0.0,"gridDefinitionTemplate":0,"gridDefinitionTemplateName":"Latitude_Longitude","numberPoints":615,"shape":6,"shapeName":"Earth spherical with radius of 6,371,229.0 m","gridUnits":"degrees","resolution":48,"winds":"true","scanMode":64,"nx":41,"ny":15,"basicAngle":0,"lo1":47.0,"la1":41.0,"lo2":87.0,"la2":55.0,"dx":1.0,"dy":1.0}, "data":
[rows 0 to 14 of 15, columns 0 to 40 of 41]
316.2616,304.56158,315.56158,299.06158,299.3616,298.56158,315.9616,327.9616,326.4616,323.7616,322.9616,322.8616,322.9616,322.8616,322.6616,324.06158,323.2616,320.3616,323.2616,321.9616,326.06158,323.9616,317.06158,320.6616,320.4616,319.1616,316.8616,305.8616,300.8616,300.4616,299.6616,297.1616,308.3616,318.4616,321.56158,319.9616,312.3616,318.06158,317.6616,319.4616,322.9616
290.9616,311.9616,298.6616,299.3616,299.2616,297.4616,328.2616,325.06158,323.8616,323.4616,324.7616,322.8616,323.56158,323.3616,326.3616,325.56158,324.3616,324.1616,322.6616,322.56158,323.1616,322.3616,322.6616,312.6616,303.4616,301.9616,310.2616,302.3616,304.6616,292.4616,297.9616,290.9616,302.56158,271.6616,297.6616,313.56158,314.1616,314.4616,318.9616,309.8616,284.9616
316.2616,298.56158,299.3616,299.2616,296.3616,320.7616,320.7616,320.8616,322.6616,320.8616,322.1616,321.8616,322.6616,322.9616,324.06158,327.8616,325.4616,325.3616,323.7616,322.2616,321.7616,319.2616,318.06158,310.9616,315.8616,314.8616,316.1616,316.06158,316.2616,301.06158,295.1616,295.56158,303.2616,306.4616,305.1616,301.9616,291.56158,290.1616,297.8616,293.56158,292.3616
313.7616,298.9616,299.56158,298.6616,303.4616,321.4616,321.4616,322.2616,322.3616,321.3616,320.6616,320.1616,296.9616,295.8616,321.9616,327.1616,324.2616,327.3616,327.8616,326.1616,320.4616,316.56158,319.06158,319.3616,320.1616,318.1616,318.9616,316.1616,316.3616,315.9616,317.4616,317.7616,320.56158,321.2616,315.56158,309.1616,297.1616,294.8616,300.7616,310.7616,313.6616
313.3616,299.06158,299.56158,299.3616,308.3616,320.6616,324.3616,324.7616,319.7616,320.06158,321.06158,320.4616,296.9616,295.56158,293.06158,325.7616,325.8616,324.3616,324.3616,321.6616,323.56158,325.06158,324.06158,322.2616,321.9616,320.6616,317.7616,310.9616,318.06158,316.1616,318.1616,312.56158,304.4616,292.8616,304.2616,317.3616,308.8616,324.6616,322.8616,319.4616,318.3616
313.3616,312.4616,298.2616,298.7616,299.2616,298.4616,324.2616,322.4616,319.6616,319.1616,320.3616,320.2616,299.7616,296.2616,309.4616,324.06158,325.8616,325.8616,323.8616,323.8616,324.06158,322.3616,322.56158,320.8616,320.1616,316.7616,315.3616,293.6616,314.3616,313.56158,315.3616,313.1616,314.06158,313.1616,307.9616,306.3616,305.56158,305.9616,318.2616,321.1616,316.56158
312.3616,312.6616,314.4616,316.06158,310.7616,316.6616,322.1616,320.3616,320.1616,318.9616,319.7616,320.1616,319.8616,322.4616,322.1616,321.2616,324.2616,322.4616,321.9616,322.9616,321.9616,319.6616,321.2616,317.56158,313.7616,313.7616,315.06158,314.9616,314.2616,314.1616,313.7616,313.6616,314.4616,311.4616,316.9616,315.3616,307.56158,306.06158,303.2616,302.9616,310.9616
311.2616,311.8616,312.06158,312.3616,313.2616,314.3616,316.1616,315.1616,314.8616,315.3616,318.3616,316.8616,319.8616,319.4616,320.9616,321.6616,323.3616,321.4616,321.4616,319.8616,317.9616,318.2616,318.4616,318.7616,314.8616,313.1616,311.4616,312.8616,308.8616,308.9616,307.6616,307.8616,307.7616,302.8616,305.06158,310.06158,311.6616,289.4616,308.9616,310.3616,309.7616
308.56158,308.4616,309.7616,309.9616,310.1616,311.1616,311.4616,311.4616,311.56158,315.2616,317.56158,315.3616,317.7616,319.8616,319.4616,322.56158,321.4616,321.9616,319.6616,319.4616,318.1616,315.56158,318.06158,315.8616,313.56158,312.7616,310.1616,309.2616,304.6616,301.8616,302.4616,301.06158,302.2616,302.8616,303.4616,301.56158,307.1616,303.2616,299.56158,295.7616,300.56158
304.2616,305.6616,307.1616,307.6616,307.2616,309.06158,308.4616,308.4616,309.6616,311.56158,313.7616,315.06158,315.1616,317.2616,316.9616,317.8616,319.2616,321.8616,320.06158,318.2616,317.1616,314.7616,314.4616,312.2616,311.1616,307.6616,307.2616,304.6616,301.6616,301.56158,300.4616,302.9616,302.56158,303.3616,303.4616,304.1616,295.56158,298.56158,297.9616,296.56158,291.6616
300.7616,301.9616,301.9616,303.06158,303.1616,304.2616,305.4616,304.8616,305.6616,306.4616,309.7616,312.56158,315.06158,309.1616,313.9616,315.6616,315.06158,317.06158,316.2616,313.56158,313.3616,311.7616,309.3616,307.8616,307.2616,306.1616,302.7616,304.9616,305.7616,306.56158,307.56158,306.06158,303.9616,300.06158,299.2616,296.8616,292.3616,295.3616,295.1616,291.2616,294.1616
298.4616,300.3616,301.3616,301.1616,300.8616,300.9616,302.06158,302.3616,303.3616,305.1616,304.06158,306.56158,310.2616,310.2616,306.1616,310.3616,311.06158,312.1616,312.4616,309.2616,307.4616,306.56158,307.3616,307.2616,305.8616,305.8616,306.6616,307.7616,309.1616,308.3616,309.2616,306.2616,301.56158,300.56158,295.9616,296.4616,295.2616,294.9616,293.7616,295.3616,294.2616
292.8616,296.1616,299.4616,298.7616,297.1616,296.9616,300.6616,302.9616,301.6616,302.1616,297.4616,301.06158,305.7616,305.8616,306.7616,305.4616,306.56158,308.8616,308.9616,307.06158,306.4616,306.06158,305.6616,305.4616,306.6616,307.4616,307.9616,306.56158,307.2616,304.9616,306.56158,303.9616,302.4616,303.56158,299.4616,293.9616,294.8616,294.3616,295.6616,296.8616,295.56158
293.8616,292.9616,294.1616,297.06158,296.6616,297.7616,297.2616,297.2616,299.8616,300.6616,294.3616,295.9616,302.6616,304.06158,303.6616,304.8616,304.06158,300.8616,306.4616,306.8616,308.4616,308.1616,304.8616,305.8616,306.3616,306.8616,305.4616,304.56158,303.7616,304.3616,304.4616,302.8616,302.2616,300.7616,297.3616,296.2616,294.56158,294.4616,294.1616,291.4616,295.06158
289.7616,294.4616,291.6616,294.56158,294.8616,295.1616,296.2616,296.6616,298.1616,299.1616,291.56158,297.7616,297.1616,300.3616,302.8616,304.4616,303.56158,301.7616,302.8616,305.4616,306.06158,307.2616,306.2616,305.2616,305.56158,304.6616,304.06158,302.7616,300.8616,300.4616,297.2616,293.6616,299.6616,298.3616,297.7616,296.4616,295.6616,292.9616,293.7616,293.6616,292.9616
