wind_kz.json
{"header": {"discipline":0,"disciplineName":"Meteorological products","gribEdition":2,"gribLength":871,"center":7,"centerName":"US National Weather Service - NCEP(WMC)","subcenter":0,"refTime":"2023-08-23T18:00:00.000Z","significanceOfRT":1,"significanceOfRTName":"Start of forecast","productStatus":0,"productStatusName":"Operational products","productType":1,"productTypeName":"Forecast products","productDefinitionTemplate":0,"productDefinitionTemplateName":"Analysis/forecast at horizontal level/layer at a point in time","parameterCategory":0,"parameterCategoryName":"UnknownDiscipline_0_Category_0","parameterNumber":0,"parameterNumberName":"UnknownParameter_D0_C0_0","parameterUnit":"Unknown","genProcessType":2,"genProcessTypeName":"Forecast","forecastTime":0,"surface1Type":1,"surface1TypeName":"Ground or water surface","surface1Value":0.0,"surface2Type":255,"surface2TypeName":"Missing","surface2Value":0.0,"gridDefinitionTemplate":0,"gridDefinitionTemplateName":"Latitude_Longitude","numberPoints":615,"shape":6,"shapeName":"Earth spherical with radius of 6,371,229.0 m","gridUnits":"degrees","resolution":48,"winds":"true","scanMode":64,"nx":41,"ny":15,"basicAngle":0,"lo1":47.0,"la1":41.0,"lo2":87.0,"la2":55.0,"dx":1.0,"dy":1.0}, "data":
[rows 0 to 14 of 15, columns 0 to 40 of 41]
298.17117,290.27118,294.07117,300.17117,300.07117,299.07117,300.67117,304.47116,302.97116,304.97116,303.47116,304.27118,304.27118,304.67117,304.87115,300.37115,299.57117,302.37115,300.57117,301.87115,302.07117,298.37115,297.07117,291.87115,295.07117,295.77118,292.47116,277.47116,276.67117,278.77118,279.67117,281.87115,290.07117,297.17117,296.47116,295.67117,294.77118,296.37115,298.37115,298.77118,300.57117
277.17117,294.37115,299.87115,300.17117,300.37115,298.77118,301.87115,302.17117,302.37115,302.57117,303.67117,303.37115,302.47116,300.87115,300.37115,300.27118,300.77118,297.47116,299.77118,298.87115,298.97116,298.97116,297.17117,288.07117,282.07117,278.87115,290.47116,277.37115,278.97116,278.37115,280.37115,273.17117,282.57117,263.97116,279.37115,292.67117,291.67117,292.97116,298.07117,289.97116,284.97116
296.67117,299.77118,300.37115,300.57117,298.97116,299.77118,301.27118,302.27118,301.67117,301.97116,301.17117,302.27118,300.37115,301.07117,300.27118,300.47116,301.07117,297.27118,295.47116,298.87115,298.47116,298.67117,297.87115,292.57117,295.27118,296.07117,297.27118,295.37115,293.97116,283.97116,273.97116,276.27118,283.87115,280.07117,282.07117,284.47116,275.87115,277.37115,279.47116,278.67117,273.67117
295.87115,300.67117,300.67117,299.97116,297.87115,299.27118,300.17117,299.57117,300.67117,301.37115,302.37115,301.57117,296.27118,295.47116,299.47116,298.07117,301.47116,300.87115,300.97116,297.77118,297.67117,294.57117,301.87115,300.97116,298.67117,299.07117,300.77118,298.07117,295.67117,296.77118,296.07117,292.77118,297.67117,292.57117,289.77118,290.67117,276.77118,276.97116,280.47116,289.57117,294.77118
300.97116,300.57117,300.77118,300.77118,300.57117,301.27118,299.87115,300.27118,300.17117,301.17117,301.47116,300.87115,296.57117,294.87115,292.17117,299.87115,300.97116,302.17117,297.77118,301.57117,301.87115,302.07117,300.27118,300.67117,298.87115,299.87115,298.07117,295.17117,296.37115,296.37115,300.77118,294.87115,282.37115,272.87115,285.67117,294.27118,295.87115,299.17117,300.07117,300.07117,299.17117
298.27118,296.87115,298.77118,300.07117,300.57117,300.17117,299.27118,296.67117,299.67117,299.67117,300.07117,299.77118,296.17117,295.37115,297.07117,298.97116,300.47116,300.97116,299.57117,302.27118,301.27118,301.27118,299.87115,299.27118,299.47116,299.47116,298.87115,293.77118,299.47116,301.07117,299.07117,299.97116,296.57117,293.57117,291.87115,294.07117,286.37115,289.87115,296.57117,297.77118,297.57117
299.37115,295.47116,298.87115,298.87115,299.67117,298.47116,300.47116,295.27118,296.97116,298.37115,297.27118,297.27118,297.57117,297.87115,299.67117,300.97116,300.37115,301.37115,300.77118,301.17117,299.67117,301.07117,301.27118,301.17117,300.87115,300.67117,298.47116,300.17117,299.77118,297.17117,298.27118,297.17117,298.27118,299.07117,295.87115,292.27118,287.47116,282.87115,279.07117,280.37115,292.47116
297.07117,295.87115,296.27118,298.17117,299.67117,299.77118,298.97116,294.87115,294.57117,294.87115,293.07117,293.97116,293.77118,295.87115,298.07117,299.47116,298.47116,299.87115,301.47116,297.47116,297.37115,297.97116,299.77118,299.17117,296.67117,294.57117,297.87115,297.47116,294.67117,297.97116,296.47116,296.97116,295.17117,290.97116,290.87115,293.07117,294.47116,289.37115,291.67117,292.57117,288.47116
293.17117,295.57117,294.57117,296.07117,293.27118,294.87115,290.77118,292.47116,291.77118,291.37115,290.07117,290.07117,289.97116,292.67117,293.77118,295.87115,295.87115,297.47116,297.87115,295.97116,293.57117,293.47116,292.77118,296.07117,295.47116,294.17117,292.27118,293.27118,290.77118,290.07117,291.17117,291.67117,293.47116,294.57117,292.47116,289.27118,289.77118,289.17117,275.97116,277.67117,277.07117
290.47116,293.17117,289.87115,290.87115,292.67117,293.37115,291.07117,290.97116,290.67117,288.97116,288.67117,288.87115,290.47116,290.87115,292.17117,293.67117,294.57117,293.87115,295.27118,295.47116,294.37115,293.57117,295.17117,293.67117,295.67117,295.37115,292.17117,292.37115,292.37115,291.47116,291.37115,295.17117,296.77118,296.17117,294.07117,290.77118,288.87115,285.77118,278.97116,277.37115,278.47116
287.97116,287.57117,290.37115,291.77118,288.87115,289.67117,289.07117,288.57117,287.47116,287.17117,287.37115,286.87115,289.47116,290.37115,289.97116,291.67117,290.57117,291.87115,294.57117,294.87115,296.27118,295.07117,292.27118,291.47116,291.87115,292.47116,290.67117,294.07117,293.67117,297.57117,297.87115,295.27118,295.87115,295.97116,294.47116,290.07117,286.67117,283.27118,280.47116,283.27118,280.67117
287.17117,287.37115,287.87115,287.57117,288.17117,287.97116,289.47116,289.87115,286.57117,286.07117,282.77118,283.67117,285.67117,288.27118,288.57117,288.27118,287.57117,288.27118,291.07117,291.07117,289.77118,289.27118,290.07117,290.07117,289.57117,293.67117,294.77118,295.27118,296.87115,296.27118,293.37115,294.47116,295.97116,292.77118,294.27118,291.77118,292.67117,289.97116,289.37115,287.87115,286.47116
285.17117,288.07117,286.37115,286.77118,284.67117,285.67117,286.17117,286.57117,285.97116,288.47116,281.37115,280.07117,282.37115,284.27118,286.07117,287.57117,286.97116,285.07117,286.47116,288.07117,288.27118,288.17117,287.07117,288.77118,291.37115,291.27118,297.17117,293.17117,297.27118,296.57117,295.17117,292.97116,292.07117,292.67117,292.17117,291.67117,290.77118,291.67117,290.27118,288.27118,288.27118
282.97116,284.57117,288.17117,286.37115,283.47116,284.97116,286.87115,283.17117,283.27118,285.07117,284.07117,283.07117,283.27118,281.77118,283.07117,284.47116,282.87115,282.17117,283.17117,285.47116,286.57117,287.07117,289.77118,290.27118,290.97116,291.97116,291.27118,290.57117,295.07117,295.27118,294.37115,292.07117,291.37115,290.37115,289.57117,288.77118,288.77118,288.37115,288.97116,288.27118,287.57117
285.87115,287.67117,291.37115,283.67117,284.07117,281.97116,282.87115,279.27118,280.27118,280.77118,283.37115,283.27118,280.27118,281.07117,284.97116,285.07117,284.27118,281.77118,281.47116,281.97116,284.27118,285.97116,285.87115,287.47116,289.77118,290.17117,289.37115,290.07117,293.27118,289.77118,289.27118,288.77118,289.37115,288.47116,288.07117,287.57117,286.87115,286.27118,286.07117,287.07117,289.07117
