wind.json
{"header": {"discipline":0,"disciplineName":"Meteorological products","gribEdition":2,"gribLength":1125,"center":7,"centerName":"US National Weather Service - NCEP(WMC)","subcenter":0,"refTime":"2023-07-01T06:00:00.000Z","significanceOfRT":1,"significanceOfRTName":"Start of forecast","productStatus":0,"productStatusName":"Operational products","productType":1,"productTypeName":"Forecast products","productDefinitionTemplate":0,"productDefinitionTemplateName":"Analysis/forecast at horizontal level/layer at a point in time","parameterCategory":2,"parameterCategoryName":"UnknownDiscipline_0_Category_2","parameterNumber":3,"parameterNumberName":"UnknownParameter_D0_C2_3","parameterUnit":"Unknown","genProcessType":2,"genProcessTypeName":"Forecast","forecastTime":120,"surface1Type":103,"surface1TypeName":"Specified height level above ground","surface1Value":10.0,"surface2Type":255,"surface2TypeName":"Missing","surface2Value":0.0,"gridDefinitionTemplate":0,"gridDefinitionTemplateName":"Latitude_Longitude","numberPoints":688,"shape":6,"shapeName":"Earth spherical with radius of 6,371,229.0 m","gridUnits":"degrees","resolution":48,"winds":"true","scanMode":64,"nx":43,"ny":16,"basicAngle":0,"lo1":45.0,"la1":40.0,"lo2":87.0,"la2":55.0,"dx":1.0,"dy":1.0}, "data":
[rows 0 to 15 of 16, columns 0 to 42 of 43]
-2.0289965,-0.008996582,3.3310034,-0.06899658,-2.1489966,-8.948997,-6.3589964,-4.5489964,3.5510035,2.5210035,3.2010033,-0.23899658,-3.3689966,-5.8789964,-7.8189964,-7.1389966,-6.2589965,-6.0889964,-4.8589964,-4.4789968,-5.1389966,-3.7289965,-4.5589967,-3.8689966,-4.0889964,-2.3189967,-2.7489965,-2.8789966,-2.7289965,-0.9189966,-2.3589966,-1.0189966,2.2710035,3.9210033,-0.06899658,-1.6389966,-1.9489965,-2.9389966,-3.4889965,-0.22899657,0.3210034,-1.4289966,-0.9189966
-1.6989965,1.1410034,3.4310033,1.7910035,-2.9389966,-7.6389966,-7.3389964,-5.7289968,-2.6889966,1.0410035,1.2510034,-2.3489966,-4.8489966,-4.918997,-7.7489967,-6.5789967,-5.2189965,-4.5389967,-4.3989964,-0.5889966,-4.2389965,-4.3689966,-3.7789965,-4.3989964,-2.0189965,0.2610034,5.1910033,2.3810034,1.5710034,3.2110033,-0.85899657,-2.5189965,-2.9889965,2.3610034,-1.0189966,1.1010034,-0.37899658,-1.6089966,-1.8389965,2.8810034,3.3910034,1.6210034,1.0110034
-0.5189966,1.4310035,0.08100342,0.7110034,-3.6789966,-4.0089965,-4.6289964,-5.5289965,-2.0889966,-2.0189965,-1.8989966,-2.0589967,-3.7289965,-4.918997,-6.6089964,-5.6789966,-4.9789968,-4.708997,-0.46899658,-4.8889966,-3.4789965,-3.5289965,-3.8389966,-4.7289968,-2.9389966,-1.2089965,3.5110035,3.0210035,2.9910035,3.3310034,-0.8289966,1.9610034,-0.2789966,-0.028996581,2.2910035,1.1910034,2.5610034,2.8010035,0.63100344,-5.5389967,1.9510034,1.1610035,1.6410034
-2.2289965,-2.2589965,1.9210035,-0.38899657,-1.9689965,-2.5189965,-3.6189966,-1.7589966,-1.2689966,-3.5289965,-2.4589965,-2.8189967,-2.6189966,-5.0189967,-6.958997,-7.168997,-4.0289965,-3.8589966,-3.4389966,-5.4289966,-5.7889967,-6.8389964,-6.2689967,-1.6089966,-1.4389966,-3.3089967,-4.3789964,-2.1489966,-2.9689965,-2.2889967,-2.4589965,-1.3489966,-1.6889966,-1.3789966,-3.6389966,1.0410035,1.3110034,-2.5989966,-3.1489966,0.9210034,-0.7089966,1.3910034,2.1010034
1.0810034,-0.23899658,-0.2689966,-2.3689966,-3.3689966,-3.8289967,-1.1389966,-2.4589965,-4.2689967,-3.5689967,-3.3989966,-2.4389966,-2.7389965,-4.668997,-4.4789968,-5.9989967,-6.7189965,-4.0089965,-4.1389966,-5.3189964,-5.8489966,-5.2389965,-6.2389965,-7.0789967,-4.1389966,-3.4189966,-1.7989966,-0.8989966,-0.5189966,-1.0589966,0.21100342,1.6310034,0.17100342,-0.12899658,-0.3989966,-2.1589966,1.9310035,0.7210034,2.0610034,1.0610034,-1.7989966,-5.3589964,3.0710034
0.30100343,0.23100342,-0.11899658,-1.4689965,-2.2089965,-3.2489965,-4.2889967,-2.9589965,-4.0689964,-4.3989964,-1.8089966,-2.0689967,-1.6489966,-2.4389966,-2.9489965,-4.1989965,-4.6989965,-4.7289968,-5.3889966,-5.168997,-4.8189964,-4.5689964,-6.3489966,-4.4789968,-4.5089965,-1.8389965,0.6510034,1.3810034,0.7410034,-5.7889967,0.56100345,2.3810034,-0.18899658,1.2410034,1.4410034,1.8410034,0.88100344,2.4210033,2.9610033,2.5610034,-2.4389966,-2.7589965,2.0110035
-0.14899658,1.6010034,0.021003418,-1.2589966,-0.4889966,-1.3189965,-3.6989965,-4.708997,-4.8089967,-4.168997,-3.0689967,-0.86899656,-0.23899658,0.9210034,-0.4989966,-1.3589966,-6.0789967,-4.1789966,-5.4489965,-6.6089964,-3.9889965,-3.6089966,-5.4289966,-3.7789965,-3.7389965,-3.0489967,-0.13899659,-0.98899657,-0.55899656,-2.6289966,-0.3089966,3.0610034,3.1310034,1.6910034,0.6610034,-1.0089966,-2.2589965,-2.1389966,-3.3989966,-5.2489967,2.8010035,2.6410034,-0.18899658
-1.0589966,2.1010034,-0.5989966,-2.5289965,-2.9089966,-1.1289966,-2.0089965,-4.8189964,-5.7989964,-5.1289964,-2.3789966,-1.7089965,-0.43899658,0.9910034,-2.0189965,-4.2289968,-3.9489965,-5.0489964,-4.3589964,-6.3389964,-4.4289966,-4.3689966,-4.0389967,-3.2489965,-4.1389966,-3.2489965,-2.7589965,-2.7989967,-2.4589965,-2.7789965,-2.3889966,-0.018996581,1.9410034,-0.67899656,-1.4989966,-3.6689966,0.071003415,0.88100344,3.3910034,-0.09899658,-1.6989965,1.9710034,-5.8589964
-0.9089966,0.15100342,-0.8289966,-1.7389966,-2.3489966,-3.4889965,-4.6089964,-5.2689967,-4.4989967,-3.9689965,-1.7589966,-0.8789966,0.8510034,0.4110034,-1.0889965,-3.1089966,-3.8189967,-4.0789967,-4.5389967,-3.5589967,-4.8289967,-3.8989966,-3.8789966,-3.2889967,-3.5389967,-3.3489966,-4.5689964,-3.8689966,-3.7789965,-2.0889966,-1.7889966,-2.5989966,-4.0389967,-4.2389965,-4.8389964,-6.5089965,-5.0189967,-4.8189964,-3.1089966,-2.6589966,0.17100342,0.071003415,-0.5789966
-2.2889967,-1.0989966,-0.20899658,-1.3089966,-2.5889966,-3.8889966,-4.7489967,-4.3089967,-4.1189966,-3.7789965,-1.8089966,-1.2289966,-1.3089966,-1.5789965,0.82100344,-0.85899657,-2.3389966,-3.5189965,-5.0289965,-4.5289965,-3.6189966,-3.7489965,-3.4989965,-3.1089966,-3.8189967,-2.6089966,-3.9789965,-4.1089964,-4.6289964,-4.4789968,-3.2389965,-3.1489966,-4.7689967,-6.1489964,-5.8789964,-6.6789966,-6.1989965,-5.1389966,-2.1489966,-1.9689965,-1.4389966,0.82100344,3.2810035
-1.4489965,-2.4889965,-1.0889965,-1.8889966,-2.5389967,-3.3989966,-3.3989966,-4.2689967,-4.2889967,-4.0289965,-1.8689966,-1.5189966,-1.4689965,-1.1989965,-0.7289966,-2.6689966,-3.3889966,-4.9489965,-3.0589967,-4.1589966,-4.0689964,-3.1389966,-1.9789966,-2.3789966,-2.9289966,-3.7289965,-3.6189966,-4.8089967,-4.6489964,-3.7089965,-4.438997,-4.1289964,-5.2789965,-4.7289968,-4.9289966,-7.0089965,-7.6389966,-5.5389967,-1.6689966,0.6210034,0.05100342,-1.0989966,-1.6689966
-1.1489966,-2.7589965,-1.5289966,-1.9789966,-2.0189965,-2.0489967,-2.5289965,-4.3989964,-4.5189967,-3.9589965,-1.8189965,-2.3389966,-1.7189965,-0.7689966,-0.8489966,0.3510034,-5.5089965,-6.8489966,-4.3389964,-4.8089967,-3.8889966,-2.4989965,-2.1789966,-1.8689966,-2.0289965,-2.4189966,-2.8289967,-3.7189965,-3.5789967,-3.4389966,-4.3789964,-3.7789965,-3.9589965,-2.8989966,-4.9089966,-4.0189967,-5.7989964,-6.5089965,-4.5489964,-2.7189965,-3.8089967,-1.3489966,0.28100342
-0.16899659,-0.4989966,-1.3889966,-1.9089966,-0.5289966,-0.5889966,-1.5989966,-3.3089967,-4.5289965,-4.8189964,-3.2589965,-0.5289966,-0.008996582,-0.99899656,-1.1589966,-1.0889965,-0.19899659,-2.6889966,-3.4789965,-4.2789965,-3.4789965,-3.6889966,-3.2989967,-3.3889966,-2.9389966,-2.9089966,-3.1089966,-2.3189967,-3.5389967,-2.6689966,-2.7189965,-4.2689967,-3.2689965,-3.7989967,-4.0389967,-6.2489967,-4.7789965,-4.7289968,-1.1789966,-4.6589966,-2.7389965,-1.9489965,-0.46899658
1.0010034,0.20100342,-0.9589966,-1.1589966,-0.6289966,1.3910034,-0.29899657,-1.5889965,-3.8089967,-4.8189964,-5.7889967,-3.4189966,-0.12899658,-0.16899659,-1.7489966,-2.0789967,-3.1189966,-2.6389966,-2.9089966,-3.7689965,-3.9889965,-4.0889964,-4.0389967,-3.8389966,-3.6089966,-3.6189966,-3.7689965,-2.5389967,-2.9989965,-3.8489966,-3.0289965,-4.168997,-4.5589967,-3.5589967,-3.6289966,-2.3889966,-1.3989966,-1.9289966,-3.1289966,-1.7489966,-4.1789966,-2.8189967,1.1010034
1.2310034,0.36100343,-0.7589966,-1.8089966,-1.5689965,1.0010034,0.5810034,-1.1089966,-2.3189967,-3.4389966,-3.8889966,-4.3889966,-1.8989966,0.6810034,-0.98899657,-2.5989966,-3.8789966,-3.4389966,-3.4089966,-4.4789968,-5.2989964,-5.3489966,-4.7389965,-4.1089964,-3.7389965,-3.3989966,-3.0089965,-2.5189965,-1.7389966,-1.8489966,-1.5489966,-2.9189966,-3.8389966,-4.0589967,-4.3089967,-3.8389966,-0.44899657,-2.5689967,-2.9389966,-2.8789966,-3.4889965,-4.0889964,-3.7689965
2.3510034,1.2610034,0.36100343,0.7910034,-0.048996583,1.1310034,0.13100342,-0.5889966,-1.1389966,-2.6189966,-3.4389966,-2.4789965,-1.3689966,-1.9789966,-2.3189967,-2.3789966,-3.8689966,-4.668997,-3.5589967,-4.6389966,-4.4789968,-5.8189964,-5.5189967,-5.208997,-4.6189966,-4.6789966,-4.8689966,-4.0189967,-2.5989966,-1.8589966,-2.0689967,-2.4089966,-1.8789966,1.1710035,-3.2089965,-5.0989966,-3.9989965,-3.4689965,-3.1289966,-3.5289965,-2.8989966,-4.4489965,-2.7489965
