wind_kz.json
{"header": {"discipline":0,"disciplineName":"Meteorological products","gribEdition":2,"gribLength":1025,"center":7,"centerName":"US National Weather Service - NCEP(WMC)","subcenter":0,"refTime":"2023-09-21T06:00:00.000Z","significanceOfRT":1,"significanceOfRTName":"Start of forecast","productStatus":0,"productStatusName":"Operational products","productType":1,"productTypeName":"Forecast products","productDefinitionTemplate":0,"productDefinitionTemplateName":"Analysis/forecast at horizontal level/layer at a point in time","parameterCategory":2,"parameterCategoryName":"UnknownDiscipline_0_Category_2","parameterNumber":3,"parameterNumberName":"UnknownParameter_D0_C2_3","parameterUnit":"Unknown","genProcessType":2,"genProcessTypeName":"Forecast","forecastTime":240,"surface1Type":103,"surface1TypeName":"Specified height level above ground","surface1Value":10.0,"surface2Type":255,"surface2TypeName":"Missing","surface2Value":0.0,"gridDefinitionTemplate":0,"gridDefinitionTemplateName":"Latitude_Longitude","numberPoints":615,"shape":6,"shapeName":"Earth spherical with radius of 6,371,229.0 m","gridUnits":"degrees","resolution":48,"winds":"true","scanMode":64,"nx":41,"ny":15,"basicAngle":0,"lo1":47.0,"la1":41.0,"lo2":87.0,"la2":55.0,"dx":1.0,"dy":1.0}, "data":
[rows 0 to 14 of 15, columns 0 to 40 of 41]
1.1201538,1.8801538,1.7401538,2.3001537,2.7801538,1.3001539,1.4601538,0.5801538,-1.4498461,-2.109846,-4.419846,-2.859846,-2.4198463,-2.3098462,-2.5098462,-3.149846,-2.9598463,-1.1098462,-1.1098462,-0.5298462,-0.9698462,-1.9998462,0.33015382,1.8401538,3.0301538,2.390154,2.110154,1.6901538,-1.7098461,-2.649846,-0.23984618,2.9501538,-0.3998462,-0.25984618,0.6501538,-0.5898462,-1.8498462,2.2801538,3.0901537,2.7001538,2.1901538
0.14015381,0.5501538,1.7701538,3.4201539,3.0901537,2.4801538,0.22015381,0.11015381,-0.8298462,-2.0698462,-1.7798462,-2.889846,-2.359846,-2.4198463,-3.869846,-2.9098463,-1.1698462,-1.4798462,-1.3398461,-1.8398461,-1.7998462,-2.4198463,-0.7498462,1.5101538,2.1601539,2.4601538,3.0001538,3.5201538,-1.1098462,2.8401537,-0.5698462,-0.7298462,2.130154,3.5501537,3.5401537,-0.9798462,-0.019846192,1.7701538,2.2401538,2.2501538,-0.31984618
2.0301538,3.370154,2.4901538,2.9301538,3.3401537,2.6601539,1.7001538,0.2901538,0.2901538,-1.1098462,-2.359846,-2.4398463,-2.6698463,-2.7598462,-3.4198463,-3.5598462,-2.9398463,-2.4198463,-2.619846,-2.8498461,-2.9398463,-3.0098462,-1.1498462,0.9201538,-2.2498462,-1.3398461,-1.8198462,-0.21984619,3.350154,2.600154,-2.5398462,-0.07984619,-3.5398462,-1.7198462,-0.6498462,-4.5598464,-2.9498463,2.0601537,-0.5298462,3.0801537,2.0001538
2.9301538,2.140154,2.0301538,3.0301538,3.0701537,3.350154,3.3201537,1.7001538,0.7001538,-0.2998462,-1.5898461,-1.9098462,-2.8098462,-3.8098462,-2.859846,-3.2498462,-3.109846,-1.9898462,-2.3298461,-2.2098463,-1.5798461,-0.21984619,-2.3398461,-0.5698462,0.12015381,1.4501538,0.7201538,-0.18984619,5.450154,0.7001538,1.0301538,-1.1998461,-0.98984617,0.7101538,0.8601538,2.2901537,2.7501538,1.9801538,-3.2398462,-1.7698462,-2.2098463
1.5501539,1.4401538,1.2301538,0.6001538,1.4901538,3.0801537,2.860154,2.5201538,1.2901539,-0.2298462,-0.9098462,-2.0198462,-3.389846,-3.7798462,-3.7898462,-3.869846,-4.1798463,-4.009846,-4.229846,-3.4898462,-2.4198463,-1.5698462,-1.7598462,0.4501538,1.8401538,0.5001538,1.6601539,-0.6598462,-1.7298462,1.8101538,4.0501537,1.6701539,2.7101538,-2.0498462,0.5001538,1.0701538,-1.0898461,-1.0398462,-1.1798462,0.5501538,0.82015383
1.4401538,2.390154,1.3201538,1.6301538,1.1701539,1.5301538,2.9401538,1.5501539,0.6101538,-1.2498462,-1.0698462,-2.899846,-1.7398462,-3.5898461,-5.5598464,-5.5598464,-5.479846,-5.419846,-6.259846,-4.7198462,-3.7998462,-4.739846,-5.109846,-0.18984619,2.350154,0.010153809,-0.3298462,1.8301538,3.5101538,2.360154,4.240154,1.7901539,1.7401538,2.4101539,2.2101538,-8.069846,-2.139846,-0.019846192,0.4101538,0.6701538,0.8101538
1.0501539,1.1501538,1.3301538,2.0201538,3.2801538,3.130154,2.3201537,0.9101538,1.3301538,-0.3298462,-1.2098461,-1.7698462,-3.5498462,-3.7698462,-4.3098464,-4.629846,-5.6598463,-5.9498463,-5.6798463,-4.4698462,-4.669846,-6.459846,-6.3098464,-3.7398462,-2.129846,-0.7698462,-1.1498462,-3.4798462,-1.7698462,-0.9498462,9.240154,4.040154,1.0101538,3.120154,1.8401538,1.2401538,4.0301538,1.6601539,-1.1598462,1.7601538,2.2901537
0.050153807,0.06015381,0.49015382,0.10015381,0.3701538,2.7501538,1.7901539,0.4801538,1.0201538,-0.019846192,-0.8398462,-1.1598462,-2.7698462,-4.0398464,-4.0998464,-4.8498464,-4.5798464,-6.0398464,-5.4498463,-4.519846,-4.0798464,-5.249846,-5.979846,-6.049846,-5.8498464,-3.6698463,-4.3698463,-3.399846,-1.6898462,-3.0298462,-0.1498462,2.620154,0.03015381,-3.2498462,-2.0798461,-1.5898461,-2.0398462,1.0101538,-0.3998462,1.3301538,1.8901538
0.30015382,-0.5398462,-0.6698462,-0.2998462,-0.5198462,-0.059846193,0.2901538,-0.04984619,-0.029846191,-0.019846192,-0.8298462,-1.3098462,-2.4398463,-2.3198462,-3.9298463,-3.649846,-3.619846,-4.569846,-4.769846,-4.029846,-3.2498462,-4.2198462,-5.0798464,-5.6398463,-5.249846,-4.8498464,-4.339846,-4.819846,-3.9898462,-1.2798462,-1.4198462,-3.3298461,-2.9698462,-4.229846,-2.7598462,-1.6698462,1.0901538,-0.5498462,1.5201538,1.9201539,-0.9098462
0.5001538,0.2101538,-0.18984619,-0.4898462,-0.55984616,-0.3998462,-0.3998462,-0.9398462,-1.6898462,-1.7998462,-2.0298462,-1.4798462,-1.8298461,-2.2698462,-2.619846,-3.2698462,-3.1998463,-3.2898462,-2.6798463,-3.389846,-3.0698462,-2.9798462,-3.359846,-3.4998462,-4.239846,-4.7898464,-3.379846,-4.0598464,-3.5198462,-2.7798462,-2.9598463,-2.609846,-2.639846,-3.8298461,-4.589846,-3.6998463,-0.86984617,0.27015382,2.360154,2.390154,2.610154
0.9301538,0.4801538,0.7901538,0.3401538,-0.12984619,-1.0298462,-1.4098462,-1.4298462,-1.6898462,-2.9298463,-3.2098463,-2.6898463,-2.399846,-3.2598462,-2.639846,-3.149846,-2.4798462,-2.0698462,-1.3998462,-1.7098461,-2.2598462,-2.8098462,-3.0898461,-2.879846,-2.609846,-2.5798461,-3.129846,-2.6798463,-2.2898462,-1.5098462,-1.9798462,-1.5398462,-2.4898462,-2.6798463,-1.9398462,-1.3698462,0.6501538,0.6001538,2.0801537,2.3301537,1.9501538
0.40015382,0.30015382,0.8001538,0.3701538,-0.8398462,-1.5398462,-1.7098461,-1.8998462,-1.9998462,-2.119846,-2.869846,-4.3498464,-2.5898461,-2.2398462,-2.119846,-4.169846,-3.7798462,-3.7498462,-1.8198462,-1.8698462,-1.3598462,-1.1598462,-2.3298461,-2.6698463,-2.399846,-2.4398463,-1.7098461,-2.3498461,-2.899846,-1.9698462,-1.5198462,-1.3198462,-0.73984617,0.2401538,-0.2698462,0.1601538,0.8401538,-0.47984618,-1.4998462,-0.9698462,-0.9998462
0.5201538,0.1601538,0.33015382,0.2101538,-0.2098462,-0.5298462,-1.3298461,-1.5398462,-1.3598462,-0.31984618,-0.10984619,-2.2398462,-1.4898462,-3.2898462,-4.459846,-3.139846,-2.7098463,-2.889846,-3.139846,-2.5498462,-1.8498462,-1.5498462,-3.1998463,-0.47984618,-2.149846,-2.1798463,-3.6898463,-2.9698462,-2.7998462,-2.3098462,-2.4298463,-0.5898462,0.2101538,1.2501538,2.1901538,2.2201538,2.110154,1.5901538,1.6901538,1.8601538,1.5601538
1.2901539,0.8601538,0.1301538,-0.12984619,-0.5798462,-1.1198462,-1.4498461,-2.0098462,-1.8998462,-1.6498462,-0.4398462,-1.1298462,-3.0498462,-2.8198462,-4.0798464,-3.4098463,-3.869846,-3.7198462,-3.4598463,-3.129846,-3.4998462,-3.7898462,-4.279846,-4.2198462,-3.4098463,-4.2898464,-4.069846,-3.0298462,-2.4698462,-2.5298462,-2.2398462,-1.5098462,0.14015381,0.6201538,-0.24984619,1.4701538,2.370154,2.7601538,2.7101538,2.870154,3.9101539
0.9901538,0.10015381,0.02015381,-0.3398462,-0.5898462,-0.4698462,-1.2598462,-1.5198462,-2.0098462,-1.3498462,-0.12984619,0.2401538,-0.3098462,-0.8998462,-3.3298461,-4.069846,-4.519846,-4.259846,-5.189846,-5.069846,-4.959846,-5.479846,-5.759846,-5.769846,-5.739846,-6.029846,-6.399846,-6.919846,-6.739846,-6.5398464,-6.609846,-7.239846,-6.7198462,-7.189846,-4.839846,0.6801538,0.8701538,2.2901537,3.9401538,3.9901538,2.9701538
