wind_kz.json
{"header": {"discipline":0,"disciplineName":"Meteorological products","gribEdition":2,"gribLength":871,"center":7,"centerName":"US National Weather Service - NCEP(WMC)","subcenter":0,"refTime":"2023-10-02T06:00:00.000Z","significanceOfRT":1,"significanceOfRTName":"Start of forecast","productStatus":0,"productStatusName":"Operational products","productType":1,"productTypeName":"Forecast products","productDefinitionTemplate":0,"productDefinitionTemplateName":"Analysis/forecast at horizontal level/layer at a point in time","parameterCategory":0,"parameterCategoryName":"UnknownDiscipline_0_Category_0","parameterNumber":0,"parameterNumberName":"UnknownParameter_D0_C0_0","parameterUnit":"Unknown","genProcessType":2,"genProcessTypeName":"Forecast","forecastTime":0,"surface1Type":1,"surface1TypeName":"Ground or water surface","surface1Value":0.0,"surface2Type":255,"surface2TypeName":"Missing","surface2Value":0.0,"gridDefinitionTemplate":0,"gridDefinitionTemplateName":"Latitude_Longitude","numberPoints":615,"shape":6,"shapeName":"Earth spherical with radius of 6,371,229.0 m","gridUnits":"degrees","resolution":48,"winds":"true","scanMode":64,"nx":41,"ny":15,"basicAngle":0,"lo1":47.0,"la1":41.0,"lo2":87.0,"la2":55.0,"dx":1.0,"dy":1.0}, "data":
[rows 0 to 14 of 15, columns 0 to 40 of 41]
299.08325,289.78326,295.78326,294.38324,294.38324,292.68326,300.58325,305.28326,302.38324,303.88324,302.68326,304.38324,304.18326,304.58325,305.18326,306.48325,307.58325,306.28326,312.18326,307.78326,311.88324,309.58325,312.08325,303.58325,306.88324,305.78326,302.18326,294.38324,297.58325,287.48325,282.38324,281.58325,299.68326,304.98325,306.58325,306.08325,310.48325,312.08325,312.48325,313.68326,313.58325
283.88324,297.48325,293.98325,293.98325,294.18326,292.18326,305.48325,302.88324,301.38324,301.28326,302.18326,301.88324,303.08325,303.18326,306.68326,307.58325,308.98325,310.88324,310.68326,311.28326,312.78326,307.58325,305.98325,297.48325,287.38324,285.98325,297.88324,290.88324,295.88324,286.38324,287.28326,276.78326,289.08325,266.98325,276.48325,300.58325,303.78326,303.58325,308.08325,300.78326,284.48325
298.38324,293.98325,293.88324,293.38324,291.48325,301.08325,300.08325,300.38324,300.08325,300.38324,300.28326,301.38324,302.48325,302.78326,302.18326,307.38324,308.68326,306.38324,310.78326,311.58325,312.68326,308.98325,311.08325,300.18326,304.58325,303.08325,302.68326,303.18326,300.88324,295.28326,283.28326,291.68326,295.18326,296.88324,296.48325,294.18326,289.28326,290.88324,293.58325,289.58325,284.38324
299.78326,293.18326,293.88324,292.78326,293.78326,300.18326,299.38324,300.98325,301.38324,301.28326,300.98325,299.98325,290.78326,290.08325,300.58325,304.38324,302.78326,307.48325,304.78326,305.08325,306.58325,305.98325,303.98325,303.88324,305.58325,303.78326,305.38324,303.28326,303.98325,306.08325,305.48325,298.88324,304.68326,306.98325,311.68326,302.38324,291.28326,274.68326,291.88324,299.88324,301.58325
298.18326,292.98325,293.28326,292.68326,296.28326,300.48325,300.88324,301.68326,299.78326,293.08325,292.28326,299.58325,289.98325,288.58325,287.08325,301.28326,302.68326,301.88324,304.98325,303.68326,305.08325,306.78326,305.68326,303.48325,303.98325,304.28326,303.68326,300.78326,306.88324,307.68326,306.58325,304.88324,292.78326,278.78326,294.38324,300.88324,299.38324,306.18326,306.28326,305.58325,303.08325
297.48325,298.48325,291.18326,291.88324,292.28326,291.98325,302.18326,299.68326,299.78326,298.88324,297.88324,291.88324,290.98325,289.58325,294.68326,298.88324,298.68326,301.98325,302.48325,303.78326,305.68326,299.98325,300.48325,300.98325,301.68326,302.58325,303.68326,288.28326,303.68326,302.48325,304.08325,302.78326,305.58325,303.78326,301.28326,297.78326,297.48325,294.38324,306.08325,304.48325,302.08325
298.58325,299.88324,298.18326,299.68326,297.18326,300.68326,300.68326,295.18326,292.58325,293.08325,298.58325,296.78326,297.18326,297.38324,297.48325,296.28326,297.88324,299.18326,302.58325,301.88324,301.28326,300.38324,297.78326,295.98325,294.98325,298.48325,299.58325,300.38324,299.78326,300.78326,299.88324,301.48325,299.98325,300.08325,299.18326,298.68326,295.78326,293.68326,292.08325,287.78326,295.78326
297.98325,299.38324,299.18326,297.68326,297.58325,298.28326,299.68326,292.88324,292.58325,292.78326,293.48325,295.78326,296.58325,295.68326,297.08325,296.98325,296.08325,297.08325,298.28326,298.28326,296.28326,297.18326,297.18326,296.38324,294.58325,293.68326,292.88324,294.08325,291.88324,295.58325,290.18326,290.98325,296.48325,294.98325,296.58325,297.58325,298.58325,286.58325,298.88324,297.58325,296.18326
297.78326,297.88324,297.88324,295.38324,295.38324,297.88324,298.08325,292.48325,296.48325,294.48325,295.68326,296.48325,295.98325,297.38324,296.48325,297.88324,296.28326,296.68326,295.78326,296.18326,294.58325,293.38324,292.18326,285.98325,288.18326,284.48325,288.78326,288.98325,284.88324,286.58325,284.18326,287.08325,293.38324,292.98325,294.78326,294.08325,293.58325,292.58325,285.78326,283.28326,278.98325
294.88324,295.48325,295.88324,294.28326,295.28326,296.18326,297.38324,297.78326,297.18326,297.18326,296.18326,294.68326,294.78326,296.28326,295.98325,296.08325,295.78326,296.28326,290.58325,296.28326,294.48325,293.58325,293.08325,292.28326,284.48325,282.88324,281.58325,282.28326,287.78326,289.48325,290.48325,289.78326,293.88324,294.28326,294.38324,292.98325,291.18326,288.48325,289.98325,282.38324,277.38324
292.88324,293.68326,293.58325,293.08325,293.28326,293.08325,294.28326,294.98325,294.88324,292.88324,288.98325,290.48325,292.18326,291.28326,290.48325,295.58325,294.98325,295.48325,295.78326,293.58325,294.08325,293.58325,292.48325,292.28326,291.68326,291.38324,288.28326,290.68326,291.88324,293.68326,292.88324,293.28326,293.88324,291.28326,291.88324,292.48325,289.18326,286.98325,288.78326,285.88324,282.98325
291.78326,292.58325,293.98325,293.08325,291.68326,292.38324,291.78326,292.08325,292.48325,294.18326,292.58325,287.98325,287.68326,292.28326,292.18326,293.78326,293.68326,293.38324,294.18326,293.38324,292.18326,291.18326,290.58325,290.58325,289.98325,291.58325,291.98325,293.38324,292.68326,292.98325,292.88324,293.68326,291.18326,290.88324,288.68326,289.28326,289.18326,289.38324,287.78326,288.98325,289.08325
289.28326,290.78326,292.28326,292.68326,291.48325,290.68326,291.08325,291.58325,290.88324,291.28326,288.78326,288.68326,290.38324,290.08325,291.38324,291.98325,292.78326,293.38324,293.98325,292.08325,292.38324,291.28326,290.38324,290.08325,291.08325,291.98325,292.88324,291.78326,290.98325,290.58325,291.08325,290.68326,290.18326,290.18326,289.28326,287.58325,287.28326,287.48325,288.88324,288.68326,286.88324
290.08325,290.58325,288.28326,292.58325,291.08325,289.48325,287.38324,287.68326,286.78326,285.78326,287.48325,286.08325,288.68326,289.28326,289.78326,290.48325,290.98325,290.88324,291.78326,293.08325,292.68326,292.48325,292.68326,291.88324,291.98325,292.68326,291.68326,290.88324,290.08325,290.48325,289.58325,289.48325,289.98325,289.28326,289.08325,288.88324,287.78326,287.28326,286.78326,285.18326,288.08325
288.98325,289.18326,285.78326,290.08325,289.88324,289.48325,289.48325,290.28326,291.08325,289.98325,285.08325,289.18326,287.08325,287.48325,288.78326,289.78326,289.98325,290.28326,291.28326,291.28326,291.88324,291.58325,291.88324,290.98325,290.48325,290.98325,290.98325,289.88324,289.78326,288.88324,288.08325,285.88324,287.28326,286.88324,286.68326,286.28326,286.98325,285.98325,284.78326,284.68326,283.68326
