wind_kz.json
{"header": {"discipline":0,"disciplineName":"Meteorological products","gribEdition":2,"gribLength":1025,"center":7,"centerName":"US National Weather Service - NCEP(WMC)","subcenter":0,"refTime":"2024-04-06T18:00:00.000Z","significanceOfRT":1,"significanceOfRTName":"Start of forecast","productStatus":0,"productStatusName":"Operational products","productType":1,"productTypeName":"Forecast products","productDefinitionTemplate":0,"productDefinitionTemplateName":"Analysis/forecast at horizontal level/layer at a point in time","parameterCategory":2,"parameterCategoryName":"UnknownDiscipline_0_Category_2","parameterNumber":2,"parameterNumberName":"UnknownParameter_D0_C2_2","parameterUnit":"Unknown","genProcessType":2,"genProcessTypeName":"Forecast","forecastTime":120,"surface1Type":103,"surface1TypeName":"Specified height level above ground","surface1Value":10.0,"surface2Type":255,"surface2TypeName":"Missing","surface2Value":0.0,"gridDefinitionTemplate":0,"gridDefinitionTemplateName":"Latitude_Longitude","numberPoints":615,"shape":6,"shapeName":"Earth spherical with radius of 6,371,229.0 m","gridUnits":"degrees","resolution":48,"winds":"true","scanMode":64,"nx":41,"ny":15,"basicAngle":0,"lo1":47.0,"la1":41.0,"lo2":87.0,"la2":55.0,"dx":1.0,"dy":1.0}, "data":
[rows 0 to 14 of 15, columns 0 to 40 of 41]
-2.8885393,-0.8485394,3.7114606,5.1414604,3.5314605,-0.61853945,3.4114606,-6.7885394,-9.56854,-8.258539,-6.5785394,-4.9585395,-5.6985393,-6.1885395,-7.6385393,-8.07854,-8.138539,-6.9185395,-5.738539,-3.9685395,-3.4285395,-1.6285394,-0.82853943,-2.0885394,0.35146058,-1.6085395,-3.0585394,0.02146057,1.4114605,0.7014606,-1.5385394,2.6414607,0.56146055,0.6614606,0.75146055,-1.6185395,-0.08853943,-0.34853944,0.8914606,2.2214606,2.1214607
-1.2185395,2.2814605,2.4914606,4.9214606,3.3914607,-1.2985394,-5.468539,-9.128539,-7.9985394,-6.988539,-5.9285393,-5.6585393,-3.7685394,-6.3685393,-6.488539,-6.8385396,-6.0685396,-6.7085395,-5.6985393,-4.0685396,-3.0185394,-3.1985395,-1.7985394,-3.6385393,-0.34853944,1.8014606,-1.3885394,2.0514605,-0.6685394,0.071460575,0.5214606,-0.5985394,2.8814607,-2.2185395,0.43146056,0.49146056,0.35146058,0.61146057,0.111460574,1.9014605,-1.7085395
-1.1185395,-1.7685394,0.8314606,-2.2985394,-1.7085395,-2.5485394,-3.9585395,-8.64854,-9.52854,-8.178539,-7.3885393,-7.7885394,-8.19854,-8.48854,-7.9385395,-7.4185395,-8.53854,-7.5585394,-7.2085395,-6.0485396,-2.8085394,-6.0385394,-4.5485396,-4.1385393,-0.068539426,-2.1085393,-2.4585395,0.25146058,-0.86853945,0.48146057,-0.48853943,2.0214605,0.61146057,0.51146054,-0.49853942,-0.6085394,0.28146058,0.12146057,0.82146055,2.2414606,2.5914605
-3.3585393,-4.0785394,-3.6585395,-3.0585394,-2.4585395,-5.1585393,-9.98854,-9.218539,-8.90854,-7.6585393,-7.8285394,-7.508539,-8.888539,-8.678539,-7.4085393,-6.6885395,-5.5685396,-7.1485395,-7.8685393,-7.7985396,-7.1885395,-5.3885393,-2.3085394,-4.3885393,-3.7785394,-2.7285395,-3.9085395,-5.2785397,-1.8785394,1.0414605,0.47146058,-0.41853943,3.6814606,5.7014604,-0.32853943,-1.5585394,-1.9185394,3.0814605,2.0914605,-1.2885394,-1.6085395
-3.2485394,-4.8185396,-3.4585395,-2.8685393,-3.8285394,-3.8785393,-7.9185395,-8.6885395,-8.28854,-7.9485393,-8.85854,-9.628539,-9.64854,-8.758539,-7.8285394,-6.8385396,-6.2685394,-7.5185394,-8.23854,-8.57854,-7.5885396,-6.9785395,-6.238539,-5.4285393,-3.9885395,-3.7085395,-5.4785395,-0.56853944,-0.57853943,-0.62853944,1.1014606,0.48146057,0.02146057,2.9314606,0.30146056,-0.7685394,4.1114607,-2.5485394,-2.7285395,-3.2485394,-5.1185393
-2.6485395,-2.8085394,-4.2085395,-4.0885396,-3.9885395,-7.0785394,-9.128539,-8.248539,-7.4185395,-5.1185393,-5.8885393,-6.7085395,-6.968539,-7.4285393,-4.9785395,-5.8485394,-5.7485394,-5.8185396,-7.5585394,-7.7085395,-7.8685393,-6.8785396,-5.6185393,-5.3885393,-4.9385395,-5.0685396,-4.4385395,-1.5985395,-4.3785396,-2.6385393,0.93146056,-0.068539426,-0.04853943,0.35146058,2.9614606,0.5214606,1.9114605,2.7514606,5.9214606,-6.0985394,-6.4585395
-4.1785393,-4.1185393,-3.7385395,-3.8885393,-3.2285395,-4.1185393,-6.5885396,-5.1285396,-4.008539,-5.3185396,-4.258539,-5.218539,-4.9385395,-6.0985394,-5.4285393,-5.2885394,-5.258539,-5.5585394,-6.3185396,-7.508539,-6.488539,-5.1385393,-4.8085394,-3.9385395,-3.8785393,-3.1485395,-2.4185395,-0.7685394,-0.8385394,-2.5285394,-3.9485395,-3.8585393,-3.1785395,-0.92853945,1.8214606,2.0214605,1.2814605,-1.1785394,2.2014606,1.3114606,0.81146055
-3.7485394,-3.9685395,-3.9385395,-3.7785394,-3.3985395,-2.4785395,-3.3985395,-2.1585395,-2.5485394,-3.3785393,-4.9185395,-5.4085393,-4.008539,-4.9485393,-4.8685393,-4.6785393,-4.8485394,-5.1285396,-5.1085396,-5.1085396,-4.5385394,-4.4085393,-3.9285395,-4.2285395,-4.3185396,-2.4685395,-1.4385394,-1.7885394,-0.11853943,0.39146057,-1.8985394,-2.4885395,-2.8585393,-2.6185393,-1.9985394,1.6614605,4.5814605,4.8614607,6.531461,5.7714605,3.1414607
-3.9285395,-3.7185395,-3.7485394,-3.6485395,-3.2085395,-2.6985395,-2.5385394,-3.0685394,-3.3385394,-2.3385394,-3.9185395,-4.1585393,-3.4485395,-3.5585394,-3.4685395,-3.1285393,-3.2185395,-2.8185394,-3.1185393,-3.2585394,-3.3785393,-2.1285393,-1.9785395,-2.5085394,-2.2285395,-1.6185395,-2.2485394,-2.0485394,-2.0685394,-0.41853943,-0.86853945,-1.3785394,0.49146056,0.031460572,0.57146055,2.5314605,2.8914607,-0.32853943,1.3514606,0.82146055,-0.30853942
-2.1785395,-2.6285393,-2.7485394,-3.4485395,-2.8885393,-2.5685394,-2.8785393,-3.0685394,-3.2585394,-3.5185394,-3.7885394,-3.8085394,-3.1485395,-3.1085393,-2.9985394,-2.8685393,-3.0685394,-2.2485394,-2.2885394,-2.1285393,-1.8985394,-0.63853943,-0.5385394,-0.09853943,-0.7085394,0.82146055,0.67146057,-0.69853944,-0.75853944,-0.5285394,0.33146057,0.50146055,2.0914605,1.7114606,1.0014606,2.4314606,2.5414605,1.6814606,2.3614607,1.5914606,0.61146057
-0.34853944,-0.55853945,-1.5285394,-2.0185394,-1.9585395,-2.0285394,-2.4285395,-1.9585395,-2.2385395,-2.7685394,-1.8685395,-1.2385395,-2.5185394,-2.2385395,-2.0685394,-2.0485394,-1.8285394,-1.4785395,-1.4285394,-1.2685394,-0.81853944,-0.74853945,-0.018539429,0.6514606,-0.07853943,-0.18853943,0.74146056,-0.13853943,0.13146058,1.2514606,1.2114606,0.9814606,0.33146057,-0.88853943,0.8414606,0.5814606,0.94146055,0.8314606,1.0614606,-0.9585394,0.62146056
-0.068539426,0.21146058,0.7014606,-0.94853944,0.071460575,0.06146057,-0.47853944,-0.86853945,-0.21853943,-0.42853943,0.111460574,1.0214605,0.62146056,1.1414605,0.44146058,1.0514606,1.7714605,0.40146056,-0.4085394,1.4614606,0.99146056,1.6214606,1.3714606,1.9414606,2.2114606,0.6514606,0.51146054,0.6514606,0.27146056,-0.5285394,-0.12853943,-0.028539428,-0.12853943,0.23146057,1.4014605,1.9014605,2.5914605,4.031461,4.7214603,4.281461,1.8214606
0.7914606,0.5914606,1.1514605,0.92146057,1.2214606,0.18146057,0.3414606,0.69146055,1.2714605,-0.10853943,0.5814606,1.8814605,2.1114607,2.2814605,2.0414605,1.7114606,1.6814606,1.3314606,1.6214606,2.8614607,0.48146057,-0.7085394,0.5214606,1.3114606,2.2714605,1.9214606,-1.3185394,-0.75853944,-1.0585394,0.031460572,-0.44853944,-0.028539428,1.0014606,1.3814605,1.5414605,1.9814606,2.7814605,2.5414605,2.6514606,2.5014606,0.31146058
2.0814605,1.9014605,1.4414606,1.8814605,0.5814606,1.0214605,1.5014606,1.5914606,1.4114605,0.8914606,0.031460572,1.1814606,2.1114607,2.5014606,2.0114605,1.3414606,1.4614606,1.1914606,1.5414605,1.0614606,1.6114606,1.4914606,2.4214606,1.8814605,-0.63853943,0.5414606,-1.5785394,-1.8285394,-0.82853943,-0.43853942,-0.20853943,0.22146057,1.0314605,0.41146058,0.57146055,0.8914606,0.13146058,-0.15853943,0.23146057,0.48146057,2.0814605
1.4214606,2.2014606,1.6714606,2.1114607,2.6114607,2.9114606,3.6914606,2.3414605,1.4614606,0.61146057,-0.26853943,1.0714606,1.3414606,1.2714605,2.4614606,2.6214607,2.2714605,1.0514606,0.76146054,1.7114606,0.9614606,1.1514605,1.5414605,1.4114605,2.0114605,0.0014605713,-1.2185395,-1.6185395,-0.92853945,-0.56853944,-0.03853943,0.6614606,0.38146058,0.51146054,0.7014606,0.80146056,0.50146055,0.49146056,0.87146056,-0.38853943,0.28146058
