wind_kz.json
{"header": {"discipline":0,"disciplineName":"Meteorological products","gribEdition":2,"gribLength":871,"center":7,"centerName":"US National Weather Service - NCEP(WMC)","subcenter":0,"refTime":"2023-08-07T12:00:00.000Z","significanceOfRT":1,"significanceOfRTName":"Start of forecast","productStatus":0,"productStatusName":"Operational products","productType":1,"productTypeName":"Forecast products","productDefinitionTemplate":0,"productDefinitionTemplateName":"Analysis/forecast at horizontal level/layer at a point in time","parameterCategory":0,"parameterCategoryName":"UnknownDiscipline_0_Category_0","parameterNumber":0,"parameterNumberName":"UnknownParameter_D0_C0_0","parameterUnit":"Unknown","genProcessType":2,"genProcessTypeName":"Forecast","forecastTime":180,"surface1Type":1,"surface1TypeName":"Ground or water surface","surface1Value":0.0,"surface2Type":255,"surface2TypeName":"Missing","surface2Value":0.0,"gridDefinitionTemplate":0,"gridDefinitionTemplateName":"Latitude_Longitude","numberPoints":615,"shape":6,"shapeName":"Earth spherical with radius of 6,371,229.0 m","gridUnits":"degrees","resolution":48,"winds":"true","scanMode":64,"nx":41,"ny":15,"basicAngle":0,"lo1":47.0,"la1":41.0,"lo2":87.0,"la2":55.0,"dx":1.0,"dy":1.0}, "data":
[rows 0 to 14 of 15, columns 0 to 40 of 41]
292.80396,287.20395,292.10394,298.30396,297.80396,297.00397,296.50397,296.70395,294.70395,295.20395,292.50397,294.50397,294.20395,293.90396,293.70395,291.30396,291.20395,292.50397,291.90396,290.40396,290.20395,287.20395,284.40396,284.60394,288.10394,288.50397,286.40396,272.70395,270.70395,271.70395,273.00397,276.60394,285.70395,292.10394,292.60394,293.50397,294.10394,293.10394,293.80396,294.30396,296.40396
276.40396,292.30396,298.20395,298.80396,298.50397,296.70395,294.60394,293.60394,292.20395,292.10394,292.90396,291.90396,291.70395,291.60394,290.60394,290.70395,290.90396,292.00397,290.20395,290.50397,291.90396,292.30396,287.60394,283.30396,274.00397,273.50397,279.70395,270.40396,272.90396,268.90396,272.70395,269.80396,276.50397,261.00397,273.20395,287.40396,287.30396,289.90396,294.30396,286.60394,283.90396
295.70395,298.10394,298.70395,298.70395,296.40396,294.90396,293.50397,291.90396,291.70395,290.80396,290.30396,291.20395,290.20395,291.20395,291.80396,290.30396,289.90396,289.30396,289.70395,290.60394,292.50397,293.10394,292.70395,285.30396,284.50397,285.40396,284.00397,282.90396,283.20395,274.60394,263.50397,267.90396,275.30396,276.00397,278.90396,279.20395,271.80396,275.50397,276.60394,272.30396,270.20395
297.00397,298.70395,298.70395,298.40396,296.30396,293.60394,293.00397,292.00397,291.20395,290.70395,290.40396,290.80396,296.80396,295.80396,291.20395,291.10394,292.00397,291.80396,292.50397,291.70395,291.60394,287.90396,289.90396,290.00397,289.10394,288.90396,289.50397,287.50397,286.10394,286.40396,286.10394,282.40396,287.30396,284.00397,284.60394,279.80396,268.90396,271.80396,278.40396,286.60394,290.20395
296.30396,299.50397,299.70395,299.60394,297.70395,295.20395,295.40396,294.30396,292.20395,291.80396,291.00397,290.40396,297.50397,296.20395,293.00397,292.50397,292.50397,291.60394,290.80396,293.00397,292.60394,292.70395,290.90396,290.20395,288.90396,288.40396,287.00397,289.30396,287.10394,286.30396,288.50397,283.90396,272.10394,265.90396,277.70395,285.60394,289.90396,290.80396,290.70395,291.40396,293.00397
294.10394,292.40396,299.20395,299.30396,299.40396,298.80396,294.90396,292.60394,293.90396,292.80396,291.40396,290.80396,295.20395,296.20395,292.50397,289.10394,293.30396,292.70395,292.20395,293.10394,292.40396,291.60394,291.10394,291.20395,291.20395,288.80396,289.50397,294.00397,291.00397,291.90396,287.80396,288.40396,286.20395,283.90396,282.50397,287.20395,278.00397,280.60394,287.40396,291.50397,291.50397
293.30396,291.20395,294.70395,294.70395,296.30396,295.00397,294.10394,293.00397,293.30396,293.30396,293.20395,291.30396,290.60394,291.20395,290.30396,293.10394,292.90396,293.60394,293.70395,292.80396,291.50397,291.80396,291.70395,291.70395,290.30396,290.60394,290.20395,293.20395,292.00397,292.10394,290.20395,287.30396,287.80396,286.70395,284.00397,282.80396,278.60394,276.40396,275.70395,276.40396,285.70395
293.50397,293.80396,295.10394,294.40396,295.60394,295.80396,295.30396,294.70395,294.10394,292.60394,292.30396,293.00397,292.30396,292.90396,294.00397,295.00397,293.90396,294.10394,293.20395,290.50397,291.30396,290.30396,290.20395,290.40396,289.00397,285.60394,286.50397,287.20395,287.80396,288.90396,286.80396,284.70395,283.10394,281.30396,280.80396,282.90396,285.60394,289.10394,285.20395,286.30396,282.80396
295.60394,295.30396,295.30396,293.40396,294.90396,295.10394,293.90396,294.70395,292.60394,292.80396,291.40396,289.80396,292.50397,292.50397,293.60394,295.10394,294.30396,293.40396,292.80396,291.40396,288.70395,289.30396,288.90396,289.00397,286.80396,288.40396,284.10394,283.90396,285.90396,284.60394,282.20395,284.10394,283.40396,282.90396,282.80396,281.20395,283.70395,281.40396,275.20395,276.00397,274.20395
295.70395,297.90396,299.10394,297.40396,294.00397,295.00397,297.60394,295.20395,293.90396,292.10394,291.40396,290.40396,291.30396,292.10394,292.70395,293.10394,293.60394,293.10394,292.50397,291.40396,289.80396,289.70395,289.20395,288.40396,287.30396,286.00397,284.90396,285.20395,285.70395,286.20395,283.20395,286.70395,286.40396,284.30396,284.00397,283.00397,283.40396,280.70395,274.20395,277.00397,274.80396
295.20395,294.30396,297.10394,296.50397,295.50397,293.60394,294.50397,293.10394,292.00397,290.80396,291.90396,291.90396,292.90396,291.50397,291.70395,292.60394,292.60394,292.80396,291.70395,290.60394,289.30396,288.50397,287.80396,286.70395,286.60394,285.50397,283.90396,286.40396,287.80396,288.50397,287.30396,287.00397,287.80396,285.50397,283.90396,283.20395,280.70395,274.90396,276.70395,279.40396,277.80396
288.70395,294.60394,293.10394,292.80396,294.80396,297.60394,295.00397,294.20395,291.40396,291.00397,289.00397,290.50397,290.00397,289.60394,290.70395,291.20395,290.90396,291.70395,290.10394,290.40396,288.50397,288.20395,287.70395,287.40396,287.10394,286.90396,285.50397,286.30396,287.30396,288.10394,287.70395,285.60394,285.20395,286.60394,284.30396,287.30396,286.90396,283.90396,283.80396,284.10394,281.10394
287.80396,287.50397,293.10394,292.20395,292.10394,292.00397,290.30396,292.00397,290.70395,293.40396,288.10394,287.50397,289.60394,291.40396,291.20395,291.40396,290.10394,290.50397,290.20395,290.20395,288.80396,287.60394,287.90396,287.00397,288.90396,286.90396,287.10394,285.10394,286.20395,285.90396,286.80396,284.90396,283.80396,284.40396,286.70395,284.40396,286.70395,286.60394,285.20395,283.40396,281.80396
288.40396,288.60394,291.20395,290.00397,291.50397,292.80396,290.40396,290.50397,290.40396,290.30396,293.40396,285.00397,287.00397,290.60394,291.40396,290.80396,291.30396,290.60394,290.00397,290.10394,290.60394,289.40396,289.50397,289.00397,288.90396,286.60394,284.30396,284.20395,285.20395,285.30396,286.60394,286.10394,282.90396,282.40396,286.20395,285.00397,284.50397,286.00397,285.40396,283.80396,284.60394
287.10394,288.90396,292.60394,289.60394,290.30396,289.50397,291.80396,290.80396,292.20395,288.70395,289.70395,287.40396,288.30396,288.70395,294.00397,290.80396,291.40396,292.70395,291.10394,290.50397,290.20395,290.20395,289.50397,289.50397,288.80396,287.80396,285.30396,284.10394,284.70395,286.40396,285.60394,283.40396,284.50397,282.60394,285.50397,286.30396,286.20395,286.40396,286.50397,286.30396,284.70395
