wind_kz.json
{"header": {"discipline":0,"disciplineName":"Meteorological products","gribEdition":2,"gribLength":1102,"center":7,"centerName":"US National Weather Service - NCEP(WMC)","subcenter":0,"refTime":"2023-09-23T06:00:00.000Z","significanceOfRT":1,"significanceOfRTName":"Start of forecast","productStatus":0,"productStatusName":"Operational products","productType":1,"productTypeName":"Forecast products","productDefinitionTemplate":0,"productDefinitionTemplateName":"Analysis/forecast at horizontal level/layer at a point in time","parameterCategory":2,"parameterCategoryName":"UnknownDiscipline_0_Category_2","parameterNumber":2,"parameterNumberName":"UnknownParameter_D0_C2_2","parameterUnit":"Unknown","genProcessType":2,"genProcessTypeName":"Forecast","forecastTime":300,"surface1Type":103,"surface1TypeName":"Specified height level above ground","surface1Value":10.0,"surface2Type":255,"surface2TypeName":"Missing","surface2Value":0.0,"gridDefinitionTemplate":0,"gridDefinitionTemplateName":"Latitude_Longitude","numberPoints":615,"shape":6,"shapeName":"Earth spherical with radius of 6,371,229.0 m","gridUnits":"degrees","resolution":48,"winds":"true","scanMode":64,"nx":41,"ny":15,"basicAngle":0,"lo1":47.0,"la1":41.0,"lo2":87.0,"la2":55.0,"dx":1.0,"dy":1.0}, "data":
[rows 0 to 14 of 15, columns 0 to 40 of 41]
-2.0329318,-0.7129318,1.8370682,2.2370682,1.8770682,2.4470682,2.6470683,2.0270681,-3.392932,-2.942932,-2.182932,-1.2229319,0.18706818,2.3870683,2.6770682,1.4170681,2.3670683,3.107068,2.4070683,2.7470682,2.1970682,-2.8729317,-2.6329317,-2.892932,0.9870682,-1.8729318,-3.202932,-0.15293182,0.2570682,0.32706818,-0.6529318,0.7870682,0.29706818,-0.35293183,-1.9229318,-0.99293184,-0.6629318,-0.94293183,-1.5429318,-1.9229318,-0.33293182
1.8870682,1.1370682,5.6770678,1.6070682,0.87706816,1.1870682,1.5570682,-2.2429318,-3.5929317,-2.8729317,0.19706817,-2.142932,-1.1429318,0.5370682,1.1470681,0.9170682,3.1570683,1.4770682,0.74706817,2.557068,0.067068174,-3.8229318,-1.4029318,-3.3229318,0.18706818,1.7270682,-0.25293183,0.16706818,-0.99293184,-0.62293184,0.26706818,-0.39293182,1.7870681,-3.1029317,0.067068174,0.7270682,0.81706816,-0.50293183,-0.6629318,0.80706817,-1.8129318
5.807068,16.297068,-0.42293182,-0.8529318,1.2370682,1.0070682,-3.8329318,-2.202932,-2.432932,-3.4629319,-2.5829318,-2.8429317,-0.5129318,0.10706817,1.1270682,-0.8829318,-2.2729318,1.7970681,2.057068,-2.2329319,-4.702932,-4.452932,-3.5529318,-2.3329318,-1.2729318,-0.56293184,-1.7329319,-2.4729319,-3.3329318,-0.22293182,-2.1329317,1.9270682,-0.56293184,-0.32293183,0.017068176,-1.2429318,0.017068176,0.43706816,-0.50293183,0.42706817,1.3370682
4.5770683,1.1970682,3.0070682,2.1870682,1.7270682,-1.7629318,-1.3829318,-3.0929317,-2.902932,-1.8129318,-1.8929318,-1.6329318,-0.56293184,-0.17293182,0.30706817,-2.702932,-2.3029318,-2.2529318,-2.5629318,-3.5029318,-3.4829319,-1.5429318,-2.7829318,-3.6229317,-3.8529317,-3.662932,-2.6329317,-3.182932,-1.3729318,0.14706817,-1.3729318,-2.7329319,-0.36293182,-0.35293183,-1.2829318,-1.9429318,-1.7429318,2.067068,1.4870682,0.11706818,-1.3829318
3.4970682,3.7870681,-0.41293183,2.9070683,1.6570681,-2.5329318,-3.2929318,-1.9629319,-1.2929318,1.4370682,-1.0529318,-0.29293182,-0.18293183,-1.5929319,-2.0229318,-3.452932,-2.5829318,-2.412932,-3.0529318,-3.942932,-4.392932,-4.0029316,-4.5029316,-3.5529318,-2.9729319,-3.6129317,-3.202932,0.81706816,-1.5529318,-2.9829319,-3.3629317,-1.8629318,-1.5329318,1.3170682,0.41706818,0.08706818,-1.5029318,-2.5929317,-2.182932,-2.3129318,-2.5129318
1.7770681,3.557068,2.2070682,1.9370682,4.0770683,-0.31293184,-1.9029318,-0.47293183,-1.1829318,-0.6629318,-0.56293184,-0.69293183,1.7170682,1.3470682,-1.7629318,-1.7829318,-2.3529317,-2.432932,-2.7729318,-1.8629318,-3.7329319,-2.452932,-3.172932,-3.662932,-3.412932,-3.652932,-2.3129318,-3.202932,-3.0829318,-2.2829318,-1.7329319,-0.99293184,-0.7129318,-1.1229318,-0.2729318,-4.562932,-0.0029318237,-1.9829319,1.7170682,-0.17293182,-0.86293185
3.0270681,2.4370682,2.837068,2.9770682,2.7770681,2.5270681,2.9370682,2.9670682,2.4770682,1.9170681,1.6570681,1.1470681,0.7870682,0.33706817,2.087068,1.9770682,-0.48293182,-0.94293183,-2.0429318,-1.6429318,-1.7929318,-2.2629318,-1.6429318,-0.94293183,-1.6129318,-1.7129319,-0.9629318,-1.1029319,0.6070682,1.4670682,0.07706818,-1.5629318,-1.8629318,-4.352932,-3.7429318,-1.9029318,-0.8529318,2.597068,-1.6029319,1.4070681,1.2470682
3.1870682,3.6670682,1.0470681,4.5770683,5.597068,1.6970682,-0.012931824,0.26706818,4.297068,3.077068,2.1470683,2.0170681,1.5170681,0.48706818,1.0570682,0.037068177,0.63706815,-0.6529318,0.48706818,-1.3429319,0.36706817,-1.0529318,-0.99293184,-0.35293183,0.21706818,-0.9729318,-0.2729318,0.19706817,0.17706817,-1.6729318,-1.9029318,-2.0129318,-2.5229318,-1.3829318,-1.8229318,-1.0229318,-2.3829317,-3.5829318,-3.9929318,-3.5829318,-2.7429318
4.0570683,3.6970682,3.7770681,2.6970682,5.4670677,4.6170683,2.5070682,1.6670681,-0.06293182,-0.6029318,-0.5129318,2.1170683,2.6270683,2.307068,1.1670681,-0.23293182,0.0070681763,1.5670682,2.047068,0.3470682,-0.0029318237,0.48706818,0.17706817,0.29706818,-0.62293184,-0.20293182,-0.6529318,-0.6429318,0.13706818,-0.31293184,0.29706818,-0.8229318,0.027068175,-1.1529318,-1.5129318,-1.9229318,-0.7829318,-2.162932,-1.3929318,-0.09293182,-1.7429318
3.3770683,5.1770678,3.9870682,4.4970684,2.557068,3.0370681,4.297068,4.547068,0.6770682,0.80706817,2.1770682,2.4070683,2.9970682,2.6470683,2.337068,2.4770682,1.0470681,1.5970682,2.2470682,1.4270682,1.0270681,1.1470681,0.5970682,0.14706817,-0.22293182,-0.39293182,-0.26293182,0.16706818,0.38706818,0.81706816,-0.93293184,-0.8929318,-1.9629319,-2.0029318,-1.7429318,-1.8029318,-2.2329319,-0.06293182,-1.2929318,0.27706817,-1.3329319
3.2870681,2.827068,3.9970682,4.7870684,2.6370683,2.7670681,2.057068,2.4770682,3.1570683,2.1170683,2.8670683,2.6470683,3.1570683,2.8770683,2.4170682,2.4370682,2.2370682,2.1170683,1.8470682,1.6970682,1.7670681,1.2670681,0.21706818,0.5470682,0.27706817,-0.10293183,0.3170682,0.3470682,0.6170682,-0.41293183,-0.9129318,-1.3529319,-2.7829318,-1.7529318,-1.5829319,-1.8029318,-1.5129318,0.49706817,-0.99293184,1.0470681,-1.0929319
3.587068,3.347068,3.347068,2.2370682,2.847068,2.297068,2.1670682,2.4070683,2.9770682,2.4970682,1.9370682,4.237068,4.0770683,3.2070682,3.2570682,1.7870681,2.0170681,1.5870682,0.6670682,2.4470682,1.1870682,1.7670681,0.8570682,0.6670682,0.5970682,0.9870682,0.15706818,0.8570682,0.11706818,-1.0329318,-1.3729318,-0.55293185,-0.69293183,-1.0229318,0.08706818,0.10706817,-0.25293183,-0.44293183,-0.09293182,-0.39293182,-0.39293182
2.4770682,3.2770681,3.4370682,2.9370682,2.8870683,2.9870682,3.1170683,4.377068,3.827068,2.2370682,0.87706816,3.7570682,3.7770681,4.3270683,3.3770683,2.807068,0.76706815,1.1770682,0.42706817,1.7970681,1.3670682,0.8570682,0.9170682,0.0070681763,2.1870682,1.6370682,1.7270682,0.94706815,0.047068175,-0.012931824,-0.36293182,-0.5129318,-0.30293182,-0.6429318,0.21706818,0.9570682,0.7170682,-0.16293183,-0.35293183,-0.29293182,-0.7829318
0.75706816,0.99706817,4.2470684,4.687068,5.657068,5.417068,5.067068,5.9670677,2.8670683,2.2170682,0.6670682,2.0170681,3.4070683,3.7570682,4.1370683,2.2770681,1.0570682,0.49706817,0.6170682,2.1270683,2.3970683,1.8070682,1.9070681,1.9470682,1.3670682,1.2170682,0.80706817,1.1770682,0.76706815,0.7170682,0.8670682,0.7370682,0.8370682,0.9870682,1.5970682,1.2570682,1.1770682,1.0670682,-0.5929318,0.4770682,-0.4329318
0.99706817,1.8370682,2.847068,2.4770682,1.5370681,2.9170682,3.857068,4.627068,4.817068,3.4870682,2.317068,3.4270682,4.067068,1.0870682,3.6770682,3.8770683,2.4570682,1.3970681,0.6170682,1.5870682,2.1870682,2.1770682,1.3170682,1.1170682,0.68706816,0.75706816,1.2770681,1.4470682,1.4370682,1.5270681,1.7970681,1.8170682,1.8770682,2.067068,2.107068,2.6370683,0.42706817,1.8170682,2.9270682,1.0970682,-1.5129318
