wind_kz.json
{"header": {"discipline":0,"disciplineName":"Meteorological products","gribEdition":2,"gribLength":1025,"center":7,"centerName":"US National Weather Service - NCEP(WMC)","subcenter":0,"refTime":"2023-08-18T12:00:00.000Z","significanceOfRT":1,"significanceOfRTName":"Start of forecast","productStatus":0,"productStatusName":"Operational products","productType":1,"productTypeName":"Forecast products","productDefinitionTemplate":0,"productDefinitionTemplateName":"Analysis/forecast at horizontal level/layer at a point in time","parameterCategory":2,"parameterCategoryName":"UnknownDiscipline_0_Category_2","parameterNumber":2,"parameterNumberName":"UnknownParameter_D0_C2_2","parameterUnit":"Unknown","genProcessType":2,"genProcessTypeName":"Forecast","forecastTime":300,"surface1Type":103,"surface1TypeName":"Specified height level above ground","surface1Value":10.0,"surface2Type":255,"surface2TypeName":"Missing","surface2Value":0.0,"gridDefinitionTemplate":0,"gridDefinitionTemplateName":"Latitude_Longitude","numberPoints":615,"shape":6,"shapeName":"Earth spherical with radius of 6,371,229.0 m","gridUnits":"degrees","resolution":48,"winds":"true","scanMode":64,"nx":41,"ny":15,"basicAngle":0,"lo1":47.0,"la1":41.0,"lo2":87.0,"la2":55.0,"dx":1.0,"dy":1.0}, "data":
[rows 0 to 14 of 15, columns 0 to 40 of 41]
-1.0021967,-1.2321967,1.0278033,0.60780334,-6.0421968,-6.7921968,-5.9321966,-5.4321966,-8.352197,-4.1421967,-3.1321967,-5.2421966,-4.5621967,-3.9921966,-4.0621967,-4.2221966,-3.6221967,-0.49219665,-2.8321967,-1.4121966,0.98780334,2.3978033,0.67780334,-1.0821967,1.4078033,-2.3921967,-3.3221967,-0.042196654,0.5678033,0.21780334,-1.1121967,2.3878033,0.5178034,0.35780334,-0.9821966,-1.0121967,-0.76219666,-1.8921967,-2.0921967,-2.0621967,-3.0321968
2.6078033,0.55780333,-1.2621967,-4.0521965,-6.3721967,-8.072197,-5.172197,-8.772197,-5.942197,-5.0321965,-3.5921967,-4.6421967,-4.252197,-2.6221967,-1.8321967,-3.8021967,-4.4321966,-4.2021966,-3.5421968,-1.1421967,-2.2521966,-2.9821966,0.38780335,-2.8521967,-0.18219666,1.3678033,-0.52219665,1.4678034,-0.59219664,-2.0821967,0.16780335,-0.6821967,1.8978033,-3.2221966,-0.21219665,-0.062196657,-0.72219664,0.26780334,-0.76219666,1.5178033,0.58780336
-0.042196654,-6.2821965,-4.9521966,-7.0921965,-7.9921966,-6.9321966,-6.272197,-2.8721967,-4.8421965,-4.3021965,-4.0721965,-4.022197,-3.3721967,-3.5421968,-3.4621966,-4.0821967,-5.002197,-3.1721966,-2.2721968,-2.4021966,-1.3121966,-4.8721967,-6.962197,-4.752197,2.3378034,3.1178033,3.4078033,2.4678032,-1.2221967,-0.34219664,-0.66219664,2.5878034,-0.42219666,-0.33219665,0.74780333,-1.0521966,-0.6221967,0.60780334,-0.6821967,1.4078033,2.3178034
-5.5721965,-7.5821967,-5.3321967,-5.4321966,-5.5121965,-4.672197,-3.0421968,-3.9021966,-3.8421967,-3.0521967,-2.6421967,-3.5421968,-3.1721966,-3.2621965,-3.5421968,-3.8421967,-4.4921966,-4.212197,-3.8821967,-4.5621967,-4.5421968,-3.3021967,3.2078032,-1.4121966,-1.9121966,-1.9521966,-2.2421966,-5.732197,-2.6621966,-0.052196655,-0.38219666,-2.2121966,-2.4921966,-2.6221967,-2.5221968,-2.3921967,-1.9921967,2.0078034,1.7778033,0.07780334,-0.85219663
-4.442197,-5.6321964,-4.7421966,-5.9721966,-5.4121966,-5.172197,-4.1321964,-2.6521966,-2.1621966,-1.6721966,-1.5521966,-0.27219665,-1.0821967,-1.1021967,-3.0321968,-3.6021967,-4.192197,-4.1221967,-3.4421966,-4.1321964,-3.5321968,-2.3821967,-2.2721968,-1.9721967,-2.3321967,-1.2621967,-3.3621967,-0.69219667,-2.3321967,-2.9221966,-3.6121967,-1.7621967,-1.7721967,0.96780336,-0.27219665,-0.66219664,-1.9621967,-3.4921966,-3.1821966,-3.5221968,-3.7021966
-4.6121964,-4.7421966,-9.442197,-8.672196,-6.942197,-5.4721966,-2.8021967,-1.7421967,-0.82219666,0.30780333,0.9378033,1.1478033,0.5178034,0.36780334,-0.97219664,-1.9021966,-3.1621966,-3.6421967,-4.7021966,-3.5121965,-2.9021966,-1.3621967,-1.6721966,-1.6821966,-1.6621966,-1.1521966,-0.23219666,0.65780336,-0.7321966,-0.6721966,-1.8821967,-2.4221966,-1.9421966,-1.3021966,0.017803345,-2.9821966,0.64780337,-2.4821966,-0.5521967,-2.1521966,-3.5321968
-4.502197,-4.752197,-4.9921966,-4.962197,-5.6321964,-4.3921967,-4.4521966,-4.3421965,-3.9621966,-3.3821967,-2.3321967,-2.2021966,-0.94219667,-0.42219666,2.5378034,1.0478034,-2.2521966,-3.2921968,-3.9921966,-3.8921967,-2.9621966,-2.2221966,-2.4121966,-2.0621967,-1.6121967,-1.4421966,-0.112196654,-0.47219667,-2.0821967,-2.0221968,-2.5921967,-2.4321966,-1.5821967,-1.8321967,-2.3221967,-1.8721967,-1.1721966,2.9878035,-2.4421966,2.2378035,1.4978033
-3.7121966,-4.172197,-4.5321965,-4.8121967,-4.772197,-4.8421965,-4.5121965,-3.9021966,-3.2221966,-2.7621965,-1.6521966,-2.9321966,-1.8521967,-4.0721965,-4.5521965,-4.8521967,-4.252197,-3.4621966,-3.3221967,-3.0521967,-2.2921968,-2.6821966,-2.2821968,-3.1521966,-2.4621966,-0.43219665,0.07780334,-0.12219665,-3.4221966,-4.8021965,-6.0721965,-4.462197,-5.0921965,-0.35219666,-0.66219664,0.26780334,-0.91219664,-3.7821968,-4.272197,-4.8721967,-2.8521967
-3.1721966,-3.7521966,-4.1421967,-4.502197,-4.8921967,-4.4321966,-4.1321964,-3.7521966,-3.3421967,-2.2921968,-1.4721967,-2.9121966,-3.1321967,-2.6021967,-3.8821967,-3.4221966,-3.6321967,-4.3221965,-2.9221966,-2.7521966,-3.1721966,-2.8921967,-2.7721968,-2.7421966,-2.2621965,-1.8721967,-2.4421966,-2.0421968,-2.8521967,-2.5321968,-4.6021967,-3.5521967,0.067803346,-0.53219664,0.83780336,0.72780335,-0.17219666,-1.3521967,-1.3621967,-0.32219666,-0.91219664
-2.1021967,-2.8321967,-3.5721967,-4.0721965,-3.8521967,-3.6521966,-3.6921966,-3.6721966,-3.1621966,-2.0321968,-1.9721967,-3.1421967,-1.5621966,-1.3421967,-2.8221967,-3.2821968,-3.7821968,-3.6021967,-3.3821967,-2.9621966,-3.4521966,-3.1521966,-2.8121967,-2.7321966,-2.8521967,-2.8721967,-2.7521966,-2.5521967,-2.2621965,-2.4021966,-1.0821967,-0.6721966,0.5778034,0.25780335,1.0378033,0.22780335,0.49780333,-0.6121967,-1.1821966,-0.6221967,-1.0621966
-1.9321966,-2.2621965,-3.3821967,-3.1421967,-2.5421968,-3.0421968,-3.1321967,-2.8921967,-2.3621967,-1.2421967,-1.9321966,-1.8621967,-0.25219667,1.3078034,-0.35219666,-1.2321967,-1.6221967,-1.6721966,-2.6221967,-2.9321966,-2.3821967,-1.7121967,-1.8121966,-2.4421966,-2.3221967,-2.3421967,-1.1521966,-0.8721967,-0.112196654,1.3078034,0.48780334,1.2178034,-0.41219667,0.47780335,1.2978034,0.09780335,-1.1221967,-0.6221967,0.85780334,0.60780334,-1.1721966
-1.4121966,-0.95219666,-2.2021966,-2.0521967,-2.5721967,-2.3921967,-1.5021967,-1.3321967,-1.0021967,-1.4521966,-1.7321967,-0.50219667,-0.64219666,-1.7021966,-0.8021967,-1.3221966,-0.72219664,-1.4421966,-1.4521966,0.9378033,0.9378033,1.2078034,-0.42219666,-0.33219665,-0.89219666,-0.26219666,-0.20219666,0.39780334,1.6778034,0.71780336,0.5678033,0.027803345,-0.34219664,-0.102196656,0.6378033,1.9978033,1.2778033,1.1378033,0.19780335,0.53780335,1.2378033
0.8778033,-0.16219665,-0.12219665,-0.65219665,-0.85219663,-1.5321966,-1.2521967,-1.2921966,-1.1321967,-1.2621967,-0.8121967,-0.52219665,-0.9821966,-2.6121967,-2.9321966,-3.4521966,-2.3921967,-1.4821967,0.12780334,0.24780335,-1.2121967,-1.1221967,-0.88219666,-0.82219666,0.6378033,-0.33219665,0.71780336,-0.6721966,-0.57219666,0.70780337,1.4178033,0.64780337,-0.28219664,0.20780334,0.86780334,1.1278033,1.4178033,1.0478034,0.89780337,0.027803345,-0.29219666
2.4878035,1.2978034,0.31780335,-0.7321966,-0.85219663,-1.2821966,-0.23219666,-1.1221967,0.32780334,-0.89219666,-1.1521966,-0.6121967,0.86780334,0.7678034,-0.072196655,-1.6121967,-1.7821966,-1.2921966,-0.27219665,-0.63219666,-0.7321966,-1.3921967,-0.84219664,-1.3221966,0.27780333,0.37780336,0.5678033,1.7478033,1.9078033,2.0678034,2.1378033,2.2778034,2.2078032,1.7478033,1.9578034,1.8678033,1.2978034,0.65780336,0.7678034,0.97780335,0.38780335
1.0278033,1.4878033,0.34780335,0.0078033446,0.35780334,0.08780334,-0.38219666,-0.54219663,-0.52219665,-1.5721966,-0.9221966,-0.53219664,0.027803345,0.61780334,0.44780335,-0.36219665,-1.2221967,-0.6721966,-0.29219666,0.83780336,2.1378033,1.7178034,-0.062196657,0.91780335,1.8778033,2.0578034,2.2678034,2.7278032,2.2078032,2.8178034,3.1878033,3.3978033,2.6678033,2.6778033,2.6778033,2.7078032,1.9078033,2.7778034,3.3478034,2.7578034,-0.38219666
