wind_kz.json
{"header": {"discipline":0,"disciplineName":"Meteorological products","gribEdition":2,"gribLength":1025,"center":7,"centerName":"US National Weather Service - NCEP(WMC)","subcenter":0,"refTime":"2023-09-30T12:00:00.000Z","significanceOfRT":1,"significanceOfRTName":"Start of forecast","productStatus":0,"productStatusName":"Operational products","productType":1,"productTypeName":"Forecast products","productDefinitionTemplate":0,"productDefinitionTemplateName":"Analysis/forecast at horizontal level/layer at a point in time","parameterCategory":2,"parameterCategoryName":"UnknownDiscipline_0_Category_2","parameterNumber":3,"parameterNumberName":"UnknownParameter_D0_C2_3","parameterUnit":"Unknown","genProcessType":2,"genProcessTypeName":"Forecast","forecastTime":0,"surface1Type":103,"surface1TypeName":"Specified height level above ground","surface1Value":10.0,"surface2Type":255,"surface2TypeName":"Missing","surface2Value":0.0,"gridDefinitionTemplate":0,"gridDefinitionTemplateName":"Latitude_Longitude","numberPoints":615,"shape":6,"shapeName":"Earth spherical with radius of 6,371,229.0 m","gridUnits":"degrees","resolution":48,"winds":"true","scanMode":64,"nx":41,"ny":15,"basicAngle":0,"lo1":47.0,"la1":41.0,"lo2":87.0,"la2":55.0,"dx":1.0,"dy":1.0}, "data":
[rows 0 to 14 of 15, columns 0 to 40 of 41]
1.9238794,2.1638794,-2.6261206,1.7138793,0.5638794,-1.0661206,-2.9261205,-3.3361206,-1.6661206,-2.4061205,-0.9661206,-2.6161206,-1.8561206,-2.2861207,-2.6161206,-4.346121,-2.4961207,-0.6661206,2.0638795,1.9938794,-2.1761205,-2.6261206,0.6638794,-0.4661206,4.2038794,2.1938794,0.7638794,1.3538795,-1.3361206,1.3538795,-1.7061206,-0.11612061,-0.80612063,4.5838795,1.2138793,0.033879396,0.8938794,1.0138794,0.7038794,-1.9761206,-1.0761206
-1.6861206,0.5538794,0.3738794,0.39387938,0.2238794,-2.1661205,-2.2361207,-3.3061206,-2.3661206,-2.0261207,-2.2661207,-2.1361206,-1.6461205,-1.1661206,-3.1261206,-4.4361205,-1.0661206,0.2038794,-0.07612061,2.3838794,1.8438793,0.4638794,2.1738794,3.8238795,2.9038794,0.9738794,2.6338794,1.7938794,-0.4561206,0.8238794,-1.9961206,-1.8661206,-2.5561206,-1.1061206,0.6638794,-3.2361207,-2.1461205,2.7038794,-0.3761206,1.3138794,-0.9861206
1.0938793,2.3438795,1.1638794,0.4638794,0.9138794,0.7838794,-2.1461205,-3.1961205,-2.4161205,-1.8861206,-3.2561207,-3.1361206,-2.6361206,-5.0161204,-3.8161206,-4.7361207,-2.1861205,1.8638794,2.5338793,3.4938793,3.5838795,0.4538794,-0.9161206,2.2638793,-3.8361206,0.123879395,-1.8061206,-0.5661206,-0.2461206,0.15387939,-1.7261206,-1.9861206,1.5638794,-0.8461206,-0.1961206,-1.3261206,-2.1761205,-4.616121,-2.0661206,2.7638793,1.6538794
0.2638794,0.94387937,0.1938794,-0.2661206,-0.1361206,-1.7861207,-2.6961205,-2.7161207,-2.1561205,-2.4561205,-2.9861207,-3.1461205,-1.2861207,-2.8561206,-3.7961206,-4.0461206,-1.8061206,-0.4361206,0.6338794,2.6838794,0.1338794,1.6538794,-0.55612063,-2.0861206,-1.5161206,-0.6361206,-2.0561206,-2.0761206,-2.2661207,-2.6361206,3.4538794,-0.8261206,1.2538794,0.9738794,-0.35612062,1.5038794,1.5538794,-0.1361206,-2.0661206,-0.8161206,-2.8661206
1.9738793,1.6538794,0.5938794,-1.3661206,-2.8061206,-3.5161207,-4.4461207,-0.7961206,-1.6161206,-2.0061207,-2.6961205,-4.3061204,1.3238794,-1.6461205,-3.2961206,-1.7261206,0.1938794,2.0438795,1.0738794,-1.5561206,-1.0461206,-1.1861206,-0.8661206,0.4938794,-2.1861205,-4.0161204,-1.3661206,-1.7061206,-2.3461206,-1.1261206,0.23387939,-1.0361207,2.5338793,-0.74612063,0.7738794,-1.9661206,3.8538795,1.0538794,-1.9761206,-0.8261206,-1.5761206
-2.1861205,-2.4761207,5.2338796,2.7638793,0.2238794,-0.7961206,-2.4561205,-4.156121,-2.4561205,-2.4561205,-2.6661205,-3.0961206,0.8638794,3.7938795,0.1738794,-1.6961206,-0.7361206,-0.1561206,2.2438793,1.3938794,-1.6661206,0.2638794,0.6438794,0.1338794,1.1938794,1.2338794,0.3138794,1.2538794,1.6138794,-0.74612063,-1.0261207,-1.3861206,-3.7361207,-2.1361206,-0.2261206,6.0338793,2.3338795,-5.0361204,-0.4761206,1.0538794,-0.7061206
-3.4061205,-4.2561207,-3.9261205,-4.4861207,-3.7161207,-1.9261206,-3.0661206,-0.7561206,-0.9561206,-0.7361206,-2.4461205,-2.8161206,-3.2761207,-3.4661207,-1.8161206,4.0038795,0.30387938,0.6238794,-0.2961206,-1.7661206,-1.9661206,-1.5561206,-0.35612062,0.053879395,0.7738794,-0.5161206,-2.3061206,-2.0261207,4.0138793,2.1138794,1.6838794,2.8238795,2.4738793,1.8938794,-1.1261206,0.3138794,2.3938794,-0.4761206,-0.1861206,1.6038795,1.1038795
-4.3561206,-5.406121,-5.2861204,-4.5561204,-4.9161205,-3.9061205,-2.3961205,-0.9061206,-0.2861206,0.9838794,0.043879393,-1.8761206,-3.3861206,-2.4661207,-3.3861206,-4.2261205,-0.5061206,0.3738794,-2.3161206,-1.4061207,-0.5461206,-0.14612061,-0.6761206,1.4538794,-0.4961206,-1.5061206,-2.0761206,-2.2461207,-5.5861206,-5.2461205,-1.0761206,-0.9061206,2.1538794,1.3238794,6.4838796,4.2338796,1.4638793,3.8338795,0.2038794,1.3638794,2.1138794
-4.1761208,-5.116121,-5.5361204,-5.616121,-5.4261208,-6.3561206,-6.406121,-5.5261207,-4.886121,-1.6861206,0.8338794,-1.4861206,-1.6661206,-0.8561206,-1.6661206,2.6838794,3.0238793,4.593879,0.7138794,1.6538794,-0.9161206,-1.8361206,-0.6361206,-1.6661206,-1.4561206,-1.5861206,-0.7961206,-1.1761206,-0.9661206,-3.2961206,-4.2461205,-5.8761206,-5.7161207,-4.6661205,-3.4461205,2.5838795,2.8538795,3.2938795,5.2838793,1.9138794,0.4138794
-4.0361204,-5.0261207,-5.7961206,-5.6961207,-5.406121,-5.9161205,-6.3261204,-3.4061205,-3.4561205,-3.6261206,-3.6461205,-1.3161206,-2.9761207,0.013879394,-0.55612063,-1.0761206,-1.7661206,-3.3261206,3.7638793,0.5638794,-4.2661204,-2.1361206,-3.8361206,-3.5061207,-1.4261206,-1.5561206,0.06387939,1.2538794,0.6838794,-1.6761206,-1.5461206,-0.8961206,-5.0761204,-6.0861206,-4.096121,-0.5161206,0.94387937,0.4938794,2.9138794,4.8138795,3.1638794
-2.9761207,-4.7761207,-4.8561206,-4.6761208,-3.8761206,-4.2861204,-4.656121,-4.0461206,-4.616121,-4.9261208,-2.7961206,-3.1661205,-2.4461205,-2.6961205,-2.7661207,-4.1661205,-2.8961205,-0.9261206,2.8238795,2.7338793,3.3238795,-0.7761206,-1.9861206,-0.3961206,0.10387939,-0.016120605,-2.1561205,1.0338794,-1.2261206,-1.9561206,-1.3461206,1.1838794,0.6638794,-2.3861206,-4.9961205,-4.7861204,1.4738793,1.9038794,3.3338795,2.0038793,1.4738793
-2.1661205,-3.2561207,-4.5461206,-4.2761207,-4.4161205,-3.9761207,-4.2661204,-4.7661204,-5.3061204,-2.7761207,-1.5561206,-1.7961206,-1.2261206,-1.5461206,-2.3761206,-2.8061206,-2.5961206,-4.2661204,1.0438794,2.2138793,4.6938796,1.2938794,-0.4361206,-1.1561207,-0.74612063,0.4138794,-0.4561206,0.123879395,-0.8361206,-2.1961205,-1.7361206,-2.7061205,-2.8761206,1.0838794,-0.7561206,-2.9961207,-2.7561207,-2.8861206,-1.4361206,-0.7361206,-1.2861207
-1.3961205,-2.4161205,-3.5061207,-3.4361205,-3.4261205,-3.2761207,-3.7761207,-4.116121,-4.8961205,-3.7861207,-1.4161206,-1.6561207,-3.6561205,-2.0861206,-2.9061205,-2.3761206,-2.0061207,-2.7061205,-0.8261206,-0.8961206,1.3238794,1.2238793,0.3238794,0.07387939,-0.4061206,0.5738794,0.5338794,-2.6561205,-2.3461206,-2.4761207,-3.8461206,-2.0561206,-3.2361207,-0.1861206,-2.4961207,1.9538794,1.8038794,0.8538794,-0.6561206,0.4338794,0.3138794
0.013879394,-1.0361207,-0.44612062,-2.4061205,-2.9961207,-2.9961207,-2.4361205,-2.5161207,-3.0161207,-2.5261207,-1.0361207,-0.44612062,-3.1361206,-3.1861205,-2.3561206,-1.8361206,-1.0861206,-1.0861206,-1.2361206,-1.4361206,1.4838794,1.4538794,-2.3161206,0.06387939,-0.3161206,-0.6961206,-2.4661207,-1.1961206,-0.1361206,-1.9961206,-3.3461206,-4.2161207,-5.1461205,-2.7861207,0.3138794,-0.8961206,-0.9161206,-1.2061206,-1.0261207,-0.4761206,1.6038795
1.8238794,1.6938794,0.7338794,-1.3861206,-1.6561207,-1.6061206,-1.8561206,-1.5161206,-2.0161207,-2.4161205,-1.5561206,-2.3561206,-1.1161206,-1.9661206,-2.2261207,-3.2461207,-1.8561206,-0.8261206,-1.5161206,-1.0861206,-2.3461206,-1.1661206,-1.7361206,-3.4161205,-3.3561206,-2.7461207,-2.6461205,-3.2361207,-3.3861206,-4.096121,-5.1061206,-6.6061206,-5.656121,-6.3161206,-6.2061205,-5.6961207,-6.346121,-5.6061206,-2.9161205,-0.32612062,0.4538794
