wind_kz.json
{"header": {"discipline":0,"disciplineName":"Meteorological products","gribEdition":2,"gribLength":948,"center":7,"centerName":"US National Weather Service - NCEP(WMC)","subcenter":0,"refTime":"2023-08-27T18:00:00.000Z","significanceOfRT":1,"significanceOfRTName":"Start of forecast","productStatus":0,"productStatusName":"Operational products","productType":1,"productTypeName":"Forecast products","productDefinitionTemplate":0,"productDefinitionTemplateName":"Analysis/forecast at horizontal level/layer at a point in time","parameterCategory":0,"parameterCategoryName":"UnknownDiscipline_0_Category_0","parameterNumber":0,"parameterNumberName":"UnknownParameter_D0_C0_0","parameterUnit":"Unknown","genProcessType":2,"genProcessTypeName":"Forecast","forecastTime":180,"surface1Type":1,"surface1TypeName":"Ground or water surface","surface1Value":0.0,"surface2Type":255,"surface2TypeName":"Missing","surface2Value":0.0,"gridDefinitionTemplate":0,"gridDefinitionTemplateName":"Latitude_Longitude","numberPoints":615,"shape":6,"shapeName":"Earth spherical with radius of 6,371,229.0 m","gridUnits":"degrees","resolution":48,"winds":"true","scanMode":64,"nx":41,"ny":15,"basicAngle":0,"lo1":47.0,"la1":41.0,"lo2":87.0,"la2":55.0,"dx":1.0,"dy":1.0}, "data":
[rows 0 to 14 of 15, columns 0 to 40 of 41]
308.20026,295.50027,294.70026,298.70026,298.50027,297.10028,309.60028,315.40027,310.90027,311.40027,310.00027,311.20026,311.90027,313.10028,314.10028,319.20026,317.30026,314.40027,317.10028,314.70026,316.60028,310.60028,309.90027,309.30026,311.10028,310.70026,307.60028,300.30026,301.00027,296.50027,294.00027,285.90027,306.20026,317.20026,308.60028,314.30026,321.80026,324.90027,323.70026,327.10028,326.90027
294.00027,302.30026,298.50027,298.80026,298.60028,297.00027,316.40027,311.70026,309.30026,308.90027,310.50027,309.20026,310.60028,310.00027,312.20026,315.10028,315.20026,315.90027,315.90027,316.50027,316.90027,312.00027,307.70026,301.00027,294.70026,293.70026,304.30026,300.40027,301.30026,292.20026,298.20026,287.40027,298.10028,272.80026,293.20026,306.80026,303.70026,312.20026,323.30026,314.40027,285.80026
306.10028,298.10028,298.70026,298.60028,296.90027,310.90027,309.80026,309.80026,308.40027,307.70026,307.50027,308.20026,307.40027,308.50027,309.50027,311.60028,311.90027,313.00027,313.30026,313.40027,313.90027,310.80026,309.70026,303.10028,311.90027,308.20026,307.70026,306.70026,305.50027,297.60028,294.30026,294.40027,297.80026,289.60028,292.90027,298.00027,287.40027,287.10028,298.60028,293.20026,289.30026
306.80026,298.10028,298.50027,297.80026,299.70026,310.00027,309.90027,310.60028,309.40027,308.80026,308.30026,306.80026,294.60028,293.90027,308.10028,309.40027,308.30026,310.60028,309.50027,313.20026,307.60028,308.50027,309.30026,312.80026,313.30026,311.30026,314.00027,309.90027,315.00027,312.50027,310.70026,313.50027,311.40027,315.10028,310.90027,306.50027,293.30026,289.80026,286.80026,300.70026,300.60028
307.60028,297.10028,297.90027,297.20026,303.40027,309.60028,310.50027,312.90027,309.70026,308.30026,309.30026,308.20026,294.40027,293.00027,291.10028,308.40027,308.60028,306.80026,306.80026,306.70026,308.60028,309.20026,311.60028,310.00027,312.40027,313.90027,311.80026,308.20026,312.70026,312.00027,311.00027,307.00027,296.90027,292.50027,298.60028,311.10028,306.10028,314.80026,313.10028,305.10028,308.70026
307.00027,306.60028,295.60028,295.70026,296.30026,295.80026,312.00027,309.80026,309.80026,308.90027,306.30026,306.50027,295.60028,294.40027,300.40027,302.00027,301.30026,299.90027,306.80026,302.90027,299.20026,300.30026,306.90027,306.70026,295.70026,306.50027,308.90027,292.60028,305.40027,307.50027,309.20026,306.80026,307.20026,307.50027,303.90027,301.30026,297.30026,297.40027,301.70026,309.50027,302.20026
306.60028,306.80026,306.30026,307.10028,303.90027,307.70026,310.70026,310.00027,308.10028,305.20026,307.00027,304.20026,304.50027,305.00027,299.30026,297.80026,292.50027,303.30026,304.90027,294.70026,300.20026,302.80026,302.30026,302.90027,300.40027,302.60028,304.90027,305.70026,307.40027,306.90027,304.80026,309.90027,309.50027,306.70026,307.00027,304.60028,295.30026,297.40027,295.60028,288.40027,299.20026
306.00027,306.80026,306.00027,305.70026,305.70026,305.60028,307.20026,305.80026,304.70026,304.40027,304.60028,303.90027,304.60028,302.40027,303.00027,301.70026,300.70026,298.80026,299.80026,299.70026,298.70026,291.60028,298.30026,301.40027,293.90027,297.40027,298.20026,300.80026,302.60028,304.70026,305.00027,307.00027,303.00027,295.10028,301.20026,305.20026,308.20026,289.90027,309.40027,309.80026,300.30026
305.30026,305.00027,305.20026,306.50027,304.50027,305.40027,305.30026,304.70026,304.00027,304.00027,303.80026,296.50027,291.80026,291.90027,295.40027,293.70026,298.60028,299.30026,296.50027,290.30026,294.40027,285.20026,287.60028,286.40027,295.80026,296.40027,291.40027,296.60028,295.00027,294.00027,297.30026,300.40027,299.80026,302.40027,294.80026,293.30026,299.30026,300.20026,289.80026,291.60028,289.10028
305.90027,303.60028,305.60028,305.80026,306.60028,307.20026,308.00027,304.90027,303.40027,303.00027,301.30026,301.40027,295.30026,300.20026,298.60028,298.20026,297.90027,297.80026,288.30026,288.10028,291.30026,295.90027,295.80026,288.40027,288.50027,295.50027,295.20026,295.90027,294.80026,295.00027,291.00027,295.90027,300.00027,301.00027,290.70026,292.80026,290.70026,287.90027,287.60028,291.10028,285.60028
305.20026,305.20026,305.90027,303.10028,303.90027,302.20026,302.70026,302.80026,302.60028,300.90027,298.70026,297.90027,298.20026,297.40027,297.60028,296.90027,295.70026,292.50027,289.40027,292.00027,284.40027,287.70026,289.90027,288.10028,289.60028,292.20026,290.10028,294.90027,292.50027,289.90027,298.00027,298.50027,299.40027,291.80026,292.20026,288.90027,283.40027,287.10028,293.20026,287.30026,284.90027
303.00027,302.80026,301.50027,300.60028,299.40027,298.90027,297.50027,298.00027,298.20026,297.90027,294.80026,293.20026,288.30026,294.00027,293.70026,291.80026,292.20026,293.20026,293.20026,292.40027,286.80026,288.20026,290.40027,287.80026,283.80026,285.30026,285.70026,289.30026,288.80026,288.60028,295.50027,299.40027,292.80026,297.50027,294.20026,285.60028,289.10028,286.90027,291.80026,297.90027,291.90027
296.70026,300.10028,300.70026,299.90027,296.60028,295.30026,297.10028,297.80026,296.80026,293.90027,289.80026,289.60028,291.70026,290.40027,289.00027,285.80026,286.80026,289.00027,289.50027,289.20026,289.30026,288.10028,282.10028,281.00027,282.00027,283.00027,284.50027,284.10028,284.50027,284.80026,285.90027,296.10028,290.60028,294.90027,296.50027,284.80026,293.00027,287.60028,290.70026,291.40027,291.10028
299.30026,299.20026,294.20026,298.40027,296.10028,294.90027,294.20026,293.20026,293.70026,292.00027,288.20026,289.30026,288.00027,283.30026,283.20026,283.20026,284.80026,283.20026,284.50027,288.40027,283.10028,282.30026,282.40027,282.70026,285.60028,285.80026,287.20026,293.20026,286.00027,288.00027,286.10028,292.00027,292.40027,292.80026,288.00027,286.30026,287.80026,285.80026,286.10028,285.60028,286.60028
294.90027,298.30026,290.10028,296.30026,292.70026,293.60028,293.30026,292.50027,291.90027,291.10028,286.40027,282.50027,281.00027,283.20026,283.80026,284.60028,284.50027,286.70026,285.60028,282.70026,285.80026,286.00027,283.50027,284.20026,285.20026,289.40027,291.00027,286.20026,289.20026,291.00027,285.50027,291.00027,289.90027,286.70026,284.80026,289.20026,296.60028,292.80026,297.50027,294.70026,289.00027
