wind_kz.json
{"header": {"discipline":0,"disciplineName":"Meteorological products","gribEdition":2,"gribLength":718,"center":7,"centerName":"US National Weather Service - NCEP(WMC)","subcenter":0,"refTime":"2023-08-23T12:00:00.000Z","significanceOfRT":1,"significanceOfRTName":"Start of forecast","productStatus":0,"productStatusName":"Operational products","productType":1,"productTypeName":"Forecast products","productDefinitionTemplate":0,"productDefinitionTemplateName":"Analysis/forecast at horizontal level/layer at a point in time","parameterCategory":2,"parameterCategoryName":"UnknownDiscipline_0_Category_2","parameterNumber":3,"parameterNumberName":"UnknownParameter_D0_C2_3","parameterUnit":"Unknown","genProcessType":2,"genProcessTypeName":"Forecast","forecastTime":180,"surface1Type":103,"surface1TypeName":"Specified height level above ground","surface1Value":10.0,"surface2Type":255,"surface2TypeName":"Missing","surface2Value":0.0,"gridDefinitionTemplate":0,"gridDefinitionTemplateName":"Latitude_Longitude","numberPoints":615,"shape":6,"shapeName":"Earth spherical with radius of 6,371,229.0 m","gridUnits":"degrees","resolution":48,"winds":"true","scanMode":64,"nx":41,"ny":15,"basicAngle":0,"lo1":47.0,"la1":41.0,"lo2":87.0,"la2":55.0,"dx":1.0,"dy":1.0}, "data":
[rows 0 to 14 of 15, columns 0 to 40 of 41]
0.8484619,-1.751538,0.9484619,-5.451538,-5.051538,-2.251538,-1.251538,-0.2515381,-1.251538,-0.7515381,-3.3515382,-2.8515382,-3.451538,-4.051538,-4.7515383,-4.151538,-4.651538,-2.551538,-5.2515383,-3.451538,-1.5515381,-2.8515382,-0.7515381,-1.0515381,-1.251538,-1.0515381,-0.7515381,1.0484619,0.9484619,2.6484618,0.44846192,0.44846192,0.14846191,-1.5515381,-1.1515381,-1.0515381,-2.051538,-1.8515381,-2.8515382,-3.6515381,2.1484618
0.8484619,1.9484619,1.3484619,-1.751538,-1.751538,0.24846192,-1.8515381,1.1484619,0.048461914,-0.4515381,-0.7515381,-3.051538,-3.251538,-3.251538,-4.851538,-3.951538,-1.6515381,-3.251538,-4.2515383,-3.951538,-3.8515382,-3.751538,-1.3515381,1.0484619,0.64846194,0.64846194,-2.751538,0.9484619,-0.15153809,2.048462,3.3484619,4.148462,0.64846194,-1.1515381,-1.8515381,-0.9515381,-2.251538,-3.051538,-1.6515381,-2.551538,0.9484619
1.9484619,4.2484617,1.3484619,0.5484619,-0.4515381,-0.5515381,-0.6515381,-0.6515381,1.0484619,0.44846192,-0.85153806,-1.251538,-2.1515381,-3.051538,-3.951538,-3.551538,-1.751538,-1.8515381,-2.951538,-3.8515382,-4.151538,-1.8515381,-4.651538,-0.5515381,0.048461914,-0.3515381,-0.6515381,1.1484619,0.34846193,1.3484619,4.2484617,1.3484619,2.048462,-1.0515381,-0.4515381,2.8484619,3.548462,0.048461914,0.24846192,-2.051538,-2.1515381
1.0484619,3.448462,3.6484618,2.548462,0.34846193,-0.051538087,0.8484619,0.44846192,2.1484618,2.248462,1.0484619,-0.7515381,-2.6515381,-3.551538,-3.751538,-3.451538,-2.051538,-2.3515382,-2.551538,-4.2515383,-4.051538,-1.5515381,-0.051538087,-1.751538,-2.251538,-1.8515381,-2.951538,-3.1515381,0.24846192,-2.051538,-2.551538,0.14846191,-0.051538087,1.6484619,-0.7515381,-2.551538,-1.1515381,1.4484619,1.748462,1.5484619,0.44846192
2.1484618,4.648462,4.2484617,3.8484619,3.048462,1.6484619,1.748462,1.4484619,2.248462,2.248462,2.048462,0.9484619,0.34846193,-1.9515381,-2.951538,-3.3515382,-2.751538,-0.9515381,-1.9515381,-2.451538,-2.6515381,-2.751538,-2.6515381,-2.551538,-1.9515381,-2.6515381,-1.4515381,-2.951538,-2.751538,-2.451538,-1.5515381,-0.7515381,1.6484619,3.948462,-0.7515381,-1.751538,0.44846192,-1.3515381,0.44846192,-0.3515381,-0.051538087
3.6484618,3.1484618,5.148462,5.548462,5.048462,4.048462,2.048462,1.8484619,0.64846194,-0.7515381,-0.15153809,1.248462,-0.15153809,0.34846193,-0.6515381,-1.6515381,-2.451538,-0.5515381,-0.7515381,-1.4515381,-2.3515382,-1.9515381,-2.251538,-3.051538,-2.251538,-1.6515381,-2.1515381,-4.2515383,-1.8515381,-2.751538,-1.5515381,0.8484619,2.048462,2.448462,3.1484618,-2.1515381,3.548462,0.8484619,-0.7515381,-0.15153809,-2.051538
5.348462,4.348462,5.348462,5.7484617,6.2484617,3.8484619,3.748462,2.748462,2.048462,0.34846193,-0.051538087,0.24846192,-0.6515381,-0.5515381,0.5484619,0.14846191,0.24846192,0.44846192,2.048462,0.64846194,-1.3515381,-1.5515381,-1.3515381,-1.751538,-2.6515381,-1.9515381,-0.9515381,-2.251538,-2.8515382,-2.951538,-2.551538,2.048462,-0.2515381,0.34846193,-1.8515381,-1.4515381,-2.951538,-0.7515381,0.34846193,-0.85153806,1.748462
3.948462,4.648462,5.048462,4.448462,4.448462,3.048462,3.048462,2.448462,1.748462,0.048461914,2.248462,1.8484619,0.64846194,-0.4515381,-1.3515381,-1.8515381,-0.6515381,0.24846192,1.6484619,2.3484619,0.8484619,0.24846192,-0.9515381,-0.7515381,-0.9515381,-0.7515381,0.048461914,-0.051538087,-0.7515381,-2.6515381,-2.551538,-3.451538,0.64846194,-2.8515382,1.1484619,0.24846192,-0.5515381,-0.3515381,-0.051538087,0.44846192,-1.9515381
-0.9515381,1.9484619,4.648462,6.348462,5.7484617,3.548462,1.1484619,-1.4515381,-2.251538,-0.9515381,1.248462,0.9484619,0.5484619,-0.15153809,-0.15153809,0.64846194,0.7484619,0.048461914,0.8484619,2.048462,3.248462,1.0484619,2.6484618,1.748462,2.048462,0.34846193,-0.3515381,0.64846194,1.5484619,1.248462,0.7484619,-0.2515381,-0.85153806,-1.6515381,-1.751538,-2.251538,-1.251538,1.5484619,1.9484619,1.4484619,-0.2515381
-4.651538,-0.9515381,-0.9515381,1.5484619,0.8484619,0.14846191,-0.4515381,-0.5515381,-0.85153806,0.5484619,1.3484619,1.3484619,0.9484619,0.24846192,0.7484619,1.0484619,-0.15153809,-0.5515381,-0.9515381,0.14846191,1.0484619,1.9484619,1.8484619,2.1484618,2.248462,4.648462,2.948462,1.5484619,0.048461914,1.3484619,1.9484619,0.64846194,-0.051538087,-2.551538,-1.9515381,-0.5515381,0.8484619,-1.6515381,1.1484619,3.948462,3.248462
-2.8515382,-1.6515381,0.048461914,0.34846193,0.44846192,1.6484619,1.9484619,1.3484619,0.048461914,0.7484619,0.64846194,0.64846194,-0.5515381,-0.3515381,0.24846192,1.3484619,-0.15153809,-0.2515381,0.048461914,0.34846193,1.248462,2.1484618,1.9484619,3.048462,3.048462,3.948462,3.1484618,3.548462,3.1484618,2.1484618,1.0484619,-1.3515381,1.748462,-0.6515381,-2.051538,-1.751538,-1.751538,1.6484619,-0.2515381,1.248462,0.8484619
-1.8515381,-2.1515381,-1.1515381,-0.9515381,0.34846193,0.64846194,-0.15153809,0.5484619,0.5484619,0.7484619,0.44846192,-0.2515381,-0.051538087,0.44846192,0.24846192,1.0484619,1.4484619,0.5484619,2.048462,1.1484619,1.748462,1.4484619,2.3484619,2.748462,3.548462,4.548462,4.448462,5.148462,4.448462,3.548462,3.248462,2.248462,0.9484619,1.8484619,0.048461914,-1.8515381,-0.85153806,-1.0515381,0.5484619,1.3484619,1.248462
-1.3515381,-1.251538,-1.5515381,-0.6515381,-1.9515381,-0.9515381,-1.0515381,0.7484619,-0.15153809,0.8484619,0.7484619,0.14846191,-0.051538087,0.44846192,-0.051538087,0.44846192,1.1484619,1.3484619,2.248462,2.448462,2.6484618,2.948462,2.8484619,3.248462,3.448462,4.348462,5.148462,4.948462,4.448462,4.048462,4.048462,3.8484619,2.3484619,2.1484618,2.1484618,1.5484619,0.24846192,0.8484619,2.048462,-0.3515381,-1.751538
-1.0515381,-1.251538,-1.5515381,-0.85153806,-1.1515381,-0.85153806,-0.2515381,1.0484619,-0.051538087,-1.3515381,0.8484619,0.24846192,0.44846192,0.7484619,0.9484619,0.5484619,0.7484619,0.8484619,1.5484619,1.8484619,2.1484618,2.6484618,2.8484619,2.8484619,2.3484619,3.048462,3.6484618,4.448462,4.7484617,5.048462,4.7484617,4.148462,3.6484618,2.748462,1.248462,1.8484619,1.1484619,1.0484619,1.9484619,0.5484619,-1.3515381
-1.4515381,-1.751538,-2.051538,-1.9515381,-1.8515381,-1.0515381,-1.251538,-1.3515381,-1.251538,-1.1515381,0.048461914,0.5484619,0.14846191,-1.6515381,0.24846192,0.24846192,0.7484619,1.1484619,1.9484619,2.748462,2.3484619,3.3484619,2.548462,2.448462,2.8484619,3.048462,3.748462,5.048462,5.048462,5.348462,5.7484617,5.7484617,3.6484618,2.548462,2.248462,1.6484619,1.6484619,1.8484619,2.3484619,-0.051538087,-1.0515381
