wind_kz.json
{"header": {"discipline":0,"disciplineName":"Meteorological products","gribEdition":2,"gribLength":1025,"center":7,"centerName":"US National Weather Service - NCEP(WMC)","subcenter":0,"refTime":"2023-09-22T18:00:00.000Z","significanceOfRT":1,"significanceOfRTName":"Start of forecast","productStatus":0,"productStatusName":"Operational products","productType":1,"productTypeName":"Forecast products","productDefinitionTemplate":0,"productDefinitionTemplateName":"Analysis/forecast at horizontal level/layer at a point in time","parameterCategory":2,"parameterCategoryName":"UnknownDiscipline_0_Category_2","parameterNumber":2,"parameterNumberName":"UnknownParameter_D0_C2_2","parameterUnit":"Unknown","genProcessType":2,"genProcessTypeName":"Forecast","forecastTime":0,"surface1Type":103,"surface1TypeName":"Specified height level above ground","surface1Value":10.0,"surface2Type":255,"surface2TypeName":"Missing","surface2Value":0.0,"gridDefinitionTemplate":0,"gridDefinitionTemplateName":"Latitude_Longitude","numberPoints":615,"shape":6,"shapeName":"Earth spherical with radius of 6,371,229.0 m","gridUnits":"degrees","resolution":48,"winds":"true","scanMode":64,"nx":41,"ny":15,"basicAngle":0,"lo1":47.0,"la1":41.0,"lo2":87.0,"la2":55.0,"dx":1.0,"dy":1.0}, "data":
[rows 0 to 14 of 15, columns 0 to 40 of 41]
-2.9555101,-0.39551026,0.40448976,-2.9355102,-2.4955103,-7.05551,-6.60551,-7.1555104,-6.5855103,-4.9455104,-3.4955103,-2.8955102,-4.8155103,-4.4455104,-2.1255102,-1.5755103,-1.4355103,-2.6755102,-4.12551,-3.7955103,-3.4255102,-1.5955102,-0.045510255,-1.1355102,-2.0755103,-2.0055103,-2.8155103,-0.27551025,1.1244898,1.9444897,2.6844897,0.9444897,-0.14551026,3.9344897,-3.2155104,-4.22551,-2.6155102,3.0844898,-1.9055103,-1.5355103,-3.6555102
0.33448973,0.37448975,-3.4855103,-4.8155103,-3.5155103,-6.8155103,-6.1355104,-5.82551,-4.35551,-4.3655105,-2.4955103,-5.3455105,-5.72551,-3.3155103,-1.0655103,-1.6255102,-1.9555103,-3.4255102,-2.9355102,-2.7055101,-2.5255103,-2.6455102,-2.2955103,-1.9455103,-1.0455103,0.52448976,-0.35551026,1.6044898,-0.35551026,0.10448974,0.5044897,1.9044898,-0.72551024,-0.025510253,-0.36551026,-1.2155102,0.47448975,1.4244897,0.64448977,0.35448974,-4.8655105
-1.9355103,-5.85551,-5.39551,-5.20551,-2.6555102,-5.24551,-5.1555104,-4.26551,-4.74551,-6.49551,-5.1355104,-4.9855103,-3.0555103,-2.6855102,-1.0455103,-2.0955102,-2.5655103,-2.7855103,-3.2455103,-3.3755102,-2.5355103,-3.3255103,-3.0255103,-4.7555103,-2.7855103,-2.1755102,0.97448975,-1.2355102,-2.1555102,0.044489745,-1.3055103,2.5644898,-0.115510255,3.4844897,1.6244898,-0.85551023,0.51448977,-0.9355103,4.4944897,1.0444897,-0.77551025
-4.7755103,-6.7555103,-6.16551,-3.6455102,-2.2055101,-3.5955102,-2.8555102,-4.78551,-3.8755102,-4.89551,-4.3455105,-3.4555101,-3.4855103,-2.2655103,-0.35551026,0.12448975,-1.7255102,-3.4655104,-3.0455103,-1.4055103,-1.0855103,-1.5755103,0.65448976,-2.7955103,-1.4855102,-2.5855103,0.67448974,0.90448976,3.1444898,2.8344898,0.78448975,1.0844897,8.4044895,7.8244896,4.4044895,3.6544898,0.054489747,-0.96551025,-0.77551025,3.2044897,2.4444897
-5.7755103,-7.41551,-6.1355104,-5.7555103,-5.64551,-4.2355103,-4.60551,-3.8855102,-4.7755103,-4.6155105,-3.1355102,-2.6655102,-0.98551023,-1.0255103,0.38448974,-0.73551023,-0.77551025,-1.7655102,-0.43551025,-0.31551024,-0.37551025,-1.9755102,-0.5555103,0.6844897,-1.9755102,-2.7155104,-1.5955102,0.73448974,2.0644898,2.1244898,2.4244897,-0.46551025,-0.94551027,0.5044897,0.76448977,0.12448975,11.22449,-1.5855103,2.7944899,3.6044898,4.75449
-4.5855103,-3.5955102,-4.5655103,-3.5455103,-3.6255102,-3.7555103,-4.8455105,-4.80551,-4.2755103,-3.1755102,-2.3955102,-0.49551025,1.4944898,0.26448974,-0.57551026,-0.54551023,-0.85551023,-0.8055103,-0.31551024,0.8244898,0.71448976,-0.12551026,1.3744898,0.6244897,1.2544898,1.8844898,1.7344898,4.2644897,3.4744897,2.1244898,1.7744898,1.4244897,4.04449,1.8844898,1.1044898,4.48449,4.8044896,5.9144897,6.9944897,-1.3455102,-3.2655103
-2.6155102,-1.9755102,-1.7955103,-1.2855103,-2.1455102,-3.6855102,-4.3155103,-3.3255103,-3.1155102,-1.9655102,0.30448973,-1.1055102,-0.58551025,-0.055510253,0.90448976,0.9344897,0.6844897,-0.29551026,1.0844897,1.4244897,1.5044898,0.86448973,2.3344898,1.4644897,1.7944897,0.97448975,1.3044897,3.0544899,3.0244896,3.8644898,3.0544899,2.3744898,3.2444897,1.8744898,2.0444899,0.76448977,-0.39551026,2.1244898,3.5144897,0.79448974,0.6244897
-3.9955103,-3.3855102,-3.3055103,-3.9855103,-3.8255103,-3.6355102,-2.6055102,-2.2455103,-0.37551025,1.2144897,1.4944898,1.7744898,1.7744898,3.1144898,2.9944897,2.9244897,2.8144898,2.5244896,2.1744897,1.0244898,1.6844897,1.1044898,1.6244898,3.0244896,2.0644898,2.3644898,3.2244897,2.6944897,2.6344898,3.1844897,2.0744898,4.1144896,1.7344898,1.7544898,1.7244897,2.7944899,3.3344898,6.2244897,3.8244898,4.6144896,1.0844897
-3.7355103,-3.4755104,-3.6955101,-3.2355103,-3.1455102,-2.7555103,-2.3055103,-0.60551023,0.95448977,0.33448973,1.1044898,1.1644897,1.9944898,2.6144898,2.2944899,2.9844897,3.5544899,3.3644898,3.3544898,3.3544898,3.4344897,3.3644898,3.5044897,3.0844898,2.8744898,4.0544896,2.9944897,3.2644897,4.1344895,3.3844898,5.2044897,4.87449,5.64449,2.8044899,2.4144897,1.2144897,1.6244898,0.40448976,0.73448974,1.1744897,1.3144897
-2.8855102,-3.0155103,-2.6155102,-2.2355103,-1.9055103,-1.0655103,0.41448975,1.8244897,2.4244897,2.9044898,3.4044898,2.7144897,3.0644898,3.3244898,3.5444899,3.4044898,3.2844896,3.7644897,3.7744896,3.8744898,4.54449,5.35449,5.7244897,5.60449,5.3244896,5.0944896,5.42449,5.98449,6.10449,7.1644897,6.2644897,5.75449,6.1644897,4.23449,2.6244898,1.6244898,-1.0655103,0.43448976,0.44448975,1.2144897,1.0344898
-1.0855103,-0.32551026,0.12448975,1.6844897,2.1344898,2.7944899,3.5644898,3.2244897,2.9444897,2.5944898,2.1044898,1.8144897,2.4544897,3.4644897,3.8244898,4.04449,4.42449,4.3244896,4.12449,4.64449,6.50449,6.33449,7.1544895,7.0144897,6.4544897,6.7244897,7.60449,8.28449,8.234489,8.80449,7.3644896,5.96449,5.27449,4.6844897,3.4044898,-0.89551026,-0.90551025,0.6944897,-0.15551025,1.4044898,0.40448976
0.91448975,2.0244896,1.7844898,1.5644897,2.8144898,1.7544898,1.2444898,1.3744898,2.1644897,0.96448976,0.12448975,2.6244898,2.2844896,2.5444899,3.2744896,3.1444898,3.3044899,3.4144897,2.6544898,3.4144897,3.8744898,5.06449,5.2444897,6.0744896,7.5344896,8.32449,7.4744897,10.18449,9.97449,9.144489,7.6344895,6.92449,5.10449,3.9544897,3.4844897,3.1044898,2.1344898,2.3644898,3.0344896,0.42448974,0.19448975
1.5544897,1.9144897,1.8844898,1.4144897,0.9444897,0.49448976,1.0944897,1.3444897,2.2244897,1.2544898,0.70448977,1.8744898,2.2044897,3.1744897,3.4844897,2.8344898,3.0144897,3.4244897,4.33449,4.42449,4.3444896,5.87449,5.6644897,5.25449,4.48449,5.1344895,5.27449,8.9044895,7.48449,7.67449,6.2244897,7.58449,7.67449,5.69449,4.4544897,4.4544897,3.9344897,1.8644898,2.8544898,2.5044897,2.7944899
0.96448976,0.6844897,2.2944899,2.4744897,1.2944897,1.4644897,1.7844898,2.2744896,1.4644897,1.5044898,0.42448974,1.3244897,2.1344898,3.8544898,3.9044898,5.10449,5.3844895,4.1644897,0.32448974,2.8344898,1.4644897,3.6244898,2.8944898,0.66448975,1.7844898,2.2144897,3.9244897,3.1244898,3.5944898,2.6044898,4.37449,8.36449,5.0944896,6.3044896,3.8844898,4.3244896,3.6144898,3.2444897,2.3444898,1.8744898,1.3644898
0.95448977,2.1144898,-1.6255102,-1.5255103,0.43448976,1.3444897,2.2544897,0.80448973,1.0544897,0.6944897,-0.115510255,1.5644897,2.8344898,3.2744896,3.2744896,-0.88551027,1.4544897,2.2344897,1.9444897,1.4144897,1.9844898,3.1944897,2.9544897,3.2544897,2.6244898,3.1744897,3.5244896,3.9544897,3.6344898,3.1744897,4.5944896,0.60448974,3.0544899,4.35449,5.5944896,5.0744896,3.0544899,5.4344897,4.4144897,2.2644897,1.3744898
