wind_kz.json
{"header": {"discipline":0,"disciplineName":"Meteorological products","gribEdition":2,"gribLength":1025,"center":7,"centerName":"US National Weather Service - NCEP(WMC)","subcenter":0,"refTime":"2023-10-01T00:00:00.000Z","significanceOfRT":1,"significanceOfRTName":"Start of forecast","productStatus":0,"productStatusName":"Operational products","productType":1,"productTypeName":"Forecast products","productDefinitionTemplate":0,"productDefinitionTemplateName":"Analysis/forecast at horizontal level/layer at a point in time","parameterCategory":2,"parameterCategoryName":"UnknownDiscipline_0_Category_2","parameterNumber":2,"parameterNumberName":"UnknownParameter_D0_C2_2","parameterUnit":"Unknown","genProcessType":2,"genProcessTypeName":"Forecast","forecastTime":300,"surface1Type":103,"surface1TypeName":"Specified height level above ground","surface1Value":10.0,"surface2Type":255,"surface2TypeName":"Missing","surface2Value":0.0,"gridDefinitionTemplate":0,"gridDefinitionTemplateName":"Latitude_Longitude","numberPoints":615,"shape":6,"shapeName":"Earth spherical with radius of 6,371,229.0 m","gridUnits":"degrees","resolution":48,"winds":"true","scanMode":64,"nx":41,"ny":15,"basicAngle":0,"lo1":47.0,"la1":41.0,"lo2":87.0,"la2":55.0,"dx":1.0,"dy":1.0}, "data":
[rows 0 to 14 of 15, columns 0 to 40 of 41]
1.5886719,0.27867186,-1.9413282,0.6886719,2.7186718,-0.18132812,2.9286718,-1.8713281,-4.421328,-5.4913282,-5.341328,-5.761328,-6.101328,-5.551328,-4.841328,-5.531328,-5.461328,-6.521328,-6.4313283,-6.6613283,-4.6813283,-1.2113281,0.9486719,1.7786719,0.21867187,1.6986718,1.5786719,-0.35132813,-1.1513281,-0.36132812,-0.26132813,-0.5613281,-1.8513281,-3.5613282,-3.181328,-3.5313282,-4.1413283,-4.211328,-4.071328,-3.8513281,-1.9113281
3.098672,-2.7713282,0.36867186,0.59867185,-1.6413281,-3.391328,-0.5113281,-1.9013281,-4.271328,-5.041328,-5.861328,-5.631328,-5.071328,-5.6413283,-6.071328,-6.021328,-5.9513283,-6.3713284,-5.791328,-5.091328,-4.081328,-2.0513282,-0.5113281,-2.6113281,-0.90132815,0.35867187,-0.8013281,-0.32132813,1.1186719,1.5886719,0.068671875,0.14867188,-1.3613281,-2.0113282,0.26867187,-0.8813281,-0.22132812,-1.8313282,-1.9913281,-0.3413281,-0.91132814
-0.42132813,-2.0413282,-0.29132813,-4.961328,-4.551328,-2.0313282,-1.8413281,-3.8513281,-4.941328,-4.9713283,-4.651328,-4.801328,-5.4713283,-5.301328,-4.151328,-5.321328,-5.7013283,-5.071328,-4.301328,-4.151328,-6.131328,-7.8713284,-5.811328,-7.781328,-2.7813282,-4.4513283,-2.5613282,1.1086719,2.1986718,-0.6913281,-0.8613281,0.008671875,-0.41132814,-0.8613281,-0.79132813,-0.40132812,-0.90132815,-0.8713281,3.7086718,2.018672,1.6986718
-1.5613282,-0.10132813,-1.6313281,-3.9913282,-0.8613281,-1.4413282,-2.6113281,-2.3313282,-2.6113281,-3.5913281,-4.081328,-5.1213284,-7.751328,-4.651328,-4.671328,-4.981328,-5.011328,-5.351328,-4.801328,-5.081328,-2.421328,-3.0413282,-5.691328,-6.071328,-5.581328,-4.801328,-5.4313283,-6.531328,-6.061328,-2.8313282,-0.42132813,-2.151328,-3.471328,-1.6613281,-0.7413281,-0.17132813,-2.161328,1.8886719,-0.97132814,-1.1913282,-1.6613281
-3.5013282,-3.121328,-3.5413282,-0.47132814,0.6086719,-0.84132814,-0.9813281,-0.9313281,-1.8713281,-2.3613281,-2.431328,-5.091328,-4.9713283,-3.6113281,-3.691328,-4.011328,-4.331328,-4.1413283,-5.441328,-6.311328,-6.771328,-6.021328,-5.341328,-4.821328,-4.6813283,-4.691328,-5.4713283,-0.83132815,-4.481328,-3.651328,-3.3313282,-2.451328,-1.3013282,1.9586719,-1.2113281,-0.32132813,0.27867186,0.7686719,-0.22132812,0.71867186,1.4286718
3.2486718,0.22867188,-0.5713281,-0.79132813,0.71867186,-1.7213281,0.89867187,-0.3113281,-0.6113281,-1.1013281,-1.2813281,-3.121328,-2.2813282,-1.4813281,2.278672,-1.8213282,-2.0713282,-3.171328,-3.3313282,-3.4913282,-3.7813282,-3.641328,-3.121328,-2.8113282,-3.121328,-2.451328,-3.7413282,-2.9913282,-1.6413281,-1.4713281,-1.6313281,-1.9413282,-1.4713281,-2.3513281,-2.371328,2.278672,0.16867188,1.5886719,3.7586718,-3.8613281,-1.9713281
5.058672,5.0086718,2.808672,1.8486719,1.0086719,1.6286719,3.4886718,0.29867187,0.48867187,0.72867185,0.5186719,-0.3113281,0.4986719,0.71867186,2.2486718,2.4786718,1.3686719,0.6886719,0.24867187,0.21867187,0.6886719,0.22867188,0.5686719,0.6986719,0.6786719,0.42867187,0.71867186,0.97867185,0.11867187,1.4386718,1.8486719,1.2686719,0.7586719,-1.3513281,-3.451328,0.65867186,0.6786719,0.8886719,1.3486719,0.5586719,-1.7613281
5.5886717,5.768672,6.468672,4.828672,3.028672,3.598672,2.788672,1.3586719,1.5786719,1.3286719,2.098672,2.088672,2.118672,3.268672,2.6886718,3.108672,2.768672,2.858672,2.9386718,2.9586718,3.7386718,3.1886718,3.1986718,2.528672,3.288672,2.828672,2.868672,2.6686718,3.108672,2.828672,4.198672,3.7286718,2.568672,2.338672,2.098672,5.5486717,-3.471328,-1.2113281,0.37867188,3.088672,1.9486718
5.368672,5.808672,5.3586717,5.2586718,4.6286716,4.598672,3.9686718,3.028672,2.4786718,2.818672,2.868672,2.9686718,3.778672,3.808672,3.7286718,3.4486718,3.278672,3.4186718,4.0486717,4.288672,5.038672,5.2986717,4.7586718,3.9186718,5.0886717,5.268672,4.218672,3.788672,4.458672,4.538672,5.268672,5.748672,7.448672,4.718672,4.8186717,3.288672,-1.1213281,-1.9613281,0.8186719,0.34867188,0.7586719
5.268672,6.288672,5.558672,5.288672,5.458672,4.5286717,4.438672,4.148672,4.018672,4.118672,4.168672,4.538672,4.308672,4.678672,4.478672,4.3586717,4.618672,4.8386717,5.198672,4.978672,5.998672,6.288672,6.078672,5.6086717,5.158672,5.368672,4.6086717,5.218672,6.408672,6.8786716,6.348672,5.418672,3.9586718,2.378672,1.8086718,-0.83132815,-2.8013282,-1.1613281,1.0686718,1.2186719,0.44867188
2.0086718,4.978672,4.458672,4.138672,5.5486717,3.568672,5.0686717,5.448672,5.018672,5.0486717,5.0686717,5.718672,4.738672,5.3586717,6.188672,5.578672,5.618672,6.0686717,5.498672,6.138672,6.6086717,6.308672,6.268672,6.0086718,5.408672,5.208672,6.158672,6.1286716,7.168672,6.7586718,6.448672,2.8986719,3.088672,1.4386718,1.9086719,-0.84132814,-1.2413281,0.84867185,0.018671876,-0.35132813,0.48867187
5.7586718,4.1286716,4.118672,5.058672,4.388672,4.808672,4.678672,5.2986717,5.578672,5.058672,5.1086717,6.2986717,5.3386717,6.198672,6.918672,6.238672,6.658672,6.7786717,5.8586717,6.578672,6.408672,6.248672,6.098672,5.198672,5.618672,5.388672,6.158672,6.6086717,5.3586717,5.2586718,3.4686718,2.9686718,2.9986718,2.2586718,2.838672,4.408672,3.798672,5.6286716,0.37867188,0.7986719,-0.26132813
4.208672,5.418672,4.5286717,3.848672,3.318672,3.078672,4.238672,4.3786716,7.178672,5.698672,4.238672,5.7986717,6.7586718,7.038672,7.208672,7.188672,7.148672,7.398672,5.988672,6.688672,5.958672,5.748672,5.7986717,4.788672,6.2786717,5.1286716,4.238672,4.488672,4.978672,4.408672,3.4586718,3.598672,3.128672,3.378672,3.6686718,3.9986718,4.938672,3.328672,5.118672,4.458672,2.6786718
4.078672,5.388672,5.058672,4.518672,3.798672,2.588672,1.8086718,3.1486719,4.468672,4.978672,4.648672,4.5486717,7.078672,7.2986717,7.148672,7.2586718,7.208672,7.0486717,6.668672,6.438672,6.638672,6.5086718,6.148672,5.408672,4.0086718,2.9086719,1.9686719,4.058672,2.348672,3.6486719,3.2386718,2.2186718,2.268672,1.8886719,1.6886718,1.4786719,1.7086719,2.628672,3.788672,2.3986719,2.308672
3.7486718,5.1086717,6.8586717,4.8386717,4.558672,3.7486718,3.9386718,3.6486719,3.818672,3.7386718,2.6686718,4.938672,5.288672,3.818672,7.458672,7.3586717,7.038672,6.988672,6.3586717,6.678672,6.5086718,5.638672,4.708672,4.0086718,2.838672,1.4286718,2.798672,3.3886719,3.7186718,2.578672,3.598672,4.8786716,2.4086719,2.528672,2.9186718,3.7186718,3.288672,4.0486717,4.8786716,3.6686718,2.328672
