wind_kz.json
{"header": {"discipline":0,"disciplineName":"Meteorological products","gribEdition":2,"gribLength":1102,"center":7,"centerName":"US National Weather Service - NCEP(WMC)","subcenter":0,"refTime":"2023-09-10T06:00:00.000Z","significanceOfRT":1,"significanceOfRTName":"Start of forecast","productStatus":0,"productStatusName":"Operational products","productType":1,"productTypeName":"Forecast products","productDefinitionTemplate":0,"productDefinitionTemplateName":"Analysis/forecast at horizontal level/layer at a point in time","parameterCategory":2,"parameterCategoryName":"UnknownDiscipline_0_Category_2","parameterNumber":2,"parameterNumberName":"UnknownParameter_D0_C2_2","parameterUnit":"Unknown","genProcessType":2,"genProcessTypeName":"Forecast","forecastTime":0,"surface1Type":103,"surface1TypeName":"Specified height level above ground","surface1Value":10.0,"surface2Type":255,"surface2TypeName":"Missing","surface2Value":0.0,"gridDefinitionTemplate":0,"gridDefinitionTemplateName":"Latitude_Longitude","numberPoints":615,"shape":6,"shapeName":"Earth spherical with radius of 6,371,229.0 m","gridUnits":"degrees","resolution":48,"winds":"true","scanMode":64,"nx":41,"ny":15,"basicAngle":0,"lo1":47.0,"la1":41.0,"lo2":87.0,"la2":55.0,"dx":1.0,"dy":1.0}, "data":
[rows 0 to 14 of 15, columns 0 to 40 of 41]
5.397112,2.877112,3.1971118,12.197112,15.507112,0.76711184,-0.012888184,-3.1528883,-3.9028883,-5.102888,-5.162888,-6.062888,-6.682888,-7.272888,-7.1328883,-6.7128882,-5.522888,-6.8828883,-7.0328884,-6.122888,-2.8328881,-1.7828882,2.4571118,0.82711184,-0.8328882,0.007111816,1.1871119,3.5471117,0.4271118,1.7371118,-0.5728882,0.087111816,-0.5328882,-3.3028882,-5.982888,-4.3828883,-5.642888,-6.0928884,-5.002888,-5.752888,-5.292888
3.127112,1.0571119,9.7971115,14.7971115,5.3271117,-3.392888,-1.9428881,-0.55288815,-5.392888,-6.4428883,-7.7828884,-6.972888,-6.6128883,-5.6328883,-5.5328884,-5.5528884,-6.9628882,-6.352888,-4.012888,-3.0728881,-1.4328882,-1.7228882,-0.9528882,3.4271119,1.2771118,0.037111815,0.3971118,0.6771118,4.0571117,2.877112,1.6871119,1.3171118,-0.61288816,0.9271118,0.6771118,-1.6128882,-3.1628883,-6.492888,-3.0528882,-3.0728881,-1.8928882
10.917111,16.757113,18.047112,17.767113,1.8371118,1.0871118,-3.1828883,-4.742888,-5.0328884,-4.5528884,-4.5728884,-5.002888,-5.262888,-5.162888,-5.762888,-4.722888,-5.4228883,-4.522888,-3.2828882,-1.7028881,0.34711182,-1.0828881,-2.7728882,-2.8228881,-2.1928883,-3.102888,-2.2228882,1.5771118,1.3071119,0.7571118,1.2271118,1.3871118,-1.7928882,-1.0328882,-0.122888185,1.7171118,0.4171118,0.14711182,-0.5628882,5.817112,5.3271117
10.267112,16.777111,17.517113,14.817112,-3.6628883,-1.9928882,-1.3728882,-3.6928883,-4.562888,-4.582888,-4.912888,-5.792888,-5.4228883,-4.452888,-4.0928884,-4.372888,-5.812888,-5.5728884,-5.0728884,-3.342888,-2.0528882,-1.7828882,-2.9628882,-3.8028882,-3.0028882,-1.2528882,-0.61288816,-1.9528881,-3.2628882,-8.542889,-5.8428884,-8.862888,-8.722888,-6.222888,-5.872888,-1.9128882,0.07711182,1.0871118,-3.2628882,-4.082888,-4.222888
8.967112,13.157112,6.4071116,-4.702888,-4.792888,-4.332888,-3.3128881,-2.7828882,-1.7128882,1.2171118,-3.142888,-4.2828884,-5.482888,-6.292888,-4.1328883,-4.232888,-3.642888,-2.862888,-4.162888,-4.122888,-4.762888,-3.3028882,-2.102888,-1.2028881,-1.4128882,-1.0528882,-0.032888185,0.44711182,2.3071117,0.5271118,1.2171118,3.0171118,2.0271118,1.9371119,-3.362888,-2.7628882,-3.8128881,-5.702888,-3.4128883,-3.0428882,-3.8228881
3.9571118,-0.07288818,6.0971117,-0.6428882,-1.0628881,-3.9328883,-4.4228883,-0.37288818,0.3571118,-3.7628882,-5.392888,-5.6128883,-4.502888,-4.3628883,-3.5628881,-3.352888,-2.842888,-3.372888,-3.4528883,-3.142888,-3.5228882,-3.0028882,-1.9628882,-0.032888185,0.6071118,1.3671118,2.5871117,1.7371118,2.887112,-2.5628881,1.8771118,0.2671118,0.7871118,-2.6728883,-1.6228882,-3.1928883,1.2671118,1.0071118,-2.9428883,-3.382888,-3.2628882
2.4971118,1.0671118,2.5571117,0.6871118,-0.19288819,-2.7228882,-1.7928882,1.1471118,0.6171118,-0.20288819,-1.3328881,-1.5828881,-1.2528882,-1.1128882,-2.2928882,-2.342888,-1.6328882,-2.0528882,-2.5328882,-3.1628883,-3.3128881,-3.3328881,-2.5628881,-1.3928882,-0.16288818,1.3671118,1.4171119,2.0271118,1.8971118,-3.4428883,7.0371118,3.4171119,0.2671118,-3.342888,-5.432888,-2.4928882,0.20711182,1.5071118,4.6771116,0.9671118,-1.6628882
2.4671118,2.0871117,0.9671118,0.12711182,0.3571118,1.3171118,0.22711182,0.057111815,1.0371118,0.14711182,2.7071118,1.8571118,0.27711183,0.07711182,-1.3428882,-1.6828882,-2.0728881,-3.0028882,-2.5228882,-1.6328882,-2.392888,-1.9628882,-1.6728882,-1.0728881,-0.5228882,0.5471118,2.4571118,2.5471117,4.2171116,4.8271117,7.6571116,4.777112,2.3471117,2.4971118,5.107112,-5.6528883,-6.222888,-6.1928883,-5.792888,-3.9328883,-1.2928882
1.5371118,0.83711183,0.18711181,1.2871118,0.18711181,-1.6328882,-2.602888,-0.042888183,-0.28288817,1.8971118,2.7871118,2.9771118,2.9971118,2.367112,0.037111815,1.0871118,-0.0028881836,-0.22288819,-1.0528882,-0.5828882,0.20711182,0.43711182,-0.052888185,0.7771118,1.0371118,2.0271118,3.5571117,3.9371119,3.5771117,2.9571118,3.627112,3.7771118,5.6371117,5.017112,-1.3928882,-5.472888,-3.2228882,-0.14288819,2.2171118,-0.91288817,1.9071118
2.2971117,1.4471118,0.087111816,-0.7228882,-0.46288818,0.22711182,1.6771119,1.9071118,2.607112,2.0671117,5.067112,3.4571118,5.497112,5.397112,4.277112,2.4871118,2.9171119,2.387112,1.6671119,1.2771118,1.8171118,1.9771118,3.0971117,3.8071117,4.1971116,4.297112,4.5571117,5.4271116,5.267112,6.0971117,4.487112,3.607112,1.6471118,0.6171118,-1.3528882,-4.392888,-3.9728882,-1.6928881,2.4971118,1.0471119,0.57711184
-2.7628882,-0.7628882,1.4571118,2.5371118,3.0771117,3.1671119,2.3371117,2.0671117,2.637112,2.657112,4.437112,3.7271118,4.817112,5.007112,5.167112,4.377112,4.0971117,4.067112,2.9471118,2.617112,2.407112,2.877112,3.617112,4.547112,4.797112,5.357112,5.357112,4.017112,3.1671119,1.8171118,-1.2428882,-2.8128881,-4.3628883,-4.4428883,-4.042888,-2.9428883,-0.47288817,0.33711183,0.20711182,-0.032888185,1.6071118
-2.4828882,-1.8528882,-0.34288818,-0.3528882,1.9571118,3.1771119,3.8371117,3.7271118,3.9971118,3.7371118,4.0771117,4.1971116,3.6771119,4.0571117,3.7071118,2.9571118,5.737112,5.687112,4.267112,4.4071116,3.3171117,4.0771117,4.6771116,4.687112,5.5371118,5.417112,4.267112,-0.28288817,-4.1328883,-7.1928883,-7.562888,-8.832889,-6.6128883,-6.312888,-4.662888,-5.202888,-3.2728882,-2.382888,-0.6428882,0.31711182,-0.6528882
-2.0828881,-2.4428883,-1.6228882,-2.1828883,-2.3128881,-1.5628881,-3.2628882,-4.512888,-0.6828882,-0.042888183,0.27711183,0.8771118,0.8771118,2.2771118,3.1871119,3.407112,3.387112,3.5371118,2.0271118,3.607112,3.2471118,4.8471117,5.457112,5.377112,4.397112,2.4571118,0.22711182,-3.8228881,-4.732888,-4.792888,-7.082888,-8.262888,-6.7828884,-6.682888,-5.182888,-5.1528883,-3.892888,-2.5228882,-3.5228882,-3.3028882,-1.5628881
-1.6928881,-2.4128883,-2.5128882,-3.132888,-3.9628882,-3.5528882,-3.4428883,-2.9128883,-2.142888,-2.4328883,-0.80288815,-2.5028882,-2.9528883,-2.9628882,-2.6628883,-2.382888,-2.0028882,-0.6528882,0.4571118,2.1771119,4.1971116,4.3671117,4.457112,4.9271116,-1.0428882,-3.5528882,-3.602888,-6.602888,-6.3428884,-7.812888,-6.8628883,-7.002888,-6.2828884,-5.182888,-3.7528882,-3.5428882,-3.2028883,-2.602888,-2.3328881,-2.6528883,-2.632888
-1.8528882,-2.8128881,-4.232888,-3.3128881,-3.6628883,-4.082888,-3.7828882,-4.682888,-3.1528883,-3.4428883,-2.2628882,-2.8128881,-1.7028881,-3.7528882,-5.9428883,-4.3828883,-3.9928882,-3.0828881,-1.4928882,-0.6228882,1.0371118,-0.3628882,-3.122888,-2.892888,-4.312888,-5.062888,-6.8028884,-7.662888,-7.372888,-6.982888,-6.242888,-5.5328884,-4.772888,-4.022888,-3.9828882,-3.4728882,-2.7928882,-3.4028883,-3.852888,-2.6528883,-1.0728881
