wind_kz.json
{"header": {"discipline":0,"disciplineName":"Meteorological products","gribEdition":2,"gribLength":948,"center":7,"centerName":"US National Weather Service - NCEP(WMC)","subcenter":0,"refTime":"2025-04-06T00:00:00.000Z","significanceOfRT":1,"significanceOfRTName":"Start of forecast","productStatus":0,"productStatusName":"Operational products","productType":1,"productTypeName":"Forecast products","productDefinitionTemplate":0,"productDefinitionTemplateName":"Analysis/forecast at horizontal level/layer at a point in time","parameterCategory":0,"parameterCategoryName":"UnknownDiscipline_0_Category_0","parameterNumber":0,"parameterNumberName":"UnknownParameter_D0_C0_0","parameterUnit":"Unknown","genProcessType":2,"genProcessTypeName":"Forecast","forecastTime":60,"surface1Type":1,"surface1TypeName":"Ground or water surface","surface1Value":0.0,"surface2Type":255,"surface2TypeName":"Missing","surface2Value":0.0,"gridDefinitionTemplate":0,"gridDefinitionTemplateName":"Latitude_Longitude","numberPoints":615,"shape":6,"shapeName":"Earth spherical with radius of 6,371,229.0 m","gridUnits":"degrees","resolution":48,"winds":"true","scanMode":64,"nx":41,"ny":15,"basicAngle":0,"lo1":47.0,"la1":41.0,"lo2":87.0,"la2":55.0,"dx":1.0,"dy":1.0}, "data":
[rows 0 to 14 of 15, columns 0 to 40 of 41]
301.72858,293.72858,295.92856,282.62857,283.22858,283.92856,299.92856,313.22858,311.72858,311.72858,310.92856,311.72858,309.02856,308.12857,306.92856,306.82855,304.72858,301.82855,301.82855,299.32855,299.32855,295.62857,296.32855,292.42856,298.92856,301.62857,295.72858,276.62857,276.12857,272.62857,275.22858,279.82855,291.02856,296.02856,297.82855,298.32855,298.42856,297.42856,296.62857,297.12857,296.72858
273.82855,295.12857,282.22858,282.32855,283.32855,283.12857,308.82855,309.22858,308.32855,308.32855,310.12857,307.52856,308.42856,309.02856,308.02856,306.82855,304.92856,303.62857,300.12857,302.02856,298.72858,295.72858,289.82855,285.42856,272.62857,276.02856,289.12857,277.02856,285.52856,274.62857,276.82855,266.12857,283.42856,256.12857,265.02856,294.42856,292.82855,295.12857,296.52856,289.42856,284.02856
295.52856,280.82855,281.72858,282.32855,282.72858,302.12857,302.92856,306.82855,306.52856,305.62857,304.72858,304.92856,306.72858,307.82855,305.32855,304.62857,304.12857,303.52856,302.42856,301.42856,301.42856,299.92856,297.22858,291.32855,294.22858,292.42856,295.02856,295.42856,291.82855,286.22858,272.42856,277.92856,287.92856,287.92856,288.52856,287.32855,273.22858,269.42856,270.02856,271.82855,266.42856
294.52856,281.22858,280.42856,282.02856,286.92856,302.92856,303.12857,304.42856,305.32855,302.72858,302.92856,299.02856,285.52856,286.42856,302.52856,304.52856,303.12857,303.62857,303.62857,303.42856,301.82855,295.22858,299.42856,298.32855,298.72858,298.32855,297.72858,292.92856,292.72858,293.72858,294.82855,292.52856,298.62857,298.02856,295.32855,290.52856,273.32855,266.02856,281.72858,290.32855,293.72858
295.62857,282.52856,281.82855,282.82855,288.92856,302.82855,305.12857,303.22858,301.72858,301.02856,301.32855,297.32855,284.62857,284.52856,282.92856,301.62857,300.52856,300.32855,300.22858,299.72858,300.42856,300.42856,299.02856,299.22858,298.42856,297.62857,295.72858,290.32855,298.32855,297.22858,298.32855,294.72858,281.82855,271.32855,287.32855,294.02856,291.92856,296.52856,295.82855,296.42856,295.52856
294.52856,301.22858,282.22858,281.42856,280.42856,280.12857,302.02856,302.32855,298.82855,297.82855,295.72858,294.82855,284.62857,283.72858,290.52856,298.42856,300.32855,299.32855,299.32855,298.62857,297.52856,296.52856,296.52856,295.62857,294.62857,293.22858,295.22858,273.12857,296.62857,295.32855,294.32855,296.12857,295.82855,294.12857,290.42856,285.72858,284.12857,284.92856,292.72858,294.22858,293.92856
295.32855,304.92856,304.02856,301.02856,295.02856,302.92856,301.42856,295.92856,296.62857,295.52856,291.32855,293.72858,293.92856,296.92856,297.72858,299.12857,298.42856,298.52856,293.42856,291.12857,292.72858,291.22858,289.22858,290.02856,287.92856,290.32855,290.82855,292.42856,291.52856,291.02856,291.02856,291.92856,293.92856,292.62857,291.12857,290.02856,285.42856,284.22858,275.82855,277.22858,289.12857
289.62857,303.62857,303.72858,303.82855,303.42856,299.42856,300.52856,296.72858,295.52856,296.32855,295.62857,295.82855,297.02856,297.12857,298.02856,297.62857,295.42856,291.92856,294.52856,292.02856,288.92856,288.32855,285.02856,285.12857,283.72858,284.32855,283.82855,284.52856,285.92856,287.92856,283.92856,289.12857,286.52856,285.82855,286.02856,289.62857,293.02856,273.12857,290.72858,288.92856,286.62857
285.72858,298.52856,300.72858,302.02856,300.02856,299.22858,298.42856,297.72858,296.52856,296.02856,296.02856,296.52856,297.02856,297.72858,291.12857,291.22858,295.22858,295.52856,293.62857,291.32855,287.92856,286.82855,285.62857,282.82855,281.72858,281.82855,282.92856,283.32855,283.22858,283.02856,282.72858,284.92856,287.12857,287.92856,288.72858,283.62857,280.52856,283.42856,268.62857,269.52856,268.22858
284.92856,296.42856,297.22858,297.02856,297.62857,297.12857,297.22858,296.92856,297.12857,296.02856,294.82855,295.02856,296.42856,296.62857,291.42856,297.12857,296.72858,295.62857,293.92856,291.52856,290.22858,289.52856,288.32855,281.52856,281.42856,281.02856,282.32855,281.52856,281.82855,283.42856,285.22858,286.52856,286.92856,285.12857,284.82855,284.12857,281.32855,279.02856,276.12857,273.52856,272.62857
286.42856,295.02856,294.72858,295.32855,297.22858,295.92856,296.42856,296.12857,295.22858,295.22858,294.62857,294.82855,297.22858,294.42856,295.22858,295.62857,293.22858,293.52856,293.12857,290.82855,291.92856,288.92856,288.02856,284.12857,281.32855,281.82855,282.02856,286.42856,286.92856,286.12857,285.02856,286.92856,286.92856,287.92856,287.52856,284.42856,279.42856,279.02856,281.52856,281.62857,274.82855
283.52856,287.22858,293.22858,293.32855,294.42856,294.62857,294.32855,294.32855,295.02856,294.52856,291.92856,290.22858,294.52856,295.02856,295.62857,291.42856,290.92856,292.22858,291.92856,292.42856,289.92856,289.22858,288.12857,287.22858,285.02856,286.62857,286.42856,286.52856,284.92856,283.12857,284.42856,285.82855,285.82855,283.92856,285.52856,285.62857,288.82855,286.12857,284.52856,284.22858,284.12857
284.02856,285.22858,289.72858,291.72858,291.92856,292.32855,293.22858,293.62857,293.22858,294.02856,289.22858,289.02856,294.42856,288.12857,289.52856,286.12857,289.72858,290.62857,291.22858,289.82855,290.52856,289.02856,288.32855,288.62857,288.52856,289.12857,289.82855,287.12857,288.12857,288.82855,290.32855,286.62857,288.42856,288.22858,285.12857,283.22858,284.02856,285.12857,283.52856,283.22858,283.92856
288.62857,289.52856,280.82855,290.32855,288.12857,290.82855,291.32855,290.62857,293.02856,288.72858,288.42856,286.62857,287.82855,291.32855,292.22858,291.72858,290.92856,289.92856,290.32855,289.42856,287.52856,288.32855,288.82855,288.82855,289.82855,290.42856,289.62857,289.62857,288.52856,288.02856,287.02856,286.22858,284.92856,284.12857,283.22858,282.32855,282.02856,282.52856,283.32855,283.22858,284.82855
286.62857,288.92856,273.32855,286.12857,291.12857,290.02856,290.12857,290.52856,292.22858,290.72858,289.02856,290.42856,283.62857,287.62857,289.72858,290.82855,289.32855,289.22858,289.32855,288.02856,287.22858,286.52856,285.72858,285.12857,285.52856,285.82855,287.02856,287.62857,288.02856,287.72858,288.02856,281.92856,287.32855,285.62857,284.62857,283.92856,283.92856,283.62857,284.62857,284.42856,284.22858
