wind_kz.json
{"header": {"discipline":0,"disciplineName":"Meteorological products","gribEdition":2,"gribLength":871,"center":7,"centerName":"US National Weather Service - NCEP(WMC)","subcenter":0,"refTime":"2024-02-01T18:00:00.000Z","significanceOfRT":1,"significanceOfRTName":"Start of forecast","productStatus":0,"productStatusName":"Operational products","productType":1,"productTypeName":"Forecast products","productDefinitionTemplate":0,"productDefinitionTemplateName":"Analysis/forecast at horizontal level/layer at a point in time","parameterCategory":0,"parameterCategoryName":"UnknownDiscipline_0_Category_0","parameterNumber":0,"parameterNumberName":"UnknownParameter_D0_C0_0","parameterUnit":"Unknown","genProcessType":2,"genProcessTypeName":"Forecast","forecastTime":300,"surface1Type":1,"surface1TypeName":"Ground or water surface","surface1Value":0.0,"surface2Type":255,"surface2TypeName":"Missing","surface2Value":0.0,"gridDefinitionTemplate":0,"gridDefinitionTemplateName":"Latitude_Longitude","numberPoints":615,"shape":6,"shapeName":"Earth spherical with radius of 6,371,229.0 m","gridUnits":"degrees","resolution":48,"winds":"true","scanMode":64,"nx":41,"ny":15,"basicAngle":0,"lo1":47.0,"la1":41.0,"lo2":87.0,"la2":55.0,"dx":1.0,"dy":1.0}, "data":
[rows 0 to 14 of 15, columns 0 to 40 of 41]
284.9322,279.63217,282.63217,280.33218,280.63217,281.83218,287.73218,290.9322,287.73218,287.83218,288.13217,288.53217,288.63217,288.53217,288.73218,288.73218,288.4322,288.23218,290.63217,292.63217,292.53217,290.83218,292.23218,287.83218,288.33218,288.03217,281.73218,268.53217,268.13217,266.33218,269.03217,261.33218,272.33218,284.4322,283.9322,282.9322,284.53217,283.33218,282.9322,282.4322,284.03217
268.73218,281.9322,280.33218,280.03217,280.53217,280.9322,288.73218,288.23218,288.33218,289.63217,288.73218,287.83218,288.83218,289.13217,287.23218,286.9322,287.53217,288.23218,287.4322,289.53217,288.9322,290.23218,289.4322,278.63217,268.13217,270.63217,271.4322,268.23218,268.33218,263.83218,273.63217,261.13217,275.53217,249.13217,262.4322,273.4322,271.33218,283.13217,284.13217,280.13217,273.23218
281.4322,278.53217,279.9322,280.33218,280.33218,284.83218,285.63217,285.63217,285.33218,285.23218,285.63217,285.9322,287.03217,287.53217,284.23218,282.83218,284.33218,281.53217,282.53217,284.23218,285.63217,289.13217,288.9322,273.23218,288.83218,286.9322,283.73218,284.9322,286.23218,274.73218,268.13217,270.63217,266.23218,268.53217,268.9322,273.4322,268.4322,263.9322,265.03217,269.4322,265.13217
280.63217,275.63217,277.63217,278.83218,280.23218,283.53217,281.63217,284.83218,285.4322,283.63217,283.73218,284.13217,281.13217,281.73218,284.03217,280.53217,282.53217,280.53217,281.83218,281.9322,286.63217,273.23218,284.73218,283.4322,282.23218,281.83218,282.9322,283.83218,282.23218,281.4322,282.53217,278.63217,280.53217,284.03217,273.23218,272.9322,267.4322,261.73218,275.4322,271.73218,271.13217
278.63217,273.03217,272.03217,272.83218,276.83218,282.4322,280.4322,282.53217,282.4322,281.4322,280.9322,283.23218,278.9322,279.03217,278.13217,281.53217,282.03217,282.33218,283.73218,281.9322,284.83218,283.73218,282.03217,281.83218,282.03217,281.23218,274.13217,279.03217,281.33218,282.03217,278.63217,278.63217,272.13217,265.13217,271.13217,268.33218,269.03217,269.73218,270.83218,269.83218,269.9322
279.33218,279.83218,273.13217,272.9322,272.4322,272.83218,282.4322,281.73218,279.73218,279.63217,278.03217,278.4322,279.13217,279.03217,277.03217,280.53217,280.73218,281.4322,280.13217,280.63217,274.13217,281.9322,276.73218,271.83218,272.33218,269.63217,274.23218,273.03217,270.9322,270.53217,271.23218,272.53217,270.63217,269.9322,272.83218,268.9322,273.23218,268.33218,268.53217,266.73218,264.53217
276.73218,276.9322,278.63217,278.53217,276.23218,278.4322,280.63217,278.9322,278.23218,277.83218,278.23218,277.33218,277.83218,278.83218,279.9322,279.73218,276.13217,277.03217,275.23218,273.23218,272.63217,271.53217,270.4322,269.9322,266.83218,264.83218,263.33218,266.03217,265.4322,267.13217,267.4322,266.33218,266.83218,268.13217,265.4322,269.9322,269.53217,271.33218,265.33218,266.03217,266.23218
274.03217,273.83218,273.13217,273.4322,274.9322,275.13217,274.83218,276.13217,276.73218,276.83218,275.03217,275.53217,276.13217,274.73218,278.4322,276.83218,276.33218,273.23218,272.33218,272.23218,270.73218,269.73218,268.63217,267.9322,267.23218,266.23218,264.63217,261.13217,262.73218,262.4322,263.53217,263.83218,264.23218,265.9322,264.63217,257.73218,255.93217,262.23218,262.53217,263.13217,265.13217
273.13217,273.03217,273.23218,273.23218,273.13217,272.83218,273.13217,273.23218,273.03217,272.33218,273.13217,273.23218,273.53217,274.33218,273.4322,274.23218,273.23218,273.23218,272.83218,272.53217,272.73218,270.33218,268.73218,267.03217,266.53217,265.73218,264.9322,263.73218,263.9322,263.9322,260.53217,261.63217,270.4322,265.63217,259.83218,257.53217,260.83218,260.23218,261.63217,262.53217,263.53217
272.33218,272.4322,272.4322,272.73218,272.53217,272.03217,270.53217,266.63217,267.83218,269.13217,265.83218,267.53217,271.03217,271.53217,273.23218,273.23218,273.13217,273.23218,273.23218,273.23218,272.53217,272.23218,270.63217,269.23218,268.03217,266.53217,266.9322,265.9322,265.33218,264.73218,268.63217,273.03217,274.13217,270.13217,263.03217,263.03217,264.9322,267.23218,268.4322,268.53217,261.23218
271.13217,271.13217,270.53217,268.53217,268.63217,263.83218,268.33218,267.53217,263.4322,261.53217,261.23218,262.63217,264.23218,264.13217,268.03217,269.63217,273.23218,273.23218,273.23218,273.23218,272.63217,273.23218,272.33218,270.23218,269.4322,268.33218,267.23218,267.9322,270.33218,272.03217,272.83218,274.63217,271.73218,268.83218,265.23218,264.13217,267.4322,267.9322,263.9322,266.73218,265.9322
262.83218,264.03217,265.33218,261.4322,260.73218,260.63217,260.23218,259.9322,259.53217,258.53217,259.33218,258.9322,259.13217,260.63217,262.33218,264.03217,265.53217,267.03217,270.13217,273.23218,273.23218,273.03217,273.23218,273.13217,271.53217,270.33218,269.4322,271.4322,270.53217,270.13217,269.73218,267.4322,271.23218,266.33218,267.03217,266.03217,269.23218,267.9322,270.63217,269.9322,270.33218
262.33218,260.03217,260.33218,260.9322,260.03217,261.23218,258.53217,258.03217,257.23218,258.33218,259.53217,257.9322,258.83218,258.53217,259.9322,260.73218,261.73218,262.23218,263.83218,265.4322,265.33218,273.13217,273.13217,273.23218,273.23218,273.13217,272.13217,271.53217,271.53217,270.63217,269.53217,268.4322,267.9322,267.23218,266.73218,265.9322,267.13217,270.03217,266.33218,265.4322,269.13217
260.63217,259.63217,259.73218,258.83218,259.23218,260.23218,259.9322,259.63217,260.33218,260.9322,259.63217,257.63217,258.9322,258.33218,259.63217,259.9322,260.23218,260.33218,260.63217,261.33218,262.73218,265.03217,267.83218,267.13217,273.23218,273.23218,273.23218,273.13217,272.9322,272.63217,271.13217,270.83218,269.83218,268.4322,268.03217,266.73218,267.73218,267.9322,268.13217,266.33218,267.13217
260.53217,259.53217,258.83218,259.33218,260.63217,261.33218,261.03217,260.73218,260.73218,260.9322,260.73218,259.13217,257.63217,259.33218,259.33218,259.9322,259.83218,260.4322,261.03217,260.73218,261.33218,262.53217,263.73218,265.73218,268.33218,268.73218,273.23218,273.23218,273.23218,273.13217,273.23218,272.63217,271.83218,270.83218,270.33218,269.23218,268.23218,267.73218,268.03217,267.53217,266.53217
