wind.json
{"header": {"discipline":0,"disciplineName":"Meteorological products","gribEdition":2,"gribLength":1211,"center":7,"centerName":"US National Weather Service - NCEP(WMC)","subcenter":0,"refTime":"2023-05-30T18:00:00.000Z","significanceOfRT":1,"significanceOfRTName":"Start of forecast","productStatus":0,"productStatusName":"Operational products","productType":1,"productTypeName":"Forecast products","productDefinitionTemplate":0,"productDefinitionTemplateName":"Analysis/forecast at horizontal level/layer at a point in time","parameterCategory":2,"parameterCategoryName":"UnknownDiscipline_0_Category_2","parameterNumber":2,"parameterNumberName":"UnknownParameter_D0_C2_2","parameterUnit":"Unknown","genProcessType":2,"genProcessTypeName":"Forecast","forecastTime":60,"surface1Type":103,"surface1TypeName":"Specified height level above ground","surface1Value":10.0,"surface2Type":255,"surface2TypeName":"Missing","surface2Value":0.0,"gridDefinitionTemplate":0,"gridDefinitionTemplateName":"Latitude_Longitude","numberPoints":688,"shape":6,"shapeName":"Earth spherical with radius of 6,371,229.0 m","gridUnits":"degrees","resolution":48,"winds":"true","scanMode":64,"nx":43,"ny":16,"basicAngle":0,"lo1":45.0,"la1":40.0,"lo2":87.0,"la2":55.0,"dx":1.0,"dy":1.0}, "data":
[rows 0 to 15 of 16, columns 0 to 42 of 43]
2.271592,-0.9584082,-2.3284082,-3.238408,1.7715918,-0.1684082,1.3315918,2.9415917,3.6015918,3.0915918,4.411592,7.891592,5.9615917,6.881592,0.9315918,-2.1184082,-2.0484083,-1.7984082,-1.1684082,-1.5184082,-0.3384082,-1.4784082,-2.6084082,-0.3084082,-1.1684082,-0.41840822,0.4015918,0.5415918,-0.008408203,4.821592,2.7415917,0.27159178,-3.7784083,-1.1084082,-7.028408,-3.6784081,-2.5484083,-2.5984082,-4.2884083,-5.318408,-6.738408,-7.4584084,-8.328408
-2.218408,-0.6884082,-0.8984082,1.7815918,-2.9984083,2.9515917,3.7115917,3.8615918,5.761592,4.951592,5.9615917,5.131592,3.4815917,-1.7584082,-2.8684082,-3.7784083,-3.728408,-3.8184083,-2.7984083,-5.3284082,-4.218408,-1.3584082,2.5515919,1.5915918,1.8015918,2.4015918,-1.3084083,-0.3384082,1.0315918,2.9615917,1.7115918,2.2515917,0.91159177,0.7115918,-0.7084082,-2.7484083,-3.3184083,-2.458408,-3.3584082,-4.008408,-3.4084082,-2.3384082,-0.9484082
-1.4184082,1.2715918,0.9015918,-2.3884082,2.5615919,4.1015916,3.8615918,5.4415917,5.1015916,3.4415917,5.301592,5.3715916,-0.3184082,-4.348408,-4.5784082,-4.0184083,-3.6384082,-4.0584083,-4.548408,-7.098408,-7.928408,-6.0384083,-6.138408,-2.3284082,0.1615918,2.3815918,0.4015918,-1.1384082,1.1715918,0.5615918,3.4815917,2.3415918,2.541592,0.2515918,-0.018408203,2.031592,0.4415918,-2.4984083,-1.8784082,-1.2384082,-0.4584082,-3.1684082,-0.7084082
-0.7084082,-0.5484082,-0.7484082,3.3815918,4.971592,5.471592,5.5415916,5.131592,4.301592,2.771592,3.6915917,1.0415918,-3.5084083,-5.1684084,-5.368408,-6.028408,-6.5184083,-6.368408,-5.968408,-5.408408,-3.9984083,-6.3984084,-13.368408,-12.938408,-10.5484085,-11.328408,-6.6284084,-6.318408,-2.458408,0.5215918,3.7215917,-0.3684082,1.9515918,-2.6184082,-0.9584082,-1.5784082,-1.7384082,1.1615918,0.4715918,-0.5184082,0.9015918,-0.7084082,0.20159179
-0.1884082,1.7815918,3.791592,6.4415917,6.1715918,5.491592,6.5615916,4.591592,4.261592,3.3015919,3.7215917,1.3715918,-3.8784082,-6.4984083,-6.658408,-4.638408,-8.388409,-9.5484085,-10.448408,-10.858408,-11.718409,-11.5484085,-12.558408,-15.768408,-10.958408,-11.458408,-10.328408,-8.988408,-7.138408,-6.588408,-4.068408,-0.8184082,2.0815918,2.6215918,1.7715918,0.8415918,1.6515918,1.5815918,1.4615918,-0.4884082,-3.3184083,-3.4984083,-1.4584082
1.2415918,2.761592,4.491592,6.1215916,7.131592,8.031591,7.2115917,7.0415916,6.1915917,5.181592,2.5815918,0.8715918,-3.4984083,-5.698408,-3.7484083,-3.7584083,-3.958408,-7.0184083,-8.228408,-9.218409,-9.488408,-11.068408,-11.528408,-10.288408,-9.158408,-8.698408,-8.708408,-9.178409,-8.428409,-4.7884083,-4.178408,-2.5084083,-2.0984082,-0.9184082,1.9315917,0.23159179,-3.478408,-2.4984083,-2.0284083,-3.5384083,-4.258408,-4.3284082,-2.8384082
2.8715918,4.111592,5.2115917,5.2315917,6.551592,9.181592,9.971592,8.571591,7.3515916,4.891592,2.9715917,-0.6684082,-1.7784082,-3.228408,-1.3284082,-1.1384082,-0.6584082,-3.5184083,-3.3384082,-4.278408,-5.848408,-5.9384084,-6.658408,-6.028408,-5.888408,-5.468408,-6.178408,-6.868408,-7.388408,-3.7884083,-5.338408,-3.9484081,-3.228408,-2.3884082,-3.4084082,-4.108408,-1.7984082,0.33159178,-2.1084082,-0.9284082,-1.6484082,0.6015918,0.6915918
2.4315917,4.0415916,4.8515916,7.051592,9.341592,10.571591,9.191592,8.171592,4.891592,2.5815918,0.20159179,0.2815918,-0.2584082,-0.1684082,0.5315918,1.4715918,2.511592,1.1915917,1.1415918,-0.8784082,-0.7584082,-1.5684083,-3.968408,-4.448408,-4.1484084,-4.508408,-4.508408,-5.178408,-5.548408,-5.3784084,-5.4584084,-5.428408,-5.408408,-5.588408,-4.3984084,-2.6884081,-3.5684083,-1.0884082,0.1915918,-2.8684082,0.3115918,-1.1184082,-1.6584082
2.8915918,3.9515917,6.161592,7.651592,6.951592,6.381592,1.7415918,0.031591795,0.2515918,0.5415918,0.2915918,-3.3984082,-0.6184082,1.2015918,3.0615919,3.4815917,3.4515917,3.6315918,4.5615916,3.7015917,2.1115918,0.20159179,-4.0384083,-6.2884083,-5.638408,-5.3984084,-5.158408,-5.258408,-5.118408,-6.0784082,-7.108408,-7.218408,-7.448408,-5.6484084,-4.928408,-3.958408,-4.1684084,-2.968408,-1.1184082,2.1915917,3.5615919,2.1515918,2.9015918
1.5615917,2.5715919,4.321592,5.131592,1.2415918,-0.2784082,-2.2484083,-2.0284083,-0.7684082,-0.6784082,-1.9284081,-3.458408,-2.5484083,-0.6884082,-0.6984082,2.011592,0.9815918,-0.9684082,-0.3084082,1.4815918,2.1215918,0.3715918,-3.6884081,-5.4184084,-5.4984083,-5.4984083,-5.6884084,-5.568408,-5.8784084,-6.198408,-6.7084084,-5.7884083,-7.7284083,-6.618408,-3.238408,-0.4384082,-0.5084082,1.1815917,-2.7584083,-1.2484082,1.2815918,-0.1684082,-1.1484082
2.0015917,1.8815918,2.2015917,0.7515918,-2.0484083,-4.0584083,-3.5884082,-2.4984083,-3.1384082,-3.7884083,-3.8384082,-3.3784082,-2.3484082,-2.0684083,-3.0784082,-3.8984082,-4.088408,-3.7484083,-4.488408,-3.6284082,-4.5384083,-4.798408,-4.838408,-5.5384083,-4.7884083,-4.218408,-4.318408,-4.928408,-5.1284084,-5.888408,-6.218408,-7.088408,-6.298408,-5.888408,-4.9784083,-5.218408,-1.5584083,-0.8284082,2.0015917,0.0815918,-1.7084082,-1.1984082,0.9815918
-0.1184082,-0.15840821,-0.4084082,-2.9984083,-1.1884083,-4.408408,-7.0184083,-6.588408,-5.5184083,-3.6884081,-3.6384082,-2.218408,-0.9884082,-3.6284082,-2.458408,-3.6784081,-2.708408,-3.3884082,-4.258408,-4.6284084,-4.9984083,-4.448408,-4.6284084,-3.1384082,-3.0984082,-2.1684082,-3.0184083,-3.3584082,-4.2084084,-3.958408,-5.118408,-4.928408,-4.9384084,-5.2084084,-6.158408,-6.4984083,-7.3284082,-6.028408,-0.8084082,-1.5784082,0.1615918,-1.4084082,-0.3784082
-0.8684082,-1.5384082,-0.5784082,-1.9284081,-1.4884082,-3.1984081,-4.4584084,-4.7684083,-5.7484083,-6.2684083,-2.5384083,-2.6184082,-2.8684082,-4.848408,0.1815918,1.7415918,-0.7184082,-1.0784082,-1.4384083,-2.8084083,-2.5084083,-2.1984081,-0.7084082,-0.6584082,-0.3184082,0.3915918,0.101591796,-0.3284082,0.2415918,-2.1384082,-2.3384082,-2.0184083,-2.488408,-4.048408,-3.9984083,-4.868408,-5.2484083,-6.028408,-5.658408,-4.9984083,-3.6684082,-1.0284082,-1.1484082
-0.1884082,-0.23840821,-1.4684082,-2.738408,-1.2484082,-1.2484082,-1.5484082,-2.0484083,-2.0984082,-6.118408,-5.888408,-2.3684082,-3.238408,-3.7884083,-4.608408,-4.6484084,0.101591796,2.8515918,0.4015918,-1.0484082,-0.2084082,1.3015918,-0.0984082,-0.8884082,1.0115918,1.3715918,2.0915918,2.5615919,1.3415918,0.6915918,1.3815918,0.4215918,1.0315918,-0.6984082,-3.1684082,-2.7984083,-2.5484083,-3.728408,-3.8884082,-2.988408,-3.238408,-2.5884082,-1.8684082
-0.1684082,-0.1984082,-1.1884083,-1.0884082,0.0015917969,-0.8484082,-1.4584082,-1.1884083,-2.3584082,-2.978408,-2.218408,-2.5484083,-1.2284082,-2.4284081,-3.5584083,-4.358408,-3.1084082,-1.7084082,3.2015917,1.9615918,0.3715918,3.031592,2.6315918,2.8115919,2.9615917,1.4415917,1.5715919,0.4915918,1.3115917,3.1715918,2.3915918,2.8415918,2.041592,1.7015918,0.5615918,0.4315918,0.30159178,-1.3184083,-1.5484082,-1.9584082,-0.4084082,-3.0684083,-0.8684082
1.0515918,0.4215918,0.1915918,-0.5784082,-0.8784082,-1.7484082,-0.8884082,-1.6484082,-2.0984082,-1.1984082,-0.8084082,-0.8184082,-1.9184082,-1.2984082,1.5615917,-1.6384082,-5.348408,-3.5984082,-2.5784082,-1.1084082,-3.0984082,-2.1484082,4.701592,1.9515918,0.0515918,2.6115918,3.9215918,0.071591794,2.3015919,1.0315918,2.031592,2.9915917,2.281592,2.8715918,2.1115918,1.4115918,1.9215918,2.531592,1.3715918,1.3815918,0.7915918,-0.3384082,-0.1384082
