wind_kz.json
{"header": {"discipline":0,"disciplineName":"Meteorological products","gribEdition":2,"gribLength":871,"center":7,"centerName":"US National Weather Service - NCEP(WMC)","subcenter":0,"refTime":"2023-09-19T00:00:00.000Z","significanceOfRT":1,"significanceOfRTName":"Start of forecast","productStatus":0,"productStatusName":"Operational products","productType":1,"productTypeName":"Forecast products","productDefinitionTemplate":0,"productDefinitionTemplateName":"Analysis/forecast at horizontal level/layer at a point in time","parameterCategory":0,"parameterCategoryName":"UnknownDiscipline_0_Category_0","parameterNumber":0,"parameterNumberName":"UnknownParameter_D0_C0_0","parameterUnit":"Unknown","genProcessType":2,"genProcessTypeName":"Forecast","forecastTime":0,"surface1Type":1,"surface1TypeName":"Ground or water surface","surface1Value":0.0,"surface2Type":255,"surface2TypeName":"Missing","surface2Value":0.0,"gridDefinitionTemplate":0,"gridDefinitionTemplateName":"Latitude_Longitude","numberPoints":615,"shape":6,"shapeName":"Earth spherical with radius of 6,371,229.0 m","gridUnits":"degrees","resolution":48,"winds":"true","scanMode":64,"nx":41,"ny":15,"basicAngle":0,"lo1":47.0,"la1":41.0,"lo2":87.0,"la2":55.0,"dx":1.0,"dy":1.0}, "data":
[rows 0 to 14 of 15, columns 0 to 40 of 41]
288.0538,280.5538,282.85382,295.2538,294.85382,294.6538,291.9538,291.7538,291.2538,292.2538,292.2538,294.35382,293.6538,295.2538,291.4538,289.7538,288.2538,290.1538,285.35382,288.85382,289.9538,286.35382,285.5538,283.85382,287.4538,288.2538,285.9538,274.5538,273.5538,274.1538,273.2538,273.4538,282.7538,288.0538,288.2538,289.5538,289.5538,288.7538,288.0538,288.1538,287.7538
268.5538,283.2538,294.85382,294.9538,294.4538,293.0538,288.6538,288.4538,288.1538,290.35382,292.4538,293.85382,292.35382,292.7538,293.5538,291.7538,290.5538,285.9538,286.0538,289.85382,291.35382,289.2538,288.2538,281.85382,272.2538,273.4538,281.6538,275.5538,274.0538,270.4538,275.4538,263.2538,275.6538,253.25381,273.6538,286.85382,284.7538,289.9538,292.35382,282.85382,283.85382
283.85382,293.85382,295.0538,294.6538,292.5538,288.5538,288.35382,288.1538,288.0538,290.1538,290.5538,292.4538,292.7538,293.1538,292.0538,288.1538,288.7538,288.0538,288.7538,289.7538,292.7538,291.1538,290.5538,286.0538,285.85382,285.0538,287.35382,285.1538,285.35382,278.4538,271.1538,272.5538,277.35382,276.0538,278.5538,278.9538,272.4538,273.35382,277.85382,274.6538,271.35382
287.2538,293.85382,295.0538,293.6538,291.4538,287.9538,288.35382,287.2538,287.1538,287.2538,289.85382,290.7538,292.85382,292.1538,289.9538,289.4538,289.2538,288.6538,286.7538,289.2538,289.0538,285.85382,289.7538,289.5538,288.85382,288.1538,287.9538,287.6538,283.9538,283.6538,286.0538,285.0538,289.0538,287.2538,286.4538,283.1538,272.1538,266.1538,275.2538,282.0538,284.6538
288.9538,292.5538,293.7538,292.85382,291.6538,289.0538,290.35382,290.2538,286.2538,286.2538,286.2538,288.9538,291.9538,290.7538,289.1538,290.1538,288.6538,291.5538,288.7538,289.35382,290.6538,289.5538,287.9538,287.5538,287.6538,287.35382,285.0538,287.1538,284.9538,285.2538,286.6538,284.6538,275.7538,268.2538,275.9538,284.1538,288.5538,288.0538,290.35382,288.0538,288.1538
288.1538,287.4538,292.1538,291.6538,292.6538,292.0538,288.85382,287.9538,286.85382,286.5538,287.2538,287.35382,291.4538,291.7538,291.35382,291.2538,291.85382,290.35382,291.35382,289.4538,288.7538,288.1538,286.9538,286.9538,286.5538,284.85382,285.5538,289.9538,286.9538,287.2538,285.6538,286.7538,285.2538,283.4538,285.35382,289.6538,279.0538,281.4538,287.35382,286.35382,285.1538
288.85382,287.9538,289.35382,291.5538,291.7538,289.0538,290.1538,287.4538,287.35382,287.85382,287.35382,287.5538,288.1538,287.1538,288.6538,290.6538,291.2538,291.85382,291.5538,289.7538,287.5538,287.35382,287.2538,287.1538,285.1538,285.0538,283.9538,285.4538,286.35382,287.35382,285.5538,285.7538,285.7538,286.5538,286.4538,286.2538,281.7538,277.7538,274.4538,271.7538,282.9538
286.6538,286.7538,289.7538,289.9538,290.4538,291.1538,290.85382,288.6538,286.35382,286.4538,286.0538,286.2538,286.2538,286.9538,287.9538,289.2538,289.9538,290.85382,290.35382,288.2538,287.35382,286.9538,286.35382,286.2538,284.35382,281.0538,281.85382,282.1538,281.5538,283.2538,282.85382,283.35382,285.0538,281.1538,283.35382,285.5538,284.2538,288.6538,282.0538,281.85382,279.85382
286.9538,286.5538,287.5538,287.7538,290.85382,289.85382,289.85382,289.9538,287.9538,286.6538,285.9538,286.1538,285.85382,286.9538,286.2538,286.9538,287.5538,289.0538,288.1538,287.85382,286.5538,285.9538,286.35382,284.85382,282.2538,282.2538,278.5538,278.2538,277.0538,276.85382,279.5538,280.35382,280.1538,285.2538,285.7538,282.4538,282.0538,281.2538,271.2538,270.1538,269.2538
286.85382,289.9538,289.6538,286.9538,288.35382,290.5538,289.7538,289.35382,287.9538,284.85382,285.1538,285.35382,286.6538,286.0538,285.35382,286.1538,287.7538,289.0538,288.35382,287.7538,286.5538,284.4538,283.9538,284.4538,285.2538,281.0538,279.9538,281.6538,283.9538,281.5538,283.7538,286.4538,285.0538,283.35382,285.1538,285.1538,281.7538,276.4538,272.5538,273.4538,272.0538
289.2538,288.2538,288.6538,288.7538,285.4538,286.0538,289.2538,288.1538,283.6538,282.6538,283.35382,281.7538,284.7538,281.35382,284.9538,286.4538,286.5538,288.1538,287.7538,285.85382,285.7538,284.7538,283.85382,282.1538,282.35382,282.5538,282.85382,281.35382,281.35382,283.4538,284.35382,283.0538,282.6538,283.9538,284.2538,281.4538,280.6538,274.7538,273.1538,275.5538,274.1538
283.5538,285.5538,288.2538,285.4538,287.85382,283.2538,283.9538,286.5538,286.85382,282.0538,279.85382,280.9538,282.35382,282.35382,285.6538,285.5538,287.2538,285.6538,287.35382,285.0538,285.7538,283.35382,281.7538,281.5538,282.9538,282.9538,281.35382,285.7538,285.7538,283.2538,284.35382,285.2538,286.35382,285.7538,283.6538,285.5538,282.0538,281.6538,281.2538,280.35382,279.35382
281.85382,282.35382,284.2538,283.9538,284.9538,283.2538,282.35382,283.0538,286.85382,285.85382,280.1538,277.9538,280.9538,280.6538,285.4538,285.5538,286.6538,286.9538,284.1538,283.35382,286.0538,285.35382,280.7538,280.5538,281.35382,282.5538,285.5538,281.85382,283.2538,282.85382,283.7538,286.6538,284.1538,285.7538,284.0538,284.4538,283.0538,282.9538,282.1538,281.0538,281.2538
281.6538,284.4538,286.7538,283.2538,282.5538,281.5538,282.0538,282.2538,282.2538,284.1538,283.35382,281.7538,283.2538,280.9538,281.9538,285.1538,286.1538,286.0538,286.9538,287.0538,283.0538,286.35382,283.35382,283.0538,283.7538,283.7538,282.9538,282.85382,282.0538,283.35382,284.0538,282.2538,281.35382,281.1538,282.0538,281.5538,282.7538,281.35382,283.2538,281.2538,279.9538
279.7538,281.4538,287.9538,282.7538,285.9538,284.2538,282.5538,281.2538,282.2538,280.85382,281.85382,282.35382,281.2538,283.85382,282.6538,284.2538,282.6538,282.4538,285.5538,285.5538,287.2538,286.85382,282.9538,282.35382,286.35382,283.9538,282.2538,281.7538,281.4538,281.7538,284.7538,283.0538,281.2538,280.4538,281.1538,281.9538,281.0538,285.1538,285.4538,280.9538,281.1538
