wind_kz.json
{"header": {"discipline":0,"disciplineName":"Meteorological products","gribEdition":2,"gribLength":871,"center":7,"centerName":"US National Weather Service - NCEP(WMC)","subcenter":0,"refTime":"2024-01-30T18:00:00.000Z","significanceOfRT":1,"significanceOfRTName":"Start of forecast","productStatus":0,"productStatusName":"Operational products","productType":1,"productTypeName":"Forecast products","productDefinitionTemplate":0,"productDefinitionTemplateName":"Analysis/forecast at horizontal level/layer at a point in time","parameterCategory":0,"parameterCategoryName":"UnknownDiscipline_0_Category_0","parameterNumber":0,"parameterNumberName":"UnknownParameter_D0_C0_0","parameterUnit":"Unknown","genProcessType":2,"genProcessTypeName":"Forecast","forecastTime":180,"surface1Type":1,"surface1TypeName":"Ground or water surface","surface1Value":0.0,"surface2Type":255,"surface2TypeName":"Missing","surface2Value":0.0,"gridDefinitionTemplate":0,"gridDefinitionTemplateName":"Latitude_Longitude","numberPoints":615,"shape":6,"shapeName":"Earth spherical with radius of 6,371,229.0 m","gridUnits":"degrees","resolution":48,"winds":"true","scanMode":64,"nx":41,"ny":15,"basicAngle":0,"lo1":47.0,"la1":41.0,"lo2":87.0,"la2":55.0,"dx":1.0,"dy":1.0}, "data":
[rows 0 to 14 of 15, columns 0 to 40 of 41]
283.95538,276.5554,280.6554,280.3554,280.6554,282.2554,284.95538,286.95538,283.6554,285.0554,284.8554,284.95538,285.3554,285.5554,285.6554,285.95538,284.1554,285.6554,286.45538,286.2554,286.0554,286.45538,287.8554,282.0554,284.7554,285.8554,274.3554,267.5554,265.45538,263.45538,264.95538,260.0554,269.6554,281.2554,281.0554,279.1554,281.95538,280.1554,278.2554,278.0554,280.1554
263.7554,282.5554,280.0554,279.8554,280.45538,281.0554,284.7554,283.1554,283.0554,284.7554,285.1554,284.5554,285.1554,285.95538,284.3554,283.6554,285.5554,284.3554,285.95538,285.0554,285.1554,284.6554,284.0554,273.5554,265.8554,266.7554,268.6554,265.95538,264.7554,261.5554,270.3554,261.7554,266.3554,251.2554,260.2554,270.45538,275.45538,277.95538,277.45538,272.5554,273.1554
281.45538,278.5554,280.2554,280.2554,280.45538,282.3554,282.8554,282.5554,280.95538,281.6554,281.95538,282.5554,283.45538,284.0554,278.8554,275.3554,278.7554,277.45538,279.2554,279.8554,282.3554,285.3554,284.95538,273.1554,280.1554,274.7554,274.45538,274.2554,279.3554,272.2554,268.2554,270.45538,268.6554,267.1554,265.0554,270.1554,268.3554,260.2554,262.5554,267.0554,264.3554
280.95538,275.95538,277.8554,279.2554,279.8554,279.6554,280.2554,279.8554,282.0554,280.7554,280.2554,280.95538,281.3554,281.95538,280.6554,276.1554,277.5554,275.3554,273.7554,276.8554,279.6554,273.2554,279.95538,275.7554,274.1554,274.1554,274.0554,273.2554,273.5554,275.0554,272.6554,273.0554,275.3554,273.5554,271.45538,271.5554,267.3554,262.1554,272.8554,268.1554,267.95538
278.5554,272.8554,272.7554,272.8554,276.1554,279.8554,279.2554,281.1554,278.6554,277.7554,277.5554,278.7554,279.1554,279.2554,278.3554,275.95538,277.0554,277.8554,277.5554,273.3554,273.3554,277.1554,273.45538,273.8554,273.6554,273.3554,273.1554,273.2554,278.8554,278.8554,274.1554,277.0554,270.7554,263.3554,271.6554,265.7554,266.5554,267.8554,269.8554,267.7554,266.45538
279.3554,280.2554,273.0554,272.8554,272.8554,272.95538,279.3554,279.0554,279.2554,276.6554,274.2554,275.5554,278.8554,279.2554,275.3554,276.1554,273.5554,274.45538,273.2554,273.6554,273.1554,273.2554,273.45538,273.2554,273.2554,273.1554,274.1554,271.7554,273.1554,272.7554,273.0554,272.45538,271.0554,271.0554,273.1554,269.2554,273.1554,270.2554,267.3554,263.2554,264.8554
278.2554,278.5554,279.6554,280.7554,275.2554,276.5554,277.1554,275.7554,274.8554,273.8554,273.3554,273.1554,273.1554,273.45538,273.6554,273.45538,273.2554,273.2554,273.1554,273.1554,273.1554,272.8554,272.95538,273.1554,272.45538,270.7554,266.6554,268.0554,268.3554,268.2554,266.6554,266.8554,267.45538,267.8554,267.6554,269.6554,269.8554,272.2554,268.5554,267.7554,268.0554
276.3554,276.7554,276.45538,277.3554,276.3554,276.2554,276.45538,273.6554,273.3554,273.1554,272.5554,271.8554,271.6554,270.95538,271.8554,272.1554,271.95538,270.95538,270.5554,269.45538,269.2554,273.1554,273.1554,273.1554,271.95538,269.7554,267.2554,264.6554,264.8554,265.2554,265.2554,265.6554,264.0554,265.6554,268.3554,262.5554,260.8554,261.45538,265.6554,266.5554,268.6554
274.1554,274.1554,274.1554,274.45538,273.7554,274.45538,275.1554,273.1554,273.1554,273.1554,272.3554,270.5554,269.8554,270.5554,269.8554,270.45538,270.1554,269.7554,268.95538,269.0554,270.5554,268.0554,272.3554,272.7554,272.1554,271.5554,269.45538,267.6554,266.95538,265.6554,263.3554,263.2554,271.7554,272.3554,265.45538,262.7554,264.2554,264.2554,264.2554,264.5554,265.1554
272.7554,272.7554,272.6554,273.1554,273.1554,273.1554,273.1554,273.1554,273.1554,273.1554,270.8554,269.2554,269.6554,268.45538,268.6554,268.0554,267.45538,267.95538,268.1554,268.0554,270.1554,268.7554,269.6554,273.1554,272.5554,271.45538,271.5554,270.3554,270.45538,268.8554,269.7554,272.7554,274.2554,271.3554,266.5554,266.8554,269.3554,270.0554,270.45538,269.8554,262.1554
272.6554,272.8554,271.95538,272.7554,272.8554,273.1554,273.1554,273.1554,273.1554,271.1554,269.45538,268.95538,268.5554,267.1554,266.7554,266.1554,265.8554,266.1554,266.8554,267.1554,267.8554,270.0554,268.3554,270.2554,272.7554,272.0554,270.7554,271.5554,272.1554,272.3554,271.45538,271.8554,271.45538,270.6554,267.5554,267.7554,270.5554,271.2554,266.45538,267.3554,268.45538
270.0554,272.8554,272.5554,271.8554,271.7554,273.1554,273.1554,271.3554,270.0554,269.45538,267.95538,266.8554,266.8554,266.45538,266.1554,266.3554,265.6554,265.6554,265.6554,266.1554,266.45538,266.7554,267.5554,268.5554,271.7554,271.7554,272.3554,272.2554,271.8554,271.2554,269.6554,268.1554,272.2554,268.2554,269.5554,268.8554,269.6554,269.7554,273.1554,271.45538,272.0554
266.6554,267.7554,270.95538,272.8554,271.3554,269.95538,268.95538,268.45538,267.8554,268.5554,267.1554,265.2554,266.1554,266.0554,266.0554,265.6554,265.95538,266.2554,266.3554,266.1554,266.2554,266.8554,268.3554,269.1554,270.45538,271.8554,272.6554,271.2554,270.5554,268.95538,268.3554,267.45538,267.45538,267.8554,267.7554,267.7554,266.45538,270.3554,267.3554,264.95538,271.6554
266.0554,265.8554,266.45538,266.1554,266.3554,266.7554,266.6554,266.2554,266.8554,267.2554,265.95538,264.7554,263.95538,264.3554,265.0554,265.3554,266.0554,266.7554,267.1554,266.8554,267.1554,267.8554,268.8554,270.0554,272.45538,272.95538,271.95538,271.0554,268.7554,268.5554,267.45538,265.7554,266.1554,265.6554,266.0554,266.95538,268.2554,266.8554,266.0554,270.95538,265.3554
264.95538,265.1554,264.7554,264.7554,264.6554,264.2554,264.6554,264.95538,265.3554,265.6554,267.0554,266.45538,265.8554,264.95538,265.8554,265.95538,266.2554,267.1554,268.0554,267.8554,266.95538,267.7554,268.95538,270.5554,273.0554,271.95538,271.0554,270.2554,268.1554,267.8554,266.0554,265.0554,264.7554,265.0554,265.8554,265.45538,266.7554,268.0554,265.95538,265.0554,266.6554
