wind_kz.json
{"header": {"discipline":0,"disciplineName":"Meteorological products","gribEdition":2,"gribLength":1025,"center":7,"centerName":"US National Weather Service - NCEP(WMC)","subcenter":0,"refTime":"2025-04-05T06:00:00.000Z","significanceOfRT":1,"significanceOfRTName":"Start of forecast","productStatus":0,"productStatusName":"Operational products","productType":1,"productTypeName":"Forecast products","productDefinitionTemplate":0,"productDefinitionTemplateName":"Analysis/forecast at horizontal level/layer at a point in time","parameterCategory":2,"parameterCategoryName":"UnknownDiscipline_0_Category_2","parameterNumber":2,"parameterNumberName":"UnknownParameter_D0_C2_2","parameterUnit":"Unknown","genProcessType":2,"genProcessTypeName":"Forecast","forecastTime":180,"surface1Type":103,"surface1TypeName":"Specified height level above ground","surface1Value":10.0,"surface2Type":255,"surface2TypeName":"Missing","surface2Value":0.0,"gridDefinitionTemplate":0,"gridDefinitionTemplateName":"Latitude_Longitude","numberPoints":615,"shape":6,"shapeName":"Earth spherical with radius of 6,371,229.0 m","gridUnits":"degrees","resolution":48,"winds":"true","scanMode":64,"nx":41,"ny":15,"basicAngle":0,"lo1":47.0,"la1":41.0,"lo2":87.0,"la2":55.0,"dx":1.0,"dy":1.0}, "data":
[rows 0 to 14 of 15, columns 0 to 40 of 41]
-2.4188592,-0.7488592,2.0411408,10.16114,10.68114,6.2711406,5.9611406,6.2311406,-4.488859,-5.358859,-5.1388593,-4.6688595,-5.4188595,-3.7188592,-2.3288593,-1.2688593,-1.5788592,0.78114074,-4.698859,-4.448859,-4.5388594,-3.7888594,-3.5688593,-1.9088593,1.0411408,-2.1988592,-3.2688591,-2.0688593,0.7411407,0.30114076,-1.6888592,0.48114073,2.1611407,1.1211407,0.70114076,1.1111407,1.2811408,1.6011407,0.95114076,1.6611408,2.1311407
1.9411408,-0.09885925,4.661141,3.4311407,-1.2488593,-0.19885926,5.1711407,3.3911407,-5.378859,-4.2688594,-6.738859,-6.4788594,-3.7988594,-1.8488593,-1.4688592,-1.0688592,-0.108859256,-3.3088593,-2.3588593,-3.6388593,-5.318859,-3.0288591,-1.9688592,-3.3488593,-0.91885924,0.8011407,-0.86885923,-0.06885925,-2.4788592,-1.5088593,-0.12885925,-0.37885925,-0.8088592,-2.8588593,-0.35885924,0.91114074,0.39114076,-0.91885924,-0.22885925,1.5411408,-0.49885926
2.7111406,1.7211407,3.7411408,1.8811407,1.6511407,1.6011407,2.7511408,-5.258859,-5.6688595,-6.398859,-5.7088594,-5.2688594,-2.3788593,-0.37885925,-0.5688593,-2.9688592,-2.3588593,-0.33885926,-1.2088592,-5.028859,-4.468859,-3.5388594,-4.3288593,-3.3188593,1.1911408,-1.0888592,-1.3488593,-1.5388592,-3.3588593,-0.46885926,-2.1588593,2.0311408,0.24114075,-1.2088592,0.36114076,-2.3988593,-0.70885926,0.15114075,-0.79885924,-0.60885924,1.0011407
0.44114074,1.6311407,1.0611408,1.9611408,-0.9488593,0.58114076,-3.0488594,-5.508859,-6.9788594,-6.5588593,-4.5788593,-3.0388594,-2.1388593,-1.1488593,-1.6888592,-2.7688591,-2.4288592,0.40114075,-4.378859,-3.8388593,-1.7988592,-1.3288592,-2.7888594,-3.9288592,-3.6888592,-3.5188591,-3.1688592,-2.2888594,-0.67885923,-2.1988592,-1.1788592,-4.928859,-1.8388592,-3.2988594,-2.1488593,-2.7688591,-2.1188593,0.96114075,1.1311407,-0.8888593,-1.7888592
-1.5988593,-0.98885924,-2.2188592,-0.6388593,-4.6188593,-6.1588593,-5.7288594,-4.8088593,-5.0988593,-5.1688595,-3.2688591,-3.3988593,-3.2688591,-3.4888592,-3.4888592,-2.5288591,-2.7688591,-1.2988592,-1.4088593,-2.5688593,-3.3588593,-4.3288593,-4.1688595,-4.4588594,-5.108859,-4.3288593,-4.2488594,-0.018859252,-6.7888594,-5.1688595,-4.818859,-4.0188594,-2.8988593,-0.26885927,0.9411408,0.29114074,-1.1988592,-2.5288591,-3.3588593,-3.3088593,-3.2288592
-0.65885925,-1.8088592,-3.4788592,-2.2788591,-7.2488594,-7.028859,-4.928859,-4.5388594,-4.3288593,-3.1188593,-3.0388594,-3.5788593,-3.7088592,-4.758859,-2.8188593,-3.1988592,-1.7688593,-2.3788593,0.17114075,-0.21885926,-3.6788592,-3.7688591,-5.128859,-4.8688593,-4.698859,-5.858859,-4.198859,-4.798859,-5.008859,-3.8288593,-4.0388594,-3.7488592,-0.73885924,0.37114075,0.24114075,-6.008859,-0.37885925,-3.7088592,0.7511408,-0.77885926,-2.5788593
2.3211408,-1.3888593,-1.6188593,-1.8788593,-2.6588593,-3.2888594,-4.8088593,-4.128859,-3.6788592,-3.3188593,-4.338859,-4.6688595,-3.6388593,-4.7688594,-4.9188595,-6.928859,-4.0388594,-3.6488593,-0.86885923,-3.8288593,-3.3588593,-4.6688595,-4.3688593,-4.198859,-4.4188595,-5.1388593,-3.2888594,-3.3788593,-1.8788593,-3.2288592,-3.3388593,-3.0388594,-3.6588593,-5.2088594,-3.3288593,-3.8488593,-0.8088592,2.4411407,-3.2888594,2.1711407,0.8711407
3.1711407,-1.9588592,-0.43885925,-0.24885926,0.6111407,-3.3888593,-3.2488592,-3.8288593,-3.0688593,-3.8088593,-3.8388593,-4.378859,-5.218859,-7.628859,-6.3888593,-5.738859,-5.1688595,-5.4988594,-4.5188594,-7.128859,-7.6388593,-6.8088593,-3.2188592,-4.178859,-3.0488594,-2.0088592,-1.1588593,-2.4088593,-1.5988593,-1.7288593,-1.9188592,-2.4988592,-1.8888593,-0.83885926,-2.7588592,-1.0488592,-2.3288593,-3.9888592,-7.758859,-6.088859,-2.6088593
3.3011408,-1.9688592,0.39114076,-0.26885927,-3.8488593,-3.7688591,-3.7388592,-3.5088592,-4.4188595,-3.7688591,-4.398859,-6.398859,-7.4088593,-7.2288594,-7.008859,-6.2488594,-6.2488594,-5.8488593,-6.1188593,-6.358859,-9.118859,-7.238859,-5.778859,-4.878859,-2.5788593,-3.0288591,-2.1288593,-2.6088593,-1.3488593,-1.2188592,-0.39885926,0.7411407,1.9411408,-1.1188593,-1.2088592,-1.5688592,0.17114075,-2.1688592,-1.7388593,-0.018859252,-2.9888592
2.4411407,-0.05885925,-2.0688593,-2.9488592,-3.3088593,-3.5488594,-3.8088593,-4.0388594,-4.448859,-4.5788593,-5.568859,-7.468859,-6.818859,-6.5588593,-7.258859,-6.468859,-6.8088593,-6.278859,-6.378859,-6.3488593,-7.048859,-6.6688595,-5.6888595,-6.488859,-7.428859,-7.2288594,-6.6688595,-5.7288594,-4.298859,-3.4988592,0.53114074,2.1111407,2.0211408,-0.41885924,-0.8088592,-1.3988593,-2.3788593,-0.14885925,-1.2888592,0.47114074,-1.6888592
3.7711408,-2.5188591,-4.928859,-4.4088593,-3.7688591,-4.0588593,-4.3088593,-4.6188593,-5.6588593,-6.3488593,-5.858859,-6.428859,-5.428859,-6.758859,-6.798859,-6.2888594,-6.468859,-5.9588594,-6.1888595,-6.988859,-6.4788594,-5.6588593,-6.0788593,-6.398859,-5.818859,-5.8888593,-5.148859,-3.2688591,-2.3588593,-0.22885925,-0.5088593,0.88114077,0.9911407,0.88114077,-0.13885926,-1.7288593,-1.6888592,1.0111407,-0.91885924,1.3411407,-1.5688592
4.801141,-4.7288594,-5.2688594,-4.7688594,-4.278859,-4.5988593,-4.6888595,-5.1588593,-4.898859,-5.4088593,-6.2688594,-5.4088593,-4.9588594,-5.6188593,-4.8488593,-4.838859,-4.968859,-4.4188595,-5.378859,-4.718859,-4.468859,-4.528859,-5.048859,-4.6688595,-4.4088593,-3.6888592,-3.2288592,-2.4388592,-1.1788592,-0.89885926,-0.53885925,0.42114076,0.11114075,0.96114075,2.0511408,3.3711407,0.73114073,0.041140746,-0.16885926,-0.15885925,0.021140747
-4.358859,-5.568859,-4.9788594,-4.148859,-4.218859,-3.7388592,-3.9788592,-3.8888593,-4.798859,-2.6388593,-1.6288593,-3.6088593,-3.4288592,-3.7388592,-3.3488593,-3.4988592,-3.4488592,-3.4088593,-3.1688592,-2.8388593,-2.9588592,-3.4288592,-2.6888592,-2.8088593,-1.5088593,-1.4688592,-1.2188592,-1.6388593,-1.3388592,-0.7488592,0.031140747,0.31114075,1.8711407,2.0511408,1.9611408,2.8111408,3.6011407,1.2711407,1.0011407,0.5511407,-0.27885926
-5.318859,-5.298859,-4.2488594,-4.0188594,-4.128859,-3.2888594,-2.9188592,-3.2088592,-1.9288592,-3.1088593,-1.8488593,-2.3188593,-1.0688592,-1.2988592,-1.8188592,-2.1588593,-2.5488594,-2.6488593,-2.8788593,-2.4688592,-2.6988592,-2.6488593,-2.3288593,-0.39885926,-0.15885925,-0.46885926,-1.4088593,-0.77885926,-0.49885926,0.28114074,0.97114074,1.5511408,1.9711407,2.5811408,3.2611408,3.4311407,2.6511407,3.1511407,1.8011408,1.4111408,0.73114073
-3.7188592,-4.1588593,-3.8688593,-3.2188592,-3.0088592,-2.1888592,-1.9788593,-2.5688593,-1.9488592,-1.9488592,-2.1288593,-1.3988593,-1.3388592,-0.70885926,-2.4988592,-2.1188593,-0.078859255,-0.83885926,-1.1988592,-0.29885924,0.15114075,0.17114075,0.061140746,-0.33885926,-1.0788592,-0.26885927,0.011140747,0.12114075,0.57114077,0.90114075,1.8111408,2.2511408,3.1511407,3.2711408,4.221141,4.951141,5.451141,5.351141,5.1311407,3.5311408,0.85114074
