wind_kz.json
{"header": {"discipline":0,"disciplineName":"Meteorological products","gribEdition":2,"gribLength":1102,"center":7,"centerName":"US National Weather Service - NCEP(WMC)","subcenter":0,"refTime":"2024-02-01T00:00:00.000Z","significanceOfRT":1,"significanceOfRTName":"Start of forecast","productStatus":0,"productStatusName":"Operational products","productType":1,"productTypeName":"Forecast products","productDefinitionTemplate":0,"productDefinitionTemplateName":"Analysis/forecast at horizontal level/layer at a point in time","parameterCategory":2,"parameterCategoryName":"UnknownDiscipline_0_Category_2","parameterNumber":2,"parameterNumberName":"UnknownParameter_D0_C2_2","parameterUnit":"Unknown","genProcessType":2,"genProcessTypeName":"Forecast","forecastTime":300,"surface1Type":103,"surface1TypeName":"Specified height level above ground","surface1Value":10.0,"surface2Type":255,"surface2TypeName":"Missing","surface2Value":0.0,"gridDefinitionTemplate":0,"gridDefinitionTemplateName":"Latitude_Longitude","numberPoints":615,"shape":6,"shapeName":"Earth spherical with radius of 6,371,229.0 m","gridUnits":"degrees","resolution":48,"winds":"true","scanMode":64,"nx":41,"ny":15,"basicAngle":0,"lo1":47.0,"la1":41.0,"lo2":87.0,"la2":55.0,"dx":1.0,"dy":1.0}, "data":
[rows 0 to 14 of 15, columns 0 to 40 of 41]
0.60702395,1.6770239,1.6770239,-7.112976,-7.332976,-8.412976,-9.732976,-10.872976,-11.442976,-7.862976,-7.482976,-6.3729763,-5.812976,-5.062976,-4.342976,-3.422976,-3.402976,-5.222976,-4.352976,-3.2429762,-2.422976,-0.16297607,0.16702393,1.3870239,-1.2429761,0.32702392,-0.82297605,-1.4529761,-1.6929761,1.0670239,1.1570239,2.867024,0.7270239,0.47702393,0.6370239,0.5970239,0.62702394,-1.3529761,-0.12297607,-0.87297606,-0.56297606
3.177024,-0.31297606,-15.982976,-12.012976,-9.802976,-8.062976,-10.022976,-10.6729765,-9.852976,-8.142976,-7.332976,-6.562976,-5.992976,-4.982976,-4.792976,-4.602976,-3.952976,-4.402976,-3.452976,-3.7429762,-2.932976,-1.672976,-1.5729761,-0.8029761,-0.7829761,-0.81297606,-1.2229761,-0.27297607,-1.8129761,0.6370239,0.8970239,0.6470239,2.837024,-1.8029761,1.1870239,0.5270239,-0.20297608,2.2570238,0.75702393,-0.57297605,-2.2929761
-6.322976,-12.732976,-14.912976,-12.722976,-11.762976,-10.962976,-10.472976,-8.752976,-9.742976,-8.232976,-7.532976,-7.1229763,-5.8929763,-5.722976,-4.652976,-4.582976,-5.092976,-3.0029762,-1.512976,-1.3029761,-1.4929761,-5.552976,-6.152976,-4.042976,-2.862976,-3.322976,-1.8029761,1.1670239,2.527024,0.34702393,-0.45297608,-0.042976074,0.61702394,0.73702395,-0.8629761,-1.132976,0.80702394,-0.5929761,4.057024,4.287024,2.647024
-12.222976,-15.082976,-14.082976,-10.912976,-10.9229765,-10.592976,-7.832976,-8.962976,-8.382977,-8.032976,-8.192976,-7.772976,-7.942976,-7.4129763,-5.482976,-4.982976,-5.212976,-5.022976,-5.6229763,-3.892976,-6.1829762,-3.362976,-4.262976,-5.342976,-5.1229763,-5.092976,-3.362976,-6.672976,-3.7529762,-1.7229761,1.477024,-0.5829761,1.8870239,-2.702976,-1.7429761,-2.0329762,-1.7129761,2.9970238,-0.042976074,-0.24297607,-1.2429761
-12.782976,-12.262976,-7.962976,-10.022976,-9.932976,-9.432976,-8.452976,-8.112976,-7.612976,-7.002976,-7.402976,-8.032976,-7.472976,-7.502976,-7.842976,-5.3729763,-6.132976,-5.842976,-6.232976,-6.402976,-8.4229765,-7.132976,-5.132976,-5.272976,-5.652976,-5.822976,-5.452976,-3.2729762,-3.5129762,-2.7629762,-2.122976,0.5770239,-1.9829761,2.4670238,-0.37297606,1.4070239,-1.4729761,-1.3229761,-1.5729761,-1.662976,-1.132976
-11.732976,-10.212976,-10.162976,-10.032976,-8.562976,-6.832976,-9.282976,-7.482976,-6.602976,-6.402976,-6.092976,-6.062976,-6.352976,-7.472976,-4.752976,-5.272976,-5.8929763,-6.232976,-6.562976,-5.982976,-6.242976,-6.1629763,-4.782976,-4.522976,-4.382976,-4.1429763,-3.5629761,-2.692976,-2.5529761,-1.6229761,-0.7829761,-1.882976,-1.1229761,-1.2229761,0.74702394,0.46702394,2.377024,2.427024,-1.3429761,-1.8129761,-3.2429762
-10.152976,-9.912976,-11.072976,-10.652976,-8.282976,-7.452976,-8.202976,-6.542976,-6.462976,-5.512976,-5.3729763,-5.252976,-4.992976,-5.6229763,-4.542976,-4.902976,-4.742976,-4.632976,-3.182976,-4.1629763,-4.012976,-3.142976,-3.072976,-2.5029762,-2.0329762,-0.88297606,-0.32297608,-0.002976074,-0.23297608,-1.3329761,-1.1229761,-0.69297606,-0.21297607,-0.032976076,-0.35297608,-0.93297607,-0.6629761,-0.4129761,2.2470238,-0.032976076,1.0370239
-10.492976,-9.842976,-8.952976,-8.352976,-7.852976,-6.692976,-5.9329762,-5.292976,-5.472976,-4.632976,-3.642976,-4.302976,-2.7729762,-3.2729762,-1.912976,-2.5029762,-2.092976,-2.082976,-1.7329761,-2.7529762,-1.4629761,-1.5529761,-1.5929761,-1.912976,-1.2429761,-0.43297607,0.7070239,0.9770239,1.3070239,-0.19297607,0.32702392,1.6970239,0.61702394,1.7570239,0.9470239,-0.88297606,-0.9129761,1.5170239,3.1870239,0.9470239,-1.012976
-8.582976,-8.482976,-7.762976,-7.012976,-6.362976,-5.862976,-5.262976,-4.262976,-3.922976,-3.2429762,-2.7529762,-2.722976,-1.6029761,-1.3529761,-1.4829761,-1.0629761,-0.9729761,-0.8629761,-1.422976,-1.2329761,-0.7929761,0.5970239,1.3770239,1.1870239,1.3770239,1.4170239,1.457024,0.9670239,1.837024,1.1870239,1.0070239,1.957024,1.9270239,1.6670239,0.9670239,0.14702393,0.057023928,-0.6729761,0.6370239,0.38702393,-0.70297605
-7.6229763,-7.152976,-5.982976,-5.742976,-5.422976,-4.522976,-3.942976,-3.822976,-3.662976,-2.672976,-3.0029762,-3.462976,-1.7329761,-0.7329761,-0.032976076,1.1870239,1.207024,1.237024,1.327024,0.9670239,2.597024,3.127024,3.4570239,3.067024,3.617024,4.117024,4.417024,4.957024,4.707024,5.237024,3.147024,3.017024,1.2670239,1.5670239,-0.12297607,0.07702392,-0.26297608,0.047023926,0.047023926,1.2570239,1.1670239
-5.812976,-5.852976,-5.522976,-4.942976,-3.942976,-3.432976,-2.972976,-2.702976,-2.7529762,-1.5729761,-1.382976,-1.2029761,-0.032976076,0.34702393,0.87702394,2.087024,2.0070238,2.4970238,1.5270239,3.307024,4.037024,4.0870237,4.397024,5.197024,4.8570237,4.787024,5.997024,5.457024,5.777024,4.347024,2.527024,0.40702394,0.9670239,1.0670239,0.7070239,-0.95297605,0.047023926,1.237024,-0.29297608,0.13702393,0.41702393
-5.512976,-4.172976,-4.132976,-3.8029761,-3.652976,-2.462976,-1.5529761,-1.3029761,-0.45297608,-0.30297607,-0.94297606,0.21702392,0.7670239,1.9370239,2.027024,2.2070239,2.017024,2.7170238,2.077024,3.307024,3.837024,4.577024,5.017024,5.007024,5.327024,4.997024,4.647024,4.037024,2.817024,0.8370239,-1.262976,-0.75297606,0.7070239,-0.62297606,-0.08297607,0.34702393,0.9170239,0.6370239,-0.6529761,0.017023927,-0.012976075
-2.7429762,-2.5029762,-2.7729762,-2.382976,-1.8529761,-1.4729761,-1.4429761,-0.7929761,-0.69297606,0.3070239,-0.39297608,0.6670239,0.75702393,1.977024,1.9470239,2.067024,1.857024,2.637024,3.0070238,3.797024,3.657024,4.437024,4.617024,4.617024,4.847024,4.667024,1.107024,-0.15297608,-1.3729761,-0.9229761,-1.422976,-1.262976,-1.3429761,-1.4829761,-0.29297608,0.5170239,0.28702393,0.26702392,-0.51297605,-0.6529761,0.44702393
-2.122976,-1.6029761,-1.392976,-2.202976,-1.3029761,-0.95297605,-0.06297608,-0.14297608,-0.08297607,0.067023925,0.22702393,0.9070239,1.5370239,2.1870239,2.4370239,2.857024,3.137024,3.397024,2.917024,3.4670238,3.9670238,4.397024,4.6270237,3.787024,2.7270238,0.22702393,-0.99297607,-1.3429761,-1.3329761,-1.402976,-1.132976,-1.132976,-0.69297606,-0.06297608,0.11702392,0.81702393,-0.49297607,-0.24297607,-0.57297605,0.85702395,1.1670239
-1.2429761,-1.922976,-0.6129761,-0.75297606,0.25702393,0.41702393,0.45702392,0.6670239,-0.072976075,-0.12297607,0.44702393,0.85702395,1.3770239,1.987024,2.177024,2.1870239,3.297024,4.1270237,2.7470238,4.117024,4.917024,4.367024,3.927024,3.377024,0.6470239,0.18702392,-0.8629761,-1.032976,-1.1029761,-1.0029761,-1.0029761,-0.8429761,-0.68297607,-0.93297607,0.34702393,-0.17297608,-0.25297606,1.5170239,-0.32297608,0.34702393,-0.40297607
