wind_kz.json
{"header": {"discipline":0,"disciplineName":"Meteorological products","gribEdition":2,"gribLength":871,"center":7,"centerName":"US National Weather Service - NCEP(WMC)","subcenter":0,"refTime":"2023-10-04T18:00:00.000Z","significanceOfRT":1,"significanceOfRTName":"Start of forecast","productStatus":0,"productStatusName":"Operational products","productType":1,"productTypeName":"Forecast products","productDefinitionTemplate":0,"productDefinitionTemplateName":"Analysis/forecast at horizontal level/layer at a point in time","parameterCategory":0,"parameterCategoryName":"UnknownDiscipline_0_Category_0","parameterNumber":0,"parameterNumberName":"UnknownParameter_D0_C0_0","parameterUnit":"Unknown","genProcessType":2,"genProcessTypeName":"Forecast","forecastTime":300,"surface1Type":1,"surface1TypeName":"Ground or water surface","surface1Value":0.0,"surface2Type":255,"surface2TypeName":"Missing","surface2Value":0.0,"gridDefinitionTemplate":0,"gridDefinitionTemplateName":"Latitude_Longitude","numberPoints":615,"shape":6,"shapeName":"Earth spherical with radius of 6,371,229.0 m","gridUnits":"degrees","resolution":48,"winds":"true","scanMode":64,"nx":41,"ny":15,"basicAngle":0,"lo1":47.0,"la1":41.0,"lo2":87.0,"la2":55.0,"dx":1.0,"dy":1.0}, "data":
[rows 0 to 14 of 15, columns 0 to 40 of 41]
298.00775,292.70773,299.00775,292.40775,292.40775,291.20773,297.20773,301.50775,297.60773,298.50775,299.30774,299.20773,299.80774,299.70773,299.80774,301.80774,302.50775,300.90775,303.90775,302.90775,307.00775,304.90775,302.60773,301.20773,304.80774,307.90775,302.50775,292.90775,291.30774,285.80774,286.20773,276.60773,296.20773,304.10773,304.40775,303.10773,309.20773,308.30774,305.10773,305.30774,307.30774
279.30774,295.50775,292.20773,292.00775,292.20773,290.40775,298.80774,297.40775,296.30774,296.50775,298.80774,299.00775,300.80774,301.10773,301.50775,301.70773,304.00775,304.00775,304.10773,305.10773,304.00775,303.20773,307.20773,296.90775,287.70773,290.50775,298.30774,293.40775,297.20773,287.00775,289.10773,280.50775,288.80774,263.20773,271.40775,298.60773,302.10773,302.40775,302.00775,297.60773,284.10773
297.60773,291.70773,291.60773,291.30774,289.80774,297.20773,295.80774,296.00775,295.50775,294.60773,296.00775,297.30774,301.10773,301.70773,299.20773,302.90775,302.70773,302.60773,303.50775,305.10773,306.40775,302.40775,303.20773,294.30774,300.20773,298.20773,298.40775,299.30774,299.60773,292.90775,284.70773,288.00775,293.80774,292.20773,293.20773,290.20773,285.80774,287.10773,285.90775,282.80774,283.60773
297.70773,290.30774,291.20773,290.40775,291.50775,296.10773,293.00775,295.30774,296.00775,296.20773,297.30774,297.60773,288.60773,288.10773,300.90775,303.00775,299.30774,303.60773,303.70773,303.90775,302.10773,299.70773,300.70773,300.40775,299.90775,299.50775,301.00775,299.10773,296.00775,298.40775,300.20773,296.70773,298.10773,300.90775,300.50775,296.90775,285.50775,270.80774,288.20773,293.60773,297.00775
297.00775,289.60773,289.90775,289.10773,291.80774,294.90775,294.10773,297.40775,296.60773,296.80774,298.20773,298.30774,287.40775,286.30774,285.10773,300.50775,301.20773,300.40775,301.60773,299.80774,300.80774,301.60773,302.50775,301.60773,301.80774,301.20773,300.10773,296.10773,301.10773,299.90775,298.50775,297.50775,289.20773,275.30774,290.40775,298.10773,294.30774,304.00775,302.50775,299.20773,295.70773
295.70773,295.90775,287.60773,287.90775,288.20773,287.70773,296.50775,295.60773,297.20773,297.80774,297.80774,298.70773,289.00775,287.00775,294.30774,300.80774,298.70773,301.10773,299.60773,300.70773,300.30774,299.00775,300.50775,298.90775,299.40775,297.20773,300.30774,285.40775,297.80774,297.60773,297.60773,297.10773,298.20773,298.70773,296.20773,295.40775,288.70773,281.80774,294.60773,298.40775,294.40775
295.10773,295.00775,294.20773,295.00775,292.40775,295.70773,295.80774,295.10773,296.10773,296.20773,299.10773,297.40775,297.70773,298.40775,298.60773,297.80774,300.00775,299.70773,301.20773,300.60773,298.40775,298.30774,296.90775,297.60773,296.10773,296.00775,296.40775,297.30774,298.50775,298.70773,298.00775,297.90775,296.30774,296.30774,295.80774,294.00775,289.90775,287.50775,273.40775,276.90775,289.70773
293.90775,294.80774,293.90775,293.90775,293.70773,294.30774,296.00775,296.30774,296.50775,296.30774,297.20773,296.60773,297.50775,297.00775,298.60773,298.10773,297.80774,299.00775,300.10773,299.10773,298.20773,299.60773,299.00775,297.80774,295.50775,293.50775,293.60773,295.00775,294.60773,296.10773,294.30774,294.80774,293.30774,293.50775,292.80774,295.60773,292.20773,283.70773,289.50775,289.00775,287.00775
292.20773,292.30774,293.20773,294.50775,293.50775,295.20773,295.70773,296.00775,295.60773,296.60773,296.50775,297.20773,296.90775,297.60773,297.20773,299.00775,298.20773,299.20773,297.70773,298.30774,297.40775,297.30774,298.50775,297.50775,294.90775,294.40775,292.60773,291.80774,291.20773,289.90775,290.30774,289.20773,290.70773,289.70773,290.60773,287.80774,290.40775,286.00775,270.00775,271.20773,270.90775
292.10773,291.20773,292.20773,292.70773,293.30774,294.40775,294.50775,294.60773,295.10773,296.30774,296.00775,295.80774,296.80774,296.60773,297.10773,296.70773,297.90775,298.60773,297.90775,297.60773,295.90775,295.80774,296.10773,295.10773,294.00775,292.40775,291.70773,291.20773,289.10773,288.70773,288.90775,288.70773,289.60773,289.00775,288.60773,288.90775,284.60773,273.40775,273.10773,275.00775,272.90775
290.60773,290.80774,290.60773,290.60773,291.80774,292.30774,293.00775,293.90775,293.70773,294.20773,293.30774,294.30774,295.30774,293.70773,295.10773,295.50775,295.30774,296.30774,295.90775,294.70773,295.10773,294.40775,293.70773,293.90775,292.70773,291.70773,289.50775,291.30774,291.30774,291.70773,291.20773,291.30774,289.50775,287.40775,286.60773,284.70773,277.20773,274.60773,276.00775,274.90775,273.40775
290.30774,290.90775,291.40775,291.40775,291.30774,291.00775,291.20773,291.50775,292.40775,292.80774,291.20773,291.40775,291.90775,291.70773,293.10773,294.20773,294.70773,294.70773,294.10773,293.40775,292.70773,292.50775,292.00775,292.50775,291.50775,292.60773,291.80774,292.10773,291.70773,291.30774,290.70773,290.20773,286.50775,286.40775,284.30774,282.70773,281.50775,281.20773,280.10773,281.50775,280.20773
287.60773,289.40775,290.10773,290.20773,290.30774,290.60773,291.10773,290.90775,290.80774,291.00775,288.90775,289.40775,290.30774,290.60773,292.50775,293.30774,293.70773,293.90775,294.40775,292.80774,292.40775,291.90775,291.70773,291.60773,292.90775,293.10773,293.60773,292.10773,290.60773,290.00775,289.50775,285.40775,282.00775,280.10773,280.20773,278.20773,280.30774,280.30774,278.80774,278.00775,277.10773
287.90775,287.70773,285.50775,288.40775,288.10773,288.70773,288.60773,288.40775,290.20773,289.90775,288.10773,286.30774,289.80774,290.30774,291.30774,292.30774,292.90775,292.70773,292.90775,292.70773,292.50775,292.00775,292.10773,291.80774,291.90775,292.50775,291.70773,291.00775,290.40775,290.10773,288.40775,282.40775,280.00775,278.40775,277.50775,276.00775,276.50775,276.40775,277.50775,275.70773,277.10773
286.90775,287.40775,283.10773,287.30774,287.40775,288.20773,288.20773,288.80774,289.90775,289.60773,288.10773,289.00775,287.40775,290.20773,290.00775,291.20773,291.30774,291.80774,292.70773,291.20773,291.20773,291.10773,291.70773,291.10773,291.00775,290.90775,290.90775,289.90775,289.60773,288.80774,287.90775,283.10773,280.30774,278.00775,276.60773,275.90775,276.00775,274.40775,276.00775,275.90775,276.10773
