wind_kz.json
{"header": {"discipline":0,"disciplineName":"Meteorological products","gribEdition":2,"gribLength":1102,"center":7,"centerName":"US National Weather Service - NCEP(WMC)","subcenter":0,"refTime":"2023-08-22T18:00:00.000Z","significanceOfRT":1,"significanceOfRTName":"Start of forecast","productStatus":0,"productStatusName":"Operational products","productType":1,"productTypeName":"Forecast products","productDefinitionTemplate":0,"productDefinitionTemplateName":"Analysis/forecast at horizontal level/layer at a point in time","parameterCategory":2,"parameterCategoryName":"UnknownDiscipline_0_Category_2","parameterNumber":3,"parameterNumberName":"UnknownParameter_D0_C2_3","parameterUnit":"Unknown","genProcessType":2,"genProcessTypeName":"Forecast","forecastTime":180,"surface1Type":103,"surface1TypeName":"Specified height level above ground","surface1Value":10.0,"surface2Type":255,"surface2TypeName":"Missing","surface2Value":0.0,"gridDefinitionTemplate":0,"gridDefinitionTemplateName":"Latitude_Longitude","numberPoints":615,"shape":6,"shapeName":"Earth spherical with radius of 6,371,229.0 m","gridUnits":"degrees","resolution":48,"winds":"true","scanMode":64,"nx":41,"ny":15,"basicAngle":0,"lo1":47.0,"la1":41.0,"lo2":87.0,"la2":55.0,"dx":1.0,"dy":1.0}, "data":
[rows 0 to 14 of 15, columns 0 to 40 of 41]
4.8420067,0.9420068,-0.89799315,-6.337993,-6.317993,-7.767993,-6.6179934,-5.007993,-3.907993,-4.747993,-5.1179934,-3.687993,-3.5879931,-2.2679932,-2.7179933,-4.4479933,-5.9279933,-4.397993,-4.6979933,-1.1079931,-2.7079933,-4.057993,-4.4479933,0.67200685,3.0220068,0.42200685,-0.10799316,-0.29799315,3.5520067,8.252007,5.852007,2.4520068,-2.137993,-0.71799314,-1.2579932,-0.8579932,0.84200686,2.0020068,2.3920069,2.5020068,0.24200684
-0.6179932,-0.37799317,-1.6679932,-3.0879931,-4.6379933,-3.877993,-4.3679934,-4.067993,-4.167993,-5.307993,-5.1779933,-3.647993,-2.627993,-1.8679931,-0.9879932,-1.4879931,-1.6879932,-2.427993,-2.127993,-2.5279932,-2.3079932,-1.2579932,-1.8879932,4.142007,4.5720067,3.872007,2.9820068,2.2420068,1.8420068,7.192007,2.9520068,6.372007,2.9820068,3.0520067,3.3920069,1.7820069,1.8520068,2.9420068,3.132007,2.5420067,-0.82799315
-1.6779932,-3.897993,-6.297993,-5.477993,-4.477993,-5.3279934,-3.9679933,-3.377993,-1.9579931,-3.417993,-4.9079933,-4.317993,-3.0079932,-2.0479932,-1.3079932,-1.1879932,0.022006836,-0.7479932,-0.8579932,-1.9679931,-2.427993,-2.7279932,2.1520069,3.0020068,0.14200683,-2.7879932,-2.7779932,-3.3579931,-0.14799316,1.0420069,3.4520068,3.9020069,3.2820067,2.0120068,0.33200684,-1.0579932,2.4720068,2.9720068,-1.1779932,1.6120068,1.4920068
-4.167993,-5.787993,-5.8479934,-5.997993,-3.8079932,-4.147993,-5.917993,-3.9479933,-2.5779932,-2.917993,-4.0979934,-3.427993,-3.917993,-2.667993,-2.2279932,-0.44799316,0.10200684,-0.097993165,0.36200684,0.91200686,-0.43799317,0.30200684,-2.7379932,-1.2279931,-1.9979931,-0.88799316,-3.927993,-2.117993,-2.5179932,-1.0579932,5.6320066,2.7120068,1.0120069,-0.76799315,0.78200686,3.4420068,3.9720068,2.4620068,-3.127993,-1.5979931,-1.8779931
-3.2179933,-6.1979933,-7.127993,-8.537993,-7.9479933,-4.727993,-6.8279934,-5.5779934,-3.177993,-3.5179932,-4.727993,-3.6079931,-3.5779932,-2.7379932,-1.9379932,-0.097993165,0.78200686,0.7520068,2.072007,0.92200685,0.7720068,-0.28799316,-0.067993164,-0.097993165,0.67200685,-0.6779932,0.18200684,-3.377993,-2.117993,5.122007,2.882007,-1.0179932,-1.0779932,1.8520068,0.59200686,0.55200684,3.9720068,-0.11799316,-1.3879932,-1.8479931,-1.7979932
-4.1379933,-5.027993,-6.317993,-6.417993,-7.7379932,-8.547993,-8.177993,-5.567993,-4.4879932,-3.3079932,-3.9879932,-2.937993,-2.3079932,-1.1179931,-0.39799318,-0.9979932,0.73200685,1.5020069,2.4320068,2.4320068,2.2220068,2.2320068,0.72200686,0.39200684,0.81200683,0.49200684,0.19200684,-1.4979931,0.86200684,4.412007,-0.8079932,-1.1579932,-0.32799315,-3.3079932,-2.6979933,13.782007,-2.2779932,6.722007,1.5520068,-0.34799317,-0.41799316
-4.2179933,-5.6979933,-6.307993,-6.807993,-6.807993,-7.897993,-6.547993,-5.1379933,-4.667993,-3.907993,-3.9479933,-2.867993,-2.167993,-1.3979932,-0.89799315,0.052006837,1.5020069,2.112007,3.2020068,3.5420067,4.4220066,4.042007,3.332007,2.2020068,1.1120068,1.6720068,2.7020068,0.39200684,1.8020068,5.082007,5.622007,3.7720068,3.842007,7.1520066,3.882007,3.5320067,3.852007,3.832007,2.8920069,4.122007,3.2720068
-4.337993,-6.527993,-7.787993,-7.377993,-7.057993,-7.4879932,-6.6379933,-5.9479933,-4.9879932,-4.5979934,-4.537993,-3.427993,-2.437993,-1.6779932,-1.1079931,0.61200684,1.7020068,2.7020068,3.612007,5.0920067,5.372007,5.562007,4.3820066,4.8820066,4.3220067,4.222007,6.212007,3.9620068,3.6420069,7.492007,8.672007,8.502007,7.7820067,6.0920067,0.46200684,0.56200683,-1.0979931,1.1420069,0.5820068,1.6920068,3.592007
-6.2179933,-6.1379933,-7.507993,-7.6379933,-7.1979933,-7.287993,-6.1179934,-6.267993,-6.817993,-7.087993,-5.7179933,-5.3479934,-4.647993,-2.157993,-2.0179932,-3.0779932,-0.90799314,2.072007,5.4020066,6.932007,7.202007,7.0320067,6.832007,6.972007,6.1320066,4.912007,5.192007,8.122006,7.022007,7.732007,10.432007,11.112007,8.482007,6.952007,5.992007,5.242007,2.8020067,3.2420068,3.9420068,2.5420067,2.0120068
-6.647993,-6.557993,-7.3679934,-7.457993,-7.287993,-7.667993,-7.567993,-7.567993,-8.227993,-8.317993,-7.057993,-5.087993,-5.837993,-5.587993,-4.397993,-2.937993,-3.9579933,0.9620068,4.5920067,5.722007,8.562007,8.972007,7.5120068,7.722007,6.812007,5.192007,5.752007,5.142007,8.662006,7.352007,12.102007,10.382007,8.742007,7.1120067,5.432007,3.7820067,3.4720068,2.1720068,2.2820067,1.3420068,2.082007
-6.877993,-7.747993,-7.537993,-7.127993,-7.207993,-7.527993,-7.567993,-8.077993,-7.9279933,-9.167994,-6.687993,-2.157993,-4.567993,-3.887993,-4.6179934,-5.3679934,-5.8479934,-5.1579933,1.0720068,8.152007,9.082006,10.892007,8.212007,8.262007,6.432007,5.9220066,5.1320066,5.562007,4.7620068,4.542007,5.562007,9.5420065,8.2920065,7.042007,6.432007,5.5320067,3.0320067,2.2320068,4.8220067,1.5020069,1.6020068
-7.437993,-7.107993,-6.507993,-6.977993,-7.267993,-7.8279934,-8.047993,-8.537993,-9.397993,-10.137993,-7.787993,-2.5379932,-2.3379931,-3.3379931,-5.277993,-5.727993,-4.287993,-3.4579933,-2.3379931,2.862007,5.752007,8.472007,6.742007,7.1120067,5.642007,5.372007,5.9220066,4.772007,5.122007,1.1920068,7.6320066,5.492007,7.312007,7.732007,4.5320067,2.1820068,0.41200683,1.1920068,-0.27799317,-0.20799316,-1.1979932
-6.517993,-6.647993,-7.007993,-6.5779934,-6.587993,-5.607993,-7.6979933,-8.557993,-10.697993,-7.997993,-3.9579933,-4.587993,-2.2079933,-2.4879932,-3.0479932,-4.647993,-3.867993,-1.7679932,3.6920068,5.662007,6.192007,7.1720066,5.412007,5.442007,5.332007,5.6320066,7.562007,4.9020066,7.412007,3.9320068,6.942007,7.642007,6.022007,6.702007,5.662007,3.362007,1.8520068,1.1920068,0.91200686,0.86200684,0.5720068
-5.357993,-7.017993,-7.647993,-6.937993,-7.107993,-7.1179934,-7.547993,-7.627993,-6.567993,-8.857993,-4.817993,-2.8379931,-5.1979933,-6.6379933,-3.187993,-2.127993,-2.137993,0.46200684,-1.3779931,2.1420069,3.332007,4.542007,3.9520068,3.812007,2.9420068,4.812007,6.8620067,5.5320067,5.912007,9.102007,1.1720068,5.9020066,7.292007,6.712007,4.8620067,4.5720067,2.612007,1.2220068,0.21200684,-0.5379932,-0.47799316
-3.9879932,-6.6979933,-9.007993,-6.3279934,-5.787993,-6.307993,-7.297993,-6.997993,-7.2179933,-7.857993,-5.667993,-8.027993,-5.017993,-3.927993,-4.357993,-0.44799316,0.37200683,0.91200686,-0.19799316,-0.037993163,2.0520067,3.9920068,3.6920068,3.312007,1.5220069,2.3020067,5.392007,5.122007,2.1520069,4.8220067,4.002007,0.47200683,8.202007,7.522007,6.192007,5.1720066,3.622007,1.5020069,1.5220069,0.22200684,0.22200684
