wind_kz.json
{"header": {"discipline":0,"disciplineName":"Meteorological products","gribEdition":2,"gribLength":1025,"center":7,"centerName":"US National Weather Service - NCEP(WMC)","subcenter":0,"refTime":"2023-08-19T06:00:00.000Z","significanceOfRT":1,"significanceOfRTName":"Start of forecast","productStatus":0,"productStatusName":"Operational products","productType":1,"productTypeName":"Forecast products","productDefinitionTemplate":0,"productDefinitionTemplateName":"Analysis/forecast at horizontal level/layer at a point in time","parameterCategory":2,"parameterCategoryName":"UnknownDiscipline_0_Category_2","parameterNumber":2,"parameterNumberName":"UnknownParameter_D0_C2_2","parameterUnit":"Unknown","genProcessType":2,"genProcessTypeName":"Forecast","forecastTime":120,"surface1Type":103,"surface1TypeName":"Specified height level above ground","surface1Value":10.0,"surface2Type":255,"surface2TypeName":"Missing","surface2Value":0.0,"gridDefinitionTemplate":0,"gridDefinitionTemplateName":"Latitude_Longitude","numberPoints":615,"shape":6,"shapeName":"Earth spherical with radius of 6,371,229.0 m","gridUnits":"degrees","resolution":48,"winds":"true","scanMode":64,"nx":41,"ny":15,"basicAngle":0,"lo1":47.0,"la1":41.0,"lo2":87.0,"la2":55.0,"dx":1.0,"dy":1.0}, "data":
[rows 0 to 14 of 15, columns 0 to 40 of 41]
2.5150976,2.0250976,2.1050978,5.045098,3.3750978,0.39509764,1.7150977,0.67509764,1.4450977,2.0550976,1.1450976,2.9850976,6.065098,5.045098,2.3550978,1.8150977,0.5050976,-0.46490234,0.46509767,-0.22490235,2.4450977,1.9050976,2.9450977,4.8450975,-1.7049023,0.30509767,2.8050976,3.6050978,0.43509766,1.6850977,2.2250977,-1.7549024,-0.84490234,-1.9449023,-3.3549023,-3.0149024,-2.8649023,-2.6049023,-3.4449024,-1.1549023,-1.5949024
1.3350977,-2.0549023,3.0850976,3.7850976,3.0050976,2.3650978,3.1150978,2.9950976,3.1050978,4.4250975,5.4050975,3.9050977,4.6750975,6.7150974,5.6150975,3.9950976,0.52509767,1.0550977,-0.76490235,0.47509766,0.5150977,1.9350977,4.4450974,5.025098,0.60509765,0.085097656,1.6250976,0.62509763,3.9250977,2.2650976,0.06509766,0.11509766,-0.48490235,1.2650976,-0.42490235,0.005097656,0.5150977,0.97509766,2.4550977,-2.1449022,0.18509765
4.3450975,4.1950974,3.8650978,4.315098,3.8850977,7.3950977,7.0350976,6.275098,6.085098,6.045098,5.4950976,5.835098,4.4550977,4.8850975,8.105098,6.3250976,5.8250976,3.2150977,1.9750977,2.5950975,1.1250976,1.3150977,-2.3649023,-3.5149024,-0.69490236,-1.7349024,-0.0049023437,0.45509765,3.6350977,-1.5349023,1.4350977,-0.6049023,0.33509767,0.54509765,-0.50490236,2.2850976,2.4650977,-0.47490233,5.1450977,3.1950977,-0.30490234
5.735098,6.355098,5.295098,3.3850977,4.5550976,3.4150977,4.7650976,8.225098,9.395098,8.665097,7.7050977,7.1250978,3.2050977,4.2450976,5.6750975,8.325098,5.7150974,4.1150975,3.1350977,2.7550976,2.3950977,1.0850977,0.92509764,0.6350977,1.2850976,-0.21490234,0.11509766,1.8850976,1.3250977,1.8250977,0.68509763,3.3550978,3.2250977,2.0850976,1.1450976,3.4450977,3.4750977,2.1750977,-2.1749024,-1.3349023,-3.6749024
5.4250975,5.5950975,5.1950974,5.045098,4.5350976,4.9750977,5.065098,5.485098,5.735098,8.435098,8.515098,9.075098,5.9450974,5.3450975,4.8850975,6.4450974,7.7050977,4.8050976,3.4950976,2.1450977,1.6250976,2.2450976,2.6950977,3.0850976,2.5050976,1.9950976,2.0850976,-0.71490234,0.8950977,0.54509765,0.7550976,2.7950976,4.235098,2.7350976,-3.7449024,-2.3649023,-0.58490235,-2.5649023,-1.9649024,-2.5549023,-2.6249022
6.045098,6.4650974,4.275098,4.6850977,4.4450974,5.4350977,6.545098,7.8450975,7.0750976,7.255098,8.715097,7.6550975,6.005098,4.835098,7.065098,7.3450975,6.2650976,6.2850976,5.1450977,4.5150976,4.3450975,3.3350976,2.1650977,1.7150977,1.2450976,1.5550977,1.8950976,0.17509766,3.3350976,0.8250977,-0.13490234,-0.9149023,0.72509766,0.93509763,0.78509766,2.4150977,-0.21490234,0.79509765,-1.6549023,-1.4949024,-0.84490234
7.085098,5.275098,5.1750975,6.3950977,6.7650976,7.4450974,7.8250976,8.165097,10.075098,8.725098,8.095098,8.3850975,7.3250976,7.585098,7.275098,7.585098,7.2650976,5.8450975,5.855098,5.6350975,5.9750977,4.6550975,4.605098,3.3050976,3.8950977,3.2750976,3.8050976,3.5350976,1.4550977,3.5550976,1.6050977,1.5150976,-0.64490235,-0.76490235,0.045097657,1.6450976,2.1450977,-0.64490235,1.0150976,2.8250976,-0.84490234
7.3650975,6.7150974,7.2850976,8.015098,8.085097,7.7850976,8.285098,7.755098,7.8650975,8.685098,8.235098,8.095098,8.525098,5.7250977,2.2250977,0.40509766,4.9250975,7.295098,6.3450975,6.505098,7.1550975,5.9750977,4.775098,3.9350977,4.5150976,5.2150974,5.2650976,3.7850976,4.7050977,3.6150978,6.4650974,5.4250975,2.6150978,3.4650977,5.1550975,-2.8949022,-2.6549025,-0.6149023,-0.9949024,0.29509765,3.1450977
5.6250978,6.2450976,6.985098,7.275098,7.6350975,8.255097,7.985098,9.145098,9.025098,8.215097,8.465097,8.175097,8.535098,5.3050976,4.545098,1.4250977,-3.1049023,-4.8149023,-5.414902,0.29509765,6.3750978,5.7250977,4.1550975,4.045098,3.2550976,3.0750976,3.9050977,5.4150977,4.9550977,5.525098,5.755098,5.6950974,4.315098,4.9950976,3.8950977,-0.30490234,-1.0849023,2.9250977,2.5550976,-0.16490234,2.3450975
5.6450977,6.2450976,7.0150976,7.4750977,7.7850976,7.1250978,6.9450974,8.535098,8.485098,8.495098,8.035098,6.085098,5.815098,4.9350977,2.9350977,1.6150976,1.1250976,-0.20490235,2.2550976,2.2150977,2.9150977,6.1850977,6.355098,8.005097,8.6350975,7.6550975,8.445098,7.5950975,7.0750976,6.3750978,6.7450976,5.4150977,2.7950976,3.3550978,1.4550977,0.6450977,-1.5849023,-1.1449023,2.1550977,1.2550976,-0.87490237
4.2450976,5.4450974,5.9150977,6.815098,7.105098,6.1950974,5.5550976,5.4550977,4.9750977,4.1850977,4.8250976,1.8050977,2.1350977,-0.33490235,0.35509765,-1.6849023,-2.5449023,-2.6849024,0.20509766,4.775098,4.6150975,5.2250977,8.235098,7.4150977,8.015098,7.4450974,8.075098,8.155098,8.465097,6.7150974,7.1650977,5.3050976,4.255098,2.1950977,0.16509765,-0.084902346,0.15509766,1.6350976,1.1150976,0.48509765,1.1450976
4.2250977,4.0350976,6.3850975,7.085098,6.545098,4.6850977,3.1950977,4.025098,1.4050976,2.3250976,0.99509764,-1.9849024,-2.8649023,-4.1749024,-3.8949022,-3.9449024,-3.3549023,-2.0749023,-0.6049023,1.0350976,2.9750977,4.5150976,5.1750975,7.4350977,9.345098,8.725098,7.835098,8.485098,7.9150977,6.7050977,6.5350976,4.605098,3.5750976,1.2450976,0.27509767,1.5350976,0.8850977,1.0650977,2.7350976,1.9550977,0.30509767
3.2850976,4.7250977,6.2050977,5.4550977,2.3350976,1.8150977,2.6350977,2.4350977,0.085097656,-0.69490236,-0.51490235,-3.6249022,-3.0049024,-4.204902,-3.4049025,-3.1649024,-2.4249024,-0.97490233,0.17509766,2.3550978,3.4350977,4.9350977,5.8650975,7.275098,8.225098,8.665097,7.7250977,7.085098,7.545098,4.7250977,4.9150977,4.0750976,3.0050976,1.9250977,0.29509765,-0.084902346,0.09509765,0.5850977,1.3550977,0.72509766,-0.49490234
3.4750977,3.2050977,3.4150977,0.49509767,0.7050977,1.1350976,0.025097657,1.1950977,-0.6149023,-1.5549023,-1.3049023,-2.2649024,-1.0149024,-2.6349022,-2.3549023,-2.1149023,-1.8249023,-0.8049023,-0.7449024,-0.044902343,1.3950976,2.1650977,4.9350977,7.3950977,8.965097,9.215097,8.425097,7.1150975,5.6650977,4.6950974,4.6850977,2.9850976,1.1050977,0.10509766,-1.0649023,-0.89490235,-1.0449023,-0.96490234,-1.2349024,0.78509766,-1.3449024
0.71509767,1.2750976,0.96509767,-1.8049023,-1.1349024,-2.0449023,-0.22490235,-2.6049023,-3.8649023,-2.5049024,-2.6849024,-1.7449024,-0.97490233,-1.6449023,-0.94490236,-1.4149023,0.23509766,1.2850976,1.8250977,0.77509767,0.49509767,0.65509766,0.71509767,1.4050976,2.6450977,5.855098,7.1250978,5.6750975,3.2350976,0.6950977,0.85509765,2.0550976,1.9850976,0.16509765,-0.23490234,-1.0949024,-0.44490233,-0.044902343,-1.9749024,-0.95490235,-0.21490234
