wind_kz.json
{"header": {"discipline":0,"disciplineName":"Meteorological products","gribEdition":2,"gribLength":871,"center":7,"centerName":"US National Weather Service - NCEP(WMC)","subcenter":0,"refTime":"2023-09-25T00:00:00.000Z","significanceOfRT":1,"significanceOfRTName":"Start of forecast","productStatus":0,"productStatusName":"Operational products","productType":1,"productTypeName":"Forecast products","productDefinitionTemplate":0,"productDefinitionTemplateName":"Analysis/forecast at horizontal level/layer at a point in time","parameterCategory":0,"parameterCategoryName":"UnknownDiscipline_0_Category_0","parameterNumber":0,"parameterNumberName":"UnknownParameter_D0_C0_0","parameterUnit":"Unknown","genProcessType":2,"genProcessTypeName":"Forecast","forecastTime":120,"surface1Type":1,"surface1TypeName":"Ground or water surface","surface1Value":0.0,"surface2Type":255,"surface2TypeName":"Missing","surface2Value":0.0,"gridDefinitionTemplate":0,"gridDefinitionTemplateName":"Latitude_Longitude","numberPoints":615,"shape":6,"shapeName":"Earth spherical with radius of 6,371,229.0 m","gridUnits":"degrees","resolution":48,"winds":"true","scanMode":64,"nx":41,"ny":15,"basicAngle":0,"lo1":47.0,"la1":41.0,"lo2":87.0,"la2":55.0,"dx":1.0,"dy":1.0}, "data":
[rows 0 to 14 of 15, columns 0 to 40 of 41]
288.18817,281.28818,284.78818,293.5882,293.5882,292.78818,291.88818,291.78818,289.68817,288.78818,288.5882,289.38818,288.78818,288.68817,288.5882,286.4882,286.0882,286.5882,285.88818,286.5882,287.68817,282.88818,284.0882,279.5882,286.28818,288.68817,285.0882,274.4882,274.28818,274.4882,273.5882,273.78818,282.5882,290.38818,289.88818,289.5882,289.5882,287.9882,287.68817,287.5882,285.9882
273.28818,284.5882,293.0882,293.38818,293.38818,292.18817,289.4882,288.88818,287.88818,287.9882,288.68817,287.78818,287.38818,285.78818,284.0882,284.9882,283.88818,284.78818,281.68817,283.4882,283.28818,284.9882,282.88818,276.0882,270.28818,272.38818,279.38818,272.78818,272.28818,271.68817,277.68817,270.38818,275.28818,255.68819,272.88818,285.38818,284.4882,287.28818,289.18817,282.4882,283.68817
287.9882,292.88818,293.28818,292.5882,291.0882,288.78818,288.0882,287.18817,287.0882,286.4882,285.78818,286.5882,284.78818,285.4882,285.88818,282.68817,281.28818,281.18817,282.5882,280.28818,280.5882,281.18817,281.4882,278.18817,281.28818,280.4882,284.18817,286.5882,285.88818,278.88818,272.0882,274.78818,278.78818,277.18817,278.88818,279.18817,273.28818,274.4882,275.18817,271.38818,270.88818
290.18817,292.18817,292.88818,292.0882,290.38818,287.0882,287.28818,286.68817,286.68817,286.0882,285.88818,285.5882,290.88818,290.28818,285.18817,284.18817,284.68817,282.68817,284.18817,280.28818,279.18817,275.68817,282.78818,283.78818,283.68817,286.0882,286.88818,283.5882,285.88818,288.4882,287.28818,283.78818,287.9882,289.18817,286.9882,281.4882,273.18817,265.28818,273.4882,280.5882,284.0882
289.28818,291.68817,291.9882,291.38818,289.68817,287.28818,287.5882,286.88818,286.68817,286.18817,285.68817,284.78818,289.68817,288.5882,287.28818,284.78818,284.78818,284.78818,283.38818,284.0882,283.4882,283.78818,282.4882,284.0882,284.28818,285.0882,283.68817,285.5882,285.5882,285.4882,289.0882,289.28818,276.9882,270.68817,280.38818,286.4882,288.88818,286.18817,286.4882,286.4882,286.38818
287.18817,285.28818,290.4882,291.0882,291.28818,291.18817,286.78818,287.88818,286.38818,286.28818,286.9882,286.5882,288.88818,289.68817,287.18817,284.78818,286.9882,284.78818,284.9882,284.68817,283.28818,283.0882,282.68817,283.0882,283.9882,283.28818,284.5882,287.88818,285.78818,286.5882,286.88818,288.28818,288.38818,288.0882,286.18817,288.78818,280.78818,282.0882,284.28818,285.5882,285.5882
286.88818,284.38818,287.88818,287.18817,287.28818,285.38818,287.28818,286.5882,287.0882,288.0882,285.78818,285.4882,284.78818,285.0882,285.28818,286.28818,285.78818,286.18817,284.5882,283.78818,284.38818,284.4882,285.28818,285.4882,284.18817,283.88818,283.68817,283.0882,286.9882,284.9882,286.38818,284.5882,287.68817,288.28818,287.5882,286.0882,282.38818,278.0882,273.38818,272.5882,281.18817
287.4882,286.0882,287.68817,288.5882,288.88818,288.0882,286.88818,284.9882,285.28818,286.5882,284.88818,284.4882,284.78818,285.0882,285.28818,285.78818,285.5882,285.4882,284.88818,285.5882,282.5882,282.18817,282.78818,283.0882,283.38818,281.28818,281.28818,281.0882,278.28818,280.68817,280.38818,283.0882,281.9882,282.5882,282.9882,284.28818,285.0882,286.78818,282.0882,281.88818,278.5882
285.0882,286.88818,287.28818,286.28818,287.5882,286.9882,285.5882,285.68817,284.78818,284.88818,284.4882,284.28818,284.4882,286.88818,285.88818,286.78818,285.4882,287.0882,286.0882,282.4882,280.4882,283.28818,284.88818,284.0882,282.38818,282.5882,280.5882,279.4882,279.9882,275.28818,277.78818,281.68817,283.38818,283.68817,283.68817,281.9882,279.78818,283.28818,273.18817,272.78818,271.68817
284.68817,286.18817,286.9882,286.5882,286.88818,286.28818,285.38818,284.88818,284.9882,284.68817,284.88818,285.5882,286.5882,286.68817,286.0882,287.0882,287.0882,284.0882,286.78818,285.4882,282.4882,281.68817,281.9882,284.4882,283.38818,281.4882,280.18817,278.78818,278.0882,277.88818,278.0882,280.68817,283.28818,283.28818,283.4882,283.28818,280.5882,276.9882,275.68817,274.18817,267.68817
285.88818,285.88818,286.28818,286.28818,286.18817,285.28818,285.4882,285.38818,284.5882,284.38818,286.78818,286.68817,286.9882,285.68817,284.78818,285.38818,283.18817,284.18817,285.5882,284.38818,284.38818,283.68817,283.38818,283.38818,280.18817,279.78818,278.38818,279.78818,279.38818,279.9882,280.78818,281.18817,280.5882,282.5882,283.18817,282.68817,278.28818,275.78818,272.9882,272.38818,272.4882
284.38818,286.18817,286.28818,285.5882,285.4882,284.9882,284.18817,284.18817,284.68817,284.4882,285.18817,285.18817,285.38818,282.88818,282.28818,281.78818,281.9882,282.38818,284.5882,284.0882,283.68817,282.5882,280.28818,279.68817,281.68817,282.4882,279.68817,281.68817,282.88818,280.28818,279.18817,279.4882,279.88818,281.38818,281.88818,281.68817,282.4882,282.68817,281.68817,280.9882,279.78818
284.5882,284.78818,286.18817,285.68817,285.78818,284.38818,282.88818,282.9882,282.68817,286.28818,283.5882,282.5882,280.9882,282.38818,282.88818,283.78818,282.0882,281.9882,284.68817,281.4882,283.28818,282.38818,281.18817,279.28818,280.0882,282.4882,283.38818,282.0882,281.0882,282.18817,281.4882,280.68817,281.88818,281.68817,281.68817,281.78818,282.5882,284.28818,282.68817,281.38818,279.28818
285.28818,285.28818,286.18817,285.0882,283.78818,282.88818,282.5882,283.0882,284.88818,283.78818,283.0882,280.9882,281.28818,282.9882,283.9882,283.68817,282.68817,282.5882,282.5882,282.0882,282.28818,283.0882,283.18817,283.38818,283.5882,283.18817,282.5882,281.88818,279.4882,280.38818,279.68817,280.68817,280.88818,280.18817,280.5882,281.28818,281.78818,281.28818,280.38818,280.4882,280.18817
285.18817,285.5882,286.0882,284.28818,284.0882,282.5882,283.88818,283.28818,286.18817,285.38818,283.18817,282.0882,281.68817,281.78818,281.18817,282.38818,282.68817,282.38818,283.0882,282.68817,282.88818,282.78818,282.68817,282.4882,282.0882,280.38818,281.5882,279.68817,278.68817,281.38818,280.5882,283.0882,281.28818,280.4882,280.0882,280.38818,281.28818,280.78818,280.68817,281.18817,281.18817
