wind_kz.json
{"header": {"discipline":0,"disciplineName":"Meteorological products","gribEdition":2,"gribLength":1025,"center":7,"centerName":"US National Weather Service - NCEP(WMC)","subcenter":0,"refTime":"2023-08-26T18:00:00.000Z","significanceOfRT":1,"significanceOfRTName":"Start of forecast","productStatus":0,"productStatusName":"Operational products","productType":1,"productTypeName":"Forecast products","productDefinitionTemplate":0,"productDefinitionTemplateName":"Analysis/forecast at horizontal level/layer at a point in time","parameterCategory":2,"parameterCategoryName":"UnknownDiscipline_0_Category_2","parameterNumber":3,"parameterNumberName":"UnknownParameter_D0_C2_3","parameterUnit":"Unknown","genProcessType":2,"genProcessTypeName":"Forecast","forecastTime":300,"surface1Type":103,"surface1TypeName":"Specified height level above ground","surface1Value":10.0,"surface2Type":255,"surface2TypeName":"Missing","surface2Value":0.0,"gridDefinitionTemplate":0,"gridDefinitionTemplateName":"Latitude_Longitude","numberPoints":615,"shape":6,"shapeName":"Earth spherical with radius of 6,371,229.0 m","gridUnits":"degrees","resolution":48,"winds":"true","scanMode":64,"nx":41,"ny":15,"basicAngle":0,"lo1":47.0,"la1":41.0,"lo2":87.0,"la2":55.0,"dx":1.0,"dy":1.0}, "data":
[rows 0 to 14 of 15, columns 0 to 40 of 41]
1.4483691,1.9783691,3.138369,6.1483693,3.5483692,2.678369,4.428369,3.438369,2.2883692,1.9483691,0.27836913,0.68836915,0.23836914,-1.8116308,-1.3916309,-4.301631,-4.961631,-3.111631,-4.671631,-4.001631,-4.421631,-5.231631,-3.301631,1.6783692,2.7983692,2.9883692,1.7483691,1.1683692,-1.8016309,-1.9216309,-0.06163086,2.4683692,0.35836914,0.98836917,1.6683692,0.21836914,0.9083691,0.49836913,-0.67163086,-0.081630856,0.15836914
0.19836915,-0.44163087,7.928369,6.538369,5.9183693,4.748369,5.738369,3.7083693,2.0683692,1.6483692,1.0683692,-0.31163085,1.3783691,0.7183691,-0.88163084,-2.1516309,-1.8516308,-3.1516309,-4.131631,-5.681631,-5.6216307,-4.501631,-4.151631,-1.1416309,2.5883691,3.5283692,3.688369,2.898369,-0.33163086,2.188369,-0.29163086,-2.811631,1.9583691,0.49836913,3.148369,3.428369,1.8883691,3.128369,2.2083693,2.948369,0.04836914
-1.6016308,5.448369,6.478369,6.3383694,4.998369,6.258369,5.278369,4.2083693,3.918369,2.4683692,1.1483692,0.9183691,0.00836914,0.5983691,-0.45163086,-0.26163086,-0.27163085,-0.50163084,-2.4216309,-4.1416306,-6.721631,-2.5216308,-5.8316307,-2.7916307,-3.381631,-3.1516309,-2.311631,-1.9216309,-0.57163084,-2.551631,-2.6916308,-0.68163085,-3.6516309,0.08836914,1.6483692,-3.091631,-4.5616307,1.1383691,-3.071631,0.36836913,-0.27163085
6.928369,4.948369,6.288369,5.508369,5.538369,6.538369,5.1483693,6.388369,3.8183692,2.428369,1.3083692,1.4183692,0.61836916,1.2083691,-0.5816309,-1.2816309,-0.0016308593,0.33836913,-0.06163086,-0.42163086,-2.821631,-3.9116309,-1.5316309,-2.7816308,-3.841631,-4.8516307,-2.9516308,-1.2916309,-2.821631,-0.98163086,-1.5916308,-1.5216309,2.2983692,-0.21163087,1.4783691,1.4283692,3.5683692,2.618369,-3.811631,-2.7816308,-3.4516308
6.618369,5.278369,6.678369,3.0583692,5.4583693,4.278369,6.1083694,4.348369,3.638369,1.5483692,-0.081630856,-1.6216309,2.618369,0.79836917,2.948369,0.64836913,-0.55163085,-0.73163086,0.28836915,0.70836914,1.9783691,2.608369,1.6883692,-0.5916309,-2.641631,-3.4616308,-3.7816308,-5.431631,-1.2616309,-0.79163086,-1.1916308,-1.4016309,0.6583691,-1.2416309,0.9683691,1.3683691,0.92836916,0.75836915,-3.381631,-3.591631,-2.7916307
4.8783693,5.8583694,2.3283691,3.2083693,3.2183692,2.918369,3.2083693,2.418369,3.668369,0.7883691,-0.11163086,-0.22163086,-1.3716309,-0.37163085,1.1283691,-0.25163087,-0.92163086,-1.7216308,-0.03163086,-0.91163087,2.0983691,2.4783692,0.17836913,0.56836915,-0.70163083,-2.5316308,-3.0216308,-2.7316308,-4.421631,-3.7116308,-1.9916309,-1.9416308,-2.5316308,-1.7416309,-0.70163083,-2.111631,-3.6516309,-4.591631,0.22836915,0.43836915,-2.7116308
0.47836915,1.6083691,2.0783691,1.4283692,0.99836916,0.41836914,0.14836913,0.18836914,0.15836914,-0.45163086,-0.66163087,-1.2816309,-1.6416309,-2.091631,-2.5316308,0.10836914,1.6383691,2.2283692,-5.3516307,-0.03163086,-0.23163086,-0.25163087,-2.9516308,-0.5916309,0.24836914,-5.8116307,-3.111631,-2.7616308,-3.0316308,-1.8816309,-1.5016309,-2.0216308,-3.831631,-4.681631,-0.51163083,0.10836914,3.8283691,1.2083691,-0.5916309,3.4683692,-2.601631
-0.17163086,0.00836914,2.3283691,0.88836914,-0.93163085,-1.5316309,-1.6916308,-1.5516309,-2.641631,-3.811631,-4.511631,-4.781631,-4.5616307,-3.4916308,-3.6716309,-3.1716309,-0.80163085,1.4183692,2.2283692,2.128369,0.8483691,-1.2616309,-1.9016309,-0.81163085,-1.2016308,-2.2616308,-2.5216308,-2.051631,0.32836914,-1.1316309,-1.7316308,-2.9116309,-3.7916307,-5.951631,-3.9116309,-3.4216309,-3.4516308,-2.381631,-1.5716308,-0.43163085,-1.0816308
0.48836914,-1.3616309,-1.4716308,-1.8816309,-1.6416309,-1.7216308,-3.0416307,-4.441631,-4.821631,-5.171631,-4.901631,-4.3316307,-4.771631,-5.4116306,-3.881631,-1.8016309,1.2383691,1.9883691,1.2483691,1.3083692,2.2583692,-0.25163087,-2.331631,-2.5416307,-2.6716309,-3.4216309,-2.4316308,-2.7016308,-1.8516308,-0.39163086,-1.6716309,-3.7316308,-3.9216309,-4.3916306,-4.5416307,-4.781631,-1.4316308,-2.9316308,1.2683692,2.0883691,3.4583693
-1.2216308,-2.7616308,-3.641631,-2.9716308,-2.081631,-2.9216309,-2.7816308,-2.871631,-3.0216308,-3.071631,-4.0416307,-4.451631,-5.231631,-4.251631,-2.9816308,-0.9716309,-1.0116309,0.04836914,0.39836913,-0.12163086,-1.3116308,-1.4716308,-1.8516308,-1.8116308,-2.4616308,-2.5416307,-3.1816308,-2.591631,-2.381631,-1.8816309,-2.571631,-3.391631,-3.5116308,-3.6916308,-3.1916308,-3.371631,-1.3816309,2.378369,2.2983692,2.4883692,2.0183692
-1.6916308,-2.9016309,-2.851631,-2.111631,-0.93163085,-1.5616308,-2.141631,-2.091631,-2.351631,-2.4816308,-2.881631,-4.211631,-5.421631,-3.9216309,-1.4616308,-1.1316309,-0.7816309,-1.0516309,-1.2616309,-0.87163085,0.6683691,0.43836915,-0.70163083,-1.2616309,-2.1616309,-2.9716308,-2.551631,-3.2116308,-2.2616308,-1.6516309,-2.331631,-2.2116308,-2.141631,-2.611631,-2.7016308,-2.2916307,-0.66163087,-0.92163086,-3.2116308,-2.2516308,0.20836914
-2.9116309,-3.7316308,-2.7516308,0.8583691,-0.25163087,-1.8916309,-2.831631,-2.631631,-1.9616308,-1.3416308,-1.1416309,-3.861631,-4.821631,-4.481631,-1.9416308,-1.1416309,-0.92163086,-1.6216309,-1.5416309,0.15836914,1.1683692,0.50836915,-0.41163087,-1.8916309,-2.111631,-2.6816308,-3.6716309,-4.201631,-4.1616306,-4.0416307,-3.621631,-3.641631,-3.111631,-3.7216308,-2.4316308,-0.30163085,-0.17163086,-2.071631,-0.99163085,-1.1716309,-0.081630856
-2.9316308,-2.341631,-0.5316309,-1.4916309,-1.2716309,-1.1516309,-1.9816308,-2.891631,-3.2616308,-0.44163087,0.11836914,-1.1016308,-3.341631,-2.2516308,-1.1016308,-0.8916309,-0.88163084,-0.7816309,-0.93163085,-0.7216309,-0.9616309,-1.0116309,-1.6616309,-1.7816309,-3.1816308,-3.6816308,-3.811631,-3.581631,-3.7016308,-4.011631,-4.031631,-3.621631,-3.5316308,-3.0416307,-2.4816308,-2.321631,-0.66163087,-0.7716309,-0.8316309,0.06836914,0.76836914
-3.141631,-1.3316308,-0.79163086,-0.70163083,-1.3616309,-2.101631,-3.5316308,-4.071631,-3.9916308,-3.5116308,-0.081630856,0.9083691,-1.1216309,-1.1616309,-0.5316309,-0.11163086,0.28836915,-0.13163085,-1.2816309,-1.4816308,-1.3116308,-0.85163087,-0.5916309,-1.6916308,-2.9916308,-3.6616309,-3.641631,-3.861631,-3.831631,-4.261631,-3.7916307,-3.9116309,-3.2316308,-3.0316308,-2.7516308,-2.141631,-1.1716309,-0.69163084,-0.19163086,0.47836915,0.22836915
-1.7116308,0.40836915,-2.1916308,-0.10163086,-1.1316309,-1.6916308,-3.0316308,-4.001631,-3.9116309,-3.331631,-1.4716308,-0.43163085,1.4683691,0.16836914,0.9783691,1.1583692,-0.081630856,-1.1716309,-1.3216308,-1.1216309,-1.6816308,-1.0916308,-0.19163086,-1.8616309,-3.361631,-3.881631,-3.9916308,-3.801631,-3.7416308,-3.7316308,-3.5116308,-3.601631,-2.7316308,-3.2016308,-2.6916308,-2.2516308,-1.5516309,-1.0516309,-0.95163083,-0.26163086,0.08836914
