wind_kz.json
{"header": {"discipline":0,"disciplineName":"Meteorological products","gribEdition":2,"gribLength":1025,"center":7,"centerName":"US National Weather Service - NCEP(WMC)","subcenter":0,"refTime":"2023-08-21T12:00:00.000Z","significanceOfRT":1,"significanceOfRTName":"Start of forecast","productStatus":0,"productStatusName":"Operational products","productType":1,"productTypeName":"Forecast products","productDefinitionTemplate":0,"productDefinitionTemplateName":"Analysis/forecast at horizontal level/layer at a point in time","parameterCategory":2,"parameterCategoryName":"UnknownDiscipline_0_Category_2","parameterNumber":3,"parameterNumberName":"UnknownParameter_D0_C2_3","parameterUnit":"Unknown","genProcessType":2,"genProcessTypeName":"Forecast","forecastTime":60,"surface1Type":103,"surface1TypeName":"Specified height level above ground","surface1Value":10.0,"surface2Type":255,"surface2TypeName":"Missing","surface2Value":0.0,"gridDefinitionTemplate":0,"gridDefinitionTemplateName":"Latitude_Longitude","numberPoints":615,"shape":6,"shapeName":"Earth spherical with radius of 6,371,229.0 m","gridUnits":"degrees","resolution":48,"winds":"true","scanMode":64,"nx":41,"ny":15,"basicAngle":0,"lo1":47.0,"la1":41.0,"lo2":87.0,"la2":55.0,"dx":1.0,"dy":1.0}, "data":
[rows 0 to 14 of 15, columns 0 to 40 of 41]
-0.06053711,-2.9905372,1.8494629,-0.7305371,-2.4605372,-4.1405373,-3.410537,-3.9605372,-4.610537,-2.610537,-4.6005373,-3.070537,-3.160537,-1.360537,1.7394629,3.339463,1.9994628,0.78946286,2.339463,2.5094628,-0.05053711,-2.420537,1.4894629,-0.2805371,-1.3305371,-0.6705371,-1.2905371,1.7894629,0.8594629,-1.5605371,-1.5105371,-0.29053712,-0.29053712,-0.84053713,-1.3105371,-0.4205371,-1.4705371,0.2094629,1.5494629,0.8894629,1.1294628
3.389463,0.16946289,2.179463,0.4194629,0.15946288,-1.4605371,-3.880537,-2.670537,-3.0305371,-4.280537,-5.130537,-4.970537,-3.850537,-3.5105371,-2.350537,1.0794629,2.5394628,1.5994629,1.4294629,0.11946289,-2.040537,-1.1805371,1.4694629,1.8994629,-2.150537,-2.110537,-2.390537,0.3794629,0.08946289,1.0694629,1.3794628,0.5194629,-2.080537,-2.850537,-1.110537,-1.6605371,0.36946288,0.16946289,-0.4305371,-2.120537,1.3194629
0.48946288,-5.3705373,1.6294628,1.6094629,-1.1005371,-1.5805371,0.3194629,-1.7705371,-3.5005372,-4.3905373,-4.6605372,-3.640537,-4.3905373,-5.070537,-4.8905373,-1.1005371,5.0894628,4.809463,4.269463,1.7294629,-1.6205372,-3.850537,1.019463,0.78946286,1.4394629,1.3794628,1.9494629,1.7894629,0.4694629,2.419463,0.42946288,0.9494629,2.159463,-1.5705371,-0.2105371,2.919463,3.369463,0.1294629,0.8794629,-0.32053712,-0.9205371
-2.0005372,-5.720537,-2.890537,0.4094629,-0.7305371,0.21946289,0.7594629,0.049462892,-1.4705371,-2.2305372,-3.640537,-4.1005373,-5.3705373,-6.530537,-5.880537,-4.180537,0.26946288,3.639463,4.119463,1.9994628,0.2394629,-0.23053712,0.11946289,-1.6205372,1.3994629,0.78946286,-0.3305371,0.8194629,3.2894628,2.109463,2.7794628,-0.4705371,-1.610537,-1.4405371,-0.5005371,-2.540537,-0.8605371,2.5394628,4.029463,3.0594628,2.589463
-2.2805371,-6.0805373,-6.230537,-5.8105373,-0.8305371,2.179463,2.599463,0.7694629,-0.6305371,-2.140537,-2.6905372,-3.2105372,-4.770537,-5.8905373,-6.700537,-3.9805372,-2.2405372,0.9894629,2.2694628,2.2994628,0.16946289,-0.13053711,0.5294629,-0.23053712,0.07946289,-0.16053711,0.9994629,2.2694628,2.439463,3.419463,1.9494629,1.5694629,1.1494629,0.13946289,-0.9905371,-1.7105371,0.3594629,-0.10053711,-3.050537,1.5094628,1.9894629
-2.0205371,-1.7405372,-3.4905372,-2.4405372,-1.3705372,0.7194629,1.8494629,0.72946286,-0.5705371,-1.8905371,-3.040537,-3.7705371,-6.610537,-7.020537,-5.450537,-4.010537,-2.2005372,-0.6705371,0.65946287,-0.10053711,0.29946288,0.06946289,1.8594629,0.6094629,-0.2405371,0.53946286,1.2294629,-0.3005371,2.0094628,1.4194629,0.8094629,0.7094629,1.1494629,3.089463,2.879463,-2.110537,3.079463,0.59946287,-0.29053712,-1.8805372,-1.4005371
-4.230537,-4.170537,-2.1905372,-1.6405371,-0.3305371,1.9194629,1.8094629,1.0094628,0.7994629,-0.3305371,-1.9705371,-2.790537,-3.9905372,-3.870537,-2.640537,-5.130537,-4.450537,-0.2505371,0.3794629,1.9694629,0.19946289,0.08946289,2.2394629,2.589463,0.7594629,2.169463,1.4794629,3.7694628,2.179463,3.359463,2.859463,1.1494629,0.19946289,0.8894629,-0.5605371,-1.3005371,-3.120537,-0.8805371,0.13946289,-0.41053712,-0.4005371
-3.300537,-3.2105372,-3.550537,2.5694628,2.609463,2.2294629,2.099463,1.5994629,2.129463,0.5094629,-0.20053712,-0.8605371,-1.7005371,-2.900537,-4.360537,-3.7505372,-3.4705372,-3.890537,2.589463,3.639463,1.8294629,-3.2005372,-4.6405373,2.079463,2.689463,3.379463,4.069463,2.179463,3.189463,2.899463,1.9294629,3.0594628,1.4594629,-0.5105371,1.389463,0.9494629,-0.5005371,-0.2705371,-0.2105371,0.7094629,-1.7405372
-1.9505371,-2.100537,-2.800537,-0.4305371,1.2894629,3.169463,2.189463,1.0894629,1.0294629,-0.9705371,-1.730537,-1.8505371,-2.600537,-3.6805372,-4.880537,-4.460537,-1.7205371,-1.860537,0.1494629,4.459463,3.3094628,2.169463,-1.0105371,-3.7205372,2.859463,2.349463,3.579463,4.6694627,3.939463,2.8094628,4.0894628,4.499463,4.829463,4.119463,2.2494628,0.2894629,-2.130537,-0.19053711,0.8194629,0.42946288,-0.9705371
-3.600537,-2.9805372,-0.90053713,-1.480537,-5.250537,-0.010537109,0.6294629,-0.41053712,0.6894629,-0.45053712,-1.2205371,-3.0105371,-3.7405372,-4.840537,-4.9105372,-5.360537,-5.300537,-4.0605373,0.59946287,3.2794628,5.4394627,5.709463,3.679463,-0.1805371,-3.580537,-1.1505371,2.189463,2.919463,3.149463,3.8194628,4.289463,4.3794627,4.4194627,4.529463,2.5694628,0.8894629,0.45946288,-1.980537,-0.90053713,1.2994629,2.5094628
-3.060537,-3.620537,-2.6805372,-2.4605372,-4.450537,-3.400537,-3.140537,-2.2505372,-1.9105371,-1.1305372,1.3194629,-0.010537109,-2.340537,-4.180537,-6.590537,-6.750537,-5.790537,-7.1005373,-4.220537,3.5594628,3.7494628,4.239463,4.019463,2.709463,1.9394629,-0.65053713,1.2394629,2.449463,3.399463,4.6894627,4.059463,4.049463,3.209463,3.0494628,3.3094628,1.3394629,0.72946286,2.189463,1.3094629,1.6094629,0.5694629
-1.5905371,-1.1505371,-2.310537,-1.5405371,-1.5705371,-2.350537,-2.410537,-3.090537,-2.9605372,-0.7905371,0.21946289,-1.1305372,-2.040537,-2.800537,-4.250537,-5.150537,-6.420537,-6.470537,-6.3905373,-3.420537,1.0094628,4.639463,4.6894627,4.409463,3.709463,2.2294629,1.639463,1.5494629,3.199463,1.4494629,1.3694628,4.679463,3.9694629,3.949463,2.7894628,1.5694629,1.6294628,3.179463,2.5194628,2.149463,0.9494629
-0.5705371,1.0894629,0.9694629,0.06946289,-1.6005371,-1.5905371,-1.5805371,-2.610537,-3.110537,-1.730537,-0.32053712,-0.5605371,-1.2505372,-3.2805371,-3.2205372,-3.070537,-4.030537,-5.170537,-5.950537,-5.610537,-5.010537,-1.2905371,1.9794629,2.639463,1.6094629,2.159463,2.2994628,0.6494629,1.6294628,3.179463,3.7194629,4.4394627,4.6294627,3.8194628,3.3194628,3.169463,2.349463,1.1194628,1.6494629,0.5194629,0.2794629
1.2994629,1.7094629,0.4494629,-0.9805371,-1.1205372,-0.7805371,-1.2605371,-1.8405371,-0.84053713,-2.7305372,-0.05053711,-0.35053712,-0.7405371,-1.2005371,-2.840537,-2.9805372,-2.7805371,-2.860537,-3.650537,-4.550537,-6.020537,-6.240537,-1.8005371,0.4094629,-0.71053714,0.00946289,2.149463,1.2494628,3.349463,4.099463,3.7394629,4.3594627,5.1894627,4.529463,2.369463,3.0494628,1.9494629,0.72946286,0.7094629,0.9494629,0.2594629
-1.5205371,-1.230537,-3.670537,-2.580537,-1.9005371,-1.4905372,-1.230537,-0.9505371,-1.5605371,-1.5105371,-0.26053712,0.42946288,0.8394629,-0.8605371,-3.4405372,-3.120537,-3.160537,-3.2005372,-2.2205372,-2.400537,-2.9705372,-4.020537,-5.820537,-5.6405373,-3.080537,-3.4405372,1.019463,1.5694629,2.5694628,3.429463,4.6894627,4.749463,3.7294629,3.7194629,3.2494628,3.199463,2.7894628,2.709463,1.4394629,1.7594628,0.3794629
