wind.json
{"header": {"discipline":0,"disciplineName":"Meteorological products","gribEdition":2,"gribLength":1125,"center":7,"centerName":"US National Weather Service - NCEP(WMC)","subcenter":0,"refTime":"2023-06-27T12:00:00.000Z","significanceOfRT":1,"significanceOfRTName":"Start of forecast","productStatus":0,"productStatusName":"Operational products","productType":1,"productTypeName":"Forecast products","productDefinitionTemplate":0,"productDefinitionTemplateName":"Analysis/forecast at horizontal level/layer at a point in time","parameterCategory":2,"parameterCategoryName":"UnknownDiscipline_0_Category_2","parameterNumber":2,"parameterNumberName":"UnknownParameter_D0_C2_2","parameterUnit":"Unknown","genProcessType":2,"genProcessTypeName":"Forecast","forecastTime":300,"surface1Type":103,"surface1TypeName":"Specified height level above ground","surface1Value":10.0,"surface2Type":255,"surface2TypeName":"Missing","surface2Value":0.0,"gridDefinitionTemplate":0,"gridDefinitionTemplateName":"Latitude_Longitude","numberPoints":688,"shape":6,"shapeName":"Earth spherical with radius of 6,371,229.0 m","gridUnits":"degrees","resolution":48,"winds":"true","scanMode":64,"nx":43,"ny":16,"basicAngle":0,"lo1":45.0,"la1":40.0,"lo2":87.0,"la2":55.0,"dx":1.0,"dy":1.0}, "data":
[rows 0 to 15 of 16, columns 0 to 42 of 43]
-3.5501952,0.06980469,2.4298048,2.2398047,-0.8401953,-1.9101954,-3.0001953,-6.6201954,-8.090196,-8.370195,-5.050195,-7.3701954,-6.5401955,-6.1601954,-5.900195,-6.2001953,-5.2901955,-3.9801953,-2.6801953,-2.2301953,-1.6001953,-2.1901953,-2.1601954,0.6698047,-0.9401953,-2.0501952,-0.31019533,-0.5201953,-0.8101953,1.0398047,2.7998047,1.9898047,-0.61019534,-0.4901953,0.9598047,3.6598046,-1.3301953,8.489804,4.469805,4.659805,-0.10019531,-3.2601953,-4.0401955
2.4898047,2.8198047,-0.8501953,-1.4501953,2.0198047,2.3098047,-8.230195,-9.190195,-9.180195,-8.830195,-9.330195,-2.2601953,-3.7701952,-4.110195,-3.5901954,-4.5001955,-4.690195,-3.8301954,-2.7101953,-1.3601953,-3.7501953,-1.4201953,-0.09019531,-0.7101953,-1.5001953,-3.2201953,0.9398047,-1.8701953,-3.3701954,-1.0401953,1.1398047,-0.080195315,1.4398047,0.7198047,-0.7601953,1.7398047,2.9298048,4.1698046,6.2798047,4.7398047,0.21980469,-3.0201952,-1.3301953
0.039804686,-0.8701953,2.1498046,1.8398046,2.3798046,-2.1501954,-8.040195,-7.4701953,-4.880195,-11.040195,-6.1401954,-4.3501954,-2.0201952,-4.1201954,-2.1501954,-3.2001953,-2.9801953,-3.7201953,-1.6201953,-2.7101953,-1.4901953,-1.2401953,0.3298047,-0.3601953,0.08980469,-4.3701954,-0.1601953,0.6198047,-0.8701953,1.2198046,-0.5601953,-0.6001953,0.33980468,0.099804685,0.2698047,-1.6901953,0.11980469,0.5398047,-1.2201953,1.0598047,-1.7401953,-0.5101953,0.2898047
-0.040195312,0.10980469,0.24980469,-2.5301952,-0.92019534,-4.6801953,-7.030195,-7.4101954,-7.130195,-5.0401955,-8.020195,-4.6401954,-2.6301954,-2.7801952,-2.5701952,-4.1401954,-5.0101953,-3.6301954,-3.0701952,-1.5701953,-0.4201953,0.36980468,0.9798047,0.07980469,-2.7101953,-0.6201953,0.029804688,1.3098047,-1.5301954,-2.5601952,-3.6101954,-0.5801953,-0.3901953,2.1898048,0.039804686,-0.20019531,1.0298047,0.2698047,-0.29019532,0.50980467,0.009804687,0.009804687,1.5198047
-2.4701953,-2.0601952,-2.5601952,-5.110195,-5.190195,-3.6001954,-6.3101954,-7.190195,-5.7201953,-6.690195,-5.4601955,-3.8201952,-3.5601952,-4.900195,-5.5601954,-6.300195,-4.2101955,-3.3301954,-2.3701954,-1.3201953,-0.7801953,-0.9101953,0.2898047,-1.8001953,2.8698046,-0.67019534,-0.9801953,-2.7201953,-3.1201954,-2.0801954,-0.5201953,1.5698047,-1.0501953,-1.8101953,-2.4501953,-2.8201952,-2.7201953,-1.7801954,-0.7501953,-0.67019534,1.1198047,-0.35019532,2.4998047
-2.7001953,-3.5701952,-4.4301953,-6.530195,-7.440195,-8.280195,-8.830195,-4.8701954,-5.190195,-4.2301955,-4.130195,-3.1601954,-3.9701953,-3.9901953,-5.0101953,-4.5001955,-3.9501953,-2.5301952,-2.1401954,-0.3601953,-0.4901953,-1.0801953,-0.9101953,-0.7201953,-0.7601953,-0.2701953,1.5698047,-0.5301953,-1.6701953,1.2298046,-0.010195312,0.4098047,1.2498047,-1.5601953,-2.3201952,0.2698047,2.2398047,2.0398047,1.3898047,-1.7701954,-1.5401953,-5.570195,3.7298048
-3.2401953,-4.7301955,-3.6201954,-3.5301952,-9.910195,-9.340196,-8.320195,-8.790195,-5.1401954,-3.5701952,-2.9101954,-1.5901953,-4.2501955,-4.940195,-4.320195,-4.7401953,-3.1401954,-1.3901954,-2.3401954,-2.1001954,-0.9101953,-1.0101953,-1.7001953,-1.5201954,0.8998047,0.4498047,-0.4501953,-4.0201955,0.43980467,1.2198046,1.3898047,-2.7901952,-2.4101954,1.2898047,2.4898047,0.8498047,0.3198047,-0.3301953,-0.17019531,1.5398047,2.2798047,-4.110195,3.0298047
-3.7201953,-2.9001954,-3.7401953,-4.2601953,-4.6801953,-5.7301955,-4.940195,-4.650195,-5.0601954,-4.3901954,-4.090195,-4.920195,-4.4501953,-4.2101955,-3.5501952,-2.4801953,-1.7601953,-1.8001953,-1.8801953,-1.4101954,-0.93019533,-0.9601953,-1.6401954,-1.9901953,-3.7101953,0.45980468,-3.0501952,-1.3501953,-2.6801953,-1.0601953,1.3898047,-1.2101953,0.5498047,-2.1101954,0.019804688,-1.6701953,-2.2301953,-0.6201953,-0.5901953,2.5698047,-0.020195313,1.2098047,3.4298048
-2.9701953,-3.6501954,-2.4501953,-4.5001955,-5.030195,-4.7501955,-4.110195,-3.9201953,-3.6501954,-4.0101953,-4.0601954,-4.5001955,-4.1001954,-3.5601952,-2.4301953,-3.3501954,-1.1001953,-0.5301953,-0.80019534,-1.1801953,-1.3201953,-2.2201953,-2.6401954,-2.6201954,-3.3601954,-3.0601952,-3.2001953,-1.4501953,-2.2401953,-3.6601954,-5.070195,-4.1801953,-4.400195,-2.3801954,-2.5701952,-0.3901953,-1.4501953,-1.2001953,0.9698047,4.579805,3.4498048,3.7898047,0.6598047
-2.6301954,-2.6501954,-4.050195,-4.0601954,-4.4301953,-4.2601953,-4.030195,-3.8201952,-4.1801953,-5.4301953,-4.4701953,-3.7001953,-3.6201954,-3.2601953,-2.4401953,-1.7401953,-1.3401953,-0.6001953,-1.4101954,-1.7701954,-0.28019533,-1.2401953,-1.9701953,-1.0601953,-2.3901954,-5.400195,-3.9001954,-4.1001954,-4.190195,-5.1601954,-2.8001952,-3.0801954,-5.3901954,-2.3901954,0.17980468,-0.9101953,0.6298047,0.6298047,-0.1601953,-2.1501954,0.13980469,0.4498047,-0.7501953
-3.9301953,-3.5401952,-4.0101953,-4.1401954,-3.8201952,-4.400195,-4.4901953,-3.3801954,-5.6801953,-3.9301953,-3.6201954,-3.0201952,-2.9201953,-3.5201952,-2.6901953,-1.5701953,-1.2001953,-1.1801953,-1.5601953,-0.7701953,-1.4001954,-1.7601953,-2.3101952,-1.4401953,-1.9501953,-2.1101954,-2.6901953,-2.7001953,-3.6001954,-2.9401953,-2.3401954,-2.2001953,-1.0801953,-0.61019534,-0.11019531,-0.3901953,-0.120195314,-1.0501953,-1.1201953,-0.060195312,-0.99019533,1.0898046,-0.4001953
-4.0001955,-0.8701953,-3.3001952,-3.8901954,-3.7001953,-3.4401953,-3.0601952,-3.3601954,-3.3801954,-2.6501954,-1.9001954,-1.1201953,-2.0001953,-1.3501953,-0.7501953,-1.4201953,-0.92019534,0.049804688,-0.4601953,-1.1701953,-1.7201953,-2.0001953,-2.6401954,-2.2901952,-2.1801953,-2.5501952,-1.6801953,-1.8301953,-1.2301953,-0.3401953,-0.8101953,-0.38019532,-1.2001953,-0.6201953,-0.120195314,0.2298047,-0.040195312,-0.8101953,-0.9101953,0.39980468,-0.080195315,0.5498047,-0.3001953
-2.9901953,-1.5001953,-1.9401953,-3.0401952,-2.6301954,-3.0501952,-2.9901953,-2.2401953,-1.7301953,-2.2101953,0.06980469,-0.99019533,-1.4501953,0.029804688,-0.7801953,-0.6601953,-1.0401953,-0.44019532,-0.5401953,-1.1101953,-1.5301954,-0.3901953,-1.8001953,-1.5101953,-1.5101953,-1.1601954,-1.6101953,-1.2601953,-1.1401954,-0.4601953,-1.2501953,-1.9301953,-1.3901954,-0.8701953,-0.07019531,-0.61019534,-0.3901953,1.2998047,1.7098047,1.4998047,0.5198047,0.2598047,0.3198047
-2.4501953,-2.3601954,-1.9201953,-1.3001953,-2.0201952,-1.8601953,-1.6001953,-2.0301952,-2.0501952,-0.060195312,-2.2401953,-1.5601953,-0.4601953,0.17980468,-0.8501953,0.2598047,-0.040195312,-0.120195314,-0.61019534,-0.8901953,0.10980469,-0.17019531,-2.2101953,-0.5201953,0.14980468,0.019804688,1.4998047,-1.3801953,-0.050195314,-0.5301953,-0.8901953,-0.6401953,-0.7301953,-0.4901953,-0.15019532,-1.0101953,-0.15019532,0.21980469,1.2598047,0.81980467,2.0598047,0.3198047,0.3798047
-1.8401953,-1.3001953,-0.5901953,-0.8401953,-1.1901953,-1.4701953,-0.99019533,-0.9601953,-0.9601953,-0.9501953,-0.080195315,-0.8701953,-1.1701953,-0.5101953,1.0998046,0.7298047,1.2098047,0.5198047,-0.47019532,-0.5901953,-0.9001953,0.049804688,-1.5701953,-0.8901953,-1.3301953,-0.8401953,-1.2101953,-1.0701953,-0.92019534,0.3198047,0.3598047,0.099804685,-0.44019532,-0.2701953,-0.4201953,-0.5701953,0.099804685,0.019804688,-0.010195312,-0.6301953,-0.6301953,-0.20019531,-0.050195314
-1.0101953,-1.5101953,-1.2501953,0.10980469,1.4498047,0.8398047,-0.31019533,-0.020195313,-0.3401953,0.5598047,-0.5901953,-0.6501953,-1.3401953,0.24980469,0.11980469,1.0998046,0.6298047,0.24980469,-0.4501953,-0.22019531,0.49980468,-0.22019531,0.18980469,-0.8201953,-0.120195314,-0.5701953,-0.5901953,-0.7501953,-0.8701953,-0.38019532,-0.38019532,-0.44019532,0.33980468,-0.55019534,-0.2701953,0.019804688,-0.1601953,0.69980466,-0.040195312,0.6598047,1.1998047,0.6798047,-0.060195312
