wind_kz.json
{"header": {"discipline":0,"disciplineName":"Meteorological products","gribEdition":2,"gribLength":1025,"center":7,"centerName":"US National Weather Service - NCEP(WMC)","subcenter":0,"refTime":"2023-08-22T00:00:00.000Z","significanceOfRT":1,"significanceOfRTName":"Start of forecast","productStatus":0,"productStatusName":"Operational products","productType":1,"productTypeName":"Forecast products","productDefinitionTemplate":0,"productDefinitionTemplateName":"Analysis/forecast at horizontal level/layer at a point in time","parameterCategory":2,"parameterCategoryName":"UnknownDiscipline_0_Category_2","parameterNumber":2,"parameterNumberName":"UnknownParameter_D0_C2_2","parameterUnit":"Unknown","genProcessType":2,"genProcessTypeName":"Forecast","forecastTime":60,"surface1Type":103,"surface1TypeName":"Specified height level above ground","surface1Value":10.0,"surface2Type":255,"surface2TypeName":"Missing","surface2Value":0.0,"gridDefinitionTemplate":0,"gridDefinitionTemplateName":"Latitude_Longitude","numberPoints":615,"shape":6,"shapeName":"Earth spherical with radius of 6,371,229.0 m","gridUnits":"degrees","resolution":48,"winds":"true","scanMode":64,"nx":41,"ny":15,"basicAngle":0,"lo1":47.0,"la1":41.0,"lo2":87.0,"la2":55.0,"dx":1.0,"dy":1.0}, "data":
[rows 0 to 14 of 15, columns 0 to 40 of 41]
2.4085987,1.7485986,-0.96140134,0.60859865,1.4585986,2.8185987,5.7085986,3.4385986,-0.14140137,-0.44140136,1.7185986,1.4985986,3.3485987,4.1685987,4.4385986,3.1585987,4.6085987,4.198599,2.0885987,3.0785987,1.3585986,0.84859866,3.5385985,6.8785987,2.4485986,2.2885985,3.8185987,5.8985987,1.5785986,2.6685987,2.9185987,-0.9114014,2.5285985,-3.9414015,-3.1914015,0.74859864,-0.9814014,-0.15140137,1.9285986,2.2685986,1.5085987
1.0385987,-1.8214014,-1.4714013,1.3585986,1.1785986,2.9285986,5.448599,1.7485986,2.8185987,1.5185987,1.5185987,1.2085986,3.5885987,-1.2214013,3.5385985,2.4985986,5.4985986,6.1285987,4.6885986,5.6685987,2.8285987,-1.7214013,0.8385986,2.8385987,0.7585986,-1.1114013,1.6385987,1.8885987,-4.6814013,0.36859864,-0.39140138,0.65859866,-1.2714014,1.2685987,-0.041401368,0.5185986,-1.9014014,-0.7314014,0.99859864,1.5185987,-2.6214013
1.3885987,-4.4314013,-1.0114014,2.0485985,3.0585985,6.7485986,7.6885986,7.9285984,7.2685986,7.488599,4.5685987,2.2885985,-0.27140138,-0.021401368,1.3685986,4.3385987,6.718599,7.3185987,7.1885986,8.888598,5.3485985,-0.38140136,4.8185987,4.198599,4.0685987,2.6385987,3.7185986,3.5185986,2.3685987,-0.51140136,-1.1514014,1.9685986,0.028598633,2.9185987,6.0185986,-1.0714014,1.9885986,0.72859865,5.3485985,5.7485986,0.028598633
4.8985987,1.8585986,2.7585986,4.508599,8.438599,5.3785987,7.5985985,9.688599,9.618599,8.638598,6.9085984,5.5985985,-4.3114014,-1.0814013,2.7985985,4.6685987,7.4985986,7.3185987,9.038599,9.738599,8.118599,3.5485985,5.3885984,4.6085987,6.9285984,6.8585987,5.1385984,5.548599,6.218599,5.8985987,3.6185987,5.448599,6.6785984,7.4785986,4.8285985,3.9485986,1.1185986,0.80859864,-1.1814014,2.9185987,-1.6314014
5.2485986,3.6285987,4.8285985,7.238599,4.8985987,7.548599,6.9285984,8.228599,10.418598,10.828599,9.758598,3.7285986,-3.0714014,-0.44140136,4.1885986,5.7685986,5.948599,6.7885985,8.258598,10.438599,9.878598,6.4285984,5.6785984,6.4085984,6.1585984,6.1085987,7.8585987,7.3885984,4.8885984,7.3185987,8.798598,5.528599,1.9385986,2.0985987,2.4485986,-0.71140134,3.9585986,2.9485986,-0.25140136,2.3285987,0.5885986
5.1285987,6.0685987,6.0685987,6.3685985,7.3385987,7.4085984,10.028599,11.428598,10.868599,9.928598,5.8385987,1.4285986,1.5685986,4.0785985,3.7485986,4.2085986,4.8385987,6.008599,7.8285985,9.238599,10.338598,8.778599,8.928598,7.8785987,6.8785987,7.0985985,8.448599,-1.4114014,3.1785986,8.208599,6.6085987,1.6985986,-0.82140136,0.87859863,-2.6114013,1.4285986,5.1885986,5.3485985,5.698599,0.21859863,3.9685986
5.5785985,5.6085987,6.9785986,8.088598,8.878598,10.218598,11.788599,6.6685987,0.29859865,-3.0514014,-3.6514013,-0.9814014,2.7985985,4.298599,2.7885985,3.1385987,3.9585986,5.5385985,6.3485985,8.338598,8.3085985,10.508598,8.938599,9.438599,8.878598,6.0885987,8.328599,7.6885986,2.5685987,4.3685985,-0.58140135,-0.40140137,-0.45140135,1.4185987,4.0785985,3.1185987,0.6385986,-0.70140135,3.2885985,0.11859863,0.59859866
2.6885986,4.8685985,5.778599,7.508599,7.2885985,8.528599,3.3185987,6.3085985,2.8785987,-1.6814014,3.3085985,3.5485985,5.0785985,3.3985987,0.85859865,2.3285987,3.2285986,4.7285986,5.1885986,6.5585985,5.048599,7.9085984,2.8585987,4.5885987,8.748599,9.8485985,5.1085987,8.938599,3.0485985,5.198599,6.5985985,5.238599,4.488599,2.2885985,3.5585985,-0.90140134,-3.8914013,1.5185987,6.3885984,6.5185986,4.278599
3.4885986,3.6585987,3.1785986,2.8085985,1.6585987,2.8385987,-0.19140136,0.8385986,8.218598,-0.31140137,5.7685986,2.0285985,4.528599,2.7285986,1.0485986,1.1985986,1.5585986,2.4585986,2.6885986,3.6485987,5.2885985,6.6585984,5.8785987,4.0385985,-0.011401367,8.888598,5.548599,10.378598,8.658599,1.8085986,5.0885987,12.888598,3.9885986,2.6485987,1.2185986,-1.4314014,-0.59140134,-0.36140138,-0.40140137,0.5085986,1.8585986
3.8385987,4.2085986,2.1985986,0.72859865,0.19859864,-1.4514014,-2.1014013,-0.96140134,-2.4814014,-1.2614014,-1.6114013,3.0385985,2.7585986,0.7685986,2.8085985,2.3285987,1.6785986,1.3385986,1.9385986,0.14859863,3.3485987,2.7185986,4.218599,6.468599,1.4085987,4.3685985,3.9185987,1.8685986,2.2885985,2.6085987,9.478599,6.0585985,3.1785986,1.9785986,-0.58140135,6.0885987,-1.5214014,-0.71140134,0.16859864,-1.3314013,-1.7414013
2.4485986,2.7485986,0.22859864,0.25859863,-0.40140137,-0.82140136,-1.0814013,-0.27140138,0.21859863,-1.2214013,1.1085986,1.3785987,1.6485987,0.99859864,2.1885986,1.0585986,1.4585986,1.0485986,1.8585986,-0.40140137,0.48859864,1.4085987,4.258599,6.7685986,5.6485987,2.1085987,1.0085987,9.278599,7.0185986,3.7685986,-2.3714013,-1.9114014,1.7385986,11.208599,-4.6514015,8.408599,0.008598633,0.24859864,0.36859864,0.43859863,0.8185986
1.4785986,2.2685986,3.9485986,2.3385987,0.5685986,1.0785986,0.92859864,1.9085987,0.16859864,2.9385986,3.8085985,0.25859863,2.3585987,3.0485985,0.49859864,1.9885986,0.73859864,1.8585986,2.7585986,1.2285986,-0.32140136,0.55859864,-0.24140137,1.4785986,0.97859865,1.4385986,3.0785987,3.5985987,4.7085986,0.5085986,3.4785986,1.0085987,4.9285984,4.3685985,-0.8614014,-1.1014013,-0.38140136,-2.3614013,-0.9814014,-1.2314013,-1.0014014
1.3185986,2.9085987,3.1085987,2.5185986,1.5585986,0.36859864,0.8285986,1.4185987,0.41859862,0.39859864,1.7785987,1.5085987,0.16859864,3.0485985,1.2285986,0.008598633,2.0285985,2.8085985,0.59859866,1.7285986,2.0285985,2.6885986,0.8385986,-0.69140136,2.3785987,3.1685987,4.1285987,6.0985985,4.6685987,2.1085987,6.028599,4.3385987,2.9085987,3.3185987,1.6085986,-3.5314014,-3.2314014,-0.071401365,-2.3214014,-0.77140135,-0.5414014
0.35859862,-3.1214013,-2.4114013,-3.6414013,-2.3514013,-1.4314014,3.9685986,0.97859865,-0.35140136,1.4085987,1.0885986,2.0185986,2.4285986,1.1085986,1.9485986,3.3185987,3.3685987,4.8285985,2.6585987,2.2485986,2.5985987,2.5985987,3.1085987,1.5185987,1.3085986,2.7585986,-0.39140138,1.8885987,5.528599,1.9385986,8.928598,1.9685986,2.6285987,1.6885986,-1.3314013,-2.9814014,-0.83140135,-1.7914014,-1.7614014,0.27859864,-1.1414014
-1.1314014,-1.3514013,-2.3414013,-1.1614014,1.5485986,3.1285987,1.0685986,1.5285987,3.4085987,-1.8614013,-0.061401367,0.72859865,0.78859866,1.7685987,0.87859863,2.2785985,4.258599,4.028599,3.9185987,3.2285986,2.2885985,0.91859865,2.5285985,4.7685986,0.97859865,-1.3314013,-2.0214014,0.90859866,0.7785986,1.3885987,0.7585986,2.9885986,2.1585987,-0.45140135,2.2885985,-2.7514014,-2.0714014,-1.1414014,-0.52140135,-2.9414015,0.19859864
