wind_kz.json
{"header": {"discipline":0,"disciplineName":"Meteorological products","gribEdition":2,"gribLength":1025,"center":7,"centerName":"US National Weather Service - NCEP(WMC)","subcenter":0,"refTime":"2023-08-22T00:00:00.000Z","significanceOfRT":1,"significanceOfRTName":"Start of forecast","productStatus":0,"productStatusName":"Operational products","productType":1,"productTypeName":"Forecast products","productDefinitionTemplate":0,"productDefinitionTemplateName":"Analysis/forecast at horizontal level/layer at a point in time","parameterCategory":2,"parameterCategoryName":"UnknownDiscipline_0_Category_2","parameterNumber":2,"parameterNumberName":"UnknownParameter_D0_C2_2","parameterUnit":"Unknown","genProcessType":2,"genProcessTypeName":"Forecast","forecastTime":300,"surface1Type":103,"surface1TypeName":"Specified height level above ground","surface1Value":10.0,"surface2Type":255,"surface2TypeName":"Missing","surface2Value":0.0,"gridDefinitionTemplate":0,"gridDefinitionTemplateName":"Latitude_Longitude","numberPoints":615,"shape":6,"shapeName":"Earth spherical with radius of 6,371,229.0 m","gridUnits":"degrees","resolution":48,"winds":"true","scanMode":64,"nx":41,"ny":15,"basicAngle":0,"lo1":47.0,"la1":41.0,"lo2":87.0,"la2":55.0,"dx":1.0,"dy":1.0}, "data":
[rows 0 to 14 of 15, columns 0 to 40 of 41]
-1.0396118,1.9703882,-3.189612,-2.5796118,-0.34961182,2.1103883,7.180388,1.4603882,0.7503882,1.2203882,2.290388,4.5503883,4.420388,4.710388,5.3203883,2.7703881,2.3903883,3.0103881,2.1103883,1.1803882,2.1903882,-0.3896118,3.0903883,5.2803884,6.500388,5.430388,4.710388,5.600388,2.9903882,2.3903883,-1.4796119,0.030388184,1.5603882,3.9803882,-2.6496117,-1.8796118,-0.3296118,-2.219612,-0.2696118,0.15038818,1.0403882
0.11038818,-5.6196117,-4.1996117,0.2903882,2.5203881,3.3703883,4.560388,1.0403882,1.7503881,1.1503882,2.7503881,2.9503882,4.3003883,3.6903882,4.020388,5.700388,5.940388,5.3603883,5.850388,2.790388,2.050388,1.1103882,2.030388,2.820388,3.080388,-0.51961184,0.38038817,2.9003882,0.14038819,0.5003882,2.9003882,0.100388184,-2.7596118,0.14038819,0.3003882,1.1903882,3.0003881,2.040388,0.5103882,-0.8696118,-0.82961184
-4.309612,-4.1596117,-0.8496118,1.9303882,3.8603883,7.460388,6.620388,5.4703884,4.500388,4.180388,2.7003882,2.3403883,3.5203881,-1.4196118,4.560388,6.270388,7.690388,8.160388,7.8603883,7.190388,6.420388,4.020388,4.3403883,5.910388,5.060388,6.5903883,1.3903881,5.2203884,2.5003881,-1.3596119,0.73038816,0.5803882,3.0903883,0.08038818,-1.3296118,0.28038818,0.8903882,2.530388,5.1503882,4.710388,-2.1596117
-6.959612,-1.9496118,1.3003882,2.1003883,6.1503882,2.5203881,3.0203881,5.170388,6.2203884,6.1103883,5.500388,5.710388,-3.169612,1.1603882,4.200388,6.770388,8.150388,8.370388,8.160388,8.360388,8.340388,9.100389,9.280388,7.5503883,5.940388,7.790388,8.020389,8.460388,7.6103883,6.0103884,1.9903882,3.5903883,3.8503883,2.6603882,-1.6096119,2.4803882,0.2703882,2.4603882,-1.1596118,-1.4096118,-0.8396118
5.540388,1.5903882,3.030388,4.750388,4.7403884,6.9003882,5.7203884,6.3003883,7.3603883,7.680388,6.5303884,6.500388,1.3703882,3.6003883,4.770388,7.950388,7.420388,8.810389,7.980388,7.790388,9.1403885,10.490388,8.750388,9.700388,10.180388,10.160388,10.660388,9.320388,8.560389,7.370388,6.640388,4.810388,4.2803884,2.8603883,-3.3096118,-3.0496118,-2.5496118,-0.22961181,-0.9896118,0.100388184,-0.20961182
7.0503883,8.090388,5.460388,5.1303883,6.0503883,6.4703884,7.3603883,8.910388,9.590388,8.770389,7.9903884,8.040388,5.5503883,0.7803882,4.410388,7.370388,7.450388,8.210388,9.160388,9.670388,9.850389,9.500388,10.800388,9.810389,10.170388,9.870388,10.070388,-2.2696118,2.6003883,2.6003883,3.3803883,4.7603884,5.000388,5.430388,-2.8096118,-1.4396118,-0.059611816,0.55038816,0.14038819,0.9503882,2.4803882
7.2203884,8.150388,5.930388,8.220388,8.300388,7.270388,9.300388,9.000388,9.830388,10.830388,10.690388,7.9903884,7.310388,7.950388,7.0103884,7.200388,7.3403883,8.330388,8.6403885,9.220388,9.820388,10.1403885,10.080388,9.850389,9.860388,8.6403885,10.060389,-1.6696118,0.15038818,4.210388,5.450388,5.480388,5.0903883,5.920388,-1.0596118,2.4803882,-1.2296119,1.5803882,2.9203882,0.7703882,2.0903883
6.4003882,8.3903885,8.040388,7.7803884,8.520389,8.580388,9.560389,8.850389,10.320388,10.680388,9.900388,8.610388,8.680388,10.760388,8.180388,7.480388,7.730388,8.160388,8.970388,9.540388,10.570388,10.070388,10.510388,8.950388,7.670388,7.3203883,6.270388,3.4803882,5.480388,4.2803884,4.5503883,4.2403884,0.11038818,1.8703882,2.9903882,-4.2596116,-2.459612,0.34038818,-4.4096117,-3.8396118,-1.5896118
6.2803884,6.520388,7.7603884,7.940388,9.670388,9.530388,9.700388,9.780388,10.950388,9.560389,9.800388,7.420388,8.750388,9.020389,7.750388,8.8903885,9.080388,9.000388,8.870388,9.850389,9.670388,9.440388,9.920388,8.510388,5.9003882,6.3403883,4.660388,4.870388,4.480388,3.0903883,3.9903882,2.0903883,3.330388,2.7003882,-5.6796117,-2.8296118,-1.2596118,-0.08961181,0.54038817,0.74038815,1.1803882
5.460388,6.430388,6.6103883,7.170388,8.110388,10.010388,8.510388,9.170388,8.800388,8.970388,8.060389,10.480389,9.680388,11.580388,10.030388,10.820388,9.940388,7.930388,8.930388,11.440388,10.020389,9.630388,8.300388,7.1303883,5.160388,4.890388,3.6303883,4.250388,4.540388,3.3803883,2.8603883,1.9203882,-0.7196118,0.5303882,-0.8096118,0.08038818,-2.8996117,-0.50961185,0.8803882,1.1103882,1.1903882
5.870388,6.750388,7.560388,7.9003882,7.3803883,7.4703884,8.650388,8.740388,6.0703883,6.5703883,7.9903884,8.980389,11.3903885,10.060389,10.650388,9.870388,8.840388,7.1103883,9.120388,11.310389,9.860388,8.370388,5.7803884,6.080388,3.3803883,3.820388,2.9703882,2.5103881,2.300388,1.7703881,-0.7896118,-1.5896118,0.100388184,0.85038817,0.6903882,-2.0096118,-0.6696118,1.2203882,-0.12961182,0.61038816,0.07038818
5.9003882,6.2603884,6.670388,7.5103884,8.450388,8.220388,7.8003883,6.350388,4.8603883,6.540388,5.890388,7.190388,9.1403885,8.920388,7.3803883,7.100388,4.930388,7.5103884,9.010388,6.980388,6.420388,3.9703882,7.200388,4.170388,2.8903883,3.1703882,2.7203882,-0.019611817,0.100388184,-1.9196118,-0.43961182,0.5803882,0.8803882,0.47038817,-2.1596117,-3.4896119,-3.199612,-1.6596118,-0.8096118,-1.0596118,-0.029611817
5.1103883,5.5303884,6.290388,6.940388,7.0903883,5.250388,6.2803884,6.5703883,6.460388,5.500388,3.6003883,5.2803884,9.330388,6.120388,6.310388,2.0903883,3.790388,5.230388,4.2803884,3.4803882,-0.6196118,3.2003882,5.420388,3.3403883,2.560388,1.4203882,-4.059612,-3.6096117,-1.7396119,-2.2296119,-1.6396118,-1.2496119,-1.5796118,-2.3996117,-3.5196118,-2.3896117,-1.7096118,-1.6796118,-2.4796119,-3.4896119,-3.0096118
6.2603884,6.250388,8.120388,5.2603884,5.2203884,5.580388,6.000388,5.660388,6.2203884,3.550388,2.1203883,4.1503882,6.230388,5.330388,2.1103883,2.6703882,2.030388,4.3603883,3.580388,0.9603882,2.6603882,9.920388,2.5903883,0.5903882,-1.0196118,-4.0296116,-4.1996117,-2.5596118,-3.179612,-3.3096118,-3.0796118,-3.6596117,-4.149612,-3.6196117,-3.3296118,-4.089612,-2.1396117,-3.8196118,-3.0396118,-2.199612,-2.2696118
4.140388,6.230388,4.0503883,3.6403883,4.460388,4.640388,4.980388,6.0103884,6.850388,5.200388,3.540388,4.710388,5.410388,-0.36961183,0.3303882,1.9403882,0.3903882,1.5903882,2.2603881,-0.89961183,7.120388,5.450388,1.3603882,-3.7996118,-2.5896118,-3.419612,-3.2496119,-3.219612,-2.429612,-5.2596116,-4.2196116,-4.799612,-6.379612,-6.5096116,-5.7596116,-5.9296117,-4.6396117,-3.8496118,-3.5396118,-3.3596117,-2.169612
