wind_kz.json
{"header": {"discipline":0,"disciplineName":"Meteorological products","gribEdition":2,"gribLength":948,"center":7,"centerName":"US National Weather Service - NCEP(WMC)","subcenter":0,"refTime":"2023-08-25T12:00:00.000Z","significanceOfRT":1,"significanceOfRTName":"Start of forecast","productStatus":0,"productStatusName":"Operational products","productType":1,"productTypeName":"Forecast products","productDefinitionTemplate":0,"productDefinitionTemplateName":"Analysis/forecast at horizontal level/layer at a point in time","parameterCategory":0,"parameterCategoryName":"UnknownDiscipline_0_Category_0","parameterNumber":0,"parameterNumberName":"UnknownParameter_D0_C0_0","parameterUnit":"Unknown","genProcessType":2,"genProcessTypeName":"Forecast","forecastTime":0,"surface1Type":1,"surface1TypeName":"Ground or water surface","surface1Value":0.0,"surface2Type":255,"surface2TypeName":"Missing","surface2Value":0.0,"gridDefinitionTemplate":0,"gridDefinitionTemplateName":"Latitude_Longitude","numberPoints":615,"shape":6,"shapeName":"Earth spherical with radius of 6,371,229.0 m","gridUnits":"degrees","resolution":48,"winds":"true","scanMode":64,"nx":41,"ny":15,"basicAngle":0,"lo1":47.0,"la1":41.0,"lo2":87.0,"la2":55.0,"dx":1.0,"dy":1.0}, "data":
[rows 0 to 14 of 15, columns 0 to 40 of 41]
305.4533,292.8533,294.1533,300.05328,299.55328,298.8533,309.3533,317.4533,318.9533,321.05328,318.55328,318.8533,317.2533,316.05328,315.55328,315.2533,314.05328,313.4533,316.05328,315.55328,317.05328,311.55328,311.3533,307.1533,309.55328,312.05328,307.55328,292.8533,287.8533,290.05328,289.05328,285.4533,290.4533,307.1533,310.55328,308.9533,308.05328,308.6533,308.55328,308.1533,307.05328
283.3533,296.4533,299.7533,299.8533,300.05328,298.9533,314.3533,314.7533,313.2533,313.8533,316.55328,314.7533,313.7533,312.6533,313.6533,313.2533,313.2533,313.7533,313.55328,314.7533,315.6533,311.8533,310.3533,301.4533,293.9533,289.8533,302.4533,290.1533,292.7533,286.1533,291.2533,283.9533,293.05328,267.6533,286.2533,303.8533,303.4533,305.3533,308.1533,299.4533,285.8533
306.55328,299.2533,299.8533,299.9533,298.7533,305.55328,308.8533,311.8533,313.3533,313.8533,313.7533,313.9533,311.8533,312.2533,311.8533,312.05328,312.1533,312.4533,313.6533,314.7533,315.8533,312.05328,312.05328,306.9533,308.6533,308.3533,309.3533,308.3533,306.2533,291.2533,285.3533,286.8533,297.2533,296.8533,299.55328,298.1533,286.7533,287.8533,289.2533,285.05328,282.6533
309.2533,300.3533,300.1533,299.4533,301.2533,312.55328,312.7533,312.9533,313.55328,312.7533,312.3533,311.7533,296.8533,296.2533,309.55328,312.1533,312.1533,313.8533,315.2533,316.3533,311.9533,306.55328,310.9533,310.05328,309.55328,310.1533,310.6533,308.7533,309.4533,309.55328,310.8533,306.8533,311.9533,310.9533,309.1533,303.3533,289.3533,286.05328,290.2533,301.9533,305.05328
313.6533,300.2533,300.3533,300.05328,304.8533,309.6533,311.1533,312.7533,312.55328,310.3533,310.8533,310.2533,296.4533,297.3533,293.7533,312.1533,312.2533,308.2533,307.55328,307.1533,308.2533,309.2533,308.1533,308.55328,308.7533,309.1533,308.9533,305.6533,310.3533,309.1533,312.2533,309.6533,292.8533,283.9533,295.9533,306.55328,305.3533,311.8533,311.4533,309.9533,309.2533
312.4533,309.3533,298.6533,298.7533,299.6533,299.1533,311.05328,310.7533,310.05328,310.7533,311.1533,306.1533,297.2533,295.3533,301.4533,306.3533,310.1533,311.55328,311.2533,309.05328,305.55328,305.8533,305.2533,306.3533,306.1533,305.3533,306.8533,296.05328,308.55328,309.1533,309.4533,311.1533,308.9533,308.05328,305.8533,305.1533,299.2533,301.6533,309.3533,309.6533,306.7533
309.55328,309.6533,309.9533,309.9533,307.55328,308.3533,312.6533,310.55328,310.55328,309.05328,308.8533,305.3533,308.05328,309.6533,299.3533,308.1533,309.1533,308.05328,311.3533,309.1533,308.4533,307.55328,306.1533,305.2533,303.3533,303.6533,304.2533,305.8533,307.3533,308.2533,307.9533,308.55328,310.2533,309.3533,309.2533,306.55328,300.9533,297.2533,293.9533,290.3533,303.9533
302.6533,304.05328,298.1533,297.8533,304.6533,308.2533,299.55328,299.9533,297.4533,300.05328,305.6533,300.7533,297.7533,299.05328,303.1533,307.3533,310.2533,309.4533,309.2533,305.55328,304.4533,304.7533,303.05328,303.55328,301.55328,297.55328,298.05328,300.55328,299.05328,303.3533,303.55328,305.6533,305.3533,303.7533,304.1533,306.6533,305.55328,289.9533,306.4533,304.9533,301.7533
299.6533,295.55328,302.3533,297.7533,297.2533,296.9533,299.7533,303.4533,304.4533,303.8533,302.05328,297.3533,294.9533,308.9533,304.9533,305.9533,307.7533,308.55328,306.3533,301.1533,299.9533,300.9533,297.6533,301.4533,299.55328,298.6533,294.05328,290.7533,293.55328,291.4533,294.05328,294.2533,295.9533,298.9533,299.4533,298.1533,298.6533,296.9533,290.05328,288.55328,287.55328
304.7533,302.55328,295.6533,297.05328,298.4533,301.8533,292.9533,298.9533,298.6533,299.7533,298.8533,299.1533,300.05328,298.05328,300.3533,298.3533,302.2533,301.4533,302.9533,300.2533,300.8533,297.1533,297.55328,299.3533,299.2533,297.8533,296.4533,292.1533,291.7533,294.05328,292.9533,294.7533,296.3533,297.9533,298.1533,298.55328,297.1533,292.4533,291.1533,289.55328,287.55328
293.7533,299.8533,301.05328,300.05328,294.8533,291.7533,299.05328,289.3533,292.6533,291.6533,294.9533,296.8533,296.7533,292.1533,292.05328,293.4533,297.7533,295.9533,295.1533,295.9533,297.8533,297.3533,298.55328,297.3533,297.4533,296.7533,294.7533,296.3533,295.9533,296.7533,297.05328,297.1533,295.05328,295.2533,296.7533,296.9533,292.7533,291.4533,294.1533,291.7533,289.6533
294.1533,296.7533,293.55328,293.05328,291.6533,291.6533,290.8533,292.8533,295.6533,296.55328,293.3533,292.3533,294.8533,294.2533,295.05328,295.4533,295.05328,294.7533,291.6533,288.3533,291.7533,293.9533,296.8533,296.7533,293.3533,296.3533,295.9533,296.3533,296.4533,295.8533,294.6533,294.6533,293.8533,292.05328,294.3533,296.3533,297.8533,297.8533,295.1533,289.2533,290.1533
291.6533,291.05328,292.9533,292.7533,291.6533,295.4533,295.8533,297.9533,295.05328,293.4533,290.2533,287.3533,291.55328,292.8533,294.4533,294.05328,293.7533,291.2533,291.9533,290.2533,291.3533,292.9533,293.2533,294.6533,296.05328,296.3533,296.4533,294.7533,294.05328,293.55328,294.4533,293.3533,292.55328,292.4533,293.55328,294.4533,296.1533,299.8533,295.55328,291.3533,289.3533
289.6533,289.4533,291.1533,289.8533,290.6533,294.9533,295.3533,294.05328,292.4533,294.2533,288.9533,285.05328,290.6533,289.4533,291.55328,290.9533,291.7533,290.9533,289.7533,290.1533,291.7533,292.8533,293.7533,294.8533,295.1533,295.3533,294.6533,293.7533,293.1533,292.9533,292.55328,292.2533,289.05328,287.55328,290.4533,291.9533,296.3533,298.9533,298.1533,294.3533,291.4533
289.6533,290.6533,291.1533,292.1533,292.1533,288.05328,287.55328,286.55328,287.7533,291.05328,289.4533,286.2533,283.8533,286.1533,288.3533,289.3533,289.3533,289.05328,290.1533,290.1533,289.3533,290.6533,290.6533,290.3533,290.2533,293.7533,294.05328,293.3533,292.3533,292.2533,291.3533,287.9533,286.6533,286.6533,287.4533,288.6533,295.05328,297.1533,298.8533,299.3533,298.3533
