wind_kz.json
{"header": {"discipline":0,"disciplineName":"Meteorological products","gribEdition":2,"gribLength":871,"center":7,"centerName":"US National Weather Service - NCEP(WMC)","subcenter":0,"refTime":"2023-10-04T18:00:00.000Z","significanceOfRT":1,"significanceOfRTName":"Start of forecast","productStatus":0,"productStatusName":"Operational products","productType":1,"productTypeName":"Forecast products","productDefinitionTemplate":0,"productDefinitionTemplateName":"Analysis/forecast at horizontal level/layer at a point in time","parameterCategory":0,"parameterCategoryName":"UnknownDiscipline_0_Category_0","parameterNumber":0,"parameterNumberName":"UnknownParameter_D0_C0_0","parameterUnit":"Unknown","genProcessType":2,"genProcessTypeName":"Forecast","forecastTime":240,"surface1Type":1,"surface1TypeName":"Ground or water surface","surface1Value":0.0,"surface2Type":255,"surface2TypeName":"Missing","surface2Value":0.0,"gridDefinitionTemplate":0,"gridDefinitionTemplateName":"Latitude_Longitude","numberPoints":615,"shape":6,"shapeName":"Earth spherical with radius of 6,371,229.0 m","gridUnits":"degrees","resolution":48,"winds":"true","scanMode":64,"nx":41,"ny":15,"basicAngle":0,"lo1":47.0,"la1":41.0,"lo2":87.0,"la2":55.0,"dx":1.0,"dy":1.0}, "data":
[rows 0 to 14 of 15, columns 0 to 40 of 41]
287.6768,279.7768,284.1768,292.47678,292.47678,291.37677,290.57678,290.47678,288.37677,288.47678,286.07678,286.97678,285.37677,285.1768,285.6768,283.97678,284.37677,285.57678,284.47678,285.2768,285.97678,284.47678,284.2768,282.47678,284.47678,286.1768,283.1768,270.07678,269.6768,268.87677,270.87677,266.1768,280.57678,286.57678,287.1768,287.6768,286.1768,286.6768,287.97678,288.57678,286.47678
266.37677,283.7768,292.2768,292.07678,292.37677,290.6768,289.37677,287.7768,286.37677,285.97678,285.97678,284.87677,284.6768,283.7768,283.7768,284.47678,283.1768,283.87677,282.97678,282.87677,285.2768,284.57678,282.7768,279.1768,269.57678,270.1768,279.07678,273.47678,272.37677,267.2768,273.47678,267.07678,272.6768,247.87679,260.6768,283.47678,281.37677,284.6768,287.07678,280.1768,283.47678
285.6768,291.7768,291.87677,291.37677,289.87677,288.1768,287.07678,285.87677,285.07678,284.6768,284.2768,284.87677,283.2768,283.37677,284.6768,282.07678,281.47678,281.1768,281.47678,282.2768,281.97678,284.97678,286.07678,279.87677,280.37677,281.1768,283.6768,282.47678,281.7768,275.07678,268.07678,269.47678,274.7768,273.87677,276.07678,275.57678,265.6768,269.57678,269.97678,267.37677,268.97678
287.07678,290.57678,291.37677,290.57678,288.97678,287.6768,287.87677,286.87677,286.07678,285.2768,284.37677,283.37677,288.57678,288.07678,283.57678,282.37677,284.47678,281.6768,281.97678,282.87677,284.57678,279.87677,283.2768,284.2768,284.1768,284.7768,285.37677,283.47678,281.2768,281.6768,282.2768,279.7768,283.87677,281.7768,280.87677,278.6768,267.37677,259.07678,271.97678,280.57678,283.2768
289.2768,289.87677,290.1768,289.37677,288.87677,288.6768,288.87677,289.57678,287.87677,286.37677,285.87677,284.37677,287.37677,286.1768,284.97678,283.97678,283.6768,283.37677,281.7768,284.2768,284.57678,284.7768,283.1768,283.1768,282.7768,282.97678,281.57678,282.87677,282.57678,282.57678,284.37677,280.6768,269.87677,261.2768,273.97678,282.07678,285.37677,284.57678,286.1768,282.87677,283.1768
289.6768,287.6768,288.07678,288.47678,288.6768,288.07678,290.2768,290.57678,288.97678,288.2768,286.97678,286.1768,286.7768,286.97678,284.57678,282.37677,284.37677,282.47678,283.07678,283.57678,283.7768,283.47678,283.1768,283.47678,282.6768,281.57678,280.97678,285.57678,283.1768,283.57678,282.1768,282.97678,280.97678,278.97678,277.97678,281.07678,273.1768,274.57678,277.7768,280.57678,280.37677
287.07678,288.37677,289.7768,289.2768,287.6768,287.37677,288.07678,288.97678,289.47678,289.07678,287.7768,286.6768,285.97678,285.7768,284.97678,284.87677,284.1768,283.6768,281.57678,281.2768,281.87677,281.97678,282.7768,282.97678,281.87677,281.47678,281.2768,282.37677,280.6768,280.97678,280.6768,280.07678,279.97678,280.57678,279.87677,278.1768,273.87677,270.2768,267.57678,261.37677,276.87677
288.37677,286.97678,289.37677,289.2768,288.97678,288.1768,287.7768,287.37677,287.57678,287.07678,286.6768,286.47678,285.47678,285.57678,286.1768,286.37677,285.2768,284.87677,283.57678,281.07678,280.87677,280.57678,280.87677,281.07678,280.6768,278.57678,278.87677,278.97678,277.87677,278.97678,278.1768,278.7768,277.07678,276.07678,278.87677,276.97678,278.87677,283.7768,276.87677,276.7768,274.1768
286.7768,286.6768,287.57678,286.57678,287.47678,287.07678,285.47678,285.1768,284.6768,284.57678,285.07678,284.1768,284.7768,284.97678,285.07678,285.6768,284.87677,284.2768,283.57678,282.47678,280.57678,280.1768,280.97678,280.47678,279.1768,279.37677,277.47678,277.1768,276.47678,275.47678,275.97678,276.1768,280.57678,280.7768,281.1768,279.07678,277.6768,275.97678,258.1768,263.87677,260.2768
284.87677,285.47678,283.87677,283.87677,286.1768,286.97678,285.87677,284.97678,285.6768,285.97678,285.07678,284.37677,285.37677,285.87677,285.1768,285.07678,284.87677,285.97678,284.57678,285.87677,284.37677,283.2768,283.07678,282.6768,282.2768,280.47678,279.87677,279.7768,278.97678,278.6768,277.87677,279.47678,282.2768,281.87677,281.7768,280.57678,277.37677,273.37677,269.47678,266.1768,262.1768
283.47678,283.1768,283.7768,282.87677,282.87677,284.87677,284.97678,284.87677,283.47678,283.87677,283.47678,283.37677,284.37677,283.2768,283.6768,284.07678,283.97678,284.2768,284.47678,284.07678,284.7768,284.6768,284.57678,285.07678,285.47678,284.7768,282.97678,284.37677,284.2768,285.2768,282.7768,282.57678,281.1768,281.6768,282.87677,280.97678,274.6768,273.07678,271.2768,271.87677,266.47678
280.87677,281.47678,281.57678,281.1768,281.1768,281.47678,281.37677,281.07678,283.37677,282.2768,282.47678,280.47678,279.87677,279.87677,280.1768,280.6768,280.97678,280.87677,280.37677,280.47678,280.1768,280.37677,280.87677,281.57678,281.7768,282.87677,284.07678,284.1768,284.97678,284.37677,283.97678,285.37677,284.87677,281.57678,281.2768,280.97678,280.87677,281.1768,279.47678,279.7768,277.2768
279.37677,279.2768,280.1768,279.97678,280.37677,279.87677,278.97678,278.6768,278.1768,278.57678,276.57678,275.1768,278.2768,277.97678,279.6768,280.1768,279.87677,279.6768,280.37677,279.47678,278.87677,278.1768,278.07678,278.97678,280.1768,282.07678,283.6768,283.47678,283.1768,283.37677,283.1768,283.1768,284.1768,283.57678,283.07678,281.07678,280.6768,281.37677,279.6768,278.57678,277.87677
278.87677,279.87677,281.57678,279.57678,279.1768,278.47678,277.97678,278.1768,278.2768,278.57678,276.87677,274.57678,275.87677,278.47678,279.2768,279.47678,279.57678,278.1768,278.47678,278.2768,278.47678,277.87677,278.2768,278.57678,278.47678,278.97678,279.37677,280.57678,281.47678,282.57678,282.47678,281.47678,281.7768,281.7768,283.37677,281.6768,281.1768,279.87677,279.07678,277.37677,278.97678
279.07678,280.1768,283.2768,279.37677,278.87677,277.6768,278.1768,277.6768,278.37677,278.1768,277.07678,275.7768,275.2768,275.7768,277.07678,277.97678,278.47678,277.87677,278.57678,278.07678,278.37677,277.7768,278.1768,278.2768,278.2768,278.2768,278.47678,279.07678,279.2768,280.1768,280.7768,283.1768,280.87677,280.57678,282.1768,282.1768,282.37677,280.6768,280.57678,279.47678,278.7768
