wind.json
{"header": {"discipline":0,"disciplineName":"Meteorological products","gribEdition":2,"gribLength":1039,"center":7,"centerName":"US National Weather Service - NCEP(WMC)","subcenter":0,"refTime":"2023-06-30T06:00:00.000Z","significanceOfRT":1,"significanceOfRTName":"Start of forecast","productStatus":0,"productStatusName":"Operational products","productType":1,"productTypeName":"Forecast products","productDefinitionTemplate":0,"productDefinitionTemplateName":"Analysis/forecast at horizontal level/layer at a point in time","parameterCategory":0,"parameterCategoryName":"UnknownDiscipline_0_Category_0","parameterNumber":0,"parameterNumberName":"UnknownParameter_D0_C0_0","parameterUnit":"Unknown","genProcessType":2,"genProcessTypeName":"Forecast","forecastTime":120,"surface1Type":1,"surface1TypeName":"Ground or water surface","surface1Value":0.0,"surface2Type":255,"surface2TypeName":"Missing","surface2Value":0.0,"gridDefinitionTemplate":0,"gridDefinitionTemplateName":"Latitude_Longitude","numberPoints":688,"shape":6,"shapeName":"Earth spherical with radius of 6,371,229.0 m","gridUnits":"degrees","resolution":48,"winds":"true","scanMode":64,"nx":43,"ny":16,"basicAngle":0,"lo1":45.0,"la1":40.0,"lo2":87.0,"la2":55.0,"dx":1.0,"dy":1.0}, "data":
[rows 0 to 15 of 16, columns 0 to 42 of 43]
299.24683,290.24683,309.24683,316.34683,319.24683,297.64682,296.84683,295.74683,321.94684,328.64682,325.14682,326.34683,328.84683,329.14682,328.24683,323.44684,321.74683,320.84683,321.44684,323.0468,322.44684,321.14682,319.84683,321.14682,318.44684,316.24683,314.74683,303.24683,299.44684,304.74683,304.74683,319.5468,322.5468,321.0468,311.14682,315.14682,318.24683,324.64682,323.84683,330.24683,334.44684,332.84683,332.24683
296.14682,310.74683,312.14682,299.5468,307.64682,296.44684,296.34683,295.24683,315.94684,328.34683,327.14682,332.94684,324.34683,322.0468,323.44684,322.84683,322.5468,323.64682,322.5468,321.34683,328.0468,325.5468,334.74683,323.94684,320.0468,316.5468,319.84683,318.84683,313.5468,295.74683,297.84683,300.5468,299.5468,299.64682,309.34683,311.84683,320.24683,325.0468,326.24683,330.14682,326.44684,325.44684,327.24683
300.5468,294.24683,291.94684,301.74683,296.44684,296.5468,296.44684,294.44684,330.14682,328.0468,325.24683,325.0468,325.14682,325.14682,321.94684,320.64682,322.5468,325.14682,325.44684,327.5468,326.64682,327.74683,320.34683,321.5468,320.64682,308.5468,299.44684,296.34683,301.94684,298.5468,297.44684,291.74683,297.14682,285.5468,303.84683,273.24683,295.24683,316.24683,315.94684,319.34683,324.24683,315.0468,285.5468
296.94684,299.34683,308.34683,297.84683,297.44684,297.0468,296.14682,320.5468,320.44684,321.94684,323.84683,321.74683,322.24683,321.44684,319.34683,320.24683,320.94684,324.44684,326.5468,326.94684,327.24683,327.74683,327.5468,320.44684,320.5468,312.74683,321.0468,318.14682,318.0468,316.74683,313.94684,295.74683,290.64682,291.0468,298.14682,302.94684,307.5468,304.24683,297.5468,303.74683,303.84683,294.44684,292.94684
306.64682,310.34683,311.74683,298.24683,298.14682,297.44684,302.44684,321.0468,321.14682,323.74683,323.5468,323.24683,321.5468,319.44684,295.14682,294.74683,320.24683,323.64682,320.84683,323.34683,322.64682,323.94684,318.0468,317.0468,319.5468,320.24683,320.94684,316.24683,325.44684,320.5468,321.44684,324.84683,324.34683,314.14682,322.74683,325.74683,318.74683,315.5468,295.44684,297.5468,291.5468,311.84683,320.84683
310.94684,311.5468,315.5468,299.0468,298.84683,299.44684,308.24683,319.14682,321.94684,326.14682,322.84683,321.24683,321.44684,318.74683,295.74683,295.24683,292.34683,319.5468,319.84683,316.84683,315.24683,318.74683,320.24683,320.34683,320.44684,319.74683,321.64682,306.74683,322.0468,309.0468,323.44684,325.44684,326.34683,320.14682,300.64682,293.14682,300.5468,314.64682,310.34683,320.64682,323.14682,320.84683,320.14682
312.64682,315.64682,316.34683,310.24683,299.64682,298.64682,298.24683,297.74683,322.74683,319.64682,319.84683,320.84683,320.14682,319.14682,298.34683,294.94684,305.64682,315.34683,318.64682,317.74683,318.5468,318.74683,318.24683,318.64682,319.84683,320.44684,320.84683,305.74683,323.64682,292.94684,322.34683,325.74683,325.34683,325.0468,323.94684,321.74683,314.5468,313.64682,306.64682,303.74683,312.24683,324.14682,325.44684
313.0468,314.14682,313.24683,315.5468,316.44684,316.5468,312.64682,318.5468,319.34683,317.0468,315.94684,316.74683,318.84683,317.24683,317.14682,318.44684,318.0468,317.34683,318.64682,319.14682,317.64682,316.14682,317.74683,314.94684,316.94684,317.84683,307.84683,313.84683,314.24683,324.44684,325.74683,326.34683,317.24683,329.0468,326.94684,319.94684,316.64682,314.44684,307.14682,305.24683,293.14682,302.24683,321.84683
309.64682,311.5468,315.0468,316.24683,315.34683,315.74683,316.14682,315.5468,317.84683,315.64682,314.0468,314.14682,314.94684,314.94684,317.0468,315.24683,317.94684,316.24683,319.14682,316.44684,314.14682,311.24683,310.64682,314.84683,313.5468,312.84683,315.44684,298.34683,307.14682,319.34683,305.94684,325.14682,321.5468,321.0468,319.0468,313.44684,314.84683,320.94684,318.0468,288.74683,316.44684,312.64682,308.34683
294.64682,310.34683,312.14682,312.94684,314.0468,314.74683,314.34683,316.0468,315.14682,312.34683,311.14682,312.34683,312.0468,312.24683,312.44684,314.24683,313.84683,315.44684,315.44684,315.84683,311.94684,311.74683,304.74683,306.0468,305.14682,310.64682,309.0468,314.84683,309.14682,309.44684,310.84683,310.5468,310.24683,309.74683,308.5468,310.84683,309.24683,305.24683,308.44684,310.74683,296.64682,289.5468,296.34683
305.24683,307.14682,307.74683,310.34683,311.5468,312.24683,310.84683,313.64682,312.0468,310.44684,309.74683,309.84683,308.34683,307.94684,308.94684,309.14682,308.94684,309.5468,310.94684,311.64682,311.0468,310.0468,308.5468,307.84683,307.84683,309.94684,309.74683,310.5468,309.84683,309.14682,307.14682,305.94684,309.94684,310.34683,312.74683,311.5468,310.14682,307.14682,300.64682,296.5468,299.34683,296.5468,291.0468
300.14682,296.24683,304.14682,305.5468,307.0468,308.74683,307.34683,310.44684,309.14682,307.64682,306.44684,306.64682,305.0468,304.94684,307.44684,305.44684,306.14682,304.64682,304.94684,308.74683,309.14682,305.74683,306.34683,307.24683,307.5468,308.64682,306.94684,306.74683,303.84683,307.74683,309.94684,313.94684,315.0468,314.5468,312.74683,307.14682,303.64682,303.24683,297.0468,296.94684,297.34683,295.34683,293.5468
297.44684,299.34683,301.74683,302.74683,304.44684,304.24683,304.84683,305.84683,305.24683,303.94684,304.34683,304.94684,303.94684,301.0468,303.74683,302.74683,302.84683,303.94684,304.74683,305.64682,306.64682,305.44684,303.5468,303.94684,303.24683,305.24683,304.24683,304.64682,306.64682,309.74683,311.94684,312.14682,308.14682,309.94684,307.14682,305.64682,302.74683,302.74683,302.24683,303.34683,298.84683,297.44684,295.84683
297.34683,297.64682,298.84683,300.34683,302.94684,301.94684,300.64682,305.64682,303.64682,304.84683,304.5468,301.24683,300.0468,297.24683,300.44684,299.0468,300.74683,301.5468,304.0468,304.0468,304.24683,303.14682,302.64682,301.84683,300.74683,302.84683,306.0468,306.94684,309.5468,308.0468,307.44684,306.84683,308.74683,307.74683,305.14682,305.14682,303.74683,301.94684,301.24683,300.0468,298.34683,298.64682,291.64682
298.0468,297.34683,298.44684,299.74683,295.0468,300.84683,297.74683,298.14682,302.64682,299.74683,301.0468,301.34683,300.0468,300.74683,300.14682,300.14682,300.24683,301.14682,301.74683,303.24683,304.94684,304.34683,303.0468,302.0468,304.64682,304.64682,305.14682,306.74683,304.64682,303.44684,303.34683,304.74683,305.94684,306.44684,306.0468,304.44684,301.94684,302.34683,300.84683,299.74683,299.74683,298.34683,299.14682
297.64682,298.44684,298.64682,299.14682,291.44684,300.74683,302.64682,301.84683,302.34683,302.34683,302.0468,301.94684,301.44684,298.24683,298.14682,300.74683,301.24683,300.94684,301.5468,302.84683,304.94684,303.5468,303.74683,303.24683,303.84683,303.24683,303.24683,303.24683,302.5468,301.94684,301.34683,302.84683,301.34683,295.64682,304.84683,304.0468,303.44684,301.84683,300.24683,298.14682,299.84683,298.84683,298.64682
