wind_kz.json
{"header": {"discipline":0,"disciplineName":"Meteorological products","gribEdition":2,"gribLength":871,"center":7,"centerName":"US National Weather Service - NCEP(WMC)","subcenter":0,"refTime":"2023-09-10T06:00:00.000Z","significanceOfRT":1,"significanceOfRTName":"Start of forecast","productStatus":0,"productStatusName":"Operational products","productType":1,"productTypeName":"Forecast products","productDefinitionTemplate":0,"productDefinitionTemplateName":"Analysis/forecast at horizontal level/layer at a point in time","parameterCategory":0,"parameterCategoryName":"UnknownDiscipline_0_Category_0","parameterNumber":0,"parameterNumberName":"UnknownParameter_D0_C0_0","parameterUnit":"Unknown","genProcessType":2,"genProcessTypeName":"Forecast","forecastTime":300,"surface1Type":1,"surface1TypeName":"Ground or water surface","surface1Value":0.0,"surface2Type":255,"surface2TypeName":"Missing","surface2Value":0.0,"gridDefinitionTemplate":0,"gridDefinitionTemplateName":"Latitude_Longitude","numberPoints":615,"shape":6,"shapeName":"Earth spherical with radius of 6,371,229.0 m","gridUnits":"degrees","resolution":48,"winds":"true","scanMode":64,"nx":41,"ny":15,"basicAngle":0,"lo1":47.0,"la1":41.0,"lo2":87.0,"la2":55.0,"dx":1.0,"dy":1.0}, "data":
[rows 0 to 14 of 15, columns 0 to 40 of 41]
294.92657,284.92657,288.52655,296.62656,296.52655,295.52655,295.32657,298.12656,296.32657,296.22656,294.82657,296.12656,295.92657,295.72656,295.42657,293.62656,293.92657,293.82657,293.32657,292.62656,294.02655,292.02655,290.72656,287.12656,291.32657,291.62656,288.92657,277.02655,275.92657,276.32657,276.12656,278.12656,286.82657,293.02655,293.42657,293.32657,291.82657,291.72656,291.62656,290.52655,289.02655
276.52655,287.32657,295.92657,296.22656,295.92657,294.32657,297.02655,295.22656,293.72656,293.52655,293.32657,291.52655,291.12656,291.22656,293.52655,294.02655,293.12656,292.12656,291.32657,290.62656,294.42657,292.02655,291.12656,285.82657,277.12656,277.72656,286.72656,276.32657,276.52655,272.82657,278.82657,270.12656,279.72656,256.62656,275.92657,290.02655,288.32657,290.52655,293.02655,284.92657,283.72656
289.82657,295.42657,296.32657,295.92657,293.92657,294.72656,293.62656,293.32657,291.52655,290.62656,289.62656,289.92657,288.02655,289.32657,291.92657,289.82657,288.92657,288.32657,288.52655,289.32657,292.52655,288.82657,293.12656,286.72656,287.82657,285.92657,288.32657,288.42657,289.42657,282.92657,276.92657,276.32657,278.12656,281.42657,281.62656,282.72656,273.92657,277.52655,279.02655,274.12656,272.42657
292.22656,294.82657,295.82657,294.82657,293.32657,292.92657,293.32657,291.32657,291.52655,290.62656,289.82657,289.02655,292.22656,291.62656,289.72656,290.12656,290.02655,287.92657,288.02655,287.72656,288.02655,285.72656,288.82657,290.12656,290.82657,292.72656,292.12656,291.32657,290.92657,289.12656,290.62656,289.32657,293.22656,293.32657,292.52655,285.22656,277.62656,268.32657,278.62656,284.52655,287.22656
291.82657,292.52655,293.82657,292.32657,291.92657,292.62656,292.92657,291.72656,291.02655,290.82657,290.32657,289.02655,291.02655,289.92657,288.52655,290.52655,289.82657,289.32657,286.92657,289.42657,289.72656,289.72656,288.32657,288.72656,288.92657,288.92657,286.62656,287.42657,284.62656,285.92657,289.52655,287.12656,278.92657,271.32657,282.42657,286.92657,289.42657,290.82657,291.52655,291.82657,291.12656
290.42657,288.12656,291.62656,291.12656,291.72656,290.62656,292.12656,293.52655,291.32657,291.42657,291.22656,291.32657,290.82657,291.12656,290.12656,289.22656,291.32657,289.92657,290.52655,290.42657,289.22656,287.92657,286.92657,287.72656,286.92657,286.02655,287.52655,288.92657,287.22656,287.62656,284.92657,287.12656,285.02655,282.82657,283.92657,288.02655,282.82657,281.02655,289.42657,291.12656,290.72656
291.62656,288.72656,291.52655,291.82657,291.42657,291.52655,292.52655,291.62656,291.72656,291.82657,289.82657,289.92657,289.52655,289.62656,289.22656,290.02655,289.42657,290.52655,289.22656,288.62656,288.52655,288.42657,288.32657,287.82657,286.32657,286.32657,286.12656,286.62656,285.02655,285.02655,284.22656,284.02655,285.02655,285.12656,283.52655,283.22656,278.52655,276.32657,275.62656,274.92657,285.82657
290.72656,289.72656,291.82657,291.52655,292.72656,292.82657,291.22656,289.62656,288.32657,288.52655,287.62656,287.62656,287.32657,287.92657,287.82657,288.42657,288.12656,288.82657,288.52655,285.82657,286.02655,286.32657,285.72656,285.82657,284.52655,281.92657,282.52655,283.52655,282.72656,283.82657,282.92657,283.52655,280.92657,280.42657,280.42657,282.12656,283.92657,287.92657,287.42657,285.22656,282.32657
291.02655,290.32657,290.72656,289.82657,291.92657,290.82657,288.22656,288.62656,287.02655,285.62656,285.32657,285.42657,284.92657,285.72656,285.32657,286.12656,286.12656,286.12656,285.52655,284.32657,282.42657,282.52655,283.52655,283.42657,281.22656,281.62656,279.42657,279.12656,278.72656,278.72656,279.52655,280.02655,280.42657,281.52655,281.32657,279.92657,278.12656,280.12656,273.72656,270.42657,269.02655
290.02655,290.62656,290.72656,289.02655,290.02655,289.02655,287.52655,286.32657,285.52655,283.52655,282.92657,283.12656,283.32657,282.92657,283.32657,283.62656,283.32657,282.82657,282.42657,282.22656,281.02655,280.42657,281.22656,281.22656,281.02655,282.22656,281.22656,283.72656,281.22656,281.02655,282.82657,284.12656,284.62656,282.52655,281.22656,280.72656,279.62656,277.72656,275.72656,271.92657,269.82657
288.52655,288.72656,288.92657,289.72656,287.32657,286.82657,286.32657,284.52655,284.42657,282.92657,282.12656,281.42657,281.92657,281.42657,281.32657,281.62656,281.62656,281.62656,281.12656,280.12656,279.82657,279.32657,279.22656,278.92657,278.42657,278.32657,276.82657,279.12656,280.42657,281.02655,281.82657,282.22656,282.12656,284.22656,282.22656,281.02655,276.82657,274.12656,272.12656,273.62656,274.82657
289.72656,287.42657,289.82657,287.72656,285.12656,284.52655,282.52655,281.92657,281.32657,280.32657,277.42657,279.12656,280.92657,279.82657,280.02655,279.72656,279.72656,279.42657,279.62656,279.32657,278.22656,277.72656,277.52655,278.02655,277.32657,278.12656,278.32657,280.42657,280.72656,281.82657,279.82657,279.52655,280.72656,278.72656,279.72656,282.02655,281.52655,280.52655,278.62656,282.82657,279.62656
286.82657,284.22656,285.02655,284.02655,283.22656,282.82657,280.92657,280.52655,278.42657,277.72656,276.02655,273.82657,278.12656,277.22656,278.12656,278.32657,278.22656,277.82657,278.22656,277.02655,276.92657,278.82657,278.42657,275.92657,276.92657,277.82657,279.32657,279.02655,280.52655,278.92657,280.62656,279.32657,278.02655,277.92657,278.02655,278.62656,278.72656,280.52655,280.72656,280.22656,281.92657
280.22656,282.62656,284.72656,282.62656,280.62656,279.32657,279.32657,278.82657,277.82657,276.72656,275.62656,272.52655,273.62656,275.92657,276.52655,277.22656,277.32657,277.12656,280.12656,280.12656,280.32657,279.82657,279.82657,279.92657,280.32657,280.82657,279.52655,280.32657,279.32657,280.12656,278.12656,277.32657,276.82657,276.42657,277.02655,276.62656,277.82657,276.62656,278.32657,278.72656,280.12656
281.42657,283.02655,287.02655,280.62656,279.22656,277.62656,278.72656,276.32657,276.62656,275.32657,275.62656,273.02655,273.72656,273.82657,275.42657,275.22656,275.42657,278.12656,279.72656,278.42657,279.22656,278.72656,278.52655,278.12656,278.02655,278.42657,278.02655,277.32657,278.12656,277.42657,276.82657,279.42657,275.02655,274.72656,275.32657,276.42657,279.52655,274.62656,275.22656,278.52655,279.02655
