wind_kz.json
{"header": {"discipline":0,"disciplineName":"Meteorological products","gribEdition":2,"gribLength":1025,"center":7,"centerName":"US National Weather Service - NCEP(WMC)","subcenter":0,"refTime":"2023-09-25T06:00:00.000Z","significanceOfRT":1,"significanceOfRTName":"Start of forecast","productStatus":0,"productStatusName":"Operational products","productType":1,"productTypeName":"Forecast products","productDefinitionTemplate":0,"productDefinitionTemplateName":"Analysis/forecast at horizontal level/layer at a point in time","parameterCategory":2,"parameterCategoryName":"UnknownDiscipline_0_Category_2","parameterNumber":3,"parameterNumberName":"UnknownParameter_D0_C2_3","parameterUnit":"Unknown","genProcessType":2,"genProcessTypeName":"Forecast","forecastTime":300,"surface1Type":103,"surface1TypeName":"Specified height level above ground","surface1Value":10.0,"surface2Type":255,"surface2TypeName":"Missing","surface2Value":0.0,"gridDefinitionTemplate":0,"gridDefinitionTemplateName":"Latitude_Longitude","numberPoints":615,"shape":6,"shapeName":"Earth spherical with radius of 6,371,229.0 m","gridUnits":"degrees","resolution":48,"winds":"true","scanMode":64,"nx":41,"ny":15,"basicAngle":0,"lo1":47.0,"la1":41.0,"lo2":87.0,"la2":55.0,"dx":1.0,"dy":1.0}, "data":
[rows 0 to 14 of 15, columns 0 to 40 of 41]
1.3375463,-1.0324537,2.4675465,3.5575464,4.1575465,1.3275464,1.2775464,1.2475464,1.0575464,0.017546387,-1.1124536,-1.3524536,-1.9224536,-2.8224535,-3.5224535,-4.6524534,-5.2224536,-5.752454,-5.0924535,-2.5724535,-4.5724535,-4.732454,-1.1124536,-1.7624536,-1.7424536,-0.22245361,-1.6224536,0.8675464,0.27754638,0.0075463867,-4.0524535,-4.0124536,-0.3724536,-0.61245364,-0.4224536,-2.5324535,-7.1124535,-7.4924536,-6.5824537,-8.512454,0.9775464
3.2075465,0.047546387,5.787546,1.7475464,4.8875465,3.1675463,1.2575464,2.3975463,1.2675464,-0.022453614,-1.0524536,-2.2224536,-2.4724536,-2.2024536,-3.9624536,-3.7724535,-3.7524536,-5.5524535,-6.8724537,-3.9524536,-4.0124536,-6.1124535,-3.6724536,1.3175464,-0.7524536,-1.8424536,-1.9724536,-0.17245361,-0.9424536,0.8575464,1.8375463,2.3675463,-1.4224536,-4.522454,-6.0624537,-6.2424536,-11.372454,-6.3524537,-6.1924534,-6.5324535,0.0075463867
1.3075464,3.4875464,5.8775463,4.3575463,4.7375464,3.8075464,2.6375463,2.0675464,2.7075465,0.4775464,-0.9724536,-1.2524536,-1.4224536,-2.2324536,-2.5724535,-2.2724535,-2.9624536,-3.8224535,-4.752454,-4.3124537,-1.9424536,-2.4624536,-7.6024537,-2.0324535,-0.7624536,-0.38245362,-1.3224536,-0.8424536,-0.7224536,1.7175463,4.6675463,2.9075463,2.0475464,-1.6224536,0.24754639,3.3075464,3.7075465,-2.9524536,-0.62245363,-0.9124536,-1.7224536
2.4775465,3.7375464,5.207546,4.5075464,4.1275463,5.5875463,4.3175464,2.9775465,2.2675464,1.3275464,-0.10245361,-1.5924536,-2.5724535,-2.7224536,-1.8424536,-2.1524537,-2.2324536,-2.8124535,-3.6524537,-4.9524536,-4.2624536,-3.2324536,0.13754639,-2.7824535,-2.8324537,-3.0224535,-2.7324536,-1.5924536,0.21754639,-1.5124536,0.33754638,-0.14245361,-1.4824536,-1.0724536,-0.99245363,-1.0224537,1.6575464,3.6775465,1.6375464,3.0475464,0.4475464
2.1475463,2.0175464,2.5375464,3.2475464,2.5875463,3.3475463,3.2075465,3.4275465,3.6875465,2.2075465,1.0275464,0.4075464,-1.6224536,-3.6924536,-0.7824536,-0.86245364,-0.74245363,-1.2424536,-1.8324536,-2.1924536,-1.7224536,-0.8324536,-1.4024537,-2.2224536,-2.8424537,-3.0724535,-0.92245364,-0.2724536,-1.9024537,-2.8324537,-1.1824536,0.69754636,3.9275465,4.267546,-0.5324536,-0.7224536,-2.0624535,1.7775464,1.8475463,2.3275464,0.6775464
2.8575463,0.56754637,3.4075463,2.6575463,4.517546,3.7775464,3.7075465,4.227546,3.2275465,3.5975463,2.6275463,1.5075464,0.7375464,-0.47245362,-0.4924536,-0.7324536,-0.29245362,-0.11245361,1.0475464,0.12754638,1.6075463,2.0975463,0.8475464,0.23754638,-1.3124536,-2.0324535,-2.0224535,-0.7824536,0.7875464,-0.1624536,-1.1624537,-0.7924536,0.39754638,-0.62245363,1.9275464,4.9675465,2.5675464,0.2975464,-1.4024537,2.8275464,3.4175463
2.5275464,2.5975463,2.9675465,3.7075465,4.4375463,3.7675464,2.5875463,3.0475464,2.9675465,3.1775465,3.2875464,2.3975463,1.1975464,-0.07245361,1.0975463,1.0975463,1.5975463,1.5175464,2.5775464,2.7975464,2.7175465,3.3175464,3.3975463,1.7875464,1.4575464,-1.2524536,-1.8624536,-2.7924535,-0.17245361,0.6475464,0.3175464,-0.3324536,-0.24245362,1.2075464,1.4075464,-0.6624536,-0.22245361,1.2275463,-0.6624536,1.1675464,-0.10245361
4.0775466,2.7675464,3.2275465,3.5675464,4.1875463,3.3975463,3.0875463,3.0375464,3.1875465,2.6775465,2.1675463,0.7675464,-0.7124536,-0.9524536,-1.0924536,-0.6924536,-0.19245361,1.0175464,2.2275465,3.2775464,1.0775464,3.4875464,4.9875464,5.227546,3.4175463,1.3075464,0.3275464,-2.6224537,-2.4424536,-1.8724536,-0.29245362,1.1475464,0.017546387,-0.4824536,1.4975464,-0.19245361,-0.4624536,-2.7824535,-1.0424536,0.3875464,-0.4524536
5.7175465,5.2575464,4.6975465,3.8075464,3.6675463,3.8775463,3.8675463,3.5075464,3.0175464,2.5775464,1.3475463,-0.0024536133,-0.6024536,-0.74245363,-1.7624536,-1.8424536,-2.0024536,-1.5524536,-0.5424536,1.0875463,2.1575463,0.36754638,3.4675465,6.9875464,6.2175465,3.8975463,2.1475463,1.0575464,0.48754638,-0.7024536,-1.9724536,-1.9324536,-0.3924536,-0.61245364,-1.0024536,-2.1424537,-2.2824535,0.6175464,3.9575465,-0.10245361,1.3975464
4.8175464,5.8475466,5.4175463,5.247546,3.8475463,3.8975463,4.0675464,3.5675464,2.8175464,1.9375464,0.9875464,-0.17245361,-0.41245362,-1.2124536,-1.8824536,-2.1424537,-2.2124536,-4.6224537,-5.522454,-4.7824535,-3.8724537,-3.7924535,2.2775464,3.9475465,2.4875464,2.3175464,1.2475464,1.0075464,-0.3424536,-0.3624536,-0.3424536,-0.5124536,-0.11245361,0.30754638,0.8475464,1.2075464,0.69754636,0.4075464,1.8575463,3.2875464,2.4275465
4.207546,5.767546,5.6775465,5.0675464,3.6975465,3.7475464,3.7275465,3.1775465,2.1875465,1.0175464,0.5375464,0.42754638,-0.8424536,-1.6924536,-3.8024535,-2.1124537,-4.7624536,-6.5124536,-4.1924534,-3.3424537,-2.2224536,-1.1724536,-0.092453614,0.81754637,0.48754638,0.5275464,-0.21245362,-1.0124536,-1.0824536,-0.31245363,-0.3624536,-0.6924536,-0.8224536,0.5175464,1.8575463,2.5875463,2.6775465,1.8175464,1.9675463,1.4675463,1.2075464
2.9075463,4.287546,4.6675463,4.3675466,4.0975466,3.5175464,2.5275464,2.3675463,1.1075463,-0.052453615,0.42754638,-0.5924536,-1.1724536,-2.0524535,-2.9924536,-3.6224537,-3.8124535,-4.6524534,-3.1924536,-3.0124536,-1.8824536,-1.5924536,-1.3424536,-1.0024536,-1.5624536,-1.7724537,-1.6024536,-1.7424536,-1.3024536,-1.2824537,-0.9124536,-1.2724537,-0.68245363,-0.3424536,1.2175463,3.3275464,3.8575463,2.2575464,0.5475464,0.18754639,-0.22245361
2.7675464,3.1575463,3.8075464,3.4975464,3.5775464,2.1175463,1.9375464,2.1975465,1.3875464,1.4175464,0.3275464,-1.0124536,0.39754638,-0.7124536,-2.1224537,-1.7424536,-2.2324536,-2.0624535,-2.2124536,-2.1124537,-1.7924536,-1.4424536,-1.8124536,-1.5324537,-2.2624536,-2.2224536,-1.8824536,-1.6624537,-1.9624536,-2.3324537,-2.2724535,-2.3224535,-2.1024537,-2.2124536,-1.2524536,-0.9424536,-0.3624536,1.4975464,3.0075464,2.4075463,2.1175463
3.6375463,3.5075464,3.4175463,3.8775463,2.1475463,2.9475465,2.4575465,2.1075463,1.6175464,0.7075464,1.3375463,0.2675464,0.39754638,-1.1324536,-1.1324536,-0.38245362,-0.67245364,-1.0124536,-0.9424536,-1.3724536,-1.7524536,-1.6124536,-1.8924537,-2.5224535,-2.1824536,-2.7324536,-2.5924537,-2.7824535,-2.1324537,-3.0824537,-1.6124536,-1.6424537,-1.6424537,-2.0824537,-2.8724537,-3.2424536,-3.2324536,-2.9124537,-2.4424536,0.6575464,2.0375464
2.7875464,3.6675463,3.7175465,3.7375464,3.3275464,2.9875464,2.1975465,2.1875465,1.2075464,0.6875464,0.7175464,1.2475464,0.6075464,0.21754639,0.6075464,0.18754639,0.21754639,-0.10245361,-0.62245363,-0.8924536,-1.3224536,-1.5724536,-2.0324535,-2.0324535,-2.3024535,-2.2224536,-2.2624536,-2.6024537,-2.7024536,-2.8724537,-3.1424537,-3.8624537,-2.9224536,-2.8824537,-3.0124536,-3.3024535,-3.6824536,-3.7124536,-3.6124537,-3.6924536,-3.0324535
