wind_kz.json
{"header": {"discipline":0,"disciplineName":"Meteorological products","gribEdition":2,"gribLength":1025,"center":7,"centerName":"US National Weather Service - NCEP(WMC)","subcenter":0,"refTime":"2023-10-03T12:00:00.000Z","significanceOfRT":1,"significanceOfRTName":"Start of forecast","productStatus":0,"productStatusName":"Operational products","productType":1,"productTypeName":"Forecast products","productDefinitionTemplate":0,"productDefinitionTemplateName":"Analysis/forecast at horizontal level/layer at a point in time","parameterCategory":2,"parameterCategoryName":"UnknownDiscipline_0_Category_2","parameterNumber":2,"parameterNumberName":"UnknownParameter_D0_C2_2","parameterUnit":"Unknown","genProcessType":2,"genProcessTypeName":"Forecast","forecastTime":300,"surface1Type":103,"surface1TypeName":"Specified height level above ground","surface1Value":10.0,"surface2Type":255,"surface2TypeName":"Missing","surface2Value":0.0,"gridDefinitionTemplate":0,"gridDefinitionTemplateName":"Latitude_Longitude","numberPoints":615,"shape":6,"shapeName":"Earth spherical with radius of 6,371,229.0 m","gridUnits":"degrees","resolution":48,"winds":"true","scanMode":64,"nx":41,"ny":15,"basicAngle":0,"lo1":47.0,"la1":41.0,"lo2":87.0,"la2":55.0,"dx":1.0,"dy":1.0}, "data":
[rows 0 to 14 of 15, columns 0 to 40 of 41]
-1.3603516,-1.2503515,1.9496484,-1.0803516,-1.6803516,-0.40035155,0.48964843,1.5496484,1.0196484,1.8696485,2.8996484,2.8896484,2.7196484,1.7896484,2.0796485,1.4596485,1.9396484,0.9796484,-0.26035157,0.55964845,-1.6703515,-0.7203516,-0.36035156,-0.010351563,-0.98035157,-0.86035156,-1.6703515,0.6696484,0.95964843,0.7896484,-0.5803516,1.7596484,1.0296484,0.50964844,-2.8403516,-2.7603517,-2.1803515,-1.3003516,-3.3303516,-3.0003517,-2.0803516
2.7596483,2.3396485,0.67964846,0.9696484,0.81964844,0.9696484,1.3196484,0.73964846,3.1096485,3.1696484,3.4396484,2.3796484,2.6096485,2.6496484,2.7496483,2.7196484,1.9396484,-0.27035156,0.18964843,0.31964844,-0.13035156,1.1996484,0.10964844,-1.3703516,0.119648434,1.0596484,-0.22035156,1.3696485,0.5896484,-0.32035157,0.40964845,-0.56035155,1.9196484,-2.8103516,0.049648438,-0.06035156,0.12964843,-0.5903516,-1.1003516,1.7796484,-0.5203516
1.0196484,0.81964844,2.5496485,3.0896485,3.3096485,2.4496484,2.4296484,3.9096484,3.4696484,3.5296485,4.3496485,3.7596483,3.3196485,3.5796485,3.6996484,3.1096485,2.6796484,3.2696486,2.0996485,1.9296484,2.3196485,2.0496485,-0.80035156,2.4096484,0.39964843,-0.38035157,0.9096484,0.60964847,-1.5203515,0.34964845,-0.50035155,2.6196485,0.21964844,0.049648438,1.4296484,0.029648438,-1.0603516,0.37964845,-1.4003515,0.60964847,1.8896484
1.3696485,3.5596485,3.6296484,5.129648,3.8096485,2.3096485,3.0996485,3.6496484,4.2396483,4.3196483,4.3096485,4.4696484,5.4996486,4.9796486,3.7796485,3.1896484,3.2196484,2.4496484,1.8996484,2.2596483,1.6996484,0.9696484,2.3296485,3.0696485,2.9996483,2.4096484,2.3496485,-0.27035156,1.2496485,1.0096484,1.3496485,-1.7003516,-0.51035154,0.12964843,0.93964845,-1.4103515,-2.1103516,1.7196485,-0.27035156,-0.29035157,-1.6103516
3.0796485,5.4396486,5.8296485,6.4896483,4.0096483,3.4896483,3.6996484,4.3096485,4.0796485,4.5296483,4.5396485,5.7096486,6.129648,5.7196484,4.2496486,3.0596485,3.1996484,3.0396485,2.9596484,2.7596483,3.0496485,3.0696485,1.0096484,-1.1803516,-1.8203516,-1.6803516,-3.3803515,-2.2003515,-1.7803515,-1.3503516,0.14964844,-0.79035157,-1.9703516,1.3096484,-0.18035156,-0.79035157,-3.5103517,-3.4303515,-1.5603516,-2.0003517,-3.1703515
1.7896484,2.3796484,4.0496483,5.9396486,7.2596483,5.7696486,2.3396485,2.2096484,2.2496483,3.5296485,3.9796484,4.1396484,5.0496483,6.359648,5.4396486,2.8496485,2.9396484,3.0996485,2.8896484,3.2596483,2.2696486,1.9396484,0.51964843,-0.23035157,-1.0903516,-2.1403515,-1.3703516,-1.8203516,-1.8503516,-2.3203516,-2.8303516,-1.7003516,-2.2303514,-0.12035156,2.0096483,-5.6303515,0.73964846,-3.8603516,0.009648438,-2.6603515,-3.4503515
3.3196485,3.3196485,2.6396484,2.8196485,4.2696486,3.5096483,3.0796485,2.5996485,2.9896483,3.3596485,4.2996483,5.0096483,5.5796485,5.1496487,3.9396484,3.8696485,3.0496485,3.6296484,2.2996485,2.2296484,3.1496484,2.3996484,1.6796484,0.5296484,-0.19035156,-0.8503516,0.09964844,-0.87035155,-1.0503516,-2.1303515,-2.3703516,-2.8503516,-1.8103516,-1.8203516,-2.0503516,-0.73035157,-0.80035156,1.2596484,-2.7803516,1.8796484,0.22964844
3.9596484,4.3896484,4.5396485,4.3396482,4.379648,3.9696484,3.8996484,3.8896484,3.8396485,3.8696485,4.9496484,4.6596484,4.4096484,5.0296483,5.2096486,5.5996485,4.6896486,3.7396483,2.8596485,2.5196486,3.9896483,2.5596485,2.6096485,1.1096485,1.0296484,0.28964844,1.2896484,0.28964844,1.3296485,1.4396484,0.79964846,0.63964844,-0.29035157,-0.75035155,-2.0703516,-1.6403515,0.76964843,-4.3103514,-3.4303515,-3.2603517,-1.8903515
4.4596486,4.5596485,4.2796483,3.8796484,3.6696484,4.0896482,4.3096485,4.4796486,4.0196486,4.2696486,4.2796483,4.5696483,5.379648,4.3196483,3.8096485,3.9896483,6.4596486,4.7096486,4.1196485,3.6796484,5.0096483,3.2796485,2.9896483,2.6296484,2.2496483,1.3796484,1.7996484,0.60964847,2.9396484,1.2296485,2.6896484,2.0196486,1.7696484,-0.95035154,-1.8203516,-1.9603516,-1.1503515,-1.6303515,-1.0503516,-0.44035158,-1.5903516
5.3496485,5.5496483,6.0096483,5.4996486,4.1696486,3.9296484,4.0396485,4.6696486,4.7396483,4.4096484,4.2596483,5.1696486,3.9096484,3.8096485,5.109648,5.0796485,5.1396484,5.9196486,4.9396486,4.1896486,5.4396486,6.3496485,5.4396486,4.4496484,4.1796484,3.1396484,3.6496484,4.0896482,3.1496484,3.9396484,2.6296484,2.2996485,1.4696485,0.009648438,-0.98035157,-1.6503515,-2.6503515,-0.76035154,-1.0903516,0.48964843,-1.2603515
5.1596484,6.0596485,5.5796485,5.7396483,5.0496483,5.0796485,4.0996485,5.4696484,4.3196483,3.8096485,4.2496486,4.9096484,3.5196486,4.3096485,4.6596484,4.2596483,4.3396482,5.5496483,5.3396482,5.6196485,6.8196483,5.0296483,8.029649,5.8196483,5.3196483,5.2896485,5.9396486,5.4996486,5.6596484,2.9696484,3.2696486,2.2196484,2.0296485,0.35964844,-0.21035156,-1.5303515,-1.5303515,0.54964846,-1.2803515,0.5396484,-1.3003516
5.3096485,5.8696485,6.5696483,6.4796486,6.3196483,5.3096485,4.5996485,4.0096483,3.4496484,3.4096484,2.5296485,3.3896484,3.1296484,3.3896484,4.1596484,4.5896482,4.3296485,5.1396484,4.7896485,4.6596484,7.7696486,6.7596483,6.2296486,6.7796483,6.4696484,6.8296485,7.0796485,7.2896485,6.0596485,5.9996486,3.7096484,3.9096484,3.0496485,1.1396484,1.1996484,3.2596483,3.0896485,-0.63035154,0.009648438,-0.6003516,-0.55035156
4.879648,5.7096486,6.0996485,5.9596486,5.4796486,4.4996486,5.1396484,3.9496484,5.3096485,4.2196484,2.9496484,4.2896485,3.1096485,4.129648,4.6396484,4.5696483,4.0596485,4.0096483,5.0696483,4.379648,4.7496486,6.5896482,6.859648,7.8096485,8.399649,8.129648,7.4196486,7.3696485,6.9596486,5.379648,4.4496484,4.3296485,4.379648,3.4396484,2.9396484,2.8796484,3.7496483,2.5796485,0.80964845,-0.09035156,-0.82035154
5.379648,5.4796486,7.5796485,5.7496486,5.4096484,5.7596483,5.129648,5.5296483,4.8196483,4.3096485,2.8896484,4.1996484,5.4096484,4.9796486,4.5496483,4.5096483,4.4596486,4.0696483,3.7696486,4.5696483,5.0196486,5.7496486,5.859648,6.4696484,8.3096485,6.5896482,6.1796484,7.5496483,7.2096486,5.7296486,5.1996484,4.7696486,4.5596485,3.8696485,3.6996484,3.4596484,2.8196485,2.9896483,2.4796484,2.3696485,1.7896484
4.0696483,5.7596483,9.339648,5.7096486,5.4796486,6.7896485,5.9996486,5.3996487,5.8296485,4.5296483,2.8596485,4.7796483,5.0696483,4.4996486,3.4596484,4.2096486,4.6796484,4.5996485,4.2696486,5.2896485,4.8096485,5.1996484,4.4896483,4.7196484,5.8496485,5.8496485,7.859648,7.4496484,7.8196483,7.7096486,7.2896485,6.8296485,5.3196483,5.0996485,4.7496486,4.4496484,4.129648,4.7196484,4.4596486,3.9696484,1.1096485
