wind.json
{"header": {"discipline":0,"disciplineName":"Meteorological products","gribEdition":2,"gribLength":1125,"center":7,"centerName":"US National Weather Service - NCEP(WMC)","subcenter":0,"refTime":"2023-05-30T06:00:00.000Z","significanceOfRT":1,"significanceOfRTName":"Start of forecast","productStatus":0,"productStatusName":"Operational products","productType":1,"productTypeName":"Forecast products","productDefinitionTemplate":0,"productDefinitionTemplateName":"Analysis/forecast at horizontal level/layer at a point in time","parameterCategory":2,"parameterCategoryName":"UnknownDiscipline_0_Category_2","parameterNumber":3,"parameterNumberName":"UnknownParameter_D0_C2_3","parameterUnit":"Unknown","genProcessType":2,"genProcessTypeName":"Forecast","forecastTime":240,"surface1Type":103,"surface1TypeName":"Specified height level above ground","surface1Value":10.0,"surface2Type":255,"surface2TypeName":"Missing","surface2Value":0.0,"gridDefinitionTemplate":0,"gridDefinitionTemplateName":"Latitude_Longitude","numberPoints":688,"shape":6,"shapeName":"Earth spherical with radius of 6,371,229.0 m","gridUnits":"degrees","resolution":48,"winds":"true","scanMode":64,"nx":43,"ny":16,"basicAngle":0,"lo1":45.0,"la1":40.0,"lo2":87.0,"la2":55.0,"dx":1.0,"dy":1.0}, "data":
[rows 0 to 15 of 16, columns 0 to 42 of 43]
2.5986328,2.0586329,-2.491367,-0.4613672,1.8786328,3.4686327,2.1886327,0.45863283,1.8586328,4.688633,4.788633,4.098633,1.8286328,-0.8313672,-3.491367,-4.6813674,-5.7213674,-4.5513673,-2.4213672,-3.8713672,-5.361367,-5.3413672,-1.8313671,-4.111367,-2.6613672,-2.3713672,-2.8313673,-2.7813673,-2.8113673,-1.1513672,-2.6913671,2.748633,2.228633,1.7686328,-2.3313673,1.1386328,1.4586328,1.7986329,1.3686328,0.1986328,0.50863284,-0.6313672,0.81863284
-0.9813672,-0.9813672,0.8386328,2.238633,-1.7813672,6.7586327,4.0486326,1.2486328,2.748633,4.108633,4.558633,3.2986329,-0.4513672,-2.6513672,-4.5513673,-5.2813673,-4.9113674,-3.0513673,-1.8313671,-1.6313672,-2.9713671,-4.4313674,-5.351367,-3.2213671,3.4486327,0.7886328,2.0286329,0.7786328,1.9186329,0.50863284,-1.6613672,-3.0813673,-0.6513672,-1.1513672,-1.3813672,-1.7713672,-0.18136719,-1.4513671,0.2686328,1.7586328,2.3386328,4.3386326,3.2886329
0.14863281,2.488633,3.8486328,-1.2813672,-1.0013672,2.1486328,2.248633,-0.3913672,4.6786327,8.098633,5.1786327,1.8786328,0.4086328,-2.3013673,-4.5513673,-4.521367,-4.9913673,-2.6713672,-0.8313672,-2.2213671,-3.6613672,-3.3413672,-4.2013674,-5.7013674,-2.511367,-1.8213671,1.2986329,1.1786329,2.3686328,0.088632815,0.39863282,-0.8113672,-3.231367,-1.4413671,0.7886328,0.81863284,-0.6913672,1.6786329,4.458633,2.1286328,2.988633,2.3786328,-0.7513672
-2.1213672,-1.8913672,-1.7213672,-2.021367,1.9086328,2.3686328,1.5286328,3.1286328,6.2986326,8.108633,5.958633,2.0686328,-0.9013672,-1.5113672,-3.771367,-3.4613671,-3.5513673,-3.0813673,-3.4413671,-4.0913672,-4.881367,-7.5313673,-3.0813673,-5.3413672,-8.191367,-5.6813674,-2.5413673,-0.6413672,1.1086328,-0.93136716,1.6086328,-2.991367,-3.501367,-0.74136716,-1.2013671,0.8786328,0.07863281,-1.3213671,-1.7313672,-2.021367,-2.5613673,0.9786328,-2.3013673
-2.771367,-3.1113672,-2.8613672,1.3186328,4.688633,4.3386326,3.0586329,3.9386327,8.078632,8.048633,5.618633,3.4186327,1.1286328,-1.2313672,-3.2013671,-3.8913672,-1.7013671,-3.4613671,-5.3013673,-5.441367,-7.2613673,-7.651367,-6.7013674,-5.9313674,-5.331367,-7.151367,-1.5313672,-1.7513672,-3.001367,-0.25136718,-1.5713671,-0.4513672,2.2186327,1.0786328,1.9186329,0.20863281,1.1586328,2.2186327,1.7286328,-0.10136719,-1.9213672,-3.1713672,-3.7213671
-7.351367,-5.371367,-5.211367,-4.351367,-2.1413672,-1.3113672,3.2186327,5.0886326,7.8186326,6.7586327,4.8386326,3.0886328,2.3186328,-0.10136719,-1.8313671,-0.8813672,-1.3313671,-2.9713671,-4.2013674,-6.0313673,-6.9313674,-7.9513674,-7.131367,-6.831367,-8.151367,-5.541367,-4.671367,-0.7913672,-4.0513673,-6.6813674,-3.491367,-2.2013671,0.50863284,-1.6113672,-2.9113672,-4.131367,1.4986328,2.1086328,2.3386328,1.9186329,1.4486328,-2.7013671,-4.131367
-8.291368,-9.771367,-7.081367,-4.541367,-5.811367,-5.561367,-5.581367,-5.3213673,-0.32136717,1.2186328,2.9686327,1.9886328,1.2986329,0.7386328,1.4886328,0.9886328,0.14863281,-2.7013671,-4.901367,-5.7413673,-6.131367,-5.8213673,-4.851367,-5.311367,-5.381367,-5.581367,-4.961367,-4.2813673,-4.961367,-2.271367,-7.711367,-5.461367,-3.0613673,-3.6013672,-1.1413672,-0.8413672,-2.981367,-1.4013672,-4.5513673,-4.141367,-2.5313673,0.20863281,-0.2613672
0.36863282,-4.8413672,-6.381367,-6.081367,-5.001367,-2.8113673,-1.6613672,-0.68136716,-0.44136718,0.5886328,1.4086328,1.3586328,2.1886327,3.3386328,5.148633,2.4486327,-0.9113672,-2.8213673,-4.2213674,-5.1813674,-4.041367,-3.3813672,-4.311367,-5.371367,-6.3013673,-5.881367,-4.9913673,-3.8713672,-3.6813672,-5.521367,-6.501367,-6.4713674,-5.4913673,-1.9413671,-2.4513671,-0.93136716,0.69863284,-1.4813672,-2.6313672,-4.3413672,-3.751367,0.8786328,-1.2613672
-4.3013673,-4.9113674,-5.121367,-4.0513673,-2.2913673,0.14863281,1.8986328,1.5286328,2.018633,1.7386328,1.2586328,1.1086328,2.6786327,4.498633,2.738633,1.3586328,-1.1713672,-3.021367,-4.351367,-4.5913672,-4.351367,-3.4313672,-3.2213671,-4.271367,-5.061367,-5.3213673,-5.361367,-4.581367,-4.171367,-2.751367,-1.0713671,-4.461367,-6.0113673,-6.581367,-4.1613674,-6.541367,-3.8213673,-4.561367,-6.121367,-2.3213673,0.56863284,-1.3513672,-0.14136718
-5.6813674,-5.9513674,-5.4713674,-3.5313673,-1.7613672,-1.2513672,-2.6113672,-2.5913672,-1.1413672,0.9086328,0.8686328,1.2186328,2.7986329,3.978633,3.1486328,0.75863284,-1.6713672,-3.9113672,-4.541367,-4.421367,-4.4313674,-4.061367,-2.1313672,-3.4213672,-4.4913673,-4.651367,-4.7413673,-5.2013674,-4.381367,-4.021367,-4.6613674,-3.3313673,-4.871367,-6.621367,-5.891367,-7.5313673,-5.2813673,-5.901367,-4.3213673,-3.8213673,-3.9013672,-2.6513672,2.2786329
-4.631367,-6.641367,-4.891367,-3.6913671,-3.5313673,-3.8913672,-4.4313674,-4.021367,-3.1413672,-1.9413671,-1.1713672,0.7286328,2.758633,2.998633,1.6786329,0.10863281,-0.8113672,-1.9813672,-2.751367,-3.761367,-3.9613671,-3.271367,-2.8413672,-3.1013672,-3.4113672,-3.5913672,-2.9713671,-2.8513672,-3.8113673,-3.2013671,-4.041367,-4.311367,-5.581367,-6.121367,-6.271367,-6.041367,-5.2613673,-3.6713672,-1.2913672,1.8986328,1.1786329,-2.9713671,-2.4513671
-4.0113673,-5.581367,-5.171367,-4.3013673,-3.6113672,-3.251367,-3.5613673,-3.491367,-2.6513672,-1.5213672,-0.3413672,0.07863281,-0.041367188,-0.12136719,0.4786328,0.63863283,-0.2613672,-2.1313672,-3.1113672,-3.241367,-3.0613673,-2.9113672,-2.8313673,-2.8213673,-2.9113672,-3.0313673,-3.3713672,-3.501367,-3.2913673,-3.271367,-4.151367,-4.5313673,-5.941367,-6.7013674,-7.0913672,-5.561367,-5.441367,-3.5913672,-1.6013672,-1.9413671,-0.8813672,-0.8213672,-0.3013672
-1.8913672,-2.8313673,-3.9413671,-5.121367,-3.6313672,-3.4213672,-3.1813672,-3.2913673,-1.9913672,0.058632813,0.8086328,1.9286329,1.1886328,-0.29136717,-0.24136719,0.5186328,-0.47136718,-1.9113672,-2.1613672,-3.2013671,-3.021367,-2.521367,-2.2013671,-1.8113672,-1.9213672,-2.231367,-2.9413671,-3.241367,-3.9013672,-3.761367,-5.061367,-5.421367,-5.6613674,-6.751367,-5.5113673,-6.2213674,-4.901367,-6.061367,-5.7013674,-2.751367,-2.1413672,-2.1813672,-1.7013671
-0.10136719,-1.6913671,-2.4513671,-3.4013672,-2.021367,-2.021367,-2.0413673,-0.93136716,-1.2913672,0.3486328,1.3886328,2.1286328,1.1286328,1.0986328,0.45863283,1.1986328,0.8586328,-0.7713672,-2.0713673,-2.501367,-2.491367,-2.3013673,-1.7813672,-1.4913672,-1.8713672,-2.7813673,-2.8913672,-3.0913672,-3.9613671,-2.5813673,-4.961367,-4.5313673,-4.351367,-4.391367,-5.191367,-5.7813673,-5.5713673,-5.0113673,-6.651367,-4.601367,-5.1813674,-3.9313672,-2.4113672
0.6486328,-0.3913672,-0.9613672,-2.511367,-2.3113673,-2.751367,-2.4013672,-0.08136719,-0.4613672,-0.4313672,-1.8413672,-1.1513672,0.5386328,0.3586328,1.4186329,1.9086328,0.9286328,-1.3413672,-2.8713672,-3.0713673,-0.4813672,-0.80136716,-0.6213672,-0.8813672,-1.6513672,-1.7713672,-2.0913672,-2.751367,-1.9213672,-2.8313673,-2.8513672,-4.541367,-5.021367,-3.7113671,-4.251367,-4.541367,-4.7613673,-6.3213673,-5.2613673,-5.311367,-4.3213673,-4.211367,-2.261367
-0.9013672,-0.2613672,-0.21136719,-1.6413672,-2.9113672,-2.731367,-2.761367,-1.2713672,-1.2413672,-1.5013672,-1.0413672,-1.8413672,-1.1513672,0.06863281,-0.3913672,2.3186328,1.4886328,-0.4313672,-2.3013673,-2.511367,-1.9913672,2.768633,0.6686328,0.8586328,-0.8513672,-1.2013671,-0.7813672,-0.8413672,-1.7513672,-1.5313672,-2.1413672,-4.151367,-4.9913673,-4.651367,-3.8513672,-3.8413672,-3.251367,-5.001367,-5.6813674,-5.2813673,-5.2613673,-7.1613674,-4.891367
