wind_kz.json
[{"header":{"discipline":0,"disciplineName":"Meteorological products","gribEdition":2,"gribLength":948,"center":7,"centerName":"US National Weather Service - NCEP(WMC)","subcenter":0,"refTime":"2023-09-20T00:00:00.000Z","significanceOfRT":1,"significanceOfRTName":"Start of forecast","productStatus":0,"productStatusName":"Operational products","productType":1,"productTypeName":"Forecast products","productDefinitionTemplate":0,"productDefinitionTemplateName":"Analysis/forecast at horizontal level/layer at a point in time","parameterCategory":0,"parameterCategoryName":"UnknownDiscipline_0_Category_0","parameterNumber":0,"parameterNumberName":"UnknownParameter_D0_C0_0","parameterUnit":"Unknown","genProcessType":2,"genProcessTypeName":"Forecast","forecastTime":300,"surface1Type":1,"surface1TypeName":"Ground or water surface","surface1Value":0.0,"surface2Type":255,"surface2TypeName":"Missing","surface2Value":0.0,"gridDefinitionTemplate":0,"gridDefinitionTemplateName":"Latitude_Longitude","numberPoints":615,"shape":6,"shapeName":"Earth spherical with radius of 6,371,229.0 m","gridUnits":"degrees","resolution":48,"winds":"true","scanMode":64,"nx":41,"ny":15,"basicAngle":0,"lo1":47.0,"la1":41.0,"lo2":87.0,"la2":55.0,"dx":1.0,"dy":1.0},"data":[307.1,295.6,301.0,293.9,293.9,293.8,305.1,309.6,306.0,306.7,305.0,305.0,304.0,303.8,303.2,302.6,302.5,302.3,303.3,302.9,304.5,300.7,301.2,295.3,298.3,300.1,295.4,283.8,281.8,278.3,277.5,276.0,288.4,294.6,296.3,295.6,295.3,294.9,293.4,292.4,292.3,287.9,301.1,294.0,293.5,293.2,291.9,310.8,307.3,305.3,304.6,305.3,304.1,304.7,303.2,302.6,302.5,302.8,303.0,301.5,301.6,301.7,301.4,299.4,290.1,281.2,281.6,288.8,283.7,283.5,276.4,280.7,265.6,279.2,252.2,263.9,292.2,289.8,292.1,293.8,286.1,284.0,304.0,292.4,294.2,293.1,291.0,305.2,305.8,305.3,304.2,303.4,302.9,303.5,303.3,303.3,302.2,301.8,301.5,300.9,301.1,301.6,302.7,300.7,300.5,293.0,296.4,294.6,295.7,295.0,293.4,282.7,272.4,275.2,282.1,282.4,283.7,282.1,272.0,276.3,277.0,271.5,270.7,303.4,292.5,293.7,292.0,293.8,303.9,304.4,304.7,305.3,304.4,303.4,301.2,291.0,290.6,300.4,302.2,300.8,300.9,300.8,300.9,300.1,294.7,298.5,298.2,297.7,297.5,297.5,294.2,291.9,293.2,294.3,291.6,295.6,291.6,291.0,285.4,273.7,270.9,276.4,286.5,289.5,305.5,293.6,292.2,291.0,296.5,304.4,304.9,306.4,303.8,302.9,303.4,300.4,291.1,289.7,290.2,302.4,302.1,300.4,299.8,299.4,299.7,299.5,298.4,297.9,297.3,296.1,293.5,292.7,294.3,293.8,295.7,292.6,279.6,270.4,282.4,289.9,292.1,293.3,294.2,293.7,293.9,308.9,305.8,290.3,289.9,290.5,290.0,305.9,304.4,302.0,302.5,302.3,302.1,291.7,290.1,294.3,301.1,302.1,301.2,300.5,300.2,299.2,298.2,297.8,297.2,296.3,294.0,293.7,286.7,295.0,294.6,292.4,293.6,292.1,289.4,285.3,288.4,281.0,283.8,290.3,291.2,293.1,308.1,308.8,306.3,305.2,298.0,302.3,303.8,302.3,301.7,301.9,300.8,301.0,300.5,300.8,300.4,300.8,301.2,301.3,300.9,299.7,298.3,298.0,297.7,297.3,295.2,295.0,294.1,294.8,294.1,294.1,293.0,292.1,292.0,292.2,289.7,287.5,281.8,277.8,275.1,276.3,284.6,307.8,307.7,305.9,303.6,304.3,303.4,303.8,302.9,301.5,300.4,299.3,298.9,299.1,299.9,300.6,300.8,299.8,300.6,300.2,297.7,297.0,296.6,296.1,295.3,294.1,291.5,290.9,291.8,291.0,291.7,290.0,290.2,289.1,286.1,285.9,287.7,287.9,286.2,286.1,286.4,282.3,305.4,304.9,304.7,303.5,301.9,301.3,301.9,301.4,300.3,300.0,299.0,298.6,298.4,299.3,298.7,299.5,298.9,299.0,297.9,296.8,294.7,293.9,294.7,294.2,292.1,292.3,289.8,289.0,288.5,286.5,286.9,287.1,286.9,286.4,285.7,283.1,282.1,280.9,265.3,266.8,264.7,302.6,303.8,303.8,303.0,302.2,301.1,300.1,299.1,298.3,298.1,297.8,296.8,297.8,297.6,297.3,297.4,297.9,298.1,297.5,296.6,294.9,294.2,294.3,293.9,293.3,291.4,291.2,290.7,289.5,288.3,287.2,288.5,288.6,287.0,284.8,283.7,280.2,275.0,273.8,269.3,268.3,300.4,301.4,301.1,301.4,301.2,300.4,299.0,298.2,298.3,297.3,295.3,295.6,296.6,295.5,296.3,296.5,296.1,296.8,296.4,295.0,294.9,294.2,293.2,293.1,292.0,291.8,289.4,291.2,289.6,288.4,289.6,289.4,287.2,287.1,285.9,281.7,277.1,273.7,275.8,275.2,273.3,297.8,299.1,300.7,300.8,300.1,299.0,298.1,297.4,295.6,296.9,293.9,292.8,293.9,293.4,293.9,294.8,295.2,294.9,295.0,294.3,292.8,292.4,291.8,292.0,290.8,291.7,291.3,291.7,291.3,290.3,288.8,288.1,287.3,283.6,284.4,282.5,281.9,280.6,280.1,280.2,280.1,293.9,296.6,297.5,299.1,298.7,298.3,297.7,296.5,293.9,295.3,291.9,289.5,292.1,291.7,292.9,293.8,294.1,293.8,294.3,293.4,292.9,291.4,290.0,289.5,290.7,291.3,291.9,290.6,290.2,289.1,288.4,287.0,285.5,286.6,285.9,283.2,281.8,282.4,280.5,283.0,280.9,294.1,294.1,289.5,296.5,296.3,296.5,294.9,292.9,293.3,293.2,290.6,287.1,289.7,291.5,292.1,293.1,293.2,293.0,293.5,293.4,293.3,292.6,292.5,291.8,291.5,291.7,290.5,289.8,288.9,288.5,287.6,285.7,283.8,281.1,280.9,279.6,280.7,281.3,281.7,281.0,280.1,292.0,294.2,286.1,292.8,294.3,294.8,293.5,291.8,291.8,293.2,292.4,289.8,288.8,290.1,290.7,292.3,292.3,292.7,293.9,292.9,293.1,292.7,292.3,291.0,290.8,290.6,290.2,289.7,289.6,288.8,287.2,284.9,284.3,283.4,281.7,282.3,280.7,279.2,279.0,279.9,279.9]},{"header":{"discipline":0,"disciplineName":"Meteorological products","gribEdition":2,"gribLength":794,"center":7,"centerName":"US National Weather Service - NCEP(WMC)","subcenter":0,"refTime":"2023-09-20T00:00:00.000Z","significanceOfRT":1,"significanceOfRTName":"Start of forecast","productStatus":0,"productStatusName":"Operational products","productType":1,"productTypeName":"Forecast products","productDefinitionTemplate":0,"productDefinitionTemplateName":"Analysis/forecast at horizontal level/layer at a point in time","parameterCategory":2,"parameterCategoryName":"UnknownDiscipline_0_Category_2","parameterNumber":2,"parameterNumberName":"UnknownParameter_D0_C2_2","parameterUnit":"Unknown","genProcessType":2,"genProcessTypeName":"Forecast","forecastTime":300,"surface1Type":103,"surface1TypeName":"Specified height level above ground","surface1Value":10.0,"surface2Type":255,"surface2TypeName":"Missing","surface2Value":0.0,"gridDefinitionTemplate":0,"gridDefinitionTemplateName":"Latitude_Longitude","numberPoints":615,"shape":6,"shapeName":"Earth spherical with radius of 6,371,229.0 m","gridUnits":"degrees","resolution":48,"winds":"true","scanMode":64,"nx":41,"ny":15,"basicAngle":0,"lo1":47.0,"la1":41.0,"lo2":87.0,"la2":55.0,"dx":1.0,"dy":1.0},"data":[0.38146973,1.8814697,-1.8185303,-0.6185303,-2.2185302,2.9814696,-4.1185303,-4.71853,-5.21853,-4.1185303,-4.1185303,-3.5185304,-2.8185303,-1.8185303,-1.5185302,-2.0185304,-1.0185302,-2.2185302,-2.3185303,-1.9185302,0.5814697,-0.6185303,1.3814697,2.7814698,0.8814697,2.0814698,2.6814697,1.4814698,-0.31853026,0.8814697,-0.4185303,0.18146972,-1.2185303,-0.4185303,0.38146973,-0.31853026,-0.4185303,-0.81853026,-0.018530274,-1.3185303,-2.4185302,-1.0185302,-2.4185302,0.18146972,-2.5185304,-2.1185303,2.0814698,-2.5185304,-3.2185302,-3.3185303,-3.5185304,-3.1185303,-2.5185304,-2.2185302,-2.8185303,-2.5185304,-2.6185303,-2.0185304,-2.5185304,-2.2185302,-1.4185302,-0.9185303,-0.81853026,-0.6185303,1.1814697,0.5814697,-0.81853026,0.5814697,0.38146973,0.8814697,-0.31853026,-0.51853025,-1.5185302,2.2814698,-2.4185302,1.2814697,-0.7185303,0.38146973,1.2814697,-0.11853027,1.3814697,-3.4185302,0.38146973,-2.5185304,0.5814697,-1.2185303,-1.9185302,0.08146973,-1.7185303,-2.3185303,-2.5185304,-2.1185303,-2.9185302,-2.2185302,-2.9185302,-3.1185303,-2.6185303,-2.1185303,-3.4185302,-2.5185304,-1.3185303,-1.7185303,-3.4185302,-5.5185304,-4.6185303,-6.0185304,-2.7185302,-4.5185304,-2.3185303,-2.0185304,1.6814697,-1.5185302,-0.51853025,-2.1185303,0.5814697,-1.8185303,-3.0185304,-1.1185303,-0.018530274,-1.0185302,4.8814697,3.0814698,0.28146973,-2.0185304,-0.21853027,-1.2185303,-3.4185302,0.08146973,0.08146973,-0.81853026,-0.018530274,-0.9185303,-1.6185303,-1.0185302,-4.1185303,-3.6185303,-0.9185303,0.08146973,-2.7185302,-3.1185303,-3.2185302,-3.0185304,-6.0185304,-5.6185303,-7.1185303,-5.4185305,-6.1185303,-5.81853,-5.81853,-6.21853,-6.6185303,-5.5185304,-2.4185302,0.28146973,1.4814698,-0.6185303,0.18146972,-0.4185303,1.5814698,0.7814697,1.1814697,-0.9185303,-2.4185302,-3.6185303,-2.8185303,-2.3185303,-2.2185302,1.0814698,0.98146975,-0.81853026,0.08146973,-0.31853026,-1.1185303,-0.4185303,-0.31853026,-3.7185302,-0.51853025,-1.0185302,2.1814697,-1.6185303,-2.4185302,-3.6185303,-3.9185302,-4.21853,-5.31853,-5.6185303,-5.5185304,-5.71853,-6.6185303,-6.81853,-6.4185305,-5.4185305,-5.4185305,-4.71853,-5.0185304,-3.2185302,-0.6185303,-0.4185303,-3.0185304,-1.0185302,0.5814697,-0.51853025,-2.5185304,-0.11853027,0.8814697,0.08146973,-1.0185302,-1.7185303,0.38146973,0.98146975,-1.1185303,2.1814697,0.28146973,-0.21853027,-0.4185303,-0.21853027,-0.4185303,0.48146972,0.68146974,2.5814698,-1.5185302,-1.1185303,-2.5185304,-3.2185302,-3.3185303,-3.9185302,-3.6185303,-3.3185303,-3.4185302,-5.0185304,-6.31853,-6.0185304,-4.21853,-5.5185304,-6.0185304,-5.5185304,-4.81853,-4.81853,-3.6185303,-2.5185304,1.8814697,-1.1185303,0.98146975,-3.4185302,-4.21853,-2.0185304,2.4814696,1.5814698,1.1814697,1.9814698,1.0814698,2.2814698,3.2814698,1.3814697,1.4814698,0.68146974,0.7814697,0.7814697,0.8814697,0.5814697,0.68146974,0.38146973,-0.9185303,-0.7185303,-0.21853027,-2.5185304,-3.1185303,-3.0185304,-2.5185304,-2.3185303,-2.5185304,-2.7185302,-3.7185302,-3.7185302,-2.3185303,-2.6185303,-3.6185303,-3.5185304,-2.9185302,-1.7185303,0.28146973,0.48146972,0.28146973,-1.3185303,1.2814697,0.48146972,2.4814696,4.18147,2.3814697,2.3814697,3.3814697,2.6814697,4.18147,3.4814696,3.1814697,3.0814698,2.4814696,2.8814697,3.1814697,2.3814697,2.3814697,1.5814698,0.98146975,0.5814697,0.5814697,0.8814697,0.68146974,-0.4185303,-1.6185303,-1.3185303,-0.7185303,-0.6185303,-0.21853027,-0.9185303,0.08146973,-1.9185302,-2.0185304,-0.9185303,-1.1185303,-0.4185303,-2.4185302,-0.4185303,-3.2185302,-2.7185302,2.4814696,3.8814697,4.78147,2.5814698,5.3814697,3.9814696,4.28147,3.6814697,4.5814695,5.4814696,4.3814697,4.0814695,4.4814696,4.0814695,4.0814695,4.18147,3.7814698,2.6814697,2.1814697,1.4814698,2.0814698,1.6814697,0.5814697,0.38146973,1.0814698,0.28146973,0.18146972,0.28146973,1.4814698,0.7814697,1.0814698,1.5814698,1.4814698,0.18146972,0.48146972,-1.5185302,-1.6185303,-1.6185303,-0.31853026,-0.7185303,-0.4185303,-1.4185302,-1.8185303,1.0814698,-1.6185303,5.9814696,6.28147,4.4814696,4.8814697,4.4814696,4.78147,5.18147,4.9814696,5.0814695,4.68147,5.0814695,5.18147,4.68147,2.8814697,3.3814697,2.8814697,2.6814697,2.2814698,1.6814697,1.1814697,1.4814698,0.68146974,0.48146972,1.3814697,0.8814697,1.7814697,1.7814697,1.7814697,2.0814698,0.7814697,-0.9185303,-1.7185303,-1.6185303,-0.51853025,-0.81853026,-2.1185303,0.28146973,-0.81853026,-0.9185303,-0.31853026,-0.6185303,5.3814697,5.78147,6.8814697,4.5814695,4.9814696,5.28147,6.18147,5.28147,5.4814696,5.28147,4.68147,4.3814697,4.3814697,4.3814697,3.4814696,3.5814698,3.1814697,3.1814697,2.3814697,2.4814696,2.2814698,1.5814698,1.2814697,1.7814697,1.4814698,1.7814697,1.8814697,1.8814697,1.1814697,-1.4185302,1.2814697,-1.2185303,-0.11853027,-0.21853027,-0.51853025,-0.51853025,-0.21853027,0.5814697,0.18146972,0.5814697,-0.21853027,5.18147,5.9814696,6.28147,7.18147,5.4814696,5.5814695,6.4814696,5.8814697,4.68147,4.78147,4.3814697,4.18147,3.9814696,4.18147,4.3814697,3.5814698,3.4814696,3.3814697,3.2814698,2.9814696,3.0814698,2.4814696,2.1814697,2.1814697,2.1814697,2.4814696,2.1814697,1.7814697,1.3814697,0.18146972,0.68146974,-0.31853026,-0.11853027,0.08146973,-0.018530274,0.48146972,1.5814698,1.3814697,-1.3185303,-0.7185303,0.18146972,4.28147,5.5814695,6.18147,6.8814697,5.78147,4.0814695,6.28147,5.9814696,6.8814697,3.4814696,2.7814698,3.1814697,3.3814697,3.8814697,3.7814698,3.4814696,3.4814696,3.0814698,2.2814698,3.1814697,3.2814698,3.0814698,2.3814697,1.9814698,2.8814697,2.5814698,2.3814697,1.9814698,1.5814698,0.7814697,0.98146975,-0.11853027,-0.11853027,0.18146972,0.8814697,1.1814697,1.5814698,0.48146972,2.7814698,1.9814698,0.5814697,5.9814696,5.3814697,6.18147,6.68147,6.18147,6.28147,5.18147,4.78147,4.5814695,4.4814696,2.5814698,2.0814698,4.28147,3.3814697,3.3814697,3.6814697,3.1814697,2.9814696,3.2814698,3.4814696,3.9814696,3.3814697,3.5814698,2.5814698,2.2814698,1.9814698,1.6814697,1.6814697,2.1814697,1.7814697,1.2814697,0.5814697,0.48146972,0.48146972,1.4814698,1.8814697,1.4814698,1.8814697,1.7814697,1.6814697,1.5814698,4.5814695,7.28147,5.68147,5.68147,6.28147,5.3814697,6.18147,5.3814697,4.5814695,5.68147,2.6814697,4.5814695,2.0814698,2.2814698,2.7814698,3.2814698,3.3814697,3.1814697,3.2814698,3.4814696,3.4814696,3.8814697,3.0814698,2.3814697,2.0814698,2.0814698,2.2814698,2.3814697,2.2814698,2.2814698,2.0814698,2.3814697,1.3814697,1.9814698,1.9814698,3.6814697,2.0814698,3.5814698,3.0814698,2.6814697,-0.018530274]},{"header":{"discipline":0,"disciplineName":"Meteorological products","gribEdition":2,"gribLength":794,"center":7,"centerName":"US National Weather Service - NCEP(WMC)","subcenter":0,"refTime":"2023-09-20T00:00:00.000Z","significanceOfRT":1,"significanceOfRTName":"Start of forecast","productStatus":0,"productStatusName":"Operational products","productType":1,"productTypeName":"Forecast products","productDefinitionTemplate":0,"productDefinitionTemplateName":"Analysis/forecast at horizontal level/layer at a point in time","parameterCategory":2,"parameterCategoryName":"UnknownDiscipline_0_Category_2","parameterNumber":3,"parameterNumberName":"UnknownParameter_D0_C2_3","parameterUnit":"Unknown","genProcessType":2,"genProcessTypeName":"Forecast","forecastTime":300,"surface1Type":103,"surface1TypeName":"Specified height level above ground","surface1Value":10.0,"surface2Type":255,"surface2TypeName":"Missing","surface2Value":0.0,"gridDefinitionTemplate":0,"gridDefinitionTemplateName":"Latitude_Longitude","numberPoints":615,"shape":6,"shapeName":"Earth spherical with radius of 6,371,229.0 m","gridUnits":"degrees","resolution":48,"winds":"true","scanMode":64,"nx":41,"ny":15,"basicAngle":0,"lo1":47.0,"la1":41.0,"lo2":87.0,"la2":55.0,"dx":1.0,"dy":1.0},"data":[2.403839,2.3038392,-2.8961608,2.503839,3.503839,-0.09616089,1.5038391,2.003839,1.1038392,0.50383914,-1.2961609,-1.5961609,-2.1961608,-2.296161,-3.596161,-3.6961608,-3.996161,-2.096161,-3.296161,-3.596161,-2.596161,-2.496161,-1.8961608,1.9038391,2.8038392,1.4038391,1.0038391,-1.0961609,-1.8961608,2.503839,2.1038392,1.7038391,-0.29616088,0.0038391114,0.50383914,2.003839,-0.3961609,-2.1961608,-2.8961608,-1.0961609,-0.99616086,-2.496161,-1.2961609,-2.8961608,4.103839,4.103839,1.8038391,2.503839,2.1038392,2.503839,0.9038391,0.20383911,-0.7961609,-1.9961609,-2.596161,-3.796161,-3.296161,-1.5961609,-1.2961609,-3.296161,-4.596161,-4.596161,-2.596161,-3.1961608,-2.496161,2.8038392,1.8038391,1.2038391,1.1038392,-1.0961609,-1.9961609,-1.4961609,0.6038391,0.50383914,-1.9961609,-1.4961609,-0.8961609,1.3038391,1.6038392,1.6038392,0.9038391,-0.5961609,-4.2961607,-1.0961609,-0.3961609,5.2038393,4.803839,3.3038392,2.1038392,2.8038392,3.1038392,1.7038391,-0.19616088,-1.0961609,-2.1961608,-1.4961609,-2.496161,-4.096161,-3.496161,-3.3961608,-4.496161,-1.8961608,-2.496161,-5.196161,-3.8961608,-1.3961608,-2.996161,-1.8961608,-1.9961609,-2.296161,-0.19616088,-1.7961609,0.50383914,-0.8961609,-2.1961608,1.7038391,-0.5961609,-0.99616086,-1.2961609,-3.596161,-0.7961609,0.50383914,-1.8961608,-4.7961607,-3.796161,0.50383914,5.603839,5.603839,4.903839,3.703839,3.8038392,3.003839,1.9038391,0.8038391,0.30383912,-2.8961608,-4.596161,-6.396161,-2.3961608,-3.1961608,-3.996161,-5.196161,-5.996161,-4.596161,-2.496161,-0.8961609,-2.1961608,-2.6961608,-3.596161,-3.596161,-3.296161,-2.3961608,-2.996161,-2.596161,-0.09616089,1.9038391,-0.19616088,-2.6961608,0.6038391,0.103839114,0.9038391,-0.4961609,-1.3961608,-0.19616088,-1.2961609,-0.8961609,1.8038391,3.6038392,2.403839,3.3038392,3.903839,2.903839,2.703839,1.3038391,2.1038392,2.003839,-0.29616088,-1.1961609,-3.296161,-1.3961608,-1.7961609,-3.296161,-2.296161,-1.7961609,-0.8961609,-0.19616088,-0.3961609,-0.8961609,-1.3961608,-2.1961608,-4.196161,-2.496161,-2.496161,-3.3961608,-4.196161,-4.696161,-1.3961608,0.30383912,0.4038391,2.3038392,0.103839114,0.0038391114,0.6038391,-1.8961608,-1.8961608,-0.8961609,1.9038391,3.003839,2.6038392,1.2038391,1.0038391,1.9038391,3.8038392,3.8038392,2.6038392,2.503839,3.1038392,2.1038392,1.2038391,-2.296161,0.4038391,-0.09616089,-0.6961609,-0.99616086,-0.19616088,-1.3961608,-1.2961609,-0.19616088,0.0038391114,-0.09616089,0.4038391,-0.99616086,-4.996161,-1.8961608,-3.096161,-2.996161,-4.7961607,-2.996161,-3.496161,-0.8961609,-0.4961609,-0.99616086,-1.0961609,2.703839,0.20383911,-0.99616086,1.0038391,0.4038391,3.003839,5.003839,5.103839,4.803839,4.003839,4.503839,4.403839,3.703839,3.1038392,3.003839,2.6038392,3.1038392,2.703839,0.6038391,0.0038391114,0.6038391,0.20383911,-0.29616088,-0.09616089,-0.5961609,-0.7961609,0.4038391,0.8038391,0.103839114,0.8038391,2.903839,0.0038391114,0.0038391114,-1.6961609,-2.496161,-3.096161,-2.6961608,1.7038391,0.4038391,0.8038391,-1.8961608,-0.8961609,0.9038391,-4.896161,-0.6961609,2.1038392,1.9038391,3.203839,5.903839,6.503839,5.803839,5.303839,5.103839,4.803839,4.403839,3.203839,2.903839,2.703839,2.3038392,2.3038392,1.5038391,0.8038391,0.20383911,1.0038391,0.50383914,0.8038391,0.4038391,0.50383914,0.50383914,0.20383911,0.6038391,0.6038391,1.1038392,-1.4961609,-1.7961609,-1.0961609,-2.296161,-3.496161,-2.596161,-1.2961609,-0.8961609,-0.6961609,1.0038391,0.9038391,-0.4961609,-1.4961609,1.0038391,1.8038391,2.703839,3.1038392,4.003839,5.103839,5.403839,5.003839,4.903839,4.2038393,4.2038393,3.403839,4.003839,3.503839,3.403839,3.003839,2.3038392,1.5038391,0.6038391,0.9038391,1.6038392,1.1038392,0.30383912,1.2038391,1.1038392,1.1038392,0.4038391,-1.3961608,-1.6961609,-0.99616086,-1.7961609,-2.096161,-1.6961609,-2.1961608,-1.9961609,-0.3961609,-2.096161,-2.496161,-1.1961609,-2.6961608,-1.9961609,-0.09616089,1.0038391,1.4038391,3.3038392,4.103839,4.803839,5.003839,5.003839,4.2038393,4.7038393,4.303839,4.2038393,4.403839,4.003839,3.6038392,3.3038392,3.203839,2.8038392,2.003839,1.0038391,0.9038391,1.1038392,1.2038391,0.50383914,0.103839114,0.30383912,0.0038391114,-0.4961609,-0.6961609,-0.4961609,-1.8961608,-0.09616089,-0.6961609,-0.3961609,-0.5961609,-0.7961609,-1.2961609,0.50383914,0.50383914,1.3038391,-2.8961608,-1.6961609,0.8038391,2.3038392,1.8038391,3.903839,4.7038393,5.303839,5.303839,5.303839,4.603839,3.903839,3.8038392,3.8038392,4.503839,4.003839,4.2038393,3.6038392,3.3038392,3.003839,2.403839,2.203839,1.9038391,1.4038391,1.3038391,1.0038391,0.30383912,0.50383914,-0.4961609,0.103839114,-0.7961609,1.0038391,0.30383912,1.4038391,1.7038391,0.8038391,0.8038391,1.8038391,1.8038391,0.6038391,0.103839114,-3.096161,-2.496161,-0.3961609,1.0038391,2.703839,2.3038392,3.8038392,5.2038393,5.303839,5.103839,5.303839,5.003839,4.403839,4.2038393,4.003839,4.103839,4.2038393,3.703839,3.8038392,3.6038392,2.8038392,3.1038392,2.403839,1.9038391,1.8038391,1.3038391,1.2038391,1.1038392,1.1038392,2.1038392,2.3038392,2.503839,1.6038392,1.3038391,2.003839,1.8038391,0.30383912,-0.4961609,1.4038391,-0.99616086,-1.0961609,-2.596161,-3.1961608,-2.296161,0.0038391114,1.0038391,1.4038391,2.703839,4.303839,6.2038393,6.303839,4.403839,4.103839,5.003839,4.803839,4.503839,4.003839,4.103839,3.703839,4.103839,3.003839,3.703839,3.3038392,2.503839,2.8038392,2.1038392,2.203839,1.6038392,1.8038391,1.9038391,2.8038392,2.703839,3.203839,2.703839,2.403839,2.203839,2.1038392,2.203839,1.6038392,0.4038391,2.1038392,1.2038391,-1.7961609,-1.4961609,-3.796161,-2.1961608,-1.5961609,0.7038391,2.903839,4.603839,4.003839,5.103839,4.403839,3.503839,5.003839,5.003839,4.903839,4.503839,4.2038393,4.303839,4.003839,3.703839,3.8038392,3.3038392,2.8038392,3.1038392,3.003839,2.6038392,2.8038392,2.903839,2.403839,2.903839,3.403839,3.703839,3.703839,3.8038392,2.403839,2.8038392,2.1038392,1.7038391,1.7038391,1.8038391,2.1038392,-0.7961609,-2.3961608,0.0038391114,-2.296161,-2.596161,-0.09616089,0.9038391,4.003839,4.103839,3.8038392,5.2038393,6.2038393,3.403839,3.8038392,5.7038393,5.103839,4.803839,4.503839,4.803839,4.2038393,3.8038392,3.3038392,3.1038392,3.003839,3.1038392,3.203839,3.003839,2.8038392,3.1038392,3.203839,3.703839,4.103839,3.703839,4.003839,4.503839,3.703839,3.8038392,4.303839,3.203839,3.8038392,1.9038391]}]