wind_kz.json
{"header": {"discipline":0,"disciplineName":"Meteorological products","gribEdition":2,"gribLength":871,"center":7,"centerName":"US National Weather Service - NCEP(WMC)","subcenter":0,"refTime":"2023-08-21T00:00:00.000Z","significanceOfRT":1,"significanceOfRTName":"Start of forecast","productStatus":0,"productStatusName":"Operational products","productType":1,"productTypeName":"Forecast products","productDefinitionTemplate":0,"productDefinitionTemplateName":"Analysis/forecast at horizontal level/layer at a point in time","parameterCategory":0,"parameterCategoryName":"UnknownDiscipline_0_Category_0","parameterNumber":0,"parameterNumberName":"UnknownParameter_D0_C0_0","parameterUnit":"Unknown","genProcessType":2,"genProcessTypeName":"Forecast","forecastTime":0,"surface1Type":1,"surface1TypeName":"Ground or water surface","surface1Value":0.0,"surface2Type":255,"surface2TypeName":"Missing","surface2Value":0.0,"gridDefinitionTemplate":0,"gridDefinitionTemplateName":"Latitude_Longitude","numberPoints":615,"shape":6,"shapeName":"Earth spherical with radius of 6,371,229.0 m","gridUnits":"degrees","resolution":48,"winds":"true","scanMode":64,"nx":41,"ny":15,"basicAngle":0,"lo1":47.0,"la1":41.0,"lo2":87.0,"la2":55.0,"dx":1.0,"dy":1.0}, "data":
[rows 0 to 14 of 15, columns 0 to 40 of 41]
294.92987,285.7299,291.3299,300.02988,299.62988,298.42987,298.12988,299.12988,296.62988,297.52988,297.02988,298.62988,299.52988,299.8299,301.12988,301.2299,299.42987,298.7299,296.2299,298.12988,296.52988,291.52988,288.62988,288.52988,290.02988,292.52988,289.7299,276.12988,275.7299,278.2299,279.12988,280.8299,288.8299,295.2299,297.02988,297.02988,295.8299,297.3299,296.92987,297.7299,297.52988
273.92987,291.7299,300.2299,300.12988,299.7299,298.42987,297.42987,296.8299,296.02988,295.92987,297.02988,297.7299,297.2299,297.42987,296.52988,299.12988,300.3299,295.52988,294.52988,295.12988,293.7299,294.3299,293.02988,286.2299,275.02988,276.02988,284.3299,275.42987,276.2299,272.52988,278.92987,273.8299,281.62988,264.12988,277.8299,293.52988,292.52988,294.7299,298.02988,290.42987,283.92987
292.8299,299.62988,300.42987,300.3299,298.52988,297.3299,296.92987,296.52988,295.7299,296.52988,297.52988,299.52988,295.42987,296.7299,297.12988,298.42987,300.7299,296.02988,295.3299,295.02988,294.3299,295.42987,295.3299,289.8299,288.42987,287.92987,289.92987,289.3299,288.7299,282.12988,273.3299,276.52988,281.42987,281.52988,283.3299,284.92987,276.92987,277.52988,279.42987,276.2299,276.02988
292.3299,301.02988,300.42987,299.52988,296.92987,296.7299,297.2299,296.42987,296.62988,297.02988,297.42987,295.8299,296.3299,295.52988,297.02988,297.8299,300.3299,299.12988,297.2299,295.8299,294.52988,289.8299,295.3299,294.92987,291.12988,293.2299,294.3299,293.62988,290.62988,289.92987,291.02988,291.02988,293.2299,290.42987,291.02988,289.12988,277.2299,276.2299,281.62988,289.12988,292.92987
296.62988,300.62988,300.8299,300.52988,299.3299,297.42987,297.52988,296.52988,296.42987,297.02988,296.52988,296.2299,296.8299,295.2299,292.52988,299.3299,300.2299,299.52988,297.12988,297.7299,297.12988,296.92987,295.02988,294.42987,293.8299,294.02988,292.8299,291.8299,290.92987,291.92987,293.92987,289.02988,280.92987,270.42987,282.52988,290.12988,293.8299,294.8299,295.2299,295.52988,295.52988
297.8299,295.92987,299.12988,299.92987,300.52988,300.2299,297.92987,297.8299,296.7299,297.3299,297.42987,296.52988,295.92987,295.7299,296.12988,297.52988,299.52988,300.3299,299.52988,297.92987,297.2299,296.02988,294.2299,293.92987,293.3299,292.92987,292.42987,294.2299,293.52988,294.62988,292.8299,293.7299,291.8299,288.42987,289.12988,289.12988,284.12988,285.8299,295.12988,297.42987,293.8299
297.42987,295.2299,302.62988,298.52988,299.42987,299.3299,299.12988,297.92987,298.42987,297.92987,297.42987,295.62988,295.3299,296.7299,299.52988,299.62988,298.7299,300.7299,299.42987,295.92987,294.8299,294.7299,295.02988,293.62988,292.92987,293.12988,292.62988,294.2299,293.2299,293.12988,292.7299,292.3299,292.02988,292.52988,290.42987,288.52988,285.42987,282.2299,278.52988,278.02988,290.2299
296.92987,300.92987,299.62988,298.42987,299.3299,299.2299,298.62988,298.12988,297.2299,296.92987,296.2299,295.2299,295.2299,295.92987,295.02988,296.62988,296.8299,296.12988,295.62988,293.92987,293.2299,293.02988,293.12988,293.3299,291.3299,288.52988,290.3299,290.8299,290.12988,292.3299,291.12988,291.62988,289.3299,286.7299,285.7299,288.8299,289.8299,289.2299,289.3299,289.62988,285.42987
295.2299,295.7299,295.2299,296.7299,297.3299,297.2299,295.62988,296.12988,295.42987,295.02988,294.12988,294.42987,293.62988,296.3299,297.2299,296.42987,296.12988,295.62988,295.12988,292.8299,290.52988,289.92987,291.02988,291.7299,289.42987,290.52988,288.3299,287.02988,286.92987,284.12988,285.3299,286.92987,288.52988,289.02988,288.02988,286.8299,286.52988,286.12988,275.02988,277.92987,276.3299
294.42987,295.92987,294.52988,295.62988,294.8299,294.42987,293.02988,293.7299,293.12988,292.12988,292.12988,292.2299,292.7299,293.12988,295.7299,293.92987,294.52988,293.7299,293.3299,292.8299,289.92987,289.8299,291.3299,290.42987,289.2299,288.02988,287.52988,287.3299,286.62988,286.2299,285.12988,289.12988,290.42987,290.62988,289.62988,287.52988,285.92987,282.12988,278.12988,277.52988,278.12988
293.12988,293.52988,292.92987,293.2299,292.12988,291.92987,291.62988,290.12988,288.02988,288.8299,289.3299,289.7299,292.52988,292.42987,292.12988,292.52988,292.2299,292.3299,291.2299,289.3299,288.8299,287.7299,287.7299,287.42987,287.2299,287.3299,286.52988,290.8299,290.62988,290.12988,290.8299,289.3299,289.8299,289.7299,289.12988,287.02988,283.62988,282.02988,280.3299,281.2299,279.7299
290.42987,291.2299,291.42987,291.8299,291.12988,289.42987,288.3299,287.2299,287.02988,285.7299,284.42987,286.12988,289.2299,290.02988,289.62988,290.42987,290.3299,289.92987,290.42987,288.7299,286.92987,286.62988,287.02988,286.2299,286.3299,286.62988,287.52988,288.3299,289.42987,290.2299,287.62988,288.12988,288.2299,286.8299,287.42987,287.52988,288.7299,287.62988,286.62988,286.3299,285.62988
289.52988,288.92987,290.02988,288.52988,289.3299,288.62988,286.62988,284.7299,282.62988,282.02988,282.42987,283.8299,285.62988,285.62988,286.52988,286.92987,287.42987,286.8299,287.62988,286.12988,285.2299,283.52988,283.12988,283.42987,283.2299,284.7299,286.2299,285.52988,285.92987,284.3299,285.02988,285.02988,285.12988,284.8299,284.92987,284.7299,285.42987,286.12988,286.8299,286.42987,286.7299
287.2299,288.7299,290.12988,289.02988,287.3299,285.02988,283.42987,282.7299,281.8299,282.02988,281.92987,281.02988,283.12988,286.92987,284.62988,285.02988,286.3299,289.02988,288.62988,286.02988,286.02988,284.02988,284.02988,283.92987,282.7299,282.62988,282.02988,282.02988,281.7299,282.2299,282.42987,282.02988,282.12988,282.12988,282.7299,283.12988,284.92987,285.42987,284.3299,285.3299,286.12988
287.52988,289.2299,291.8299,286.12988,287.2299,287.62988,287.2299,286.52988,287.2299,281.8299,285.7299,283.42987,284.8299,284.92987,287.3299,287.8299,289.02988,288.12988,286.02988,284.62988,284.2299,284.02988,282.92987,282.8299,282.42987,281.52988,280.2299,280.2299,280.8299,280.02988,280.62988,281.7299,280.62988,284.62988,281.92987,284.62988,286.02988,286.3299,286.42987,286.7299,286.02988
