wind_kz.json
{"header": {"discipline":0,"disciplineName":"Meteorological products","gribEdition":2,"gribLength":1025,"center":7,"centerName":"US National Weather Service - NCEP(WMC)","subcenter":0,"refTime":"2023-09-08T18:00:00.000Z","significanceOfRT":1,"significanceOfRTName":"Start of forecast","productStatus":0,"productStatusName":"Operational products","productType":1,"productTypeName":"Forecast products","productDefinitionTemplate":0,"productDefinitionTemplateName":"Analysis/forecast at horizontal level/layer at a point in time","parameterCategory":2,"parameterCategoryName":"UnknownDiscipline_0_Category_2","parameterNumber":2,"parameterNumberName":"UnknownParameter_D0_C2_2","parameterUnit":"Unknown","genProcessType":2,"genProcessTypeName":"Forecast","forecastTime":120,"surface1Type":103,"surface1TypeName":"Specified height level above ground","surface1Value":10.0,"surface2Type":255,"surface2TypeName":"Missing","surface2Value":0.0,"gridDefinitionTemplate":0,"gridDefinitionTemplateName":"Latitude_Longitude","numberPoints":615,"shape":6,"shapeName":"Earth spherical with radius of 6,371,229.0 m","gridUnits":"degrees","resolution":48,"winds":"true","scanMode":64,"nx":41,"ny":15,"basicAngle":0,"lo1":47.0,"la1":41.0,"lo2":87.0,"la2":55.0,"dx":1.0,"dy":1.0}, "data":
[rows 0 to 14 of 15, columns 0 to 40 of 41]
-2.7644556,0.7055444,0.8355444,0.35554445,0.16554444,-0.6044556,-0.40445557,-10.384456,-10.784455,-10.424456,-8.714456,-9.624455,-8.794456,-8.3344555,-5.7044554,-2.4744556,-3.7744555,-3.4344556,-5.9344554,-2.4244556,-2.7344556,-0.27445558,-0.45445555,-0.82445556,-0.14445557,-2.0144556,-2.9644556,0.93554443,1.1655444,0.11554443,1.0655445,0.015544433,-0.44445556,0.46554443,-4.5744557,-4.3844557,-6.784456,-7.5644555,-8.294456,-6.764456,-2.8544555
2.1255445,0.28554443,0.45554444,-0.27445558,-1.0244555,-5.0844555,-3.7244556,-9.134456,-8.694455,-7.8444557,-8.704455,-8.384456,-6.3944554,-5.9144554,-4.8144555,-4.3644557,-3.3944557,-5.5244555,-3.6044555,-1.6044556,0.17554444,0.26554444,-0.50445557,-2.4644556,1.2355444,1.3755444,-0.054455567,2.5655444,-0.75445557,0.11554443,0.6455444,0.21554443,-0.32445556,-1.0244555,0.26554444,0.21554443,-1.2844555,-0.13445556,-1.9144555,-0.15445557,-3.4744556
-1.0344555,-2.3544555,-1.6444556,0.28554443,-3.4344556,-3.2644556,-2.8444555,-2.4644556,-6.034456,-4.7444553,-5.4444556,-6.014456,-4.9244556,-3.4244556,-3.0944555,-2.2444556,-2.4344556,-2.5844555,-2.4744556,-0.47445557,1.1055444,-2.0444555,-4.2244554,-3.2344556,0.17554444,-2.5544555,-1.5444555,2.1555445,-2.5844555,-0.06445557,-0.31445557,1.0755445,-0.17445557,0.24554443,-0.7344556,-1.2544556,-0.78445554,-0.12445556,3.3055444,2.7555444,2.3555443
-2.9944556,-3.3344555,-2.0644555,-2.3044555,-3.0944555,-3.3044555,-2.8444555,-2.7944555,-2.6144555,-3.8044555,-4.3444557,-4.1044555,-5.0944557,-3.0544555,-2.4344556,-1.7744555,-1.5744556,-2.6244555,-2.2444556,-0.39445555,-1.5844556,-2.2844555,-0.53445554,-1.8344556,-1.7744555,-1.7144556,-1.8144555,-5.6344557,-1.6344556,-1.6844555,-1.3144555,-1.3444556,2.2255445,0.47554442,-1.7744555,-2.1744556,-1.6944556,2.4055445,0.34554443,-0.45445555,-1.4444556
-2.5544555,-2.7644556,-2.4044557,-3.1044555,-4.534456,-3.4744556,-3.0644555,-2.2044556,-2.1044555,-2.5844555,-2.5144556,-1.6644555,-1.3644556,-0.88445556,1.1255444,0.61554444,1.2655444,0.10554443,-0.77445555,-0.6044556,-1.9444556,-2.2644556,-1.4144555,-1.3744556,-0.27445558,-0.20445557,-3.1744556,-2.2744555,-2.3644555,-2.9344556,-4.3244557,-2.9544556,-1.3644556,1.9855444,0.73554444,0.73554444,-1.5744556,-2.0244555,-1.2244556,-0.21445556,1.8755444
-1.8044555,-0.78445554,0.035544433,-1.2744555,-2.2544556,-0.09445557,0.6455444,1.1955445,0.17554444,0.5055444,2.4255445,2.5055444,3.4355445,3.8955445,3.1155443,2.0955443,-0.46445557,-2.1844556,-2.5844555,-0.5544556,-0.70445555,-0.53445554,-0.64445555,-0.78445554,-1.4344555,-3.1044555,-0.6244556,-2.9444556,-1.7944555,-1.9744556,-1.9044555,-1.2044556,-1.7544556,-1.7144556,-0.9144556,-0.84445554,-0.7344556,0.28554443,2.7655444,-3.1344557,-5.3844557
-1.0544555,1.3755444,1.3255445,1.0655445,2.5055444,0.065544434,4.1055446,2.5955443,3.2755444,3.4955444,4.2255445,2.8855445,1.0655445,0.99554443,0.8855444,1.6855445,-3.2544556,-1.8844556,-0.114455566,-0.084455565,1.3255445,-0.18445557,-0.49445558,-1.5544555,-2.2444556,-2.6744556,-3.9744556,-2.9844556,0.025544433,-0.024455566,-0.21445556,-0.69445556,1.2055445,0.065544434,-0.9344556,-1.7544556,-1.2544556,0.8255444,-0.31445557,0.43554443,1.9855444
-5.9844556,-1.7744555,2.1255445,-2.5044556,-0.18445557,1.7655444,2.0655444,-2.5344555,-2.7744555,-2.6144555,-3.2744555,-1.3044555,0.31554443,-0.48445556,-0.5444556,-1.7244556,-0.35445556,1.6955445,0.29554445,-1.0244555,0.6955444,-0.24445556,-1.8944556,-2.1144555,-1.0644555,-0.70445555,-0.56445557,-0.70445555,-0.7244556,-1.1044556,-1.8744556,-2.4544556,-4.9344554,-0.75445557,-0.94445556,1.5155444,2.8655443,-2.0644555,-0.7244556,2.6655445,-0.07445557
-2.2544556,0.68554443,2.1955445,-0.20445557,-1.0944556,-2.6744556,-0.19445556,-0.40445557,-1.9944556,-1.1644555,-0.9744556,1.2855444,1.8055444,-0.75445557,0.38554442,-0.42445555,1.3355445,0.26554444,1.7055445,1.4455445,1.5355444,0.15554443,-0.054455567,0.29554445,0.34554443,1.5755445,1.3755444,0.85554445,1.7455444,0.37554443,0.36554444,-0.78445554,-0.22445557,-1.9944556,-1.2744555,0.42554444,-0.9744556,-1.5644555,-1.0744556,0.66554445,-0.5444556
-0.12445556,0.5655444,2.2055445,1.2755444,0.47554442,1.1155444,1.9555445,-0.054455567,-2.2944555,-1.3244556,2.8555443,1.2955444,1.9455445,1.9055444,1.5655445,1.6455444,1.0255444,-1.7644556,-0.42445555,0.48554444,2.0255444,1.1555444,-0.28445557,1.1955445,0.84554446,2.2255445,2.8055444,1.1855445,-0.0044555664,2.0855443,1.6055444,0.8855444,-0.50445557,-1.2844555,-1.4444556,0.13554443,-1.8744556,-0.19445556,-2.3344555,0.5855444,0.18554443
-1.6744555,-2.2844555,-3.0144556,-3.4644556,-1.2544556,-3.9744556,-3.4044557,-2.5144556,-1.2344556,-0.70445555,0.5655444,1.1855445,2.4155445,1.1755444,-2.1244555,-1.8244556,-0.71445554,-0.75445557,-0.31445557,0.21554443,0.5655444,0.93554443,2.7155445,3.2055445,2.6555445,3.1855445,3.8955445,2.8455443,2.3455443,1.9755445,1.8955444,0.85554445,-0.014455566,-0.16445556,-1.0344555,-1.0344555,-1.3344556,0.11554443,-1.0244555,1.3155445,-0.9144556
-4.2444553,-4.5944557,-4.284456,-4.7344556,-3.9244556,-1.7744555,-1.3244556,-1.5244555,-0.114455566,0.16554444,-0.89445555,1.0855445,-1.9944556,-2.0644555,-1.6944556,-1.4444556,-1.5844556,-0.37445557,0.025544433,1.2755444,2.2355444,2.5755444,3.7255445,3.5355444,4.2255445,4.9255443,4.3655443,2.3055444,3.4455445,2.3055444,1.3255445,-0.96445554,0.055544432,0.34554443,0.055544432,0.6355444,1.4355445,-0.56445557,-0.32445556,-0.9344556,-0.5544556
-3.2944555,-3.9344556,-1.9444556,-2.3944557,-1.3944556,-1.1544555,-0.82445556,0.7555444,-0.65445554,-0.57445556,-0.5544556,-1.8544556,-1.7944555,-1.6444556,-0.63445556,-0.44445556,0.43554443,1.3055444,1.8255445,1.9755445,2.6455445,3.8055444,4.5355444,4.9755445,5.235544,5.2955446,5.3955445,4.6055446,3.9555445,2.3455443,1.8255445,1.4455445,0.5655444,0.32554445,0.08554444,-0.30445558,-0.16445556,-1.4444556,0.26554444,-1.6944556,-0.77445555
-2.0144556,-1.6244556,-0.58445555,0.5055444,-0.6044556,-0.9144556,0.025544433,-1.0744556,-0.25445557,-0.77445555,-0.6144556,-0.84445554,-0.57445556,0.99554443,1.0255444,1.8155445,2.3955445,2.8355443,2.6955445,3.5055444,3.6355445,3.8955445,3.5755444,3.3755445,2.5855443,3.1055443,3.4155445,3.6155443,3.2755444,3.1455445,2.2055445,2.2255445,1.9055444,0.79554445,-0.43445557,-0.82445556,-0.82445556,-0.56445557,0.13554443,0.48554444,1.5855445
0.39554444,1.6855445,3.0655444,1.5455444,1.9855444,-0.024455566,0.28554443,-1.0844556,-0.44445556,-1.2744555,-1.5044556,-0.35445556,0.29554445,1.2255445,2.2155445,2.3355443,2.2255445,1.8855444,1.2355444,1.9855444,2.0255444,2.1055443,2.5155444,2.9455445,3.2955444,2.0455444,0.18554443,0.16554444,0.41554442,1.6155444,2.0055444,1.8855444,0.39554444,0.5055444,0.26554444,0.12554443,-1.0344555,-0.50445557,0.32554445,0.7555444,-0.53445554
