wind_kz.json
{"header": {"discipline":0,"disciplineName":"Meteorological products","gribEdition":2,"gribLength":871,"center":7,"centerName":"US National Weather Service - NCEP(WMC)","subcenter":0,"refTime":"2023-10-01T18:00:00.000Z","significanceOfRT":1,"significanceOfRTName":"Start of forecast","productStatus":0,"productStatusName":"Operational products","productType":1,"productTypeName":"Forecast products","productDefinitionTemplate":0,"productDefinitionTemplateName":"Analysis/forecast at horizontal level/layer at a point in time","parameterCategory":0,"parameterCategoryName":"UnknownDiscipline_0_Category_0","parameterNumber":0,"parameterNumberName":"UnknownParameter_D0_C0_0","parameterUnit":"Unknown","genProcessType":2,"genProcessTypeName":"Forecast","forecastTime":60,"surface1Type":1,"surface1TypeName":"Ground or water surface","surface1Value":0.0,"surface2Type":255,"surface2TypeName":"Missing","surface2Value":0.0,"gridDefinitionTemplate":0,"gridDefinitionTemplateName":"Latitude_Longitude","numberPoints":615,"shape":6,"shapeName":"Earth spherical with radius of 6,371,229.0 m","gridUnits":"degrees","resolution":48,"winds":"true","scanMode":64,"nx":41,"ny":15,"basicAngle":0,"lo1":47.0,"la1":41.0,"lo2":87.0,"la2":55.0,"dx":1.0,"dy":1.0}, "data":
[rows 0 to 14 of 15, columns 0 to 40 of 41]
291.60748,283.00748,292.40747,294.20746,294.00748,292.60748,300.40747,308.40747,301.00748,306.30746,305.40747,305.50748,306.30746,301.10748,306.10748,307.20746,307.60748,305.40747,309.80746,307.50748,312.20746,309.10748,310.50748,308.00748,308.90747,314.10748,308.10748,296.10748,284.80746,280.10748,278.90747,281.20746,298.50748,304.80746,307.60748,306.70746,311.10748,311.90747,312.90747,314.60748,316.10748
274.10748,291.30746,293.80746,293.90747,294.00748,292.10748,306.90747,297.50748,299.70746,296.90747,303.50748,303.70746,301.80746,305.70746,307.40747,307.50748,308.40747,309.30746,309.00748,310.10748,311.90747,306.90747,306.90747,299.40747,289.00748,291.10748,296.80746,291.90747,297.00748,287.80746,292.90747,280.80746,290.80746,266.20746,282.90747,303.10748,304.70746,303.60748,308.70746,301.20746,284.70746
295.10748,293.90747,294.00748,293.50748,291.60748,297.70746,295.60748,293.10748,291.90747,301.20746,301.40747,302.50748,303.00748,302.70746,301.00748,307.80746,307.80746,308.10748,307.20746,308.60748,308.70746,308.10748,310.50748,306.50748,304.90747,302.30746,303.00748,300.80746,301.80746,295.40747,287.80746,289.30746,294.80746,295.10748,296.20746,293.40747,292.70746,292.00748,294.40747,288.00748,286.40747
300.40747,292.90747,293.80746,292.80746,293.70746,298.50748,298.60748,298.70746,298.90747,301.30746,299.90747,299.30746,290.60748,289.90747,302.50748,305.80746,303.10748,307.80746,307.40747,307.10748,310.30746,305.50748,303.10748,303.70746,304.10748,303.30746,305.90747,303.60748,300.40747,303.00748,305.50748,304.00748,304.60748,309.60748,308.90747,300.40747,289.00748,274.50748,292.10748,300.40747,302.00748
299.90747,292.80746,293.10748,292.50748,293.80746,293.30746,296.40747,292.70746,295.00748,297.90747,299.60748,299.20746,289.70746,288.40747,286.90747,303.10748,303.90747,302.30746,303.40747,301.20746,302.40747,304.60748,305.50748,304.70746,305.80746,306.30746,305.20746,299.50748,307.40747,306.10748,304.10748,302.80746,290.40747,278.80746,294.90747,304.40747,301.60748,308.70746,309.90747,305.50748,303.10748
293.60748,299.60748,291.00748,292.00748,292.20746,291.80746,292.90747,291.20746,290.30746,299.70746,297.90747,298.10748,290.90747,289.40747,295.10748,300.70746,299.90747,303.70746,302.10748,302.60748,302.80746,302.00748,302.60748,302.90747,303.10748,303.10748,304.60748,288.10748,302.50748,302.90747,303.80746,302.10748,303.70746,302.70746,299.40747,297.40747,292.90747,295.00748,306.90747,306.40747,304.00748
297.60748,299.20746,297.00748,299.30746,294.30746,291.00748,291.30746,292.20746,295.70746,293.40747,297.90747,296.70746,297.40747,298.70746,298.90747,296.90747,299.60748,300.20746,301.50748,301.40747,300.90747,300.40747,300.00748,299.30746,296.90747,297.70746,299.40747,300.80746,302.50748,303.40747,301.30746,300.70746,302.20746,300.30746,299.30746,299.30746,294.00748,292.80746,289.10748,287.30746,299.20746
298.50748,299.60748,298.30746,295.20746,297.30746,297.40747,290.60748,289.80746,292.50748,295.70746,294.60748,295.60748,296.60748,297.60748,298.20746,297.30746,295.70746,297.40747,298.80746,298.00748,297.50748,298.80746,298.70746,298.60748,298.30746,295.80746,294.80746,296.20746,294.90747,297.70746,297.60748,298.90747,298.90747,295.90747,297.40747,300.50748,298.80746,286.30746,291.50748,299.70746,297.80746
294.10748,295.70746,299.70746,298.60748,296.80746,297.70746,295.60748,288.40747,289.10748,289.40747,295.10748,294.10748,294.60748,295.20746,297.70746,298.90747,296.30746,295.20746,296.00748,297.10748,296.20746,296.60748,297.40747,295.80746,295.30746,295.70746,293.90747,293.90747,292.30746,292.90747,294.60748,294.20746,295.50748,295.80746,297.70746,290.70746,289.30746,282.70746,274.20746,273.70746,275.00748
296.10748,296.50748,292.20746,297.00748,296.80746,291.70746,296.70746,294.00748,287.00748,286.80746,289.40747,293.40747,293.50748,291.40747,293.60748,293.40747,292.70746,294.30746,293.10748,297.50748,296.80746,296.70746,296.90747,296.80746,296.50748,295.30746,294.10748,293.80746,292.90747,293.40747,295.80746,294.40747,296.60748,297.60748,297.10748,290.60748,287.00748,288.00748,284.90747,285.00748,278.90747
294.00748,295.20746,295.00748,292.30746,296.20746,291.70746,296.20746,295.60748,294.30746,292.60748,285.90747,287.00748,292.50748,291.70746,292.50748,292.60748,290.00748,292.00748,291.70746,292.20746,293.70746,295.30746,294.80746,294.50748,294.20746,294.00748,293.00748,294.90747,295.50748,297.30746,296.60748,297.60748,296.70746,294.90747,295.40747,292.40747,290.40747,285.80746,289.30746,284.50748,280.50748
292.40747,294.00748,294.60748,295.30746,296.30746,291.40747,294.30746,294.00748,294.50748,290.90747,287.10748,290.60748,292.10748,290.40747,291.20746,291.20746,291.40747,291.20746,291.10748,290.50748,290.00748,290.10748,290.30746,290.80746,290.20746,292.50748,293.60748,294.90747,294.00748,295.20746,295.50748,296.10748,294.70746,294.40747,291.90747,291.80746,290.90747,291.40747,290.00748,291.20746,290.70746
288.00748,289.20746,292.40747,292.80746,293.90747,290.40747,289.50748,288.90747,287.80746,292.00748,284.60748,289.20746,291.70746,290.70746,292.50748,291.80746,288.50748,290.00748,290.40747,289.60748,289.30746,287.70746,288.00748,287.50748,290.00748,290.70746,292.00748,292.60748,292.00748,292.40747,293.20746,292.50748,292.30746,293.60748,291.80746,290.30746,290.30746,289.90747,289.40747,288.80746,288.50748
288.80746,289.20746,287.60748,289.10748,289.70746,291.10748,291.00748,290.30746,291.50748,290.90747,285.30746,284.00748,289.50748,291.20746,292.00748,292.40747,292.10748,290.90747,290.10748,290.30746,289.30746,288.50748,288.90747,288.50748,288.90747,288.80746,289.70746,290.90747,290.40747,290.20746,291.10748,291.20746,291.00748,291.10748,292.00748,291.20746,290.30746,290.00748,290.60748,287.50748,288.80746
286.20746,288.30746,285.30746,289.10748,289.20746,287.90747,289.00748,289.20746,289.70746,289.70746,287.20746,288.10748,286.20746,287.50748,290.40747,292.10748,288.60748,288.50748,286.70746,290.10748,290.10748,289.40747,288.90747,288.00748,288.20746,286.70746,288.90747,290.20746,288.70746,288.00748,287.70746,286.90747,288.20746,288.70746,289.00748,289.20746,291.60748,291.30746,291.30746,290.90747,289.10748
