wind_kz.json
{"header": {"discipline":0,"disciplineName":"Meteorological products","gribEdition":2,"gribLength":1102,"center":7,"centerName":"US National Weather Service - NCEP(WMC)","subcenter":0,"refTime":"2023-08-25T06:00:00.000Z","significanceOfRT":1,"significanceOfRTName":"Start of forecast","productStatus":0,"productStatusName":"Operational products","productType":1,"productTypeName":"Forecast products","productDefinitionTemplate":0,"productDefinitionTemplateName":"Analysis/forecast at horizontal level/layer at a point in time","parameterCategory":2,"parameterCategoryName":"UnknownDiscipline_0_Category_2","parameterNumber":3,"parameterNumberName":"UnknownParameter_D0_C2_3","parameterUnit":"Unknown","genProcessType":2,"genProcessTypeName":"Forecast","forecastTime":180,"surface1Type":103,"surface1TypeName":"Specified height level above ground","surface1Value":10.0,"surface2Type":255,"surface2TypeName":"Missing","surface2Value":0.0,"gridDefinitionTemplate":0,"gridDefinitionTemplateName":"Latitude_Longitude","numberPoints":615,"shape":6,"shapeName":"Earth spherical with radius of 6,371,229.0 m","gridUnits":"degrees","resolution":48,"winds":"true","scanMode":64,"nx":41,"ny":15,"basicAngle":0,"lo1":47.0,"la1":41.0,"lo2":87.0,"la2":55.0,"dx":1.0,"dy":1.0}, "data":
[rows 0 to 14 of 15, columns 0 to 40 of 41]
0.28905517,-1.3609449,2.9090552,10.839055,5.5990553,0.8890552,2.1790552,1.1390551,-0.6809448,-0.40094483,-1.1009449,-0.38094482,-1.5609448,-2.0409448,0.31905517,-0.35094482,-0.89094484,-2.6209447,-3.700945,-2.8709447,-2.6209447,1.3390552,2.0990553,0.47905517,0.38905516,-1.6609448,0.16905518,2.8790553,-1.4809449,-4.8809447,0.8790552,-0.31094483,0.019055177,-2.1509447,-2.0209448,-2.2509449,-2.3309448,-1.6509448,-0.27094483,1.6690552,-0.060944825
3.1590552,-1.6209449,11.619055,9.979055,6.3290553,-0.49094483,0.6890552,0.9490552,0.72905517,1.8790551,-0.33094484,-1.3309448,-2.3909447,-2.6009448,-2.1509447,-1.7909448,-2.2809448,-3.0709448,-3.5909448,-3.0709448,-3.8209448,1.7890552,4.5190554,1.6290551,0.24905518,-0.89094484,0.92905515,-1.7009448,-0.83094484,-1.7309449,-0.77094483,1.8490552,0.19905518,1.4690552,1.4690552,-2.6109447,-1.7409449,-3.5109448,-2.4009447,-2.5009449,1.4690552
3.1290553,7.549055,7.679055,6.6190553,4.609055,1.1490551,0.22905518,1.6890552,3.539055,3.6090553,3.799055,3.539055,3.4790552,0.049055174,-2.0309448,-2.8509448,-2.5509448,-1.5509448,-2.430945,-3.5009449,-4.0009446,-3.930945,0.8990552,0.97905517,2.319055,2.8690553,5.589055,5.049055,0.8890552,3.9290552,-2.190945,-2.6009448,-2.5109448,-1.5909448,0.5790552,-2.3309448,-3.0309448,-6.540945,-0.4809448,-1.5609448,-2.910945
2.7490551,6.6190553,6.049055,6.779055,1.4690552,2.4790552,3.2190552,3.1890552,-0.010944825,-1.0409448,-2.1209447,2.6990552,5.429055,4.219055,1.8190552,0.06905518,-2.3109448,-3.2509449,-0.52094483,-1.3709449,-2.6009448,-0.9309448,-2.2909448,-3.960945,2.079055,5.0390553,7.5590553,5.2290554,6.399055,6.419055,0.6490552,-2.2609448,-0.64094484,8.199055,-0.2609448,1.0690552,2.279055,0.20905517,-0.5309448,1.4190552,0.09905518
3.549055,6.909055,4.2890553,2.319055,-0.47094482,-1.4509448,-2.440945,-2.3409448,0.30905518,-1.4209448,-1.8209448,-1.6609448,5.819055,4.069055,3.3990552,1.1990552,0.15905517,-1.0009449,0.2690552,2.3890553,-0.82094485,-2.9809449,-1.9909449,-2.200945,-3.1009448,5.179055,6.439055,6.8490553,2.8790553,2.3690553,6.129055,3.2190552,0.13905518,-3.0209448,-1.9209448,-4.160945,-10.230945,-0.8409448,-3.8409448,-3.660945,-2.930945
3.0190551,3.2490551,5.7490554,4.2690554,3.309055,2.1990552,0.72905517,-1.3509449,1.9090552,1.0790552,-0.27094483,0.31905517,0.33905518,5.689055,4.319055,3.1290553,1.5090551,0.37905517,-0.12094483,0.37905517,2.1390553,1.0590552,-2.0109448,-0.41094482,1.1790552,2.7390552,6.9790554,6.0190554,5.3690553,3.2490551,2.1390553,4.4790554,1.0590552,0.119055174,1.0390552,-7.4209447,0.6390552,-9.690945,-6.660945,-2.720945,-2.680945
6.469055,4.279055,4.779055,4.279055,3.9690552,2.4890552,2.4190552,1.7790551,2.029055,0.9390552,0.66905516,0.98905516,1.2190552,0.37905517,1.2790551,3.3490553,3.329055,1.7590551,1.3290552,2.4190552,1.6790552,2.4890552,1.2790551,-0.69094485,-1.5709448,-1.6409448,-0.95094484,-2.1309447,3.4690552,7.5790553,3.069055,1.9590552,0.6290552,-3.8609447,-3.1509447,0.61905515,0.86905515,2.7290552,-1.3609449,-2.5009449,-1.3309448
2.829055,1.1090552,2.7290552,1.7890552,5.509055,4.919055,3.309055,1.0590552,1.8090552,1.2190552,1.4490552,0.6890552,1.8190552,1.1890552,-1.1109449,-3.950945,0.19905518,4.319055,3.4690552,2.039055,2.059055,1.4790552,2.529055,2.1690552,0.079055175,0.5890552,-0.47094482,-1.3709449,-3.0909448,3.3490553,4.449055,2.7090552,1.6790552,-2.5609448,-3.6009448,-2.3709447,-2.4909449,2.3890553,2.5190551,1.3990551,0.18905517
2.299055,2.7690551,1.6890552,1.9290552,1.4790552,1.0990552,1.5190551,1.0390552,0.8190552,-0.6709448,-1.3109448,-1.2309449,-3.3209448,-1.6809448,-0.8509448,-1.6809448,-2.1109447,-4.080945,5.0590553,4.199055,3.329055,3.049055,3.2090552,2.4890552,1.6590552,3.299055,2.2390552,0.8390552,-2.2609448,-0.8409448,3.9790552,4.2690554,4.629055,4.319055,-1.0009449,-6.6309447,-4.4609447,-2.9909449,0.16905518,0.8390552,-1.4309448
1.3890551,0.7690552,1.3290552,0.9090552,0.72905517,0.42905518,0.60905516,1.1390551,2.3790553,2.839055,0.4890552,-1.7409449,-0.83094484,-2.2509449,-3.0609448,-3.0809448,-1.7909448,-2.5109448,2.3890553,4.589055,4.1390553,3.4990551,4.799055,5.009055,3.029055,2.8890553,2.4790552,2.1290553,0.21905518,-1.7809448,-0.5509448,3.049055,4.5590553,3.1390553,1.0790552,-1.8009448,0.31905517,-0.9309448,1.0990552,3.069055,2.039055
1.9690552,1.2590551,1.2090552,1.0790552,1.6190552,1.9990551,1.2490551,2.6390553,4.909055,3.2190552,2.6590552,0.17905517,-1.3409448,-1.8109448,-3.420945,-3.2509449,-2.8609447,-0.27094483,3.559055,3.339055,3.4390552,3.4890552,2.8990552,3.4390552,3.3890553,5.7690554,3.789055,3.4990551,1.3690552,-2.410945,-0.12094483,2.9890552,3.339055,2.1390553,-0.7409448,0.22905518,-1.7409449,-1.6109449,-0.76094484,1.0390552,-0.11094482
-0.32094482,0.30905518,1.3990551,1.6190552,2.779055,2.3690553,2.1290553,4.239055,3.4790552,3.289055,2.3790553,0.17905517,-0.5909448,-1.2809448,-2.5809448,-2.920945,-2.4909449,0.36905518,2.9590552,2.589055,2.779055,2.8790553,2.3890553,4.129055,3.9690552,2.829055,3.2390552,3.4590552,2.9990551,-1.4609448,3.2490551,3.6690552,3.539055,2.9090552,0.8390552,-0.70094484,0.27905518,1.8490552,0.7090552,0.7090552,0.79905516
-0.2909448,-0.5509448,-1.0809448,-1.0209448,-0.6509448,0.2690552,1.8690552,3.6290553,4.4790554,3.1090553,1.4790552,1.1090552,-0.8109448,-0.9309448,-1.8709449,-1.2609448,-1.1809448,-1.0809448,-0.12094483,2.079055,3.089055,3.5190551,3.089055,3.0990553,3.1490552,3.1790552,4.029055,3.6490552,3.6090553,1.6790552,2.829055,2.9590552,1.3890551,2.779055,2.1490552,-0.6209448,-3.940945,-3.3609447,-2.9809449,0.3290552,-0.6509448
-0.47094482,-0.6609448,-1.2709448,-1.1209449,-1.6109449,-1.7709448,0.28905517,2.8490553,2.0990553,2.5990553,2.1090553,0.46905518,0.86905515,0.009055176,-0.5909448,-1.3109448,-1.7609448,-2.7409449,-0.9809448,2.2690551,3.2190552,2.9190552,3.339055,3.069055,-1.3209448,2.1590552,3.3790553,4.5590553,3.5990553,2.6990552,0.019055177,3.3490553,2.7490551,2.4990551,1.4590552,-1.3209448,-3.3509448,-4.120945,-1.8709449,-2.0409448,-1.4609448
-0.9709448,-1.6809448,-2.1109447,-1.9609448,-1.0909448,-0.030944824,-0.28094482,1.7390552,1.9390552,1.7790551,2.1790552,1.8990551,0.44905517,-1.2309449,-1.9709449,-2.3609447,-2.7409449,-2.0509448,-2.9009447,1.1590552,4.459055,2.4090552,1.3290552,2.7290552,3.049055,-0.18094483,2.1490552,3.7190552,3.3490553,2.6790552,1.2590551,1.5590552,3.289055,2.7190552,2.029055,1.4590552,-1.5509448,-2.8309448,-2.8809447,-3.3109448,-0.16094482
