wind_kz.json
{"header": {"discipline":0,"disciplineName":"Meteorological products","gribEdition":2,"gribLength":1102,"center":7,"centerName":"US National Weather Service - NCEP(WMC)","subcenter":0,"refTime":"2023-08-23T12:00:00.000Z","significanceOfRT":1,"significanceOfRTName":"Start of forecast","productStatus":0,"productStatusName":"Operational products","productType":1,"productTypeName":"Forecast products","productDefinitionTemplate":0,"productDefinitionTemplateName":"Analysis/forecast at horizontal level/layer at a point in time","parameterCategory":2,"parameterCategoryName":"UnknownDiscipline_0_Category_2","parameterNumber":3,"parameterNumberName":"UnknownParameter_D0_C2_3","parameterUnit":"Unknown","genProcessType":2,"genProcessTypeName":"Forecast","forecastTime":240,"surface1Type":103,"surface1TypeName":"Specified height level above ground","surface1Value":10.0,"surface2Type":255,"surface2TypeName":"Missing","surface2Value":0.0,"gridDefinitionTemplate":0,"gridDefinitionTemplateName":"Latitude_Longitude","numberPoints":615,"shape":6,"shapeName":"Earth spherical with radius of 6,371,229.0 m","gridUnits":"degrees","resolution":48,"winds":"true","scanMode":64,"nx":41,"ny":15,"basicAngle":0,"lo1":47.0,"la1":41.0,"lo2":87.0,"la2":55.0,"dx":1.0,"dy":1.0}, "data":
[rows 0 to 14 of 15, columns 0 to 40 of 41]
1.6954895,2.4154894,-3.3145106,-4.3945103,-3.2745104,-0.8245105,-1.8645105,1.3854895,1.1654896,1.6554894,0.6554895,-0.9945105,-1.8645105,-1.5845104,-2.7745104,-4.0845103,-4.1545105,-4.3745103,-5.7745104,-4.9445105,-3.7545104,-2.8045106,-2.1845105,1.4254895,1.1354895,4.6854897,3.0754895,1.9654895,0.8854895,1.8954895,1.5154895,0.5954895,-0.8045105,-5.6845107,-2.2045105,2.5054896,2.2954895,0.1854895,-0.9645105,-4.9445105,-1.1745105
-0.9545105,-2.6745105,-4.8445106,-5.4045105,-4.7245107,-0.7545105,0.6454895,2.6954894,2.4554894,3.3054895,1.8654895,0.9654895,1.0154895,-1.3645105,-3.2645104,-4.3345103,-4.5045104,-3.8645105,-2.9945104,-5.4245105,-5.5945106,-3.3245106,-2.0245104,-2.0745106,-1.7045105,0.5754895,-2.8345106,2.4054894,-0.7345105,1.8854895,-0.8545105,3.5054896,2.3554895,1.1454895,2.1654894,-0.3845105,2.0754895,-0.064510494,1.7954895,-0.2645105,-0.8345105
-3.8645105,2.8954895,-4.0845103,-4.1645107,-3.8345106,-0.8445105,1.8354895,2.8254895,3.4554894,4.1354895,3.9754896,1.9854895,1.8154895,-0.4945105,-2.9545105,-3.8045106,-5.2545104,-6.2945104,-6.3045106,-0.9045105,-3.3145106,-5.6745105,-4.2645106,-2.7945106,-2.6945105,-1.0545105,1.7754894,-1.2645105,-0.8445105,-2.0045104,-0.3545105,-1.4745106,-2.2045105,3.8054895,1.5554895,-1.6045105,-0.0445105,-0.4745105,-0.0445105,-0.3445105,-0.064510494
-2.9845104,-4.3345103,-3.2945106,-3.6045105,-1.1145105,-0.7545105,1.2654895,2.5954895,3.7054894,4.5254893,4.5654893,3.9654894,-1.9945105,-3.0145104,-3.9245105,-0.7445105,-3.1445105,-4.4945107,-5.8545103,-5.4345107,-5.7545104,-4.0245104,-2.0745106,-2.7445104,-3.1445105,-4.0545106,-2.6245105,-2.8445106,-1.4245105,-5.1445103,-5.9145107,0.1554895,0.1054895,-0.7145105,-0.6945105,-3.5245104,-4.5645103,-1.6645105,-1.4545105,-0.2345105,-1.6145105
-3.4145105,3.5254896,0.9354895,-0.3745105,-3.2445104,-3.3845105,-6.3345103,-2.3045106,2.5554895,4.0454893,5.8254895,6.0554895,4.9754896,2.8054895,-1.4145105,-0.2145105,-2.3045106,-2.9145105,-3.0045104,-2.9845104,-2.7145104,-2.5645106,-2.6045105,-3.3245106,-2.8545105,-2.7645104,-3.9145105,-7.8445106,-4.3645105,-4.3245106,-6.1845107,-6.5445104,-3.8745105,0.4954895,-0.3445105,2.1254895,1.6454895,1.2654895,-0.2145105,-1.8545105,-3.8845105
-4.7545104,-3.6745105,0.3354895,8.0954895,6.1254897,2.9454894,0.7554895,-5.7945104,-10.55451,3.2454896,6.0254893,6.4354897,7.1554894,5.8054895,3.5554895,1.3754895,0.2654895,-0.034510497,-0.054510497,-0.8745105,-1.4845105,-2.1345105,-2.4645104,-2.2145104,-2.2645104,-1.8645105,-0.7545105,-4.8845105,-4.4345107,-3.6245105,-3.5145104,-4.5345106,-4.4045105,-3.6145105,-0.4345105,0.0754895,-1.0545105,-1.5645105,-0.1445105,3.2854896,0.9454895
-7.0045104,-5.4145107,-6.6545105,-4.9345107,6.0254893,2.4054894,1.9554895,4.1254897,1.1654896,-5.2145104,5.8854895,5.1354895,9.48549,9.125489,6.6754894,4.9554896,1.3454895,1.2754894,1.1454895,1.7154895,1.7054895,0.2754895,-1.2145104,-2.6845105,-1.0445105,-1.3645105,-1.4245105,-0.5345105,1.5654895,-0.7945105,-2.7845106,-4.0845103,-6.0745106,-0.7645105,1.8154895,-0.5445105,-0.5645105,-2.5745106,-0.9745105,1.1554894,-7.0345106
-6.6245103,-6.2245107,-5.4245105,-4.3745103,-4.6745105,-0.7945105,3.2854896,4.2254896,5.2554893,2.5754895,-2.2645104,7.9354897,6.4654894,7.3154893,8.035489,7.0254893,3.9754896,2.6854894,2.1654894,2.0554895,1.5154895,2.5554895,2.5554895,-0.4745105,-1.6245105,-1.4445105,-0.6445105,0.0454895,0.055489503,-0.4045105,-1.7245106,-3.1845105,-4.6745105,-5.7145104,-4.8145103,-5.6745105,-3.5545106,-3.1145105,0.1554895,1.8854895,-0.8045105
-7.4645104,-7.2845106,-6.7545104,-5.7645106,-4.5445104,-1.8245105,-0.5945105,5.6454897,5.5354896,3.7254896,-0.3845105,8.915489,8.14549,6.8854895,7.8954897,7.2854896,6.4354897,5.5354896,4.1654897,3.5254896,2.8854895,3.4954896,2.9454894,3.0254896,1.4754895,0.7654895,-0.8445105,0.8054895,1.6354895,1.4654895,0.085489504,-1.2445105,-2.2745104,-4.2045107,-4.3945103,-4.2845106,-4.4245105,-3.3745105,-3.9745104,-2.6145105,0.8454895
-5.0945106,-6.6045103,-6.9245105,-7.2845106,-7.1445103,-5.7245107,-3.7245104,-1.0045105,2.0754895,5.6254897,6.4154897,3.9554894,8.925489,8.05549,8.05549,8.97549,8.69549,7.8954897,6.5954895,5.2154894,4.3054895,3.2654896,3.8554895,3.8454895,3.5554895,2.8254895,2.1854894,-0.3445105,0.7054895,1.1454895,3.0054896,1.0954895,-1.5245105,-3.2245104,-3.9445105,-3.4445105,-1.6245105,0.1854895,-0.9145105,-1.1545105,-2.4345105
-5.7845106,-6.9045105,-7.4845104,-7.1045103,-7.2245107,-7.8545103,-7.6545105,-5.1345105,-2.8445106,4.4954896,5.1854897,0.6054895,7.7054896,6.8254895,8.385489,1.5154895,6.1054897,8.02549,8.175489,6.8154893,5.7754893,5.1054897,4.8254895,4.9154897,3.8354895,3.8654895,3.3654895,2.4254894,2.0254896,1.8454895,2.4854896,1.9554895,-0.1245105,-1.9345105,-2.0145104,-4.0645103,-2.6945105,-2.0245104,-3.8445106,-2.0245104,-2.1745105
-5.9445105,-6.3345103,-7.5145106,-7.4845104,-6.3045106,-7.6945105,-7.9945107,-8.784511,-9.43451,-5.4845104,2.1254895,3.5354896,3.4854896,5.9754896,6.5254893,10.925489,10.55549,8.505489,7.9954896,8.215489,6.7654896,5.4054894,4.8254895,5.1154895,4.8354893,4.5954895,4.0454893,3.9954896,4.0254893,3.6954894,2.7954895,2.4454894,1.2754894,-1.3145105,-2.3045106,-2.1045105,-2.1945105,-2.2945106,-1.7645105,0.3354895,-0.5645105
-4.8145103,-7.5845103,-8.06451,-7.2845106,-7.6345105,-4.2645106,-6.6745105,-7.0445104,-8.6545105,-6.5845103,-3.2545104,-0.2545105,2.6454895,1.6754895,-0.6245105,1.3554895,5.5854893,10.245489,10.075489,8.51549,9.19549,8.8454895,7.3854895,7.2054896,6.8754897,6.1554894,5.4854894,4.7854896,4.5054893,4.4054894,4.3654895,2.6154895,1.4454895,-0.7745105,-1.8345104,-1.9645104,-2.0845106,-0.93451047,-0.2745105,1.8554895,0.085489504
-4.9245105,-5.4645104,-6.3245106,-6.0545106,-5.1445103,-6.7245107,-6.0045104,-6.2445107,-7.1845107,-5.2145104,-1.5345105,-0.9945105,-1.6745105,-2.1645105,2.0454895,1.8654895,-1.0945106,1.1054895,9.005489,8.93549,9.15549,9.0954895,7.9054894,7.6354895,7.8454895,7.6354895,6.6254897,5.3854895,4.8454895,3.8154895,3.8854895,3.8754895,2.9454894,1.8754895,-0.5645105,-1.3545105,-0.6545105,-1.1245105,-1.1945105,0.1554895,1.8854895
-2.8845105,-5.2445107,-7.0745106,-6.1645107,-6.6945105,-5.1545105,-4.6645107,-6.7645106,-5.7245107,-4.3945103,-2.3345106,-2.4245105,-1.1445105,-2.4145105,-6.3545103,-4.9845104,-1.3745105,3.2054894,2.7554896,3.9654894,8.625489,7.9554896,7.5254893,8.05549,6.7054896,6.4354897,5.2654896,4.8354893,4.1854897,3.4254894,2.0354896,-0.2445105,1.0054895,-0.6545105,0.45548952,-0.3545105,-1.3545105,2.0054896,2.0154896,-0.1145105,1.6254895
