wind_kz.json
{"header": {"discipline":0,"disciplineName":"Meteorological products","gribEdition":2,"gribLength":1025,"center":7,"centerName":"US National Weather Service - NCEP(WMC)","subcenter":0,"refTime":"2023-10-01T06:00:00.000Z","significanceOfRT":1,"significanceOfRTName":"Start of forecast","productStatus":0,"productStatusName":"Operational products","productType":1,"productTypeName":"Forecast products","productDefinitionTemplate":0,"productDefinitionTemplateName":"Analysis/forecast at horizontal level/layer at a point in time","parameterCategory":2,"parameterCategoryName":"UnknownDiscipline_0_Category_2","parameterNumber":2,"parameterNumberName":"UnknownParameter_D0_C2_2","parameterUnit":"Unknown","genProcessType":2,"genProcessTypeName":"Forecast","forecastTime":60,"surface1Type":103,"surface1TypeName":"Specified height level above ground","surface1Value":10.0,"surface2Type":255,"surface2TypeName":"Missing","surface2Value":0.0,"gridDefinitionTemplate":0,"gridDefinitionTemplateName":"Latitude_Longitude","numberPoints":615,"shape":6,"shapeName":"Earth spherical with radius of 6,371,229.0 m","gridUnits":"degrees","resolution":48,"winds":"true","scanMode":64,"nx":41,"ny":15,"basicAngle":0,"lo1":47.0,"la1":41.0,"lo2":87.0,"la2":55.0,"dx":1.0,"dy":1.0}, "data":
[rows 0 to 14 of 15, columns 0 to 40 of 41]
3.4906347,-0.40936524,2.5706348,8.650635,6.090635,4.220635,3.3706348,-5.569365,-7.839365,-4.659365,-4.6893654,-4.819365,-4.179365,-3.8593652,-3.9293652,-3.7493653,-3.1193652,-2.6493652,-5.089365,-3.8793652,-2.9893653,-1.7493652,-0.7993652,-1.7393652,-0.51936525,-2.4093652,-2.3293653,0.85063475,0.040634766,0.6406348,-1.3893652,1.3106347,0.60063475,-1.1993653,-2.8093653,-2.8193653,-2.4893653,-0.78936523,0.26063478,-0.17936523,0.020634765
-0.8693652,0.7006348,5.050635,4.7106347,3.8306348,-3.3093653,-5.6693654,-8.669365,-5.2893653,-4.1093655,-3.4593651,-4.9593654,-4.1093655,-4.8793654,-2.6293652,-3.5293653,-3.9993653,-4.1893654,-3.4993653,-3.6293652,-2.3493652,-1.1993653,-0.13936524,-2.0993652,-0.0093652345,1.1006348,-0.13936524,1.9706348,0.010634766,0.050634764,0.40063477,-0.34936523,-0.40936524,0.26063478,0.23063476,-0.8793652,-0.6093652,0.32063475,-0.13936524,1.5806347,-2.3093653
0.8906348,0.060634766,3.1606348,1.3406348,3.2506347,-3.6093652,-5.799365,-4.069365,-4.549365,-5.9993653,-5.699365,-6.159365,-4.9993653,-4.369365,-4.869365,-4.589365,-4.6693654,-4.1093655,-4.0393653,-2.8593652,0.09063476,-1.4693652,-4.0593653,-3.8693652,0.71063477,-2.9693651,-2.5893652,1.3106347,-2.4493651,-0.12936524,-0.64936525,1.3006347,0.59063476,-0.31936523,-1.4693652,-0.58936524,0.65063477,0.54063475,0.49063477,0.5006348,1.5606347
-0.64936525,-0.95936525,3.1406348,-2.5393653,-4.0593653,-1.7493652,-1.7693652,-5.0393653,-3.7493653,-5.5193653,-5.449365,-5.1293654,-6.299365,-5.0793653,-3.9293652,-2.7893653,-3.2593653,-4.4993653,-3.5893652,-2.6093652,-1.0593653,-2.0793653,-0.52936524,-2.9993653,-3.0993652,-2.5093653,-2.1593652,-3.4393651,-1.1593652,0.5706348,-1.2993653,-1.3693652,0.24063477,0.42063478,-0.6293652,-0.10936523,-0.42936525,2.3306348,-0.27936524,0.60063475,2.1606348
0.8206348,0.41063476,1.1006348,-4.0793653,-7.159365,1.5206348,-3.3193653,-3.2393653,-3.4693651,-4.819365,-5.0393653,-4.119365,-4.319365,-2.2093651,-1.8993652,-4.0793653,-3.3893652,-2.5993652,-2.5993652,-1.6393652,-2.9393651,-2.9693651,-2.5093653,-1.3393652,-1.5093652,-0.51936525,-0.33936524,1.1806347,-0.5493652,-1.3793652,-2.4593651,-0.50936526,-1.2693652,1.7306348,-0.69936526,2.7106347,0.61063474,-0.23936523,-1.4193653,-0.28936523,-0.33936524
0.26063478,0.59063476,1.5106348,-4.259365,-4.7893653,-1.3493652,-3.2293653,-3.0793653,-4.869365,-3.7593653,-2.9893653,-2.4793653,-2.7793653,-4.619365,-5.139365,-3.5793653,-2.4893653,-1.5093652,0.050634764,-0.95936525,-0.32936522,0.24063477,0.120634764,-0.65936524,-0.84936523,-0.45936525,0.8206348,1.5306348,2.5406349,2.4906347,1.3506348,0.31063476,2.4506347,-1.2393652,0.8906348,0.73063475,0.41063476,-0.029365234,3.2406347,-1.3693652,-3.0993652
0.11063477,2.1206348,-0.23936523,-0.75936526,-4.6693654,0.72063476,4.570635,-1.4293653,-2.9393651,-2.9293652,-2.8193653,-2.2793653,-1.0693653,-2.0793653,-3.4693651,-3.5393653,-1.6093652,-1.3193653,-0.6693652,-2.0793653,-2.5693653,-2.1693652,-1.8493652,-0.52936524,1.0706347,0.25063476,-0.59936523,0.90063477,1.1706347,2.3206348,1.7506348,1.0006348,2.3406348,-0.34936523,2.0506349,-2.3693652,-0.06936523,0.050634764,-2.3593652,1.9606347,2.3706348
0.9406348,1.2806348,1.9306347,-0.44936523,-1.2693652,-0.76936525,1.8006347,2.1406348,-0.69936526,-1.6793653,-1.6693653,-2.8793652,-2.3493652,-2.3993652,-2.7293653,-2.6993651,-2.6593652,-2.0193653,-1.8193653,-2.6893651,-3.1593652,-2.6893651,-2.1193652,-2.3493652,-2.2593653,-1.4193653,-1.5993652,-0.31936523,0.8706348,-0.23936523,1.5006348,-1.5993652,-1.4293653,0.46063477,-0.9793652,0.5106348,0.6406348,5.2706347,2.3206348,0.68063474,-0.88936526
2.8806348,3.2206347,-0.059365235,0.15063477,-0.21936524,-0.33936524,1.2006347,5.4206347,3.4406347,-0.56936526,-0.46936524,0.11063477,-0.75936526,-0.95936525,-1.7293652,-2.4893653,-2.7393653,-2.2393653,-1.7793652,-1.9493653,-3.4093652,-2.6593652,-2.3093653,-2.6693652,-2.8393652,-2.5893652,-2.3493652,-1.6593652,-1.5293652,-2.7593653,-5.4193654,-2.7693653,-0.9193652,-1.3793652,0.27063477,-0.33936524,3.0706348,-1.8993652,-1.1693653,-0.06936523,-1.3693652
2.2006347,2.2106347,0.5106348,1.1206348,2.1206348,0.8306348,5.400635,5.360635,1.2206348,0.8106348,0.42063478,0.7006348,-0.34936523,-0.28936523,-0.9393652,-1.6393652,-1.8393652,-1.8293653,-2.5593653,-2.5593653,-3.1393652,-2.8193653,-2.2093651,-3.1593652,-3.5793653,-3.5893652,-3.1593652,-2.7093651,-2.2293653,-2.8393652,-1.3493652,-1.4493653,0.78063476,0.98063475,1.4606347,1.4706348,-1.4193653,6.347656E-4,-2.1893651,-0.23936523,-1.5693653
0.21063477,3.1906347,4.5806346,1.9506347,0.11063477,3.1706347,1.4606347,1.6806347,1.6006348,0.080634765,1.4806348,0.37063476,-0.45936525,0.31063476,0.72063476,0.22063476,-0.12936524,-0.6693652,-2.2693653,-2.3093653,-2.5593653,-2.8793652,-2.6293652,-3.3193653,-2.9893653,-2.9493651,-2.2693653,-2.0393653,-2.0293653,-1.7593652,-2.0193653,-2.2093651,-2.6893651,-1.7293652,-0.23936523,-0.29936522,-1.2693652,-0.42936525,-0.7993652,1.0206348,-1.3393652
0.7006348,0.030634766,0.060634766,0.45063478,1.1906347,1.7706348,1.5506347,1.5306348,1.4906348,0.7706348,0.28063476,1.1906347,-0.29936522,0.13063477,1.2006347,0.99063474,0.8206348,1.3706348,-0.38936523,-0.75936526,-1.4893652,-0.69936526,-1.7193652,-2.2093651,-2.2393653,-2.2193651,-2.0093653,-1.8493652,-2.1393652,-2.4693651,-2.1793652,-2.7493653,-2.0093653,-2.7793653,-1.6193652,-2.2293653,-2.8693652,-1.2493652,-0.21936524,-0.6193652,-0.50936526
0.97063476,0.48063478,-0.25936523,0.30063477,0.73063475,1.3106347,1.7006347,1.3806348,1.5506347,-0.20936523,-0.75936526,0.93063474,0.32063475,1.0206348,1.3606348,1.2606348,1.1706347,1.3806348,1.1706347,0.36063477,-0.32936522,0.41063476,0.6406348,0.040634766,0.11063477,-0.69936526,-0.16936523,-2.0493653,-2.0693653,-1.4793652,-1.8993652,-2.0493653,-2.2193651,-2.7293653,-1.9393653,-2.4993653,-2.4193652,-1.6793653,-2.8093653,-1.5493653,-0.9393652
1.8006347,0.44063476,0.54063475,0.7006348,1.1406348,0.71063477,1.4506347,2.5106347,1.2806348,0.98063475,-0.6893652,-0.53936523,0.7706348,1.6006348,2.6806347,1.6306348,1.7906348,1.1106348,0.21063477,1.0706347,0.79063475,1.1006348,0.8106348,0.79063475,1.1406348,0.24063477,0.14063476,0.47063476,0.17063476,-0.19936523,-0.40936524,-0.9293652,-1.4193653,-1.6093652,-1.1893653,-1.6393652,-1.7693652,-1.6793653,-1.6293652,-0.9993652,-0.31936523
0.80063474,2.0106347,2.8706348,1.6406348,2.8306348,1.3806348,1.5606347,0.6906348,2.6906347,1.3706348,-0.8593652,-0.15936524,0.44063476,1.6306348,2.4806347,2.5206347,1.7706348,1.7406348,1.1406348,1.2706348,1.2106347,1.0306348,1.0306348,0.79063475,1.1606348,1.1006348,1.4106348,1.5606347,1.5506347,1.3906348,1.8006347,0.6206348,0.8806348,1.0106348,0.91063476,1.2806348,0.010634766,0.21063477,0.5606348,6.347656E-4,-0.5493652
