wind_kz.json
{"header": {"discipline":0,"disciplineName":"Meteorological products","gribEdition":2,"gribLength":1102,"center":7,"centerName":"US National Weather Service - NCEP(WMC)","subcenter":0,"refTime":"2023-09-26T18:00:00.000Z","significanceOfRT":1,"significanceOfRTName":"Start of forecast","productStatus":0,"productStatusName":"Operational products","productType":1,"productTypeName":"Forecast products","productDefinitionTemplate":0,"productDefinitionTemplateName":"Analysis/forecast at horizontal level/layer at a point in time","parameterCategory":2,"parameterCategoryName":"UnknownDiscipline_0_Category_2","parameterNumber":2,"parameterNumberName":"UnknownParameter_D0_C2_2","parameterUnit":"Unknown","genProcessType":2,"genProcessTypeName":"Forecast","forecastTime":300,"surface1Type":103,"surface1TypeName":"Specified height level above ground","surface1Value":10.0,"surface2Type":255,"surface2TypeName":"Missing","surface2Value":0.0,"gridDefinitionTemplate":0,"gridDefinitionTemplateName":"Latitude_Longitude","numberPoints":615,"shape":6,"shapeName":"Earth spherical with radius of 6,371,229.0 m","gridUnits":"degrees","resolution":48,"winds":"true","scanMode":64,"nx":41,"ny":15,"basicAngle":0,"lo1":47.0,"la1":41.0,"lo2":87.0,"la2":55.0,"dx":1.0,"dy":1.0}, "data":
[rows 0 to 14 of 15, columns 0 to 40 of 41]
1.6062671,1.5162671,1.3662671,-3.003733,-3.8837328,-5.293733,-8.273733,-8.663733,-9.903733,-6.363733,-6.373733,-6.283733,-5.743733,-5.043733,-4.643733,-4.913733,-5.893733,-6.7337327,-6.153733,-2.423733,0.3562671,1.8062671,1.656267,1.9362671,-1.1937329,0.1662671,2.6762671,-2.8537328,-1.8037329,-0.20373291,-1.223733,0.6262671,-0.0037329101,-0.24373291,0.026267089,-0.03373291,1.2262671,0.2162671,-1.2837329,-0.8337329,-1.4337329
2.456267,-1.5037329,-7.383733,-9.553733,-7.9637327,-7.813733,-7.783733,-8.803733,-8.033733,-7.803733,-6.873733,-6.393733,-5.513733,-4.933733,-4.1937327,-4.323733,-3.1337328,-2.543733,-2.253733,-5.613733,-4.293733,-2.793733,0.2962671,2.466267,-0.3537329,-1.223733,0.57626706,-2.033733,-1.333733,-0.103732914,-0.04373291,-0.31373292,1.026267,-0.9637329,0.6462671,0.4462671,0.4162671,-0.7537329,0.27626708,-1.2737329,-0.11373291
-1.4437329,-6.593733,-8.533733,-8.723733,-8.743732,-8.523733,-8.293733,-7.043733,-8.353733,-7.083733,-6.7137327,-6.623733,-6.323733,-6.633733,-6.7337327,-6.863733,-6.023733,-4.803733,-3.473733,-0.6637329,-3.6337328,-11.073733,-8.043733,-8.183733,-1.5737329,-3.8237329,-2.5937328,-0.7837329,3.1762671,-0.8337329,0.12626709,-1.1937329,-2.3237329,-1.353733,-1.103733,1.146267,-0.3237329,0.43626708,1.4762671,2.556267,0.7162671
-4.743733,-7.043733,-7.623733,-8.493732,-7.323733,-7.033733,-6.123733,-6.393733,-6.4637327,-6.613733,-6.303733,-6.663733,-6.243733,-5.573733,-6.823733,-7.013733,-6.773733,-7.563733,-8.423733,-9.253733,-6.993733,-5.393733,-6.083733,-8.843733,-9.093733,-8.683733,-8.463733,-10.653733,-6.743733,-2.733733,-2.953733,-4.2137327,-6.023733,-3.523733,-3.3437328,-1.593733,-0.18373291,0.22626708,-1.713733,-0.7437329,0.8062671
-4.083733,-6.2537327,-6.433733,-5.4637327,-4.973733,-5.623733,-4.433733,-5.103733,-5.223733,-5.4237328,-6.083733,-6.793733,-6.623733,-6.433733,-5.473733,-7.563733,-7.403733,-7.453733,-8.053733,-9.283733,-10.4537325,-9.7037325,-9.163733,-8.623733,-8.4537325,-8.363733,-9.433733,-6.513733,-6.793733,-6.563733,-6.563733,-3.263733,1.9562671,0.8162671,-2.443733,-1.7837329,0.9762671,-2.233733,-3.5637329,-1.103733,-4.123733
-2.0537329,-2.543733,-4.5037327,-4.953733,-5.563733,-5.523733,-4.203733,-4.5037327,-4.033733,-4.763733,-4.873733,-5.593733,-4.993733,-5.473733,-6.073733,-6.623733,-7.573733,-7.783733,-7.9837327,-7.343733,-7.7537327,-7.163733,-7.2137327,-7.2137327,-7.133733,-7.953733,-7.373733,-5.403733,-5.493733,-4.783733,-5.513733,-5.633733,-4.933733,-3.893733,-3.163733,1.0562671,0.4262671,1.3862671,-0.5937329,-4.2337327,-1.713733
-1.723733,-1.8837329,-2.8237329,-2.3037329,-4.093733,-3.433733,-3.673733,-3.513733,-3.3737328,-3.493733,-3.223733,-3.503733,-3.0537329,-3.3537328,-3.3137329,-3.8337328,-4.9637327,-5.383733,-6.013733,-7.043733,-6.553733,-5.603733,-4.813733,-4.703733,-5.4237328,-5.2337327,-5.453733,-4.583733,-5.013733,-4.2137327,-4.053733,-4.363733,-3.233733,-3.0837328,-5.033733,-2.473733,-0.18373291,-2.223733,2.846267,0.3562671,3.466267
-3.973733,-3.3637328,-3.233733,-2.463733,-2.213733,-2.1037328,-2.3237329,-2.0937328,-1.7537329,-1.9937329,-1.1737329,-0.5737329,0.026267089,0.3462671,0.36626709,-0.16373292,-0.5837329,-1.3937329,-1.4837329,-2.6337328,-2.3837328,-2.253733,-2.3437328,-2.153733,-1.7837329,-1.8037329,-2.293733,-1.963733,-2.0737329,-1.6537329,-1.9037329,-1.4037329,-0.7437329,-2.683733,-2.653733,-3.713733,-1.4337329,2.816267,5.846267,6.386267,3.306267
-4.4837327,-5.113733,-3.733733,-2.6037328,-1.8637329,-1.0437329,-0.6437329,0.01626709,0.3862671,0.6862671,0.7762671,1.3262671,2.6462672,3.076267,3.016267,2.8962672,3.096267,2.766267,2.846267,2.576267,3.086267,3.1862671,3.276267,2.716267,2.6262672,1.4762671,1.7262671,1.8262671,1.396267,1.4662671,2.286267,2.1662672,1.286267,0.6062671,-0.31373292,0.05626709,0.09626709,-1.0437329,-0.03373291,0.2462671,0.09626709
-5.1737328,-4.283733,-3.3137329,-3.253733,-2.433733,-0.5237329,0.08626709,1.4562671,1.8762671,3.1162672,3.816267,4.176267,5.116267,4.736267,4.916267,5.386267,5.336267,5.426267,5.616267,5.0762672,6.776267,7.946267,7.0562673,5.756267,5.646267,5.4962673,5.5562673,5.686267,5.356267,5.696267,4.606267,4.026267,3.076267,1.546267,1.1962671,0.3562671,0.51626706,-0.24373291,1.4962671,0.9362671,0.1862671
-4.603733,-5.573733,-5.4837327,-5.263733,-3.953733,-1.3937329,0.8662671,2.086267,2.3962672,3.086267,3.1262672,4.5362673,5.0162673,6.0362673,6.436267,6.726267,6.296267,7.136267,5.776267,6.126267,7.676267,8.306267,8.496267,7.986267,7.426267,7.726267,8.466267,8.236267,8.086267,7.586267,6.646267,3.3762672,2.6462672,3.226267,2.506267,1.3062671,0.49626708,1.1962671,0.09626709,-0.2237329,0.7262671
-2.773733,-3.463733,-3.3537328,-3.0537329,-3.1037328,-3.033733,-2.6337328,-2.163733,-2.1237328,-0.01373291,2.6862671,5.156267,3.976267,5.5162673,6.5762672,6.206267,6.8062673,7.466267,6.066267,7.4962673,7.316267,7.856267,7.676267,7.946267,8.116267,8.736267,8.926267,10.126267,9.606267,7.856267,5.3262672,4.386267,2.106267,3.4362671,3.226267,3.776267,4.846267,4.756267,2.286267,1.1862671,0.2562671
-0.7637329,-0.7637329,-1.3937329,-1.1237329,-0.9737329,-0.6837329,-1.1237329,-0.5437329,0.05626709,-0.4337329,0.8962671,3.096267,2.266267,2.1462672,2.8662672,3.736267,4.776267,5.626267,5.616267,6.836267,7.276267,7.886267,7.626267,8.266267,9.286267,10.006268,10.806267,9.866267,9.016267,7.5762672,5.846267,4.776267,2.546267,1.5762671,2.9062672,3.9262671,3.086267,2.4262671,3.486267,2.6962671,2.316267
0.6262671,1.2062671,0.5662671,1.1162671,0.3962671,0.6562671,1.3562671,2.016267,2.6562672,2.106267,1.4262671,2.9162672,4.616267,5.386267,5.086267,4.716267,5.2662673,5.2862673,5.436267,6.166267,6.816267,7.676267,8.876267,9.336267,8.396267,8.916267,8.376267,7.366267,7.676267,6.4962673,5.2862673,2.756267,1.8162671,1.3562671,1.2262671,3.266267,1.9362671,2.986267,3.476267,2.836267,3.4462671
1.656267,2.776267,2.786267,2.496267,1.9262671,2.106267,3.096267,3.036267,4.346267,4.596267,3.1262672,5.146267,4.546267,4.446267,6.296267,6.8062673,7.486267,7.646267,7.146267,7.5562673,7.936267,8.406267,8.586267,9.016267,8.786267,8.756268,8.906267,6.196267,6.886267,6.256267,5.456267,3.226267,1.8162671,0.8962671,0.94626707,2.756267,2.506267,3.576267,4.726267,5.156267,2.316267
