wind_kz.json
{"header": {"discipline":0,"disciplineName":"Meteorological products","gribEdition":2,"gribLength":871,"center":7,"centerName":"US National Weather Service - NCEP(WMC)","subcenter":0,"refTime":"2023-09-30T06:00:00.000Z","significanceOfRT":1,"significanceOfRTName":"Start of forecast","productStatus":0,"productStatusName":"Operational products","productType":1,"productTypeName":"Forecast products","productDefinitionTemplate":0,"productDefinitionTemplateName":"Analysis/forecast at horizontal level/layer at a point in time","parameterCategory":0,"parameterCategoryName":"UnknownDiscipline_0_Category_0","parameterNumber":0,"parameterNumberName":"UnknownParameter_D0_C0_0","parameterUnit":"Unknown","genProcessType":2,"genProcessTypeName":"Forecast","forecastTime":60,"surface1Type":1,"surface1TypeName":"Ground or water surface","surface1Value":0.0,"surface2Type":255,"surface2TypeName":"Missing","surface2Value":0.0,"gridDefinitionTemplate":0,"gridDefinitionTemplateName":"Latitude_Longitude","numberPoints":615,"shape":6,"shapeName":"Earth spherical with radius of 6,371,229.0 m","gridUnits":"degrees","resolution":48,"winds":"true","scanMode":64,"nx":41,"ny":15,"basicAngle":0,"lo1":47.0,"la1":41.0,"lo2":87.0,"la2":55.0,"dx":1.0,"dy":1.0}, "data":
[rows 0 to 14 of 15, columns 0 to 40 of 41]
288.8149,281.7149,286.41492,294.41492,293.91492,292.91492,295.2149,296.61493,294.8149,294.7149,293.3149,292.91492,291.7149,291.01492,290.91492,288.7149,288.01492,289.61493,287.2149,288.91492,289.2149,287.11493,286.41492,281.51492,285.2149,287.51492,283.91492,273.01492,274.01492,272.51492,272.51492,271.2149,281.61493,288.61493,290.3149,290.8149,289.01492,290.2149,291.2149,292.61493,289.91492
276.11493,286.41492,294.11493,294.11493,294.01492,292.41492,293.61493,292.61493,292.3149,292.2149,292.3149,290.7149,290.01492,288.7149,287.3149,288.01492,287.01492,286.51492,285.51492,286.7149,289.01492,288.61493,285.11493,278.41492,271.51492,273.7149,282.41492,273.91492,275.2149,271.11493,277.91492,269.51492,276.41492,257.8149,270.11493,286.3149,284.91492,288.3149,292.11493,283.41492,283.7149
288.41492,293.61493,293.91492,293.41492,291.7149,295.51492,294.3149,291.11493,289.2149,288.91492,288.2149,289.01492,288.11493,288.8149,289.91492,287.61493,287.2149,285.91492,285.51492,286.11493,288.41492,284.91492,286.61493,280.8149,284.51492,282.91492,285.41492,284.61493,283.8149,277.8149,269.8149,274.3149,279.8149,277.01492,279.91492,279.61493,270.41492,276.11493,278.41492,272.7149,271.7149
288.01492,292.8149,293.61493,292.51492,291.3149,290.8149,291.7149,290.11493,289.91492,288.7149,288.11493,287.51492,290.7149,290.11493,288.01492,288.41492,289.91492,286.8149,286.2149,285.51492,286.41492,282.01492,287.91492,288.41492,288.3149,288.61493,288.61493,284.8149,285.91492,287.3149,288.2149,287.61493,289.8149,289.11493,285.01492,283.8149,273.51492,267.8149,276.91492,284.2149,287.2149
292.11493,292.51492,293.01492,292.2149,291.7149,291.01492,292.11493,291.2149,290.11493,289.3149,287.2149,286.11493,289.7149,288.51492,287.01492,288.8149,289.01492,288.3149,285.2149,289.11493,288.3149,287.91492,289.61493,287.51492,288.2149,288.01492,286.01492,286.7149,286.2149,289.8149,290.51492,289.8149,277.61493,268.2149,278.51492,286.3149,289.2149,291.7149,292.01492,290.91492,289.91492
291.51492,288.11493,291.3149,292.01492,292.01492,291.8149,291.2149,291.7149,289.8149,289.01492,288.61493,288.7149,289.11493,289.41492,288.41492,287.41492,290.01492,288.11493,288.61493,288.61493,290.61493,290.3149,289.61493,286.91492,287.41492,287.2149,288.3149,288.61493,287.91492,288.11493,286.7149,288.3149,287.61493,286.41492,284.91492,290.3149,282.91492,283.61493,288.2149,289.3149,288.3149
288.51492,287.3149,291.2149,290.3149,289.7149,289.51492,291.7149,290.11493,292.41492,289.51492,288.3149,288.2149,287.61493,287.3149,287.01492,287.91492,291.41492,288.41492,287.61493,288.11493,287.41492,289.51492,289.8149,287.01492,283.61493,284.51492,283.91492,285.7149,286.8149,286.7149,284.41492,284.61493,285.8149,289.8149,288.3149,286.61493,282.8149,279.8149,275.91492,273.2149,284.11493
287.01492,285.2149,292.2149,290.11493,290.7149,292.2149,292.51492,291.61493,287.11493,287.41492,287.01492,286.51492,285.91492,286.41492,286.61493,287.01492,287.01492,287.61493,286.91492,284.61493,283.8149,284.01492,283.8149,284.8149,283.2149,280.01492,280.61493,283.01492,281.3149,282.7149,281.91492,283.8149,282.41492,281.51492,281.51492,282.2149,285.11493,286.2149,284.91492,284.61493,281.8149
287.41492,287.01492,291.01492,288.01492,289.8149,289.11493,291.11493,288.7149,286.7149,286.3149,288.41492,285.11493,284.61493,285.91492,285.61493,286.11493,285.2149,285.41492,285.41492,283.3149,281.2149,280.91492,281.7149,281.51492,280.01492,280.2149,279.01492,280.7149,279.61493,278.11493,278.7149,280.3149,281.41492,281.2149,280.8149,280.8149,281.11493,279.7149,268.7149,269.8149,267.01492
288.3149,286.2149,288.01492,290.61493,288.01492,288.3149,288.51492,288.7149,289.91492,286.7149,285.3149,284.3149,284.7149,284.11493,284.51492,284.41492,284.51492,284.61493,284.41492,284.11493,282.41492,281.7149,281.91492,281.51492,280.61493,279.11493,278.8149,278.01492,279.61493,277.3149,277.8149,279.11493,281.7149,282.2149,281.11493,280.2149,278.8149,275.41492,271.91492,270.3149,267.3149
287.2149,285.41492,287.2149,288.61493,289.2149,287.8149,288.8149,288.61493,286.2149,286.3149,286.7149,284.41492,284.61493,283.8149,283.51492,283.01492,283.11493,283.8149,283.91492,283.01492,282.61493,281.91492,281.41492,281.11493,280.2149,280.01492,277.51492,279.51492,279.7149,280.11493,281.3149,281.2149,280.51492,280.91492,279.51492,278.11493,275.7149,272.61493,272.01492,271.91492,270.3149
286.2149,287.3149,287.41492,286.41492,286.2149,286.01492,286.8149,284.7149,284.91492,285.7149,282.51492,283.51492,284.41492,282.8149,283.01492,281.91492,282.11493,281.51492,282.41492,282.51492,281.7149,280.61493,280.3149,280.41492,280.11493,280.61493,280.01492,280.2149,280.11493,279.8149,278.11493,278.3149,278.51492,276.7149,277.41492,277.3149,277.61493,276.7149,276.61493,276.51492,276.41492
285.41492,285.91492,286.8149,286.2149,286.2149,285.61493,284.8149,283.91492,283.51492,282.91492,280.8149,280.11493,282.8149,281.41492,282.61493,282.51492,282.11493,281.91492,282.41492,281.91492,281.61493,280.51492,279.7149,279.3149,280.61493,281.3149,281.7149,280.3149,279.8149,277.8149,277.91492,277.61493,277.41492,276.7149,276.41492,276.51492,275.91492,276.7149,275.3149,274.51492,275.01492
283.51492,286.2149,285.7149,287.2149,285.41492,284.61493,284.41492,284.41492,283.61493,283.11493,281.7149,278.8149,280.2149,281.8149,282.7149,282.91492,282.61493,281.41492,281.61493,281.91492,281.91492,281.41492,281.7149,281.61493,281.3149,280.91492,279.91492,280.3149,279.01492,278.7149,277.61493,276.3149,275.41492,274.41492,274.61493,273.3149,273.8149,273.7149,273.3149,272.51492,271.91492
284.91492,285.7149,285.7149,284.61493,286.01492,285.11493,284.2149,283.7149,284.8149,284.01492,283.01492,281.11493,280.7149,280.91492,281.7149,283.11493,282.51492,281.61493,281.41492,281.41492,281.91492,281.61493,281.2149,280.91492,280.8149,280.51492,280.11493,279.51492,279.3149,278.51492,278.61493,280.3149,276.41492,275.61493,275.2149,275.2149,274.2149,273.51492,273.3149,272.91492,272.7149
