wind_kz.json
{"header": {"discipline":0,"disciplineName":"Meteorological products","gribEdition":2,"gribLength":1025,"center":7,"centerName":"US National Weather Service - NCEP(WMC)","subcenter":0,"refTime":"2023-09-29T00:00:00.000Z","significanceOfRT":1,"significanceOfRTName":"Start of forecast","productStatus":0,"productStatusName":"Operational products","productType":1,"productTypeName":"Forecast products","productDefinitionTemplate":0,"productDefinitionTemplateName":"Analysis/forecast at horizontal level/layer at a point in time","parameterCategory":2,"parameterCategoryName":"UnknownDiscipline_0_Category_2","parameterNumber":2,"parameterNumberName":"UnknownParameter_D0_C2_2","parameterUnit":"Unknown","genProcessType":2,"genProcessTypeName":"Forecast","forecastTime":180,"surface1Type":103,"surface1TypeName":"Specified height level above ground","surface1Value":10.0,"surface2Type":255,"surface2TypeName":"Missing","surface2Value":0.0,"gridDefinitionTemplate":0,"gridDefinitionTemplateName":"Latitude_Longitude","numberPoints":615,"shape":6,"shapeName":"Earth spherical with radius of 6,371,229.0 m","gridUnits":"degrees","resolution":48,"winds":"true","scanMode":64,"nx":41,"ny":15,"basicAngle":0,"lo1":47.0,"la1":41.0,"lo2":87.0,"la2":55.0,"dx":1.0,"dy":1.0}, "data":
[rows 0 to 14 of 15, columns 0 to 40 of 41]
-0.007741699,1.6422583,0.4022583,-5.067742,-2.7477417,0.9222583,1.1722583,-5.7377415,-6.7477417,-5.9477415,-6.297742,-5.1577415,-4.4577417,-2.8077416,-2.1877418,-0.3477417,-0.1477417,-0.1177417,0.8622583,1.9822583,-2.5077417,-0.5277417,0.2622583,1.3422583,1.6822582,3.5322583,5.5922585,2.0722582,-0.2777417,-0.1377417,-1.3177418,1.5422583,-0.7677417,-1.3277417,-0.8977417,-0.2977417,-1.4477417,-0.3277417,0.012258301,-0.6277417,-0.5177417
-0.3977417,-0.7077417,-8.757742,-6.257742,-3.8077416,-0.4277417,-3.6077416,-4.857742,-5.587742,-5.2277417,-5.2877417,-3.4177418,-3.6377418,-1.9377418,-1.5077417,-0.0477417,-1.6177417,0.2322583,0.7422583,1.7222583,-2.3277416,-1.3877417,-0.017741699,1.0022583,-0.4377417,-1.3677417,0.3022583,0.5222583,-0.0977417,0.5022583,0.032258302,0.2822583,-0.8677417,-2.4477417,0.2122583,0.8522583,0.4722583,-0.8177417,-0.8677417,-0.4277417,-1.3377417
-4.7677417,-6.6777415,-7.2277417,-6.027742,-3.3477416,-4.1177416,-4.627742,-4.507742,-4.027742,-2.6177416,-1.9377418,-0.9977417,-1.7677417,-1.0877417,-0.8677417,-0.1377417,-1.1077417,-0.0877417,-0.9377417,-4.147742,-0.3777417,-1.7777417,-0.9077417,1.9022583,-1.2777417,5.0122585,5.8622584,4.6322584,4.452258,-0.3277417,-0.4177417,-2.1477418,1.5422583,-0.7677417,-1.6177417,-1.7677417,0.2322583,0.6322583,2.4922583,1.4422584,-0.5377417
-5.8277416,-5.817742,-5.6577415,-3.8577416,2.1422584,-2.1477418,-3.5677416,-1.3577417,-0.6777417,-0.2577417,0.5222583,0.9822583,-2.9077418,-1.3377417,1.4722583,0.0722583,-0.3277417,0.0422583,-0.5977417,-4.5977416,-2.8777418,0.0822583,-0.0377417,3.3122582,7.6722584,7.602258,-4.897742,-6.1877418,-4.337742,-2.3177416,-1.1877418,-0.2877417,2.7722583,2.3522582,2.3522582,0.9622583,-0.38774168,0.5222583,-0.9877417,-2.7977417,-2.7277417
-5.897742,-4.8677416,-4.2177415,-2.8977418,-1.2777417,-1.8977417,-0.0777417,0.3322583,1.4122583,0.9622583,0.7622583,-3.4877417,-1.0977417,1.3222584,2.2922583,3.9422584,0.2622583,-1.1677417,-0.8477417,0.9822583,-0.7477417,-0.9677417,0.8622583,3.6622584,6.4422584,-2.1377418,-4.9977417,-1.5577416,-3.4677417,-3.1077416,-3.2477417,-1.9277416,-1.1277417,-0.3577417,-1.4277416,-2.0277417,-0.2177417,-3.2077417,-2.7877417,-2.1577418,-1.8577417
-4.6377416,-3.0777416,-2.6777418,-2.4477417,-2.0177417,-1.3177418,2.8422582,3.0822582,3.6822584,1.2822583,0.6622583,1.1622583,1.0122583,1.1822582,3.7022583,0.1422583,1.7422583,-0.0477417,-0.007741699,-0.4577417,-1.2877417,-1.7677417,-0.7177417,0.092258304,2.0522583,-5.1777415,-4.0777416,-3.1677418,-2.7977417,-3.4177418,-3.3077416,-2.6977417,-1.0577416,-0.7477417,-0.4077417,1.5522583,-0.4577417,1.3522583,-1.5177417,-2.2077417,-2.2377417
-1.5177417,-1.3177418,-1.9677417,-1.7777417,0.012258301,2.3522582,2.6622584,1.3722583,0.4822583,-0.2577417,0.8622583,1.5422583,1.2922583,2.4722583,2.6622584,1.9822583,1.4022583,0.4122583,0.1222583,0.3822583,-0.9877417,-0.9477417,-1.4977417,-1.8677417,-1.0377417,-2.0977416,-2.3377416,-2.2977417,-2.3377416,-2.2577417,-2.4377418,-1.9877417,-1.5877417,-1.3677417,0.3922583,1.3122582,1.1622583,-1.2177417,1.4322582,0.032258302,-0.007741699
-0.3277417,2.1622584,2.5022583,3.2922583,2.3022583,1.2722583,0.4722583,1.8622583,2.1522584,1.2422583,1.7922583,1.4522583,2.6422584,2.4922583,2.1622584,2.7722583,2.3622582,2.4922583,1.5122583,1.0122583,-0.6177417,-0.1877417,-1.0477417,-0.4677417,-1.0577416,0.4122583,0.6322583,0.9122583,-1.0377417,-0.9177417,-1.5477417,-1.5677418,-2.5677416,-2.3877418,-4.007742,-2.8977418,-1.4377418,1.3822583,2.3722582,1.9522583,1.6222583
-0.2177417,-1.8177418,-0.6777417,-2.6477418,0.7822583,3.2722583,4.0122585,1.9622583,2.1122582,3.0122583,3.1422584,3.3022583,2.9622583,2.0122583,2.8522582,2.7422583,3.4322584,3.3322582,3.2822583,2.3022583,1.5922583,0.2422583,-0.4977417,0.1622583,0.2322583,1.7322583,0.8022583,2.3022583,1.4822583,1.5822583,0.4122583,-2.2077417,-2.6977417,-2.3377416,-1.5277417,1.0022583,-1.0377417,-1.4177417,-1.5677418,0.3722583,-1.6077417
-2.6077416,-2.6077416,-2.6677418,-3.0977416,-0.7677417,1.7822583,2.1922584,4.8022585,4.3622584,3.6622584,3.6822584,3.7122583,3.5722582,3.4522583,3.3722582,3.3122582,2.8622582,3.3022583,3.2222583,3.3822584,3.0522583,2.7722583,1.1622583,1.5822583,1.2022583,1.2722583,2.0522583,2.2922583,1.3622583,1.8822583,0.4422583,-1.4977417,-1.3377417,-1.1977417,-0.5277417,-0.6277417,0.6222583,-0.1377417,0.0622583,-0.2077417,0.1022583
-3.0877416,-3.2877417,-2.9777417,-2.1377418,-0.9877417,-0.3077417,0.7122583,2.2022583,2.8222582,4.9222584,5.1922584,4.7322583,4.122258,4.202258,4.4622583,4.3222585,4.2622585,3.8222582,3.7222583,3.4822583,4.3022585,4.162258,3.3622582,3.0622582,2.6822584,2.2522583,2.2022583,1.7622583,2.2822583,1.4122583,1.1622583,0.7922583,0.4222583,0.8322583,0.3922583,-0.1577417,0.3222583,1.2122583,-0.6877417,-0.0377417,-0.8477417
-1.7577417,-1.6477417,-1.8377417,-1.4977417,-1.0977417,-1.1677417,-0.8777417,-0.1177417,-0.3977417,1.9022583,3.9222584,4.0022583,2.9322584,4.992258,4.642258,4.9422584,3.7322583,3.5922582,3.6122582,3.7622583,3.8022583,3.3722582,3.0922582,3.0122583,3.3122582,3.5822582,3.4022584,3.1322584,2.6522584,1.9722583,1.6822582,2.0122583,1.0422583,-0.5877417,1.3122582,0.7622583,0.2922583,-1.1177417,-1.0577416,-1.1377417,-0.5577417
-0.057741698,-0.8577417,-0.8977417,0.4822583,0.9522583,-0.1377417,-0.8277417,-1.1177417,-1.2777417,0.092258304,0.7022583,1.7322583,1.5022583,2.8022583,1.9722583,-0.0777417,0.0422583,0.6622583,0.5922583,2.0122583,2.4122584,2.9222584,3.1122582,3.0822582,3.1922584,3.2322583,3.6622584,3.8622582,3.0222583,2.2322583,2.2222583,2.3022583,1.8422583,0.8022583,1.7122583,1.0922583,0.6422583,0.2422583,-0.8577417,-0.0777417,-0.1277417
1.5422583,2.3122582,2.0922582,1.1422583,0.7922583,0.8522583,0.2522583,0.8822583,0.2522583,0.4522583,1.1122583,1.9722583,2.1422584,-2.6077416,-1.2377417,0.6722583,1.2122583,1.9122583,2.1722584,2.4522583,2.6722584,1.7322583,2.6222582,2.7622583,3.2122583,3.6222582,3.2622583,3.4022584,3.2322583,3.2222583,2.8422582,2.2222583,1.7422583,1.4922583,1.3122582,0.5122583,1.0022583,0.9622583,1.0122583,-0.1577417,1.1722583
2.3922584,2.1122582,1.6322583,2.7222583,2.5722582,2.5322583,1.7822583,2.0222583,2.1222582,1.7922583,1.5822583,2.4222584,1.7222583,0.8022583,1.9622583,1.8422583,2.9722583,3.0622582,3.0422583,3.5422583,2.8622582,3.0622582,2.8122582,2.8722582,2.6922584,2.1222582,2.9822583,3.0322583,3.3622582,3.3822584,3.2422583,3.4622583,2.1622584,1.5322583,1.4922583,1.1222583,0.5522583,1.1922584,1.0922583,1.7322583,-0.1977417
