wind_kz.json
{"header": {"discipline":0,"disciplineName":"Meteorological products","gribEdition":2,"gribLength":1025,"center":7,"centerName":"US National Weather Service - NCEP(WMC)","subcenter":0,"refTime":"2023-10-01T06:00:00.000Z","significanceOfRT":1,"significanceOfRTName":"Start of forecast","productStatus":0,"productStatusName":"Operational products","productType":1,"productTypeName":"Forecast products","productDefinitionTemplate":0,"productDefinitionTemplateName":"Analysis/forecast at horizontal level/layer at a point in time","parameterCategory":2,"parameterCategoryName":"UnknownDiscipline_0_Category_2","parameterNumber":2,"parameterNumberName":"UnknownParameter_D0_C2_2","parameterUnit":"Unknown","genProcessType":2,"genProcessTypeName":"Forecast","forecastTime":120,"surface1Type":103,"surface1TypeName":"Specified height level above ground","surface1Value":10.0,"surface2Type":255,"surface2TypeName":"Missing","surface2Value":0.0,"gridDefinitionTemplate":0,"gridDefinitionTemplateName":"Latitude_Longitude","numberPoints":615,"shape":6,"shapeName":"Earth spherical with radius of 6,371,229.0 m","gridUnits":"degrees","resolution":48,"winds":"true","scanMode":64,"nx":41,"ny":15,"basicAngle":0,"lo1":47.0,"la1":41.0,"lo2":87.0,"la2":55.0,"dx":1.0,"dy":1.0}, "data":
[rows 0 to 14 of 15, columns 0 to 40 of 41]
-0.45920104,1.1607989,-1.5992011,0.57079893,-0.64920104,-0.87920105,1.320799,1.8007989,1.480799,0.12079895,0.080798954,-0.32920104,-0.8592011,-1.2192011,-0.659201,-0.68920106,-1.2392011,-2.939201,-3.939201,-3.709201,-3.009201,-0.28920105,-1.659201,4.450799,0.35079896,1.230799,4.4607987,3.410799,0.080798954,0.07079895,-1.809201,0.75079894,0.49079895,-1.819201,-2.519201,-1.419201,-0.599201,-0.12920105,0.23079894,-0.32920104,-2.189201
0.12079895,-1.9892011,-1.2392011,-1.6092011,-0.69920105,-0.30920106,0.75079894,0.88079894,-0.50920105,2.240799,3.0707989,1.7807989,1.2707989,-0.01920105,-0.05920105,-0.81920105,7.989502E-4,-0.02920105,0.73079896,1.930799,-1.429201,-1.499201,-2.6492012,2.390799,-0.849201,0.080798954,1.6407989,-0.23920105,2.030799,0.98079896,0.46079895,-0.19920105,-0.94920105,0.97079897,1.000799,-0.789201,-0.45920104,-2.3992012,-1.289201,-0.89920104,0.67079896
-1.0792011,0.57079893,0.5207989,-0.83920103,-1.3292011,0.21079895,0.20079894,0.12079895,1.320799,0.80079895,3.060799,3.280799,2.990799,2.760799,1.9107989,1.3807989,1.560799,1.850799,2.490799,3.020799,4.560799,4.130799,0.93079895,3.720799,5.900799,7.500799,8.060799,4.010799,2.250799,0.73079896,1.0207989,0.74079895,-1.799201,-0.89920104,-0.52920103,1.320799,0.93079895,0.5207989,-0.37920105,0.28079894,2.030799
0.21079895,1.810799,1.5207989,0.18079895,-0.00920105,1.3907989,1.450799,2.310799,2.120799,1.820799,1.090799,2.000799,3.3507988,4.350799,3.410799,2.800799,2.490799,2.710799,3.0807989,4.310799,4.170799,4.280799,-0.539201,4.910799,9.940799,10.130799,3.1007988,2.530799,-2.229201,-2.8992012,0.28079894,-5.619201,-4.899201,-2.9292011,-3.329201,-1.8392011,0.04079895,1.210799,-2.099201,-0.99920106,-3.599201
1.210799,0.88079894,2.130799,3.030799,4.170799,4.260799,3.8607988,4.4607987,3.150799,3.940799,4.630799,4.9807987,4.820799,4.380799,2.560799,4.4607987,4.4607987,4.430799,3.660799,4.990799,5.560799,4.520799,5.560799,9.010799,8.890799,3.380799,1.3907989,-3.1792011,-2.4292011,-3.039201,-2.129201,-0.26920104,1.7707989,1.3007989,-2.8892012,-2.599201,-3.259201,-5.409201,-4.2692013,-4.0392013,-3.439201
-1.2192011,-0.81920105,0.840799,3.3407989,4.590799,5.7107987,6.280799,5.6907988,4.660799,4.780799,4.850799,4.640799,4.250799,2.950799,3.810799,5.200799,5.1907988,3.920799,4.150799,5.150799,4.750799,3.160799,6.360799,5.770799,2.750799,-1.929201,-4.419201,-3.629201,-3.319201,-3.829201,-3.6792011,-2.6792011,-2.029201,-1.529201,-0.09920105,-4.2692013,0.40079895,-3.689201,-3.359201,-3.069201,-3.239201
-0.35920104,-0.18920106,-0.17920105,0.19079895,0.8307989,1.9007989,4.2307987,5.260799,5.040799,5.890799,5.680799,5.010799,5.300799,4.4407988,4.130799,4.080799,3.030799,4.080799,2.760799,3.880799,2.8407989,2.8307989,5.330799,2.000799,-3.019201,-5.919201,-3.099201,-5.109201,-1.749201,-2.1792011,-2.119201,-2.449201,-3.359201,-4.0192013,-5.799201,-5.349201,-1.6192011,-1.8292011,-1.3692011,1.4107989,-1.559201
0.25079894,0.91079897,1.1407989,1.320799,1.6607989,2.250799,2.300799,2.5807989,5.750799,4.540799,5.300799,4.720799,5.010799,4.740799,4.900799,4.800799,2.8207989,3.000799,2.190799,0.47079894,1.8007989,3.900799,0.07079895,-0.64920104,-1.179201,-3.019201,-2.049201,-0.29920104,-2.299201,-1.879201,-2.219201,-1.8392011,-1.999201,-2.969201,-4.199201,-5.099201,-3.989201,-2.769201,-6.479201,-5.829201,-1.179201
0.24079895,-0.5492011,0.06079895,1.0307989,2.6107988,3.0707989,3.050799,3.3607988,4.670799,5.880799,5.4407988,4.540799,5.180799,3.970799,3.910799,2.6107988,2.970799,2.8607988,3.0907989,1.2907989,1.960799,5.780799,-0.539201,-0.17920105,-1.3392011,7.989502E-4,-0.29920104,0.31079894,-0.04920105,-0.46920106,-2.039201,-2.489201,-2.969201,-1.2392011,-3.689201,-4.2892013,-3.4192011,-0.34920105,-0.22920105,-1.509201,-0.67920107
0.900799,1.480799,2.0807989,2.460799,3.490799,3.270799,3.5907989,3.5707989,4.840799,5.300799,6.140799,3.730799,4.310799,4.070799,4.330799,4.390799,2.160799,3.230799,3.680799,3.1107988,2.200799,3.140799,4.4407988,2.730799,1.1407989,-0.34920105,0.17079896,-0.12920105,0.29079896,-0.27920106,-0.99920106,-1.8292011,-2.329201,-2.3892012,-1.6992011,-2.559201,-1.679201,-1.0792011,1.3007989,-0.44920105,-1.2392011
3.510799,3.8507988,3.500799,3.140799,2.740799,3.020799,4.050799,4.670799,4.790799,5.990799,6.270799,6.630799,2.240799,2.470799,5.780799,3.970799,3.750799,3.8207989,2.890799,4.240799,3.880799,3.6107988,3.140799,1.4007989,0.72079897,0.7707989,0.88079894,1.600799,1.120799,-0.31920105,-2.249201,-2.9092011,-2.059201,-1.1992011,-1.759201,-0.789201,0.23079894,-0.09920105,-0.81920105,-0.87920105,-0.32920104
3.0907989,3.170799,3.390799,3.720799,4.160799,3.780799,4.090799,4.000799,3.6107988,2.710799,4.430799,5.790799,5.380799,3.3507988,4.860799,4.520799,5.200799,4.6907988,4.050799,4.680799,3.490799,2.310799,1.740799,0.20079894,-0.05920105,0.10079895,1.2907989,0.82079893,-0.24920104,-1.3292011,-2.079201,-2.1792011,-1.769201,-1.9592011,-2.279201,-2.599201,-1.7192011,-2.059201,-1.669201,-1.3592011,-1.2292011
3.270799,3.650799,2.880799,3.8407989,3.560799,2.950799,4.400799,4.640799,5.060799,3.380799,2.120799,3.650799,3.980799,4.790799,4.100799,3.810799,5.510799,4.800799,3.290799,2.390799,3.060799,2.280799,1.2907989,0.75079894,0.25079894,0.55079895,-0.25920105,-0.86920106,-0.86920106,-1.3692011,-1.519201,-1.279201,-1.019201,-1.279201,-2.059201,-2.479201,-2.689201,-2.029201,-3.249201,-2.779201,-1.649201
3.8507988,3.690799,3.400799,3.300799,4.310799,3.960799,4.390799,4.290799,3.280799,4.540799,3.0907989,3.8407989,3.740799,4.4407988,4.310799,3.3207989,3.6007988,2.3407989,2.8607988,1.850799,4.000799,3.540799,3.0907989,2.200799,1.480799,0.44079894,-0.29920104,-0.05920105,-0.18920106,-0.33920106,-0.68920106,-0.82920104,-0.16920105,-0.29920104,-0.7992011,-1.019201,-1.029201,-1.569201,-1.1192011,-0.969201,-1.999201
2.670799,3.560799,3.670799,4.010799,4.340799,4.290799,4.360799,4.640799,4.7307987,4.410799,3.160799,4.9807987,3.980799,3.5807989,4.180799,2.700799,1.8007989,2.8607988,3.6007988,2.680799,1.8907989,3.3607988,3.220799,2.3607988,1.830799,1.8007989,1.570799,1.310799,1.340799,1.330799,0.5207989,0.76079893,0.48079896,0.42079896,0.650799,0.45079896,0.43079895,1.430799,0.39079896,-0.38920105,-0.40920106
