wind.json
{"header": {"discipline":0,"disciplineName":"Meteorological products","gribEdition":2,"gribLength":953,"center":7,"centerName":"US National Weather Service - NCEP(WMC)","subcenter":0,"refTime":"2023-06-29T18:00:00.000Z","significanceOfRT":1,"significanceOfRTName":"Start of forecast","productStatus":0,"productStatusName":"Operational products","productType":1,"productTypeName":"Forecast products","productDefinitionTemplate":0,"productDefinitionTemplateName":"Analysis/forecast at horizontal level/layer at a point in time","parameterCategory":0,"parameterCategoryName":"UnknownDiscipline_0_Category_0","parameterNumber":0,"parameterNumberName":"UnknownParameter_D0_C0_0","parameterUnit":"Unknown","genProcessType":2,"genProcessTypeName":"Forecast","forecastTime":0,"surface1Type":1,"surface1TypeName":"Ground or water surface","surface1Value":0.0,"surface2Type":255,"surface2TypeName":"Missing","surface2Value":0.0,"gridDefinitionTemplate":0,"gridDefinitionTemplateName":"Latitude_Longitude","numberPoints":688,"shape":6,"shapeName":"Earth spherical with radius of 6,371,229.0 m","gridUnits":"degrees","resolution":48,"winds":"true","scanMode":64,"nx":43,"ny":16,"basicAngle":0,"lo1":45.0,"la1":40.0,"lo2":87.0,"la2":55.0,"dx":1.0,"dy":1.0}, "data":
[rows 0 to 15 of 16, columns 0 to 42 of 43]
283.25348,281.25348,296.3535,298.8535,298.0535,297.0535,296.25348,294.5535,299.1535,299.75348,305.3535,302.75348,306.1535,304.1535,303.1535,304.25348,303.5535,302.9535,301.8535,300.4535,298.8535,298.1535,294.1535,292.9535,292.1535,290.1535,292.4535,284.3535,277.6535,277.75348,282.1535,293.1535,294.8535,293.6535,294.9535,294.8535,294.5535,292.4535,293.75348,298.5535,296.4535,299.3535,299.1535
287.4535,298.4535,299.0535,288.9535,289.3535,295.5535,295.6535,294.4535,297.1535,303.8535,303.3535,304.8535,303.4535,305.75348,305.25348,306.6535,303.8535,301.0535,300.75348,300.4535,298.75348,299.3535,298.9535,296.1535,293.25348,286.25348,294.8535,295.6535,289.6535,275.8535,277.0535,276.0535,277.3535,281.9535,288.5535,293.4535,292.75348,294.1535,296.4535,295.0535,293.9535,296.9535,300.0535
288.6535,283.9535,278.6535,289.5535,295.5535,295.5535,295.6535,293.25348,301.6535,303.9535,303.3535,304.6535,305.25348,306.25348,303.75348,304.0535,302.0535,298.75348,299.6535,299.6535,297.25348,296.25348,294.9535,296.75348,293.4535,284.3535,275.1535,274.75348,284.0535,275.5535,278.3535,272.75348,278.5535,266.25348,283.25348,258.8535,273.25348,290.1535,290.0535,294.9535,296.75348,289.1535,283.5535
287.5535,289.6535,293.75348,296.5535,296.25348,295.9535,295.0535,299.9535,302.4535,304.25348,303.5535,302.4535,302.25348,303.8535,302.4535,302.1535,301.25348,301.5535,296.6535,297.25348,295.8535,295.3535,297.0535,295.25348,294.9535,290.0535,289.0535,289.5535,290.6535,288.25348,287.8535,277.75348,270.9535,274.25348,278.3535,278.9535,279.9535,280.6535,273.9535,276.75348,278.8535,277.75348,275.6535
297.6535,298.8535,293.4535,297.0535,296.9535,296.1535,296.3535,299.3535,299.8535,300.3535,303.4535,301.5535,299.9535,297.4535,294.3535,293.8535,299.25348,297.4535,298.8535,295.6535,295.75348,294.0535,294.1535,289.4535,295.75348,296.4535,293.5535,294.1535,294.4535,292.25348,290.4535,289.3535,288.4535,285.5535,292.3535,291.1535,285.1535,286.1535,276.6535,274.9535,279.5535,289.3535,294.0535
298.25348,300.3535,298.25348,298.0535,297.75348,298.3535,298.0535,298.25348,299.6535,301.3535,302.5535,300.8535,298.8535,296.1535,295.0535,294.3535,291.5535,300.25348,299.5535,297.3535,293.3535,297.0535,297.4535,297.5535,297.25348,296.25348,295.9535,296.4535,293.3535,292.1535,291.3535,290.25348,294.8535,287.1535,274.6535,268.0535,279.6535,291.3535,293.1535,295.6535,295.6535,297.25348,296.8535
297.9535,302.25348,299.5535,294.9535,298.3535,297.6535,297.3535,296.5535,299.1535,302.25348,303.0535,300.5535,298.1535,296.8535,293.6535,293.4535,294.3535,296.0535,297.6535,298.9535,297.8535,297.5535,295.5535,294.9535,293.6535,293.25348,293.4535,291.8535,293.3535,290.25348,293.75348,296.25348,293.6535,294.4535,288.6535,286.0535,285.6535,288.0535,279.1535,282.5535,292.75348,296.75348,295.3535
299.1535,300.4535,298.0535,296.8535,302.4535,301.6535,298.8535,298.4535,300.5535,302.1535,302.1535,300.6535,297.3535,295.8535,294.9535,295.5535,293.0535,295.1535,296.9535,294.9535,295.8535,295.0535,294.3535,294.5535,293.8535,293.1535,292.0535,292.0535,291.8535,293.1535,289.0535,291.8535,291.1535,292.75348,293.25348,291.1535,286.75348,282.9535,280.75348,276.3535,279.75348,280.25348,291.0535
298.6535,297.0535,300.4535,299.1535,301.9535,301.3535,302.25348,301.3535,301.0535,298.6535,298.4535,298.75348,297.5535,296.8535,296.5535,295.9535,295.75348,294.8535,294.8535,295.75348,294.0535,289.1535,292.1535,292.0535,291.4535,292.4535,289.8535,283.9535,286.9535,288.0535,285.6535,288.4535,286.75348,288.25348,284.9535,283.3535,279.9535,283.4535,287.9535,287.75348,285.9535,288.6535,280.9535
292.8535,298.4535,298.0535,297.9535,299.75348,297.1535,300.9535,298.75348,296.8535,297.4535,296.9535,295.1535,293.75348,292.6535,291.6535,297.5535,293.8535,295.1535,291.6535,291.8535,293.9535,292.4535,287.25348,288.6535,291.5535,290.8535,291.3535,288.25348,282.8535,281.3535,281.6535,278.5535,285.75348,282.0535,284.25348,285.25348,282.8535,280.3535,280.6535,280.8535,267.6535,273.0535,269.9535
292.1535,294.4535,293.5535,295.1535,295.8535,295.3535,296.0535,295.8535,295.0535,295.25348,294.8535,296.0535,295.25348,293.0535,290.5535,293.1535,291.6535,293.8535,296.0535,293.4535,292.0535,292.5535,289.75348,289.1535,291.3535,292.3535,292.6535,284.9535,284.4535,287.5535,287.0535,283.8535,283.8535,287.0535,288.1535,290.25348,288.1535,285.1535,281.6535,276.4535,270.1535,273.3535,272.75348
289.75348,290.4535,295.0535,292.5535,292.5535,292.8535,293.0535,293.3535,293.3535,292.4535,291.6535,291.3535,289.9535,289.25348,291.1535,289.6535,292.75348,293.1535,291.25348,292.5535,291.0535,289.25348,289.3535,289.75348,292.4535,289.25348,288.5535,286.8535,284.6535,289.25348,287.3535,288.8535,288.4535,289.3535,289.8535,288.5535,287.9535,282.3535,279.25348,277.25348,277.0535,277.6535,276.75348
288.25348,288.25348,291.3535,291.25348,290.0535,291.9535,292.4535,292.25348,290.6535,290.25348,289.6535,288.6535,286.75348,287.5535,290.0535,289.0535,289.0535,291.9535,289.5535,292.5535,290.3535,289.9535,288.4535,288.3535,288.0535,290.4535,288.1535,288.0535,288.6535,287.4535,289.25348,289.6535,287.8535,288.0535,289.6535,286.3535,287.0535,287.3535,287.1535,286.6535,283.5535,283.8535,281.5535
289.3535,289.1535,289.1535,289.25348,290.25348,293.75348,292.25348,291.25348,290.5535,288.0535,286.25348,287.75348,285.6535,283.8535,289.6535,286.9535,287.6535,287.5535,288.4535,287.75348,288.1535,287.8535,286.3535,285.1535,284.75348,285.5535,286.9535,286.3535,289.3535,288.0535,287.4535,286.8535,287.4535,287.3535,287.1535,287.8535,286.75348,286.75348,285.9535,286.4535,283.75348,283.8535,282.75348
289.0535,289.5535,288.4535,290.0535,289.8535,290.6535,290.0535,289.25348,288.4535,288.25348,287.75348,286.1535,286.0535,283.5535,284.1535,285.4535,287.3535,287.5535,287.75348,286.3535,288.0535,286.25348,287.4535,286.75348,287.75348,288.0535,287.25348,286.8535,286.5535,286.9535,286.3535,286.0535,285.9535,284.75348,286.8535,285.1535,286.4535,283.8535,287.6535,283.5535,283.6535,283.1535,284.9535
288.6535,288.75348,288.75348,289.9535,290.0535,290.5535,290.3535,289.1535,289.75348,288.25348,287.75348,290.4535,287.8535,287.75348,285.3535,285.25348,286.6535,286.75348,286.4535,286.25348,286.25348,287.25348,286.6535,286.0535,285.5535,284.75348,284.6535,285.0535,284.75348,285.0535,285.0535,285.4535,285.5535,283.3535,284.5535,283.9535,285.9535,287.1535,284.1535,283.3535,286.75348,285.1535,283.5535
