wind_kz.json
{"header": {"discipline":0,"disciplineName":"Meteorological products","gribEdition":2,"gribLength":1025,"center":7,"centerName":"US National Weather Service - NCEP(WMC)","subcenter":0,"refTime":"2024-02-03T06:00:00.000Z","significanceOfRT":1,"significanceOfRTName":"Start of forecast","productStatus":0,"productStatusName":"Operational products","productType":1,"productTypeName":"Forecast products","productDefinitionTemplate":0,"productDefinitionTemplateName":"Analysis/forecast at horizontal level/layer at a point in time","parameterCategory":2,"parameterCategoryName":"UnknownDiscipline_0_Category_2","parameterNumber":2,"parameterNumberName":"UnknownParameter_D0_C2_2","parameterUnit":"Unknown","genProcessType":2,"genProcessTypeName":"Forecast","forecastTime":300,"surface1Type":103,"surface1TypeName":"Specified height level above ground","surface1Value":10.0,"surface2Type":255,"surface2TypeName":"Missing","surface2Value":0.0,"gridDefinitionTemplate":0,"gridDefinitionTemplateName":"Latitude_Longitude","numberPoints":615,"shape":6,"shapeName":"Earth spherical with radius of 6,371,229.0 m","gridUnits":"degrees","resolution":48,"winds":"true","scanMode":64,"nx":41,"ny":15,"basicAngle":0,"lo1":47.0,"la1":41.0,"lo2":87.0,"la2":55.0,"dx":1.0,"dy":1.0}, "data":
[rows 0 to 14 of 15, columns 0 to 40 of 41]
-2.6747303,-0.86473024,-1.1047302,4.85527,3.2152698,-1.7247303,-6.9247303,-8.88473,-10.08473,-6.6147304,-5.74473,-6.20473,-6.6547303,-5.74473,-5.4047303,-5.04473,-3.6347303,-3.6747303,-4.6147304,-4.12473,-4.6947303,-2.37473,-1.7847302,-3.4947302,0.22526978,-2.0847301,-3.9347303,-2.2547302,1.4252697,1.2952697,0.43526977,2.0952697,-0.23473023,-1.5647302,-3.3847303,-3.4447303,-3.4447303,-3.3247302,-3.6147301,-4.0147305,-2.9747303
2.2252698,-0.13473022,7.1152697,5.12527,-1.1647302,-6.99473,-7.1347303,-10.69473,-8.55473,-7.0147305,-6.3447304,-6.6747303,-5.20473,-4.54473,-4.02473,-5.22473,-5.1747303,-5.18473,-3.7047303,-4.2147303,-3.5947301,-2.8447301,-1.3347303,-4.5347304,-0.66473025,1.1752697,-1.2247303,0.5452698,-3.2947302,-1.6147302,0.025269775,-0.24473022,2.5452697,-1.5147302,0.38526976,-0.36473024,-1.1447302,-0.9047302,-1.3647302,0.22526978,-2.4047303
1.4752698,3.2452698,0.30526978,-5.22473,-6.9847302,-9.83473,-9.684731,-7.20473,-10.524731,-7.49473,-6.00473,-6.0347304,-4.93473,-4.99473,-4.77473,-4.8047304,-5.16473,-4.6547303,-4.0747304,-3.7347302,-3.5247302,-4.14473,-3.7347302,-2.9447303,-1.4847302,-2.0147302,-2.6547303,-1.6547302,-1.4447303,-0.80473024,-2.0347302,2.5852697,0.75526977,-0.46473023,0.23526977,-1.4347302,0.6152698,-0.09473023,1.0452697,1.0952698,2.0752697
3.0552697,-0.67473024,-3.6747303,-9.86473,-9.96473,-9.4747305,-8.25473,-8.66473,-8.16473,-8.024731,-6.8047304,-7.4447303,-7.5147305,-7.83473,-5.00473,-4.9447303,-4.75473,-4.1147304,-3.7147303,-3.7847302,-3.2247303,-2.1047301,-3.8147302,-4.7847304,-4.50473,-4.1347303,-2.2847302,-4.1947303,-1.8947302,-1.9847302,-1.7547302,-3.1847303,-2.9947302,-3.0947301,-2.5347302,-2.4647303,-1.9247302,2.7652698,0.7952698,-1.2747302,0.22526978
-3.5147302,-5.85473,-7.9847302,-6.4847302,-8.34473,-9.21473,-8.434731,-8.65473,-8.63473,-7.56473,-8.09473,-9.16473,-8.78473,-9.34473,-9.17473,-5.8447304,-5.6147304,-5.6147304,-6.20473,-7.47473,-8.28473,-6.7647305,-6.4647303,-5.4247303,-5.75473,-5.93473,-6.5547304,-3.0047302,-3.6747303,-3.12473,-2.2247303,-1.8247303,-3.12473,1.2252698,1.6452698,-0.4547302,-4.4247303,-2.3247302,-1.7347302,-2.2347302,-3.5647302
-5.58473,-6.20473,-7.1147304,-7.8247304,-7.89473,-8.09473,-9.67473,-9.38473,-8.604731,-7.7347302,-7.83473,-7.60473,-7.7147303,-9.25473,-5.3847303,-5.41473,-6.37473,-6.3647304,-7.4847302,-5.8047304,-6.99473,-6.0347304,-5.7347302,-6.3647304,-6.33473,-7.02473,-5.52473,-3.6647303,-3.9847302,-3.9747303,-4.0747304,-3.0547302,-2.6547303,-2.3447301,-1.3147302,-5.45473,0.015269775,-1.3647302,1.3252698,-2.4047303,-3.8547301
-7.66473,-8.46473,-8.62473,-8.9747305,-8.42473,-8.98473,-8.9747305,-8.37473,-8.62473,-7.7847304,-6.85473,-7.8847303,-5.9247303,-6.0947304,-5.0547304,-4.9047303,-5.4047303,-5.66473,-6.2647305,-6.77473,-4.60473,-4.37473,-4.8647304,-4.8247304,-5.91473,-4.27473,-1.8447303,-2.0447302,-3.0747302,-3.4047303,-3.4347303,-3.0747302,-0.16473022,-2.0547302,-2.0147302,-2.1447303,-1.2647302,3.1052697,-1.9947302,2.0452697,0.77526975
-7.47473,-7.1747303,-7.7647305,-7.93473,-7.6547303,-7.74473,-7.4847302,-7.39473,-7.27473,-7.2647305,-6.7847304,-7.43473,-4.60473,-4.8247304,-3.3847303,-4.79473,-4.1747303,-4.41473,-3.6447303,-6.0747304,-4.0147305,-4.1547303,-2.6747303,-3.3147302,-1.6247302,-1.6047302,-1.0347302,-1.3947302,-0.35473022,-1.6047302,-2.2547302,1.0552697,-1.2847302,0.36526978,-2.0647302,1.7152698,1.6452698,-0.61473024,-3.1347303,-2.9747303,-2.1947303
-6.81473,-6.3847303,-6.6547303,-6.8647304,-6.54473,-6.9047303,-6.72473,-6.58473,-6.6147304,-5.7847304,-5.74473,-6.74473,-5.7847304,-3.1447303,-5.10473,-4.4247303,-3.2247303,-3.2447302,-2.6347303,-0.6547302,-4.1347303,-1.5647302,-2.1147301,-1.9147302,-2.0447302,-1.8547302,-1.4047302,-1.2947302,0.51526976,-0.7647302,-0.08473022,1.3252698,2.12527,-0.8747302,-0.4547302,-1.4047302,0.75526977,-2.12473,0.28526977,1.3052697,-1.7847302
-5.66473,-5.3047304,-5.9647303,-5.81473,-6.02473,-5.77473,-5.7147303,-5.5347304,-5.20473,-4.4447303,-5.9447303,-6.18473,-3.7747302,-2.9347303,-3.3047302,-2.2747302,-3.2147303,-3.6047301,-3.2647302,-2.9147303,-3.1947303,-1.7947302,-0.61473024,-0.014730224,-0.0047302246,-0.06473023,-0.13473022,-0.9047302,0.8652698,2.1852698,1.1252698,1.7152698,1.0252697,-0.40473023,-1.0847303,-0.7047302,-2.5147302,-0.35473022,-1.6347302,0.6852698,-1.8447303
-4.8847303,-5.0747304,-5.45473,-5.20473,-4.10473,-4.43473,-3.9947302,-4.1347303,-3.5047302,-3.8447301,-4.5747304,-3.7347302,-2.0947301,-1.7747302,-1.3347303,-1.0247302,-1.6747302,-2.9147303,-3.37473,-3.5147302,-2.2047303,-1.4847302,-0.85473025,-0.19473022,0.70526975,1.1852698,2.8952699,1.8252698,2.3852699,1.9652698,2.6152697,2.2252698,-0.41473022,0.6252698,0.6152698,-1.2447302,-1.2647302,1.2252698,-0.85473025,0.9252698,-1.0947303
-2.7747302,-3.0147302,-3.8547301,-4.70473,-4.70473,-4.0547304,-3.12473,-3.4647303,-1.5647302,-2.3547301,-2.0547302,-1.4847302,-0.044730224,1.0052698,1.2152698,1.1052698,-1.0647302,0.21526977,-0.55473024,-0.47473022,-0.9647302,0.9652698,0.42526978,0.17526978,1.9052697,1.9752698,2.5952697,3.5152698,3.7952697,3.1952698,2.7852697,3.1752698,1.9452698,1.1052698,2.2552698,3.7852697,2.9952698,0.6852698,0.6752698,0.105269775,0.18526977
-2.2847302,-1.5947303,-2.5847301,-2.3247302,-2.1447303,-2.3447301,-2.2547302,-2.0247302,-2.1747303,-0.6447302,-0.7847302,0.63526976,1.2252698,2.4052699,2.0952697,1.4652698,-0.36473024,0.50526977,-0.034730226,-0.104730226,-0.13473022,0.50526977,1.0852698,0.6752698,1.8052697,2.5252697,3.3852699,3.9552698,4.06527,3.8952699,3.7452698,4.0352697,3.5752697,3.7452698,4.49527,5.0552697,5.2652698,2.6452699,4.16527,3.8652697,2.4052699
-1.6647302,-1.0147302,-1.2247303,-2.12473,-1.8047302,-1.6947303,-0.9447302,-0.044730224,0.8752698,0.39526978,-0.06473023,0.6252698,1.6252698,1.4852698,1.9452698,2.9352698,1.7252698,1.1152698,0.21526977,1.4552698,1.8252698,2.2752697,3.0052698,3.1752698,3.4452698,2.6552699,2.3052697,3.8852699,3.9952698,4.3052697,4.47527,4.64527,5.0152698,6.04527,5.95527,5.5152698,4.72527,4.9252696,4.1352696,4.1352696,3.6352699
-1.0647302,-1.1447302,-0.5947302,-0.68473023,-0.24473022,-0.7047302,-0.34473023,1.5952698,0.8052698,-0.19473022,0.21526977,0.9752698,0.70526975,0.7452698,1.3952698,0.9252698,1.6352698,2.0052698,1.3752698,2.1052697,2.2652698,4.14527,2.37527,3.0752697,3.3352697,3.7852697,4.22527,4.22527,4.5752697,4.0352697,4.1952696,4.6752696,5.10527,5.50527,5.68527,6.25527,4.47527,6.2152696,6.0152698,4.8652697,2.1452699
