wind_kz.json
{"header": {"discipline":0,"disciplineName":"Meteorological products","gribEdition":2,"gribLength":1102,"center":7,"centerName":"US National Weather Service - NCEP(WMC)","subcenter":0,"refTime":"2025-04-06T06:00:00.000Z","significanceOfRT":1,"significanceOfRTName":"Start of forecast","productStatus":0,"productStatusName":"Operational products","productType":1,"productTypeName":"Forecast products","productDefinitionTemplate":0,"productDefinitionTemplateName":"Analysis/forecast at horizontal level/layer at a point in time","parameterCategory":2,"parameterCategoryName":"UnknownDiscipline_0_Category_2","parameterNumber":2,"parameterNumberName":"UnknownParameter_D0_C2_2","parameterUnit":"Unknown","genProcessType":2,"genProcessTypeName":"Forecast","forecastTime":60,"surface1Type":103,"surface1TypeName":"Specified height level above ground","surface1Value":10.0,"surface2Type":255,"surface2TypeName":"Missing","surface2Value":0.0,"gridDefinitionTemplate":0,"gridDefinitionTemplateName":"Latitude_Longitude","numberPoints":615,"shape":6,"shapeName":"Earth spherical with radius of 6,371,229.0 m","gridUnits":"degrees","resolution":48,"winds":"true","scanMode":64,"nx":41,"ny":15,"basicAngle":0,"lo1":47.0,"la1":41.0,"lo2":87.0,"la2":55.0,"dx":1.0,"dy":1.0}, "data":
[rows 0 to 14 of 15, columns 0 to 40 of 41]
5.3242383,-0.2957617,0.67423826,7.1342382,2.5742383,4.6142383,6.044238,3.3842382,2.4442382,-1.3357617,-0.07576172,-7.185762,-2.7257617,-5.455762,-6.305762,-5.5057616,-4.075762,-4.285762,-5.8557615,-4.075762,-3.5657618,-2.9057617,-2.3957617,-2.9457617,1.8442383,4.904238,-1.0557617,-0.7757617,-0.18576172,0.54423827,-0.7857617,0.87423825,0.5642383,-0.11576172,-2.4457617,-2.5657618,-0.9957617,0.38423827,-0.015761718,-0.4457617,0.6342383
1.9642383,-1.6957617,7.964238,8.724238,5.234238,4.9342384,3.5142384,2.2342384,1.2442383,-3.3657618,-3.1857617,-6.305762,-7.6757617,-5.9857616,-5.0457616,-6.075762,-5.1457615,-4.8557615,-4.325762,-3.3557618,-3.0157616,-1.8357617,-1.1857617,-0.42576173,-0.94576174,0.7642383,-0.49576172,1.4742383,-1.3157617,-0.17576171,0.15423828,-0.48576173,2.6042383,-1.3457618,1.0442383,0.6442383,0.054238282,1.3742383,-0.7357617,0.9542383,1.0242382
4.774238,9.884238,10.044238,9.054238,4.234238,3.2842383,2.1542382,4.4342384,-0.21576172,-3.1957617,-3.8357618,-7.595762,-7.955762,-8.1457615,-6.0057616,-6.1957617,-5.3757615,-4.2957616,-3.4557617,-2.8857617,-1.3357617,-0.5957617,-5.0857615,-3.6157618,0.5242383,-1.1557617,-0.7757617,0.23423828,-0.5357617,-0.22576171,-1.3957617,1.5342383,0.6942383,0.4242383,-0.2557617,-1.0957618,0.8342383,0.22423828,0.24423829,3.0242383,3.1542382
7.214238,8.654239,8.334238,8.344238,5.584238,4.564238,2.4642382,3.7342384,1.1942383,-6.325762,-8.605762,-8.185761,-8.885761,-8.915762,-6.3357615,-5.4657617,-4.4257617,-3.5057616,-4.165762,-3.2357616,-3.0657618,-2.7257617,-2.0457618,-2.4957616,-1.4757618,-0.2957617,1.1442382,-0.23576172,2.6942382,2.1842382,2.9642382,1.6442382,3.0842383,3.3542383,-0.14576171,-1.5557617,-1.5857617,2.8642383,0.29423827,1.4642383,2.0042384
6.3542385,6.044238,7.3042383,7.2042384,5.6342382,5.254238,5.584238,3.7242384,-5.6557617,-9.135761,-10.085762,-7.8157616,-9.265761,-7.8757615,-6.415762,-4.3157616,-4.035762,-4.0057616,-1.9657617,-3.5957618,-3.6257617,-3.0157616,-2.3357618,-1.0257617,-0.5857617,0.4642383,1.1242383,1.9542383,1.9342383,3.0342383,3.8442383,1.6142383,-0.5857617,1.6642383,1.0042382,1.5942383,-0.5957617,-1.0957618,0.28423828,-1.7057617,-2.4457617
5.6642385,4.8242383,7.6442385,6.734238,5.0542383,6.7642384,5.654238,-6.685762,-8.885761,-10.125762,-8.625762,-8.365762,-5.975762,-5.8957615,-4.305762,-3.2457616,-1.5257617,-3.0357618,-2.7957618,-1.6657617,-1.8957617,0.10423828,2.2742383,2.3542383,2.8242383,2.6042383,3.7742383,3.9142382,4.1042385,4.1842384,3.0142384,2.9242382,-0.95576173,-0.95576173,2.5942383,-0.005761719,1.6442382,2.8442383,3.6642382,2.3042383,3.8442383
6.8242383,6.6242385,6.044238,7.6642385,4.7642384,1.2642382,-9.065762,-9.215762,-10.435761,-7.9857616,-6.4457617,-5.9657617,-3.4757617,-1.7157617,-1.2857617,-1.1657617,-0.24576172,1.1242383,0.10423828,-0.42576173,0.9542383,0.9742383,-0.9357617,-0.45576173,2.7742383,3.7142382,3.8042383,3.8942382,3.6942382,2.6442382,3.1942382,4.2842383,4.424238,1.0842383,1.3842382,-0.23576172,-1.6757617,2.5042384,1.3942382,0.9442383,1.8742383
6.7642384,7.1242385,6.0142384,6.5342383,7.944238,-6.935762,-7.8657618,-7.745762,-7.165762,-6.5257616,-5.1157618,-3.5257616,-0.81576174,-1.1557617,-1.2457618,1.2742382,0.8342383,2.6142383,0.87423825,0.034238283,-1.2557617,-1.3057617,0.87423825,1.5842383,3.2842383,2.0042384,3.1642382,4.1242385,3.7442384,3.1142383,3.1242383,3.7042382,2.8642383,2.0542383,2.7942383,4.424238,3.4442382,0.67423826,-3.5957618,-3.4457617,-2.1157618
5.9142385,7.904238,6.5942383,6.6842384,6.234238,-4.995762,-5.165762,-5.5057616,-5.3657618,-3.6057618,-2.3257618,-1.6257617,-0.4457617,-0.39576173,0.24423829,2.4742384,2.7642384,1.8342383,2.1942382,-2.6657617,-3.3157618,-0.9157617,-0.15576172,2.3942382,1.7142383,2.0242383,1.5342383,2.9142382,3.3442383,2.2642384,3.4942384,3.8642383,4.0542383,4.194238,4.2442384,3.3442383,0.4242383,-2.0357618,-0.94576174,-0.82576174,0.24423829
4.1642385,7.7042384,7.5742383,7.404238,8.224238,-2.3957617,-3.2157617,-3.4557617,-3.5457618,-2.7757616,-1.9457617,-1.6157618,-1.1157618,-0.24576172,1.4642383,0.79423827,0.44423828,0.4642383,0.47423828,-1.7157617,-0.6857617,0.79423827,1.6042383,2.5342383,1.4342383,1.8742383,1.6642383,1.7142383,2.3942382,4.084238,4.314238,5.524238,5.194238,5.1042385,3.1342382,4.9542384,-1.9557617,-1.8057617,-0.23576172,0.10423828,-1.1157618
3.3642383,8.034238,8.054238,6.984238,5.814238,-2.2057617,-2.5757618,-2.6857617,-2.5557618,-3.2657616,-2.5957618,-2.2457616,-0.9957617,0.5842383,1.9742383,1.8242383,-0.6457617,-0.4757617,0.13423829,-2.4857616,-1.1857617,2.5142384,3.5442383,1.4242383,1.8942382,1.7642382,1.6042383,2.1742382,2.1242383,3.0442383,4.174238,3.6642382,3.4842384,2.9842384,4.214238,3.1842382,-0.14576171,0.6942383,0.3642383,1.3342383,-0.5457617
3.6742382,5.3742385,9.324238,6.254238,7.4942384,-2.7157617,-2.2057617,-2.7357616,-2.5357618,-3.1157618,-2.7457616,-0.5357617,0.79423827,-0.7857617,-2.2057617,-2.8157618,-2.5957618,-1.9557617,-2.8757617,-2.3257618,-2.9257617,-1.7357618,-1.5757617,-1.2357618,-0.3857617,0.68423826,0.68423826,1.7242383,3.0242383,2.6842382,2.3842382,1.6342382,2.2042382,3.3942382,3.0742383,2.6642382,2.7842383,1.7542382,0.3642383,-0.48576173,-0.3557617
3.9142382,5.0542383,6.674238,6.8642383,5.734238,-1.9557617,-2.4557617,-2.4357617,-3.4157617,-2.5857618,-1.1657617,0.3342383,-1.9257617,-1.6957617,-2.7757616,-2.3657618,-2.5657618,-2.5757618,-2.2057617,-2.5057616,-2.4257617,-1.3457618,-0.37576172,0.09423828,-0.005761719,0.024238281,1.0042382,0.74423826,0.6442383,1.7342383,1.9442383,1.6042383,1.8742383,1.7442383,1.1442382,1.2642382,2.8142383,-0.4157617,-1.1257617,-0.9357617,0.8442383
4.564238,4.7442384,5.4142385,8.584238,-0.8457617,-2.1857617,-2.4457617,-2.8257618,-1.6057618,-1.2857617,-1.1157618,-0.015761718,-0.30576172,-0.8057617,-0.7957617,-2.7757616,-1.3457618,-1.6357617,-1.7857617,-2.4257617,-2.0757618,-1.3857617,-1.3357617,-0.16576172,0.8842383,0.4542383,0.80423826,-0.11576172,-0.4757617,-0.4457617,-0.51576173,-0.08576172,-0.34576172,0.7142383,0.6442383,0.43423828,-0.8557617,-1.5957618,-1.4557617,0.5642383,1.0142382
3.1542382,5.8642383,5.8642383,7.1642385,-1.1157618,-1.8057617,-2.6457617,-2.5557618,-1.5157617,-1.6257617,-1.2757617,-0.75576174,-0.57576174,-0.6557617,-1.6957617,-1.7557617,-1.8757617,-1.5757617,-1.6257617,-2.1657617,-1.5457617,-1.9857618,-1.8057617,-0.70576173,-1.1157618,-0.5457617,-0.50576174,-0.7957617,-1.1857617,-0.8957617,-0.5957617,-0.8457617,-1.0057617,-1.0257617,-1.3757617,-2.1357617,-2.7257617,0.86423826,2.2742383,2.9442382,0.73423827
