wind.json
{"header": {"discipline":0,"disciplineName":"Meteorological products","gribEdition":2,"gribLength":1211,"center":7,"centerName":"US National Weather Service - NCEP(WMC)","subcenter":0,"refTime":"2023-07-01T12:00:00.000Z","significanceOfRT":1,"significanceOfRTName":"Start of forecast","productStatus":0,"productStatusName":"Operational products","productType":1,"productTypeName":"Forecast products","productDefinitionTemplate":0,"productDefinitionTemplateName":"Analysis/forecast at horizontal level/layer at a point in time","parameterCategory":2,"parameterCategoryName":"UnknownDiscipline_0_Category_2","parameterNumber":3,"parameterNumberName":"UnknownParameter_D0_C2_3","parameterUnit":"Unknown","genProcessType":2,"genProcessTypeName":"Forecast","forecastTime":240,"surface1Type":103,"surface1TypeName":"Specified height level above ground","surface1Value":10.0,"surface2Type":255,"surface2TypeName":"Missing","surface2Value":0.0,"gridDefinitionTemplate":0,"gridDefinitionTemplateName":"Latitude_Longitude","numberPoints":688,"shape":6,"shapeName":"Earth spherical with radius of 6,371,229.0 m","gridUnits":"degrees","resolution":48,"winds":"true","scanMode":64,"nx":43,"ny":16,"basicAngle":0,"lo1":45.0,"la1":40.0,"lo2":87.0,"la2":55.0,"dx":1.0,"dy":1.0}, "data":
[rows 0 to 15 of 16, columns 0 to 42 of 43]
2.9050915,-1.4149084,5.0150914,7.9950914,-6.9849086,-10.044909,-10.274908,-8.654908,-10.094909,2.2750916,-1.8749084,2.6750915,0.45509157,-2.7249084,-5.5149083,-7.6749086,-7.8049083,-7.7349086,-7.8849087,-6.114908,-7.9649086,-7.9949083,-4.5549083,-4.8049083,-3.2449083,-1.6349084,-1.5849085,0.61509156,4.0950913,-8.674909,-3.4749084,-7.0049086,5.9850917,2.7650917,0.30509156,-2.9149084,-2.2649086,-2.8949084,-2.7049084,-2.9149084,-4.5449085,-2.4249084,-3.5049086
-1.6549084,-1.9649085,3.8150916,3.1950915,-6.9449086,-8.894909,-10.274908,-10.984908,-9.804909,-4.8549085,-0.67490846,3.4250915,1.2350916,-1.3449085,-4.1849084,-5.9949083,-6.8549085,-7.3949084,-7.094908,-6.9049087,-5.5449085,-5.1849084,-6.2849083,-4.2049084,-0.22490844,-0.57490844,4.2650914,3.0950916,2.6150916,2.1450915,-2.2049084,-5.0149083,-3.7749085,-0.79490846,-0.76490843,1.4850916,-1.2149085,-2.3649085,-2.8449085,-4.1249084,1.7750915,0.5350916,-3.9149084
-1.2049085,1.0850916,-1.2349085,-2.4749084,-5.6249084,-9.124908,-9.004909,-9.144909,-9.664908,-8.524908,-6.2849083,4.5050917,1.7850915,0.8550916,-2.1249084,-5.1949086,-5.1949086,-6.0349083,-6.2249084,-6.4449086,-7.7849083,-3.0449085,-7.2849083,-7.2749085,-1.3549085,-0.22490844,1.3050915,1.9550916,1.5850916,-0.34490845,0.88509154,-2.6349084,-2.5849085,-2.0949085,2.9950914,-3.0049086,0.62509155,-12.604908,-6.2349086,-9.024908,-6.7749085,-8.3349085,-0.6549084
1.1250916,1.3350916,-1.1649084,-4.6349087,-6.8249083,-7.8149085,-7.2149086,-7.344908,-8.3349085,-8.514909,-3.7849085,-1.8049084,-0.17490844,0.09509155,-1.7049085,-4.6349087,-3.4549084,-5.2149086,-5.8149085,-6.2349086,-7.4349084,-7.6749086,1.9150915,-7.2649083,-7.9049087,-4.6249084,-4.9649086,-4.1949086,-3.7449083,-3.7449083,-0.27490845,-2.0549085,-2.7649086,-2.4549084,-2.8149085,-4.9749084,-4.3149085,-4.0849085,-3.7449083,-1.4049084,-1.8649085,2.6550915,-1.7049085
-0.87490845,-3.9349084,-6.6949086,-3.9849083,-4.1449084,-5.7349086,-9.144909,-9.5849085,-9.884909,-8.244908,-4.9749084,-2.3649085,1.8150916,-0.50490844,0.87509155,-0.82490844,-3.7149084,-2.9149084,-3.2949085,-4.2749085,-5.5249085,-5.7349086,-5.5249085,-3.7849085,-2.6749084,-3.1849084,-3.0849085,-3.9649084,-3.3749084,-3.3349085,-3.2549086,-4.114908,-6.0249085,-5.0049086,3.4250915,2.4750915,-0.07490845,-0.82490844,-2.0549085,-0.92490846,-1.0049084,-3.0149086,-4.2749085
-6.344908,-6.1949086,-6.6449084,1.1450915,-3.7649086,-0.33490846,-4.3049083,-8.704908,-8.5849085,-6.2849083,-4.4249086,-3.7349083,3.0750916,-0.5249084,5.5650916,3.6050916,-0.67490846,0.16509156,-1.5749085,-1.5349084,-2.0349085,-2.2349083,-2.5549085,-2.5149086,-2.6249084,-3.5149086,-3.5049086,-3.0349085,-5.364908,-4.7349086,-2.9249084,-4.594908,-5.9849086,-6.094908,-3.6349084,-2.5249085,1.0650916,2.9550915,2.3850915,2.3750916,0.20509155,-2.3549085,-5.4849086
-5.8249083,-6.3949084,-6.8949084,-7.8349085,-6.8749084,-4.8249083,-3.2549086,-3.3249085,-5.6349087,-4.7949085,-5.0849085,-4.4049087,-0.7249085,4.9450917,6.6250916,6.155092,2.9050915,2.8050916,1.2350916,0.44509155,-0.14490844,-1.0049084,-0.43490845,-1.3549085,-2.4949083,-2.7049084,-0.094908446,0.45509157,-1.7149085,-6.4549084,-2.6149085,-2.7149084,-4.0149083,-5.4549084,-5.8949084,-3.1449084,-2.4449084,-1.8549085,-3.2849085,-4.3149085,-1.8649085,0.33509156,-3.1049085
-6.0249085,-5.614908,-7.4849086,-6.0749083,-6.4549084,-8.944908,-8.564908,-8.754909,-9.754909,-7.1949086,-6.8849087,-3.8749084,-1.8349085,5.3750916,11.935092,10.475092,8.225092,6.5150914,3.5450916,2.3250916,1.3450916,1.3450916,0.10509155,-0.08490845,-1.8749084,-1.2449085,-0.014908447,-0.50490844,-1.7949084,-1.4549085,-1.5849085,-2.6549084,-4.3849087,-3.5949085,-3.0249085,-6.0649085,-4.4549084,-5.1749086,-4.344908,-2.6949084,-2.4449084,0.28509155,-7.6849084
-5.9149084,-6.1249084,-6.9749084,-7.2649083,-8.284908,-6.7049084,-8.354908,-10.264909,-9.624908,-9.014909,-9.184909,-4.6049085,-2.3249085,0.6050916,10.765092,12.555092,9.695091,7.6150913,5.4350915,3.7250915,2.6450915,2.7150915,1.3750916,2.0750916,1.2150916,-1.8949084,-0.39490846,-2.0049086,-2.9249084,0.63509154,-0.82490844,-3.8249085,-3.3849084,-4.7849083,-6.114908,-6.9649086,-3.7349083,-6.4349084,-0.67490846,-0.7749084,1.3150916,1.8050915,-1.2949084
-6.6549087,-6.9249086,-7.1849084,-7.5349083,-7.5749083,-8.284908,-9.8349085,-8.554909,-10.474909,-9.464909,-9.604908,-9.424909,-3.5649085,-10.194908,10.795092,13.215092,11.265092,8.015092,7.1450915,2.9950914,1.9150915,0.88509154,1.3650916,2.8850915,1.9450916,2.7450914,0.98509157,0.76509154,-3.2049084,-3.0049086,-2.6149085,-3.3749084,-3.4049084,-5.2849083,-5.9349084,-5.9649086,-6.0149083,-6.9349084,-4.114908,-3.7849085,-4.594908,-2.7549086,-1.1649084
-7.0649085,-7.4849086,-8.344909,-9.124908,-9.184909,-8.894909,-5.4549084,-7.6049085,-11.814908,-9.534908,-9.3349085,-10.794909,2.8150916,2.4650915,11.775091,10.305092,8.325091,9.295092,5.3050914,6.6250916,4.2950916,-0.034908447,0.35509154,2.7050915,2.0250916,2.5150917,0.73509157,1.3650916,0.6650916,-2.6549084,-0.57490844,-2.1049085,-4.0149083,-3.3649085,-3.6249084,-1.4549085,-1.6149085,-1.3349085,-1.7649084,0.08509155,-2.1649084,-2.4949083,-1.6349084
-6.3549085,-7.594908,-9.074908,-6.6849084,-6.8149085,-6.0849085,-3.4749084,-3.3149085,-5.0249085,-8.674909,-6.9449086,-10.644909,-6.844908,2.2550917,6.8250914,7.8950915,9.385092,4.3950915,0.57509154,3.9350915,5.0850916,3.7850916,3.7150915,2.8050916,3.1450915,1.0050915,2.6850915,3.9350915,-0.9049084,-0.41490844,2.9550915,-0.42490846,-1.7149085,-2.3049085,-4.6949086,-4.3749084,-3.0449085,-3.0949085,-2.9749084,-1.7249085,-1.9549085,-2.0049086,-1.2149085
-7.7649083,-6.6249084,-6.8349085,-6.7649083,-7.9249086,-8.364908,-6.9349084,-4.9849086,-3.4049084,-3.7849085,-7.0049086,-7.4449086,-6.9049087,4.4350915,5.2850914,5.5250916,5.885092,5.5950913,-4.5449085,3.6050916,5.5650916,3.9150915,4.9850917,4.405092,3.8450916,3.6050916,3.2050915,1.6550915,0.64509153,2.1250916,3.2950916,1.2650915,-0.75490844,-1.5549084,-3.3749084,-4.1649084,-2.9149084,-3.4149084,-0.61490846,1.0550915,0.70509154,0.7150915,1.1850915
-5.6049085,-6.1449084,-6.0849085,-6.8749084,-7.9149084,-6.9449086,-6.4649086,-4.6749086,-6.2149086,-5.7749085,-8.324908,-8.0849085,-5.0149083,-2.1949084,-2.9649084,2.9150915,1.8750916,1.7050916,-0.6549084,2.0250916,5.8150916,4.5150914,5.0450916,4.2950916,3.8750916,3.4450915,1.4650916,0.81509155,2.7350914,2.7150915,1.6250916,2.0750916,-1.0949085,0.63509154,-1.2949084,-2.6349084,-3.0049086,-2.9649084,-1.5849085,-2.2749085,-0.99490845,0.7250916,0.87509155
-5.6749086,-5.844908,-6.7649083,-7.7249084,-6.8249083,-7.9449086,-6.9749084,-7.0249085,-6.2349086,-6.3549085,-4.7349086,-3.9249084,-4.114908,-2.7549086,-4.8849087,-1.2349085,-0.19490844,0.31509155,0.5950916,-2.2049084,-0.73490846,3.4650915,2.1450915,3.3350916,2.2150915,3.3650916,2.4950914,1.9750916,2.2850916,2.2950916,2.0950916,2.3950915,-0.20490845,-0.23490845,0.34509155,-1.4049084,-1.6049085,-2.6349084,-3.4749084,-2.8449085,-1.4949085,-1.8949084,-1.3349085
-5.1249084,-5.114908,-4.7049084,-7.344908,-8.344909,-8.744908,-7.8349085,-7.2349086,-7.4549084,-7.9049087,-6.2149086,-6.2049084,-0.63490844,0.64509153,-0.46490845,-2.7649086,-3.2749085,-1.8549085,1.8050915,2.2250915,0.025091553,2.7650917,1.6450915,2.6750915,4.1950917,3.5250916,3.7950916,4.4250917,3.6750915,4.3150916,3.1450915,3.6950915,4.1650915,0.67509156,-1.7949084,-1.5149084,-2.9749084,-0.33490846,-0.17490844,-3.0449085,-3.9349084,-4.0249085,-1.1949085
