wind_kz.json
{"header": {"discipline":0,"disciplineName":"Meteorological products","gribEdition":2,"gribLength":1025,"center":7,"centerName":"US National Weather Service - NCEP(WMC)","subcenter":0,"refTime":"2023-09-08T18:00:00.000Z","significanceOfRT":1,"significanceOfRTName":"Start of forecast","productStatus":0,"productStatusName":"Operational products","productType":1,"productTypeName":"Forecast products","productDefinitionTemplate":0,"productDefinitionTemplateName":"Analysis/forecast at horizontal level/layer at a point in time","parameterCategory":2,"parameterCategoryName":"UnknownDiscipline_0_Category_2","parameterNumber":3,"parameterNumberName":"UnknownParameter_D0_C2_3","parameterUnit":"Unknown","genProcessType":2,"genProcessTypeName":"Forecast","forecastTime":0,"surface1Type":103,"surface1TypeName":"Specified height level above ground","surface1Value":10.0,"surface2Type":255,"surface2TypeName":"Missing","surface2Value":0.0,"gridDefinitionTemplate":0,"gridDefinitionTemplateName":"Latitude_Longitude","numberPoints":615,"shape":6,"shapeName":"Earth spherical with radius of 6,371,229.0 m","gridUnits":"degrees","resolution":48,"winds":"true","scanMode":64,"nx":41,"ny":15,"basicAngle":0,"lo1":47.0,"la1":41.0,"lo2":87.0,"la2":55.0,"dx":1.0,"dy":1.0}, "data":
[rows 0 to 14 of 15, columns 0 to 40 of 41]
1.3605353,-0.4794647,-0.42946473,-1.1694647,-2.2194648,-4.599465,-5.9894648,-5.369465,-2.0294647,-2.1194646,-1.6494647,-1.3694648,-2.1394646,-1.7394648,-0.9794647,-0.9594647,-0.4794647,-0.7094647,-0.51946473,-0.059464723,-2.2594647,1.3705353,2.2105353,-2.0494647,-2.3394647,-3.1894648,-2.1094646,2.1005354,1.9605353,0.18053527,-1.4294647,-2.4094648,2.3605354,-1.2094647,-1.2194648,-0.75946474,-1.8294647,-1.2094647,-1.9194647,-1.8194647,0.020535279
3.3305352,-0.88946474,-2.7194648,-4.219465,-5.7794647,-4.2494645,-4.789465,-4.6094646,-3.7394648,-4.6894646,0.16053528,-1.3794647,-1.5094647,-1.5494647,-3.3094647,-4.179465,-1.9594647,1.2105353,1.2305353,0.75053525,1.8405353,1.7605352,4.6605353,2.8005352,1.0105352,0.80053526,-1.3794647,1.4605353,-0.2594647,2.8605354,3.7205353,2.4805353,-2.0594647,-1.2594647,-1.4994648,-1.9194647,-2.3494647,-5.0694647,-4.219465,-1.6894647,3.5305352
1.8305353,-1.7494648,-3.5194647,-5.559465,-7.699465,-5.7994647,-4.929465,-5.869465,-3.3094647,-3.0694647,-3.0394647,-5.039465,-3.2694647,-2.6394646,-4.2294645,-1.7294648,-1.4594647,-0.2894647,2.9205353,2.1005354,1.1305352,2.2805352,2.3605354,3.0105352,3.9505353,3.2205353,3.3005352,2.7205353,0.5805353,1.4905353,2.0305352,1.3705353,2.2605352,-1.6094648,1.1105353,0.18053527,3.2605352,0.92053527,-0.69946474,-0.36946473,1.6205353
1.7105353,-1.0394647,-4.3594646,-3.2594647,-4.3594646,-4.929465,-6.2694645,-5.9394646,-5.7294645,-5.8194647,-5.099465,-4.9194646,-5.3794646,-5.579465,-5.889465,-4.7594647,-2.3994646,3.2505352,2.3305352,2.6005354,2.5705352,1.9605353,4.3305354,2.7105353,3.7205353,2.8805354,1.4905353,-0.17946473,0.5905353,5.3527835E-4,1.5505353,-0.119464725,0.8305353,2.2505352,0.8805353,-1.6694647,-0.039464723,3.4505353,0.16053528,1.2005353,-0.8394647
-3.4594648,-4.4994645,-4.619465,0.010535278,-2.2994647,-0.45946473,-2.0694647,-2.9394648,-3.5594647,-3.3194647,-3.7094648,-5.159465,-7.7294645,-3.8094647,-6.4994645,-6.7794647,-0.88946474,1.9805353,1.9805353,-0.30946472,0.4605353,-0.23946472,0.41053528,0.73053527,1.3305353,1.0505353,1.1605353,-0.42946473,-1.4394647,-1.1094648,-2.0894647,-0.40946472,3.9805353,3.0505352,-0.9894647,-1.3994647,0.75053525,2.2905352,-0.45946473,-2.2894647,-4.2094646
-0.7894647,-1.5994648,-4.219465,-4.699465,-3.7394648,-3.5294647,-3.1394646,-2.6294646,-2.7694647,-3.3494647,-2.6494646,-5.119465,-6.9794645,-6.2994647,-6.369465,-8.619465,0.68053526,-0.19946472,-1.1894647,-1.5994648,-1.4394647,0.9105353,1.7005353,1.0605353,1.6005353,1.2505352,0.9505353,0.010535278,-0.6094647,-0.87946475,-0.2594647,-0.46946472,0.7805353,-0.6194647,1.4505353,-1.5794647,2.2605352,1.5305352,-1.8794647,0.6405353,-4.8394647
-0.51946473,-0.6794647,-0.82946473,-1.2594647,-1.6494647,-1.8494648,-3.5494647,-0.7394647,-3.0194647,-3.6194646,-2.4594648,-2.1194646,-4.4894648,-4.2994647,-2.9794648,-5.8994646,-6.389465,1.5005352,-1.3794647,-2.1894648,-1.9894648,1.7805352,1.4805353,1.7305353,0.19053528,1.2505352,1.3905352,0.7005353,-1.4794648,-1.4594647,0.93053526,0.7605353,1.9005352,1.5505353,-1.6994647,-0.7794647,-1.8894647,0.28053528,-0.7994647,-1.4194647,-2.9594648
-1.5094647,-1.7794647,-1.1294647,-0.9194647,-2.6794648,-3.0294647,-3.1194646,-2.2894647,-3.2994647,-4.369465,-1.7694647,-1.0794647,-1.8294647,-2.3394647,-1.1294647,-2.1294646,-7.3594646,1.8205353,1.3405353,-0.8394647,-1.1294647,1.7905353,1.4205353,0.99053526,1.4905353,0.98053527,0.9705353,0.86053526,0.010535278,-0.07946472,-1.6594647,-1.4394647,0.74053526,0.34053528,0.6505353,-0.62946475,-0.17946473,0.06053528,0.25053528,-0.4494647,-1.2294648
-0.74946475,-0.9094647,-2.0094647,-2.2894647,-1.9194647,-1.3994647,-2.3194647,-2.9794648,-2.8594646,-2.0694647,-2.1894648,-0.9594647,0.7705353,0.99053526,2.0905352,3.9005353,-2.9294648,3.1205354,2.6905353,2.1205354,5.320535,2.8405352,2.2805352,1.8405353,1.2705352,1.0705353,1.0005352,0.38053527,-0.18946472,-0.21946472,-0.68946475,-0.74946475,-0.76946473,2.0105352,1.9005352,2.0305352,-1.8694648,-0.7094647,-2.0594647,-1.3494648,-0.6594647
-1.1594647,-0.56946474,-1.0894647,-1.9594647,-2.4594648,-1.3894647,-1.7994647,-1.6394647,-2.3294647,-2.3394647,-2.0294647,-1.3594648,-0.9694647,0.6505353,1.5305352,3.9505353,1.0105352,3.9205353,2.1305354,2.3105352,3.2505352,2.6205354,2.5905352,3.3805354,2.8305352,2.1305354,1.3505353,1.6105353,1.1605353,0.93053526,0.6605353,0.5705353,2.2105353,3.4705353,1.9905353,0.7005353,0.62053525,-2.0494647,0.44053528,0.7605353,-0.5394647
-0.089464724,0.5205353,0.8405353,0.18053527,-2.3294647,-1.4294647,-2.8694646,-1.6394647,-1.2294648,-2.1494646,-1.9694648,-1.9094647,1.1605353,0.8405353,4.7905354,2.9305353,5.4905353,2.4405353,2.7805352,2.6105354,2.2805352,1.7105353,2.0005352,1.7005353,1.3205353,1.5105352,0.5305353,1.6505352,1.5105352,-1.7694647,-1.8494648,1.5205352,2.3905354,2.1905353,2.1905353,0.10053528,0.73053527,1.8105353,1.3405353,0.68053526,0.26053527
-0.18946472,-1.8994647,-2.9594648,0.22053528,-2.1294646,-3.0794647,-2.1394646,-3.4494648,-2.7094648,-2.4094648,-1.9994648,-0.62946475,2.1705353,0.86053526,4.5605354,4.0405354,3.9105353,2.8205352,2.2405353,1.6205353,2.1405354,1.5905353,0.7705353,0.10053528,0.37053528,-1.1594647,-0.4794647,-0.76946473,0.010535278,-0.3494647,-2.0194647,-3.3094647,-0.8394647,1.4905353,1.5905353,0.19053528,0.92053527,2.0705352,1.7705352,2.1005354,0.99053526
-0.9094647,-0.22946472,-0.32946473,0.48053527,-1.8294647,-1.5694647,-2.7594647,-2.3494647,-6.659465,-3.7194648,-0.7394647,-1.1894647,-1.6994647,0.74053526,3.2005353,1.3205353,0.7105353,0.6305353,2.2105353,1.2305353,1.5605353,1.6705353,1.6905353,0.99053526,0.56053525,-0.3494647,-0.22946472,-0.5494647,0.15053529,-0.9294647,-1.2994647,-1.1194648,-1.1694647,-1.1794647,-0.5594647,-1.3694648,0.29053527,0.4905353,1.7105353,0.7705353,1.2305353
-0.38946474,-1.6494647,-2.2494648,-1.9894648,-2.1594648,-2.3694646,-2.6194646,-4.349465,-2.3894646,-2.0294647,-0.24946472,-1.9094647,-1.9694648,-2.4394648,-0.15946472,-0.20946473,-0.7194647,-2.8594646,0.18053527,0.5105353,0.56053525,1.1205353,1.4305353,1.2105353,1.2605352,1.2305353,-0.5394647,0.5705353,0.22053528,0.25053528,0.10053528,-0.6194647,-0.5894647,-0.7994647,-1.1894647,-1.6294647,-1.8294647,-0.30946472,0.020535279,0.8205353,1.2805352
-1.1094648,-0.7394647,-1.5894647,-2.1694648,-2.6494646,-2.5494647,-3.2194648,-4.039465,-3.3594646,-4.6894646,-0.9594647,-0.37946472,2.1905353,5.3527835E-4,0.9605353,0.56053525,0.75053525,0.8305353,0.8505353,1.0105352,1.2805352,1.2005353,1.0005352,0.34053528,0.6305353,0.23053528,1.0005352,0.50053525,-0.30946472,-1.2594647,-1.0994648,-0.7394647,-0.8594647,-1.0594647,-1.2294648,-0.5594647,-0.12946472,0.22053528,1.0505353,0.93053526,0.18053527
