wind_kz.json
{"header": {"discipline":0,"disciplineName":"Meteorological products","gribEdition":2,"gribLength":1102,"center":7,"centerName":"US National Weather Service - NCEP(WMC)","subcenter":0,"refTime":"2023-09-20T06:00:00.000Z","significanceOfRT":1,"significanceOfRTName":"Start of forecast","productStatus":0,"productStatusName":"Operational products","productType":1,"productTypeName":"Forecast products","productDefinitionTemplate":0,"productDefinitionTemplateName":"Analysis/forecast at horizontal level/layer at a point in time","parameterCategory":2,"parameterCategoryName":"UnknownDiscipline_0_Category_2","parameterNumber":2,"parameterNumberName":"UnknownParameter_D0_C2_2","parameterUnit":"Unknown","genProcessType":2,"genProcessTypeName":"Forecast","forecastTime":0,"surface1Type":103,"surface1TypeName":"Specified height level above ground","surface1Value":10.0,"surface2Type":255,"surface2TypeName":"Missing","surface2Value":0.0,"gridDefinitionTemplate":0,"gridDefinitionTemplateName":"Latitude_Longitude","numberPoints":615,"shape":6,"shapeName":"Earth spherical with radius of 6,371,229.0 m","gridUnits":"degrees","resolution":48,"winds":"true","scanMode":64,"nx":41,"ny":15,"basicAngle":0,"lo1":47.0,"la1":41.0,"lo2":87.0,"la2":55.0,"dx":1.0,"dy":1.0}, "data":
[rows 0 to 14 of 15, columns 0 to 40 of 41]
0.0029522704,0.91295224,0.20295227,-2.3870478,-3.3570478,-3.3970478,-2.2070477,-3.8370478,-2.6470478,-1.5470477,-0.77704775,0.64295226,1.7429522,2.4029522,3.4929523,4.4129524,4.632952,5.422952,5.4129524,4.0529523,4.9129524,2.8829522,1.2629523,1.6829523,-1.9270477,-1.9470477,-0.53704774,3.6929522,0.72295225,3.2229524,-1.0170478,2.5929523,0.42295226,-2.4770477,-3.5270476,-2.1870477,-1.8870478,-0.5770477,-0.0070477296,-0.5570477,-1.5670477
0.71295226,-0.45704773,-7.2570477,-5.727048,-3.1370478,-2.0870478,-3.5370476,-3.0670478,-1.4370477,-0.27704772,0.49295226,-0.46704772,0.9429523,0.84295225,1.5029522,3.1729522,3.7729523,5.792952,5.7829523,4.312952,3.8329523,3.3729522,3.2629523,3.1429522,1.5529523,0.6829523,-0.64704776,1.5329523,7.0529523,3.1429522,1.9829522,3.0929523,-3.4670477,2.1329522,0.37295228,1.9029523,0.9329523,0.52295226,0.46295226,-1.1170478,-0.27704772
-6.117048,-8.677048,-7.8370476,-4.617048,-4.247048,-4.0070477,-2.8070478,-2.6970477,-2.6270478,-0.65704775,0.45295227,1.4829522,0.9329523,1.2929523,2.0929523,1.0329523,1.3229523,2.4529524,4.132952,5.0529523,4.462952,4.502952,4.2629523,7.8429523,11.402951,7.5929523,1.0129523,1.2329522,-4.227048,1.2729523,0.8229523,-0.21704774,-0.42704773,2.4629524,1.2529522,1.3329523,0.04295227,-0.35704774,-1.2170477,2.3729522,3.5429523
-7.4070477,-6.937048,-6.6570477,-4.8370476,-3.0270476,-1.8770478,-1.1670477,-0.27704772,1.2029523,1.7629523,1.4029523,1.2929523,2.1429522,2.2229524,2.7029524,2.6229522,2.4529524,3.1629522,3.4429522,4.922952,4.0529523,6.6429524,6.792952,7.4729524,8.952952,10.392952,9.262952,5.4929523,7.8229523,3.7329524,1.7229522,4.1429524,7.232952,8.132953,6.8329525,2.3029523,0.45295227,1.4329523,-1.7970477,-2.2070477,-2.6570477
-6.0870476,-4.597048,-3.7570477,-2.4070477,-0.38704774,0.5729523,1.9729522,3.2029524,3.0929523,4.4329524,3.0629523,3.6729522,1.5829523,3.5429523,3.0529523,1.7629523,2.4629524,3.5129523,4.482952,4.7429523,5.5129523,9.042953,9.232952,10.922952,11.932952,10.992951,8.912952,8.302952,7.9929523,5.4129524,2.6829522,-0.46704772,4.0729523,-1.4070477,-2.0370476,-0.9970477,-1.3470477,-5.2770476,-3.5170476,-2.7770476,-1.9970478
-2.6870477,-2.1470478,-1.0870477,1.0129523,2.5929523,4.442952,6.382952,5.732952,4.5929523,5.3029523,4.8729525,4.2629523,3.1129522,3.7329524,3.5129523,3.7029524,3.7529523,3.4829524,4.1029525,3.8229523,2.5529523,0.6929523,2.2729523,5.3329525,7.8429523,10.772952,10.912951,4.542952,7.312952,4.6029525,4.3729525,5.4729524,8.252953,10.652951,5.2029524,6.3429523,1.5829523,-1.1570477,-2.5370476,-2.2570477,-2.2270477
-0.13704772,-0.6170477,-1.3370477,-2.2070477,-1.1870477,1.3829522,3.9029522,3.6029522,3.0829523,3.3229523,3.8329523,4.152952,4.672952,4.062952,3.5229523,2.9429522,4.3229523,4.9529524,3.7029524,3.5529523,3.3229523,3.0929523,2.5929523,-0.35704774,4.812952,7.692952,7.4129524,10.092953,4.5829525,1.2029523,2.6829522,5.9529524,6.8329525,7.5929523,4.5829525,0.22295228,3.0029523,0.0029522704,2.1029522,1.0329523,-2.3870478
-2.6170478,-1.3670478,-1.5370477,-0.6270477,-0.17704773,0.31295228,0.35295227,-0.05704773,1.9129523,2.3429523,4.712952,2.3429523,2.2229524,1.6029522,3.8229523,4.0729523,3.2529523,3.4129522,3.4529524,1.8829522,1.3229523,1.9229523,-0.72704774,-0.14704773,-0.28704774,-2.8970478,-3.7670476,-4.707048,-4.977048,2.0929523,-0.6970477,-0.8270477,-0.29704773,-0.10704773,2.2329524,-2.4870477,-0.9570477,-0.97704774,-4.1470475,-4.1570477,-0.30704772
-2.3470478,-2.9470477,-2.3670478,-1.8570477,-2.0970478,-2.0670478,-1.2870477,-1.0470477,-0.79704773,0.58295226,0.8129523,0.8829523,2.3529522,1.8529522,2.6429522,1.4829522,2.1729522,3.1929522,3.0929523,2.6829522,3.2029524,1.3829522,-1.6570477,-0.6370477,2.0329523,-1.3470477,-0.8670477,0.39295226,-0.6870477,-2.8870478,-3.3170478,-2.8470478,-2.6670477,-3.1670477,-2.9170477,-2.9970477,-3.3570478,-0.26704773,1.5129523,-0.8770477,1.0629523
-3.1270478,-2.8270478,-1.6870477,-0.7670477,-0.9970477,-2.0170476,-2.4070477,-2.5370476,-2.1670477,-1.4270477,-0.96704775,-0.41704774,0.6229523,0.96295226,-1.0170478,-0.21704774,0.25295228,0.24295227,2.0229523,1.2429522,0.7929523,1.0029522,0.8029523,2.1329522,-1.6470478,-0.34704772,-3.5170476,-3.8970478,0.44295228,-0.5070477,-0.30704772,-2.2670476,-2.3970478,-2.8470478,-2.0870478,-2.9070477,-0.27704772,-0.9370477,2.1829522,0.6129523,0.18295227
-2.4870477,-2.2270477,-1.6370478,-2.0470476,-2.4770477,-2.4670477,-2.2070477,-1.8870478,-1.3270477,-0.8070477,-2.0270476,-2.7270477,-1.9370477,-2.0370476,-1.0170478,-0.23704773,-1.3570477,-1.3170477,-1.0770477,0.8729523,0.53295225,2.0829523,-1.0070478,-0.96704775,-1.0570477,0.71295226,-1.3570477,-1.4270477,-2.4270477,-0.7570477,-0.79704773,-1.9670477,-1.1470478,-0.79704773,-0.0070477296,-0.11704773,0.43295228,0.36295226,0.64295226,-0.5770477,1.5029522
-1.5770477,-1.6570477,-0.89704776,-1.3270477,-1.5270478,-1.7970477,-1.7370477,-1.4970478,-1.2270477,-1.3170477,-1.9370477,-3.2970476,-2.7970476,-2.1470478,-1.3070477,-0.96704775,-1.2070477,-0.9570477,-0.64704776,-1.5070478,-0.91704774,-0.6270477,0.48295227,1.1729523,2.3829522,1.0529523,1.8829522,2.0929523,0.71295226,-1.0970477,-2.1970477,-2.2170477,-1.6570477,-1.3770478,-0.9570477,-0.43704772,0.40295228,0.39295226,-0.71704775,-0.5670477,-0.7070477
0.9229523,0.5529523,-0.24704772,-0.71704775,-1.0070478,-0.5570477,-1.0270478,-1.0970477,-2.5170476,-0.29704773,-0.28704774,-0.44704774,-1.8470477,-1.6370478,-0.7670477,-0.30704772,-0.8070477,0.35295227,-1.2270477,-1.7870477,0.66295224,1.3329523,2.3329523,0.37295228,-0.22704773,-0.44704774,-0.54704773,-0.9270477,-0.6970477,-1.4870477,-1.3770478,-1.2470478,-0.26704773,-0.59704775,-0.43704772,0.27295226,1.3629522,1.2529522,1.6129522,2.0829523,1.0929523
1.3729522,1.1729523,0.32295227,0.78295225,0.27295226,0.22295228,-0.09704773,-0.77704775,-0.5070477,-0.47704774,0.19295228,0.43295228,-0.35704774,-0.53704774,-0.5570477,-0.24704772,-0.6370477,-0.8870477,-0.7070477,-0.59704775,0.5429523,-0.8170477,0.08295227,-0.14704773,0.0029522704,0.9429523,1.0429523,-0.8070477,-0.9270477,-0.04704773,-0.9470477,-1.5070478,0.14295226,0.13295227,0.46295226,0.47295228,-0.21704774,1.2529522,0.52295226,0.5729523,-0.15704773
0.6929523,1.3529522,0.9929523,1.3729522,1.5329523,1.3429523,0.9929523,1.0729523,0.37295228,0.11295227,0.092952274,-0.13704772,1.3329523,1.8729522,1.2129523,1.2029523,0.42295226,0.18295227,-0.59704775,-0.6970477,0.12295227,0.5529523,0.46295226,0.58295226,0.38295227,0.51295227,0.06295227,0.70295227,1.4329523,1.6529523,1.0729523,2.4429522,0.72295225,1.8529522,1.8129523,1.0229523,0.6729523,0.6929523,-0.19704773,0.29295227,0.5729523
