wind_kz.json
{"header": {"discipline":0,"disciplineName":"Meteorological products","gribEdition":2,"gribLength":1025,"center":7,"centerName":"US National Weather Service - NCEP(WMC)","subcenter":0,"refTime":"2023-09-09T06:00:00.000Z","significanceOfRT":1,"significanceOfRTName":"Start of forecast","productStatus":0,"productStatusName":"Operational products","productType":1,"productTypeName":"Forecast products","productDefinitionTemplate":0,"productDefinitionTemplateName":"Analysis/forecast at horizontal level/layer at a point in time","parameterCategory":2,"parameterCategoryName":"UnknownDiscipline_0_Category_2","parameterNumber":3,"parameterNumberName":"UnknownParameter_D0_C2_3","parameterUnit":"Unknown","genProcessType":2,"genProcessTypeName":"Forecast","forecastTime":0,"surface1Type":103,"surface1TypeName":"Specified height level above ground","surface1Value":10.0,"surface2Type":255,"surface2TypeName":"Missing","surface2Value":0.0,"gridDefinitionTemplate":0,"gridDefinitionTemplateName":"Latitude_Longitude","numberPoints":615,"shape":6,"shapeName":"Earth spherical with radius of 6,371,229.0 m","gridUnits":"degrees","resolution":48,"winds":"true","scanMode":64,"nx":41,"ny":15,"basicAngle":0,"lo1":47.0,"la1":41.0,"lo2":87.0,"la2":55.0,"dx":1.0,"dy":1.0}, "data":
[rows 0 to 14 of 15, columns 0 to 40 of 41]
-1.1653345,0.2646655,0.36466554,-0.37533447,-2.6553345,-6.3553343,-2.5053344,-6.9453344,-2.9353344,-1.1453345,-1.4653344,1.0746655,1.5746655,1.3846655,0.51466554,-1.1753345,-2.2553344,-2.3353345,-3.6453345,-3.5853345,-2.3853345,-2.1653345,2.3446655,0.14466552,3.1846654,-0.45533448,0.14466552,1.1246655,-0.68533444,-2.0753345,-0.8353345,-0.08533447,-1.2153344,-0.44533446,-0.44533446,-0.7553345,1.2946656,0.58466554,-0.7753345,-1.9853345,-1.1853344
1.4146656,-0.45533448,-1.9553344,-3.8353345,-3.8853345,0.32466552,1.2746655,1.6146655,1.8146656,1.2846656,-0.5653345,-0.7653345,0.34466553,-0.30533448,-1.8953345,-2.6053345,-3.2853346,-1.4253345,-3.1153345,-3.6053345,-3.6653345,-1.2953345,3.4046655,4.2046657,1.8446655,3.8746655,2.6446655,1.5646656,-0.45533448,2.9346654,0.42466554,1.5146655,1.6046655,-1.2953345,1.2946656,2.6446655,0.5546655,2.4646654,1.8346655,0.44466552,0.96466553
1.1046655,1.3746655,0.20466553,1.8046656,1.1046655,-2.5653346,-2.1653345,-3.5353346,1.5346656,2.2146654,-0.25533447,-0.24533448,-0.06533447,-0.7753345,-2.8853345,-3.2953346,-2.6253345,-2.5053344,-3.0053344,-3.5253344,-2.6953344,-1.2953345,2.6046655,5.5946655,4.3146653,-1.7153344,-0.97533447,0.24466553,0.33466554,-0.34533447,-1.9653344,2.5246656,-0.4853345,1.8546655,1.3246655,-2.2053344,-3.8753345,0.074665524,-3.2453344,0.82466555,1.8546655
2.5246656,3.1246655,4.0246654,3.3046656,1.8046656,1.8746655,4.4246655,4.2246656,3.9846656,0.024665527,0.45466554,1.7346655,-0.7153345,-0.8153345,-3.1953344,-3.1753345,-3.0453346,-2.8353345,-2.5853345,-2.4053345,-1.3853345,3.7646656,-0.55533445,7.2346654,5.5046654,4.2546654,1.6446655,-2.3053346,-2.3653345,0.56466556,6.2746654,1.9546655,0.5346655,-1.1653345,0.4846655,2.0846655,4.0446653,3.0546656,-3.4853344,-2.4053345,-1.3853345
0.71466553,-0.13533448,-0.015334473,-1.2553345,3.2046654,1.5146655,0.7846655,0.38466552,0.38466552,-0.55533445,-0.20533447,-0.22533447,-2.6353345,-2.9553344,-3.4453344,-3.3653345,-4.1253343,-3.5353346,-4.0453343,-3.7553344,-2.7053344,1.7346655,5.2146654,4.5346656,6.2946653,4.8946657,7.3846655,6.6046658,3.6246655,2.4446654,-1.8953345,1.0446656,2.0446656,0.03466553,1.8546655,1.8946655,1.1946656,-0.075334474,-1.0853344,-1.2153344,-0.41533446
1.9246656,0.83466554,1.1146655,1.0946655,0.20466553,0.9846655,1.7746655,1.8446655,-0.6553345,-1.0453345,-0.24533448,-1.4453344,-2.6053345,-3.1253345,-1.6153345,-2.3053346,-3.2853346,-4.4753346,-4.9653344,-5.6653347,-3.6653345,2.2646656,6.7246656,6.5046654,6.8946657,6.2046657,5.9646654,6.2646656,4.8546658,1.3846655,1.8346655,0.71466553,-0.20533447,-2.2253344,-2.7253344,-1.2553345,-2.8153346,-3.4653344,-0.15533447,0.30466554,-1.0453345
1.8646655,1.9446656,-0.97533447,3.2146654,2.0946655,0.5346655,0.25466552,0.6846655,-0.25533447,-0.35533446,-1.6953344,-1.8353344,-1.4753345,-2.5553346,-1.9653344,-1.4453344,-2.4953344,-3.8253345,-5.3053346,-6.7653346,-2.6653345,1.3946655,4.0046654,7.4346657,8.004665,6.0846653,8.484666,6.4346657,5.4046655,7.1446657,3.5146656,1.8146656,0.33466554,1.0346656,0.75466555,1.4546655,2.3346655,1.8546655,-0.7653345,2.5846655,-1.6353345
-0.9653345,2.0346656,4.5146656,1.4346656,-0.9453345,1.3346655,2.1046655,0.5946655,0.31466553,-0.7653345,-1.3553345,-1.4753345,-1.1453345,-1.4753345,-1.6953344,-0.97533447,-1.0153345,-2.1653345,-3.1853344,-5.5753345,-1.0753344,1.5146655,1.7246655,5.1146655,8.344666,9.104666,8.034665,7.2046657,6.4946656,5.0346656,4.1946654,2.7546656,2.5546656,1.0546656,-0.73533446,-0.47533447,-1.7853345,-1.3653345,-1.0153345,-1.9153345,0.16466552
-0.0053344727,-1.8153344,1.0246655,1.8146656,1.4646655,0.88466555,0.56466556,-0.2653345,0.0046655275,-0.9553345,-1.5753344,-1.4753345,-0.9553345,-0.92533445,-0.68533444,0.34466553,-0.54533446,-1.5153345,0.36466554,-1.6053345,0.15466553,-1.8853345,1.5246655,4.1846657,5.3046656,6.7446656,7.9146657,7.6746655,6.6146655,5.7546654,4.5746655,2.3146656,-0.21533448,0.45466554,0.71466553,2.7246656,2.5146656,-2.6753345,-0.74533445,-0.05533447,1.6346655
0.03466553,2.4846656,0.35466552,0.24466553,1.0846655,0.7946655,-0.38533446,-1.3753345,-1.3653345,-1.7053344,-2.3253345,-2.4753344,-1.4753345,-0.99533445,-0.72533447,0.23466553,0.35466552,0.23466553,2.4246655,1.6646656,-1.2953345,-5.5753345,1.7846656,3.6446655,3.9646654,4.6646657,2.9446654,2.7546656,1.7546655,3.7646656,4.1546655,1.6846656,-0.68533444,1.0646656,2.0746655,0.9946655,0.6846655,2.3246655,1.2246655,-0.9553345,-0.105334476
2.1846654,-0.9453345,-1.3953345,-0.14533447,0.71466553,0.27466553,-1.4053345,-1.9253345,-1.8853345,-2.2553344,-1.9553344,-2.3253345,-2.3053346,0.09466553,0.9946655,1.2346655,1.9546655,3.8246655,4.9846654,5.1946654,-1.8153344,1.0046655,4.3746657,3.2246656,2.8446655,4.0746655,2.7646656,4.4646654,3.4646654,3.0646656,3.3446655,1.9046655,0.69466555,2.5346656,2.3446655,1.4646655,1.1846656,0.13466553,0.8046655,0.41466552,-0.37533447
-2.6253345,-3.3753345,-2.0653346,-1.8253344,-2.1053345,-1.6053345,-2.4453344,-2.5953345,-2.2053344,-0.74533445,-0.06533447,-0.015334473,0.45466554,0.6146655,0.41466552,3.3046656,4.4946656,5.3746657,6.4246655,2.0846655,2.9446654,2.9746656,2.6046655,2.5646656,2.3846655,1.8446655,3.2246656,2.9446654,2.1146655,0.32466552,1.0046655,3.1946654,2.0146656,1.7246655,1.2346655,2.2246656,-0.42533448,-1.4653344,-2.4953344,-1.3253344,-1.0453345
-3.2053344,-3.6853344,-3.6453345,-3.1553345,-3.7753344,-2.7253344,-2.5453346,-1.2453345,-0.40533447,0.22466552,0.20466553,-0.55533445,3.0646656,2.8646655,1.4546655,2.3946655,6.6446657,6.1346655,7.0346656,2.4046655,1.2546655,5.4246655,2.8546655,2.5046656,2.8646655,3.4446654,2.9846656,2.3346655,1.6346655,1.0346656,1.2046655,1.7746655,1.0346656,1.3646655,1.5846655,1.9846655,0.05466553,0.52466553,0.76466554,1.2446655,-0.12533447
-3.8653345,-4.6853347,-5.0653343,-3.8353345,-2.8453345,-1.8153344,-2.9153345,-2.1653345,-0.8753345,0.14466552,0.6546655,-0.18533447,-0.67533445,-0.5853345,-0.5053345,-0.30533448,0.31466553,0.7346655,1.9846655,1.6446655,0.88466555,1.9046655,2.1446655,2.0546656,1.8846655,2.2146654,2.1346655,1.7046655,1.5946655,0.95466554,0.6546655,0.8446655,0.52466553,0.104665525,-0.16533448,-1.4653344,-0.46533448,-0.9053345,1.4446656,-0.025334472,-1.4953345
-1.5053345,-2.8153346,-5.9853344,-4.1753345,-4.6353345,-4.1253343,-4.7153344,-5.4153347,-5.0453343,-3.9053345,-2.1553345,-3.1153345,-1.1153345,-2.2653344,-1.8153344,-0.5253345,-0.075334474,0.9746655,0.9046655,2.5146656,2.0746655,2.1946654,2.2846656,2.7646656,2.4446654,2.3446655,1.7646655,1.6746656,1.3546655,1.0346656,1.8046656,0.9246655,0.50466555,0.6646655,0.4846655,-0.44533446,-2.1253345,-2.1953344,-1.9853345,-1.6253345,0.45466554
