wind_kz.json
{"header": {"discipline":0,"disciplineName":"Meteorological products","gribEdition":2,"gribLength":1025,"center":7,"centerName":"US National Weather Service - NCEP(WMC)","subcenter":0,"refTime":"2023-09-24T12:00:00.000Z","significanceOfRT":1,"significanceOfRTName":"Start of forecast","productStatus":0,"productStatusName":"Operational products","productType":1,"productTypeName":"Forecast products","productDefinitionTemplate":0,"productDefinitionTemplateName":"Analysis/forecast at horizontal level/layer at a point in time","parameterCategory":2,"parameterCategoryName":"UnknownDiscipline_0_Category_2","parameterNumber":3,"parameterNumberName":"UnknownParameter_D0_C2_3","parameterUnit":"Unknown","genProcessType":2,"genProcessTypeName":"Forecast","forecastTime":0,"surface1Type":103,"surface1TypeName":"Specified height level above ground","surface1Value":10.0,"surface2Type":255,"surface2TypeName":"Missing","surface2Value":0.0,"gridDefinitionTemplate":0,"gridDefinitionTemplateName":"Latitude_Longitude","numberPoints":615,"shape":6,"shapeName":"Earth spherical with radius of 6,371,229.0 m","gridUnits":"degrees","resolution":48,"winds":"true","scanMode":64,"nx":41,"ny":15,"basicAngle":0,"lo1":47.0,"la1":41.0,"lo2":87.0,"la2":55.0,"dx":1.0,"dy":1.0}, "data":
[rows 0 to 14 of 15, columns 0 to 40 of 41]
3.7215436,2.4715436,5.5415435,3.0215435,-0.8984564,-3.6184564,-1.0984564,0.2715436,-0.22845642,-1.2984564,-2.6184564,-3.0984564,-3.9384565,-4.5784564,-5.1884565,-5.9984565,-6.8784566,-5.5784564,-7.048456,-5.9684563,-4.6684566,-1.8284564,-2.7184565,1.0015435,2.9115436,1.3115436,0.7915436,-1.0384564,-2.3084564,-2.8084564,-2.3584564,-2.3984563,-1.5784564,2.8115435,2.5715437,0.6715436,-0.5584564,0.14154358,1.0415436,0.96154356,0.58154356
-0.03845642,1.9715436,4.7515435,3.6915436,0.47154358,-3.3884563,-0.71845645,-0.38845643,-0.6284564,-1.7784564,-1.3184564,-3.1284564,-3.5984564,-4.258456,-4.9184566,-4.9384565,-4.8684564,-6.028456,-5.8084564,-4.8184566,-8.348456,-2.9884565,-6.298456,-1.0684564,1.7315435,-1.8884565,-0.7484564,-2.3684564,-2.1184564,-2.2284565,-1.0384564,-2.1284564,-3.1884565,-4.5584564,-3.3084564,3.1215436,0.07154358,2.5715437,1.9815435,0.08154358,4.7615438
3.1215436,5.3515434,4.4615436,2.2515435,0.7915436,1.8115436,0.02154358,-0.11845642,0.20154358,-1.2284564,-2.7084565,-4.1284566,-4.4784565,-3.5284564,-4.4084563,-5.2184563,-5.6384563,-6.9684563,-7.3284564,-7.8784566,-0.2884564,-4.9584565,-5.6884565,-4.9084563,-5.0584564,-2.5584564,-2.9784565,-1.6484565,-0.54845643,-2.6784563,-1.4284564,-1.4884564,-2.7184565,-3.0684564,-0.3184564,-1.8984565,-3.4084563,-3.2384565,-0.4484564,0.5515436,0.65154356
4.0515437,3.4315436,3.2915435,3.2015436,2.6915436,1.9615436,1.2915436,-0.3184564,-0.20845643,-0.43845642,-1.4984565,-4.028456,-4.8584566,-6.3984566,-5.6884565,-3.7684565,-4.3584566,-5.8584566,-6.6084566,-6.798456,-5.6684566,-5.7384562,-2.7584565,-4.258456,-3.7384565,-3.8484564,-4.1584563,-3.5384564,-3.8684564,-4.3584566,-5.5884566,-6.1284566,-3.0084565,4.701544,3.2615435,-0.79845643,2.5615435,2.8315437,-1.2084564,2.1015437,3.8615437
2.5815437,1.8115436,1.3015436,0.12154358,1.6415436,0.78154355,-0.5684564,-0.8984564,-1.8884565,-0.9984564,-0.7484564,-2.0684564,-4.4984565,-6.5984564,-4.5584564,-3.7384565,-4.4284563,-4.9784565,-4.8784566,-4.9484563,-4.0784564,-3.2484565,-2.9384565,-1.9884564,-1.7184564,-3.4784565,-4.7284565,-5.2384562,-4.8684564,-5.1684566,-5.4884562,-4.3184566,-1.7784564,-0.45845643,-0.38845643,3.0815437,-7.8784566,3.4815435,7.7315435,3.2015436,2.0415435
4.7915435,3.0515435,0.26154357,-0.45845643,-1.2184564,-3.2384565,0.20154358,-0.39845642,-1.3284564,0.78154355,-0.20845643,-1.2784564,-1.7484565,-3.6284564,-6.3684564,-3.9484565,-3.4684565,-3.8784564,-3.4984565,-2.5284564,-2.3884563,-2.7184565,-2.7684565,-2.6184564,-3.0084565,-3.0984564,-1.2684565,-1.8584564,-3.8184564,-5.6684566,-4.4484563,-3.8584564,-3.7484565,-2.8784564,-1.6484565,-8.338456,-0.12845641,-4.8184566,-4.6784563,-3.0084565,8.181543
4.2915435,4.9815435,4.1115437,4.0615435,4.1815434,2.1215436,-0.05845642,0.6715436,-0.028456422,0.04154358,0.3715436,-2.2184565,-2.8284564,-3.5984564,-4.1884565,-3.6484563,-3.4984565,-3.2884564,-2.5884564,-2.3584564,-2.6084564,-2.6184564,-2.6084564,-2.9284563,-3.4084563,-3.2384565,-4.2384562,-5.2484565,-4.4284563,-3.2684565,-4.1984563,-3.7684565,-3.6484563,-3.4784565,-5.3984566,-4.1484566,-5.278456,-3.2684565,-4.4384565,-0.15845641,-0.96845645
4.0915437,4.2715435,3.2815435,1.8515435,-0.26845643,0.7515436,-1.1184564,0.6115436,0.31154358,1.6015435,0.19154358,-0.78845644,-1.8684564,-2.2784564,-3.0484564,-3.3284564,-3.6784563,-3.1784563,-3.1984565,-1.5984564,-1.9184564,-2.0984564,-2.3584564,-2.9484565,-3.4384565,-4.2384562,-5.3984566,-6.0584564,-5.508456,-7.548456,-4.9384565,-4.8784566,-5.298456,-4.1484566,-2.7284565,-4.9984565,-3.9984565,-4.028456,-2.4884565,1.0515436,0.19154358
4.3815436,3.2215436,1.5815436,0.77154356,0.42154357,-0.03845642,2.0315435,-1.0684564,3.4615436,-1.0984564,0.04154358,-0.6284564,-0.9584564,-1.3784565,-2.0184565,-2.2784564,-2.8284564,-3.0784564,-2.9284563,-2.8484564,-1.5984564,-2.0884564,-2.6884565,-3.3984563,-3.3584564,-3.5884564,-3.1884565,-3.5084565,-4.2484565,-4.9084563,-5.4084563,-4.8284564,-4.4184566,-4.4884562,-3.2884564,-3.4384565,-4.0684566,-3.9584565,-2.9584565,-3.8084564,-2.1884565
3.4915435,2.5115435,0.7915436,-0.04845642,-0.06845642,-1.0084565,-0.7384564,1.9115436,0.39154357,0.8115436,-0.85845643,-0.12845641,-0.9584564,-1.0184565,-0.8084564,-0.96845645,-1.5384564,-2.0584564,-2.0984564,-2.3384564,-2.2584565,-2.3384564,-2.6284564,-3.2384565,-3.0584564,-3.2884564,-2.6084564,0.44154358,-0.028456422,-1.7684565,-3.3384564,-4.2084565,-3.4184563,-2.3084564,-1.5284564,-1.2284564,-1.8284564,-1.9384564,1.0015435,-1.0884564,-1.8084564
3.0315435,2.6615436,2.1915436,0.8115436,-0.04845642,-0.8084564,-1.4084564,-0.2584564,-2.7484565,-1.4984565,-0.71845645,-0.5584564,-1.9684564,-1.4284564,-0.84845644,-0.9284564,-1.2484565,-1.3484564,-1.6084564,-2.0884564,-2.4984565,-2.4484565,-2.9884565,-3.2984564,-2.6384563,-2.4584565,-2.2884564,-1.9784564,0.9915436,-0.6984564,-2.0884564,-2.4984565,-2.6284564,-1.0884564,-1.3784565,-1.3484564,-0.16845642,-1.1484565,-1.5084565,-1.4884564,-0.8984564
2.5915437,2.4015436,2.8615437,2.0415435,0.52154356,-1.2584565,-1.9384564,-0.9384564,-0.12845641,-0.78845644,-0.8684564,-0.3184564,0.5515436,-0.04845642,-0.36845642,-1.0484564,-1.3384564,-1.3484564,-1.1984564,-1.8284564,-2.2084565,-2.4684565,-2.7084565,-2.9184563,-2.6984565,-2.0584564,-1.9384564,-1.3484564,0.09154358,-1.2984564,-0.53845644,-1.6584564,-1.2484565,-1.3784565,-1.3984565,-1.0584564,0.3715436,0.9315436,0.96154356,0.36154357,0.8215436
2.7215436,3.2615435,2.3915436,1.6215435,0.6315436,-0.7484564,-0.2584564,0.7515436,1.3715435,-1.1984564,-0.8684564,-1.3084564,-1.0184565,-1.6484565,-1.9084564,-1.7884564,-1.6184564,-1.4484564,-1.6884564,-0.8184564,-0.45845643,-0.8184564,-0.33845642,-0.8084564,-2.2284565,-2.4084563,-2.2484565,-0.30845642,-0.7484564,-0.78845644,-1.2184564,-1.3484564,-1.2184564,-1.1084564,-1.3584564,-2.1384563,-1.9684564,-0.52845645,0.6715436,0.96154356,0.8815436
3.5115435,3.7515435,2.3715436,-0.13845642,0.6215436,0.9215436,0.7415436,-0.16845642,0.26154357,2.1215436,-0.72845644,-0.26845643,-0.5784564,0.04154358,-0.9384564,-1.0884564,-1.7984564,-1.9084564,-2.2084565,-2.1084564,-1.3484564,-1.1184564,-1.3384564,-0.23845643,-1.6784564,-2.4584565,-0.03845642,0.9315436,-0.33845642,-0.9484564,-1.3684564,-1.1384565,-1.6884564,-1.6684564,-1.6284565,-1.0384564,-1.6084564,-2.2484565,-1.0384564,-0.39845642,1.4215436
2.6715436,2.8415437,4.5215435,2.1315436,1.8115436,1.3815436,0.8715436,1.0215436,0.39154357,2.4315436,1.3715435,-0.05845642,0.47154358,-1.4984565,-1.4384564,-2.0484564,-2.5184565,-2.6584563,-2.4084563,-1.9384564,-2.2284565,-2.0084565,-0.8884564,-1.9984565,-0.91845644,-0.9984564,0.77154356,0.6715436,-0.16845642,-0.17845643,-0.6284564,-0.3184564,0.101543576,-1.0284564,-1.6384565,-0.9984564,-0.9984564,-0.8284564,-0.85845643,-2.2084565,0.39154357
