wind_kz.json
{"header": {"discipline":0,"disciplineName":"Meteorological products","gribEdition":2,"gribLength":1025,"center":7,"centerName":"US National Weather Service - NCEP(WMC)","subcenter":0,"refTime":"2024-04-07T18:00:00.000Z","significanceOfRT":1,"significanceOfRTName":"Start of forecast","productStatus":0,"productStatusName":"Operational products","productType":1,"productTypeName":"Forecast products","productDefinitionTemplate":0,"productDefinitionTemplateName":"Analysis/forecast at horizontal level/layer at a point in time","parameterCategory":2,"parameterCategoryName":"UnknownDiscipline_0_Category_2","parameterNumber":3,"parameterNumberName":"UnknownParameter_D0_C2_3","parameterUnit":"Unknown","genProcessType":2,"genProcessTypeName":"Forecast","forecastTime":180,"surface1Type":103,"surface1TypeName":"Specified height level above ground","surface1Value":10.0,"surface2Type":255,"surface2TypeName":"Missing","surface2Value":0.0,"gridDefinitionTemplate":0,"gridDefinitionTemplateName":"Latitude_Longitude","numberPoints":615,"shape":6,"shapeName":"Earth spherical with radius of 6,371,229.0 m","gridUnits":"degrees","resolution":48,"winds":"true","scanMode":64,"nx":41,"ny":15,"basicAngle":0,"lo1":47.0,"la1":41.0,"lo2":87.0,"la2":55.0,"dx":1.0,"dy":1.0}, "data":
[rows 0 to 14 of 15, columns 0 to 40 of 41]
2.2626429,0.8826428,0.5726428,1.3926429,-1.5673572,-3.2273571,-2.7173572,-2.1273572,-0.5073572,-3.6373572,-3.1073573,-3.6773572,-3.3673573,-3.5073571,-3.2573571,-1.8773571,1.8326428,3.9926429,1.0326428,1.6026428,-1.5973572,1.6326429,1.2526429,2.202643,1.9326428,-0.107357174,-0.14735718,2.0726428,-2.1673572,0.9926428,0.30264282,2.9126427,-0.36735716,1.7326428,1.8126428,2.692643,1.9026428,0.0026428222,-3.287357,-1.7473571,1.4326428
1.6826428,1.2326428,3.472643,2.3026428,-0.8073572,-2.4873571,-3.037357,-3.4173572,-3.047357,-4.087357,-4.427357,-4.087357,-4.2473574,-4.967357,-4.8073573,-3.5873573,-2.4273572,1.0926428,1.2626429,1.4626428,-0.90735716,-0.39735717,3.482643,-0.8273572,1.2926428,0.7426428,1.9526428,-1.1773572,-0.59735715,1.6226429,-1.3473572,0.40264282,0.24264282,2.3326428,0.9226428,3.1626427,1.5526428,3.3426428,1.1926428,-0.90735716,0.08264282
1.0226429,5.222643,4.7326427,3.7726429,1.6126428,-0.22735718,-1.9473572,-2.6273572,-3.547357,-4.717357,-5.837357,-5.687357,-5.8273573,-7.137357,-6.127357,-5.947357,-3.7173572,-2.2073572,2.732643,1.8226428,0.9326428,-0.5473572,3.482643,3.3526428,-1.3873572,-0.95735717,-1.9473572,3.5426428,-0.07735718,-1.0473572,-0.83735716,-1.5273572,-3.6173573,1.3126428,-0.067357175,-2.8473573,-2.067357,0.29264283,-0.44735718,1.1826428,0.41264284
4.4626427,4.992643,3.8426428,3.0326428,1.8926429,0.13264282,-1.7473571,-3.047357,-2.9073572,-4.647357,-5.8673573,-5.717357,-7.5973573,-8.237357,-7.647357,-6.427357,-5.947357,-5.0973573,-0.19735718,1.1126428,2.0126429,4.032643,-1.9673572,3.3626428,1.6026428,4.682643,2.222643,5.832643,3.5126429,1.0926428,-1.2773572,-2.517357,0.7626428,1.1126428,-0.12735718,2.4126427,2.472643,0.42264283,-2.547357,-1.7373571,-1.9573572
4.312643,3.732643,1.4426428,-0.23735718,0.3426428,-0.13735718,-0.47735718,-1.1773572,-3.1273572,-4.627357,-5.127357,-5.6173573,-7.157357,-7.797357,-7.927357,-5.777357,-5.797357,-5.167357,-4.167357,-0.24735717,3.0526428,2.202643,2.2626429,1.5626428,1.7426429,1.1626428,4.512643,1.4826428,4.302643,3.6526427,-0.28735718,-1.0973572,-1.6273571,0.13264282,0.6826428,1.7826428,1.6126428,0.84264284,-0.23735718,-1.3773571,-1.4973571
4.572643,3.5426428,1.5526428,2.1326427,2.0926428,0.6426428,-1.6173571,-2.7573571,-4.0573573,-4.047357,-4.487357,-5.5373573,-6.3473573,-6.257357,-4.4773574,-5.6173573,-4.587357,-4.317357,-4.257357,-3.8473573,0.40264282,4.2126427,3.3426428,2.712643,3.1526427,3.8426428,3.982643,3.942643,4.912643,3.3126428,1.3526428,-0.33735716,-1.6573572,-2.2573571,-2.4173572,-0.8873572,-3.3273573,-1.3973572,0.40264282,0.6426428,-1.5873572
5.2526426,4.0426426,3.0326428,3.702643,2.8426428,0.112642825,-0.83735716,-2.317357,-3.1073573,-3.527357,-4.677357,-4.917357,-5.6173573,-5.8673573,-5.9573574,-5.7273574,-4.917357,-3.6673572,-2.9473572,-3.0973573,-1.9773571,2.1626427,4.572643,4.472643,4.7326427,5.1526427,4.872643,6.6726427,5.102643,4.7326427,3.2926428,1.5526428,0.78264284,0.20264283,0.9526428,1.2426429,1.2426429,1.1426429,-0.6873572,1.9226428,-0.72735715
5.662643,6.1726427,4.552643,4.622643,4.012643,2.0826428,-0.33735716,-1.2973572,-3.3373573,-4.067357,-4.2273574,-4.9773574,-6.137357,-6.2473574,-5.897357,-4.7673573,-3.817357,-3.1673572,-1.8573571,-0.8773572,-0.31735718,-0.37735718,4.412643,4.912643,6.2326427,7.5426426,6.812643,7.532643,7.202643,6.492643,4.952643,3.8726428,1.8826429,1.2626429,0.52264285,0.22264282,-0.6373572,-0.4973572,0.0026428222,-0.8173572,-1.0473572
6.092643,6.302643,6.332643,6.072643,4.2126427,2.5426428,0.21264282,-1.4573572,-3.0773573,-3.1973572,-4.5973573,-5.527357,-6.587357,-6.927357,-7.427357,-5.7273574,-2.9773571,-1.4173572,-1.7673572,-0.027357178,1.2426429,0.59264284,-0.29735717,2.222643,6.142643,5.9626427,6.392643,6.9626427,7.972643,7.1926427,6.9626427,6.342643,5.312643,3.8026428,2.5326428,3.4926429,1.9226428,-1.6873572,0.4426428,0.4426428,1.0326428
6.352643,7.762643,8.232643,6.0226426,4.832643,3.232643,1.8026428,-1.6073571,-1.8873572,-3.027357,-4.607357,-5.187357,-7.0773573,-7.527357,-8.237357,-5.8273573,-1.5373572,-1.1673572,-0.6173572,0.9826428,1.0326428,2.0026429,0.9426428,-0.7573572,0.12264282,3.462643,5.102643,7.1926427,6.822643,6.392643,4.9426427,5.092643,5.352643,5.2526426,6.2726426,4.802643,3.1026428,0.12264282,0.46264282,2.1326427,2.962643
4.662643,5.322643,6.0026426,5.992643,4.572643,3.3226428,1.5926428,-0.7473572,-1.4173572,-3.1073573,-3.1773572,-3.1073573,-5.5773573,-6.817357,-7.7873573,-8.207357,-5.3273573,-3.2373571,-1.0473572,-0.29735717,0.97264284,-1.3873572,-0.5673572,3.0626428,-0.3073572,4.0026426,4.9626427,7.182643,7.122643,3.7526429,3.8126428,4.122643,3.702643,5.2326427,8.102643,8.672643,4.072643,2.8026428,4.642643,2.1226428,1.5126429
3.7926428,5.782643,6.532643,5.2126427,5.072643,4.0226426,1.7726429,-0.037357178,-1.7673572,-2.9173572,-2.297357,-2.297357,-5.337357,-5.897357,-7.0973573,-8.0873575,-8.037357,-6.5773573,-3.9673572,-1.0973572,0.53264284,0.6226428,0.022642823,-0.33735716,1.3026428,1.8326428,4.162643,3.7726429,5.4226427,6.842643,4.312643,4.302643,4.4026427,5.582643,6.2526426,8.632643,7.912643,5.862643,3.3126428,3.0426428,1.0826428
4.742643,5.202643,5.4026427,4.802643,4.372643,3.462643,2.3126428,0.7626428,-1.8173572,-3.1573572,-1.5173572,-1.3873572,-2.9973571,-5.8273573,-7.2673573,-7.8673573,-8.457357,-8.267357,-8.347357,-5.5173573,-4.407357,1.6126428,2.4126427,1.1326429,1.0326428,-0.2773572,2.1026428,1.7926428,2.0926428,1.7526429,3.8226428,5.062643,5.202643,3.6326427,5.112643,6.2326427,6.4426427,3.5826428,4.362643,4.372643,3.3526428
2.5126429,4.972643,3.8726428,4.242643,4.412643,4.3826427,2.5126429,1.3326428,-1.0973572,-2.567357,-1.9773571,-1.4673572,-0.29735717,-5.4973574,-6.9773574,-7.737357,-8.3773575,-8.847357,-8.727357,-7.7273574,-6.0773573,2.2926428,1.3726429,1.0126429,0.96264285,1.5526428,1.7326428,1.8726429,2.3426428,3.472643,1.6626428,2.942643,3.2826428,3.0726428,3.3526428,5.102643,4.3826427,4.492643,4.012643,4.122643,5.782643
1.5226429,3.232643,3.3626428,4.7526426,4.832643,3.0426428,2.6726427,1.1226429,-0.057357177,-1.3573571,-0.5073572,-1.6073571,-1.4373572,-3.2173572,-6.637357,-7.257357,-8.037357,-8.727357,-9.107357,-8.707357,-8.617357,-8.457357,-5.8673573,-4.5373573,-3.6473572,-3.8973572,-2.0873573,-2.3673573,-1.6873572,-0.8173572,-0.7573572,-0.71735716,-0.8873572,-2.1073573,-1.4673572,-1.7773572,-0.5473572,0.43264282,1.5126429,1.6926428,2.3726428
