wind.json
{"header": {"discipline":0,"disciplineName":"Meteorological products","gribEdition":2,"gribLength":953,"center":7,"centerName":"US National Weather Service - NCEP(WMC)","subcenter":0,"refTime":"2023-05-30T06:00:00.000Z","significanceOfRT":1,"significanceOfRTName":"Start of forecast","productStatus":0,"productStatusName":"Operational products","productType":1,"productTypeName":"Forecast products","productDefinitionTemplate":0,"productDefinitionTemplateName":"Analysis/forecast at horizontal level/layer at a point in time","parameterCategory":0,"parameterCategoryName":"UnknownDiscipline_0_Category_0","parameterNumber":0,"parameterNumberName":"UnknownParameter_D0_C0_0","parameterUnit":"Unknown","genProcessType":2,"genProcessTypeName":"Forecast","forecastTime":300,"surface1Type":1,"surface1TypeName":"Ground or water surface","surface1Value":0.0,"surface2Type":255,"surface2TypeName":"Missing","surface2Value":0.0,"gridDefinitionTemplate":0,"gridDefinitionTemplateName":"Latitude_Longitude","numberPoints":688,"shape":6,"shapeName":"Earth spherical with radius of 6,371,229.0 m","gridUnits":"degrees","resolution":48,"winds":"true","scanMode":64,"nx":43,"ny":16,"basicAngle":0,"lo1":45.0,"la1":40.0,"lo2":87.0,"la2":55.0,"dx":1.0,"dy":1.0}, "data":
[rows 0 to 15 of 16, columns 0 to 42 of 43]
279.9201,280.72012,297.4201,298.12012,297.9201,294.82013,294.0201,293.22012,303.82013,304.0201,309.9201,305.22012,311.22012,310.4201,308.4201,308.72012,308.32013,307.0201,304.9201,303.82013,303.12012,303.82013,300.0201,300.0201,297.82013,294.22012,294.12012,287.5201,280.82013,283.12012,283.9201,295.22012,296.62012,298.22012,299.9201,299.5201,301.12012,302.12012,304.72012,304.72012,303.4201,301.9201,299.82013
286.62012,293.62012,296.4201,289.12012,290.32013,292.82013,293.0201,292.5201,296.5201,303.9201,306.12012,310.82013,306.72012,309.12012,308.82013,308.9201,308.72012,304.4201,305.9201,305.0201,304.82013,303.12012,306.0201,301.32013,299.32013,293.72012,300.62012,300.9201,295.12012,280.32013,280.4201,280.0201,281.0201,278.32013,292.9201,298.32013,300.22012,299.82013,300.12012,301.32013,302.4201,303.22012,301.12012
285.4201,284.22012,276.4201,291.4201,292.9201,293.22012,292.5201,292.12012,301.32013,304.0201,304.82013,305.72012,307.72012,307.0201,308.22012,307.0201,304.4201,305.0201,305.0201,305.0201,303.4201,303.22012,306.4201,303.5201,299.72012,290.72012,277.0201,278.9201,288.9201,279.0201,283.4201,278.12012,282.9201,274.62012,287.12012,260.22012,280.12012,297.62012,296.0201,297.62012,302.4201,293.32013,283.72012
286.4201,290.0201,294.5201,293.22012,293.32013,292.5201,292.22012,299.5201,301.9201,303.5201,304.12012,305.32013,305.62012,306.82013,303.62012,305.22012,306.82013,305.12012,303.5201,302.0201,301.4201,301.9201,305.5201,302.12012,300.72012,295.32013,293.5201,294.4201,294.4201,293.82013,293.4201,284.62012,276.4201,278.32013,284.9201,284.22012,284.72012,287.72012,278.0201,281.62012,283.22012,278.9201,276.9201
296.9201,300.22012,296.22012,295.0201,293.5201,293.22012,294.32013,301.32013,305.0201,304.4201,305.72012,305.5201,305.4201,305.4201,292.82013,292.72012,307.12012,306.22012,305.0201,302.82013,301.4201,301.32013,300.0201,296.82013,300.9201,301.72012,301.4201,300.72012,300.5201,297.12012,292.72012,291.32013,292.32013,293.32013,300.9201,296.4201,294.62012,292.12012,278.12012,277.62012,283.0201,291.22012,296.32013
295.9201,302.0201,301.12012,296.5201,296.0201,296.32013,297.5201,300.32013,303.62012,303.4201,304.4201,305.32013,304.62012,302.5201,293.5201,292.9201,291.0201,307.12012,306.22012,303.9201,299.9201,302.82013,302.9201,304.12012,303.32013,302.22012,300.32013,299.82013,297.12012,294.82013,294.72012,294.12012,295.72012,292.82013,282.5201,274.62012,285.32013,295.62012,295.4201,300.22012,300.82013,300.9201,300.82013
297.82013,300.72012,301.32013,301.72012,297.22012,296.22012,296.12012,296.12012,299.0201,303.4201,303.22012,304.32013,304.9201,304.0201,293.4201,292.4201,298.82013,306.72012,307.4201,303.5201,302.9201,302.5201,300.4201,302.22012,300.5201,300.62012,299.0201,296.22012,295.82013,290.5201,297.4201,297.22012,294.82013,294.22012,292.12012,289.12012,287.4201,287.62012,282.9201,286.22012,297.12012,297.72012,297.4201
296.0201,297.32013,298.0201,298.0201,300.32013,299.22012,297.4201,300.72012,302.12012,302.12012,303.32013,304.82013,302.12012,300.9201,299.62012,300.5201,301.82013,304.22012,303.82013,303.4201,300.72012,298.82013,296.72012,300.12012,298.72012,299.12012,296.82013,295.5201,294.4201,296.12012,294.9201,295.22012,294.12012,293.9201,293.12012,292.32013,289.4201,288.0201,284.32013,280.4201,278.22012,281.4201,291.72012
295.62012,295.5201,296.62012,295.72012,296.0201,296.22012,295.82013,295.9201,296.4201,294.9201,296.4201,297.12012,295.72012,295.5201,295.72012,296.9201,298.22012,298.72012,298.72012,297.9201,297.12012,295.5201,295.12012,296.0201,296.12012,296.82013,297.5201,295.5201,295.4201,294.5201,293.5201,291.72012,287.82013,287.62012,286.0201,283.22012,284.4201,286.62012,288.32013,286.62012,288.62012,290.12012,284.0201
289.4201,294.82013,293.32013,293.12012,294.9201,293.0201,293.82013,292.32013,292.32013,292.0201,291.9201,291.4201,291.82013,291.72012,290.12012,292.5201,292.82013,294.22012,295.9201,296.62012,296.4201,294.9201,293.62012,294.62012,296.0201,293.4201,294.22012,294.62012,292.62012,291.9201,288.9201,286.62012,284.62012,285.5201,283.4201,283.62012,282.4201,279.72012,282.72012,283.0201,271.5201,274.9201,274.72012
291.4201,292.22012,294.22012,294.82013,294.9201,291.4201,291.72012,290.12012,289.62012,288.62012,288.12012,288.62012,287.9201,287.62012,288.5201,289.72012,291.62012,293.5201,294.4201,295.5201,296.12012,296.32013,295.9201,294.72012,296.12012,296.0201,295.62012,294.5201,291.82013,291.4201,288.82013,288.4201,287.62012,287.22012,287.9201,287.82013,283.5201,283.4201,281.12012,280.72012,275.5201,273.9201,275.32013
288.12012,289.22012,290.4201,291.12012,291.62012,292.82013,292.12012,293.72012,291.72012,289.9201,288.72012,288.12012,286.72012,285.32013,289.0201,289.12012,290.0201,291.22012,291.4201,292.32013,294.62012,295.82013,296.12012,294.72012,294.9201,294.32013,293.32013,292.62012,289.72012,292.4201,289.82013,292.72012,291.5201,290.82013,288.9201,288.4201,287.9201,281.72012,280.32013,278.62012,279.62012,278.0201,275.72012
287.62012,288.5201,289.12012,291.0201,289.72012,289.82013,289.9201,289.4201,289.4201,289.0201,290.22012,289.72012,288.62012,288.0201,288.4201,289.22012,288.5201,291.12012,291.82013,291.62012,293.12012,293.62012,292.0201,290.22012,290.22012,290.62012,289.62012,290.5201,290.62012,290.0201,291.9201,292.62012,290.5201,289.82013,290.32013,285.9201,286.5201,284.12012,284.32013,283.12012,282.72012,282.22012,281.4201
287.32013,287.0201,287.5201,285.4201,287.9201,290.62012,288.4201,288.82013,287.72012,286.62012,286.12012,289.0201,282.9201,284.9201,284.62012,286.32013,288.22012,289.9201,289.82013,289.32013,290.5201,289.62012,288.32013,287.0201,287.62012,288.0201,288.5201,289.22012,289.4201,289.4201,291.72012,287.82013,288.62012,289.5201,287.9201,286.9201,285.5201,284.0201,284.0201,283.72012,283.0201,281.62012,285.22012
286.22012,286.4201,284.22012,286.22012,286.4201,289.72012,284.62012,283.5201,283.5201,284.22012,285.12012,285.72012,283.32013,284.72012,287.12012,288.12012,287.32013,286.0201,286.22012,287.9201,288.12012,288.22012,287.72012,286.4201,287.72012,289.32013,290.12012,290.72012,287.72012,287.62012,286.4201,286.22012,287.72012,285.82013,283.82013,283.62012,283.5201,282.82013,282.4201,281.5201,281.4201,281.0201,280.5201
283.22012,284.12012,285.5201,284.5201,286.22012,286.0201,286.12012,286.72012,283.9201,282.0201,283.5201,282.9201,284.9201,279.22012,281.9201,281.5201,283.12012,283.62012,285.5201,283.12012,286.72012,285.5201,283.82013,284.4201,284.82013,284.22012,284.32013,287.82013,284.22012,284.4201,284.12012,284.62012,284.9201,282.62012,282.32013,282.5201,283.22012,283.62012,282.9201,282.0201,282.32013,280.82013,281.32013
