wind_kz.json
{"header": {"discipline":0,"disciplineName":"Meteorological products","gribEdition":2,"gribLength":1025,"center":7,"centerName":"US National Weather Service - NCEP(WMC)","subcenter":0,"refTime":"2024-04-06T18:00:00.000Z","significanceOfRT":1,"significanceOfRTName":"Start of forecast","productStatus":0,"productStatusName":"Operational products","productType":1,"productTypeName":"Forecast products","productDefinitionTemplate":0,"productDefinitionTemplateName":"Analysis/forecast at horizontal level/layer at a point in time","parameterCategory":2,"parameterCategoryName":"UnknownDiscipline_0_Category_2","parameterNumber":3,"parameterNumberName":"UnknownParameter_D0_C2_3","parameterUnit":"Unknown","genProcessType":2,"genProcessTypeName":"Forecast","forecastTime":180,"surface1Type":103,"surface1TypeName":"Specified height level above ground","surface1Value":10.0,"surface2Type":255,"surface2TypeName":"Missing","surface2Value":0.0,"gridDefinitionTemplate":0,"gridDefinitionTemplateName":"Latitude_Longitude","numberPoints":615,"shape":6,"shapeName":"Earth spherical with radius of 6,371,229.0 m","gridUnits":"degrees","resolution":48,"winds":"true","scanMode":64,"nx":41,"ny":15,"basicAngle":0,"lo1":47.0,"la1":41.0,"lo2":87.0,"la2":55.0,"dx":1.0,"dy":1.0}, "data":
[rows 0 to 14 of 15, columns 0 to 40 of 41]
1.1353498,1.2653497,-3.6846502,1.0353497,2.6153498,1.8953497,0.27534974,-1.1246502,-0.06465027,-1.3546503,-0.49465027,-3.2446504,0.16534974,-2.0146503,1.2353498,0.045349732,-1.5246502,-2.8346503,0.88534975,-1.6446502,-0.41465026,3.7553496,2.6353498,0.94534975,1.9053497,2.2753496,1.2253498,-0.44465026,3.1853497,6.91535,2.7053497,4.0653496,-0.61465025,-0.22465026,-0.11465027,-0.80465025,-0.34465027,0.39534974,-1.3146503,-3.3846502,0.05534973
-0.86465025,-1.5046502,-3.7546504,0.77534974,2.0053496,1.0753497,-0.78465027,-0.33465028,-0.19465026,-0.33465028,1.2653497,2.6753497,-3.1646502,-1.4146503,-0.6346503,0.31534973,-0.87465024,-0.18465027,0.045349732,-2.2146502,-2.8246503,-1.4246503,1.0353497,-0.59465027,1.0553497,1.8253497,1.7553498,1.4153497,2.0553498,2.3753498,2.3053498,4.6453495,0.44534972,2.7453496,0.87534976,2.7253497,1.3953497,2.7353497,1.5153497,0.06534973,-0.23465027
-0.7046503,-4.13465,-6.29465,-3.4846504,2.6153498,0.015349732,0.14534973,-2.5946503,-0.55465025,-0.87465024,-0.79465026,-0.5646503,2.9553497,1.2453498,-0.23465027,-0.044650268,-0.5046503,-0.41465026,-0.93465024,-0.79465026,-0.7646503,-1.7746502,0.52534974,1.5953498,-0.8946503,-2.3946502,-1.1946503,-1.4746503,-0.36465028,-0.5646503,0.26534975,0.18534973,-1.7646502,1.7553498,0.14534973,-2.3346503,2.8153498,2.5553498,0.70534974,1.3953497,0.50534976
-1.2646502,-1.4346503,-1.2746502,-0.05465027,2.1853497,1.7153497,-0.08465027,-0.0146502685,-0.17465027,-1.0546503,-1.0946503,-1.2146503,0.07534973,2.5653498,-0.16465026,-1.6646503,0.17534973,0.41534972,0.39534974,1.1853497,0.20534973,2.4753497,-2.0046504,-0.38465026,1.2053497,1.5053498,-0.22465026,0.75534976,-0.48465025,-1.3446503,-0.54465026,1.5353497,2.1153498,0.44534972,2.1953497,2.3953497,1.9553497,2.6153498,-1.5746503,-2.8446503,-2.1846502
-1.4346503,-1.1546502,-2.0346503,-1.8446503,1.4453497,3.4753497,1.9653497,0.6853497,-0.40465027,-0.68465024,-0.66465026,-1.4346503,-1.8546503,2.9953496,1.4753498,-0.80465025,-1.1346502,0.8053497,0.77534974,0.62534976,1.6753497,0.7453497,-0.10465027,-0.21465027,1.2753497,2.3353498,1.1953497,-1.0746503,-1.6246502,-0.84465027,1.4053497,0.20534973,-1.2546502,1.3153497,0.02534973,-0.12465027,3.4353497,-0.08465027,-1.9446503,-2.1546502,-1.0046502
-0.8346503,-1.7946503,-2.2546504,-2.4246502,1.1453497,3.1653497,3.3953497,2.0653498,1.6553497,-0.68465024,-0.78465027,-0.98465025,-0.09465027,1.1653497,0.7253497,0.44534972,0.21534973,0.76534975,2.2553496,1.9653497,1.2653497,1.7453498,1.9353497,3.5353498,4.2353497,2.4953496,1.3553498,-2.2646503,-0.98465025,-0.85465026,0.70534974,-0.12465027,-0.03465027,-1.5646503,-1.9246503,13.185349,-2.1346502,5.26535,0.9853497,-0.5046503,-1.2446502
-0.0146502685,-0.91465026,-1.4046502,-3.0546503,-3.6146502,2.4353497,4.3153496,3.2353497,1.6953497,1.7153497,0.69534975,-0.87465024,-0.7046503,-0.48465025,-0.49465027,-0.0046502687,-0.10465027,0.96534973,2.2053497,1.6053498,0.96534973,1.2053497,3.7653496,5.53535,5.51535,3.7653496,3.0453498,2.7153497,1.6653497,1.3453498,3.1453497,0.40534973,-0.30465028,2.4553497,2.3253498,2.3853498,2.5253496,0.9953497,2.4853497,3.0653498,4.0053496
-4.1446505,-2.1346502,-0.48465025,-1.4146503,-2.1546502,-0.29465026,2.2953498,2.1553497,3.4253497,2.2153497,2.1253498,0.13534974,-0.30465028,-0.66465026,-0.35465026,-1.0646503,-0.9646503,1.4153497,2.2153497,0.71534973,-0.23465027,1.4753498,2.8653498,4.5053496,5.09535,5.5853496,6.5053496,5.7753496,2.8453498,1.8553498,2.2153497,1.8553498,2.0753498,1.0953498,0.38534972,-0.48465025,-0.5846503,1.2553498,0.81534976,2.8153498,3.5453498
-1.2446502,-1.1046503,-0.26465026,-0.27465028,-1.2146503,0.17534973,0.25534973,3.1653497,1.7453498,4.22535,3.2753496,1.8153497,-0.0146502685,0.09534973,-0.5646503,-0.5646503,0.13534974,2.3453498,1.3053497,-1.2546502,-0.16465026,3.8053498,4.6953497,3.5053496,3.5653498,2.4753497,5.55535,6.0653496,5.1553497,2.5553498,2.1653497,1.0053498,0.58534974,4.28535,7.6953497,7.2353497,2.3253498,-0.91465026,1.3553498,1.6753497,-0.08465027
-1.5646503,-1.0246502,-0.98465025,1.7353498,0.50534976,0.20534973,1.9053497,1.9053497,1.6053498,4.1353498,3.9253497,2.8653498,1.5053498,0.6753497,0.6153497,0.50534976,0.09534973,1.6053498,2.4653497,0.8453497,-1.1946503,1.6353498,1.4153497,1.9453497,2.9153497,2.7653496,3.8953497,4.28535,3.4953496,1.1553497,0.36534974,1.1853497,2.2753496,4.3553495,5.84535,1.1853497,1.8453498,-0.11465027,0.27534974,1.9353497,2.9953496
-1.6646503,-0.6446503,-0.7046503,2.4353497,2.2553496,0.26534975,2.1353498,0.95534974,0.18534973,2.8353498,4.09535,3.3353498,2.1653497,1.8153497,1.4153497,1.9553497,1.9253497,1.4353497,4.74535,2.7353497,0.24534974,-1.2246503,0.44534972,-0.61465025,0.18534973,1.4353497,2.4653497,2.5953498,1.7153497,0.40534973,1.7353498,3.2353497,4.4253497,5.41535,5.8853498,3.6653497,1.5553497,1.7353498,2.1653497,1.5753497,0.15534973
-1.8546503,-0.99465024,-0.87465024,3.0053496,2.8253498,2.3353498,2.7753496,2.0153496,1.4953498,0.63534975,2.6653497,2.9753497,3.0953498,2.8053498,2.2953498,2.2353497,2.0853498,2.9253497,3.5353498,3.5353498,3.6153498,3.1253498,0.7353497,0.65534973,2.7053497,2.3853498,1.4553497,0.8053497,1.3753498,1.2153497,2.7753496,4.11535,3.4053497,4.72535,4.8753495,3.3853498,1.5653497,0.6853497,-0.35465026,0.24534974,-0.23465027
-1.5246502,-1.6646503,-0.73465025,4.2353497,4.4653497,2.3253498,1.7453498,2.6953497,1.8053497,1.7753497,2.2053497,3.3053498,4.6053495,3.7553496,2.0353498,1.8853498,2.2853498,1.5053498,2.3453498,3.2453496,4.0053496,3.7653496,2.7853498,2.3753498,3.1253498,3.6353498,3.1653497,3.3053498,3.3253498,2.9053497,3.0553498,4.16535,4.1053495,4.49535,4.7153497,4.97535,4.1053495,2.3953497,3.0453498,2.7453496,1.4953498
-2.7346504,-1.1346502,1.6453497,1.9553497,3.1553497,1.6953497,2.7653496,3.7653496,0.9353497,-3.1646502,3.7353497,3.4053497,4.0653496,4.09535,3.4353497,2.1853497,1.2553498,-0.074650265,-0.7046503,-0.59465027,0.42534974,0.8653497,0.77534974,1.4453497,1.8053497,2.3253498,2.7153497,2.9353497,2.9453497,2.9353497,2.9953496,3.5253496,4.3853498,4.6753497,4.1253495,4.4853497,3.9053497,4.1953497,3.8453498,3.7153497,3.8853498
-0.87465024,0.47534972,1.4553497,2.2953498,2.6253498,2.1753497,0.15534973,1.7353498,2.7753496,-0.73465025,-0.31465027,2.1553497,1.4653497,2.9953496,3.9653497,2.0053496,1.2153497,0.19534974,-1.4446503,-1.4946502,-1.3346503,-1.5646503,-1.6446502,-0.74465024,0.24534974,0.8453497,1.3553498,2.3753498,2.6253498,2.7953498,3.0353498,2.3753498,3.4053497,4.0253496,4.1453495,4.1253495,5.07535,4.9853497,3.5353498,3.8453498,2.0253496
