wind_kz.json
{"header": {"discipline":0,"disciplineName":"Meteorological products","gribEdition":2,"gribLength":1025,"center":7,"centerName":"US National Weather Service - NCEP(WMC)","subcenter":0,"refTime":"2023-09-30T06:00:00.000Z","significanceOfRT":1,"significanceOfRTName":"Start of forecast","productStatus":0,"productStatusName":"Operational products","productType":1,"productTypeName":"Forecast products","productDefinitionTemplate":0,"productDefinitionTemplateName":"Analysis/forecast at horizontal level/layer at a point in time","parameterCategory":2,"parameterCategoryName":"UnknownDiscipline_0_Category_2","parameterNumber":2,"parameterNumberName":"UnknownParameter_D0_C2_2","parameterUnit":"Unknown","genProcessType":2,"genProcessTypeName":"Forecast","forecastTime":120,"surface1Type":103,"surface1TypeName":"Specified height level above ground","surface1Value":10.0,"surface2Type":255,"surface2TypeName":"Missing","surface2Value":0.0,"gridDefinitionTemplate":0,"gridDefinitionTemplateName":"Latitude_Longitude","numberPoints":615,"shape":6,"shapeName":"Earth spherical with radius of 6,371,229.0 m","gridUnits":"degrees","resolution":48,"winds":"true","scanMode":64,"nx":41,"ny":15,"basicAngle":0,"lo1":47.0,"la1":41.0,"lo2":87.0,"la2":55.0,"dx":1.0,"dy":1.0}, "data":
[rows 0 to 14 of 15, columns 0 to 40 of 41]
-0.88928956,0.98071045,0.84071046,-0.81928957,-1.7692895,-4.3192897,-5.1092896,-6.7892895,-8.79929,-6.8392897,-6.3792896,-6.2392898,-6.2092896,-6.1392894,-5.6592894,-4.1292896,-3.7492895,-3.4892895,-3.4592896,-1.9192896,0.98071045,1.2107104,0.90071046,2.1607103,-2.2192895,-0.7992895,2.2107105,2.3107104,0.14071044,1.0307105,0.33071044,0.61071044,7.1044924E-4,-1.5292896,-2.3292894,0.38071045,0.77071047,1.8307104,1.0707104,-0.17928955,-3.1892896
0.39071044,0.5707104,4.6107106,-6.1692896,-4.71929,-4.1492896,-5.3092895,-7.3392897,-6.6092896,-6.0792894,-6.9592896,-6.5092897,-4.2292895,-5.0492897,-4.4892898,-3.8392897,-2.0592895,-2.6592896,-1.4092896,0.54071045,2.3007104,3.0007105,2.2207105,3.3407104,1.1707104,0.16071045,0.81071043,0.53071046,3.0107105,1.7107104,1.0707104,0.81071043,-0.90928954,0.03071045,0.26071045,0.23071045,0.090710446,-2.1892896,-1.3892895,-1.9492896,0.28071046
1.3307104,1.3607105,1.3007104,-4.1992893,-3.0492895,-4.3792896,-6.4592896,-3.4292896,-5.5392895,-4.9192896,-7.1992893,-5.3492894,-4.0892897,-4.9392896,-4.0392895,-3.0592895,-2.7292895,-1.3792895,-0.32928956,0.48071045,-0.48928955,-0.97928953,0.26071045,2.9207106,1.1007104,0.54071045,0.05071045,-0.7392895,1.9707104,0.66071045,1.1207105,-0.33928955,-1.8192896,-0.21928956,-0.39928955,1.0107105,0.52071047,0.20071045,0.56071043,4.3107104,2.2007105
0.06071045,-1.1892896,-3.9392896,-4.6692896,-4.9192896,-4.5592895,-2.9092896,-4.8292894,-5.0592895,-6.4392896,-5.6992893,-5.2892895,-5.0392895,-4.2592897,-3.9492896,-3.8092895,-2.9392896,-2.1592896,-2.2292895,-2.1792896,-1.7792896,-2.8292894,-3.0892897,-4.2592897,-3.9092896,-2.9992895,-2.1292896,-1.2992896,-5.6892896,-3.2092896,-0.78928953,-3.0792894,-3.5192895,-2.1692896,-2.1592896,-1.1692896,-0.28928956,1.5207105,-2.0992897,-2.8292894,-4.6792893
-2.6292896,-5.0792894,-5.3892894,-4.3192897,-4.4592896,-4.4392896,-5.1592894,-6.0792894,-5.1792893,-5.0492897,-4.9792895,-4.71929,-3.0692894,-3.1392896,-2.2892895,-2.8592896,-3.1692896,-3.0092895,-3.0792894,-3.3592896,-4.96929,-4.7492895,-4.5592895,-3.7892895,-3.7992895,-4.7992897,-6.4192896,-3.6992896,-3.1592896,-2.0792894,-0.94928956,0.93071043,2.1207104,2.3507104,-1.9292896,-2.6192896,-3.9192896,-4.7492895,-2.1892896,-1.3792895,-1.2392895
-5.1192894,-3.8592896,-4.2992897,-4.6792893,-4.8792896,-5.5992894,-5.5292897,-5.0092897,-4.5092897,-3.6092896,-2.8892896,-2.4792895,-2.9492896,-3.3392897,-2.9092896,-3.2592895,-3.0192895,-3.4192896,-3.4892895,-3.8992896,-4.5392895,-4.7592897,-4.71929,-4.1692896,-4.2992897,-5.0192895,-4.4792895,-3.4592896,-3.2492895,-3.0292895,-3.4992895,-2.6292896,-2.3192894,-1.7192895,-0.94928956,-3.0392895,0.34071046,-2.2892895,-3.2892895,-3.8592896,-3.6092896
-1.8892895,-2.3292894,-3.0192895,-3.0292895,-3.8092895,-3.4692895,-3.8692896,-3.3392897,-2.8792896,-2.3792896,-2.4592896,-1.7992896,-1.5892895,-1.8092896,-1.9092896,-2.6292896,-3.2892895,-3.5792894,-3.3292894,-4.6392894,-5.1192894,-4.21929,-3.6092896,-3.5092895,-3.9892895,-4.1792893,-4.2592897,-3.4492896,-3.5492895,-3.3792896,-3.3992896,-4.1292896,-3.7692895,-3.7792895,-4.5192895,-1.9692895,-0.8092896,-0.40928954,-1.0092895,1.4307104,-0.39928955
0.21071045,-0.28928956,-0.26928955,-0.37928954,-0.17928955,-0.47928956,-0.7492896,-0.33928955,0.07071045,0.84071046,0.6407105,1.3507104,0.85071045,0.14071044,0.38071045,-0.40928954,-1.9992895,-2.9692895,-3.3792896,-3.8592896,-3.9492896,-3.6292896,-3.5092895,-2.9392896,-2.1492896,-1.6492896,-3.0192895,-2.5092895,-3.6292896,-2.3792896,-3.1392896,-1.5792896,-1.0792896,-2.2492895,-1.2892896,-3.2392895,-0.26928955,-1.4792895,-1.9592896,0.03071045,0.9507105
2.3907104,2.6507103,2.6407104,2.7507105,3.0007105,2.6307104,2.6807106,2.8707104,3.0107105,3.3107104,2.7607105,2.3007104,3.1007104,2.4907105,1.3207104,1.2607105,1.2607105,1.1007104,-0.46928954,-1.3092896,-2.4492896,-2.1192896,-2.1192896,-2.5292895,-2.6392896,-1.6192895,-0.5592896,-0.34928954,-1.1992896,-0.83928955,-0.95928955,-0.78928953,-1.8892895,-1.0192895,-1.6792896,-0.95928955,-2.3192894,-0.06928955,-1.0292896,-0.44928956,-0.019289551
2.8607104,3.8107104,3.8907104,3.8507104,4.4507103,4.2007103,4.8707104,3.7407105,3.5207105,3.9207106,4.2507105,3.5107105,3.3407104,2.9907105,3.5607104,3.3007104,2.5607104,3.0507104,2.7307105,2.0907104,2.0407104,0.39071044,0.21071045,-0.15928955,-0.51928955,-1.0692896,-0.90928954,-0.43928954,-0.81928957,-0.08928955,0.5007104,0.77071047,0.04071045,0.10071045,-0.27928954,-1.3192896,-0.26928955,-0.39928955,1.2507105,0.08071045,-0.78928953
3.4307106,3.4007103,2.9507105,2.7207105,3.1307104,3.1307104,3.9107103,4.1007104,3.7307105,4.0507107,4.3407106,5.3107104,5.4107103,4.6307106,4.0107102,4.4107103,5.0507107,5.7207103,3.0407104,3.2907104,3.1607103,3.0307105,2.8507104,1.9907105,1.9507104,2.3307104,2.4707105,1.6607105,1.5807104,1.1207105,0.87071043,-0.52928954,-0.06928955,0.30071044,0.49071044,0.54071045,0.56071043,0.5107105,0.19071046,-0.23928955,0.8207104
4.0607104,4.4907103,4.9407105,4.6907105,5.0607104,4.1007104,3.8007104,4.28071,4.5507107,4.7007103,4.4407105,4.9507103,4.53071,5.0907106,5.6207104,5.1907105,5.1307106,5.7607102,4.2907104,4.8807106,4.2207103,4.1907105,3.1607103,4.0807104,4.3007107,3.9307106,3.9407105,4.0907106,3.7507105,2.9707105,2.3207104,1.6607105,1.3607105,1.4007105,1.2107104,1.5607104,1.5807104,0.55071044,0.14071044,0.02071045,-0.21928956
3.9407105,4.7907104,4.53071,4.6407104,4.3807106,3.8307104,4.6307106,4.9407105,5.9007106,4.1007104,3.3307104,5.5607104,5.0607104,5.4707103,5.2307105,5.2207103,5.2007103,5.0407104,4.1907105,5.2307105,5.0207105,5.3607106,5.03071,4.5607104,5.78071,5.2907104,5.6007104,4.8307104,4.6607103,4.4407105,4.1907105,3.7707105,3.1607103,2.5907104,2.4807105,2.4907105,2.4407105,0.9507105,1.3507104,0.98071045,0.46071044
6.0407104,5.5807104,4.8407106,5.3207107,4.6307106,4.9907103,5.0207105,5.2407103,4.9107103,3.9807105,2.8107104,4.1707106,6.1007104,6.6307106,6.1907105,5.8507104,5.6407104,5.7707105,5.2707105,5.4807105,5.7907104,5.2907104,7.5707107,7.3707104,6.7107105,4.1807103,4.5707107,4.6107106,5.1007104,4.9607105,4.9707103,4.5807104,4.2507105,4.1607103,3.6207104,3.1907105,2.4507105,2.4507105,1.6507105,1.9307104,0.26071045
5.1407104,6.4407105,5.8207107,4.9907103,4.6207104,5.0607104,5.6507106,5.2007103,5.6707106,4.3207107,2.1107104,5.3507104,4.4207106,3.9607105,4.9307103,4.7007103,4.9507103,5.3107104,3.1107104,4.7607102,5.1107106,6.5507107,6.4207106,5.5707107,6.7207103,5.8507104,5.7907104,4.9507103,5.28071,5.6307106,5.7007103,5.4407105,5.2307105,4.8907104,4.7607102,4.9207106,3.7907104,4.3407106,4.3107104,3.1807106,0.5707104
