wind_kz.json
{"header": {"discipline":0,"disciplineName":"Meteorological products","gribEdition":2,"gribLength":1025,"center":7,"centerName":"US National Weather Service - NCEP(WMC)","subcenter":0,"refTime":"2024-04-08T00:00:00.000Z","significanceOfRT":1,"significanceOfRTName":"Start of forecast","productStatus":0,"productStatusName":"Operational products","productType":1,"productTypeName":"Forecast products","productDefinitionTemplate":0,"productDefinitionTemplateName":"Analysis/forecast at horizontal level/layer at a point in time","parameterCategory":2,"parameterCategoryName":"UnknownDiscipline_0_Category_2","parameterNumber":3,"parameterNumberName":"UnknownParameter_D0_C2_3","parameterUnit":"Unknown","genProcessType":2,"genProcessTypeName":"Forecast","forecastTime":300,"surface1Type":103,"surface1TypeName":"Specified height level above ground","surface1Value":10.0,"surface2Type":255,"surface2TypeName":"Missing","surface2Value":0.0,"gridDefinitionTemplate":0,"gridDefinitionTemplateName":"Latitude_Longitude","numberPoints":615,"shape":6,"shapeName":"Earth spherical with radius of 6,371,229.0 m","gridUnits":"degrees","resolution":48,"winds":"true","scanMode":64,"nx":41,"ny":15,"basicAngle":0,"lo1":47.0,"la1":41.0,"lo2":87.0,"la2":55.0,"dx":1.0,"dy":1.0}, "data":
[rows 0 to 14 of 15, columns 0 to 40 of 41]
3.2544825,1.5144824,-2.8055177,-6.3255177,-5.7955174,-3.1355176,0.21448243,2.5844824,-0.08551758,-0.37551758,-3.0855176,-3.3455176,-2.4955175,-2.6255176,-1.3755176,-3.6055176,-1.5255176,-0.61551756,-1.6955175,-2.8655176,-3.8355176,-2.5655177,-3.4255176,1.4944824,2.9944825,1.2844825,3.1444824,0.6744824,-1.4155176,1.9344825,1.2344824,0.30448243,0.7344824,4.2144823,1.6644825,0.69448245,-0.18551758,-0.73551756,-0.25551757,1.0344825,0.20448242
4.4744825,-1.7555176,-4.8455176,-5.1155176,-4.6155176,-2.9355175,2.9244823,0.49448243,-0.73551756,-2.4455175,-1.5955176,-1.5855175,-3.2855177,-3.4455175,-4.3255177,-3.5455177,-0.8155176,-0.7655176,-1.2055175,-2.6655176,-2.9455175,-2.7455175,-1.8355175,-0.79551756,0.114482425,-2.3855176,-4.4955177,0.76448244,-2.3155177,-1.5455176,-0.5055176,-0.7555176,-2.0555177,-2.6955175,-3.8455176,3.7144823,1.6544824,3.0744824,1.1944824,1.8444824,1.8044825
-0.6955176,-3.8555176,-4.7155175,-4.5655174,-2.5155175,3.5144825,1.3144825,0.034482423,0.81448245,0.13448243,-0.67551756,-2.1155176,-4.8955173,-4.0755177,-2.7655175,-4.0755177,-3.5355177,-1.0555176,-1.7255176,-2.2455175,-1.1055176,-1.6655176,-5.415518,-2.0255175,-1.0055176,-1.0255176,-0.18551758,-1.2855176,1.9644824,-1.7855176,-1.7455176,-1.8755176,-2.9555175,1.9144825,-0.28551757,-1.1755176,-2.3255177,-3.8855176,-1.6355176,-2.6555176,-3.5855176
-3.3055177,-4.3355174,-4.2655177,-4.0655174,-0.3355176,2.1044824,1.8844824,1.4444824,1.8244824,1.0844824,-0.6955176,-2.8655176,-5.5155177,-6.665518,-1.7755176,-3.0555177,-4.2755175,-2.8155177,-2.2755175,-3.1455176,-1.6055176,-1.9155176,0.69448245,-0.7655176,-1.2455176,-2.6755176,-2.3555176,-2.0455177,-3.4555175,-4.5755177,-5.9955177,-2.7155175,1.9744824,-0.37551758,-0.98551756,-3.3955176,-5.6455173,-2.3855176,-2.5755177,-3.5355177,-5.9955177
-3.7555175,-4.0455174,-2.8255177,-3.5155175,-3.6055176,2.9844825,2.4244823,1.9844824,1.7644824,1.6244824,0.89448243,-0.85551757,-4.1355176,-5.8755174,-1.4955176,-2.9855175,-2.6255176,-2.0255175,-1.5255176,-1.1155176,0.034482423,0.95448244,-0.41551757,-1.1355176,-1.3755176,-2.6655176,-4.915518,-3.4455175,-4.7555175,-7.1355176,-8.085518,-8.225517,-3.8755176,-1.5255176,1.0644825,1.7844825,-4.8955173,1.2844825,-0.8355176,-1.6955175,-7.9455175
-4.5855174,-2.9555175,0.04448242,-0.5755176,-0.4555176,-0.10551758,3.6144824,3.4144824,2.8844824,2.5444825,2.5044825,0.2944824,-1.9355175,-5.435518,-3.6755176,-2.2755175,-1.7355176,-1.2755176,-0.6355176,0.5344824,0.3544824,0.7944824,1.9044824,2.0644825,0.9844824,-0.66551757,-3.3955176,-5.5955176,-4.0655174,-5.7755175,-6.5055175,-9.055517,-8.555517,-3.7755175,-0.28551757,-2.5855176,-1.9955176,-2.9355175,-0.55551755,1.6344824,-11.195518
-3.8655176,-1.3655176,4.1744823,5.5544825,4.3944826,5.5044823,4.1044827,2.9044824,2.2944825,1.9044824,0.6544824,-0.4255176,-1.3455176,-1.9155176,-2.5955176,-2.0355177,-1.7755176,-1.2255176,-0.27551758,-0.04551758,-0.5355176,0.024482422,0.9744824,1.0944824,1.0144824,-0.055517577,-2.0955176,-3.9155176,-5.3355174,-6.185518,-8.155518,-10.905518,-10.465518,-10.945518,1.3744824,-6.4955177,-7.9755177,-5.8955173,-4.5455174,-3.0355177,-8.455518
-2.6955175,-1.1855175,6.9444823,7.1344824,6.0944824,4.9044824,4.4944825,3.6744823,3.0144825,1.7644824,0.47448242,-0.41551757,-1.7155175,-2.2355175,-2.3055177,-2.2655175,-2.2855177,-1.5355176,0.57448244,1.6544824,0.76448244,-0.5955176,-1.2055175,-0.005517578,0.12448242,-0.21551758,-0.5655176,-1.8955176,-4.165518,-6.7355175,-8.135517,-7.9455175,-8.915518,-10.825518,-5.8255177,-1.2955176,-3.9555175,-2.9155176,2.6044824,-0.98551756,-5.0255175
0.7344824,1.9444824,7.9344826,6.6544824,6.3944826,5.2644825,4.4144826,3.5244825,2.9844825,2.3144825,0.8544824,-0.095517576,-1.0955176,-1.7655176,-1.8155175,-1.9055176,-2.1755176,-1.3955176,-0.025517577,1.0444825,1.2244824,0.09448242,-0.47551757,-1.0555176,-1.2455176,-1.6755176,-1.7855176,-2.6755176,-3.7555175,-5.1155176,-6.9755177,-8.515517,-8.375518,-9.255518,-8.055517,-4.6555176,-4.3255177,-5.9655175,-6.8755174,-3.5055175,-3.6955175
-1.3655176,0.94448245,7.0144825,7.0744824,5.9344826,5.4344826,5.2044826,4.3444824,3.7544825,2.5544825,2.1344824,1.1044824,0.09448242,-0.5355176,-1.2755176,-1.8155175,-1.8255175,-1.2955176,-0.54551756,-0.055517577,0.34448242,0.27448243,0.10448242,-0.8255176,-1.1955175,-1.1355176,-1.9955176,-1.8655176,-2.5555177,-3.9855175,-4.8455176,-5.9955177,-7.165518,-8.495518,-9.065517,-6.2855177,-3.2255175,-3.1255176,-4.9055176,-3.7255175,-3.5255175
-0.5655176,3.7244825,7.0244823,6.8944826,5.9944825,6.0144825,5.4044824,4.6344824,3.6944823,2.9344823,2.6344824,1.5744824,1.4544824,0.5444824,-0.41551757,-1.2055175,-0.86551756,-0.99551755,-0.35551757,0.04448242,0.31448242,0.19448242,-0.035517577,-0.61551756,-0.93551755,-0.6455176,-0.7055176,-1.5055176,-2.1955175,-2.7455175,-3.8055177,-5.1055174,-4.7655177,-5.9255176,-6.7955174,-7.705518,-3.7655175,-0.9555176,-4.8355174,-3.0655177,-2.9455175
4.3844824,3.6444824,5.4644823,6.1944823,5.7244825,5.6744823,6.1544824,5.4144826,4.3944826,4.1744823,3.5444825,2.7244825,1.9844824,0.7344824,0.04448242,-0.2655176,-0.035517577,0.12448242,0.63448244,0.69448245,0.6544824,0.47448242,-0.10551758,-0.3655176,-0.5155176,-0.8355176,-0.74551755,-0.98551756,-1.6055176,-2.3355176,-3.0755177,-3.7855177,-3.6355176,-3.8555176,-3.4355175,-4.7155175,-3.2655175,-2.5255175,-2.3655176,-2.0855176,0.23448242
6.1944823,7.334482,6.2044826,5.2844825,5.7444825,4.4944825,6.7344823,7.0044823,6.8744826,5.1844826,2.9344823,2.9944825,2.7044823,1.7544824,0.76448244,0.49448243,0.69448245,1.2544824,1.2344824,1.5144824,1.0744824,1.0844824,0.8544824,1.2544824,0.9144824,0.49448243,0.39448243,-0.5055176,-0.9055176,-1.3255175,-1.9655175,-2.4555175,-1.8455176,-2.9455175,-2.6455176,-2.9955175,-3.3755176,-2.3955176,-3.1055176,-3.1255176,-3.0355177
6.5944824,7.4444823,5.5144825,6.334482,6.3244824,6.794482,7.3044825,7.0144825,5.6544824,5.6244826,3.5744824,2.8444824,3.8244824,3.1444824,2.4744825,2.2844825,1.5644825,1.2344824,1.4344825,1.2644824,1.1744825,1.1744825,1.1744825,1.4744824,1.2844825,1.1844825,0.8744824,0.17448242,-0.14551757,-0.73551756,-1.2055175,-1.5555176,-1.5055176,-2.0055175,-2.9455175,-2.4555175,-2.0955176,-2.2355175,-2.2655175,-1.8955176,-2.3155177
3.8744824,7.5244823,5.6344824,6.2144823,6.6944823,6.1544824,7.6744823,7.084482,6.1844826,4.8744826,2.6244824,6.4444823,4.4744825,3.9144824,4.4244823,3.5944824,2.9044824,2.4344823,2.0744824,2.2244825,2.2044823,2.3144825,2.1544824,1.9444824,1.9544824,1.5444825,1.3144825,1.0844824,1.2244824,1.8744824,2.1044824,0.15448242,-0.6955176,-0.5355176,-0.7055176,-1.3555176,-1.7055175,-2.0055175,-2.2055175,-2.0755177,-1.6955175
