wind_kz.json
{"header": {"discipline":0,"disciplineName":"Meteorological products","gribEdition":2,"gribLength":1025,"center":7,"centerName":"US National Weather Service - NCEP(WMC)","subcenter":0,"refTime":"2023-10-04T18:00:00.000Z","significanceOfRT":1,"significanceOfRTName":"Start of forecast","productStatus":0,"productStatusName":"Operational products","productType":1,"productTypeName":"Forecast products","productDefinitionTemplate":0,"productDefinitionTemplateName":"Analysis/forecast at horizontal level/layer at a point in time","parameterCategory":2,"parameterCategoryName":"UnknownDiscipline_0_Category_2","parameterNumber":2,"parameterNumberName":"UnknownParameter_D0_C2_2","parameterUnit":"Unknown","genProcessType":2,"genProcessTypeName":"Forecast","forecastTime":240,"surface1Type":103,"surface1TypeName":"Specified height level above ground","surface1Value":10.0,"surface2Type":255,"surface2TypeName":"Missing","surface2Value":0.0,"gridDefinitionTemplate":0,"gridDefinitionTemplateName":"Latitude_Longitude","numberPoints":615,"shape":6,"shapeName":"Earth spherical with radius of 6,371,229.0 m","gridUnits":"degrees","resolution":48,"winds":"true","scanMode":64,"nx":41,"ny":15,"basicAngle":0,"lo1":47.0,"la1":41.0,"lo2":87.0,"la2":55.0,"dx":1.0,"dy":1.0}, "data":
[rows 0 to 14 of 15, columns 0 to 40 of 41]
-2.1886182,-0.77861816,0.8713818,0.8813818,-0.29861817,-4.938618,-6.308618,-5.888618,-6.0486183,-3.9786181,-3.778618,-3.0986183,-3.538618,-2.3486183,-1.3386182,-1.5686182,-1.6486182,-1.7886182,-3.3786182,-3.048618,-1.3586181,-0.07861816,-0.38861817,-1.2286181,-0.72861814,-1.8786181,-2.5986183,-0.15861817,1.1013818,1.0113819,1.0013819,1.9413818,0.44138184,1.5613818,1.4513818,2.5213819,1.7913818,-0.98861814,-1.9986181,-2.1886182,-3.508618
1.3013818,1.1313819,-0.46861815,-2.1686182,-2.9886181,-6.348618,-4.7186184,-5.478618,-4.438618,-3.4786181,-2.8986182,-4.498618,-3.6586182,-2.9786181,-1.9486182,-2.8386183,-1.9186182,-3.028618,-1.3986182,-0.89861816,-1.1786182,-0.40861815,-0.39861816,-2.1886182,-0.49861816,1.1713818,0.061381835,0.30138183,-1.4086182,-0.33861816,-0.25861818,0.35138184,0.29138184,-3.2386181,0.45138183,0.121381834,-0.46861815,1.0013819,-0.6386182,0.30138183,-6.178618
0.27138183,-1.6186181,-2.768618,-2.6686182,-3.058618,-4.788618,-4.518618,-2.7286181,-3.548618,-3.7286181,-3.5986183,-4.2786183,-3.6686182,-2.6686182,-3.1786182,-3.2286181,-3.2386181,-2.318618,-1.1986182,-1.0286182,-0.44861817,-3.2486181,-3.7386181,-3.3386183,-0.17861816,-2.268618,-1.9786181,-0.7586182,-2.1186182,-0.39861816,-0.7586182,2.1413817,0.25138184,-0.27861816,-1.2186182,-0.8886182,0.6113818,-0.25861818,3.6213818,4.291382,2.741382
-1.7986182,-2.508618,-2.1586182,-1.2286181,-0.32861817,-3.008618,-1.5786182,-2.2386181,-2.5886183,-2.058618,-3.1586182,-3.4586182,-3.558618,-3.278618,-2.9386182,-2.6586182,-2.8386183,-2.568618,-1.6186181,-0.9386182,-3.258618,-2.4086182,-1.9286182,-4.0086184,-4.1286182,-3.6886182,-3.058618,-6.168618,-2.7486181,-1.7486181,-0.5586182,-1.7886182,-1.8886181,-1.6686182,-1.0986181,-1.8786181,-1.4686182,2.681382,0.37138185,0.8813818,0.061381835
-1.8086182,-1.5486182,-0.83861816,1.1113819,-0.23861817,-2.4286182,-0.06861816,-0.40861815,-1.5086181,-0.79861814,-0.85861814,-0.64861816,-0.8086182,-1.0286182,-0.16861816,0.19138184,-1.8586181,-2.1886182,-1.9886181,-2.3486183,-3.758618,-4.0086184,-3.8386183,-4.158618,-4.058618,-3.828618,-4.938618,-3.9586182,-3.7286181,-3.568618,-3.068618,-1.4786181,-1.9286182,1.3113818,-0.46861815,-0.44861817,2.2513819,-4.5486183,-1.9786181,-1.6486182,0.35138184
-0.45861816,0.22138184,1.3313818,1.9513818,1.7413819,-0.5086182,0.59138185,-1.2386181,-1.1486182,0.5613818,0.26138183,-0.41861817,1.7913818,2.5313818,2.5913818,1.4713818,0.59138185,0.40138185,-1.4286182,-1.0486182,-2.5886183,-2.3886182,-2.1686182,-2.788618,-3.008618,-3.4486182,-2.3586183,-3.6986182,-3.1086183,-2.9186182,-2.8786182,-2.6086183,-3.318618,-2.8386183,-1.8086182,-0.5586182,0.65138185,0.76138186,-0.71861815,-3.4286182,-3.5986183
0.76138186,1.8613819,1.2613819,1.8713819,2.3913817,2.0813818,2.201382,1.9713818,0.92138183,1.8113818,2.0413818,1.3613819,1.7113818,2.451382,2.9113817,3.2913818,2.8713818,2.461382,1.3613819,1.6313819,1.5313818,1.6313819,1.0813818,0.71138185,0.6313818,-0.098618165,0.6913818,0.6913818,0.17138183,-0.45861816,0.07138184,-0.19861816,-0.35861817,-1.3686181,-1.9386182,-1.6686182,-0.70861816,0.9313818,0.54138184,2.4113817,1.9013819
2.0213819,1.7013818,2.941382,2.1613817,1.6513819,2.241382,2.8113818,2.3213818,2.461382,2.1413817,2.1013818,2.7813818,3.241382,3.2613819,3.3813818,3.191382,3.0013819,2.8913817,2.5513818,2.5613818,3.4113817,3.1413817,3.0813818,2.5113819,2.481382,1.4313818,2.8713818,2.3313818,2.981382,2.741382,2.191382,2.7713819,0.92138183,2.2813818,0.66138184,0.95138186,-0.54861814,0.90138185,2.8913817,3.5013819,0.6913818
0.8013818,2.5113819,2.9113817,2.4113817,2.221382,2.3513818,2.0513818,1.9513818,1.6413819,2.1413817,2.8513818,2.681382,3.7713819,3.441382,3.5913818,3.3213818,3.5313818,3.3413818,3.1213818,2.961382,3.3013818,3.971382,3.741382,3.5413818,2.8713818,2.8113818,2.7913818,2.231382,2.7513819,2.8913817,3.6213818,2.8713818,6.631382,1.7413819,2.5613818,-0.49861816,-0.97861814,-1.6486182,-0.06861816,1.0213819,-1.2986182
1.2813818,1.8713819,0.41138184,1.7613819,2.3113818,2.221382,1.4913819,0.70138186,1.7413819,2.671382,1.8213818,2.5013819,2.5413818,2.421382,2.5713818,2.721382,2.731382,2.451382,3.2713819,4.0313816,5.6813817,5.9113817,5.351382,4.8913817,4.6413817,3.5313818,4.2013817,5.2813816,5.191382,6.381382,4.7413816,4.841382,4.4513817,3.451382,0.67138183,-1.7086182,-2.6786182,-1.0086181,-0.40861815,0.8213818,-0.82861817
2.1413817,2.191382,1.0513818,1.4713818,1.1113819,1.3013818,1.6313819,1.9613818,2.221382,2.2713819,4.041382,4.611382,3.181382,3.8513818,4.501382,4.671382,5.271382,5.4513817,3.8713818,4.691382,5.711382,5.461382,3.701382,4.2413816,5.7413816,6.1613817,6.691382,6.601382,6.6813817,8.161382,5.801382,5.3913817,3.941382,2.5613818,0.83138186,-1.7986182,-1.6186181,1.2813818,-0.95861816,1.0213819,-0.71861815
0.5613818,1.4913819,1.3813819,1.3013818,1.3513818,0.5613818,0.6913818,0.91138184,1.1613818,1.3813819,1.3413818,1.7213818,2.1313818,3.5413818,3.7713819,3.8213818,4.4913816,4.401382,3.1113818,4.361382,4.2013817,5.061382,4.551382,4.631382,4.921382,5.831382,6.591382,6.841382,6.651382,4.671382,4.311382,5.921382,5.551382,3.5613818,2.0913818,4.001382,4.051382,2.1613817,-0.018618165,0.031381834,-0.8686182
1.2713819,1.7713819,1.4613818,0.9913818,0.8813818,0.6813818,1.1413819,1.3113818,1.7613819,0.9913818,0.5513818,2.0413818,2.461382,3.3413818,3.7513819,3.731382,3.7813818,3.7713819,4.001382,3.491382,3.2513819,3.0213819,3.2913818,4.271382,4.481382,5.9513817,6.421382,6.601382,6.501382,6.331382,5.671382,5.561382,6.2413816,5.4713817,4.251382,5.481382,6.061382,4.021382,5.541382,0.47138184,-0.08861817
1.4313818,1.7813818,2.6513817,1.8213818,1.0613818,1.5613818,1.8513818,2.241382,1.5913818,2.731382,0.91138184,1.3613819,2.231382,4.461382,4.151382,3.991382,3.5713818,2.8713818,3.0513818,3.3413818,4.091382,3.6313818,3.8513818,4.811382,3.8513818,3.7613819,4.0113816,3.711382,4.5313816,6.9913816,7.571382,6.1413817,6.6213818,6.831382,5.881382,5.341382,4.3913817,5.271382,4.481382,4.1813817,4.5113816
1.0313818,1.5513818,3.1513817,2.0313818,2.421382,2.3313818,2.9013817,2.421382,2.8013818,2.3113818,1.2113818,2.1513817,3.3413818,2.3313818,4.601382,4.7613816,5.581382,5.0313816,5.001382,5.501382,4.8713818,4.101382,4.821382,5.821382,5.3713818,5.021382,5.551382,5.841382,5.7413816,6.591382,6.651382,9.801382,7.1813817,7.0113816,7.301382,7.001382,5.7813816,6.631382,5.7213817,5.6813817,2.1013818
