wind_kz.json
{"header": {"discipline":0,"disciplineName":"Meteorological products","gribEdition":2,"gribLength":1102,"center":7,"centerName":"US National Weather Service - NCEP(WMC)","subcenter":0,"refTime":"2023-10-04T00:00:00.000Z","significanceOfRT":1,"significanceOfRTName":"Start of forecast","productStatus":0,"productStatusName":"Operational products","productType":1,"productTypeName":"Forecast products","productDefinitionTemplate":0,"productDefinitionTemplateName":"Analysis/forecast at horizontal level/layer at a point in time","parameterCategory":2,"parameterCategoryName":"UnknownDiscipline_0_Category_2","parameterNumber":2,"parameterNumberName":"UnknownParameter_D0_C2_2","parameterUnit":"Unknown","genProcessType":2,"genProcessTypeName":"Forecast","forecastTime":240,"surface1Type":103,"surface1TypeName":"Specified height level above ground","surface1Value":10.0,"surface2Type":255,"surface2TypeName":"Missing","surface2Value":0.0,"gridDefinitionTemplate":0,"gridDefinitionTemplateName":"Latitude_Longitude","numberPoints":615,"shape":6,"shapeName":"Earth spherical with radius of 6,371,229.0 m","gridUnits":"degrees","resolution":48,"winds":"true","scanMode":64,"nx":41,"ny":15,"basicAngle":0,"lo1":47.0,"la1":41.0,"lo2":87.0,"la2":55.0,"dx":1.0,"dy":1.0}, "data":
[rows 0 to 14 of 15, columns 0 to 40 of 41]
0.48515624,-0.96484375,2.7351563,-2.3948438,-4.3548436,-6.594844,-5.6248436,-6.9848437,-7.5048437,-4.5448437,-4.5648437,-4.284844,-4.0848436,-3.7748437,-3.7448437,-3.3948438,-2.6448438,-2.7648437,-2.7848437,-2.2348437,-1.5048437,-0.47484374,0.8251563,-0.16484375,-2.3348436,-0.27484375,0.29515624,0.27515626,-0.71484375,0.8751562,1.9551562,1.8451562,0.72515625,1.0651562,-2.7548437,-3.0048437,0.23515625,-2.8848438,0.65515625,-1.9048438,-3.3548439
2.6151562,1.1951562,-9.514844,-7.9848437,-7.4548435,-8.054844,-5.174844,-5.944844,-5.0448437,-4.3948436,-4.1648436,-4.3948436,-3.6648438,-3.4248438,-2.8448439,-3.4848437,-2.5948439,-2.8348436,-2.7048438,-1.9648438,-3.0748436,-1.6448437,-1.4848437,-0.91484374,-0.14484376,-0.46484375,-0.91484374,0.8151562,-0.66484374,0.44515625,0.86515623,-0.00484375,-0.66484374,-2.1048439,0.72515625,0.6351563,-0.91484374,0.24515624,-0.60484374,-0.41484374,-4.134844
-0.35484374,-10.304844,-9.984844,-9.054844,-7.844844,-6.0448437,-4.8148437,-3.5648437,-4.6848435,-3.9648438,-3.6348438,-3.6648438,-3.2748437,-3.3848438,-3.1648438,-2.8748438,-2.9448438,-2.1548438,-1.9548438,-1.8348438,0.40515625,0.6351563,-4.194844,-3.6048439,-0.51484376,-1.0948437,-1.0648438,-0.08484375,1.0151563,-0.57484376,-0.18484375,-0.7448437,-0.27484375,1.0151563,-1.7148438,-0.58484375,0.64515626,-0.26484376,5.615156,3.2951562,1.2451563
-6.9548435,-9.014844,-8.654843,-8.194843,-6.9648438,-4.674844,-3.1048439,-3.1848438,-2.9448438,-3.2248437,-2.0748436,-1.4848437,-0.91484374,-1.3348438,-1.7348437,-1.5448438,-0.9348438,-0.41484374,-0.95484376,-1.2748437,-1.1248437,-2.3048437,-0.34484375,-2.5848436,-1.7248437,-0.76484376,-1.3448437,-0.9948437,-0.94484377,0.08515625,0.91515625,0.6251562,3.1751564,5.365156,1.4851563,1.6151563,1.1551563,1.9651562,-0.79484373,-2.2048438,0.36515626
-6.9648438,-7.5848436,-7.7048435,-5.2748437,-4.5248437,-3.8148437,-2.2848437,-1.2448437,-1.1448437,-0.09484375,0.58515626,2.4151564,3.1451561,2.6051562,2.1751564,1.3051562,1.6551563,1.4151562,1.4651562,0.80515623,-0.43484375,-1.0648438,-1.0048437,-1.1248437,-1.3448437,-1.2748437,-0.97484374,1.5051563,1.1951562,1.0951562,1.1051563,0.31515625,-0.9948437,1.4751563,-1.2948438,-2.7448437,7.6251564,-2.4448438,-0.09484375,5.1051564,1.1751562
-4.154844,-3.2948437,-4.7948437,-4.224844,-3.2448437,-2.1248438,-1.3148438,0.02515625,-0.04484375,1.4251562,1.7051562,2.3951561,3.2251563,4.7451563,5.005156,3.4851563,3.4051561,3.1851563,3.1551561,2.7451563,2.8451562,2.7551563,2.7551563,2.6251562,2.4551563,2.4751563,3.0251563,3.5751562,2.3951561,3.1651564,2.9151564,2.9951563,2.7251563,2.2151563,1.7351563,-2.1248438,2.7851562,6.075156,11.645156,9.735156,-5.7148438
-3.4248438,-2.9948437,-3.0948439,-2.8048437,-2.2148438,-1.1348437,-0.23484375,0.47515625,1.2051562,2.5551562,3.0151563,3.0451562,3.4851563,4.0651565,4.2851562,4.255156,4.1451564,4.3951564,3.8251562,3.7751563,4.255156,3.9351563,3.5051563,3.4151564,4.0851564,3.7351563,4.8951564,4.655156,3.9951563,3.4251564,3.1551561,3.5851562,3.3951561,1.8251562,0.53515625,0.46515626,-1.4348438,-0.40484375,1.0151563,0.08515625,6.695156
-0.77484375,-0.18484375,0.24515624,0.8751562,1.2651563,1.9151562,2.1851563,2.1151562,2.8951561,3.1851563,3.4551563,4.325156,4.7851562,5.2451563,5.6451564,6.115156,5.3551564,5.2051563,4.7451563,4.7051563,7.2851562,6.2951565,6.1651564,5.0151563,5.9351563,5.7251563,7.305156,4.845156,7.3151565,6.1251564,6.1651564,6.2851562,2.9251564,2.2451563,2.8851562,4.115156,-1.5948437,2.0151563,4.525156,10.065156,5.195156
1.0451562,1.7951562,2.2651563,2.4051561,2.9051561,3.2951562,3.0051563,3.1851563,3.4051561,4.845156,5.1451564,5.615156,8.745156,6.5351562,7.695156,6.9951563,7.6051564,6.4951563,6.485156,6.1651564,8.125156,10.465157,8.645156,7.095156,7.405156,7.3151565,7.7251563,7.3551564,9.695156,7.825156,8.285156,7.8151565,10.355156,4.715156,4.215156,1.0051563,-1.2148438,-0.6848438,0.18515626,1.2151562,-0.78484374
2.1851563,2.9651563,3.5451562,3.8651562,4.255156,4.405156,4.4551563,4.9551563,5.655156,6.2251563,7.555156,7.925156,8.105156,8.785156,8.565156,8.325156,7.7451563,7.845156,7.8151565,8.285156,10.415156,11.575156,11.0051565,9.725156,8.935156,8.835156,9.465157,10.345157,10.385157,11.365156,10.035156,9.305157,5.7851562,6.1851563,2.5351562,-1.1648438,-2.7248437,-1.1548438,1.0051563,1.3751563,1.1651562
3.4051561,4.3951564,4.505156,4.945156,5.055156,4.8751564,5.985156,6.5451565,6.4351563,7.255156,7.7051563,8.925157,8.975156,9.325156,10.455156,9.645156,9.205156,9.7951565,8.0451565,9.765156,10.2951565,10.495156,11.385157,10.105156,10.055157,10.375156,11.215157,12.345157,11.995156,11.625156,9.525156,9.285156,4.6251564,4.055156,2.8051562,-0.78484374,-0.71484375,0.55515623,0.05515625,0.6351563,-0.38484374
3.4551563,4.505156,5.595156,4.8551564,6.325156,5.215156,5.6251564,6.1851563,6.8351564,6.195156,5.715156,9.875156,8.385157,9.445156,11.475156,9.805157,9.835156,11.035156,6.845156,9.585156,9.175157,10.235156,9.965157,10.265156,10.835156,11.705156,11.185156,12.2951565,12.285156,9.925157,8.725156,8.305157,5.215156,4.405156,2.7251563,3.9151564,4.9151564,1.1751562,-0.6848438,-1.0348438,-0.8648437
4.9551563,5.525156,4.6851563,5.965156,5.2651563,4.695156,5.615156,6.365156,8.335156,5.595156,4.6251564,7.885156,9.025156,8.595157,9.975156,9.475156,9.2551565,9.315156,9.865156,8.665156,8.935156,9.835156,9.675157,10.205156,11.345157,11.0051565,10.825156,10.455156,9.485156,8.055157,7.825156,7.7851562,4.905156,4.6251564,4.0851564,2.7151563,4.0151563,2.2651563,-0.06484375,-1.6448437,-1.4148438
5.3951564,5.8751564,4.4151564,5.945156,5.135156,5.4151564,5.7651563,6.525156,6.4951563,7.465156,4.0351562,6.1051564,9.695156,10.375156,9.435156,8.515156,8.7551565,9.235156,9.185156,9.865156,9.685156,9.495156,10.635157,10.485156,10.385157,9.825156,9.085156,8.595157,7.4551563,7.0851564,6.755156,5.155156,4.005156,3.8751562,2.1451561,1.5851562,2.0051563,2.7551563,0.29515624,0.5051563,-0.59484375
3.6551561,5.9751563,5.845156,4.9551563,5.715156,5.7051563,6.8551564,7.175156,7.325156,6.5451565,4.2651563,7.925156,7.7651563,7.345156,9.565156,9.285156,9.465157,9.885157,9.435156,9.465157,9.015156,8.915156,8.985156,9.155156,8.875156,8.715157,8.445156,7.7051563,7.055156,6.025156,6.3351564,4.755156,3.8351562,2.9851563,1.6651562,1.8151562,2.1051562,2.4951563,1.3251562,-0.39484376,-0.97484374
