wind.json
{"header": {"discipline":0,"disciplineName":"Meteorological products","gribEdition":2,"gribLength":1125,"center":7,"centerName":"US National Weather Service - NCEP(WMC)","subcenter":0,"refTime":"2023-06-30T12:00:00.000Z","significanceOfRT":1,"significanceOfRTName":"Start of forecast","productStatus":0,"productStatusName":"Operational products","productType":1,"productTypeName":"Forecast products","productDefinitionTemplate":0,"productDefinitionTemplateName":"Analysis/forecast at horizontal level/layer at a point in time","parameterCategory":2,"parameterCategoryName":"UnknownDiscipline_0_Category_2","parameterNumber":2,"parameterNumberName":"UnknownParameter_D0_C2_2","parameterUnit":"Unknown","genProcessType":2,"genProcessTypeName":"Forecast","forecastTime":60,"surface1Type":103,"surface1TypeName":"Specified height level above ground","surface1Value":10.0,"surface2Type":255,"surface2TypeName":"Missing","surface2Value":0.0,"gridDefinitionTemplate":0,"gridDefinitionTemplateName":"Latitude_Longitude","numberPoints":688,"shape":6,"shapeName":"Earth spherical with radius of 6,371,229.0 m","gridUnits":"degrees","resolution":48,"winds":"true","scanMode":64,"nx":43,"ny":16,"basicAngle":0,"lo1":45.0,"la1":40.0,"lo2":87.0,"la2":55.0,"dx":1.0,"dy":1.0}, "data":
[rows 0 to 15 of 16, columns 0 to 42 of 43]
-3.6527295,0.34727052,-0.022729492,-2.9027295,-1.4227295,0.11727051,-1.0927294,-1.1727295,-4.9927297,-4.6327295,-1.3527294,-2.6927295,-1.9127295,-1.4827294,-1.1227295,-2.2927294,-2.8027296,-2.1327295,-2.4227295,-2.2027295,-2.6327295,-1.1627295,-3.0527296,-0.11272949,5.3772707,2.0172706,-0.4527295,-0.5927295,0.3072705,1.5272706,0.5372705,0.2072705,-0.4527295,-0.57272947,-1.2527295,-2.5427294,-2.1127295,-1.5927294,-2.0027294,-2.2427294,-0.9427295,-0.8327295,-2.3827295
0.06727051,-2.8027296,-2.1327295,-1.3027295,1.5272706,-2.6727295,-2.2427294,-2.5327294,-2.6827295,-1.2227294,-2.8627295,0.3672705,1.3672705,1.5572705,1.1772705,-0.2827295,-1.5627295,-0.8627295,-1.5527295,-0.9827295,-1.7127295,1.4272705,4.4572706,3.4272704,3.3872705,-1.2927295,-1.4127295,-1.1827295,-3.1127295,0.6072705,2.1472704,-0.8727295,0.4672705,0.5672705,0.37727052,0.9672705,0.3572705,-1.6627295,0.3672705,-0.10272949,-2.8127296,-4.9327297,-4.0127296
-0.76272947,-1.4527295,1.5372705,1.5372705,-5.2327294,-3.4827294,-2.7827294,-2.0627296,-0.2327295,-1.4427295,0.09727051,-1.3327295,-0.05272949,-1.0627295,-0.5527295,0.1872705,4.2372704,1.0972705,1.1272705,1.0672705,0.54727054,2.4572706,4.2672706,3.1272705,2.3372705,-2.5727296,-0.49272949,-0.10272949,0.5972705,0.1872705,2.2072706,-0.7827295,0.13727051,-0.19272949,0.73727053,-3.1027296,0.11727051,-1.0827295,-1.5827295,-3.0927296,-1.1927295,0.4672705,-1.5127295
-0.24272949,-0.122729495,0.5072705,-2.9927294,-1.6227295,-0.6527295,-0.4727295,0.28727052,0.087270506,0.43727052,-0.8927295,0.3372705,1.0972705,1.8372705,1.7172705,1.8972706,2.5172706,3.9772706,2.4572706,3.5272706,3.1572704,3.8072705,4.9972706,4.1172705,1.0872705,0.3972705,0.4272705,2.1172705,1.2472705,-1.1127295,-3.5627296,-0.5027295,-0.82272947,2.6472704,-0.2127295,-0.7427295,0.5772705,-0.7427295,-0.51272947,0.40727052,-0.43272948,1.8572705,2.4872706
-0.9127295,-1.1827295,-2.0627296,-0.2827295,0.6572705,2.4972706,1.9172705,1.5072705,1.4272705,1.2472705,1.7572705,2.2772706,2.9872706,3.0872705,4.2372704,3.9672706,2.9572706,2.9172704,2.8372705,4.0072703,4.5772705,4.5172706,3.9372704,1.8972706,1.5672705,7.5572705,5.6972704,3.1772704,4.5472703,0.6572705,0.5972705,0.67727053,-1.0227295,-3.3427296,-3.7827294,-3.6727295,-3.0627296,-2.6827295,-1.9227295,2.0072706,1.7572705,-0.012729492,-1.0427295
-1.4427295,0.007270508,1.4172705,2.9472704,4.4272704,5.7672706,5.4372706,4.0872707,2.8772705,3.6172705,3.7772706,4.5172706,3.9872706,4.5372705,4.4772706,2.5872705,2.0672705,2.9472704,3.3572705,4.3972707,4.0672703,5.8772707,6.4172707,7.7972703,4.5272703,4.5472703,5.6372705,-0.76272947,-5.2227297,-4.2027297,-2.4327295,-4.6727295,-3.3627295,-2.5427294,-2.9727294,1.1272705,1.7572705,-1.2627295,-3.0327294,-3.8827295,-3.0127294,-3.7727294,-3.4927294
2.3472705,-0.11272949,3.0872705,2.8772705,6.7672706,8.717271,8.39727,9.287271,7.1572704,5.8772707,3.8772705,4.2572703,5.5772705,5.3072705,4.5272703,5.2272706,3.1472704,3.3272705,2.9572706,2.9272704,2.9272704,4.8772707,5.9472704,4.9072704,-2.8227296,-2.8127296,-1.7227294,-9.122729,-6.0727296,-6.5027294,-6.2527294,-5.5127296,-4.5427294,-3.3827295,-4.3727293,-2.9427295,-0.8327295,-2.3927295,0.07727051,-2.3727295,0.05727051,-2.4527295,-2.3227296
1.7772706,-1.5027295,-0.3327295,0.5272705,1.8272705,4.1272707,5.4372706,4.6672707,4.5272703,3.7372706,3.6772704,4.0672703,4.1272707,3.6772704,4.2572703,3.3172705,3.2072706,4.0872707,4.3072705,3.6572704,3.2072706,4.0272703,4.6372705,5.1072707,3.5272706,-4.5227294,-0.8627295,-8.542729,-6.2027297,-5.8527293,-5.4527297,-6.7127295,-7.0727296,-6.0127296,-1.7927295,-2.1227295,-2.6727295,-2.2527294,-1.2227294,1.5572705,-1.1927295,1.8172705,1.7472705
3.1072705,2.7172706,2.6572704,2.7872705,3.0472705,2.7172706,3.3172705,3.6472704,3.7672706,2.5872705,3.9272704,3.7172706,3.5472705,4.1472707,4.3172703,3.7572706,4.4172707,4.1672707,3.5572705,4.0172706,3.5672705,3.4872706,4.3072705,3.1772704,2.0472705,-4.5727296,-1.4427295,-4.5927296,-5.5427294,-6.0227294,-4.1127295,-3.5727296,-5.4927297,-2.9227295,-5.2627296,-1.7227294,-2.9027295,0.017270507,1.1072705,3.7372706,0.1572705,0.4872705,-0.6727295
3.6472704,3.1472704,3.0072706,3.7372706,3.5272706,3.5672705,3.6572704,3.8572705,3.5172706,3.3472705,3.9372704,4.0272703,4.5072703,4.0072703,5.3372707,4.2572703,4.5772705,5.6472707,4.9672704,4.4472704,4.4272704,4.4672704,4.7572703,2.0572705,0.1872705,-2.1927295,-1.8627295,-3.3427296,-4.3527293,-4.5727296,-1.4427295,-2.8227296,-3.3127296,-2.4127295,-1.3927295,-1.3827295,0.1472705,0.2772705,0.25727051,-2.5327294,-0.9327295,0.19727051,-1.2627295
2.8572705,2.7572706,2.9072704,3.4872706,3.4472704,3.3772705,3.4072704,3.4472704,3.7072706,3.7272706,3.9472704,3.9572706,4.5372705,4.2172704,3.4272704,4.7072706,5.0172706,4.8472705,4.2772703,5.2972703,5.3872705,5.3272705,5.9872704,5.9572706,0.43727052,-1.2227294,-1.8427294,-3.0627296,-1.9827294,-3.2927294,-2.4827294,-2.1427295,-2.1827295,-2.2527294,-2.6827295,-1.6327295,-0.9427295,-1.2127295,-1.2527295,-0.46272948,-2.5327294,-0.37272948,-0.31272948
1.5972705,3.0472705,3.1872704,3.5472705,3.4872706,3.4972706,3.5372705,3.2172706,3.7072706,3.4272704,3.5372705,3.8472705,3.5572705,3.2872705,2.7172706,3.8072705,4.7172704,4.0872707,5.0372705,4.8572707,4.4272704,3.8372705,-1.1627295,-4.8427296,-4.5727296,-3.6927295,-0.7827295,-3.0227294,-1.2927295,-1.3527294,-1.9527295,-2.5527296,-3.4027295,-3.5427294,-3.3427296,-2.4127295,-1.6827295,-1.4127295,-1.4327295,-1.1027294,-0.7227295,0.16727051,-0.3027295
3.0472705,1.9872705,2.3072705,3.2272706,3.6972704,3.4572706,3.4472704,3.3972704,2.8572705,2.5372705,3.0172706,2.3672705,0.9972705,2.8572705,3.0972705,3.4272704,4.5472703,4.2272706,4.5172706,4.1672707,2.5372705,-1.7327294,-3.3527296,-3.5027294,-4.2027297,-2.7327294,-2.8027296,-2.0027294,-3.7227294,-3.3627295,-4.2227297,-4.3027296,-3.0927296,-2.6227295,-1.9527295,-2.5527296,-2.1727295,-2.3827295,-1.9827294,-0.9227295,-0.06272949,-0.4227295,-0.5627295
2.9972706,2.9172704,2.3672705,2.7872705,3.3472705,3.2772706,2.9572706,2.0872705,2.7072706,2.6872704,1.9372705,-0.012729492,0.4672705,1.5672705,2.7772706,3.7572706,3.1072705,3.2772706,2.5572705,2.0572705,-1.0927294,-3.5227294,-1.8827295,-1.5927294,-1.2227294,-2.7327294,-3.0527296,-3.8527296,-3.8527296,-4.6127295,-3.7227294,-3.0527296,-2.5127294,-1.5527295,-1.4127295,-1.4327295,-0.5827295,-1.0427295,-1.3327295,-0.5527295,-1.2427295,-0.8527295,-0.9127295
3.2772706,1.8372705,3.3472705,2.7872705,3.3072705,3.3572705,2.6572704,2.1072705,1.4572705,1.5072705,1.2272705,0.8172705,-0.13272949,0.6272705,1.6772705,1.6772705,2.1672704,1.3172705,-0.8027295,-2.8827295,-2.5527296,-1.6027294,-3.8527296,-3.6327295,-4.6527295,-4.7627296,-3.9627295,-3.7627294,-4.0327296,-3.2627294,-2.7627294,-2.1927295,-1.3627295,-1.0627295,-0.7227295,0.6272705,0.6072705,-0.76272947,-1.2727295,-1.7327294,-1.0627295,-0.9027295,-1.4827294
2.6472704,1.9772705,1.5072705,3.2872705,4.6272707,3.4872706,3.2072706,2.1472704,2.9772706,1.9572705,2.0672705,0.5572705,-0.5327295,-0.2527295,0.5972705,1.1272705,1.6472706,-0.3927295,-0.8527295,-3.5627296,-2.7727294,-4.3327293,-4.1327295,-3.2927294,-3.5827296,-3.3027296,-3.3627295,-3.1027296,-2.9427295,-2.4427295,-1.8227295,-0.6027295,-0.4827295,0.2772705,1.2172705,1.5872705,-0.2527295,-2.2427294,-1.8327295,-0.6527295,0.5572705,-1.4727294,-0.8327295
