wind.json
{"header": {"discipline":0,"disciplineName":"Meteorological products","gribEdition":2,"gribLength":953,"center":7,"centerName":"US National Weather Service - NCEP(WMC)","subcenter":0,"refTime":"2023-06-30T12:00:00.000Z","significanceOfRT":1,"significanceOfRTName":"Start of forecast","productStatus":0,"productStatusName":"Operational products","productType":1,"productTypeName":"Forecast products","productDefinitionTemplate":0,"productDefinitionTemplateName":"Analysis/forecast at horizontal level/layer at a point in time","parameterCategory":0,"parameterCategoryName":"UnknownDiscipline_0_Category_0","parameterNumber":0,"parameterNumberName":"UnknownParameter_D0_C0_0","parameterUnit":"Unknown","genProcessType":2,"genProcessTypeName":"Forecast","forecastTime":60,"surface1Type":1,"surface1TypeName":"Ground or water surface","surface1Value":0.0,"surface2Type":255,"surface2TypeName":"Missing","surface2Value":0.0,"gridDefinitionTemplate":0,"gridDefinitionTemplateName":"Latitude_Longitude","numberPoints":688,"shape":6,"shapeName":"Earth spherical with radius of 6,371,229.0 m","gridUnits":"degrees","resolution":48,"winds":"true","scanMode":64,"nx":43,"ny":16,"basicAngle":0,"lo1":45.0,"la1":40.0,"lo2":87.0,"la2":55.0,"dx":1.0,"dy":1.0}, "data":
[rows 0 to 15 of 16, columns 0 to 42 of 43]
282.04697,278.04697,290.94696,293.54697,293.14697,296.94696,296.14697,294.847,297.94696,296.64697,298.64697,297.847,299.64697,298.347,296.54697,297.94696,297.04697,296.44696,297.14697,297.347,297.54697,295.54697,293.44696,294.347,294.44696,291.54697,294.44696,286.64697,282.44696,277.847,280.847,292.94696,294.74698,296.347,297.94696,297.94696,298.74698,296.847,298.04697,297.44696,296.04697,295.54697,295.847
284.74698,293.24698,292.04697,283.847,288.347,295.94696,295.74698,294.347,295.74698,299.04697,297.64697,296.44696,297.64697,299.14697,299.04697,297.14697,297.04697,294.54697,295.04697,295.64697,294.847,296.847,297.74698,297.347,295.14697,289.44696,296.74698,302.74698,297.74698,280.04697,279.24698,279.24698,279.24698,280.94696,289.74698,296.04697,298.54697,297.847,296.94696,297.14697,296.847,296.04697,296.44696
287.94696,283.24698,273.04697,288.44696,295.94696,295.94696,295.64697,293.347,294.94696,294.94696,295.24698,296.14697,297.24698,297.04697,296.847,296.04697,296.14697,291.94696,293.44696,293.04697,291.847,292.64697,295.347,297.04697,296.64697,289.04697,274.54697,276.64697,287.64697,281.347,280.54697,275.847,281.94696,273.54697,283.54697,258.24698,269.54697,292.64697,292.24698,293.24698,296.94696,289.847,283.24698
285.847,288.94696,290.54697,296.74698,296.44696,296.14697,295.04697,293.44696,294.04697,294.44696,293.94696,294.14697,294.54697,295.64697,294.94696,296.14697,296.04697,294.347,292.347,292.54697,292.24698,292.847,295.94696,294.847,295.54697,288.74698,290.24698,295.64697,294.847,294.64697,296.24698,286.847,277.94696,277.347,282.347,282.347,282.94696,284.64697,277.847,278.64697,279.74698,276.347,275.347
293.44696,295.24698,292.44696,297.64697,297.44696,296.347,294.64697,292.14697,293.347,293.14697,293.94696,293.94696,294.14697,294.24698,294.54697,294.14697,294.74698,294.44696,294.44696,293.24698,293.54697,296.44696,293.14697,290.347,298.74698,297.04697,295.24698,295.64697,298.347,293.94696,295.94696,295.347,293.64697,293.14697,295.74698,293.04697,292.14697,291.24698,278.94696,276.847,282.64697,291.14697,293.54697
293.44696,296.347,295.64697,298.24698,298.04697,298.64697,297.44696,295.04697,294.44696,294.54697,294.14697,294.14697,293.94696,293.74698,295.24698,294.54697,291.64697,293.64697,294.04697,294.44696,292.04697,295.64697,297.24698,298.44696,298.14697,295.14697,296.74698,296.24698,294.64697,294.04697,293.74698,294.64697,294.54697,291.847,283.44696,274.347,284.847,293.24698,294.94696,298.04697,297.44696,296.347,296.04697
293.14697,295.94696,295.64697,293.94696,298.74698,298.14697,297.74698,297.24698,297.24698,296.44696,295.04697,294.54697,294.347,294.64697,293.347,293.74698,293.24698,293.14697,293.54697,294.24698,294.64697,296.44696,296.04697,296.94696,296.64697,297.44696,293.847,294.74698,292.44696,290.44696,295.24698,295.14697,292.74698,291.44696,290.94696,290.04697,291.14697,292.14697,288.64697,287.54697,296.14697,296.44696,296.24698
294.14697,295.14697,293.847,294.24698,298.94696,297.24698,296.24698,296.54697,297.14697,294.44696,294.64697,294.24698,293.14697,292.347,292.54697,292.74698,293.14697,293.44696,293.54697,293.14697,294.24698,293.94696,294.347,296.64697,298.54697,296.94696,292.74698,294.44696,292.64697,293.94696,294.347,293.94696,292.74698,292.54697,291.94696,293.44696,293.64697,292.64697,289.44696,285.847,282.24698,281.94696,292.74698
293.14697,292.94696,294.54697,294.54697,296.347,296.54697,296.74698,295.847,294.347,294.347,292.14697,291.847,291.24698,290.64697,291.24698,293.74698,292.74698,293.54697,292.74698,293.14697,293.14697,291.04697,292.64697,294.54697,295.94696,297.64697,293.54697,291.94696,292.44696,292.347,289.14697,291.04697,289.347,289.44696,289.847,287.347,288.847,291.24698,292.04697,287.94696,291.94696,291.14697,289.94696
290.44696,293.24698,293.04697,293.24698,293.74698,293.14697,294.24698,293.24698,292.347,291.74698,291.14697,290.64697,289.74698,289.64697,291.74698,289.94696,290.54697,291.94696,291.347,291.64697,291.94696,292.04697,291.64697,293.04697,295.64697,293.54697,292.74698,292.74698,290.04697,289.14697,286.74698,286.64697,287.04697,287.24698,288.347,289.94696,288.847,287.64697,289.74698,288.347,282.94696,280.94696,281.54697
289.64697,290.347,290.54697,291.64697,291.847,291.24698,291.847,291.44696,291.24698,290.54697,290.04697,289.64697,288.44696,287.347,287.74698,288.64697,288.64697,289.44696,290.64697,291.14697,291.24698,292.64697,293.94696,294.54697,296.64697,295.347,293.64697,291.64697,292.44696,288.64697,287.94696,288.347,288.64697,290.347,291.14697,291.04697,289.54697,287.44696,286.64697,285.14697,282.24698,282.14697,280.347
288.04697,289.347,289.347,289.347,289.347,289.44696,289.24698,288.94696,289.347,288.847,288.24698,287.54697,287.347,287.14697,287.347,286.74698,287.24698,287.94696,288.64697,290.44696,293.24698,294.347,294.44696,294.24698,293.74698,293.74698,292.94696,291.04697,289.347,290.54697,291.04697,291.94696,292.44696,292.14697,291.847,290.54697,288.847,287.847,285.74698,281.847,281.54697,282.24698,280.74698
287.64697,287.64697,287.74698,288.44696,288.64697,288.64697,288.347,288.14697,287.54697,286.74698,287.347,286.44696,287.04697,285.14697,286.44696,286.14697,287.14697,288.14697,288.94696,290.54697,290.14697,292.14697,292.64697,292.14697,292.347,291.54697,290.847,291.44696,291.64697,292.347,293.347,293.14697,291.14697,291.94696,291.74698,289.74698,289.847,288.74698,288.74698,288.64697,287.64697,286.64697,285.94696
286.94696,286.64697,286.64697,286.54697,287.64697,287.94696,288.347,287.74698,286.847,286.24698,286.847,284.94696,284.04697,283.24698,285.347,285.347,287.44696,288.44696,289.74698,290.44696,292.04697,290.847,291.847,290.44696,290.54697,289.847,290.847,291.44696,292.347,291.54697,291.347,291.24698,291.64697,291.54697,290.847,290.347,289.847,289.347,289.24698,289.64697,287.94696,287.64697,286.347
286.24698,285.64697,285.74698,286.54697,288.74698,287.94696,287.44696,286.54697,285.44696,284.94696,284.847,285.04697,284.64697,282.847,283.44696,285.94696,288.04697,288.94696,290.94696,294.347,292.847,291.54697,291.64697,289.847,291.347,290.24698,290.347,290.94696,290.24698,290.14697,290.14697,290.74698,291.14697,291.44696,291.14697,290.347,289.44696,288.54697,289.14697,287.347,287.44696,286.14697,285.74698
287.44696,288.04697,287.847,285.94696,290.24698,287.347,287.347,285.74698,286.14697,285.44696,285.94696,286.14697,286.14697,283.847,284.347,285.44696,287.44696,288.94696,291.24698,292.44696,291.64697,290.347,289.44696,289.14697,288.94696,288.64697,288.74698,288.847,289.04697,289.14697,289.347,290.04697,288.94696,287.04697,291.14697,290.24698,288.74698,288.64697,286.44696,285.24698,288.04697,287.94696,286.94696
