wind_kz.json
{"header": {"discipline":0,"disciplineName":"Meteorological products","gribEdition":2,"gribLength":871,"center":7,"centerName":"US National Weather Service - NCEP(WMC)","subcenter":0,"refTime":"2024-04-08T00:00:00.000Z","significanceOfRT":1,"significanceOfRTName":"Start of forecast","productStatus":0,"productStatusName":"Operational products","productType":1,"productTypeName":"Forecast products","productDefinitionTemplate":0,"productDefinitionTemplateName":"Analysis/forecast at horizontal level/layer at a point in time","parameterCategory":0,"parameterCategoryName":"UnknownDiscipline_0_Category_0","parameterNumber":0,"parameterNumberName":"UnknownParameter_D0_C0_0","parameterUnit":"Unknown","genProcessType":2,"genProcessTypeName":"Forecast","forecastTime":240,"surface1Type":1,"surface1TypeName":"Ground or water surface","surface1Value":0.0,"surface2Type":255,"surface2TypeName":"Missing","surface2Value":0.0,"gridDefinitionTemplate":0,"gridDefinitionTemplateName":"Latitude_Longitude","numberPoints":615,"shape":6,"shapeName":"Earth spherical with radius of 6,371,229.0 m","gridUnits":"degrees","resolution":48,"winds":"true","scanMode":64,"nx":41,"ny":15,"basicAngle":0,"lo1":47.0,"la1":41.0,"lo2":87.0,"la2":55.0,"dx":1.0,"dy":1.0}, "data":
[rows 0 to 14 of 15, columns 0 to 40 of 41]
281.28818,275.28818,280.0882,282.38818,283.28818,284.18817,284.18817,284.18817,284.28818,286.88818,286.38818,288.78818,288.88818,290.38818,293.28818,292.18817,291.9882,290.18817,291.0882,288.28818,287.78818,286.88818,286.4882,282.4882,288.5882,288.88818,283.9882,272.4882,273.0882,270.9882,268.0882,266.4882,279.68817,284.68817,286.88818,287.18817,288.18817,288.38818,288.18817,288.18817,287.38818
265.9882,279.78818,282.68817,282.78818,283.0882,283.28818,283.68817,284.9882,284.5882,286.28818,287.88818,288.5882,289.68817,291.28818,291.5882,291.38818,291.38818,290.78818,288.88818,287.9882,287.0882,285.78818,282.68817,278.78818,267.68817,270.78818,279.4882,271.78818,275.18817,267.88818,273.0882,258.68817,271.9882,249.48819,262.5882,283.68817,282.5882,284.9882,286.78818,281.38818,279.4882
280.88818,282.68817,282.5882,282.78818,282.88818,282.88818,282.88818,284.28818,285.18817,286.9882,286.88818,288.0882,288.88818,289.68817,289.68817,289.5882,288.0882,286.78818,286.38818,286.88818,287.18817,284.88818,283.4882,276.38818,279.88818,278.18817,278.68817,278.78818,278.78818,273.68817,267.5882,273.28818,278.0882,276.88818,281.18817,279.9882,271.4882,275.0882,275.5882,268.4882,268.78818
281.88818,283.88818,282.68817,282.68817,282.5882,281.9882,283.0882,283.4882,285.5882,285.28818,285.28818,285.4882,286.28818,286.78818,288.28818,287.78818,286.38818,286.18817,285.38818,284.88818,283.5882,277.4882,280.9882,280.18817,280.4882,279.78818,279.5882,276.18817,273.9882,274.88818,275.68817,278.0882,282.5882,285.28818,285.18817,281.18817,273.38818,263.68817,274.5882,283.68817,285.5882
282.0882,284.5882,283.28818,283.78818,283.4882,282.9882,284.68817,284.4882,284.5882,284.5882,284.38818,283.5882,285.5882,285.4882,283.68817,286.28818,285.68817,285.18817,284.28818,282.88818,282.0882,281.38818,279.88818,278.78818,277.38818,276.28818,274.5882,276.9882,276.4882,275.4882,275.5882,274.28818,271.4882,267.5882,275.68817,284.18817,282.18817,286.4882,286.4882,285.18817,283.88818
282.18817,282.0882,284.5882,283.38818,281.88818,282.5882,284.28818,285.78818,284.0882,284.0882,283.88818,284.0882,284.28818,284.68817,279.4882,285.0882,285.18817,283.9882,282.88818,282.0882,280.28818,278.9882,277.88818,276.38818,275.28818,273.4882,273.28818,271.18817,274.4882,274.68817,273.38818,273.5882,271.88818,272.9882,275.38818,276.18817,274.4882,277.28818,282.68817,284.28818,282.28818
283.18817,283.4882,284.5882,284.4882,283.0882,284.38818,284.68817,284.0882,283.0882,282.9882,281.5882,281.28818,281.88818,281.4882,281.9882,282.5882,282.18817,281.78818,280.18817,278.18817,277.0882,277.18817,276.38818,275.4882,273.4882,273.18817,271.68817,272.78818,271.78818,271.5882,271.38818,271.18817,271.38818,272.18817,278.5882,277.78818,276.4882,271.68817,271.78818,273.68817,277.4882
282.88818,282.5882,283.4882,283.5882,283.88818,284.38818,282.4882,281.78818,281.18817,281.18817,280.0882,279.28818,278.78818,278.88818,279.78818,279.88818,279.4882,278.68817,277.4882,275.18817,274.0882,273.88818,273.5882,273.38818,271.9882,270.9882,270.9882,270.78818,269.88818,270.18817,269.28818,269.0882,268.5882,266.9882,268.38818,270.28818,271.78818,271.38818,272.9882,274.4882,273.68817
280.68817,280.0882,280.38818,280.38818,280.68817,281.38818,280.4882,280.28818,281.78818,278.28818,278.28818,277.78818,276.4882,276.78818,276.9882,276.88818,276.38818,275.5882,275.18817,274.38818,272.4882,271.38818,271.78818,271.4882,270.9882,270.9882,269.88818,269.28818,268.28818,267.4882,267.0882,267.18817,267.78818,268.38818,268.9882,268.18817,271.68817,271.4882,262.9882,262.78818,258.18817
279.28818,278.5882,277.68817,278.4882,280.4882,280.88818,279.38818,280.0882,280.5882,278.18817,276.78818,276.28818,277.28818,276.0882,276.88818,276.78818,276.18817,275.4882,275.0882,273.88818,272.28818,271.78818,271.9882,271.4882,271.18817,270.9882,270.4882,269.9882,269.38818,268.68817,268.18817,268.5882,269.88818,269.88818,270.28818,270.4882,270.5882,268.5882,262.5882,266.18817,259.5882
278.5882,277.38818,276.4882,277.4882,277.78818,280.18817,280.5882,278.9882,277.9882,278.88818,276.4882,276.4882,277.4882,276.28818,275.88818,275.78818,275.28818,274.68817,274.28818,272.88818,272.5882,271.5882,271.5882,271.78818,271.5882,271.18817,270.0882,270.18817,269.78818,269.5882,269.28818,270.68817,271.18817,271.18817,270.9882,270.0882,265.78818,265.18817,266.28818,263.88818,263.0882
277.4882,277.0882,276.38818,276.68817,278.9882,279.68817,279.28818,278.4882,278.0882,278.28818,277.18817,274.88818,276.5882,275.68817,275.28818,275.68817,274.78818,273.4882,273.18817,272.18817,272.28818,271.88818,271.88818,271.68817,271.4882,271.28818,271.18817,271.28818,271.0882,270.9882,271.0882,271.38818,270.78818,270.68817,270.78818,270.68817,270.78818,270.28818,267.9882,269.5882,268.18817
276.28818,276.28818,276.9882,276.68817,277.68817,279.4882,277.38818,277.78818,277.0882,276.9882,275.18817,272.68817,274.5882,273.5882,274.4882,274.0882,273.18817,272.5882,272.78818,272.38818,272.28818,271.88818,271.4882,271.5882,271.68817,271.9882,272.0882,272.0882,271.78818,271.28818,271.5882,271.68817,271.78818,271.18817,270.9882,271.28818,270.68817,271.18817,270.28818,269.9882,268.9882
276.9882,276.88818,273.78818,277.4882,278.38818,279.0882,278.4882,276.88818,276.5882,275.88818,274.5882,272.38818,271.9882,270.68817,272.78818,273.5882,273.18817,272.68817,272.68817,272.18817,272.0882,272.0882,272.18817,272.18817,272.28818,272.0882,272.18817,272.0882,271.78818,271.78818,271.38818,271.38818,271.38818,270.68817,270.38818,269.88818,269.4882,269.5882,269.5882,266.9882,268.9882
277.88818,276.5882,272.4882,277.78818,277.9882,278.0882,277.5882,276.88818,276.5882,276.78818,275.78818,273.38818,272.78818,272.68817,273.38818,273.4882,272.5882,272.18817,272.18817,272.38818,272.38818,272.38818,272.18817,272.38818,272.0882,271.9882,272.0882,272.0882,272.18817,272.18817,271.9882,270.38818,271.4882,270.78818,270.38818,270.38818,270.88818,270.18817,270.4882,270.18817,269.38818
