wind.json
{"header": {"discipline":0,"disciplineName":"Meteorological products","gribEdition":2,"gribLength":1039,"center":7,"centerName":"US National Weather Service - NCEP(WMC)","subcenter":0,"refTime":"2023-06-30T12:00:00.000Z","significanceOfRT":1,"significanceOfRTName":"Start of forecast","productStatus":0,"productStatusName":"Operational products","productType":1,"productTypeName":"Forecast products","productDefinitionTemplate":0,"productDefinitionTemplateName":"Analysis/forecast at horizontal level/layer at a point in time","parameterCategory":0,"parameterCategoryName":"UnknownDiscipline_0_Category_0","parameterNumber":0,"parameterNumberName":"UnknownParameter_D0_C0_0","parameterUnit":"Unknown","genProcessType":2,"genProcessTypeName":"Forecast","forecastTime":0,"surface1Type":1,"surface1TypeName":"Ground or water surface","surface1Value":0.0,"surface2Type":255,"surface2TypeName":"Missing","surface2Value":0.0,"gridDefinitionTemplate":0,"gridDefinitionTemplateName":"Latitude_Longitude","numberPoints":688,"shape":6,"shapeName":"Earth spherical with radius of 6,371,229.0 m","gridUnits":"degrees","resolution":48,"winds":"true","scanMode":64,"nx":43,"ny":16,"basicAngle":0,"lo1":45.0,"la1":40.0,"lo2":87.0,"la2":55.0,"dx":1.0,"dy":1.0}, "data":
[rows 0 to 15 of 16, columns 0 to 42 of 43]
296.24982,291.1498,304.4498,325.0498,317.5498,301.5498,297.6498,295.5498,317.5498,324.6498,327.4498,328.1498,329.6498,324.24982,322.8498,322.24982,320.4498,320.74982,320.0498,318.5498,316.5498,314.24982,311.24982,312.8498,310.4498,306.1498,305.0498,285.9498,284.5498,288.0498,292.74982,296.3498,302.74982,308.24982,313.1498,312.6498,314.3498,311.3498,313.5498,312.9498,310.8498,309.74982,306.9498
297.0498,312.5498,315.5498,295.8498,299.3498,296.74982,296.4498,294.74982,308.3498,321.1498,323.74982,328.0498,324.4498,323.24982,320.0498,321.24982,321.5498,320.4498,319.74982,318.9498,320.74982,317.9498,319.24982,313.0498,312.3498,307.0498,310.74982,312.8498,306.4498,287.5498,288.74982,284.6498,287.0498,289.1498,301.4498,308.9498,312.3498,311.6498,312.74982,310.9498,311.1498,309.3498,306.24982
295.9498,294.0498,288.6498,295.8498,297.5498,296.9498,296.24982,293.9498,321.3498,310.24982,311.8498,316.1498,320.8498,319.1498,319.74982,319.3498,320.3498,320.8498,320.74982,320.6498,319.4498,319.5498,317.5498,312.74982,312.8498,301.9498,290.0498,288.24982,289.74982,285.24982,290.0498,280.5498,283.5498,274.0498,292.6498,266.4498,278.9498,303.4498,304.5498,306.74982,310.74982,301.8498,284.5498
287.24982,289.74982,304.24982,297.0498,297.9498,297.1498,295.1498,310.4498,310.4498,312.5498,305.8498,310.9498,313.9498,310.9498,317.6498,319.24982,317.9498,317.9498,318.74982,319.4498,319.24982,318.9498,318.74982,312.5498,311.74982,304.9498,309.5498,307.74982,308.4498,301.5498,295.9498,282.6498,277.8498,280.8498,285.74982,289.4498,285.24982,292.4498,279.4498,281.1498,287.4498,284.74982,283.8498
292.3498,301.3498,293.74982,298.8498,298.4498,297.24982,301.1498,312.5498,310.1498,314.9498,313.74982,314.3498,315.3498,314.8498,294.8498,294.4498,317.9498,318.4498,316.24982,318.5498,319.0498,318.4498,311.6498,308.24982,312.0498,311.5498,310.74982,311.1498,311.1498,306.24982,306.3498,306.0498,305.0498,300.8498,306.8498,303.8498,304.4498,298.1498,285.1498,283.74982,286.4498,298.4498,301.24982
294.1498,299.8498,309.74982,299.74982,298.74982,299.1498,307.4498,318.1498,317.74982,320.4498,317.9498,309.1498,309.24982,311.0498,295.24982,295.74982,293.4498,317.0498,317.9498,314.24982,312.4498,315.9498,316.74982,316.4498,314.6498,313.5498,313.5498,312.6498,309.74982,303.1498,309.4498,308.9498,309.8498,306.0498,289.8498,280.74982,286.1498,301.74982,303.0498,309.24982,307.3498,306.4498,307.5498
302.4498,310.1498,304.5498,309.6498,298.74982,298.6498,298.3498,297.8498,320.0498,322.5498,321.74982,305.6498,303.9498,314.9498,297.1498,294.5498,305.1498,315.9498,318.8498,317.8498,317.74982,317.8498,315.8498,315.6498,315.0498,314.3498,314.3498,312.3498,311.9498,292.1498,310.6498,311.5498,310.1498,308.9498,306.3498,305.24982,300.74982,298.9498,293.74982,295.0498,309.0498,309.0498,306.3498
302.4498,310.8498,308.74982,312.6498,317.24982,320.3498,313.4498,318.6498,320.9498,319.3498,315.3498,317.4498,305.5498,312.8498,315.6498,317.5498,317.0498,318.4498,318.24982,318.5498,315.6498,314.1498,312.9498,313.9498,313.1498,312.5498,311.4498,311.0498,312.3498,314.3498,312.8498,312.3498,310.74982,311.6498,310.1498,309.0498,305.1498,303.1498,296.4498,292.9498,287.74982,286.9498,300.74982
302.0498,305.5498,308.5498,312.0498,315.74982,318.1498,321.8498,320.24982,321.74982,318.5498,314.9498,313.6498,313.9498,312.3498,312.24982,316.4498,317.6498,318.4498,323.1498,316.74982,314.74982,312.1498,313.4498,312.3498,310.8498,309.6498,308.0498,304.4498,303.8498,304.8498,303.24982,304.4498,303.1498,302.6498,303.5498,303.0498,302.3498,305.6498,302.9498,290.5498,300.5498,299.4498,296.4498
293.24982,306.8498,307.9498,304.3498,312.5498,314.9498,317.74982,317.4498,317.3498,316.0498,314.6498,312.74982,311.6498,311.8498,311.9498,309.0498,311.74982,317.6498,314.6498,318.0498,310.74982,311.3498,304.9498,305.3498,306.6498,304.9498,300.3498,303.8498,296.74982,298.1498,288.74982,294.74982,295.1498,293.1498,296.74982,297.6498,300.24982,299.24982,297.0498,297.3498,286.8498,284.5498,285.5498
300.4498,304.8498,305.9498,302.74982,308.0498,311.3498,313.4498,315.1498,314.4498,314.0498,313.74982,311.5498,308.74982,308.0498,308.5498,309.4498,309.1498,303.74982,310.1498,307.24982,309.6498,309.9498,307.0498,302.3498,299.6498,301.6498,302.9498,294.74982,298.6498,294.1498,290.5498,295.9498,295.5498,297.5498,299.0498,294.74982,299.8498,297.5498,295.6498,288.3498,287.9498,286.3498,285.4498
297.6498,295.74982,299.1498,302.24982,305.6498,306.5498,310.6498,311.5498,312.3498,310.74982,309.74982,308.74982,306.9498,306.1498,302.9498,305.4498,300.0498,308.4498,308.3498,310.5498,309.6498,305.6498,304.9498,303.6498,298.4498,301.8498,296.6498,298.6498,295.3498,299.0498,295.1498,295.8498,299.4498,294.9498,292.0498,291.6498,289.8498,292.3498,287.74982,285.1498,287.9498,286.1498,286.3498
292.5498,296.9498,297.3498,300.1498,301.24982,304.8498,307.5498,307.9498,307.1498,306.0498,306.6498,307.1498,304.8498,302.1498,303.8498,303.1498,304.3498,306.24982,307.1498,306.9498,305.6498,301.3498,296.6498,296.74982,299.24982,295.1498,297.74982,299.24982,293.6498,294.5498,293.9498,299.3498,297.5498,297.8498,294.74982,291.8498,287.1498,287.3498,295.24982,290.24982,288.0498,287.1498,290.24982
293.9498,294.74982,293.24982,292.9498,301.1498,302.9498,305.5498,305.8498,305.0498,305.8498,305.0498,303.5498,301.6498,297.5498,300.8498,300.74982,300.8498,301.3498,303.6498,301.8498,301.3498,299.0498,296.74982,295.1498,295.1498,294.9498,296.8498,297.3498,299.1498,297.24982,296.1498,292.1498,292.1498,293.74982,290.0498,291.6498,288.24982,287.1498,287.1498,288.6498,290.3498,290.0498,289.9498
292.3498,292.8498,295.1498,296.24982,295.4498,303.9498,302.6498,302.0498,301.6498,300.5498,302.24982,302.4498,302.0498,299.3498,298.4498,298.74982,296.5498,298.5498,295.24982,297.1498,299.9498,299.9498,296.6498,294.8498,295.3498,295.3498,295.0498,295.8498,294.9498,293.74982,293.0498,292.5498,291.74982,295.9498,293.9498,293.9498,293.24982,289.9498,288.24982,289.3498,290.3498,288.0498,289.24982
292.4498,292.5498,293.4498,294.74982,290.74982,303.24982,302.8498,302.24982,302.5498,300.8498,300.9498,300.9498,301.74982,298.8498,296.6498,296.1498,298.0498,298.3498,299.1498,296.8498,298.8498,296.5498,295.24982,293.24982,293.74982,292.9498,293.24982,292.9498,291.24982,289.6498,291.0498,291.4498,290.24982,288.4498,289.3498,292.6498,294.6498,293.74982,291.4498,291.3498,291.4498,290.24982,291.1498
