wind_kz.json
{"header": {"discipline":0,"disciplineName":"Meteorological products","gribEdition":2,"gribLength":1102,"center":7,"centerName":"US National Weather Service - NCEP(WMC)","subcenter":0,"refTime":"2024-04-08T00:00:00.000Z","significanceOfRT":1,"significanceOfRTName":"Start of forecast","productStatus":0,"productStatusName":"Operational products","productType":1,"productTypeName":"Forecast products","productDefinitionTemplate":0,"productDefinitionTemplateName":"Analysis/forecast at horizontal level/layer at a point in time","parameterCategory":2,"parameterCategoryName":"UnknownDiscipline_0_Category_2","parameterNumber":2,"parameterNumberName":"UnknownParameter_D0_C2_2","parameterUnit":"Unknown","genProcessType":2,"genProcessTypeName":"Forecast","forecastTime":240,"surface1Type":103,"surface1TypeName":"Specified height level above ground","surface1Value":10.0,"surface2Type":255,"surface2TypeName":"Missing","surface2Value":0.0,"gridDefinitionTemplate":0,"gridDefinitionTemplateName":"Latitude_Longitude","numberPoints":615,"shape":6,"shapeName":"Earth spherical with radius of 6,371,229.0 m","gridUnits":"degrees","resolution":48,"winds":"true","scanMode":64,"nx":41,"ny":15,"basicAngle":0,"lo1":47.0,"la1":41.0,"lo2":87.0,"la2":55.0,"dx":1.0,"dy":1.0}, "data":
[rows 0 to 14 of 15, columns 0 to 40 of 41]
-0.8847852,-0.86478513,2.3452148,-2.274785,-2.444785,-2.6647851,-1.3947852,0.51521486,1.1752149,2.3152149,3.6652148,3.9652147,6.7752147,6.0852146,-6.074785,-7.004785,-6.444785,-6.4947853,-6.1647854,-2.5647852,0.10521484,2.475215,0.65521485,-0.47478515,-1.8247851,-1.8847852,-2.1647851,-0.31478515,0.32521483,0.28521484,-1.1447852,1.8952148,0.59521484,-0.70478517,-3.7847853,-0.78478515,-0.35478514,-1.0847851,-1.1547852,-3.6247852,-2.754785
2.9252148,0.6152148,-6.384785,-5.9147854,-3.5447853,-1.8147851,0.8752148,0.6852148,1.1952149,2.505215,5.165215,-1.0747851,-1.8347851,-6.024785,-6.864785,-6.9547853,-6.874785,-7.2247853,-5.254785,-7.0147853,-5.564785,-6.2247853,-2.3047853,-2.274785,-0.38478515,0.72521484,-1.3847852,0.41521484,-4.4347854,0.40521485,0.82521486,-0.42478517,2.8352149,-2.3947852,-0.024785155,-0.044785157,-0.92478514,0.025214843,-1.1047852,0.13521485,-3.444785
-1.9147851,-7.4147854,-7.754785,-5.4147854,-3.4347851,-2.1147852,-1.6247852,-1.2147851,-1.1047852,-3.524785,-4.254785,-6.174785,-5.594785,-6.814785,-8.074785,-8.454785,-8.584785,-6.714785,-5.144785,-2.1147852,-6.774785,-13.164785,-9.764785,-11.604785,-2.8347852,-4.834785,-2.3447852,-3.3347852,-1.2247852,-0.5747852,-1.2247852,0.24521485,0.30521485,0.41521484,-1.4747852,-1.0347852,0.6852148,-0.39478517,1.7652148,2.3752148,2.6352148
-6.004785,-7.714785,-5.2647853,-3.8747852,-4.044785,-2.454785,-1.7547852,-3.3747852,-4.174785,-4.4547853,-6.984785,-6.1647854,-7.544785,-7.7647853,-9.144785,-9.2947855,-9.054785,-10.024785,-9.354785,-10.2947855,-8.764785,-6.7247853,-7.2447853,-10.394785,-10.964786,-10.704785,-8.334785,-14.104785,-5.504785,-0.5647852,4.125215,0.7352148,4.745215,5.7152147,0.91521484,-1.4047852,-0.59478515,2.6352148,0.06521484,0.055214845,-1.5747851
-4.5347853,-5.104785,-3.1247852,-2.8747852,-2.4147851,-4.2447853,-3.514785,-3.8547852,-4.824785,-5.964785,-7.564785,-7.194785,-7.904785,-9.604785,-8.514785,-8.494785,-9.504786,-9.384785,-9.454785,-10.614785,-12.674786,-11.384785,-11.384785,-10.944785,-10.764785,-9.804785,-12.714786,-8.164785,-6.314785,-5.734785,-5.904785,-2.6347852,-1.8847852,1.5252148,0.8652148,-0.89478517,4.3352146,-0.97478515,-4.274785,-6.254785,-5.924785
-4.374785,-3.444785,-5.7647853,-3.6147852,-3.7947853,-3.3947852,-4.834785,-7.314785,-5.1847854,-6.1647854,-7.3047853,-7.714785,-8.814785,-7.794785,-7.1847854,-7.874785,-9.064785,-9.184785,-10.804785,-9.444785,-11.2947855,-10.074785,-9.5447855,-10.384785,-9.984785,-11.564785,-9.214786,-7.844785,-7.214785,-6.134785,-5.594785,-4.674785,-2.9347851,1.9752148,2.9252148,-0.21478516,1.8852148,2.3852148,-2.734785,-5.364785,-7.5147853
-4.624785,-3.524785,-5.594785,-5.254785,-3.5847852,-4.194785,-7.0547853,-7.194785,-6.384785,-7.064785,-6.714785,-7.824785,-7.234785,-6.984785,-6.524785,-6.9747853,-8.344785,-8.124785,-8.964786,-10.494785,-9.324785,-8.684785,-8.304785,-7.8047853,-8.654785,-7.7847853,-7.484785,-6.344785,-7.444785,-6.774785,-7.424785,-6.2047853,-2.3447852,-3.8447852,-0.20478515,-0.25478515,-0.034785155,-0.5747852,2.475215,0.57521486,5.375215
-5.424785,-4.814785,-5.6647854,-5.964785,-6.2647853,-7.2447853,-6.294785,-5.774785,-6.1647854,-6.9347854,-6.154785,-6.834785,-6.394785,-7.584785,-5.7247853,-6.774785,-7.394785,-6.774785,-6.364785,-10.814785,-8.944785,-8.484785,-7.344785,-7.314785,-6.5347853,-6.354785,-5.1847854,-5.0547853,-5.814785,-6.124785,-7.544785,-3.3647852,-4.644785,-2.9347851,-1.7447852,4.8352146,8.335215,9.875215,8.385215,9.315215,3.1852148
-5.5147853,-4.694785,-4.694785,-5.2247853,-5.754785,-6.004785,-6.9547853,-7.1847854,-6.884785,-5.624785,-5.3047853,-5.6847854,-5.2447853,-6.314785,-6.2647853,-6.124785,-6.864785,-5.584785,-7.004785,-7.344785,-10.954785,-6.484785,-6.2447853,-6.124785,-6.924785,-5.544785,-6.404785,-6.174785,-4.964785,-3.5447853,-4.154785,-3.024785,0.37521484,1.0052148,2.8752148,3.6752148,0.72521484,-2.5547853,-2.714785,0.7352148,-2.0947852
-5.644785,-4.5147853,-4.174785,-4.1647854,-4.894785,-5.864785,-5.294785,-6.044785,-6.0147853,-5.794785,-5.4947853,-5.134785,-5.004785,-6.134785,-6.594785,-6.7847853,-6.734785,-5.9947853,-6.5147853,-7.424785,-8.374785,-6.4747853,-5.564785,-5.314785,-5.2447853,-5.8047853,-5.274785,-4.924785,-4.584785,-4.814785,-2.274785,-0.35478514,0.48521483,-0.17478515,0.53521484,1.9852148,1.1452148,-0.30478516,-3.1447852,-1.7247852,-1.0047852
-4.794785,-4.124785,-3.964785,-3.8947852,-3.4247851,-5.374785,-6.424785,-5.074785,-6.4347854,-4.964785,-4.844785,-5.124785,-3.8347852,-7.024785,-5.394785,-5.774785,-6.384785,-5.214785,-5.3047853,-6.7047853,-6.504785,-4.4947853,-4.7847853,-4.084785,-3.274785,-3.214785,-4.374785,-2.7847853,-2.964785,-1.8947852,-0.98478514,-0.5047852,-1.4647851,-2.1447852,-2.464785,-2.734785,-1.3147851,-1.5147852,-0.66478515,-0.31478515,-0.95478517
-4.624785,-3.734785,-3.3147852,-3.4147851,-4.154785,-5.024785,-5.104785,-7.1847854,-5.734785,-5.7447853,-5.694785,-4.134785,-4.2447853,-5.074785,-3.974785,-4.194785,-4.794785,-4.294785,-3.974785,-4.714785,-4.4747853,-3.4347851,-3.5647852,-3.1147852,-2.704785,-2.514785,-2.704785,-2.3747852,-2.3547852,-2.004785,-1.1547852,-1.6647851,-1.6247852,-2.4247851,-2.714785,-4.2047853,-4.824785,-4.3047853,-1.4447851,-0.28478515,-0.32478514
-3.484785,-2.6647851,-2.464785,-2.0447853,-2.254785,-2.8747852,-3.954785,-6.5147853,-6.4547853,-4.1647854,-1.9547851,-3.3247852,-2.3647852,-3.3847852,-3.3947852,-3.3747852,-3.4247851,-3.4347851,-2.764785,-3.2847853,-2.3847852,-1.7347852,-0.9347851,-1.4747852,-0.46478516,-0.77478516,-0.7647852,-1.5547851,-1.5347852,-1.1247852,-1.1847851,-1.1247852,-1.3647852,-1.6547852,-2.1147852,-2.994785,-2.5947852,-1.8747852,-2.7847853,-1.8947852,-0.78478515
-3.1047852,-2.194785,-2.3047853,-2.774785,-2.514785,-2.8447852,-4.1847854,-5.024785,-4.084785,-2.474785,-1.2347852,-2.4047852,-0.8747852,-1.1647851,-2.0647852,-2.3847852,-2.3547852,-2.204785,-2.234785,-1.8047851,-0.95478517,0.11521485,0.44521484,0.16521484,1.0552149,1.4652148,1.3852148,1.2452148,1.2352148,0.9952148,-0.014785157,-0.19478516,-0.77478516,-0.72478515,-1.1247852,-1.0147852,-1.1047852,-1.0647851,-1.7147851,-1.0247852,-0.41478515
-2.3247852,-2.9047852,-2.3947852,-2.744785,-3.4047852,-4.114785,-4.364785,-4.4347854,-3.5547853,-1.8847852,-1.9647851,-2.1447852,-1.3947852,0.005214844,-1.1047852,-1.3647852,-1.0947852,-0.8747852,-0.45478517,-0.7647852,0.095214844,0.94521487,1.4052148,1.7952149,2.305215,2.4552147,2.6852148,2.285215,2.295215,2.3652148,2.275215,2.1552148,1.9652148,1.1452148,0.25521484,0.38521484,-0.22478515,-0.5047852,-0.6947852,-1.1247852,-0.5147852
