wind_kz.json
{"header": {"discipline":0,"disciplineName":"Meteorological products","gribEdition":2,"gribLength":1025,"center":7,"centerName":"US National Weather Service - NCEP(WMC)","subcenter":0,"refTime":"2023-08-23T06:00:00.000Z","significanceOfRT":1,"significanceOfRTName":"Start of forecast","productStatus":0,"productStatusName":"Operational products","productType":1,"productTypeName":"Forecast products","productDefinitionTemplate":0,"productDefinitionTemplateName":"Analysis/forecast at horizontal level/layer at a point in time","parameterCategory":2,"parameterCategoryName":"UnknownDiscipline_0_Category_2","parameterNumber":2,"parameterNumberName":"UnknownParameter_D0_C2_2","parameterUnit":"Unknown","genProcessType":2,"genProcessTypeName":"Forecast","forecastTime":60,"surface1Type":103,"surface1TypeName":"Specified height level above ground","surface1Value":10.0,"surface2Type":255,"surface2TypeName":"Missing","surface2Value":0.0,"gridDefinitionTemplate":0,"gridDefinitionTemplateName":"Latitude_Longitude","numberPoints":615,"shape":6,"shapeName":"Earth spherical with radius of 6,371,229.0 m","gridUnits":"degrees","resolution":48,"winds":"true","scanMode":64,"nx":41,"ny":15,"basicAngle":0,"lo1":47.0,"la1":41.0,"lo2":87.0,"la2":55.0,"dx":1.0,"dy":1.0}, "data":
[rows 0 to 14 of 15, columns 0 to 40 of 41]
-1.6588082,-0.15880829,1.2111917,0.8911917,-1.4288083,-0.18880829,1.3511918,-0.028808288,-2.5988083,0.7011917,0.7811917,2.8211918,2.0211916,1.8611917,2.7611916,3.7311916,0.041191712,0.7011917,0.3111917,-1.1788083,-3.2488084,-1.2888083,-0.20880829,-0.5488083,3.0811918,-3.3388083,-2.8588083,0.30119172,0.9211917,0.49119172,1.1511917,0.49119172,2.6011918,1.2911917,3.2411916,-1.7888083,-4.278808,-3.8388083,-3.7288084,-2.4088082,-3.0288084
0.8411917,1.8911917,2.4311917,7.151191,4.1411915,4.2311916,4.3911915,3.1411917,3.6111917,2.0211916,3.9411917,0.21119171,0.8211917,0.39119172,-2.5488083,-2.0388083,-1.2688082,0.5211917,3.0711918,-2.1388083,-4.3488083,-2.4588082,1.3911917,-2.0688083,0.8411917,-0.028808288,-1.9688083,-1.3788083,-4.4388084,-0.55880827,-0.9888083,-1.3688083,-1.1288083,-0.38880828,1.1011918,-1.1988083,-1.1788083,-0.17880829,-0.5188083,1.0411917,-1.5788083
1.7611917,2.1411917,7.901191,7.3811913,5.0411916,4.931192,7.1111913,7.1411915,-1.0388083,0.5511917,1.3011917,2.0811918,1.6811917,-2.7588084,-2.4188082,-1.1288083,0.88119173,4.781192,4.531192,-4.318808,-5.0388083,-4.6188083,-4.0988083,-3.6488082,0.6111917,-0.3988083,2.0311918,2.4811916,-3.9788084,-0.3988083,-2.0288084,3.2511916,-0.47880828,-0.078808285,1.6911917,-0.4588083,-0.018808288,-0.3088083,0.05119171,-0.3488083,0.9611917
-0.3188083,4.661192,6.3211913,5.011192,4.3111916,2.4411917,0.15119171,0.3511917,1.9111917,2.9311917,3.5611918,3.7011917,1.4011917,-0.6588083,-1.5188082,-0.6988083,1.6611917,-4.088808,-4.338808,-4.4188085,-4.088808,-2.4988084,-1.6688083,-1.3288083,-0.6488083,-0.3788083,1.2311918,-1.1188083,0.7211917,0.8911917,0.8311917,-0.7588083,2.4011917,-1.5188082,-1.0488083,-1.9888083,-2.1588082,1.1511917,0.9611917,-0.028808288,0.2911917
1.1611917,3.0011916,4.491192,7.3111916,5.7911916,3.2811918,3.4311917,3.3411918,5.9511914,7.0511913,6.9111915,5.7011914,4.221192,-0.3688083,0.7711917,2.3911917,0.8011917,-3.9588082,-2.8988082,-4.158808,-3.8688083,-4.8588085,-3.1988082,-1.5988083,0.21119171,1.6111917,0.33119172,1.5711917,2.4511917,0.8011917,0.13119172,0.6511917,-2.4088082,-1.0988083,2.1011918,2.1011918,-4.7888083,-2.7788084,-3.0788083,-2.5188084,-2.8788083
1.0311917,-0.7588083,0.7211917,4.721192,3.5111916,6.3311915,5.5511913,7.2411914,7.3411913,2.4411917,1.1611917,6.2011914,2.3811917,2.0211916,2.8211918,2.1611917,1.2611917,1.8811917,-0.3488083,-0.5188083,-2.3488083,-3.3988082,-3.0688083,-2.4788084,-0.2188083,-0.15880829,2.3711917,3.7111917,1.6911917,0.5311917,1.3811917,1.9511917,4.591192,2.8411918,0.5811917,-1.9388083,-0.23880829,-0.25880828,-1.1488082,-3.4388082,-3.1388083
-1.3588083,0.5311917,-0.4088083,-1.0688083,-2.0588083,1.8211917,4.411192,1.5511917,-0.32880828,-0.4688083,-0.17880829,-4.658808,-2.7888083,-0.86880827,2.1011918,-0.5788083,-0.048808288,3.0211916,2.1311917,0.39119172,0.5911917,-1.3988082,-2.2688084,-2.9288082,-1.3188083,-0.2488083,0.56119174,1.1111917,0.5511917,-3.4588082,-3.2088082,0.56119174,3.3411918,0.7911917,-0.2488083,-1.8288083,-1.3788083,3.1911917,-3.0288084,1.6611917,0.88119173
-1.7488083,1.6211917,2.6111917,-0.17880829,0.5811917,1.5611917,-0.2788083,-1.0888083,1.4911917,-2.4188082,-0.6688083,0.0011917114,-2.2888083,1.2411917,0.7411917,1.6911917,-0.20880829,0.63119173,-2.5288084,-1.3988082,-1.6488082,-1.9688083,-0.9688083,-2.6888082,-3.0388083,-0.9088083,0.7711917,-0.7888083,-1.4388083,-4.5188084,-4.7288084,-3.9788084,-4.3288083,-2.2088082,-1.3488083,2.9811916,5.211191,-4.6288085,-4.2088084,-4.7288084,-2.4988084
-1.4488083,-0.1388083,0.011191712,-0.3088083,7.3311915,-1.0488083,-0.86880827,0.05119171,-0.62880826,-0.8188083,-0.48880827,-0.32880828,-1.7288083,-1.8088083,0.8011917,1.4511917,-0.86880827,2.3611917,3.6211917,-0.3988083,0.1411917,2.9311917,-1.9388083,-2.6788082,-1.9488083,-1.6888083,-0.6588083,-1.9888083,-0.4988083,-2.0388083,-3.3988082,-3.3888083,-1.9588083,-0.6788083,0.07119171,1.1211917,-0.9088083,-3.1488082,-1.7888083,-0.4688083,-1.3788083
-1.2088083,-0.15880829,-2.9288082,1.1411917,0.3511917,-0.6388083,-1.9388083,-1.7288083,-2.3788083,-1.0188082,1.9211917,1.5811917,1.5611917,-1.3888083,-1.4688083,-3.0888083,-1.5988083,-3.0688083,-0.80880827,-0.23880829,1.1211917,-1.0088083,-1.4488083,-2.6388083,-3.2188082,-0.38880828,-0.2488083,-2.1688082,-2.7888083,-1.8188083,-1.6288083,-0.8988083,-1.4388083,-0.62880826,1.3211917,2.7011917,0.94119173,-0.5688083,-2.6888082,-0.7888083,-0.9888083
0.13119172,-0.08880829,-0.4988083,0.56119174,0.4411917,-1.1588082,-2.0988083,-0.6988083,0.6411917,0.23119171,0.8411917,0.2511917,-2.2888083,-4.4588084,-4.3888083,-3.3088083,-2.7388084,-1.4288083,-0.5088083,-1.0388083,0.5811917,0.6611917,0.101191714,-2.3088083,-1.1788083,-0.09880829,0.36119172,-0.9088083,-1.0588083,-1.4888083,-1.8288083,-2.5888083,-2.3188083,-0.68880826,1.7811917,1.1311917,-0.44880828,-0.8188083,-1.5388083,0.4611917,-1.9388083
0.6611917,1.3411918,1.5611917,0.63119173,-2.1088083,-1.5488083,-2.2288084,0.7211917,1.8111917,0.7311917,-0.44880828,0.48119172,-0.61880827,-0.9088083,-2.1688082,-1.7188083,-2.0588083,-0.06880829,-0.008808289,0.7711917,2.3111918,0.48119172,2.5311918,-2.8688083,-2.0988083,-0.6788083,-1.1488082,-2.2488084,-1.6588082,-1.9588083,-1.4388083,0.19119172,-0.8888083,-0.74880826,0.9011917,1.6311917,2.0411918,1.7111917,1.1211917,1.4911917,-0.4388083
-0.15880829,-0.6688083,0.33119172,0.1411917,-0.38880828,1.0011917,-0.22880828,-0.55880827,-0.7388083,1.1011918,-0.8888083,-1.0688083,-1.6788083,-2.9688082,-2.0088084,0.5911917,0.7211917,-0.1388083,0.101191714,1.1011918,1.6211917,1.0411917,0.50119174,0.7411917,-0.5888083,-1.9388083,-2.5688083,-3.1388083,-1.3388083,0.87119174,1.2311918,2.0011916,1.2111917,0.36119172,1.4811918,3.0411918,3.2811918,2.6211917,1.2811917,0.87119174,1.4911917
0.23119171,-1.7188083,0.2811917,1.0111917,1.5911918,1.2611917,0.45119172,-0.03880829,1.2811917,1.2111917,-0.22880828,-0.35880828,1.1611917,0.1411917,1.1911917,2.1211917,2.0611918,3.0011916,1.4011917,1.2911917,1.2411917,0.5711917,-0.5688083,-1.5288082,-0.7288083,-0.5988083,-1.7088083,-1.8688083,1.1511917,2.8511918,2.5811918,1.7211918,0.11119171,0.7211917,2.6411917,3.2511916,3.1311917,2.2111917,1.8311917,0.9011917,1.7811917
0.7911917,1.5611917,2.8211918,0.49119172,0.6111917,0.7411917,0.94119173,0.031191712,1.1011918,0.7611917,0.02119171,0.7911917,1.2511917,1.4111917,2.1811917,1.0911918,1.7911917,1.0811917,1.6111917,2.7611916,2.4611917,1.6811917,1.3111917,-0.3788083,0.9611917,-0.4688083,0.7611917,-2.6288083,-1.8688083,-0.7388083,-1.5288082,-2.4688082,0.9811917,1.9511917,2.8411918,4.781192,4.181192,5.6011915,2.5811918,1.2011917,0.7711917
