wind_kz.json
{"header": {"discipline":0,"disciplineName":"Meteorological products","gribEdition":2,"gribLength":871,"center":7,"centerName":"US National Weather Service - NCEP(WMC)","subcenter":0,"refTime":"2023-10-05T18:00:00.000Z","significanceOfRT":1,"significanceOfRTName":"Start of forecast","productStatus":0,"productStatusName":"Operational products","productType":1,"productTypeName":"Forecast products","productDefinitionTemplate":0,"productDefinitionTemplateName":"Analysis/forecast at horizontal level/layer at a point in time","parameterCategory":0,"parameterCategoryName":"UnknownDiscipline_0_Category_0","parameterNumber":0,"parameterNumberName":"UnknownParameter_D0_C0_0","parameterUnit":"Unknown","genProcessType":2,"genProcessTypeName":"Forecast","forecastTime":0,"surface1Type":1,"surface1TypeName":"Ground or water surface","surface1Value":0.0,"surface2Type":255,"surface2TypeName":"Missing","surface2Value":0.0,"gridDefinitionTemplate":0,"gridDefinitionTemplateName":"Latitude_Longitude","numberPoints":615,"shape":6,"shapeName":"Earth spherical with radius of 6,371,229.0 m","gridUnits":"degrees","resolution":48,"winds":"true","scanMode":64,"nx":41,"ny":15,"basicAngle":0,"lo1":47.0,"la1":41.0,"lo2":87.0,"la2":55.0,"dx":1.0,"dy":1.0}, "data":
[rows 0 to 14 of 15, columns 0 to 40 of 41]
287.83182,279.83182,284.43182,293.93182,293.93182,292.43182,289.6318,289.1318,288.6318,291.43182,289.1318,292.2318,293.6318,294.93182,294.1318,293.1318,293.6318,294.2318,294.43182,294.83182,295.7318,293.2318,293.43182,290.43182,293.5318,293.2318,288.93182,276.93182,271.93182,272.83182,271.7318,267.93182,282.33182,288.93182,290.33182,290.6318,290.93182,290.93182,291.0318,290.83182,290.43182
269.43182,284.93182,293.93182,293.93182,293.7318,291.6318,287.1318,285.6318,288.5318,290.2318,292.43182,290.1318,293.5318,291.6318,291.93182,290.33182,290.83182,291.93182,289.6318,291.7318,291.7318,293.5318,291.6318,286.1318,273.93182,275.43182,282.6318,274.33182,275.43182,269.83182,275.1318,266.7318,275.1318,249.33182,269.6318,286.6318,285.1318,287.6318,290.2318,283.0318,283.6318
286.43182,293.6318,293.43182,293.33182,291.5318,287.33182,285.1318,287.5318,288.2318,288.43182,290.43182,291.2318,291.0318,289.0318,292.83182,287.93182,287.43182,286.33182,286.93182,285.83182,291.93182,291.83182,292.83182,286.93182,289.2318,287.7318,288.5318,286.1318,286.5318,279.43182,269.7318,272.33182,277.93182,277.33182,279.33182,280.0318,272.2318,272.7318,273.93182,270.0318,269.93182
285.83182,292.5318,293.43182,292.6318,290.43182,286.6318,286.0318,286.6318,288.33182,289.0318,290.1318,289.0318,290.2318,289.5318,288.93182,288.1318,288.33182,286.2318,286.5318,286.43182,285.5318,283.7318,291.0318,292.5318,291.5318,291.33182,290.43182,288.83182,285.93182,285.83182,286.83182,285.83182,289.2318,287.2318,285.2318,283.7318,271.7318,262.2318,275.1318,282.43182,286.0318
289.7318,291.6318,292.6318,292.5318,290.6318,286.83182,288.7318,288.2318,288.43182,290.1318,289.6318,289.1318,289.33182,288.0318,286.5318,288.1318,288.2318,288.1318,285.83182,288.33182,288.5318,289.33182,288.7318,288.93182,289.0318,287.83182,286.83182,287.0318,285.93182,286.6318,288.33182,284.83182,276.33182,265.33182,276.43182,284.5318,288.5318,288.93182,289.33182,289.33182,288.33182
288.93182,287.1318,290.1318,291.33182,291.7318,290.5318,288.43182,288.83182,287.83182,288.93182,289.6318,289.0318,289.1318,288.83182,288.0318,287.2318,288.6318,287.2318,287.83182,287.83182,287.1318,286.33182,287.0318,286.2318,284.5318,283.33182,283.6318,288.5318,286.1318,286.33182,285.0318,286.93182,286.0318,284.43182,282.1318,285.93182,278.5318,280.1318,285.2318,287.33182,286.5318
288.93182,287.0318,290.33182,293.1318,290.2318,290.0318,288.6318,287.6318,288.2318,288.7318,286.83182,288.2318,289.0318,287.33182,286.5318,287.43182,287.0318,288.33182,287.43182,286.7318,285.93182,286.5318,286.6318,286.5318,284.83182,284.7318,284.5318,285.93182,285.2318,285.43182,284.6318,284.7318,284.6318,285.83182,285.1318,284.33182,279.7318,276.2318,273.5318,272.83182,282.93182
290.0318,287.7318,290.7318,290.1318,290.83182,292.1318,290.33182,288.6318,287.93182,287.7318,287.2318,287.7318,287.1318,286.7318,286.33182,286.83182,286.5318,287.5318,286.83182,284.93182,284.5318,284.7318,284.83182,285.1318,284.1318,281.2318,281.83182,282.93182,281.83182,283.2318,282.1318,282.5318,282.2318,280.0318,280.93182,280.7318,282.2318,285.5318,283.7318,283.7318,280.83182
286.93182,288.2318,289.2318,287.93182,290.93182,290.1318,288.6318,288.93182,286.83182,286.83182,286.5318,285.6318,285.2318,286.2318,285.0318,285.43182,285.83182,285.1318,285.0318,284.43182,282.5318,282.0318,283.43182,284.43182,283.43182,283.33182,280.6318,280.6318,279.33182,277.93182,278.6318,279.0318,279.83182,280.83182,280.2318,279.2318,279.2318,278.7318,267.2318,267.7318,267.1318
286.2318,287.33182,288.2318,288.93182,290.1318,289.7318,289.5318,286.7318,286.5318,286.2318,286.5318,286.6318,284.93182,285.7318,286.0318,286.7318,285.0318,283.7318,283.43182,283.93182,283.2318,283.33182,283.83182,283.93182,284.5318,282.83182,282.33182,281.5318,280.83182,280.1318,279.43182,280.93182,281.6318,281.7318,281.0318,279.93182,279.0318,275.6318,272.0318,271.83182,269.43182
284.2318,284.93182,286.33182,287.33182,287.2318,289.5318,289.2318,289.2318,286.7318,287.5318,286.33182,287.43182,287.6318,287.5318,287.5318,285.83182,284.83182,284.7318,283.43182,281.93182,282.2318,282.33182,282.43182,282.83182,283.1318,282.93182,280.7318,282.5318,281.93182,282.7318,282.43182,282.7318,280.7318,281.83182,280.6318,278.83182,276.83182,273.93182,273.93182,274.7318,272.0318
282.0318,283.43182,283.93182,284.5318,285.2318,284.0318,287.6318,285.5318,286.5318,284.5318,283.2318,283.83182,285.2318,284.0318,284.93182,286.7318,287.43182,284.93182,283.43182,283.1318,282.1318,281.1318,280.2318,280.5318,280.2318,280.2318,281.1318,282.43182,282.6318,282.6318,281.6318,280.6318,281.93182,279.33182,280.0318,278.7318,278.93182,278.93182,278.83182,278.5318,277.93182
282.33182,283.5318,283.5318,284.33182,284.83182,284.5318,284.1318,285.1318,286.7318,286.43182,284.6318,281.33182,285.6318,283.1318,285.5318,286.33182,287.1318,286.6318,286.7318,283.43182,282.7318,281.33182,280.5318,280.0318,281.33182,282.43182,283.5318,282.83182,282.83182,282.33182,282.33182,282.0318,281.6318,280.1318,280.0318,279.43182,278.6318,279.2318,278.0318,277.43182,278.33182
282.43182,283.5318,285.1318,282.83182,283.5318,283.5318,284.0318,283.7318,286.6318,283.33182,284.5318,280.93182,281.6318,284.2318,286.5318,287.43182,285.7318,284.2318,284.1318,283.7318,283.7318,283.0318,283.2318,282.93182,283.1318,283.33182,282.93182,283.33182,282.6318,282.5318,282.0318,281.6318,281.2318,280.1318,279.83182,278.2318,278.0318,277.43182,276.6318,276.0318,276.1318
282.33182,283.93182,284.83182,282.33182,282.33182,282.93182,283.33182,282.6318,282.1318,281.1318,282.93182,283.5318,280.93182,281.43182,282.5318,283.43182,284.1318,286.33182,283.7318,283.5318,283.83182,283.5318,283.33182,282.83182,282.93182,283.43182,283.0318,282.7318,282.83182,282.43182,282.0318,282.83182,281.5318,280.7318,280.1318,279.7318,279.2318,278.33182,278.6318,278.1318,276.7318
