wind_kz.json
{"header": {"discipline":0,"disciplineName":"Meteorological products","gribEdition":2,"gribLength":1025,"center":7,"centerName":"US National Weather Service - NCEP(WMC)","subcenter":0,"refTime":"2023-08-24T12:00:00.000Z","significanceOfRT":1,"significanceOfRTName":"Start of forecast","productStatus":0,"productStatusName":"Operational products","productType":1,"productTypeName":"Forecast products","productDefinitionTemplate":0,"productDefinitionTemplateName":"Analysis/forecast at horizontal level/layer at a point in time","parameterCategory":2,"parameterCategoryName":"UnknownDiscipline_0_Category_2","parameterNumber":3,"parameterNumberName":"UnknownParameter_D0_C2_3","parameterUnit":"Unknown","genProcessType":2,"genProcessTypeName":"Forecast","forecastTime":300,"surface1Type":103,"surface1TypeName":"Specified height level above ground","surface1Value":10.0,"surface2Type":255,"surface2TypeName":"Missing","surface2Value":0.0,"gridDefinitionTemplate":0,"gridDefinitionTemplateName":"Latitude_Longitude","numberPoints":615,"shape":6,"shapeName":"Earth spherical with radius of 6,371,229.0 m","gridUnits":"degrees","resolution":48,"winds":"true","scanMode":64,"nx":41,"ny":15,"basicAngle":0,"lo1":47.0,"la1":41.0,"lo2":87.0,"la2":55.0,"dx":1.0,"dy":1.0}, "data":
[rows 0 to 14 of 15, columns 0 to 40 of 41]
-0.4068457,-3.0968456,2.1631544,4.563154,3.8431542,1.8731543,1.0231543,-0.6568457,-1.1668457,-0.1568457,-3.0468457,-3.0968456,-3.7768457,-2.9868457,-2.6868458,-2.4368458,-3.5068457,-1.4768457,-2.6768458,-0.9168457,0.2831543,-0.4568457,-0.046845704,-2.2268457,-1.2868457,-1.4268457,-1.4368457,0.6131543,0.7731543,2.7031543,0.7131543,-1.7768457,0.5431543,0.19315429,0.5431543,-0.5868457,1.7631543,1.8531543,1.7931542,-0.6868457,2.4331543
5.1131544,1.9031543,5.163154,3.4731543,4.5231543,2.3231542,-1.1668457,0.8931543,-0.10684571,-0.4868457,-2.1868458,-3.6368456,-4.0168457,-3.9868457,-4.0168457,-1.6568457,-0.9968457,-1.7368457,-2.9268458,-2.8868456,-1.1368457,-2.0268457,1.2031543,1.6631542,-0.4168457,-1.3168457,-2.3968458,-0.2468457,-0.6068457,0.6131543,2.6231544,3.6331544,0.4931543,-1.1468457,-0.8668457,-0.5068457,-0.6468457,-1.0868458,0.103154294,-0.4868457,1.1931543
2.2631543,4.3831544,3.2631543,6.1531544,3.5731542,1.2531543,1.1731544,-0.026845703,0.3231543,-1.1868457,-2.3668456,-2.8968458,-3.7768457,-4.0368457,-3.5268457,-3.0068457,-1.6868457,-2.0368457,-2.1768458,-3.2268457,-2.8468456,-2.6768458,-5.3668456,-1.1068457,-0.2268457,0.4631543,-0.31684572,0.3131543,-0.4968457,0.7731543,2.0731542,0.5331543,1.7931542,-1.3468457,-0.37684572,2.9131544,3.6131544,-0.016845703,0.3631543,-0.4068457,0.1631543
1.6131543,2.8431542,4.2631545,3.5231543,1.0831543,2.1131544,1.7431543,2.0331542,1.5531543,0.3231543,-1.1368457,-3.6268456,-4.2268457,-4.8068457,-3.4468458,-3.4168458,-2.7668457,-3.3268456,-3.2168458,-3.9268458,-2.3368456,-3.4868457,0.5431543,-1.1468457,-2.0368457,-1.9368457,-1.5868458,-2.6168456,-0.10684571,-1.7168458,-1.7168458,-0.2368457,-1.1968457,-0.3268457,-0.4468457,-3.0268457,-1.4868457,1.8031543,1.1031543,1.2231543,0.9431543
2.1931543,2.0131543,4.9431543,2.6431544,3.8931544,3.2331543,2.4531543,2.6131544,2.3331542,0.5931543,-0.3968457,-2.2468457,-3.9068458,-4.6768456,-4.276846,-2.6568458,-2.7968457,-2.6968458,-2.8468456,-3.2668457,-2.3268456,-2.2068458,-2.4868457,-2.4668458,-3.2468457,-3.5868456,-2.7668457,-2.4368458,-2.6868458,-3.1068456,-2.5768456,-0.19684571,2.0331542,2.2731543,-0.6368457,-1.8668457,0.043154296,-0.8568457,-3.6268456,1.5831543,0.4631543
0.4431543,0.043154296,2.5331542,3.6531544,5.8831544,5.2131543,3.3631544,2.7031543,2.0131543,1.5031543,-1.2968457,-2.3168457,-3.3868456,-4.3868456,-3.5568457,-3.7368457,-2.1468458,-2.5968456,-2.1268456,-1.1968457,-2.3868456,-1.5168457,-1.9268457,-2.4768457,-2.1668458,-2.7168458,-3.0468457,-1.8868457,-2.0968456,-3.1968458,-4.3068457,-3.3268456,-1.1468457,-0.8368457,1.5331542,0.2131543,2.7931542,0.5631543,-1.0768456,-2.1768458,0.6431543
0.063154295,-0.5268457,-0.6868457,0.0731543,1.0531543,3.1931543,3.6131544,3.8131542,1.5231543,1.7531543,0.1231543,-2.4168458,-2.2868457,-1.5668457,-1.6668457,-2.7168458,-2.3468456,0.7431543,-1.4468457,-1.4068457,-1.9768457,-3.2368457,-0.7468457,-0.9068457,-2.4468458,-2.0868456,-3.7968457,-1.3968457,-2.1568458,-2.7168458,-4.0368457,-4.9868455,-5.4968457,-2.2868457,-1.6168457,-2.2068458,-4.4968457,-2.8468456,-0.9968457,-0.3368457,0.5331543
0.1331543,0.7031543,0.103154294,-0.5668457,-0.2268457,1.9731543,1.8431543,2.7231543,1.5131543,1.5931543,1.0431542,-0.10684571,-0.5668457,0.1131543,-1.6568457,-1.7168458,-1.9668458,-0.9468457,-1.1268457,-0.1768457,-2.3168457,-1.8668457,-2.8668456,-1.2468457,-1.1668457,0.0731543,-0.13684571,-2.1168456,-1.8668457,-3.5768456,-2.1768458,-2.8968458,-3.2068458,-3.3468456,-1.3168457,-0.6368457,-1.3068457,1.0431542,-0.4068457,-0.5268457,-1.1568457
-1.7668457,-2.1668458,-1.1168457,1.2631543,-0.5668457,1.1731544,1.2431543,1.2231543,1.4631543,1.1331543,-0.1768457,-1.1568457,-0.9368457,-1.8068457,-0.10684571,-2.0768456,0.3231543,2.0031543,2.0731542,1.3231543,0.4631543,-2.0468457,-1.2668457,-0.1568457,-0.056845702,0.19315429,0.0931543,-0.6168457,-1.0868458,-1.5168457,-2.1268456,-2.3868456,-1.9668458,-2.1068456,-1.8168457,-2.0668457,-3.1768458,-1.6368457,-1.4668458,-1.6068457,-2.2768457
-3.4568458,-3.1068456,-3.3868456,-2.5368457,-1.8668457,-1.7968457,-0.3668457,1.5531543,1.8531543,2.1431544,2.3431542,1.7331543,0.2531543,0.4231543,0.76315427,-1.5368457,1.8231543,1.1531543,1.7731543,1.7431543,-0.13684571,-1.4168457,2.1231544,0.4231543,0.1831543,2.3031542,1.3131543,0.2631543,-0.8468457,-1.0568457,-1.1068457,0.1831543,-0.1768457,-0.5168457,-1.7668457,-0.8068457,0.1631543,-2.6368456,-1.7368457,0.3331543,1.4631543
-5.0368457,-4.7668457,-5.166846,-4.1968455,-5.6768456,-4.9468455,-3.3068457,-1.7768457,1.2031543,0.8431543,2.3531542,2.0531542,3.1531544,0.51315427,-1.0668457,-0.6968457,0.2831543,0.3331543,1.8731543,3.8131542,2.4631543,2.8831544,0.7531543,2.0931542,0.6531543,1.1531543,1.4531543,2.0431542,1.5331542,0.2931543,0.6031543,1.8331543,2.0431542,0.6831543,-0.2568457,-0.7268457,-1.2568457,1.0031543,0.7131543,1.2431543,-0.076845706
-2.9768457,-3.6968458,-3.1768458,-4.856846,-4.436846,-5.8068457,-4.9668455,-4.026846,-3.2368457,-0.73684573,1.4231544,1.1131543,1.8731543,2.4431543,2.1831543,0.8931543,0.023154296,-0.4668457,1.1331543,1.7431543,1.9531543,1.6431543,1.8931543,2.0931542,0.9831543,0.6231543,2.3631544,1.8131543,1.3331543,0.4831543,0.8831543,2.7131543,2.2531543,1.6131543,0.8731543,-0.036845703,0.5231543,2.0631542,1.8431543,2.3931544,0.9731543
-0.7768457,-1.5468457,-1.9768457,-2.1368456,-2.3468456,-2.5968456,-2.4268458,-4.1768456,-4.4068456,-3.0368457,-1.4068457,0.023154296,0.3231543,1.4431543,0.8131543,1.0831543,0.9631543,0.4831543,1.1931543,1.4631543,3.2231543,3.6031542,3.1231544,2.4031544,1.5131543,1.7331543,0.8731543,0.6431543,-0.2668457,-0.1468457,0.9131543,2.1531544,2.4131544,1.3631543,2.0331542,1.7031543,0.2931543,-0.5468457,-1.4868457,-0.8668457,-0.10684571
-0.076845706,0.40315428,0.5031543,-0.0868457,-0.9768457,-1.6568457,-0.4068457,-1.0168457,-3.2368457,-4.186846,-1.2468457,-0.4068457,-0.34684572,-0.10684571,-0.3968457,-0.2168457,0.37315428,1.9131542,2.5931542,3.2131543,2.2531543,2.3031542,2.8131542,2.2431543,1.7031543,0.5631543,1.5931543,1.1031543,-0.3268457,-0.4268457,-0.3268457,0.8731543,2.0531542,2.8531542,2.0831542,1.9431543,0.8131543,-0.37684572,-0.8268457,-0.4668457,-1.0868458
-0.8568457,-0.9968457,-0.8468457,1.0031543,1.0731543,1.0231543,0.19315429,0.023154296,-0.8568457,-1.3268456,-0.7068457,-1.4768457,-0.3068457,-2.4668458,-0.8668457,-0.5568457,-1.0168457,0.9831543,1.1331543,0.2631543,2.1131544,3.5431542,3.1931543,3.1231544,2.7731543,2.3231542,2.5131543,2.0531542,1.2431543,-0.6168457,-0.1468457,0.1731543,1.6831543,2.4431543,2.4231544,2.2431543,1.0731543,0.3831543,-0.3068457,-0.4968457,0.2531543
