wind_kz.json
[{"header":{"discipline":0,"disciplineName":"Meteorological products","gribEdition":2,"gribLength":871,"center":7,"centerName":"US National Weather Service - NCEP(WMC)","subcenter":0,"refTime":"2023-09-24T12:00:00.000Z","significanceOfRT":1,"significanceOfRTName":"Start of forecast","productStatus":0,"productStatusName":"Operational products","productType":1,"productTypeName":"Forecast products","productDefinitionTemplate":0,"productDefinitionTemplateName":"Analysis/forecast at horizontal level/layer at a point in time","parameterCategory":0,"parameterCategoryName":"UnknownDiscipline_0_Category_0","parameterNumber":0,"parameterNumberName":"UnknownParameter_D0_C0_0","parameterUnit":"Unknown","genProcessType":2,"genProcessTypeName":"Forecast","forecastTime":300,"surface1Type":1,"surface1TypeName":"Ground or water surface","surface1Value":0.0,"surface2Type":255,"surface2TypeName":"Missing","surface2Value":0.0,"gridDefinitionTemplate":0,"gridDefinitionTemplateName":"Latitude_Longitude","numberPoints":615,"shape":6,"shapeName":"Earth spherical with radius of 6,371,229.0 m","gridUnits":"degrees","resolution":48,"winds":"true","scanMode":64,"nx":41,"ny":15,"basicAngle":0,"lo1":47.0,"la1":41.0,"lo2":87.0,"la2":55.0,"dx":1.0,"dy":1.0},"data":[288.1,281.7,284.8,292.8,293.0,292.3,291.0,292.6,290.4,292.8,294.2,294.7,293.6,290.6,289.9,286.1,286.0,285.8,285.4,286.5,288.8,285.8,285.8,283.3,283.5,286.2,284.1,270.0,269.3,269.1,269.9,265.2,277.2,284.3,287.5,288.5,288.5,288.1,286.6,286.5,285.0,273.1,283.6,292.2,292.7,292.5,291.3,288.9,290.0,292.4,289.9,292.9,292.5,292.5,291.2,285.2,283.4,282.8,284.2,283.3,284.3,284.8,286.6,285.2,279.7,271.2,268.3,277.5,269.4,270.0,266.7,271.7,264.1,271.2,262.0,269.4,284.8,284.5,285.6,286.5,281.1,283.5,284.5,292.0,292.4,291.9,290.5,287.1,287.5,288.9,291.0,291.0,291.6,291.9,291.9,288.4,287.1,284.0,282.5,279.7,280.8,282.6,284.0,285.3,282.8,280.9,283.8,282.4,284.0,283.4,283.7,275.4,263.3,268.4,274.9,274.4,278.9,279.0,272.2,271.3,271.9,269.7,268.3,285.4,291.0,291.9,291.1,289.4,284.9,287.3,287.0,289.3,291.2,290.6,289.9,290.1,289.4,287.2,283.8,282.9,279.6,282.2,282.5,282.7,278.3,285.3,286.2,285.1,285.7,285.7,282.8,282.1,282.3,282.8,282.8,285.1,284.0,284.1,282.9,273.6,264.2,272.0,279.2,282.3,286.1,290.3,290.7,290.0,288.4,286.3,287.6,287.8,287.9,289.1,291.3,288.6,288.8,287.7,286.3,285.8,283.2,282.4,281.7,285.0,284.9,284.9,284.4,285.4,284.4,284.2,282.6,283.1,282.2,282.3,284.4,282.8,272.7,262.3,274.2,283.2,286.6,285.5,285.7,285.7,284.8,284.5,285.1,289.2,289.7,289.8,289.4,287.0,287.7,286.5,287.9,291.4,290.0,288.5,288.6,287.0,284.6,285.3,282.7,284.5,285.2,283.5,283.7,284.1,284.0,283.4,281.3,280.5,285.9,282.5,282.4,280.6,282.7,281.6,279.1,280.8,286.6,276.7,277.6,279.6,282.7,282.2,282.3,282.8,286.4,287.9,288.4,288.1,287.0,287.6,285.4,286.5,286.6,287.2,288.9,288.5,286.8,287.5,285.8,283.2,282.1,283.7,282.1,283.4,284.5,283.8,282.2,281.4,279.0,280.7,280.6,281.2,280.7,281.5,281.1,282.2,283.3,281.9,277.3,274.1,270.9,270.7,278.6,281.6,281.3,283.3,286.2,286.5,286.0,286.1,283.9,282.3,283.0,283.4,284.8,287.7,288.8,287.6,287.6,285.3,284.3,282.0,279.9,281.2,281.2,282.5,282.2,281.1,278.5,278.9,278.0,276.5,278.6,277.7,278.1,277.5,276.9,276.7,276.6,278.2,285.4,278.8,278.6,276.1,279.8,281.3,283.2,283.1,284.7,284.3,283.2,282.9,281.1,280.4,281.5,282.6,284.9,286.8,286.9,288.5,287.6,286.5,283.1,280.8,279.4,280.4,281.7,280.0,279.5,280.0,277.0,276.5,275.5,274.3,275.5,276.5,276.4,277.8,277.6,276.6,276.1,275.6,267.9,266.4,263.5,278.3,280.0,280.4,280.8,281.5,281.8,281.7,281.1,279.8,279.7,279.7,280.6,283.4,284.8,284.9,285.6,286.6,286.9,286.1,281.7,280.8,280.7,281.6,281.2,280.4,279.3,278.8,278.2,277.7,277.6,278.0,279.9,280.7,280.1,278.8,277.1,276.8,273.0,270.3,270.6,267.7,278.8,278.9,279.4,280.1,280.4,280.1,280.9,281.9,279.2,278.2,277.8,277.7,279.8,280.3,282.9,284.6,284.7,285.5,285.2,282.3,281.3,281.4,281.2,281.4,280.5,279.8,277.9,279.5,280.0,281.2,281.6,281.8,280.9,281.1,279.9,277.8,275.1,272.0,271.1,272.0,270.6,276.5,278.2,278.5,278.4,278.3,278.9,278.9,278.7,279.3,278.3,275.7,276.0,277.9,277.7,278.9,280.2,283.7,284.2,284.4,283.8,283.0,280.6,280.5,281.0,280.4,280.3,280.2,281.2,281.6,281.9,281.6,281.7,282.0,279.8,280.0,278.6,278.5,277.8,277.2,276.3,274.6,275.8,275.6,277.2,277.7,278.2,278.2,278.4,278.8,281.7,276.8,276.0,273.2,276.5,276.2,277.4,278.5,279.7,280.2,284.5,283.6,283.3,282.0,281.3,280.2,280.9,281.5,282.1,281.2,281.5,281.5,281.6,281.8,281.8,280.7,280.5,279.6,278.7,279.1,277.5,276.2,275.9,281.5,282.4,284.1,277.3,277.1,276.9,277.8,277.5,277.0,277.0,275.3,273.9,273.8,276.2,277.0,277.7,278.2,278.5,279.5,281.6,283.6,283.6,284.3,283.6,282.0,281.8,281.5,281.9,281.2,281.2,281.4,281.4,281.1,280.5,280.1,278.8,278.7,277.6,276.8,276.2,275.7,277.4,279.4,284.7,280.3,276.7,275.9,276.7,275.4,276.6,276.3,276.6,274.9,274.7,275.8,276.1,277.2,277.4,277.5,277.7,278.6,280.7,283.0,283.7,283.8,282.9,282.8,281.9,281.6,281.7,281.4,281.7,282.8,281.1,280.5,280.4,280.5,280.1,278.1,278.4,277.7,277.1]},{"header":{"discipline":0,"disciplineName":"Meteorological products","gribEdition":2,"gribLength":1025,"center":7,"centerName":"US National Weather Service - NCEP(WMC)","subcenter":0,"refTime":"2023-09-24T12:00:00.000Z","significanceOfRT":1,"significanceOfRTName":"Start of forecast","productStatus":0,"productStatusName":"Operational products","productType":1,"productTypeName":"Forecast products","productDefinitionTemplate":0,"productDefinitionTemplateName":"Analysis/forecast at horizontal level/layer at a point in time","parameterCategory":2,"parameterCategoryName":"UnknownDiscipline_0_Category_2","parameterNumber":2,"parameterNumberName":"UnknownParameter_D0_C2_2","parameterUnit":"Unknown","genProcessType":2,"genProcessTypeName":"Forecast","forecastTime":300,"surface1Type":103,"surface1TypeName":"Specified height level above ground","surface1Value":10.0,"surface2Type":255,"surface2TypeName":"Missing","surface2Value":0.0,"gridDefinitionTemplate":0,"gridDefinitionTemplateName":"Latitude_Longitude","numberPoints":615,"shape":6,"shapeName":"Earth spherical with radius of 6,371,229.0 m","gridUnits":"degrees","resolution":48,"winds":"true","scanMode":64,"nx":41,"ny":15,"basicAngle":0,"lo1":47.0,"la1":41.0,"lo2":87.0,"la2":55.0,"dx":1.0,"dy":1.0},"data":[-3.2287328,1.041267,1.7112671,2.421267,2.151267,2.5212672,1.9612671,3.2612672,1.7012671,3.5112672,4.041267,-0.5587329,1.031267,-1.078733,-2.4487329,-0.8287329,0.4412671,0.2312671,-2.098733,-1.8787329,-3.018733,-0.9587329,-0.6187329,-2.038733,0.3312671,-1.4887329,-2.808733,-0.7487329,1.021267,0.9212671,-0.3587329,2.221267,0.8612671,1.661267,-1.4487329,-2.898733,-1.7587329,-0.9087329,-2.148733,-2.4487329,-1.468733,0.8112671,-0.13873291,4.851267,4.591267,3.5312672,3.461267,2.4912672,0.5612671,3.581267,4.301267,5.341267,-2.4987328,-1.0687329,-2.2587328,-0.5087329,-1.5087329,-0.9187329,-2.558733,-1.3787329,-2.108733,-1.6087329,-1.6487329,-1.2487329,-2.7287328,0.49126709,0.9712671,-0.5987329,0.31126708,-0.98873293,-0.4787329,0.2712671,0.01126709,1.4412671,1.4412671,0.6012671,0.5612671,-0.3287329,-1.2887329,-1.6987329,2.351267,-2.298733,1.271267,4.211267,4.421267,6.2012672,3.911267,1.5912671,1.4312671,3.0012672,2.2812672,1.4512671,2.8212671,-0.13873291,-1.218733,0.2312671,-1.2487329,-2.278733,-3.1987329,-1.3887329,-0.5287329,0.2312671,0.7912671,1.921267,-1.1087329,-0.46873292,0.8512671,1.0712671,-0.9187329,-1.4087329,-2.9587328,-0.2987329,-1.6687329,2.7912672,0.1512671,-1.228733,-0.25873291,-1.2887329,-0.7787329,-0.4587329,-1.1387329,0.09126709,2.3012671,2.621267,4.531267,4.9112673,5.281267,2.5012672,0.5012671,2.601267,2.3112671,2.5612671,2.7912672,2.0412672,-0.2087329,4.981267,0.01126709,-0.49873292,-1.0687329,-1.3887329,-0.9987329,0.5412671,1.791267,2.601267,1.0812671,3.0612671,2.5212672,-1.4187329,-1.0087329,-1.8087329,-1.8687329,-0.8987329,-0.8487329,-1.5587329,-4.198733,-2.278733,-2.4287329,-2.1787329,-2.548733,-0.5887329,1.5612671,0.06126709,-0.37873292,-0.5187329,2.0212672,3.331267,1.291267,1.3312671,0.3912671,0.3612671,0.9612671,1.8112671,2.831267,4.4512672,4.901267,2.581267,3.3112671,1.8212671,-0.07873291,-0.37873292,-0.04873291,-0.8987329,0.89126706,2.441267,2.901267,2.2912672,-2.9987328,-3.9387329,-4.458733,-4.6287327,-5.038733,-3.388733,-3.7487328,-3.0087328,-2.378733,-2.4587328,-2.358733,0.5812671,0.28126708,-0.24873291,-3.9587328,-3.778733,-2.9787328,-3.2587328,-3.398733,0.11126709,0.11126709,-1.968733,-3.0087328,-2.298733,-0.79873294,-0.7787329,0.3312671,1.6812671,3.231267,2.0212672,3.121267,2.0012672,0.28126708,0.2612671,0.8812671,0.5012671,-0.3887329,0.64126706,1.6212671,-1.3987329,-1.8887329,-3.328733,-4.408733,-4.928733,-5.408733,-3.068733,-4.238733,-3.558733,-2.608733,-2.6887329,-2.268733,-2.7087328,-1.2887329,-0.49873292,-6.458733,0.40126708,-3.328733,-0.7287329,-2.908733,-3.7387328,-0.8087329,-0.34873292,0.04126709,-0.018732911,0.3312671,1.0512671,1.2012671,-0.4287329,0.7812671,2.0212672,2.621267,3.601267,1.5512671,0.8412671,0.6812671,1.3712671,-0.7187329,1.2412671,-0.24873291,0.5412671,-1.1087329,-1.838733,-2.318733,-2.408733,-4.028733,-3.858733,-1.8987329,-2.578733,-2.4687328,-2.908733,-2.348733,-2.408733,-1.848733,-3.2487328,-5.058733,-3.028733,-1.478733,2.5412672,-2.9487329,1.4412671,-0.11873291,0.3312671,0.04126709,0.7812671,1.0512671,1.281267,1.3712671,0.46126708,-1.9087329,0.07126709,0.9312671,1.031267,2.611267,2.231267,1.6312671,1.041267,1.9812671,0.28126708,-0.31873292,0.7712671,0.4112671,1.781267,-0.4787329,-0.5687329,-1.1387329,-1.3587329,-0.8787329,-0.3687329,-1.1787329,-1.1987329,-1.8987329,-1.968733,-1.718733,-1.5087329,-1.5087329,-2.578733,-1.958733,-1.9487329,-5.438733,-3.9287329,-4.098733,-2.318733,0.6112671,0.76126707,0.49126709,0.24126709,0.09126709,-0.46873292,-1.0387329,-0.8387329,-1.1187329,-0.058732912,0.03126709,-1.458733,-2.288733,-3.278733,1.041267,0.8312671,1.7312671,0.5512671,1.5512671,1.3612671,1.4312671,2.0312672,0.9612671,-0.018732911,0.5412671,-0.2387329,-0.73873293,-0.7587329,0.12126709,-0.14873292,0.6112671,0.8612671,1.151267,-0.9787329,-1.6987329,-2.348733,-0.8287329,-1.588733,-1.5387329,0.4412671,-2.4487329,0.3812671,-0.06873291,-0.07873291,-0.9587329,-0.6387329,-0.8487329,-0.8787329,-1.4187329,-0.5987329,-0.5987329,-0.3387329,-1.338733,-0.8687329,-1.598733,-0.8687329,0.18126708,0.5212671,1.6412671,2.5412672,1.8412671,2.471267,3.0612671,2.981267,1.9312671,1.4612671,0.5412671,1.0912671,0.8112671,0.5612671,1.421267,0.8012671,1.0512671,-0.34873292,-1.8587329,-1.468733,-1.7587329,-2.398733,-0.60873294,-0.7787329,0.3012671,-1.6887329,-0.28873292,-1.1287329,-0.17873292,0.06126709,0.5312671,0.3612671,1.3312671,0.3512671,-0.79873294,-1.2987329,0.5512671,0.4812671,0.5212671,0.4412671,0.9812671,0.2712671,2.201267,2.621267,1.531267,1.5912671,3.5612671,2.8112671,3.101267,2.101267,1.6912671,0.8112671,1.2012671,1.7512671,1.2212671,1.921267,1.9512671,-0.8487329,-1.8887329,-0.9587329,-1.098733,-1.7487329,-1.4487329,0.19126709,-1.2387329,0.76126707,-1.2787329,0.5012671,-1.0087329,-0.7487329,0.12126709,1.1812671,0.6112671,1.1312671,0.76126707,-0.07873291,0.40126708,0.2312671,2.0412672,0.9312671,0.8812671,1.9812671,1.8612671,2.5412672,3.5012672,3.0312672,3.351267,4.6812673,3.481267,2.451267,2.121267,1.9412671,2.081267,1.7012671,2.471267,2.2512672,1.4612671,-0.3687329,-1.0187329,-0.8387329,-1.3587329,-0.5187329,-0.16873291,-0.2987329,-0.5587329,-0.04873291,-0.6487329,-0.7487329,1.6312671,1.3212671,2.0512671,1.6112671,1.5612671,1.4412671,1.8012671,1.7612671,0.6612671,1.421267,1.3312671,1.541267,2.231267,2.431267,2.0612671,1.8512671,1.9312671,1.8712671,2.891267,2.671267,2.421267,2.3012671,3.121267,1.901267,3.101267,2.381267,2.631267,1.9812671,1.4312671,0.6512671,-0.03873291,-0.31873292,-0.3587329,-0.5587329,-0.2987329,-0.14873292,-0.1287329,-0.9187329,-1.828733,-1.208733,-1.1087329,2.711267,2.2812672,3.711267,0.6012671,1.771267,1.901267,1.771267,1.9912671,1.281267,2.8212671,1.2112671,1.7312671,2.161267,3.2412672,3.5112672,2.971267,2.671267,2.641267,2.331267,2.5412672,4.071267,4.1812673,4.9512672,3.181267,2.871267,2.111267,1.0112671,1.4712671,0.76126707,0.7512671,0.4112671,0.1512671,-0.00873291,0.05126709,0.1512671,-0.058732912,-0.28873292,-0.49873292,-1.1987329,-0.4287329,-1.1287329,1.5612671,1.3112671,2.341267,1.3612671,2.3212671,2.401267,3.0012672,2.8012671,3.0312672,2.5212672,2.0412672,2.5412672,1.901267,2.181267,3.381267,3.2912672,3.2712672,3.5612671,3.0012672,3.5412672,4.021267,5.251267,4.971267,5.011267,3.0512671,2.461267,2.191267,1.4712671,1.531267,1.2012671,1.671267,1.1212671,0.5412671,0.34126708,0.51126707,1.031267,-0.6187329,0.82126707,0.5912671,-0.3087329,-1.458733]},{"header":{"discipline":0,"disciplineName":"Meteorological products","gribEdition":2,"gribLength":1025,"center":7,"centerName":"US National Weather Service - NCEP(WMC)","subcenter":0,"refTime":"2023-09-24T12:00:00.000Z","significanceOfRT":1,"significanceOfRTName":"Start of forecast","productStatus":0,"productStatusName":"Operational products","productType":1,"productTypeName":"Forecast products","productDefinitionTemplate":0,"productDefinitionTemplateName":"Analysis/forecast at horizontal level/layer at a point in time","parameterCategory":2,"parameterCategoryName":"UnknownDiscipline_0_Category_2","parameterNumber":3,"parameterNumberName":"UnknownParameter_D0_C2_3","parameterUnit":"Unknown","genProcessType":2,"genProcessTypeName":"Forecast","forecastTime":300,"surface1Type":103,"surface1TypeName":"Specified height level above ground","surface1Value":10.0,"surface2Type":255,"surface2TypeName":"Missing","surface2Value":0.0,"gridDefinitionTemplate":0,"gridDefinitionTemplateName":"Latitude_Longitude","numberPoints":615,"shape":6,"shapeName":"Earth spherical with radius of 6,371,229.0 m","gridUnits":"degrees","resolution":48,"winds":"true","scanMode":64,"nx":41,"ny":15,"basicAngle":0,"lo1":47.0,"la1":41.0,"lo2":87.0,"la2":55.0,"dx":1.0,"dy":1.0},"data":[2.6183178,0.45831788,-0.11168213,-8.151682,-7.5016823,-7.9616823,-5.181682,-5.2316823,-2.6016822,-1.6816821,2.248318,4.438318,2.298318,2.0883179,-0.90168214,-1.9116821,-1.9516821,-1.6716821,-2.191682,-1.8716822,-1.1716821,-2.001682,0.53831786,-1.2416822,-0.8516821,-1.3816822,-1.3816822,1.0983179,1.6083179,2.308318,-0.53168213,-1.8716822,0.09831787,-2.1116822,-2.9116821,-4.351682,0.13831787,1.7083179,0.30831787,1.1683179,1.9483179,1.4983178,-0.51168215,-3.8116822,-4.951682,-4.821682,-5.701682,-5.701682,-5.451682,-5.571682,-3.9216821,0.47831786,3.8583179,3.8783178,2.1983178,1.1183178,-0.88168216,1.5183178,-1.5816821,-2.8316822,-2.8116822,-2.191682,-2.6216822,-0.39168212,1.5683179,0.27831787,-0.95168215,-2.3516822,1.5783179,-0.15168212,1.4483179,4.4783177,3.528318,-0.70168215,-1.4116821,3.0883179,-2.5416822,-1.9616821,-2.0716822,-0.7316821,0.5883179,0.33831787,-1.0616821,-4.821682,-6.5016823,-5.201682,-3.5416822,-3.3516822,-4.181682,-5.6916823,-5.2316823,-6.121682,2.068318,4.068318,4.198318,2.9083178,2.568318,1.5683179,0.7083179,-0.84168214,-1.8416821,-3.271682,-3.3616822,-3.3316822,1.4383179,1.3783178,1.3283179,1.3183179,1.5783179,1.0283179,0.23831788,3.1183178,4.858318,1.6583179,2.478318,-0.5516821,-0.90168214,2.8483179,2.6883178,1.2283179,0.78831786,0.71831787,1.1483178,-2.1316822,-5.621682,-7.311682,-4.2116823,-1.5516821,-1.5816821,-3.281682,-3.6216822,-4.6916823,-4.101682,-2.8016822,3.1783178,1.2783179,5.188318,3.6883178,2.478318,1.2583178,-1.1816821,-2.491682,-2.941682,-1.8516822,0.59831786,-1.0716821,1.8283179,2.3583179,1.6383178,2.0783179,-0.47168213,3.1483178,2.278318,1.5683179,-0.64168215,-1.8516822,-0.35168213,-0.40168214,-1.2916821,0.7583179,2.558318,0.65831786,0.5583179,-0.21168213,-3.3316822,-6.061682,-6.5416822,-5.181682,-0.6616821,-1.6816821,-2.741682,-2.011682,-3.971682,-3.711682,-1.5016822,1.0283179,6.508318,5.108318,4.278318,3.1583178,1.6983179,-1.1316822,-2.8116822,-3.521682,-1.6116822,-0.37168214,0.92831784,0.96831787,0.6383179,-0.38168213,-0.13168213,-0.41168213,-0.48168212,-1.3216821,-1.7216821,0.9583179,2.3983178,3.8583179,-0.17168213,-1.3516822,1.4783179,-2.9016821,-2.721682,-0.42168212,-1.1316822,-3.5716822,-3.8216822,-7.131682,-6.891682,-6.571682,-4.561682,-1.3316821,-3.1716821,-4.2116823,-4.861682,-4.971682,-2.5616822,4.648318,6.7883177,4.8283176,3.218318,1.6883179,-1.1916821,-3.3716822,-3.8516822,-1.2916821,1.5383179,2.6783178,1.2583178,1.7383178,0.6283179,-0.05168213,0.5683179,-0.26168212,-0.9816821,-1.2316822,-0.23168212,0.38831788,-0.08168213,1.9183179,8.928318,3.1183178,3.6583178,0.17831787,-1.1516821,-1.0616821,-2.6716821,-3.4116821,-3.741682,-4.4616823,-4.4816823,-3.711682,-3.481682,-2.9216821,-3.8216822,-4.931682,-4.5216823,-1.9316821,3.8983178,6.0183177,6.048318,3.968318,3.9283178,0.6483179,-1.8416821,-3.0716822,-0.71168214,1.5783179,2.9283178,2.4483178,2.558318,1.6983179,0.16831787,-0.16168213,-1.0516821,-0.7916821,-1.1216822,-1.7016821,-2.4016821,-0.49168214,-0.5416821,-1.3616822,-3.001682,0.26831788,1.7983179,1.4583179,1.4683179,-2.711682,-3.251682,-3.3016822,-3.4216821,-3.681682,-3.6316822,-3.931682,-2.7916822,-3.1616821,-4.7916822,-4.561682,-4.351682,2.508318,5.238318,3.5783179,2.9283178,3.468318,2.3283179,0.7683179,-1.0616821,-0.11168213,1.6183178,2.8383179,4.098318,3.8783178,3.1283178,4.108318,1.2083179,0.5683179,-0.26168212,-0.7316821,-0.23168212,0.4483179,-0.57168216,0.34831786,0.27831787,0.5583179,1.4583179,-1.5916821,0.54831785,-1.6116822,-3.011682,-3.3116822,-3.231682,-3.481682,-3.6216822,-3.691682,-3.701682,-3.761682,-3.941682,-3.781682,-5.7116823,-5.141682,-4.911682,-5.611682,-0.15168212,1.7483178,0.21831787,3.0783179,2.778318,1.6183178,1.3783178,1.5483179,3.0783179,2.988318,3.8983178,3.508318,2.4083178,2.748318,2.3483179,1.9883178,1.9883178,1.7883179,1.2083179,2.518318,3.0783179,3.1283178,-1.5716821,0.86831784,2.058318,1.1083179,-2.5616822,-2.9016821,-2.9116821,-3.0716822,-2.961682,-3.5816822,-3.8816822,-4.081682,-3.6416821,-3.691682,-3.681682,-3.771682,-4.241682,-5.1716824,-4.391682,-4.5416822,-4.1916823,-4.141682,1.9783179,2.1283178,2.1183178,2.2083178,1.9083179,2.528318,3.268318,3.238318,3.978318,3.2083178,3.018318,2.568318,2.5783179,3.048318,3.068318,3.278318,3.1583178,2.218318,1.0383179,0.9483179,-1.8816822,0.5183179,3.1983178,3.3583179,-2.9016821,-2.6016822,-2.8516822,-3.271682,-3.2916822,-3.1616821,-3.1016822,-2.951682,-2.711682,-3.3416822,-3.181682,-1.8816822,-3.8116822,-3.971682,-4.311682,-2.471682,-3.6716821,-1.3516822,-0.72168213,-0.05168213,1.7083179,2.5783179,1.8583179,3.318318,3.3683178,3.528318,2.8383179,3.478318,3.6383178,3.288318,3.748318,4.068318,3.6883178,3.1283178,3.308318,1.6483178,1.1283178,2.4283178,1.7783179,1.7383178,0.6483179,-1.7716821,-1.8516822,-2.711682,-2.6316822,-2.6016822,-3.0416822,-2.501682,-1.4616821,-2.5916822,-2.001682,-1.5716821,-1.9716821,-2.941682,-3.1216822,-3.031682,-2.7916822,-3.931682,-1.4016821,0.36831787,1.3683178,-0.52168214,1.8883178,2.8383179,2.6683178,3.248318,3.308318,3.9483178,3.6683178,4.158318,3.6383178,3.778318,4.4583178,3.278318,3.4483178,2.6383178,2.228318,1.8283179,2.808318,2.308318,1.9783179,0.7683179,-0.7416821,0.02831787,0.06831787,-0.7916821,-1.9516821,-1.3016821,-0.6916821,-1.5116822,-2.011682,-1.3816822,-0.6216821,-0.29168212,-1.1416821,-2.281682,-2.2916822,-2.531682,-2.5816822,-2.8316822,-1.6516821,-0.28168213,0.30831787,-0.59168214,2.1383178,3.0883179,3.6583178,3.738318,4.098318,3.548318,3.7083178,3.988318,4.278318,4.428318,4.0583177,3.748318,3.478318,3.4583178,3.018318,1.5983179,2.3683178,1.0283179,0.48831788,0.65831786,-0.36168212,-1.0716821,-1.2816821,-1.1216822,-1.4116821,-1.4816822,-1.8616822,-0.65168214,-1.6516821,0.19831787,-0.32168213,-0.0116821285,-0.041682128,-0.6616821,-1.0616821,-1.3616822,-1.5616821,-2.281682,-2.8216822,-0.6116821,1.2483178,1.0383179,0.8283179,3.008318,3.1783178,3.6483178,4.588318,4.118318,4.2483177,4.3283176,4.4583178,4.238318,4.5183177,3.278318,3.558318,2.8283179,2.1283178,1.8483179,1.8383179,1.0383179,-0.19168213,-0.8616821,-1.7616822,-0.9116821,-1.4316821,-0.8516821,-0.59168214,-0.6816821,-0.6216821,-0.65168214,-0.51168215,0.92831784,0.90831786,-0.52168214,-0.041682128,-0.16168213,-0.77168214,-1.1116822,-0.6616821,-0.7316821,-1.8716822,-1.8816822,1.3483179,2.3383179,2.0783179,3.768318,4.3083177,4.858318,5.158318,4.988318,5.318318,6.348318,4.7083178,4.3283176,4.3283176,4.4583178,4.128318,3.778318,3.318318,3.528318,1.0483179]}]