wind_kz.json
{"header": {"discipline":0,"disciplineName":"Meteorological products","gribEdition":2,"gribLength":1025,"center":7,"centerName":"US National Weather Service - NCEP(WMC)","subcenter":0,"refTime":"2023-09-28T00:00:00.000Z","significanceOfRT":1,"significanceOfRTName":"Start of forecast","productStatus":0,"productStatusName":"Operational products","productType":1,"productTypeName":"Forecast products","productDefinitionTemplate":0,"productDefinitionTemplateName":"Analysis/forecast at horizontal level/layer at a point in time","parameterCategory":2,"parameterCategoryName":"UnknownDiscipline_0_Category_2","parameterNumber":2,"parameterNumberName":"UnknownParameter_D0_C2_2","parameterUnit":"Unknown","genProcessType":2,"genProcessTypeName":"Forecast","forecastTime":120,"surface1Type":103,"surface1TypeName":"Specified height level above ground","surface1Value":10.0,"surface2Type":255,"surface2TypeName":"Missing","surface2Value":0.0,"gridDefinitionTemplate":0,"gridDefinitionTemplateName":"Latitude_Longitude","numberPoints":615,"shape":6,"shapeName":"Earth spherical with radius of 6,371,229.0 m","gridUnits":"degrees","resolution":48,"winds":"true","scanMode":64,"nx":41,"ny":15,"basicAngle":0,"lo1":47.0,"la1":41.0,"lo2":87.0,"la2":55.0,"dx":1.0,"dy":1.0}, "data":
[rows 0 to 14 of 15, columns 0 to 40 of 41]
2.065049,-0.8149512,1.9550488,4.285049,1.8650489,-5.064951,-7.034951,-5.904951,-8.494951,-5.134951,-5.024951,-6.134951,-6.324951,-5.1849513,-4.0849514,-3.4749513,-1.8549511,-0.45495117,-1.5449512,0.42504883,-1.3449512,-0.59495115,-1.1449512,-1.3449512,-0.13495117,-2.5849512,-2.5749512,0.8850488,1.1450489,-0.6149512,-1.6149511,1.5850488,0.27504882,0.40504882,-2.394951,-3.3149512,-3.2149513,-2.184951,-3.2049513,-2.5949512,-1.9949511
0.7650488,2.0150487,2.6550488,-3.174951,-5.8349514,-7.014951,-4.5849514,-8.824951,-5.7249513,-6.2049513,-5.674951,-5.064951,-4.3549514,-3.4949512,-2.694951,-3.0549512,-0.9449512,-2.3549511,-1.6849512,-3.8149512,-2.2249513,-2.5649512,-2.0649512,-1.9349512,1.3550488,0.97504884,0.5150488,1.0450488,-0.5549512,-1.5949512,0.09504883,-0.47495118,-0.054951172,-1.7049512,0.06504883,-0.85495114,-1.4349512,-1.2649512,1.0850488,0.6950488,-2.0649512
0.89504886,3.1850488,-0.71495116,-2.134951,-6.1849513,-6.5849514,-6.8349514,-3.8149512,-6.534951,-5.2049513,-4.944951,-4.864951,-3.8749511,-3.0549512,-2.4749513,-2.5949512,-2.8649511,-2.904951,-3.4649513,-3.8549511,-2.5049512,-1.9049512,-3.0349512,-2.0849512,-0.20495117,1.0250489,3.1850488,3.325049,0.40504882,0.32504883,-0.6849512,1.5150489,-0.25495118,-0.7349512,0.6850488,-1.4049512,-0.83495116,-0.36495116,-1.5249512,-0.47495118,1.4850488
1.1750488,-0.6149512,-1.6549512,-4.9749513,-5.2249513,-5.364951,-3.4649513,-5.194951,-4.8349514,-4.2049513,-4.044951,-4.424951,-4.1249514,-3.6249511,-3.0349512,-2.6149511,-3.6249511,-2.944951,-2.2449512,-1.2649512,0.6350488,0.30504882,1.3750489,2.2950487,2.2650487,2.7050488,2.615049,1.1050488,-1.0049511,3.2750487,2.9350488,-1.4749511,-1.5149512,-2.7649512,-1.2349511,-1.7049512,-1.4149512,1.1850488,-0.6949512,-0.9349512,0.27504882
-1.7949512,-4.004951,-3.8049512,-3.0049512,-2.5649512,-2.654951,-2.7049513,-2.914951,-3.1249511,-3.0149512,-3.3449512,-4.1849513,-3.5549512,-3.0549512,-3.5249512,-3.2449512,-3.134951,-2.8149512,-1.7849512,-0.36495116,0.45504883,1.6150489,3.2950487,3.315049,3.7950487,3.0450487,1.3750489,0.9350488,-2.4549513,-0.5749512,-0.83495116,-0.22495118,-1.8949512,-0.89495116,-0.78495115,-0.12495117,-3.0249512,-3.5749512,-3.0449512,-3.6149511,-3.644951
-2.0549512,-1.9649512,-3.134951,-4.114951,-4.734951,-2.8449512,-2.194951,-2.5949512,-2.7949512,-2.9949512,-2.9849513,-3.2449512,-3.444951,-4.4749513,-4.1449513,-2.694951,-2.8149512,-1.8549511,-0.6149512,-0.054951172,1.4150488,3.7150488,4.2950487,2.825049,3.0350487,0.32504883,-2.8149512,-6.024951,-3.884951,-3.694951,-3.674951,-3.8149512,-2.4949512,-1.7849512,-0.84495115,-5.3549514,-0.17495117,-3.2249513,-1.1649512,-3.5249512,-4.1049514
1.1350489,-0.77495116,-0.8149512,-1.5249512,-0.42495117,-0.10495117,-1.1449512,-2.8249512,-3.0149512,-2.424951,-1.5849512,-2.8149512,-2.384951,-2.414951,-1.4949511,-1.2649512,-1.8249512,-1.7449511,-1.8249512,-0.9249512,-0.9249512,-1.6349511,-4.4549513,-3.9649513,-7.024951,-6.8749514,-5.3349514,-5.7449512,-5.4349513,-4.1049514,-5.344951,-4.634951,-1.1149511,-2.7549512,-4.194951,-3.2949512,-0.77495116,2.0450487,-2.8649511,1.7650489,-0.23495117
-1.2549511,1.2350488,0.71504885,2.2350488,1.0250489,1.7450489,0.53504884,-2.3249512,-2.0349512,-1.8649511,-2.3649511,-2.2449512,-3.0949512,-2.3749511,-1.2749512,-0.85495114,-1.5949512,-2.2449512,-2.2749512,-2.414951,-1.8449512,-3.3149512,-3.2449512,-5.4749513,-4.0849514,-2.904951,-4.324951,-5.304951,-6.6049514,-4.294951,-6.0849514,-2.7349513,-5.7449512,-0.7449512,-2.7849512,-1.4049512,0.055048827,-3.5249512,-3.5849512,-3.7549512,-2.694951
-0.19495118,-0.38495117,-0.23495117,-0.8149512,-0.65495116,-0.72495115,-1.6449512,-2.0749512,-2.7749512,-3.4949512,-2.2849512,-1.5949512,-1.2449511,-1.9449512,-1.8449512,-1.2549511,-1.1449512,-2.5949512,-2.384951,-2.8149512,-3.6149511,-2.684951,-2.3549511,-3.8149512,-3.5949512,-3.0249512,-2.0449512,-3.2649512,-1.5449512,-2.674951,-4.294951,-2.0249512,-0.13495117,-0.8149512,-0.25495118,-0.04495117,-1.5649512,-2.194951,-1.3549511,-0.51495117,-2.5949512
0.98504883,0.7450488,-0.9949512,-1.1449512,-1.8849511,-1.0749512,-2.2049513,-2.4949512,-2.4649513,-1.3349512,-1.6449512,-1.4549512,-1.1349511,-0.47495118,-1.4149512,-1.7349511,-2.2849512,-1.7149512,-3.1249511,-2.654951,-3.5949512,-3.1049511,-2.8549511,-3.2049513,-3.944951,-4.864951,-4.044951,-4.634951,-3.8049512,-3.7349513,-2.194951,-1.5149512,-0.33495116,0.055048827,0.38504884,-1.1349511,-1.7849512,-0.45495117,-2.684951,-0.59495115,-1.4849511
1.4850488,0.65504885,-0.5549512,-0.8749512,-1.2249511,-1.4749511,-1.3349512,-2.7049513,-2.5549512,-2.6149511,-1.1449512,0.49504882,-0.36495116,-0.004951172,1.2650489,0.29504883,-1.4749511,-1.8749511,-3.2249513,-2.8749511,-2.7149513,-2.8149512,-3.1049511,-3.5549512,-3.144951,-3.4549513,-3.3349512,-2.7949512,-3.3149512,-2.634951,-2.894951,-2.674951,-2.144951,-1.6249511,-0.8749512,-0.7349512,-1.4849511,-0.24495117,-1.3049512,0.9950488,-1.5649512
0.085048825,1.7450489,1.6450489,0.22504883,-0.84495115,-0.6949512,-0.95495117,-0.77495116,-0.52495116,-1.5949512,-0.8749512,0.8050488,-0.014951172,0.25504884,1.6750488,1.4150488,0.32504883,-0.8049512,-1.8649511,-1.9449512,-2.4549513,-2.5349512,-3.0349512,-2.8049512,-2.4849513,-2.444951,-2.5349512,-2.4749513,-2.664951,-2.934951,-2.7749512,-3.154951,-2.0649512,-2.7749512,-2.144951,-2.664951,-2.894951,-1.4849511,-0.60495114,-0.7449512,-0.65495116
0.19504882,0.42504883,1.0850488,1.1250489,0.8150488,-0.6149512,-0.49495116,-0.30495116,-0.48495117,-1.2749512,-0.9949512,0.27504882,0.5750488,1.8150488,1.7450489,1.3350488,0.98504883,0.47504884,-0.5049512,-0.64495116,-0.96495116,-0.84495115,-0.31495118,-0.91495115,-0.034951173,-0.7349512,-1.5349512,-2.164951,-2.0949512,-1.9649512,-2.0449512,-2.2949512,-2.3149512,-2.7349513,-2.2749512,-2.8749511,-2.684951,-1.7349511,-3.0749512,-1.8149512,-1.0649512
0.34504882,-0.27495116,1.9450488,0.54504883,0.54504883,0.41504884,0.6250488,0.5650488,0.9350488,0.09504883,-0.97495115,-0.5549512,1.4150488,1.8450488,1.1850488,1.4250488,1.3050488,1.0150489,-0.094951175,0.7450488,0.65504885,0.7050488,0.78504884,0.66504884,0.14504883,-0.39495116,-0.5749512,-0.38495117,-0.60495114,-0.04495117,-0.21495117,-0.23495117,-0.5749512,-0.8149512,-0.96495116,-1.3249512,-1.4449512,-1.4349512,-1.2549511,-0.9949512,-0.7949512
1.1450489,0.27504882,0.27504882,1.3850489,1.7550489,-1.0749512,0.9250488,0.72504884,0.8750488,0.22504883,-0.58495116,0.13504882,0.25504884,0.5550488,1.8550488,1.4250488,1.6850488,1.6850488,0.91504884,1.2650489,1.1250489,1.2550489,1.0550488,1.0450488,1.0650488,0.85504884,1.0750488,1.3150488,1.3450488,1.4950489,2.2550488,1.6150489,0.98504883,1.3850489,1.3850489,1.7450489,0.09504883,0.96504885,0.7650488,-0.18495117,-0.9849512
