wind_kz.json
{"header": {"discipline":0,"disciplineName":"Meteorological products","gribEdition":2,"gribLength":1025,"center":7,"centerName":"US National Weather Service - NCEP(WMC)","subcenter":0,"refTime":"2023-08-18T00:00:00.000Z","significanceOfRT":1,"significanceOfRTName":"Start of forecast","productStatus":0,"productStatusName":"Operational products","productType":1,"productTypeName":"Forecast products","productDefinitionTemplate":0,"productDefinitionTemplateName":"Analysis/forecast at horizontal level/layer at a point in time","parameterCategory":2,"parameterCategoryName":"UnknownDiscipline_0_Category_2","parameterNumber":2,"parameterNumberName":"UnknownParameter_D0_C2_2","parameterUnit":"Unknown","genProcessType":2,"genProcessTypeName":"Forecast","forecastTime":300,"surface1Type":103,"surface1TypeName":"Specified height level above ground","surface1Value":10.0,"surface2Type":255,"surface2TypeName":"Missing","surface2Value":0.0,"gridDefinitionTemplate":0,"gridDefinitionTemplateName":"Latitude_Longitude","numberPoints":615,"shape":6,"shapeName":"Earth spherical with radius of 6,371,229.0 m","gridUnits":"degrees","resolution":48,"winds":"true","scanMode":64,"nx":41,"ny":15,"basicAngle":0,"lo1":47.0,"la1":41.0,"lo2":87.0,"la2":55.0,"dx":1.0,"dy":1.0}, "data":
[rows 0 to 14 of 15, columns 0 to 40 of 41]
-1.898042,1.0719581,-3.648042,-5.048042,-5.058042,-5.168042,-9.168042,-9.838042,-10.328042,-8.938042,-8.828042,-8.768042,-8.008042,-7.788042,-7.008042,-5.658042,-5.398042,-6.068042,-4.898042,-3.148042,-2.578042,1.491958,3.241958,4.361958,3.931958,4.531958,4.481958,6.261958,6.431958,7.931958,3.321958,4.541958,1.481958,0.611958,-0.13804199,-2.398042,-3.178042,-6.058042,-5.038042,-3.138042,-6.898042
1.391958,-4.598042,-6.028042,-5.158042,-3.418042,3.131958,-7.658042,-8.788042,-9.458042,-8.508042,-8.818042,-8.938042,-7.718042,-7.038042,-6.988042,-6.708042,-5.788042,-6.188042,-5.458042,-3.368042,-0.448042,-0.828042,1.731958,3.161958,3.411958,-0.628042,2.671958,5.861958,9.581958,5.201958,6.971958,5.131958,-0.688042,0.511958,-0.43804199,-1.938042,-4.998042,-3.638042,-2.448042,-3.178042,-3.978042
-5.448042,-7.138042,-6.538042,-5.898042,-3.778042,-5.638042,-6.708042,-7.088042,-7.918042,-8.328042,-8.398042,-7.698042,-6.218042,-6.878042,-6.248042,-5.478042,-5.138042,-4.448042,-3.958042,-2.778042,-1.518042,-1.278042,-3.558042,-4.998042,-1.958042,-0.668042,-0.058041994,2.411958,4.281958,-0.988042,1.081958,-1.638042,2.2619581,2.961958,-4.318042,-1.788042,0.17195801,-0.24804199,3.711958,-1.708042,-1.698042
-6.888042,-6.698042,-5.358042,-2.208042,2.5119581,-4.038042,-4.188042,-5.568042,-5.988042,-6.918042,-6.898042,-5.938042,-4.158042,-1.828042,-0.008041992,-3.538042,-3.428042,-3.058042,-3.518042,-3.118042,-3.248042,-4.578042,0.031958006,-0.278042,-0.798042,-0.608042,-0.068041995,-2.298042,-3.018042,-1.718042,1.941958,0.741958,7.951958,8.931958,7.101958,3.211958,0.751958,0.54195803,-1.738042,-5.198042,-2.328042
-7.528042,-5.058042,-3.798042,0.951958,-0.418042,-3.588042,-2.928042,-3.248042,-3.918042,-3.388042,-2.508042,-1.888042,1.541958,1.691958,3.651958,1.9519581,-1.188042,-0.928042,-0.888042,-1.718042,-1.808042,-2.018042,-0.758042,0.211958,-0.668042,-1.208042,-3.818042,2.301958,-2.208042,-0.448042,0.001958008,0.281958,-1.628042,1.221958,-3.218042,-3.968042,-0.25804198,-4.218042,-3.688042,-2.328042,-0.728042
-4.198042,-3.068042,-2.748042,-3.138042,-4.058042,-3.688042,-0.818042,-2.038042,-0.658042,-1.788042,1.271958,3.311958,2.831958,6.241958,7.801958,6.181958,2.161958,3.141958,-0.008041992,1.621958,-1.748042,-1.608042,-1.638042,-2.008042,-1.4280419,-0.508042,-0.688042,-2.958042,0.881958,0.16195801,0.331958,-0.498042,1.891958,0.451958,0.941958,3.371958,0.19195801,3.231958,-2.968042,-1.668042,-2.308042
-4.248042,-2.418042,-2.578042,-2.848042,-2.648042,-0.838042,1.031958,-0.34804198,0.79195803,1.471958,3.161958,4.981958,5.741958,5.341958,4.201958,3.371958,2.291958,2.141958,0.961958,2.291958,-0.808042,-0.89804196,-1.288042,-1.228042,-0.018041993,-3.7380419,-1.638042,-0.508042,-0.808042,-0.11804199,0.001958008,0.511958,0.22195801,1.531958,3.051958,2.241958,3.471958,-1.348042,1.871958,-0.89804196,-0.998042
-1.648042,-2.878042,-1.878042,-1.468042,-0.918042,-0.068041995,0.151958,1.481958,1.831958,3.341958,4.761958,5.331958,4.081958,4.261958,1.631958,0.16195801,-1.538042,1.871958,0.551958,3.191958,2.701958,0.05195801,-0.748042,-0.07804199,-3.258042,-0.568042,0.511958,2.391958,-0.918042,0.381958,-1.558042,0.061958008,0.13195801,-1.308042,-0.128042,-0.238042,1.051958,2.191958,5.101958,4.161958,5.131958
0.46195802,-1.968042,-0.938042,1.011958,0.671958,1.121958,0.881958,2.401958,3.621958,4.431958,4.431958,5.531958,4.251958,4.381958,2.571958,-3.008042,-1.598042,0.921958,0.621958,1.541958,2.481958,-0.478042,-0.058041994,-0.208042,-1.468042,-0.778042,-0.658042,0.581958,0.611958,1.441958,1.721958,2.421958,0.031958006,0.381958,-1.018042,1.081958,0.201958,0.871958,1.311958,0.581958,1.521958
-0.28804198,0.271958,0.49195802,0.911958,1.091958,1.801958,2.541958,2.661958,4.331958,4.471958,5.651958,6.001958,4.131958,2.921958,2.0119581,-2.198042,-2.028042,-0.70804197,1.4519581,1.251958,2.331958,-0.108041994,-0.558042,0.061958008,-0.688042,1.531958,2.131958,0.231958,1.671958,1.921958,0.60195804,-0.508042,0.781958,2.091958,-0.24804199,-1.058042,0.821958,0.54195803,2.021958,0.821958,-0.698042
1.671958,1.3219581,-1.318042,1.791958,1.141958,3.371958,1.4519581,2.471958,4.081958,6.491958,4.321958,6.981958,5.771958,0.281958,0.211958,-0.51804197,-0.658042,-0.488042,0.331958,-0.978042,0.54195803,0.12195801,1.021958,-0.868042,0.321958,0.671958,-0.18804199,1.541958,3.371958,4.081958,1.901958,1.411958,-0.398042,-1.438042,-1.248042,-0.798042,-0.40804198,0.621958,0.871958,0.14195801,-0.388042
2.491958,2.971958,2.671958,2.501958,2.231958,0.671958,2.281958,1.721958,3.421958,4.901958,4.691958,4.971958,2.141958,0.031958006,0.09195801,-0.368042,0.061958008,0.22195801,0.931958,-1.448042,0.16195801,0.621958,1.471958,-0.18804199,-3.178042,2.151958,3.801958,5.251958,5.871958,4.871958,1.481958,1.351958,-0.818042,-0.51804197,-0.24804199,0.671958,-0.22804199,-2.808042,-1.7980419,-2.368042,-1.608042
2.981958,3.791958,5.031958,3.721958,2.141958,1.3219581,0.901958,3.381958,4.851958,4.951958,1.481958,4.971958,-1.838042,-0.95804197,0.301958,-0.308042,-0.148042,0.511958,0.46195802,-0.178042,0.681958,0.031958006,0.09195801,0.351958,3.001958,2.021958,4.721958,4.351958,4.031958,4.281958,2.611958,0.31195801,-1.118042,-0.13804199,0.781958,-0.448042,-1.848042,-1.448042,-2.598042,-2.358042,-0.978042
4.731958,2.811958,1.181958,4.071958,3.301958,3.141958,2.641958,3.7619581,3.251958,2.661958,1.341958,2.381958,-0.40804198,-0.568042,0.181958,0.421958,-0.08804199,0.961958,0.151958,0.34195802,0.021958008,-0.528042,0.22195801,-1.598042,0.631958,0.651958,1.311958,0.551958,1.171958,1.911958,1.491958,0.771958,0.37195802,-1.2980419,-1.218042,-0.818042,-0.028041992,-1.648042,-0.908042,0.561958,0.98195803
1.9519581,0.991958,-0.468042,3.051958,2.201958,0.881958,1.851958,1.231958,2.601958,0.481958,-0.588042,2.021958,0.951958,1.691958,1.111958,1.391958,0.451958,0.811958,0.611958,1.151958,0.831958,0.17195801,-0.298042,0.10195801,-0.25804198,-0.388042,-0.728042,-0.948042,-0.538042,-0.498042,-0.718042,1.731958,-0.498042,-0.888042,0.261958,0.481958,0.181958,1.231958,1.601958,2.651958,0.651958
