wind_kz.json
{"header": {"discipline":0,"disciplineName":"Meteorological products","gribEdition":2,"gribLength":1102,"center":7,"centerName":"US National Weather Service - NCEP(WMC)","subcenter":0,"refTime":"2023-09-23T12:00:00.000Z","significanceOfRT":1,"significanceOfRTName":"Start of forecast","productStatus":0,"productStatusName":"Operational products","productType":1,"productTypeName":"Forecast products","productDefinitionTemplate":0,"productDefinitionTemplateName":"Analysis/forecast at horizontal level/layer at a point in time","parameterCategory":2,"parameterCategoryName":"UnknownDiscipline_0_Category_2","parameterNumber":3,"parameterNumberName":"UnknownParameter_D0_C2_3","parameterUnit":"Unknown","genProcessType":2,"genProcessTypeName":"Forecast","forecastTime":300,"surface1Type":103,"surface1TypeName":"Specified height level above ground","surface1Value":10.0,"surface2Type":255,"surface2TypeName":"Missing","surface2Value":0.0,"gridDefinitionTemplate":0,"gridDefinitionTemplateName":"Latitude_Longitude","numberPoints":615,"shape":6,"shapeName":"Earth spherical with radius of 6,371,229.0 m","gridUnits":"degrees","resolution":48,"winds":"true","scanMode":64,"nx":41,"ny":15,"basicAngle":0,"lo1":47.0,"la1":41.0,"lo2":87.0,"la2":55.0,"dx":1.0,"dy":1.0}, "data":
[rows 0 to 14 of 15, columns 0 to 40 of 41]
1.3978955,-0.1521045,0.7978955,-4.0321045,-1.7921045,-1.7621045,-1.4721045,0.5878955,0.5378955,0.3378955,-1.8521045,-3.5921044,-2.8821044,-5.2321043,-6.2021046,-6.5321045,-7.0321045,-6.0721045,-5.5421047,-4.0221043,-4.0321045,-3.7521045,-1.9621044,1.3478955,-0.45210448,3.1578956,-2.2421045,2.7578955,2.9978955,-0.5821045,-1.3321044,-0.8921045,1.1878955,0.087895505,1.8678955,0.7478955,1.0378956,0.8678955,0.9978955,0.3178955,1.7478955
2.0978956,1.6078955,0.5578955,-2.2821045,-0.4021045,0.4978955,-1.5121045,1.3878955,0.6978955,0.32789552,-1.1421045,-2.1121044,-3.6021044,-2.1521044,-5.6221046,-6.0421047,-5.3121047,-3.3921044,-5.5521045,-4.0921044,-3.3421044,-4.5021043,-3.4621046,3.1378956,3.6978955,3.7078955,0.4078955,3.8678956,0.7978955,3.2278955,6.1278954,4.0078955,0.3878955,0.2078955,-3.7121046,-0.7721045,-0.9421045,-1.2121044,-0.6121045,0.3678955,0.4178955
1.9178956,2.7478955,0.5478955,-0.9121045,-0.092104495,-1.0121045,-0.6421045,0.2378955,1.9178956,1.2578955,-1.4921045,-1.0321045,-3.1721046,-1.6421045,-4.4721045,-4.7521043,-4.4321046,-7.5721045,-8.992105,-7.3321047,-6.0821047,-4.5121045,-0.4421045,3.4078956,-2.8121045,-1.3521045,-0.11210449,1.4678955,-1.2921045,-1.3221045,3.8778956,0.9678955,-0.1521045,-1.0821044,-0.11210449,2.8778956,4.6578956,1.1178955,-0.10210449,-0.9721045,0.6578955
-1.0421045,-1.0521045,-0.7521045,-0.6921045,-1.5021045,-0.5121045,-0.5021045,0.11789551,0.6678955,-0.3421045,-1.8121045,-3.2621045,-5.4321046,-6.5421047,-5.6921043,-4.2821045,-4.0921044,-3.6221044,-6.8121047,-6.6821046,-6.7721043,-3.1721046,-7.3821044,-5.1521044,-2.0821044,-1.2621045,-1.0921044,4.0378957,6.2178955,1.0078955,-5.7621045,-4.8021045,-0.07210449,-0.14210449,-0.042104494,-0.6921045,-0.012104493,1.7878956,3.0378954,0.027895508,-0.3021045
-0.6721045,-0.7421045,-0.8821045,-0.5421045,0.87789553,0.8678955,0.29789552,1.1878955,1.4278955,0.5778955,-1.2221045,-3.8021045,-5.7921047,-6.3421044,-7.8621044,-5.5721045,-6.2321043,-6.6021047,-6.3621044,-7.3421044,-6.3421044,-6.9821043,-4.4421043,-2.1921046,1.0078955,1.3778955,2.8378954,2.8278954,3.8878956,5.5778956,3.7878954,1.2478955,3.1778955,2.0478954,-0.8021045,-0.8321045,0.39789551,-0.8521045,-1.7421045,-1.1021045,-0.07210449
-0.4921045,-1.2821045,-4.2721043,0.8078955,4.4478955,3.0678954,0.87789553,-0.2021045,-0.4621045,0.3378955,-1.2821045,-2.9621046,-5.2521043,-7.5121045,-7.1921043,-6.2921047,-7.4421043,-7.0921044,-8.192104,-7.7121043,-6.9821043,-8.642104,-7.9821043,-5.1421046,-1.2021044,1.0478956,1.6878955,5.9078956,6.5878954,5.8578954,4.9778957,4.3078957,4.7478957,0.9078955,1.5778955,0.1778955,-0.6521045,3.6378956,0.9678955,-0.9221045,-0.6121045
-0.7421045,0.29789552,-0.022104492,-0.5721045,-0.5321045,-0.3321045,0.3378955,0.45789552,-0.8321045,0.3478955,-0.7621045,-2.6221044,-4.3221045,-4.9821043,-5.6121044,-6.7621045,-6.5921044,-6.4121046,-8.462105,-9.432104,-8.2821045,-9.872105,-9.762104,-8.252105,-5.3821044,-1.5221045,3.6078956,2.9978955,6.3978953,6.8578954,1.6278955,6.7578955,8.337895,4.4978957,-1.1921045,-2.5621045,-2.7421045,-0.24210449,0.4478955,0.48789552,2.7878954
-1.8021045,-1.1221045,-0.68210447,1.0178955,1.1078955,0.4178955,0.8478955,1.1778955,0.3478955,-1.3621045,-2.2021046,-2.0421045,-3.8221045,-4.8621044,-5.9721045,-6.9721045,-6.5121045,-7.9921045,-7.6921043,-8.752105,-9.502105,-10.262104,-10.512104,-10.062104,-8.252105,-3.0521045,0.8478955,2.9078956,6.3678956,7.5778956,2.5778954,9.047895,4.5278955,4.2878957,6.7378955,1.1378955,2.3278954,3.2178955,-1.5921044,0.5778955,-1.9921045
-1.0221045,-2.1021044,-1.7221045,-1.6121045,1.4878955,1.8378955,2.1678956,1.6678956,1.3078955,-0.2121045,-1.8421044,-2.6021044,-3.3421044,-4.7821045,-5.8421044,-6.7821045,-7.1921043,-7.4121046,-7.5821047,-8.132105,-8.382105,-10.852104,-12.002105,-11.912105,-10.512104,-7.6321044,0.8378955,4.4778957,4.4378953,7.0978956,7.2078953,6.3578954,5.8178954,3.6978955,4.1178956,3.9578955,-1.1321045,2.4178956,1.6478955,0.45789552,-1.1821045
-0.042104494,-1.4221045,-2.1621046,-2.4121046,-1.6721045,2.3978956,2.6578956,2.0978956,1.2778955,0.4778955,-0.9621045,-2.3821044,-3.3421044,-4.2921047,-5.3821044,-6.4521046,-6.9221044,-7.3121047,-7.2521043,-7.4921045,-8.152104,-9.072104,-10.452105,-11.942104,-12.442104,-10.772104,-10.622105,-3.1021044,1.8578955,1.1478955,0.4078955,-0.26210448,-0.2021045,-1.9821045,-0.3921045,0.8278955,1.2878956,-1.3221045,1.5078955,4.1878953,3.2278955
1.4178956,-0.092104495,-1.1821045,-1.8421044,-1.7321045,-1.2121044,3.1378956,2.7578955,1.4778955,0.7578955,-0.4621045,-1.4021045,-3.0421045,-3.8021045,-4.8421044,-5.6921043,-6.8121047,-7.4921045,-7.5321045,-8.392104,-8.242105,-9.052105,-10.042105,-11.232104,-11.852104,-11.852104,-12.022104,-11.472104,-9.102104,-6.4321046,-6.4121046,-3.6421044,-3.0021045,-4.3021045,-4.9121046,-2.2021046,-1.0021045,0.7178955,-0.08210449,-0.07210449,0.4078955
1.9578955,1.8978955,0.7878955,-0.10210449,-1.4621044,-1.5321045,2.6178956,2.9978955,2.2678955,0.81789553,-0.012104493,-1.7121044,-2.6521044,-3.2021046,-3.9321046,-4.6721044,-5.1721044,-6.4121046,-6.3021045,-7.2621045,-7.7021046,-8.272104,-8.922105,-9.612104,-10.382105,-11.202105,-10.052105,-10.142104,-9.062104,-8.492105,-7.5121045,-7.4421043,-5.4221044,-5.0821047,-4.7921047,-5.7121043,-4.7621045,-2.6621046,-1.3721045,-0.8621045,-1.3921045
1.8978955,2.3278954,2.6778955,1.3078955,-0.4421045,-0.5021045,1.3278955,4.0278955,5.3778954,2.5078955,0.39789551,-0.2721045,-2.2521045,-2.7821045,-3.2121046,-3.5621045,-4.1521044,-4.5421047,-5.3521047,-5.8721046,-6.2421045,-6.4821043,-7.0521045,-7.3521047,-8.5321045,-8.722104,-8.972104,-8.642104,-8.302105,-7.3321047,-7.3021045,-6.5721045,-6.1321044,-6.2121043,-5.5821047,-5.4521046,-5.7921047,-3.9721045,-5.4721045,-4.3321047,-2.6721046
2.6478956,2.4878955,3.8978956,2.3678956,0.4978955,0.21789551,-0.7021045,-0.062104493,4.2878957,5.1178956,1.0378956,0.3478955,-0.5321045,-1.5121045,-2.4621046,-2.8621044,-3.0921044,-3.6121044,-4.0721045,-4.6121044,-5.0721045,-5.3921046,-5.8121047,-6.2421045,-6.6221046,-7.1521044,-7.4621043,-7.0321045,-6.9021044,-6.2221045,-6.2021046,-6.0221043,-5.6421046,-5.4721045,-5.1521044,-5.6221046,-5.1521044,-5.4021044,-5.7121043,-5.7821045,-3.2621045
1.9878955,2.6778955,4.9878955,2.4078956,1.8278955,0.9178955,0.5078955,0.3778955,0.7978955,1.1978955,0.8978955,1.4378955,1.2778955,0.07789551,-1.3721045,-2.0521045,-2.6921046,-2.9421046,-3.2921045,-3.5521045,-3.8321044,-4.2221045,-4.6121044,-5.3021045,-5.2421045,-5.6321044,-5.9521046,-5.7921047,-5.8121047,-5.6321044,-5.5221043,-6.2721043,-4.9821043,-5.1121044,-5.0821047,-5.2621045,-5.3521047,-5.1721044,-5.2121043,-6.7321043,-4.7821045
