wind_kz.json
{"header": {"discipline":0,"disciplineName":"Meteorological products","gribEdition":2,"gribLength":871,"center":7,"centerName":"US National Weather Service - NCEP(WMC)","subcenter":0,"refTime":"2023-08-20T12:00:00.000Z","significanceOfRT":1,"significanceOfRTName":"Start of forecast","productStatus":0,"productStatusName":"Operational products","productType":1,"productTypeName":"Forecast products","productDefinitionTemplate":0,"productDefinitionTemplateName":"Analysis/forecast at horizontal level/layer at a point in time","parameterCategory":0,"parameterCategoryName":"UnknownDiscipline_0_Category_0","parameterNumber":0,"parameterNumberName":"UnknownParameter_D0_C0_0","parameterUnit":"Unknown","genProcessType":2,"genProcessTypeName":"Forecast","forecastTime":60,"surface1Type":1,"surface1TypeName":"Ground or water surface","surface1Value":0.0,"surface2Type":255,"surface2TypeName":"Missing","surface2Value":0.0,"gridDefinitionTemplate":0,"gridDefinitionTemplateName":"Latitude_Longitude","numberPoints":615,"shape":6,"shapeName":"Earth spherical with radius of 6,371,229.0 m","gridUnits":"degrees","resolution":48,"winds":"true","scanMode":64,"nx":41,"ny":15,"basicAngle":0,"lo1":47.0,"la1":41.0,"lo2":87.0,"la2":55.0,"dx":1.0,"dy":1.0}, "data":
[rows 0 to 14 of 15, columns 0 to 40 of 41]
293.9712,288.8712,294.3712,299.6712,299.4712,298.1712,298.5712,301.5712,299.77118,299.9712,299.8712,300.1712,298.9712,298.4712,297.9712,295.9712,296.5712,297.4712,296.1712,297.27118,296.4712,292.0712,292.1712,289.8712,290.8712,293.1712,291.1712,276.1712,274.27118,275.1712,276.8712,280.8712,290.27118,297.0712,298.8712,298.9712,299.8712,300.6712,300.5712,299.4712,299.3712
275.0712,294.6712,299.5712,299.6712,299.5712,298.1712,298.1712,298.9712,298.8712,299.8712,299.9712,299.0712,297.1712,295.27118,292.6712,293.77118,295.0712,295.5712,294.8712,295.3712,295.1712,294.9712,293.77118,286.1712,272.8712,275.5712,285.1712,274.5712,277.9712,272.1712,277.77118,271.5712,279.3712,263.27118,277.1712,292.9712,291.9712,296.8712,300.3712,293.0712,284.0712
295.0712,299.5712,300.0712,299.9712,298.1712,297.0712,298.1712,298.9712,298.27118,299.3712,299.0712,299.0712,295.6712,296.1712,297.1712,295.8712,292.8712,292.8712,292.6712,295.0712,295.9712,294.3712,294.27118,289.0712,290.8712,292.0712,292.6712,290.6712,291.5712,282.3712,272.77118,276.3712,282.0712,281.5712,283.6712,285.6712,276.4712,281.77118,282.9712,278.8712,278.8712
296.4712,300.4712,299.9712,298.9712,296.27118,295.9712,298.0712,297.8712,297.9712,298.8712,299.1712,299.0712,296.1712,295.27118,295.0712,296.0712,296.0712,293.5712,296.3712,297.1712,295.1712,290.77118,296.5712,296.9712,291.1712,292.6712,295.27118,291.77118,291.1712,292.1712,290.77118,290.3712,294.5712,291.5712,291.0712,289.4712,279.77118,278.77118,282.77118,292.9712,296.5712
300.1712,300.27118,300.27118,299.8712,298.77118,297.8712,298.3712,299.1712,298.77118,300.77118,300.1712,298.1712,296.4712,294.9712,292.27118,295.4712,296.5712,295.8712,294.27118,297.27118,297.8712,297.8712,294.9712,295.9712,293.9712,294.6712,294.1712,293.9712,294.4712,293.0712,295.9712,291.9712,281.5712,271.4712,284.1712,291.77118,294.9712,299.9712,299.0712,298.8712,298.4712
298.4712,296.8712,298.77118,299.3712,299.8712,299.3712,297.6712,298.1712,298.1712,298.3712,299.9712,300.3712,295.5712,295.4712,294.8712,295.1712,296.0712,295.8712,296.8712,297.5712,297.4712,296.4712,293.1712,294.3712,294.3712,296.6712,297.5712,294.0712,296.5712,295.9712,293.5712,294.9712,293.0712,289.9712,291.4712,291.0712,286.77118,288.4712,296.6712,297.9712,296.3712
295.3712,294.6712,298.3712,298.1712,298.5712,297.8712,297.27118,295.8712,296.6712,296.6712,296.6712,295.3712,296.1712,295.5712,294.27118,297.3712,296.27118,296.77118,295.9712,295.3712,295.5712,296.3712,294.6712,294.8712,296.3712,293.9712,293.1712,295.27118,294.6712,295.0712,295.3712,294.4712,294.4712,295.27118,292.5712,292.6712,287.9712,285.1712,280.77118,283.6712,292.9712
294.77118,294.3712,296.1712,296.0712,299.0712,300.9712,298.27118,296.9712,296.3712,296.27118,294.77118,294.9712,293.77118,296.77118,297.3712,297.27118,296.27118,296.3712,296.6712,293.5712,294.77118,293.5712,293.3712,293.5712,293.0712,289.5712,290.6712,291.1712,290.27118,293.9712,293.1712,292.8712,292.8712,289.6712,290.3712,291.5712,293.77118,289.3712,294.6712,293.1712,289.0712
293.1712,292.9712,293.6712,293.77118,295.3712,295.77118,296.4712,297.1712,296.27118,296.3712,295.3712,293.3712,293.27118,294.77118,295.6712,295.77118,296.6712,296.4712,296.0712,293.3712,291.0712,290.9712,291.77118,291.5712,289.5712,291.1712,288.1712,286.77118,285.5712,283.9712,286.3712,288.1712,289.6712,290.77118,292.0712,288.1712,289.5712,289.4712,277.77118,280.27118,280.1712
290.0712,291.4712,291.9712,292.9712,292.77118,293.9712,293.77118,295.77118,295.0712,296.1712,293.6712,293.1712,292.4712,292.5712,293.77118,294.6712,295.0712,294.77118,297.5712,293.6712,291.9712,292.1712,292.1712,291.5712,290.77118,288.4712,287.1712,287.8712,291.6712,288.4712,287.5712,290.6712,292.27118,292.5712,292.8712,289.6712,288.3712,284.9712,280.9712,280.77118,279.27118
288.1712,287.5712,287.6712,290.1712,288.8712,291.3712,292.1712,292.5712,291.9712,291.6712,290.9712,291.1712,291.6712,290.8712,290.77118,292.3712,293.0712,295.0712,296.5712,292.27118,292.1712,291.4712,290.27118,289.27118,288.8712,288.9712,287.3712,289.1712,290.77118,292.3712,292.8712,293.1712,291.9712,291.4712,289.9712,288.6712,286.0712,283.1712,282.5712,282.6712,281.3712
284.3712,285.9712,286.5712,287.77118,288.1712,287.27118,288.5712,289.5712,290.3712,290.1712,288.5712,289.5712,290.3712,289.0712,289.5712,289.5712,290.8712,292.1712,292.9712,291.3712,291.9712,289.5712,289.4712,289.3712,289.1712,289.1712,289.3712,290.6712,291.27118,291.4712,289.5712,291.0712,291.27118,289.0712,289.27118,288.0712,288.4712,288.6712,287.9712,286.6712,285.5712
286.0712,285.1712,283.77118,283.8712,284.5712,286.4712,287.4712,285.9712,285.9712,287.0712,287.3712,286.77118,289.1712,287.6712,288.4712,289.0712,289.3712,288.77118,288.77118,288.3712,288.9712,288.1712,287.8712,287.4712,288.0712,289.27118,290.1712,289.27118,289.6712,289.3712,290.3712,289.9712,289.5712,289.27118,288.0712,286.9712,286.8712,287.6712,286.6712,285.5712,285.6712
281.8712,283.6712,287.77118,284.5712,283.9712,280.9712,282.27118,283.27118,284.4712,283.0712,282.9712,284.1712,284.4712,283.6712,285.8712,287.1712,286.5712,287.5712,287.5712,287.9712,287.8712,288.27118,288.3712,287.9712,288.4712,289.1712,287.4712,287.3712,287.5712,287.8712,288.4712,287.77118,287.1712,286.9712,286.5712,285.77118,285.8712,285.27118,284.6712,284.5712,284.27118
283.5712,286.9712,291.5712,283.4712,282.6712,282.4712,282.27118,279.8712,280.5712,280.0712,281.5712,280.6712,281.27118,282.8712,283.8712,284.77118,287.27118,286.77118,288.4712,288.0712,288.27118,289.3712,288.1712,285.6712,286.27118,286.6712,286.4712,286.4712,286.4712,286.4712,286.77118,285.27118,287.27118,287.6712,286.4712,285.4712,285.8712,284.8712,285.4712,285.1712,284.9712
