wind_kz.json
{"header": {"discipline":0,"disciplineName":"Meteorological products","gribEdition":2,"gribLength":871,"center":7,"centerName":"US National Weather Service - NCEP(WMC)","subcenter":0,"refTime":"2023-08-07T00:00:00.000Z","significanceOfRT":1,"significanceOfRTName":"Start of forecast","productStatus":0,"productStatusName":"Operational products","productType":1,"productTypeName":"Forecast products","productDefinitionTemplate":0,"productDefinitionTemplateName":"Analysis/forecast at horizontal level/layer at a point in time","parameterCategory":0,"parameterCategoryName":"UnknownDiscipline_0_Category_0","parameterNumber":0,"parameterNumberName":"UnknownParameter_D0_C0_0","parameterUnit":"Unknown","genProcessType":2,"genProcessTypeName":"Forecast","forecastTime":120,"surface1Type":1,"surface1TypeName":"Ground or water surface","surface1Value":0.0,"surface2Type":255,"surface2TypeName":"Missing","surface2Value":0.0,"gridDefinitionTemplate":0,"gridDefinitionTemplateName":"Latitude_Longitude","numberPoints":615,"shape":6,"shapeName":"Earth spherical with radius of 6,371,229.0 m","gridUnits":"degrees","resolution":48,"winds":"true","scanMode":64,"nx":41,"ny":15,"basicAngle":0,"lo1":47.0,"la1":41.0,"lo2":87.0,"la2":55.0,"dx":1.0,"dy":1.0}, "data":
[rows 0 to 14 of 15, columns 0 to 40 of 41]
296.88922,290.4892,296.0892,297.9892,297.4892,296.88922,300.4892,302.4892,300.4892,300.1892,298.38922,300.38922,299.38922,299.38922,298.1892,296.7892,297.2892,297.88922,297.2892,296.5892,296.4892,291.4892,290.2892,286.88922,292.1892,292.0892,291.88922,278.0892,276.6892,276.9892,277.38922,280.7892,289.1892,295.88922,297.4892,297.7892,298.9892,300.7892,302.7892,303.0892,302.5892
279.9892,294.6892,297.9892,298.4892,298.6892,296.7892,300.9892,299.88922,298.1892,298.4892,298.1892,296.2892,295.7892,295.1892,295.2892,295.9892,296.6892,297.2892,296.4892,295.9892,295.88922,296.2892,292.7892,285.38922,274.0892,274.9892,284.9892,275.9892,277.9892,273.38922,279.4892,273.2892,281.7892,265.2892,277.9892,293.0892,292.0892,295.9892,301.1892,293.6892,283.9892
295.88922,298.2892,298.9892,298.88922,296.38922,300.1892,299.4892,298.9892,297.7892,297.2892,295.7892,295.88922,294.1892,295.0892,296.4892,295.38922,294.6892,294.1892,294.38922,295.38922,296.1892,295.4892,297.38922,289.9892,292.7892,290.2892,292.88922,292.2892,290.4892,281.9892,272.2892,276.38922,281.88922,281.38922,285.38922,286.7892,279.0892,282.1892,281.9892,278.6892,279.38922
298.38922,298.88922,299.2892,298.5892,297.9892,298.88922,298.7892,297.88922,297.88922,296.88922,296.1892,295.2892,296.7892,295.9892,295.88922,295.38922,297.0892,296.2892,295.88922,294.2892,295.88922,290.9892,295.9892,296.1892,296.9892,296.4892,296.5892,292.38922,292.4892,293.5892,291.9892,288.38922,292.7892,293.0892,292.88922,287.2892,281.0892,279.2892,284.9892,294.2892,297.4892
298.7892,299.38922,299.88922,299.6892,299.5892,299.2892,299.1892,298.7892,297.6892,296.9892,295.88922,295.6892,297.4892,296.2892,293.1892,296.9892,296.6892,295.2892,294.6892,296.0892,295.7892,295.88922,293.88922,294.9892,294.4892,294.2892,292.5892,294.38922,292.38922,295.2892,297.1892,295.0892,281.5892,274.5892,284.2892,294.4892,295.4892,300.7892,300.4892,300.4892,300.7892
298.38922,299.4892,299.4892,299.4892,299.5892,298.88922,298.9892,299.38922,298.6892,297.5892,296.38922,295.9892,296.2892,296.2892,295.38922,295.88922,296.7892,296.0892,296.2892,295.38922,294.38922,293.88922,292.5892,292.2892,292.4892,291.4892,292.88922,293.9892,292.6892,294.5892,295.2892,294.38922,292.6892,292.2892,290.0892,291.9892,285.0892,288.5892,297.0892,299.4892,299.0892
297.1892,296.88922,298.9892,299.4892,298.4892,297.2892,297.4892,296.9892,297.9892,298.88922,297.5892,296.9892,296.4892,295.88922,295.4892,297.5892,296.6892,296.1892,294.1892,292.6892,291.4892,291.9892,290.88922,290.88922,289.38922,289.6892,290.4892,291.9892,291.4892,291.5892,290.6892,292.38922,292.88922,293.1892,291.5892,290.5892,285.7892,283.4892,282.1892,283.9892,293.7892
298.0892,298.0892,298.7892,297.7892,299.88922,299.2892,299.0892,298.4892,297.1892,297.0892,296.0892,295.2892,294.38922,294.5892,295.38922,294.88922,293.9892,293.7892,292.7892,289.38922,288.9892,288.5892,288.2892,287.9892,287.0892,283.88922,284.7892,286.5892,285.6892,287.88922,287.6892,286.6892,286.38922,285.9892,287.38922,290.0892,290.38922,289.38922,290.6892,291.5892,290.7892
296.88922,296.7892,297.5892,297.1892,298.9892,298.5892,297.38922,297.7892,296.5892,294.88922,293.1892,293.1892,291.88922,292.7892,292.2892,291.88922,291.5892,291.0892,290.1892,288.4892,285.2892,285.4892,285.88922,285.88922,284.2892,284.6892,281.38922,281.2892,281.1892,280.5892,281.6892,283.1892,284.38922,285.4892,288.1892,285.7892,286.5892,287.1892,282.38922,282.0892,281.38922
296.38922,297.0892,296.88922,296.2892,296.88922,296.38922,295.4892,295.38922,294.1892,292.7892,291.5892,291.0892,290.5892,293.2892,291.88922,289.38922,289.38922,288.2892,287.5892,287.5892,285.2892,285.38922,285.6892,284.5892,284.4892,283.7892,286.0892,286.2892,285.7892,285.4892,284.1892,284.88922,286.1892,285.4892,287.4892,286.5892,283.9892,282.7892,282.9892,280.7892,280.5892
295.6892,295.0892,295.5892,295.38922,294.1892,294.88922,294.1892,291.88922,291.88922,291.38922,290.2892,288.88922,292.7892,291.6892,287.4892,287.38922,286.4892,287.1892,286.88922,285.38922,287.6892,288.38922,287.7892,287.38922,287.1892,286.4892,284.9892,284.0892,287.38922,288.38922,288.88922,288.6892,288.1892,285.7892,282.9892,283.88922,279.6892,280.0892,280.5892,282.5892,281.9892
292.88922,293.4892,293.0892,293.4892,293.1892,292.7892,291.6892,290.7892,288.9892,288.88922,286.6892,286.88922,288.2892,286.6892,287.9892,285.88922,285.0892,285.4892,288.0892,288.6892,287.88922,287.1892,287.2892,287.2892,286.7892,287.5892,287.5892,288.1892,288.7892,288.88922,286.6892,288.0892,286.6892,285.1892,284.0892,284.6892,282.4892,282.7892,284.5892,284.7892,284.4892
292.6892,291.2892,292.0892,291.9892,292.1892,291.2892,289.9892,288.6892,287.7892,285.9892,284.9892,287.1892,285.6892,284.4892,285.2892,284.1892,283.5892,284.0892,288.7892,287.4892,282.5892,280.38922,284.7892,285.6892,287.2892,287.88922,287.9892,285.88922,286.5892,285.9892,284.9892,285.7892,286.0892,284.9892,284.2892,283.2892,281.9892,282.38922,282.2892,283.6892,284.5892
293.9892,291.7892,292.2892,292.2892,291.2892,289.9892,288.7892,289.2892,287.0892,286.88922,285.6892,282.9892,282.38922,283.38922,283.5892,283.1892,283.38922,284.38922,283.2892,283.2892,282.9892,286.6892,286.9892,286.5892,286.88922,285.0892,286.5892,286.4892,285.0892,284.6892,283.9892,283.4892,283.38922,282.5892,283.4892,283.1892,283.2892,282.88922,281.0892,281.2892,283.6892
292.38922,292.4892,292.5892,291.88922,290.6892,289.38922,287.7892,287.0892,286.88922,287.4892,286.4892,281.9892,281.5892,281.4892,281.7892,282.1892,281.88922,281.6892,281.1892,281.0892,280.9892,285.38922,286.5892,286.1892,286.1892,285.7892,285.6892,284.5892,284.0892,282.7892,282.2892,282.4892,281.1892,281.4892,281.88922,282.0892,283.2892,283.0892,283.0892,282.4892,281.5892
