wind_kz.json
{"header": {"discipline":0,"disciplineName":"Meteorological products","gribEdition":2,"gribLength":1102,"center":7,"centerName":"US National Weather Service - NCEP(WMC)","subcenter":0,"refTime":"2024-02-01T00:00:00.000Z","significanceOfRT":1,"significanceOfRTName":"Start of forecast","productStatus":0,"productStatusName":"Operational products","productType":1,"productTypeName":"Forecast products","productDefinitionTemplate":0,"productDefinitionTemplateName":"Analysis/forecast at horizontal level/layer at a point in time","parameterCategory":2,"parameterCategoryName":"UnknownDiscipline_0_Category_2","parameterNumber":3,"parameterNumberName":"UnknownParameter_D0_C2_3","parameterUnit":"Unknown","genProcessType":2,"genProcessTypeName":"Forecast","forecastTime":60,"surface1Type":103,"surface1TypeName":"Specified height level above ground","surface1Value":10.0,"surface2Type":255,"surface2TypeName":"Missing","surface2Value":0.0,"gridDefinitionTemplate":0,"gridDefinitionTemplateName":"Latitude_Longitude","numberPoints":615,"shape":6,"shapeName":"Earth spherical with radius of 6,371,229.0 m","gridUnits":"degrees","resolution":48,"winds":"true","scanMode":64,"nx":41,"ny":15,"basicAngle":0,"lo1":47.0,"la1":41.0,"lo2":87.0,"la2":55.0,"dx":1.0,"dy":1.0}, "data":
[rows 0 to 14 of 15, columns 0 to 40 of 41]
-0.92931336,1.8906866,-2.0693133,-4.9593134,-4.5893135,-4.2593136,-3.0293133,-3.0993133,-1.8393134,-1.6393133,-0.42931336,-1.8293134,-2.7893133,-4.409313,-6.3193135,-5.219313,-2.3293133,-3.2793133,4.3806868,0.7806866,-1.1193134,-0.76931334,1.2506866,0.9706867,2.0606866,0.41068664,-2.2393134,-0.60931337,2.7606866,3.7006867,1.3806866,-1.2293134,1.0106866,0.42068663,-0.57931334,-1.1193134,0.9606866,0.7806866,0.27068666,0.26068664,-0.14931336
3.2706866,-0.9793134,-6.4993134,-8.419313,-7.389313,-6.0093136,-4.5893135,-4.1093135,-4.4793134,-2.4593134,-1.8293134,-1.5893134,-2.1193132,-2.5993133,-4.1293135,-3.8193133,-1.7693133,-2.9093134,-3.5793133,-3.3393133,-1.9993134,-0.80931336,1.0306866,1.2106867,-2.2093134,-1.0993134,-0.9693134,0.19068664,0.48068663,2.0506866,5.8906865,6.3706865,-0.20931335,-0.55931336,-4.7493134,-1.9493134,-1.5293133,-0.42931336,0.49068666,-1.0693134,0.43068665
-0.32931337,-3.9993134,-5.429313,-5.3693132,-6.7493134,-4.6893134,-2.4893134,-2.5593133,-2.8393133,-2.3493133,0.050686646,-0.64931333,-1.0793134,-1.4993134,-1.9593134,-2.3893135,-1.9393134,-2.5093133,-3.5193133,-3.1793134,-2.4493134,-2.3693132,-1.5393133,-0.37931335,0.63068664,0.40068665,0.19068664,-0.56931335,-1.4793134,3.2106867,4.4106865,2.8506866,3.5006866,-2.2293134,-0.32931337,2.5806866,6.7006865,-0.92931336,0.69068664,0.55068666,0.9706867
0.6506866,-1.7693133,-3.5393133,-5.4393134,-4.9993134,-4.909313,-4.2593136,-2.3893135,-0.93931335,-0.9093134,-2.3493133,-0.92931336,-0.009313354,0.17068665,0.56068665,-0.82931334,-1.9993134,-3.4493134,-4.8593135,-5.3793135,-4.9393134,-1.6893134,1.7506866,-1.1293133,-1.6593133,-2.3693132,-2.4593134,-2.1593134,1.1706866,-1.1593133,-2.0093133,-0.109313354,-1.4393134,-0.30931336,-1.6893134,-4.4593134,-2.4293134,3.2606866,3.5806866,1.0506866,1.0706867
-1.0693134,-0.36931336,-1.7293134,-0.86931336,-1.6893134,-3.6993134,-3.1793134,-2.1293135,-0.73931336,1.8406867,0.87068665,0.5306866,-0.11931335,2.1406868,2.5906866,1.9806867,0.62068665,-1.6493133,-2.5393133,-2.6693134,-1.3693134,0.23068665,0.10068665,-0.5893133,-0.50931334,-1.7593133,-3.6493134,-2.9693134,-3.1393135,-3.2993133,-3.8093133,-1.1493133,2.6206865,4.5406866,-1.7993133,-0.99931335,0.30068666,-1.8593134,-1.8793133,-1.6193134,-0.75931334
0.40068665,-0.94931334,-1.1393133,0.6606867,-0.039313354,-1.2493134,-1.7893133,-2.5393133,-1.2093134,-0.109313354,2.2406867,1.9606867,0.5806866,2.7906866,2.6706867,3.8706865,3.1506867,2.0806866,0.9106867,0.45068663,-0.21931335,0.15068665,0.32068664,-0.28931335,-1.0293133,-0.9793134,-1.9993134,-3.2393134,-2.6293135,-3.0693133,-3.8393133,-3.7593133,-1.2693133,-2.1593134,1.9306866,12.330686,4.840687,4.1706867,-0.36931336,-2.0893133,-1.9593134
0.99068666,0.7106866,0.29068664,-0.87931335,-2.7893133,-2.3893135,-2.0093133,-0.82931334,0.62068665,0.5806866,2.2006867,2.5206866,3.1306868,2.9206867,3.6706867,4.6406865,4.9406867,3.6606867,3.4006867,2.6106865,2.0506866,1.7806866,1.8706867,1.7406867,1.9806867,0.55068666,-1.9293133,-2.3393133,-3.7593133,-3.1393135,-2.5193133,-3.3393133,-4.489313,-1.3593134,-0.45931336,-2.1793134,-4.0793133,-0.8393133,1.4806867,-0.33931336,2.7306867
0.45068663,0.41068664,0.61068666,0.39068663,-0.5293133,-1.7393134,-1.0993134,0.55068666,1.3906866,1.8506867,2.7206867,3.3106866,3.4706867,3.7906866,4.3706865,5.4606867,5.9506865,5.9506865,5.1206865,4.590687,3.1706867,3.1706867,2.5506866,3.8906868,3.6106865,3.0806866,4.070687,-0.24931335,-0.46931335,-2.1693134,-1.3593134,-1.0993134,-1.6293133,-2.6693134,-0.15931335,-0.42931336,-1.6993134,1.0106866,-2.9893134,0.56068665,-0.68931335
1.2006867,1.0906867,0.76068664,0.6606867,0.33068666,0.5906866,0.020686645,-0.37931335,1.0206866,3.7206867,2.1306868,3.8006866,3.9506867,4.6706867,4.5006866,5.4406867,6.0606866,6.8106866,7.3806868,7.1606865,5.760687,5.4306865,5.7006865,4.9606867,5.3506866,3.9806867,2.2406867,3.5806866,3.1406868,2.5206866,3.3206866,4.3706865,2.9706867,3.7006867,5.570687,4.1606865,-2.8993134,1.6906867,1.1806866,1.4206866,-2.1693134
2.0906866,2.0206866,1.5806867,1.4006866,1.0106866,0.7806866,0.39068663,0.8306866,2.1806867,2.5806866,3.3006866,3.7906866,4.0806866,4.8506866,5.570687,5.6406865,6.360687,6.3106866,5.9906864,6.550687,6.4206867,5.7006865,6.820687,7.3306866,6.360687,6.0606866,4.6706867,4.550687,3.4306867,3.8406866,4.4906864,4.4206867,4.9506865,4.1406865,5.3706865,2.1206865,1.1706866,-2.0493133,0.32068664,4.7106867,3.6706867
1.8606867,1.6506866,1.4406867,1.7506866,1.9906867,1.8506867,1.0406866,1.9506867,1.9906867,2.5806866,3.2706866,3.6006866,4.2206864,5.3106866,5.4506865,6.4106865,6.3506866,6.2406864,6.1506867,5.7406864,6.1506867,5.530687,5.320687,6.8306866,6.2306867,6.4106865,5.9806867,6.1506867,5.800687,3.4906867,4.8806868,5.010687,5.9906864,5.9706864,7.4806867,4.6406865,2.6006866,3.0906866,2.3906868,1.2406867,-0.12931335
1.7606866,1.5506866,2.3306866,1.9906867,1.7006867,1.3906866,1.5606866,1.4906867,1.8506867,3.1406868,3.5906866,3.9706867,4.7006865,5.550687,5.6206865,6.030687,5.8906865,5.1906867,5.3106866,4.3806868,5.1406865,4.9906864,4.8706865,4.9106865,5.6306868,5.9206867,6.4306865,5.4106865,4.7106867,4.6406865,5.0406866,6.6706867,6.300687,6.9806867,6.530687,7.3106866,5.1306868,2.4306867,2.0406866,1.5606866,0.7706866
0.5206866,0.64068663,2.2906866,2.4206867,1.7806866,1.1406866,1.8406867,4.1806865,4.3906865,4.3706865,2.2906866,3.0206866,5.5406866,5.2506866,5.340687,5.1706867,4.3906865,4.1406865,4.1806865,4.280687,3.6206865,4.7306867,4.4306865,4.4506865,4.360687,4.4306865,4.840687,4.8706865,4.6406865,4.360687,4.9306865,5.9606867,6.4406867,6.8106866,6.6806865,7.1606865,6.7206864,2.6506867,2.7306867,0.88068664,0.15068665
0.41068664,0.81068665,0.57068664,1.4706867,0.41068664,-0.5893133,1.0006866,3.6406868,4.6406865,3.6306868,2.2406867,1.5306866,1.9306866,4.4306865,4.6906867,4.2506866,4.1506867,4.0006866,4.1406865,3.6106865,3.4506867,3.1306868,2.9306867,1.7306867,0.39068663,-0.14931336,-0.6693134,-0.32931337,0.17068665,0.76068664,1.5006866,2.7606866,3.8606865,4.9906864,4.3906865,5.5806866,5.3706865,5.320687,3.9906867,1.6006867,0.74068666
0.21068664,1.0906867,1.4006866,1.2906866,0.33068666,-0.42931336,-0.24931335,2.6506867,3.3406866,3.9406867,3.3506866,2.4906867,1.2906866,1.8806866,4.2206864,3.9506867,3.9206867,4.3706865,4.1806865,2.4406867,1.8106866,1.6106867,1.1506866,0.89068663,0.15068665,-0.029313354,-0.069313355,-0.059313353,0.20068665,0.40068665,1.1106867,1.3806866,2.1006866,2.9506867,3.7006867,3.9906867,4.9906864,6.0606866,4.8806868,4.760687,1.0606866
