wind_kz.json
{"header": {"discipline":0,"disciplineName":"Meteorological products","gribEdition":2,"gribLength":1025,"center":7,"centerName":"US National Weather Service - NCEP(WMC)","subcenter":0,"refTime":"2024-04-09T06:00:00.000Z","significanceOfRT":1,"significanceOfRTName":"Start of forecast","productStatus":0,"productStatusName":"Operational products","productType":1,"productTypeName":"Forecast products","productDefinitionTemplate":0,"productDefinitionTemplateName":"Analysis/forecast at horizontal level/layer at a point in time","parameterCategory":2,"parameterCategoryName":"UnknownDiscipline_0_Category_2","parameterNumber":2,"parameterNumberName":"UnknownParameter_D0_C2_2","parameterUnit":"Unknown","genProcessType":2,"genProcessTypeName":"Forecast","forecastTime":0,"surface1Type":103,"surface1TypeName":"Specified height level above ground","surface1Value":10.0,"surface2Type":255,"surface2TypeName":"Missing","surface2Value":0.0,"gridDefinitionTemplate":0,"gridDefinitionTemplateName":"Latitude_Longitude","numberPoints":615,"shape":6,"shapeName":"Earth spherical with radius of 6,371,229.0 m","gridUnits":"degrees","resolution":48,"winds":"true","scanMode":64,"nx":41,"ny":15,"basicAngle":0,"lo1":47.0,"la1":41.0,"lo2":87.0,"la2":55.0,"dx":1.0,"dy":1.0}, "data":
[rows 0 to 14 of 15, columns 0 to 40 of 41]
1.6521777,1.4921777,-0.6178223,-2.2878222,-4.4378223,-3.2978222,-4.617822,-5.3378224,-6.447822,-4.847822,-4.4778223,-3.8778222,-3.7378223,-3.2078223,-2.7978222,-2.5078223,-1.6178223,-0.8078223,-1.3578223,-1.2178223,-0.7478223,-1.9478222,-1.7778223,1.6021777,2.4021778,1.8821777,2.8221776,3.7721777,1.7021778,2.2721777,-0.58782226,1.6421777,-0.047822267,-0.47782227,0.58217776,1.1421777,1.4021777,2.2621777,3.0221777,3.6421778,4.092178
1.6221777,-1.9078223,-5.657822,-4.6278224,-3.9678223,-4.5178223,-2.4678223,-3.9278224,-4.6478224,-3.9278224,-3.2878222,-3.4078224,-1.4578223,0.16217774,0.20217773,0.18217774,0.30217773,-0.79782224,-0.057822265,0.34217775,1.6421777,2.7021778,1.0221777,-0.83782226,1.6521777,0.052177735,0.89217776,0.35217774,2.8721778,0.73217773,0.8721777,-0.18782227,-1.0178223,1.1621777,0.65217775,3.6321778,3.3221776,3.9721777,2.0121777,2.5021777,5.842178
-3.9578223,-5.467822,-4.7278223,-3.9078224,-4.0278225,-4.197822,-4.1278224,-3.1378222,-3.4378223,-3.5678222,-3.3378222,-2.6578224,-1.5478222,-0.20782226,0.5621777,1.9621778,2.2021778,1.8021778,1.1921778,1.1121777,2.1521778,3.9221778,3.0321777,3.4021778,1.2721777,3.8421776,2.7921777,6.6621776,4.552178,1.2921777,1.3121778,0.84217775,-0.39782226,0.58217776,-0.007822266,1.0621778,-1.1478223,0.0021777344,-2.0578222,1.6821778,2.7421777
-6.807822,-5.2078223,-3.4978223,-4.597822,-3.7378223,-2.5778222,-2.0178223,-1.3678223,-1.0478222,-1.0978223,-1.0878223,-0.13782227,0.28217775,0.18217774,0.8121777,1.8621777,2.7821777,2.6721778,3.6521778,3.7421777,2.2521777,1.4221778,4.2221775,5.6221776,5.2021775,5.672178,5.422178,3.3221776,4.9121776,4.8521776,4.4321775,1.9921777,1.5421777,-2.7578223,-2.5578222,0.34217775,-0.6278223,1.4221778,-1.8478223,-2.4178224,-5.1278224
-5.7478223,-4.367822,-3.8278222,-3.5978222,-2.0078223,-1.0678222,0.27217773,1.0621778,0.48217773,1.1021777,2.2421777,3.0121777,3.6521778,3.2321777,4.2521777,3.9321778,4.0821776,4.1221776,4.4821777,5.0621777,4.422178,5.362178,6.5421777,6.9621778,7.262178,7.442178,9.212177,7.552178,6.012178,4.4121776,3.7621777,4.692178,4.4121776,0.96217775,-3.7878222,-2.7478223,-0.31782228,-4.367822,-3.8978224,-3.9678223,-4.137822
-2.3278222,-1.6978222,-1.0978223,-0.37782228,0.29217774,0.9321777,1.9221778,1.9621778,3.4321778,4.0221777,4.7921777,4.532178,3.5421777,3.0021777,3.3021777,4.6221776,4.762178,4.7221775,5.862178,5.0421777,6.1021776,6.3121777,6.3321776,6.492178,7.0821776,7.1421776,7.242178,3.6221778,6.6221776,11.202178,9.782178,3.7321777,6.4121776,5.7921777,4.4621778,4.6621776,1.8821777,1.2921777,-1.9778223,-1.1578223,-0.36782226
1.4221778,1.7821777,2.2621777,2.7521777,3.3521776,4.5021777,5.172178,5.4321775,5.5621777,5.492178,5.2921777,5.742178,5.3721776,5.092178,4.8921776,4.822178,5.4721775,6.1421776,5.9821777,6.5421777,6.5421777,5.742178,6.362178,6.4321775,6.882178,7.052178,7.6021776,6.742178,7.7921777,8.572178,9.092177,10.652178,6.782178,7.282178,2.3221776,5.012178,3.7321777,3.4821777,-2.0778222,2.5121777,3.6121778
4.1021776,4.7521777,5.012178,5.6821775,5.4521775,5.422178,6.0621777,5.762178,6.492178,6.0821776,6.262178,6.7121778,6.7021775,6.3521776,5.8521776,5.6621776,5.782178,6.2521777,6.612178,7.362178,7.842178,6.302178,5.612178,4.2521777,4.0621777,4.992178,7.132178,7.2321777,7.2921777,7.0421777,8.142178,9.312178,9.412178,8.572178,4.672178,6.4121776,-0.57782227,-3.2678223,-6.5278225,-8.587822,-4.257822
4.822178,5.4621778,5.992178,6.1021776,6.4121776,7.2521777,7.492178,7.4121776,7.262178,7.6421776,8.492178,6.8321776,9.232178,6.382178,6.862178,4.882178,5.922178,5.242178,6.052178,7.5021777,7.572178,7.402178,6.8721776,5.8321776,3.9121778,4.5221777,5.7921777,7.4321775,8.012177,8.402178,7.7121778,7.762178,9.172177,8.442178,6.672178,-1.4578223,-1.4778223,-1.3778223,-1.4878223,-1.8578223,0.042177733
4.6021776,5.862178,6.342178,6.302178,6.192178,6.7521777,7.2921777,7.8321776,8.442178,9.642178,9.9721775,8.212177,8.232178,6.5821776,6.1021776,6.342178,5.3721776,5.7221775,6.242178,8.212177,8.212177,7.2721777,5.7221775,5.942178,5.132178,4.8321776,6.3721776,7.8121777,7.8921776,8.962177,9.952178,9.742178,9.032178,8.562178,6.532178,3.2721777,-2.1178222,-0.54782224,1.2621777,-0.21782227,-1.9278222
3.6521778,4.0021777,3.9221778,4.242178,4.5421777,4.9621778,5.4621778,6.382178,7.1421776,7.9121776,8.392178,8.332178,7.492178,6.8721776,8.102178,6.8921776,5.8121777,5.8121777,6.9621778,7.822178,7.2521777,6.0821776,6.0421777,4.762178,4.8521776,5.6421776,6.1421776,7.6221776,5.592178,6.552178,9.502178,9.762177,8.342177,6.9121776,6.9121776,-0.65782225,-1.3078222,0.53217775,0.6921777,-0.6378223,-0.97782224
3.0421777,2.3721778,1.9421778,2.2321777,3.8521776,3.1521778,3.8221776,4.3521776,4.922178,4.152178,4.0621777,6.362178,7.612178,7.092178,8.332178,7.1421776,6.262178,6.342178,6.402178,7.922178,6.012178,2.8421776,5.1021776,4.842178,4.632178,6.2321777,6.2121778,5.032178,5.032178,6.9621778,5.2221775,6.2721777,6.362178,7.052178,3.9021778,3.4821777,3.0321777,1.1721778,1.1621777,0.45217773,-1.4778223
2.4321778,2.0221777,1.9021777,2.9421778,2.4521778,2.5821776,3.8621778,3.5221777,2.2721777,3.0321777,2.0921776,5.072178,5.7021775,6.942178,8.052177,6.8121777,5.5621777,5.2021775,4.6821775,6.2121778,5.152178,5.592178,6.3321776,6.4121776,6.3721776,4.5421777,5.112178,4.922178,5.7921777,5.842178,3.9321778,3.5421777,3.9921777,4.0421777,3.6421778,4.1421776,2.1421778,1.0021777,2.4221778,0.79217774,0.45217773
1.8021778,2.3121777,2.8021777,3.1921778,3.4821777,3.9321778,4.152178,3.9821777,4.092178,4.942178,3.2121778,4.922178,5.402178,5.742178,5.2221775,5.8321776,6.3121777,4.822178,3.3121777,4.1021776,5.4721775,5.572178,6.362178,5.282178,5.2021775,5.942178,5.382178,5.382178,5.3521776,5.2221775,5.652178,4.032178,3.2921777,3.4321778,2.5621777,1.7021778,1.4821777,2.6721778,4.262178,3.0321777,3.8221776
2.4621778,3.4721777,3.7121778,3.3121777,3.8021777,4.0221777,5.2921777,5.632178,6.4121776,5.672178,2.6521778,4.2221775,5.2121778,4.5621777,6.2021775,5.422178,5.2021775,4.742178,3.4521778,1.9321778,3.1821778,5.052178,4.4521775,4.492178,3.8321776,3.8821778,3.7621777,4.1621776,3.8521776,4.2921777,4.672178,3.9821777,4.4721775,3.1021776,3.0721776,3.0621777,1.5021777,1.8021778,3.0121777,1.6121777,2.1221778
