wind_kz.json
{"header": {"discipline":0,"disciplineName":"Meteorological products","gribEdition":2,"gribLength":1025,"center":7,"centerName":"US National Weather Service - NCEP(WMC)","subcenter":0,"refTime":"2024-02-02T12:00:00.000Z","significanceOfRT":1,"significanceOfRTName":"Start of forecast","productStatus":0,"productStatusName":"Operational products","productType":1,"productTypeName":"Forecast products","productDefinitionTemplate":0,"productDefinitionTemplateName":"Analysis/forecast at horizontal level/layer at a point in time","parameterCategory":2,"parameterCategoryName":"UnknownDiscipline_0_Category_2","parameterNumber":2,"parameterNumberName":"UnknownParameter_D0_C2_2","parameterUnit":"Unknown","genProcessType":2,"genProcessTypeName":"Forecast","forecastTime":240,"surface1Type":103,"surface1TypeName":"Specified height level above ground","surface1Value":10.0,"surface2Type":255,"surface2TypeName":"Missing","surface2Value":0.0,"gridDefinitionTemplate":0,"gridDefinitionTemplateName":"Latitude_Longitude","numberPoints":615,"shape":6,"shapeName":"Earth spherical with radius of 6,371,229.0 m","gridUnits":"degrees","resolution":48,"winds":"true","scanMode":64,"nx":41,"ny":15,"basicAngle":0,"lo1":47.0,"la1":41.0,"lo2":87.0,"la2":55.0,"dx":1.0,"dy":1.0}, "data":
[rows 0 to 14 of 15, columns 0 to 40 of 41]
1.8363135,0.99631345,-1.3736866,-4.5936866,-3.5636866,-2.6336865,-4.9036865,-4.8636866,-5.8736863,-3.9836864,-4.7136865,-4.6336865,-4.7236867,-4.2436867,-4.3736863,-3.4436865,-3.3636866,-4.9436865,-5.7036867,-5.5236864,-3.5536866,-0.49368653,0.5663135,0.7263135,-0.4136865,-0.31368652,-2.9136865,-1.9736866,0.11631348,1.5363135,0.7063135,2.7063134,0.43631348,-0.15368652,1.2663134,1.1863135,2.1163135,2.0863135,2.4263134,2.2963135,1.8263135
-0.5336865,-1.6336865,-5.5336866,-5.6636868,-4.5436864,-1.4136865,-3.5536866,-2.8536866,-4.4236865,-4.1936865,-4.1636868,-3.5336866,-3.0336866,-2.9436865,-2.4236865,-3.0836866,-4.5336866,-5.0736866,-4.0236864,-3.4336865,-2.2036865,-1.0336865,-0.49368653,-2.4136865,0.7163135,-0.043686524,-0.9336865,0.026313476,-2.1536865,-1.1036866,0.18631348,0.68631345,3.3263135,-1.5936866,0.3663135,0.34631348,-0.06368652,1.7263135,0.6463135,0.8463135,-1.7936865
-0.9336865,-3.3936865,-4.7136865,-5.2136865,-4.9136868,-2.4636865,-3.2736864,-3.0236864,-2.9236865,-2.4836864,-2.0636866,-2.5136864,-2.5636866,-3.1636865,-2.6936865,-2.5736866,-3.6336865,-2.4936864,-1.6436865,-0.9136865,-0.09368652,0.066313475,-2.1636865,-2.9536865,-0.70368654,-1.7536865,-1.9436865,-0.15368652,0.8863135,0.23631348,0.66631347,-0.75368655,1.0063134,1.1463134,-0.25368652,-0.7836865,0.62631345,0.37631348,4.1363134,4.6563134,3.4663134
0.61631346,-2.1936865,-3.1336865,-3.1936865,-0.25368652,-0.7936865,-2.4636865,0.3363135,-0.5436865,-1.5236865,-0.6736865,-0.3536865,-2.0736866,-0.9636865,-1.5236865,-0.9736865,-0.27368653,-0.25368652,-0.073686525,1.1063135,0.9463135,-1.6736865,-0.18368652,-0.09368652,0.23631348,0.79631346,0.9063135,-0.15368652,3.1163135,0.93631345,-0.82368654,0.7563135,0.93631345,-2.2736864,-1.1936865,-1.2536865,0.19631347,3.4063134,0.7763135,-0.18368652,-0.19368653
0.55631346,-0.9736865,-1.3636866,0.22631347,0.7863135,0.3363135,0.43631348,0.5763135,-0.7836865,-0.013686524,0.61631346,1.6463134,1.3163135,2.0963135,2.4463134,2.6563134,2.4163134,2.2963135,2.2863135,1.6463134,1.7763134,2.5363135,2.4263134,2.6463134,3.0463135,2.0463135,3.0863135,3.1063135,3.8563135,3.7263136,1.5163134,2.1563134,0.036313478,3.3263135,0.4263135,0.38631347,-1.0236865,-0.10368653,0.34631348,0.21631348,-1.2736865
2.2163134,1.0163134,0.30631348,0.5963135,0.8163135,0.7763135,1.5763135,0.55631346,-0.15368652,0.40631348,1.1263134,1.7863135,1.6563134,3.6163135,2.8463135,3.5763135,3.3663135,3.6663134,3.4563134,3.7363136,3.4363134,4.0663133,3.5863135,3.7263136,3.7263136,4.2863135,6.6463137,4.3063135,5.1563134,5.5663133,4.5063133,4.7563133,7.3263135,4.4263134,1.8863134,-0.9236865,2.1563134,3.9763136,5.3663135,-1.5036865,-0.9336865
2.1063135,2.6563134,3.1963134,2.9163134,1.5163134,2.2463136,3.3563135,0.6563135,1.1163135,0.93631345,1.7063135,2.1163135,2.7763135,3.6663134,3.5563135,3.8763134,4.1163135,4.6563134,3.0663135,3.2263136,6.1263137,5.4263134,4.4063134,4.4063134,5.9263134,5.9663134,7.4363136,6.3163133,5.2463136,3.8763134,4.0063133,4.5163136,5.6863136,3.5163136,-2.0036864,0.026313476,-1.8636866,1.5963135,2.8863134,0.48631346,-0.37368652
3.5363135,3.6363134,3.6763134,4.0563135,3.0863135,2.6663134,2.2263136,1.2263135,2.2163134,1.6463134,1.6863135,2.9863136,3.6663134,4.3663135,4.5963135,4.5463133,4.9063134,3.9963136,3.2163134,4.4863133,8.916313,7.1263137,6.8663135,4.7363133,6.8263135,5.7463136,9.026314,4.6163135,5.9863133,3.4763136,4.8063135,5.3863134,2.7063134,3.8663135,5.5063133,7.1463137,-2.2236865,-4.3936863,-2.5936866,-0.8436865,-0.7136865
3.0763135,3.6063135,3.8863134,3.9063134,3.2863135,2.5463135,2.5063136,2.0063136,1.7163135,3.1863134,3.6963134,2.9663134,9.036313,4.5163136,5.7663136,4.7263136,6.4663134,5.4463134,5.6963134,5.3663135,8.406314,10.0563135,7.6463137,6.3063135,7.1763134,6.8163133,6.7963133,6.0763135,7.1663136,4.0963135,5.2963133,4.6463137,8.326313,3.5763135,4.8763137,2.9763136,0.9063135,-0.95368654,0.026313476,0.25631347,1.2263135
4.1463137,3.8163135,3.8363135,4.3863134,4.6863136,3.9363134,2.8863134,2.9363134,4.0863132,5.2663136,6.4763136,6.8263135,6.9263134,8.176313,8.186314,7.5663133,6.5463133,6.3663135,6.0663133,6.2163134,8.836313,9.576313,9.046313,7.6563134,7.3463135,6.9163136,6.9363136,6.0363135,5.7163134,6.4163136,2.8963134,4.1063137,1.4463135,0.80631346,0.25631347,-0.21368653,-2.0736866,-1.1436865,1.2263135,1.4763135,0.7563135
3.9863136,5.0863132,5.0663133,4.8763137,4.9463134,4.6363134,5.1863136,5.6463137,4.9263134,6.0163136,6.3963137,7.0263133,7.8963137,7.8963137,8.936314,7.1963134,7.3963137,9.186314,4.9863133,8.256313,8.066314,8.016314,8.286313,6.9463134,6.2763133,5.9463134,6.7563133,5.4263134,5.1563134,2.0263135,3.6563134,1.1863135,-0.14368652,0.7563135,0.60631347,-0.043686524,-0.25368652,0.9763135,-0.43368652,1.7763134,0.0063134767
4.1163135,5.2263136,5.7663136,5.3063135,5.8163133,4.3263135,4.5863132,5.0763135,5.4963136,4.1563134,4.9663134,7.4163136,7.5363135,7.6763134,10.126313,7.6963134,7.0563135,8.926313,4.8663135,7.4563136,6.2963133,7.0063133,6.5963135,6.0763135,6.1463137,5.0563135,4.9763136,3.1263134,2.5563135,0.5863135,-0.2936865,-0.033686522,0.5763135,1.2063135,2.3263135,3.1663134,5.0763135,5.7363133,0.12631348,-0.30368653,-0.57368654
4.3963137,4.7663136,4.6363134,6.2763133,5.5463133,4.5163136,5.1863136,5.4263134,6.6063137,4.4063134,3.6363134,6.2863135,5.9163136,7.6763134,8.346313,6.6863136,7.1963134,6.2663136,4.3163133,5.3463135,4.8763137,5.3763137,5.8863134,4.9363136,4.7663136,2.8163135,-0.49368653,-1.8336865,-1.8236865,-1.3136865,-0.6136865,-0.23368652,0.25631347,0.066313475,0.14631347,1.3863134,1.7163135,1.1863135,3.7163134,1.4663135,1.7363135
5.3363132,4.8063135,4.6163135,4.7063136,5.3863134,5.3463135,5.8363132,6.1263137,5.3263135,3.7363136,3.2463136,3.9763136,2.5063136,6.5063133,7.1263137,5.4063134,5.2363133,4.5263133,3.0363135,3.9963136,4.1363134,4.2763133,3.8063135,1.3963134,-3.0036864,-3.4336865,-2.5936866,-2.0236864,-1.5036865,-1.2036865,-0.9136865,-0.83368653,-0.073686525,0.67631346,1.0363135,1.7363135,2.3363135,2.7263136,3.3263135,3.8163135,2.9063134
3.5663135,4.1263137,4.5663133,4.9263134,4.7063136,5.0863132,5.8763137,5.6663136,5.5663133,4.6363134,2.3463135,4.6663136,3.0263135,1.6163135,3.7563136,3.5063136,3.0663135,3.0763135,2.4963136,2.8563135,1.3763134,-0.7336865,-2.1936865,-2.6636865,-2.5636866,-1.9936866,-1.9836866,-1.4136865,-1.5736865,-0.7736865,0.32631347,0.4263135,0.80631346,0.9763135,1.0663135,2.0863135,1.1463134,4.2763133,4.5363135,4.3563137,2.9263134
