wind_kz.json
{"header": {"discipline":0,"disciplineName":"Meteorological products","gribEdition":2,"gribLength":1025,"center":7,"centerName":"US National Weather Service - NCEP(WMC)","subcenter":0,"refTime":"2023-08-28T12:00:00.000Z","significanceOfRT":1,"significanceOfRTName":"Start of forecast","productStatus":0,"productStatusName":"Operational products","productType":1,"productTypeName":"Forecast products","productDefinitionTemplate":0,"productDefinitionTemplateName":"Analysis/forecast at horizontal level/layer at a point in time","parameterCategory":2,"parameterCategoryName":"UnknownDiscipline_0_Category_2","parameterNumber":3,"parameterNumberName":"UnknownParameter_D0_C2_3","parameterUnit":"Unknown","genProcessType":2,"genProcessTypeName":"Forecast","forecastTime":300,"surface1Type":103,"surface1TypeName":"Specified height level above ground","surface1Value":10.0,"surface2Type":255,"surface2TypeName":"Missing","surface2Value":0.0,"gridDefinitionTemplate":0,"gridDefinitionTemplateName":"Latitude_Longitude","numberPoints":615,"shape":6,"shapeName":"Earth spherical with radius of 6,371,229.0 m","gridUnits":"degrees","resolution":48,"winds":"true","scanMode":64,"nx":41,"ny":15,"basicAngle":0,"lo1":47.0,"la1":41.0,"lo2":87.0,"la2":55.0,"dx":1.0,"dy":1.0}, "data":
[rows 0 to 14 of 15, columns 0 to 40 of 41]
1.9430816,-0.27691832,0.98308164,-3.5969183,-4.496918,-4.3369184,-2.5269184,-1.5969183,-2.4569182,-1.9169183,-2.8469183,-2.7269182,-2.5669184,-3.2269182,-3.6569183,-3.1569183,-4.3369184,-1.7369183,-0.89691836,0.48308167,-0.96691835,0.84308165,-1.2669183,-0.89691836,0.22308166,0.29308167,-0.5569183,1.3430817,3.5030816,4.6830816,1.5130817,-0.9369183,1.3530817,0.42308167,1.3630817,1.3030816,0.96308166,-1.0769184,-1.4669183,-0.8669183,0.66308165
3.0530818,1.4330816,-0.30691832,-3.2869184,-4.326918,-3.5769184,-2.0369184,-0.26691833,-0.09691834,-2.0569184,-2.2069182,-2.9769182,-2.1469183,-2.0269184,-3.7469184,-2.6369183,-2.2969184,-0.73691833,0.043081664,1.3730817,-0.52691835,-2.1469183,1.7330817,2.2030816,2.5030816,1.8830817,-1.6269183,3.3630817,0.9430817,2.0430818,4.9530816,5.2230816,1.1830816,0.023081666,-1.6469183,-1.1569183,-1.3369184,-2.5469184,-0.42691833,-1.2969184,-0.15691833
3.2230816,3.6130817,-0.77691835,-2.8469183,-3.8969183,-2.4969184,-2.5069184,-2.4269183,0.83308166,-0.64691836,-1.2669183,-1.2669183,-2.4069183,-2.4769182,-2.4369183,-0.5669183,0.5630817,-0.27691832,-0.28691834,1.6630816,0.95308167,0.30308166,-0.70691836,1.6230817,1.4930817,1.6930816,-0.38691834,-0.95691836,0.51308167,1.2130817,1.5830817,1.7530817,2.2430816,-0.9369183,0.0030816651,4.3130817,6.5930815,0.8630817,1.0730816,0.13308166,0.54308164
0.89308167,0.66308165,-0.8069183,-2.6069183,-3.2069182,-1.5069183,-3.2969184,-2.5969183,-2.4169183,-0.78691834,-2.0269184,-2.1969182,-6.286918,-7.1969185,-4.1269183,-1.0269183,0.40308166,0.66308165,0.06308167,0.78308165,3.0730817,2.9130816,1.0830817,1.2230817,0.13308166,4.673082,-0.8069183,-0.22691834,-1.7669183,-2.6769183,-3.6769183,1.9230816,1.1730816,-0.89691836,-0.39691833,-5.0469184,-2.4669182,1.2430817,4.5730815,1.8030816,1.7930816
-0.076918334,-0.72691834,-2.8369184,-4.6869183,-5.096918,-3.2769184,-2.5469184,-2.1569183,-3.0869184,-2.4169183,-2.2869184,-3.0869184,-7.0869184,-7.1069183,-5.7069182,-3.3069184,-2.0669184,-0.91691834,0.6330817,1.2030816,2.5130816,2.6930816,2.0430818,2.4130816,-0.36691833,-1.9069183,2.8430817,-2.5369184,-1.3669183,-2.5569184,0.36308166,2.9530816,2.2330816,4.0930815,-1.3169184,-2.1169183,0.6230817,-1.6369183,-0.9369183,1.0230817,0.12308166
0.14308167,-1.4969183,-3.6269183,-3.6069183,-3.8969183,-2.4369183,-3.4769182,-3.1769183,-3.4869184,-2.8269184,-1.3869183,-4.7769184,-6.6869183,-6.6469183,-5.786918,-3.7869184,-2.8669183,-1.9169183,1.4430816,3.0030816,2.5630817,2.5330818,4.5730815,3.5830817,2.7230816,1.6030817,0.7430817,3.4430816,-5.1869183,-5.076918,-5.6369185,-2.3769183,-1.5969183,-1.5269183,2.2430816,4.7430816,4.8430815,4.4930816,-0.28691834,-1.3269184,-0.5069183
1.9330816,1.6030817,-0.6369183,-2.1269183,-2.9069183,-3.5569184,-3.7769184,-3.6269183,-3.8269184,-3.3269184,-3.4969184,-3.9469182,-4.8369184,-5.976918,-5.6969185,-5.556918,-4.246918,-0.97691834,1.9830817,3.6330817,4.2930818,4.3830814,4.423082,4.3330817,3.4530816,3.3030818,1.2330817,4.5330815,-2.1269183,-4.1369185,-7.556918,-7.3369184,-5.346918,-4.0469184,-1.9469184,-1.9569184,-4.1469183,-0.60691833,1.2830817,-0.28691834,1.4730817
3.2430816,2.8130817,1.1030817,-0.20691833,-1.7569183,-3.5269184,-2.7969184,-3.4969184,-3.5269184,-4.0669184,-4.2369184,-4.976918,-5.3669186,-6.266918,-6.4369183,-6.1269183,-4.9269185,-3.4969184,2.4730816,4.653082,5.1630816,4.5530815,2.6930816,4.003082,3.7330816,2.7330816,3.0530818,3.5230818,0.64308167,-2.2269182,-5.1169186,-4.6869183,-6.826918,-5.5869184,-1.3069184,-1.2769183,-2.2569184,0.39308167,-1.4369184,0.25308168,-1.9969183
3.3730817,3.0430818,1.2230817,-0.19691834,-2.2769184,-2.9069183,-2.5669184,-3.1169183,-3.9369183,-3.4269183,-4.266918,-4.476918,-5.9469185,-7.096918,-6.7569184,-7.1369185,-6.2369184,-4.7969184,-3.1869183,2.8130817,3.9230816,3.2430816,4.0530815,3.3830817,3.8230817,3.4730816,2.2130816,3.5430818,2.0830817,1.8330817,0.5030817,-1.7869183,-1.1069183,-1.6369183,-1.5769184,-0.95691836,-2.8369184,0.17308167,0.8730817,0.71308166,-0.91691834
1.9430816,2.1630816,2.0130816,1.6430817,0.39308167,-1.4469184,-1.8469183,-2.7069182,-3.3869183,-3.3269184,-3.8369184,-5.0069184,-6.5069184,-6.7569184,-7.4169183,-8.106918,-7.4569182,-7.2169185,-4.2769184,-1.4769183,-1.1969184,0.103081666,1.4830817,3.1130817,2.8330817,0.35308167,2.0830817,2.1930816,0.073081665,-0.066918336,1.3230816,-1.0869184,-0.8069183,-1.9669183,-1.5469184,0.013081665,0.113081664,-2.6869183,-0.18691833,4.1330814,3.1130817
1.8630817,-0.24691834,-0.58691835,2.2630816,1.1930816,-0.08691833,-0.84691834,-0.5669183,-2.4469182,-3.1669183,-2.8269184,-1.9869183,-4.996918,-5.806918,-7.3169184,-7.8369184,-7.226918,-7.556918,-4.496918,-4.1969185,-2.4469182,-2.6469183,-1.0669184,-0.106918335,-0.79691833,0.71308166,1.1330817,0.48308167,-2.4569182,-0.60691833,-0.51691836,-1.1769184,-2.3069184,-2.8169184,-3.1469183,0.28308165,0.5530817,2.5530818,1.4930817,1.8430817,0.5530817
0.34308165,1.8130816,1.8930817,3.0530818,3.1230817,1.6930816,0.23308167,0.16308166,-1.3169184,-1.7569183,-2.5069184,-4.0269184,-4.9569182,-5.6169186,-5.6369185,-5.1169186,-5.0269184,-5.8769183,-4.1469183,-4.746918,-2.1369183,-2.6269183,-2.8069184,-1.6069183,-1.0969183,-0.83691835,0.9430817,1.4530816,-0.8869183,-0.026918335,-0.73691833,-1.4769183,-1.4169183,-2.4669182,-2.4169183,-3.3669183,-1.8369184,-0.08691833,0.98308164,1.4130816,0.47308168
1.1630816,1.5230817,1.0830817,1.5330817,2.8230817,1.9430816,1.2630817,1.3730817,0.60308164,0.16308166,-0.83691835,-2.4469182,-3.6669183,-4.576918,-4.846918,-5.1369185,-5.1569185,-4.806918,-3.7469184,-2.9669182,-1.9769183,-1.8869183,-1.9469184,-0.84691834,-0.97691834,-1.2069184,-1.2669183,-1.5569184,-1.2569183,-1.3069184,-1.6569183,-2.1169183,-1.2769183,-1.9369184,-3.4969184,-2.9869184,-3.1369183,-1.9269184,-2.5969183,-1.6069183,-0.47691834
2.9230816,1.0830817,1.0230817,1.7730817,1.9230816,2.2330816,2.2130816,2.1930816,1.7430817,1.5530816,0.59308165,-0.91691834,-2.8469183,-2.7969184,-3.5469184,-3.3369184,-3.3769183,-3.5069184,-3.3369184,-2.9869184,-2.7669184,-2.0869184,-1.7469183,-1.7469183,-1.7069184,-1.3969183,-1.4469184,-1.0869184,-1.2969184,-1.3769183,-1.8269184,-1.8869183,-1.8869183,-1.3569183,-2.0869184,-2.9769182,-2.8869183,-3.0469184,-2.8569183,-1.8269184,-1.5469184
2.9030817,3.3230817,2.7630816,2.8830817,2.7930818,2.5330818,2.6930816,1.5730816,1.9230816,1.4130816,0.103081666,0.95308167,0.89308167,-1.6169183,-3.1269183,-2.6469183,-2.4769182,-2.1269183,-2.2969184,-1.9369184,-1.5369183,-1.4369184,-1.4069183,-1.4469184,-1.3769183,-1.6469183,-1.0969183,-0.54691833,-0.70691836,-1.1069183,-1.4069183,-1.4269184,-1.5369183,-1.8469183,-1.8169184,-2.2769184,-2.3469183,-2.5969183,-2.9169183,-3.8969183,-0.48691833
