wind_kz.json
{"header": {"discipline":0,"disciplineName":"Meteorological products","gribEdition":2,"gribLength":1025,"center":7,"centerName":"US National Weather Service - NCEP(WMC)","subcenter":0,"refTime":"2023-09-19T06:00:00.000Z","significanceOfRT":1,"significanceOfRTName":"Start of forecast","productStatus":0,"productStatusName":"Operational products","productType":1,"productTypeName":"Forecast products","productDefinitionTemplate":0,"productDefinitionTemplateName":"Analysis/forecast at horizontal level/layer at a point in time","parameterCategory":2,"parameterCategoryName":"UnknownDiscipline_0_Category_2","parameterNumber":2,"parameterNumberName":"UnknownParameter_D0_C2_2","parameterUnit":"Unknown","genProcessType":2,"genProcessTypeName":"Forecast","forecastTime":60,"surface1Type":103,"surface1TypeName":"Specified height level above ground","surface1Value":10.0,"surface2Type":255,"surface2TypeName":"Missing","surface2Value":0.0,"gridDefinitionTemplate":0,"gridDefinitionTemplateName":"Latitude_Longitude","numberPoints":615,"shape":6,"shapeName":"Earth spherical with radius of 6,371,229.0 m","gridUnits":"degrees","resolution":48,"winds":"true","scanMode":64,"nx":41,"ny":15,"basicAngle":0,"lo1":47.0,"la1":41.0,"lo2":87.0,"la2":55.0,"dx":1.0,"dy":1.0}, "data":
[rows 0 to 14 of 15, columns 0 to 40 of 41]
-1.945849,-0.185849,0.434151,-2.645849,-2.915849,-4.445849,-6.695849,-6.245849,-5.515849,-4.185849,-3.315849,-3.545849,-3.885849,-2.975849,-2.465849,-2.465849,-1.145849,-0.255849,-2.005849,-1.455849,-0.955849,-1.015849,0.034151003,0.344151,3.204151,-1.655849,-1.645849,1.704151,0.824151,-0.835849,0.114151,1.254151,2.754151,0.274151,-3.115849,-3.535849,-2.505849,-3.455849,-2.385849,-1.045849,-0.745849
1.664151,0.064151004,-6.735849,-6.015849,-3.385849,-1.125849,-4.805849,-4.865849,-3.905849,-2.615849,-1.365849,-6.385849,-4.535849,-2.755849,-1.325849,-0.975849,-0.845849,-1.035849,-0.045849,0.504151,0.044151,0.134151,-0.625849,-1.625849,1.094151,0.614151,0.064151004,0.704151,-4.095849,-0.585849,-0.935849,-0.185849,-0.935849,-2.015849,0.624151,-0.045849,-1.415849,0.594151,0.644151,0.254151,-2.355849
-1.945849,-6.945849,-6.765849,-4.625849,-4.155849,-4.915849,-3.715849,-1.325849,-2.935849,-2.415849,-2.335849,-3.925849,-3.685849,-2.785849,-0.27584898,-0.145849,-1.515849,-0.015849,0.674151,0.934151,1.524151,2.694151,-2.195849,-1.885849,2.084151,1.374151,-0.015849,2.424151,0.744151,0.684151,-0.875849,1.204151,-0.345849,0.074151,-0.965849,-1.535849,-1.145849,0.014151001,2.294151,2.514151,1.544151
-5.885849,-7.415849,-6.935849,-3.375849,-0.995849,-3.885849,-1.005849,-3.185849,-2.825849,-2.245849,-2.745849,-3.455849,-3.025849,-2.865849,0.344151,1.114151,-0.645849,0.394151,2.574151,1.974151,1.574151,0.084151,2.434151,1.474151,-0.975849,-3.235849,-1.755849,-2.415849,-2.415849,-0.385849,-1.245849,-0.865849,-1.915849,-2.975849,-2.055849,-2.195849,-1.815849,1.794151,0.444151,-0.145849,0.694151
-6.555849,-7.355849,-6.635849,-6.395849,-5.475849,-3.405849,-2.385849,-2.385849,-1.655849,-1.365849,-2.625849,-2.645849,-3.045849,-1.415849,0.194151,0.364151,0.344151,0.624151,1.284151,2.044151,2.274151,1.384151,1.684151,-1.575849,-3.075849,-1.985849,-3.405849,-1.785849,-0.145849,0.294151,-1.865849,-1.665849,-1.515849,0.524151,-0.265849,1.084151,-1.635849,-1.705849,-2.295849,2.204151,-0.755849
-4.415849,-3.445849,-4.575849,-4.135849,-3.265849,-2.615849,-1.065849,-1.655849,-0.075849,0.544151,-1.045849,-2.305849,0.074151,-1.245849,0.264151,1.214151,0.964151,1.944151,1.894151,0.314151,0.724151,-0.925849,-1.315849,-3.865849,-2.305849,-3.405849,-1.865849,-2.355849,-1.145849,0.514151,1.954151,1.484151,-1.065849,-0.645849,-0.555849,-0.665849,-0.055849,0.674151,0.034151003,-3.035849,-1.595849
-1.055849,-0.435849,0.484151,-0.395849,-0.505849,-0.355849,-1.325849,-1.505849,-0.875849,-3.325849,-3.825849,-3.955849,-2.745849,-1.535849,-0.045849,-0.465849,1.914151,1.034151,-2.595849,-2.055849,-2.905849,-4.275849,-3.445849,-0.945849,-1.555849,-3.585849,-3.005849,-2.615849,-3.165849,-2.945849,-4.925849,-4.645849,-1.175849,1.294151,-1.255849,-1.725849,-0.895849,1.374151,-0.335849,0.614151,2.764151
-1.435849,-1.935849,-3.325849,-3.725849,-3.295849,-1.875849,-2.005849,-2.005849,-2.505849,-2.895849,-2.465849,-2.885849,-2.275849,-1.545849,-0.355849,0.544151,-0.195849,0.174151,-1.425849,-2.495849,-1.845849,-2.535849,-1.815849,-2.635849,-3.015849,-1.085849,-2.705849,-3.805849,-1.315849,0.174151,-2.255849,-1.055849,-0.155849,-0.745849,0.724151,-0.695849,-2.535849,0.954151,1.834151,2.134151,-0.885849
-3.055849,-3.235849,-2.395849,-2.955849,-2.445849,-1.745849,-2.135849,-2.335849,-2.635849,-2.015849,-2.355849,-2.375849,-0.805849,-1.095849,-0.505849,0.384151,0.214151,0.554151,-0.395849,-1.355849,-2.335849,-2.085849,-1.775849,-2.895849,-2.255849,-1.515849,-1.725849,-1.745849,-0.145849,-0.915849,-1.395849,0.794151,2.164151,1.204151,0.144151,-0.965849,-1.195849,-1.665849,-0.515849,0.204151,-0.355849
-2.005849,-2.745849,-2.435849,-1.505849,-0.655849,-0.385849,-1.135849,-1.725849,-1.265849,-1.345849,-0.865849,-0.255849,-0.635849,0.404151,0.614151,0.434151,0.354151,-0.105849,0.524151,-0.465849,-1.155849,-1.835849,-0.775849,-0.425849,-0.795849,-1.675849,-0.235849,-0.575849,-1.275849,-2.065849,1.114151,0.204151,-0.465849,0.594151,-0.735849,-0.365849,-1.785849,-0.625849,-1.495849,0.414151,0.524151
0.114151,0.204151,-0.515849,-0.215849,0.324151,1.184151,2.364151,1.474151,0.504151,1.814151,2.184151,2.134151,2.974151,2.644151,2.154151,2.024151,2.064151,1.334151,0.094151,-1.415849,-1.875849,-2.495849,-2.345849,-1.885849,-1.355849,-2.135849,-1.275849,-1.315849,-0.705849,0.534151,2.164151,-0.395849,-0.055849,-0.315849,-1.265849,-0.105849,-0.425849,0.124151,-0.715849,0.574151,0.504151
0.984151,0.914151,0.924151,1.644151,1.924151,1.464151,0.984151,0.814151,1.164151,1.074151,0.204151,2.614151,2.664151,3.384151,3.624151,2.884151,2.874151,2.974151,2.254151,1.334151,0.754151,1.264151,0.864151,1.094151,0.794151,0.044151,-0.405849,0.464151,1.224151,1.124151,0.924151,1.264151,0.774151,0.364151,0.744151,0.114151,-0.075849,0.234151,0.15415101,0.134151,0.434151
1.494151,1.504151,2.014151,1.594151,1.524151,0.844151,1.014151,1.394151,2.064151,0.994151,0.47415102,1.904151,2.604151,3.614151,3.674151,3.294151,2.774151,2.964151,2.774151,2.894151,2.784151,2.314151,2.144151,2.324151,3.284151,3.034151,3.034151,2.864151,2.904151,2.744151,2.424151,1.334151,0.664151,0.354151,0.764151,0.814151,0.894151,0.464151,0.114151,1.044151,0.394151
2.384151,2.114151,2.934151,3.174151,1.654151,1.864151,1.984151,2.464151,2.234151,2.344151,0.464151,0.854151,2.304151,3.484151,3.564151,3.234151,3.184151,2.834151,2.524151,3.274151,3.224151,3.264151,3.634151,3.724151,3.714151,3.524151,3.314151,3.284151,3.264151,3.264151,3.094151,2.374151,1.194151,2.054151,1.764151,1.964151,1.454151,0.684151,0.754151,0.954151,0.264151
1.864151,2.544151,4.624151,2.544151,1.944151,2.224151,2.464151,2.434151,3.854151,3.944151,-0.085849,1.674151,1.884151,1.864151,3.554151,3.504151,3.694151,3.814151,2.744151,3.984151,3.984151,4.194151,3.814151,3.814151,3.664151,3.364151,3.444151,3.334151,3.294151,3.224151,3.464151,3.584151,2.674151,2.774151,2.604151,2.814151,1.664151,2.024151,2.514151,1.944151,-0.975849
