wind_kz.json
{"header": {"discipline":0,"disciplineName":"Meteorological products","gribEdition":2,"gribLength":1025,"center":7,"centerName":"US National Weather Service - NCEP(WMC)","subcenter":0,"refTime":"2023-09-23T12:00:00.000Z","significanceOfRT":1,"significanceOfRTName":"Start of forecast","productStatus":0,"productStatusName":"Operational products","productType":1,"productTypeName":"Forecast products","productDefinitionTemplate":0,"productDefinitionTemplateName":"Analysis/forecast at horizontal level/layer at a point in time","parameterCategory":2,"parameterCategoryName":"UnknownDiscipline_0_Category_2","parameterNumber":3,"parameterNumberName":"UnknownParameter_D0_C2_3","parameterUnit":"Unknown","genProcessType":2,"genProcessTypeName":"Forecast","forecastTime":180,"surface1Type":103,"surface1TypeName":"Specified height level above ground","surface1Value":10.0,"surface2Type":255,"surface2TypeName":"Missing","surface2Value":0.0,"gridDefinitionTemplate":0,"gridDefinitionTemplateName":"Latitude_Longitude","numberPoints":615,"shape":6,"shapeName":"Earth spherical with radius of 6,371,229.0 m","gridUnits":"degrees","resolution":48,"winds":"true","scanMode":64,"nx":41,"ny":15,"basicAngle":0,"lo1":47.0,"la1":41.0,"lo2":87.0,"la2":55.0,"dx":1.0,"dy":1.0}, "data":
[rows 0 to 14 of 15, columns 0 to 40 of 41]
-0.03643982,-1.7464398,2.5635602,3.5835602,2.95356,1.1335602,0.19356018,0.32356018,-1.2864398,-1.3164399,-3.3464398,-2.8664398,-2.8964398,-3.29644,-3.4764397,-3.4264398,-3.6864398,-2.54644,-3.8464398,-2.8464398,-2.78644,-1.8564398,1.8335602,-1.3164399,0.07356018,-1.2864398,-1.6564398,0.7635602,0.30356017,2.1935601,1.3135601,0.27356017,1.5435601,-0.6764398,1.0735602,0.5135602,0.17356019,0.96356016,-0.14643982,-0.6264398,2.5235603
4.07356,1.4035602,2.8235602,4.6835604,4.1635604,2.9035602,-0.8164398,0.72356015,-0.7364398,-1.3064399,-2.1264398,-2.5864398,-2.9164398,-3.00644,-4.37644,-3.8964398,-2.4764397,-3.0664399,-4.78644,-4.93644,-4.38644,-3.9364398,-2.2364397,2.45356,1.7635602,2.1335602,0.13356018,1.9035602,-0.38643983,2.3635602,2.8835602,4.61356,0.36356017,0.3735602,-1.5564399,-1.4664398,-1.2364398,-1.4164398,-0.35643983,-1.7564398,-0.6164398
2.1935601,4.75356,5.07356,3.47356,1.6535602,1.1535602,1.2735602,0.16356018,0.48356017,-1.0064398,-2.24644,-2.3364398,-3.1964397,-3.6164398,-4.09644,-4.15644,-2.6364398,-3.52644,-3.1564398,-4.13644,-5.1964397,-3.8864398,0.72356015,-0.59643984,1.7035602,-0.9864398,-0.13643982,-0.04643982,0.35356018,0.83356017,3.23356,-0.7964398,-1.3164399,0.47356018,-1.7864398,-0.52643985,-1.2764398,-3.9564397,-0.8664398,0.5035602,1.0835602
1.4335601,2.8235602,3.5435603,3.6235602,0.35356018,0.8035602,1.7535602,1.7235602,0.6335602,-0.6364398,-1.9264398,-2.2264397,-4.74644,-5.65644,-3.7164397,-3.6364398,-3.8464398,-3.8064399,-3.0964398,-2.9664397,-2.75644,-0.7564398,-1.7164398,0.9935602,4.02356,-1.1464398,2.74356,-1.2664398,3.0935602,3.6435602,2.3235602,-1.6764398,-0.11643982,1.4335601,1.8035601,0.7435602,2.6335602,2.72356,-0.52643985,2.3935602,0.4635602
2.21356,2.8535602,3.1335602,2.1535602,0.9935602,0.36356017,1.0735602,1.3235602,2.47356,-1.0464398,-2.04644,-2.8464398,-5.40644,-3.7064397,-5.20644,-4.11644,-3.78644,-4.9864397,-3.74644,-1.8664398,0.4035602,0.52356017,0.4935602,-0.9964398,0.83356017,1.9035602,3.7835603,4.13356,1.3235602,3.1435602,2.0235603,-0.08643982,-1.0664399,0.3135602,0.97356015,-2.9364398,-0.9264398,0.5535602,-3.0964398,-2.4564397,-2.2264397
-0.17643982,0.13356018,2.8735602,3.2735603,2.4235601,2.96356,0.8735602,0.08356018,0.17356019,0.21356018,-1.5964398,-2.6964397,-4.5264397,-6.6064396,-5.2364397,-4.37644,-6.2564397,-6.26644,-7.28644,-4.68644,-2.5864398,1.9235601,3.98356,1.7735602,2.74356,3.49356,1.3435602,5.3935604,2.9035602,2.8635602,1.6935601,0.8035602,1.4335601,1.0635601,2.5535603,-3.9164398,-1.2264398,-2.75644,-1.2864398,-1.9864398,-3.2164397
0.32356018,0.08356018,0.17356019,-0.23643982,0.32356018,0.3135602,0.38356018,0.5035602,0.19356018,0.21356018,-0.90643984,-1.6864399,-3.4564397,-4.0864396,-4.4664397,-5.4864397,-6.30644,-6.4664397,-6.37644,-5.55644,-5.49644,-3.3164399,2.75356,2.3435602,0.9235602,2.8635602,1.5935602,2.25356,2.2735603,2.7835603,1.6635602,-0.19643982,-2.0764399,-4.20644,-1.7264398,2.3135602,0.47356018,2.70356,-0.19643982,0.35356018,-0.01643982
1.1035602,1.3135601,1.2335602,1.1535602,0.9535602,0.53356016,0.8535602,0.52356017,0.4035602,-0.48643982,-1.7464398,-0.77643985,-3.1864398,-3.49644,-3.8464398,-4.4864397,-5.40644,-6.18644,-6.0064397,-7.3364396,-6.16644,-4.18644,-0.6464398,2.49356,3.0635602,1.2035602,2.5835602,1.8635602,2.1135602,2.8035603,1.8435602,-1.1664398,-1.6464398,-3.78644,0.8935602,-1.0064398,-1.3864398,2.1235602,-0.6264398,1.5135602,-2.4264398
2.4235601,2.6435602,2.0835602,1.7035602,1.4135602,1.3335602,1.6535602,1.4035602,0.5435602,1.0535601,-1.1564398,-2.0964398,-2.3364398,-3.01644,-3.52644,-3.6364398,-4.03644,-5.28644,-5.15644,-6.38644,-6.93644,-7.15644,-3.8364398,0.013560181,1.3935602,1.5435601,1.1435602,1.6735601,1.6235602,2.1435602,3.5635602,2.3735602,0.8135602,-1.4064398,-0.38643983,-0.39643982,-2.27644,-1.2664398,-0.7664398,-1.4164398,-3.9464397
3.22356,3.0635602,2.9135602,2.6335602,2.4135602,2.23356,2.20356,1.7535602,1.4735602,0.83356017,-0.42643982,-1.6764398,-1.3064399,-2.2164397,-2.9864397,-3.50644,-3.7064397,-4.0064397,-4.53644,-5.20644,-5.4464397,-6.4664397,-5.3564396,-2.4264398,-1.2664398,0.20356017,-0.65643984,0.32356018,-0.38643983,-0.96643984,1.0935602,-0.096439816,-1.4264398,-2.9564397,-0.45643982,-0.11643982,-0.27643982,-2.7364397,-1.0664399,2.6435602,3.6435602
3.25356,3.2735603,2.9435601,2.1635602,2.0735602,2.5435603,2.5735602,2.1535602,0.9335602,0.23356017,-0.29643983,-0.15643983,-1.5664399,0.13356018,-1.2764398,-2.4664397,-3.4664397,-3.1264398,-3.1964397,-3.3464398,-4.34644,-4.5064397,-5.53644,-5.1964397,-4.22644,-3.6464398,-1.2464398,-3.29644,-1.6464398,-1.7764398,-1.4564399,-1.6164398,-2.02644,-2.4464397,-2.6064398,0.4935602,0.2835602,2.1735601,2.0935602,1.2935601,-0.16643982
2.6835601,2.7935603,2.73356,2.8635602,2.5635602,2.4135602,2.0235603,1.8335602,1.5135602,0.8935602,0.6235602,-0.9464398,-0.90643984,0.6135602,0.8835602,0.6235602,-0.9264398,-2.50644,-2.2264397,-2.50644,-2.1464398,-3.03644,-2.7064397,-2.99644,-3.29644,-3.2364397,-2.6964397,-2.6964397,-2.3364398,-2.5664399,-2.78644,-2.5764399,-1.1564398,-1.3464398,-1.6264398,-2.52644,-1.5664399,0.21356018,0.97356015,1.7635602,0.96356016
2.6535602,3.0235603,3.1235602,2.49356,2.6035602,1.3535602,2.0135603,2.73356,2.72356,2.3035603,0.9935602,-0.11643982,0.04356018,-0.0064398195,1.2435602,1.8235602,1.5535601,1.1635602,-0.27643982,-1.0464398,-0.6064398,-0.8764398,-0.41643983,-0.84643984,-1.8164399,-1.9164398,-2.1864398,-2.1864398,-1.3964398,-0.7964398,-1.1264398,-1.4564399,-1.3464398,-1.2664398,-2.01644,-1.8664398,-2.3164399,-0.9964398,-0.9564398,-0.4064398,0.38356018
3.3435602,2.8335602,2.8935602,3.7835603,2.6535602,2.97356,2.73356,3.0435603,3.0335603,3.3535602,2.3235602,0.48356017,-0.17643982,0.8935602,0.7335602,1.9835602,2.4235601,2.9035602,2.70356,1.9635602,1.4835602,1.4035602,0.8235602,0.14356019,-0.4964398,-1.8364398,-1.6264398,-1.4464399,-1.9364399,-1.9764398,-1.4764398,-1.8264399,-1.4564399,-1.2564398,-2.1564398,-2.29644,-1.8564398,-1.6264398,-1.4264398,-0.8064398,-0.8064398
3.25356,3.74356,4.1435604,3.75356,3.6635602,3.2835603,3.73356,3.8235602,3.2935603,3.1135602,2.47356,3.0335603,2.6635602,0.97356015,2.3335602,2.0835602,2.1935601,2.50356,3.71356,3.3735602,2.8135602,2.5135603,2.3235602,2.0935602,1.8535602,0.7935602,0.5535602,0.30356017,0.11356018,0.7335602,-0.23643982,0.06356018,-0.07643982,-0.47643983,-1.1164398,-1.9964398,-1.8564398,-1.0064398,-0.7464398,-1.2864398,-0.4064398
