wind_kz.json
{"header": {"discipline":0,"disciplineName":"Meteorological products","gribEdition":2,"gribLength":1102,"center":7,"centerName":"US National Weather Service - NCEP(WMC)","subcenter":0,"refTime":"2023-09-19T06:00:00.000Z","significanceOfRT":1,"significanceOfRTName":"Start of forecast","productStatus":0,"productStatusName":"Operational products","productType":1,"productTypeName":"Forecast products","productDefinitionTemplate":0,"productDefinitionTemplateName":"Analysis/forecast at horizontal level/layer at a point in time","parameterCategory":2,"parameterCategoryName":"UnknownDiscipline_0_Category_2","parameterNumber":3,"parameterNumberName":"UnknownParameter_D0_C2_3","parameterUnit":"Unknown","genProcessType":2,"genProcessTypeName":"Forecast","forecastTime":120,"surface1Type":103,"surface1TypeName":"Specified height level above ground","surface1Value":10.0,"surface2Type":255,"surface2TypeName":"Missing","surface2Value":0.0,"gridDefinitionTemplate":0,"gridDefinitionTemplateName":"Latitude_Longitude","numberPoints":615,"shape":6,"shapeName":"Earth spherical with radius of 6,371,229.0 m","gridUnits":"degrees","resolution":48,"winds":"true","scanMode":64,"nx":41,"ny":15,"basicAngle":0,"lo1":47.0,"la1":41.0,"lo2":87.0,"la2":55.0,"dx":1.0,"dy":1.0}, "data":
[rows 0 to 14 of 15, columns 0 to 40 of 41]
1.1303492,1.8403491,2.8203492,4.060349,1.9703491,1.0103492,1.9203491,1.7303491,0.08034912,1.2503492,-1.5396509,-1.4496509,-2.759651,-3.6996508,-4.749651,-5.329651,-6.0296507,-5.419651,-6.499651,-4.769651,-3.8696508,-4.849651,1.9503491,1.1503491,1.5903491,1.5903491,0.6303491,1.0803491,-1.8396509,-3.3396509,-2.289651,-1.3896508,-1.5496509,1.5903491,1.8303491,0.7903491,0.8203491,0.23034912,-0.3496509,-2.1296508,-1.2296509
2.240349,1.9003491,5.120349,3.940349,2.8903491,1.7703491,1.2903491,1.5803491,0.30034912,-0.7396509,-0.7396509,-2.809651,-2.799651,-4.3196507,-4.9696507,-5.399651,-5.2596507,-6.0296507,-6.309651,-5.769651,-7.0296507,-7.369651,-3.6796508,-1.3696508,0.040349122,1.9903492,3.4003491,-1.6196508,0.72034913,0.9203491,-1.6196508,-1.6596509,-0.13965088,-3.1096509,1.1803491,2.6303492,1.8603492,2.1603491,1.7603492,1.7503492,0.02034912
4.920349,7.380349,5.340349,4.190349,2.9203491,2.0603492,1.4503491,0.7003491,1.1403491,-0.21965088,-1.8596509,-2.209651,-2.6496508,-3.269651,-4.329651,-4.7996507,-4.649651,-4.809651,-6.409651,-8.549651,-3.1096509,-3.979651,-8.379651,-4.169651,-3.3696508,-3.1796508,-2.6996508,-2.4096508,-0.8296509,-1.8096509,-2.4296508,-0.08965088,-2.9196508,-0.78965086,1.8303491,-1.0296509,-0.9996509,-1.8696508,-2.0796509,-0.029650878,1.4003491
5.800349,6.2803493,5.4903493,4.340349,3.540349,2.470349,2.510349,1.5003492,1.1703491,0.44034913,-0.96965086,-2.539651,-3.8596509,-4.919651,-4.2796507,-4.109651,-3.9096508,-4.559651,-5.5696507,-6.7996507,-6.979651,-4.4896507,-2.709651,-4.119651,-4.0296507,-4.7596507,-6.159651,-3.799651,-4.749651,-5.589651,-6.949651,-4.829651,-4.459651,1.6603491,0.010349121,1.0503491,4.460349,4.270349,-3.3496509,-2.4296508,0.32034913
4.560349,3.8703492,3.960349,2.270349,2.4103491,2.930349,1.6403491,1.7003491,1.5603491,0.53034914,0.26034912,-1.8096509,-3.979651,-5.019651,-4.409651,-3.529651,-3.819651,-4.059651,-4.449651,-4.7196507,-4.229651,-3.8996508,-3.4296508,-3.299651,-3.1596508,-4.0696507,-4.7596507,-5.649651,-5.389651,-5.609651,-5.939651,-4.119651,-0.7396509,-2.3696508,-1.5496509,-4.0296507,-13.349651,2.030349,-9.489651,-9.579651,0.44034913
3.4203491,3.430349,3.0703492,2.280349,1.6003491,1.6503491,1.5503491,1.1803491,0.91034913,2.490349,1.1803491,-1.1796509,-3.1396508,-4.379651,-4.709651,-3.029651,-3.039651,-3.259651,-3.1096509,-2.8696508,-3.9396508,-4.309651,-4.169651,-3.3796508,-3.6496508,-3.6996508,-3.8296509,-5.5296507,-5.8196507,-5.4896507,-5.559651,-5.0496507,-3.959651,-2.479651,-0.7696509,-7.659651,-0.72965086,-5.149651,-3.969651,-3.3596509,-4.829651
2.470349,3.780349,3.9003491,3.6503491,2.3003492,1.9703491,1.3303491,0.3703491,0.59034914,2.5703492,1.3203491,0.040349122,-2.239651,-3.5796509,-3.8796508,-3.509651,-2.789651,-2.4496508,-2.509651,-2.6096509,-3.459651,-4.199651,-4.2996507,-4.0696507,-4.0696507,-3.3796508,-4.169651,-5.169651,-3.969651,-5.9896507,-5.7596507,-5.7396507,-6.139651,-6.459651,-8.569651,-3.9296508,-3.3596509,-0.41965088,-3.469651,0.53034914,-11.349651
2.980349,3.700349,3.0503492,2.730349,1.4803491,0.6003491,-0.27965087,-0.26965088,2.0703492,4.0303493,2.1103492,0.8603491,-1.3696508,-1.6796509,-2.779651,-2.9096508,-3.299651,-3.029651,-3.249651,-2.749651,-2.8896508,-4.2996507,-4.659651,-5.209651,-4.959651,-5.609651,-5.349651,-5.559651,-6.659651,-6.839651,-7.289651,-6.559651,-6.869651,-7.949651,-6.189651,-5.959651,-5.0496507,-4.079651,-1.1096509,-1.2996509,-2.219651
2.8503492,2.680349,2.3403492,1.9303491,1.0803491,-0.45965087,0.47034913,0.29034913,2.1203492,3.0903492,2.9003491,1.5903491,0.45034912,-0.6896509,-1.6296508,-2.5796509,-2.819651,-3.1696508,-3.4396508,-3.3396509,-2.779651,-3.519651,-3.8696508,-4.2796507,-4.5496507,-5.159651,-4.789651,-5.679651,-5.189651,-6.2196507,-6.599651,-6.999651,-6.839651,-6.269651,-6.4696507,-6.089651,-5.899651,-5.959651,-1.3396509,0.6103491,3.040349
2.1403491,1.9403491,1.5203491,0.72034913,0.9303491,0.8203491,0.33034912,-0.4096509,0.08034912,2.230349,3.8203492,2.3103492,1.4603491,0.8603491,-0.22965088,-1.2396508,-1.9196509,-2.4396508,-2.539651,-2.8296509,-2.729651,-3.549651,-3.4496508,-4.2396507,-4.189651,-4.149651,-4.0096507,-4.789651,-3.739651,-4.899651,-4.849651,-5.659651,-5.879651,-6.409651,-6.2396507,-4.659651,-1.9996508,0.4903491,-0.44965088,-1.5296509,-2.6796508
2.5803492,1.5603491,0.77034914,1.5903491,1.3303491,1.1803491,-0.2596509,-0.7396509,-1.0296509,2.1303492,2.8903491,1.9703491,1.7203491,1.1303492,0.18034913,-0.4396509,-1.2896509,-1.7196509,-2.059651,-2.6796508,-2.969651,-3.019651,-3.1096509,-3.6096509,-3.5796509,-3.539651,-3.719651,-4.189651,-3.3596509,-4.389651,-5.4696507,-5.089651,-4.999651,-4.2996507,-4.2996507,-4.349651,-3.279651,-2.239651,-3.5996509,-2.8496509,-2.1196508
1.7203491,1.3303491,0.71034914,2.780349,3.200349,2.010349,0.48034912,-0.16965088,-0.06965088,0.91034913,1.6803491,1.9103491,1.7203491,1.4603491,0.35034913,-0.5596509,-1.0796509,-1.2196509,-1.1096509,-1.9296509,-2.5896509,-3.1696508,-3.1096509,-2.8996508,-3.0996509,-3.509651,-1.8796508,-3.4296508,-3.509651,-4.189651,-4.149651,-5.419651,-3.6896508,-4.2796507,-3.1696508,-3.3796508,-2.6896508,-1.7596508,-0.8696509,-0.38965088,0.040349122
1.7503492,1.4603491,1.6703491,2.1603491,2.8903491,2.200349,1.8803492,1.0103492,-0.24965088,0.13034911,0.010349121,0.4303491,1.0703491,0.8003491,0.16034912,-0.33965087,-0.52965087,-0.96965086,-0.96965086,-1.1196508,-0.8796509,-1.6596509,-0.21965088,-1.3396509,-3.489651,-3.1096509,-3.569651,-1.8996509,-3.6996508,-4.729651,-4.0496507,-3.259651,-4.3196507,-3.1796508,-3.279651,-2.4196508,-2.4096508,-1.4596509,-1.5596509,-0.9896509,-0.36965087
2.3303492,2.5903492,2.930349,2.6103492,3.200349,3.5503492,2.690349,2.270349,1.7703491,1.1903491,0.18034913,-0.11965088,3.4912108E-4,0.21034913,0.02034912,0.10034912,-0.48965088,-0.27965087,-0.32965088,-0.6396509,-0.22965088,0.77034914,-0.21965088,0.11034912,0.27034912,-0.9296509,-2.289651,-2.719651,-1.8496509,-3.539651,-3.3796508,-3.8796508,-3.5796509,-3.219651,-3.1896508,-2.9196508,-2.039651,-1.4796509,-1.6396508,-0.6796509,-2.3996508
1.9603491,2.980349,2.8403492,3.190349,3.210349,3.3703492,3.3803492,2.8403492,3.1303492,2.5803492,0.8203491,1.2403492,0.36034912,-0.60965085,0.8503491,-0.049650878,-0.22965088,-0.48965088,-0.29965088,-0.30965087,-0.5196509,-0.3196509,-0.41965088,0.9403491,0.91034913,0.6803491,-0.5696509,-1.8196509,-0.46965086,-1.7296509,-2.5996509,-2.479651,-3.039651,-2.6596508,-2.709651,-2.1796508,-0.5796509,-1.4796509,-1.4596509,-1.2396508,-0.66965085
