wind_kz.json
{"header": {"discipline":0,"disciplineName":"Meteorological products","gribEdition":2,"gribLength":871,"center":7,"centerName":"US National Weather Service - NCEP(WMC)","subcenter":0,"refTime":"2024-04-08T18:00:00.000Z","significanceOfRT":1,"significanceOfRTName":"Start of forecast","productStatus":0,"productStatusName":"Operational products","productType":1,"productTypeName":"Forecast products","productDefinitionTemplate":0,"productDefinitionTemplateName":"Analysis/forecast at horizontal level/layer at a point in time","parameterCategory":0,"parameterCategoryName":"UnknownDiscipline_0_Category_0","parameterNumber":0,"parameterNumberName":"UnknownParameter_D0_C0_0","parameterUnit":"Unknown","genProcessType":2,"genProcessTypeName":"Forecast","forecastTime":60,"surface1Type":1,"surface1TypeName":"Ground or water surface","surface1Value":0.0,"surface2Type":255,"surface2TypeName":"Missing","surface2Value":0.0,"gridDefinitionTemplate":0,"gridDefinitionTemplateName":"Latitude_Longitude","numberPoints":615,"shape":6,"shapeName":"Earth spherical with radius of 6,371,229.0 m","gridUnits":"degrees","resolution":48,"winds":"true","scanMode":64,"nx":41,"ny":15,"basicAngle":0,"lo1":47.0,"la1":41.0,"lo2":87.0,"la2":55.0,"dx":1.0,"dy":1.0}, "data":
[rows 0 to 14 of 15, columns 0 to 40 of 41]
287.14932,284.24933,290.14932,281.64932,282.54932,283.74933,297.54932,299.54932,300.14932,303.8493,305.14932,304.54932,303.64932,302.4493,302.74933,303.04932,303.3493,304.14932,304.14932,304.9493,305.04932,305.14932,305.04932,302.04932,309.3493,309.54932,303.64932,276.04932,287.64932,287.14932,282.04932,280.8493,299.04932,308.4493,309.04932,306.14932,310.8493,309.8493,308.8493,308.64932,308.04932
273.74933,294.04932,281.8493,282.04932,282.24933,282.8493,303.54932,299.64932,300.04932,299.64932,303.9493,302.14932,303.9493,303.24933,300.74933,300.24933,301.8493,302.24933,301.4493,302.24933,303.8493,304.14932,296.54932,291.04932,273.14932,273.24933,296.9493,284.04932,298.74933,273.9493,289.54932,273.4493,295.8493,265.9493,272.64932,301.9493,304.04932,305.4493,307.74933,303.64932,280.04932
298.04932,281.74933,281.8493,282.24933,282.24933,300.8493,301.54932,301.24933,300.64932,299.9493,300.64932,301.3493,300.24933,301.64932,298.9493,299.4493,300.24933,299.9493,302.04932,302.54932,303.3493,305.14932,301.64932,294.3493,300.74933,301.24933,298.9493,299.14932,300.4493,292.14932,280.14932,285.24933,295.04932,297.4493,295.9493,292.8493,278.74933,293.14932,290.3493,284.64932,278.3493
291.54932,282.64932,282.04932,282.24933,286.24933,299.74933,299.8493,301.14932,301.64932,302.54932,301.04932,299.4493,285.74933,286.24933,299.3493,299.74933,300.8493,301.74933,302.4493,303.24933,303.24933,301.14932,305.4493,304.74933,303.4493,303.04932,303.74933,299.04932,302.74933,302.3493,298.8493,299.4493,303.64932,305.9493,303.24933,298.64932,280.64932,272.04932,294.74933,297.4493,300.9493
294.04932,283.3493,282.3493,282.74933,289.4493,301.3493,301.64932,304.8493,305.04932,304.4493,303.04932,303.14932,284.74933,284.54932,283.14932,303.9493,304.64932,304.64932,303.54932,301.64932,301.74933,304.8493,303.74933,305.54932,303.04932,302.24933,300.54932,295.74933,302.24933,305.54932,303.74933,301.24933,281.24933,273.14932,295.4493,300.8493,294.04932,306.14932,304.64932,303.9493,302.54932
297.54932,299.04932,283.14932,281.8493,280.54932,281.04932,302.74933,301.8493,303.74933,302.9493,301.04932,301.3493,286.24933,283.8493,286.64932,301.64932,299.8493,301.8493,300.4493,301.64932,299.74933,300.04932,301.64932,300.3493,299.4493,299.04932,300.3493,271.8493,298.54932,299.54932,301.74933,300.04932,297.74933,298.4493,293.24933,295.14932,290.64932,290.14932,303.04932,303.14932,298.8493
299.9493,300.04932,300.4493,300.54932,294.04932,300.04932,301.04932,300.24933,299.24933,297.9493,293.4493,288.9493,286.64932,290.54932,286.4493,287.54932,290.3493,295.24933,293.8493,294.8493,291.74933,287.8493,285.4493,285.24933,288.54932,289.8493,291.14932,289.74933,283.9493,285.8493,284.24933,291.04932,289.8493,290.4493,290.9493,288.4493,281.54932,285.24933,273.9493,279.64932,284.3493
298.8493,299.04932,298.04932,297.9493,298.14932,296.4493,297.14932,296.54932,295.64932,294.4493,294.4493,293.14932,293.14932,293.14932,292.54932,289.24933,289.04932,288.9493,288.4493,287.04932,280.64932,281.4493,280.4493,280.04932,279.3493,277.9493,278.04932,279.24933,279.4493,280.14932,280.24933,281.74933,281.54932,280.8493,281.74933,287.54932,289.74933,273.14932,287.64932,282.4493,279.4493
296.54932,296.4493,296.54932,296.64932,294.74933,295.04932,294.8493,294.14932,293.4493,293.14932,293.14932,292.64932,292.4493,293.14932,292.8493,292.54932,290.64932,288.24933,286.4493,288.14932,285.8493,282.54932,281.9493,281.14932,279.14932,279.74933,279.04932,279.3493,277.9493,277.14932,276.54932,278.14932,280.24933,283.8493,285.4493,285.14932,282.24933,279.64932,273.24933,273.24933,273.14932
289.14932,288.9493,293.4493,293.3493,292.3493,293.3493,291.9493,292.14932,292.4493,291.54932,285.04932,288.3493,287.74933,286.24933,283.4493,283.3493,285.74933,288.3493,289.14932,289.54932,288.54932,289.04932,289.3493,289.3493,285.54932,283.54932,282.9493,284.24933,283.4493,283.24933,282.64932,281.64932,284.04932,282.8493,281.74933,278.54932,275.74933,273.04932,273.14932,276.8493,273.64932
287.64932,292.14932,293.74933,293.04932,291.9493,290.8493,290.24933,289.54932,289.74933,289.3493,286.8493,286.64932,280.54932,278.3493,279.14932,282.4493,285.14932,288.3493,288.4493,287.3493,288.24933,287.3493,286.4493,283.74933,279.64932,279.64932,276.3493,277.04932,276.8493,280.9493,284.4493,281.3493,285.8493,281.04932,283.8493,279.54932,273.74933,275.64932,279.4493,278.04932,274.8493
288.64932,292.54932,291.9493,291.4493,290.64932,290.04932,289.14932,287.8493,287.4493,288.14932,286.8493,286.3493,285.74933,285.54932,286.04932,287.8493,288.04932,287.14932,286.54932,285.8493,282.8493,281.54932,276.3493,277.54932,276.9493,277.64932,276.24933,277.74933,278.4493,279.8493,280.14932,281.64932,278.8493,281.9493,279.4493,278.14932,277.3493,277.3493,279.04932,280.24933,281.4493
288.54932,289.54932,290.54932,290.54932,288.64932,288.14932,288.3493,288.8493,288.64932,287.4493,286.24933,285.64932,286.04932,279.54932,283.54932,278.8493,281.74933,282.14932,283.24933,282.8493,281.3493,276.9493,277.74933,276.54932,281.3493,279.24933,280.64932,279.64932,281.24933,277.9493,276.24933,276.3493,276.54932,278.3493,276.64932,275.74933,276.24933,276.14932,276.4493,277.3493,276.8493
288.04932,287.14932,279.54932,287.74933,286.8493,286.64932,286.3493,285.3493,286.24933,286.3493,282.74933,284.8493,284.74933,284.24933,281.14932,284.04932,284.24933,280.8493,284.3493,280.04932,282.04932,278.9493,277.74933,278.74933,279.04932,283.4493,282.64932,276.74933,278.4493,276.74933,277.74933,277.04932,276.9493,277.14932,277.14932,275.9493,275.24933,275.64932,275.74933,275.8493,276.54932
287.04932,286.74933,273.24933,286.04932,285.14932,285.04932,284.04932,285.8493,285.74933,285.24933,284.04932,285.3493,282.64932,283.9493,283.14932,283.64932,281.74933,280.24933,284.24933,282.54932,282.3493,282.04932,282.04932,281.3493,280.24933,279.4493,279.24933,276.4493,278.64932,278.4493,278.54932,275.64932,277.24933,278.14932,277.54932,276.54932,276.64932,275.04932,275.8493,276.04932,277.64932
