wind_kz.json
{"header": {"discipline":0,"disciplineName":"Meteorological products","gribEdition":2,"gribLength":1025,"center":7,"centerName":"US National Weather Service - NCEP(WMC)","subcenter":0,"refTime":"2023-10-02T12:00:00.000Z","significanceOfRT":1,"significanceOfRTName":"Start of forecast","productStatus":0,"productStatusName":"Operational products","productType":1,"productTypeName":"Forecast products","productDefinitionTemplate":0,"productDefinitionTemplateName":"Analysis/forecast at horizontal level/layer at a point in time","parameterCategory":2,"parameterCategoryName":"UnknownDiscipline_0_Category_2","parameterNumber":3,"parameterNumberName":"UnknownParameter_D0_C2_3","parameterUnit":"Unknown","genProcessType":2,"genProcessTypeName":"Forecast","forecastTime":60,"surface1Type":103,"surface1TypeName":"Specified height level above ground","surface1Value":10.0,"surface2Type":255,"surface2TypeName":"Missing","surface2Value":0.0,"gridDefinitionTemplate":0,"gridDefinitionTemplateName":"Latitude_Longitude","numberPoints":615,"shape":6,"shapeName":"Earth spherical with radius of 6,371,229.0 m","gridUnits":"degrees","resolution":48,"winds":"true","scanMode":64,"nx":41,"ny":15,"basicAngle":0,"lo1":47.0,"la1":41.0,"lo2":87.0,"la2":55.0,"dx":1.0,"dy":1.0}, "data":
[rows 0 to 14 of 15, columns 0 to 40 of 41]
0.96346927,-0.096530765,-1.9665308,-10.376531,-8.456531,-3.9565308,3.0334692,2.0934691,-1.3265308,-1.9365307,-4.096531,-3.0265307,-0.76653075,-0.47653076,-0.82653075,-2.4565308,-3.1865308,-1.6765307,-3.5165308,-1.8165307,-1.9465308,-2.7165308,-0.6165308,-1.5065308,-1.5865308,-1.4165307,-1.5565307,1.3734692,2.2134693,0.25346923,-2.3465307,-3.0465307,0.72346926,-1.2265308,-1.7465308,1.8434693,1.8234693,0.27346924,-0.30653077,-2.0765307,1.6134692
-0.5465308,0.013469238,-6.4765306,-9.556531,-10.176531,-0.42653075,0.8234692,1.0734693,-1.9065307,-1.9165307,0.04346924,-0.21653076,0.91346925,-0.5465308,-2.5565307,-2.2565308,-0.76653075,-2.4465308,-3.6665308,-3.8065307,-3.2565308,-2.0465307,-0.9865308,1.5134692,0.26346925,0.27346924,-2.2865307,1.9634693,0.48346925,2.0334692,3.2234693,2.6134691,0.60346925,-1.7465308,-3.5365307,-1.0465307,-1.3165307,-2.9365308,-1.2665308,-2.1065307,1.1734692
0.8334692,-2.1065307,-3.6465309,-9.356531,-7.6865306,-4.6465306,-0.76653075,-0.24653076,-1.0165308,-0.38653076,-0.26653075,1.2634692,0.0034692383,-0.75653076,-1.2665308,-1.6565307,-1.4065307,-2.7865307,-3.6865308,-4.2465305,-2.1765308,-0.94653076,-1.0765308,0.5734692,-0.10653076,0.07346924,1.1534692,0.80346924,-0.14653076,1.8134693,2.5134692,0.81346923,2.0734692,-0.81653076,-0.6165308,1.9434693,2.7034693,-0.056530762,-0.57653075,-0.31653076,-0.07653076
-0.65653074,-1.3065307,-1.1365308,-8.626531,-3.0565307,-2.2365308,-1.7465308,-1.3465308,-2.1365309,0.04346924,0.07346924,-0.18653077,0.5734692,0.023469238,-1.3065307,-2.0465307,-2.6165307,-3.1765308,-3.8265307,-5.076531,-3.7365308,-1.6365308,-0.6065308,-0.8565308,-1.3665308,-1.2065308,-0.93653077,-1.5965308,1.2334692,-0.28653076,0.33346924,-1.6065308,-1.8765308,-0.9165308,-0.56653076,-2.9265308,-0.8065308,2.8334692,2.7534692,0.79346925,1.4834692
-0.30653077,-0.78653073,-1.0665307,-2.6265306,-2.7865307,-2.5665307,-2.5565307,-0.45653075,1.2434692,0.46346924,1.0334692,0.97346926,-0.5465308,-1.6365308,-2.0165308,-2.1665308,-3.1065307,-3.4365308,-3.3065307,-3.7765307,-2.7265308,-1.6065308,-1.0165308,-1.5265307,-1.5165308,-1.6365308,-1.0965308,-0.62653077,-0.76653075,-1.8865308,-2.1065307,-0.096530765,2.7634692,3.1034691,-0.38653076,-1.0365307,0.62346923,-1.9965308,-1.8665308,2.1634693,0.93346924
1.0034692,0.73346925,1.0234692,0.35346925,-1.3065307,-2.2565308,-1.4565308,-1.1565307,1.3334693,2.2034693,1.4334693,1.1234692,-0.5565308,-1.4865308,-1.0465307,-2.1165307,-2.4465308,-3.5165308,-4.136531,-2.5965307,-3.3465307,-1.8265308,0.5834692,-0.69653076,-1.1465307,-1.6865307,-2.1965308,-1.8765308,-1.6265308,-1.7665308,-1.7665308,-1.4565308,-1.2565308,-1.5365307,1.4134692,0.80346924,2.8834693,3.9234693,-1.3665308,-1.9265307,-0.43653077
2.9134693,1.9934692,0.5134692,-0.25653076,-1.7465308,-1.3065307,-1.2065308,-0.9965308,0.24346924,3.0934691,2.5734692,1.2434692,0.90346926,-0.5565308,-1.2965307,-2.0265307,-2.5165308,-3.3165307,-3.6265306,-2.0465307,-2.7965307,-2.8565307,-1.6865307,0.20346923,0.23346923,-0.17653076,-1.4665308,-1.7465308,-1.9465308,-0.31653076,-1.2965307,-3.3865309,-3.2965307,0.17346925,-1.4165307,-2.0365307,-3.3865309,-0.75653076,1.1934693,-0.07653076,-0.25653076
-0.69653076,3.8234692,3.1634693,2.2134693,1.1234692,-1.0965308,-0.77653074,-1.0265307,-0.50653076,-0.34653077,2.7034693,2.0334692,1.1134692,0.09346924,-0.88653076,-1.2465308,-2.5065308,-2.9365308,-2.9665308,-1.0565307,-2.3865309,-2.5465307,-3.2365308,-1.9665308,0.56346923,0.5834692,0.60346925,-0.88653076,-1.1865307,-2.0065308,-0.6765308,-0.6765308,-2.0965307,-3.1065307,0.36346924,-0.29653075,-1.7365308,1.6034693,-0.87653077,0.60346925,-1.7465308
2.9034693,3.1134691,2.7934692,2.7834692,2.5534692,1.5734693,1.2534692,1.1434692,1.8934692,0.99346924,1.1634692,1.3034692,1.4334693,0.27346924,-0.04653076,-1.0565307,-1.2365308,-1.4065307,-1.7965307,-2.2965307,-0.39653075,-2.0965307,-2.7365308,-3.0765307,-2.3665307,-1.4965308,0.72346926,0.8834692,0.7734692,0.12346924,0.25346923,1.4334693,1.2534692,0.56346923,1.3434693,1.3134693,-2.0565307,0.06346924,1.1434692,-0.10653076,-2.9665308
-0.26653075,1.7434692,2.5634692,3.2134693,3.1034691,3.0934691,2.3234692,1.9834692,1.9434693,1.3434693,1.7234693,2.1034691,1.0634693,0.43346924,0.39346924,-0.63653076,0.12346924,0.53346926,0.25346923,0.25346923,-0.056530762,-0.95653075,-1.9965308,-3.0465307,-2.7465308,-2.1265306,-1.7365308,-0.14653076,0.12346924,-0.08653076,1.1834693,2.2234693,2.1034691,2.1134691,1.4034692,0.84346926,0.6334692,-1.5165308,0.26346925,2.7334692,2.8634691
3.2934692,2.5534692,2.1434693,1.9934692,1.4734693,3.2134693,3.6234694,2.3734694,2.0734692,2.5734692,2.5434692,1.7334692,0.9534692,1.4834692,1.1034693,0.053469237,0.013469238,0.56346923,2.4134693,1.5134692,1.1534692,0.49346924,-0.46653077,-0.90653074,-1.5865308,-1.7165308,-1.5365307,-1.9465308,-1.7265308,-1.0165308,0.90346926,1.8734692,1.9934692,1.4634693,1.6534692,0.91346925,1.1234692,1.7934692,1.3534693,1.5334692,0.28346923
3.2434692,3.2734692,3.3434691,3.2234693,3.3434691,2.8734694,2.3334692,2.3734694,2.0234692,2.1534693,2.5834692,2.0434692,2.6734693,2.4234693,1.7934692,1.3834692,0.8234692,0.99346924,2.7534692,2.2834692,2.2834692,1.7034693,1.0634693,0.8934692,0.6434692,0.35346925,0.9534692,-0.016530761,-1.1365308,-0.39653075,1.1134692,1.8634692,1.3834692,1.7434692,0.85346925,1.3834692,1.8034692,1.9434693,1.8834692,1.9334693,1.0034692
3.8634691,4.263469,4.763469,3.9234693,3.7334692,2.3734694,2.6334693,3.1834693,3.4634693,2.7234693,2.0134692,1.6434692,2.5634692,2.7034693,2.6734693,2.4034693,2.0734692,1.9134692,2.6634693,2.6434693,3.5434692,3.5034692,2.8734694,3.0134692,2.3334692,2.3334692,1.4334693,0.93346924,0.56346923,0.47346923,1.7934692,1.4034692,1.3734692,1.9134692,1.6534692,1.7834692,1.6234692,1.4734693,2.2234693,1.5134692,0.87346923
4.263469,4.653469,5.363469,5.513469,3.8534691,4.3534694,3.9634693,4.193469,3.3734694,3.3934693,2.5734692,1.5934693,1.4534693,2.6434693,2.5634692,2.5734692,2.6434693,2.6634693,1.8534693,2.3134692,2.1934693,3.3134692,2.8734694,2.7934692,2.8234692,2.5534692,2.5334692,2.5034692,1.9534693,1.7734692,1.7134693,2.1234694,2.3334692,2.3434691,1.4034692,2.0234692,1.8634692,1.6834693,1.6734692,1.7734692,1.7334692
3.1134691,4.2034693,5.7734694,5.7234693,5.6234694,5.8134694,6.0234694,5.363469,4.8734694,4.153469,3.0434692,3.4134693,2.3434691,1.5934693,2.8234692,2.8834693,2.7234693,2.6234694,2.5134692,2.1234694,2.1934693,2.8234692,2.9034693,2.2534692,2.4934692,2.9534693,2.9034693,3.1634693,3.0134692,3.0334692,2.1834693,3.1334693,2.6434693,2.7634692,2.7634692,2.6534693,2.5634692,2.9534693,2.3034692,2.8134692,1.1734692
