wind_kz.json
{"header": {"discipline":0,"disciplineName":"Meteorological products","gribEdition":2,"gribLength":1025,"center":7,"centerName":"US National Weather Service - NCEP(WMC)","subcenter":0,"refTime":"2024-01-31T12:00:00.000Z","significanceOfRT":1,"significanceOfRTName":"Start of forecast","productStatus":0,"productStatusName":"Operational products","productType":1,"productTypeName":"Forecast products","productDefinitionTemplate":0,"productDefinitionTemplateName":"Analysis/forecast at horizontal level/layer at a point in time","parameterCategory":2,"parameterCategoryName":"UnknownDiscipline_0_Category_2","parameterNumber":2,"parameterNumberName":"UnknownParameter_D0_C2_2","parameterUnit":"Unknown","genProcessType":2,"genProcessTypeName":"Forecast","forecastTime":0,"surface1Type":103,"surface1TypeName":"Specified height level above ground","surface1Value":10.0,"surface2Type":255,"surface2TypeName":"Missing","surface2Value":0.0,"gridDefinitionTemplate":0,"gridDefinitionTemplateName":"Latitude_Longitude","numberPoints":615,"shape":6,"shapeName":"Earth spherical with radius of 6,371,229.0 m","gridUnits":"degrees","resolution":48,"winds":"true","scanMode":64,"nx":41,"ny":15,"basicAngle":0,"lo1":47.0,"la1":41.0,"lo2":87.0,"la2":55.0,"dx":1.0,"dy":1.0}, "data":
[rows 0 to 14 of 15, columns 0 to 40 of 41]
2.263711,0.84371096,-1.856289,-2.6362891,1.2237109,4.563711,6.053711,6.703711,6.5437107,6.513711,6.893711,6.093711,6.093711,6.533711,6.383711,5.743711,5.743711,6.623711,6.223711,6.853711,-1.246289,0.13371094,-0.026289063,0.85371095,-0.49628907,-2.516289,0.6437109,1.133711,-0.8562891,1.003711,1.3537109,0.8137109,-1.226289,-1.606289,-1.746289,-1.9362891,-2.1162891,-3.046289,-2.986289,-1.076289,1.423711
-0.44628906,-1.3962891,1.3137109,6.443711,7.803711,8.053711,6.863711,6.743711,8.393711,7.973711,8.673711,7.703711,6.633711,6.913711,7.353711,5.713711,6.593711,7.5237107,8.073711,6.483711,6.943711,1.773711,2.433711,-2.216289,0.9537109,-0.19628906,-1.0462891,1.2237109,-2.286289,0.26371095,0.42371094,-0.37628907,2.963711,-1.826289,0.11371094,-0.15628906,-0.6862891,-0.026289063,1.3137109,0.17371094,-0.9862891
0.5137109,5.2937107,6.433711,6.933711,7.123711,5.133711,6.153711,6.973711,8.213711,8.653711,8.713711,8.333711,7.803711,7.813711,8.793711,6.783711,6.963711,7.223711,6.593711,5.5437107,3.813711,3.703711,3.253711,5.533711,-1.366289,-1.856289,-2.6262891,-2.036289,2.463711,-0.38628906,-0.27628908,-1.326289,0.30371094,0.80371094,-0.06628906,-1.5162891,-0.076289065,0.62371093,0.8137109,-0.8562891,1.4337109
3.983711,5.0237107,4.633711,4.453711,3.783711,3.793711,4.443711,6.073711,6.683711,7.533711,8.183711,8.853711,12.633711,13.673711,8.963711,8.693711,7.683711,7.103711,6.463711,5.433711,3.6437109,5.053711,-1.3162891,5.853711,6.643711,2.323711,2.453711,0.25371093,4.763711,3.033711,1.643711,2.063711,2.6537108,0.6937109,0.31371093,-0.5562891,-1.456289,2.033711,1.383711,0.7637109,1.8137109
2.733711,1.923711,2.783711,2.743711,3.693711,4.7937107,4.993711,6.453711,7.373711,7.633711,8.803711,9.523711,11.903711,12.5337105,13.413711,10.333711,8.623711,6.413711,5.863711,5.563711,6.453711,4.5437107,-0.51628906,-0.95628905,-0.65628904,0.18371093,2.193711,3.023711,4.983711,5.083711,4.623711,3.3937109,1.0737109,1.283711,-0.13628906,0.11371094,-1.236289,-0.9162891,-0.18628906,0.99371094,2.053711
1.403711,2.313711,2.243711,3.933711,3.513711,4.843711,5.7937107,6.223711,6.233711,7.183711,8.193711,8.823711,10.053711,12.293711,8.683711,7.603711,8.093711,7.7737107,4.923711,4.533711,5.323711,4.0237107,3.6237109,3.293711,3.503711,4.073711,5.0237107,4.843711,3.8837109,3.013711,4.5037107,4.403711,0.48371094,-0.8562891,-0.076289065,-3.246289,-0.53628904,1.013711,-0.056289062,1.4337109,0.5037109
2.1137109,2.283711,3.603711,3.703711,4.223711,5.133711,6.303711,7.133711,7.493711,8.423711,7.863711,9.133711,9.983711,10.323711,8.883711,8.513711,7.223711,6.893711,3.993711,3.183711,2.833711,1.3137109,1.503711,2.343711,3.1237109,3.963711,4.953711,4.663711,3.453711,3.073711,4.823711,5.5437107,-1.606289,-2.966289,-2.046289,-0.76628906,-1.0462891,1.3437109,-0.49628907,0.36371094,0.7637109
2.453711,2.753711,2.763711,3.273711,3.9037108,4.223711,4.743711,5.233711,7.483711,8.503711,8.763711,9.883711,10.443711,9.543711,7.053711,6.913711,5.163711,3.823711,1.4737109,-1.256289,-0.15628906,0.12371094,0.98371094,1.7337109,3.263711,3.743711,5.373711,3.6237109,5.673711,4.5437107,5.913711,4.383711,-2.566289,0.18371093,-0.13628906,-0.9262891,0.92371094,-2.166289,-1.8062891,-2.646289,-1.966289
1.7037109,2.003711,2.753711,3.4037108,3.3637109,4.243711,6.113711,6.943711,7.313711,7.743711,8.773711,7.463711,2.853711,4.0237107,4.353711,3.743711,1.5637109,0.12371094,-0.9362891,-0.49628907,-0.5562891,0.8937109,1.4837109,1.5837109,3.433711,4.853711,5.903711,4.5037107,1.7137109,0.12371094,5.083711,0.24371094,2.083711,-2.5862892,-2.686289,-2.296289,-0.17628907,-1.1762891,-0.78628904,0.86371094,-1.5662891
1.7137109,2.713711,3.033711,3.323711,4.473711,5.533711,5.843711,5.223711,6.213711,6.123711,6.113711,4.203711,2.283711,1.9637109,1.5837109,-1.6662891,-1.5662891,-2.176289,-2.766289,-1.866289,-0.08628906,-1.0562891,-0.06628906,1.9637109,3.033711,3.4037108,4.5237107,3.093711,1.653711,1.7337109,2.473711,2.273711,-1.6462891,-1.0562891,-2.0862892,-0.9262891,-2.496289,-0.77628905,-0.76628906,1.0837109,-1.1362891
1.7037109,2.793711,2.723711,3.1637108,4.463711,3.9037108,3.813711,4.2937107,3.943711,4.063711,5.303711,0.13371094,1.373711,0.14371094,-1.5662891,-2.5762892,-3.416289,-3.536289,-3.566289,-2.686289,-1.7662891,-0.69628906,1.523711,2.273711,1.9837109,2.033711,2.843711,0.59371096,0.59371096,0.14371094,-0.34628907,-1.7862891,-2.906289,-1.4162891,-1.606289,-1.1662891,0.25371093,0.5037109,-0.9862891,1.543711,-1.576289
1.3337109,2.183711,3.043711,3.193711,3.523711,3.503711,3.513711,3.6537108,3.583711,3.093711,3.603711,-0.09628906,0.11371094,-1.4062891,-1.746289,-2.3562891,-2.476289,-2.806289,-2.8362892,-2.436289,-1.106289,0.87371093,1.4837109,2.433711,1.2337109,-0.57628906,-1.256289,-0.23628907,-0.48628905,-1.7862891,-1.9462891,-2.256289,-1.976289,-2.5762892,-0.62628907,1.5737109,-1.1562891,-0.56628907,0.19371094,-0.036289062,0.11371094
2.563711,1.793711,2.233711,3.6237109,3.433711,3.3637109,3.493711,2.8637109,3.263711,2.253711,1.873711,2.1737108,-0.94628906,-1.5162891,-1.096289,-1.9062891,-1.4262891,-2.016289,-1.356289,-1.5362891,-0.63628906,0.27371094,0.8337109,-0.046289064,0.0037109375,-0.83628905,-1.1362891,-2.066289,-2.1162891,-2.3262892,-2.536289,-2.486289,-2.786289,-2.056289,-1.6362891,-0.08628906,-1.836289,-1.236289,-1.2762891,-0.35628906,-0.83628905
2.263711,2.573711,3.233711,3.693711,3.323711,3.493711,3.023711,2.273711,2.9137108,2.703711,2.6437109,1.9837109,1.1037109,0.24371094,-0.75628906,-0.36628905,-0.57628906,-1.226289,-1.246289,-0.7962891,-0.51628906,-0.06628906,-0.31628907,-1.6362891,-1.866289,-2.926289,-2.546289,-2.296289,-2.516289,-2.756289,-2.806289,-2.546289,-2.306289,-1.996289,-1.746289,-1.9462891,-1.9362891,-1.5562891,-1.326289,-0.37628907,-0.21628906
2.693711,3.823711,5.053711,4.243711,4.113711,3.183711,4.643711,3.183711,3.333711,2.3937109,1.8137109,0.87371093,0.8237109,1.0937109,-0.5562891,-0.6862891,-0.21628906,-0.56628907,-0.65628904,-1.116289,-0.90628904,-1.076289,-0.51628906,-1.2962891,-2.3362892,-2.3462892,-2.706289,-2.6262891,-2.786289,-2.8562891,-2.926289,-3.146289,-2.8762891,-2.456289,-2.3462892,-2.156289,-1.466289,-1.106289,-1.976289,-1.6362891,-1.086289
