wind_kz.json
{"header": {"discipline":0,"disciplineName":"Meteorological products","gribEdition":2,"gribLength":1025,"center":7,"centerName":"US National Weather Service - NCEP(WMC)","subcenter":0,"refTime":"2023-09-25T06:00:00.000Z","significanceOfRT":1,"significanceOfRTName":"Start of forecast","productStatus":0,"productStatusName":"Operational products","productType":1,"productTypeName":"Forecast products","productDefinitionTemplate":0,"productDefinitionTemplateName":"Analysis/forecast at horizontal level/layer at a point in time","parameterCategory":2,"parameterCategoryName":"UnknownDiscipline_0_Category_2","parameterNumber":3,"parameterNumberName":"UnknownParameter_D0_C2_3","parameterUnit":"Unknown","genProcessType":2,"genProcessTypeName":"Forecast","forecastTime":180,"surface1Type":103,"surface1TypeName":"Specified height level above ground","surface1Value":10.0,"surface2Type":255,"surface2TypeName":"Missing","surface2Value":0.0,"gridDefinitionTemplate":0,"gridDefinitionTemplateName":"Latitude_Longitude","numberPoints":615,"shape":6,"shapeName":"Earth spherical with radius of 6,371,229.0 m","gridUnits":"degrees","resolution":48,"winds":"true","scanMode":64,"nx":41,"ny":15,"basicAngle":0,"lo1":47.0,"la1":41.0,"lo2":87.0,"la2":55.0,"dx":1.0,"dy":1.0}, "data":
[rows 0 to 14 of 15, columns 0 to 40 of 41]
-1.0784765,-0.43847656,-0.30847657,-4.6484766,-4.3084764,-0.42847657,-2.8484766,1.1415235,0.17152344,0.18152344,0.18152344,0.041523438,-0.7984766,-1.9184766,-2.1684766,-2.6284766,-1.4084766,-2.1384766,-3.1484766,-1.4284766,-0.9084766,-2.7584765,-1.4984765,-2.3184767,-2.0384765,-0.52847654,-1.2884766,1.0215235,1.5115235,2.2315235,1.0315235,1.5415235,-0.43847656,-2.1884766,-1.3884766,-1.0784765,0.111523435,0.6515234,-1.1084765,-1.8884766,1.9915234
0.26152343,-1.9784765,-4.2284765,-3.3084764,-3.5084765,1.1315235,-0.87847656,1.3615234,0.62152344,1.5015235,-0.37847656,-0.80847657,-2.0184765,-2.7484765,-3.6684766,-1.4984765,-2.1084766,-3.7884765,-4.1384764,-3.6184766,-2.4584765,-1.9184766,0.92152345,1.6515235,0.87152344,0.56152344,-2.4484766,1.7015234,-0.77847654,0.88152343,1.1215234,2.7915235,-0.068476565,-1.7684766,-3.0184765,-1.1984766,-0.58847654,-1.1184765,-1.2584766,-1.1784766,1.5415235
0.21152344,-5.7484765,-0.51847655,-1.0484766,-3.8284767,-0.12847656,0.17152344,1.1715235,1.0415235,-0.6584766,-0.5484766,-0.95847654,-2.4984765,-2.7584765,-2.4684765,-2.1384766,-2.2384765,-4.0484767,-3.7384765,-0.57847655,-2.4384766,-3.3284767,-2.9784765,-1.0584766,-0.70847654,0.43152344,-0.30847657,0.15152344,-0.69847655,1.2415234,4.7615232,1.7315234,1.8015234,-0.77847654,-1.1484766,1.9215235,2.0715234,-1.0984765,-0.7384766,1.3115234,1.5415235
2.0715234,1.4215235,2.4115233,0.16152343,-1.7484765,0.7115234,2.3415234,2.4215233,2.1415234,1.0215235,-0.22847657,-0.88847655,-2.5984766,-3.4584765,-1.9384766,-2.7184765,-2.6284766,-3.9984765,-4.0784764,-3.8784766,-1.9484766,-1.5184766,1.2915235,-2.6284766,-3.1684766,-2.9884765,-2.2984765,-2.4784765,0.011523438,-1.4184766,-0.68847656,-1.4884765,-1.8284765,-0.6584766,-0.29847658,-2.7884765,-0.35847655,2.8215234,0.9015234,-0.52847654,-0.34847656
2.6515234,2.7015235,3.0415235,1.2015234,2.7915235,2.6715233,2.5115235,3.5415235,4.4115233,3.0715234,1.6215234,0.55152345,-1.3584765,-3.2184765,-4.4184766,-0.18847656,-2.2284765,-3.0084765,-3.2984765,-2.4084766,-2.8984766,-1.6984766,-0.8484766,-1.8584765,-2.9384766,-2.4384766,-2.5084765,-2.6084766,-2.1284766,-2.6284766,-3.5384765,-0.96847653,2.5615234,2.8515234,0.041523438,0.8315234,0.35152343,-0.08847656,-0.7884766,-2.2084765,-2.7984765
1.4515234,1.0715234,-0.44847655,-0.82847655,1.0215235,2.8615234,2.0015235,1.8415234,3.1715233,4.4015236,3.1215234,1.4415234,-0.20847656,-1.6284766,-2.5384765,0.23152344,-0.29847658,-2.4484766,-3.1584766,-0.5384766,-1.3884766,-1.1484766,1.1615235,0.81152344,-0.48847657,-1.2984766,-1.6684766,-1.6984766,-1.8084766,-1.9884765,-2.4084766,-2.6984766,-1.7484765,-1.9084766,1.2615235,4.5415235,1.8415234,1.1915234,-0.16847657,-2.1784766,-1.6084765
-0.21847656,2.9215233,-0.86847657,-1.3984766,0.69152343,2.2515235,2.6515234,2.6615233,2.5015235,4.2915235,4.2515235,3.7415235,2.8615234,1.6615235,0.7615234,0.10152344,2.1915236,-0.028476562,-3.0784767,0.62152344,0.12152344,-0.23847656,-1.7684766,1.4415234,0.87152344,0.28152344,-0.58847654,-0.87847656,-1.4484766,-1.2384765,-1.5384766,-3.4584765,-4.5684767,-1.6884766,-1.6084765,-0.9084766,-3.4184766,-1.8384765,0.48152342,-1.6884766,2.2415235
-1.8984766,-5.0984764,2.4015234,2.0915234,0.94152343,1.9415234,2.6515234,3.1115234,3.2815235,3.1315234,2.8915234,2.9515235,3.4015234,1.6615235,2.7215235,3.2215235,3.8315234,3.0415235,0.031523436,1.3315234,0.79152346,1.6015234,-0.6084766,0.7615234,1.2115234,0.9615234,1.5715234,1.0315235,0.38152343,0.13152343,-0.24847656,-0.38847655,-2.3184767,-2.9884765,-0.7284766,0.75152344,-2.0684767,1.8015234,0.63152343,-0.23847656,-1.6784766
2.5615234,-0.88847655,-5.9284763,-4.0184765,-0.038476564,-0.83847654,3.8315234,3.8215234,3.0015235,2.8215234,2.8115234,2.2915235,1.9815234,2.7715235,2.5815234,1.6715235,3.3715234,3.8415234,3.5515234,2.5215235,2.1615233,1.4315234,2.6415234,1.3015234,0.24152344,0.86152345,1.3215234,1.2215234,1.9215235,1.5115235,1.9415234,2.3515234,2.3515234,-0.068476565,0.16152343,0.43152344,-2.9984765,-0.41847655,0.86152345,-0.46847656,-3.4484766
4.5815234,3.6415234,-1.2784766,-3.0784767,-4.9584765,-2.9284766,2.7015235,3.1115234,3.2215235,3.1515234,2.5515234,2.2115235,2.2515235,3.6515234,3.6815233,2.7715235,1.8215234,1.8715234,3.4615235,3.1515234,2.8815234,3.0515234,3.1715233,3.3415234,2.7215235,-0.048476562,1.9515234,0.7115234,1.7915235,1.9015235,3.2215235,3.5015235,3.3315234,2.6115234,0.8915234,0.53152347,0.16152343,-2.6884766,-0.87847656,2.4615235,2.5615234
5.4215236,5.7415233,6.4215236,1.9215235,-2.9784765,-2.9184766,-0.29847658,2.3615234,1.7715235,2.3515234,2.4215233,2.2815235,1.7115234,4.0215235,3.5615234,3.9215233,3.7615235,2.6915236,2.8715234,2.9415236,3.0715234,2.8415234,2.0215235,3.6515234,3.2915235,3.1515234,1.7715235,1.3315234,1.0815234,2.7615235,3.7115235,3.9915235,3.5115235,2.8915234,2.3515234,0.61152345,0.48152342,2.1115234,1.4315234,1.0415235,-0.12847656
-2.7284765,-2.2684765,5.531523,7.6215234,3.9615235,2.0615234,1.2715235,1.7915235,2.1315234,2.2815235,1.7915235,1.3115234,1.3615234,2.4415236,3.5215235,3.5515234,3.7615235,3.6415234,3.5615234,3.2015235,3.1115234,2.4915235,2.5515234,2.7415235,3.1015234,3.1615233,3.4915235,2.8415234,2.6915236,3.3815234,3.7115235,4.2115235,2.9715235,3.5015235,2.5815234,2.3315234,1.7015234,2.6515234,2.4115233,2.2815235,1.2715235
-0.8584766,-1.1484766,-2.4184766,-0.94847655,-1.0784765,2.1615233,2.5815234,2.9515235,3.0515234,2.3415234,1.6815234,1.9315234,2.0315235,1.5715234,1.7115234,2.6715233,2.6315234,2.8615234,3.2815235,3.0915234,3.6315234,3.5215235,3.1315234,3.0515234,2.9615235,3.3615234,3.6215234,3.1815233,3.2815235,3.5115235,3.8915234,3.9015234,3.8515234,3.8415234,3.9415236,3.7115235,3.0715234,1.9315234,2.4515235,1.2715235,0.72152346
-0.76847655,0.5815234,-0.018476563,-0.40847656,-0.93847656,-2.3884766,-2.6984766,1.4315234,2.0315235,2.9115233,2.3515234,1.1115234,1.5915234,2.0315235,1.3815235,1.8715234,2.5215235,2.7115235,3.0915234,2.8615234,2.9615235,3.0715234,2.6215234,2.7815235,3.0215235,3.0015235,2.9615235,3.3715234,3.5315235,3.8815234,3.9315233,4.4415236,4.3915234,4.6115236,4.0715237,3.5815234,3.1315234,2.7415235,2.4015234,2.3015234,2.4715235
-1.0584766,-2.1484766,1.5215235,1.5515234,-0.22847657,-0.9184766,-0.80847657,-0.57847655,-1.9684765,-0.5984766,0.93152344,1.8715234,2.3215234,0.43152344,0.25152344,1.3115234,1.2815235,1.4715234,2.3215234,2.2215235,2.1315234,2.1115234,2.3115234,2.2915235,2.3315234,2.5715234,2.8515234,3.4115233,3.7715235,3.9915235,4.7515235,6.0715237,4.4115233,4.4615235,4.9515233,5.1715236,4.9515233,4.2015233,4.3815236,4.9115233,2.7215235
