wind.json
{"header": {"discipline":0,"disciplineName":"Meteorological products","gribEdition":2,"gribLength":1125,"center":7,"centerName":"US National Weather Service - NCEP(WMC)","subcenter":0,"refTime":"2023-06-28T18:00:00.000Z","significanceOfRT":1,"significanceOfRTName":"Start of forecast","productStatus":0,"productStatusName":"Operational products","productType":1,"productTypeName":"Forecast products","productDefinitionTemplate":0,"productDefinitionTemplateName":"Analysis/forecast at horizontal level/layer at a point in time","parameterCategory":2,"parameterCategoryName":"UnknownDiscipline_0_Category_2","parameterNumber":2,"parameterNumberName":"UnknownParameter_D0_C2_2","parameterUnit":"Unknown","genProcessType":2,"genProcessTypeName":"Forecast","forecastTime":180,"surface1Type":103,"surface1TypeName":"Specified height level above ground","surface1Value":10.0,"surface2Type":255,"surface2TypeName":"Missing","surface2Value":0.0,"gridDefinitionTemplate":0,"gridDefinitionTemplateName":"Latitude_Longitude","numberPoints":688,"shape":6,"shapeName":"Earth spherical with radius of 6,371,229.0 m","gridUnits":"degrees","resolution":48,"winds":"true","scanMode":64,"nx":43,"ny":16,"basicAngle":0,"lo1":45.0,"la1":40.0,"lo2":87.0,"la2":55.0,"dx":1.0,"dy":1.0}, "data":
[rows 0 to 15 of 16, columns 0 to 42 of 43]
-1.3906397,-2.9406397,-1.8906397,-2.2606397,-0.89063966,1.5293603,0.85936034,2.3493605,-3.6606398,-4.9506397,-2.5606396,-4.2606397,-1.9606396,-1.8106396,-2.7006397,-1.2706397,-0.70063967,-0.12063965,-2.1306396,-2.8706396,-1.0306396,-0.6806396,-2.8806396,0.13936035,3.7593603,2.5393603,2.6193604,1.2293603,-0.080639645,1.9993603,2.7093604,0.40936035,-1.4806397,-3.2706397,-6.1706395,-4.4206395,-5.81064,4.5493603,-0.71063966,-4.14064,-5.2106395,-6.4706397,-7.9906397
-1.4206396,-2.8506396,-1.2306397,0.029360352,-2.7606397,2.1293604,1.1893604,-4.0106397,-3.4606397,-3.1206396,-2.4706397,-2.2206397,-2.9306397,-0.84063965,-0.9306396,-1.2106396,-1.3506397,-1.3306396,-1.8006396,-2.6806397,-2.9806397,-2.3806396,0.45936036,0.03936035,1.2793603,4.0593605,0.38936034,2.9693604,4.7893605,3.6593604,3.6193604,2.7493603,2.9493604,-0.45063964,0.06936035,-4.81064,-5.8606396,-2.7906396,-5.4206395,-4.4806395,-3.3206396,-3.7206397,-5.0706396
-2.4006395,0.42936036,0.06936035,-1.5606396,1.3893603,0.8693603,-0.12063965,-2.5006397,-2.8206396,-1.7406397,-1.0006397,-1.9106396,-1.3106396,-1.7906396,-1.5506396,-0.9406397,-0.8106396,-0.12063965,-0.6906397,-1.7906396,-1.7506397,-1.5206397,-0.92063963,-0.70063967,1.3593603,2.2293603,1.5393604,0.36936036,1.1793604,3.0293603,3.4993603,2.3193603,0.63936037,0.82936037,-1.7406397,2.3693604,-0.44063964,-1.1306397,-0.22063965,-1.0006397,1.1193603,-1.8006396,-0.8106396
-0.48063964,-0.22063965,-3.6006396,-2.2106397,-1.2506397,-2.2706397,-2.8406396,-5.7506394,-3.2406397,-2.7206397,-1.0006397,0.6893604,-2.1806397,-1.8106396,-3.0306396,-1.2006396,-1.2706397,-1.6306397,-3.8106396,-2.5706396,-1.9906397,-2.4306397,-1.6006397,-0.20063965,-4.31064,-3.9006395,1.4093604,-0.9906396,-2.4106398,-0.64063966,4.2493606,-1.2506397,1.5493604,-1.8806397,0.37936035,1.6093603,-0.95063967,1.4593604,0.8793604,-0.22063965,6.3193603,6.3693604,3.1493604
-3.7006397,-5.06064,-6.2706394,-4.9806395,-6.16064,-3.5206397,-3.8306396,-4.62064,-1.6106397,-2.8206396,-2.7306397,-0.8106396,-1.9306396,-3.9306397,0.20936035,-2.4506397,-2.8806396,-4.1506395,-4.2706394,-3.4506397,-4.0906396,-3.4806397,-1.6506397,-1.8706397,1.7693603,-2.1506395,-1.4306396,-2.1406395,-2.6806397,-5.9806395,-3.0706396,-1.6706396,0.37936035,4.35936,5.7393603,5.1393604,4.7693605,3.9793603,2.6293604,2.1793604,-2.0806396,-2.5206397,-1.5306396
-6.7006397,-7.0706396,-8.00064,-5.6706395,-4.8406396,-3.6806397,-2.7506397,-3.2706397,-3.4906397,-3.5306396,-1.9606396,-1.0106397,-2.9706397,-6.1706395,-3.4006395,-2.0306396,-0.14063965,-3.9706397,-4.1106396,-5.9806395,-5.4306397,-4.29064,-3.4706397,-3.7406397,-4.2306395,-5.2006397,-5.2206397,-5.5306396,-6.04064,-3.6506395,-2.2506397,-2.4806397,-0.89063966,1.4793603,1.4793603,2.2393603,-3.7906396,-0.71063966,7.5493603,5.20936,4.45936,4.14936,3.9093604
-5.9706397,-6.2506394,-6.41064,-6.0106397,-4.8406396,-4.0506396,-3.3806396,-2.3806396,-2.3306396,-2.1806397,-2.1506395,-4.2606397,-1.3006396,-3.3406396,-4.33064,-2.6006396,-0.89063966,-3.0006397,-4.0506396,-5.4606395,-5.56064,-5.58064,-5.9006395,-4.8206396,-5.06064,-5.54064,-5.6506395,-5.31064,-7.0106397,-3.2906396,-2.8206396,-2.0606396,-0.39063966,1.3393604,1.6393603,4.2793603,5.5193605,1.1993604,9.69936,8.19936,11.979361,11.88936,5.5493603
-4.2606397,-4.4806395,-4.6506395,-4.83064,-5.06064,-4.9606395,-3.6506395,-2.6606398,-2.2706397,-1.5806396,-1.0106397,-1.3706397,-2.8006396,-3.1406395,-2.8106396,-3.5506396,-3.1306396,-2.1606398,-2.5606396,-3.1206396,-5.1906395,-6.9306397,-6.04064,-5.06064,-4.9506397,-5.35064,-5.12064,-3.6106396,-3.9606397,-0.90063965,-2.3606396,-1.4606396,-2.0606396,-0.030639648,1.1393603,3.0493603,5.0393605,2.6993604,1.9593604,2.8093603,5.7493606,2.9393604,-2.6106396
-4.8006396,-4.16064,-4.5306396,-5.2106395,-4.9706397,-4.8206396,-3.7306397,-2.3806396,-0.8706396,-0.6306397,-0.09063965,-0.27063966,-0.41063964,-2.6906397,-2.4206398,-1.9906397,-1.9806397,-1.7706397,-1.7506397,-1.6206397,-2.5706396,-5.35064,-6.3206396,-6.7406397,-5.9606395,-4.7806396,-4.7006397,-4.81064,-4.08064,-4.10064,-3.5506396,-3.7906396,-4.0906396,-0.89063966,-1.1306397,1.1093603,3.9093604,5.60936,4.93936,1.4093604,7.5393605,6.2493606,7.9693604
-4.4906397,-5.3006396,-5.3406396,-4.7006397,-4.41064,-3.2206397,-2.3706396,-1.2706397,-0.25063965,0.77936035,1.3593603,1.1093603,1.2893604,-1.9006397,-2.6806397,-2.2506397,-1.6406397,-2.3206396,-3.3706396,-2.8906395,-0.96063966,-2.4806397,-3.6506395,-4.79064,-4.4006395,-4.8606396,-3.7106397,-3.7406397,-3.5606396,-3.0606396,-2.7906396,-3.9306397,-1.2106396,-1.2306397,-0.36063966,0.12936035,1.7993604,2.3993604,2.3793604,1.8293604,0.78936034,0.29936036,1.5993603
-5.2206397,-4.2506394,-4.2006397,-3.7606397,-2.5206397,-1.2506397,-0.49063966,0.6193603,-0.23063965,0.64936036,1.1893604,1.9493604,2.6993604,0.49936035,-0.21063966,-1.9606396,-2.3706396,-2.3306396,-3.0806396,-2.5006397,-2.5306396,-1.2206397,-1.6806396,-2.5906396,-3.4706397,-4.4506397,-4.41064,-3.5206397,-4.0306396,-3.9906397,-3.0006397,-2.6306396,-1.9206396,-0.66063964,-2.0306396,-2.1106396,-1.5106397,1.4393604,2.1693604,1.5793604,2.1293604,0.49936035,1.3093604
-2.8406396,-1.5006397,-1.7606397,-1.6106397,-0.06063965,-0.21063966,-0.6306397,-0.32063964,-0.39063966,0.41936034,0.28936034,0.21936035,0.11936035,1.1693604,-0.07063965,-1.6706396,-1.6106397,-2.0106397,-3.1106396,-1.8606397,-2.3406396,-2.8406396,-2.4606397,-2.1606398,-2.8206396,-3.0406396,-3.4806397,-3.1706398,-2.8706396,-1.9506396,-2.0106397,-2.6606398,-2.5506396,-2.9106398,-1.5606396,-3.1506395,-4.33064,-4.35064,-1.6006397,0.98936033,1.0993603,-1.5906396,1.4893603
-2.2306397,-1.7706397,-1.6306397,-1.6006397,-0.5506396,-1.2006396,-0.34063965,0.51936036,0.46936035,0.029360352,-0.47063965,0.43936035,-0.8806397,0.08936035,2.0193603,1.1093603,1.1393603,-0.8806397,-1.8606397,-1.5706396,-2.2106397,-1.0506396,-0.77063966,-0.06063965,-1.2406397,-0.51063967,-3.2406397,-2.7006397,-2.3606396,-1.6106397,-2.5406396,-2.9306397,-2.6006396,-3.4806397,-2.8806396,-4.1506395,-3.9106398,-4.7706394,-3.8206396,-2.9606397,-2.6606398,0.8793604,-0.15063965
-0.31063965,0.16936035,0.20936035,0.37936035,0.36936036,0.16936035,0.37936035,1.2793603,1.6093603,1.7493603,2.8393602,1.1893604,0.84936035,1.7193604,0.97936034,2.4293604,3.7693603,2.8493605,0.18936035,0.27936035,0.9493604,1.8693603,-1.4606396,-0.6306397,-0.59063965,0.9493604,0.42936036,-0.28063965,-0.20063965,-1.0206397,-0.9306396,-1.5606396,-3.2106397,-3.5006397,-4.5106397,-3.8706396,-4.0906396,-3.6706398,-4.5506396,-3.3106396,-3.2406397,-3.4906397,-2.4806397
0.7593604,0.96936035,0.95936036,1.0193603,2.1093605,1.5293603,2.4693604,3.1793604,3.2493603,2.8593605,2.0693603,2.6793604,2.5493603,2.8593605,1.8293604,2.0393603,2.6993604,2.9193604,1.1393603,1.5893604,1.7993604,2.6393604,1.3493603,-0.14063965,0.66936034,1.1493603,1.1493603,0.90936035,0.28936034,0.14936036,-0.33063966,-2.0706396,-1.0806396,-2.2606397,-2.2706397,-3.4906397,-3.6706398,-3.0206397,-3.3306396,-2.8006396,-4.91064,-3.4406397,-2.9006395
0.44936034,1.4893603,2.8293602,4.0293603,3.8393602,3.6693604,3.5893602,4.0193605,4.5493603,5.0793605,4.0393605,2.8893604,2.9093604,4.45936,3.8093603,3.9393604,2.9593604,3.0493603,2.5793602,2.1793604,1.4793603,0.70936036,0.88936037,2.2193604,0.70936036,1.3493603,0.05936035,-0.85063964,-0.24063964,-0.20063965,0.32936037,0.26936036,-1.7806396,0.57936037,-1.6906396,-2.2906396,-2.4906397,-3.5006397,-3.5106397,-2.5106397,-4.6706395,-4.3006396,-3.6706398
