wind_kz.json
{"header": {"discipline":0,"disciplineName":"Meteorological products","gribEdition":2,"gribLength":1025,"center":7,"centerName":"US National Weather Service - NCEP(WMC)","subcenter":0,"refTime":"2023-08-20T12:00:00.000Z","significanceOfRT":1,"significanceOfRTName":"Start of forecast","productStatus":0,"productStatusName":"Operational products","productType":1,"productTypeName":"Forecast products","productDefinitionTemplate":0,"productDefinitionTemplateName":"Analysis/forecast at horizontal level/layer at a point in time","parameterCategory":2,"parameterCategoryName":"UnknownDiscipline_0_Category_2","parameterNumber":2,"parameterNumberName":"UnknownParameter_D0_C2_2","parameterUnit":"Unknown","genProcessType":2,"genProcessTypeName":"Forecast","forecastTime":300,"surface1Type":103,"surface1TypeName":"Specified height level above ground","surface1Value":10.0,"surface2Type":255,"surface2TypeName":"Missing","surface2Value":0.0,"gridDefinitionTemplate":0,"gridDefinitionTemplateName":"Latitude_Longitude","numberPoints":615,"shape":6,"shapeName":"Earth spherical with radius of 6,371,229.0 m","gridUnits":"degrees","resolution":48,"winds":"true","scanMode":64,"nx":41,"ny":15,"basicAngle":0,"lo1":47.0,"la1":41.0,"lo2":87.0,"la2":55.0,"dx":1.0,"dy":1.0}, "data":
[rows 0 to 14 of 15, columns 0 to 40 of 41]
-2.1737037,-0.6637036,2.5462964,5.3462963,4.7462964,-0.5137036,-3.8737037,-4.3937035,-5.0837035,-2.9937036,-2.6837037,-4.5937037,-4.283704,-3.5337036,-2.6037035,-2.3037035,-1.9137036,1.2262964,-1.7637036,-0.17370361,2.0762963,3.0762963,-0.5437036,-1.5837036,1.2062964,-2.0537035,-3.6137037,-0.9437036,-0.013703614,0.6562964,0.22629638,0.66629636,2.1362963,1.4962964,-5.7037034,-4.783704,-3.7637036,-6.533704,-5.263704,-2.7437036,-1.8137037
1.3662964,1.3662964,4.0962963,4.8062963,3.6362963,0.4862964,-3.6637037,-5.533704,-4.7737036,-4.283704,-2.9737036,-4.553704,-4.0437036,-3.0837035,-1.7037036,-2.0437036,-0.23370361,-3.7037036,-2.2437036,-1.4037036,-1.7037036,-0.8837036,-0.053703614,-3.2037036,-0.5137036,-0.41370362,-0.5937036,-0.4237036,-0.3737036,-1.4937036,0.15629639,-0.013703614,0.066296384,-0.21370362,-0.13370362,-0.14370361,-1.5037036,-0.64370364,0.7562964,2.0362964,-0.90370363
1.0562963,3.1562965,4.3562965,4.7762966,4.2062964,-2.5037036,-4.1337037,-2.6537037,-5.3937035,-4.1337037,-3.9237037,-4.4737034,-3.9937036,-3.7337036,-3.2737036,-2.8037035,-2.8437035,-1.6437036,-0.9837036,-1.0937036,0.4162964,-5.6037035,-6.1437035,-5.1637034,0.23629639,-2.4237037,-0.2737036,-0.77370363,0.11629639,-0.6337036,-0.5737036,1.0962964,-0.20370361,-0.7537036,-0.25370362,-0.8637036,0.6762964,-0.3037036,1.7762964,2.4162965,1.2562964
0.97629637,3.3662963,2.3562963,3.1562965,-3.2337036,-2.5437036,-2.5137036,-3.6837037,-4.013704,-3.2737036,-3.8637037,-4.6937037,-4.1937037,-4.4837036,-3.7237036,-3.0737035,-2.4637036,-1.9737036,-1.7537036,-1.7337036,-1.9337037,-3.2937036,-1.7837036,-5.0837035,-7.1537037,-7.7337036,-6.7737036,-11.263703,-4.0437036,-0.32370362,2.4462965,-0.14370361,2.4862964,1.2362964,-0.9137036,-1.4237037,-1.6437036,2.0362964,0.6262964,0.72629637,0.30629638
1.0862964,2.2262964,1.1762964,-0.90370363,-1.3137037,-2.3537035,-1.9937036,-3.1537037,-3.2037036,-2.8937037,-4.0437036,-4.0837035,-5.0837035,-4.8137035,-4.1637034,-3.5837035,-3.0737035,-2.2437036,-2.1637037,-2.9837036,-4.5937037,-4.4137034,-6.6637034,-7.1337037,-7.8337035,-7.8937035,-9.503704,-6.5637035,-4.5037036,-5.0637035,-5.1637034,-0.9837036,-2.4337037,0.066296384,-0.9737036,-2.7837036,-1.2937036,-4.5837035,-4.1237035,-5.323704,-7.6937037
1.1462964,-0.4337036,-4.3437037,-1.8637036,-2.0337036,-4.1437035,-2.2837036,-3.0737035,-2.3837037,-2.8037035,-3.9437037,-4.573704,-4.4437037,-4.4037037,-3.8437035,-3.5637035,-3.0237036,-2.6737037,-3.6837037,-2.3937037,-5.243704,-3.7637036,-4.6637034,-7.243704,-8.043704,-8.633703,-6.783704,-10.263703,-6.2737036,-5.4237037,-5.0037036,-4.8337035,-1.4637036,1.0962964,0.13629639,2.6862965,0.66629636,2.2862964,-0.023703612,-0.9337036,-7.8637037
-1.0437036,-0.10370361,-2.8937037,-5.4537034,-3.4437037,1.0862964,-0.7937036,-1.3637036,-1.2237036,-2.2737036,-2.2537036,-3.0037036,-3.4737036,-3.2037036,-3.3337035,-3.6737037,-3.5537035,-2.6537037,-2.7437036,-4.9537034,-4.073704,-4.1137037,-3.7537036,-4.783704,-6.8937035,-6.4137034,-5.1537037,-4.9037037,-5.783704,-5.2237034,-5.993704,-5.9737034,-3.8537035,-5.5237036,-1.0237036,-1.0137036,-1.1337036,1.3962964,1.2962964,0.5762964,5.3362966
-2.5437036,-1.3437036,-1.4237037,-5.9837036,-4.4237037,-2.3237035,-1.3637036,0.046296388,0.6862964,0.3862964,-0.8237036,-1.1137036,-1.3037037,-2.3737037,-2.7237036,-3.4737036,-3.7537036,-3.2337036,-3.2637036,-3.9337037,-3.7937036,-3.9337037,-3.6437037,-3.8037035,-3.5737035,-2.0937035,-3.7037036,-3.2137036,-5.0637035,-3.7337036,-6.033704,-4.4637036,-5.7537036,-3.2737036,-2.6737037,2.1462965,5.1262965,9.166296,6.3162966,8.416296,1.7462964
-0.7637036,-2.1637037,-2.1037035,-3.3537035,-4.6237035,-0.77370363,-0.41370362,-0.64370364,0.3162964,1.8762964,1.0462964,-0.07370362,0.6162964,0.21629639,-1.2437036,-1.8637036,-2.8737037,-3.4837036,-3.5137036,-3.7237036,-4.4737034,-3.2837036,-3.1137037,-4.1037035,-4.2237034,-3.8737037,-2.1737037,-2.6937037,-1.8637036,-2.3037035,-3.3837037,-2.9437037,-1.5337036,-1.1437036,0.6762964,1.0462964,0.3862964,-3.7237036,-2.7237036,0.91629636,-1.7137036
-1.8737036,-1.1937037,-1.0737036,-1.7537036,-3.4137037,0.45629638,1.4262964,-0.29370362,0.096296385,-0.7237036,0.4162964,0.056296386,-0.07370362,0.6362964,0.036296386,-0.053703614,-0.7237036,-1.0437036,-2.5737035,-3.0337036,-2.7737036,-3.1637037,-2.5537035,-3.2237036,-3.6237037,-3.5137036,-2.9937036,-2.6037035,-2.2637036,-2.0437036,-1.6937037,-1.5137036,-1.0837036,-0.5437036,1.0362964,0.5862964,-0.58370364,-0.4837036,-3.4637036,-1.3137037,-0.28370363
-1.0337036,-0.8537036,-0.58370364,-0.013703614,-1.0137036,-0.64370364,0.30629638,-0.15370362,-2.1537037,0.12629639,0.22629638,1.8662964,0.49629638,1.6762964,1.9762964,1.3462964,0.9462964,1.3962964,-0.22370361,-0.123703614,-0.71370363,-0.4337036,-1.3337036,-1.7437036,-1.1337036,-1.2337036,-0.4837036,0.3762964,0.3562964,-0.5737036,0.016296387,-1.9437037,-2.0037036,-1.3437036,-1.3937036,-0.32370362,-1.6937037,-1.2437036,-1.0537037,0.49629638,-1.2137036
0.3762964,-0.3637036,-0.4037036,-1.3237036,-0.31370363,-0.47370362,-0.41370362,0.21629639,0.6462964,-0.1937036,-1.1337036,0.006296387,0.3462964,-1.0437036,1.0462964,2.6962965,3.5562963,3.1562965,1.8962964,1.3462964,0.6462964,1.8362964,0.91629636,1.9962964,1.2462964,1.8562964,1.6662964,1.4862964,1.6162964,0.056296386,-0.14370361,-0.5137036,-0.83370364,-1.6337036,-1.5437036,-2.4337037,-2.3537035,-1.2337036,-0.5337036,-0.32370362,-0.4037036
1.7062964,1.3462964,1.5162964,1.0662963,0.6162964,0.026296386,-0.7337036,-1.0737036,-1.9137036,0.2962964,-0.24370362,0.24629639,-0.6137036,-1.5837036,-1.3637036,2.0762963,2.3362963,2.0662963,2.5562963,5.006296,0.5862964,1.4162964,1.9362963,1.4062964,4.2862964,2.8862963,2.1762965,1.6862963,1.3962964,0.2862964,1.0962964,0.6862964,0.6962964,0.026296386,0.046296388,-0.7537036,-0.14370361,0.006296387,-0.9337036,-0.6937036,-0.9737036
2.1362963,2.0062964,2.5062964,1.7762964,0.8862964,1.1562964,1.0062964,0.6962964,0.6562964,1.1162964,0.036296386,0.5762964,1.1662964,0.8862964,0.9262964,0.78629637,1.0262964,1.2262964,2.9862964,4.3862963,3.5462964,3.7262964,4.1262965,4.756296,3.2962964,1.3362964,0.8262964,1.6062964,0.45629638,0.6762964,1.2162964,1.1862963,1.4262964,1.3962964,1.5762963,1.6562964,1.0462964,0.9462964,0.9562964,0.6362964,-0.18370362
1.6362964,2.7662964,4.4062963,2.7662964,2.9262965,1.9062964,2.0762963,1.5562963,1.8062963,1.3762964,0.33629638,1.3962964,1.5862964,1.1462964,3.3962965,3.3162963,2.7762964,2.5762963,2.2262964,2.1062963,2.6262963,3.1362963,4.2962966,4.716296,2.5562963,3.0562963,1.3362964,1.2762964,0.8062964,0.6262964,1.6162964,1.0162964,1.1462964,1.8962964,1.6762964,1.9462963,-0.053703614,1.4962964,1.9962964,1.7762964,-0.2737036
