wind_kz.json
{"header": {"discipline":0,"disciplineName":"Meteorological products","gribEdition":2,"gribLength":1102,"center":7,"centerName":"US National Weather Service - NCEP(WMC)","subcenter":0,"refTime":"2023-08-19T12:00:00.000Z","significanceOfRT":1,"significanceOfRTName":"Start of forecast","productStatus":0,"productStatusName":"Operational products","productType":1,"productTypeName":"Forecast products","productDefinitionTemplate":0,"productDefinitionTemplateName":"Analysis/forecast at horizontal level/layer at a point in time","parameterCategory":2,"parameterCategoryName":"UnknownDiscipline_0_Category_2","parameterNumber":2,"parameterNumberName":"UnknownParameter_D0_C2_2","parameterUnit":"Unknown","genProcessType":2,"genProcessTypeName":"Forecast","forecastTime":300,"surface1Type":103,"surface1TypeName":"Specified height level above ground","surface1Value":10.0,"surface2Type":255,"surface2TypeName":"Missing","surface2Value":0.0,"gridDefinitionTemplate":0,"gridDefinitionTemplateName":"Latitude_Longitude","numberPoints":615,"shape":6,"shapeName":"Earth spherical with radius of 6,371,229.0 m","gridUnits":"degrees","resolution":48,"winds":"true","scanMode":64,"nx":41,"ny":15,"basicAngle":0,"lo1":47.0,"la1":41.0,"lo2":87.0,"la2":55.0,"dx":1.0,"dy":1.0}, "data":
[rows 0 to 14 of 15, columns 0 to 40 of 41]
2.8436232,-2.026377,3.203623,6.933623,2.193623,1.213623,0.76362306,-0.516377,-6.516377,-2.3963768,-2.196377,-3.296377,-3.606377,-2.086377,-0.6263769,2.1336231,1.4236231,0.6236231,-1.3063769,-2.016377,-3.346377,-0.5663769,0.8136231,-1.8363769,0.26362306,-1.916377,-3.506377,-3.416377,0.16362305,-1.296377,1.9236231,0.32362306,1.483623,3.823623,0.75362307,-0.27637696,-3.426377,-3.286377,-2.706377,-1.536377,-1.286377
-1.226377,0.46362305,3.793623,3.783623,2.033623,1.493623,3.8736231,-2.316377,-3.196377,-4.116377,-2.056377,-3.516377,-2.506377,-1.2163769,-0.056376953,1.1636231,2.803623,-3.1263769,-2.566377,-3.266377,-4.596377,-2.806377,-0.38637695,-3.856377,-0.36637697,-0.42637694,-0.97637695,-1.106377,-1.4663769,-0.6863769,0.28362304,-0.41637695,-0.33637697,-1.8163769,0.083623044,0.18362305,-1.126377,0.88362306,-0.89637697,1.203623,0.50362307
1.373623,4.003623,3.673623,2.193623,4.133623,5.4736233,3.723623,-1.0663769,-1.166377,-3.446377,-2.8963768,-2.056377,-2.006377,-2.466377,-1.896377,-1.4463769,-2.326377,-3.276377,-3.3663769,-3.456377,-1.7163769,-5.976377,-6.166377,-4.916377,2.053623,-0.5663769,-1.986377,-2.9063768,-2.1463768,-0.946377,-0.696377,2.333623,0.14362305,0.35362303,0.8136231,-0.52637696,-0.826377,-0.506377,1.853623,1.623623,1.1736231
3.8736231,6.893623,5.563623,6.273623,3.253623,2.3536232,-0.046376955,1.383623,-0.42637694,-3.216377,-2.436377,-4.0063767,-4.386377,-3.986377,-3.526377,-3.1263769,-2.816377,-2.856377,-3.346377,-2.416377,-3.796377,-2.916377,-2.236377,-3.686377,-5.386377,-5.706377,-4.926377,-11.446377,-4.136377,-0.07637695,1.4136231,-1.666377,-0.74637693,-2.536377,-1.6963769,-0.54637694,-0.826377,1.263623,1.083623,1.5336231,2.993623
4.873623,9.693623,9.903623,7.293623,6.883623,4.093623,3.013623,-0.516377,-1.5563769,-3.076377,-3.086377,-4.666377,-6.166377,-5.906377,-5.296377,-4.296377,-3.506377,-4.166377,-4.516377,-6.106377,-6.366377,-4.856377,-5.156377,-5.246377,-7.606377,-7.966377,-10.816377,-6.5063767,-6.306377,-7.046377,-6.806377,-1.2163769,-1.796377,-0.26637694,0.82362306,-0.066376954,2.733623,-2.1363769,-3.4063768,-2.3863769,-5.856377
7.003623,6.123623,6.943623,7.413623,4.4936233,5.233623,3.233623,-3.606377,-2.456377,-2.836377,-3.676377,-5.476377,-6.5063767,-6.806377,-4.866377,-4.346377,-4.546377,-5.606377,-6.936377,-4.736377,-6.486377,-3.716377,-4.426377,-6.966377,-8.196377,-9.996377,-8.156377,-10.456377,-7.186377,-7.206377,-6.2563767,-5.386377,-2.356377,1.243623,2.283623,-3.046377,1.843623,2.293623,1.753623,0.47362304,-7.236377
6.273623,2.573623,4.2236233,5.053623,2.903623,3.553623,-1.646377,-3.776377,-4.106377,-3.216377,-4.016377,-5.746377,-5.2563767,-4.536377,-3.666377,-5.296377,-5.266377,-5.196377,-5.666377,-7.986377,-5.626377,-4.796377,-3.9063768,-4.226377,-7.486377,-7.996377,-6.306377,-6.196377,-7.226377,-6.166377,-6.126377,-5.036377,-2.086377,-2.8963768,-2.196377,-1.886377,-1.726377,0.733623,0.63362306,0.75362307,5.113623
1.243623,2.6036232,4.353623,4.213623,4.023623,0.923623,-1.906377,-3.356377,-4.096377,-4.446377,-5.046377,-6.176377,-4.266377,-5.316377,-4.246377,-4.586377,-4.596377,-5.596377,-5.686377,-7.736377,-5.386377,-5.226377,-4.596377,-4.946377,-3.8963768,-2.6163769,-4.836377,-5.386377,-6.786377,-4.786377,-5.986377,-3.246377,-4.106377,-3.326377,-2.986377,3.583623,7.123623,9.663623,6.883623,7.063623,2.063623
1.123623,2.583623,2.713623,4.253623,0.053623047,2.833623,-3.706377,-3.806377,-4.176377,-4.966377,-5.206377,-6.206377,-4.186377,-4.236377,-4.856377,-4.566377,-4.896377,-5.436377,-5.476377,-5.786377,-8.076377,-5.806377,-4.676377,-5.656377,-5.806377,-5.436377,-3.676377,-4.556377,-2.1463768,-2.666377,-2.546377,-2.006377,0.57362306,-0.35637695,0.75362307,1.713623,0.77362305,-3.336377,0.30362305,0.41362303,-0.85637695
2.323623,2.423623,0.16362305,0.42362306,-1.626377,1.773623,-4.406377,-4.796377,-4.616377,-5.306377,-5.616377,-6.316377,-4.856377,-4.556377,-4.816377,-4.956377,-5.096377,-4.926377,-5.356377,-5.7763767,-6.856377,-5.826377,-5.0263767,-5.536377,-5.516377,-6.216377,-4.166377,-3.696377,-2.756377,-2.596377,-0.8763769,0.013623047,0.25362304,0.42362306,1.3236231,1.953623,-0.41637695,0.35362303,-2.766377,0.26362306,0.40362304
2.953623,0.83362305,-2.966377,-1.646377,-2.296377,0.28362304,-3.736377,-4.546377,-4.856377,-5.266377,-4.166377,-4.886377,-3.696377,-4.946377,-4.536377,-4.116377,-4.956377,-3.8863769,-5.046377,-5.556377,-4.796377,-4.546377,-4.496377,-4.206377,-3.456377,-3.426377,-2.836377,-1.906377,-1.5863769,-0.23637696,-0.71637696,-0.20637695,-0.696377,-0.52637696,-0.026376953,0.06362305,-1.286377,-0.73637694,-0.24637695,0.733623,-0.58637697
1.523623,-1.226377,-2.796377,-4.166377,-3.486377,0.69362307,-4.866377,-4.2763767,-4.106377,-5.2563767,-5.326377,-3.206377,-3.666377,-3.176377,-2.956377,-3.416377,-3.546377,-3.606377,-4.336377,-3.496377,-4.016377,-3.446377,-3.606377,-3.1563768,-2.736377,-2.016377,-1.866377,-1.0863769,-1.016377,-1.3363769,-0.95637697,-1.166377,-1.266377,-0.73637694,-0.23637696,-1.606377,-1.876377,0.40362304,0.863623,0.733623,0.733623
1.273623,-0.28637695,-1.876377,-3.666377,-1.756377,-1.756377,-3.936377,-2.966377,-5.736377,-4.426377,-2.086377,-2.556377,-1.6763769,-2.076377,-2.056377,-2.326377,-2.456377,-2.506377,-2.096377,-2.556377,-2.346377,-1.646377,-0.84637696,-0.90637696,-0.72637695,-1.296377,-0.576377,-1.0663769,-1.636377,-0.696377,-1.9463769,-2.216377,-1.286377,-0.96637696,0.673623,1.4236231,0.84362304,-0.096376956,-0.026376953,0.65362304,0.42362306
1.8036231,0.17362304,-1.126377,-1.2163769,-0.70637697,-1.866377,-1.4663769,-1.3163769,-0.70637697,-2.566377,-2.056377,-2.066377,-0.44637695,0.35362303,-0.70637697,-1.046377,-1.0863769,-1.5663769,-1.916377,-1.606377,-1.776377,-1.2163769,-1.0863769,-1.3463769,-1.856377,-1.7163769,-1.3463769,-0.91637695,-0.21637696,0.45362306,1.723623,1.4036231,0.71362305,0.5636231,1.093623,0.95362306,1.603623,1.2936231,1.523623,1.383623,1.453623
1.083623,1.453623,-1.266377,-0.99637693,-0.72637695,0.6836231,1.083623,0.10362305,0.21362305,-1.4663769,-2.416377,0.65362304,-1.266377,0.22362305,0.06362305,-0.506377,-0.18637696,-0.35637695,-0.58637697,-0.46637696,-0.08637695,-0.45637694,-0.22637695,-0.07637695,0.52362305,0.90362304,0.72362304,1.003623,1.5436231,2.063623,2.3536232,2.213623,2.493623,2.713623,3.1136231,3.1036232,2.043623,3.033623,2.953623,2.993623,0.84362304
