wind_kz.json
{"header": {"discipline":0,"disciplineName":"Meteorological products","gribEdition":2,"gribLength":871,"center":7,"centerName":"US National Weather Service - NCEP(WMC)","subcenter":0,"refTime":"2023-09-21T06:00:00.000Z","significanceOfRT":1,"significanceOfRTName":"Start of forecast","productStatus":0,"productStatusName":"Operational products","productType":1,"productTypeName":"Forecast products","productDefinitionTemplate":0,"productDefinitionTemplateName":"Analysis/forecast at horizontal level/layer at a point in time","parameterCategory":0,"parameterCategoryName":"UnknownDiscipline_0_Category_0","parameterNumber":0,"parameterNumberName":"UnknownParameter_D0_C0_0","parameterUnit":"Unknown","genProcessType":2,"genProcessTypeName":"Forecast","forecastTime":240,"surface1Type":1,"surface1TypeName":"Ground or water surface","surface1Value":0.0,"surface2Type":255,"surface2TypeName":"Missing","surface2Value":0.0,"gridDefinitionTemplate":0,"gridDefinitionTemplateName":"Latitude_Longitude","numberPoints":615,"shape":6,"shapeName":"Earth spherical with radius of 6,371,229.0 m","gridUnits":"degrees","resolution":48,"winds":"true","scanMode":64,"nx":41,"ny":15,"basicAngle":0,"lo1":47.0,"la1":41.0,"lo2":87.0,"la2":55.0,"dx":1.0,"dy":1.0}, "data":
[rows 0 to 14 of 15, columns 0 to 40 of 41]
302.42255,292.02252,299.12253,293.72253,293.82254,293.32254,302.22253,306.62253,302.92255,306.32254,303.12253,305.12253,304.92255,305.02252,306.32254,308.52252,309.32254,309.32254,314.82254,312.92255,314.62253,310.02252,313.02252,305.52252,306.72253,306.62253,303.62253,281.22253,280.72253,279.62253,273.82254,280.92255,298.02252,306.72253,309.42255,306.12253,310.02252,310.82254,311.72253,314.42255,313.82254
288.12253,298.72253,293.02252,293.22253,293.32254,292.02252,305.72253,301.42255,300.82254,300.82254,303.02252,301.82254,303.52252,303.52252,304.42255,305.82254,309.02252,308.42255,308.92255,310.82254,312.32254,308.52252,306.42255,294.82254,278.22253,274.32254,292.02252,287.82254,281.82254,276.12253,289.02252,273.42255,282.42255,268.62253,274.92255,300.42255,302.12253,306.22253,311.22253,302.12253,284.92255
299.62253,292.12253,293.02252,292.92255,291.12253,300.72253,300.22253,300.12253,299.82254,299.52252,299.52252,301.22253,302.42255,303.62253,301.32254,304.02252,306.52252,307.92255,307.42255,309.92255,310.52252,306.82254,306.52252,298.92255,304.12253,301.52252,301.72253,298.82254,295.42255,282.62253,273.22253,273.72253,281.92255,281.22253,292.42255,290.62253,278.22253,289.82254,295.22253,288.52252,279.02252
301.22253,291.82254,293.32254,292.42255,293.72253,299.32254,298.22253,299.52252,300.02252,300.02252,300.02252,299.12253,290.72253,290.22253,301.92255,305.02252,303.02252,306.32254,307.92255,309.52252,305.32254,304.82254,304.42255,304.02252,304.12253,303.02252,304.32254,299.62253,293.62253,291.62253,294.92255,295.82254,299.12253,288.52252,290.32254,291.52252,283.72253,273.92255,292.42255,302.72253,305.22253
298.32254,291.22253,292.02252,291.12253,295.32254,299.72253,299.92255,300.92255,299.22253,299.92255,300.52252,300.22253,289.52252,288.62253,287.12253,302.62253,303.72253,302.52252,304.02252,302.72253,304.52252,304.22253,304.32254,303.52252,304.72253,305.32254,303.62253,298.92255,300.42255,300.52252,302.12253,297.32254,277.12253,273.32254,285.32254,294.82254,294.32254,306.32254,306.52252,306.62253,302.92255
298.92255,299.52252,290.12253,290.52252,290.92255,290.32254,301.62253,299.92255,299.92255,299.92255,299.22253,298.62253,290.92255,289.22253,295.12253,299.82254,299.42255,302.02252,300.42255,302.72253,295.12253,302.52252,296.12253,303.92255,303.42255,303.42255,304.22253,287.22253,300.52252,301.92255,302.02252,291.82254,290.02252,291.52252,294.82254,292.32254,286.02252,295.52252,306.12253,307.72253,304.52252
298.42255,300.22253,299.62253,300.72253,297.92255,302.32254,301.72253,300.32254,299.42255,298.12253,299.22253,297.22253,297.22253,297.92255,298.62253,298.52252,299.22253,300.42255,302.12253,301.42255,299.12253,300.42255,296.32254,299.52252,300.52252,296.42255,303.42255,304.52252,306.12253,305.32254,299.02252,289.52252,290.92255,292.72253,295.42255,297.52252,296.22253,296.72253,291.42255,289.12253,299.22253
298.92255,300.12253,301.82254,300.32254,299.42255,300.02252,301.62253,301.62253,300.22253,298.92255,298.02252,297.02252,297.42255,296.12253,297.92255,298.12253,298.12253,298.12253,299.32254,292.22253,289.62253,291.92255,293.32254,297.32254,296.42255,289.82254,292.32254,298.02252,298.12253,299.52252,295.22253,291.82254,290.82254,292.62253,297.22253,302.12253,301.92255,286.72253,301.92255,301.72253,299.32254
298.72253,298.12253,298.42255,299.02252,297.72253,298.92255,300.52252,299.52252,299.22253,299.02252,298.42255,298.12253,296.82254,297.62253,296.72253,298.42255,297.82254,298.42255,296.92255,296.92255,296.42255,296.42255,294.92255,295.52252,295.72253,294.92255,293.02252,291.92255,293.42255,294.22253,289.32254,294.02252,293.52252,293.62253,292.62253,296.72253,298.42255,295.92255,278.12253,287.32254,278.82254
297.22253,297.02252,297.42255,297.92255,297.82254,298.42255,298.62253,298.82254,298.42255,298.12253,297.32254,295.92255,296.62253,295.72253,296.22253,295.52252,296.62253,297.82254,297.82254,297.32254,295.42255,295.02252,294.62253,294.02252,296.42255,293.82254,294.12253,292.92255,292.12253,289.02252,286.22253,288.62253,293.42255,291.22253,291.12253,290.52252,289.12253,287.92255,288.62253,286.92255,283.12253
296.02252,296.22253,296.42255,296.32254,297.32254,297.72253,298.02252,298.32254,298.62253,296.72253,295.22253,295.02252,295.22253,294.22253,285.62253,292.02252,286.02252,286.32254,286.22253,291.92255,292.42255,292.82254,292.62253,293.32254,293.02252,292.92255,291.62253,293.92255,294.52252,293.92255,293.92255,295.12253,294.02252,293.02252,292.62253,290.32254,285.22253,281.92255,287.42255,284.02252,281.72253
296.72253,297.42255,298.22253,298.32254,297.92255,297.02252,296.32254,296.52252,297.02252,295.72253,293.02252,292.42255,293.52252,288.32254,287.32254,294.12253,288.32254,288.92255,285.62253,285.82254,285.62253,283.72253,284.42255,290.12253,291.12253,292.52252,292.22253,294.52252,294.22253,294.02252,292.82254,293.12253,290.52252,289.52252,288.62253,290.02252,289.52252,289.42255,288.22253,287.72253,287.82254
292.92255,294.52252,296.02252,296.02252,295.82254,295.02252,295.72253,296.22253,296.42255,295.12253,286.82254,290.42255,292.82254,290.22253,292.92255,287.12253,286.62253,286.22253,287.32254,286.12253,285.42255,284.32254,288.52252,281.42255,284.02252,284.42255,292.82254,292.12253,289.22253,287.32254,292.62253,292.52252,288.72253,291.22253,290.32254,288.22253,287.12253,287.22253,286.82254,286.22253,284.92255
293.72253,295.02252,290.42255,295.42255,295.42255,295.12253,294.42255,292.82254,293.12253,293.62253,290.62253,287.82254,289.32254,285.92255,286.62253,285.22253,288.12253,290.82254,290.52252,286.32254,286.82254,285.42255,286.02252,287.42255,284.52252,285.12253,284.62253,284.92255,282.92255,282.62253,283.22253,283.02252,283.42255,283.42255,285.42255,284.02252,282.82254,282.82254,282.72253,283.82254,286.82254
291.22253,293.92255,286.02252,294.32254,294.82254,294.42255,293.32254,293.22253,293.42255,293.72253,289.32254,289.62253,284.52252,284.52252,284.22253,291.32254,289.82254,290.82254,291.92255,291.02252,291.12253,288.62253,287.82254,284.82254,282.62253,281.92255,281.22253,282.42255,282.22253,281.12253,280.32254,280.92255,278.52252,279.02252,280.92255,281.32254,281.32254,280.82254,282.42255,280.72253,279.32254
