wind_kz.json
{"header": {"discipline":0,"disciplineName":"Meteorological products","gribEdition":2,"gribLength":1025,"center":7,"centerName":"US National Weather Service - NCEP(WMC)","subcenter":0,"refTime":"2023-09-22T06:00:00.000Z","significanceOfRT":1,"significanceOfRTName":"Start of forecast","productStatus":0,"productStatusName":"Operational products","productType":1,"productTypeName":"Forecast products","productDefinitionTemplate":0,"productDefinitionTemplateName":"Analysis/forecast at horizontal level/layer at a point in time","parameterCategory":2,"parameterCategoryName":"UnknownDiscipline_0_Category_2","parameterNumber":2,"parameterNumberName":"UnknownParameter_D0_C2_2","parameterUnit":"Unknown","genProcessType":2,"genProcessTypeName":"Forecast","forecastTime":180,"surface1Type":103,"surface1TypeName":"Specified height level above ground","surface1Value":10.0,"surface2Type":255,"surface2TypeName":"Missing","surface2Value":0.0,"gridDefinitionTemplate":0,"gridDefinitionTemplateName":"Latitude_Longitude","numberPoints":615,"shape":6,"shapeName":"Earth spherical with radius of 6,371,229.0 m","gridUnits":"degrees","resolution":48,"winds":"true","scanMode":64,"nx":41,"ny":15,"basicAngle":0,"lo1":47.0,"la1":41.0,"lo2":87.0,"la2":55.0,"dx":1.0,"dy":1.0}, "data":
[rows 0 to 14 of 15, columns 0 to 40 of 41]
-1.8783906,-0.7683905,1.8416095,-1.8483905,-1.1683905,-1.4183905,1.0116096,-0.2783905,-2.9283905,-1.8383905,1.5116096,2.3916094,2.2316096,3.3616095,-1.5383905,-1.3183905,1.0716095,2.8316095,0.8716095,1.8116095,3.2716095,1.9616095,-1.8783906,-0.89839053,0.3616095,-2.7983904,-2.2583904,0.7716095,0.7716095,0.5516095,-0.2983905,1.8416095,0.041609496,1.1216094,-2.4483905,-2.4383905,-3.1983905,-3.4083905,-2.6383905,-2.8883905,0.4216095
0.8916095,1.5116096,-6.0783906,-4.8083906,-2.1883905,-0.1683905,0.4316095,-2.0483904,-0.2383905,1.6116095,0.7716095,-1.7883905,-0.9283905,-1.5583905,-1.2683905,-1.5183905,2.7816095,-0.4083905,-0.5783905,0.7516095,2.3816094,3.2916095,-1.9383905,-1.3683906,0.60160947,1.6916095,-0.1483905,0.9016095,-2.2983904,-0.4083905,0.1916095,0.4516095,-1.3983905,-1.3983905,0.8316095,0.051609498,-0.3183905,0.17160949,-0.1083905,1.3916095,-4.8883905
-1.8783906,-5.0983906,-5.5783906,-3.6683905,-0.8783905,1.1516095,-1.1283906,3.6316094,2.3316095,0.051609498,1.5116096,-1.6483905,-1.4283905,-0.0783905,0.4516095,-0.7983905,-0.058390502,0.3716095,0.9716095,0.5816095,0.7716095,-2.7183905,-3.5983906,-1.9283905,-1.6483905,-1.6983905,0.8016095,1.6516095,-0.8083905,0.021609496,-0.4783905,1.3116095,-0.5483905,0.3516095,-0.25839052,-1.2483906,0.2416095,-0.1183905,1.8416095,-0.3883905,1.9616095
-5.2183905,-7.0783906,-5.9183903,-5.2283907,-4.0783906,-2.6883905,0.2316095,0.1616095,-0.1983905,0.4016095,-1.4483905,0.031609498,0.5316095,0.8916095,-0.3583905,0.9616095,0.8816095,-2.0183904,-1.1983905,-0.5183905,1.1516095,-2.0683906,-0.7183905,-2.5683906,-2.3083906,0.041609496,2.3316095,-2.0883906,-1.7683905,-0.5583905,-1.1583905,-2.2483904,-2.1583905,-0.6983905,-0.4783905,-1.4283905,-1.2083905,1.5216095,0.1616095,0.4216095,1.1016095
-5.1883907,-5.6883907,-4.8383904,-4.0583906,-2.5883906,-0.6783905,0.5516095,0.8416095,-0.5383905,0.6316095,-0.5683905,-1.3383905,-1.6483905,1.5516095,-3.1783905,0.3216095,3.8516095,-1.5683905,0.2116095,-0.4583905,-3.7083905,-4.1683903,-3.6883905,-3.5083904,-4.4683905,-3.6683905,-4.7383904,-3.3783906,-4.4783907,-3.9083905,-3.0183904,-1.7683905,-1.7783905,0.1616095,1.8116095,-0.3983905,-0.2383905,-1.6783905,-2.5583906,-2.8083906,-2.2183905
-3.1183906,-2.5083904,-2.6583905,-1.8283905,-1.1683905,-2.3483906,-1.3683906,-0.7883905,-0.6983905,-2.5283904,-3.2183905,-8.438391,-6.4283905,-7.1383905,-6.8083906,0.1616095,1.5016094,-2.7783904,-1.0083905,-1.3783906,-4.1783905,-3.2783904,-3.5483904,-3.5783906,-4.6383905,-6.1483903,-4.2583904,-5.9383907,-4.3583903,-3.3983905,-2.7483904,-1.1583905,-2.4383905,-0.0683905,0.1916095,-0.8683905,-0.2683905,-2.1683905,-0.5583905,-2.5583906,-2.7083905
-4.2283907,-3.9883904,-3.3083906,-2.9783905,-2.1083906,-1.7083905,-1.2883905,-2.0483904,-2.6483905,-2.2783904,-4.2083907,-6.3283906,-4.1383905,-3.7183905,-3.4583905,-2.4583905,3.9616096,0.031609498,-1.3583905,-5.1383905,-4.6383905,-4.3983903,-3.5683906,-4.3283906,-3.6083906,-4.0783906,-2.3583906,-3.1283906,-3.3183906,-3.3483906,-3.3483906,-2.7283905,-2.2283905,-1.6783905,-3.1083906,-2.8483906,-1.3783906,0.7316095,-1.1783905,0.7016095,-0.3583905
-3.7983904,-3.3883905,-3.2183905,-2.7083905,-1.9683905,-1.6683905,-1.5683905,-1.4583905,-2.8683906,-4.9783907,-4.3183904,-5.3783903,-3.7883904,-3.1883905,-1.9983906,-1.6383905,-1.5583905,-4.8683906,-4.9483905,-6.5183907,-4.5983906,-3.9083905,-4.2083907,-3.6283906,-4.2783904,-1.9683905,-2.5883906,-3.5383904,-1.4683905,-1.2883905,-2.5783906,-2.8483906,-4.3283906,-1.2583905,-3.0583906,-0.5483905,-0.1383905,-0.9483905,-1.4283905,-1.7483906,-2.4683905
-3.1983905,-2.9483905,-2.6483905,-2.2383904,-2.3283906,-1.5583905,-1.6683905,-3.3583906,-5.1983905,-3.4383905,-2.3383906,-3.0083904,-2.6583905,-2.2083905,-3.6683905,-3.9583905,-5.4783907,-4.8583903,-4.4183903,-4.7283907,-5.9683905,-3.6783905,-4.2183905,-3.8183906,-4.3183904,-3.4683905,-2.1283906,-2.0683906,-1.3683906,-1.5883905,-4.5483904,-2.1083906,-1.4983906,-1.2483906,-1.3683906,0.2716095,0.0016094971,-1.8383905,-0.7183905,0.2716095,-2.3383906
-2.9783905,-2.4583905,-2.1383905,-0.8883905,-2.1283906,-1.9583905,-2.7483904,-4.6183906,-5.0183907,-4.2883906,-5.1183906,-6.1783905,-5.2783904,-4.0583906,-2.9983904,-4.5483904,-3.8683906,-3.0783906,-4.6383905,-5.2183905,-5.8883905,-5.5383906,-6.4583907,-6.4183903,-5.5883904,-6.2883906,-4.6383905,-4.5783906,-3.4583905,-4.7583904,-2.2583904,-0.7783905,-2.2783904,-1.6383905,-1.1583905,0.4016095,-1.1183906,-0.028390503,-1.5483905,0.3216095,-1.4583905
-2.5583906,-2.3383906,-2.4283905,-2.3783906,-1.9683905,-2.6783905,-3.5683906,-3.8983905,-3.7583904,-3.6183906,-2.1483905,-3.1483905,-2.3183906,-3.0683906,-4.0483904,-3.4583905,-4.0083904,-3.4983904,-4.7383904,-4.4183903,-4.6683903,-5.1783905,-5.6683903,-5.2983904,-4.2583904,-3.8783906,-4.4083905,-2.6383905,-3.4483905,-2.9083905,-1.6783905,-1.9283905,-2.3383906,-2.1283906,-1.8483905,-0.7583905,-1.2083905,-0.2483905,-1.0483905,0.5016095,-1.5783905
-1.2383904,-2.6783905,-2.7683904,-2.7983904,-2.0483904,-2.1283906,-2.9283905,-3.9983904,-3.8383906,-3.0683906,-3.1283906,-1.8483905,-1.9383905,-3.3883905,-3.4183905,-3.1283906,-3.4383905,-3.0583906,-3.3283906,-3.0083904,-3.9583905,-3.4483905,-4.4483905,-4.1483903,-3.7583904,-2.5083904,-3.9583905,-3.0983906,-2.5183904,-2.2083905,-0.7683905,-1.4383905,-0.9883905,-1.0783905,-1.9283905,-2.5983906,-1.9883904,-0.8383905,-0.1983905,-0.0783905,-0.3283905
-1.0083905,-1.5083905,-2.9283905,-2.2883904,-2.7683904,-2.2983904,-2.5883906,-2.4483905,-3.5883906,-2.3383906,-1.2583905,-1.5583905,-0.8383905,-2.2183905,-2.9083905,-2.9183905,-2.6083906,-2.4983904,-3.5083904,-3.0083904,-2.8983905,-2.7083905,-2.6383905,-2.4783905,-2.4783905,-2.7183905,-2.4883904,-1.4383905,-2.7783904,-0.8783905,-0.1183905,0.4816095,0.4316095,-1.6983905,-3.2983904,-2.8783906,-1.6583905,-1.0583905,-0.89839053,-0.1383905,-0.5283905
-0.7883905,-0.9583905,-2.2983904,-2.4383905,-1.8683906,-2.1983905,-1.5883905,-2.6683905,-0.6783905,-1.6683905,-1.2383904,-1.3683906,0.7716095,-0.2983905,-1.9483905,-1.9083905,-2.5683906,-2.5583906,-2.9383905,-2.1883905,-3.0483904,-2.8783906,-2.6883905,-2.1883905,-2.2483904,-1.6283906,-1.5583905,-1.9483905,-1.6583905,-1.0483905,-1.4883904,-1.9383905,-3.8783906,-3.4383905,-2.3083906,-2.2283905,-2.0183904,-0.9383905,-0.4883905,-0.2783905,0.0916095
0.1816095,-0.25839052,-0.6783905,-1.0483905,-1.0983905,-0.8483905,-0.9183905,-0.9683905,-0.9783905,-1.1283906,-1.3683906,-0.6383905,-0.2083905,1.0116096,0.1816095,-0.7683905,-1.9083905,-2.2983904,-2.3883905,-2.3783906,-2.4283905,-2.1683905,-1.9783905,-2.0383904,-1.0283905,-2.2783904,-1.8783906,-2.1283906,-1.4983906,-1.6983905,-1.8183905,-2.8783906,-2.4483905,-2.3583906,-2.3183906,-2.6883905,-2.2583904,-1.2883905,-0.1683905,-0.4183905,-0.3783905
