wind.json
{"header": {"discipline":0,"disciplineName":"Meteorological products","gribEdition":2,"gribLength":89774,"center":7,"centerName":"US National Weather Service - NCEP(WMC)","subcenter":0,"refTime":"2023-02-25T06:00:00.000Z","significanceOfRT":1,"significanceOfRTName":"Start of forecast","productStatus":0,"productStatusName":"Operational products","productType":1,"productTypeName":"Forecast products","productDefinitionTemplate":0,"productDefinitionTemplateName":"Analysis/forecast at horizontal level/layer at a point in time","parameterCategory":0,"parameterCategoryName":"Temperature","parameterNumber":0,"parameterNumberName":"Temperature","parameterUnit":"K","genProcessType":2,"genProcessTypeName":"Forecast","forecastTime":0,"surface1Type":1,"surface1TypeName":"Ground or water surface","surface1Value":0.0,"surface2Type":255,"surface2TypeName":"Missing","surface2Value":0.0,"gridDefinitionTemplate":0,"gridDefinitionTemplateName":"Latitude_Longitude","numberPoints":65160,"shape":6,"shapeName":"Earth spherical with radius of 6,371,229.0 m","gridUnits":"degrees","resolution":48,"winds":"true","scanMode":64,"nx":360,"ny":181,"basicAngle":0,"lo1":0.0,"la1":-90.0,"lo2":359.0,"la2":90.0,"dx":1.0,"dy":1.0}, "data":
[rows 108 to 134 of 181, columns 183 to 243 of 360]
298.8317,298.9317,298.7317,298.63168,298.4317,298.53168,298.63168,298.53168,298.2317,298.2317,298.03168,298.13168,298.4317,298.2317,298.13168,297.9317,297.8317,297.9317,297.7317,297.63168,297.3317,297.3317,297.2317,297.03168,296.8317,296.8317,297.03168,297.03168,296.8317,296.53168,296.3317,295.9317,295.7317,295.63168,295.7317,295.4317,295.3317,295.63168,295.8317,295.63168,295.4317,295.3317,295.03168,294.7317,294.9317,295.3317,295.4317,295.13168,294.7317,294.8317,294.3317,294.3317,294.3317,295.13168,295.4317,295.3317,296.13168,296.2317,296.13168,296.2317,296.4317
298.63168,298.53168,298.4317,298.53168,298.3317,298.13168,298.4317,298.3317,298.03168,298.13168,298.13168,298.03168,298.13168,298.03168,297.9317,297.9317,297.8317,297.7317,297.53168,297.4317,297.2317,297.3317,296.9317,296.8317,296.53168,296.63168,296.9317,296.8317,296.63168,296.4317,296.03168,295.8317,295.63168,295.53168,295.53168,295.13168,295.13168,294.8317,295.3317,295.4317,295.63168,295.3317,294.9317,294.4317,294.4317,294.8317,295.13168,294.8317,294.3317,293.7317,293.63168,294.03168,294.3317,294.63168,294.7317,295.13168,295.13168,295.4317,295.13168,295.03168,295.13168
297.9317,298.2317,297.9317,298.03168,297.9317,297.8317,298.03168,297.9317,297.3317,297.9317,298.03168,297.9317,297.7317,297.9317,297.9317,297.8317,297.63168,297.63168,297.53168,297.3317,297.03168,297.3317,296.63168,296.4317,296.3317,296.3317,296.53168,296.63168,296.4317,296.03168,296.13168,295.8317,295.53168,295.3317,295.13168,295.03168,295.03168,294.53168,294.7317,295.13168,295.2317,294.9317,294.63168,294.03168,294.03168,294.3317,294.9317,294.53168,293.7317,293.03168,293.03168,293.63168,293.53168,294.3317,294.7317,294.2317,294.2317,294.2317,293.9317,293.9317,294.2317
297.7317,297.7317,297.7317,297.9317,297.53168,297.2317,297.2317,297.3317,297.2317,297.53168,298.03168,297.7317,297.63168,297.4317,297.63168,297.4317,297.3317,297.3317,297.4317,297.2317,296.03168,296.8317,296.53168,296.4317,296.3317,296.3317,296.4317,296.4317,296.2317,295.9317,295.7317,295.53168,295.4317,295.13168,294.8317,294.4317,294.7317,294.63168,294.9317,294.9317,294.7317,294.3317,294.13168,294.03168,293.8317,293.8317,294.13168,293.9317,292.8317,292.13168,292.3317,292.53168,292.7317,293.13168,293.53168,293.3317,292.3317,293.2317,292.7317,292.53168,292.9317
297.53168,297.53168,297.53168,297.53168,297.4317,297.2317,297.13168,296.9317,297.13168,297.03168,297.2317,297.3317,297.3317,297.03168,297.13168,296.7317,296.8317,296.8317,296.8317,296.53168,296.53168,296.53168,296.3317,296.4317,296.2317,296.03168,296.03168,296.13168,296.2317,295.8317,295.4317,295.2317,295.2317,295.13168,294.63168,294.2317,294.63168,294.53168,294.4317,294.4317,294.2317,294.13168,293.63168,293.53168,293.53168,293.3317,293.03168,293.13168,292.8317,292.13168,292.2317,291.9317,291.9317,292.3317,292.63168,291.63168,291.13168,291.63168,291.53168,291.3317,291.2317
296.8317,296.7317,297.13168,297.2317,297.03168,297.2317,296.8317,296.8317,296.9317,296.7317,296.8317,297.03168,296.7317,296.4317,296.7317,296.53168,296.4317,296.2317,296.3317,296.53168,296.3317,296.2317,296.3317,296.4317,296.03168,295.8317,295.7317,295.63168,295.7317,295.53168,295.03168,295.03168,294.9317,294.63168,294.13168,294.03168,294.13168,294.4317,294.03168,294.2317,294.13168,293.8317,293.3317,292.8317,292.9317,292.63168,292.63168,292.63168,293.03168,292.4317,292.03168,292.03168,291.4317,291.3317,291.4317,291.63168,291.13168,291.4317,291.03168,291.03168,291.7317
296.7317,296.7317,297.13168,297.13168,296.8317,296.9317,296.7317,296.7317,296.2317,296.4317,296.2317,296.13168,295.9317,296.3317,296.3317,296.2317,295.9317,295.9317,296.03168,296.03168,296.13168,296.2317,296.2317,296.2317,295.9317,295.63168,295.53168,295.3317,295.3317,295.13168,294.8317,294.7317,294.7317,294.3317,294.03168,294.13168,294.2317,294.13168,293.9317,293.8317,293.7317,293.63168,293.13168,292.53168,292.4317,292.53168,292.4317,292.4317,292.8317,292.13168,291.8317,291.53168,291.7317,291.63168,291.13168,290.63168,290.8317,290.4317,290.2317,291.03168,290.53168
296.2317,296.13168,297.13168,296.4317,295.9317,295.8317,296.53168,296.4317,296.3317,296.13168,296.03168,295.8317,295.9317,295.53168,295.63168,295.7317,295.53168,295.4317,295.7317,295.63168,295.7317,296.13168,295.7317,295.4317,295.53168,295.63168,295.53168,295.3317,295.2317,295.03168,294.8317,294.63168,294.53168,294.4317,294.13168,294.03168,294.03168,293.63168,293.63168,293.53168,293.13168,292.8317,292.63168,292.63168,292.7317,292.53168,292.13168,291.9317,291.9317,291.3317,291.2317,291.4317,291.4317,291.3317,291.03168,290.8317,290.63168,290.8317,289.8317,289.8317,290.2317
295.7317,295.13168,296.03168,295.7317,295.53168,294.9317,295.3317,295.7317,295.9317,296.03168,295.8317,295.2317,295.53168,295.2317,295.3317,295.13168,294.7317,295.2317,295.3317,295.13168,295.03168,295.13168,295.13168,294.7317,294.7317,295.03168,295.4317,295.3317,294.8317,294.4317,294.63168,294.2317,294.3317,294.2317,293.7317,293.8317,293.13168,293.03168,293.03168,293.4317,293.03168,292.4317,292.13168,291.8317,291.8317,291.7317,291.63168,291.63168,291.7317,291.2317,290.7317,290.4317,290.7317,290.53168,290.03168,290.4317,290.53168,290.2317,289.7317,289.4317,289.7317
294.9317,294.53168,295.3317,294.7317,295.4317,294.63168,294.13168,294.4317,294.9317,295.7317,295.7317,294.8317,294.63168,294.7317,295.03168,294.9317,294.9317,294.63168,294.8317,294.7317,294.3317,294.4317,294.63168,294.53168,293.9317,294.13168,294.53168,294.4317,294.53168,294.2317,294.2317,294.2317,294.03168,293.63168,293.4317,293.4317,293.13168,293.13168,293.2317,293.03168,292.8317,292.4317,292.2317,291.7317,291.4317,291.63168,291.2317,291.2317,291.13168,290.7317,290.7317,290.2317,290.53168,290.53168,290.13168,289.7317,289.3317,289.13168,289.53168,289.3317,288.9317
294.13168,293.9317,294.4317,294.4317,294.13168,294.03168,293.8317,293.7317,293.3317,294.63168,294.63168,294.53168,294.03168,293.53168,294.63168,294.53168,294.4317,294.13168,294.7317,294.53168,294.03168,293.9317,294.53168,294.53168,293.9317,293.63168,293.8317,293.53168,293.9317,293.8317,293.3317,293.63168,293.4317,292.8317,292.8317,293.2317,293.2317,293.03168,293.03168,292.7317,292.53168,292.03168,291.8317,292.03168,291.8317,291.3317,290.7317,291.13168,290.7317,290.2317,290.3317,290.03168,290.2317,290.03168,289.3317,289.4317,289.03168,288.63168,289.13168,288.53168,288.8317
293.9317,293.7317,292.8317,293.3317,292.8317,293.2317,293.4317,293.13168,292.7317,293.7317,294.63168,294.3317,294.03168,293.63168,293.3317,293.7317,293.3317,293.63168,293.7317,293.13168,292.9317,292.8317,293.4317,293.53168,293.63168,293.3317,292.9317,292.7317,293.53168,293.3317,292.4317,293.13168,293.13168,292.63168,292.53168,292.3317,292.9317,292.3317,292.3317,292.03168,291.9317,291.3317,291.53168,291.2317,291.2317,290.8317,290.3317,289.8317,290.4317,290.2317,290.03168,289.8317,289.7317,289.4317,288.9317,289.13168,289.2317,288.7317,288.2317,288.63168,288.63168
292.53168,292.4317,291.3317,291.4317,291.9317,292.8317,292.53168,292.13168,292.4317,292.03168,292.8317,293.03168,293.03168,292.7317,292.7317,293.4317,293.13168,293.2317,292.8317,292.53168,292.03168,292.2317,292.3317,292.03168,292.8317,292.9317,292.13168,292.4317,292.13168,292.63168,292.03168,291.9317,291.9317,291.9317,291.8317,291.7317,292.13168,291.53168,291.63168,291.53168,291.4317,291.03168,291.2317,290.9317,290.4317,290.3317,290.2317,290.13168,289.8317,289.7317,289.53168,288.63168,288.8317,288.8317,288.63168,289.03168,288.53168,288.2317,287.63168,287.9317,288.2317
290.9317,290.9317,291.13168,290.4317,291.03168,291.3317,291.13168,291.63168,291.4317,292.2317,291.9317,291.4317,290.9317,291.9317,292.3317,292.13168,292.3317,292.3317,291.9317,291.3317,291.53168,291.7317,291.13168,291.4317,291.9317,292.13168,291.7317,291.63168,291.53168,291.7317,291.13168,290.63168,291.2317,291.63168,291.4317,291.53168,291.7317,291.4317,291.53168,291.13168,290.9317,290.63168,290.4317,290.03168,290.03168,289.7317,290.03168,288.53168,288.2317,288.9317,288.2317,286.8317,285.9317,286.53168,286.7317,288.53168,287.9317,287.4317,287.13168,287.4317,287.63168
290.7317,290.7317,290.53168,289.63168,290.13168,290.4317,290.63168,290.7317,290.63168,290.8317,290.7317,290.53168,290.3317,291.53168,291.2317,291.8317,291.2317,291.2317,291.2317,290.7317,291.13168,290.8317,290.8317,289.9317,290.03168,290.8317,290.7317,290.7317,290.9317,290.7317,290.3317,290.4317,290.8317,291.2317,291.03168,290.9317,290.9317,291.13168,290.7317,290.63168,291.03168,290.63168,290.2317,289.53168,289.2317,288.8317,288.8317,288.2317,287.53168,287.4317,288.2317,286.8317,285.63168,285.8317,286.3317,287.03168,286.63168,286.9317,287.13168,287.3317,287.03168
290.2317,290.13168,289.63168,289.13168,289.13168,289.53168,289.63168,289.4317,289.63168,290.63168,290.53168,289.9317,289.53168,289.53168,289.7317,290.53168,290.13168,289.9317,290.2317,290.03168,290.53168,290.03168,289.9317,289.7317,289.3317,289.63168,289.7317,289.8317,289.9317,290.03168,290.3317,290.3317,290.13168,290.03168,289.2317,290.7317,289.9317,289.2317,289.2317,289.7317,289.9317,289.53168,289.7317,289.63168,289.03168,288.53168,288.53168,288.03168,287.2317,287.13168,286.8317,285.9317,286.13168,286.53168,286.53168,285.63168,286.2317,285.53168,286.03168,286.8317,283.53168
289.03168,288.8317,288.9317,288.3317,288.13168,288.2317,288.8317,288.3317,288.4317,288.7317,289.03168,289.13168,288.9317,288.7317,288.9317,289.3317,289.13168,289.7317,289.13168,289.2317,289.3317,288.7317,288.7317,289.03168,289.13168,288.53168,288.7317,289.03168,289.53168,289.9317,289.4317,289.2317,289.4317,289.4317,288.7317,289.8317,289.4317,289.2317,288.9317,288.7317,288.7317,288.53168,288.53168,288.53168,287.9317,287.8317,287.3317,287.63168,286.9317,285.63168,286.13168,286.03168,286.2317,284.7317,284.8317,285.53168,284.7317,284.8317,285.3317,283.9317,278.53168
288.63168,288.03168,288.8317,287.7317,287.63168,287.63168,288.2317,287.63168,287.4317,287.4317,287.4317,287.53168,287.8317,287.7317,287.8317,288.4317,288.63168,288.3317,287.9317,288.13168,288.2317,288.3317,288.13168,287.9317,288.2317,288.03168,287.8317,288.63168,289.2317,289.13168,288.8317,289.13168,289.13168,288.63168,288.4317,288.3317,288.2317,288.4317,288.53168,288.3317,288.03168,287.9317,288.13168,287.9317,287.8317,287.2317,286.7317,286.4317,285.63168,285.63168,286.03168,285.8317,284.7317,284.4317,284.3317,284.63168,284.53168,273.2317,277.03168,278.7317,281.4317
288.3317,287.7317,288.13168,287.63168,287.2317,287.2317,287.3317,287.03168,286.8317,286.8317,286.7317,286.53168,286.7317,286.7317,286.8317,287.13168,287.53168,287.2317,286.9317,286.9317,287.2317,287.63168,287.4317,287.3317,287.9317,287.7317,287.4317,287.13168,287.63168,287.3317,287.13168,288.03168,288.63168,288.13168,287.3317,287.7317,287.63168,287.3317,287.4317,288.03168,287.8317,287.8317,287.53168,286.3317,285.53168,285.63168,286.8317,286.53168,285.8317,285.13168,284.8317,284.03168,284.2317,284.3317,283.9317,284.2317,276.3317,277.8317,276.7317,270.03168,277.9317
287.63168,287.4317,287.63168,287.3317,287.2317,286.9317,286.8317,286.63168,286.2317,286.3317,286.2317,286.13168,286.2317,286.3317,286.3317,286.63168,286.53168,286.4317,286.2317,286.13168,286.03168,286.63168,286.63168,286.63168,286.9317,286.7317,286.53168,286.7317,286.7317,286.4317,287.03168,288.03168,288.03168,287.8317,286.9317,286.63168,286.4317,286.63168,286.8317,287.3317,287.2317,286.3317,286.2317,285.8317,285.7317,285.53168,286.2317,286.53168,285.4317,284.7317,284.53168,284.13168,283.8317,283.4317,283.3317,276.7317,277.9317,278.3317,269.7317,268.2317,272.8317
287.13168,286.53168,286.8317,287.2317,286.63168,286.03168,286.3317,285.8317,285.53168,285.53168,285.8317,285.53168,285.4317,285.8317,285.8317,285.63168,285.53168,285.2317,286.03168,286.7317,286.8317,285.9317,285.8317,286.03168,285.8317,285.8317,286.13168,286.4317,286.13168,286.3317,287.53168,287.53168,286.3317,286.03168,286.3317,286.8317,286.2317,286.03168,286.2317,286.7317,286.13168,285.7317,286.03168,285.8317,285.63168,285.13168,285.3317,285.4317,284.13168,284.4317,284.63168,283.9317,283.63168,283.03168,282.4317,277.4317,277.63168,272.03168,266.53168,272.63168,273.8317
285.2317,285.13168,285.2317,286.03168,285.53168,285.8317,285.9317,285.4317,285.03168,284.9317,284.7317,284.8317,284.9317,284.9317,284.9317,284.9317,284.7317,284.9317,285.03168,285.2317,285.4317,284.9317,285.13168,285.53168,285.3317,285.4317,285.7317,285.9317,286.13168,285.3317,286.03168,286.53168,286.03168,286.03168,286.03168,286.13168,285.7317,285.7317,285.53168,285.9317,285.7317,285.63168,286.03168,285.7317,285.2317,285.53168,284.63168,284.4317,283.8317,283.9317,283.9317,283.3317,283.2317,282.3317,267.03168,277.2317,274.3317,275.3317,271.4317,271.4317,267.4317
284.2317,285.2317,284.9317,284.4317,284.4317,284.3317,284.63168,284.2317,284.3317,284.13168,284.13168,284.3317,285.53168,284.63168,284.3317,284.53168,284.4317,284.3317,284.63168,284.63168,284.4317,284.13168,284.3317,284.63168,284.53168,284.4317,285.13168,285.3317,285.8317,284.7317,284.63168,285.4317,286.13168,286.53168,285.7317,285.13168,285.2317,285.03168,284.7317,284.8317,284.3317,285.03168,285.2317,284.53168,283.8317,284.4317,284.13168,283.4317,283.13168,283.13168,283.4317,283.4317,282.7317,282.03168,266.9317,275.4317,269.53168,268.53168,271.03168,269.8317,267.2317
283.63168,284.13168,284.63168,284.3317,283.4317,283.63168,284.03168,283.7317,283.63168,283.4317,283.4317,283.53168,283.63168,283.3317,283.13168,283.8317,283.9317,283.53168,284.7317,284.2317,283.8317,283.4317,283.53168,283.53168,283.8317,284.03168,284.03168,284.2317,284.3317,284.3317,284.13168,284.9317,285.3317,285.9317,285.03168,284.9317,285.2317,285.03168,284.7317,284.9317,284.2317,284.13168,284.53168,284.4317,283.7317,283.63168,283.53168,283.4317,283.2317,282.9317,282.3317,282.63168,282.2317,273.63168,267.3317,268.63168,267.2317,262.7317,269.2317,270.3317,267.3317
282.7317,281.7317,282.03168,282.63168,282.63168,282.8317,283.03168,282.7317,282.53168,282.3317,282.4317,282.7317,282.63168,282.4317,282.3317,282.63168,282.63168,282.4317,282.7317,282.8317,282.63168,282.63168,282.7317,283.2317,283.3317,283.2317,283.63168,284.03168,284.2317,283.9317,283.53168,283.63168,283.9317,283.8317,283.7317,283.9317,284.53168,284.7317,284.3317,283.7317,284.03168,284.13168,284.03168,283.9317,283.53168,283.4317,283.13168,282.9317,282.63168,282.03168,281.9317,282.8317,282.63168,271.53168,265.63168,263.63168,264.9317,258.63168,264.9317,260.2317,263.8317
281.3317,281.53168,281.4317,281.7317,281.7317,281.4317,281.4317,281.53168,281.4317,281.53168,281.63168,281.7317,281.7317,281.9317,281.8317,282.03168,281.9317,281.7317,281.8317,282.13168,282.03168,282.03168,282.03168,282.2317,282.13168,282.3317,282.63168,283.03168,283.03168,282.9317,282.8317,283.03168,283.8317,283.3317,282.9317,283.13168,283.2317,283.8317,283.53168,283.3317,282.9317,283.2317,283.3317,283.13168,283.13168,283.03168,282.7317,282.13168,281.7317,281.7317,281.9317,282.63168,282.3317,269.3317,268.8317,258.53168,265.63168,268.53168,262.7317,261.9317,259.53168
280.3317,280.13168,280.03168,280.3317,280.53168,280.13168,280.53168,280.7317,280.9317,281.03168,281.4317,281.03168,281.03168,281.13168,280.8317,281.13168,281.03168,280.8317,280.9317,281.03168,281.3317,281.2317,281.3317,281.3317,281.3317,281.53168,281.8317,282.3317,282.4317,282.2317,282.3317,282.53168,282.4317,282.53168,282.3317,282.4317,282.9317,282.8317,283.13168,282.7317,282.7317,282.53168,282.7317,282.53168,282.63168,282.03168,282.03168,281.63168,281.8317,281.53168,281.2317,282.4317,282.13168,268.7317,267.4317,264.53168,267.63168,262.63168,254.13168,258.03168,268.13168
