wind_kz.json
{"header": {"discipline":0,"disciplineName":"Meteorological products","gribEdition":2,"gribLength":1025,"center":7,"centerName":"US National Weather Service - NCEP(WMC)","subcenter":0,"refTime":"2023-08-24T12:00:00.000Z","significanceOfRT":1,"significanceOfRTName":"Start of forecast","productStatus":0,"productStatusName":"Operational products","productType":1,"productTypeName":"Forecast products","productDefinitionTemplate":0,"productDefinitionTemplateName":"Analysis/forecast at horizontal level/layer at a point in time","parameterCategory":2,"parameterCategoryName":"UnknownDiscipline_0_Category_2","parameterNumber":2,"parameterNumberName":"UnknownParameter_D0_C2_2","parameterUnit":"Unknown","genProcessType":2,"genProcessTypeName":"Forecast","forecastTime":0,"surface1Type":103,"surface1TypeName":"Specified height level above ground","surface1Value":10.0,"surface2Type":255,"surface2TypeName":"Missing","surface2Value":0.0,"gridDefinitionTemplate":0,"gridDefinitionTemplateName":"Latitude_Longitude","numberPoints":615,"shape":6,"shapeName":"Earth spherical with radius of 6,371,229.0 m","gridUnits":"degrees","resolution":48,"winds":"true","scanMode":64,"nx":41,"ny":15,"basicAngle":0,"lo1":47.0,"la1":41.0,"lo2":87.0,"la2":55.0,"dx":1.0,"dy":1.0}, "data":
[rows 0 to 14 of 15, columns 0 to 40 of 41]
0.78443605,1.644436,-2.535564,-0.83556396,0.23443604,2.1144361,6.2444363,3.344436,1.874436,0.46443602,-0.14556396,0.754436,3.034436,4.054436,2.734436,3.254436,4.2644362,4.674436,4.2444363,5.2644362,2.594436,-2.475564,2.404436,5.334436,1.794436,1.754436,4.154436,5.604436,2.014436,2.654436,4.834436,1.084436,2.724436,-1.745564,1.654436,1.354436,0.15443604,-0.77556396,2.044436,0.15443604,2.324436
1.514436,0.43443602,-1.8155639,-3.005564,-1.285564,2.1344361,4.634436,3.1344361,4.544436,4.034436,3.684436,5.154436,3.314436,1.5544361,4.394436,3.204436,4.624436,6.594436,5.824436,6.714436,5.694436,2.464436,2.194436,3.254436,-0.21556397,-1.025564,-0.30556396,1.8144361,-2.3755639,-0.18556397,-0.06556396,-0.22556396,-0.26556396,0.45443603,-0.28556398,3.404436,3.8844361,3.554436,3.354436,1.224436,-1.9255639
-0.045563966,-1.4255639,-4.175564,-0.815564,1.794436,6.484436,6.044436,6.104436,6.594436,7.784436,8.784436,9.684436,5.354436,3.6444361,2.164436,4.504436,4.004436,5.574436,6.454436,7.314436,7.224436,5.204436,4.254436,4.7644362,5.454436,2.314436,2.854436,3.8844361,2.484436,-0.88556397,0.85443604,-2.165564,0.33443603,3.714436,1.5644361,-0.53556395,2.294436,0.48443604,6.234436,6.454436,-1.355564
5.154436,-0.25556397,2.344436,2.284436,6.824436,4.394436,5.364436,6.134436,7.284436,9.514436,10.364436,9.564436,-5.865564,-5.885564,2.1244361,3.494436,5.5144362,4.9944363,6.584436,7.614436,8.624436,9.454436,7.2644362,6.864436,5.484436,5.984436,6.074436,6.074436,4.144436,4.674436,3.6444361,4.164436,5.454436,7.954436,2.184436,3.944436,0.37443602,1.374436,-0.19556397,4.634436,-1.025564
5.054436,4.234436,4.414436,5.394436,4.444436,5.194436,2.8944361,7.0144362,9.574436,11.444436,9.214436,5.034436,-5.275564,-3.745564,1.404436,7.294436,6.194436,5.814436,5.464436,7.284436,9.364436,10.534436,10.294436,8.204436,9.214436,6.394436,8.284436,6.084436,5.944436,5.964436,2.524436,2.504436,2.424436,1.154436,0.694436,-2.845564,0.754436,-0.29556397,-0.14556396,2.264436,1.764436
5.604436,6.364436,5.364436,6.474436,6.124436,3.334436,5.924436,5.394436,2.304436,1.2044361,0.59443605,2.274436,-0.21556397,1.284436,5.004436,6.464436,7.584436,7.184436,7.654436,8.174436,9.714436,10.844436,11.484436,11.074436,9.884436,8.674436,7.7644362,1.5644361,6.234436,6.214436,-0.815564,3.8944361,0.13443604,-1.8055639,-3.845564,2.6244361,3.444436,2.474436,4.444436,-1.615564,1.4544361
5.154436,7.614436,8.184436,6.464436,1.834436,4.904436,6.424436,5.474436,2.074436,3.034436,2.3644361,3.004436,3.594436,5.584436,6.694436,6.104436,6.604436,7.064436,7.854436,8.364436,9.824436,10.474436,11.454436,11.604436,11.914436,8.564436,7.824436,7.5144362,-0.035563964,3.754436,5.224436,3.6144361,-0.21556397,-0.09556396,2.8844361,0.33443603,0.874436,0.17443603,3.414436,0.014436035,-0.30556396
5.794436,6.324436,7.104436,6.524436,6.124436,5.684436,8.284436,6.894436,-0.12556396,3.424436,2.784436,4.704436,4.724436,4.754436,-0.28556398,3.3744361,3.814436,5.934436,6.134436,4.884436,8.234436,8.904436,10.534436,11.874436,10.884436,8.694436,6.214436,5.704436,1.914436,6.2644362,3.3644361,4.2644362,2.244436,1.994436,4.364436,-1.6955639,-2.6155639,0.65443605,4.704436,3.334436,2.834436
6.154436,6.064436,6.784436,6.344436,6.604436,3.064436,1.364436,2.994436,2.264436,1.654436,4.044436,5.384436,2.544436,-0.37556398,1.9544361,1.754436,1.154436,2.954436,3.674436,4.464436,3.844436,7.284436,4.274436,4.004436,1.584436,4.274436,-0.035563964,1.584436,2.234436,6.124436,5.104436,2.1444361,4.484436,2.424436,1.394436,-0.25556397,0.96443605,2.424436,1.134436,-0.18556397,-1.585564
6.114436,6.204436,3.994436,4.574436,4.944436,0.70443606,3.734436,0.65443605,1.234436,1.5644361,2.224436,0.70443606,0.49443603,1.654436,3.414436,3.484436,1.6844361,1.714436,2.654436,2.714436,2.314436,2.334436,4.2644362,3.264436,-0.40556395,-1.965564,7.124436,-1.275564,0.60443604,-1.215564,8.924436,5.624436,0.29443604,-1.345564,6.334436,-4.045564,-0.57556397,-0.26556396,1.134436,-1.845564,1.594436
1.504436,1.6944361,0.16443604,0.44443604,2.054436,1.8044361,2.194436,1.974436,4.374436,1.124436,2.474436,5.204436,2.334436,2.104436,3.654436,2.484436,1.5644361,3.1444361,0.86443603,0.60443604,-0.865564,1.7044361,2.274436,0.89443606,0.944436,4.024436,7.544436,6.704436,3.494436,6.044436,5.334436,-4.365564,-1.8055639,1.1944361,-0.85556394,-3.925564,0.35443604,1.1944361,0.554436,-0.76556396,0.97443604
1.984436,2.354436,3.344436,2.834436,-0.985564,-3.065564,-1.745564,1.634436,1.634436,3.684436,4.614436,3.184436,0.65443605,2.944436,3.024436,0.514436,2.6344361,0.744436,2.574436,0.014436035,1.604436,1.284436,-0.45556396,0.37443602,0.504436,2.3644361,1.044436,7.894436,4.734436,3.964436,4.854436,-3.845564,-3.945564,8.864436,4.974436,-3.045564,0.73443604,-2.085564,-2.1055639,-0.815564,-1.125564
-0.18556397,-0.13556397,-2.915564,-3.695564,-2.025564,-1.235564,-0.96556395,1.344436,4.574436,2.024436,1.904436,2.014436,5.434436,2.724436,1.484436,-0.36556396,1.364436,3.164436,2.1144361,0.41443604,1.124436,1.4344361,1.524436,1.134436,0.574436,0.78443605,0.054436035,4.914436,0.744436,1.834436,2.504436,3.434436,0.754436,2.744436,0.24443604,-2.1055639,-1.475564,-1.095564,-2.1155639,-0.95556396,-0.26556396
-3.025564,-2.165564,0.41443604,1.3244361,1.374436,3.454436,4.704436,3.804436,0.84443605,2.034436,1.374436,3.014436,4.754436,-2.1255639,-0.565564,1.514436,4.724436,3.484436,4.434436,3.404436,2.904436,3.724436,2.324436,2.954436,2.204436,0.504436,-0.925564,0.764436,2.044436,-0.88556397,5.754436,3.354436,2.564436,4.104436,2.164436,-1.0655639,-0.82556397,-1.415564,-2.305564,-0.39556396,-0.21556397
1.774436,0.77443606,0.35443604,1.9244361,2.264436,-0.23556396,1.904436,2.264436,3.654436,3.8844361,1.884436,3.1444361,2.534436,1.9444361,3.184436,2.664436,4.214436,4.164436,4.874436,4.794436,4.944436,4.144436,4.444436,3.274436,3.154436,1.224436,-0.48556396,-0.11556397,0.43443602,2.014436,2.174436,2.044436,4.074436,3.6144361,2.674436,-0.10556397,-1.645564,-1.615564,-1.085564,-2.755564,0.094436035
