wind_kz.json
{"header": {"discipline":0,"disciplineName":"Meteorological products","gribEdition":2,"gribLength":1025,"center":7,"centerName":"US National Weather Service - NCEP(WMC)","subcenter":0,"refTime":"2023-09-19T06:00:00.000Z","significanceOfRT":1,"significanceOfRTName":"Start of forecast","productStatus":0,"productStatusName":"Operational products","productType":1,"productTypeName":"Forecast products","productDefinitionTemplate":0,"productDefinitionTemplateName":"Analysis/forecast at horizontal level/layer at a point in time","parameterCategory":2,"parameterCategoryName":"UnknownDiscipline_0_Category_2","parameterNumber":3,"parameterNumberName":"UnknownParameter_D0_C2_3","parameterUnit":"Unknown","genProcessType":2,"genProcessTypeName":"Forecast","forecastTime":60,"surface1Type":103,"surface1TypeName":"Specified height level above ground","surface1Value":10.0,"surface2Type":255,"surface2TypeName":"Missing","surface2Value":0.0,"gridDefinitionTemplate":0,"gridDefinitionTemplateName":"Latitude_Longitude","numberPoints":615,"shape":6,"shapeName":"Earth spherical with radius of 6,371,229.0 m","gridUnits":"degrees","resolution":48,"winds":"true","scanMode":64,"nx":41,"ny":15,"basicAngle":0,"lo1":47.0,"la1":41.0,"lo2":87.0,"la2":55.0,"dx":1.0,"dy":1.0}, "data":
[rows 0 to 14 of 15, columns 0 to 40 of 41]
0.018378906,-0.4316211,1.3983788,3.588379,-2.501621,-5.081621,0.10837891,0.008378906,-0.8516211,-0.81162107,-1.4116211,0.6683789,-0.8216211,-3.021621,-3.771621,-3.0416212,-4.241621,-4.031621,-4.451621,-2.3516212,-4.841621,-5.741621,-6.361621,0.3983789,-1.6016212,-0.4616211,-2.451621,2.068379,0.3983789,3.518379,1.408379,1.5583789,1.8483789,-3.271621,0.7083789,-1.1316211,-0.8416211,-1.4816211,0.99837893,-2.161621,0.3783789
2.3983788,0.6983789,3.558379,1.6383789,-2.281621,-2.241621,-0.3216211,0.4083789,0.2883789,1.3283789,-0.5816211,-1.6016212,-2.0716212,-3.1216211,-5.181621,-4.271621,-2.921621,-3.781621,-4.5016212,-3.771621,-3.931621,-3.8716211,-2.5516212,-0.7916211,-0.94162107,-0.8416211,0.2583789,1.778379,-0.50162107,-0.2916211,0.74837893,2.478379,-0.9016211,0.32837892,1.4383789,-2.231621,-2.0816212,-4.181621,-1.341621,-2.3416212,1.2683789
2.3883789,4.818379,3.1283789,0.9483789,-3.6116211,-0.7916211,-0.6016211,1.3283789,0.4983789,0.4783789,0.9083789,1.7283789,-0.4816211,-2.721621,-4.581621,-4.341621,-2.641621,-3.5716212,-3.6316211,-3.001621,-3.5816212,-2.901621,-0.9316211,-0.7016211,-2.161621,1.3183789,-0.5216211,2.298379,-0.8816211,0.55837893,2.588379,-0.9916211,0.7983789,-0.4516211,-1.6416211,2.9583788,3.2083788,-0.9816211,0.4083789,-0.9716211,-1.0116211
1.4583789,2.248379,-1.1216211,-3.151621,-2.481621,-0.1416211,-3.161621,-2.1116211,-2.1316211,-2.3716211,-0.2016211,1.028379,1.0583789,-2.0716212,-4.371621,-4.261621,-2.941621,-3.431621,-2.3216212,-2.8416212,-2.691621,-2.1216211,-2.0516212,-0.07162109,-1.081621,-2.701621,-1.5516211,-1.4416211,-2.5516212,-2.5816212,-2.2916212,-2.0516212,-1.1116211,-0.15162109,-0.7816211,-2.8116212,-0.5716211,2.578379,0.9183789,0.9683789,1.8983788
1.0683789,0.3783789,-0.7416211,-1.201621,-1.8616211,-2.8816211,-2.741621,-2.031621,-3.221621,-1.9816211,-1.451621,2.058379,1.038379,-2.0916212,-4.9616213,-4.201621,-4.881621,-3.391621,-3.6116211,-4.061621,-2.431621,-1.961621,-0.7316211,1.2283789,-1.4016211,-2.271621,0.8983789,1.0983789,-0.8316211,-2.8816211,-2.3816211,-0.6716211,1.8883789,3.468379,-0.0016210937,-2.0616212,-0.6616211,-2.1016212,0.6383789,1.7083789,-0.8916211
1.1183789,0.5783789,1.1483788,-0.09162109,-1.2316211,-3.171621,-3.211621,-1.341621,-1.8016211,-2.501621,-2.8616211,2.9483788,1.8283789,-2.8716211,-2.3316212,-3.271621,-3.761621,-3.211621,-3.5816212,-3.751621,-2.711621,-0.10162109,-1.0216211,-1.471621,-1.6016212,-0.2516211,-0.0016210937,-3.3716211,-2.891621,-2.471621,-1.3116211,-0.8216211,-0.1716211,-0.7616211,1.4883789,0.2683789,2.318379,0.55837893,-0.9116211,-1.1816211,-0.9516211
3.558379,3.6283789,2.8883789,1.9683789,0.2483789,-0.23162109,-3.0416212,-2.0516212,0.058378905,-0.6516211,-1.211621,-1.0616211,-2.1116211,-1.8016211,-3.401621,-4.051621,-3.731621,-4.141621,-3.8116212,-2.181621,-4.301621,-3.141621,-1.8516212,-0.8016211,-0.3116211,-0.2616211,-2.481621,-3.441621,-5.611621,-3.0816212,-3.191621,-4.271621,-3.491621,-2.3516212,0.23837891,-0.2516211,-0.4716211,1.3383789,-1.0616211,-1.581621,0.20837891
3.258379,-0.36162108,0.10837891,0.93837893,-0.3516211,-2.211621,-2.491621,-1.3716211,0.2183789,-0.75162107,0.2483789,0.4683789,-1.3216211,-2.401621,-3.391621,-4.051621,-5.6716213,-4.831621,-2.911621,-2.3116212,-2.531621,-2.8516212,-3.411621,-2.0816212,-1.701621,-1.8716211,0.10837891,-3.031621,-4.451621,-4.511621,-2.8016212,-3.8816211,-3.741621,-3.181621,-0.3816211,-0.021621093,-0.1316211,-1.1916211,0.2183789,-0.9616211,-1.1216211
1.6283789,0.74837893,1.4583789,1.4283789,1.4683789,-1.6816211,-0.3416211,-1.211621,-0.5816211,-0.3816211,-0.9916211,-1.4216211,-1.2916211,-2.3016212,-2.781621,-3.521621,-3.781621,-4.011621,-2.8816211,-2.0716212,-0.4016211,-1.0416211,-2.7916212,-0.2616211,-1.2516211,-1.8616211,-0.07162109,-0.8716211,-1.081621,-1.3616211,-1.4416211,-1.9116211,-2.691621,-1.8816211,0.4283789,1.3483789,0.1683789,-0.5316211,1.418379,1.2083789,0.3083789
3.048379,2.348379,1.4983789,1.7483789,2.108379,1.4583789,-1.6416211,1.2083789,-0.061621092,0.3483789,-0.4816211,-1.211621,-0.7116211,-2.3116212,-2.031621,-2.931621,-3.221621,-3.761621,-4.511621,-2.521621,-2.191621,0.6083789,-1.711621,-2.1316211,-2.3416212,-0.8716211,-0.1416211,-1.5016211,-1.6816211,-2.261621,-2.391621,-2.5516212,-3.001621,-3.2916212,-0.4916211,0.3983789,0.1883789,-0.8816211,-0.39162108,1.5583789,0.7383789
1.4383789,3.1683788,3.6883788,2.588379,1.5083789,1.5783789,0.9083789,0.2983789,0.6683789,-0.10162109,0.9283789,1.538379,1.1883789,1.418379,-0.1716211,-1.2616211,-1.951621,-2.261621,-3.231621,-3.3216212,-0.8016211,-1.4216211,-1.3816211,-1.9416211,-1.3016211,-1.0416211,-0.9016211,-2.5716212,-3.5716212,-2.681621,-1.591621,-2.0816212,-2.671621,-2.5816212,-1.6916211,-0.031621095,0.5883789,1.038379,1.6883789,1.1283789,-0.1116211
1.288379,0.6183789,3.078379,2.6183789,2.9383788,2.218379,1.2583789,1.1483788,0.4783789,0.3783789,0.7083789,-0.9716211,-1.9316211,0.8283789,1.5083789,1.8983788,1.2283789,-0.23162109,-0.7316211,-1.2416211,-1.8116211,-1.1416211,-0.3116211,-1.2516211,-0.8516211,-0.1616211,-0.3416211,-2.0616212,-2.8116212,-3.3116212,-3.641621,-2.0716212,-1.9916211,-2.151621,-0.94162107,-1.4016211,0.5083789,2.2083788,2.3683789,2.268379,0.99837893
2.1883788,2.3683789,2.578379,2.108379,1.8083789,1.1783789,1.8383789,1.8383789,1.3583789,1.4283789,1.0783789,0.038378906,-0.07162109,-1.581621,-0.0016210937,1.6383789,2.1683788,2.028379,1.2583789,0.9683789,0.8683789,1.168379,0.8483789,0.5383789,0.9683789,0.55837893,0.0683789,-1.1716211,-1.4216211,-1.971621,-2.151621,-2.6116211,-2.251621,-2.3016212,-2.251621,-0.6316211,-0.81162107,0.3683789,1.408379,1.6883789,1.5583789
2.278379,2.3783789,2.478379,3.298379,2.3883789,1.9283789,1.6883789,2.308379,2.3683789,2.608379,2.4183788,0.7183789,-0.21162109,0.048378907,-0.9216211,1.2283789,1.5683789,2.478379,2.4483788,2.328379,2.048379,1.9983789,1.8283789,1.4783789,1.3083789,1.0783789,0.8183789,1.0983789,0.4883789,-0.1616211,-0.8416211,-0.8816211,-0.6316211,-1.3816211,-2.0616212,-1.5016211,-0.7416211,-0.4716211,-0.5716211,0.058378905,1.1983789
0.5483789,0.6583789,1.1983789,3.4583788,3.078379,3.6383789,3.298379,2.828379,2.1283789,2.068379,2.558379,3.228379,3.258379,0.6483789,1.7583789,1.3683789,1.3583789,1.548379,2.608379,2.4083788,2.548379,2.548379,2.348379,2.1883788,2.1583788,2.328379,2.4183788,2.268379,1.8983788,1.6983789,1.038379,-0.1416211,0.1583789,0.088378906,-0.5716211,-0.7616211,-0.5416211,0.3383789,-0.0016210937,1.4683789,0.9083789
