wind_kz.json
{"header": {"discipline":0,"disciplineName":"Meteorological products","gribEdition":2,"gribLength":1025,"center":7,"centerName":"US National Weather Service - NCEP(WMC)","subcenter":0,"refTime":"2023-09-22T06:00:00.000Z","significanceOfRT":1,"significanceOfRTName":"Start of forecast","productStatus":0,"productStatusName":"Operational products","productType":1,"productTypeName":"Forecast products","productDefinitionTemplate":0,"productDefinitionTemplateName":"Analysis/forecast at horizontal level/layer at a point in time","parameterCategory":2,"parameterCategoryName":"UnknownDiscipline_0_Category_2","parameterNumber":2,"parameterNumberName":"UnknownParameter_D0_C2_2","parameterUnit":"Unknown","genProcessType":2,"genProcessTypeName":"Forecast","forecastTime":240,"surface1Type":103,"surface1TypeName":"Specified height level above ground","surface1Value":10.0,"surface2Type":255,"surface2TypeName":"Missing","surface2Value":0.0,"gridDefinitionTemplate":0,"gridDefinitionTemplateName":"Latitude_Longitude","numberPoints":615,"shape":6,"shapeName":"Earth spherical with radius of 6,371,229.0 m","gridUnits":"degrees","resolution":48,"winds":"true","scanMode":64,"nx":41,"ny":15,"basicAngle":0,"lo1":47.0,"la1":41.0,"lo2":87.0,"la2":55.0,"dx":1.0,"dy":1.0}, "data":
[rows 0 to 14 of 15, columns 0 to 40 of 41]
-0.49817565,0.65182436,-0.58817565,-2.0381756,-5.8581758,-6.9081755,-7.488176,-7.968176,-8.628176,-6.6181755,-6.968176,-6.3681755,-4.8981757,-3.8581758,-2.6381757,-1.7281756,-1.4081757,-1.1481757,-0.52817565,0.78182435,-1.5281757,-0.21817566,-0.52817565,1.1018243,-3.4781756,-3.4381757,-0.73817563,2.2818244,-0.25817567,-0.69817567,-1.1181756,1.8518243,0.19182435,0.19182435,-1.0881757,-1.4281757,-2.0281756,-2.2881756,-2.7381756,-2.5381756,-1.5781757
0.8218243,-2.2581756,-5.3281755,-7.3481755,-6.9181757,-5.3581758,-5.7881756,-6.1581755,-5.4781756,-4.9381757,-5.468176,-4.738176,-3.0781755,-1.5981756,-1.5781757,0.07182434,0.45182434,0.021824341,0.33182433,-0.40817565,-0.9981757,0.89182436,0.28182435,2.3118243,0.52182436,1.4718243,0.20182434,0.9418243,2.9818244,0.91182435,-0.06817566,1.2718244,-0.70817566,0.6218243,0.5018243,0.14182433,0.09182434,-0.45817566,0.98182434,-1.9481757,-0.8181757
-2.2181756,-6.7681756,-8.968176,-9.3681755,-8.178176,-7.1881757,-6.3681755,-4.798176,-5.818176,-4.5981755,-4.4781756,-3.0081756,-1.5681757,-2.8081756,-3.0581756,-2.6481757,-3.6181757,-5.758176,-5.7281756,-4.2281756,-6.738176,-5.488176,-3.2881756,-4.3981757,-0.8681757,-0.6281757,0.92182434,3.9918244,1.8918244,-0.21817566,0.6218243,-1.7381756,-0.02817566,0.09182434,-3.1281757,-0.54817563,0.14182433,-0.8781757,-0.10817566,-0.48817566,-1.3881756
-6.2881756,-9.068175,-9.468176,-8.818175,-6.7281756,-6.6581755,-4.738176,-5.9181757,-5.3681755,-5.1181755,-4.798176,-5.3981757,-3.6781757,-3.5881758,-4.238176,-4.008176,-4.488176,-5.3081756,-6.278176,-4.7481756,-3.2281756,-7.0781755,-5.3581758,-5.8681755,-6.4581757,-6.4781756,-5.778176,-6.318176,-2.7481756,-0.57817566,2.6318243,2.7518244,6.2718244,7.3818245,4.8418245,2.4418244,1.8918244,0.79182434,-1.5581757,-0.77817565,-0.30817565
-8.788176,-9.378176,-8.388176,-7.028176,-6.6181755,-5.9581757,-5.2481756,-6.1281757,-6.5181756,-5.9581757,-6.3481755,-6.488176,-4.738176,-4.1281757,-2.9081757,-4.718176,-4.838176,-5.1481757,-6.1481757,-6.5181756,-7.0381756,-6.3781757,-6.528176,-6.3081756,-5.8281755,-5.6881757,-5.9081755,-2.6681757,-3.1881757,-0.71817565,-0.6281757,-0.008175659,2.0718243,2.6318243,-3.0081756,-2.3581758,0.32182434,-2.3281755,-2.1681757,-2.3181756,-0.6781757
-7.6281757,-6.4981756,-7.088176,-7.468176,-6.6981754,-5.988176,-5.838176,-5.028176,-5.3981757,-4.8281755,-5.1481757,-4.5981755,-4.2081757,-3.8981757,-2.9181757,-2.4781756,-3.0281756,-3.7381756,-5.1781754,-4.778176,-5.258176,-3.6981757,-3.0081756,-2.6981757,-2.8881757,-3.3981757,-3.5681756,-4.4581757,-2.6681757,-1.8281757,-0.66817564,-1.0581757,1.1118244,4.3818245,3.4518244,1.5518243,-1.0381757,0.47182435,-0.32817566,0.24182434,-3.2381756
-6.2281756,-6.9281754,-7.6881757,-7.028176,-6.3881755,-5.338176,-5.1981754,-5.4281754,-5.588176,-5.1581755,-4.6781754,-4.9781756,-3.7181756,-3.6581757,-2.7581756,-1.6281756,-1.7481756,-3.6581757,-3.2281756,-3.7281756,-2.9081757,-1.1681757,0.54182434,2.3218243,2.2118244,0.42182434,-1.2381756,-1.6981757,-2.8181756,-2.9381757,-3.0981758,-2.6481757,-1.2381756,-0.20817566,0.79182434,2.6918244,0.32182434,0.73182434,-0.41817567,0.83182436,-0.89817566
-6.3581758,-6.9581757,-6.318176,-5.7881756,-5.4381757,-5.2281756,-5.1381755,-5.0781755,-5.1281757,-5.0581756,-4.568176,-4.988176,-4.4781756,-4.528176,-3.7881756,-3.8181756,-3.9281757,-3.9481757,-2.6781757,-2.2481756,-3.1981757,-2.9381757,-2.4981756,-1.3281757,-0.06817566,1.9418243,0.21182434,-0.9281757,-1.3581756,-3.1581757,-4.028176,-2.9181757,-3.4781756,-3.1281757,-2.1681757,-0.69817567,1.4118243,3.4618244,3.6218243,2.3818243,1.9418243
-5.548176,-4.9581757,-4.5781755,-4.6281757,-4.5581756,-4.6981754,-4.6281757,-4.7681756,-4.318176,-4.1181755,-4.048176,-4.3681755,-4.6581755,-3.9781756,-4.7081757,-4.528176,-5.1281757,-4.968176,-3.9081757,-1.8381757,-3.9481757,-3.4181757,-3.1581757,-3.1481757,-3.4081757,-2.3181756,-2.3981757,-1.9681756,-2.2281756,-2.2281756,-2.6381757,-2.4281757,-0.28817567,-0.038175657,1.2718244,1.3118243,-1.9781756,-0.31817567,1.7218243,-0.22817566,-0.96817565
-3.6781757,-3.5981758,-3.8981757,-4.0981755,-3.7881756,-3.5981758,-3.8181756,-4.1481757,-3.7981756,-3.4581757,-3.6481757,-4.1981754,-3.4481757,-3.5481756,-3.8981757,-3.9781756,-4.6881757,-4.4781756,-4.5781755,-4.4781756,-4.7081757,-3.5381756,-2.7981756,-2.8281755,-3.0581756,-3.0981758,-2.4581757,-1.5881757,-1.8481756,-1.8781756,-0.89817566,-0.44817567,0.19182435,0.51182437,0.31182435,1.9318243,2.1918244,0.03182434,0.65182436,0.14182433,-1.0181756
-3.2881756,-3.3581758,-3.2881756,-3.4281757,-2.7181756,-2.3281755,-2.4581757,-2.8081756,-2.4281757,-2.4281757,-2.4781756,-2.2681756,-1.5381757,-2.5181756,-2.7881756,-2.7081757,-3.2781756,-3.0281756,-3.0481756,-3.5581756,-2.8981757,-2.1081758,-1.9481757,-1.5281757,-1.7681756,-1.2281756,-1.2581756,-0.27817565,-0.04817566,1.0618243,1.3518243,1.2018243,0.22182435,-0.42817566,-1.0781757,-1.0981756,0.49182433,-0.44817567,0.16182435,-0.60817564,-0.49817565
-2.2981756,-2.3181756,-2.3581758,-1.9481757,-2.3681757,-2.0281756,-1.8281757,-1.5781757,-1.4381757,-1.1581757,-0.118175656,0.36182433,0.7518243,0.36182433,0.14182433,0.03182434,-0.40817565,-0.70817566,-0.6781757,-0.76817566,-0.26817566,0.38182434,1.6518244,1.6918243,2.1818244,2.1718245,2.8718243,2.8818243,3.0718243,3.0718243,2.6418242,2.6218243,1.8418243,1.1618243,-0.23817566,-0.97817564,-1.7881757,-1.4581757,-0.25817567,-0.118175656,-0.20817566
-0.65817565,-0.52817565,-0.69817567,-0.8081757,-0.73817563,-0.72817564,-0.8181757,-0.32817566,-0.01817566,-0.65817565,0.011824341,1.0618243,0.92182434,1.9518243,1.9818244,2.0918243,2.1718245,2.1618242,1.8218243,2.5718243,2.8018243,3.0218244,3.0318244,2.7418244,2.8418243,3.8218243,3.9318244,4.4418244,4.8018246,4.451824,4.2318244,4.1118245,3.5618243,3.4518244,2.6218243,2.0518243,1.0818243,0.40182436,0.021824341,0.15182434,0.49182433
1.0418243,0.98182434,0.43182433,0.49182433,0.011824341,0.17182434,0.71182436,0.92182434,1.1118244,0.45182434,0.39182433,0.7518243,1.1318244,1.4618243,1.7418244,2.1718245,2.4518244,2.9818244,2.9518244,3.8218243,4.0418243,4.3018246,4.781824,4.781824,4.781824,4.531824,4.4018245,4.6718245,4.681824,4.8418245,4.8318243,4.6018243,4.2118244,4.241824,3.3718243,3.4218245,2.5218244,2.4718244,2.4818244,1.9118243,0.58182436
1.4718243,2.0918243,1.2518244,1.4818244,2.1818244,2.3718243,3.0018244,2.4518244,2.4218245,1.0418243,0.54182434,1.6718243,1.5918243,1.3118243,3.2418244,2.8918242,3.5118244,3.9918244,3.9518244,4.8418245,4.911824,4.6218243,4.6018243,4.9618244,5.0918245,4.8218246,4.8018246,4.6318245,4.5718246,4.5518246,4.5518246,5.2918243,5.1918244,4.9618244,4.721824,4.721824,3.6518242,4.5818243,3.9618244,2.5518243,1.5518243
