wind_kz.json
{"header": {"discipline":0,"disciplineName":"Meteorological products","gribEdition":2,"gribLength":1025,"center":7,"centerName":"US National Weather Service - NCEP(WMC)","subcenter":0,"refTime":"2023-08-18T18:00:00.000Z","significanceOfRT":1,"significanceOfRTName":"Start of forecast","productStatus":0,"productStatusName":"Operational products","productType":1,"productTypeName":"Forecast products","productDefinitionTemplate":0,"productDefinitionTemplateName":"Analysis/forecast at horizontal level/layer at a point in time","parameterCategory":2,"parameterCategoryName":"UnknownDiscipline_0_Category_2","parameterNumber":2,"parameterNumberName":"UnknownParameter_D0_C2_2","parameterUnit":"Unknown","genProcessType":2,"genProcessTypeName":"Forecast","forecastTime":0,"surface1Type":103,"surface1TypeName":"Specified height level above ground","surface1Value":10.0,"surface2Type":255,"surface2TypeName":"Missing","surface2Value":0.0,"gridDefinitionTemplate":0,"gridDefinitionTemplateName":"Latitude_Longitude","numberPoints":615,"shape":6,"shapeName":"Earth spherical with radius of 6,371,229.0 m","gridUnits":"degrees","resolution":48,"winds":"true","scanMode":64,"nx":41,"ny":15,"basicAngle":0,"lo1":47.0,"la1":41.0,"lo2":87.0,"la2":55.0,"dx":1.0,"dy":1.0}, "data":
[rows 0 to 14 of 15, columns 0 to 40 of 41]
-4.2426467,-0.2926465,2.0873535,1.9273535,0.7273535,-0.5026465,1.3273535,-0.9426465,-1.6826465,0.70735353,-0.6426465,-0.9626465,-3.3626466,-4.0326467,-2.8526466,-3.1526465,-1.4326465,1.1073536,-0.15264648,-2.7826464,-2.9926465,-1.5026464,-0.98264647,-1.2726464,0.6073535,-2.9126465,-3.2426465,0.14735352,0.37735352,1.2073535,0.117353514,1.1473535,2.4673536,3.2173536,-2.6626465,-5.2226467,0.3573535,1.5973535,2.2673535,-1.1626465,1.3773535
1.0973535,1.2773535,-0.2626465,2.8873534,0.28735352,2.3773534,3.6473534,2.6373534,0.82735354,2.6873536,1.4073535,0.50735354,-0.7526465,-3.2526464,-3.5526464,-4.4426465,-2.1926465,-0.73264647,2.3373535,-2.0526464,-4.8426466,-4.5526466,-2.3726466,-2.4326465,-0.5826465,0.57735354,-1.5626465,0.33735353,-4.3026466,-1.7926465,0.017353516,-1.2526464,1.0573535,-1.6426464,0.21735352,-2.3526466,-1.7726464,5.3073535,-0.6426465,-0.38264647,-1.5026464
0.057353515,-3.1826465,1.3773535,2.7873535,1.3373535,3.5673535,2.3573534,2.3473535,2.5873535,1.0273535,1.7373536,1.8173535,-2.1226466,-4.6226463,-4.6026464,-4.7826467,-2.1726465,0.24735351,0.9173535,-2.3626466,-7.8126464,-5.9026465,-3.4026465,-5.2126465,-0.67264646,-3.0126464,-0.13264649,2.5573535,-2.5526464,-0.4826465,-1.0826465,2.1773536,-0.8426465,-0.85264647,-0.17264648,-0.072646484,-0.09264649,1.9273535,4.7173533,4.8573537,0.63735354
-1.9626465,0.75735354,3.3873534,3.4773536,3.6873536,1.0873535,2.4073534,0.28735352,-0.80264646,1.5673535,2.0173535,-2.6826465,-7.8726463,-6.9626465,-5.4726467,-3.8726466,-3.9826465,-3.0726464,-2.5326464,-6.9326463,-6.8526464,-3.7826464,-2.1126466,-5.2726464,-7.1026464,-5.3626466,-3.6126466,-7.1226463,-4.3126464,-2.3126464,-1.6026465,-1.1826465,1.3073535,0.4473535,-2.5926466,-0.5326465,-1.8026465,1.5773535,1.3273535,-0.43264648,-1.2926465
0.8773535,4.0973535,5.7573533,5.4573536,3.6573534,3.0473535,2.6173534,2.9773536,4.3273535,2.4673536,-2.1826465,-3.4926465,-7.5826464,-6.3226466,-4.5326467,-3.1226466,-4.5326467,-3.9026465,-3.4626465,-6.6926465,-6.6726465,-4.9326463,-3.8926466,-4.9026465,-5.8526464,-4.6826463,-4.3826466,-3.1226466,-3.2526464,-3.4126465,-2.3726466,-2.8826466,-1.6026465,1.8773535,1.5073535,3.0073535,2.5673535,1.0173535,-0.37264648,-2.4526465,-3.7426465
0.5273535,2.8573534,6.3073535,5.5373535,4.0873537,4.3873534,4.6473536,4.8273535,-7.3726463,-5.6126466,-4.0526466,-4.8226466,-3.8626466,-4.7326465,-6.0326467,-3.9726465,-3.7926464,-4.1226463,-4.9426465,-5.6726465,-4.3526464,-4.5626464,-2.2826464,-4.4026465,-3.4326465,-3.9226465,-2.9926465,-2.8426466,-1.8826464,0.2573535,0.8773535,-1.0526465,0.6273535,1.6573535,1.3973535,-0.47264647,0.9173535,0.9273535,6.7073536,-4.3626466,-3.9726465
2.0773535,-2.4526465,3.0973535,0.6673535,-0.38264647,2.5773535,5.7473536,-7.0126467,-3.5826464,-0.17264648,-0.2726465,-2.9226465,-4.4326463,-4.3326464,-4.3426466,-2.9926465,-1.4326465,-2.3326464,-3.4126465,-4.4626465,-3.1726465,-3.2126465,-4.0026464,-3.8026464,-3.4026465,-3.1626465,-0.8826465,-0.9526465,-0.3326465,0.31735352,-1.4826465,-3.1826465,-1.7526464,-0.5626465,-3.3426466,-1.8526465,-1.6326464,0.9873535,-0.54264647,1.5373535,0.46735352
-2.3126464,-3.3426466,-3.4826465,-1.1926465,2.9873536,0.13735351,-9.622646,-7.3126464,-3.0326464,-8.052647,-4.3626466,-5.8926463,-4.4426465,-4.4126463,-1.7026465,-2.5526464,-2.4926465,-3.8226464,-1.8526465,-2.4326465,-3.7126465,-1.8626465,-1.1026465,-2.6326466,-3.0426464,-0.7526465,-1.6126465,-4.3426466,-0.6426465,-3.2426465,-5.5326467,-2.8626466,-3.2126465,0.037353516,-2.5926466,0.2673535,2.7773535,2.6473534,4.3673534,3.2673535,0.17735352
-3.4026465,-3.1126466,-2.3026464,-3.7026465,-2.6126466,-6.4426465,-3.4526465,-4.4526463,-4.2626467,-4.2226467,-0.09264649,-2.7426465,-1.9326465,-2.2726464,-2.9826465,-3.3226464,-3.0326464,-1.4626465,-1.8826464,-2.8026464,-2.4526465,-2.0326464,-3.0326464,-3.2326465,-0.5926465,-0.38264647,-0.8726465,-2.5426464,-0.8926465,-1.4626465,-2.0326464,-1.3026465,0.8673535,-0.85264647,1.0973535,1.7173535,1.4773536,-1.1626465,0.077353515,0.9873535,0.28735352
-3.0826464,-2.9326465,-3.1426466,-3.8126464,-3.8226464,-4.1726465,-3.9726465,-5.6326466,-5.2326465,-4.4826465,-4.5126467,-5.2526464,-4.5826464,-2.5926466,-2.7826464,-2.6626465,-1.4626465,-2.0426464,-2.2326465,-3.1326466,-2.4426465,-2.8526466,-0.9326465,-1.4426465,-1.6126465,-4.0626464,-3.3126464,-2.5926466,-2.3426466,-2.5226464,-1.4026465,-0.8426465,-1.1826465,-1.0826465,0.37735352,1.2173535,0.017353516,0.89735353,-0.9426465,1.4273535,0.9973535
-2.7126465,-3.9226465,-3.6126466,-2.6826465,-2.6826465,-3.2926464,-3.9826465,-4.0026464,-2.6026466,-2.3226464,-1.9726465,-2.0726464,-2.9826465,-2.5726464,-0.9626465,-1.3726465,-1.7826465,-0.3626465,-3.1526465,-2.2226465,-2.7826464,-1.2126465,-1.1226465,-4.2826467,-3.6926465,-2.8526466,-1.9726465,-2.4826465,-2.2426465,-1.6326464,-1.8726465,-1.2626464,-1.8126465,-1.2426465,-0.98264647,-0.7826465,-1.0626465,0.2673535,0.6173535,0.20735352,0.17735352
-1.8326465,-2.3426466,-3.2826464,-3.7326465,-3.2526464,-3.0826464,-2.2426465,-3.2626464,-2.3626466,-3.7926464,-2.3126464,-0.43264648,-1.7826465,-0.9726465,-1.7626464,0.49735352,-1.4226465,-1.0826465,-2.8826466,-2.3926466,-1.5526465,-1.9926465,-3.1326466,-2.1926465,-2.4726465,-2.2326465,-1.5726465,-1.2926465,-0.2626465,0.6873535,1.7073535,2.6473534,1.4773536,1.3373535,0.69735354,1.6973535,0.15735352,0.6273535,0.57735354,0.94735354,1.0273535
-1.3026465,-1.7326465,-1.5226464,-1.1926465,-0.062646486,-0.7026465,0.24735351,0.5673535,-0.47264647,-0.7026465,-0.60264647,0.017353516,0.8473535,0.08735351,-1.7226465,-1.8326465,-0.46264648,-0.16264649,-1.0026464,-0.9526465,-2.0626464,-1.7526464,-0.7826465,-0.37264648,0.7873535,1.0973535,2.0473535,1.8473535,2.5173535,2.8473535,3.2973535,2.6673536,2.7273536,2.2173536,2.6973536,2.3473535,1.9573535,0.6673535,1.7073535,1.2673535,0.88735354
-0.37264648,-0.8726465,-0.052646484,-1.9326465,-0.2926465,-0.79264647,0.2673535,-0.9126465,1.4873536,1.9673535,-0.6326465,0.23735352,1.1873535,2.1873536,1.5773535,1.7973535,1.8773535,2.1873536,0.037353516,0.7473535,-0.12264648,1.3173535,2.5973535,3.4073534,3.7773535,3.7673535,3.8973534,3.5373535,2.5773535,5.7073536,2.9673536,1.8873535,1.3473535,2.3273535,2.6573534,2.5673535,1.7473536,0.5273535,0.18735352,1.0373535,0.5973535
0.28735352,0.43735352,1.0173535,-0.052646484,0.37735352,0.6573535,2.9473536,1.2473536,-0.67264646,-1.4926465,-0.5826465,0.6173535,0.7773535,1.5573535,2.4373536,2.3273535,3.4873536,3.4473536,2.0973535,2.5373535,2.6273534,3.0473535,3.3773534,3.8473535,1.9873536,3.7973535,3.0373535,3.5773535,3.6073534,5.1573534,2.6473534,3.9673536,1.9773536,2.9473536,2.6773536,2.8273535,1.2973535,0.6773535,1.9573535,0.7873535,-0.3026465
