wind_kz.json
{"header": {"discipline":0,"disciplineName":"Meteorological products","gribEdition":2,"gribLength":871,"center":7,"centerName":"US National Weather Service - NCEP(WMC)","subcenter":0,"refTime":"2024-04-06T18:00:00.000Z","significanceOfRT":1,"significanceOfRTName":"Start of forecast","productStatus":0,"productStatusName":"Operational products","productType":1,"productTypeName":"Forecast products","productDefinitionTemplate":0,"productDefinitionTemplateName":"Analysis/forecast at horizontal level/layer at a point in time","parameterCategory":0,"parameterCategoryName":"UnknownDiscipline_0_Category_0","parameterNumber":0,"parameterNumberName":"UnknownParameter_D0_C0_0","parameterUnit":"Unknown","genProcessType":2,"genProcessTypeName":"Forecast","forecastTime":0,"surface1Type":1,"surface1TypeName":"Ground or water surface","surface1Value":0.0,"surface2Type":255,"surface2TypeName":"Missing","surface2Value":0.0,"gridDefinitionTemplate":0,"gridDefinitionTemplateName":"Latitude_Longitude","numberPoints":615,"shape":6,"shapeName":"Earth spherical with radius of 6,371,229.0 m","gridUnits":"degrees","resolution":48,"winds":"true","scanMode":64,"nx":41,"ny":15,"basicAngle":0,"lo1":47.0,"la1":41.0,"lo2":87.0,"la2":55.0,"dx":1.0,"dy":1.0}, "data":
[rows 0 to 14 of 15, columns 0 to 40 of 41]
285.19345,277.29346,281.29346,281.39346,282.29346,283.49347,286.69345,290.09344,288.89346,290.59344,289.09344,290.99347,289.59344,290.09344,290.49347,289.09344,289.39346,287.89346,289.69345,285.49347,287.19345,284.09344,282.99347,277.59344,282.19345,285.69345,281.29346,268.49347,267.99347,266.29346,267.89346,269.89346,279.89346,283.99347,283.49347,284.19345,283.79346,283.29346,283.19345,283.29346,283.19345
261.89346,280.39346,281.49347,281.89346,282.29346,282.69345,289.29346,288.19345,287.79346,287.89346,288.29346,287.59344,288.39346,289.49347,291.59344,289.79346,289.99347,289.69345,287.09344,288.19345,286.59344,283.79346,280.59344,270.79346,260.49347,264.69345,277.09344,269.09344,272.39346,264.39346,269.19345,252.49345,270.49347,245.59346,255.39346,280.79346,279.79346,281.19345,283.49347,276.69345,278.49347
282.19345,280.89346,281.09344,281.49347,281.99347,285.49347,286.99347,286.79346,285.69345,287.49347,287.39346,288.39346,289.79346,290.19345,289.09344,289.89346,289.29346,288.89346,288.19345,287.89346,286.89346,283.99347,281.69345,276.99347,281.89346,278.29346,282.19345,282.29346,280.09344,274.49347,268.39346,271.09344,276.49347,275.89346,276.09344,276.89346,262.89346,271.59344,269.79346,257.79346,254.79346
283.99347,281.99347,280.79346,280.89346,281.59344,284.39346,286.19345,286.19345,288.49347,289.29346,289.19345,287.39346,284.69345,285.29346,287.79346,289.79346,288.79346,289.29346,289.29346,288.99347,284.89346,278.69345,282.69345,282.29346,282.29346,282.99347,283.19345,282.19345,282.39346,283.39346,285.89346,281.89346,285.99347,288.19345,283.49347,279.99347,263.69345,256.79346,271.49347,277.19345,280.49347
284.79346,281.99347,280.79346,281.39346,282.39346,283.59344,285.79346,287.29346,289.09344,288.79346,289.49347,287.39346,283.59344,283.39346,281.89346,288.19345,288.99347,288.09344,287.99347,286.89346,287.19345,287.59344,286.69345,285.19345,285.99347,285.69345,284.19345,283.79346,287.29346,287.99347,289.79346,286.19345,272.39346,257.09344,275.79346,280.59344,279.89346,284.39346,284.09344,283.29346,283.49347
284.39346,284.69345,281.49347,280.59344,278.99347,279.89346,283.99347,286.59344,286.49347,286.99347,288.99347,288.39346,283.39346,283.09344,279.69345,288.09344,288.89346,288.59344,288.09344,286.99347,286.69345,285.29346,285.79346,285.59344,286.09344,283.79346,284.49347,271.99347,284.69345,286.19345,285.99347,285.99347,282.59344,283.59344,281.49347,280.69345,275.69345,274.19345,282.29346,283.29346,283.29346
283.19345,283.39346,285.69345,285.79346,283.29346,284.39346,284.09344,285.59344,286.29346,287.29346,286.99347,286.89346,287.49347,286.59344,286.29346,286.79346,286.79346,286.99347,286.19345,285.29346,284.79346,284.59344,284.89346,284.09344,282.89346,282.89346,282.39346,283.69345,284.39346,284.79346,284.29346,283.89346,283.29346,282.09344,281.39346,279.49347,277.49347,273.69345,269.29346,269.49347,279.89346
281.59344,281.29346,283.79346,285.09344,285.29346,284.59344,284.09344,283.59344,284.19345,285.39346,284.59344,285.49347,286.39346,286.79346,286.59344,286.49347,285.69345,284.59344,283.79346,282.29346,282.89346,282.99347,281.99347,282.19345,280.39346,276.99347,277.99347,280.39346,278.99347,280.49347,280.19345,281.29346,279.99347,276.29346,277.09344,276.69345,279.09344,271.99347,279.39346,279.49347,278.59344
280.59344,281.09344,283.09344,283.39346,282.69345,284.49347,284.39346,281.89346,282.09344,282.69345,283.69345,283.09344,283.49347,284.99347,284.49347,284.09344,282.59344,282.59344,282.59344,281.29346,278.79346,280.49347,280.19345,279.89346,278.69345,279.09344,276.19345,275.79346,277.19345,275.29346,274.89346,278.09344,280.69345,279.59344,277.89346,274.79346,272.09344,272.69345,259.39346,266.79346,262.09344
277.99347,278.89346,280.19345,278.89346,282.19345,282.99347,280.09344,280.99347,282.89346,282.49347,282.49347,281.59344,283.59344,284.09344,284.79346,283.19345,282.69345,282.69345,282.29346,280.69345,279.39346,279.49347,279.59344,279.29346,278.49347,277.09344,278.69345,279.19345,278.99347,281.19345,280.29346,282.29346,282.99347,280.09344,278.49347,278.29346,273.69345,271.69345,269.09344,269.69345,265.59344
278.19345,279.39346,278.39346,280.29346,279.69345,280.59344,281.29346,282.39346,282.59344,282.29346,281.79346,281.79346,282.69345,282.99347,282.69345,282.29346,281.59344,281.79346,280.59344,277.19345,277.89346,277.29346,276.39346,276.69345,277.29346,277.89346,276.89346,280.69345,282.39346,284.39346,283.89346,282.89346,281.69345,280.19345,280.59344,278.99347,271.59344,270.79346,274.39346,271.79346,269.59344
278.79346,279.69345,279.39346,279.39346,280.29346,280.39346,280.79346,279.89346,281.09344,280.19345,280.09344,280.39346,281.29346,279.79346,279.89346,280.19345,279.39346,278.29346,279.09344,278.49347,274.99347,274.09344,272.79346,272.59344,277.09344,279.19345,279.39346,282.39346,283.99347,283.49347,282.89346,281.39346,280.99347,281.09344,281.09344,280.79346,280.79346,280.59344,279.49347,279.79346,278.19345
274.69345,276.49347,277.39346,280.09344,279.69345,280.39346,279.39346,275.09344,274.39346,278.29346,276.39346,275.49347,277.29346,275.89346,275.49347,275.39346,276.29346,275.29346,276.99347,276.79346,276.29346,274.49347,277.29346,277.59344,279.29346,280.19345,280.39346,280.59344,280.99347,281.69345,282.49347,281.59344,281.69345,280.99347,281.29346,280.29346,280.19345,280.29346,278.09344,276.59344,274.59344
272.89346,272.99347,274.39346,277.29346,277.19345,277.09344,276.39346,276.59344,278.59344,278.69345,276.89346,273.39346,272.79346,273.39346,273.59344,273.59344,272.49347,273.99347,274.39346,273.89346,274.09344,274.19345,274.99347,275.59344,276.59344,277.59344,278.19345,279.19345,278.79346,280.29346,280.89346,281.09344,280.09344,279.49347,278.69345,278.39346,276.59344,275.19345,275.59344,275.19345,277.59344
272.59344,272.89346,272.69345,273.59344,273.49347,273.39346,273.79346,274.99347,276.69345,276.89346,276.99347,276.19345,272.69345,271.99347,272.29346,271.79346,270.99347,270.49347,270.79346,270.69345,271.69345,272.19345,272.59344,272.69345,273.19345,273.69345,274.19345,274.99347,276.29346,277.89346,278.59344,276.89346,278.99347,279.19345,278.79346,278.79346,278.29346,277.29346,278.79346,277.49347,275.99347
