wind_kz.json
{"header": {"discipline":0,"disciplineName":"Meteorological products","gribEdition":2,"gribLength":1025,"center":7,"centerName":"US National Weather Service - NCEP(WMC)","subcenter":0,"refTime":"2024-04-08T06:00:00.000Z","significanceOfRT":1,"significanceOfRTName":"Start of forecast","productStatus":0,"productStatusName":"Operational products","productType":1,"productTypeName":"Forecast products","productDefinitionTemplate":0,"productDefinitionTemplateName":"Analysis/forecast at horizontal level/layer at a point in time","parameterCategory":2,"parameterCategoryName":"UnknownDiscipline_0_Category_2","parameterNumber":3,"parameterNumberName":"UnknownParameter_D0_C2_3","parameterUnit":"Unknown","genProcessType":2,"genProcessTypeName":"Forecast","forecastTime":0,"surface1Type":103,"surface1TypeName":"Specified height level above ground","surface1Value":10.0,"surface2Type":255,"surface2TypeName":"Missing","surface2Value":0.0,"gridDefinitionTemplate":0,"gridDefinitionTemplateName":"Latitude_Longitude","numberPoints":615,"shape":6,"shapeName":"Earth spherical with radius of 6,371,229.0 m","gridUnits":"degrees","resolution":48,"winds":"true","scanMode":64,"nx":41,"ny":15,"basicAngle":0,"lo1":47.0,"la1":41.0,"lo2":87.0,"la2":55.0,"dx":1.0,"dy":1.0}, "data":
[rows 0 to 14 of 15, columns 0 to 40 of 41]
1.4068799,1.2168798,-0.54312015,-6.13312,-5.3331203,-3.7331202,-3.2331202,-1.4931201,-2.0131202,-2.7931201,-3.8131201,-2.36312,-3.0631201,-1.9731201,-3.4631202,-4.3531203,-4.6231203,-3.13312,-3.19312,-1.4031202,1.3768799,-0.4531201,-0.8731201,-0.41312012,1.1468799,-0.55312014,-0.2631201,0.6768799,-0.6431201,-0.8331201,-1.5931201,1.8168799,-1.0531201,0.31687987,-0.32312012,-1.0331202,0.006879883,-1.2931201,3.2668798,4.00688,2.81688
-0.35312012,2.2868798,-0.083120115,-3.18312,-3.57312,-4.46312,-3.13312,-3.65312,-3.84312,-5.1031203,-4.70312,-4.23312,-3.7331202,-2.36312,-3.7631202,-4.22312,-2.90312,-4.72312,-2.7331202,-0.8131201,0.3568799,0.31687987,-0.22312012,1.1968799,1.7368798,1.4768798,1.7668799,0.82687986,0.9968799,2.60688,2.2568798,2.2268798,1.0468799,-0.7131201,0.94687986,1.2568799,2.39688,1.2868799,-0.80312014,1.7368798,-0.07312012
1.2068799,2.5168798,0.2568799,-2.0031202,-1.7631202,-2.4631202,-2.87312,-3.5531201,-3.94312,-4.73312,-5.25312,-4.3331203,-4.4331203,-5.31312,-3.60312,-2.3031201,-1.7331201,-2.0231202,-4.86312,-2.0431201,0.9768799,-0.053120118,1.4068799,1.9668798,-0.37312013,-1.9531201,-1.1131201,-0.4831201,0.57687986,0.8668799,0.70687985,2.09688,2.4768798,1.9568799,0.6268799,-1.4731201,-0.8431201,3.0468798,-1.2731202,1.7868799,1.7168798
2.2768798,1.4068799,-1.0931201,-2.61312,-2.59312,-3.11312,-3.36312,-3.65312,-3.86312,-4.4331203,-4.6631203,-4.80312,-6.06312,-5.80312,-5.6231203,-4.67312,-4.11312,-3.15312,0.6068799,-2.64312,-2.7131202,3.66688,-0.9731201,2.11688,0.94687986,1.2668799,2.0268798,0.5468799,2.91688,3.2868798,6.34688,2.16688,0.5968799,-0.9731201,1.0768799,2.0468798,2.9468799,2.66688,-3.0431201,-1.8531201,-1.6231201
0.9068799,0.51687986,-0.7531201,-1.0431201,-2.5431201,-2.43312,-2.44312,-2.5331202,-3.2331202,-3.5131202,-3.0031202,-3.2831202,-4.25312,-5.0831203,-4.80312,-3.2231202,-2.5531201,-3.08312,0.6068799,3.14688,-0.13312012,-2.42312,1.3368798,2.2768798,1.2668799,2.42688,3.86688,0.88687986,2.86688,6.63688,1.5968798,1.9868798,1.2968799,2.30688,0.2868799,0.9068799,1.7268798,0.5868799,-0.79312015,0.3868799,2.0468798
1.1768799,-0.4631201,-0.22312012,-0.7631201,-1.9131202,-2.4731202,-4.23312,-4.36312,-4.36312,-4.27312,-3.7831202,-4.49312,-5.11312,-3.7531202,-0.8131201,-2.7431202,-1.9331201,-1.4731201,-0.31312013,0.6768799,2.88688,5.1668797,5.05688,3.12688,2.7068799,3.56688,3.5168798,1.3568798,3.2268798,6.21688,3.7468798,2.11688,1.5868798,0.14687988,-1.3731201,-1.3031201,-2.37312,-3.08312,-2.37312,-2.15312,5.04688
-1.1131201,-1.9831201,-2.7331202,-3.2931201,-2.89312,-3.40312,-3.7731202,-4.63312,-3.09312,-2.64312,-3.10312,-3.14312,-4.0831203,-4.53312,-3.7331202,-1.8231201,-0.4231201,-0.5331201,-0.24312012,0.45687988,2.9868798,4.59688,-1.0131202,3.59688,5.0668797,3.4768798,4.04688,4.99688,4.05688,4.76688,4.22688,3.2268798,3.62688,3.90688,1.7768799,1.8468798,2.42688,0.8968799,-1.1031201,1.6768799,5.74688
-1.2731202,-2.63312,-3.2431202,-3.38312,-3.37312,-3.2231202,-4.4131203,-5.04312,-4.72312,-2.86312,-3.0231202,-2.92312,-3.7831202,-4.80312,-5.54312,-3.16312,-0.3331201,0.016879883,1.2468799,2.05688,5.3568797,3.7268798,6.26688,2.86688,3.31688,2.4568799,6.23688,5.5868797,6.4168797,4.5668797,3.30688,2.0468798,2.7568798,5.3968797,3.9468799,0.3268799,-0.98312014,-1.5731201,-0.35312012,-1.8331201,0.2868799
-0.6531201,-2.4531202,-2.59312,-3.2831202,-2.7831202,-3.84312,-4.55312,-4.97312,-4.79312,-4.54312,-4.55312,-4.6631203,-4.70312,-4.81312,-4.65312,-2.82312,-1.8331201,1.0368799,1.5368799,3.7068799,4.50688,3.7568798,4.02688,4.52688,6.13688,3.10688,3.13688,6.11688,6.19688,4.48688,3.0168798,3.61688,5.75688,4.74688,5.3968797,3.7968798,-1.1731201,-1.4031202,-1.2431201,-1.0731201,0.36687988
0.70687985,-0.92312014,-1.6631202,-1.9231201,-1.3831201,-1.7431201,-2.35312,-3.9731202,-5.4331203,-4.88312,-4.73312,-2.82312,-4.72312,-4.02312,-4.8531203,-5.76312,-2.8131201,0.3268799,2.7668798,3.07688,5.0868797,3.57688,3.58688,5.50688,7.92688,6.1468797,5.48688,3.7268798,2.88688,3.82688,2.1968799,3.62688,4.07688,4.67688,3.30688,2.0468798,1.5268799,1.2168798,1.0068799,-0.23312011,1.1568799
0.75687987,0.8568799,0.15687989,-0.16312012,-0.053120118,-0.17312011,-0.93312013,-0.9731201,-3.2531202,-5.54312,-4.17312,-2.85312,-2.4731202,-3.2431202,-4.86312,-3.90312,-4.51312,-0.73312014,2.61688,2.64688,2.65688,2.91688,3.56688,4.07688,5.29688,6.42688,6.63688,8.20688,3.37688,1.0568799,3.6968799,5.43688,5.21688,4.03688,3.67688,3.12688,1.9068799,1.2368798,1.5668799,1.3668799,-0.35312012
0.63687986,0.81687987,-0.083120115,-0.6031201,-1.2031201,-2.5131202,-2.59312,-1.1031201,-2.60312,-3.64312,-2.82312,-2.9631202,-3.16312,-2.17312,-4.54312,-4.30312,-2.35312,-0.123120114,0.27687988,0.7468799,1.6368799,1.1168799,1.3368798,0.56687987,3.7468798,3.84688,5.46688,7.52688,5.47688,5.19688,5.24688,5.5868797,4.1268797,4.27688,3.09688,2.38688,1.5368799,-0.25312012,-1.6131201,-1.6231201,-0.68312013
0.31687987,-0.22312012,-0.19312012,0.2568799,-0.34312013,-1.7931201,-3.34312,-2.94312,-0.9431201,-1.7431201,-1.1831201,-2.4831202,-3.7331202,-3.66312,-3.2131202,-4.1431203,-1.9431201,-0.10312012,-1.6031201,-1.4431201,1.1868799,2.58688,2.10688,2.36688,2.2968798,2.4368799,2.7368798,5.75688,7.05688,5.84688,5.09688,4.6068797,3.89688,3.35688,3.2368798,2.83688,2.09688,1.0968798,2.42688,0.63687986,0.50687987
0.45687988,1.2468799,2.09688,1.2568799,-0.06312012,-0.93312013,-1.5531201,-1.8931202,-2.19312,-2.9531202,-0.17312011,-1.3931202,-1.3831201,-1.7531201,-3.86312,-2.5331202,-1.1031201,0.7168799,-0.5731201,-1.8431201,-1.3631201,0.6768799,1.6768799,0.6668799,3.7968798,3.56688,3.65688,3.17688,4.8168797,5.34688,5.11688,4.43688,3.7368798,3.57688,2.7768798,2.15688,1.6368799,1.0268799,1.4468799,1.7968799,0.95687985
1.8768799,2.60688,2.61688,2.11688,1.8468798,0.9168799,-0.23312011,-1.4331201,-2.66312,-2.2331202,-0.9631201,-0.10312012,-0.68312013,-2.40312,-2.35312,-2.9631202,-1.0031201,1.5168799,1.3968799,1.0468799,0.20687988,1.2368798,1.8868799,1.5968798,1.4068799,1.6468799,3.0468798,4.54688,4.79688,5.00688,3.5068798,3.13688,3.08688,2.5368798,2.33688,2.2868798,1.3868799,0.9168799,0.7968799,1.1668799,1.3368798
