wind_kz.json
{"header": {"discipline":0,"disciplineName":"Meteorological products","gribEdition":2,"gribLength":1025,"center":7,"centerName":"US National Weather Service - NCEP(WMC)","subcenter":0,"refTime":"2024-04-07T18:00:00.000Z","significanceOfRT":1,"significanceOfRTName":"Start of forecast","productStatus":0,"productStatusName":"Operational products","productType":1,"productTypeName":"Forecast products","productDefinitionTemplate":0,"productDefinitionTemplateName":"Analysis/forecast at horizontal level/layer at a point in time","parameterCategory":2,"parameterCategoryName":"UnknownDiscipline_0_Category_2","parameterNumber":3,"parameterNumberName":"UnknownParameter_D0_C2_3","parameterUnit":"Unknown","genProcessType":2,"genProcessTypeName":"Forecast","forecastTime":300,"surface1Type":103,"surface1TypeName":"Specified height level above ground","surface1Value":10.0,"surface2Type":255,"surface2TypeName":"Missing","surface2Value":0.0,"gridDefinitionTemplate":0,"gridDefinitionTemplateName":"Latitude_Longitude","numberPoints":615,"shape":6,"shapeName":"Earth spherical with radius of 6,371,229.0 m","gridUnits":"degrees","resolution":48,"winds":"true","scanMode":64,"nx":41,"ny":15,"basicAngle":0,"lo1":47.0,"la1":41.0,"lo2":87.0,"la2":55.0,"dx":1.0,"dy":1.0}, "data":
[rows 0 to 14 of 15, columns 0 to 40 of 41]
2.526609,2.4066088,-2.173391,-7.373391,-5.893391,-1.473391,1.4766089,2.216609,0.5666089,1.2266089,-0.20339112,-0.033391114,-0.2333911,-0.8533911,-1.5033911,-2.0633912,-0.043391112,0.5066089,-0.8533911,-0.16339111,3.1366088,0.5966089,0.9566089,0.5666089,0.37660888,0.25660887,-1.1033912,1.3466089,0.7566089,1.2466089,1.5666089,1.9266089,1.2166089,1.9566089,3.806609,3.046609,2.076609,1.7266089,1.776609,1.9966089,-1.8633912
3.766609,-0.9333911,-4.913391,-5.393391,0.46660888,2.1866088,0.9366089,1.9166089,0.85660887,0.3666089,1.3966088,0.15660888,-0.3933911,-1.3933911,-2.173391,-1.6533911,-0.13339111,0.24660888,0.98660886,2.076609,3.036609,0.6866089,-2.3433912,-0.40339112,1.0366089,0.91660887,2.306609,1.0966089,0.92660886,0.13660888,0.3566089,2.6666088,0.06660888,2.246609,0.6366089,3.796609,2.016609,4.396609,1.0366089,1.6966089,-0.3833911
-1.9933912,-4.7333913,-3.3933911,1.1566089,2.3466089,2.8566089,2.306609,0.9366089,2.496609,2.466609,0.7866089,0.2966089,-0.28339112,-2.0533912,-2.453391,-2.663391,-1.0833911,-1.3133911,0.07660889,3.256609,2.8666089,1.0566089,-2.3033912,-1.7633911,-1.5633911,-2.1533911,-1.3933911,-0.89339113,-0.82339114,-2.473391,-1.2133911,-0.7933911,-2.953391,2.226609,0.2966089,-2.973391,-2.733391,0.54660887,-0.7333911,-0.5033911,-2.5933912
-2.263391,-2.523391,1.2166089,1.5366089,3.576609,3.1866088,3.016609,2.766609,2.776609,2.6266088,1.1566089,-0.22339112,-0.5233911,-2.693391,-2.5633912,-2.463391,-1.8733912,-2.2933912,0.6266089,3.526609,3.1866088,-1.0033911,-0.023391113,-0.70339113,-1.7833911,-1.9233911,-1.1733911,-0.9133911,-2.8333912,-3.0433912,-1.6433911,1.3066089,1.4166089,0.5766089,0.86660886,2.1866088,1.4066089,-0.31339112,-3.263391,-2.5833912,-2.013391
-3.1233912,-2.3933911,1.5466089,1.7866089,1.5166088,2.6466088,1.9966089,1.7666088,1.7466089,1.4766089,2.1266088,1.5866089,-0.89339113,-1.7833911,-3.0733912,-1.4233911,-0.83339113,-0.83339113,-0.3233911,1.0166088,1.2866089,0.61660886,-0.06339111,-0.21339111,-0.37339112,-1.5233911,-3.6233912,-4.5233912,-3.233391,-3.283391,-2.483391,-2.013391,-2.1433911,-0.8433911,0.92660886,1.0866089,1.8066089,1.1566089,0.096608885,0.21660888,1.2966089
-0.70339113,2.496609,2.806609,1.6166089,1.526609,0.49660888,2.056609,0.6866089,1.7366089,2.716609,1.4766089,0.31660888,0.9466089,-1.5733911,-2.5833912,0.056608886,0.6866089,0.9066089,0.6566089,1.2366089,0.4466089,0.0066088866,0.2966089,0.25660887,0.026608886,-0.89339113,-1.2833911,-3.963391,-2.993391,-3.6533911,-4.573391,-5.2533913,-3.473391,-2.8733912,-2.1133912,-1.1233912,-3.1533911,-2.5433912,0.98660886,1.6766089,1.9266089
2.056609,4.886609,3.806609,4.5166087,3.836609,1.8866088,1.6466088,1.9166089,0.10660889,1.8266089,1.9766089,1.1466088,0.24660888,0.3366089,0.06660888,1.3666089,1.7866089,1.8666089,1.3166089,0.7066089,-0.21339111,-1.0833911,-0.19339111,0.3366089,0.4566089,0.1266089,-1.3433911,-2.253391,-3.8933911,-4.243391,-6.083391,-7.5033913,-7.683391,-4.083391,0.3066089,0.7066089,-3.453391,-4.4633913,-2.473391,0.5566089,-2.523391
5.2266088,3.966609,5.096609,4.0366087,2.046609,1.6566089,0.13660888,0.8766089,1.0566089,1.3166089,-1.4133911,-2.173391,0.10660889,-0.4533911,-0.8533911,0.18660888,1.1866089,1.6866089,2.016609,0.8266089,-0.10339111,-0.6133911,-0.9133911,-0.9433911,-1.0333911,-0.49339113,-0.7433911,-1.8433911,-3.423391,-5.973391,-6.893391,-7.113391,-9.823391,-11.033391,-7.993391,-5.723391,-4.013391,-0.3233911,0.7566089,-0.3333911,-0.17339112
4.3266087,5.216609,4.4766088,2.4166088,1.3566089,1.6566089,0.8066089,0.7266089,0.73660886,-0.3033911,1.3566089,-0.113391116,-0.7933911,-0.9833911,-1.6233912,-1.6033912,-0.25339112,0.5266089,0.5066089,0.92660886,1.0766089,-0.51339114,-1.0333911,-1.6333911,-1.8833911,-2.1333911,-2.203391,-2.983391,-4.0033913,-5.073391,-6.993391,-8.313391,-7.863391,-8.993391,-8.703391,-8.303391,-4.843391,-7.123391,-7.113391,-4.133391,-4.033391
4.456609,3.6666088,2.976609,2.6866088,2.3966088,2.246609,0.92660886,-0.14339112,-0.5233911,-0.2333911,-0.033391114,-0.043391112,-0.06339111,-0.7933911,-0.9933911,-1.0633911,-0.9633911,-0.21339111,-0.023391113,0.5066089,0.07660889,-0.6733911,-0.8533911,-1.2933911,-1.7533911,-1.9133911,-2.8533912,-2.713391,-3.733391,-4.403391,-5.493391,-5.663391,-6.393391,-7.383391,-8.5133915,-7.663391,-2.023391,-2.3933911,-3.4033911,-2.9033911,-2.913391
4.346609,3.796609,3.8966088,3.016609,2.7066088,1.9866089,1.2066089,0.8266089,-0.07339111,-0.4433911,-0.7933911,-0.6933911,0.016608886,0.2366089,-0.20339112,-0.3033911,-0.21339111,-0.06339111,0.37660888,0.026608886,-0.15339111,-0.2633911,-1.1633911,-1.5433911,-1.9333911,-2.233391,-2.1333911,-3.193391,-3.0933912,-3.473391,-3.983391,-4.473391,-5.113391,-4.873391,-5.833391,-6.9233913,-4.373391,-2.683391,-3.743391,-1.5433911,-0.15339111
3.506609,4.3266087,3.756609,3.6066089,3.026609,3.066609,2.506609,1.7566088,1.3366089,1.1366088,0.3566089,-0.47339112,-0.5933911,-0.6733911,-0.023391113,0.0066088866,0.24660888,0.4466089,0.5566089,0.07660889,-0.06339111,-0.3933911,-0.7833911,-1.4033911,-1.8533912,-1.9033911,-2.3033912,-2.6533911,-2.8733912,-3.0933912,-3.3033912,-3.6533911,-3.023391,-3.953391,-3.953391,-4.403391,-3.6533911,-1.5933911,-1.8433911,-1.6233912,-0.9133911
3.276609,4.096609,4.006609,3.3566089,3.086609,2.496609,2.566609,3.266609,3.4466088,2.1666088,0.98660886,0.60660887,0.4466089,0.2666089,0.25660887,0.4866089,0.22660889,0.3566089,0.2666089,0.1266089,-0.09339111,-0.8633911,-1.6133912,-2.213391,-1.9533911,-2.423391,-2.283391,-2.3033912,-2.483391,-2.773391,-2.3633912,-2.2933912,-1.6633911,-2.8633912,-4.263391,-4.5233912,-4.153391,-3.1433911,-3.723391,-3.533391,-2.443391
4.606609,4.836609,2.586609,4.176609,3.576609,3.286609,3.0966089,3.276609,2.526609,2.996609,1.5766089,1.4766089,0.10660889,-0.14339112,0.14660889,0.9366089,1.4366089,1.276609,1.1166089,0.6566089,-0.07339111,-0.89339113,-1.8433911,-2.3533912,-2.213391,-1.7833911,-2.1033912,-2.433391,-2.243391,-1.7033911,-1.7433912,-1.3433911,-1.7333912,-3.413391,-3.0433912,-3.683391,-3.1133912,-2.8333912,-2.663391,-2.5733912,-1.973391
4.0766087,5.126609,3.726609,5.0166087,4.706609,3.536609,3.3866088,3.746609,3.276609,2.4466088,0.8966089,1.6766089,1.4266089,1.7466089,0.8466089,0.92660886,1.4166089,1.4166089,0.8466089,-0.043391112,-0.19339111,-1.1933911,-1.7033911,-1.6233912,-1.973391,-1.8733912,-2.0733912,-1.4533911,-0.6833911,0.13660888,1.8366089,0.25660887,-0.9933911,-1.5033911,-1.1833911,-1.6333911,-1.6633911,-1.4533911,-1.7833911,-4.473391,-3.1533911
