wind_kz.json
{"header": {"discipline":0,"disciplineName":"Meteorological products","gribEdition":2,"gribLength":871,"center":7,"centerName":"US National Weather Service - NCEP(WMC)","subcenter":0,"refTime":"2023-09-25T06:00:00.000Z","significanceOfRT":1,"significanceOfRTName":"Start of forecast","productStatus":0,"productStatusName":"Operational products","productType":1,"productTypeName":"Forecast products","productDefinitionTemplate":0,"productDefinitionTemplateName":"Analysis/forecast at horizontal level/layer at a point in time","parameterCategory":0,"parameterCategoryName":"UnknownDiscipline_0_Category_0","parameterNumber":0,"parameterNumberName":"UnknownParameter_D0_C0_0","parameterUnit":"Unknown","genProcessType":2,"genProcessTypeName":"Forecast","forecastTime":240,"surface1Type":1,"surface1TypeName":"Ground or water surface","surface1Value":0.0,"surface2Type":255,"surface2TypeName":"Missing","surface2Value":0.0,"gridDefinitionTemplate":0,"gridDefinitionTemplateName":"Latitude_Longitude","numberPoints":615,"shape":6,"shapeName":"Earth spherical with radius of 6,371,229.0 m","gridUnits":"degrees","resolution":48,"winds":"true","scanMode":64,"nx":41,"ny":15,"basicAngle":0,"lo1":47.0,"la1":41.0,"lo2":87.0,"la2":55.0,"dx":1.0,"dy":1.0}, "data":
[rows 0 to 14 of 15, columns 0 to 40 of 41]
301.98212,290.48212,298.3821,292.98212,292.8821,292.1821,302.3821,308.48212,305.1821,305.6821,303.5821,303.6821,301.3821,302.3821,302.8821,304.6821,305.6821,305.48212,308.48212,308.1821,306.7821,299.8821,299.3821,303.0821,305.5821,313.3821,306.3821,295.1821,291.2821,289.5821,288.2821,284.6821,297.8821,305.7821,307.7821,308.98212,314.7821,310.2821,307.6821,309.2821,313.48212
274.6821,299.6821,292.3821,292.6821,292.5821,291.48212,306.1821,303.0821,302.8821,301.2821,301.48212,301.0821,301.48212,301.8821,303.6821,304.1821,305.48212,306.48212,307.7821,307.48212,306.1821,305.0821,301.6821,284.0821,282.8821,285.2821,297.98212,295.98212,297.48212,288.7821,295.3821,281.7821,291.3821,267.1821,288.6821,301.7821,305.98212,306.0821,308.3821,299.8821,285.0821
300.8821,292.0821,292.6821,291.98212,290.5821,300.6821,301.0821,301.98212,300.5821,297.98212,297.98212,298.98212,300.0821,301.98212,301.1821,303.3821,304.0821,304.5821,304.98212,307.1821,306.1821,305.48212,297.1821,297.7821,299.48212,299.3821,300.6821,301.2821,302.3821,296.1821,279.2821,288.3821,298.6821,297.5821,299.0821,296.6821,292.6821,291.2821,295.0821,289.5821,287.3821
302.6821,291.2821,292.0821,291.3821,293.0821,299.1821,298.2821,300.2821,298.8821,298.1821,298.0821,297.1821,290.1821,289.5821,299.7821,302.98212,301.1821,302.7821,304.5821,306.6821,303.7821,301.0821,304.2821,303.48212,299.3821,298.3821,295.3821,294.48212,300.2821,302.6821,306.48212,304.3821,305.1821,307.7821,308.5821,303.5821,291.8821,274.5821,292.6821,298.7821,301.48212
300.3821,290.6821,290.8821,290.3821,294.48212,299.0821,298.6821,299.3821,296.1821,297.1821,297.6821,297.5821,288.8821,287.98212,286.5821,300.0821,300.48212,299.2821,291.8821,301.3821,301.5821,301.48212,301.8821,301.5821,304.5821,301.0821,295.48212,294.5821,297.6821,303.1821,302.98212,304.48212,293.8821,275.6821,293.2821,303.3821,300.6821,306.8821,298.7821,302.7821,301.7821
299.0821,298.0821,289.48212,290.2821,290.3821,290.0821,299.8821,297.3821,297.6821,296.98212,296.2821,295.7821,289.48212,288.6821,293.3821,297.7821,296.98212,298.48212,295.8821,299.98212,302.0821,301.3821,298.2821,301.8821,301.2821,301.7821,303.6821,286.8821,302.3821,294.7821,302.2821,302.5821,303.5821,306.1821,303.6821,299.0821,299.0821,297.8821,302.8821,301.98212,300.1821
299.2821,299.8821,295.98212,298.48212,296.0821,299.5821,298.48212,296.48212,295.3821,294.2821,295.0821,292.48212,294.2821,294.6821,295.2821,295.5821,296.48212,295.98212,297.48212,296.48212,298.7821,299.8821,299.5821,297.0821,296.3821,299.0821,299.0821,300.1821,301.0821,302.6821,297.5821,302.2821,302.98212,300.98212,300.8821,300.1821,298.0821,295.0821,293.48212,279.2821,295.6821
298.1821,298.2821,297.98212,297.2821,296.0821,295.5821,295.8821,295.7821,294.3821,293.1821,291.3821,290.98212,292.7821,292.2821,294.0821,294.1821,293.7821,293.8821,294.0821,287.98212,296.0821,299.2821,298.2821,292.98212,295.98212,295.0821,295.98212,296.8821,294.2821,296.1821,298.1821,297.98212,300.7821,297.7821,298.7821,298.2821,301.6821,285.8821,299.2821,298.5821,297.8821
294.3821,293.0821,289.1821,296.2821,293.8821,294.1821,294.7821,292.7821,291.2821,290.6821,289.7821,291.48212,290.3821,291.5821,290.98212,291.7821,293.1821,294.6821,288.0821,287.8821,291.8821,292.8821,290.7821,291.0821,288.3821,290.5821,294.2821,294.48212,293.5821,292.98212,292.2821,294.5821,294.0821,298.3821,298.8821,295.6821,296.3821,297.98212,275.0821,274.7821,276.8821
286.98212,286.5821,289.2821,293.3821,293.1821,291.48212,290.8821,290.6821,290.2821,289.98212,290.3821,289.0821,290.48212,290.0821,290.5821,288.7821,291.98212,292.7821,289.7821,289.48212,293.8821,294.6821,294.48212,292.7821,296.3821,296.48212,296.2821,295.5821,294.48212,293.48212,292.3821,294.8821,297.3821,298.3821,298.6821,297.8821,293.0821,290.2821,288.7821,286.6821,281.2821
284.2821,288.1821,289.98212,289.8821,289.98212,289.3821,287.7821,288.98212,288.3821,289.5821,288.6821,289.0821,290.2821,289.48212,289.7821,290.1821,288.98212,284.48212,286.0821,287.1821,291.98212,291.98212,292.1821,294.48212,293.48212,294.8821,292.6821,295.5821,295.2821,289.2821,295.5821,293.1821,297.7821,297.1821,296.8821,293.8821,289.6821,287.7821,288.6821,287.1821,284.1821
285.5821,289.5821,289.7821,289.3821,288.3821,287.7821,287.7821,287.98212,289.3821,289.1821,285.1821,286.2821,287.2821,287.8821,285.1821,288.48212,285.2821,287.0821,282.1821,282.8821,286.1821,287.48212,288.1821,286.6821,291.2821,292.2821,295.0821,296.2821,298.0821,288.6821,290.5821,295.5821,295.8821,295.0821,295.1821,294.98212,294.8821,296.0821,295.1821,294.1821,292.2821
285.48212,287.3821,287.3821,287.48212,287.0821,286.6821,287.3821,287.98212,282.8821,285.48212,280.0821,279.3821,285.7821,285.0821,283.5821,283.98212,284.0821,281.1821,280.2821,280.48212,284.5821,287.1821,288.8821,284.98212,289.6821,291.98212,294.3821,294.3821,293.2821,293.5821,295.48212,295.8821,294.48212,294.6821,296.3821,294.48212,293.5821,292.1821,291.2821,290.8821,289.5821
285.7821,284.98212,285.98212,286.48212,285.8821,285.98212,285.7821,285.5821,281.48212,281.48212,281.1821,280.48212,283.1821,283.98212,279.7821,280.5821,281.48212,277.7821,278.6821,280.7821,284.1821,284.7821,286.1821,286.98212,286.7821,290.2821,290.2821,294.7821,294.0821,293.6821,294.3821,293.48212,292.3821,291.98212,293.8821,293.5821,291.98212,290.98212,290.48212,287.8821,290.2821
284.1821,285.1821,284.98212,286.5821,285.8821,285.6821,285.0821,281.8821,281.7821,285.8821,282.48212,281.0821,275.5821,278.1821,278.8821,278.3821,278.48212,278.6821,277.98212,279.0821,281.5821,282.2821,285.5821,284.7821,284.48212,285.3821,285.8821,285.7821,290.3821,289.98212,291.3821,288.3821,291.2821,291.1821,292.5821,292.0821,291.3821,290.6821,290.5821,289.2821,287.7821
