wind_kz.json
{"header": {"discipline":0,"disciplineName":"Meteorological products","gribEdition":2,"gribLength":871,"center":7,"centerName":"US National Weather Service - NCEP(WMC)","subcenter":0,"refTime":"2023-08-24T00:00:00.000Z","significanceOfRT":1,"significanceOfRTName":"Start of forecast","productStatus":0,"productStatusName":"Operational products","productType":1,"productTypeName":"Forecast products","productDefinitionTemplate":0,"productDefinitionTemplateName":"Analysis/forecast at horizontal level/layer at a point in time","parameterCategory":0,"parameterCategoryName":"UnknownDiscipline_0_Category_0","parameterNumber":0,"parameterNumberName":"UnknownParameter_D0_C0_0","parameterUnit":"Unknown","genProcessType":2,"genProcessTypeName":"Forecast","forecastTime":60,"surface1Type":1,"surface1TypeName":"Ground or water surface","surface1Value":0.0,"surface2Type":255,"surface2TypeName":"Missing","surface2Value":0.0,"gridDefinitionTemplate":0,"gridDefinitionTemplateName":"Latitude_Longitude","numberPoints":615,"shape":6,"shapeName":"Earth spherical with radius of 6,371,229.0 m","gridUnits":"degrees","resolution":48,"winds":"true","scanMode":64,"nx":41,"ny":15,"basicAngle":0,"lo1":47.0,"la1":41.0,"lo2":87.0,"la2":55.0,"dx":1.0,"dy":1.0}, "data":
[rows 0 to 14 of 15, columns 0 to 40 of 41]
299.71124,288.01126,292.31125,300.01126,299.91125,299.21124,308.31125,313.71124,313.21124,313.71124,311.31125,312.41125,300.41125,299.91125,301.51126,300.71124,303.21124,308.61127,313.21124,313.31125,313.61127,309.91125,310.51126,306.61127,309.91125,312.81125,308.01126,292.21124,290.31125,282.41125,278.61127,281.11127,291.51126,305.61127,310.21124,310.01126,309.21124,309.41125,309.11127,308.91125,308.31125
279.31125,294.81125,299.61127,299.81125,300.01126,298.61127,311.81125,310.51126,310.71124,309.71124,313.11127,311.31125,310.31125,306.11127,297.01126,297.51126,297.11127,301.01126,306.91125,312.01126,313.01126,311.61127,308.21124,300.31125,290.21124,291.01126,301.71124,293.41125,296.41125,284.01126,287.91125,278.41125,282.91125,268.31125,286.21124,303.91125,303.21124,305.81125,309.51126,300.51126,285.81125
307.51126,299.21124,300.01126,300.01126,298.61127,308.81125,309.21124,304.01126,306.91125,305.01126,305.01126,305.01126,307.81125,309.31125,307.51126,303.01126,305.41125,300.91125,301.61127,304.41125,307.11127,309.31125,310.31125,304.31125,309.91125,306.91125,307.91125,309.11127,306.91125,295.21124,282.81125,283.91125,287.81125,291.11127,297.11127,297.81125,287.71124,288.91125,291.41125,285.51126,283.91125
304.21124,299.91125,299.91125,299.31125,299.81125,306.01126,307.01126,303.71124,302.71124,304.81125,297.31125,299.11127,296.31125,295.31125,305.01126,297.01126,301.11127,304.71124,307.11127,305.91125,307.81125,307.41125,311.61127,311.31125,311.91125,309.31125,306.21124,309.61127,307.91125,309.21124,309.81125,305.91125,308.71124,309.11127,308.31125,302.21124,288.81125,286.01126,291.81125,303.81125,306.81125
311.01126,299.71124,299.91125,300.11127,303.01126,305.41125,304.21124,298.61127,299.71124,306.21124,299.21124,303.41125,296.01126,295.41125,292.71124,304.41125,298.81125,298.51126,307.41125,307.81125,307.31125,309.61127,312.21124,309.11127,310.91125,310.41125,306.51126,302.41125,306.81125,309.41125,311.61127,308.01126,293.51126,284.61127,295.61127,305.41125,303.61127,310.51126,310.71124,309.31125,309.11127
307.31125,305.81125,298.01126,299.21124,299.91125,299.61127,308.11127,301.31125,305.21124,299.01126,302.11127,298.91125,295.41125,295.01126,300.41125,304.61127,307.31125,302.41125,308.61127,307.21124,306.81125,303.91125,307.31125,308.31125,306.61127,308.81125,308.21124,294.31125,305.11127,307.91125,308.31125,310.01126,307.21124,307.21124,302.51126,298.41125,298.01126,300.51126,307.41125,308.81125,308.01126
308.71124,306.91125,307.41125,307.41125,304.21124,305.91125,298.31125,298.71124,296.91125,303.21124,297.41125,296.01126,300.71124,301.61127,295.11127,303.91125,303.11127,306.31125,305.91125,307.11127,303.81125,304.71124,304.91125,302.91125,304.41125,306.81125,306.71124,307.71124,307.51126,305.81125,305.81125,306.81125,308.51126,309.91125,307.61127,304.81125,299.21124,295.11127,294.11127,291.61127,302.71124
307.11127,306.61127,305.81125,305.01126,305.61127,305.61127,303.91125,296.41125,294.21124,302.81125,299.01126,294.01126,296.91125,299.21124,299.31125,302.91125,305.91125,307.31125,296.91125,302.31125,301.11127,303.91125,304.01126,304.91125,303.31125,301.51126,301.91125,302.41125,303.11127,305.21124,305.41125,305.91125,304.71124,301.71124,302.31125,303.61127,301.91125,290.11127,301.71124,302.51126,300.21124
305.81125,305.01126,304.21124,303.41125,303.81125,304.11127,303.21124,295.91125,301.61127,299.11127,294.61127,299.91125,291.51126,296.51126,295.51126,296.91125,303.71124,302.11127,302.91125,300.51126,295.21124,296.91125,299.31125,301.61127,301.11127,302.71124,300.11127,297.51126,296.91125,297.31125,299.11127,297.21124,297.41125,300.01126,299.41125,297.71124,300.21124,300.11127,287.81125,288.01126,287.31125
303.71124,301.81125,302.61127,302.41125,301.81125,301.71124,301.61127,300.41125,299.21124,299.41125,295.01126,292.01126,295.41125,293.21124,295.71124,299.31125,299.41125,298.01126,298.41125,296.11127,293.11127,295.91125,299.41125,300.71124,300.11127,298.71124,299.91125,299.01126,297.21124,298.41125,295.81125,298.81125,300.91125,300.61127,299.51126,297.21124,294.41125,293.51126,290.31125,288.51126,283.21124
299.91125,298.71124,299.61127,295.01126,292.61127,291.71124,292.31125,296.31125,297.61127,298.01126,296.81125,291.11127,292.11127,290.51126,292.21124,298.11127,298.01126,297.71124,292.71124,295.21124,291.51126,293.01126,292.71124,291.31125,300.11127,298.31125,298.11127,299.41125,299.81125,300.21124,301.21124,300.31125,299.21124,297.61127,296.31125,294.61127,289.01126,286.91125,287.21124,289.21124,289.31125
295.51126,296.31125,297.31125,293.61127,295.61127,290.91125,289.91125,289.81125,291.41125,290.81125,291.41125,292.21124,295.71124,291.71124,291.31125,290.41125,289.31125,295.51126,292.41125,291.11127,289.01126,289.91125,293.51126,293.51126,292.41125,293.51126,299.31125,299.01126,300.01126,299.21124,299.31125,299.11127,298.11127,295.01126,294.71124,294.51126,293.51126,293.31125,289.71124,290.51126,289.51126
293.41125,296.01126,296.91125,292.11127,290.51126,289.81125,290.51126,289.11127,290.21124,290.11127,285.81125,285.21124,290.41125,287.11127,288.41125,291.61127,292.41125,293.51126,291.71124,288.31125,291.51126,285.81125,288.51126,284.91125,289.31125,294.01126,299.91125,298.81125,299.31125,298.11127,297.81125,296.81125,295.61127,296.01126,295.21124,292.91125,293.01126,293.51126,292.51126,292.11127,290.81125
291.71124,289.31125,292.41125,290.11127,291.61127,293.11127,288.71124,290.91125,291.81125,288.71124,286.11127,285.21124,287.61127,288.81125,289.11127,288.11127,287.91125,289.51126,291.81125,289.51126,289.01126,289.61127,290.61127,285.61127,285.91125,290.11127,293.11127,290.71124,297.41125,297.91125,295.71124,295.11127,293.51126,293.41125,293.01126,292.11127,291.41125,291.51126,290.81125,289.41125,290.71124
287.71124,293.01126,291.21124,291.41125,289.41125,289.71124,288.51126,289.21124,289.31125,288.91125,287.01126,284.71124,284.71124,286.41125,287.11127,289.51126,290.71124,288.61127,288.51126,287.71124,289.81125,289.31125,289.81125,289.01126,289.01126,284.71124,285.21124,291.01126,291.21124,295.51126,291.61127,290.91125,293.21124,291.91125,291.71124,290.91125,291.71124,291.11127,290.71124,290.61127,289.61127
