wind_kz.json
{"header": {"discipline":0,"disciplineName":"Meteorological products","gribEdition":2,"gribLength":948,"center":7,"centerName":"US National Weather Service - NCEP(WMC)","subcenter":0,"refTime":"2023-09-22T00:00:00.000Z","significanceOfRT":1,"significanceOfRTName":"Start of forecast","productStatus":0,"productStatusName":"Operational products","productType":1,"productTypeName":"Forecast products","productDefinitionTemplate":0,"productDefinitionTemplateName":"Analysis/forecast at horizontal level/layer at a point in time","parameterCategory":2,"parameterCategoryName":"UnknownDiscipline_0_Category_2","parameterNumber":3,"parameterNumberName":"UnknownParameter_D0_C2_3","parameterUnit":"Unknown","genProcessType":2,"genProcessTypeName":"Forecast","forecastTime":0,"surface1Type":103,"surface1TypeName":"Specified height level above ground","surface1Value":10.0,"surface2Type":255,"surface2TypeName":"Missing","surface2Value":0.0,"gridDefinitionTemplate":0,"gridDefinitionTemplateName":"Latitude_Longitude","numberPoints":615,"shape":6,"shapeName":"Earth spherical with radius of 6,371,229.0 m","gridUnits":"degrees","resolution":48,"winds":"true","scanMode":64,"nx":41,"ny":15,"basicAngle":0,"lo1":47.0,"la1":41.0,"lo2":87.0,"la2":55.0,"dx":1.0,"dy":1.0}, "data":
[rows 0 to 14 of 15, columns 0 to 40 of 41]
1.2983792,-0.3416208,1.0383792,0.5283792,3.0283792,1.6983792,0.7183792,0.12837921,-1.0716208,-1.1416208,-2.0416207,-0.51162076,-1.6616207,-1.3716208,-1.8516208,-3.3116207,-2.6916208,-3.0216208,-3.5116208,-2.4116209,-2.3116207,-2.4216208,-2.1616209,-0.07162079,-0.8616208,1.7683792,-1.0016208,1.8983792,0.13837922,0.06837921,1.0683792,0.9383792,-0.8016208,-2.8216207,-2.4316208,-0.20162079,-0.14162078,-0.20162079,0.7883792,-3.9216208,2.3383791
2.4883792,0.19837922,3.7283792,1.5883793,3.2183793,2.6783793,-0.011620789,0.44837922,-0.6416208,-1.6616207,0.3983792,-2.2316208,-3.121621,-1.1616207,-3.611621,-3.0616207,-1.0416207,-1.9616208,-3.5716207,-3.1716208,-3.3916209,-2.4616208,-1.7716208,1.5083792,-0.9616208,0.6883792,-3.6416209,0.9483792,0.80837923,2.2483792,2.6083791,0.24837922,0.7683792,-1.2716208,-2.4116209,-0.08162079,-1.1416208,-2.0316207,0.25837922,-1.9116207,-0.4816208
2.128379,3.9483793,0.8183792,-0.2116208,2.138379,1.3083792,0.03837921,0.2683792,-1.1016208,-0.9716208,-1.4016207,-1.1916208,-1.8716208,-2.0316207,-1.9516208,-2.2016208,-2.7216208,-3.8916209,-3.5116208,-2.4116209,-3.4616208,-2.9116209,-0.46162078,-0.75162077,1.4583793,0.008379212,0.7983792,0.05837921,-0.40162078,0.7283792,0.5683792,-0.37162077,0.35837922,-0.43162078,-0.12162079,1.4483792,2.2083793,0.67837924,0.2983792,-1.0316207,-0.041620787
0.9583792,1.0383792,-0.08162079,-0.2616208,-0.4816208,-0.27162078,0.08837921,0.5683792,0.6483792,0.37837923,0.008379212,-1.4416208,-2.4416208,-2.4816208,-1.6316208,-3.0316207,-4.071621,-4.511621,-3.3416207,-3.8516207,-2.371621,-1.7416208,-1.1416208,-2.1916208,-0.7716208,-0.7116208,-1.1516207,-2.0616207,1.1683792,-0.061620787,-1.4216208,-2.4016209,-0.4716208,-1.0516208,-1.1516207,-2.7416208,-1.1716208,3.138379,1.5283792,-0.20162079,1.2183793
0.20837921,0.24837922,-0.43162078,-0.18162079,-0.05162079,0.03837921,0.9083792,0.9583792,-0.4116208,0.8883792,1.5583792,0.7883792,-1.6116208,-2.5116208,-3.3416207,-3.6016207,-4.241621,-4.1216207,-3.6816208,-3.5716207,-3.2216208,-1.0916208,-2.6616209,-1.0716208,0.38837922,-3.8316207,-1.2816207,-2.3916209,-1.8616208,-2.9516208,-2.871621,0.5683792,0.6883792,0.99837923,-0.75162077,-0.43162078,-1.4916208,-4.3716207,-1.6916208,-2.5716207,-0.69162077
-0.9216208,-1.0316207,-1.4516208,-0.6116208,-1.2416208,-0.94162077,0.23837921,0.34837922,0.20837921,1.7283792,1.4083792,0.74837923,-2.1516209,-3.2616208,-3.5516207,-3.4916208,-3.7716208,-3.5916207,-4.491621,-3.0016208,-3.2816207,-1.9216208,-2.361621,-0.6816208,-1.0716208,-0.46162078,-1.4616208,-1.0616208,-2.8316207,-2.9216208,-2.5316207,-2.6016207,-2.0516207,-0.63162076,1.7783792,0.2683792,1.1883792,1.1883792,-1.4316208,-4.921621,-2.881621
0.6583792,-0.101620786,-1.9616208,-1.3116208,-2.0016208,-1.0616208,0.8983792,1.2683792,0.7783792,1.2283792,1.0283792,-0.09162079,-1.7816207,-2.7316208,-3.3116207,-3.4716208,-3.4916208,-3.6716208,-3.4816208,-2.7416208,-2.881621,-3.5016208,-3.2616208,-2.9916208,-2.111621,-0.2916208,-2.4016209,-2.9716208,-1.7516208,-2.2416208,-2.8016207,-2.7016208,-2.6916208,-2.7916207,-2.1616209,-0.22162078,-0.8916208,-0.061620787,-0.6416208,0.7283792,-2.3516207
0.8883792,-0.1616208,-1.3116208,-1.6616207,-1.7816207,-1.0316207,-0.4716208,0.6083792,0.67837924,0.34837922,1.1083792,0.5383792,-1.8416208,-2.4216208,-3.1516209,-3.7516208,-3.5916207,-3.1916208,-3.1916208,-2.6416209,-2.0316207,-3.0016208,-3.3316207,-2.8116207,-2.0916207,-1.0216208,-1.6616207,-2.4016209,-2.0916207,-2.5416207,-3.0616207,-2.9916208,-2.4316208,-1.7316208,0.3283792,0.7783792,1.2583792,0.74837923,1.4183792,0.4883792,-0.63162076
0.99837923,0.47837922,-0.3216208,-0.7416208,-1.2316208,-1.4716208,0.35837922,1.0783792,0.99837923,0.74837923,0.16837922,-0.5216208,-0.9716208,-1.4116207,-2.3516207,-2.5816207,-2.8016207,-3.0716207,-3.1816208,-2.1516209,-2.1816208,-2.2316208,-1.9216208,-2.121621,-2.4716208,-2.0616207,-0.8516208,-1.7016208,-1.2516208,-2.0416207,-3.2616208,-2.5616207,-2.1716208,-1.6816208,-1.4716208,-1.1316208,0.9383792,1.7183793,1.1783792,0.55837923,0.5683792
1.8283792,1.6883792,1.0083792,0.2783792,-0.061620787,-0.4216208,-0.63162076,-0.37162077,0.25837922,-0.43162078,-0.1316208,-0.09162079,-0.15162079,-0.8316208,-0.69162077,-1.0116208,-1.2716208,-1.5516208,-2.2116208,-3.0616207,-2.3016207,-2.0116208,-2.5616207,-2.0416207,-1.4616208,-1.1416208,-0.3116208,-0.75162077,-1.1016208,-2.5116208,-1.5816208,-0.4516208,-2.2816207,-0.5816208,-0.8716208,-1.6816208,-0.101620786,-0.19162078,0.3683792,0.8483792,-0.9716208
1.8283792,1.3783792,-0.021620788,-0.1316208,-0.1616208,-0.2416208,-0.9716208,-1.1916208,-0.3216208,-0.7116208,-0.4116208,0.2683792,-1.2316208,-0.75162077,-0.3116208,0.6083792,0.24837922,0.2783792,0.018379211,-0.4416208,-0.6716208,-1.4216208,-1.9716208,-2.0916207,-2.121621,-1.4016207,0.38837922,0.6583792,-1.3216208,-1.9116207,-1.7816207,-2.1616209,-1.7416208,-1.0516208,-0.19162078,0.16837922,0.3283792,1.0383792,0.9683792,0.6283792,0.05837921
0.8883792,1.1583792,1.2183793,1.1683792,0.5183792,0.80837923,0.6283792,0.5883792,0.4683792,0.4683792,0.47837922,-0.5216208,-0.82162076,0.008379212,-0.17162079,0.5183792,1.7383792,1.4583793,1.6183792,1.2883792,1.0583792,0.108379215,-0.021620788,-0.03162079,0.09837921,-0.17162079,0.3083792,-0.39162078,-0.4516208,-1.4716208,-2.0916207,-2.5216208,-1.9816208,-1.6316208,0.1483792,1.6283792,1.4683793,2.1483793,1.2183793,2.1583793,0.4583792
1.2183793,0.7783792,0.23837921,0.6983792,0.8483792,0.5383792,0.86837924,1.6083792,0.8883792,1.9083792,0.99837923,-0.05162079,0.8783792,-0.5416208,-0.40162078,-0.011620789,1.1383792,1.7783792,2.3383791,2.2383792,2.9183793,2.868379,2.4683793,2.2283792,1.7683792,1.6183792,1.4383792,0.7683792,0.6283792,0.20837921,-0.20162079,-0.7216208,-1.6716208,-1.2616208,0.15837921,-0.7016208,-0.6216208,1.4383792,2.3583791,1.8383793,1.1283792
2.0183792,1.6083792,0.37837923,0.24837922,-0.061620787,0.4283792,1.2183793,1.5183792,1.8783792,3.1783793,2.388379,0.61837924,0.12837921,0.61837924,0.5683792,1.1483792,1.5283792,1.9483792,2.4783792,2.388379,2.9083793,3.4883792,3.0783792,2.9783792,3.128379,2.8283792,2.2483792,1.9683793,1.9683793,1.9183792,1.6483792,1.0783792,0.61837924,0.2983792,-0.8016208,-1.8416208,-0.37162077,-0.021620788,1.8283792,1.5083792,1.7383792
1.2683792,1.2683792,0.44837922,1.2683792,1.2783792,1.4983792,0.8383792,0.73837924,1.0483792,1.1383792,2.2783792,2.628379,1.7083793,0.03837921,1.1283792,1.3083792,1.7483792,2.1483793,2.6483793,2.3383791,2.2983792,2.6483793,2.868379,3.2183793,3.0683792,3.3283792,3.5283792,3.4483793,3.4083793,3.0583792,2.7983792,3.2183793,2.3983793,1.9383792,1.9583793,1.2783792,0.5283792,1.2883792,0.5783792,1.4983792,0.7583792
