wind.json
{"header": {"discipline":0,"disciplineName":"Meteorological products","gribEdition":2,"gribLength":1125,"center":7,"centerName":"US National Weather Service - NCEP(WMC)","subcenter":0,"refTime":"2023-05-29T18:00:00.000Z","significanceOfRT":1,"significanceOfRTName":"Start of forecast","productStatus":0,"productStatusName":"Operational products","productType":1,"productTypeName":"Forecast products","productDefinitionTemplate":0,"productDefinitionTemplateName":"Analysis/forecast at horizontal level/layer at a point in time","parameterCategory":2,"parameterCategoryName":"UnknownDiscipline_0_Category_2","parameterNumber":3,"parameterNumberName":"UnknownParameter_D0_C2_3","parameterUnit":"Unknown","genProcessType":2,"genProcessTypeName":"Forecast","forecastTime":300,"surface1Type":103,"surface1TypeName":"Specified height level above ground","surface1Value":10.0,"surface2Type":255,"surface2TypeName":"Missing","surface2Value":0.0,"gridDefinitionTemplate":0,"gridDefinitionTemplateName":"Latitude_Longitude","numberPoints":688,"shape":6,"shapeName":"Earth spherical with radius of 6,371,229.0 m","gridUnits":"degrees","resolution":48,"winds":"true","scanMode":64,"nx":43,"ny":16,"basicAngle":0,"lo1":45.0,"la1":40.0,"lo2":87.0,"la2":55.0,"dx":1.0,"dy":1.0}, "data":
[rows 0 to 15 of 16, columns 0 to 42 of 43]
3.331673,2.241673,-1.758327,-0.11832703,-0.96832705,-0.678327,-1.758327,-0.818327,1.491673,1.081673,-0.60832703,0.16167298,-0.58832705,-2.348327,-3.828327,-3.508327,3.6316729,1.831673,-1.0683271,-5.078327,-1.978327,-1.868327,-3.038327,-3.668327,-3.178327,-3.258327,-4.238327,-4.288327,-2.498327,-0.018327026,-1.908327,0.49167296,0.19167298,0.13167298,-0.17832702,-2.778327,-1.648327,-1.3083271,0.011672974,-3.268327,-0.758327,-1.3083271,-1.878327
-1.6983271,-3.338327,1.0716729,2.301673,-1.538327,-2.198327,-2.508327,-2.268327,-1.018327,0.051672973,-0.038327027,-0.758327,-0.42832702,-1.708327,-3.3783271,-3.528327,3.011673,4.131673,1.9316729,0.26167297,-1.798327,-3.018327,-3.838327,-2.098327,1.1716729,0.29167297,1.991673,-0.098327026,-1.998327,-0.748327,-1.998327,-2.938327,-1.238327,-0.78832704,-1.498327,0.0016729736,-1.368327,-2.068327,1.6716729,-0.83832705,-0.878327,1.841673,0.561673
-0.53832704,2.301673,4.491673,-1.608327,-5.568327,-1.8083271,-0.84832704,0.36167297,0.111672975,0.89167297,0.10167298,-1.608327,-1.918327,0.48167297,-1.288327,0.64167297,2.501673,3.351673,2.581673,1.141673,1.281673,-1.788327,-3.898327,-5.538327,-4.358327,1.841673,2.401673,2.711673,3.251673,-0.808327,-0.38832703,-0.10832702,-3.398327,-2.968327,0.701673,1.0616729,-3.258327,3.811673,2.151673,-2.738327,-2.048327,-1.8283271,0.561673
0.20167297,-0.028327025,-2.798327,-6.698327,-3.208327,-3.1283271,-3.008327,2.211673,2.971673,0.43167296,0.071672976,-1.358327,-1.1783271,-0.12832703,0.13167298,0.861673,3.751673,3.061673,5.791673,2.061673,0.0016729736,-1.248327,-1.478327,-3.318327,-5.888327,-3.198327,-2.958327,-1.888327,-0.948327,-3.258327,2.341673,1.261673,-3.3683271,1.331673,0.46167296,0.45167297,1.011673,-1.488327,-2.488327,-0.068327025,-1.208327,0.801673,0.97167295
-0.91832703,-1.538327,2.191673,-1.908327,-3.6283271,-5.258327,-3.448327,-3.058327,-3.3883271,0.28167298,0.89167297,0.43167296,-1.3183271,-0.97832704,-1.998327,2.681673,4.951673,3.3716729,3.521673,1.501673,0.22167297,-1.998327,-3.948327,-5.568327,-3.828327,-1.548327,-1.588327,-1.8283271,-1.638327,-0.698327,-2.848327,-2.978327,2.571673,2.3716729,1.371673,0.061672974,1.131673,1.631673,2.801673,2.041673,-0.738327,-4.558327,-2.298327
-2.028327,-3.828327,-2.178327,-4.888327,-6.188327,-6.458327,-6.388327,-4.718327,-1.958327,0.501673,0.061672974,0.52167296,-1.088327,-0.66832703,2.091673,2.501673,1.601673,3.501673,3.471673,0.761673,-0.15832703,-1.048327,-2.748327,-3.918327,-4.388327,-3.1383271,-2.148327,0.33167297,1.221673,-1.168327,-0.70832705,0.22167297,0.501673,-1.168327,1.5516729,-1.8283271,0.96167296,0.861673,2.481673,1.651673,0.871673,-1.8283271,-0.33832702
-2.948327,-3.468327,-4.328327,-4.7483273,-6.018327,-7.7483273,-7.578327,-6.668327,-4.538327,-0.34832704,3.061673,3.411673,3.041673,3.181673,-1.6983271,-3.708327,0.25167298,1.9416729,-0.408327,1.771673,-0.34832704,-0.47832704,-1.028327,-3.218327,-4.518327,-4.898327,-3.448327,-2.918327,-2.548327,1.211673,-3.308327,-1.148327,0.13167298,0.78167295,0.52167296,-1.358327,-2.768327,-1.358327,-3.938327,-5.328327,-3.248327,3.351673,3.401673
-4.268327,-5.408327,-6.558327,-6.728327,-7.368327,-7.988327,-8.488327,-7.018327,-5.188327,-2.058327,0.26167297,2.301673,2.521673,0.811673,-0.618327,-2.448327,-2.168327,-2.658327,-1.378327,-2.418327,-3.6283271,-3.168327,-2.548327,-2.988327,-3.6383271,-4.768327,-4.468327,-2.458327,-2.958327,-4.508327,-3.468327,1.611673,2.211673,2.501673,3.441673,1.711673,2.391673,-0.10832702,2.1216729,1.271673,-2.058327,-0.678327,0.881673
-5.328327,-5.628327,-6.008327,-7.418327,-8.568327,-9.198327,-8.688327,-7.678327,-5.088327,-2.488327,-1.3083271,-0.28832704,-0.408327,-1.228327,-2.298327,-2.658327,-4.4983273,-3.988327,-6.188327,-4.278327,-4.798327,-5.558327,-3.028327,-4.028327,-4.148327,-3.978327,-3.198327,-2.728327,-3.028327,-4.138327,-3.6383271,-2.938327,-0.30832702,2.461673,4.211673,3.8816729,2.681673,1.371673,2.141673,-1.118327,-0.85832703,-2.838327,-0.21832703
-5.938327,-5.888327,-6.198327,-7.108327,-7.538327,-7.888327,-7.778327,-7.828327,-6.758327,-4.698327,-3.918327,-3.198327,-3.1383271,-3.068327,-2.848327,-2.338327,-2.198327,-2.348327,-4.408327,-4.728327,-4.988327,-4.188327,-3.3783271,-3.948327,-5.768327,-6.168327,-3.578327,-1.748327,-2.798327,-2.828327,-2.3883271,-3.188327,-4.188327,-4.428327,-0.42832702,2.3616729,3.411673,3.201673,3.641673,0.44167298,-1.758327,0.20167297,2.891673
-5.268327,-5.518327,-6.138327,-6.578327,-6.708327,-7.328327,-6.9983273,-6.458327,-5.178327,-4.188327,-2.898327,-1.218327,-1.6783271,-2.038327,-2.938327,-3.978327,-3.6183271,-4.158327,-4.008327,-4.768327,-4.438327,-3.8883271,-3.848327,-4.578327,-4.918327,-4.7483273,-5.668327,-4.128327,-3.588327,-1.958327,-2.038327,-2.948327,-5.338327,-8.748327,-8.928327,-4.9983273,-1.3283271,1.971673,3.221673,2.831673,2.821673,1.611673,2.551673
-4.428327,-5.738327,-5.908327,-6.078327,-6.098327,-5.988327,-6.338327,-6.078327,-5.918327,-4.628327,-3.458327,-2.698327,-1.838327,-2.018327,-2.678327,-2.948327,-3.808327,-4.358327,-4.688327,-4.468327,-4.588327,-4.398327,-4.688327,-3.828327,-3.708327,-3.098327,-1.668327,-2.1383271,-2.658327,-2.918327,-2.6283271,-1.968327,-3.078327,-4.048327,-6.118327,-8.658327,-8.478327,-1.508327,0.36167297,1.511673,6.141673,3.231673,1.611673
-5.388327,-4.908327,-5.168327,-6.378327,-5.668327,-5.388327,-4.668327,-4.7483273,-5.108327,-4.348327,-4.168327,-2.528327,-1.338327,-2.238327,-2.918327,-3.778327,-4.128327,-4.988327,-5.788327,-5.658327,-4.828327,-4.558327,-4.528327,-4.238327,-4.2483273,-4.028327,-3.6183271,-3.598327,-0.96832705,-1.208327,-1.9383271,-2.108327,-1.898327,-1.798327,-1.658327,-0.96832705,-3.218327,-4.238327,-3.148327,-0.48832703,-0.098327026,-5.448327,2.101673
-4.458327,-5.138327,-4.728327,-6.328327,-6.788327,-5.478327,-5.118327,-3.998327,-4.828327,-5.148327,-5.688327,-5.038327,-2.1283271,-1.1983271,-2.708327,-4.408327,-5.588327,-5.968327,-5.758327,-5.658327,-5.9983273,-5.188327,-4.918327,-4.208327,-4.208327,-4.228327,-4.4983273,-4.858327,-4.618327,-3.918327,-3.038327,-1.398327,1.021673,0.54167295,-1.0783271,1.091673,-1.378327,-0.97832704,-3.058327,-3.468327,-3.048327,2.201673,0.20167297
-3.6183271,-4.188327,-4.928327,-5.358327,-5.068327,-5.278327,-5.418327,-5.588327,-5.4983273,-5.008327,-5.208327,-5.858327,-3.748327,-3.178327,-4.068327,-4.658327,-5.698327,-5.728327,-5.178327,-4.798327,-4.988327,-4.928327,-4.608327,-4.618327,-4.948327,-5.658327,-4.118327,-3.508327,-4.148327,-5.568327,-5.518327,-4.558327,-5.318327,-2.208327,-2.998327,0.54167295,-0.068327025,0.761673,-1.238327,-2.828327,-2.568327,-1.708327,2.821673
-3.608327,-3.948327,-3.1283271,-4.308327,-4.038327,-3.988327,-5.068327,-4.988327,-4.688327,-4.078327,-4.888327,-5.298327,-3.438327,-3.558327,-3.538327,-3.798327,-5.478327,-5.868327,-5.028327,-3.968327,-4.148327,-3.8783271,-4.218327,-4.608327,-4.578327,-4.418327,-3.8683271,-3.258327,-2.1183271,-2.058327,-2.448327,-3.568327,-5.568327,-4.638327,-4.088327,-3.558327,-1.548327,1.611673,3.311673,2.6116729,0.77167296,-3.398327,-1.548327
