wind_kz.json
{"header": {"discipline":0,"disciplineName":"Meteorological products","gribEdition":2,"gribLength":1025,"center":7,"centerName":"US National Weather Service - NCEP(WMC)","subcenter":0,"refTime":"2023-09-08T06:00:00.000Z","significanceOfRT":1,"significanceOfRTName":"Start of forecast","productStatus":0,"productStatusName":"Operational products","productType":1,"productTypeName":"Forecast products","productDefinitionTemplate":0,"productDefinitionTemplateName":"Analysis/forecast at horizontal level/layer at a point in time","parameterCategory":2,"parameterCategoryName":"UnknownDiscipline_0_Category_2","parameterNumber":3,"parameterNumberName":"UnknownParameter_D0_C2_3","parameterUnit":"Unknown","genProcessType":2,"genProcessTypeName":"Forecast","forecastTime":180,"surface1Type":103,"surface1TypeName":"Specified height level above ground","surface1Value":10.0,"surface2Type":255,"surface2TypeName":"Missing","surface2Value":0.0,"gridDefinitionTemplate":0,"gridDefinitionTemplateName":"Latitude_Longitude","numberPoints":615,"shape":6,"shapeName":"Earth spherical with radius of 6,371,229.0 m","gridUnits":"degrees","resolution":48,"winds":"true","scanMode":64,"nx":41,"ny":15,"basicAngle":0,"lo1":47.0,"la1":41.0,"lo2":87.0,"la2":55.0,"dx":1.0,"dy":1.0}, "data":
[rows 0 to 14 of 15, columns 0 to 40 of 41]
-0.3248828,-0.5948828,-0.7448828,-10.0748825,-10.404882,-9.284883,-6.714883,1.0651172,3.595117,1.8551172,-0.15488282,-1.4148828,-2.5548828,-4.194883,-4.7248826,-5.044883,-6.784883,-6.9748826,-8.134883,-5.574883,-5.174883,-5.194883,-3.0948827,0.2951172,-1.4848828,0.41511717,-0.20488282,2.1451173,1.2551172,-1.3948828,-0.7048828,0.09511719,-0.9048828,-2.0648828,-1.9648829,-2.0948827,-1.7548828,-2.3748827,0.25511718,0.76511717,3.1751173
0.7851172,0.4851172,-3.6048827,-7.574883,-9.484882,-9.024883,-8.314883,-2.5948827,-0.66488284,-2.0348828,-2.664883,-4.524883,-3.8748827,-3.674883,-4.8148828,-4.9548826,-4.1648827,-6.264883,-7.634883,-6.3348827,-4.1848826,-5.444883,-2.9748828,1.7551172,0.5651172,1.4851172,-1.9348828,2.345117,0.075117186,2.595117,1.8251172,2.335117,0.7551172,0.6651172,1.6151172,-4.294883,-3.0348828,-5.6648827,-3.144883,-3.3348827,0.95511717
1.1851172,-0.7748828,-1.6648828,-5.094883,-7.6048827,-3.5148828,-6.2248826,-3.5548828,-1.4548829,-2.424883,-3.404883,-3.9748828,-5.424883,-3.2448828,-3.6148827,-4.254883,-3.7048829,-4.694883,-5.8948827,-6.254883,-4.5648828,-4.254883,-6.884883,-2.0048828,-0.8148828,-1.2848828,-0.4448828,-0.8948828,-0.8648828,0.12511718,2.2951171,0.31511718,0.6951172,-0.7748828,-1.4748828,1.7151172,2.4051173,-0.2848828,-0.72488284,0.115117185,1.4851172
0.06511719,-1.9748828,-0.8248828,-2.3548827,-3.664883,-1.9548829,-0.3848828,-2.4648829,-2.8648827,2.0551171,-1.2048829,-3.634883,-3.7648828,-5.1848826,-2.2048829,-3.414883,-4.074883,-4.3548827,-4.8748827,-5.0848827,-6.9348826,-4.4148827,-1.2548828,-4.234883,-4.4948826,-0.5648828,-1.7748828,-3.5748827,-3.0548828,-3.134883,-4.804883,-3.4848828,-1.8548828,1.3551172,1.0351171,-0.91488284,0.6351172,4.3551173,0.2751172,-0.3948828,-0.27488282
0.7851172,-0.08488281,-1.1448828,0.7451172,1.2151172,0.2651172,-0.9548828,-1.0548828,0.64511716,0.4651172,0.6651172,1.1951172,-2.144883,-5.794883,-2.6148827,-1.7648828,-3.0248828,-4.304883,-3.7648828,-3.644883,-3.884883,-4.824883,-5.4548826,-5.0848827,-4.864883,-2.9448829,-1.9548829,-3.644883,-3.4948828,-3.4448829,-3.8648827,-1.0748829,2.1751173,3.9651172,-1.1148828,-0.8248828,-1.4748828,-0.8848828,-1.1848828,-0.2948828,0.10511719
2.2851171,1.7051172,1.2251172,2.325117,2.5651171,3.5351171,2.6751173,1.5051172,-3.144883,-2.9748828,0.21511719,1.9051172,0.8051172,-1.3148828,-0.91488284,-2.424883,-2.914883,-4.9748826,-3.4348829,-2.2348828,-3.5948827,-2.9748828,-3.2848828,-4.304883,-3.3648827,-2.6848829,-2.6948829,-4.034883,-2.7348828,-2.884883,-2.9348829,-5.3948827,-1.8148828,2.0051172,2.2851171,1.8351172,1.5951172,0.58511716,-1.9848828,0.9351172,1.5951172
-0.2548828,1.4551172,-2.634883,0.7851172,4.035117,3.1951172,4.6251173,3.8851173,2.1251173,-0.2648828,-0.8648828,-1.5148828,0.37511718,1.1551172,-0.9948828,-2.8148828,-3.2848828,-3.3448827,-4.044883,-1.6848828,-2.8248827,-2.664883,-3.5648828,-3.7048829,-3.894883,-3.5348828,-4.4948826,-4.634883,-3.154883,-4.464883,-3.914883,-2.0748827,-5.304883,-3.424883,-1.0648828,0.5051172,0.22511719,-1.6648828,-0.14488281,-1.0648828,-0.79488283
-0.5848828,-1.3748828,-2.2248828,-0.5248828,0.83511716,0.6651172,1.0551171,2.115117,3.1851172,4.975117,7.235117,1.7251172,0.08511719,0.6351172,-0.054882813,-1.3248829,-1.3548828,-3.4948828,-3.7848828,-3.5648828,-2.6248827,-2.9448829,-4.1448827,-2.5148828,-2.9848828,-3.2048829,-3.7948828,-3.654883,-2.894883,-2.9448829,-3.384883,-4.1048827,-4.004883,-3.2748828,-2.0448828,-0.4148828,-2.1248827,-2.414883,0.08511719,1.1951172,-0.8348828
-0.8248828,-3.164883,-2.8748827,-0.20488282,3.1451173,2.5051172,-0.4848828,8.295117,0.8751172,-2.3548827,2.615117,2.085117,1.3151172,2.4051173,0.9951172,-1.8448828,-1.1148828,-1.4448829,-2.5048828,-2.7448828,-2.6148827,-2.3248827,-3.1948829,-2.2848828,-2.9448829,-2.9348829,-2.0648828,-1.7548828,-1.9748828,-2.394883,-3.2648828,-2.8048828,-2.0648828,-3.6848829,-1.4948828,-0.4248828,-3.2248828,-0.91488284,-0.18488282,-1.3148828,-0.2648828
0.9251172,-0.6848828,-2.134883,-1.0648828,-2.7048829,-0.9948828,2.3751173,-0.5848828,0.5051172,-0.8648828,3.0251172,1.1451172,2.7851171,3.075117,1.3251172,-1.2748828,-0.7148828,-2.2348828,-2.2948828,-2.4848828,-2.4548829,-1.1448828,-2.0748827,-2.4748828,-2.6048827,-2.4348829,-2.4348829,-2.3448827,-1.9648829,-2.4948828,-0.98488283,-0.8448828,-2.404883,-1.4048828,-0.97488284,-0.6848828,0.115117185,-2.1948829,-0.72488284,1.2951171,-0.064882815
-0.5748828,0.2751172,0.2651172,-0.98488283,-0.4148828,-0.13488281,0.18511719,1.4451172,0.37511718,0.1451172,1.9751172,1.2751172,1.9151171,2.585117,1.2551172,-0.19488281,-2.5348828,-2.144883,-1.2848828,-2.0748827,-2.5348828,-2.7548828,-1.6248828,-1.6848828,-2.0048828,-1.9548829,-1.8248829,-2.0948827,-2.0948827,-1.8148828,-2.2548828,-2.8148828,-2.5648828,-0.5748828,-0.8248828,-0.4748828,-0.3248828,0.7851172,-0.17488281,-0.5848828,-0.5048828
0.4951172,-0.7548828,2.095117,2.7551172,2.3151171,-0.5348828,1.2551172,1.6251172,4.1051173,-0.20488282,0.4851172,0.51511717,1.1651171,1.5451171,0.58511716,-2.0348828,-1.0048828,-0.18488282,-0.094882816,-1.7748828,-2.3448827,-2.1848829,-1.3948828,-1.9948828,-2.4848828,-3.0748827,-2.4748828,-2.3348827,-2.394883,-3.0748827,-2.644883,-2.7248828,-0.3548828,0.13511719,-0.49488282,-2.0748827,-1.3648828,0.58511716,1.2851171,-0.064882815,0.6151172
0.5351172,0.7851172,1.8051171,0.64511716,-1.2348828,-0.7548828,0.6351172,0.6151172,0.015117187,0.4651172,0.15511718,0.1451172,1.5251172,1.4151171,0.3251172,1.0651172,1.4451172,0.5351172,-0.4748828,-1.2348828,-0.97488284,-1.2448828,-0.8148828,-1.5248828,-2.8648827,-2.644883,-2.2648828,-2.0548828,-2.2548828,-2.9548829,-2.664883,-1.9248828,-1.1548828,0.21511719,0.6251172,0.52511716,-0.36488283,-0.9348828,-1.9548829,-1.0148828,0.9151172
1.6451172,2.2551172,1.1951172,1.3051171,1.0851172,0.9951172,0.8751172,1.3851172,1.1251172,1.0351171,0.6751172,0.18511719,0.6751172,1.1751171,2.0351171,1.6751171,2.105117,1.5251172,0.055117186,-0.4748828,-1.0448828,-0.16488281,-1.1448828,-1.8348829,-2.674883,-2.7548828,-0.9948828,-1.5848829,-0.9348828,-1.1548828,-2.2148829,-2.3048828,-1.6748828,-1.3448828,1.2351172,0.7151172,-0.66488284,-1.3048828,-2.0648828,-1.5248828,-0.9348828
1.5451171,2.345117,0.38511717,1.3451172,0.6551172,2.4951172,2.2351172,2.0551171,1.7851171,0.6851172,-0.14488281,0.44511718,1.5051172,0.7451172,2.4851172,1.8251172,2.2751172,1.7251172,0.95511717,0.3951172,-0.034882814,0.09511719,-1.3248829,-2.4548829,-2.5348828,-2.2948828,-1.7448828,-1.4548829,-0.97488284,-0.4548828,-1.8048828,-2.5248828,-1.8648828,-2.1048827,-1.7548828,-0.9248828,0.38511717,0.12511718,-0.2948828,-1.4048828,-0.40488282
