wind_kz.json
{"header": {"discipline":0,"disciplineName":"Meteorological products","gribEdition":2,"gribLength":1025,"center":7,"centerName":"US National Weather Service - NCEP(WMC)","subcenter":0,"refTime":"2023-09-23T00:00:00.000Z","significanceOfRT":1,"significanceOfRTName":"Start of forecast","productStatus":0,"productStatusName":"Operational products","productType":1,"productTypeName":"Forecast products","productDefinitionTemplate":0,"productDefinitionTemplateName":"Analysis/forecast at horizontal level/layer at a point in time","parameterCategory":2,"parameterCategoryName":"UnknownDiscipline_0_Category_2","parameterNumber":2,"parameterNumberName":"UnknownParameter_D0_C2_2","parameterUnit":"Unknown","genProcessType":2,"genProcessTypeName":"Forecast","forecastTime":0,"surface1Type":103,"surface1TypeName":"Specified height level above ground","surface1Value":10.0,"surface2Type":255,"surface2TypeName":"Missing","surface2Value":0.0,"gridDefinitionTemplate":0,"gridDefinitionTemplateName":"Latitude_Longitude","numberPoints":615,"shape":6,"shapeName":"Earth spherical with radius of 6,371,229.0 m","gridUnits":"degrees","resolution":48,"winds":"true","scanMode":64,"nx":41,"ny":15,"basicAngle":0,"lo1":47.0,"la1":41.0,"lo2":87.0,"la2":55.0,"dx":1.0,"dy":1.0}, "data":
[rows 0 to 14 of 15, columns 0 to 40 of 41]
-1.4441822,-0.88418216,1.0058179,-3.4341822,-9.064182,-8.704182,-5.5441823,-5.634182,-6.5041823,-2.074182,-3.2241821,-4.174182,-3.764182,-3.3941822,-2.1941822,-2.6341822,-2.264182,-2.264182,-3.584182,-3.3741822,-2.7041821,-0.59418213,0.30581787,-2.574182,0.9458179,-2.064182,-2.804182,-1.7441821,0.8158179,0.39581788,1.8558179,1.6158179,-1.6341821,-3.044182,-0.49418214,-3.294182,3.225818,5.635818,-0.59418213,-2.4241822,-5.404182
1.4158179,0.39581788,-2.3841822,-6.654182,-8.104182,-6.964182,-4.514182,-7.304182,-5.304182,-3.8841822,-2.9341822,-4.114182,-2.8641822,-2.4241822,-1.1541821,-2.014182,-2.3541822,-2.814182,-2.9341822,-2.6641822,-3.074182,-1.7341821,-1.3541821,-2.8841822,-0.82418215,0.42581788,-1.0441822,1.1358179,0.115817875,-1.6041821,-0.30418214,1.1058179,0.54581785,1.0258179,-0.16418213,-0.35418212,-0.84418213,0.20581788,-2.514182,0.28581786,-2.9141822
-1.9541821,-5.394182,-6.374182,-7.344182,-6.304182,-5.594182,-5.144182,-3.3741822,-4.844182,-3.834182,-3.524182,-3.084182,-2.264182,-2.2041821,-2.054182,-2.4441822,-3.014182,-2.524182,-2.254182,-1.5141821,-1.1741822,-1.5441822,-2.6341822,-4.744182,-1.1441821,-2.274182,-1.5141821,-1.5441822,-3.1041822,-0.7241821,-1.7141821,1.5758178,-0.31418213,2.7758179,0.7458179,0.90581787,0.33581787,-0.02418213,3.5958178,1.7058178,0.54581785
-6.174182,-6.2541823,-7.1041822,-7.174182,-5.704182,-3.994182,-3.1641822,-4.014182,-3.774182,-3.6041822,-3.034182,-2.8541822,-3.6441822,-2.6641822,-2.6141822,-2.514182,-1.8341821,-1.2241821,-2.1441822,-1.9841821,-2.324182,-1.8041822,0.59581786,-0.65418214,0.21581787,-1.4641821,-1.6641822,-0.034182128,1.3058178,2.3158178,0.54581785,0.16581787,2.435818,1.8958179,-0.44418213,1.8858179,0.96581787,0.5658179,-0.014182129,1.4858179,5.755818
-6.424182,-9.634182,-8.8241825,-7.454182,-6.414182,-4.514182,-4.574182,-3.084182,-3.2041821,-3.074182,-2.7141821,-2.524182,-2.3941822,-3.3941822,-2.8841822,-2.514182,-2.6541822,-2.004182,-1.9341822,-1.9741821,-0.9341821,-1.0541822,-1.9241822,-1.3141822,-1.2941822,-1.1241821,0.22581787,1.9158179,1.6358179,1.8658179,1.5858178,-1.4441822,0.30581787,0.7658179,0.8358179,0.9958179,6.905818,6.485818,3.205818,6.805818,2.0558178
-4.5641823,-4.154182,-6.264182,-5.7741823,-5.154182,-6.474182,-4.0841823,-3.784182,-3.1641822,-2.4541821,-2.4241822,-1.9041821,-1.2341821,-1.2441821,-1.1041821,-0.33418214,-0.7941821,-0.7341821,-0.78418213,-0.08418213,-1.4341822,0.34581786,0.7058179,0.55581784,0.7558179,3.0558178,3.3358178,4.9358177,2.985818,3.505818,3.155818,3.8358178,3.2658179,3.2658179,1.7358179,0.80581784,3.425818,5.675818,8.625818,-1.7641821,-2.504182
-3.794182,-3.7341821,-3.6641822,-3.3541822,-5.054182,-3.7341821,-3.3741822,-2.6841822,-2.264182,-0.88418216,-0.014182129,1.2458179,2.1158178,2.915818,2.8358178,2.7658179,2.0158179,1.9258178,0.8258179,0.39581788,0.44581786,0.19581787,-0.7341821,0.67581785,2.1258178,3.0658178,2.3958178,2.8658178,3.0758178,3.505818,2.3058178,3.8258178,3.6058178,4.0158176,0.34581786,0.60581785,-0.43418214,1.1158179,2.8058178,-0.32418212,1.5658178
-3.4241822,-4.1041822,-4.194182,-3.8641822,-3.1541822,-2.6041822,-2.004182,-0.78418213,0.3858179,1.1258179,1.0058179,1.5658178,1.9958179,1.9858179,2.8758178,3.185818,3.5358179,3.3458178,2.685818,2.445818,3.1458178,2.8258178,2.8258178,2.5658178,2.7858179,1.8458179,4.065818,3.5758178,4.155818,3.7758179,3.665818,4.635818,3.755818,3.0358179,3.3658178,5.355818,2.3258178,4.255818,3.6458178,6.695818,0.6958179
-3.784182,-3.6841822,-3.7241821,-3.564182,-2.994182,-2.1241822,-0.23418213,-0.24418212,-0.07418213,1.8258178,2.485818,2.475818,3.6058178,2.165818,3.185818,3.0258179,3.5558178,2.965818,3.505818,3.425818,3.3858178,4.505818,4.6658177,4.355818,4.2658176,4.615818,4.195818,5.255818,6.385818,6.425818,6.155818,5.965818,6.6458178,3.8658178,4.285818,2.205818,1.2858179,0.40581787,1.3858179,0.8758179,1.2958179
-2.8841822,-2.4141822,-1.8741821,-1.7041821,-0.9141821,0.10581787,0.61581784,1.2358179,1.9858179,2.175818,2.8958178,2.735818,1.3158178,2.425818,2.425818,2.6058178,2.0158179,2.8858178,3.495818,3.745818,4.4758177,5.625818,6.2658176,5.735818,6.235818,6.595818,7.035818,8.135818,8.535818,9.205818,8.165818,9.085818,8.035818,6.4158177,3.685818,2.1258178,-2.1741822,-0.34418213,1.5058179,1.2858179,0.34581786
-1.2541821,-1.0541822,-0.39418212,0.46581787,1.6158179,2.3558178,2.5658178,2.425818,2.3958178,2.0858178,1.6758178,1.6458179,1.9458178,2.0858178,1.9958179,1.2358179,1.5958179,1.7758179,2.1458178,3.495818,3.435818,3.445818,3.5658178,3.995818,4.155818,3.8858178,3.8858178,4.405818,3.215818,6.7058177,8.285818,9.615818,8.875818,6.925818,5.375818,1.1758178,-0.9341821,0.44581786,-0.25418213,0.5058179,0.8858179
0.42581788,1.4458178,2.405818,2.205818,2.2958179,0.90581787,0.80581784,0.98581785,1.6658179,0.9458179,0.14581788,2.3958178,1.4858179,1.2058178,1.9358178,1.7358179,1.7158179,1.8358178,0.71581787,0.46581787,-0.46418214,1.4558178,0.31581786,0.8758179,-0.96418214,0.26581788,0.09581787,2.6458178,2.255818,2.8758178,3.3358178,4.7258177,3.735818,7.635818,6.7458177,5.325818,5.045818,3.735818,2.745818,0.035817873,-0.24418212
1.9858179,2.5358179,3.1058178,2.215818,1.6858178,1.4558178,1.2258179,1.0558178,1.8658179,-0.04418213,0.04581787,1.4358178,0.29581788,1.5058179,1.2258179,0.46581787,-0.53418213,-0.30418214,-0.39418212,-0.43418214,-0.26418212,0.37581787,1.9058179,1.5258179,2.505818,2.655818,3.0258179,3.725818,3.445818,3.8858178,3.445818,3.5558178,3.1358178,3.1358178,3.175818,6.2258177,6.835818,3.755818,4.465818,2.735818,1.2358179
1.6358179,1.3258178,1.5958179,1.6658179,0.84581786,0.98581785,0.91581786,0.8258179,1.0558178,0.25581786,0.46581787,0.49581787,1.8358178,0.8758179,-2.024182,-0.77418214,-0.44418213,-1.1041821,0.005817871,1.1858178,1.2858179,2.205818,2.445818,2.3758178,2.935818,3.465818,3.245818,3.965818,3.6058178,4.045818,3.5558178,3.2958179,3.0158179,3.8358178,2.185818,3.745818,4.6458178,4.875818,4.355818,2.925818,1.6758178
0.90581787,1.6558179,0.6958179,-0.11418213,0.40581787,0.7458179,1.1058179,0.14581788,0.18581787,-0.42418212,-0.33418214,0.60581785,0.8158179,-0.26418212,-0.59418213,0.06581787,0.22581787,0.42581788,1.1858178,1.9758179,2.165818,2.245818,2.175818,3.0458179,2.665818,3.445818,3.5658178,3.705818,3.995818,4.0158176,4.445818,3.8558178,3.2858179,3.0558178,4.4158177,3.6058178,2.8758178,3.1058178,5.555818,3.935818,0.18581787
