wind_kz.json
{"header": {"discipline":0,"disciplineName":"Meteorological products","gribEdition":2,"gribLength":1025,"center":7,"centerName":"US National Weather Service - NCEP(WMC)","subcenter":0,"refTime":"2024-01-31T00:00:00.000Z","significanceOfRT":1,"significanceOfRTName":"Start of forecast","productStatus":0,"productStatusName":"Operational products","productType":1,"productTypeName":"Forecast products","productDefinitionTemplate":0,"productDefinitionTemplateName":"Analysis/forecast at horizontal level/layer at a point in time","parameterCategory":2,"parameterCategoryName":"UnknownDiscipline_0_Category_2","parameterNumber":2,"parameterNumberName":"UnknownParameter_D0_C2_2","parameterUnit":"Unknown","genProcessType":2,"genProcessTypeName":"Forecast","forecastTime":120,"surface1Type":103,"surface1TypeName":"Specified height level above ground","surface1Value":10.0,"surface2Type":255,"surface2TypeName":"Missing","surface2Value":0.0,"gridDefinitionTemplate":0,"gridDefinitionTemplateName":"Latitude_Longitude","numberPoints":615,"shape":6,"shapeName":"Earth spherical with radius of 6,371,229.0 m","gridUnits":"degrees","resolution":48,"winds":"true","scanMode":64,"nx":41,"ny":15,"basicAngle":0,"lo1":47.0,"la1":41.0,"lo2":87.0,"la2":55.0,"dx":1.0,"dy":1.0}, "data":
[rows 0 to 14 of 15, columns 0 to 40 of 41]
3.8725023,-1.8674976,1.5825025,3.0225024,3.3925025,3.7525024,-1.2674975,-0.23749755,-2.2074976,-2.1674976,-2.6374977,-3.0974975,-2.9574976,-2.4774976,-2.5774975,-2.2174976,-2.3674974,-2.2774975,-1.8574976,-2.7374976,-3.5574975,-1.9974976,-1.9674976,-2.3774977,-0.44749755,-1.6874976,-2.6374977,-2.3974977,1.0125024,0.86250246,-0.57749754,2.2325025,-0.37749755,0.61250246,-2.0974975,1.5925025,1.4725025,1.5125024,2.0925024,0.29250243,2.2725024
2.1325026,1.5525024,1.5225024,0.36250246,0.75250244,3.0525024,-2.9774976,-0.19749756,-0.74749756,-0.70749754,-1.4874976,-2.5274975,-2.1174974,-2.3874977,-1.3674976,-2.0074975,-2.0674975,-1.6774975,-2.4274976,-2.5474975,-2.0974975,-1.6274976,-1.0174975,-3.2574975,-0.40749756,1.6825024,-1.0874976,0.42250243,-2.5274975,-1.7774975,0.12250244,-1.2374976,2.3625023,-2.1174974,0.26250243,0.052502442,0.75250244,0.26250243,-1.7774975,2.3725023,-1.1174976
1.3425025,-2.1174974,-0.76749754,-2.8274975,-4.8474975,-3.8974977,-2.4974976,0.07250244,-2.2574975,-2.1674976,-1.2474976,-2.2074976,-1.4574976,-1.6074976,-1.9774976,-1.7774975,-1.1274976,-1.4274975,-2.1974976,-2.7774975,-2.9274976,-3.4074976,-2.6474977,-1.9574976,-0.98749757,-2.1074975,-1.2874975,0.85250247,-2.1074975,-0.99749756,-1.9974976,1.9625025,0.8325024,-0.38749754,0.062502444,-0.20749755,0.43250245,-0.33749756,0.5825024,2.0925024,-0.28749755
-0.16749756,-0.75749755,1.0625024,0.5925024,-1.0874976,-0.57749754,0.19250244,0.032502443,-0.8474976,-1.6474975,-2.1874976,-1.9774976,-1.1974976,-1.3674976,-1.4574976,-1.9474976,-1.8974975,-2.0474975,-2.1174974,-2.3974977,-2.5974975,-1.3574976,-3.0374975,-3.4674976,-2.5174975,-2.0374975,0.20250244,1.0825025,1.4925025,0.69250244,-1.9374976,-1.4474976,-2.4074976,-1.4174975,-1.4674976,-1.6174976,-1.2374976,1.4925025,0.97250247,0.6525024,0.60250247
3.8025024,2.5825024,2.6325026,2.5325024,0.5225024,1.3125024,1.4025024,0.46250245,-0.63749754,-0.48749757,-0.73749757,0.26250243,0.43250245,0.0025024414,-0.89749753,-1.1774975,-0.70749754,-0.9774976,-1.3074975,-1.6474975,-0.52749753,-2.5174975,-2.0574975,-0.5974976,-0.13749756,-1.4574976,0.43250245,2.8025024,3.5225024,3.2025025,2.3725023,0.82250243,-0.58749753,1.4825025,2.2925024,0.98250246,-0.6574976,-0.68749756,-0.24749756,-0.22749756,-0.51749754
8.322502,7.1825023,5.3825026,4.6225023,3.4025025,1.6025025,1.7525024,0.88250244,-0.48749757,0.08250244,0.5325024,0.33250245,3.1325026,2.3025024,-0.93749756,-0.45749757,-0.5474976,-2.2474976,-2.0874975,-1.3674976,-1.6374975,-0.50749755,-0.22749756,-0.7274976,1.2425025,2.5725024,3.0725024,3.0525024,3.3525023,3.6725025,4.4425025,5.4425025,6.0925026,0.5825024,0.40250245,-2.6174974,1.0525024,2.1625025,0.10250244,-0.76749754,-1.4574976
6.6325026,7.0025024,7.3525023,6.492502,6.1925025,5.2925024,3.4525025,1.5425024,0.40250245,-0.7174976,-0.32749757,-0.7174976,-0.027497558,-0.057497557,-0.39749756,-1.2474976,-1.0974976,-1.2774975,-1.5674976,-2.1774976,-1.1574975,-0.51749754,-0.5974976,0.032502443,0.7725024,1.4325024,2.1325026,1.3425025,1.1125025,1.1225024,1.2625024,-0.8474976,-0.35749757,-5.0174975,-4.277498,-1.7074976,-0.92749757,1.9625025,1.1425024,1.8425025,0.052502442
6.8525023,7.2925024,6.6025023,6.4425025,5.8825026,5.5125027,4.8725023,2.8525023,3.3525023,0.67250246,1.0125024,2.3625023,0.6525024,0.15250245,0.08250244,-0.57749754,-0.35749757,-1.3174976,-1.2374976,-0.08749756,1.2425025,1.4225024,1.5825025,-0.17749757,0.82250243,0.32250243,1.5525024,0.18250245,1.4625025,0.15250245,0.24250244,1.0325024,-2.7874975,1.7825024,2.1125023,-0.5474976,1.4525025,-0.15749756,-4.9474974,-5.1974974,-2.4074976
6.0225024,6.5625024,6.242502,6.1325026,5.4225025,5.2825027,4.7625027,4.6225023,4.7525024,3.7525024,1.8725024,1.6725024,3.0925024,0.99250245,0.37250245,0.092502445,0.23250245,-0.32749757,0.31250244,0.93250245,0.8925024,0.57250243,1.8425025,0.43250245,0.25250244,0.062502444,1.3325025,0.31250244,1.4425025,0.8425024,1.0425024,1.7925024,2.8625023,1.5025024,0.62250245,-3.3974977,0.30250245,-0.50749755,-1.3774976,0.54250246,-1.5574975
6.5125027,6.0725026,5.492502,5.2825027,5.1225023,4.3725023,4.2625027,4.4525023,4.5925026,3.7425025,3.4025025,2.6025023,3.0925024,0.87250245,1.1725024,0.68250245,0.92250246,0.9525024,0.51250243,-0.38749754,2.3925025,2.5225024,0.9625024,1.9425025,1.0225024,1.0325024,2.1225023,2.3025024,3.2225025,5.222502,4.0525026,4.2925024,4.0725026,2.2625024,-0.61749756,0.14250244,-2.4274976,-0.8474976,-0.62749755,1.1525024,-1.9274975
5.2325025,5.6125026,5.2325025,4.6225023,4.1625023,3.5325024,3.3725023,4.1225023,3.7125025,2.9625025,2.4425025,3.3225024,1.1425024,1.0125024,1.7025025,1.7125025,1.0325024,2.5825024,0.12250244,1.5125024,3.7225025,1.4725025,2.7925024,2.5525024,2.9325025,2.6225023,3.4625025,3.2925024,5.3025026,6.3325024,4.8625026,4.3125024,3.7625024,1.6725024,1.5425024,-0.037497558,-0.55749756,0.23250245,-0.68749756,0.5825024,-1.3874975
4.7825027,5.2825027,5.0625024,4.2625027,3.6625025,2.7625024,2.5925024,2.5025024,1.7825024,0.012502441,0.33250245,1.9825025,0.20250244,1.7325025,2.2425025,1.6525024,2.6525025,2.1425025,1.5925025,3.6425025,3.3425024,3.7925024,3.0325024,2.3525023,4.5725026,4.5525026,5.1025023,6.3025026,6.5025024,5.6825023,4.722502,4.6325026,4.6425023,4.7625027,3.1125023,4.4825025,5.4225025,2.6925025,0.12250244,-0.9774976,-0.28749755
3.3825026,4.2825027,3.0925024,2.9925025,2.2125025,1.3225025,1.6125025,0.73250246,-0.17749757,-0.41749755,0.47250244,1.2025025,1.1125025,2.2625024,2.3025024,2.3525023,2.3125024,1.9625025,1.6325024,2.9925025,1.8325025,2.8625023,4.4225025,3.4825025,6.6725025,4.972502,5.9525023,4.2925024,5.472502,5.5225024,5.6025023,6.6525025,6.1925025,5.9125023,5.3825026,4.4625025,4.9025025,3.8325024,2.1925025,2.1025023,1.5725025
1.5325024,1.7625024,1.6125025,1.2925024,0.66250247,0.75250244,0.7725024,0.74250245,0.88250244,0.38250244,0.24250244,0.48250243,0.50250244,2.9325025,1.8425025,2.2325025,1.8325025,2.0825024,-0.08749756,3.0325024,2.6425025,4.1425023,4.9025025,3.9525025,3.5925024,2.2425025,2.7725024,5.0225024,5.0325027,5.9325023,6.242502,6.9025025,6.3925023,6.4625025,4.5625024,4.8325024,3.3725023,3.3825026,3.3625023,3.5925024,2.0825024
0.46250245,1.2425025,2.0625024,1.0625024,0.93250245,1.0925025,1.0325024,1.3025024,0.7725024,0.55250245,0.66250247,1.4025024,-0.55749756,0.9525024,1.6725024,2.0025024,1.7525024,1.4425025,1.1825024,2.2225025,2.2525024,2.9025025,2.7125025,3.1125023,3.2925024,3.6425025,4.3925023,4.4125023,5.0525026,6.1625023,6.972502,7.9625025,6.8025026,5.8925023,5.0025024,4.7325025,3.7825024,4.0825024,3.8025024,2.7325025,1.2325025
