wind_kz.json
{"header": {"discipline":0,"disciplineName":"Meteorological products","gribEdition":2,"gribLength":871,"center":7,"centerName":"US National Weather Service - NCEP(WMC)","subcenter":0,"refTime":"2023-08-22T18:00:00.000Z","significanceOfRT":1,"significanceOfRTName":"Start of forecast","productStatus":0,"productStatusName":"Operational products","productType":1,"productTypeName":"Forecast products","productDefinitionTemplate":0,"productDefinitionTemplateName":"Analysis/forecast at horizontal level/layer at a point in time","parameterCategory":0,"parameterCategoryName":"UnknownDiscipline_0_Category_0","parameterNumber":0,"parameterNumberName":"UnknownParameter_D0_C0_0","parameterUnit":"Unknown","genProcessType":2,"genProcessTypeName":"Forecast","forecastTime":120,"surface1Type":1,"surface1TypeName":"Ground or water surface","surface1Value":0.0,"surface2Type":255,"surface2TypeName":"Missing","surface2Value":0.0,"gridDefinitionTemplate":0,"gridDefinitionTemplateName":"Latitude_Longitude","numberPoints":615,"shape":6,"shapeName":"Earth spherical with radius of 6,371,229.0 m","gridUnits":"degrees","resolution":48,"winds":"true","scanMode":64,"nx":41,"ny":15,"basicAngle":0,"lo1":47.0,"la1":41.0,"lo2":87.0,"la2":55.0,"dx":1.0,"dy":1.0}, "data":
[rows 0 to 14 of 15, columns 0 to 40 of 41]
298.4389,285.7389,291.6389,299.3389,299.1389,298.2389,298.7389,300.9389,297.4389,297.53888,297.3389,300.03888,299.2389,298.1389,297.7389,295.6389,294.3389,298.3389,294.7389,296.9389,296.6389,291.6389,290.4389,287.8389,293.7389,292.4389,290.4389,280.7389,281.7389,278.8389,279.53888,279.6389,292.53888,299.8389,301.6389,300.8389,300.03888,301.9389,300.03888,299.8389,299.53888
276.1389,290.2389,299.2389,299.2389,299.1389,297.9389,298.2389,295.9389,295.6389,295.4389,296.7389,296.9389,295.3389,293.6389,293.53888,291.4389,295.3389,293.7389,291.53888,290.53888,292.53888,291.3389,292.53888,283.4389,274.53888,276.8389,285.2389,281.1389,280.1389,276.8389,282.3389,274.9389,282.7389,262.1389,281.3389,296.6389,296.3389,300.2389,301.9389,292.4389,284.1389
292.9389,298.9389,299.3389,299.3389,297.8389,295.2389,295.1389,293.53888,294.03888,293.7389,293.4389,293.9389,290.03888,290.9389,293.53888,296.53888,292.53888,290.8389,290.9389,288.2389,291.3389,287.9389,290.03888,289.7389,289.6389,289.53888,288.2389,288.3389,288.1389,283.1389,276.9389,280.4389,284.03888,282.6389,284.6389,285.9389,279.7389,284.03888,285.1389,279.7389,278.53888
292.2389,300.03888,299.6389,298.53888,295.7389,293.9389,294.3389,293.2389,293.6389,292.7389,292.3389,291.8389,295.4389,294.7389,294.1389,293.1389,293.9389,289.8389,290.1389,293.2389,287.6389,286.03888,291.53888,292.03888,291.9389,295.2389,291.8389,290.2389,290.2389,292.3389,293.1389,291.03888,295.9389,294.6389,294.03888,289.53888,280.03888,278.3389,285.1389,295.4389,298.53888
296.3389,299.7389,300.03888,299.53888,297.2389,294.03888,294.1389,293.8389,292.8389,292.53888,291.03888,290.6389,295.53888,294.1389,291.8389,293.03888,294.1389,292.6389,287.4389,292.3389,291.8389,294.2389,293.9389,294.2389,293.7389,293.6389,292.03888,292.9389,292.03888,291.7389,296.3389,294.8389,281.03888,276.1389,285.2389,294.03888,297.7389,301.03888,299.8389,301.2389,301.1389
292.9389,290.7389,297.8389,298.9389,299.03888,298.4389,294.1389,293.7389,292.6389,292.6389,292.4389,292.3389,293.9389,294.7389,293.2389,291.3389,292.9389,293.7389,293.4389,292.6389,290.53888,290.8389,293.4389,292.8389,293.3389,291.6389,295.3389,293.4389,293.6389,294.53888,294.8389,296.7389,295.1389,292.6389,290.2389,295.03888,288.4389,289.6389,297.4389,297.8389,298.4389
291.53888,288.4389,291.03888,293.2389,294.4389,291.6389,292.3389,292.1389,293.6389,294.03888,291.9389,292.03888,291.03888,291.1389,291.2389,294.53888,293.53888,294.8389,294.4389,291.9389,290.1389,290.03888,290.1389,292.4389,292.53888,293.53888,292.6389,296.9389,296.2389,295.2389,294.8389,296.1389,297.1389,296.7389,294.8389,293.1389,290.53888,286.1389,281.1389,281.1389,294.3389
291.7389,291.4389,292.53888,289.8389,294.1389,293.2389,293.53888,292.6389,292.03888,291.3389,288.8389,288.53888,288.3389,290.9389,292.4389,293.53888,292.1389,291.3389,292.3389,290.03888,287.9389,287.53888,288.6389,289.53888,287.53888,286.53888,286.53888,289.6389,291.1389,292.3389,292.4389,293.1389,291.2389,288.2389,288.4389,292.3389,293.1389,289.3389,292.2389,292.3389,287.2389
291.1389,290.2389,294.1389,293.1389,294.4389,292.2389,288.9389,289.9389,288.03888,287.9389,286.2389,285.2389,284.4389,286.7389,287.2389,289.7389,289.03888,290.3389,290.1389,291.1389,284.7389,283.9389,284.9389,287.1389,284.53888,286.6389,283.9389,283.7389,284.3389,283.8389,288.53888,287.7389,289.3389,290.6389,290.03888,289.03888,287.4389,288.3389,278.9389,278.1389,276.9389
292.2389,293.8389,293.7389,292.9389,292.1389,291.3389,288.3389,288.9389,287.7389,286.03888,285.3389,287.6389,284.7389,285.2389,286.1389,285.8389,287.7389,286.2389,288.8389,290.6389,287.8389,288.4389,286.6389,285.9389,286.3389,284.7389,284.2389,285.6389,284.8389,284.4389,284.3389,290.4389,292.1389,292.53888,290.3389,288.2389,286.7389,284.03888,279.4389,281.7389,278.9389
289.1389,291.1389,290.9389,290.2389,290.03888,289.1389,287.8389,287.8389,286.6389,286.03888,285.03888,284.1389,285.8389,283.6389,284.2389,284.2389,285.3389,286.7389,289.9389,288.53888,286.6389,285.8389,284.4389,285.3389,282.1389,283.03888,281.7389,284.1389,285.53888,287.3389,289.03888,290.1389,291.6389,292.03888,290.6389,288.7389,284.6389,282.4389,282.4389,283.3389,281.03888
287.9389,288.3389,286.9389,285.6389,286.1389,285.9389,284.2389,284.2389,286.53888,285.53888,282.9389,282.7389,284.4389,283.8389,285.8389,283.4389,286.6389,286.4389,287.53888,285.3389,284.1389,283.4389,285.8389,283.9389,281.1389,282.4389,283.2389,285.1389,285.8389,287.6389,286.03888,288.1389,289.3389,289.3389,289.9389,292.53888,291.03888,289.6389,288.9389,289.6389,289.03888
282.1389,284.3389,285.1389,284.03888,282.8389,283.3389,283.1389,283.3389,282.6389,282.53888,280.1389,279.6389,283.53888,281.6389,281.53888,281.53888,285.03888,284.7389,285.6389,286.1389,283.03888,283.9389,281.8389,280.8389,281.8389,282.8389,284.1389,284.9389,286.6389,285.1389,285.4389,285.3389,287.3389,288.53888,289.8389,288.7389,289.4389,293.03888,290.4389,291.1389,288.8389
281.3389,281.53888,286.8389,282.4389,281.7389,281.53888,281.7389,281.3389,282.03888,282.03888,280.53888,278.6389,280.2389,281.1389,281.53888,281.6389,281.1389,279.3389,284.7389,285.6389,283.4389,283.1389,285.3389,282.03888,281.1389,282.2389,283.6389,285.8389,285.7389,286.4389,286.7389,285.1389,286.7389,286.7389,286.8389,287.53888,287.8389,287.8389,290.2389,289.3389,289.8389
279.7389,279.1389,290.6389,280.03888,280.1389,280.6389,280.7389,280.8389,281.1389,281.1389,281.6389,280.53888,278.8389,279.6389,281.1389,280.7389,279.7389,278.6389,284.1389,284.4389,281.8389,281.7389,280.7389,279.7389,280.6389,280.8389,283.8389,285.1389,284.4389,285.8389,285.4389,285.7389,285.6389,285.7389,286.2389,286.53888,287.6389,286.9389,287.9389,289.7389,288.6389
