wind_kz.json
{"header": {"discipline":0,"disciplineName":"Meteorological products","gribEdition":2,"gribLength":948,"center":7,"centerName":"US National Weather Service - NCEP(WMC)","subcenter":0,"refTime":"2023-10-03T12:00:00.000Z","significanceOfRT":1,"significanceOfRTName":"Start of forecast","productStatus":0,"productStatusName":"Operational products","productType":1,"productTypeName":"Forecast products","productDefinitionTemplate":0,"productDefinitionTemplateName":"Analysis/forecast at horizontal level/layer at a point in time","parameterCategory":0,"parameterCategoryName":"UnknownDiscipline_0_Category_0","parameterNumber":0,"parameterNumberName":"UnknownParameter_D0_C0_0","parameterUnit":"Unknown","genProcessType":2,"genProcessTypeName":"Forecast","forecastTime":120,"surface1Type":1,"surface1TypeName":"Ground or water surface","surface1Value":0.0,"surface2Type":255,"surface2TypeName":"Missing","surface2Value":0.0,"gridDefinitionTemplate":0,"gridDefinitionTemplateName":"Latitude_Longitude","numberPoints":615,"shape":6,"shapeName":"Earth spherical with radius of 6,371,229.0 m","gridUnits":"degrees","resolution":48,"winds":"true","scanMode":64,"nx":41,"ny":15,"basicAngle":0,"lo1":47.0,"la1":41.0,"lo2":87.0,"la2":55.0,"dx":1.0,"dy":1.0}, "data":
[rows 0 to 14 of 15, columns 0 to 40 of 41]
300.87347,288.17346,295.07346,293.27347,293.47345,292.67346,299.57346,305.57346,302.47345,302.67346,301.67346,301.67346,300.27347,299.67346,299.87347,299.87347,299.77347,300.27347,300.57346,301.37347,301.77347,297.97345,298.67346,293.37347,296.77347,298.77347,293.57346,282.17346,280.37347,277.07346,276.07346,273.07346,287.47345,292.17346,292.97345,292.07346,291.07346,292.77347,293.27347,293.17346,291.47345
276.37347,294.87347,293.27347,293.17346,293.27347,292.47345,305.47345,303.07346,301.37347,300.47345,301.77347,300.47345,300.47345,299.97345,300.07346,298.57346,299.07346,299.17346,299.07346,299.27347,298.57346,297.67346,295.47345,287.27347,278.57346,279.57346,287.47345,281.97345,282.17346,276.77347,281.87347,270.67346,279.57346,254.17346,275.37347,290.97345,288.07346,290.27347,293.27347,285.77347,284.17346
298.37347,292.97345,292.87347,292.47345,291.07346,300.07346,300.27347,300.47345,299.67346,299.77347,299.47345,300.17346,299.97345,300.87347,298.97345,298.47345,296.67346,294.27347,297.97345,297.27347,297.07346,296.47345,296.57346,291.37347,293.87347,292.87347,294.17346,293.77347,292.37347,283.07346,275.07346,276.97345,281.97345,282.27347,284.57346,283.17346,276.57346,277.67346,279.27347,274.97345,273.47345
300.17346,291.97345,292.77347,291.97345,293.17346,298.27347,299.07346,298.67346,299.47345,299.67346,299.17346,298.37347,290.77347,290.27347,297.97345,297.47345,295.87347,295.87347,296.07346,295.57346,294.67346,290.87347,295.17346,295.77347,295.87347,295.97345,296.67346,294.67346,292.77347,293.97345,295.37347,291.37347,295.67346,291.47345,291.17346,286.37347,276.27347,266.17346,278.97345,286.87347,290.37347
300.37347,291.37347,291.67346,291.07346,293.77347,297.67346,297.87347,298.67346,297.67346,297.47345,297.97345,298.07346,289.17346,287.77347,286.67346,296.37347,295.87347,294.47345,294.17346,294.57346,294.37347,294.57346,293.87347,293.87347,294.27347,294.67346,294.07346,291.07346,294.27347,294.17346,297.17346,293.67346,280.27347,271.67346,281.57346,289.57346,291.27347,293.57346,293.57346,293.97345,293.37347
297.77347,297.37347,289.67346,290.17346,290.47345,289.97345,296.27347,296.37347,296.87347,296.77347,296.37347,296.77347,289.87347,288.57346,291.57346,295.47345,294.97345,294.17346,294.27347,294.47345,293.17346,292.77347,292.77347,292.27347,292.27347,291.37347,292.37347,287.87347,292.77347,295.37347,292.87347,295.27347,293.37347,292.17346,288.07346,290.47345,283.97345,286.37347,291.27347,292.07346,292.47345
296.97345,295.17346,293.47345,294.27347,293.07346,293.27347,293.67346,293.87347,295.37347,295.57346,294.57346,294.37347,294.27347,293.17346,294.37347,293.87347,295.07346,294.07346,293.27347,292.47345,291.77347,291.97345,292.17346,291.77347,290.37347,290.57346,290.17346,292.07346,291.67346,292.07346,291.57346,292.07346,293.37347,293.57346,291.57346,289.67346,284.47345,282.37347,280.67346,278.37347,287.77347
291.57346,290.77347,293.47345,290.27347,291.17346,293.77347,293.77347,293.77347,292.27347,292.47345,291.97345,292.07346,292.57346,293.97345,292.17346,294.27347,294.17346,293.97345,292.87347,290.67346,290.47345,290.67346,291.07346,290.07346,289.07346,286.87347,287.57346,288.57346,287.17346,289.07346,288.27347,289.37347,288.97345,287.47345,287.47345,288.47345,289.07346,285.47345,289.17346,288.47345,284.77347
290.27347,287.87347,287.57346,286.37347,287.87347,288.37347,289.27347,289.97345,291.27347,290.47345,290.47345,289.87347,290.27347,292.07346,292.67346,291.87347,293.07346,293.07346,291.17346,290.27347,288.37347,288.47345,289.37347,288.47345,286.97345,287.27347,285.87347,285.47345,286.47345,285.47345,285.87347,286.57346,287.97345,288.07346,288.37347,287.57346,284.97345,287.07346,275.47345,274.67346,270.87347
288.47345,287.17346,286.87347,286.17346,285.17346,285.87347,285.97345,285.57346,287.07346,289.47345,288.87347,287.67346,288.47345,289.67346,290.37347,291.47345,290.47345,292.17346,291.87347,290.57346,288.97345,288.57346,289.37347,288.97345,287.57346,286.37347,286.67346,286.07346,285.57346,285.47345,285.77347,287.57346,289.67346,288.77347,287.87347,288.07346,284.77347,282.17346,277.47345,278.17346,274.47345
287.17346,288.17346,286.27347,285.97345,285.47345,283.27347,283.47345,283.37347,284.27347,286.47345,286.47345,286.77347,287.77347,286.17346,287.87347,288.97345,289.67346,290.57346,289.87347,289.27347,288.97345,288.57346,288.07346,288.07346,287.97345,287.57346,285.77347,287.77347,286.77347,287.77347,287.87347,288.67346,288.27347,289.27347,288.97345,286.37347,283.27347,278.87347,280.77347,281.47345,278.17346
284.77347,285.97345,285.57346,284.37347,282.47345,281.47345,281.27347,281.47345,283.57346,284.67346,283.97345,284.07346,285.97345,285.47345,286.17346,286.97345,287.77347,287.97345,289.27347,287.87347,287.47345,286.37347,286.07346,286.97345,286.47345,286.57346,288.27347,288.57346,288.67346,288.37347,288.07346,287.97345,288.07346,285.97345,287.17346,286.67346,286.17346,284.77347,285.57346,285.27347,286.07346
283.57346,283.87347,284.57346,283.07346,282.47345,281.17346,280.27347,279.77347,280.47345,280.77347,280.47345,280.77347,283.47345,283.17346,284.97345,285.77347,286.67346,286.27347,287.17346,286.67346,286.67346,285.97345,285.47345,286.17346,286.17346,287.17346,288.17346,287.57346,287.27347,286.97345,287.17346,286.67346,286.87347,285.77347,286.17346,285.67346,283.87347,284.27347,285.67346,285.07346,285.47345
277.57346,278.17346,283.37347,281.67346,280.47345,279.27347,278.07346,277.87347,279.17346,278.87347,277.47345,275.87347,278.07346,279.97345,282.47345,283.07346,284.77347,285.17346,285.97345,285.87347,286.27347,286.27347,286.77347,286.87347,287.67346,287.07346,287.97345,287.67346,287.97345,286.57346,286.87347,285.77347,286.17346,284.27347,283.07346,283.57346,283.27347,283.37347,284.67346,284.07346,286.17346
276.27347,277.07346,284.27347,275.37347,276.17346,275.97345,276.67346,276.77347,277.77347,278.07346,277.57346,277.57346,277.57346,278.47345,281.17346,283.07346,283.47345,283.97345,284.97345,284.57346,285.27347,285.57346,285.87347,285.27347,285.47345,284.27347,286.87347,287.37347,288.17346,286.47345,285.87347,284.77347,285.17346,283.87347,283.77347,285.47345,284.77347,285.37347,286.47345,286.37347,283.77347
