wind_kz.json
{"header": {"discipline":0,"disciplineName":"Meteorological products","gribEdition":2,"gribLength":871,"center":7,"centerName":"US National Weather Service - NCEP(WMC)","subcenter":0,"refTime":"2023-09-28T18:00:00.000Z","significanceOfRT":1,"significanceOfRTName":"Start of forecast","productStatus":0,"productStatusName":"Operational products","productType":1,"productTypeName":"Forecast products","productDefinitionTemplate":0,"productDefinitionTemplateName":"Analysis/forecast at horizontal level/layer at a point in time","parameterCategory":0,"parameterCategoryName":"UnknownDiscipline_0_Category_0","parameterNumber":0,"parameterNumberName":"UnknownParameter_D0_C0_0","parameterUnit":"Unknown","genProcessType":2,"genProcessTypeName":"Forecast","forecastTime":180,"surface1Type":1,"surface1TypeName":"Ground or water surface","surface1Value":0.0,"surface2Type":255,"surface2TypeName":"Missing","surface2Value":0.0,"gridDefinitionTemplate":0,"gridDefinitionTemplateName":"Latitude_Longitude","numberPoints":615,"shape":6,"shapeName":"Earth spherical with radius of 6,371,229.0 m","gridUnits":"degrees","resolution":48,"winds":"true","scanMode":64,"nx":41,"ny":15,"basicAngle":0,"lo1":47.0,"la1":41.0,"lo2":87.0,"la2":55.0,"dx":1.0,"dy":1.0}, "data":
[rows 0 to 14 of 15, columns 0 to 40 of 41]
293.8902,286.49017,292.1902,293.7902,293.7902,292.99017,301.8902,305.99017,301.99017,299.49017,293.3902,301.1902,299.99017,301.2902,302.1902,305.09018,307.6902,307.59018,312.09018,302.6902,306.2902,304.99017,303.99017,307.6902,306.7902,309.8902,302.09018,294.59018,292.3902,288.3902,289.09018,283.6902,299.6902,305.2902,304.2902,303.99017,306.99017,309.3902,309.49017,309.99017,310.59018
272.59018,291.7902,293.59018,293.7902,293.6902,291.8902,303.3902,293.99017,297.3902,294.6902,299.99017,299.09018,294.6902,302.3902,307.09018,309.99017,308.3902,307.1902,312.09018,310.99017,297.2902,300.8902,297.6902,293.3902,286.3902,280.49017,298.3902,296.49017,297.49017,288.8902,292.6902,278.1902,291.8902,265.7902,286.2902,300.09018,303.09018,301.6902,306.59018,300.09018,284.49017
294.7902,293.1902,293.49017,292.99017,291.2902,299.1902,298.1902,298.3902,293.59018,289.99017,295.8902,292.2902,291.3902,290.09018,299.99017,296.8902,301.7902,308.59018,307.09018,301.6902,292.99017,300.1902,306.2902,300.1902,301.49017,299.1902,303.59018,304.3902,306.6902,297.2902,283.7902,291.3902,296.8902,295.1902,296.6902,294.8902,292.3902,291.2902,293.2902,288.2902,286.7902
298.1902,292.59018,293.09018,292.09018,292.6902,297.7902,296.09018,292.09018,297.1902,293.49017,298.8902,299.59018,290.2902,289.7902,296.8902,302.6902,301.99017,293.09018,304.7902,301.1902,300.7902,305.59018,304.49017,297.3902,300.7902,301.7902,304.1902,302.2902,302.6902,303.2902,305.09018,303.09018,305.49017,309.09018,308.1902,302.3902,289.99017,274.49017,291.1902,301.09018,301.1902
297.6902,291.7902,292.1902,291.2902,294.2902,297.8902,298.49017,300.7902,298.7902,298.2902,298.6902,299.99017,289.09018,287.99017,286.59018,300.7902,301.3902,297.2902,300.2902,298.09018,301.3902,301.99017,299.59018,298.8902,302.09018,303.1902,298.1902,297.7902,305.09018,304.3902,303.1902,304.09018,294.3902,278.1902,293.49017,301.49017,299.09018,305.59018,304.7902,303.49017,301.1902
297.49017,297.6902,290.3902,291.2902,291.2902,290.99017,300.99017,297.3902,294.99017,299.3902,297.59018,297.99017,290.3902,288.8902,295.59018,301.09018,298.8902,299.7902,298.49017,298.99017,301.09018,293.7902,296.3902,300.6902,298.8902,298.8902,298.6902,287.3902,298.59018,299.7902,302.59018,301.2902,303.6902,302.6902,301.49017,297.3902,298.99017,293.09018,306.1902,304.3902,300.49017
297.8902,298.6902,297.1902,299.09018,297.59018,300.99017,300.59018,298.99017,292.1902,298.1902,298.7902,297.2902,296.8902,298.59018,299.59018,298.59018,300.1902,298.8902,301.09018,299.3902,297.99017,299.7902,299.6902,297.3902,294.6902,295.09018,296.99017,297.49017,298.49017,300.99017,301.1902,301.1902,301.6902,300.49017,299.8902,298.49017,295.49017,294.1902,292.59018,289.1902,297.99017
297.3902,298.1902,298.1902,292.1902,292.49017,298.59018,293.7902,301.3902,292.1902,294.49017,297.7902,296.99017,296.49017,296.6902,299.09018,299.99017,299.1902,298.7902,299.49017,296.7902,296.6902,298.59018,298.49017,298.09018,297.59018,294.7902,295.1902,296.1902,293.99017,295.6902,294.99017,296.59018,297.49017,294.99017,295.49017,295.09018,298.49017,285.8902,297.09018,298.99017,296.59018
297.49017,296.59018,297.09018,290.09018,290.3902,291.6902,292.1902,294.7902,298.7902,298.09018,297.2902,297.1902,295.8902,296.6902,295.8902,298.6902,298.8902,299.8902,297.99017,297.59018,295.2902,295.49017,297.09018,297.59018,295.3902,295.59018,294.3902,293.3902,291.59018,290.99017,291.49017,288.49017,292.59018,291.99017,294.6902,293.1902,290.7902,294.09018,291.2902,286.7902,285.7902
296.1902,295.2902,296.6902,292.2902,291.2902,290.8902,296.2902,290.2902,291.59018,292.8902,295.7902,296.7902,297.2902,296.09018,296.1902,295.49017,297.7902,297.7902,298.7902,298.2902,296.49017,295.99017,295.2902,294.7902,296.59018,294.99017,294.8902,293.99017,292.3902,292.1902,292.49017,292.59018,293.99017,292.8902,294.2902,293.59018,293.1902,290.6902,292.1902,287.1902,284.8902
294.99017,294.49017,294.6902,295.6902,292.2902,290.2902,289.6902,297.3902,289.8902,293.49017,290.7902,293.99017,292.3902,295.8902,295.09018,295.6902,294.8902,296.3902,297.3902,296.2902,296.7902,296.09018,295.2902,295.8902,295.1902,295.2902,293.09018,295.3902,295.1902,295.8902,295.3902,296.1902,295.2902,292.1902,292.09018,292.7902,290.6902,289.59018,290.6902,289.1902,288.2902
290.3902,293.2902,294.59018,294.1902,295.2902,292.99017,288.6902,291.3902,290.99017,291.3902,287.1902,287.1902,289.49017,290.59018,294.1902,292.2902,293.7902,293.49017,294.7902,293.6902,293.6902,292.8902,292.59018,293.59018,293.6902,295.1902,295.7902,297.2902,296.8902,296.7902,296.59018,296.1902,294.8902,293.49017,291.2902,291.2902,290.09018,290.59018,289.7902,290.09018,289.3902
286.6902,289.2902,290.99017,291.2902,290.7902,291.59018,293.6902,294.6902,291.3902,285.7902,285.1902,285.49017,287.09018,286.49017,291.99017,292.2902,293.8902,293.99017,294.3902,292.99017,292.6902,292.2902,291.3902,291.7902,293.49017,294.3902,296.49017,295.8902,295.49017,295.49017,295.6902,294.8902,295.3902,295.2902,294.99017,292.99017,291.2902,291.09018,289.6902,288.99017,287.8902
285.8902,286.59018,286.3902,288.09018,288.99017,288.99017,289.3902,289.1902,291.49017,291.2902,286.7902,283.6902,287.49017,285.7902,287.1902,288.59018,290.7902,292.2902,292.8902,292.7902,292.59018,292.99017,293.7902,293.49017,293.6902,294.99017,294.3902,294.3902,294.1902,294.2902,293.8902,293.59018,292.99017,292.09018,292.09018,291.3902,290.49017,289.59018,289.99017,288.09018,289.1902
283.6902,285.49017,284.8902,285.7902,286.49017,288.1902,288.3902,286.49017,289.6902,291.2902,289.99017,289.09018,287.7902,286.59018,285.09018,291.3902,291.2902,291.3902,292.2902,291.8902,292.49017,292.7902,293.09018,292.99017,292.7902,292.99017,293.6902,293.09018,293.3902,292.8902,292.3902,288.2902,291.8902,291.3902,291.1902,291.49017,291.99017,290.3902,291.2902,288.6902,287.6902
