wind_kz.json
{"header": {"discipline":0,"disciplineName":"Meteorological products","gribEdition":2,"gribLength":1102,"center":7,"centerName":"US National Weather Service - NCEP(WMC)","subcenter":0,"refTime":"2023-09-10T18:00:00.000Z","significanceOfRT":1,"significanceOfRTName":"Start of forecast","productStatus":0,"productStatusName":"Operational products","productType":1,"productTypeName":"Forecast products","productDefinitionTemplate":0,"productDefinitionTemplateName":"Analysis/forecast at horizontal level/layer at a point in time","parameterCategory":2,"parameterCategoryName":"UnknownDiscipline_0_Category_2","parameterNumber":2,"parameterNumberName":"UnknownParameter_D0_C2_2","parameterUnit":"Unknown","genProcessType":2,"genProcessTypeName":"Forecast","forecastTime":60,"surface1Type":103,"surface1TypeName":"Specified height level above ground","surface1Value":10.0,"surface2Type":255,"surface2TypeName":"Missing","surface2Value":0.0,"gridDefinitionTemplate":0,"gridDefinitionTemplateName":"Latitude_Longitude","numberPoints":615,"shape":6,"shapeName":"Earth spherical with radius of 6,371,229.0 m","gridUnits":"degrees","resolution":48,"winds":"true","scanMode":64,"nx":41,"ny":15,"basicAngle":0,"lo1":47.0,"la1":41.0,"lo2":87.0,"la2":55.0,"dx":1.0,"dy":1.0}, "data":
[rows 0 to 14 of 15, columns 0 to 40 of 41]
-0.39000243,0.08999756,0.6599976,-2.1100025,-6.6400023,-7.9400024,-8.570003,-8.890002,-10.300002,-8.120003,-8.490003,-8.470002,-7.8700023,-6.9000025,-5.7300024,-4.8500023,-4.2500024,-5.8800025,-5.5200024,-5.2100024,-2.7000024,-0.68000245,1.0399976,2.6999977,0.40999755,0.47999755,3.3599975,6.4399977,3.6399975,2.5199976,5.9599977,2.3099976,1.8599975,-1.3500024,-1.8600024,-1.4500024,-1.1100024,-1.5400025,-3.5700026,-4.1200023,-4.5600023
-0.8900024,0.8499976,1.4599975,-4.1900024,-7.2200027,-9.540003,-8.250003,-8.450003,-8.230002,-8.010002,-7.5500026,-7.0200024,-6.0900025,-5.5700026,-5.0600023,-4.1900024,-2.7900023,-3.5900025,-2.6400025,-2.0500023,-1.1100024,-0.60000247,0.23999757,3.3999975,2.0199976,-0.16000244,1.0999975,2.8299975,4.5299973,3.9899976,2.9899976,2.9499977,1.7099975,1.2399975,0.75999755,-5.1700025,-5.660002,-5.7600026,-2.8900025,-2.6600025,-2.4100025
-1.0700024,-4.8100023,-0.9600024,-6.5700026,-5.9600024,-6.1500025,-5.8400025,-3.4300025,-4.3600025,-4.0600023,-4.6900024,-4.6000023,-4.2700024,-4.1900024,-3.1500025,-2.5000024,-2.5200024,-1.8300024,-0.95000243,-0.29000244,1.1899976,2.9499977,3.2199976,4.6099977,1.7199975,1.7199975,1.2399975,0.39999756,3.2099977,0.54999757,1.8499975,-2.0600023,-0.73000246,0.23999757,-1.8200024,-0.87000245,-0.24000244,-0.37000245,-1.6600025,3.0199976,2.0599976
-1.1200024,-0.15000243,-3.6900024,-3.3700025,-1.3700024,-5.8600025,-3.5200024,-2.6700025,-2.7900023,-4.0900025,-3.4200025,-3.2500024,-2.7000024,-1.2500024,-0.13000244,0.88999754,1.2599976,2.5599976,2.2699976,2.5699975,2.6699975,3.0299976,3.3599975,4.1099977,3.7999976,4.0599976,4.0499973,3.8599975,3.6499975,0.9099976,1.4399976,1.3099976,0.42999756,-0.66000247,0.56999755,2.2999976,1.3899976,2.1699975,-1.3700024,-6.2600026,-2.4400024
-1.7000024,-1.4500024,-1.9300025,-4.5500026,-4.2100024,-4.5000024,-3.3800025,-1.5600024,-2.4100025,-2.9300025,-2.1500025,-2.5500023,-0.54000247,0.09999756,0.11999756,0.57999754,2.0199976,3.8099976,4.9199977,5.339998,5.7999973,6.1899977,6.4599977,6.589998,6.8599977,6.6999974,7.589998,6.2699976,6.4599977,5.7399974,4.9399977,4.2399974,3.1499975,7.0099974,-4.410002,-2.3200026,-3.9200025,-5.1000023,-4.5100026,-1.8000025,1.0399976
-2.1900024,-0.26000243,-0.69000244,-0.10000244,-0.39000243,-1.2700025,-1.3100024,-1.6200024,-1.4900024,-1.2000024,0.37999755,1.6499976,0.33999756,-1.5200025,0.8599976,1.1699976,1.9199976,3.1099975,3.1799974,4.1099977,5.5499973,6.2199974,7.6399975,8.659998,8.209997,9.429997,9.3499975,6.9399977,8.989998,8.109998,7.9799976,7.3699975,8.169997,6.9099975,4.8599977,1.6699976,1.8599975,1.3999976,5.069998,5.7399974,4.5499973
2.3799975,2.7399976,2.7499976,2.6799974,2.1399975,1.2899976,0.9799976,0.80999756,0.9699976,1.4399976,0.15999755,-1.9000025,-1.1300025,-0.20000245,-1.2100024,-1.7100024,-1.0800024,0.02999756,-0.51000243,0.57999754,0.74999756,1.1599976,2.9999976,4.4199977,7.569998,9.199998,10.379997,9.149998,9.289997,9.259997,9.409998,8.549997,7.4799976,7.3999977,5.9899974,4.9399977,3.7899976,3.1899977,5.3699975,-0.060002442,-1.1400025
1.1699976,2.6599975,3.5599976,1.4899975,1.6599976,1.5499976,1.1799976,1.7099975,1.2499976,-1.4200025,-2.3800025,-0.56000245,-0.75000244,0.08999756,0.33999756,1.0799975,1.5399976,1.8499975,1.4599975,1.5699975,1.9599975,2.5999975,3.5699975,5.2699976,5.4599977,6.1899977,6.6299977,7.6199975,9.249997,8.259997,8.729998,8.879997,7.4099975,6.9799976,7.3599977,7.9699974,3.5399976,-2.8200026,1.8899976,2.2799976,4.2399974
3.0899975,1.1799976,-2.5700026,-1.5400025,-2.0300024,-1.4900024,-2.0300024,-2.5200024,-2.6700025,-2.4200025,-0.6400024,-1.4600024,0.09999756,0.05999756,-0.99000245,-0.54000247,0.09999756,1.2899976,2.6599975,3.0099976,3.7099977,4.0299973,4.319998,5.3699975,7.569998,9.049997,8.559998,7.6899977,7.7199974,6.2499976,7.7299976,7.8299975,7.5999975,7.4599977,6.7799973,5.1999974,4.1599975,3.5499976,3.2099977,2.4699976,3.8799975
0.7199976,-4.1500025,-0.57000244,-3.7800024,-4.3200026,-4.4900026,-4.6000023,-3.7500024,-2.1600025,-1.3300024,-2.1100025,-0.67000246,-0.70000243,-1.3300024,-0.60000247,0.32999757,1.4799975,0.87999755,2.3399975,2.2599976,3.7999976,3.6799974,3.3999975,4.7899976,4.5099974,1.9899975,6.2699976,7.1699977,5.8699975,5.0799975,5.339998,3.4799976,3.0099976,3.4299974,5.8299975,4.819998,2.8799975,0.45999756,2.1999977,2.0499976,2.0099976
-4.930002,-3.3400025,-4.7300024,-4.5200024,-3.8600025,-3.2800024,-2.5900025,-2.2100024,-2.8600025,-1.1000024,-1.3600024,-2.4100025,-1.2800025,-0.41000244,-1.1200024,0.55999756,1.4099976,0.64999753,-0.10000244,-0.56000245,0.19999756,1.2099975,2.3499975,2.6299975,1.7399975,0.95999753,-0.63000244,-1.5700024,-0.29000244,0.049997557,1.9299976,2.7499976,2.7399976,1.1799976,1.6899976,6.4699974,0.7199976,1.3299975,2.7599976,2.7999976,2.2899976
-3.0100024,-3.6200025,-2.9400024,-2.5000024,-2.4800024,-2.3900025,-1.6900024,-2.5900025,-2.0800025,-2.5200024,-2.5700026,-2.3000023,-1.5900024,-1.9700024,0.28999755,0.74999756,0.50999755,-0.75000244,-0.91000247,-0.10000244,-0.39000243,1.0999975,0.29999757,0.23999757,0.54999757,-0.41000244,-1.5200025,0.8599976,1.8199975,3.3999975,2.4199975,2.5499976,-0.070002444,-0.12000244,1.4099976,2.8399975,3.2799976,1.9699975,-0.040002443,1.6399976,4.1899977
-2.1000025,-2.8700025,-1.6400025,-1.0400025,-1.8800025,-1.2500024,-1.0600024,-0.80000246,-1.5800024,-2.0100024,-1.2400024,-1.5500025,-0.69000244,-0.36000243,0.6699976,-0.010002442,-0.51000243,-0.92000246,-0.80000246,-0.46000245,0.25999755,-0.67000246,0.30999756,0.75999755,0.7299976,-0.51000243,-1.6800025,-3.8100023,-1.6900024,-3.9400024,-5.1300025,-5.2200027,-2.7600024,-1.2800025,-1.6700025,2.0799975,3.2499976,3.2199976,0.08999756,4.7599974,2.6199975
-2.5400023,-1.9000025,-1.1600025,-1.0800024,-0.9700024,-1.2800025,-1.6900024,-2.3000023,-2.6300025,-2.0100024,-1.0200025,-1.0300025,-2.5600023,-1.5500025,-1.6900024,-0.74000245,-0.86000246,-2.4600024,-2.3400025,-2.1000025,-2.0300024,-2.4600024,-2.6400025,-1.4200025,-2.7700024,-3.3100023,-4.0200024,-4.2600026,-5.660002,-4.8100023,-4.7700024,-3.6700025,-3.6300025,-1.4400024,-2.6600025,-2.3200026,-2.1300025,-1.5700024,-1.0300025,-1.0100025,-0.81000245
-1.1600025,-1.3400024,-3.4200025,-3.7200024,-3.8200026,-3.8200026,-2.9800024,-2.7900023,-2.3300025,-2.0500023,-0.74000245,-1.6300025,-0.91000247,-1.6600025,-1.8400024,-1.7900025,-2.0900025,-2.0900025,-2.7400024,-3.7600024,-3.9800024,-4.2200027,-4.1000023,-4.0500026,-4.8300023,-4.7700024,-4.6900024,-4.910002,-4.8000026,-5.4600024,-5.7300024,-5.5900025,-5.4200025,-4.6500025,-3.7700024,-3.0300024,-2.0500023,-1.5900024,-0.6500024,0.5299976,0.98999757
