wind_kz.json
{"header": {"discipline":0,"disciplineName":"Meteorological products","gribEdition":2,"gribLength":948,"center":7,"centerName":"US National Weather Service - NCEP(WMC)","subcenter":0,"refTime":"2023-09-26T12:00:00.000Z","significanceOfRT":1,"significanceOfRTName":"Start of forecast","productStatus":0,"productStatusName":"Operational products","productType":1,"productTypeName":"Forecast products","productDefinitionTemplate":0,"productDefinitionTemplateName":"Analysis/forecast at horizontal level/layer at a point in time","parameterCategory":0,"parameterCategoryName":"UnknownDiscipline_0_Category_0","parameterNumber":0,"parameterNumberName":"UnknownParameter_D0_C0_0","parameterUnit":"Unknown","genProcessType":2,"genProcessTypeName":"Forecast","forecastTime":120,"surface1Type":1,"surface1TypeName":"Ground or water surface","surface1Value":0.0,"surface2Type":255,"surface2TypeName":"Missing","surface2Value":0.0,"gridDefinitionTemplate":0,"gridDefinitionTemplateName":"Latitude_Longitude","numberPoints":615,"shape":6,"shapeName":"Earth spherical with radius of 6,371,229.0 m","gridUnits":"degrees","resolution":48,"winds":"true","scanMode":64,"nx":41,"ny":15,"basicAngle":0,"lo1":47.0,"la1":41.0,"lo2":87.0,"la2":55.0,"dx":1.0,"dy":1.0}, "data":
[rows 0 to 14 of 15, columns 0 to 40 of 41]
304.9673,292.4673,299.86728,293.6673,293.5673,293.0673,303.36728,308.0673,304.9673,305.4673,303.76727,303.76727,302.76727,302.6673,301.86728,301.36728,301.9673,301.9673,301.9673,302.6673,303.0673,299.86728,299.86728,294.4673,296.86728,298.5673,293.4673,281.26727,270.6673,275.0673,275.1673,277.0673,288.76727,295.5673,296.26727,295.76727,294.86728,294.1673,294.6673,294.36728,292.26727
285.26727,298.26727,293.0673,293.0673,293.0673,292.86728,308.5673,305.1673,303.5673,302.9673,303.6673,302.5673,302.9673,300.9673,301.36728,301.36728,301.6673,301.9673,300.76727,300.76727,301.26727,300.36728,298.26727,288.26727,278.26727,274.76727,286.26727,280.5673,281.26727,274.5673,280.26727,265.6673,272.26727,253.26729,277.0673,292.36728,291.5673,293.0673,294.4673,286.6673,283.9673
300.36728,292.6673,293.0673,292.76727,291.36728,304.0673,303.36728,303.26727,302.9673,302.1673,301.76727,302.26727,301.5673,300.76727,300.4673,300.26727,299.86728,299.36728,299.4673,300.0673,300.4673,299.4673,299.26727,292.86728,295.6673,293.0673,293.76727,293.26727,292.5673,282.76727,270.1673,275.36728,282.5673,282.6673,283.86728,281.9673,276.1673,276.76727,279.1673,273.4673,273.9673
300.6673,291.86728,292.6673,292.26727,295.4673,302.86728,302.6673,302.76727,302.36728,302.1673,301.76727,300.5673,291.36728,290.86728,298.76727,300.4673,299.36728,298.5673,298.6673,298.5673,297.76727,294.0673,297.5673,298.1673,297.76727,297.1673,296.36728,292.86728,291.1673,292.9673,293.9673,291.5673,295.9673,293.36728,291.26727,286.6673,277.36728,268.36728,278.6673,287.1673,290.4673
301.1673,291.6673,292.6673,291.86728,296.6673,302.5673,303.1673,304.0673,302.1673,301.5673,301.86728,301.4673,291.1673,289.4673,287.9673,299.0673,300.5673,298.26727,296.9673,297.26727,297.4673,298.0673,297.0673,297.1673,296.9673,296.76727,295.4673,291.76727,294.36728,293.5673,295.9673,292.86728,278.76727,270.5673,282.5673,291.9673,293.1673,294.1673,294.4673,294.36728,294.0673
302.0673,300.76727,291.0673,291.9673,292.1673,292.4673,304.6673,304.36728,301.9673,301.9673,301.76727,301.6673,291.6673,291.0673,293.9673,298.1673,299.36728,297.4673,296.76727,296.76727,295.6673,294.6673,294.4673,294.36728,294.86728,293.86728,293.36728,287.76727,294.1673,294.86728,293.26727,294.0673,291.5673,291.36728,287.5673,290.0673,282.76727,283.6673,289.1673,294.1673,291.76727
303.76727,304.1673,303.9673,304.26727,300.1673,304.6673,305.76727,302.76727,302.6673,301.76727,299.9673,299.9673,298.6673,297.76727,297.76727,297.6673,296.86728,296.76727,296.5673,295.36728,291.5673,289.6673,290.4673,293.0673,291.9673,291.36728,290.5673,292.36728,291.6673,291.9673,291.4673,292.1673,293.26727,292.0673,289.26727,286.86728,282.76727,280.1673,276.86728,278.1673,286.4673
304.1673,304.36728,305.36728,305.76727,306.1673,305.6673,305.36728,302.86728,301.5673,300.0673,298.0673,297.9673,296.36728,296.4673,297.86728,297.4673,295.86728,295.86728,294.26727,289.0673,287.1673,287.76727,288.36728,289.86728,289.76727,288.26727,287.4673,289.0673,286.86728,287.4673,286.5673,287.1673,286.6673,285.36728,285.86728,285.9673,288.4673,286.86728,286.76727,285.26727,283.0673
304.26727,303.9673,304.26727,303.86728,303.9673,304.36728,303.36728,301.4673,299.5673,296.6673,296.6673,296.1673,295.0673,295.76727,295.36728,294.6673,294.4673,291.4673,292.1673,290.0673,287.9673,287.6673,289.36728,288.0673,287.26727,287.1673,285.76727,284.36728,282.4673,280.1673,280.76727,280.4673,281.76727,282.86728,283.26727,282.0673,284.1673,283.26727,272.76727,270.6673,272.76727
304.0673,303.86728,304.1673,304.0673,303.4673,303.1673,301.9673,298.6673,296.9673,296.4673,294.9673,293.9673,294.4673,292.86728,290.36728,292.86728,292.5673,290.86728,291.86728,289.26727,288.5673,288.5673,289.1673,288.86728,287.86728,286.76727,285.5673,284.9673,283.5673,282.6673,282.36728,283.0673,283.26727,282.6673,282.4673,282.5673,281.76727,279.0673,276.5673,273.5673,271.4673
302.0673,302.36728,301.9673,301.26727,301.86728,300.6673,299.4673,297.4673,296.9673,295.36728,293.6673,292.86728,293.76727,291.5673,290.76727,290.1673,291.5673,290.6673,291.6673,289.76727,289.36728,288.4673,288.5673,288.26727,286.9673,286.0673,283.5673,286.5673,286.6673,286.6673,285.6673,284.9673,283.9673,282.4673,281.4673,282.76727,278.6673,277.0673,278.4673,276.9673,274.9673
300.5673,301.26727,301.4673,300.9673,299.6673,299.0673,296.6673,296.0673,295.4673,294.0673,291.36728,290.6673,291.86728,289.5673,290.36728,290.86728,290.36728,290.6673,290.36728,289.4673,287.5673,287.1673,286.86728,286.76727,286.1673,287.4673,286.36728,287.6673,287.1673,287.26727,285.5673,285.36728,284.5673,283.0673,283.26727,281.26727,281.26727,280.9673,280.36728,281.5673,281.36728
297.4673,299.1673,299.5673,299.26727,298.9673,298.0673,296.26727,295.5673,293.9673,292.5673,288.86728,288.0673,289.4673,288.4673,289.6673,288.6673,289.5673,289.6673,289.26727,287.5673,287.86728,286.4673,285.5673,285.4673,285.9673,286.36728,287.4673,285.4673,286.0673,285.5673,285.36728,284.4673,283.1673,282.0673,281.1673,281.0673,279.86728,280.4673,280.86728,280.86728,279.1673
298.1673,298.5673,292.0673,297.9673,297.1673,296.36728,294.5673,293.36728,293.5673,291.6673,288.26727,286.26727,287.5673,288.0673,288.36728,287.9673,289.0673,288.4673,288.4673,288.1673,287.4673,286.9673,286.0673,287.26727,287.26727,287.1673,286.1673,285.0673,283.6673,283.6673,282.4673,280.6673,279.0673,277.9673,278.36728,276.5673,277.1673,277.36728,276.86728,274.5673,275.9673
296.4673,297.76727,286.36728,296.4673,296.36728,294.86728,293.86728,293.86728,293.86728,292.0673,289.26727,287.9673,286.1673,285.36728,286.5673,287.86728,287.76727,288.1673,288.76727,287.76727,287.1673,286.0673,284.86728,285.0673,285.5673,284.9673,284.0673,282.86728,281.6673,280.1673,279.1673,280.26727,277.6673,276.76727,276.1673,276.1673,276.0673,274.5673,275.5673,275.4673,275.6673
