wind_kz.json
{"header": {"discipline":0,"disciplineName":"Meteorological products","gribEdition":2,"gribLength":1102,"center":7,"centerName":"US National Weather Service - NCEP(WMC)","subcenter":0,"refTime":"2023-09-07T18:00:00.000Z","significanceOfRT":1,"significanceOfRTName":"Start of forecast","productStatus":0,"productStatusName":"Operational products","productType":1,"productTypeName":"Forecast products","productDefinitionTemplate":0,"productDefinitionTemplateName":"Analysis/forecast at horizontal level/layer at a point in time","parameterCategory":2,"parameterCategoryName":"UnknownDiscipline_0_Category_2","parameterNumber":2,"parameterNumberName":"UnknownParameter_D0_C2_2","parameterUnit":"Unknown","genProcessType":2,"genProcessTypeName":"Forecast","forecastTime":60,"surface1Type":103,"surface1TypeName":"Specified height level above ground","surface1Value":10.0,"surface2Type":255,"surface2TypeName":"Missing","surface2Value":0.0,"gridDefinitionTemplate":0,"gridDefinitionTemplateName":"Latitude_Longitude","numberPoints":615,"shape":6,"shapeName":"Earth spherical with radius of 6,371,229.0 m","gridUnits":"degrees","resolution":48,"winds":"true","scanMode":64,"nx":41,"ny":15,"basicAngle":0,"lo1":47.0,"la1":41.0,"lo2":87.0,"la2":55.0,"dx":1.0,"dy":1.0}, "data":
[rows 0 to 14 of 15, columns 0 to 40 of 41]
6.0147023,2.0747023,4.584702,13.544703,10.564702,3.534702,3.314702,-0.5352979,-0.7052978,-0.69529784,-1.6852978,-2.9252977,-4.9652977,-5.395298,-6.145298,-6.6552978,-7.6952977,-8.875298,-8.235298,-6.5252976,-2.0652978,-2.9052978,0.83470213,0.74470216,-1.3252978,-0.04529785,1.9147022,3.534702,0.57470214,2.1247022,-0.74529785,-0.29529786,-1.1652979,-4.125298,-7.435298,-5.115298,-5.285298,-5.7352977,-5.575298,-5.615298,-5.7552977
1.6447022,1.8147022,9.024702,11.944702,2.314702,1.9847021,-0.43529785,-1.8752979,-6.5052977,-5.685298,-6.685298,-7.015298,-6.595298,-7.395298,-7.635298,-7.395298,-7.955298,-8.485298,-6.535298,-5.145298,-3.685298,-2.5952978,0.03470215,2.2047021,-0.0152978515,0.22470215,0.6547021,0.52470213,3.5947022,3.1347022,0.9647021,1.2947022,-1.2752979,1.2947022,0.30470216,-4.325298,-3.6552978,-6.705298,-2.955298,-2.725298,-1.7152978
9.634702,15.8347025,14.484702,13.344702,4.934702,-0.48529786,0.15470214,-3.5952978,-5.625298,-5.855298,-5.9852977,-5.9252977,-5.9052978,-7.435298,-7.2352977,-7.385298,-8.255298,-5.745298,-4.205298,-3.3652978,-1.3552978,-1.5752978,-1.4752978,-2.6252978,-2.0852978,-2.8352978,-2.215298,0.92470217,3.3847022,0.49470216,1.5547022,0.7947022,-2.4152977,-0.9552978,-0.40529785,1.6147021,1.3747021,0.73470217,0.50470215,4.7647023,5.694702
9.124702,15.3347025,11.094702,10.854702,6.544702,-2.3552978,0.27470216,-3.6352978,-4.165298,-4.2752976,-4.245298,-4.4852977,-4.815298,-4.6552978,-3.8652978,-5.805298,-6.845298,-5.955298,-2.995298,-1.0752978,-2.3552978,-1.6552979,-4.1952977,-4.855298,-4.435298,-3.8152978,-3.965298,-6.2952976,-6.115298,-2.495298,-1.0752978,-7.725298,-7.975298,-5.9452977,-5.185298,-1.6352979,0.23470215,1.3847022,-3.475298,-2.985298,-4.0452976
6.864702,5.924702,5.404702,5.0747023,3.4647021,-0.91529787,-1.8452978,1.1147021,0.014702149,-3.5452979,-5.615298,-7.415298,-6.345298,-4.575298,-3.1452978,-3.985298,-4.635298,-3.9152977,-4.115298,-4.2552977,-6.245298,-4.845298,-4.475298,-3.435298,-2.765298,-2.945298,-5.565298,-2.6452978,-2.8852978,-1.7952979,-1.0952978,0.41470215,2.1247022,2.6347022,-3.3152978,-2.6552978,-3.5752978,-5.055298,-3.8952978,-2.6052978,-2.235298
5.384702,3.254702,4.214702,6.774702,1.9947021,1.1047021,2.3647022,0.054702148,-1.4152979,-2.235298,-2.485298,-4.4852977,-4.915298,-5.7352977,-4.015298,-4.385298,-4.9252977,-4.265298,-3.6152978,-2.8052979,-4.055298,-3.7752979,-2.6752977,-2.195298,-2.4152977,-2.6452978,-2.945298,-4.895298,-0.7852979,0.03470215,1.6447022,2.1247022,0.93470216,-0.48529786,-1.3852979,-3.4152977,0.9647021,-0.20529786,-2.3152978,-3.0452979,-1.7752979
5.794702,5.404702,4.424702,2.984702,3.8747022,4.354702,4.144702,2.6747022,1.4247022,-0.16529785,-1.9152979,-3.5852978,-2.485298,-3.2952979,-3.3952978,-3.2852979,-3.2952979,-2.975298,-2.435298,-2.6252978,-2.3752978,-2.985298,-3.0752978,-1.1252979,-1.9852978,-1.2352978,-1.7352978,-0.40529785,-0.29529786,2.1947021,3.5847023,4.9947023,2.304702,-1.7652979,-3.7952979,-3.015298,-0.54529786,-0.5852978,2.994702,-0.31529784,-1.6652979
2.8947022,2.8347023,4.444702,3.4247022,2.244702,0.61470217,1.1347022,2.774702,2.1947021,-0.88529783,-0.24529785,-1.5152979,-1.6552979,-1.2752979,-1.2952979,-1.1652979,-1.7752979,-1.6652979,-1.6452979,-0.80529785,-1.4952979,-2.1552978,-2.755298,-1.9052979,-1.7352978,-0.82529783,-0.76529783,0.5947021,1.3747021,-0.79529786,3.274702,4.894702,2.314702,2.234702,3.3747022,-6.0252976,-6.415298,-5.4052978,-4.6752977,-1.5252979,1.7947022
5.144702,3.544702,0.054702148,0.26470214,0.18470214,-0.6552979,-1.0352979,-3.6452978,2.784702,0.41470215,-0.97529787,0.24470215,0.9047021,-0.32529786,-0.5352979,-1.3652978,-1.6352979,-1.3052979,-0.06529785,-0.08529785,-0.73529786,-0.39529786,-0.5852978,-0.28529784,-0.36529785,0.34470215,1.5947021,1.6047021,1.2547021,3.024702,1.3247021,2.6847022,4.314702,1.3847022,-3.1052978,-4.245298,-3.8952978,0.054702148,1.7247021,-0.68529785,2.274702
1.4647021,1.9047022,0.09470215,-2.6152978,-2.0552979,-2.705298,-3.2752979,-2.3052979,-3.3952978,-2.3052979,3.1947021,3.234702,1.5347022,0.49470216,0.77470213,0.41470215,0.69470215,0.56470215,-0.20529786,1.0047021,2.4447021,0.9647021,1.3947022,2.5847023,3.274702,3.7147021,4.7047024,5.104702,4.794702,6.084702,6.084702,4.2047024,3.9047022,0.6647022,-1.2952979,-4.435298,-3.455298,-1.5152979,2.3347023,1.1747022,1.0447022
-2.8752978,-3.235298,0.23470215,1.6447022,-1.6352979,-3.0952978,-2.5352979,-0.025297852,-3.195298,1.6847022,1.1147021,2.5747023,1.7047021,3.534702,3.794702,3.6447022,3.7147021,3.3247023,2.4047022,2.2047021,3.9147022,4.064702,4.424702,4.374702,4.854702,5.7447023,7.154702,7.7047024,7.3247023,7.064702,7.154702,5.884702,2.024702,-1.8852979,-3.0752978,-3.015298,-0.61529785,0.94470215,0.69470215,-0.17529786,1.4047022
-2.715298,-3.0352979,-3.705298,-0.41529787,2.3347023,2.014702,1.1847022,0.56470215,-0.79529786,-0.42529786,1.8747021,3.6447022,4.2047024,5.0747023,5.834702,5.7647023,5.934702,5.7047024,5.0747023,3.9447021,4.3447022,5.2047024,6.144702,5.944702,6.964702,8.224702,9.324702,9.744702,7.334702,5.294702,2.5847023,-3.695298,-4.915298,-5.345298,-4.2952976,-4.535298,-2.935298,-1.3152978,0.34470215,0.42470214,-0.85529786
-2.515298,-2.955298,-1.9852978,-2.495298,-1.3752979,0.054702148,1.7247021,2.4447021,3.3647022,2.534702,2.4547021,4.314702,6.004702,7.414702,4.8047023,5.154702,6.2647023,6.424702,4.734702,4.7047024,4.874702,5.394702,5.564702,6.164702,7.154702,8.554702,4.4947023,-2.1452978,-3.5852978,-5.495298,-6.455298,-8.215298,-8.775298,-6.325298,-5.1952977,-4.635298,-4.4652977,-2.715298,-3.465298,-3.205298,-1.7552979
-1.5252979,-1.6052978,-2.015298,-2.8052979,-3.1552978,-3.255298,-3.975298,-1.8152978,-0.98529786,0.93470216,0.73470217,1.0647022,-1.9952979,-3.695298,-3.0552979,-4.185298,-2.685298,1.2147021,0.5347021,3.1447022,3.534702,4.044702,4.774702,4.394702,4.934702,-1.5252979,-4.385298,-7.585298,-8.145298,-7.605298,-6.5052977,-6.7952976,-6.435298,-5.5052977,-3.8452978,-3.2952979,-2.745298,-2.1352978,-1.8852979,-2.3352978,-2.225298
-1.9952979,-2.8952978,-3.8252978,-2.995298,-2.5752978,-2.3652978,-2.3952978,-2.955298,-6.135298,-4.415298,-2.8552978,-4.035298,-1.5052979,-2.3952978,-2.5252979,-1.2252978,-5.305298,-5.9652977,-3.995298,-1.4352978,-0.14529786,0.75470215,-2.0752978,-3.2952979,-3.725298,-5.4252977,-6.665298,-7.5052977,-7.395298,-7.605298,-7.6952977,-6.815298,-5.575298,-4.435298,-3.5852978,-3.1252978,-2.2852979,-2.995298,-3.0552979,-2.6152978,-0.76529783
