wind.json
{"header": {"discipline":0,"disciplineName":"Meteorological products","gribEdition":2,"gribLength":1039,"center":7,"centerName":"US National Weather Service - NCEP(WMC)","subcenter":0,"refTime":"2023-06-30T12:00:00.000Z","significanceOfRT":1,"significanceOfRTName":"Start of forecast","productStatus":0,"productStatusName":"Operational products","productType":1,"productTypeName":"Forecast products","productDefinitionTemplate":0,"productDefinitionTemplateName":"Analysis/forecast at horizontal level/layer at a point in time","parameterCategory":0,"parameterCategoryName":"UnknownDiscipline_0_Category_0","parameterNumber":0,"parameterNumberName":"UnknownParameter_D0_C0_0","parameterUnit":"Unknown","genProcessType":2,"genProcessTypeName":"Forecast","forecastTime":240,"surface1Type":1,"surface1TypeName":"Ground or water surface","surface1Value":0.0,"surface2Type":255,"surface2TypeName":"Missing","surface2Value":0.0,"gridDefinitionTemplate":0,"gridDefinitionTemplateName":"Latitude_Longitude","numberPoints":688,"shape":6,"shapeName":"Earth spherical with radius of 6,371,229.0 m","gridUnits":"degrees","resolution":48,"winds":"true","scanMode":64,"nx":43,"ny":16,"basicAngle":0,"lo1":45.0,"la1":40.0,"lo2":87.0,"la2":55.0,"dx":1.0,"dy":1.0}, "data":
[rows 0 to 15 of 16, columns 0 to 42 of 43]
301.60907,294.70908,319.10907,322.30908,321.80908,299.4091,299.80908,298.60907,323.0091,327.4091,329.10907,326.0091,327.0091,325.10907,323.30908,323.0091,322.0091,321.4091,320.20908,319.60907,318.0091,314.30908,314.4091,316.4091,314.0091,309.4091,308.70908,298.10907,291.0091,287.5091,289.20908,311.30908,312.0091,313.20908,314.0091,309.70908,312.4091,313.9091,317.30908,317.5091,315.60907,313.20908,312.80908
300.9091,319.5091,321.9091,304.20908,315.20908,298.0091,298.60907,297.70908,314.0091,330.10907,329.0091,327.20908,324.70908,322.70908,322.9091,322.4091,321.5091,320.20908,318.9091,317.4091,319.9091,319.20908,319.9091,316.10907,314.60907,311.9091,313.70908,317.0091,310.60907,290.5091,291.20908,287.9091,290.4091,287.9091,299.60907,309.5091,313.20908,311.10907,312.70908,313.9091,314.70908,316.10907,316.0091
304.4091,297.9091,292.0091,310.20908,298.10907,299.20908,299.9091,296.5091,326.10907,326.5091,325.30908,324.4091,325.10907,322.80908,321.70908,319.10907,318.80908,319.10907,319.0091,318.5091,317.4091,317.9091,318.20908,316.5091,315.4091,302.70908,291.20908,291.60907,299.4091,292.20908,292.5091,286.80908,290.0091,279.5091,292.20908,272.4091,291.10907,305.4091,301.80908,309.80908,314.80908,303.70908,286.60907
301.10907,308.9091,313.20908,298.70908,298.60907,298.30908,297.9091,325.20908,326.0091,326.5091,325.4091,323.4091,322.20908,322.20908,317.0091,317.0091,318.4091,318.10907,317.5091,312.80908,314.4091,314.70908,314.30908,316.4091,315.0091,310.20908,310.5091,306.60907,302.4091,298.10907,309.0091,293.10907,286.9091,285.5091,293.60907,291.5091,294.60907,298.70908,289.4091,290.9091,293.0091,287.5091,287.20908
315.4091,317.20908,315.30908,298.9091,299.10907,299.20908,307.10907,324.4091,325.4091,326.20908,324.9091,325.5091,322.5091,318.30908,297.0091,296.0091,314.9091,317.20908,314.10907,317.80908,317.5091,316.4091,311.80908,309.9091,317.9091,315.80908,314.70908,311.30908,307.0091,313.20908,314.60907,312.5091,312.5091,305.0091,312.10907,313.30908,311.70908,305.60907,290.5091,290.0091,293.20908,305.5091,309.5091
317.4091,316.9091,317.4091,299.30908,299.30908,300.10907,308.10907,321.5091,325.20908,327.10907,324.70908,325.10907,323.5091,322.20908,297.4091,296.5091,293.0091,318.20908,319.4091,316.70908,313.4091,317.20908,316.80908,317.70908,310.9091,314.10907,313.30908,310.9091,311.5091,308.9091,315.70908,311.80908,314.10907,310.4091,295.0091,284.0091,292.10907,301.9091,302.0091,316.4091,317.70908,314.60907,315.4091
315.9091,320.0091,320.0091,318.30908,300.60907,300.4091,301.0091,302.5091,325.20908,324.20908,324.80908,323.20908,322.80908,322.30908,299.70908,297.70908,306.30908,312.30908,317.20908,309.4091,319.60907,318.80908,316.80908,308.70908,301.80908,308.9091,306.80908,316.0091,315.5091,291.30908,313.70908,316.60907,314.0091,311.4091,309.80908,307.10907,305.30908,304.30908,298.70908,301.0091,313.80908,312.60907,311.20908
318.9091,321.4091,321.70908,320.80908,324.9091,317.4091,316.10907,317.30908,315.9091,323.20908,323.10907,321.60907,321.4091,321.5091,320.60907,319.9091,319.0091,320.10907,313.20908,305.30908,307.70908,309.4091,316.80908,314.0091,316.5091,315.4091,314.4091,315.30908,315.60907,317.30908,314.30908,316.0091,315.0091,312.60907,313.5091,310.4091,308.9091,307.9091,303.5091,300.10907,294.80908,292.10907,301.10907
317.10907,316.10907,320.30908,321.70908,322.20908,321.9091,322.10907,322.0091,322.60907,313.10907,321.4091,318.30908,318.10907,318.0091,319.20908,314.80908,319.30908,319.9091,319.5091,320.4091,319.70908,316.60907,315.30908,314.80908,314.70908,315.20908,313.9091,306.0091,300.5091,312.80908,302.10907,313.30908,310.0091,309.70908,306.30908,304.60907,305.20908,308.9091,309.80908,289.60907,308.60907,308.20908,305.60907
296.5091,315.20908,315.9091,317.60907,317.80908,318.30908,318.5091,319.10907,320.10907,315.80908,318.20908,315.70908,313.80908,315.4091,315.20908,317.4091,316.20908,311.30908,317.70908,316.20908,314.60907,313.60907,310.70908,310.80908,312.30908,313.10907,310.60907,311.10907,309.10907,306.0091,303.20908,305.0091,304.9091,304.0091,305.10907,306.5091,305.80908,305.4091,306.30908,304.30908,292.0091,290.10907,290.20908
306.4091,310.5091,310.30908,312.5091,313.30908,312.9091,313.60907,315.10907,312.20908,309.9091,312.20908,311.4091,310.10907,306.70908,311.0091,312.80908,313.70908,314.10907,314.30908,314.10907,313.20908,312.60907,311.30908,312.10907,313.4091,312.80908,311.60907,309.20908,308.70908,307.60907,305.70908,304.9091,304.70908,307.5091,308.30908,307.5091,307.20908,306.70908,301.10907,296.60907,293.20908,289.70908,288.80908
302.20908,298.80908,306.5091,307.60907,308.60907,308.5091,309.20908,309.80908,309.60907,310.30908,307.70908,305.9091,306.80908,304.9091,308.10907,305.60907,308.80908,310.20908,311.5091,307.0091,312.5091,309.80908,310.10907,312.4091,308.4091,308.20908,307.9091,306.10907,304.70908,309.0091,308.30908,310.60907,309.9091,309.0091,308.30908,304.9091,303.10907,303.70908,297.0091,294.30908,295.0091,294.4091,293.4091
298.5091,301.10907,303.60907,304.60907,306.5091,306.0091,304.10907,304.20908,302.9091,303.9091,304.0091,305.9091,305.0091,299.60907,303.70908,303.70908,303.5091,305.80908,308.0091,309.10907,303.60907,306.4091,305.80908,306.30908,307.70908,306.5091,305.5091,307.30908,307.10907,309.20908,311.80908,310.0091,307.0091,306.60907,306.30908,304.20908,302.9091,303.30908,303.0091,302.10907,299.70908,299.9091,298.70908
298.5091,299.4091,299.9091,302.30908,304.80908,303.70908,302.80908,302.10907,301.10907,302.70908,302.10907,301.70908,299.60907,297.80908,299.4091,298.60907,297.60907,300.10907,301.4091,304.20908,305.60907,304.30908,303.70908,303.4091,304.0091,304.10907,308.9091,308.60907,310.30908,309.30908,306.10907,307.4091,309.4091,306.20908,304.9091,304.10907,303.10907,302.4091,301.80908,301.30908,297.80908,299.10907,299.30908
298.30908,298.30908,300.70908,303.60907,298.10907,304.4091,303.5091,301.9091,298.70908,297.70908,300.80908,300.60907,297.4091,297.0091,299.5091,300.10907,300.0091,299.10907,297.4091,299.4091,300.4091,303.30908,301.9091,303.10907,305.30908,305.60907,305.9091,308.10907,306.60907,298.30908,305.0091,304.9091,306.4091,305.70908,303.5091,304.0091,302.30908,301.70908,301.0091,300.4091,299.80908,298.4091,298.30908
298.60907,297.9091,298.5091,301.20908,294.0091,302.0091,302.0091,302.5091,300.70908,300.80908,301.10907,300.70908,298.9091,296.80908,294.80908,298.4091,300.30908,299.60907,298.9091,295.80908,297.60907,296.30908,295.70908,302.4091,302.9091,304.30908,304.5091,304.0091,299.20908,303.5091,301.20908,298.80908,301.9091,292.0091,298.30908,302.4091,301.4091,302.0091,300.70908,298.4091,300.70908,300.30908,300.70908
