wind_kz.json
{"header": {"discipline":0,"disciplineName":"Meteorological products","gribEdition":2,"gribLength":871,"center":7,"centerName":"US National Weather Service - NCEP(WMC)","subcenter":0,"refTime":"2023-08-19T18:00:00.000Z","significanceOfRT":1,"significanceOfRTName":"Start of forecast","productStatus":0,"productStatusName":"Operational products","productType":1,"productTypeName":"Forecast products","productDefinitionTemplate":0,"productDefinitionTemplateName":"Analysis/forecast at horizontal level/layer at a point in time","parameterCategory":0,"parameterCategoryName":"UnknownDiscipline_0_Category_0","parameterNumber":0,"parameterNumberName":"UnknownParameter_D0_C0_0","parameterUnit":"Unknown","genProcessType":2,"genProcessTypeName":"Forecast","forecastTime":240,"surface1Type":1,"surface1TypeName":"Ground or water surface","surface1Value":0.0,"surface2Type":255,"surface2TypeName":"Missing","surface2Value":0.0,"gridDefinitionTemplate":0,"gridDefinitionTemplateName":"Latitude_Longitude","numberPoints":615,"shape":6,"shapeName":"Earth spherical with radius of 6,371,229.0 m","gridUnits":"degrees","resolution":48,"winds":"true","scanMode":64,"nx":41,"ny":15,"basicAngle":0,"lo1":47.0,"la1":41.0,"lo2":87.0,"la2":55.0,"dx":1.0,"dy":1.0}, "data":
[rows 0 to 14 of 15, columns 0 to 40 of 41]
300.20053,288.70053,293.60052,298.60052,298.50055,297.20053,300.50055,301.60052,299.60052,298.90054,297.10052,298.40054,298.20053,297.80054,297.40054,295.10052,295.50055,296.10052,295.70053,294.30054,295.50055,292.60052,290.90054,288.20053,291.70053,294.70053,291.40054,279.40054,282.10052,282.70053,281.20053,284.10052,292.30054,299.00055,300.50055,300.80054,300.10052,301.50055,300.70053,299.60052,299.50055
278.80054,293.40054,298.60052,298.80054,298.60052,297.00055,300.40054,298.60052,296.30054,296.30054,296.60052,294.80054,294.10052,294.90054,293.90054,293.60052,294.60052,295.30054,293.90054,293.90054,292.10052,294.80054,290.50055,287.10052,278.20053,279.10052,287.00055,278.40054,281.70053,277.30054,281.40054,276.50055,285.30054,263.10052,281.90054,297.10052,295.90054,298.70053,302.40054,293.40054,284.10052
296.90054,298.80054,299.10052,299.10052,297.20053,299.50055,298.00055,295.80054,294.40054,293.80054,293.50055,293.80054,291.90054,292.90054,294.40054,294.00055,292.30054,291.80054,292.20053,293.60052,293.20053,295.60052,295.70053,289.20053,288.10052,289.00055,289.60052,289.80054,289.40054,281.40054,276.20053,278.10052,281.10052,282.00055,284.80054,285.80054,280.80054,282.40054,284.40054,281.10052,280.00055
294.30054,299.40054,298.80054,297.80054,296.80054,297.80054,296.70053,296.10052,295.20053,294.80054,296.00055,294.00055,295.30054,294.60052,294.10052,292.20053,294.50055,294.40054,294.50055,292.60052,293.50055,289.70053,294.30054,293.80054,293.00055,293.60052,293.40054,292.50055,290.70053,291.40054,292.30054,289.40054,295.40054,291.00055,286.30054,285.50055,276.80054,278.90054,280.80054,288.50055,291.60052
297.60052,299.00055,298.80054,298.10052,298.20053,298.00055,297.40054,296.60052,297.70053,298.00055,296.70053,293.80054,295.30054,293.90054,291.60052,295.70053,295.10052,292.90054,290.90054,294.00055,294.00055,293.40054,292.70053,292.40054,291.50055,290.60052,289.70053,291.80054,290.80054,291.40054,294.70053,289.00055,279.80054,271.80054,280.80054,291.30054,293.30054,295.30054,295.10052,296.20053,295.90054
295.20053,292.90054,297.40054,297.60052,298.00055,297.90054,296.80054,297.70053,296.30054,298.30054,298.30054,295.90054,294.70053,294.60052,294.10052,294.40054,297.00055,295.90054,295.50055,295.60052,293.80054,292.60052,291.60052,292.10052,290.80054,290.40054,289.10052,293.10052,291.70053,292.30054,291.80054,293.50055,290.70053,288.20053,285.90054,289.70053,282.80054,287.00055,294.20053,295.60052,294.30054
297.70053,294.10052,297.50055,297.00055,296.40054,295.40054,295.10052,295.40054,299.00055,298.50055,297.90054,299.10052,298.00055,297.50055,294.50055,296.40054,295.30054,296.40054,295.30054,294.10052,293.20053,294.20053,292.80054,292.90054,290.90054,290.70053,291.10052,292.20053,290.80054,290.80054,291.10052,291.50055,292.20053,292.70053,289.90054,288.50055,283.30054,280.60052,278.40054,278.40054,290.30054
298.90054,297.30054,297.90054,295.50055,297.50055,297.60052,296.70053,295.50055,295.40054,296.70053,297.30054,297.30054,296.00055,294.10052,294.90054,296.60052,294.00055,293.40054,293.90054,291.40054,291.30054,291.50055,291.80054,290.30054,289.00055,286.00055,289.60052,290.30054,286.60052,288.50055,287.70053,288.60052,287.10052,285.10052,284.80054,287.60052,287.60052,289.20053,287.10052,288.60052,286.60052
299.10052,299.20053,298.50055,297.70053,298.50055,297.40054,295.20053,295.30054,295.40054,294.40054,294.30054,293.40054,292.40054,294.30054,293.60052,293.80054,291.90054,292.50055,290.60052,289.50055,290.10052,290.00055,290.90054,290.40054,288.70053,289.00055,287.30054,287.00055,283.40054,280.50055,284.50055,286.20053,286.70053,288.30054,287.50055,285.50055,286.80054,284.20053,274.90054,272.80054,271.50055
298.80054,299.00055,298.60052,298.80054,298.30054,296.60052,294.80054,294.10052,294.10052,294.50055,291.80054,292.10052,292.80054,292.60052,291.70053,289.20053,292.60052,291.20053,287.80054,287.10052,283.90054,284.40054,286.20053,289.10052,289.00055,287.60052,287.50055,284.40054,282.60052,281.00055,282.90054,285.80054,286.90054,286.60052,287.30054,286.10052,284.10052,281.40054,277.30054,277.70053,276.00055
297.90054,297.00055,296.70053,296.00055,295.00055,294.70053,294.70053,293.20053,292.40054,291.60052,291.30054,291.30054,292.80054,288.80054,289.10052,290.10052,287.80054,285.90054,284.70053,282.70053,283.00055,283.30054,283.90054,283.80054,283.40054,287.20053,285.60052,286.80054,286.60052,285.00055,284.90054,285.10052,285.20053,286.70053,287.10052,284.00055,280.40054,277.70053,279.20053,279.10052,277.50055
294.20053,296.40054,295.70053,294.60052,293.80054,292.70053,290.90054,291.00055,291.00055,290.90054,288.50055,289.90054,289.50055,287.40054,285.20053,284.90054,284.40054,282.50055,282.90054,284.70053,283.70053,282.70053,282.50055,282.80054,282.90054,287.20053,287.50055,284.90054,283.90054,284.00055,283.50055,285.60052,285.40054,282.90054,283.40054,284.50055,282.30054,282.00055,283.30054,282.70053,282.30054
291.30054,293.70053,294.90054,292.80054,293.10052,291.80054,292.10052,290.70053,289.00055,290.10052,286.70053,284.70053,284.90054,284.20053,284.70053,283.30054,283.00055,283.20053,284.30054,283.20053,281.40054,279.10052,279.40054,278.50055,280.20053,280.50055,282.80054,282.00055,282.40054,280.80054,281.50055,281.80054,282.50055,283.90054,283.50055,284.30054,284.60052,282.00055,281.80054,282.70053,283.10052
290.80054,293.20053,291.20053,294.30054,291.60052,291.80054,290.60052,290.40054,290.10052,288.50055,286.00055,283.80054,283.40054,283.70053,283.80054,283.90054,282.70053,281.40054,282.20053,281.30054,281.10052,280.20053,280.30054,280.20053,280.20053,280.40054,279.80054,280.40054,283.10052,283.90054,280.50055,283.00055,279.40054,281.00055,281.70053,282.20053,282.30054,282.50055,281.90054,280.20053,283.40054
291.70053,292.80054,291.30054,291.60052,290.50055,291.30054,291.70053,289.30054,287.90054,286.50055,286.60052,283.90054,282.30054,281.70053,282.00055,281.80054,281.10052,279.80054,279.70053,280.20053,280.10052,279.50055,279.50055,279.90054,280.50055,281.60052,283.70053,283.10052,283.80054,283.20053,283.10052,283.20053,281.50055,280.70053,277.20053,278.30054,282.80054,282.00055,280.60052,281.30054,281.80054
