wind_kz.json
{"header": {"discipline":0,"disciplineName":"Meteorological products","gribEdition":2,"gribLength":1025,"center":7,"centerName":"US National Weather Service - NCEP(WMC)","subcenter":0,"refTime":"2024-01-31T12:00:00.000Z","significanceOfRT":1,"significanceOfRTName":"Start of forecast","productStatus":0,"productStatusName":"Operational products","productType":1,"productTypeName":"Forecast products","productDefinitionTemplate":0,"productDefinitionTemplateName":"Analysis/forecast at horizontal level/layer at a point in time","parameterCategory":2,"parameterCategoryName":"UnknownDiscipline_0_Category_2","parameterNumber":2,"parameterNumberName":"UnknownParameter_D0_C2_2","parameterUnit":"Unknown","genProcessType":2,"genProcessTypeName":"Forecast","forecastTime":120,"surface1Type":103,"surface1TypeName":"Specified height level above ground","surface1Value":10.0,"surface2Type":255,"surface2TypeName":"Missing","surface2Value":0.0,"gridDefinitionTemplate":0,"gridDefinitionTemplateName":"Latitude_Longitude","numberPoints":615,"shape":6,"shapeName":"Earth spherical with radius of 6,371,229.0 m","gridUnits":"degrees","resolution":48,"winds":"true","scanMode":64,"nx":41,"ny":15,"basicAngle":0,"lo1":47.0,"la1":41.0,"lo2":87.0,"la2":55.0,"dx":1.0,"dy":1.0}, "data":
[rows 0 to 14 of 15, columns 0 to 40 of 41]
6.143606,2.033606,-1.006394,-6.506394,-2.186394,-0.09639404,3.073606,6.413606,5.023606,2.953606,1.363606,1.7936059,1.093606,-1.296394,-1.796394,-1.766394,-0.79639405,-1.486394,-1.746394,-2.906394,-1.926394,-2.7663941,-0.22639404,1.083606,-0.46639404,-0.21639404,-2.556394,-2.456394,0.22360596,0.42360595,-1.626394,1.823606,-0.31639403,-0.21639404,0.24360596,-0.80639404,-0.506394,-0.96639407,-0.706394,-0.056394044,0.05360596
2.563606,-3.236394,-4.6463943,-3.596394,-1.496394,-0.036394045,0.48360595,3.263606,5.573606,1.393606,2.643606,0.993606,-0.33639404,-0.86639404,-0.93639404,-1.266394,-0.52639407,0.023605958,-0.45639405,-1.296394,-1.0763941,-1.0863941,-1.8463941,-0.886394,0.18360595,0.13360596,-1.406394,0.06360596,-2.096394,-1.3163941,0.103605956,-0.93639404,2.7136059,-2.7463942,0.073605955,0.09360596,-0.826394,0.023605958,-1.176394,0.33360595,-0.106394045
-0.13639404,-0.47639406,-4.496394,-2.126394,-3.156394,-2.836394,-1.766394,-0.766394,0.15360595,0.29360595,1.393606,0.58360595,-0.32639405,-1.666394,-1.616394,-1.006394,-0.076394044,-0.706394,-0.60639405,-0.54639405,-0.11639404,-1.666394,-2.2463942,-1.266394,-2.216394,-1.8063941,-1.746394,0.41360596,1.373606,-0.34639403,-1.726394,1.863606,0.603606,-0.65639406,0.77360594,-1.126394,-0.74639404,0.76360595,0.15360595,0.31360596,-0.33639404
-3.736394,-4.356394,-2.7563941,-3.096394,-0.99639404,-1.106394,-2.446394,0.863606,1.733606,2.143606,2.073606,0.39360595,-0.20639405,-1.776394,-0.96639407,-0.91639405,-0.516394,-0.576394,-1.0563941,-1.7063941,-2.5063941,-0.44639406,-2.446394,-3.596394,-3.676394,-3.626394,-2.056394,-3.406394,-2.296394,-1.0863941,-0.516394,-3.5363941,-2.7463942,1.133606,-0.36639404,-1.756394,-2.236394,1.583606,-0.26639405,-0.20639405,-0.026394043
1.0336059,1.6536059,2.423606,2.333606,3.413606,5.8536057,3.2436059,3.7236059,3.9936059,0.853606,0.43360597,1.5636059,0.83360595,0.793606,0.32360595,-1.116394,-0.39639404,-1.486394,-1.116394,-2.236394,-3.706394,-3.436394,-4.036394,-4.1263943,-3.586394,-2.466394,-4.026394,-1.676394,-2.306394,-1.876394,-2.416394,-0.38639405,-2.7663941,0.49360597,1.5636059,0.47360596,-1.916394,-2.196394,-2.066394,-1.786394,-0.886394
6.253606,5.963606,3.853606,4.713606,3.763606,4.453606,5.963606,5.063606,2.353606,3.903606,0.733606,-0.11639404,1.9436059,1.893606,-1.016394,-1.356394,-1.5663941,-1.896394,-2.616394,-2.726394,-3.056394,-2.4963942,-3.056394,-3.5063941,-3.586394,-3.376394,-3.176394,-2.046394,-0.5863941,-1.616394,-1.666394,-1.916394,-0.93639404,-2.596394,-1.536394,-5.096394,-0.37639403,-1.536394,-0.23639405,0.15360595,-0.46639404
4.673606,5.163606,7.533606,7.133606,4.413606,5.503606,4.833606,3.153606,4.093606,1.503606,0.023605958,-0.12639405,0.21360596,0.95360595,-0.896394,-1.1963941,-1.4363941,-2.446394,-2.796394,-2.7763941,-1.886394,-1.5863941,-1.396394,-1.416394,-2.186394,-2.806394,-0.946394,-2.0063941,-1.606394,-2.626394,-2.236394,-1.5863941,-0.5863941,-3.626394,-2.226394,-1.996394,-1.126394,2.883606,-2.096394,0.803606,1.503606
4.533606,4.073606,4.823606,6.733606,5.303606,3.763606,2.783606,3.563606,3.383606,2.443606,1.603606,2.323606,1.253606,1.6536059,0.68360597,-0.26639405,0.28360596,0.37360597,-0.5863941,-0.61639404,0.87360597,1.233606,1.5536059,-0.17639405,-0.28639403,-0.47639406,0.39360595,-1.4463941,-0.646394,-1.246394,-1.386394,-1.266394,-0.99639404,0.38360596,-1.0763941,0.40360597,0.05360596,-0.18639404,-3.0363941,-4.036394,-2.396394
3.453606,7.153606,5.513606,3.823606,3.853606,3.893606,3.0036058,3.403606,2.933606,3.073606,3.133606,2.393606,3.2236059,2.7336059,2.073606,1.133606,1.0336059,0.14360596,2.323606,2.653606,1.273606,3.4836059,3.513606,0.17360596,0.613606,0.47360596,0.49360597,-0.576394,-0.006394043,-0.71639407,0.72360593,0.97360593,1.323606,0.44360596,-2.666394,-1.986394,0.043605957,-1.4563941,-1.246394,0.9136059,-2.046394
4.273606,4.533606,2.933606,4.163606,3.663606,3.093606,3.813606,3.813606,3.7236059,3.513606,4.1036057,4.673606,4.283606,3.763606,4.053606,3.583606,3.683606,2.303606,1.9436059,1.583606,3.683606,3.193606,1.483606,1.643606,0.76360595,1.273606,2.273606,0.42360595,1.4036059,1.083606,0.32360595,1.463606,1.763606,-0.73639405,-1.676394,-0.08639404,-2.796394,-0.17639405,-1.296394,0.32360595,-1.0963941
3.2536058,3.083606,3.443606,4.053606,2.833606,3.613606,3.653606,3.7536058,4.143606,4.213606,4.883606,4.6236057,4.143606,5.643606,4.703606,5.083606,4.733606,5.253606,3.683606,3.883606,4.813606,3.2336059,1.263606,1.223606,2.103606,2.373606,3.813606,2.663606,1.9336059,1.2836059,1.523606,-2.2563941,-2.916394,-1.636394,-0.99639404,-1.356394,-0.90639406,0.78360593,-1.1963941,1.333606,-1.386394
2.343606,2.4836059,1.963606,2.313606,3.2336059,1.9436059,1.9036059,2.793606,2.153606,2.623606,3.4736059,4.253606,4.753606,5.023606,5.643606,5.313606,5.713606,6.153606,5.393606,5.313606,5.073606,4.143606,3.323606,2.193606,3.073606,3.403606,4.3736057,2.693606,1.9236059,0.603606,-0.016394043,-0.19639404,-0.61639404,-1.166394,-0.31639403,1.363606,1.7836059,-1.4463941,-0.48639405,-0.39639404,-0.38639405
0.21360596,-0.076394044,0.0036059571,0.59360594,-0.36639404,0.50360596,-1.0663941,1.003606,3.4836059,2.443606,2.553606,3.863606,4.253606,5.793606,5.413606,5.233606,4.763606,4.953606,4.393606,5.223606,4.593606,5.013606,4.383606,2.953606,4.953606,4.263606,3.533606,2.093606,0.28360596,0.27360594,0.31360596,0.553606,0.33360595,0.103605956,0.0036059571,0.50360596,1.703606,0.19360596,0.89360595,0.543606,-0.36639404
0.0036059571,-0.36639404,-0.696394,-0.30639404,-0.35639405,-0.35639405,1.343606,2.383606,3.353606,3.863606,2.813606,2.843606,3.413606,3.943606,4.973606,4.553606,4.483606,4.163606,3.653606,4.533606,3.863606,4.663606,4.923606,4.433606,3.873606,2.793606,1.9236059,1.5536059,1.203606,1.273606,1.233606,1.4236059,1.703606,1.593606,1.633606,1.8136059,1.953606,1.993606,1.1936059,2.153606,2.813606
-0.31639403,-1.1863941,-0.40639403,-0.11639404,0.023605958,0.863606,2.943606,3.813606,3.903606,4.163606,3.023606,5.233606,1.6936059,0.59360594,3.013606,3.673606,3.633606,2.4936059,1.5336059,2.073606,2.183606,2.613606,2.4936059,2.373606,2.033606,1.643606,1.773606,1.703606,1.4436059,1.5436059,1.853606,1.623606,1.5436059,1.733606,2.2536058,2.573606,1.9036059,3.2536058,3.2236059,2.313606,1.883606
