wind_kz.json
{"header": {"discipline":0,"disciplineName":"Meteorological products","gribEdition":2,"gribLength":1025,"center":7,"centerName":"US National Weather Service - NCEP(WMC)","subcenter":0,"refTime":"2023-08-21T06:00:00.000Z","significanceOfRT":1,"significanceOfRTName":"Start of forecast","productStatus":0,"productStatusName":"Operational products","productType":1,"productTypeName":"Forecast products","productDefinitionTemplate":0,"productDefinitionTemplateName":"Analysis/forecast at horizontal level/layer at a point in time","parameterCategory":2,"parameterCategoryName":"UnknownDiscipline_0_Category_2","parameterNumber":3,"parameterNumberName":"UnknownParameter_D0_C2_3","parameterUnit":"Unknown","genProcessType":2,"genProcessTypeName":"Forecast","forecastTime":240,"surface1Type":103,"surface1TypeName":"Specified height level above ground","surface1Value":10.0,"surface2Type":255,"surface2TypeName":"Missing","surface2Value":0.0,"gridDefinitionTemplate":0,"gridDefinitionTemplateName":"Latitude_Longitude","numberPoints":615,"shape":6,"shapeName":"Earth spherical with radius of 6,371,229.0 m","gridUnits":"degrees","resolution":48,"winds":"true","scanMode":64,"nx":41,"ny":15,"basicAngle":0,"lo1":47.0,"la1":41.0,"lo2":87.0,"la2":55.0,"dx":1.0,"dy":1.0}, "data":
[rows 0 to 14 of 15, columns 0 to 40 of 41]
1.0639527,2.0439527,0.023952637,5.4039526,3.6339526,1.7939526,0.7039526,1.2839526,1.2039527,1.0739527,0.09395263,0.7039526,0.8139526,0.74395263,-1.1860473,-1.9960474,-2.5660474,-0.9960474,-2.4760473,-1.0660473,0.06395264,-2.6460474,-1.2860473,1.4939526,2.5639527,-0.6160474,-1.3660474,1.2939526,-2.4260473,-3.4660473,-2.4260473,-0.28604737,-0.48604736,-1.7460474,1.9439527,-7.1460476,-4.5960474,-2.7160473,-3.6760473,6.2939525,-0.07604736
-0.6260474,0.22395264,7.1139526,4.6739526,5.5839524,3.6039526,1.3139527,1.0839527,1.5339526,0.83395267,0.31395262,0.40395263,1.2339526,-0.086047366,-1.6660473,-1.8460474,-0.95604736,-0.5660474,1.1339526,0.23395264,-1.0760474,-2.3860474,-2.6760473,1.2939526,3.0639527,3.4439526,3.1739526,2.1239526,-0.22604737,1.6139526,-2.0160475,0.013952637,-1.9360473,1.6439526,0.25395262,-3.2060473,-3.1460474,-5.3860474,0.5139526,-1.6160474,0.78395265
0.78395265,4.0439525,4.0639524,4.3839526,3.9739525,3.2739527,2.6539526,1.7339526,2.2539527,0.90395266,0.10395264,0.11395264,0.24395263,-0.44604737,-1.6760473,-1.9360473,-1.7560474,-0.39604735,-0.0060473634,-0.086047366,1.4739527,0.9339526,-0.7460474,0.6839526,-0.7960474,-2.1360474,-0.96604735,-2.0960474,-0.38604736,-2.1260474,-0.20604736,2.4239526,0.8739526,2.2139525,2.4939528,-0.94604737,-1.5460473,0.97395265,-1.4160473,3.9239526,-0.20604736
2.5539527,2.9439526,2.9139526,2.8339527,1.9739527,1.9939526,1.7839526,1.1839527,0.9439526,0.06395264,-0.53604734,-1.2660474,-2.1860473,0.6339526,-1.0260473,-0.95604736,-0.78604734,-0.50604737,0.5039526,0.91395265,2.5939527,5.1539526,-0.46604738,0.20395264,1.6139526,2.4639525,1.1239526,-0.29604736,1.6639526,3.6439526,4.643953,0.99395263,1.2439526,-1.3860474,1.8139527,1.6239526,1.0739527,-0.6860474,-0.94604737,-3.2560472,-5.6460476
1.9539527,1.7939526,1.5739527,0.79395264,0.11395264,-0.0060473634,0.06395264,-0.72604734,-1.7460474,-1.6660473,-2.1760473,-2.6660473,-0.57604736,-0.40604737,1.6439526,0.42395264,0.36395264,0.78395265,1.2539526,1.4639527,2.2139525,1.0139526,1.7639526,2.3139527,2.1639526,3.3039527,3.9439526,1.8439527,2.7539527,4.1039524,0.71395266,-0.83604735,-0.056047365,1.5839527,-0.07604736,1.8639526,-0.25604737,5.2439528,-3.7760475,-4.8260474,0.06395264
0.96395266,0.92395264,-0.03604736,-0.18604736,-1.0760474,-1.8560474,-2.0060472,-1.5460473,-1.8460474,-2.7960474,-3.6160474,-4.526047,-5.026047,-4.4960475,-4.1860476,-4.046047,-2.5560474,-0.03604736,3.1839526,4.0139527,2.9239526,3.3739526,2.4739525,4.4839525,5.433953,4.3639526,4.2939525,3.6939526,2.0339527,3.3239527,3.1039526,2.3939526,2.4639525,0.8239526,-0.63604736,-1.5560473,-1.8860474,-3.4060473,-2.5760474,-1.4860474,3.4039526
0.14395264,-0.52604735,-1.2860473,-2.3660474,-2.8260474,-3.1160474,-3.3960474,-3.8560474,-3.3460474,-3.7360473,-4.816047,-5.3860474,-5.3660474,-5.9760475,-6.106047,-5.3460474,-3.9960473,-2.0060472,1.0739527,4.0739527,5.8139524,4.8239527,5.2739525,5.7139525,6.7739525,5.1539526,4.1139526,5.203953,5.7739525,6.4839525,4.3339524,5.0339527,5.623953,2.9639525,2.1239526,1.3139527,2.1739526,3.9539526,1.2439526,2.2139525,-1.6060474
-1.2060474,-1.3260474,-1.2860473,-1.0960474,-2.3060474,-3.7460473,-4.9260473,-4.9360476,-4.2860475,-5.4660473,-5.796047,-5.1760473,-5.7360473,-6.026047,-6.6460476,-6.3460474,-5.586047,-4.4660473,-2.2560472,-0.016047364,3.8039527,4.2439528,5.0939527,7.3539524,7.6039524,7.4039526,6.5339527,5.933953,7.183953,5.123953,4.5439525,3.6539526,2.9639525,4.8639526,5.0139527,2.8039527,0.013952637,-0.086047366,0.39395264,-0.20604736,-1.3160473
-0.59604734,-0.82604736,-0.89604735,-1.8260474,-2.3660474,-3.5560474,-4.586047,-3.9060473,-5.3060474,-6.106047,-6.4760475,-6.836047,-8.176047,-8.336047,-7.546047,-6.6460476,-5.8060474,-4.9960475,-4.5060472,-2.8860474,1.5139526,1.1039526,6.2839527,7.2739525,8.7339525,8.173953,6.3239527,4.6039524,7.0739527,5.9439526,6.4939528,5.3539524,2.9839525,1.9439527,2.2339525,4.0139527,3.7539527,1.8439527,0.21395263,-0.40604737,2.7439528
-0.5560474,-0.9260474,-1.6460474,-2.2160473,-3.1260474,-3.2060473,-4.0160475,-4.8260474,-5.606047,-6.1160474,-7.4960475,-8.006047,-7.7860475,-7.836047,-7.9060473,-7.1360474,-6.316047,-5.5560474,-3.6560473,-1.1460474,1.5039526,-0.71604735,5.2339525,5.3539524,5.163953,7.393953,9.353952,7.7639527,3.6639526,6.3539524,6.2339525,6.413953,4.2339525,1.6539526,2.6539526,5.3339524,3.1139526,2.9139526,2.6439526,2.1939526,1.0039526
0.25395262,-0.78604734,-1.9760474,-2.9760473,-2.8260474,-3.5460474,-4.566047,-3.9760473,-4.6560473,-6.5560474,-6.566047,-6.9160476,-7.3460474,-8.176047,-7.7560472,-7.8660474,-7.1160474,-6.4860473,-4.4760475,-2.0360475,0.15395264,0.96395266,2.7439528,5.3239527,3.3839526,6.5239525,7.8339524,7.2339525,6.973953,4.2339525,5.0439525,5.5939527,3.6339526,3.8039527,5.223953,7.8839526,6.0839524,3.0039527,6.3339524,2.0939527,0.20395264
1.3039527,-0.12604736,-1.3560474,-1.8060473,-3.2060473,-3.9460473,-3.9160473,-4.526047,-5.106047,-5.5160475,-6.6760473,-7.4460473,-7.7460475,-6.876047,-6.776047,-7.9260473,-6.8860474,-7.0760474,-4.3960476,-2.4160473,-0.35604736,2.7339525,3.8739526,6.8539524,4.9239526,4.6539526,4.7439528,5.953953,5.5139527,3.8939526,4.0139527,4.143953,4.4039526,6.413953,4.2539525,7.0039525,6.663953,5.2139525,1.2339526,3.3239527,0.8139526
1.6639526,0.79395264,0.07395264,-0.94604737,-1.7760473,-2.5460474,-3.2060473,-4.3460474,-5.8060474,-5.1460476,-4.336047,-4.0060472,-6.106047,-6.3860474,-6.6360474,-6.046047,-5.5960474,-6.4960475,-4.0960474,-2.2160473,-1.8160473,1.3739526,2.8239527,5.1339526,4.8539524,3.8039527,4.3239527,4.3539524,4.8239527,2.7039526,2.6539526,5.0539527,4.6739526,5.723953,6.723953,5.4939528,5.5239525,4.6939526,5.6539526,4.5639524,3.6839526
2.9039526,2.5339527,1.3239527,-0.39604735,-2.0760474,-2.6760473,-2.8960474,-3.8260474,-4.7460475,-4.9060473,-1.4060473,-1.1260474,-4.9260473,-5.606047,-6.586047,-6.5760474,-6.4660473,-6.8060474,-5.106047,-4.876047,-1.6260474,-0.07604736,0.41395265,1.5339526,2.0439527,2.7739527,4.3539524,4.2639527,4.1939526,4.703953,2.9239526,1.9339527,2.1539526,3.2439528,4.2539525,6.2839527,6.1739526,6.453953,6.703953,4.913953,6.8339524
3.1039526,3.5839527,2.6039526,0.6339526,-1.6160474,-1.4060473,-1.9760474,-2.4260473,-3.8060474,-3.5360475,-2.1960473,-3.6860473,-1.0960474,-2.3060474,-6.376047,-6.4960475,-5.9860473,-5.356047,-5.4360476,-2.5660474,-2.8160474,-0.18604736,-0.03604736,0.99395263,-0.15604736,-0.53604734,3.4339526,2.6539526,2.9039526,1.7939526,1.7939526,2.3739526,0.7539526,1.5539527,2.2439528,6.2939525,8.333953,8.643952,6.8139524,8.2339525,5.473953
