wind.json
{"header": {"discipline":0,"disciplineName":"Meteorological products","gribEdition":2,"gribLength":1125,"center":7,"centerName":"US National Weather Service - NCEP(WMC)","subcenter":0,"refTime":"2023-06-30T18:00:00.000Z","significanceOfRT":1,"significanceOfRTName":"Start of forecast","productStatus":0,"productStatusName":"Operational products","productType":1,"productTypeName":"Forecast products","productDefinitionTemplate":0,"productDefinitionTemplateName":"Analysis/forecast at horizontal level/layer at a point in time","parameterCategory":2,"parameterCategoryName":"UnknownDiscipline_0_Category_2","parameterNumber":2,"parameterNumberName":"UnknownParameter_D0_C2_2","parameterUnit":"Unknown","genProcessType":2,"genProcessTypeName":"Forecast","forecastTime":120,"surface1Type":103,"surface1TypeName":"Specified height level above ground","surface1Value":10.0,"surface2Type":255,"surface2TypeName":"Missing","surface2Value":0.0,"gridDefinitionTemplate":0,"gridDefinitionTemplateName":"Latitude_Longitude","numberPoints":688,"shape":6,"shapeName":"Earth spherical with radius of 6,371,229.0 m","gridUnits":"degrees","resolution":48,"winds":"true","scanMode":64,"nx":43,"ny":16,"basicAngle":0,"lo1":45.0,"la1":40.0,"lo2":87.0,"la2":55.0,"dx":1.0,"dy":1.0}, "data":
[rows 0 to 15 of 16, columns 0 to 42 of 43]
-4.830669,-1.8606689,0.5993311,-0.8306689,-7.140669,-0.46066895,-1.000669,5.039331,3.789331,-1.650669,-2.770669,-1.420669,-2.440669,-1.8506689,-5.370669,-3.530669,-1.390669,1.439331,2.159331,0.969331,0.8493311,0.55933106,-1.250669,1.969331,0.08933105,-0.95066893,0.54933107,-0.19066894,-0.34066895,1.329331,2.269331,3.899331,2.249331,2.009331,-0.970669,-1.150669,-0.9006689,1.489331,1.589331,3.6093311,2.049331,1.469331,-0.67066896
1.6393311,-1.890669,-3.4106688,-1.7206689,2.399331,5.429331,5.789331,4.709331,2.6093311,2.8193312,-0.720669,-2.560669,-6.600669,-5.680669,-4.640669,-2.240669,-0.22066894,1.0393311,0.9793311,0.83933103,-0.68066895,-4.960669,-2.450669,-2.770669,-0.86066896,-1.050669,5.419331,7.089331,-2.780669,0.81933105,-0.08066895,1.1793311,2.739331,-0.39066896,-0.020668946,1.479331,-2.750669,0.06933106,-1.640669,4.839331,-2.290669,-2.800669,-2.330669
-1.160669,-2.9106688,1.609331,3.249331,2.959331,3.539331,-0.060668945,1.5093311,3.309331,-1.6206689,-5.240669,-6.090669,-5.650669,-2.830669,-1.5906689,-0.21066895,0.5993311,1.809331,1.599331,-2.800669,-1.3706689,-2.480669,-2.270669,-0.40066895,-2.220669,-2.9206688,1.709331,1.2693311,-1.3306689,-0.40066895,-1.910669,-0.35066894,0.10933106,-0.9606689,0.8493311,-2.1806688,0.93933105,-1.760669,4.129331,1.0393311,-1.8206689,-1.390669,-4.960669
-0.12066895,0.029331055,0.68933105,2.179331,3.8593311,-3.750669,0.79933107,-3.960669,-5.290669,-2.300669,-3.590669,-4.080669,-3.830669,-1.770669,0.27933106,1.359331,2.269331,2.3393312,-2.850669,-0.970669,-1.750669,-1.0906689,0.92933106,1.4293311,-2.090669,-1.5706689,-0.18066895,-1.1006689,0.06933106,-1.530669,-2.970669,0.46933106,-0.970669,1.4193311,-1.040669,-0.11066894,0.94933105,-1.2206689,-0.36066896,1.4193311,-2.010669,0.61933106,2.249331
-1.920669,-2.320669,-1.790669,-3.460669,-6.750669,-2.700669,-3.570669,-3.810669,-2.730669,1.7993311,-0.92066896,0.5993311,-2.100669,-0.18066895,3.279331,3.1093311,1.309331,1.209331,-0.85066897,-0.07066894,-5.5106688,-1.8506689,-1.440669,-1.9806689,3.3193312,0.5393311,2.629331,0.95933104,-0.66066897,0.13933106,2.3193312,1.499331,-0.5206689,-1.030669,4.169331,1.4293311,-4.7806687,-3.260669,-0.45066893,-0.970669,1.579331,0.58933103,6.799331
-0.74066895,-1.690669,-1.150669,-2.850669,-0.51066893,-1.050669,0.70933104,0.30933106,1.239331,0.29933107,-1.1106689,0.35933104,-1.270669,0.89933103,3.769331,3.919331,2.759331,-0.530669,-5.040669,-2.220669,-2.1506689,-3.4006689,0.64933103,-0.80066895,-1.280669,-1.8206689,-2.220669,-2.100669,-0.100668944,1.959331,0.81933105,0.029331055,4.179331,-1.8206689,-0.9606689,0.93933105,1.6293311,0.719331,4.399331,4.1993313,-3.540669,6.2393312,7.309331
-4.400669,-2.6306689,-1.940669,1.589331,0.69933105,2.719331,3.909331,1.219331,2.6193311,3.379331,0.67933106,-0.37066895,-4.5506687,-0.39066896,-4.700669,1.589331,2.5893312,-0.76066893,-3.300669,0.36933106,-3.310669,-3.550669,-1.5806689,0.31933105,-3.620669,-0.50066894,-0.530669,-1.3706689,0.99933106,-0.8406689,1.699331,3.1093311,1.6693311,-0.44066894,0.62933105,1.499331,0.58933103,-2.260669,1.5493311,1.0093311,7.539331,-0.8306689,-3.610669
-1.7406689,-1.3406689,-1.0906689,-0.68066895,3.8493311,-2.090669,1.099331,1.059331,2.8493311,0.98933107,-3.220669,-1.170669,0.32933104,1.0293311,-2.230669,-0.13066894,-1.540669,-3.850669,-2.960669,-0.40066895,-1.680669,-3.6706688,-2.090669,-3.480669,-1.800669,2.189331,-7.210669,-1.8706689,3.019331,-2.970669,-1.0806689,-3.260669,-7.870669,-5.840669,-2.490669,-2.580669,-3.710669,-2.290669,-0.98066896,2.769331,0.93933105,-0.43066895,2.749331
-1.5906689,-2.460669,0.63933104,-1.420669,-3.800669,-1.510669,-1.3506689,0.61933106,-3.870669,-3.700669,-3.510669,0.049331054,-1.7306689,-2.010669,-2.8806689,-1.310669,-3.6406689,-3.800669,0.35933104,-5.450669,-2.720669,-3.790669,-3.3806689,-3.820669,-4.450669,-5.5506687,-5.750669,-7.730669,-8.030669,-8.050669,-7.210669,-5.770669,-5.240669,-2.6306689,-1.680669,-0.62066895,-1.8706689,2.259331,3.639331,6.089331,4.769331,5.599331,-0.95066893
-2.320669,-0.30066895,-0.69066894,-1.1106689,-4.710669,-2.260669,-2.810669,-2.870669,-3.990669,-1.5706689,-0.68066895,1.699331,-0.66066897,-0.61066896,-2.4206688,-0.0106689455,-3.3906689,-2.000669,-2.6506689,-2.300669,-2.690669,-2.540669,-3.090669,-2.020669,-3.440669,-3.790669,-5.040669,-4.580669,-3.830669,-4.2606688,-2.6706688,-1.940669,-1.8306689,-3.4306688,-0.79066896,-1.4606689,0.049331054,1.9093311,2.499331,-2.030669,0.9193311,-0.22066894,-1.3606689
-1.640669,0.58933103,0.48933107,0.48933107,-3.980669,-2.480669,-2.450669,-0.66066897,-2.710669,-2.550669,0.33933106,1.8893311,-0.5906689,-2.3906689,-1.890669,-3.510669,0.81933105,-1.060669,-1.380669,-2.230669,-2.6306689,-2.1706688,-2.260669,-3.530669,-2.290669,-3.220669,-3.290669,-3.780669,-3.320669,-3.050669,-1.3306689,-4.330669,-3.600669,-2.6806688,-1.9506689,-0.68066895,1.309331,3.179331,-0.36066896,0.119331054,-2.370669,0.09933105,-0.43066895
-0.80066895,1.239331,-1.0806689,-0.12066895,-3.120669,-2.6306689,-1.7306689,-2.770669,-1.910669,-3.190669,-0.970669,-0.80066895,-0.6506689,-1.4706689,-0.0106689455,-0.16066894,-0.040668946,-2.230669,-2.110669,-1.000669,-1.9706689,-2.100669,-1.2406689,-3.300669,-2.1406689,-3.270669,-3.080669,-2.6306689,-0.91066897,-1.9806689,-1.310669,-1.530669,-2.730669,-1.8706689,-1.2406689,-1.2306689,-1.300669,-0.48066893,-1.420669,-0.70066893,-0.63066894,0.86933106,-0.8906689
-0.38066894,0.79933107,-0.27066895,-1.030669,-2.260669,-1.760669,-2.290669,-2.950669,-2.270669,-2.190669,-0.20066895,0.37933105,-0.51066893,1.229331,-1.6006689,-2.490669,0.55933106,-2.320669,0.87933105,-3.340669,-0.780669,-0.68066895,-0.69066894,-1.640669,-3.260669,-2.830669,-2.020669,-2.020669,-2.6506689,-1.8706689,-1.640669,-2.320669,-0.8306689,-3.050669,-0.81066895,-1.390669,-1.140669,-2.250669,-0.70066893,1.2993311,0.13933106,-0.21066895,0.55933106
0.23933105,0.049331054,0.039331056,-1.040669,0.16933106,-0.14066894,-0.9006689,-1.3506689,-2.220669,-1.300669,0.39933106,0.94933105,0.06933106,0.69933105,-0.63066894,-2.030669,-0.33066896,1.099331,-0.50066894,-2.4106688,6.079331,3.8593311,-0.44066894,-1.770669,-1.430669,-0.87066895,-1.930669,-2.770669,-1.760669,-0.33066896,-0.86066896,-1.160669,-0.530669,-2.020669,-0.48066893,-0.780669,-1.8606689,-2.110669,0.75933105,-0.30066895,-0.85066897,0.10933106,-1.2006689
0.969331,-0.23066895,0.5393311,0.76933104,0.8593311,0.779331,1.249331,-1.2206689,-2.030669,-0.80066895,1.5493311,2.269331,-0.35066894,0.19933106,1.069331,-0.15066895,0.719331,0.89933103,-0.48066893,-2.480669,-2.740669,-1.0706689,-0.22066894,-0.720669,1.4293311,-0.47066894,0.45933107,-0.36066896,-0.81066895,-1.660669,-0.57066894,-1.020669,-0.9606689,-2.580669,0.76933104,-0.41066894,1.309331,1.7793311,0.38933104,0.08933105,-1.2306689,-0.6406689,-0.30066895
0.95933104,0.6593311,0.119331054,1.099331,1.359331,0.35933104,-0.8906689,-1.150669,-0.63066894,-6.689453E-4,2.189331,1.709331,-0.87066895,0.529331,0.69933105,1.599331,2.449331,1.949331,1.369331,-1.4506689,-0.21066895,-0.100668944,0.56933105,5.189331,3.309331,0.38933104,-0.09066895,1.329331,-0.28066894,-1.040669,-0.15066895,0.16933106,-0.82066894,-1.1206689,-1.4706689,-1.8706689,-1.1206689,-0.57066894,-1.430669,-0.030668946,-1.3406689,0.33933106,-0.19066894
