wind_kz.json
{"header": {"discipline":0,"disciplineName":"Meteorological products","gribEdition":2,"gribLength":1025,"center":7,"centerName":"US National Weather Service - NCEP(WMC)","subcenter":0,"refTime":"2023-08-21T00:00:00.000Z","significanceOfRT":1,"significanceOfRTName":"Start of forecast","productStatus":0,"productStatusName":"Operational products","productType":1,"productTypeName":"Forecast products","productDefinitionTemplate":0,"productDefinitionTemplateName":"Analysis/forecast at horizontal level/layer at a point in time","parameterCategory":2,"parameterCategoryName":"UnknownDiscipline_0_Category_2","parameterNumber":2,"parameterNumberName":"UnknownParameter_D0_C2_2","parameterUnit":"Unknown","genProcessType":2,"genProcessTypeName":"Forecast","forecastTime":240,"surface1Type":103,"surface1TypeName":"Specified height level above ground","surface1Value":10.0,"surface2Type":255,"surface2TypeName":"Missing","surface2Value":0.0,"gridDefinitionTemplate":0,"gridDefinitionTemplateName":"Latitude_Longitude","numberPoints":615,"shape":6,"shapeName":"Earth spherical with radius of 6,371,229.0 m","gridUnits":"degrees","resolution":48,"winds":"true","scanMode":64,"nx":41,"ny":15,"basicAngle":0,"lo1":47.0,"la1":41.0,"lo2":87.0,"la2":55.0,"dx":1.0,"dy":1.0}, "data":
[rows 0 to 14 of 15, columns 0 to 40 of 41]
-1.5780005,-1.6280005,3.0119996,4.6019993,3.2019994,-5.1980004,-6.4580007,-6.8680005,-7.9380007,-3.0980005,-3.3980005,-4.5180006,-4.0980005,-4.0480003,-3.3680005,-3.5980005,-2.2480004,-2.6580005,-3.3880005,-2.6280005,-1.4180005,1.0819995,-0.4980005,-2.3680005,0.6819995,-1.9180005,-3.2280004,-3.5080004,-0.7080005,-0.6380005,-1.3880005,1.2319995,0.4919995,0.8019995,-1.7780005,-1.1180005,-1.8980005,-1.9180005,-2.3680005,-2.0880005,-0.7180005
1.3419995,2.4119995,0.9519995,-1.3280005,-5.8080006,-9.8880005,-6.2280006,-10.6380005,-7.3680005,-3.7180004,-3.4880004,-4.6280003,-3.2980006,-2.9580004,-1.8280005,-3.4980004,-0.5280005,-3.5580006,-3.8780005,-2.5280006,-1.5280005,-1.9380004,-1.3480005,-3.0680006,-0.9380005,0.26199952,-1.1180005,-1.0880005,-3.3680005,-3.0180006,-0.038000487,-0.9380005,1.2619995,-2.6580005,0.11199951,-0.3580005,-0.90800047,-0.5780005,-1.5680004,1.3519995,-0.4480005
1.6419995,-1.0080005,-1.7480005,-2.5880005,-6.8080006,-7.1680007,-7.6580005,-4.8880005,-7.4480004,-5.3980007,-3.5980005,-4.4880004,-3.6180005,-3.8980005,-4.1780005,-3.9680004,-4.6880007,-3.5380006,-3.5180006,-2.4380004,-1.1880004,-8.248,-7.0180006,-5.4880004,1.2719995,-2.2780006,-1.5280005,-1.4280005,-2.2280004,-1.2280005,-1.5980005,2.3419995,-0.6180005,-0.90800047,0.6719995,-0.3180005,-0.6980005,0.5319995,-0.8880005,1.6619995,1.0219995
-0.8780005,-1.0780005,-1.9980005,-3.7180004,-5.7680006,-6.5080004,-3.5780005,-6.3380003,-6.8580003,-4.2580004,-4.7980003,-4.4880004,-3.9680004,-5.3280005,-4.7480006,-4.5180006,-4.0680003,-3.9980004,-4.9480004,-4.4480004,-2.1980004,-6.1880007,-1.0380005,-6.2680006,-6.9380007,-6.8580003,-6.1480007,-10.488001,-4.3280005,-0.3580005,-0.9980005,-3.6080005,-3.2680006,-3.4680004,-2.8480005,-2.0980005,-1.5380005,1.0219995,0.011999512,-0.5480005,-1.2480005
-1.0180005,-2.3780005,-1.6780005,-4.5880003,-4.0680003,-4.2380004,-3.8880005,-4.4880004,-5.1180005,-4.2180004,-5.1980004,-3.9180005,-5.0580006,-4.7480006,-4.8280005,-4.5980005,-4.0980005,-4.0580006,-3.9280005,-4.8680005,-5.6280003,-5.4780006,-5.4180007,-4.5680003,-5.4480004,-4.9980006,-6.5780005,-4.0380006,-4.1580005,-3.9380004,-4.9580007,-2.7480004,-2.6580005,-0.118000485,-0.78800046,0.23199952,-1.0980005,-2.4880004,-2.6680005,-2.8180006,-2.3680005
-2.2480004,-3.1480005,-2.5480006,-4.5280004,-4.7480006,-7.0880003,-5.2680006,-4.4380007,-3.6680005,-3.3780005,-3.6780005,-4.1980004,-3.7180004,-3.8380005,-4.0080004,-3.6780005,-3.9480004,-4.2380004,-4.5880003,-3.6180005,-4.2280006,-3.5680006,-4.5580006,-4.1380005,-4.1580005,-4.4280005,-3.4680004,-4.3780003,-3.7880006,-3.6980004,-3.7480004,-3.5580006,-4.0880003,-3.0080004,-1.7080005,-0.6980005,0.15199952,-0.4980005,0.3319995,-2.0480006,-0.5480005
-3.5280006,-3.6480005,-3.8980005,-4.1780005,-5.7380004,-3.9480004,-4.0680003,-3.8780005,-3.1380005,-2.3080006,-2.5480006,-2.2080004,-1.6480005,-1.4480004,-1.3780005,-2.0980005,-2.7380004,-3.2080004,-3.7180004,-3.8080006,-2.9980004,-2.9780004,-3.0080004,-2.7180004,-2.8980005,-2.9980004,-1.5280005,-1.0780005,-1.8180004,-2.1980004,-2.9680004,-2.4780004,-2.0280006,-2.6580005,-2.2780006,-1.6180005,-1.0580004,1.3119996,-0.91800046,0.11199951,0.6119995
-2.0380006,-1.6680005,-2.8880005,-3.7280004,-3.8380005,-2.7980006,-3.3580005,-2.2380004,-0.8080005,-0.24800049,1.0619996,1.1019995,0.14199951,-3.2380004,-3.0180006,-3.9480004,-4.0880003,-3.9180005,-2.8580005,-2.6080005,-1.3380005,-1.4180005,-1.2580005,-1.3180004,-1.4980005,-0.20800048,0.22199951,-0.21800049,0.021999512,-1.4080005,-1.3480005,-0.5280005,-1.5080005,-0.16800049,-1.4580005,-0.53800046,0.5619995,3.5019996,0.8019995,0.9819995,-1.2480005
-1.1780005,-0.9680005,-0.6080005,-1.5980005,-2.6180005,-2.2080004,-1.4280005,-1.7780005,-1.4980005,0.051999513,-1.9980005,-3.3080006,-3.6580005,-3.6080005,-4.2280006,-3.8680005,-4.0480003,-3.5580006,-3.0380006,-2.8080006,-2.7080004,-0.6980005,-0.20800048,1.6919996,1.1319995,1.3519995,1.0419995,0.5019995,1.2219995,0.7019995,-0.5080005,-1.0880005,1.2519995,0.38199952,1.1619995,-0.15800048,0.9219995,-1.1980004,-0.8980005,0.6919995,-0.7380005
0.11199951,-0.4080005,-0.13800049,-0.05800049,0.14199951,-0.12800048,-0.3880005,-0.10800049,-0.7680005,-1.6680005,-2.5180006,-3.1880004,-2.4480004,-2.5180006,-3.7380004,-3.4080005,-3.6580005,-2.8180006,-2.9480004,-2.4080005,-1.7680005,0.7319995,2.1519995,2.2419996,2.9219995,0.021999512,-0.18800049,-1.3680005,-1.3280005,-1.5180005,-1.0380005,-0.21800049,0.2419995,-0.4080005,1.6819996,0.7819995,-1.8080004,-0.8280005,-1.3080004,0.3419995,0.2419995
0.051999513,0.2719995,0.6819995,1.2519995,1.4019995,0.04199951,0.021999512,-0.27800047,-1.6480005,-2.7580004,-1.7780005,-0.7080005,-0.8780005,-1.7480005,-1.6280005,-1.8480005,-2.4280005,-2.2180004,-2.4080005,-1.7680005,0.19199951,1.1319995,2.0219996,2.9519994,2.8819995,2.1319995,1.0619996,0.9119995,0.031999514,-1.6780005,-1.9580005,-0.6980005,0.52199954,1.0619996,1.6219995,-0.3580005,-0.5480005,0.6919995,-0.84800047,0.3719995,-1.1580005
-0.3180005,0.32199952,0.5519995,-0.33800048,-0.1480005,-0.1780005,-1.3080004,-1.8480005,-0.9880005,-2.0780005,-1.4280005,0.0019995116,-0.6480005,0.4019995,1.0619996,0.59199953,-0.09800049,-0.5180005,-1.2380005,0.13199951,0.65199953,1.2819995,0.9219995,0.6319995,0.3619995,2.3719995,-1.1980004,-3.8280005,-3.1880004,-2.8380005,-1.8780005,-1.0680004,-0.12800048,0.90199953,1.1819996,1.9819995,1.7319995,1.5019995,1.0619996,-0.6380005,-1.0680004
0.41199952,0.5319995,-0.2880005,0.1819995,2.0819995,-0.65800047,-1.3580005,-0.9880005,-1.0480005,-1.4380004,-1.1080005,0.32199952,1.2619995,2.2019994,1.8019996,1.0319995,0.2419995,0.2819995,0.83199954,1.4419996,1.4619995,1.2119995,1.3919995,1.3219995,2.0019996,-0.1480005,-2.1380005,-2.8180006,-2.6780005,-1.8180004,-1.9880005,-1.3480005,-0.30800048,0.011999512,0.6719995,-0.1480005,-0.3480005,-0.78800046,-0.7080005,0.35199952,-0.7780005
0.3619995,0.08199951,-0.33800048,1.1619995,-0.7680005,-0.3580005,0.26199952,-0.06800049,0.8219995,-0.4680005,-1.3780005,-0.8180005,1.3819995,2.8019996,2.3619995,1.1519995,0.3719995,0.59199953,0.77199954,1.4919995,2.3919995,2.5719995,2.8519995,3.0319996,0.83199954,-0.48800048,-0.09800049,-0.08800049,-0.01800049,-0.038000487,0.8019995,0.8219995,0.65199953,1.1019995,1.1619995,0.45199952,-0.4680005,-0.8080005,-0.33800048,0.011999512,0.6319995
0.65199953,-0.8280005,0.8019995,-0.3280005,-0.72800046,-2.3280005,-1.8180004,-1.2380005,-0.48800048,-1.6380005,-1.2680005,1.1819996,1.1519995,0.5619995,1.9819995,0.4919995,0.7619995,1.3219995,1.1919996,1.6419995,1.7919995,2.3819995,2.6419995,2.5019996,2.1019995,1.4719995,2.0319996,1.8419995,2.4019995,2.3019996,2.6919994,2.8819995,2.2119994,2.4319994,2.6519995,2.1219995,1.1519995,1.3619995,0.65199953,0.8119995,0.5319995
