wind_kz.json
{"header": {"discipline":0,"disciplineName":"Meteorological products","gribEdition":2,"gribLength":1025,"center":7,"centerName":"US National Weather Service - NCEP(WMC)","subcenter":0,"refTime":"2023-08-24T06:00:00.000Z","significanceOfRT":1,"significanceOfRTName":"Start of forecast","productStatus":0,"productStatusName":"Operational products","productType":1,"productTypeName":"Forecast products","productDefinitionTemplate":0,"productDefinitionTemplateName":"Analysis/forecast at horizontal level/layer at a point in time","parameterCategory":2,"parameterCategoryName":"UnknownDiscipline_0_Category_2","parameterNumber":2,"parameterNumberName":"UnknownParameter_D0_C2_2","parameterUnit":"Unknown","genProcessType":2,"genProcessTypeName":"Forecast","forecastTime":300,"surface1Type":103,"surface1TypeName":"Specified height level above ground","surface1Value":10.0,"surface2Type":255,"surface2TypeName":"Missing","surface2Value":0.0,"gridDefinitionTemplate":0,"gridDefinitionTemplateName":"Latitude_Longitude","numberPoints":615,"shape":6,"shapeName":"Earth spherical with radius of 6,371,229.0 m","gridUnits":"degrees","resolution":48,"winds":"true","scanMode":64,"nx":41,"ny":15,"basicAngle":0,"lo1":47.0,"la1":41.0,"lo2":87.0,"la2":55.0,"dx":1.0,"dy":1.0}, "data":
[rows 0 to 14 of 15, columns 0 to 40 of 41]
-5.7714424,0.46855775,1.6185577,3.0185578,2.5785577,1.8685577,-0.55144227,-1.5714422,-3.8214424,-1.2814423,-2.2814422,-4.611442,1.5885577,0.38855773,0.9585577,2.0785577,2.2685578,-0.80144227,-3.0414422,-1.6714423,-0.68144226,-0.14144225,-2.1614423,-0.99144226,0.97855777,-4.1414423,-2.5714424,1.8185577,2.0685577,1.2785578,1.6585578,1.1385578,1.0885577,1.6785578,-1.7014422,-0.9214423,1.1485578,-0.52144223,-1.8414422,-2.3914423,-2.8514423
1.9285578,0.34855774,0.94855773,1.3485577,2.1285577,-1.1114422,-2.2014422,-2.0714424,-2.5214422,-1.9914422,-4.241442,-6.171442,-4.361442,-2.4114423,-1.4614422,0.34855774,4.718558,0.9685577,1.2085577,2.4385576,1.7885578,1.8985578,-0.28144225,-2.1314423,0.66855776,0.42855775,-1.4314423,1.0785577,-2.5214422,0.19855773,0.5785577,-0.5314423,-0.32144225,-2.9314423,0.80855775,-0.11144226,-0.07144226,0.73855776,-2.8814423,1.5685577,-2.7714422
-1.4714422,-2.5014422,-2.1914423,-2.2114422,-3.2614422,-3.6314423,-2.5814424,-2.0614424,-3.5414422,-2.1314423,-3.5714424,-3.8214424,-2.5714424,-2.0114422,-0.15144226,1.0685577,1.0285578,1.5985577,4.278558,2.4585578,0.85855776,1.2185577,1.6285577,-0.31144226,-0.25144225,0.10855774,0.12855774,-1.0714422,-2.7714422,-0.08144226,-0.31144226,2.1085577,-0.40144226,-0.30144227,0.43855774,0.08855774,1.3785577,-0.04144226,3.4985578,1.2385577,1.0085578
-3.0214422,-3.9514422,-4.3714423,-4.1814423,-3.2114422,-2.2814422,0.74855775,-2.2014422,-0.94144225,-1.2114422,-1.3514422,-2.2514422,-2.1914423,-1.5614423,-0.40144226,0.88855773,0.5185577,0.94855773,1.9485577,3.5885577,3.5585577,-0.44144225,0.39855775,-0.87144226,-0.6714423,-1.1114422,-2.0314422,-2.2114422,-0.76144224,0.92855775,1.5485578,1.4785577,3.1785576,5.008558,-2.4614422,-2.0214422,-1.1614423,1.3385577,1.4585577,0.97855777,1.3585577
-2.1914423,-2.5014422,-3.3714423,-3.5014422,-2.7114422,-0.5914423,0.12855774,-1.0614423,-1.3114423,-1.3614422,-1.2214422,-0.5914423,-1.0914422,-0.9814423,-0.5314423,-0.15144226,-0.5414423,-0.12144226,0.9085577,1.7685578,3.9685578,2.0085578,-0.51144224,0.12855774,2.8185577,-1.3114423,0.93855774,-0.45144227,-0.5414423,1.4985577,1.7885578,-1.1514423,-1.5014423,2.0485578,3.1285577,0.8385577,1.5085578,0.60855776,-1.5814422,2.8085577,1.3185577
1.1885577,1.1885577,3.3585577,1.4885577,2.5985577,1.7085577,1.1685578,-0.46144226,0.11855774,-0.19144227,-0.24144226,-0.07144226,-1.1514423,-2.1914423,-1.8914423,-1.1414423,-1.2014422,0.20855774,0.8985577,2.1685576,3.0085578,4.3085575,1.4785577,1.0385578,1.6685578,2.2985578,2.1485577,2.4285576,1.7085577,3.0985577,0.7785577,-0.10144226,0.29855773,-0.19144227,0.37855774,-1.1014422,0.93855774,2.5685577,6.0385575,3.6685576,2.6285577
-0.77144223,-0.6014423,-0.06144226,1.0485578,4.7685575,4.488558,3.7185578,3.7885578,2.2085578,1.3485577,1.5185578,0.11855774,-0.94144225,-0.06144226,-0.31144226,0.058557738,-0.07144226,0.6585577,0.25855774,0.31855774,-0.02144226,0.39855775,-0.32144225,4.6285577,3.3885577,1.6585578,0.27855775,0.27855775,1.6785578,1.7785578,1.8785577,3.2085578,4.2285576,3.3185577,0.93855774,-0.93144226,-0.9214423,3.1585577,0.80855775,-0.02144226,1.9085578
2.2985578,1.9585577,1.6085577,1.6285577,1.5785577,-0.41144225,0.42855775,0.21855775,-0.29144228,0.48855773,-0.48144227,0.07855774,1.4785577,1.5785577,0.038557738,0.9085577,1.0185578,0.38855773,-0.42144227,-0.6614423,-0.40144226,-1.4014423,-2.4914422,-2.5014422,0.24855775,1.1785578,1.1285577,1.0685577,2.5585577,2.5885577,0.68855774,-2.7414422,-3.9314423,-0.08144226,1.6385578,3.2485578,2.4985578,3.3685577,2.6885576,3.3885577,-0.82144225
0.56855774,1.9885577,2.7585578,2.3085577,1.8885578,0.94855773,1.9485577,1.4085578,1.3585577,-0.21144226,-0.76144224,-0.56144226,0.6485577,-0.06144226,-1.0314423,-0.57144225,1.7585578,0.55855775,0.8385577,-0.68144226,-0.31144226,-1.3614422,-1.3814423,-2.1014423,-2.6414423,-1.9014423,-1.8014423,-1.1814423,-0.02144226,0.20855774,1.1985577,-1.5314423,-1.1514423,-2.3014421,2.0385578,1.4385577,0.33855775,-1.8914423,0.49855775,0.32855773,-0.52144223
2.4785578,1.6785578,1.9985577,-0.06144226,-1.5514423,0.73855776,0.43855774,0.25855774,0.48855773,0.43855774,-0.18144226,1.5785577,1.8785577,0.54855776,1.8285577,-0.20144226,-1.2514423,-1.2214422,-1.4214423,-1.2914423,-0.50144225,0.41855773,-0.16144226,-1.1914423,-3.7114422,-2.0714424,-2.5614424,-2.4614422,-0.95144224,-5.6814423,-2.9614422,-1.6914423,-0.38144225,-1.3514422,-1.0414423,0.27855775,-1.6414423,-0.34144226,-1.5214423,0.42855775,0.19855773
-0.96144223,-0.47144225,-2.8114424,-1.5614423,-0.5914423,1.1885577,1.1285577,1.0985577,1.9985577,2.8885577,1.8885578,2.8985577,3.7185578,3.2885578,2.5485578,2.9285576,2.0885577,-0.6014423,0.5185577,-0.50144225,1.2485577,0.10855774,-0.29144228,-0.0014422607,-1.5014423,-2.6614423,-2.2614422,-1.4714422,-1.9214423,-2.4414423,-1.7114422,-1.2114422,-1.4814422,-1.1514423,1.4785577,-1.3814423,-1.1714423,0.55855775,-1.3514422,1.7185577,-1.0314423
-1.1014422,-0.55144227,0.14855774,-0.8414423,-0.26144227,0.8385577,0.72855777,1.7285577,1.1385578,1.2785578,1.3485577,2.6785576,3.3385577,2.7985578,3.2885578,2.2485578,-0.02144226,-1.2814423,-0.81144226,-0.29144228,0.00855774,1.4085578,2.0385578,-1.4914422,-0.71144223,-0.45144227,-1.7114422,-1.3114423,-0.30144227,-0.18144226,-0.68144226,-1.4214423,-0.6514423,0.30855775,1.8385577,3.2985578,1.9585577,1.6785578,-0.35144225,-0.35144225,-0.39144227
0.39855775,1.6185577,1.7585578,0.12855774,0.5285577,0.81855774,1.0685577,2.3285577,1.6185577,1.4185578,0.72855777,0.9085577,3.3885577,3.1885576,1.0985577,-1.3714423,-1.4814422,-0.99144226,-0.44144225,1.2185577,2.4485579,1.3585577,1.0585577,0.9085577,0.88855773,-0.48144227,0.8985577,-0.29144228,1.3385577,1.2685578,-0.16144226,-0.9214423,-0.011442261,1.1185577,2.1685576,2.3185577,2.5585577,1.4785577,-0.49144226,-1.1314423,-1.1714423
0.41855773,0.43855774,0.7185577,1.6785578,1.7885578,1.1685578,0.49855775,1.2485577,1.3985578,-0.69144225,0.24855775,0.81855774,-1.0614423,-2.2614422,-2.8214424,-1.7414422,0.30855775,0.60855776,0.18855774,-0.6714423,-2.3114424,-1.2414422,0.7185577,1.9685577,1.7185577,0.25855774,0.7085577,0.5185577,1.9885577,-0.10144226,0.80855775,-0.42144227,0.17855774,1.3885578,1.9385577,1.9185578,1.6285577,1.5785577,0.92855775,-0.35144225,-0.96144223
0.46855775,1.2885578,1.6485578,0.72855777,0.87855774,1.3685577,1.1185577,0.94855773,-1.9614422,-1.1514423,-0.57144225,-1.3014423,0.18855774,0.69855773,0.9085577,-0.42144227,-0.17144226,0.14855774,0.6485577,1.5085578,0.9585577,0.21855775,0.5785577,0.53855777,0.98855776,2.2885578,1.1185577,0.85855776,-0.56144226,1.4185578,0.8385577,1.2485577,1.2085577,1.4485577,2.3985577,2.6985579,1.5185578,2.9985578,2.8685577,0.66855776,-1.8914423
