wind_kz.json
{"header": {"discipline":0,"disciplineName":"Meteorological products","gribEdition":2,"gribLength":794,"center":7,"centerName":"US National Weather Service - NCEP(WMC)","subcenter":0,"refTime":"2023-09-06T18:00:00.000Z","significanceOfRT":1,"significanceOfRTName":"Start of forecast","productStatus":0,"productStatusName":"Operational products","productType":1,"productTypeName":"Forecast products","productDefinitionTemplate":0,"productDefinitionTemplateName":"Analysis/forecast at horizontal level/layer at a point in time","parameterCategory":2,"parameterCategoryName":"UnknownDiscipline_0_Category_2","parameterNumber":3,"parameterNumberName":"UnknownParameter_D0_C2_3","parameterUnit":"Unknown","genProcessType":2,"genProcessTypeName":"Forecast","forecastTime":120,"surface1Type":103,"surface1TypeName":"Specified height level above ground","surface1Value":10.0,"surface2Type":255,"surface2TypeName":"Missing","surface2Value":0.0,"gridDefinitionTemplate":0,"gridDefinitionTemplateName":"Latitude_Longitude","numberPoints":615,"shape":6,"shapeName":"Earth spherical with radius of 6,371,229.0 m","gridUnits":"degrees","resolution":48,"winds":"true","scanMode":64,"nx":41,"ny":15,"basicAngle":0,"lo1":47.0,"la1":41.0,"lo2":87.0,"la2":55.0,"dx":1.0,"dy":1.0}, "data":
[rows 0 to 14 of 15, columns 0 to 40 of 41]
-1.3069832,1.2930168,0.39301682,-2.1069832,-3.706983,-6.206983,-6.4069834,-6.5069833,-0.106983185,-1.0069832,-3.206983,-1.8069832,0.5930168,-0.6069832,-1.6069832,-1.8069832,-1.6069832,-2.9069831,-3.4069831,-2.206983,-3.706983,-3.9069831,-2.9069831,0.29301682,-0.4069832,-0.0069831847,-0.9069832,2.293017,0.5930168,-1.4069831,1.2930168,1.0930169,0.19301681,-2.206983,-1.6069832,-1.6069832,-0.7069832,-1.3069832,-1.9069831,-2.206983,1.5930169
1.2930168,1.8930168,3.0930169,-0.7069832,-3.8069832,-5.0069833,-4.606983,-3.8069832,-2.706983,-2.6069832,-2.206983,-2.6069832,-2.206983,-2.1069832,-0.9069832,1.8930168,0.7930168,0.8930168,-0.9069832,-1.4069831,-1.7069832,-2.9069831,-2.0069833,1.2930168,1.5930169,2.3930168,0.09301682,3.293017,-0.106983185,2.293017,1.8930168,3.8930168,2.0930169,0.5930168,0.39301682,-2.206983,-1.4069831,-2.1069832,-0.6069832,-2.6069832,0.8930168
1.8930168,5.393017,3.1930168,1.2930168,-1.4069831,-3.0069833,0.09301682,-1.6069832,-2.3069832,-2.5069833,-2.6069832,-2.1069832,-2.206983,-2.1069832,-2.4069831,-3.8069832,-0.9069832,-1.6069832,-1.6069832,-1.3069832,0.99301684,-0.50698316,-3.3069832,1.2930168,-1.7069832,-0.4069832,0.4930168,0.5930168,-0.30698317,0.39301682,0.7930168,-1.5069832,-1.2069832,-1.6069832,0.29301682,-1.7069832,-2.5069833,-1.2069832,0.09301682,-1.2069832,-1.5069832
3.3930168,6.793017,3.9930167,2.293017,0.7930168,-0.106983185,-1.9069831,0.19301681,1.8930168,1.1930168,-0.4069832,1.0930169,0.7930168,1.0930169,0.29301682,-0.106983185,0.5930168,-1.1069832,-1.7069832,-1.4069831,1.8930168,2.4930167,1.1930168,-2.206983,-3.9069831,-2.206983,-4.606983,0.39301682,-1.0069832,-1.7069832,-4.706983,-6.206983,-0.20698318,6.893017,0.7930168,-1.0069832,-2.1069832,1.2930168,-0.7069832,0.09301682,0.29301682
0.39301682,5.393017,3.793017,2.1930168,1.3930168,0.29301682,-0.50698316,-0.6069832,-1.1069832,-0.9069832,0.99301684,1.2930168,-0.50698316,0.4930168,0.09301682,0.7930168,1.2930168,1.8930168,1.7930168,1.8930168,1.0930169,1.3930168,3.6930168,3.0930169,1.3930168,-1.9069831,-0.20698318,-1.1069832,-1.8069832,-1.9069831,6.793017,1.6930168,2.793017,-0.50698316,-2.3069832,-3.8069832,-7.9069834,1.4930168,-3.0069833,-4.5069833,-2.8069832
-2.206983,-1.9069831,-2.8069832,-1.8069832,-0.0069831847,1.4930168,-0.7069832,0.8930168,1.2930168,2.0930169,1.1930168,0.5930168,-0.106983185,0.39301682,0.39301682,1.5930169,1.6930168,2.0930169,2.5930169,2.9930167,3.3930168,3.0930169,4.693017,3.6930168,1.8930168,0.6930168,-0.0069831847,-1.3069832,2.0930169,0.19301681,2.3930168,4.793017,-0.106983185,1.2930168,3.0930169,-11.306983,-0.50698316,-7.206983,-8.206984,-2.0069833,-1.9069831
-0.8069832,0.19301681,-1.2069832,0.99301684,-0.6069832,-0.30698317,0.6930168,-4.706983,2.0930169,0.7930168,0.8930168,0.29301682,0.39301682,0.4930168,2.1930168,2.5930169,1.7930168,2.6930168,2.3930168,2.293017,2.6930168,3.293017,4.9930167,6.393017,3.293017,1.8930168,2.1930168,1.0930169,2.9930167,3.5930169,2.3930168,7.193017,6.893017,-0.4069832,-3.6069832,-2.5069833,-0.7069832,-0.0069831847,-1.4069831,-2.0069833,3.3930168
-2.0069833,0.6930168,0.09301682,-0.106983185,1.8930168,2.1930168,1.1930168,-1.0069832,-0.30698317,1.0930169,1.5930169,0.19301681,0.5930168,-0.50698316,1.0930169,1.1930168,1.7930168,1.4930168,1.1930168,0.8930168,1.1930168,1.9930168,3.1930168,3.9930167,4.193017,4.0930166,4.9930167,1.8930168,5.393017,6.4930167,6.0930166,6.4930167,7.9930167,9.593017,7.4930167,4.893017,-2.8069832,-5.606983,-1.8069832,0.5930168,-2.1069832
-3.5069833,-1.7069832,-0.30698317,-0.50698316,0.19301681,1.4930168,0.4930168,2.0930169,0.7930168,0.5930168,-0.30698317,0.39301682,0.29301682,0.8930168,0.7930168,1.5930169,1.7930168,-0.8069832,0.5930168,0.99301684,0.8930168,2.293017,3.793017,4.693017,6.4930167,8.393017,8.693017,6.693017,8.193017,7.393017,8.193017,9.093017,6.9930167,8.193017,10.993017,1.8930168,-0.9069832,-0.4069832,1.9930168,2.1930168,-0.0069831847
-3.1069832,-2.706983,-2.8069832,-0.50698316,-5.5069833,-0.6069832,-3.206983,0.39301682,0.7930168,1.4930168,0.09301682,-0.30698317,0.09301682,1.7930168,3.1930168,0.39301682,1.1930168,0.7930168,-0.50698316,0.19301681,1.5930169,3.0930169,4.193017,5.193017,7.393017,9.993017,9.293016,9.093017,8.493017,9.393017,8.593017,6.193017,5.4930167,5.293017,12.193017,8.493017,2.3930168,0.5930168,3.293017,5.0930166,3.3930168
-3.3069832,-4.706983,-3.8069832,-5.4069834,-4.106983,-2.9069831,-3.0069833,-1.7069832,-0.20698318,-1.4069831,1.4930168,0.4930168,0.6930168,0.6930168,0.6930168,-0.20698318,-0.0069831847,-1.7069832,-2.6069832,-2.8069832,-1.5069832,0.39301682,4.893017,6.9930167,7.5930166,8.993017,8.793016,10.293016,9.293016,8.693017,6.793017,4.693017,3.1930168,1.2930168,6.293017,8.793016,5.4930167,3.9930167,2.9930167,2.0930169,0.99301684
-2.5069833,-2.4069831,-3.1069832,-2.9069831,-4.0069833,-3.206983,-2.8069832,-2.206983,-1.9069831,0.09301682,0.7930168,0.19301681,-1.5069832,-0.8069832,-1.4069831,-1.3069832,-2.5069833,-2.3069832,-4.0069833,-5.4069834,-5.606983,-4.4069834,4.393017,7.0930166,6.4930167,8.293016,9.293016,9.093017,8.493017,8.693017,4.0930166,4.193017,3.5930169,2.3930168,1.7930168,7.393017,7.193017,3.9930167,2.9930167,2.793017,0.99301684
-2.1069832,-1.7069832,-2.206983,-3.0069833,-2.5069833,-1.7069832,-2.1069832,-2.706983,-1.9069831,-1.5069832,-0.30698317,0.29301682,-0.4069832,-1.8069832,-2.1069832,-2.706983,-3.8069832,-5.0069833,-4.9069834,-5.206983,-6.5069833,-2.9069831,2.4930167,2.793017,2.6930168,9.393017,8.793016,6.193017,5.393017,4.293017,5.193017,3.1930168,2.793017,6.793017,6.893017,4.393017,2.8930168,1.7930168,1.6930168,0.6930168,0.4930168
-4.106983,-2.1069832,-2.706983,-2.6069832,-2.6069832,-2.706983,-3.4069831,-3.4069831,-2.3069832,-2.0069833,0.39301682,-0.7069832,-0.7069832,-0.8069832,-2.0069833,-3.8069832,-4.706983,-5.606983,-5.106983,-6.4069834,-6.0069833,-5.806983,-4.5069833,0.29301682,3.5930169,3.793017,5.4930167,5.193017,4.393017,5.693017,2.6930168,-1.3069832,1.7930168,6.0930166,3.6930168,2.4930167,1.7930168,-0.20698318,0.29301682,1.1930168,0.39301682
-2.706983,-4.606983,-6.0069833,-2.6069832,-2.8069832,-3.0069833,-2.6069832,-2.3069832,-2.8069832,-2.206983,-1.3069832,-0.4069832,0.29301682,-1.8069832,-3.9069831,-4.206983,-5.5069833,-5.9069834,-5.9069834,-6.106983,-6.4069834,-6.206983,-5.4069834,-4.706983,0.5930168,4.293017,5.393017,6.893017,3.9930167,3.3930168,2.0930169,-1.0069832,-1.4069831,-1.8069832,0.29301682,1.1930168,0.29301682,0.7930168,1.4930168,0.4930168,-0.20698318
