wind_kz.json
{"header": {"discipline":0,"disciplineName":"Meteorological products","gribEdition":2,"gribLength":1025,"center":7,"centerName":"US National Weather Service - NCEP(WMC)","subcenter":0,"refTime":"2024-02-02T00:00:00.000Z","significanceOfRT":1,"significanceOfRTName":"Start of forecast","productStatus":0,"productStatusName":"Operational products","productType":1,"productTypeName":"Forecast products","productDefinitionTemplate":0,"productDefinitionTemplateName":"Analysis/forecast at horizontal level/layer at a point in time","parameterCategory":2,"parameterCategoryName":"UnknownDiscipline_0_Category_2","parameterNumber":3,"parameterNumberName":"UnknownParameter_D0_C2_3","parameterUnit":"Unknown","genProcessType":2,"genProcessTypeName":"Forecast","forecastTime":300,"surface1Type":103,"surface1TypeName":"Specified height level above ground","surface1Value":10.0,"surface2Type":255,"surface2TypeName":"Missing","surface2Value":0.0,"gridDefinitionTemplate":0,"gridDefinitionTemplateName":"Latitude_Longitude","numberPoints":615,"shape":6,"shapeName":"Earth spherical with radius of 6,371,229.0 m","gridUnits":"degrees","resolution":48,"winds":"true","scanMode":64,"nx":41,"ny":15,"basicAngle":0,"lo1":47.0,"la1":41.0,"lo2":87.0,"la2":55.0,"dx":1.0,"dy":1.0}, "data":
[rows 0 to 14 of 15, columns 0 to 40 of 41]
-0.98125976,-0.011259765,-2.0712597,-0.021259766,3.3387403,-0.9112598,0.74874026,3.9387403,1.8687402,3.0387402,3.5587401,2.5087402,2.3787403,2.2587402,2.8087401,3.3387403,3.8987403,0.5487402,-0.9112598,-0.07125977,1.3587402,-0.46125975,-1.0312598,-1.2812598,0.39874023,0.44874024,-2.6012597,0.9687402,1.1987402,-0.18125977,-2.9912598,-4.3712597,1.6087402,2.4987402,2.0487401,1.7387402,2.6387403,2.9687402,1.9587402,1.3387402,0.07874023
-2.4412599,-2.2812598,-4.52126,0.40874022,2.0887403,2.5287402,4.36874,4.44874,4.22874,3.3387403,2.2987401,1.8387402,1.3387402,0.9687402,0.27874023,0.57874024,-0.30125976,0.27874023,1.2087402,0.92874026,0.62874025,-1.6712598,-1.7812598,0.55874026,-2.9412599,-2.4412599,-2.3012598,0.048740234,0.49874023,0.44874024,4.7787404,2.8587403,-1.1512598,-2.6312597,-5.7212596,-2.4012597,-2.1512597,-1.3912598,-0.22125977,0.098740235,-0.24125977
-1.3912598,-3.5312598,0.7887402,2.1287403,2.6287403,3.6687403,4.03874,2.0787401,4.0887403,2.7387402,1.4487402,1.7087402,0.86874026,0.11874023,-0.67125976,-0.40125978,0.70874023,0.93874025,1.1087402,0.5487402,0.19874023,-0.50125974,-1.0712597,-0.19125977,-1.5512598,-1.2612598,-0.75125974,-1.3312597,-0.88125974,2.6987402,2.1287403,0.55874026,3.1987402,-2.8512597,-0.50125974,1.3187402,4.3387403,-0.85125977,0.5887402,-1.4112598,-1.4912598
-0.98125976,2.4587402,2.7187402,3.6687403,5.0687404,5.0687404,4.97874,3.5187402,2.5187402,2.3887403,0.39874023,-2.3812597,-2.0212598,-0.7012598,0.12874024,0.038740233,0.46874022,0.008740234,-0.5212598,0.5987402,-0.21125977,-0.35125977,1.3287402,-0.5812598,-0.39125976,-0.82125974,-2.7912598,-2.2612598,0.55874026,1.3887402,-0.86125976,0.5987402,0.95874023,0.16874023,-1.0412598,-3.7512598,-2.8312597,0.35874024,1.0887402,0.48874024,0.37874022
1.3587402,0.64874023,0.10874023,0.28874025,1.7387402,1.9187403,1.1587403,2.9687402,2.8287401,1.3487402,1.1287402,0.33874023,-1.1912597,-1.7412598,-0.79125977,-0.5812598,-0.61125976,-0.61125976,-0.6512598,-0.42125976,1.5687402,1.0587403,0.038740233,-0.6412598,-0.43125975,-1.0812597,-2.2512598,-3.2312598,-2.9812598,-2.4212599,-2.1412597,-0.86125976,1.3787402,0.62874025,-1.6012597,-0.81125975,-0.7812598,-1.3412597,-0.45125976,-0.30125976,-0.24125977
2.9387403,2.0187402,-0.60125977,0.038740233,0.33874023,0.89874023,2.8387403,2.4587402,1.2787403,1.9887402,1.3487402,1.3187402,-1.2612598,-2.8412597,-1.1012597,-0.74125975,0.43874022,1.0187402,-0.17125976,-1.8012598,-0.94125974,0.32874024,0.36874023,-0.35125977,-1.1612598,-1.5312598,-1.1612598,-2.4012597,-2.0912597,-2.1212597,-2.0612597,-2.6912599,-1.0112598,-1.1812598,1.4187403,7.22874,2.4887402,3.3887403,0.5987402,-1.0812597,-0.7212598
2.6387403,2.8987403,3.5187402,3.0787401,2.0087402,2.7987401,2.6887403,2.1287403,1.3787402,1.4187403,0.92874026,0.7887402,-0.28125978,-1.0712597,-1.2412598,-0.5812598,-0.40125978,-0.24125977,0.07874023,0.31874025,-1.7412598,-1.3512597,-0.93125975,-0.5212598,0.8587402,-0.33125976,-3.1012597,-2.9512599,-3.2712598,-2.9312599,-3.1312597,-4.2212596,-4.0312595,-0.30125976,-1.8412597,-2.1112597,-4.2812595,-3.7812598,-1.8412597,-2.3112597,-0.09125976
2.5387402,2.2587402,2.1687403,1.8687402,1.9087403,2.1787403,2.3087401,2.2787402,1.8087403,1.2187402,0.76874024,0.57874024,-1.7012597,-1.1212598,-2.2212598,-0.5812598,-1.1012597,-0.21125977,-1.1112598,2.1987402,-0.9512598,-1.0712597,-2.2312598,-0.55125976,0.008740234,1.3787402,1.4087403,-1.9612597,-2.1912599,-3.7912598,-3.4412599,-3.0012598,-4.27126,-4.8312597,-1.0012598,0.5387402,0.7787402,-0.5812598,0.30874023,0.24874024,-1.7112597
2.4087403,2.1587403,2.5287402,2.3387403,2.0987403,1.7387402,1.4887402,1.4487402,1.2587402,1.2487402,0.5487402,0.10874023,0.51874024,-1.1912597,-0.5312598,-1.2012597,0.20874023,-0.041259766,0.7787402,-0.10125977,1.3587402,-0.42125976,0.13874024,-0.041259766,0.11874023,0.14874023,0.69874024,-0.09125976,-0.031259764,-1.4812598,-2.1112597,-2.0912597,-1.7212597,-1.8012598,2.1087403,2.6587403,-1.0312598,-0.0012597656,-2.9312599,-1.9512597,-3.2512598
1.5487403,1.2187402,1.5287403,1.3687402,1.0387403,0.19874023,1.0487403,0.7287402,0.80874026,0.69874024,1.3987403,0.8487402,0.68874025,0.038740233,0.29874024,-0.7612598,-0.6512598,-1.1212598,-0.81125975,0.7387402,1.4587402,1.7387402,1.3587402,0.50874025,1.2587402,0.40874022,-0.37125978,1.0387403,0.15874024,0.048740234,-0.09125976,-0.39125976,-0.9612598,-0.061259765,2.4287403,1.3287402,0.63874024,-0.44125977,0.38874024,0.16874023,-0.38125977
1.7587402,1.7087402,1.4887402,-0.62125975,0.25874025,0.13874024,0.47874025,0.51874024,0.098740235,0.5987402,-0.34125978,-0.121259764,0.45874023,1.7087402,0.86874026,0.25874025,0.47874025,-1.4612597,-0.7212598,-0.33125976,0.55874026,1.2387402,1.0387403,0.41874024,-0.25125977,0.10874023,-0.57125974,-0.111259766,-0.50125974,-1.5112598,-2.4012597,-2.3412597,-1.8112597,1.1387402,3.1687403,1.9287403,1.8187402,1.9187403,1.4587402,1.2887403,0.94874024
-1.2312598,-0.22125977,1.0787402,0.9687402,1.4387403,1.1287402,1.0587403,1.4287403,-0.23125976,0.15874024,0.33874023,-1.1212598,-0.5212598,0.9187402,1.0887402,0.41874024,0.7187402,-0.22125977,-0.28125978,0.48874024,1.1287402,0.15874024,-0.73125976,-0.34125978,-0.24125977,-0.7112598,1.2487402,-1.1912597,-1.7912598,-1.2812598,-0.28125978,-0.051259767,-0.21125977,-0.19125977,0.81874025,2.7487402,3.0887403,1.6787403,0.5887402,0.11874023,0.27874023
1.2187402,0.5487402,0.9187402,0.64874023,1.2187402,0.8387402,0.36874023,1.2987403,0.76874024,0.38874024,0.37874022,0.008740234,-1.2412598,0.88874024,1.0187402,1.0187402,0.61874026,0.74874026,0.11874023,0.24874024,0.33874023,0.6087402,-0.051259767,-0.88125974,-1.9412597,-1.5712597,-2.3212597,-1.9212598,-1.4412597,-1.4012598,-1.6812598,-1.4412597,-1.0112598,-0.41125977,-0.41125977,-0.31125978,-0.46125975,0.43874022,0.46874022,0.5387402,1.5587403
1.4087403,0.87874025,0.86874026,2.0987403,1.5487403,2.0987403,0.5987402,1.3787402,0.50874025,0.37874022,0.87874025,0.34874022,-0.50125974,-0.55125976,-0.32125977,0.7887402,0.6587402,0.008740234,-0.17125976,-0.85125977,-0.9612598,-1.0512598,-1.2312598,-1.4412597,-2.4612598,-3.3012598,-3.8712597,-3.8312597,-3.6612597,-3.5412598,-3.6512597,-3.8212597,-4.52126,-3.3012598,-2.2312598,-1.8912598,-1.0312598,-0.8912598,-1.2712598,-0.9512598,-1.2312598
1.3387402,1.7287402,0.6587402,2.0787401,1.2487402,-0.051259767,1.0387403,1.1887403,0.7787402,-0.061259765,-0.30125976,-0.061259765,1.0187402,-0.16125977,-1.2512598,-0.9112598,-0.051259767,-0.5312598,-1.4912598,-1.6212598,-1.6812598,-1.9512597,-2.3012598,-2.3812597,-2.5512598,-2.9212599,-2.8112597,-2.5412598,-3.7912598,-3.8412597,-3.4712598,-3.2512598,-2.5512598,-2.2212598,-2.2312598,-2.0812597,-1.0612597,-0.9112598,-1.1612598,-1.2412598,-0.8912598
