wind_kz.json
{"header": {"discipline":0,"disciplineName":"Meteorological products","gribEdition":2,"gribLength":1025,"center":7,"centerName":"US National Weather Service - NCEP(WMC)","subcenter":0,"refTime":"2023-09-22T06:00:00.000Z","significanceOfRT":1,"significanceOfRTName":"Start of forecast","productStatus":0,"productStatusName":"Operational products","productType":1,"productTypeName":"Forecast products","productDefinitionTemplate":0,"productDefinitionTemplateName":"Analysis/forecast at horizontal level/layer at a point in time","parameterCategory":2,"parameterCategoryName":"UnknownDiscipline_0_Category_2","parameterNumber":3,"parameterNumberName":"UnknownParameter_D0_C2_3","parameterUnit":"Unknown","genProcessType":2,"genProcessTypeName":"Forecast","forecastTime":240,"surface1Type":103,"surface1TypeName":"Specified height level above ground","surface1Value":10.0,"surface2Type":255,"surface2TypeName":"Missing","surface2Value":0.0,"gridDefinitionTemplate":0,"gridDefinitionTemplateName":"Latitude_Longitude","numberPoints":615,"shape":6,"shapeName":"Earth spherical with radius of 6,371,229.0 m","gridUnits":"degrees","resolution":48,"winds":"true","scanMode":64,"nx":41,"ny":15,"basicAngle":0,"lo1":47.0,"la1":41.0,"lo2":87.0,"la2":55.0,"dx":1.0,"dy":1.0}, "data":
[rows 0 to 14 of 15, columns 0 to 40 of 41]
1.014607,1.524607,1.994607,5.7546067,2.734607,1.874607,2.6346068,2.464607,1.874607,1.9046069,2.074607,2.284607,1.0746069,-0.015393066,-0.61539304,-0.9553931,-1.4653931,-0.54539305,0.24460693,-0.5853931,3.264607,3.014607,-0.84539306,0.5446069,0.36460695,0.16460693,0.97460693,0.40460694,-0.8353931,2.6046069,1.3046069,1.8246069,-1.735393,-1.225393,0.094606936,-0.12539306,0.004606934,-1.0853931,0.94460696,1.0546069,-1.2153931
1.604607,-0.115393065,6.4846067,5.494607,5.164607,2.664607,1.1946069,2.6046069,1.854607,0.96460694,2.454607,1.4246069,0.054606933,-1.4453931,-3.1453931,-2.425393,-1.515393,-1.145393,-1.875393,-0.015393066,4.164607,3.434607,-1.0853931,-0.40539306,0.8546069,0.37460694,2.1446068,0.47460693,-0.045393065,1.524607,0.65460694,0.8746069,1.254607,2.444607,2.6246068,2.944607,2.174607,1.8446069,1.4646069,-0.8853931,-1.525393
-0.055393066,4.664607,5.5246067,4.864607,3.6546068,2.0946069,1.1846069,0.58460695,2.6546068,2.3746068,1.9646069,1.2146069,-1.1853931,-2.1053932,-3.435393,-3.415393,-1.605393,-0.54539305,-2.185393,0.71460694,2.4046068,2.214607,-0.7653931,-1.3453931,-1.5553931,-1.475393,-1.5453931,1.394607,-0.27539307,-1.0853931,-0.8953931,-1.5653931,-3.055393,0.32460693,0.9346069,-3.425393,-3.695393,0.41460693,-1.0353931,2.464607,1.364607
3.3946068,4.534607,4.2546067,3.214607,2.804607,2.684607,2.3846068,0.8046069,1.8346069,1.984607,1.234607,-0.6253931,-1.775393,-2.935393,-3.045393,-3.985393,-1.0453931,-0.29539308,1.254607,1.744607,1.354607,-2.3553932,1.244607,-0.43539307,-2.1453931,-3.275393,-4.055393,-3.235393,-3.665393,-3.965393,-4.605393,-3.5953932,1.274607,1.8246069,0.5646069,1.9146069,2.944607,1.1746069,-3.0953932,-2.455393,-2.745393
3.084607,2.6546068,2.6146069,2.014607,1.504607,2.414607,1.894607,0.90460694,1.3346069,0.8646069,0.39460695,-0.91539305,-3.335393,-4.035393,-3.285393,-3.425393,-0.09539307,0.21460694,0.9946069,1.354607,1.264607,2.3746068,1.6746069,1.104607,0.27460694,-1.3153931,-5.335393,-5.285393,-4.955393,-4.535393,-3.8753932,-2.975393,-1.515393,-0.53539306,0.64460695,1.3146069,0.6246069,-0.025393067,-2.3653932,-2.8853931,-3.055393
3.334607,2.984607,2.074607,2.324607,1.634607,1.0746069,1.9246069,0.7946069,0.30460694,0.18460694,-0.6853931,-1.1753931,-2.005393,-3.505393,-4.2253933,-3.3453932,-0.86539304,2.784607,2.724607,2.944607,3.6446068,2.554607,1.0846069,0.8046069,-0.8353931,-1.635393,-3.175393,-4.425393,-4.905393,-4.255393,-3.485393,-4.105393,-4.2453933,-0.55539304,-0.115393065,-3.965393,-2.915393,1.0746069,-0.53539306,-0.99539304,-3.975393
2.294607,3.214607,2.3746068,1.9146069,1.004607,0.7946069,1.2046069,1.4146069,0.39460695,0.014606934,-0.43539307,-1.1953931,-2.3953931,-3.415393,-3.565393,-3.255393,-0.53539306,3.254607,3.794607,4.5046067,2.294607,1.384607,0.6646069,1.974607,1.6846069,2.3846068,-0.19539307,-3.1053932,-5.035393,-5.755393,-5.845393,-5.375393,-5.755393,-4.7453933,2.674607,1.8246069,0.96460694,4.154607,3.584607,3.334607,-1.245393
3.3946068,3.284607,2.3946068,1.5746069,0.88460696,1.104607,0.9846069,0.75460696,0.72460693,0.40460694,-0.29539308,-0.27539307,-2.485393,-2.8653932,-4.085393,-3.185393,-1.1753931,1.0746069,1.2046069,3.044607,0.9946069,-0.055393066,-2.315393,-2.8753932,-2.435393,1.734607,1.8446069,-1.245393,-1.9553931,-4.775393,-5.7653933,-6.445393,-7.185393,-9.515393,-4.435393,-2.1253932,-1.225393,-2.005393,-0.23539306,-0.16539307,-0.20539306
2.714607,2.484607,2.564607,1.5446069,1.0346069,1.1946069,1.4446069,1.144607,1.014607,0.50460696,0.07460693,-0.45539308,-1.5353931,-2.445393,-3.235393,-3.8453932,-2.8753932,-1.4353931,-0.13539307,0.48460692,2.454607,-0.44539306,-2.215393,-2.275393,-2.425393,-0.5653931,-0.045393065,-1.2953931,-2.3953931,-3.445393,-5.7253933,-6.675393,-6.625393,-7.365393,-5.005393,-3.805393,-1.0753931,-1.975393,0.94460696,0.8646069,-1.9653931
1.884607,1.9446069,2.254607,1.5346069,1.2046069,1.5846069,1.9546069,1.4446069,1.004607,0.69460696,0.22460693,-0.26539308,-0.7553931,-1.4053931,-1.9453931,-2.265393,-2.025393,-1.995393,-1.105393,-0.14539307,0.36460695,-0.19539307,-1.0753931,-1.3353931,-1.1853931,-0.52539307,-0.71539307,-0.80539304,-1.5353931,-2.075393,-3.6453931,-4.585393,-5.525393,-6.135393,-5.885393,-2.3853931,-0.6353931,2.454607,-0.32539308,-0.16539307,1.5446069
2.324607,2.034607,2.3546069,1.5346069,1.024607,1.7846069,1.884607,1.6546069,1.4346069,1.364607,0.57460696,-0.25539306,-0.28539306,-0.37539306,-0.42539307,-0.60539305,-0.31539306,-0.49539307,0.14460693,0.33460695,0.31460693,0.094606936,-0.25539306,-0.90539306,-1.0953931,-0.90539306,-0.59539306,-0.39539307,-0.66539305,-1.4053931,-1.735393,-2.6253932,-4.095393,-4.555393,-5.5153933,-5.415393,-1.9453931,-1.395393,-0.25539306,0.5446069,0.31460693
0.64460695,1.014607,1.5446069,2.1246068,2.0946069,1.7846069,2.024607,1.994607,1.614607,1.004607,0.18460694,0.37460694,1.5746069,1.0546069,0.46460694,0.12460694,0.28460693,0.8746069,0.96460694,1.244607,0.6646069,-0.14539307,-0.42539307,-0.13539307,-0.49539307,0.054606933,0.37460694,0.13460693,-0.12539306,-0.26539308,-1.125393,-1.4053931,-2.045393,-3.1153932,-3.015393,-3.3753932,-3.0953932,-2.485393,-2.1353931,-1.4553931,-0.53539306
2.1546068,1.894607,1.9046069,1.9246069,1.8446069,1.494607,1.854607,2.1346068,2.1446068,1.114607,-0.025393067,-1.0853931,0.22460693,0.47460693,1.1846069,1.114607,1.234607,1.254607,1.7146069,0.9846069,1.0446069,0.29460692,-0.34539306,-0.92539304,-1.275393,-0.67539304,-0.5853931,0.33460695,0.8646069,0.71460694,0.5546069,0.15460694,-0.20539306,-0.17539306,-0.8353931,-1.4553931,-1.635393,-1.235393,-1.515393,-1.0953931,-0.45539308
2.8646069,3.1346068,2.794607,2.8646069,2.764607,2.784607,2.274607,2.3546069,1.9246069,2.444607,0.8546069,0.08460693,-0.30539307,-0.17539306,0.5446069,0.8046069,0.6046069,0.8146069,0.9946069,0.58460695,0.7346069,0.9246069,0.30460694,-0.115393065,-0.20539306,-0.45539308,-0.28539306,0.104606934,0.50460696,1.0346069,1.3146069,1.4146069,1.5646069,1.1846069,0.9346069,1.1746069,0.95460695,0.65460694,0.24460693,0.6246069,1.4246069
2.074607,2.194607,2.804607,3.334607,3.464607,3.194607,2.964607,3.004607,2.6346068,2.674607,1.864607,1.394607,0.95460695,0.07460693,0.14460693,0.5546069,0.46460694,0.29460692,0.57460696,0.5446069,0.41460693,0.5446069,0.63460696,0.024606934,-0.055393066,-0.08539306,-0.0053930664,0.29460692,0.33460695,0.52460694,0.94460696,2.734607,1.9346069,2.334607,2.474607,2.214607,2.954607,2.454607,1.254607,1.8246069,1.9546069
