wind_kz.json
{"header": {"discipline":0,"disciplineName":"Meteorological products","gribEdition":2,"gribLength":1102,"center":7,"centerName":"US National Weather Service - NCEP(WMC)","subcenter":0,"refTime":"2023-08-28T18:00:00.000Z","significanceOfRT":1,"significanceOfRTName":"Start of forecast","productStatus":0,"productStatusName":"Operational products","productType":1,"productTypeName":"Forecast products","productDefinitionTemplate":0,"productDefinitionTemplateName":"Analysis/forecast at horizontal level/layer at a point in time","parameterCategory":2,"parameterCategoryName":"UnknownDiscipline_0_Category_2","parameterNumber":2,"parameterNumberName":"UnknownParameter_D0_C2_2","parameterUnit":"Unknown","genProcessType":2,"genProcessTypeName":"Forecast","forecastTime":0,"surface1Type":103,"surface1TypeName":"Specified height level above ground","surface1Value":10.0,"surface2Type":255,"surface2TypeName":"Missing","surface2Value":0.0,"gridDefinitionTemplate":0,"gridDefinitionTemplateName":"Latitude_Longitude","numberPoints":615,"shape":6,"shapeName":"Earth spherical with radius of 6,371,229.0 m","gridUnits":"degrees","resolution":48,"winds":"true","scanMode":64,"nx":41,"ny":15,"basicAngle":0,"lo1":47.0,"la1":41.0,"lo2":87.0,"la2":55.0,"dx":1.0,"dy":1.0}, "data":
[rows 0 to 14 of 15, columns 0 to 40 of 41]
-3.1237302,-0.47373018,-0.23373017,3.23627,1.0962698,0.5562698,0.73626983,-2.2937303,-2.5737302,-2.21373,-2.4137301,-2.70373,-2.45373,-3.1237302,-2.0437303,-2.98373,-1.2037301,-1.1537302,-3.48373,-3.45373,-3.4037302,-2.2937303,-2.26373,-2.6637301,-0.25373018,-1.2237302,-3.2737303,-1.0037302,-1.3337302,-0.71373016,-1.5937302,1.1962699,5.5462694,8.036269,3.4262698,0.29626983,1.1162698,-1.0937302,-2.4137301,-1.8637302,-1.9537301
1.1562698,2.8262699,4.5962696,0.58626986,1.8762698,0.34626985,2.1162698,1.5862699,1.3262699,0.8162698,0.41626984,-0.8737302,-0.77373016,-1.0837302,0.9262698,-1.1637301,-0.71373016,1.0062698,-1.2037301,0.48626983,-2.97373,-3.7937303,-0.65373015,-2.00373,0.36626983,-0.48373017,-0.83373016,0.35626984,-0.42373016,-0.51373017,-0.043730162,-0.49373016,0.19626984,-0.53373015,0.48626983,0.38626984,-1.5737301,2.0762699,0.5062698,2.8762698,3.2162697
0.0062698363,0.076269835,0.49626982,2.3662698,1.7062699,0.22626984,2.04627,4.2462697,3.4562697,2.4562697,2.2162697,0.79626983,0.37626985,0.8862698,1.5162698,-0.85373014,0.73626983,2.51627,3.3762698,0.36626983,0.66626984,-2.4337301,-1.0837302,-1.7537302,-0.043730162,-0.6337302,-1.7737302,-2.96373,-2.8737302,-1.1637301,-1.9737302,1.1162698,-0.8737302,2.0962698,0.41626984,-0.023730164,-0.70373017,-1.1937301,3.8862698,1.8462698,-0.23373017
-0.97373015,0.21626984,-0.6837302,-0.66373014,1.9662699,3.52627,4.1862698,5.6562696,4.5162697,3.4462698,3.2262697,2.1362698,1.3062699,2.6962698,-0.033730164,-0.54373014,-0.08373016,1.6662698,2.8362699,1.8062699,0.6762698,-0.70373017,0.30626982,2.01627,0.14626984,-0.6837302,-2.6237302,-1.9037302,-0.18373017,0.19626984,-1.2737302,-0.89373016,3.1762698,5.7962694,-0.6837302,1.8062699,0.6762698,0.37626985,0.06626984,2.4662697,7.5162697
2.28627,2.9662697,3.6262698,4.2862697,5.5762696,5.0362697,5.4762697,4.2262697,1.4262699,2.5962698,5.2562695,4.0162697,1.1162698,0.15626983,-0.36373016,-0.36373016,-0.19373016,1.1462698,1.9062698,1.0862699,-0.38373017,-0.103730164,-1.5437301,-3.7937303,-2.70373,-0.85373014,-2.50373,3.9262698,0.41626984,2.75627,2.3562698,-0.51373017,-1.2037301,-0.5537302,2.55627,0.18626983,10.906269,9.046269,8.296269,8.09627,6.6562696
-3.8737302,2.9662697,4.4362698,7.8162694,8.84627,8.89627,9.876269,5.8362694,2.8462698,6.0262694,6.2162695,9.68627,4.42627,3.5662699,-1.4237301,-2.26373,5.0362697,4.3062696,3.1962698,0.6862698,1.2262698,0.41626984,-0.79373014,0.90626985,-1.1137302,-2.0637302,1.1862699,0.21626984,0.28626984,3.51627,7.3862696,6.0862694,2.76627,5.5662694,1.6262698,-3.73373,2.1962698,6.8762693,15.55627,10.94627,6.0262694
-0.37373015,1.2062699,2.52627,3.24627,3.0862699,5.2862697,4.66627,3.78627,3.98627,0.6762698,0.71626985,6.3062696,7.8562694,4.0762696,0.96626985,0.6962698,6.8762693,6.1362696,4.5962696,2.51627,0.34626985,0.8162698,0.8862698,0.076269835,-0.59373015,0.5562698,2.1962698,1.9662699,1.9462699,3.30627,3.2062697,4.6862698,4.4362698,-0.09373017,-1.4237301,-0.48373017,0.42626983,-0.043730162,3.3462698,-1.4237301,6.6262693
-3.6137302,-4.4837303,-4.22373,-2.0837302,-1.4737302,-1.0037302,-1.2137302,0.8762698,1.5462699,1.8662698,2.24627,2.26627,1.6862699,6.7062697,7.1262693,7.3362694,6.6462693,4.71627,5.9162693,3.5962698,0.42626983,-1.4937302,-1.8637302,-0.35373017,0.17626983,0.09626984,1.4562699,3.1362698,3.4462698,2.4462698,4.50627,5.5462694,4.85627,2.80627,1.7562698,3.4562697,1.0562699,8.44627,9.38627,11.59627,6.0362697
-1.7037301,-0.5737302,0.6262698,-0.85373014,-1.5037302,0.57626987,0.42626983,3.4662697,1.9662699,5.2862697,2.53627,1.4762698,3.3262699,0.0062698363,7.0662694,6.5162697,4.44627,4.61627,5.8262696,5.8162694,1.7062699,0.0062698363,-0.43373016,0.28626984,0.6862698,1.5362698,1.5562699,2.48627,3.9362698,2.52627,3.3862698,2.9362698,3.9562697,2.25627,1.0562699,-0.9437302,-1.3837302,0.42626983,-0.18373017,1.1162698,1.4862698
-0.053730164,0.23626983,-2.71373,-0.45373017,0.83626986,1.5762699,2.9162698,2.98627,2.00627,2.5662699,2.9162698,2.5962698,2.6162698,3.8962698,3.9362698,4.67627,2.6262698,5.08627,2.99627,5.2162695,4.52627,0.8162698,-0.20373017,-0.34373015,1.9462699,2.77627,2.98627,3.4462698,3.6862698,3.1062698,2.52627,5.9762697,5.3562694,6.0862694,1.4762698,-1.2037301,-2.0337303,1.9262699,1.2562698,0.59626985,1.4062698
1.3162699,-1.6137302,0.71626985,2.54627,3.79627,3.8762698,3.98627,3.6162698,3.4262698,4.00627,2.9462698,3.54627,3.28627,3.03627,3.9062698,1.2462698,0.31626984,-0.13373016,1.6662698,2.53627,1.1562698,-1.3837302,0.12626983,2.25627,2.0862699,2.1662698,2.3862698,3.3262699,4.4362698,3.5962698,5.3962693,6.9662695,6.7762694,5.2162695,-0.71373016,-2.1337302,-1.7937301,1.1062698,-0.46373016,-0.32373017,0.42626983
0.056269836,1.3962698,2.74627,2.2062697,3.3862698,4.3262696,3.8962698,3.48627,3.4162698,1.8562698,1.7362698,3.01627,2.6762698,3.1562698,3.2062697,0.06626984,1.8062699,1.6362698,-0.28373015,0.116269834,0.98626983,1.2462698,1.1262698,2.9362698,1.5862699,2.4062698,1.0462699,1.9262699,2.6062698,4.44627,4.86627,5.8162694,5.3662696,3.25627,-1.0137302,0.12626983,-1.0137302,-0.8637302,1.6962699,-1.0137302,-0.043730162
1.2462698,2.49627,2.53627,3.9362698,5.1462693,3.80627,4.98627,3.8262699,3.8162699,0.82626987,0.77626985,1.2762698,1.1062698,2.27627,-0.013730164,0.076269835,-0.49373016,-3.1137302,-3.72373,-1.9337301,-0.45373017,0.0062698363,1.3462698,0.97626984,2.3262699,1.8262699,3.3862698,1.9962698,3.1662698,4.7062697,4.92627,4.9962697,2.2262697,-0.023730164,-1.3837302,-1.1137302,0.30626982,-0.54373014,0.8862698,-0.14373016,0.65626985
1.3462698,2.1462698,3.6462698,4.04627,5.1562696,5.1762695,3.0662699,2.80627,2.1562698,2.05627,0.40626985,0.40626985,0.98626983,0.21626984,1.5262698,-2.0337303,-2.21373,-2.75373,-2.2837303,-0.40373015,0.46626985,0.95626986,0.45626983,0.8162698,1.0562699,0.37626985,1.7162699,2.0962698,3.9662697,3.3562698,3.1062698,1.8162699,1.3062699,-0.54373014,-0.59373015,0.116269834,-0.0037301637,0.24626984,0.83626986,0.7462698,1.2662698
1.5562699,2.76627,3.1562698,1.9862698,3.0762699,1.9862698,-1.2637302,0.60626984,0.8162698,-0.08373016,-1.0337301,-0.043730162,-0.73373014,1.3762698,-2.1737301,-3.19373,-5.0237303,-1.7937301,-1.2637302,-0.60373014,-2.6537302,-2.3637302,-2.1537302,0.026269836,2.1062698,1.6862699,2.3362699,3.75627,3.28627,2.9062698,1.8462698,1.8862698,0.6362698,-0.27373016,0.26626983,0.31626984,-0.41373017,1.0162698,0.6362698,1.4062698,-0.22373016
