wind_kz.json
{"header": {"discipline":0,"disciplineName":"Meteorological products","gribEdition":2,"gribLength":1025,"center":7,"centerName":"US National Weather Service - NCEP(WMC)","subcenter":0,"refTime":"2023-08-22T00:00:00.000Z","significanceOfRT":1,"significanceOfRTName":"Start of forecast","productStatus":0,"productStatusName":"Operational products","productType":1,"productTypeName":"Forecast products","productDefinitionTemplate":0,"productDefinitionTemplateName":"Analysis/forecast at horizontal level/layer at a point in time","parameterCategory":2,"parameterCategoryName":"UnknownDiscipline_0_Category_2","parameterNumber":2,"parameterNumberName":"UnknownParameter_D0_C2_2","parameterUnit":"Unknown","genProcessType":2,"genProcessTypeName":"Forecast","forecastTime":240,"surface1Type":103,"surface1TypeName":"Specified height level above ground","surface1Value":10.0,"surface2Type":255,"surface2TypeName":"Missing","surface2Value":0.0,"gridDefinitionTemplate":0,"gridDefinitionTemplateName":"Latitude_Longitude","numberPoints":615,"shape":6,"shapeName":"Earth spherical with radius of 6,371,229.0 m","gridUnits":"degrees","resolution":48,"winds":"true","scanMode":64,"nx":41,"ny":15,"basicAngle":0,"lo1":47.0,"la1":41.0,"lo2":87.0,"la2":55.0,"dx":1.0,"dy":1.0}, "data":
[rows 0 to 14 of 15, columns 0 to 40 of 41]
-0.36534667,-1.5153466,2.7146533,-3.7953467,-2.8153467,-6.4153466,-8.025347,-7.7853465,-9.145347,-2.0753467,-3.7053466,-4.8253465,-4.0653467,-3.3953466,-2.8253467,-2.6953466,-2.0153468,-0.3753467,-2.2653468,-0.6053467,0.01465332,2.1146533,0.36465332,-1.6353467,-0.35534668,-1.8153467,-2.7253466,-2.7453468,-1.1653466,-0.48534667,-2.0253468,1.4246533,1.2746533,1.1946533,-2.2653468,-1.9653467,1.5346533,1.7246534,-0.29534668,-1.0153466,-3.3353467
1.6546533,2.4646533,-7.2253466,-7.0453467,-4.755347,-7.5853467,-5.135347,-10.5553465,-6.1453466,-4.5753465,-3.5353467,-4.3353467,-3.3453467,-2.8953466,-2.1753466,-2.7453468,-0.63534665,-2.5253468,-1.5653467,-1.5353466,-1.5253466,-1.7453467,0.01465332,-2.8953466,-0.86534667,0.6446533,-0.86534667,-0.2553467,-3.0953467,-1.8753467,-0.2853467,-0.5853467,1.5146533,-3.3553467,0.5446533,0.4946533,-0.8453467,0.7246533,-1.4753467,1.0146533,1.0046533
5.1646533,8.664654,-8.135346,-6.7453465,-8.665347,-8.395347,-7.8953466,-5.3353467,-6.8053465,-4.9153466,-4.2253466,-3.9153466,-3.3753467,-3.9753466,-3.8853467,-4.0553465,-4.215347,-2.5053468,-1.6653466,-0.7653467,-0.7853467,-5.235347,-7.0153465,-5.0153465,1.4746534,-2.5253468,-1.8353467,-2.3853467,-1.6753467,-1.1353467,-0.75534666,1.2046533,-0.2553467,-0.3153467,-0.5753467,-0.7953467,-0.18534668,-0.7353467,2.7646532,3.1846533,3.0146532
5.134653,-0.17534667,-6.8553467,-8.315347,-7.7653465,-8.265347,-4.5853467,-5.6653466,-5.3553467,-4.8453465,-4.1253467,-4.6253467,-5.865347,-5.8353467,-4.5353465,-4.3453465,-3.9453466,-3.3453467,-3.5753467,-3.4553466,-5.8953466,-3.0753467,-2.1553466,-4.465347,-5.7453465,-5.5153465,-4.985347,-9.455347,-4.695347,-1.2153467,-0.3153467,-2.1153467,1.4446533,-3.0153468,-3.2153466,-2.2953467,-1.8853467,2.1446533,-0.93534666,-0.03534668,-0.93534666
-1.9053466,-6.5553465,-6.0353465,-5.715347,-6.4353466,-6.3053465,-4.9753466,-5.6853466,-5.6053467,-4.5853467,-4.715347,-4.8153467,-6.8553467,-6.885347,-6.215347,-4.755347,-4.6053467,-4.0553465,-4.2053466,-6.5353465,-6.9353466,-5.615347,-5.7053466,-5.1053467,-5.865347,-4.8453465,-6.4353466,-3.7553468,-3.9453466,-4.2853465,-5.3153467,-2.6053467,-2.6153467,1.5946534,0.7846533,-1.4853467,-1.7053467,-0.6653467,-2.1353467,-0.3753467,0.62465334
-1.0453467,-2.8853467,-5.115347,-6.465347,-8.045346,-9.015347,-6.4153466,-5.715347,-4.9953465,-4.175347,-4.505347,-5.0753465,-6.0353465,-7.005347,-5.8453465,-4.2253466,-4.4353466,-4.5853467,-6.0153465,-4.9753466,-6.505347,-4.9753466,-4.3553467,-5.465347,-4.6653466,-5.635347,-3.3553467,-7.1253467,-6.635347,-7.485347,-7.2053466,-5.6453466,-3.4153466,-1.7553467,0.06465332,0.03465332,0.7246533,0.47465333,0.18465333,-3.7753468,-2.3453467
-1.6853467,-1.4253467,-2.6953466,-4.965347,-7.1253467,-6.215347,-5.5753465,-5.2053466,-4.5553465,-4.1653466,-3.8353467,-4.4553466,-4.5253468,-4.0153465,-3.6753466,-4.2453465,-4.155347,-4.3553467,-4.755347,-5.6253467,-5.0953465,-4.8153467,-4.7453465,-3.9453466,-4.4153466,-4.0953465,-4.0753465,-3.6753466,-5.0653467,-4.365347,-5.485347,-5.7953467,-2.6153467,-2.8853467,-2.1753466,-2.1853466,-1.0453467,0.9546533,1.0846534,1.1046534,1.8846533
-1.8653467,2.6946533,-2.3453467,-4.445347,-4.985347,-4.8053465,-4.6253467,-3.5753467,-2.8553467,-2.9053466,-2.1453466,-3.0753467,-3.5353467,-3.7153466,-3.2953467,-3.8653467,-3.9153466,-4.2453465,-3.8653467,-4.755347,-3.5353467,-3.4853468,-3.1053467,-3.5353467,-3.5953467,-2.3053467,-3.1653466,-3.1853466,-3.8153467,-2.9553466,-4.2853465,-2.6453466,-3.4053466,-2.5953467,-3.2553468,1.5746533,4.344653,7.3346534,5.824653,8.024653,1.8146533
2.6146533,-0.06534668,-1.5053467,-4.0553465,-3.9653466,-3.9953468,-3.8153467,-3.4853468,-3.5853467,-2.3953466,-2.4753466,-2.4453466,-0.9153467,-1.8953466,-1.9053466,-2.3353467,-2.7853467,-3.1353467,-3.2353468,-3.3653467,-3.5953467,-2.7453468,-2.6353467,-2.6353467,-2.0953467,-2.5153468,-2.0353467,-2.4753466,-1.3253467,-1.4853467,-1.3953466,-1.2653466,-0.21534668,-0.69534665,0.19465332,1.1446533,1.2346534,-1.8253467,-1.2953467,0.88465333,-1.0653467
-0.2553467,0.6546533,-1.4453467,-2.7153466,-3.3253467,-3.1853466,-3.4753466,-2.6653466,-1.9453467,-2.2253466,-0.7853467,-0.27534667,-0.20534667,0.7046533,0.6046533,0.55465335,-0.2553467,-0.20534667,-1.3253467,-1.8253467,-2.0953467,-1.5953467,-1.3453467,-1.9553467,-1.4453467,-1.8753467,-1.2053467,-1.0753467,-0.6453467,-0.30534667,0.4046533,0.23465332,0.9646533,0.99465334,0.10465332,0.38465333,-0.36534667,0.01465332,-2.0553467,-0.2853467,0.05465332
-2.6553466,-0.8453467,-0.9753467,-0.45534667,-1.4253467,-2.0953467,-1.5553467,-1.6653466,-1.2653466,-0.75534666,-0.19534668,0.8346533,0.50465333,0.9246533,1.8146533,1.9346533,1.9646534,1.8246533,0.18465333,1.0146533,1.2946533,0.5446533,1.0046533,0.80465335,-0.02534668,0.06465332,1.2546533,1.6946533,1.4946533,2.0946534,2.5646534,1.3646533,0.94465333,0.6746533,0.9846533,-0.7953467,-1.4453467,-0.6053467,-0.32534668,0.80465335,-0.7153467
-0.11534668,-3.1653466,1.7846533,0.22465332,0.74465334,-0.69534665,-1.4753467,-0.6453467,-0.8553467,-2.0553467,-1.0653467,1.8246533,0.38465333,1.4846534,2.8446534,2.5846534,2.6846533,2.8346534,1.3946533,2.1846533,1.8346534,2.5246534,2.2146533,2.1346533,2.3646533,2.9146533,2.4946532,3.2446532,3.3446534,3.2046533,1.4446533,2.0646534,1.6946533,1.5646533,0.86465335,0.69465333,0.7246533,-0.5353467,0.15465333,0.05465332,-0.6753467
1.8246533,0.48465332,-0.9853467,0.9146533,1.2746533,1.7346534,0.9746533,0.3746533,-0.5753467,-1.3253467,-0.38534668,1.1946533,1.0946534,2.9246533,2.8346534,2.7746534,2.6346533,2.8646533,1.8746533,2.4446533,1.4646534,1.3546534,1.7546533,1.2646533,3.3146534,2.7146533,3.3146534,2.9246533,2.1446533,2.9746532,1.8146533,2.2946534,1.9146533,1.9946533,1.8246533,2.1046534,1.5446533,0.9146533,0.94465333,0.2846533,-0.36534667
1.2346534,0.2846533,1.4946533,1.8446534,0.99465334,2.0146532,1.7046533,2.5146532,3.6746533,1.0846534,0.93465334,0.03465332,2.1746533,4.4646535,3.8746533,3.3846533,3.7446532,3.3346534,1.2346534,3.6846533,2.8546534,2.9446533,2.4946532,2.2246532,2.5446534,1.8246533,1.9246533,2.6446533,2.7046533,3.1146533,2.0946534,1.6646533,1.6446533,2.1446533,1.6046534,1.6546533,1.3846533,1.8646533,0.9046533,0.74465334,0.00465332
0.61465335,0.80465335,2.0446534,1.6146533,3.5146532,2.5346534,4.2346535,3.6046534,4.5246534,3.2946534,1.3746533,4.2946534,1.5846534,0.9046533,3.2546532,4.2146535,4.2546535,4.0046535,2.6946533,3.2046533,3.2546532,2.4846532,1.2446533,1.5746533,2.0946534,1.9346533,2.2646532,2.1746533,2.4146533,1.6346533,1.6746533,2.1646533,2.1946533,2.2446532,1.9946533,2.3846533,1.9246533,1.7146534,1.8646533,1.6846533,-0.10534668
