wind_kz.json
{"header": {"discipline":0,"disciplineName":"Meteorological products","gribEdition":2,"gribLength":871,"center":7,"centerName":"US National Weather Service - NCEP(WMC)","subcenter":0,"refTime":"2023-09-22T18:00:00.000Z","significanceOfRT":1,"significanceOfRTName":"Start of forecast","productStatus":0,"productStatusName":"Operational products","productType":1,"productTypeName":"Forecast products","productDefinitionTemplate":0,"productDefinitionTemplateName":"Analysis/forecast at horizontal level/layer at a point in time","parameterCategory":0,"parameterCategoryName":"UnknownDiscipline_0_Category_0","parameterNumber":0,"parameterNumberName":"UnknownParameter_D0_C0_0","parameterUnit":"Unknown","genProcessType":2,"genProcessTypeName":"Forecast","forecastTime":180,"surface1Type":1,"surface1TypeName":"Ground or water surface","surface1Value":0.0,"surface2Type":255,"surface2TypeName":"Missing","surface2Value":0.0,"gridDefinitionTemplate":0,"gridDefinitionTemplateName":"Latitude_Longitude","numberPoints":615,"shape":6,"shapeName":"Earth spherical with radius of 6,371,229.0 m","gridUnits":"degrees","resolution":48,"winds":"true","scanMode":64,"nx":41,"ny":15,"basicAngle":0,"lo1":47.0,"la1":41.0,"lo2":87.0,"la2":55.0,"dx":1.0,"dy":1.0}, "data":
[rows 0 to 14 of 15, columns 0 to 40 of 41]
302.49176,292.29175,299.09174,293.69174,293.79175,293.19174,303.29175,307.99176,304.49176,306.79175,304.09174,305.39175,304.09174,302.29175,303.19174,305.39175,305.59174,299.29175,307.29175,306.39175,311.89175,311.69174,304.59174,304.39175,296.19174,289.59174,286.39175,278.29175,288.09174,287.29175,285.09174,283.29175,300.19174,307.99176,307.89175,306.49176,308.99176,314.79175,316.09174,314.59174,314.69174
287.69174,298.59174,293.19174,293.49176,293.19174,292.09174,309.19174,304.69174,303.39175,302.79175,303.99176,302.59174,303.39175,302.69174,302.59174,303.09174,305.59174,307.79175,308.19174,308.09174,304.59174,304.89175,305.59174,290.39175,275.09174,274.09174,282.09174,276.49176,279.59174,283.09174,291.39175,280.39175,291.89175,269.59174,287.09174,300.89175,304.09174,302.09174,309.49176,300.59174,284.69174
299.79175,292.69174,293.49176,293.19174,291.39175,303.39175,302.69174,302.59174,302.29175,301.99176,302.09174,302.29175,303.09174,303.59174,301.49176,305.69174,299.59174,304.39175,304.59174,306.09174,306.69174,299.29175,303.79175,297.99176,303.39175,294.49176,295.49176,287.59174,285.39175,282.19174,278.79175,284.59174,292.89175,294.09174,293.89175,294.19174,292.39175,289.39175,288.39175,288.69174,281.49176
301.19174,292.39175,293.49176,292.49176,294.49176,302.89175,300.19174,302.09174,302.49176,302.99176,302.39175,301.59174,291.09174,290.49176,301.59174,299.19174,301.19174,302.79175,302.39175,305.69174,303.59174,300.39175,305.69174,305.49176,302.79175,296.49176,300.89175,291.09174,287.29175,293.99176,298.99176,293.69174,302.59174,307.79175,309.89175,303.09174,286.59174,273.99176,292.09174,300.29175,301.09174
300.49176,292.09174,292.49176,291.59174,296.29175,302.09174,301.49176,302.99176,300.59174,300.59174,300.79175,300.09174,289.89175,288.89175,287.39175,300.79175,300.99176,299.89175,298.09174,300.99176,306.19174,303.99176,305.59174,294.69174,302.49176,301.69174,297.89175,290.89175,292.49176,296.79175,302.89175,298.69174,292.89175,280.89175,295.29175,303.89175,301.19174,307.59174,306.59174,305.49176,303.89175
300.09174,301.09174,290.99176,291.39175,291.19174,291.09174,302.69174,300.89175,300.29175,299.99176,298.89175,298.49176,290.89175,289.69174,294.89175,298.69174,298.39175,300.09174,297.89175,301.79175,301.29175,301.79175,303.79175,308.09174,305.19174,298.09174,296.29175,288.29175,299.09174,301.99176,297.79175,302.89175,304.79175,303.19174,299.59174,300.79175,296.09174,299.59174,310.79175,308.49176,303.39175
300.09174,301.99176,299.89175,301.19174,298.49176,302.29175,302.29175,299.89175,299.29175,298.29175,298.79175,297.49176,296.59174,297.99176,298.69174,297.49176,298.39175,297.99176,299.09174,299.49176,299.59174,298.69174,300.79175,303.59174,302.09174,296.59174,296.49176,301.69174,302.39175,304.39175,302.19174,300.79175,301.19174,303.49176,304.69174,302.19174,298.59174,296.69174,293.79175,290.99176,300.09174
299.89175,301.29175,300.49176,299.59174,299.09174,300.29175,301.69174,301.09174,299.49176,297.59174,297.49176,296.59174,296.59174,295.79175,297.59174,297.89175,297.19174,297.19174,296.49176,296.59174,296.09174,297.09174,296.89175,294.09174,296.79175,299.19174,295.39175,299.89175,298.69174,300.39175,297.29175,299.49176,298.99176,295.99176,299.09174,301.99176,302.59174,287.59174,304.09174,304.59174,300.59174
298.89175,298.49176,299.09174,298.69174,298.59174,299.59174,299.99176,298.99176,297.99176,297.79175,297.29175,297.49176,295.89175,296.89175,295.89175,297.29175,296.69174,296.99176,294.69174,294.39175,293.49176,293.99176,294.09174,296.59174,295.69174,299.29175,295.89175,297.39175,297.29175,297.09174,297.19174,297.19174,298.29175,297.49176,298.59174,296.89175,300.19174,297.89175,278.89175,287.19174,278.69174
296.99176,297.39175,298.19174,298.39175,298.19174,298.39175,297.99176,297.99176,297.99176,297.89175,297.29175,296.79175,296.69174,295.99176,295.59174,295.29175,296.29175,296.69174,295.89175,294.99176,292.79175,292.69174,293.89175,295.19174,296.09174,296.29175,297.69174,297.89175,296.79175,296.69174,297.49176,297.79175,299.79175,298.59174,298.19174,297.59174,293.39175,292.39175,292.79175,289.49176,284.39175
296.19174,296.19174,295.59174,294.79175,296.19174,296.49176,296.49176,298.19174,297.49176,297.29175,295.79175,295.69174,296.09174,295.49176,295.69174,295.29175,295.19174,295.79175,295.79175,294.09174,294.39175,293.19174,292.09174,294.09174,293.19174,292.69174,291.79175,295.29175,294.89175,296.29175,297.99176,298.29175,299.39175,295.99176,296.19174,295.29175,290.09174,288.19174,293.99176,288.49176,284.69174
295.49176,296.39175,295.69174,295.59174,295.49176,295.09174,294.69174,295.59174,295.79175,294.99176,292.79175,292.79175,293.39175,292.39175,293.39175,294.79175,293.99176,294.89175,294.89175,293.99176,293.09174,291.59174,291.79175,292.49176,289.29175,288.59174,289.29175,288.29175,287.89175,286.59174,286.59174,287.19174,296.49176,295.69174,294.59174,294.09174,293.29175,293.09174,289.29175,289.99176,290.19174
292.89175,294.79175,294.99176,295.39175,294.29175,293.59174,294.49176,294.89175,294.69174,293.49176,290.49176,289.29175,291.79175,290.89175,292.59174,293.09174,293.59174,292.99176,293.79175,291.79175,292.39175,291.19174,290.39175,289.69174,291.99176,292.79175,295.49176,293.99176,295.99176,295.89175,296.69174,296.19174,295.89175,294.69174,294.89175,292.99176,292.09174,291.19174,293.09174,292.69174,289.49176
294.09174,294.19174,290.29175,294.59174,293.69174,293.79175,292.69174,291.99176,292.79175,291.79175,289.49176,287.89175,290.09174,291.39175,292.19174,292.49176,292.49176,291.99176,291.99176,290.79175,290.69174,290.29175,290.59174,289.89175,289.39175,290.69174,290.09174,290.79175,291.19174,291.99176,292.29175,292.49176,291.99176,291.49176,291.69174,291.29175,290.29175,289.69174,289.99176,287.69174,290.29175
291.39175,294.19174,286.19174,293.69174,293.09174,292.89175,292.79175,292.09174,293.69174,293.19174,289.29175,290.49176,288.59174,289.39175,290.59174,292.49176,292.39175,292.29175,292.79175,290.49176,290.29175,289.39175,289.19174,288.69174,288.69174,288.29175,288.69174,288.19174,288.89175,288.89175,288.19174,286.29175,289.19174,288.89175,289.79175,290.39175,291.19174,289.09174,289.49176,288.49176,287.19174
