wind_kz.json
{"header": {"discipline":0,"disciplineName":"Meteorological products","gribEdition":2,"gribLength":871,"center":7,"centerName":"US National Weather Service - NCEP(WMC)","subcenter":0,"refTime":"2024-02-01T18:00:00.000Z","significanceOfRT":1,"significanceOfRTName":"Start of forecast","productStatus":0,"productStatusName":"Operational products","productType":1,"productTypeName":"Forecast products","productDefinitionTemplate":0,"productDefinitionTemplateName":"Analysis/forecast at horizontal level/layer at a point in time","parameterCategory":0,"parameterCategoryName":"UnknownDiscipline_0_Category_0","parameterNumber":0,"parameterNumberName":"UnknownParameter_D0_C0_0","parameterUnit":"Unknown","genProcessType":2,"genProcessTypeName":"Forecast","forecastTime":0,"surface1Type":1,"surface1TypeName":"Ground or water surface","surface1Value":0.0,"surface2Type":255,"surface2TypeName":"Missing","surface2Value":0.0,"gridDefinitionTemplate":0,"gridDefinitionTemplateName":"Latitude_Longitude","numberPoints":615,"shape":6,"shapeName":"Earth spherical with radius of 6,371,229.0 m","gridUnits":"degrees","resolution":48,"winds":"true","scanMode":64,"nx":41,"ny":15,"basicAngle":0,"lo1":47.0,"la1":41.0,"lo2":87.0,"la2":55.0,"dx":1.0,"dy":1.0}, "data":
[rows 0 to 14 of 15, columns 0 to 40 of 41]
273.0454,264.5454,273.5454,280.74542,281.0454,282.14542,277.64542,276.74542,273.74542,273.5454,272.3454,272.64542,269.9454,269.8454,271.74542,270.64542,271.4454,270.8454,271.9454,271.14542,272.8454,273.3454,272.8454,269.74542,270.64542,273.74542,262.74542,245.54541,245.04541,247.84541,253.64542,251.34541,258.8454,269.9454,270.9454,270.4454,270.4454,269.74542,269.4454,267.64542,269.64542
251.34541,272.4454,280.5454,280.4454,280.9454,281.24542,272.3454,270.9454,271.74542,271.24542,271.4454,268.4454,268.8454,268.9454,270.64542,269.4454,269.9454,269.5454,270.24542,270.3454,270.74542,271.3454,270.0454,263.5454,253.2454,254.84541,259.74542,250.34541,249.34541,243.7454,256.8454,249.54541,261.74542,236.04541,248.14542,266.3454,267.8454,267.9454,267.4454,261.64542,264.74542
273.24542,278.8454,280.24542,280.64542,280.74542,272.8454,268.0454,267.9454,267.74542,267.24542,266.8454,268.0454,269.0454,268.3454,267.0454,266.9454,267.9454,266.74542,267.9454,268.74542,270.9454,268.9454,268.3454,265.8454,269.14542,268.74542,267.9454,260.4454,263.0454,254.2454,251.14542,254.84541,256.4454,258.24542,256.4454,258.8454,252.64542,252.84541,253.7454,252.9454,251.34541
270.74542,276.0454,278.24542,279.3454,278.0454,269.14542,269.9454,267.24542,267.24542,268.3454,268.74542,267.24542,281.0454,281.8454,271.64542,267.64542,268.9454,267.9454,268.8454,268.5454,266.8454,264.5454,268.9454,267.0454,265.8454,266.0454,271.0454,269.0454,267.9454,268.64542,265.8454,263.3454,270.5454,268.9454,263.5454,259.0454,250.54541,252.2454,257.9454,254.7454,254.4454
271.74542,271.74542,270.64542,273.0454,272.14542,271.24542,270.64542,269.3454,268.5454,267.64542,266.4454,266.8454,278.8454,278.9454,278.24542,261.4454,262.3454,261.24542,261.4454,259.9454,258.74542,261.9454,262.14542,265.14542,264.8454,264.5454,263.4454,268.4454,269.74542,269.14542,270.64542,269.64542,260.74542,248.14542,259.0454,258.5454,260.74542,254.4454,251.9454,253.4454,256.64542
272.14542,271.24542,269.5454,269.74542,270.9454,271.64542,270.74542,270.9454,268.64542,268.64542,266.9454,265.8454,276.5454,278.9454,260.64542,260.0454,261.5454,257.5454,256.4454,257.9454,258.5454,258.64542,259.24542,259.4454,262.4454,263.5454,264.8454,266.14542,268.0454,269.24542,269.24542,269.8454,268.5454,266.14542,265.64542,262.9454,260.0454,260.4454,257.4454,253.84541,255.54541
270.5454,270.3454,271.3454,270.5454,270.4454,270.14542,270.14542,270.14542,267.4454,267.24542,265.64542,263.0454,259.24542,260.3454,260.14542,261.8454,257.5454,256.9454,252.84541,257.4454,257.24542,258.8454,259.74542,260.64542,258.5454,263.24542,264.64542,266.74542,265.74542,265.8454,268.4454,266.5454,267.24542,267.9454,266.9454,264.4454,262.24542,260.9454,258.24542,257.5454,255.54541
271.0454,270.24542,270.4454,270.5454,270.8454,270.4454,269.74542,269.0454,267.0454,265.64542,264.24542,262.5454,256.0454,256.14542,261.3454,259.24542,254.64542,253.14542,252.84541,256.24542,255.4454,254.14542,258.3454,259.74542,260.3454,259.8454,261.8454,265.5454,265.14542,266.8454,266.0454,264.74542,265.4454,265.0454,261.9454,258.24542,257.24542,258.4454,258.4454,260.24542,257.0454
270.3454,270.4454,269.9454,270.4454,270.9454,269.8454,268.4454,267.5454,267.24542,265.64542,264.3454,254.54541,258.8454,256.3454,260.64542,253.9454,253.14542,251.2454,252.4454,252.34541,255.7454,253.04541,251.7454,257.24542,259.64542,262.3454,263.3454,264.24542,262.3454,261.8454,263.3454,264.0454,266.3454,267.4454,264.8454,261.4454,261.3454,260.5454,255.34541,254.84541,251.54541
269.5454,270.24542,270.14542,271.14542,270.64542,269.9454,269.0454,268.14542,266.24542,265.0454,260.9454,256.4454,257.4454,258.64542,255.64542,251.34541,250.4454,251.04541,250.9454,249.4454,256.0454,253.04541,253.4454,259.0454,262.9454,263.74542,264.0454,262.14542,262.64542,259.8454,261.24542,266.24542,268.0454,267.5454,266.0454,264.5454,263.74542,260.9454,256.74542,255.34541,253.14542
268.5454,269.3454,269.64542,270.8454,270.5454,269.5454,269.14542,268.0454,265.14542,261.5454,255.54541,257.9454,256.5454,260.3454,250.9454,249.2454,249.54541,252.9454,254.34541,254.54541,249.2454,254.9454,254.4454,254.7454,258.74542,263.0454,261.14542,257.64542,258.14542,260.8454,264.8454,266.14542,267.4454,266.9454,265.0454,262.4454,260.3454,257.3454,254.34541,258.14542,253.7454
267.3454,268.3454,270.3454,270.5454,270.24542,269.4454,267.9454,264.8454,259.24542,254.4454,256.14542,253.9454,256.9454,258.4454,254.04541,251.04541,251.2454,250.64542,256.74542,259.4454,257.3454,252.9454,253.4454,257.0454,259.0454,261.24542,259.5454,260.8454,260.9454,261.8454,264.4454,261.74542,264.64542,264.9454,264.5454,261.64542,260.14542,260.74542,260.3454,257.4454,256.74542
268.8454,269.8454,270.4454,270.4454,269.8454,268.74542,266.4454,260.5454,253.54541,256.3454,261.74542,254.04541,260.24542,256.4454,253.54541,251.84541,250.64542,251.54541,255.84541,257.14542,257.4454,258.3454,258.24542,255.64542,258.74542,258.74542,255.2454,251.4454,256.4454,259.14542,261.4454,260.14542,259.74542,261.3454,261.14542,260.3454,261.74542,264.24542,264.8454,261.8454,260.14542
270.14542,269.9454,270.0454,268.24542,268.3454,265.24542,259.24542,258.64542,255.64542,264.24542,259.14542,257.9454,258.4454,252.54541,252.04541,253.54541,251.7454,251.64542,251.2454,256.9454,258.14542,258.0454,257.5454,257.64542,258.5454,257.4454,257.64542,251.04541,252.84541,253.64542,259.5454,257.9454,259.64542,259.9454,256.14542,257.5454,262.74542,262.4454,263.14542,262.4454,261.0454
270.24542,267.8454,268.3454,267.24542,266.5454,260.4454,258.5454,259.64542,267.5454,257.0454,260.3454,254.14542,258.74542,251.54541,253.34541,252.84541,253.34541,251.64542,251.54541,250.9454,255.9454,258.0454,256.3454,256.14542,256.5454,255.54541,256.9454,256.4454,251.7454,252.14542,252.9454,256.5454,256.3454,257.4454,259.14542,257.5454,257.14542,258.4454,259.4454,258.8454,260.4454
