wind_kz.json
{"header": {"discipline":0,"disciplineName":"Meteorological products","gribEdition":2,"gribLength":948,"center":7,"centerName":"US National Weather Service - NCEP(WMC)","subcenter":0,"refTime":"2023-10-02T00:00:00.000Z","significanceOfRT":1,"significanceOfRTName":"Start of forecast","productStatus":0,"productStatusName":"Operational products","productType":1,"productTypeName":"Forecast products","productDefinitionTemplate":0,"productDefinitionTemplateName":"Analysis/forecast at horizontal level/layer at a point in time","parameterCategory":0,"parameterCategoryName":"UnknownDiscipline_0_Category_0","parameterNumber":0,"parameterNumberName":"UnknownParameter_D0_C0_0","parameterUnit":"Unknown","genProcessType":2,"genProcessTypeName":"Forecast","forecastTime":300,"surface1Type":1,"surface1TypeName":"Ground or water surface","surface1Value":0.0,"surface2Type":255,"surface2TypeName":"Missing","surface2Value":0.0,"gridDefinitionTemplate":0,"gridDefinitionTemplateName":"Latitude_Longitude","numberPoints":615,"shape":6,"shapeName":"Earth spherical with radius of 6,371,229.0 m","gridUnits":"degrees","resolution":48,"winds":"true","scanMode":64,"nx":41,"ny":15,"basicAngle":0,"lo1":47.0,"la1":41.0,"lo2":87.0,"la2":55.0,"dx":1.0,"dy":1.0}, "data":
[rows 0 to 14 of 15, columns 0 to 40 of 41]
303.19226,291.79227,297.29227,293.19226,293.49225,291.89227,299.59225,305.79227,302.69226,302.89227,300.99225,300.89227,299.99225,299.69226,299.29227,298.39227,298.59225,297.59225,298.29227,298.29227,299.29227,295.89227,295.79227,290.79227,293.89227,295.89227,290.89227,280.49225,278.49225,276.19226,275.29227,275.29227,286.19226,291.39227,292.09225,292.19226,292.59225,290.69226,290.69226,289.79227,288.19226
282.19226,297.29227,292.89227,292.59225,292.49225,290.79227,305.59225,303.29227,301.29227,300.59225,300.59225,299.69226,300.29227,299.49225,299.29227,298.69226,298.69226,298.59225,297.09225,297.09225,297.79227,295.99225,293.69226,286.79227,275.89227,277.59225,285.09225,279.99225,280.19226,273.89227,278.89227,270.09225,278.89227,251.49226,273.09225,289.09225,286.99225,289.09225,291.29227,285.09225,283.59225
300.69226,292.49225,292.69226,291.89227,290.29227,302.89227,301.99225,301.09225,299.69226,299.09225,298.39227,298.99225,298.99225,298.49225,298.19226,298.69226,297.99225,297.19226,296.99225,296.89227,297.39227,296.09225,295.49225,287.99225,291.39227,289.99225,290.79227,289.69226,288.69226,278.99225,270.19226,273.89227,278.09225,279.69226,281.59225,279.79227,270.59225,274.99225,276.09225,270.39227,269.69226
301.39227,291.69226,292.29227,291.29227,292.89227,301.39227,300.29227,300.79227,300.49225,299.49225,298.39227,295.49225,289.19226,288.69226,298.49225,298.29227,297.19226,297.39227,296.99225,296.39227,295.99225,290.59225,294.19226,294.09225,293.89227,293.89227,293.79227,290.69226,287.99225,289.19226,290.19226,286.09225,290.49225,286.89227,286.19226,282.09225,270.69226,261.89227,276.29227,283.59225,287.29227
300.89227,290.89227,291.09225,290.39227,294.89227,300.19226,301.49225,301.19226,299.69226,299.09225,298.09225,295.49225,287.99225,287.09225,285.99225,297.89227,296.99225,296.19226,295.79227,295.39227,295.79227,295.89227,294.79227,294.59225,293.69226,292.09225,289.09225,289.29227,291.29227,290.49225,292.09225,288.69226,275.19226,263.69226,279.39227,286.49225,288.79227,289.09225,290.09225,290.59225,289.29227
299.79227,296.99225,288.79227,289.39227,289.69226,289.19226,299.59225,299.69226,298.29227,297.79227,297.59225,296.69226,289.29227,287.89227,292.99225,296.59225,296.79227,295.99225,295.39227,295.09225,293.59225,292.89227,292.69226,292.29227,291.99225,290.39227,288.59225,284.79227,289.79227,290.39227,288.29227,289.29227,287.89227,286.59225,283.89227,285.69226,278.59225,279.59225,285.79227,286.49225,285.89227
299.79227,299.79227,299.59225,298.09225,294.19226,298.09225,298.59225,296.99225,297.69226,297.79227,296.69226,296.09225,295.99225,295.89227,296.09225,296.89227,296.89227,296.59225,295.59225,293.59225,291.89227,291.49225,291.29227,290.69226,289.39227,289.19226,287.89227,288.99225,287.59225,287.59225,286.59225,285.99225,286.29227,286.89227,286.69226,284.19226,279.09225,276.09225,271.99225,271.39227,281.09225
299.29227,299.19226,299.99225,299.29227,298.79227,298.49225,298.49225,297.29227,296.29227,296.09225,295.29227,294.99225,295.49225,295.29227,296.69226,296.69226,295.79227,296.29227,295.39227,292.39227,291.29227,290.39227,288.89227,288.19226,286.59225,284.59225,284.09225,284.89227,283.59225,284.79227,283.59225,283.59225,282.19226,279.59225,280.39227,281.89227,282.39227,283.89227,281.09225,281.19226,278.29227
298.49225,297.89227,298.39227,297.99225,297.79227,297.29227,297.69226,296.99225,296.49225,295.79227,294.99225,294.69226,294.19226,295.69226,294.89227,295.69226,294.69226,294.39227,293.09225,291.99225,289.39227,287.99225,287.79227,286.59225,284.79227,284.29227,282.29227,281.19226,280.49225,279.29227,279.79227,280.09225,280.49225,280.19226,279.69226,277.29227,277.49225,276.49225,258.29227,261.69226,258.19226
298.49225,297.89227,297.89227,297.89227,297.69226,297.69226,296.79227,295.89227,295.29227,295.39227,293.99225,293.19226,294.29227,293.99225,293.59225,293.79227,293.69226,293.59225,292.59225,291.29227,288.79227,287.59225,287.39227,286.49225,285.29227,283.69226,282.79227,281.69226,280.69226,280.29227,279.49225,280.99225,281.89227,280.79227,279.39227,277.89227,277.49225,266.59225,267.59225,265.29227,262.99225
296.99225,296.89227,296.29227,296.49225,297.09225,295.99225,295.99225,295.69226,294.99225,294.09225,292.09225,292.49225,292.89227,292.09225,292.39227,292.49225,291.59225,291.59225,290.79227,289.09225,288.69226,287.69226,286.19226,285.29227,283.79227,283.19226,281.29227,282.49225,282.99225,284.79227,281.89227,281.59225,280.19226,280.39227,279.49225,276.39227,270.09225,266.79227,270.59225,268.69226,263.79227
295.09225,296.69226,296.59225,295.49225,295.29227,294.49225,293.89227,293.39227,293.59225,293.19226,290.59225,289.89227,290.19226,289.29227,289.49225,290.79227,290.59225,290.19226,289.49225,288.49225,286.59225,285.59225,284.19226,283.69226,282.69226,283.09225,282.19226,281.89227,282.39227,283.99225,280.39227,279.99225,279.79227,277.39227,277.69226,278.19226,277.09225,278.09225,276.29227,276.99225,275.69226
292.19226,294.09225,294.99225,294.39227,294.29227,293.89227,293.09225,291.99225,291.29227,291.49225,287.59225,287.39227,289.89227,288.99225,289.39227,289.39227,289.19226,288.69226,288.79227,287.59225,286.49225,285.29227,284.69226,283.49225,283.49225,282.99225,282.59225,280.59225,281.99225,281.99225,279.79227,278.99225,278.29227,277.69226,277.29227,277.09225,277.99225,278.69226,277.09225,276.49225,275.89227
291.99225,292.09225,287.89227,292.29227,292.29227,291.89227,291.49225,290.39227,291.59225,290.79227,287.39227,285.19226,288.09225,289.69226,290.29227,289.59225,288.69226,288.39227,287.79227,287.39227,287.19226,286.69226,286.19226,285.09225,283.59225,281.79227,280.69226,280.79227,280.69226,280.49225,279.99225,277.29227,276.69226,275.59225,276.09225,275.09225,276.19226,276.19226,276.09225,274.39227,275.29227
290.59225,291.19226,283.79227,290.89227,291.19226,290.89227,290.69226,290.89227,291.39227,290.49225,289.29227,287.89227,286.39227,288.59225,288.69226,289.19226,288.29227,286.99225,287.59225,286.09225,285.69226,284.79227,284.19226,282.79227,280.89227,279.49225,279.49225,278.99225,278.49225,277.99225,278.59225,279.49225,275.39227,274.69226,274.29227,274.49225,275.99225,275.09225,275.49225,275.59225,274.19226
