wind_kz.json
{"header": {"discipline":0,"disciplineName":"Meteorological products","gribEdition":2,"gribLength":1025,"center":7,"centerName":"US National Weather Service - NCEP(WMC)","subcenter":0,"refTime":"2023-09-24T00:00:00.000Z","significanceOfRT":1,"significanceOfRTName":"Start of forecast","productStatus":0,"productStatusName":"Operational products","productType":1,"productTypeName":"Forecast products","productDefinitionTemplate":0,"productDefinitionTemplateName":"Analysis/forecast at horizontal level/layer at a point in time","parameterCategory":2,"parameterCategoryName":"UnknownDiscipline_0_Category_2","parameterNumber":3,"parameterNumberName":"UnknownParameter_D0_C2_3","parameterUnit":"Unknown","genProcessType":2,"genProcessTypeName":"Forecast","forecastTime":0,"surface1Type":103,"surface1TypeName":"Specified height level above ground","surface1Value":10.0,"surface2Type":255,"surface2TypeName":"Missing","surface2Value":0.0,"gridDefinitionTemplate":0,"gridDefinitionTemplateName":"Latitude_Longitude","numberPoints":615,"shape":6,"shapeName":"Earth spherical with radius of 6,371,229.0 m","gridUnits":"degrees","resolution":48,"winds":"true","scanMode":64,"nx":41,"ny":15,"basicAngle":0,"lo1":47.0,"la1":41.0,"lo2":87.0,"la2":55.0,"dx":1.0,"dy":1.0}, "data":
[rows 0 to 14 of 15, columns 0 to 40 of 41]
0.10888184,-2.331118,3.388882,5.3688817,3.628882,1.3588818,0.14888184,-1.1911181,-1.5911182,-0.8211182,-2.861118,-2.4111183,-3.2211182,-3.6611183,-4.0311184,-4.1711183,-5.1311183,-4.891118,-4.211118,-2.101118,-1.5711181,-3.5611181,2.0388818,-0.8711182,-0.84111816,-1.1211182,-1.0511181,0.45888183,1.4888818,0.27888185,-3.7711182,-4.4411182,1.8288819,2.3088818,0.88888186,0.7488818,0.13888183,-0.061118163,0.16888183,-1.0211182,1.1088818
4.0988817,1.1188818,4.458882,5.838882,4.478882,1.4588819,-1.2311182,0.39888182,-0.8711182,-0.8711182,-2.1711183,-3.1911182,-2.9811182,-2.9711182,-4.221118,-4.041118,-3.361118,-5.601118,-5.8611183,-4.201118,-4.9411182,-5.161118,-1.8211181,0.85888183,-0.77111816,-2.5511181,-3.6611183,-0.051118165,0.42888182,-0.55111814,4.5788817,3.168882,-0.47111815,-4.021118,-3.871118,0.12888184,-1.1211182,0.5688818,0.71888185,0.59888184,-0.20111817
2.378882,4.3488817,5.508882,5.738882,3.158882,0.9888818,0.5588818,0.34888184,0.09888183,-1.2211182,-2.2511182,-1.8511182,-3.0511181,-2.9311182,-3.4711182,-3.571118,-2.9411182,-3.641118,-4.101118,-4.511118,-3.851118,-4.661118,-5.251118,-1.8011181,-0.6211182,0.8788818,0.45888183,0.47888184,-0.24111816,1.2088819,1.0888819,0.47888184,1.4388819,-1.4111181,0.6188818,1.5888819,-0.20111817,0.5488818,0.088881835,0.16888183,-0.55111814
1.2688818,3.628882,4.1788816,3.0088818,0.88888186,0.5588818,1.3788818,0.8188818,0.36888182,-0.34111816,-1.3411182,-2.1511183,-3.2811182,-4.3011184,-3.5311182,-3.9511182,-3.361118,-3.7811182,-3.621118,-4.161118,-4.211118,-3.091118,-1.0311182,-3.351118,-2.2611182,-2.4911182,-2.0311182,-2.7311182,-2.071118,-1.9511181,-0.97111815,-1.9111181,-1.7811182,0.19888183,0.37888184,-0.26111817,3.2688818,4.688882,0.37888184,-0.42111817,0.14888184
1.6588818,2.898882,2.7988818,1.8288819,1.2988819,0.85888183,0.33888185,1.2688818,0.77888185,-1.2211182,-2.5211182,-2.331118,-2.841118,-3.9411182,-4.021118,-3.4911182,-3.5011182,-3.2911181,-3.341118,-2.601118,-3.0111182,-4.021118,-4.4011183,-3.871118,-3.141118,-3.131118,-4.081118,-3.881118,-3.9711182,-4.771118,-3.4411182,-1.2211182,1.9688818,-1.4811182,-0.24111816,-0.7511182,-10.851118,-1.4911182,-5.471118,-8.371119,-5.931118
0.048881836,-0.14111817,2.3388817,2.5688818,2.0288818,1.3988818,0.038881835,-0.91111815,-2.091118,-2.131118,-2.8111181,-2.6811182,-3.4011183,-3.7411182,-3.111118,-3.341118,-3.3011181,-3.4711182,-2.131118,-1.3111181,-2.8011181,-2.871118,-3.7011182,-3.7111182,-2.0011182,-2.361118,-3.081118,-4.491118,-4.261118,-4.331118,-4.711118,-4.181118,-3.571118,-3.591118,-1.1211182,-3.9111183,-0.72111815,-5.0711184,-4.991118,1.0988818,-8.021118
-0.25111815,0.20888184,0.5088818,0.33888185,-0.29111817,-0.41111815,-1.5411181,-2.331118,-2.4911182,-1.4011182,0.25888184,-0.96111816,-2.2111182,-3.101118,-2.881118,-3.641118,-3.7911181,-3.9011183,-1.9411181,-1.7011181,-2.9711182,-3.5611181,-3.0511181,-2.7811182,-1.7011181,-1.8311181,-2.6611183,-3.131118,-2.851118,-3.361118,-3.131118,-3.621118,-3.9911182,-3.851118,-5.3611183,-4.451118,-4.541118,-3.071118,-3.341118,-2.5411181,-7.5511184
0.29888183,0.5488818,0.46888185,0.49888185,0.97888184,-0.9311182,-2.611118,-2.5511181,-0.89111817,-0.65111816,-0.24111816,-0.43111816,-2.4211183,-2.851118,-3.9211183,-3.2811182,-3.6611183,-3.2111182,-2.1711183,-0.43111816,-2.2411182,-3.1711183,-3.621118,-2.5111182,-2.131118,-2.0511181,-2.5311182,-2.7111182,-2.7611182,-3.6911182,-2.861118,-3.6711183,-3.0311182,-3.5411181,-1.7711182,-1.7211182,-2.321118,-5.291118,-1.6411182,0.33888185,-2.4411182
1.3988818,1.3488818,0.5088818,0.63888186,-0.86111814,-2.5411181,-2.9511182,-0.85111815,0.41888183,0.82888186,-0.011118164,-0.54111814,-1.0511181,-1.7311182,-2.0611181,-3.0511181,-2.6911182,-2.881118,-2.4111183,-1.5611181,-0.48111817,-2.4411182,-3.071118,-2.7711182,-2.1811182,-1.9911182,-1.3711182,-1.2911181,-1.1411182,-1.3811182,-1.6911181,-2.5011182,-2.121118,-1.3911182,-1.4711182,-1.9011182,-2.841118,-2.0111182,-3.641118,-2.8111181,-0.42111817
1.9588819,1.5188818,1.0688819,-0.10111816,-1.9911182,-2.7611182,-1.6911181,-0.5611182,-0.35111818,1.4888818,1.6988819,1.4488819,0.95888186,-0.78111815,-0.65111816,-1.1111182,-1.8311181,-1.9011182,-1.4611182,-0.98111814,-0.7611182,-1.0611181,-1.5411181,-2.1911182,-2.131118,-1.9811182,-1.6411182,-1.3711182,-1.2511182,-1.2311182,-0.7611182,-1.6911181,-3.611118,-2.0011182,-1.2811182,-0.9911182,-0.9311182,-1.9311181,-0.58111817,-1.1211182,-0.24111816
1.8888818,1.5988818,0.77888185,-0.77111816,-1.9911182,-1.9411181,-0.80111814,0.28888184,-0.36111817,1.1788819,1.2288818,1.7988819,1.9088818,0.76888186,-0.86111814,0.53888184,-0.23111816,-1.2811182,-1.1411182,-1.3011181,-1.2311182,-1.7111182,-2.0211182,-1.9711182,-1.3011181,-0.9911182,-0.7011182,-1.0711181,-0.80111814,-0.47111815,-0.8711182,0.29888183,-0.84111816,-1.5611181,-0.7611182,-0.59111816,-0.7011182,-1.1311182,-0.28111815,-0.92111814,-0.38111818
0.58888185,0.7988818,0.17888184,-0.25111815,-1.4011182,-0.92111814,-0.53111815,-0.051118165,-0.80111814,0.31888184,0.26888183,-0.18111816,2.4588819,1.6588818,0.28888184,0.6188818,1.1488818,-0.28111815,-0.031118164,-0.67111814,-0.96111816,-1.6611181,-1.6211182,-1.2511182,-1.0011182,-1.1011182,-0.5011182,-0.9311182,-0.86111814,-0.83111817,-1.6311182,-0.46111816,-1.4611182,-0.52111816,-0.001118164,0.8088818,1.1688819,1.4688818,0.95888186,1.5288818,1.4488819
1.1588818,0.39888182,0.39888182,-0.08111817,-0.36111817,0.088881835,-0.30111817,1.1388818,-0.031118164,0.018881835,-0.33111817,-0.83111817,1.3288819,1.7688818,0.95888186,0.49888185,0.20888184,0.16888183,-0.17111817,-0.23111816,0.31888184,0.09888183,0.23888184,-0.77111816,-1.6511182,-1.1111182,-1.5311182,-1.8811182,-2.3011181,-0.84111816,-0.34111816,-0.98111814,-0.6311182,-1.4711182,-0.21111816,0.038881835,1.3188819,1.2388818,1.0488819,1.1988819,1.1688819
1.4888818,1.2488818,-0.26111817,0.84888184,1.0088818,0.7488818,-0.21111816,0.39888182,1.4188819,1.7888818,0.82888186,-0.34111816,-0.44111815,0.38888183,-0.07111816,-0.64111817,0.17888184,-0.11111817,-0.121118166,0.048881836,-0.14111817,0.69888186,0.49888185,0.24888183,0.09888183,-0.64111817,-1.1011182,-2.2011182,-2.2411182,-2.111118,-1.3611182,-1.1211182,-0.85111815,0.34888184,-0.31111816,0.18888183,0.5588818,1.6388818,1.3788818,1.3188819,1.8288819
1.2788818,0.43888184,0.90888184,2.618882,2.2288818,1.7388818,0.7588818,0.7488818,-0.84111816,1.6788819,0.8688818,0.8188818,1.3388819,-0.20111817,0.22888184,-0.32111818,-0.30111817,-0.41111815,-0.061118163,-0.21111816,0.10888184,-0.18111816,-0.061118163,0.11888184,0.8788818,-0.23111816,-0.60111815,-1.6211182,-2.7611182,-1.3411182,-2.071118,-4.1311183,-1.9411181,-1.3211181,-1.2311182,0.20888184,-0.061118163,1.0288818,-0.92111814,-0.031118164,1.3688818
