wind_kz.json
{"header": {"discipline":0,"disciplineName":"Meteorological products","gribEdition":2,"gribLength":1025,"center":7,"centerName":"US National Weather Service - NCEP(WMC)","subcenter":0,"refTime":"2023-09-29T12:00:00.000Z","significanceOfRT":1,"significanceOfRTName":"Start of forecast","productStatus":0,"productStatusName":"Operational products","productType":1,"productTypeName":"Forecast products","productDefinitionTemplate":0,"productDefinitionTemplateName":"Analysis/forecast at horizontal level/layer at a point in time","parameterCategory":2,"parameterCategoryName":"UnknownDiscipline_0_Category_2","parameterNumber":2,"parameterNumberName":"UnknownParameter_D0_C2_2","parameterUnit":"Unknown","genProcessType":2,"genProcessTypeName":"Forecast","forecastTime":0,"surface1Type":103,"surface1TypeName":"Specified height level above ground","surface1Value":10.0,"surface2Type":255,"surface2TypeName":"Missing","surface2Value":0.0,"gridDefinitionTemplate":0,"gridDefinitionTemplateName":"Latitude_Longitude","numberPoints":615,"shape":6,"shapeName":"Earth spherical with radius of 6,371,229.0 m","gridUnits":"degrees","resolution":48,"winds":"true","scanMode":64,"nx":41,"ny":15,"basicAngle":0,"lo1":47.0,"la1":41.0,"lo2":87.0,"la2":55.0,"dx":1.0,"dy":1.0}, "data":
[rows 0 to 14 of 15, columns 0 to 40 of 41]
-1.0659058,1.6140943,-2.9159057,-4.9259057,-3.9859056,-1.0059057,4.084094,2.5840943,1.6740942,0.74409425,1.8140942,3.0940943,5.634094,5.4740944,5.5140944,4.6840944,6.294094,2.9440942,0.46409425,0.06409424,-0.67590576,0.25409424,2.3040943,4.924094,1.1140943,1.3740942,2.0040941,2.5240943,0.5840942,0.42409423,-1.2959057,1.3740942,0.61409426,0.47409424,-1.2559057,-0.93590575,-1.6259058,-3.0059059,-1.9459058,-0.055905763,0.36409423
-1.3359058,-4.4459057,-5.845906,-5.7559056,-3.9559057,-0.73590577,1.3640943,-0.09590576,1.2740942,1.7940942,3.2740943,3.4440942,4.124094,3.2840943,4.924094,2.5940943,1.2040943,1.9140942,3.2040942,0.28409424,0.68409425,0.6540942,1.6440942,0.05409424,1.8840942,0.75409424,-0.35590577,1.2240943,1.0340942,1.9440942,-0.09590576,1.3740942,-2.0859058,-0.56590575,-0.11590576,2.5740943,1.4640943,-0.8359058,0.32409424,-2.3559058,0.12409424
-5.995906,-7.395906,-6.165906,-3.7359056,0.08409424,1.2940942,0.57409424,0.88409424,2.1540942,1.7440943,1.8940942,2.9940941,4.3240943,4.814094,3.1540942,5.0940943,2.9440942,1.4140942,2.0140944,2.3440943,-0.41590577,2.9240942,3.7840943,5.1840944,4.274094,3.4140942,2.6140943,0.9140942,3.2640944,1.1940942,0.62409425,-0.73590577,0.42409423,0.98409426,-3.0659058,-0.36590576,-0.21590576,1.1340942,1.2740942,-1.0459057,-1.8459058
-7.345906,-7.0059056,-4.9859056,0.21409424,3.3640943,0.034094237,1.2140943,1.5240942,1.4840943,2.2140942,1.7240943,-2.6859057,2.2340941,2.2640944,4.2440944,5.584094,-1.1859058,2.3940942,2.2540941,1.9040942,1.2440943,2.8040943,4.254094,4.654094,5.194094,5.334094,5.604094,5.2240944,5.944094,1.3840942,-0.9059058,0.14409424,2.6840942,2.6340942,3.6040943,1.7840942,0.42409423,1.1340942,-1.3859057,-2.4259057,-1.0759058
-5.4459057,-4.285906,-3.5659058,-2.9959059,-1.2459058,0.09409424,2.2740943,2.0240943,2.8240943,2.8440943,1.7640942,-4.015906,-1.5759058,-0.68590575,3.5640943,1.3540943,-2.7459059,0.82409424,0.50409424,3.8040943,5.2640944,5.8440943,6.3640943,5.984094,6.8240943,6.9940944,7.484094,7.484094,6.7840943,6.714094,0.46409425,1.0540942,-0.51590574,-0.065905765,-2.1759057,-0.51590574,2.0940943,-1.6559057,-1.0059057,-1.1159058,-0.82590574
-2.4359057,1.4040942,-1.1259058,-0.37590575,0.17409424,2.3340943,3.3040943,2.4840941,2.6340942,3.1140943,3.2240942,1.6540942,-0.51590574,-0.55590576,-1.4059057,-2.1959057,-1.2459058,1.4240942,2.9040942,3.6340942,4.5940943,4.544094,3.5140944,5.314094,7.004094,7.634094,7.444094,6.294094,7.4340944,8.124094,7.1140943,3.6340942,1.5140942,3.4040942,1.7540942,-3.6259058,-0.17590576,-1.4859058,-0.55590576,-1.8959057,-2.4059057
2.0440943,3.4740942,2.4340942,2.6940942,2.0640943,2.5640943,2.3840942,2.8640943,3.1940942,2.8740942,4.524094,3.3540943,1.7740942,0.37409425,1.2140943,1.5340942,2.1440942,2.6240942,4.6440945,3.7840943,2.4140942,2.2540941,2.0840943,0.99409425,4.524094,4.7040944,5.884094,6.854094,5.5140944,5.4140944,0.05409424,-0.8559058,2.7640944,0.7740942,-1.4459058,0.33409423,1.2340943,1.4540943,0.70409423,0.98409426,-1.3359058
1.3840942,2.4040942,2.8140943,3.1440942,3.0240943,3.6040943,3.6840942,3.4740942,3.0840943,2.6440942,2.4240942,3.5840943,2.4140942,2.9940941,2.2840943,1.3040942,1.9040942,3.5640943,1.9940943,2.5340943,2.1340942,0.6640942,0.22409424,1.1040943,1.5840943,1.3640943,2.7340941,4.3440943,3.4140942,0.51409423,2.1240942,2.7540941,-2.1059058,0.49409425,1.8440943,-4.6959057,-4.165906,-6.2559056,-3.8659058,-3.5859058,-0.29590577
2.1740942,2.1940942,3.0940943,3.5740943,3.5440943,3.8140943,3.9140942,4.274094,4.124094,3.8440943,4.104094,3.9740942,3.8940942,2.7840943,3.8740942,1.6540942,1.9040942,1.3040942,1.2340943,1.8940942,0.7140942,1.1040943,1.1840942,0.9640942,0.034094237,-0.7159058,-0.94590575,0.49409425,0.6540942,0.14409424,0.9740942,-1.9459058,-3.6959057,1.8140942,-6.035906,-3.8359058,-1.5959058,-1.4759058,-0.56590575,-0.035905764,-1.0259057
3.1840942,3.6840942,3.8040943,4.1640944,4.544094,4.044094,4.0540943,4.3940945,4.3640943,4.6640944,4.904094,5.104094,4.9340944,3.1540942,3.9540942,3.1440942,2.2340941,2.7540941,2.0140944,0.68409425,-0.67590576,-1.6259058,0.38409424,-1.8159058,1.0740943,-0.9059058,0.25409424,-2.0859058,-2.2459059,-4.4459057,-2.1259058,-0.62590575,-0.9159058,-4.455906,-0.39590576,-1.8459058,-2.6259058,-0.24590576,-0.45590577,0.74409425,-1.1359057
4.2240944,4.294094,4.314094,3.7940943,3.7340941,3.0340943,3.8140943,4.2040944,4.604094,3.1240942,4.9540944,4.814094,5.124094,3.8940942,3.7240942,2.9340942,3.5240943,3.0640943,2.3340943,2.7640944,3.2040942,2.2340941,1.8140942,1.4140942,0.36409423,0.074094236,-0.005905762,-1.2659057,-1.2359058,-0.07590576,-0.08590576,-1.1759057,-1.3959057,0.47409424,0.33409423,-1.3359058,-0.6559058,-0.19590576,1.1740942,-0.19590576,-0.44590577
3.0140944,2.8540943,3.5940943,3.4040942,3.8040943,4.814094,3.4440942,3.3340943,4.504094,5.4340944,4.0140944,5.874094,4.5940943,4.104094,4.234094,4.4740944,3.0340943,2.4740942,3.5240943,2.7940943,1.6840942,1.1140943,1.8540943,1.6940942,1.9040942,2.4140942,0.7140942,0.46409425,1.3040942,1.2240943,1.8740942,0.38409424,0.6440942,-0.46590576,0.0040942384,0.80409425,0.50409424,-0.62590575,-1.2859057,-0.43590575,-1.1559057
3.4540942,3.1740942,1.9640943,3.5340943,3.3440943,3.5440943,3.6440942,4.1440945,5.3240943,4.234094,2.4340942,3.5840943,3.2940943,4.374094,4.9740944,2.2740943,-2.2359056,2.3440943,3.0840943,2.9440942,2.4340942,2.7740943,2.2740943,1.9640943,2.1540942,0.32409424,1.6440942,2.4740942,2.0740943,2.1640942,1.4840943,1.8940942,1.5040942,1.0840943,0.21409424,-0.16590576,-0.48590577,-0.6659058,-0.5959058,-0.21590576,-0.79590577
3.0440943,2.8840942,2.4940941,2.5540943,3.2340941,3.6040943,4.584094,3.1340942,4.064094,3.0740943,1.3540943,2.4240942,3.1340942,5.3040943,3.6740942,1.8140942,-0.12590577,1.3540943,3.7340941,3.3040943,3.5940943,3.4540942,1.7040943,2.8440943,2.1640942,2.7940943,2.9040942,2.1540942,1.8640943,2.7040942,1.1040943,2.1540942,2.3340943,1.7240943,1.4740943,-0.07590576,-0.9159058,-0.25590575,0.15409423,0.9740942,1.4440942
1.8040942,2.3640943,1.6740942,1.1740942,1.1940942,2.1840942,2.2740943,3.5540943,2.6940942,2.7540941,-0.025905762,3.4840941,2.4040942,1.4140942,1.3740942,0.24409424,1.4840943,2.0040941,3.9040942,2.6740942,3.2040942,2.8840942,2.6440942,1.0740943,2.7440941,2.7440941,3.2440941,1.9640943,2.3240943,2.3240943,1.9540943,2.3840942,2.6440942,1.3740942,-0.56590575,-0.47590578,0.17409424,1.4540943,1.8640943,2.1940942,1.5240942
