wind.json
{"header": {"discipline":0,"disciplineName":"Meteorological products","gribEdition":2,"gribLength":1125,"center":7,"centerName":"US National Weather Service - NCEP(WMC)","subcenter":0,"refTime":"2023-06-30T18:00:00.000Z","significanceOfRT":1,"significanceOfRTName":"Start of forecast","productStatus":0,"productStatusName":"Operational products","productType":1,"productTypeName":"Forecast products","productDefinitionTemplate":0,"productDefinitionTemplateName":"Analysis/forecast at horizontal level/layer at a point in time","parameterCategory":2,"parameterCategoryName":"UnknownDiscipline_0_Category_2","parameterNumber":2,"parameterNumberName":"UnknownParameter_D0_C2_2","parameterUnit":"Unknown","genProcessType":2,"genProcessTypeName":"Forecast","forecastTime":300,"surface1Type":103,"surface1TypeName":"Specified height level above ground","surface1Value":10.0,"surface2Type":255,"surface2TypeName":"Missing","surface2Value":0.0,"gridDefinitionTemplate":0,"gridDefinitionTemplateName":"Latitude_Longitude","numberPoints":688,"shape":6,"shapeName":"Earth spherical with radius of 6,371,229.0 m","gridUnits":"degrees","resolution":48,"winds":"true","scanMode":64,"nx":43,"ny":16,"basicAngle":0,"lo1":45.0,"la1":40.0,"lo2":87.0,"la2":55.0,"dx":1.0,"dy":1.0}, "data":
[rows 0 to 15 of 16, columns 0 to 42 of 43]
-1.5679615,-2.0679615,-2.2079613,-5.297961,-5.7579613,-1.1279614,1.2420386,2.2020385,2.8320386,-0.82796144,2.6620386,2.7520385,4.3520384,6.682039,8.792039,8.932038,7.6220384,6.4920387,1.2620386,-0.24796143,-0.58796144,-1.7579614,-0.88796145,0.14203857,3.5620387,1.6320386,1.5020386,0.16203858,0.19203858,1.1020386,0.8920386,-0.097961426,1.4520385,0.062038574,-2.6279614,-2.7079613,-2.6879613,-3.5479615,-3.8279614,-1.9679614,-1.2179614,4.0820384,0.54203856
0.21203858,5.6420383,-2.5879614,0.9020386,1.2820386,4.0120387,3.1420386,5.8720384,3.2920387,3.4620385,1.9920386,2.6520386,1.7420386,2.7620385,3.5720387,5.7920384,5.1320386,4.4020386,2.2220385,0.15203857,0.67203856,-0.77796143,0.8720386,0.20203857,1.8120385,4.432039,-1.2979615,0.6420386,4.0720387,1.6720386,1.1020386,2.4520385,2.8820386,0.6520386,0.10203858,-0.40796143,-1.3779614,-2.4879615,-0.6179614,-0.77796143,0.86203855,2.2820387,3.4320385
1.9620385,0.6220386,-0.23796143,2.7120385,5.7420387,4.8120384,4.3420386,4.5520387,3.9020386,2.3320386,2.5720387,2.6820385,2.8020387,0.8220386,0.42203858,2.1420386,0.022038573,2.6920385,1.4820386,1.7320386,-0.27796143,-1.1079614,-3.0879614,0.22203857,2.0520387,4.3320384,0.85203856,-0.37796143,0.7020386,1.1620386,3.2420385,2.2820387,0.042038575,1.0520386,-1.0879614,0.30203858,0.36203858,-0.95796144,-0.45796144,-1.1379614,-0.8679614,-1.8279614,0.93203855
0.85203856,2.3220387,4.1320386,7.2220387,7.1520386,5.682039,4.7220387,4.0220385,3.4220386,2.4820385,2.6420386,2.1620386,1.9720386,2.7820387,0.6520386,1.3620386,1.4520385,2.9020386,1.8020386,1.7920386,-0.28796142,-0.42796144,-3.1879613,-4.9879613,-6.1679616,-7.3979616,-3.3779614,-3.8479614,-2.3779614,-1.8679614,1.8220385,0.25203857,1.3720386,-1.7979615,1.0120386,1.6920385,0.80203855,2.1320386,2.3820386,0.7720386,0.92203856,2.6720386,-0.57796144
2.7220385,2.7220385,5.1120386,6.5120387,3.5320387,2.8220387,6.7420387,3.6120386,2.8520386,3.2620385,4.3820386,4.412039,2.2620385,2.3720386,2.6220386,2.3920386,2.1420386,1.0420386,1.2720386,3.5920386,3.4920385,0.7520386,1.3820386,-4.837961,-3.9979615,-4.3779616,-5.6879616,-5.6479616,-4.2579613,-5.8579617,-6.3279614,-6.5979614,-5.3879614,-4.5979614,-4.317961,-2.2279615,-0.32796142,0.8720386,0.97203857,-0.50796145,1.2420386,1.3920386,1.6320386
1.7220386,1.9720386,1.9220386,0.17203857,0.9420386,2.2820387,3.7420385,4.5520387,5.8020387,5.7120385,6.4420385,7.2720385,4.8720384,5.2420387,1.5820385,1.9820386,4.952039,0.28203857,0.7620386,1.6220386,2.5420387,4.0120387,1.8520386,0.98203856,0.35203856,-1.0879614,-2.7979615,-2.1879613,-5.317961,-4.6379614,-4.0979614,-1.5179614,0.112038575,1.3720386,-1.7179614,0.55203855,-1.3279614,-1.9879614,3.6920385,4.4420385,2.6220386,-2.5979614,-3.7879615
3.5420387,4.0720387,4.4020386,4.432039,4.8620386,6.3820386,6.5820384,7.6120386,6.5720387,7.4920387,7.5920386,8.102038,8.412039,5.5420384,2.9920385,4.3720384,3.9520385,2.2020385,2.1620386,1.2620386,1.0420386,4.3920383,5.1120386,2.8220387,1.2420386,2.4520385,1.6220386,0.85203856,-0.95796144,0.9620386,0.66203856,0.8320386,0.5020386,0.9020386,-0.39796144,1.0920386,2.9720385,1.6420386,6.9020386,2.9120386,-1.5279614,-2.6079614,-0.6679614
4.162039,5.162039,5.8420386,6.4420385,7.3420386,7.7320385,8.192039,7.6920385,7.2520385,7.4720387,8.212039,8.382038,8.492039,9.132038,6.182039,4.4020386,3.4020386,3.1620386,3.8720386,3.2420385,3.2320385,5.0320387,7.1320386,4.662039,4.1020384,3.6920385,3.5320387,3.0520387,2.8020387,2.1020386,2.6220386,2.5520387,3.1020386,-0.14796142,0.9420386,2.3420386,4.7620387,3.6320386,2.2420385,-1.1279614,2.6420386,-0.8479614,-0.5379614
5.4620385,4.6120386,6.4020386,6.3920383,7.1720386,7.1920385,7.452039,8.102038,8.412039,8.812038,8.882038,8.222038,8.512038,8.972038,7.7120385,6.952039,5.0320387,5.2820387,6.682039,5.7220387,6.8220387,5.3820386,6.182039,7.3920383,6.1220384,4.7920384,5.7720385,5.3620386,5.4620385,2.3820386,6.1020384,4.8820386,4.6720386,3.6320386,4.4220386,2.1020386,3.5920386,3.0520387,3.5920386,2.0320387,7.8120384,6.5320387,3.7420385
5.3020387,6.4720387,6.6020384,7.6120386,7.952039,8.492039,8.622039,8.512038,8.712039,8.932038,9.062038,9.662039,9.702039,10.072039,9.852038,8.452039,6.3720384,5.0220385,5.2420387,4.952039,5.9020386,6.0020385,7.6020384,5.182039,9.022038,6.0120387,6.162039,5.952039,4.9820385,4.5820384,4.8520384,4.0920386,3.3320386,3.8420386,1.3320385,2.7420385,2.9820385,4.5220385,3.9220386,1.8020386,2.4520385,-0.097961426,2.4120386
5.5520387,5.8120384,6.162039,7.1720386,7.8220387,9.102038,9.372039,9.702039,9.242039,9.362039,9.222038,9.582039,11.612039,10.772038,10.022038,8.932038,7.8220387,6.3120384,4.8720384,4.8020387,3.9220386,7.4720387,6.5020385,7.4220386,6.3220387,8.262038,6.1220384,7.412039,4.2420387,5.1220384,3.1220386,2.9220386,3.4720385,0.12203857,0.28203857,1.0020386,3.7620385,3.5620387,1.0520386,0.20203857,3.2720385,1.1320386,1.1720386
5.6120386,6.2620387,6.3320384,7.3920383,8.092038,8.172039,8.942039,9.032039,9.752039,7.662039,8.052038,8.692039,11.162039,10.7320385,10.282039,9.842038,8.142038,8.502039,7.3920383,5.5020385,5.8320384,5.5220385,8.392038,7.0820384,9.632038,6.9420385,8.492039,4.5420384,3.3220387,2.4720385,0.7720386,-1.7779614,-3.0479615,-3.0079615,-1.2779614,-1.4879614,-0.14796142,2.3720386,1.3320385,1.5620385,0.09203857,-0.4879614,1.5620385
5.3520384,5.202039,5.4720387,6.0820384,7.4920387,4.9720387,6.9720387,8.152039,7.6920385,7.952039,8.672039,6.4420385,6.0920386,7.8420386,7.5320387,8.962039,7.6420383,7.3720384,7.8720384,7.1020384,6.0020385,5.7520385,6.4820385,6.7720385,8.562038,7.7820387,6.2420387,3.7720385,2.6720386,-1.4679614,-2.4479613,-4.2379613,-3.4079614,-2.3479614,-3.0079615,-2.1079614,-3.1779613,-4.0979614,-3.6879613,-3.4179614,-2.4079614,-0.42796144,-1.3779614
4.8920383,5.5720387,4.7720385,6.1920385,4.432039,5.2820387,5.3720384,5.5820384,7.3020387,8.202039,9.412039,6.9620385,3.2420385,4.3320384,7.7620387,7.7620387,7.4820385,6.162039,6.162039,4.7220387,3.0120385,4.2320385,4.7520385,4.3620386,8.382038,6.1320386,5.3320384,-0.18796143,-0.07796142,-2.4279613,-2.9479613,-3.3279614,-3.3479614,-3.4879615,-3.3379614,-2.9179614,-3.4579613,-3.7879615,-4.0379615,-3.4379613,-4.047961,-3.7179613,-1.9779614
4.202039,3.8920386,5.1020384,4.1020384,4.8820386,5.0120387,5.1520386,4.932039,5.1720386,6.662039,6.9820385,6.0220385,2.2820387,1.2120385,3.5020385,6.432039,5.3920383,3.8020387,3.3520386,2.8320386,3.0620387,3.5620387,3.9520385,5.7220387,6.8120384,5.0820384,0.5120386,-1.2679614,-1.5979614,-1.2079614,-2.7579615,-3.5379615,-2.6379614,-1.9679614,-1.9479614,-4.1279616,-3.8379614,-4.7279615,-4.317961,-4.6079617,-4.1679616,-4.1579614,-2.2579615
3.3920386,3.6420386,3.1620386,3.8620386,5.3120384,3.8620386,4.4720387,4.1120386,4.5720387,4.5520387,5.4220386,0.97203857,-0.15796143,0.79203856,0.98203856,2.8020387,1.8820386,1.8120385,1.7720386,2.4820385,2.3220387,4.162039,3.0920386,3.0120385,5.7420387,-0.94796145,-2.6379614,0.36203858,-2.3279614,-2.5579615,-2.9779615,-3.0379615,-3.5679615,-0.39796144,-3.0279615,-3.8479614,-4.317961,-4.6979613,-4.6779613,-5.1879616,-4.8679614,-3.6379614,-2.4479613
