wind_kz.json
{"header": {"discipline":0,"disciplineName":"Meteorological products","gribEdition":2,"gribLength":1102,"center":7,"centerName":"US National Weather Service - NCEP(WMC)","subcenter":0,"refTime":"2024-04-08T18:00:00.000Z","significanceOfRT":1,"significanceOfRTName":"Start of forecast","productStatus":0,"productStatusName":"Operational products","productType":1,"productTypeName":"Forecast products","productDefinitionTemplate":0,"productDefinitionTemplateName":"Analysis/forecast at horizontal level/layer at a point in time","parameterCategory":2,"parameterCategoryName":"UnknownDiscipline_0_Category_2","parameterNumber":2,"parameterNumberName":"UnknownParameter_D0_C2_2","parameterUnit":"Unknown","genProcessType":2,"genProcessTypeName":"Forecast","forecastTime":300,"surface1Type":103,"surface1TypeName":"Specified height level above ground","surface1Value":10.0,"surface2Type":255,"surface2TypeName":"Missing","surface2Value":0.0,"gridDefinitionTemplate":0,"gridDefinitionTemplateName":"Latitude_Longitude","numberPoints":615,"shape":6,"shapeName":"Earth spherical with radius of 6,371,229.0 m","gridUnits":"degrees","resolution":48,"winds":"true","scanMode":64,"nx":41,"ny":15,"basicAngle":0,"lo1":47.0,"la1":41.0,"lo2":87.0,"la2":55.0,"dx":1.0,"dy":1.0}, "data":
[rows 0 to 14 of 15, columns 0 to 40 of 41]
0.68900514,0.9490051,0.25900513,-7.400995,-6.560995,-10.810995,-13.960995,-14.570995,-16.480995,-12.920995,-12.150995,-11.120995,-10.730995,-9.930995,-9.190995,-9.160995,-9.2009945,-10.530994,-10.000995,-7.400995,-3.460995,-1.7209948,0.73900515,3.3490052,-1.7009948,-1.0709949,2.539005,3.809005,1.5290052,1.5790051,2.6690052,0.23900513,1.8490051,3.3890052,-1.3409948,-2.740995,-1.2909949,-2.3209949,-1.4809948,1.5390052,4.5390053
2.539005,-2.1509948,-8.490994,-12.940995,-10.960995,-11.860995,-12.490994,-13.940995,-13.530994,-12.790995,-11.970995,-11.060995,-9.670995,-9.210995,-8.770995,-9.140995,-8.740994,-9.320995,-8.090995,-8.870995,-8.650995,-6.600995,-1.0809948,2.6890051,0.98900515,-1.5109949,1.1890051,2.0890052,3.959005,1.9790051,0.5390051,0.54900515,-0.89099485,1.2690052,0.19900513,-1.8309948,-0.34099486,0.9590051,2.239005,-1.2009948,-3.9209948
-1.0009949,-7.800995,-10.550995,-12.190995,-10.720995,-13.650995,-12.250995,-11.990994,-14.7009945,-11.9509945,-9.980995,-10.350995,-9.590995,-9.060995,-8.820995,-9.080995,-8.670995,-8.140995,-7.590995,-7.090995,-2.8909948,-9.960995,-9.250995,-10.180995,-3.3109949,-3.730995,-1.1909949,1.2990052,3.5790052,-0.6709949,1.5790051,-3.480995,-0.40099487,-0.40099487,-4.180995,-0.50099486,1.2790052,0.059005126,5.049005,2.4090052,-1.0909948
-6.550995,-10.850995,-9.920995,-10.300995,-11.360995,-12.890995,-11.280994,-11.280994,-10.710995,-11.750995,-10.080995,-10.010995,-10.540995,-9.120995,-8.570995,-8.640995,-8.210995,-7.610995,-7.490995,-7.2709947,-6.7709947,-8.500995,-5.5209947,-6.200995,-5.610995,-4.580995,-2.5909948,-3.0809948,-2.200995,-0.24099487,1.7990052,3.4190052,6.469005,5.389005,3.759005,3.269005,1.7590051,-1.0509949,-0.57099485,1.8190051,3.029005
-8.990994,-10.910995,-9.480995,-9.190995,-10.720995,-10.220995,-9.600995,-10.930995,-10.770995,-9.650995,-10.040995,-10.230995,-8.690995,-7.760995,-4.510995,-6.860995,-7.070995,-6.970995,-6.740995,-7.030995,-7.030995,-6.630995,-5.850995,-3.8609948,-2.520995,-1.3709949,-1.7509949,-1.1909949,-0.43099487,0.16900513,0.46900514,1.4090052,1.6990051,2.6890051,-2.240995,-1.6609949,8.889005,-0.57099485,5.619005,7.029005,5.359005
-8.800995,-8.490994,-11.2009945,-10.910995,-10.570995,-9.9509945,-10.170995,-9.500995,-9.160995,-8.850995,-9.210995,-8.560995,-5.240995,-5.080995,-1.9109949,-3.530995,-4.570995,-5.2509947,-5.550995,-4.5009947,-4.720995,-4.490995,-3.8209949,-3.500995,-3.440995,-2.5909948,-1.1709949,-1.5309949,1.5690051,0.5190051,0.5890051,-0.49099487,0.9790051,1.9990051,2.5890052,2.6390052,3.059005,7.2290053,7.9790053,4.2690053,3.779005
-8.360995,-8.210995,-8.290995,-9.570995,-10.210995,-9.630995,-9.040995,-8.180995,-7.950995,-7.700995,-7.090995,-6.180995,-4.590995,-4.070995,-3.5509949,-3.190995,-2.970995,-2.1509948,-1.1209949,-1.4609948,-1.4809948,-0.62099487,0.13900512,0.5090051,0.14900513,0.31900513,-0.70099485,-0.28099486,0.7690051,1.5590051,1.1590052,0.9790051,0.44900513,2.1190052,4.8290052,4.2890053,1.9890051,-1.1109948,3.759005,-1.0709949,7.389005
-9.230995,-9.180995,-7.200995,-6.990995,-6.9209948,-7.370995,-6.880995,-5.970995,-6.260995,-6.120995,-5.060995,-3.8909948,-3.1509948,-2.970995,-2.3609948,-1.9609948,-1.8709949,-1.4209949,-0.5909949,-0.15099487,-0.020994874,0.92900515,1.3690051,2.009005,3.1290052,2.9190052,2.029005,2.049005,1.1190051,1.6490052,2.529005,2.019005,2.269005,-0.51099485,1.1090051,0.8390051,4.0790052,3.3390052,8.329005,10.819005,11.149005
-8.470995,-9.080995,-7.330995,-6.380995,-4.470995,-4.340995,-4.9409947,-4.510995,-4.2109947,-3.8909948,-3.430995,-2.0609949,-1.8509948,-0.42099488,-0.46099487,0.19900513,0.7690051,1.3890052,2.299005,2.779005,3.219005,2.249005,1.7990052,2.3790052,2.6290052,2.559005,3.239005,3.4190052,3.519005,3.3490052,3.5990052,2.809005,2.3790052,3.1790051,2.5790052,2.9490051,2.509005,2.3790052,0.48900512,0.16900513,1.6790051
-6.9409947,-6.240995,-5.900995,-4.580995,-3.540995,-2.950995,-3.020995,-2.6209948,-2.1209948,-2.020995,-1.5909948,-0.30099487,0.85900515,1.3890052,1.9090052,2.5790052,2.9390051,3.6990051,4.239005,4.659005,5.469005,5.2890053,4.7690053,4.219005,4.069005,4.279005,3.969005,3.749005,3.799005,4.0590053,3.989005,3.6690052,3.3590052,3.809005,3.8490052,3.8690052,1.6490052,1.0590051,2.249005,1.1690052,0.60900515
-4.350995,-4.9409947,-4.4809947,-3.240995,-2.8309948,-1.6509949,-1.4309949,-1.2309948,-0.9709949,-0.32099488,0.54900515,1.8290051,1.6590052,3.4090052,3.6790051,4.0590053,4.569005,5.0190053,4.719005,5.3290052,5.489005,5.2890053,5.169005,5.139005,4.779005,4.8090053,5.0790052,4.159005,3.749005,4.169005,3.5990052,2.8290052,2.6790051,2.269005,2.269005,2.4090052,1.1990051,1.6390052,1.8390051,-0.9809949,1.3790051
-2.8209949,-2.3409948,-3.190995,-2.980995,-3.190995,-2.4109948,-1.6709949,-1.4209949,0.34900513,-0.37099487,1.0690051,3.1290052,2.709005,4.379005,4.9790053,4.7490053,5.3090053,5.839005,5.159005,5.869005,5.2090054,5.929005,5.069005,4.369005,4.3090053,3.8990052,3.8290052,3.969005,2.8390052,1.4390051,2.059005,2.3490052,2.3290052,2.3890052,2.1390052,2.549005,2.9090052,1.1590052,1.4390051,1.0090051,-0.010994873
-2.6309948,-2.200995,-1.6109948,-2.1409948,-2.040995,-2.010995,-0.8509949,-0.18099487,0.009005127,0.91900516,1.6890051,2.6990051,3.219005,4.199005,4.2690053,3.779005,4.549005,5.649005,4.7890053,5.109005,4.679005,5.2890053,5.2090054,4.8090053,4.609005,3.979005,3.769005,2.9190052,2.1190052,0.73900515,0.7090051,1.9090052,1.6590052,2.289005,1.7790052,1.7890052,1.4190052,1.7690052,2.1690052,1.6690052,-0.07099488
-0.95099485,-2.3709948,-1.5509949,-2.3609948,-2.1409948,-0.5509949,0.059005126,0.40900514,1.3990052,1.2390051,1.8590051,2.019005,2.819005,1.4590051,-0.31099486,1.9290051,2.779005,2.789005,2.9290051,3.4090052,3.749005,4.429005,4.889005,4.849005,4.719005,4.239005,3.5990052,2.8990052,1.9090052,1.7390051,1.4290051,1.1390052,2.1190052,2.3490052,2.1290052,2.559005,2.1290052,2.059005,2.4090052,1.5790051,1.7590051
-1.8109949,-2.1109948,-1.2209948,-2.430995,-2.1109948,-0.56099486,0.25900513,0.8290051,0.5090051,0.40900514,0.54900515,2.4290051,2.4490051,1.9190052,3.229005,3.4490051,3.1890051,3.1590052,3.3890052,4.4590054,4.349005,4.449005,5.099005,4.7490053,4.259005,3.809005,3.4190052,2.239005,1.5290052,1.7790052,2.059005,2.6690052,2.459005,2.459005,2.9490051,2.6590052,2.3790052,3.1990051,2.9290051,3.019005,2.1890051
