wind_kz.json
{"header": {"discipline":0,"disciplineName":"Meteorological products","gribEdition":2,"gribLength":1102,"center":7,"centerName":"US National Weather Service - NCEP(WMC)","subcenter":0,"refTime":"2023-10-04T12:00:00.000Z","significanceOfRT":1,"significanceOfRTName":"Start of forecast","productStatus":0,"productStatusName":"Operational products","productType":1,"productTypeName":"Forecast products","productDefinitionTemplate":0,"productDefinitionTemplateName":"Analysis/forecast at horizontal level/layer at a point in time","parameterCategory":2,"parameterCategoryName":"UnknownDiscipline_0_Category_2","parameterNumber":3,"parameterNumberName":"UnknownParameter_D0_C2_3","parameterUnit":"Unknown","genProcessType":2,"genProcessTypeName":"Forecast","forecastTime":120,"surface1Type":103,"surface1TypeName":"Specified height level above ground","surface1Value":10.0,"surface2Type":255,"surface2TypeName":"Missing","surface2Value":0.0,"gridDefinitionTemplate":0,"gridDefinitionTemplateName":"Latitude_Longitude","numberPoints":615,"shape":6,"shapeName":"Earth spherical with radius of 6,371,229.0 m","gridUnits":"degrees","resolution":48,"winds":"true","scanMode":64,"nx":41,"ny":15,"basicAngle":0,"lo1":47.0,"la1":41.0,"lo2":87.0,"la2":55.0,"dx":1.0,"dy":1.0}, "data":
[rows 0 to 14 of 15, columns 0 to 40 of 41]
-2.1845703,1.5254297,-4.4745703,-8.954571,-4.2745705,-0.48457032,1.9354297,0.59542966,3.8054297,6.0854297,6.9354296,6.0154295,5.6054296,4.9954295,4.11543,2.2554297,1.2354296,-0.23457031,-0.4645703,-0.9545703,-1.3145703,-2.0845704,-2.0045702,1.8254297,2.5454297,1.2954297,0.9154297,-1.2145703,-1.4945703,0.075429685,1.3154297,1.4554297,0.47542968,0.7554297,0.90542966,0.13542968,-2.1845703,0.6454297,-1.5045704,-1.3145703,-1.4645703
3.9654298,-5.4645705,-11.204571,-10.80457,-6.9545703,2.5154297,4.9154296,5.3154297,6.7954297,8.22543,7.73543,6.1454296,6.2854295,5.92543,4.9154296,3.8054297,-0.1745703,1.2754297,0.13542968,-1.3945704,-3.0445702,-4.0045705,-3.9045703,-2.3845704,2.2954297,0.13542968,0.5754297,-0.97457033,0.035429686,-2.0445702,-0.8845703,-1.7245703,-0.16457032,-1.6145703,0.6954297,2.2254298,2.2554297,1.5554297,1.7354296,0.055429686,-1.2945703
-6.6245704,-12.46457,-13.21457,-13.60457,-9.71457,1.3254297,4.7454295,7.6454296,8.22543,8.99543,9.40543,7.9954295,7.3554296,6.8754296,6.21543,4.8154297,3.5554297,2.3554296,1.0854297,-0.8245703,-2.2345703,-3.0145702,-2.0245702,-2.3145704,-3.5545702,-1.8745704,-2.0145702,-0.5045703,0.8054297,-1.7145703,0.045429688,-1.1945703,-1.9945703,-0.014570313,0.4654297,-0.53457034,-1.4945703,-4.3145704,-1.2945703,1.9454297,0.4354297
-7.55457,-10.50457,-11.654571,-13.92457,-12.37457,-4.13457,3.0254297,6.2554297,8.10543,9.74543,8.81543,7.8154297,6.0154295,4.2654295,6.6454296,5.3154297,3.8654296,3.6454296,2.0954297,0.17542969,-2.6545703,-1.6345704,1.2154297,-0.9445703,-2.1745703,-2.6145704,-3.8145704,-3.1945703,-2.0745704,-2.8345704,-4.34457,-3.2345703,1.9554297,0.83542967,-0.13457032,0.8154297,-0.11457031,1.7954297,-0.4345703,-0.064570315,-2.0945704
-7.7545705,-10.244571,-8.93457,-11.59457,-12.01457,-10.34457,-2.8945704,0.29542968,4.34543,7.8754296,8.86543,8.16543,5.3754296,4.0354295,3.3554296,6.0054297,5.1254296,3.6254296,3.2354298,1.1554297,0.3154297,0.5154297,0.7654297,-0.9445703,-1.7945703,-1.3445703,-1.4645703,-5.07457,-1.7845703,-3.1745703,-3.9145703,-3.4545703,-1.9345703,-1.2645704,0.7854297,1.1154296,-0.3245703,-0.5245703,-1.6345704,-1.0945703,-2.5445702
-4.0845704,-6.05457,-8.494571,-9.29457,-10.654571,-10.864571,-8.46457,0.22542968,2.4854298,6.2654295,6.6854296,7.7754297,5.6654296,5.8954296,5.8554296,5.3354297,6.0454297,5.2954297,4.3154297,3.3954296,2.6954298,1.2454296,1.8854297,1.0054297,-0.07457031,-1.5845703,-0.6245703,-0.6045703,-3.2345703,-2.5345702,-2.7645702,-3.7845702,-4.07457,-3.6045704,-0.6345703,-0.42457032,-0.19457032,-1.6445704,4.0554295,0.59542966,-2.8545704
-4.84457,-4.1845703,-5.2045703,-5.9845705,-7.4145703,-7.0045705,-7.13457,-6.40457,-1.7845703,4.98543,6.0154295,6.2854295,9.69543,9.28543,7.7454295,4.3754296,6.0254297,5.13543,5.19543,4.2954297,2.3854296,2.4654298,2.0854297,1.7754297,0.84542966,0.48542967,-0.8045703,-0.6045703,-0.3245703,-0.3745703,-2.3345704,-1.0845703,0.025429688,-3.0445702,-0.22457032,-0.8645703,0.41542968,0.8954297,-0.2545703,2.9354296,-0.9945703
-2.7945702,-3.6145704,-4.1045704,-3.5445702,-4.1245704,-4.2445703,-4.32457,-6.2745705,-4.7545705,-5.05457,4.4554296,6.8154297,6.36543,7.5654297,9.20543,7.7654295,5.9754295,6.0054297,5.8954296,4.8754296,3.4854298,2.6754296,1.7754297,2.8054297,1.4654297,1.4054297,0.3354297,1.2354296,-0.13457032,-1.1445704,-1.2345703,-0.7545703,-0.014570313,-0.15457031,0.47542968,-1.4745703,-1.8745704,-1.1445704,-0.5745703,-0.48457032,-1.1745703
-1.9545703,-2.8745704,-2.4145703,-2.6045704,-2.1945703,-2.5345702,-1.2545704,-2.8745704,-3.6745703,-5.6245704,-2.7545702,1.2054297,5.9154296,7.4754295,8.16543,8.57543,8.10543,7.5254297,6.96543,6.3754296,4.84543,3.4554298,3.3854296,2.1954298,2.4154296,1.9154297,1.9754297,1.6954297,1.1354297,0.45542967,-0.014570313,1.0354297,1.2954297,2.4054296,-0.3445703,1.7154297,-0.014570313,-1.4045703,1.9554297,-0.064570315,-0.13457032
-1.2245703,-1.4345703,-1.3945704,-1.0645703,-1.0945703,-0.45457032,-0.3845703,0.6154297,0.38542968,-1.3645703,-3.3145704,-2.1045704,-2.6645703,6.90543,7.7554297,8.055429,8.845429,8.64543,8.095429,7.61543,6.5054297,4.96543,3.4654298,3.6454296,2.8454297,2.4354296,2.4954298,2.5954297,1.4354297,2.1254296,1.1554297,0.9854297,1.5154297,3.4954298,2.8354297,1.0454297,1.5454297,-0.6845703,0.10542969,2.0554297,1.5754297
-1.3245703,-1.3645703,0.3054297,0.13542968,1.0554297,1.3154297,1.3554296,1.4254297,1.8054297,3.6154296,2.1754296,-0.1745703,-3.2845702,-0.8645703,-2.2145703,8.255429,8.56543,9.345429,9.60543,9.10543,7.8154297,7.07543,5.36543,4.5254297,4.3954296,3.5354297,3.4354296,3.4154296,2.6554296,2.2954297,2.8154297,1.9054297,-0.12457031,2.1254296,3.8354297,3.0354297,1.0654297,2.0054297,1.7554297,1.0854297,-0.3145703
2.6654296,2.6054296,1.3054297,-0.044570312,0.4654297,1.7354296,2.1354296,2.3854296,3.1554296,2.3454297,2.6354296,4.0454297,2.7254298,1.2854297,-0.78457034,0.8054297,4.1054296,8.32543,8.885429,9.5154295,9.215429,7.9754295,7.0654297,6.15543,5.92543,5.46543,4.84543,4.13543,3.3654296,3.3954296,3.7354298,2.7954297,2.4254296,2.1654296,2.2954297,2.8854296,3.3354297,1.7054297,1.9454297,0.2554297,-0.6145703
1.9254297,3.4354296,4.44543,2.4254296,3.5154297,2.9354296,5.9354296,1.3154297,2.8654296,4.17543,2.7854297,2.4554298,3.5454297,5.0454297,5.34543,3.5154297,3.9854298,2.5954297,5.82543,7.0654297,8.345429,9.295429,8.0154295,8.33543,7.7954297,7.4554296,6.8054295,5.5454297,4.5354295,3.9254296,4.2054296,4.61543,3.8854296,3.0354297,3.0154297,2.5154297,1.9254297,1.2654297,2.9354296,1.4354297,0.29542968
0.6954297,1.5454297,2.4654298,3.0554297,2.8854296,3.7954297,4.71543,4.94543,5.7954297,3.5854297,3.3754296,2.7354298,4.07543,4.4154296,3.5454297,4.86543,3.4754298,5.96543,4.5654297,6.3754296,7.8354297,7.7654295,7.3054295,6.9154296,7.36543,7.48543,7.38543,7.1854296,6.0154295,5.5554295,5.38543,4.9354296,4.48543,4.11543,2.7054298,3.6554296,2.6854296,2.9654298,2.5454297,2.0654297,2.2554297
1.5354297,2.0854297,3.7154298,4.3354297,5.7054296,5.3954296,5.3354297,5.84543,6.0254297,5.88543,4.0054297,3.9754298,3.2954297,2.8254297,4.5554295,5.0154295,4.94543,6.5654297,5.34543,5.2954297,4.44543,8.255429,7.86543,7.6254296,7.32543,7.42543,7.61543,7.94543,7.6654296,7.0354295,6.5654297,6.90543,5.2754297,4.21543,3.6554296,3.5854297,3.3854296,3.0654297,3.6254296,2.7254298,1.5654297
