wind_kz.json
{"header": {"discipline":0,"disciplineName":"Meteorological products","gribEdition":2,"gribLength":1102,"center":7,"centerName":"US National Weather Service - NCEP(WMC)","subcenter":0,"refTime":"2023-08-25T12:00:00.000Z","significanceOfRT":1,"significanceOfRTName":"Start of forecast","productStatus":0,"productStatusName":"Operational products","productType":1,"productTypeName":"Forecast products","productDefinitionTemplate":0,"productDefinitionTemplateName":"Analysis/forecast at horizontal level/layer at a point in time","parameterCategory":2,"parameterCategoryName":"UnknownDiscipline_0_Category_2","parameterNumber":3,"parameterNumberName":"UnknownParameter_D0_C2_3","parameterUnit":"Unknown","genProcessType":2,"genProcessTypeName":"Forecast","forecastTime":300,"surface1Type":103,"surface1TypeName":"Specified height level above ground","surface1Value":10.0,"surface2Type":255,"surface2TypeName":"Missing","surface2Value":0.0,"gridDefinitionTemplate":0,"gridDefinitionTemplateName":"Latitude_Longitude","numberPoints":615,"shape":6,"shapeName":"Earth spherical with radius of 6,371,229.0 m","gridUnits":"degrees","resolution":48,"winds":"true","scanMode":64,"nx":41,"ny":15,"basicAngle":0,"lo1":47.0,"la1":41.0,"lo2":87.0,"la2":55.0,"dx":1.0,"dy":1.0}, "data":
[rows 0 to 14 of 15, columns 0 to 40 of 41]
1.261914,-1.3480859,-1.5680859,-9.538086,-10.118086,-11.698086,-4.658086,-2.968086,1.2919141,1.7919141,4.181914,2.671914,1.971914,0.24191406,-1.0580859,-2.088086,-3.238086,-2.178086,-3.1580858,-2.218086,-1.728086,-0.13808593,1.371914,-1.358086,-1.158086,-1.2880859,-1.268086,0.5719141,1.021914,3.3919141,-1.1880859,-4.328086,1.4119141,-1.1880859,-2.018086,-1.8380859,-0.33808595,-0.20808594,0.35191405,-2.548086,1.4519141
4.421914,-1.158086,-5.128086,-8.248086,-10.148086,-10.878086,-8.498086,-4.398086,-2.748086,4.351914,2.981914,2.061914,1.6919141,1.861914,-1.8080859,-1.278086,-1.228086,-1.0980859,-2.818086,-3.528086,-3.238086,-3.4080858,0.99191403,1.4419141,-0.04808594,-1.138086,-2.4080858,1.1519141,-0.04808594,1.6819141,3.821914,3.691914,0.04191406,-1.4280859,-4.558086,-1.868086,-2.3580859,-5.0280857,-3.468086,-2.3780859,0.8119141
0.8819141,-3.188086,-4.468086,-6.848086,-8.048086,-8.208086,-8.108086,-7.268086,-2.558086,2.271914,4.411914,3.801914,2.711914,1.971914,0.18191406,-1.358086,-1.658086,-3.1580858,-2.318086,-1.528086,-0.018085938,-2.6380858,-4.888086,-1.3480859,-0.15808594,-0.30808595,-0.69808596,0.061914064,-0.34808594,1.111914,3.541914,1.371914,1.761914,-0.88808596,-0.6180859,2.6219141,3.031914,0.061914064,-0.10808594,0.15191406,0.18191406
-2.228086,-5.188086,-7.458086,-8.278086,-7.058086,-7.5080857,-8.258086,-6.968086,-5.768086,4.2419143,3.6119142,3.731914,3.931914,2.8419142,0.85191405,-0.8680859,-1.7080859,-2.578086,-2.928086,-2.288086,-1.888086,-2.078086,1.5319141,-1.1880859,-1.998086,-2.448086,-2.318086,-2.8680859,0.021914063,-2.018086,-1.268086,-0.37808594,-0.95808595,-0.57808596,-0.63808596,-2.8480859,-1.3480859,2.6419141,3.3619142,2.071914,1.141914
-2.8480859,-4.368086,-6.208086,-6.7780857,-7.088086,-5.688086,-4.568086,-1.1880859,-1.778086,3.061914,5.621914,4.461914,4.031914,3.4019141,1.851914,0.051914062,-1.358086,-1.778086,-1.528086,-1.728086,-0.9380859,-0.41808593,-0.94808596,-1.498086,-1.9480859,-2.228086,-2.238086,-1.3480859,-1.998086,-3.318086,-3.668086,-0.5480859,1.8219141,1.5619141,-0.31808594,-1.748086,-0.088085935,-0.42808592,1.0719141,2.231914,2.3619142
-0.22808594,-0.9380859,-3.978086,-6.398086,-7.7380857,-7.658086,-6.708086,-5.648086,-3.1080859,4.121914,3.741914,4.391914,3.1119142,4.311914,3.041914,1.4219141,0.27191406,-0.83808595,-0.39808595,-0.51808596,-0.8680859,0.79191405,-0.038085938,-1.138086,-1.4680859,-2.818086,-2.748086,-3.0980859,-2.698086,-3.208086,-4.128086,-4.0280857,-3.268086,0.67191404,1.871914,0.6319141,2.521914,0.6819141,-0.82808596,-0.48808593,-2.208086
0.84191406,-0.97808594,-1.9380859,-2.518086,-3.1280859,-3.748086,-6.078086,-5.548086,2.581914,4.871914,2.581914,2.1419141,3.041914,2.3419142,2.471914,1.3319141,2.1119142,2.011914,0.8719141,1.121914,1.3119141,1.3219141,1.7819141,1.0519141,-0.5480859,0.25191405,-2.278086,-2.248086,-4.098086,-3.918086,-4.448086,-6.918086,-7.268086,-5.958086,-1.5580859,-1.8280859,-3.1580858,-2.3880858,-0.97808594,0.83191407,1.9619141
-0.52808595,-0.58808595,-0.33808595,-1.4580859,-1.9580859,-2.948086,-4.2380857,-4.928086,-2.1180859,1.771914,8.791914,6.611914,2.471914,2.1219141,2.0919142,2.431914,2.421914,2.1519141,2.031914,2.041914,-0.7980859,3.431914,2.231914,1.9219141,3.1219141,2.251914,1.621914,-1.628086,-2.308086,-3.718086,-3.948086,-4.148086,-5.298086,-5.768086,-0.7480859,1.091914,-0.07808594,0.39191407,0.84191406,-0.48808593,-0.20808594
1.8019141,-0.31808594,-1.5480859,-0.53808594,-1.3380859,-1.7980859,-3.048086,-3.8780859,-1.2180859,3.721914,1.4619141,3.1519141,3.461914,3.201914,3.671914,2.701914,2.581914,2.161914,2.3619142,2.071914,1.621914,0.38191405,2.431914,2.171914,1.991914,2.501914,1.231914,0.7619141,-0.47808594,-1.998086,-3.228086,-3.558086,-2.578086,-3.668086,-1.138086,-1.628086,-2.728086,-0.95808595,-1.518086,-1.4480859,-2.208086
0.6219141,0.37191406,0.99191403,1.141914,-1.1780859,0.44191405,-0.21808594,-2.6480858,-0.97808594,-1.898086,2.271914,2.051914,1.5419141,-2.1280859,-3.028086,3.791914,3.061914,2.3419142,2.281914,2.231914,2.161914,3.261914,2.821914,2.1119142,2.061914,1.731914,1.8219141,1.4519141,-0.118085936,-0.72808594,-1.028086,-1.408086,-3.1280859,-3.8480859,-2.788086,0.12191406,0.021914063,-2.5980859,-2.028086,-0.028085938,-0.47808594
0.84191406,0.90191406,1.131914,0.5019141,0.54191405,1.391914,1.231914,-0.82808596,0.8219141,4.591914,1.0419141,0.7619141,1.621914,-0.9880859,-2.968086,-1.988086,4.081914,3.321914,2.941914,2.751914,2.221914,3.281914,3.001914,3.1519141,2.501914,2.8719141,1.3219141,2.231914,1.7919141,1.261914,0.53191406,-0.71808594,-2.078086,-2.818086,-3.948086,-3.078086,-1.6780859,1.341914,0.39191407,-0.26808593,-0.45808592
1.2019141,2.071914,1.8119141,1.491914,1.891914,2.171914,1.6919141,0.78191406,1.981914,2.441914,4.0119143,1.241914,0.33191407,-1.9680859,-2.708086,-0.7380859,2.441914,4.231914,3.271914,3.551914,3.1119142,2.201914,2.681914,2.761914,3.4019141,3.1419141,3.061914,3.081914,2.6119142,1.0619141,0.8219141,0.6919141,-0.49808595,-1.3280859,-1.7180859,-2.298086,-1.1980859,1.5419141,1.8119141,1.721914,0.6919141
1.5319141,1.521914,1.761914,2.171914,1.9619141,1.491914,1.7919141,2.551914,2.6319141,2.931914,1.861914,4.661914,3.3619142,0.27191406,-2.6080859,2.321914,4.811914,4.211914,3.511914,3.561914,3.931914,3.3719141,2.991914,2.3919141,3.181914,3.231914,1.991914,2.5919142,2.261914,1.3319141,1.341914,1.001914,0.74191403,1.771914,1.771914,1.4019141,1.1619141,0.44191405,1.101914,0.39191407,0.16191407
2.791914,1.631914,0.74191403,2.171914,1.9119141,2.221914,2.6419141,3.3719141,2.3419142,5.451914,2.831914,0.5719141,2.741914,2.491914,1.0819141,-1.5380859,2.941914,1.1619141,3.831914,3.981914,3.8919141,3.781914,3.8519142,2.921914,2.6519141,1.981914,1.2919141,2.1319141,1.601914,1.121914,0.24191406,-0.07808594,0.34191406,1.121914,1.1919141,1.721914,1.8319141,1.4519141,1.0819141,1.1919141,0.91191405
1.4219141,1.521914,2.3719141,1.611914,2.3519142,2.3719141,2.3819141,3.251914,3.461914,4.841914,3.1019142,2.1019142,1.8019141,2.3419142,1.7819141,1.621914,3.8619142,3.561914,3.301914,3.6019142,4.361914,3.6419141,3.491914,3.231914,2.8719141,2.281914,1.521914,1.381914,1.2019141,0.86191404,0.79191405,1.131914,-0.48808593,0.091914065,0.66191405,0.71191406,2.261914,2.721914,1.7919141,2.6119142,0.86191404
