wind_kz.json
{"header": {"discipline":0,"disciplineName":"Meteorological products","gribEdition":2,"gribLength":871,"center":7,"centerName":"US National Weather Service - NCEP(WMC)","subcenter":0,"refTime":"2023-08-06T12:00:00.000Z","significanceOfRT":1,"significanceOfRTName":"Start of forecast","productStatus":0,"productStatusName":"Operational products","productType":1,"productTypeName":"Forecast products","productDefinitionTemplate":0,"productDefinitionTemplateName":"Analysis/forecast at horizontal level/layer at a point in time","parameterCategory":0,"parameterCategoryName":"UnknownDiscipline_0_Category_0","parameterNumber":0,"parameterNumberName":"UnknownParameter_D0_C0_0","parameterUnit":"Unknown","genProcessType":2,"genProcessTypeName":"Forecast","forecastTime":60,"surface1Type":1,"surface1TypeName":"Ground or water surface","surface1Value":0.0,"surface2Type":255,"surface2TypeName":"Missing","surface2Value":0.0,"gridDefinitionTemplate":0,"gridDefinitionTemplateName":"Latitude_Longitude","numberPoints":615,"shape":6,"shapeName":"Earth spherical with radius of 6,371,229.0 m","gridUnits":"degrees","resolution":48,"winds":"true","scanMode":64,"nx":41,"ny":15,"basicAngle":0,"lo1":47.0,"la1":41.0,"lo2":87.0,"la2":55.0,"dx":1.0,"dy":1.0}, "data":
[rows 0 to 14 of 15, columns 0 to 40 of 41]
298.66693,289.76694,294.76694,297.36694,296.96695,296.36694,298.56696,302.56696,300.56696,301.36694,300.26694,302.06696,301.16693,300.96695,299.46695,296.86694,296.66693,297.76694,295.86694,297.06696,296.56696,292.66693,292.16693,288.86694,293.76694,294.66693,291.36694,277.06696,275.46695,275.46695,276.76694,280.86694,288.56696,295.46695,296.86694,296.76694,296.26694,296.16693,296.86694,298.06696,299.76694
278.06696,295.76694,297.46695,297.76694,298.06696,296.16693,300.26694,299.76694,299.26694,299.76694,300.46695,298.56696,297.96695,296.06696,294.46695,294.86694,296.56696,295.96695,294.76694,295.26694,295.26694,296.86694,295.26694,286.86694,276.56696,274.66693,283.66693,276.06696,275.96695,272.86694,279.36694,273.36694,281.46695,265.16693,276.66693,291.16693,289.56696,293.26694,297.16693,290.46695,283.86694
297.26694,298.16693,298.26694,298.36694,296.26694,298.76694,298.86694,298.96695,298.46695,298.56696,298.76694,299.16693,293.96695,294.96695,295.76694,293.86694,294.06696,294.16693,295.26694,296.46695,297.76694,295.46695,295.16693,292.96695,294.56696,290.16693,290.06696,287.86694,289.86694,281.26694,273.56696,275.96695,281.46695,279.86694,281.56696,282.46695,275.76694,276.96695,279.56696,276.06696,277.36694
297.26694,298.56696,298.76694,298.16693,297.36694,297.06696,297.46695,297.16693,298.16693,298.46695,298.66693,297.56696,296.56696,295.96695,295.06696,295.06696,297.36694,297.66693,295.96695,299.06696,296.26694,291.16693,296.16693,296.96695,294.66693,295.56696,294.96695,291.06696,291.56696,292.16693,291.36694,288.56696,290.56696,290.96695,290.06696,286.46695,276.96695,275.46695,281.16693,292.96695,295.26694
299.96695,299.26694,299.66693,299.66693,299.06696,298.46695,298.26694,298.66693,298.56696,298.76694,298.46695,297.86694,297.56696,296.46695,293.26694,297.66693,298.76694,298.36694,296.76694,298.86694,298.26694,297.16693,295.16693,296.06696,295.86694,295.66693,294.36694,294.76694,293.16693,293.46695,295.36694,292.66693,281.56696,273.56696,283.26694,291.46695,292.66693,295.76694,295.86694,295.06696,295.46695
301.66693,298.26694,299.66693,299.76694,299.76694,299.16693,298.36694,299.46695,299.26694,299.06696,298.46695,298.56696,296.36694,296.26694,296.36694,296.86694,299.06696,302.86694,298.96695,300.76694,299.36694,298.46695,297.16693,297.16693,296.56696,294.66693,295.26694,293.56696,293.26694,296.36694,295.26694,296.26694,293.76694,290.86694,289.46695,291.56696,286.06696,286.56696,291.16693,294.36694,294.16693
302.36694,298.36694,302.96695,300.16693,299.16693,298.36694,297.46695,297.66693,298.26694,298.66693,298.16693,297.66693,298.06696,298.56696,300.06696,299.66693,300.96695,300.96695,299.46695,298.26694,297.66693,299.76694,299.66693,298.46695,295.76694,295.46695,294.86694,295.06696,296.26694,295.86694,294.76694,294.46695,294.06696,292.96695,291.46695,290.76694,286.16693,283.86694,281.46695,281.46695,292.06696
301.56696,302.56696,300.96695,299.46695,300.06696,299.46695,298.46695,297.36694,295.56696,296.16693,295.66693,296.56696,296.76694,298.36694,300.86694,301.16693,299.46695,300.36694,299.26694,295.16693,294.06696,295.46695,293.66693,294.76694,294.36694,291.06696,291.16693,291.86694,290.46695,292.36694,290.96695,292.36694,291.56696,289.06696,289.96695,292.36694,292.86694,289.06696,291.56696,292.46695,291.16693
301.96695,301.96695,298.96695,296.26694,298.36694,296.86694,295.36694,295.56696,294.66693,293.66693,292.56696,293.26694,293.76694,297.16693,295.96695,298.06696,296.96695,297.16693,297.66693,296.56696,292.56696,292.76694,291.46695,292.76694,291.26694,291.76694,287.56696,287.06696,290.06696,289.16693,286.56696,287.36694,288.66693,290.26694,290.46695,288.76694,289.66693,289.76694,282.36694,282.46695,280.76694
298.46695,297.96695,296.86694,295.06696,294.96695,294.86694,293.76694,293.26694,292.86694,291.16693,290.56696,289.56696,290.06696,291.66693,292.06696,293.66693,294.76694,294.46695,293.86694,294.86694,294.56696,293.06696,293.86694,292.56696,292.16693,290.06696,289.16693,287.56696,287.06696,286.36694,287.06696,290.76694,292.36694,293.76694,292.26694,290.36694,287.96695,286.36694,284.36694,282.26694,281.86694
294.66693,293.76694,294.26694,293.66693,292.16693,292.36694,291.36694,290.76694,290.26694,289.96695,289.16693,287.06696,289.56696,288.06696,290.06696,290.16693,290.76694,292.16693,294.46695,291.96695,295.26694,295.56696,293.16693,290.76694,289.46695,289.96695,287.36694,287.86694,288.16693,290.26694,292.76694,291.86694,291.56696,290.56696,288.66693,290.26694,286.46695,284.26694,283.36694,283.26694,282.46695
291.36694,291.06696,291.26694,290.96695,289.96695,289.76694,288.56696,287.86694,287.96695,287.06696,284.76694,286.46695,288.16693,289.16693,289.56696,288.16693,290.16693,291.26694,293.76694,293.26694,292.66693,291.86694,289.86694,289.06696,288.86694,289.36694,290.16693,290.16693,290.76694,291.26694,290.66693,291.66693,291.06696,289.06696,289.36694,288.56696,288.56696,289.26694,288.56696,288.06696,287.66693
289.16693,287.76694,288.66693,288.06696,289.06696,288.56696,287.46695,286.96695,286.06696,285.46695,285.46695,286.46695,287.86694,287.76694,288.16693,288.26694,288.76694,289.86694,293.26694,291.46695,291.26694,289.16693,288.56696,288.46695,288.26694,288.96695,291.76694,289.66693,290.36694,292.16693,291.06696,289.66693,290.06696,289.66693,288.36694,288.06696,288.26694,288.16693,288.46695,287.76694,286.16693
285.66693,287.46695,289.66693,287.96695,287.56696,286.26694,286.86694,286.76694,286.56696,285.66693,284.56696,284.56696,286.86694,287.56696,287.86694,288.16693,288.16693,288.46695,291.66693,289.76694,289.86694,289.86694,289.46695,288.56696,289.06696,289.16693,291.56696,289.66693,289.96695,289.56696,288.46695,289.76694,288.56696,288.26694,289.56696,288.46695,288.76694,289.36694,288.06696,287.26694,286.76694
287.56696,287.06696,292.66693,287.06696,286.96695,286.26694,286.46695,286.06696,286.56696,287.26694,287.86694,285.86694,286.56696,286.96695,287.66693,288.26694,287.96695,287.66693,289.76694,288.86694,288.96695,288.36694,288.06696,287.76694,288.06696,290.66693,287.46695,287.56696,287.36694,287.26694,287.16693,285.36694,286.76694,286.66693,286.96695,287.56696,288.26694,287.66693,288.46695,289.86694,287.06696
