wind_kz.json
{"header": {"discipline":0,"disciplineName":"Meteorological products","gribEdition":2,"gribLength":948,"center":7,"centerName":"US National Weather Service - NCEP(WMC)","subcenter":0,"refTime":"2023-09-20T12:00:00.000Z","significanceOfRT":1,"significanceOfRTName":"Start of forecast","productStatus":0,"productStatusName":"Operational products","productType":1,"productTypeName":"Forecast products","productDefinitionTemplate":0,"productDefinitionTemplateName":"Analysis/forecast at horizontal level/layer at a point in time","parameterCategory":0,"parameterCategoryName":"UnknownDiscipline_0_Category_0","parameterNumber":0,"parameterNumberName":"UnknownParameter_D0_C0_0","parameterUnit":"Unknown","genProcessType":2,"genProcessTypeName":"Forecast","forecastTime":240,"surface1Type":1,"surface1TypeName":"Ground or water surface","surface1Value":0.0,"surface2Type":255,"surface2TypeName":"Missing","surface2Value":0.0,"gridDefinitionTemplate":0,"gridDefinitionTemplateName":"Latitude_Longitude","numberPoints":615,"shape":6,"shapeName":"Earth spherical with radius of 6,371,229.0 m","gridUnits":"degrees","resolution":48,"winds":"true","scanMode":64,"nx":41,"ny":15,"basicAngle":0,"lo1":47.0,"la1":41.0,"lo2":87.0,"la2":55.0,"dx":1.0,"dy":1.0}, "data":
[rows 0 to 14 of 15, columns 0 to 40 of 41]
304.24408,292.4441,298.4441,293.6441,293.9441,293.9441,303.5441,308.74408,305.0441,305.6441,304.0441,304.5441,303.9441,303.74408,303.5441,303.3441,303.24408,300.8441,299.8441,298.24408,296.24408,295.3441,296.4441,292.9441,298.3441,301.5441,296.5441,283.24408,280.4441,276.4441,278.0441,277.4441,288.9441,294.74408,295.5441,294.24408,294.24408,293.24408,293.3441,293.0441,291.8441
286.5441,297.9441,293.3441,293.4441,293.4441,293.0441,307.9441,304.74408,303.4441,303.4441,304.4441,303.6441,304.4441,303.24408,302.9441,302.74408,302.6441,302.6441,296.24408,297.9441,299.6441,295.6441,296.5441,287.4441,273.5441,278.8441,288.74408,282.4441,283.1441,274.3441,282.24408,270.74408,281.24408,254.94409,275.0441,291.3441,289.24408,291.6441,293.0441,287.74408,284.24408
300.1441,292.24408,293.4441,293.1441,291.24408,304.9441,303.74408,303.6441,302.5441,301.74408,300.5441,300.4441,300.1441,301.0441,302.0441,301.8441,301.4441,301.9441,299.4441,295.24408,295.6441,297.9441,299.4441,291.74408,299.1441,296.74408,297.24408,296.0441,294.5441,284.0441,269.5441,274.8441,284.4441,282.6441,285.74408,282.3441,275.0441,277.24408,278.9441,275.6441,271.9441
301.4441,292.24408,293.5441,292.5441,295.4441,303.5441,303.9441,303.1441,303.0441,302.24408,300.6441,297.3441,290.9441,290.3441,300.3441,301.5441,300.8441,301.1441,301.6441,301.74408,301.24408,295.8441,300.8441,300.8441,301.0441,300.8441,300.74408,297.1441,294.6441,296.0441,296.24408,293.0441,297.74408,294.4441,291.1441,285.6441,276.8441,271.1441,279.9441,288.0441,291.9441
301.4441,291.24408,292.3441,291.4441,296.9441,303.0441,303.8441,302.8441,301.3441,300.8441,300.74408,298.6441,289.6441,288.74408,287.6441,300.4441,300.5441,299.74408,299.9441,300.1441,301.1441,301.5441,301.4441,301.3441,301.1441,300.6441,297.4441,293.74408,299.0441,296.6441,298.3441,294.3441,280.6441,272.4441,284.24408,291.1441,293.1441,295.5441,296.0441,295.1441,294.8441
302.8441,301.3441,290.5441,290.5441,291.24408,291.0441,302.9441,303.4441,301.24408,301.3441,300.74408,299.6441,291.24408,289.6441,293.74408,298.3441,299.74408,299.3441,299.24408,299.6441,299.0441,298.3441,298.4441,298.8441,298.6441,297.0441,295.74408,287.0441,297.4441,297.4441,294.3441,295.4441,293.9441,292.3441,288.5441,289.9441,282.5441,285.0441,291.74408,293.8441,292.4441
305.0441,304.5441,303.9441,304.0441,299.5441,303.1441,303.9441,302.24408,303.1441,302.9441,300.74408,299.24408,297.4441,297.1441,296.9441,297.24408,297.74408,298.74408,298.8441,297.8441,296.74408,296.6441,296.74408,296.8441,295.4441,295.3441,294.74408,295.3441,294.6441,294.8441,293.74408,293.1441,293.0441,292.74408,291.8441,289.4441,283.74408,280.1441,277.3441,276.9441,287.4441
304.4441,304.8441,304.4441,304.24408,304.6441,304.3441,304.0441,303.4441,302.5441,301.0441,300.74408,299.8441,297.5441,296.24408,295.6441,296.0441,295.8441,296.8441,296.8441,295.6441,294.5441,294.0441,294.0441,293.5441,292.8441,290.8441,290.5441,291.8441,290.3441,291.1441,289.6441,289.6441,287.0441,284.24408,284.8441,286.3441,287.74408,286.6441,288.3441,288.24408,285.3441
304.6441,303.4441,303.3441,303.24408,303.3441,303.4441,303.6441,302.24408,300.74408,300.0441,299.3441,299.4441,297.5441,296.3441,294.1441,294.6441,293.5441,293.5441,293.74408,293.1441,291.24408,290.1441,290.5441,290.8441,289.6441,289.8441,288.1441,287.0441,285.5441,284.4441,283.74408,283.74408,283.9441,283.74408,283.4441,281.6441,282.24408,281.4441,273.1441,272.6441,271.9441
303.1441,301.5441,302.4441,302.74408,302.8441,303.0441,301.8441,300.24408,298.74408,298.24408,297.3441,296.9441,297.1441,295.1441,293.24408,292.6441,292.3441,292.24408,291.5441,291.24408,289.5441,288.74408,289.1441,288.8441,288.1441,287.1441,286.6441,285.6441,284.3441,283.6441,282.6441,283.4441,283.9441,283.4441,282.8441,281.6441,279.1441,275.4441,275.4441,272.8441,271.1441
301.3441,300.8441,300.5441,300.6441,301.1441,300.24408,299.5441,298.6441,297.5441,296.74408,295.9441,295.6441,295.74408,294.0441,293.4441,292.5441,291.3441,291.3441,290.74408,288.9441,288.6441,287.4441,286.3441,286.0441,285.3441,284.6441,283.24408,284.24408,284.3441,284.8441,284.4441,284.24408,282.6441,282.74408,282.0441,279.24408,275.0441,273.0441,274.4441,273.8441,273.74408
299.6441,300.74408,300.5441,299.8441,298.9441,297.9441,297.24408,296.74408,296.6441,295.3441,292.74408,293.5441,293.6441,292.0441,292.1441,291.74408,290.9441,290.5441,289.8441,288.0441,286.74408,285.5441,284.8441,284.3441,283.1441,283.8441,283.4441,283.9441,283.8441,283.6441,282.24408,282.5441,282.1441,280.3441,280.3441,280.1441,279.0441,277.0441,275.1441,275.24408,276.6441
295.3441,297.1441,297.74408,297.9441,297.0441,296.0441,296.1441,296.1441,295.1441,292.9441,289.9441,288.5441,290.5441,289.3441,290.9441,290.4441,289.74408,288.74408,289.1441,287.5441,285.9441,283.9441,282.74408,281.74408,282.24408,282.6441,283.24408,282.5441,282.4441,281.6441,281.74408,281.0441,280.6441,279.74408,279.6441,278.9441,278.0441,279.0441,276.6441,276.24408,276.0441
296.4441,296.8441,291.3441,296.3441,296.1441,295.3441,294.0441,292.6441,293.0441,292.24408,288.5441,286.3441,288.74408,288.74408,288.6441,288.1441,288.1441,287.74408,287.8441,287.1441,285.6441,284.8441,284.5441,283.4441,283.0441,282.8441,281.9441,281.6441,280.24408,280.3441,280.1441,279.5441,278.6441,277.9441,278.0441,276.3441,276.74408,276.24408,276.3441,274.24408,276.6441
295.24408,296.74408,286.4441,295.5441,295.6441,294.74408,293.9441,293.4441,293.3441,292.74408,290.0441,288.4441,285.74408,287.0441,287.3441,287.4441,286.1441,286.24408,286.74408,286.24408,286.24408,285.3441,284.5441,283.24408,282.24408,281.6441,280.9441,280.3441,280.1441,279.6441,279.5441,281.0441,278.1441,277.3441,276.74408,276.5441,276.0441,275.3441,275.74408,276.1441,274.8441
