wind_kz.json
{"header": {"discipline":0,"disciplineName":"Meteorological products","gribEdition":2,"gribLength":948,"center":7,"centerName":"US National Weather Service - NCEP(WMC)","subcenter":0,"refTime":"2023-08-22T18:00:00.000Z","significanceOfRT":1,"significanceOfRTName":"Start of forecast","productStatus":0,"productStatusName":"Operational products","productType":1,"productTypeName":"Forecast products","productDefinitionTemplate":0,"productDefinitionTemplateName":"Analysis/forecast at horizontal level/layer at a point in time","parameterCategory":0,"parameterCategoryName":"UnknownDiscipline_0_Category_0","parameterNumber":0,"parameterNumberName":"UnknownParameter_D0_C0_0","parameterUnit":"Unknown","genProcessType":2,"genProcessTypeName":"Forecast","forecastTime":180,"surface1Type":1,"surface1TypeName":"Ground or water surface","surface1Value":0.0,"surface2Type":255,"surface2TypeName":"Missing","surface2Value":0.0,"gridDefinitionTemplate":0,"gridDefinitionTemplateName":"Latitude_Longitude","numberPoints":615,"shape":6,"shapeName":"Earth spherical with radius of 6,371,229.0 m","gridUnits":"degrees","resolution":48,"winds":"true","scanMode":64,"nx":41,"ny":15,"basicAngle":0,"lo1":47.0,"la1":41.0,"lo2":87.0,"la2":55.0,"dx":1.0,"dy":1.0}, "data":
[rows 0 to 14 of 15, columns 0 to 40 of 41]
292.58667,285.78668,286.78668,298.98666,298.78668,297.88666,297.28668,305.08667,296.68668,308.78668,305.08667,304.98666,304.88666,304.98666,311.18668,313.98666,313.18668,307.48666,306.08667,304.08667,308.98666,298.68668,310.58667,317.18668,317.38666,323.78668,317.88666,306.68668,302.48666,297.58667,293.98666,287.18668,312.18668,321.38666,325.78668,329.18668,332.98666,328.08667,328.48666,329.58667,333.28668
284.48666,288.28668,298.68668,298.78668,298.68668,297.38666,309.98666,307.78668,304.38666,305.38666,307.58667,308.58667,308.78668,306.88666,311.38666,296.88666,310.98666,315.98666,312.58667,308.58667,307.08667,302.68668,309.98666,300.68668,295.58667,290.48666,305.18668,302.48666,305.28668,291.98666,302.48666,286.98666,302.38666,273.18668,299.78668,317.58667,319.48666,321.78668,323.98666,316.88666,285.88666
303.28668,298.38666,298.98666,298.88666,297.48666,305.88666,304.98666,306.58667,305.78668,305.48666,304.48666,305.38666,304.68668,306.38666,308.18668,303.78668,309.38666,310.18668,308.48666,313.78668,312.78668,309.68668,310.28668,305.98666,316.08667,305.08667,305.28668,313.18668,318.08667,306.28668,296.38666,295.08667,306.58667,306.78668,308.68668,307.78668,302.58667,300.68668,306.98666,300.08667,298.88666
303.58667,299.58667,299.28668,298.08667,296.08667,297.88666,298.28668,305.18668,305.88666,305.08667,303.88666,302.88666,295.18668,294.58667,306.48666,308.98666,306.98666,309.18668,310.58667,306.08667,309.68668,308.98666,311.98666,312.88666,313.78668,308.58667,314.28668,307.58667,318.88666,320.78668,315.48666,316.18668,316.18668,322.48666,321.98666,316.88666,303.28668,300.08667,303.48666,315.58667,319.58667
305.78668,299.18668,299.58667,299.18668,300.98666,294.78668,298.28668,297.18668,299.38666,302.88666,302.68668,302.18668,295.18668,293.88666,291.58667,300.88666,302.78668,303.98666,303.98666,305.88666,307.38666,309.98666,310.78668,310.68668,308.38666,313.98666,312.28668,307.08667,317.38666,315.98666,318.38666,322.98666,308.68668,296.58667,305.08667,314.88666,310.28668,323.28668,325.18668,321.48666,322.38666
303.58667,301.48666,297.28668,298.28668,298.58667,297.98666,304.38666,303.28668,302.78668,301.88666,300.68668,301.98666,295.38666,294.38666,298.28668,302.28668,305.48666,304.18668,303.68668,305.38666,305.48666,304.88666,307.28668,300.88666,309.98666,307.08667,313.08667,293.48666,310.28668,310.18668,318.68668,316.28668,320.48666,318.38666,317.28668,307.98666,316.18668,308.88666,323.78668,324.88666,322.28668
303.08667,302.48666,303.38666,302.98666,301.18668,302.08667,304.78668,302.18668,299.28668,290.78668,292.18668,289.98666,290.48666,291.68668,295.08667,300.98666,302.28668,302.68668,303.58667,301.98666,302.08667,303.48666,304.48666,304.88666,304.78668,306.58667,308.18668,311.58667,313.78668,309.28668,314.08667,314.98666,314.08667,311.78668,316.18668,314.38666,310.68668,309.98666,305.08667,303.08667,315.38666
302.38666,301.88666,300.68668,301.48666,300.78668,300.58667,301.28668,292.88666,290.48666,291.68668,289.38666,287.88666,288.78668,288.18668,290.68668,291.98666,295.38666,298.18668,293.28668,293.78668,299.88666,301.88666,302.28668,302.78668,303.28668,302.98666,301.38666,295.68668,306.58667,308.58667,312.08667,311.18668,308.98666,310.18668,314.68668,313.18668,315.88666,290.38666,316.78668,317.08667,315.58667
299.88666,299.08667,299.58667,298.68668,297.78668,298.18668,288.48666,296.18668,297.48666,296.68668,286.48666,292.28668,294.28668,287.68668,297.08667,299.58667,299.38666,296.08667,295.98666,287.28668,288.98666,296.08667,299.88666,300.48666,298.38666,301.08667,298.98666,291.98666,300.98666,303.78668,306.68668,306.58667,309.58667,309.68668,309.18668,305.58667,307.28668,312.78668,301.58667,296.68668,299.98666
297.88666,296.78668,295.78668,296.98666,297.28668,297.38666,297.08667,296.28668,294.78668,291.58667,288.08667,289.38666,295.48666,295.38666,292.98666,293.18668,295.18668,294.08667,296.98666,297.08667,285.38666,292.68668,299.58667,299.68668,300.78668,297.88666,301.28668,300.88666,295.48666,296.88666,305.48666,308.78668,312.18668,311.28668,311.38666,310.78668,301.28668,299.08667,299.68668,299.48666,296.88666
294.38666,294.08667,293.88666,294.18668,294.48666,294.88666,295.08667,294.38666,294.18668,292.88666,286.88666,283.68668,293.68668,288.18668,291.78668,293.08667,289.08667,284.68668,288.88666,288.68668,285.48666,291.48666,295.98666,296.88666,297.88666,298.48666,296.18668,301.98666,302.28668,297.98666,301.88666,306.08667,308.58667,307.88666,306.18668,304.48666,298.78668,297.48666,297.88666,297.08667,297.18668
291.78668,292.18668,292.78668,293.18668,292.48666,292.28668,290.78668,292.08667,292.28668,290.98666,284.48666,281.88666,284.98666,289.78668,290.48666,291.78668,292.88666,283.38666,282.88666,282.78668,282.88666,289.88666,293.18668,293.08667,294.68668,297.68668,298.88666,303.08667,305.78668,298.48666,300.98666,298.38666,305.98666,305.78668,304.58667,304.98666,303.38666,302.48666,302.88666,302.98666,300.08667
287.68668,290.48666,291.48666,291.48666,290.18668,288.88666,290.88666,291.78668,289.78668,286.08667,281.28668,279.98666,281.48666,286.38666,287.48666,288.58667,290.08667,292.18668,289.48666,286.28668,289.28668,288.88666,290.68668,293.08667,294.48666,297.68668,301.48666,299.98666,301.48666,303.18668,297.68668,302.78668,302.88666,306.58667,305.68668,302.08667,301.38666,300.68668,299.58667,298.78668,298.78668
284.08667,286.38666,290.18668,288.28668,287.78668,285.48666,286.68668,284.08667,283.78668,287.48666,281.28668,279.68668,280.18668,282.28668,285.28668,287.88666,290.58667,286.68668,288.38666,293.48666,292.18668,292.68668,292.68668,293.58667,296.88666,297.88666,298.38666,297.78668,297.18668,298.68668,292.58667,297.58667,299.88666,302.88666,301.28668,300.98666,300.68668,299.48666,300.18668,297.18668,297.18668
284.48666,290.58667,290.68668,288.58667,284.98666,286.28668,285.88666,284.68668,286.48666,289.58667,288.08667,283.28668,280.48666,280.78668,281.68668,282.28668,284.98666,290.98666,292.58667,291.98666,292.48666,293.38666,293.68668,294.78668,294.98666,295.38666,295.28668,291.68668,289.28668,291.78668,292.18668,288.88666,301.68668,301.58667,301.88666,299.78668,301.58667,300.38666,299.98666,299.68668,299.78668
