wind_kz.json
{"header": {"discipline":0,"disciplineName":"Meteorological products","gribEdition":2,"gribLength":1025,"center":7,"centerName":"US National Weather Service - NCEP(WMC)","subcenter":0,"refTime":"2024-02-02T12:00:00.000Z","significanceOfRT":1,"significanceOfRTName":"Start of forecast","productStatus":0,"productStatusName":"Operational products","productType":1,"productTypeName":"Forecast products","productDefinitionTemplate":0,"productDefinitionTemplateName":"Analysis/forecast at horizontal level/layer at a point in time","parameterCategory":2,"parameterCategoryName":"UnknownDiscipline_0_Category_2","parameterNumber":3,"parameterNumberName":"UnknownParameter_D0_C2_3","parameterUnit":"Unknown","genProcessType":2,"genProcessTypeName":"Forecast","forecastTime":240,"surface1Type":103,"surface1TypeName":"Specified height level above ground","surface1Value":10.0,"surface2Type":255,"surface2TypeName":"Missing","surface2Value":0.0,"gridDefinitionTemplate":0,"gridDefinitionTemplateName":"Latitude_Longitude","numberPoints":615,"shape":6,"shapeName":"Earth spherical with radius of 6,371,229.0 m","gridUnits":"degrees","resolution":48,"winds":"true","scanMode":64,"nx":41,"ny":15,"basicAngle":0,"lo1":47.0,"la1":41.0,"lo2":87.0,"la2":55.0,"dx":1.0,"dy":1.0}, "data":
[rows 0 to 14 of 15, columns 0 to 40 of 41]
0.48583803,1.075838,-0.944162,5.705838,3.625838,0.905838,2.225838,1.465838,1.245838,0.705838,-0.834162,-0.87416196,-1.504162,-1.994162,-2.764162,-3.024162,-2.204162,-2.754162,-4.484162,-2.7141619,-1.6541619,-2.124162,-1.874162,-0.814162,1.155838,-0.914162,-2.254162,0.605838,1.0958381,0.345838,-4.074162,-6.294162,1.145838,2.275838,1.505838,1.115838,1.795838,2.525838,1.675838,1.625838,0.46583802
-0.824162,-1.6441619,1.805838,3.7858381,4.625838,3.335838,2.545838,2.395838,3.395838,2.245838,1.195838,0.36583802,-0.62416196,-1.324162,-3.024162,-2.164162,-1.974162,-2.974162,-3.734162,-4.204162,-3.724162,-3.694162,-3.084162,-0.03416199,-2.184162,-2.514162,-1.9041619,0.33583802,0.405838,0.375838,4.275838,-0.28416198,-1.564162,-4.864162,-5.674162,-2.394162,-1.824162,-0.314162,1.1058381,0.015838012,-0.244162
-0.784162,3.915838,3.985838,4.905838,4.245838,3.7858381,3.695838,3.675838,3.865838,3.295838,2.525838,1.575838,0.765838,0.595838,-0.604162,-1.844162,-1.194162,-1.194162,-2.204162,-3.224162,-3.404162,-2.104162,-3.154162,-0.714162,-1.554162,-0.584162,0.315838,-0.434162,-1.124162,1.8558381,0.525838,0.025838012,2.175838,-1.9041619,-0.914162,0.12583801,-2.144162,-1.304162,-0.05416199,0.24583802,0.62583804
0.855838,4.505838,4.775838,5.335838,4.625838,5.215838,4.615838,4.805838,4.725838,3.485838,2.985838,2.235838,-0.774162,0.575838,0.795838,-0.38416198,-0.41416198,-0.394162,-1.674162,-2.634162,-3.834162,-1.484162,-1.324162,-0.93416196,-0.694162,-0.374162,0.23583801,1.1058381,2.055838,0.16583802,0.675838,-1.804162,0.645838,-0.29416198,0.21583802,0.835838,3.995838,4.825838,0.655838,0.925838,1.785838
2.385838,3.595838,4.6658382,4.385838,3.045838,2.7858381,4.235838,3.2858381,4.115838,3.185838,2.985838,1.805838,3.045838,2.055838,1.385838,0.21583802,0.545838,-0.15416199,-0.21416199,-0.784162,-1.094162,-0.274162,1.195838,-0.104161985,0.545838,1.655838,2.315838,1.795838,1.265838,0.12583801,3.245838,1.735838,3.815838,1.965838,0.24583802,-0.944162,-0.544162,-0.424162,0.16583802,1.535838,1.525838
2.705838,4.925838,3.125838,3.685838,2.605838,2.445838,3.515838,4.385838,3.635838,3.305838,2.655838,2.225838,3.185838,3.005838,1.995838,1.3558381,1.965838,1.145838,1.325838,1.755838,1.565838,2.385838,2.025838,1.865838,2.455838,2.485838,2.845838,3.215838,3.465838,3.105838,3.405838,4.855838,3.045838,1.8558381,0.145838,-0.894162,-0.944162,-1.924162,-1.254162,-0.38416198,1.265838
3.595838,4.525838,5.365838,6.505838,4.455838,4.215838,5.225838,3.715838,3.265838,3.575838,3.065838,2.235838,2.255838,1.375838,2.095838,2.555838,2.505838,1.895838,2.5358381,1.755838,1.275838,2.095838,3.545838,3.695838,2.555838,2.255838,1.535838,3.125838,3.985838,4.905838,4.185838,3.875838,3.745838,3.2858381,1.8558381,-1.264162,0.375838,3.545838,-1.864162,-0.944162,1.185838
2.415838,3.7858381,5.055838,4.865838,5.285838,5.155838,4.695838,4.685838,4.535838,3.105838,3.625838,2.825838,1.415838,1.745838,1.885838,2.485838,2.435838,2.345838,2.835838,2.895838,0.50583804,1.625838,3.385838,5.035838,4.315838,3.665838,2.595838,1.835838,4.615838,5.295838,4.6658382,4.065838,3.445838,5.605838,7.485838,3.895838,2.085838,1.555838,-0.244162,0.56583804,1.635838
3.195838,3.775838,3.485838,4.615838,4.515838,5.125838,5.235838,4.9158382,3.935838,3.975838,3.175838,3.575838,1.575838,2.305838,2.345838,2.695838,3.465838,3.605838,4.015838,4.575838,3.765838,-0.304162,1.555838,3.565838,5.925838,5.065838,4.085838,3.955838,4.705838,3.405838,6.355838,6.475838,7.055838,5.125838,5.9158382,3.845838,3.645838,3.015838,3.525838,2.355838,0.49583802
2.275838,3.395838,4.395838,4.9158382,4.705838,4.925838,5.355838,6.175838,6.005838,5.505838,5.375838,3.365838,3.895838,2.815838,2.245838,1.335838,2.905838,2.715838,3.605838,3.225838,4.385838,2.615838,0.535838,2.225838,3.555838,4.055838,4.805838,4.525838,4.405838,4.575838,3.145838,3.245838,2.925838,4.355838,3.425838,3.025838,1.165838,0.21583802,4.075838,4.265838,3.605838
1.035838,1.865838,3.0358381,3.985838,5.105838,5.955838,6.315838,6.235838,4.975838,4.985838,5.735838,5.395838,1.665838,3.115838,1.445838,2.335838,2.305838,2.155838,3.695838,3.375838,3.885838,2.615838,1.775838,2.725838,3.625838,3.975838,4.095838,4.735838,4.805838,2.465838,3.365838,2.905838,3.205838,3.365838,5.005838,5.305838,4.445838,3.005838,4.315838,1.455838,1.025838
-1.914162,-0.15416199,1.4758381,2.855838,3.815838,5.225838,5.435838,5.695838,5.425838,4.615838,4.965838,4.255838,2.985838,2.925838,2.415838,2.085838,2.795838,1.825838,3.105838,2.595838,2.695838,2.025838,2.665838,3.125838,3.595838,3.795838,4.935838,3.875838,3.815838,3.195838,3.215838,3.825838,3.005838,3.435838,3.515838,5.465838,5.335838,2.795838,1.785838,0.835838,0.19583802
-2.004162,-2.404162,-1.564162,-0.41416198,1.615838,2.605838,4.695838,5.965838,6.885838,6.095838,3.435838,3.025838,4.105838,3.855838,2.605838,2.905838,3.115838,3.145838,3.015838,2.865838,3.065838,2.595838,2.315838,1.995838,2.765838,3.475838,3.455838,2.745838,2.335838,2.325838,2.595838,2.925838,2.455838,1.505838,1.965838,1.915838,1.145838,1.245838,1.065838,1.485838,1.335838
-1.624162,-3.254162,-3.434162,-2.104162,-1.734162,0.765838,2.805838,4.235838,5.515838,5.655838,3.955838,2.2858381,4.185838,4.555838,2.905838,2.585838,3.145838,3.405838,3.305838,3.095838,2.725838,2.715838,2.425838,2.525838,1.675838,1.555838,2.005838,1.985838,2.165838,2.385838,2.105838,2.0358381,2.325838,2.545838,1.825838,1.9758381,1.925838,1.895838,2.415838,2.695838,2.395838
-0.964162,-2.604162,-3.824162,-2.524162,-4.394162,-2.724162,-1.234162,1.405838,2.495838,3.625838,4.135838,4.275838,2.945838,1.955838,3.765838,3.435838,3.655838,3.325838,3.475838,2.765838,2.635838,2.575838,2.425838,2.545838,2.445838,2.115838,2.465838,2.505838,2.375838,2.355838,2.765838,2.5358381,2.015838,1.915838,1.965838,1.825838,1.705838,2.415838,1.425838,2.115838,1.765838
