wind_kz.json
{"header": {"discipline":0,"disciplineName":"Meteorological products","gribEdition":2,"gribLength":1102,"center":7,"centerName":"US National Weather Service - NCEP(WMC)","subcenter":0,"refTime":"2024-03-19T06:00:00.000Z","significanceOfRT":1,"significanceOfRTName":"Start of forecast","productStatus":0,"productStatusName":"Operational products","productType":1,"productTypeName":"Forecast products","productDefinitionTemplate":0,"productDefinitionTemplateName":"Analysis/forecast at horizontal level/layer at a point in time","parameterCategory":2,"parameterCategoryName":"UnknownDiscipline_0_Category_2","parameterNumber":3,"parameterNumberName":"UnknownParameter_D0_C2_3","parameterUnit":"Unknown","genProcessType":2,"genProcessTypeName":"Forecast","forecastTime":180,"surface1Type":103,"surface1TypeName":"Specified height level above ground","surface1Value":10.0,"surface2Type":255,"surface2TypeName":"Missing","surface2Value":0.0,"gridDefinitionTemplate":0,"gridDefinitionTemplateName":"Latitude_Longitude","numberPoints":615,"shape":6,"shapeName":"Earth spherical with radius of 6,371,229.0 m","gridUnits":"degrees","resolution":48,"winds":"true","scanMode":64,"nx":41,"ny":15,"basicAngle":0,"lo1":47.0,"la1":41.0,"lo2":87.0,"la2":55.0,"dx":1.0,"dy":1.0}, "data":
[rows 0 to 14 of 15, columns 0 to 40 of 41]
0.15496337,-2.2850366,-4.1850367,-12.025037,1.2149634,2.8949633,1.4749634,0.8349634,-2.0950365,-2.2550366,-2.4450366,-1.7050366,-2.0050366,-2.4550366,-3.4750366,-3.2650366,-2.9750366,-3.8050365,-5.6650367,-2.9150367,-4.0550365,-4.3750367,-1.9750366,-2.4450366,-2.3250365,-2.4550366,-2.8250365,0.14496338,1.8249633,2.3649633,-4.2250366,-6.0950365,1.6449634,-2.1550367,1.6649634,1.3149633,0.78496337,-1.8750366,-0.49503663,0.34496337,1.0649633
-2.7450366,-0.18503661,-6.3350368,-8.755036,-4.6750364,-2.5250366,-2.9650366,-1.3050367,-0.8050366,-2.0050366,-2.3350365,-3.3550367,-3.9750366,-2.8550367,-4.3650365,-2.9450366,-1.8750366,-2.6650367,-3.9550366,-4.065037,-4.315037,-5.775037,-2.9150367,1.9149634,-3.1650367,-3.3750367,-4.6850367,0.8149634,0.79496336,0.06496338,5.1749635,3.4149635,-2.0050366,-5.9450364,-7.8850365,-3.4850366,-4.6350365,-3.9650366,-5.0150366,-3.4150367,-1.4250367
-0.7250366,-3.2050366,-5.4050364,-5.7650366,-2.6950366,-0.58503664,-0.28503662,-1.7550366,-1.4150367,-2.0050366,-2.5150366,-1.9850366,-2.2850366,-3.7550366,-4.4450364,-3.4350367,-3.3150365,-3.2950366,-0.5050366,-0.025036622,-1.2850366,-5.6850367,-7.0950365,-2.7550366,-1.8950366,-0.63503665,-1.6550366,-1.7350366,-1.6650367,0.13496338,3.3749633,0.55496335,1.5949634,-2.1350367,-0.38503662,0.43496338,-3.7050366,-3.3950367,-3.8850367,-0.9850366,-2.7350366
-0.16503662,-2.0650365,-3.6250367,-5.045037,-1.4050366,0.36496338,1.4949634,0.28496337,0.78496337,-0.105036624,-1.4550366,-3.2350366,-3.0350366,-2.5750365,-2.0650365,-3.3950367,-4.1850367,-3.6350367,-4.4650364,-4.7150364,-2.6350367,-3.9150367,1.3549634,-2.7750366,-3.6550367,-4.0550365,-3.7650366,-4.815037,-2.0950365,-3.6350367,-3.5450366,-3.8450365,-0.8150366,2.9849634,-0.32503662,-3.5450366,-4.8850365,-1.8050367,-0.20503663,0.6849634,2.4949634
-0.37503663,-1.0050366,-2.3750367,0.16496338,0.42496338,2.3849633,1.2749634,1.0649633,0.9649634,-0.23503663,-0.21503662,-0.83503664,-0.7950366,-2.5150366,-3.4050367,-3.2550366,-3.8450365,-2.4550366,-2.5350366,-2.6150367,-2.0050366,-0.9150366,-1.5550367,-2.2350366,-2.9950366,-3.8550367,-6.545037,-3.8050365,-3.5350366,-4.5550365,-5.4250364,-5.3050365,0.44496337,0.4549634,-1.6150366,0.6949634,-7.7450366,-1.0850366,2.6649635,-0.04503662,1.8649634
2.4149635,1.8949634,-0.28503662,1.2149634,3.1549635,3.2849634,3.6249633,2.9249635,2.0949633,0.27496338,-0.44503662,-1.0450367,-2.5050366,-3.4950366,-1.7350366,-2.1650367,-2.3050365,-2.4650366,-1.7450366,-1.3450366,-1.4150367,-1.0950366,-0.32503662,-0.6850366,-1.1650367,-2.0550365,-3.4550366,-4.1950364,-3.6250367,-4.1250367,-4.6250367,-4.8550367,-3.8350365,-4.4350367,0.4849634,0.12496338,2.8049634,-0.51503664,-8.075037,4.5049634,4.764963
4.0849633,3.1049633,3.5649633,3.6149633,4.1249633,4.6449633,4.8149633,3.6949635,2.2449634,2.1949635,0.074963376,-1.1250366,-1.1550366,-1.4350367,-1.3450366,-1.3950366,0.21496338,0.23496337,-0.5350366,-0.22503662,-1.5050366,-0.83503664,-0.71503663,0.03496338,0.24496338,-0.4250366,-3.0450366,-3.2550366,-4.505037,-3.7350366,-3.9550366,-4.1150365,-6.1850367,-8.435037,-1.1550366,-1.9350367,-6.0750365,-4.1950364,-3.1950366,-4.2150364,-9.805037
5.3649635,4.4849634,5.8849635,5.5349636,5.4049635,4.9849634,4.6749635,3.4649634,2.3149633,2.2949634,1.0249634,1.1049634,-1.5850366,-1.4050366,-1.6650367,-0.28503662,-0.025036622,0.42496338,1.3049634,2.4049635,0.19496338,-0.5650366,-1.1050366,-0.35503662,0.8949634,1.5249634,1.7449634,-1.3050367,-1.8850366,-4.0350366,-2.7950366,-2.7550366,-2.7450366,-4.3750367,0.10496338,1.0749633,0.18496338,1.1349634,1.1649634,0.44496337,-2.7450366
4.2949634,7.6749635,6.934963,5.2749634,5.8549633,5.1749635,4.1049633,2.7649634,1.7549634,2.0249634,0.3249634,-0.38503662,-0.6550366,-2.6750367,-2.4850366,-2.5150366,-0.43503663,1.2949634,1.5249634,0.73496336,2.2749634,0.10496338,0.34496337,0.3849634,1.0949634,1.6549634,0.7449634,0.36496338,0.9349634,-0.24503662,-1.0850366,-1.3850366,-2.1550367,-4.005037,-2.8650367,-3.2450366,-3.5350366,-2.7450366,-5.2250366,-3.7150366,-5.3450365
6.2949634,8.864964,5.5049634,6.8349633,5.9249635,4.3949633,3.2249634,3.1949635,3.3149633,3.1549635,4.0349636,2.3149633,0.54496336,0.074963376,-0.41503662,-1.8850366,-1.2450366,-0.24503662,0.8449634,1.3149633,1.7849634,2.7049634,2.0049634,0.79496336,1.0249634,1.7349634,2.4149635,1.8349633,0.54496336,0.8349634,0.9549634,0.16496338,-1.4150367,-2.6150367,-0.57503664,0.11496338,0.5949634,-3.3650367,-1.5350366,-0.24503662,1.2249634
7.1249633,9.694963,7.9249635,5.6049633,5.684963,5.6949635,5.0549636,3.2849634,3.0549634,5.1149635,3.1949635,3.2549634,2.8649633,2.1149633,1.1649634,0.3549634,0.61496335,-0.105036624,1.4949634,1.8649634,2.1049633,2.8149633,2.5249634,2.4049635,1.1149634,1.4249634,0.6449634,1.6049634,0.47496337,1.5749633,1.3149633,0.03496338,-1.0550367,-0.9850366,-0.9250366,-0.12503663,-0.9150366,1.7249634,-1.0650367,-0.5450366,-0.7950366
3.9549634,6.7349634,5.8349633,7.1949635,6.6149635,5.8449636,5.5849633,4.994963,3.9049635,5.2549634,3.7249634,4.2149634,3.2349634,3.1649635,3.4249635,2.7949634,2.8049634,1.7349634,1.7549634,3.0349634,3.6949635,3.2649634,2.7449634,2.3049634,2.7249634,2.0749633,2.0349634,2.2849634,2.4649634,1.5849633,1.4149634,1.2649634,0.16496338,-0.63503665,-0.64503664,-1.0550367,-0.09503662,0.5149634,0.5049634,-0.17503662,1.2649634
6.8949633,6.3649635,7.184963,7.8949633,6.1649632,4.434963,5.1649632,6.0349636,6.1949635,1.4849634,0.72496337,2.0649633,5.0049634,3.1349633,3.4349635,3.5649633,3.7349634,3.1149633,2.7749634,3.3549633,3.9849634,4.4049635,4.2549634,3.5049634,4.0349636,3.8249633,3.6449633,3.0549634,2.6849635,2.0049634,1.8649634,1.9549633,0.8449634,0.074963376,0.08496338,0.18496338,-0.49503663,0.5149634,0.12496338,0.33496338,-0.005036621
7.434963,7.6149635,6.744963,7.9449635,6.764963,5.9049635,4.9649634,6.3649635,3.3449633,3.1049633,1.1649634,0.2949634,3.2449634,3.8749633,3.4049635,4.0849633,4.1349635,4.4649634,4.244963,3.8549633,3.3749633,3.1149633,3.1849635,2.9249635,3.1649635,3.6049633,3.1849635,3.3349633,3.3049634,2.8149633,2.2149634,1.9449633,1.6349634,1.1749634,0.11496338,-0.69503665,-0.7850366,-0.6250366,-0.57503664,-0.13503662,-0.27503663
5.5849633,7.1949635,5.7549634,8.334964,8.184963,7.6349635,6.0749636,5.7949634,5.0649633,2.7049634,0.33496338,1.7049633,1.5049634,1.9249634,4.5849633,4.7549634,4.764963,4.5449634,4.724963,4.494963,3.7649634,3.8749633,3.5149634,3.9449635,3.8749633,3.8749633,3.9549634,3.8749633,3.5749633,3.5649633,3.0649633,2.6349633,1.8149633,1.4849634,1.4749634,0.7449634,1.4749634,2.0849633,0.7149634,-0.08503662,-0.005036621
