wind_kz.json
{"header": {"discipline":0,"disciplineName":"Meteorological products","gribEdition":2,"gribLength":1025,"center":7,"centerName":"US National Weather Service - NCEP(WMC)","subcenter":0,"refTime":"2023-08-25T18:00:00.000Z","significanceOfRT":1,"significanceOfRTName":"Start of forecast","productStatus":0,"productStatusName":"Operational products","productType":1,"productTypeName":"Forecast products","productDefinitionTemplate":0,"productDefinitionTemplateName":"Analysis/forecast at horizontal level/layer at a point in time","parameterCategory":2,"parameterCategoryName":"UnknownDiscipline_0_Category_2","parameterNumber":2,"parameterNumberName":"UnknownParameter_D0_C2_2","parameterUnit":"Unknown","genProcessType":2,"genProcessTypeName":"Forecast","forecastTime":0,"surface1Type":103,"surface1TypeName":"Specified height level above ground","surface1Value":10.0,"surface2Type":255,"surface2TypeName":"Missing","surface2Value":0.0,"gridDefinitionTemplate":0,"gridDefinitionTemplateName":"Latitude_Longitude","numberPoints":615,"shape":6,"shapeName":"Earth spherical with radius of 6,371,229.0 m","gridUnits":"degrees","resolution":48,"winds":"true","scanMode":64,"nx":41,"ny":15,"basicAngle":0,"lo1":47.0,"la1":41.0,"lo2":87.0,"la2":55.0,"dx":1.0,"dy":1.0}, "data":
[rows 0 to 14 of 15, columns 0 to 40 of 41]
-0.4777588,-0.027758788,1.7122412,-0.6577588,-0.36775878,-0.24775879,0.5922412,-1.0377588,-3.4177587,0.7522412,-0.6877588,-2.0877588,-2.1077588,-0.6777588,-1.5877588,-1.8577588,-0.14775878,1.7922412,3.7322412,4.022241,2.0922413,-1.7277588,-1.5877588,-0.7677588,0.4922412,-3.5577588,-2.4477587,-0.30775878,0.8422412,0.90224123,0.1622412,0.6722412,2.9822412,2.022241,1.7722412,-3.3577588,-2.7377589,-2.8477588,-3.0077589,-2.4277587,-2.1577587
0.9722412,1.4822412,1.1622412,0.4922412,1.8222412,2.7122412,4.752241,2.8422413,1.6722412,0.17224121,1.5122412,2.2222412,-1.3177588,-1.7777588,-2.7677588,-1.8377588,1.8622413,4.412241,3.1822412,4.732241,3.532241,-2.3577588,-0.91775876,-1.5677588,0.4622412,0.41224122,-1.8577588,-1.9777588,-4.837759,-0.27775878,1.7222412,1.0022413,0.2422412,-1.0977588,0.58224124,1.0022413,-0.66775876,0.41224122,-0.4877588,0.29224122,-0.6777588
1.3922412,3.3622413,1.8922412,1.1022412,1.6122413,4.102241,1.2722412,1.5722412,1.1022412,1.2122412,0.25224122,1.1722412,1.3422412,-3.1477587,-2.2677588,-0.3177588,3.1222413,2.3222413,-1.1777588,-0.8277588,2.4222412,-1.8877587,-4.417759,-3.5577588,-1.2377588,-1.5277588,0.7322412,2.5922413,-1.2577587,-0.17775878,-0.3777588,1.8822412,0.8722412,0.4822412,0.4522412,-2.2877588,-0.4077588,0.15224122,-0.5677588,-0.6877588,0.9222412
0.22224121,5.3022413,3.9022412,3.8722413,1.9222412,2.9822412,3.4022412,2.4822412,1.7122412,1.7022412,-1.0577588,-0.06775879,0.4222412,-0.9077588,-0.9277588,1.8422412,1.8422412,-2.9177587,-4.9077587,-2.8677588,-5.0677586,-2.7977588,-1.6277587,-4.577759,-3.227759,-2.6177588,-1.4077588,-2.5777588,-1.3077588,1.1022412,0.89224124,-1.2277588,0.5722412,-2.5177588,-2.5877588,-2.5277588,-1.8777587,0.5622412,0.3922412,-0.05775879,-0.017758789
3.8722413,5.9922414,7.172241,6.922241,6.2622414,3.9822412,3.2122412,3.292241,4.5722413,3.9622412,3.1022413,3.7022412,4.3222413,2.6322412,2.9422412,2.0822413,2.282241,-3.8477588,-3.0777588,-2.7577589,-3.0377588,-2.8677588,-2.7877588,-3.0677588,-2.0777588,-1.5777588,-0.97775877,0.4522412,1.2422413,-0.03775879,0.8522412,1.3022412,-2.5177588,-0.84775877,1.8022412,1.7522413,-3.5877588,-2.6377587,-2.7677588,-2.6777587,-2.6177588
1.9422412,0.8022412,1.2422413,2.4022412,7.752241,7.542241,5.042241,4.9522414,4.5722413,4.872241,4.8422413,2.6122413,1.6822412,2.782241,4.0122414,2.9522412,2.1222413,-0.8777588,-1.9177588,-1.8177588,-2.9877589,-3.0477588,-3.3577588,-2.227759,-2.6477587,-2.977759,-1.3377588,2.8122413,2.3822412,2.8722413,1.1322412,2.522241,3.3022413,2.4422412,1.7322412,-2.6077588,0.1622412,-0.6277588,-1.0077587,-3.457759,-0.8977588
3.4422412,3.1022413,0.09224121,-0.7077588,1.5622412,2.7022412,7.122241,4.522241,1.8222412,2.9022412,3.3522413,2.4622412,4.832241,2.6522412,4.7222414,3.3522413,3.1622412,4.232241,-1.5177588,-0.5077588,-2.0677588,-2.7477589,-3.4377587,-2.8377588,-3.1877587,-1.6577588,-1.8677588,-0.4877588,-2.3077588,0.38224122,-2.5477588,2.1922412,4.5922413,2.6322412,1.7522413,-1.7477587,-1.5777588,2.5622413,-2.8677588,2.1322412,3.3922412
-1.2977588,-3.4477587,-0.8077588,0.5022412,0.9922412,1.8022412,-0.14775878,-0.12775879,1.1322412,3.2522411,4.082241,3.1222413,3.3622413,-0.9477588,-2.0077589,4.272241,0.14224121,0.9422412,0.02224121,-2.6077588,-2.0677588,-2.9977589,-1.8677588,-2.207759,-3.2977588,-2.1277587,-0.8077588,-1.2477587,-3.3077588,-4.727759,-6.597759,-4.267759,-5.3177586,-2.1477587,-1.0377588,2.522241,5.3822412,-4.287759,-4.247759,-4.2177587,-2.3277588
-0.05775879,-3.1177588,4.602241,-0.4777588,-1.2277588,-3.7577589,-0.53775877,0.2722412,-1.0477588,0.8222412,-0.5077588,1.2522413,3.9522412,-0.4477588,0.65224123,-2.227759,-0.08775879,3.5522413,-0.3477588,0.5522412,-2.2477589,-2.5077589,-2.8177588,-1.7377588,-2.7377589,-2.8077588,-0.59775877,-0.7077588,-2.227759,-2.0477588,-4.147759,-3.5377588,-0.6877588,-1.1877588,0.8122412,2.1722412,-0.6177588,-2.0477588,-1.9077588,-0.2977588,-1.5477588
-0.5577588,-0.66775876,-1.3777587,-0.7677588,-2.1277587,-0.8777588,-0.9377588,0.5322412,-0.017758789,-0.1977588,0.1322412,1.2222412,2.3122413,-0.66775876,-1.4477588,-2.4077587,-1.2277588,-2.957759,-4.017759,-2.8177588,-1.7177588,-2.467759,-1.2577587,-0.3877588,-3.3377588,-1.3977588,0.8222412,-1.1477588,-2.3977587,-2.8277588,-0.7477588,-2.1177588,-0.5677588,-0.14775878,1.9522412,3.6822412,0.47224122,-0.18775879,-2.6177588,-0.8377588,-1.3677588
-0.1977588,-1.6277587,-1.6677588,-1.6477588,-2.0177588,-1.0277588,-0.4777588,0.71224123,-0.1977588,0.7822412,2.3422413,0.83224124,4.232241,-1.3777587,-3.7377589,-3.9477587,-5.9677587,-4.857759,-5.727759,-0.2277588,-1.7777588,-1.2777588,0.23224121,-1.4677588,-0.4477588,0.9422412,-1.2177588,-1.8177588,-2.6877587,-1.7577587,-1.2877588,1.2022412,-0.85775876,-0.39775878,2.2022412,2.6022413,-0.39775878,0.3922412,0.2422412,0.7622412,-1.7677588
-0.3577588,-0.3777588,-0.46775877,-0.6777588,-0.8077588,-1.0577588,0.5722412,1.4622412,0.3322412,-1.1277587,-0.1977588,-0.11775879,-0.2677588,-0.7377588,0.4222412,-0.42775878,-0.7477588,0.2622412,1.7222412,2.792241,0.7222412,-0.1977588,-1.8577588,-1.3777587,0.2722412,1.3522412,-0.7777588,-1.5677588,-1.7577587,-1.8177588,-0.23775879,1.5122412,1.6722412,-0.7077588,0.77224123,3.0122411,3.0622413,3.5922413,2.4222412,1.6122413,-0.1977588
0.122241214,0.4922412,-0.6577588,0.8722412,-0.06775879,0.17224121,-0.5277588,-2.207759,-1.3077588,-0.6577588,-0.03775879,1.0022413,0.38224122,-1.0177588,-0.42775878,-1.8277588,-1.9177588,-0.5477588,-0.007758789,0.32224122,0.6822412,0.3122412,1.2422413,0.9422412,1.7322412,-2.9277587,-2.3177588,-1.9577588,0.5922412,1.7122412,2.6022413,2.6322412,2.5822413,0.012241211,2.1322412,3.2622411,3.8822412,2.2122412,2.7622411,2.3022413,0.32224122
0.9522412,2.0522413,1.7122412,1.3022412,1.8322412,1.3022412,0.5322412,0.77224123,0.9922412,0.9722412,0.8722412,0.8722412,1.2122412,-0.1977588,0.4022412,-0.18775879,-1.1477588,1.9822412,1.2922412,1.8022412,1.5422412,1.4822412,2.2122412,-0.8777588,-2.3077588,-1.1277587,-0.39775878,1.7022412,2.3322413,3.0022411,2.9022412,2.5522413,2.1622412,1.6122413,2.3822412,3.0922413,4.082241,2.6822412,3.6222413,2.2222412,3.292241
1.0022413,2.2022412,2.1822412,0.6022412,0.38224122,1.5922412,1.9122412,1.0122412,1.2322412,0.9122412,0.6622412,0.6822412,0.3922412,1.3422412,1.2122412,0.4922412,-0.10775879,0.05224121,-0.5677588,1.3322412,2.4322412,1.8122412,2.0522413,0.5322412,0.03224121,1.6722412,0.6222412,2.2022412,1.4422412,0.5922412,1.4222412,1.5122412,2.4822412,2.7122412,2.8122413,4.142241,3.9922411,6.002241,5.102241,5.962241,3.4822412
