wind.json
{"header": {"discipline":0,"disciplineName":"Meteorological products","gribEdition":2,"gribLength":1125,"center":7,"centerName":"US National Weather Service - NCEP(WMC)","subcenter":0,"refTime":"2023-06-27T12:00:00.000Z","significanceOfRT":1,"significanceOfRTName":"Start of forecast","productStatus":0,"productStatusName":"Operational products","productType":1,"productTypeName":"Forecast products","productDefinitionTemplate":0,"productDefinitionTemplateName":"Analysis/forecast at horizontal level/layer at a point in time","parameterCategory":2,"parameterCategoryName":"UnknownDiscipline_0_Category_2","parameterNumber":3,"parameterNumberName":"UnknownParameter_D0_C2_3","parameterUnit":"Unknown","genProcessType":2,"genProcessTypeName":"Forecast","forecastTime":300,"surface1Type":103,"surface1TypeName":"Specified height level above ground","surface1Value":10.0,"surface2Type":255,"surface2TypeName":"Missing","surface2Value":0.0,"gridDefinitionTemplate":0,"gridDefinitionTemplateName":"Latitude_Longitude","numberPoints":688,"shape":6,"shapeName":"Earth spherical with radius of 6,371,229.0 m","gridUnits":"degrees","resolution":48,"winds":"true","scanMode":64,"nx":43,"ny":16,"basicAngle":0,"lo1":45.0,"la1":40.0,"lo2":87.0,"la2":55.0,"dx":1.0,"dy":1.0}, "data":
[rows 0 to 15 of 16, columns 0 to 42 of 43]
-3.9139674,2.7660327,0.4060327,-0.22396728,-3.0539672,-8.463967,-1.1539673,-3.4339674,-2.0839672,-2.1939673,-2.2739673,-5.743967,-4.1739674,-3.2639673,-2.1539674,-1.8539673,-3.2339673,-4.4239674,-4.6739674,-5.5339675,-4.813967,1.4460328,-1.3839673,1.0960327,-0.16396728,1.9260327,2.6860328,4.3660326,3.0260327,-1.3839673,-4.5139675,-1.5039673,1.0260327,0.4360327,2.9660327,8.146032,6.2460327,-3.9439673,-6.203967,-4.8839674,-2.6639674,1.5060327,0.26603273
1.2660327,-0.84396726,-1.1339673,-3.1439674,1.6460327,-6.063967,-0.6039673,0.066032715,0.07603271,-1.2539673,-3.5939672,-2.7039673,-5.0539675,-3.7539673,-3.6039672,-2.4939673,-2.4039674,-3.0739672,-3.6239672,-3.2439673,-4.4239674,-2.7439673,-2.8139672,-3.2739673,1.7460327,-1.7739673,-1.3739673,-2.4139674,-1.6939673,1.5660328,0.65603274,-0.4639673,-2.3639672,-3.1039672,0.16603272,2.9160328,2.4760327,-0.6039673,-4.813967,-3.7239673,-3.1539674,4.186033,1.0560327
-0.39396727,-2.5439672,4.2860327,1.5060327,-0.7539673,-2.1639674,1.4260327,1.6760327,-1.4939673,0.5560327,-1.4639673,-3.4939673,-3.8339672,-4.1539674,-3.5839672,-2.0639672,-3.8439672,-3.3539672,-2.1339674,-3.4639673,-5.0039673,-4.6739674,-4.3239675,-3.5039673,0.3860327,2.0860326,0.0060327146,-0.7439673,-2.4539673,1.6560327,0.5560327,2.5060327,3.5860326,1.4460328,-1.4239672,0.65603274,-1.2939672,-1.5339673,0.15603271,-4.473967,-0.15396729,-2.1539674,-0.4039673
2.2660327,1.7860327,1.2360327,1.9960327,0.7360327,-0.44396728,2.6760328,1.7460327,1.0160327,0.6360327,0.4060327,-1.9939673,-4.0139675,-3.6539674,-3.8539672,-3.2939672,-3.3539672,-3.9239674,-3.7439673,-4.0139675,-4.2139673,-3.8539672,-3.5339673,-2.0239673,-1.0639672,0.59603274,0.7660327,0.5460327,1.9360328,1.4960327,1.1260327,2.1660328,3.2660327,0.9360327,2.2760327,-1.3439673,0.6460327,1.2660327,2.3360326,-0.013967285,0.016032714,-0.9239673,1.3760327
-1.4939673,0.33603272,1.0360327,0.8860327,-0.59396726,-1.8539673,-2.1139672,3.1360328,3.0860326,0.71603274,0.48603272,-0.35396728,-2.0739672,-4.683967,-3.8739672,-1.8439673,-2.4839673,-3.2939672,-4.4039674,-4.9039674,-5.243967,-5.183967,-4.893967,-1.8539673,-1.2539673,-0.59396726,-2.0339673,-1.5539672,1.5860327,0.20603271,-0.3039673,1.0760328,2.5760326,-0.073967285,0.7660327,-1.1139673,-0.8639673,-2.1939673,-1.1839672,-1.1539673,1.2560327,1.0460327,1.3960327
-1.9039673,-1.7339673,-2.2139673,-3.9339674,-0.8739673,-1.1739672,-3.3239672,0.96603274,2.8960328,2.7760327,1.1960328,-0.52396727,-1.4339672,-3.0539672,-2.0739672,-2.9539673,-4.453967,-4.2839675,-5.703967,-4.8839674,-4.453967,-5.563967,-5.143967,-4.0439672,-4.0739675,-3.0639672,-1.9839673,2.0860326,2.2560327,2.3260326,-0.043967284,-0.13396728,2.7660327,2.2460327,1.6760327,2.8760328,-1.1339673,-1.7439673,0.4360327,0.7360327,2.2660327,-1.9039673,-6.0139675
-1.1839672,-1.0239673,-2.0239673,-1.8939673,-0.35396728,-1.3939673,-1.2139673,-0.20396729,2.7560327,2.0160327,0.3460327,-0.6939673,-2.3739672,-2.4939673,-3.8239672,-2.9739673,-3.1039672,-4.183967,-5.7839675,-5.8839674,-6.083967,-4.9239674,-5.703967,-4.853967,-3.5839672,-3.1339674,-1.7339673,0.13603272,2.7860327,4.5560327,1.2860327,-1.6439673,1.5560327,0.24603271,0.3160327,3.0160327,3.4760327,-0.09396729,2.7260327,0.6160327,-0.32396728,0.23603271,-4.1539674
-0.9339673,-2.4939673,-1.6839672,-0.9439673,0.7660327,1.0960327,-0.39396727,-0.84396726,-0.9939673,0.16603272,-0.6939673,-1.1339673,-1.4939673,-1.9239672,-2.4339674,-2.0339673,-2.6139672,-4.2639675,-5.3839674,-5.8439674,-5.4439673,-4.1739674,-5.1739674,-5.373967,-5.1539674,-7.103967,-1.1439673,-1.4139673,-1.7939672,-2.7039673,-1.9139673,2.8260326,1.4260327,-2.7139673,-3.4339674,-1.5839673,0.046032716,-0.9839673,-2.0239673,-0.71396726,-0.013967285,1.2460327,0.5560327
-1.5239673,-2.2639673,-2.5739672,0.3460327,0.9260327,-0.14396729,-0.32396728,-0.9939673,-0.77396727,-0.41396728,0.5160327,-0.7239673,-1.5739673,-1.7539673,-3.7039673,-3.2739673,-3.7639673,-3.8339672,-4.1739674,-4.6339674,-5.103967,-4.183967,-5.9439673,-6.0939674,-5.063967,-6.683967,-3.4939673,-1.1039673,-0.5539673,-1.9539673,-2.0939672,-1.5039673,-1.4339672,-2.1839674,-3.0939672,-3.9539673,-0.24396728,-0.35396728,-0.8239673,0.8660327,0.78603274,1.4260327,-0.6339673
-2.4139674,-1.9139673,-1.5139673,-1.4139673,-1.3239673,-1.3739673,-1.1239673,-0.8539673,0.26603273,0.8360327,0.066032715,-0.35396728,-1.7439673,-1.2139673,-2.5539672,-3.2739673,-3.5839672,-4.4439673,-4.0039673,-3.8539672,-3.9939673,-3.7739673,-3.2939672,-4.5139675,-6.333967,-4.3839674,-6.163967,-4.4839673,-2.8939674,-2.9239674,-1.8639673,-1.2639673,-1.9439673,-2.7539673,-1.7839673,-1.2839673,-1.3239673,-0.9239673,-2.2039673,-2.0539672,-0.19396728,-0.96396726,-0.52396727
-1.8739673,-1.7239673,-1.1339673,-0.7439673,-0.17396729,-0.8939673,-1.7239673,-1.8539673,-0.18396729,0.71603274,0.26603273,0.30603272,-0.7939673,-2.0039673,-1.1339673,-3.3539672,-4.1339674,-4.3639674,-4.393967,-5.0739675,-3.7639673,-3.9139674,-4.813967,-3.9539673,-3.6539674,-3.7239673,-4.2339673,-3.4839673,-3.0139673,-1.9039673,-2.5339673,-2.7239673,-1.8139672,-1.4139673,-2.9139674,-3.0139673,-1.4439673,0.11603271,0.09603272,-1.1739672,-0.043967284,1.8460327,2.0360327
-0.4039673,-2.8239672,-1.3239673,-0.6939673,-0.6139673,-1.3839673,-2.2039673,-1.6439673,-0.6839673,1.0060327,1.1060327,0.78603274,-0.65396726,-0.3139673,-2.6339674,-3.2439673,-3.8639672,-3.8839674,-4.2139673,-4.313967,-3.4339674,-3.8739672,-3.1839674,-3.7139673,-3.9039674,-4.2839675,-2.9739673,-3.3339672,-2.6839674,-2.9139674,-3.1239672,-2.0139673,-1.7439673,-2.1039672,-2.1739674,-2.2039673,-1.3739673,0.106032714,0.11603271,0.9260327,1.4060327,1.5160327,0.19603272
-0.5039673,-0.3139673,-0.4339673,-0.5539673,-0.6739673,-0.09396729,-0.6939673,-0.9739673,-0.5139673,-1.8439673,1.4060327,0.7060327,-0.32396728,-2.2439673,-2.9039674,-3.2539673,-2.7339673,-3.2239673,-3.2639673,-3.3439672,-2.7539673,-3.1939673,-2.7339673,-3.2039673,-3.7839673,-3.2939672,-3.4139674,-4.7839675,-3.4239674,-3.6539674,-3.2839673,-2.8039672,-2.4839673,-2.4239674,-2.1439674,-2.3239672,-1.5539672,-0.6939673,1.4760327,1.7360327,1.9360328,2.0560327,0.91603273
0.066032715,-0.6239673,-0.4039673,-1.0039673,-0.29396728,-0.6739673,-1.1339673,-0.3339673,-0.6639673,-0.42396727,-2.3439672,0.13603272,0.5460327,-1.2439673,-1.3039672,-3.0539672,-3.2639673,-2.5639672,-3.2639673,-3.4739673,-3.6539674,-2.5939672,-2.0539672,-2.8639672,-2.1739674,-2.8239672,-3.4239674,-2.4239674,-3.6839674,-4.353967,-3.9639673,-3.0039673,-3.3439672,-3.4039674,-2.8139672,-2.1839674,-2.2139673,-2.5439672,-2.8139672,-0.8639673,0.016032714,2.2660327,1.3960327
0.0060327146,0.16603272,0.026032714,-0.9239673,-1.6939673,-1.0939673,-0.7339673,-1.4439673,-0.35396728,-0.5539673,-0.023967285,-0.5639673,0.45603272,-0.6739673,-1.0239673,-1.0639672,-2.4239674,-3.1039672,-2.2839673,-2.8339672,-2.6339674,-3.1639674,-2.5639672,-2.3939674,-2.0839672,-2.5939672,-2.9239674,-3.1439674,-2.9239674,-2.6639674,-2.8839674,-3.0639672,-2.8039672,-2.3939674,-2.5539672,-2.8139672,-2.7539673,-3.4839673,-2.9339674,-2.2639673,-1.7639673,-0.83396727,1.1760327
-0.2839673,-0.41396728,-0.38396728,-0.41396728,-0.6739673,1.5860327,0.18603271,0.9960327,0.9860327,0.7560327,-0.14396729,-0.013967285,-0.113967285,1.2460327,1.2160327,-0.6639673,-2.0439672,-2.9339674,-2.5839672,-2.5239673,-2.1239672,-2.2239673,-2.4339674,-2.3139672,-2.7239673,-2.3939674,-2.3139672,-2.7639673,-2.7639673,-3.5939672,-3.5639672,-3.1239672,-3.6439674,-3.0939672,-2.7739673,-2.8239672,-2.8039672,-2.7539673,-2.5439672,-2.1139672,-1.5539672,-1.8239673,0.6760327
