wind_kz.json
{"header": {"discipline":0,"disciplineName":"Meteorological products","gribEdition":2,"gribLength":1025,"center":7,"centerName":"US National Weather Service - NCEP(WMC)","subcenter":0,"refTime":"2023-08-24T12:00:00.000Z","significanceOfRT":1,"significanceOfRTName":"Start of forecast","productStatus":0,"productStatusName":"Operational products","productType":1,"productTypeName":"Forecast products","productDefinitionTemplate":0,"productDefinitionTemplateName":"Analysis/forecast at horizontal level/layer at a point in time","parameterCategory":2,"parameterCategoryName":"UnknownDiscipline_0_Category_2","parameterNumber":2,"parameterNumberName":"UnknownParameter_D0_C2_2","parameterUnit":"Unknown","genProcessType":2,"genProcessTypeName":"Forecast","forecastTime":60,"surface1Type":103,"surface1TypeName":"Specified height level above ground","surface1Value":10.0,"surface2Type":255,"surface2TypeName":"Missing","surface2Value":0.0,"gridDefinitionTemplate":0,"gridDefinitionTemplateName":"Latitude_Longitude","numberPoints":615,"shape":6,"shapeName":"Earth spherical with radius of 6,371,229.0 m","gridUnits":"degrees","resolution":48,"winds":"true","scanMode":64,"nx":41,"ny":15,"basicAngle":0,"lo1":47.0,"la1":41.0,"lo2":87.0,"la2":55.0,"dx":1.0,"dy":1.0}, "data":
[rows 0 to 14 of 15, columns 0 to 40 of 41]
-2.7544727,-0.084472656,-0.40447265,-1.4844726,-0.11447266,0.96552736,0.61552733,0.65552735,1.5055274,2.5555274,2.3255274,3.1855273,1.9855274,4.0855274,4.1855273,1.0555273,0.82552737,3.3955274,1.3755274,1.1955273,1.5555273,2.3055274,2.3455274,1.6555274,-0.83447266,-3.1144726,-2.4744728,-0.39447266,-0.63447267,-0.49447265,-1.3144727,0.64552736,1.7855273,5.535527,0.82552737,-0.10447266,-0.97447264,-2.2444727,-0.89447266,-2.8544726,-1.8944726
1.4055274,1.0655273,-0.06447265,1.2055273,2.8055274,2.4955273,2.0755274,1.3455273,3.1955273,3.5855274,4.5655274,4.555527,3.4255273,3.7155273,3.5355272,3.8555274,2.8755274,1.1855273,1.4455273,3.2155273,3.2155273,2.5755274,-1.5544727,-0.66447264,1.1955273,-0.054472655,0.17552735,-0.044472657,-0.58447266,-1.2244726,0.055527344,-0.53447264,-0.10447266,-0.23447266,0.9355273,-2.2644727,-2.3844726,-0.23447266,-0.79447263,0.085527346,-2.4744728
0.8055273,0.85552734,4.1055274,4.4755273,2.0955274,2.9955273,3.0955274,3.7455273,2.8855274,3.6755273,3.4655273,4.6955276,5.785527,5.3955274,4.4455276,3.1855273,3.5555274,3.9355273,3.7455273,4.0055275,2.9655273,1.4955274,-2.3144727,4.135527,2.7055273,1.4855274,0.97552735,1.7955273,-2.9544725,0.14552735,-0.83447266,2.0355272,-0.92447263,-0.6144726,0.70552737,0.025527343,-1.9344727,-0.15447265,-1.9544727,-0.63447267,1.2055273
0.9455273,-0.11447266,1.2555274,4.2055273,2.5455275,3.4455273,5.1755276,4.1255274,4.3955274,4.0455275,7.2355275,7.9255276,11.685528,11.465528,6.2755275,5.2155275,4.1255274,4.055527,3.5655274,3.5455275,-0.044472657,0.6355274,1.1355274,4.1955276,12.785527,7.3955274,4.3155274,1.3155273,2.1555274,2.9255273,0.71552736,-2.8244727,-2.6044726,-4.1044726,-3.3344727,-1.4944726,-1.0044726,0.58552736,0.6955273,1.3255273,1.6055274
-1.5344727,-0.72447264,0.6255273,1.9755273,3.4555273,2.8355274,1.6955273,3.8755274,3.5355272,5.3555274,5.7655272,7.6855273,10.235527,11.745527,7.8155274,8.175528,3.8755274,3.8155274,3.3755274,4.0655274,2.5955274,1.5655273,3.7655272,4.6655273,7.3355274,7.7055273,3.9555273,3.0255272,-1.6244726,4.4255276,-2.9244726,-1.6444726,-1.6844727,-0.084472656,0.30552733,1.7755274,-1.2044727,-3.0344727,-3.5444727,-4.1644726,-4.2344728
-0.38447267,0.41552734,2.6755273,1.9155273,3.0555274,2.9755273,1.9255273,3.6555274,4.0255275,5.7755275,4.035527,6.0655274,7.1955276,8.415527,3.6755273,3.7355273,4.2355275,6.3555274,5.6255274,4.885527,1.4555273,3.0555274,1.8255273,2.6955273,5.4555273,4.785527,1.4155273,-3.5144727,-0.77447265,2.6555274,-1.9244727,-2.0444727,-2.1044726,-0.9944727,-0.47447264,1.2755274,0.025527343,-3.4944727,-1.6244726,-3.8244727,-4.714473
0.8155273,2.1455274,2.7655272,3.2655272,3.2355273,1.6255274,1.9655273,2.2955275,3.1855273,2.5555274,3.6455274,6.6455274,4.8755274,4.115527,4.115527,4.4955273,2.6755273,1.6355274,-0.24447265,-2.7844727,1.7855273,-0.90447265,-1.5344727,0.72552735,0.6955273,-4.3744726,-4.3144727,-2.9344726,-4.0344725,-2.9744728,1.0455273,0.16552734,-0.41447267,-1.4644727,-1.2544726,-1.0044726,-1.4244727,2.4155273,-2.7044725,1.1055274,-0.15447265
1.8855274,1.7355274,1.8255273,1.6855273,-0.90447265,0.33552733,1.5655273,1.7355274,2.2955275,2.5755274,1.2555274,1.6055274,0.85552734,4.075527,1.2455274,2.3755274,-1.9444727,-0.25447264,-0.49447265,-0.25447264,3.0855274,-2.2944727,3.1655273,-4.3744726,-1.2544726,-5.1844726,-2.4244726,-4.7544727,-3.4344726,-2.5344727,-2.0644727,-3.0444727,-0.5544727,-0.6944727,-1.2844727,-0.31447265,1.3855274,0.33552733,-2.6544726,-2.7144728,-2.6044726
3.2755272,3.5655274,2.6655273,2.8955274,2.8855274,1.8955274,1.3855274,2.2255273,1.8355273,2.3855274,2.0955274,0.8155273,5.6755276,-2.9044726,-1.5544727,-2.5644727,-2.4544725,-1.4144727,1.0655273,1.4555273,-3.0144727,-2.0544727,-3.2544727,-1.2644726,-2.4144726,1.2155273,-0.06447265,-0.5044727,-1.7044727,-2.0444727,-2.1644726,-1.9244727,-2.4544725,-2.5444727,-1.2844727,-0.26447266,-0.13447265,-2.3944726,-1.5444727,-0.6144726,-1.8744726
2.8655274,2.0955274,2.4055274,2.6055274,2.6455274,2.3955274,2.9755273,2.1555274,2.3255274,1.6455274,2.2155273,1.0855273,0.61552733,-0.58447266,-3.1344726,-2.4144726,-2.3444726,-0.92447263,-1.8144727,-2.5744727,-3.2744727,-0.084472656,-3.4844728,-4.404473,-3.8144727,-2.1944726,-1.0244727,-2.1644726,-0.82447267,-2.4644728,-2.7544727,-1.8744726,-2.5944726,-2.9144726,-1.9344727,-0.8744727,-1.1244726,-0.71447265,-2.0344727,-0.57447267,-1.5644727
3.3155274,2.7255273,2.7055273,3.1855273,3.1555274,2.9455273,2.4055274,2.5255272,2.2455273,1.5455273,1.8155273,1.9755273,0.57552737,-2.1244726,-2.6344726,-2.4244726,-2.3944726,-1.3444726,-2.6444726,-2.6744726,-2.4144726,-2.6344726,-1.3244727,-1.6644727,-3.6244726,-3.5344727,-2.3144727,-1.7744727,-2.0044727,-2.7844727,-3.2444727,-2.9144726,-3.1944726,-2.1844726,-1.9244727,-0.9344727,-1.1544727,-0.004472656,-1.4344727,0.45552734,-1.6744727
0.21552734,0.9455273,4.3555274,2.5555274,2.7155273,2.4155273,1.7655274,2.2455273,2.1255274,1.8155273,0.11552735,1.8455273,0.6255273,-0.60447264,-2.1444726,-2.2444727,-1.4544727,-0.77447265,-2.7544727,-2.0044727,-2.2844727,-2.2944727,-4.214473,-3.3144727,-3.9944727,-5.2844725,0.8055273,-1.7144727,-2.8644726,-2.6544726,-3.2244728,-2.8344727,-2.1044726,-3.1844726,-2.1144726,-2.2344728,-2.2244728,-0.9944727,-0.59447265,-0.59447265,-0.76447266
2.9155273,3.0855274,3.2655272,2.6255274,2.3155274,2.1055274,2.5955274,1.7755274,2.3555274,0.48552734,0.6355274,0.90552735,1.8555274,1.7855273,0.8055273,-1.5644727,-0.6944727,-0.124472655,0.07552734,-0.18447265,-2.8344727,-1.5044726,-0.9344727,-1.0644727,-1.8544726,-2.2244728,-1.2044727,-0.95447266,-0.41447267,-2.5644727,-2.1144726,-2.7644727,-3.1044726,-3.4244726,-2.1244726,-2.7244728,-2.4644728,-1.8144727,-2.5944726,-1.6744727,-1.1044726
3.5155272,2.8555274,4.1655273,3.1655273,2.1855273,2.0055273,1.2455274,2.2755272,1.5455273,1.5155274,0.39552733,0.38552734,1.3855274,0.85552734,-0.72447264,-0.6244727,0.8755273,1.0755273,-0.024472656,-0.28447264,-1.0944726,-1.4644727,-0.8044727,-1.7144727,-2.2744727,-1.8944726,-2.0944726,0.12552734,-1.5744727,-0.89447266,-2.4844728,-2.3844726,-2.4744728,-2.6344726,-2.2844727,-2.8144727,-2.6244726,-2.3844726,-1.8744726,-1.0944726,-0.28447264
2.1955273,3.8655274,5.6055274,2.8255274,2.8355274,3.1955273,3.4155273,2.3455274,2.9855273,1.0555273,-0.15447265,0.6855273,0.7455273,1.1455274,2.2555273,1.6455274,1.5155274,2.0755274,1.5355273,1.4255273,0.85552734,-0.58447266,0.7455273,-0.47447264,-1.1644727,-1.4444727,-0.23447266,-1.3744726,-0.42447266,-1.3544726,-4.2544727,-2.2944727,-2.3444726,-2.9344726,-2.4544725,-2.6744726,-2.3344727,-2.7544727,-1.2144727,-0.96447265,-0.5544727
