wind_kz.json
{"header": {"discipline":0,"disciplineName":"Meteorological products","gribEdition":2,"gribLength":948,"center":7,"centerName":"US National Weather Service - NCEP(WMC)","subcenter":0,"refTime":"2023-08-06T06:00:00.000Z","significanceOfRT":1,"significanceOfRTName":"Start of forecast","productStatus":0,"productStatusName":"Operational products","productType":1,"productTypeName":"Forecast products","productDefinitionTemplate":0,"productDefinitionTemplateName":"Analysis/forecast at horizontal level/layer at a point in time","parameterCategory":0,"parameterCategoryName":"UnknownDiscipline_0_Category_0","parameterNumber":0,"parameterNumberName":"UnknownParameter_D0_C0_0","parameterUnit":"Unknown","genProcessType":2,"genProcessTypeName":"Forecast","forecastTime":120,"surface1Type":1,"surface1TypeName":"Ground or water surface","surface1Value":0.0,"surface2Type":255,"surface2TypeName":"Missing","surface2Value":0.0,"gridDefinitionTemplate":0,"gridDefinitionTemplateName":"Latitude_Longitude","numberPoints":615,"shape":6,"shapeName":"Earth spherical with radius of 6,371,229.0 m","gridUnits":"degrees","resolution":48,"winds":"true","scanMode":64,"nx":41,"ny":15,"basicAngle":0,"lo1":47.0,"la1":41.0,"lo2":87.0,"la2":55.0,"dx":1.0,"dy":1.0}, "data":
[rows 0 to 14 of 15, columns 0 to 40 of 41]
317.10773,303.80774,315.40775,297.80774,298.10773,296.70773,314.80774,324.10773,320.10773,319.80774,318.60773,318.30774,317.30774,316.80774,318.70773,320.80774,321.10773,321.00775,325.90775,322.80774,324.80774,318.70773,316.30774,317.40775,319.20773,319.40775,315.20773,304.40775,305.80774,304.70773,294.90775,296.00775,293.80774,314.30774,315.40775,315.00775,320.60773,329.10773,330.60773,330.70773,329.00775
295.80774,312.40775,298.40775,298.40775,298.30774,296.40775,324.50775,321.70773,318.70773,317.40775,320.10773,317.90775,317.80774,316.30774,319.20773,320.90775,321.80774,324.20773,322.70773,323.00775,323.60773,318.30774,318.10773,304.00775,297.20773,298.10773,309.60773,302.50775,304.30774,295.40775,301.10773,300.00775,305.20773,273.20773,296.20773,317.40775,315.70773,315.30774,327.10773,319.40775,285.60773
313.20773,298.50775,298.60773,298.60773,296.50775,318.70773,317.60773,317.10773,316.10773,316.00775,316.10773,315.60773,314.60773,317.10773,318.00775,319.60773,320.10773,320.40775,320.90775,321.00775,321.90775,317.40775,317.50775,312.60773,315.00775,313.50775,321.50775,315.40775,315.30774,306.80774,297.30774,299.10773,308.00775,309.40775,307.60773,305.10773,301.10773,301.40775,305.20773,301.10773,301.10773
314.90775,298.60773,298.90775,298.20773,303.00775,316.90775,317.60773,319.50775,320.80774,317.30774,317.00775,314.70773,296.90775,296.20773,317.20773,320.30774,317.70773,320.60773,321.80774,320.90775,316.00775,317.30774,317.40775,318.80774,321.70773,314.10773,317.60773,320.20773,318.80774,323.60773,330.60773,320.20773,328.70773,332.90775,328.90775,317.70773,302.60773,294.20773,304.30774,320.50775,323.60773
313.20773,299.30774,299.40775,299.50775,307.40775,317.00775,318.60773,320.90775,317.30774,317.10773,318.60773,316.00775,297.60773,296.60773,293.40775,316.40775,316.90775,313.20773,314.90775,315.50775,317.50775,319.20773,313.60773,321.70773,325.80774,323.30774,319.40775,315.10773,322.50775,323.90775,324.40775,322.50775,307.80774,298.70773,309.40775,321.10773,316.40775,331.90775,331.70773,325.40775,327.90775
314.40775,313.50775,299.70773,299.70773,299.70773,299.10773,320.60773,318.00775,317.10773,317.40775,318.40775,317.70773,299.70773,296.50775,304.60773,311.60773,314.70773,312.80774,314.50775,311.40775,310.90775,313.30774,316.60773,317.10773,318.90775,320.60773,322.70773,294.40775,318.90775,318.10773,321.10773,320.40775,324.00775,324.90775,318.60773,315.80774,311.90775,318.00775,338.80774,332.40775,325.70773
314.70773,315.00775,315.50775,316.20773,312.00775,317.60773,320.60773,318.20773,317.20773,316.00775,315.80774,315.40775,314.10773,315.30774,314.60773,310.80774,312.20773,312.30774,311.60773,312.10773,309.10773,310.60773,312.40775,314.80774,315.70773,315.50775,314.10773,318.80774,316.50775,321.00775,320.60773,317.40775,321.70773,319.20773,321.40775,320.50775,311.90775,308.10773,304.20773,301.50775,318.80774
315.40775,315.20773,315.00775,315.20773,315.40775,315.60773,316.50775,315.40775,314.60773,314.60773,315.00775,314.30774,314.70773,313.30774,313.40775,311.50775,311.50775,310.20773,308.50775,306.60773,309.20773,310.90775,309.90775,309.50775,308.90775,307.20773,306.70773,312.60773,303.60773,303.60773,306.30774,312.90775,316.00775,310.50775,312.00775,317.10773,316.20773,290.60773,328.50775,324.30774,317.00775
314.60773,314.20773,314.80774,314.90775,314.90775,315.80774,314.80774,313.50775,313.40775,313.30774,313.10773,313.10773,312.80774,313.60773,311.90775,312.40775,310.60773,309.10773,306.80774,305.90775,305.40775,308.50775,307.30774,307.40775,304.00775,305.20773,304.10773,304.50775,297.80774,295.70773,296.80774,296.90775,297.50775,305.10773,307.40775,305.10773,308.20773,308.00775,293.60773,296.40775,298.10773
312.90775,312.30774,313.20773,314.00775,314.50775,316.80774,315.50775,314.40775,313.20773,313.10773,311.70773,310.50775,311.30774,309.60773,306.50775,307.20773,307.80774,307.90775,307.60773,308.40775,307.80774,307.40775,307.10773,307.50775,305.50775,304.00775,298.50775,302.50775,301.40775,301.40775,294.70773,301.30774,303.80774,298.20773,303.60773,293.50775,291.40775,290.20773,285.00775,295.30774,290.80774
308.40775,309.30774,309.60773,310.60773,309.50775,312.20773,312.50775,313.30774,315.30774,312.00775,310.50775,309.50775,309.50775,305.40775,298.40775,301.80774,303.60773,303.70773,305.00775,303.60773,305.60773,305.90775,303.10773,302.70773,302.30774,301.90775,300.40775,302.40775,303.70773,305.10773,305.50775,295.70773,307.60773,304.00775,314.00775,295.00775,289.50775,285.00775,285.40775,284.80774,285.00775
307.10773,310.40775,311.20773,310.60773,309.70773,308.90775,310.10773,310.60773,309.90775,310.00775,306.40775,304.50775,305.70773,297.80774,291.50775,301.50775,300.90775,300.40775,300.70773,300.40775,300.80774,298.50775,300.50775,301.10773,296.90775,300.50775,293.70773,293.90775,301.60773,301.40775,301.50775,302.90775,300.20773,304.20773,300.40775,295.60773,294.10773,298.30774,292.70773,292.50775,287.10773
297.60773,307.50775,309.80774,309.60773,306.30774,306.40775,308.70773,309.60773,308.10773,305.80774,299.70773,302.80774,301.30774,292.90775,297.20773,296.50775,297.90775,297.00775,298.90775,297.90775,297.10773,289.90775,289.00775,290.90775,297.90775,301.10773,297.10773,299.60773,293.10773,290.90775,291.10773,293.30774,299.90775,301.70773,300.40775,299.40775,300.60773,294.40775,292.10773,288.00775,286.90775
303.90775,306.60773,299.00775,309.50775,308.20773,307.80774,306.20773,303.90775,304.00775,305.00775,298.20773,299.10773,298.40775,293.30774,290.40775,296.20773,296.60773,297.30774,297.10773,296.40775,295.30774,294.10773,297.10773,291.20773,291.60773,293.50775,293.80774,297.60773,289.70773,289.40775,295.30774,287.50775,287.20773,286.00775,288.20773,295.00775,296.50775,294.20773,298.40775,293.90775,293.30774
299.70773,304.90775,293.20773,306.60773,307.00775,305.70773,304.60773,303.70773,304.40775,304.90775,300.30774,298.60773,296.30774,293.30774,290.40775,297.30774,298.00775,294.80774,297.60773,294.80774,297.30774,297.80774,292.90775,294.30774,298.50775,293.00775,294.00775,297.20773,296.00775,291.80774,294.50775,290.60773,289.70773,290.60773,292.60773,287.70773,289.60773,296.60773,297.40775,293.80774,291.40775
