wind_kz.json
{"header": {"discipline":0,"disciplineName":"Meteorological products","gribEdition":2,"gribLength":1025,"center":7,"centerName":"US National Weather Service - NCEP(WMC)","subcenter":0,"refTime":"2024-04-08T00:00:00.000Z","significanceOfRT":1,"significanceOfRTName":"Start of forecast","productStatus":0,"productStatusName":"Operational products","productType":1,"productTypeName":"Forecast products","productDefinitionTemplate":0,"productDefinitionTemplateName":"Analysis/forecast at horizontal level/layer at a point in time","parameterCategory":2,"parameterCategoryName":"UnknownDiscipline_0_Category_2","parameterNumber":2,"parameterNumberName":"UnknownParameter_D0_C2_2","parameterUnit":"Unknown","genProcessType":2,"genProcessTypeName":"Forecast","forecastTime":120,"surface1Type":103,"surface1TypeName":"Specified height level above ground","surface1Value":10.0,"surface2Type":255,"surface2TypeName":"Missing","surface2Value":0.0,"gridDefinitionTemplate":0,"gridDefinitionTemplateName":"Latitude_Longitude","numberPoints":615,"shape":6,"shapeName":"Earth spherical with radius of 6,371,229.0 m","gridUnits":"degrees","resolution":48,"winds":"true","scanMode":64,"nx":41,"ny":15,"basicAngle":0,"lo1":47.0,"la1":41.0,"lo2":87.0,"la2":55.0,"dx":1.0,"dy":1.0}, "data":
[rows 0 to 14 of 15, columns 0 to 40 of 41]
-0.42588317,-0.7758832,0.5841168,-1.5058832,-0.7358832,-3.1958833,-2.2258832,-2.7558832,-2.7358832,-0.56588316,-0.11588318,0.014116821,0.32411683,-0.035883177,0.69411683,0.8241168,-0.5258832,1.5841168,1.4941168,1.5541168,3.4641168,2.0641167,1.6841168,0.8241168,-2.7158833,-1.6158832,-2.3158832,0.8541168,0.50411683,-0.2858832,-1.5058832,1.2441168,0.6541168,0.17411682,-4.025883,-3.4658833,-3.0158832,-3.7058833,-4.485883,-4.9258833,-8.095883
1.3341168,0.17411682,-2.155883,-2.9558833,-0.6458832,-1.7058831,-0.5858832,-1.3958832,-1.3858832,-1.0958831,-0.4758832,-1.4958832,-0.14588317,0.9541168,0.92411685,0.10411682,0.75411683,-0.6758832,0.4341168,2.6941168,2.614117,-0.6658832,0.8441168,-2.8058832,-0.55588317,1.3241168,-0.99588317,1.8241168,-0.19588318,-0.63588315,0.4641168,-1.1658832,2.3241167,-1.6558832,-0.19588318,-0.10588318,-1.0458832,1.2041168,-1.3658832,1.3841168,-4.395883
0.19411682,-2.375883,-2.4658833,-1.5058832,0.31411684,0.10411682,-0.8358832,0.004116821,0.054116823,1.0341169,0.18411683,0.6541168,0.4941168,0.5841168,0.10411682,-0.23588318,-0.16588318,0.8941168,1.7541168,2.874117,1.6241168,0.5841168,-2.1058831,-2.0358832,0.94411683,1.4641168,1.6241168,1.3041168,-2.3158832,0.2741168,-0.7858832,0.6641168,-1.5958831,1.0141168,-0.08588318,-0.88588315,-1.7058831,0.11411682,-1.2958832,2.0041168,1.2141168
-1.7558832,-1.8958832,-0.02588318,0.7641168,1.7141168,-0.38588318,0.04411682,1.1141168,0.9541168,1.7041168,2.594117,2.1641169,1.0041168,0.054116823,-0.57588315,-0.38588318,0.04411682,0.42411682,0.7341168,0.50411683,-2.2658832,-2.0558832,-3.0958831,-3.5558832,-4.415883,-3.6058831,0.12411682,-2.9858832,-0.7158832,1.2041168,2.5341167,-0.55588317,-0.12588318,-0.33588317,-1.5958831,-2.375883,-2.115883,2.604117,-0.035883177,-0.36588317,-1.1958832
0.9541168,1.7341168,3.104117,3.4541168,3.2541168,2.9141169,2.6741168,2.0441167,2.4141169,2.7841167,2.864117,3.7341168,3.5141168,1.9041169,0.8841168,-0.13588318,0.004116821,0.09411682,-0.46588317,-3.2558832,-4.435883,-3.385883,-3.6858833,-2.9758832,-3.3458831,-3.915883,-6.785883,-3.3458831,-2.8158832,-3.2058833,-2.9258833,-0.8958832,-1.8658832,1.0141168,-1.7858832,1.0241169,-6.315883,-7.4658833,-5.1958833,-6.505883,-6.025883
2.6841168,2.7241168,4.3241167,4.874117,5.064117,4.834117,3.9041169,3.584117,2.9641168,2.7341168,3.4141169,2.5541167,2.364117,4.334117,2.6941168,1.3741168,0.5241168,0.13411683,-0.35588318,-0.46588317,-3.415883,-2.895883,-2.9658833,-3.7258832,-3.7358832,-5.8058834,-4.2158833,-3.2158833,-3.9658833,-4.6958833,-3.6058831,-3.155883,-2.9558833,-2.0958831,-1.4458832,-2.7658832,0.19411682,-4.665883,-0.9158832,-2.2958832,-4.9458833
3.594117,4.474117,5.4441166,5.244117,5.334117,5.0741167,5.044117,4.3841166,4.1541166,3.9041169,3.6841168,3.4441168,3.594117,3.584117,3.4641168,3.624117,2.7141168,1.3641168,-0.12588318,-1.3458831,-0.57588315,-1.5458832,-1.8558831,-2.0158832,-3.3158832,-3.665883,-2.4658833,-1.8258832,-2.1958833,-2.3258832,-3.9758832,-3.915883,-2.2958832,-2.2258832,-2.4458833,-2.125883,-0.68588316,3.344117,-2.2358832,2.0741167,1.0141168
2.5541167,3.9041169,4.6141167,4.854117,4.604117,5.2841167,5.084117,3.6641169,4.6341166,4.974117,4.014117,4.224117,4.1341166,3.9741168,3.5241168,3.5441167,3.134117,2.834117,2.1541169,2.1541169,2.6741168,1.2141168,0.4941168,-0.20588318,-0.6658832,-0.32588318,0.62411684,-0.5858832,-0.33588317,-0.9658832,-1.6958832,-1.8058832,-0.62588316,-0.41588318,-2.865883,-0.93588316,-1.1258832,-1.8558831,-2.7058833,-2.7258832,-1.1358832
1.5541168,2.5741167,2.1941168,2.5741167,2.634117,1.7941169,2.6441169,3.1841168,3.5441167,5.0541167,5.8841166,5.414117,7.1141167,3.7041168,4.7841167,3.1441169,3.5441167,2.5241168,2.6441169,2.1741168,2.4941168,3.5441167,2.9341168,2.0741167,1.5841168,1.5541168,1.4241168,0.7641168,1.3741168,0.9641168,1.0841168,1.2741169,1.7641168,-1.0558832,-1.6158832,-2.7358832,-1.3358831,-1.7058831,-0.15588318,0.56411684,-2.5158832
2.8241167,3.0541167,3.084117,3.0541167,2.8241167,2.094117,1.6541169,1.6441169,2.5441167,2.854117,3.7141168,3.9841168,4.064117,5.234117,4.6941166,5.334117,4.084117,3.884117,3.9641168,3.2241168,4.514117,4.8441167,3.4741168,3.114117,2.9841168,2.7041168,3.7541168,3.2741168,2.6741168,3.4241168,1.2241168,2.7041168,0.22411682,-0.6158832,-0.5958832,-0.56588316,-1.7258831,-0.55588317,-2.5858831,-0.095883176,-2.2558832
2.9241168,3.104117,2.7641168,2.6941168,2.6541169,2.2441168,2.874117,2.7641168,2.5541167,2.5341167,3.0741167,2.8241167,3.4641168,5.104117,5.1941166,5.0741167,5.8441167,6.144117,4.3841166,4.684117,5.6141167,5.504117,4.414117,4.8041167,4.564117,3.8941169,5.664117,3.9141169,4.244117,2.3241167,3.5441167,0.92411685,-1.7858832,-0.26588318,0.04411682,-0.63588315,-1.5058832,0.42411682,-1.1458832,-0.44588318,-1.3958832
1.7841169,1.9941168,2.3141167,2.5641167,3.0141168,2.614117,1.9441168,1.6041168,2.3941169,2.114117,2.2341168,3.9941168,3.9141169,4.874117,5.504117,4.6941166,6.204117,6.334117,4.564117,5.954117,5.514117,6.144117,5.874117,5.204117,5.9041166,6.274117,6.014117,6.0341167,5.1741166,4.124117,1.6741168,0.35411683,-0.11588318,-0.48588318,0.8541168,1.6141168,-0.3458832,-0.82588315,-0.69588315,-1.0858831,-1.1658832
2.7041168,3.5741167,2.4441168,2.4941168,2.6541169,1.8541168,2.364117,2.7341168,3.344117,2.0341167,2.3041167,4.9241166,5.1941166,4.9441166,4.4041166,4.984117,5.3041167,5.254117,5.104117,4.954117,4.874117,5.474117,6.0941167,5.744117,7.084117,6.5541167,6.6141167,5.564117,5.294117,3.7341168,1.7141168,1.4241168,1.1841168,0.69411683,0.7341168,0.5241168,-0.7158832,-1.2858832,-1.9558831,-1.8658832,-1.7458832
3.2441168,2.7241168,2.2041168,2.7541168,2.374117,2.9841168,2.9241168,3.1641169,3.4341168,3.634117,3.614117,4.374117,4.8041167,5.0341167,5.6541166,5.624117,5.434117,5.684117,5.714117,5.544117,4.0541167,5.4441166,6.414117,6.1941166,6.244117,6.204117,5.5541167,4.744117,4.4441166,3.7041168,2.5141168,2.6841168,1.3141168,1.0341169,0.42411682,-0.20588318,-0.6558832,-0.44588318,-1.0558832,-0.3758832,-1.3258832
2.8241167,3.4741168,3.9141169,4.234117,4.474117,4.204117,4.8041167,5.044117,5.224117,4.6141167,3.334117,5.5741167,5.814117,4.474117,5.3841166,6.8041167,7.8841166,6.9441166,5.274117,5.894117,5.374117,5.294117,4.974117,5.684117,4.9441166,4.8041167,5.1141167,4.934117,4.084117,4.084117,2.604117,2.4341168,2.354117,1.6441169,1.0941168,0.35411683,0.30411682,0.9641168,-0.17588317,-0.02588318,-1.0558832
