wind_kz.json
{"header": {"discipline":0,"disciplineName":"Meteorological products","gribEdition":2,"gribLength":871,"center":7,"centerName":"US National Weather Service - NCEP(WMC)","subcenter":0,"refTime":"2023-09-26T00:00:00.000Z","significanceOfRT":1,"significanceOfRTName":"Start of forecast","productStatus":0,"productStatusName":"Operational products","productType":1,"productTypeName":"Forecast products","productDefinitionTemplate":0,"productDefinitionTemplateName":"Analysis/forecast at horizontal level/layer at a point in time","parameterCategory":0,"parameterCategoryName":"UnknownDiscipline_0_Category_0","parameterNumber":0,"parameterNumberName":"UnknownParameter_D0_C0_0","parameterUnit":"Unknown","genProcessType":2,"genProcessTypeName":"Forecast","forecastTime":120,"surface1Type":1,"surface1TypeName":"Ground or water surface","surface1Value":0.0,"surface2Type":255,"surface2TypeName":"Missing","surface2Value":0.0,"gridDefinitionTemplate":0,"gridDefinitionTemplateName":"Latitude_Longitude","numberPoints":615,"shape":6,"shapeName":"Earth spherical with radius of 6,371,229.0 m","gridUnits":"degrees","resolution":48,"winds":"true","scanMode":64,"nx":41,"ny":15,"basicAngle":0,"lo1":47.0,"la1":41.0,"lo2":87.0,"la2":55.0,"dx":1.0,"dy":1.0}, "data":
[rows 0 to 14 of 15, columns 0 to 40 of 41]
287.67758,280.9776,286.2776,293.4776,293.4776,292.67758,290.9776,290.07758,287.7776,285.67758,286.7776,288.07758,288.2776,288.4776,287.8776,286.17758,286.7776,286.7776,286.3776,287.7776,288.17758,283.57758,285.3776,281.17758,283.67758,285.9776,283.67758,270.2776,268.3776,268.9776,270.9776,273.2776,281.17758,286.2776,286.7776,287.2776,286.4776,287.8776,288.2776,288.4776,287.17758
273.17758,285.2776,292.8776,293.2776,293.17758,291.8776,288.67758,287.57758,286.4776,286.8776,287.4776,286.67758,287.07758,286.07758,285.9776,286.4776,284.57758,286.07758,283.8776,284.57758,284.3776,286.3776,284.57758,277.8776,270.3776,270.7776,278.07758,270.07758,270.4776,268.67758,272.4776,267.9776,273.8776,253.3776,271.9776,285.4776,282.57758,285.67758,287.9776,281.17758,283.67758
287.07758,292.7776,293.2776,292.67758,291.07758,288.9776,287.67758,286.67758,285.7776,285.07758,284.9776,285.17758,283.67758,285.17758,286.9776,286.4776,285.17758,283.07758,284.4776,283.3776,283.17758,285.07758,285.2776,280.2776,282.57758,281.3776,283.57758,282.67758,281.8776,274.9776,265.2776,270.8776,273.17758,273.4776,277.9776,279.57758,271.8776,276.7776,274.8776,271.57758,270.3776
289.7776,291.9776,292.67758,291.9776,290.4776,288.17758,288.8776,286.7776,286.57758,285.9776,284.4776,284.2776,290.7776,290.07758,285.07758,284.17758,285.67758,283.67758,282.9776,281.17758,281.8776,279.3776,284.07758,285.17758,285.2776,286.07758,287.07758,284.57758,284.07758,285.4776,285.7776,283.4776,286.07758,283.9776,282.4776,279.57758,270.2776,270.07758,276.57758,281.67758,284.4776
289.57758,291.4776,292.17758,291.57758,290.57758,288.2776,288.8776,287.7776,287.2776,286.4776,285.8776,285.07758,289.67758,288.4776,287.07758,284.7776,285.17758,285.67758,282.7776,286.3776,286.67758,285.7776,284.17758,283.7776,283.8776,285.2776,284.4776,285.8776,285.17758,284.9776,288.8776,287.17758,276.17758,266.57758,274.3776,282.07758,286.9776,286.8776,287.9776,288.7776,288.2776
287.4776,286.57758,290.67758,291.67758,291.67758,291.3776,287.2776,288.67758,287.17758,286.4776,287.07758,287.2776,289.07758,289.57758,287.8776,285.9776,287.7776,286.3776,286.57758,286.67758,285.2776,285.2776,285.3776,285.3776,284.8776,283.3776,282.9776,287.67758,285.57758,286.2776,284.07758,286.57758,286.17758,285.4776,281.7776,284.67758,276.4776,277.17758,283.8776,285.3776,285.9776
285.67758,284.17758,286.67758,286.2776,287.17758,284.4776,287.17758,287.07758,287.7776,288.3776,287.17758,286.7776,286.8776,286.9776,286.9776,287.7776,287.07758,286.9776,288.67758,288.2776,284.7776,284.8776,284.9776,285.8776,285.2776,285.17758,282.7776,284.17758,284.57758,284.57758,285.2776,285.4776,284.7776,285.3776,284.9776,283.07758,278.7776,276.67758,272.67758,273.3776,282.3776
285.07758,283.67758,283.4776,287.3776,288.7776,288.3776,287.8776,286.57758,286.4776,286.8776,286.07758,285.8776,285.4776,286.3776,287.17758,290.17758,288.7776,288.4776,288.7776,286.8776,286.4776,286.2776,286.67758,285.8776,285.4776,283.17758,282.7776,283.3776,280.17758,282.17758,281.3776,283.3776,283.67758,281.57758,279.8776,281.4776,284.3776,286.57758,283.07758,282.67758,281.7776
285.67758,286.17758,286.8776,286.57758,288.07758,287.7776,286.9776,286.2776,285.4776,285.2776,285.17758,283.4776,283.8776,285.3776,285.3776,286.2776,285.3776,284.7776,283.8776,283.07758,284.17758,281.57758,284.3776,284.2776,283.57758,284.17758,282.7776,281.17758,280.3776,280.07758,279.17758,280.8776,280.67758,280.8776,280.2776,278.3776,279.67758,280.67758,272.67758,272.3776,271.3776
284.8776,286.67758,287.07758,286.7776,286.8776,286.8776,285.8776,285.67758,285.4776,283.57758,282.57758,282.4776,282.8776,283.17758,283.57758,283.7776,283.07758,282.57758,281.9776,281.8776,283.57758,283.3776,283.67758,284.17758,283.7776,282.7776,282.67758,282.4776,281.7776,281.7776,281.7776,282.07758,282.7776,281.17758,280.7776,280.07758,280.57758,277.7776,274.67758,273.8776,269.8776
285.17758,284.67758,285.4776,285.67758,286.8776,286.57758,286.7776,284.07758,284.17758,282.8776,282.67758,281.4776,282.4776,282.67758,281.3776,281.4776,281.3776,281.17758,282.57758,284.07758,284.4776,282.67758,282.67758,283.4776,283.2776,283.07758,281.8776,282.57758,283.67758,283.7776,284.8776,285.07758,283.17758,280.8776,281.57758,279.3776,277.2776,274.8776,275.7776,276.17758,274.8776
282.9776,284.67758,285.17758,284.9776,285.17758,285.4776,284.17758,284.3776,282.7776,282.17758,279.8776,280.07758,281.67758,280.9776,280.3776,282.4776,280.17758,280.7776,284.07758,284.07758,283.3776,282.7776,282.17758,282.2776,282.17758,282.67758,283.2776,283.67758,284.3776,283.7776,282.3776,284.17758,284.17758,281.17758,280.3776,279.07758,279.67758,281.57758,280.17758,280.8776,280.9776
283.67758,283.7776,284.8776,283.8776,286.4776,285.4776,283.7776,283.2776,281.2776,280.4776,278.8776,276.7776,279.8776,282.7776,282.9776,279.17758,279.8776,280.2776,283.67758,282.9776,280.2776,281.57758,281.7776,280.8776,281.8776,282.9776,282.17758,283.4776,283.4776,282.7776,282.9776,283.07758,282.7776,283.17758,282.4776,281.67758,280.2776,281.17758,280.2776,280.07758,281.17758
283.67758,284.4776,285.2776,285.9776,285.3776,284.57758,283.2776,282.9776,282.57758,280.8776,279.2776,276.8776,279.67758,281.3776,281.9776,278.8776,282.4776,282.3776,282.67758,282.4776,282.07758,282.17758,282.4776,282.2776,282.3776,282.7776,282.2776,282.2776,281.7776,281.57758,282.2776,279.3776,278.7776,279.07758,282.17758,281.4776,281.2776,280.67758,279.4776,279.9776,280.57758
285.17758,286.2776,285.7776,286.2776,285.3776,283.9776,284.57758,282.4776,282.67758,281.3776,280.9776,279.3776,281.2776,281.2776,281.07758,282.17758,281.8776,278.2776,281.3776,278.9776,279.07758,281.17758,281.67758,281.3776,280.8776,280.8776,280.7776,280.57758,280.3776,279.9776,279.67758,281.67758,279.67758,279.9776,280.3776,281.07758,281.3776,280.4776,280.4776,280.2776,279.2776
