wind_kz.json
{"header": {"discipline":0,"disciplineName":"Meteorological products","gribEdition":2,"gribLength":1025,"center":7,"centerName":"US National Weather Service - NCEP(WMC)","subcenter":0,"refTime":"2023-08-26T06:00:00.000Z","significanceOfRT":1,"significanceOfRTName":"Start of forecast","productStatus":0,"productStatusName":"Operational products","productType":1,"productTypeName":"Forecast products","productDefinitionTemplate":0,"productDefinitionTemplateName":"Analysis/forecast at horizontal level/layer at a point in time","parameterCategory":2,"parameterCategoryName":"UnknownDiscipline_0_Category_2","parameterNumber":2,"parameterNumberName":"UnknownParameter_D0_C2_2","parameterUnit":"Unknown","genProcessType":2,"genProcessTypeName":"Forecast","forecastTime":180,"surface1Type":103,"surface1TypeName":"Specified height level above ground","surface1Value":10.0,"surface2Type":255,"surface2TypeName":"Missing","surface2Value":0.0,"gridDefinitionTemplate":0,"gridDefinitionTemplateName":"Latitude_Longitude","numberPoints":615,"shape":6,"shapeName":"Earth spherical with radius of 6,371,229.0 m","gridUnits":"degrees","resolution":48,"winds":"true","scanMode":64,"nx":41,"ny":15,"basicAngle":0,"lo1":47.0,"la1":41.0,"lo2":87.0,"la2":55.0,"dx":1.0,"dy":1.0}, "data":
[rows 0 to 14 of 15, columns 0 to 40 of 41]
-5.0370803,0.8029199,1.22292,-0.5570801,0.06291992,-0.21708007,0.5829199,-1.8970801,-5.0770802,-3.9570801,-3.21708,-2.77708,-0.20708008,-2.08708,-3.4570801,-2.1770802,-0.08708008,0.8129199,-2.79708,-2.04708,-1.8770801,-0.5670801,-1.2170801,-0.9470801,0.59291995,-3.33708,-1.6470801,0.91291994,-1.05708,0.22291993,-0.9470801,1.45292,1.47292,4.28292,1.2329199,-4.04708,-1.3770801,-3.03708,-2.09708,-3.02708,-1.0170801
0.78291994,-0.32708007,-1.5070801,-0.9370801,0.9229199,2.37292,1.2329199,-2.9470801,-1.92708,-2.47708,-2.1370802,-3.58708,-4.20708,-2.51708,-2.52708,-1.5070801,0.8129199,-0.9270801,-0.47708008,-0.4670801,-0.5570801,-1.93708,-2.02708,-1.2470801,1.0429199,0.4729199,-0.4970801,1.83292,-0.37708008,-2.1770802,0.17291993,-0.5570801,1.2629199,-0.84708005,1.68292,0.66291994,-0.5570801,0.8329199,-0.5470801,0.2529199,-5.75708
-2.61708,-4.54708,-4.13708,-2.02708,0.8629199,-3.26708,-1.77708,2.18292,-3.21708,-3.04708,-1.8770801,-3.9170802,-3.4370801,-2.97708,-0.8570801,-0.06708008,-0.027080078,1.5229199,2.2929199,0.05291992,-0.35708007,0.5629199,0.07291992,-1.3970801,1.96292,0.22291993,0.66291994,1.9229199,-1.3370801,-0.017080078,-0.5570801,1.7729199,0.36291993,-0.76708007,-0.7570801,-1.7170801,0.16291992,-1.3470801,2.0829198,-0.3670801,1.0529199
-3.53708,-5.64708,-5.29708,-5.27708,-4.45708,-2.6970801,0.8229199,-3.02708,-2.10708,-1.9470801,-2.3970802,-3.04708,-3.27708,-0.77708006,0.5029199,1.3629199,3.03292,3.94292,5.30292,3.12292,2.5829198,-1.6970801,2.8329198,1.2329199,0.6229199,0.35291994,0.012919921,-0.8670801,-0.83708006,0.7629199,1.69292,-1.2370801,1.3929199,0.66291994,-1.7170801,-2.1370802,-1.80708,1.5029199,-1.3670801,0.7729199,-0.8070801
-2.81708,-4.54708,-4.89708,-4.87708,-2.27708,-1.05708,0.10291992,-1.4670801,-1.6470801,-0.6870801,-2.05708,-1.3970801,1.8529199,2.0629199,1.3829199,-0.6070801,-2.49708,-1.56708,-1.7370801,-2.55708,-1.53708,-1.3970801,-1.05708,1.32292,0.37291992,3.38292,0.9529199,2.0529199,0.79291993,-0.5470801,-0.9970801,-0.95708007,-1.27708,0.2529199,1.1329199,3.00292,5.22292,1.7829199,2.41292,3.64292,2.97292
-1.3870801,-0.77708006,-0.5670801,0.9429199,0.3129199,-0.5070801,0.54291993,-1.9770801,-1.8770801,-1.5070801,-1.2370801,-6.3270802,-5.71708,-3.81708,-3.12708,-1.9970801,-1.03708,-2.9270802,-2.00708,-1.31708,-2.57708,-2.24708,-1.8470801,2.43292,2.0829198,3.52292,2.6029198,3.5429199,2.00292,1.4929199,0.96291995,-0.71708006,-0.3670801,0.71291995,0.19291992,0.11291992,-0.10708008,0.9229199,4.04292,2.1129198,-1.66708
-4.59708,-3.71708,-3.62708,-2.9570801,-2.74708,-2.4570801,-1.67708,-1.93708,-4.64708,-6.0370803,-5.79708,-4.96708,-5.08708,-4.38708,-2.2070801,-2.85708,-3.1370802,-2.6970801,-1.1470801,-1.3270801,-1.30708,-0.027080078,0.34291992,1.4129199,0.4129199,-0.29708007,0.9929199,3.21292,4.06292,2.73292,2.72292,3.3229198,2.3329198,2.5429199,1.6729199,-1.6370801,-1.30708,2.17292,-0.4970801,2.0629199,2.68292
-3.75708,-3.30708,-3.04708,-3.1670802,-3.01708,-2.34708,-2.84708,-5.29708,-5.29708,-5.48708,-3.3870802,-3.9370801,-2.07708,-3.1970801,-4.00708,-2.6370802,-1.77708,-2.31708,-1.3970801,-0.6670801,0.7529199,1.58292,1.7429199,3.21292,4.09292,2.7929199,3.72292,3.27292,3.00292,4.4229198,3.62292,4.26292,2.8029199,2.46292,0.65291995,3.3429198,0.54291993,2.0629199,1.1029199,3.03292,-0.37708008
-3.26708,-3.1570802,-3.28708,-3.46708,-3.1770802,-3.10708,-3.96708,-4.60708,-3.6770802,-3.1770802,-1.79708,-2.27708,-0.96708006,-1.5770801,-1.3370801,-0.39708006,-1.2370801,0.4729199,0.4129199,1.81292,3.8029199,4.20292,5.06292,4.99292,5.40292,5.72292,5.7329197,4.9429197,3.3429198,2.13292,1.4929199,3.0929198,5.39292,3.14292,1.46292,1.4129199,-0.10708008,-0.047080077,-1.53708,0.6129199,0.10291992
-3.50708,-3.1970801,-2.8870802,-3.51708,-2.30708,-2.06708,-3.4570801,-2.99708,-2.31708,-2.10708,-2.33708,-2.53708,-0.19708008,0.122919925,0.6129199,-0.89708006,0.7429199,1.5129199,2.13292,3.0929198,3.26292,3.95292,4.07292,4.88292,4.2329197,5.56292,6.07292,6.68292,5.56292,5.2329197,2.5829198,2.39292,3.19292,1.34292,-0.41708007,1.9929199,-2.1770802,-1.16708,-0.35708007,-0.06708008,-0.7370801
-2.33708,-2.11708,-2.7070801,-3.05708,-2.2070801,-2.49708,-2.4470801,-1.66708,-1.6470801,-0.29708007,-0.22708008,-0.027080078,-0.26708007,-1.02708,0.5129199,-0.28708008,1.2829199,2.3229198,2.3529198,2.0829198,2.74292,2.8629198,2.67292,2.88292,3.70292,4.41292,5.00292,4.66292,7.06292,2.44292,3.6129198,4.20292,2.6029198,2.8529198,-0.65708005,-0.4970801,-0.8670801,-0.06708008,-0.8670801,0.9529199,-1.5970801
-1.1970801,-3.10708,-2.9370801,-2.59708,-1.93708,-2.06708,-1.8870801,-0.7570801,-1.28708,-1.04708,-0.64708006,1.0129199,-1.5070801,-1.1370801,0.7729199,1.0029199,2.14292,2.20292,1.9029199,2.47292,2.45292,2.77292,2.53292,3.41292,2.0529199,3.5929198,2.64292,1.6129199,3.73292,1.4029199,1.9229199,5.59292,1.5429199,1.2429199,-1.9570801,2.3029199,2.93292,-0.5570801,-0.08708008,-1.31708,-0.5570801
-1.66708,-2.32708,-2.22708,-1.2570801,-2.11708,-1.5770801,-1.8570801,-1.28708,-0.6270801,-0.12708008,0.3129199,-0.78708005,-0.78708005,-1.18708,0.98291993,1.1229199,1.3929199,2.0629199,2.16292,2.01292,2.1029198,1.9229199,2.5629199,2.67292,2.24292,0.9229199,1.70292,1.5029199,0.11291992,2.20292,2.3029199,2.3529198,-1.2270801,-2.58708,-2.24708,2.26292,1.93292,-2.8970802,-3.87708,-1.91708,-1.7170801
-1.7170801,-1.7270801,-2.62708,-1.9970801,-1.55708,-1.65708,-0.8270801,-2.1970801,-1.53708,-0.09708008,-0.96708006,-0.40708008,0.98291993,0.5029199,0.9229199,1.34292,1.9229199,2.12292,1.6529199,1.9029199,1.8629199,1.8929199,2.0829198,1.9229199,3.12292,2.37292,0.9929199,0.40291992,-0.6070801,-1.5770801,-2.09708,-2.4370801,-2.30708,-2.6770802,-3.2070801,3.87292,-0.12708008,-3.4070802,-2.97708,-1.9970801,-1.0170801
-0.9370801,-0.12708008,0.15291992,-1.40708,-1.80708,-1.17708,-0.71708006,-1.4870801,-1.7070801,-1.56708,-1.30708,0.19291992,0.8729199,1.44292,0.9429199,1.7529199,1.72292,1.2929199,1.8629199,2.52292,1.57292,1.6529199,1.47292,1.0329199,0.9929199,0.8729199,0.59291995,-0.41708007,-1.2570801,-2.05708,-2.12708,-3.1870801,-2.1970801,-1.0870801,4.18292,-0.52708006,0.10291992,-2.77708,-0.96708006,-2.6670802,-1.5170801
