wind_kz.json
{"header": {"discipline":0,"disciplineName":"Meteorological products","gribEdition":2,"gribLength":1025,"center":7,"centerName":"US National Weather Service - NCEP(WMC)","subcenter":0,"refTime":"2023-09-28T18:00:00.000Z","significanceOfRT":1,"significanceOfRTName":"Start of forecast","productStatus":0,"productStatusName":"Operational products","productType":1,"productTypeName":"Forecast products","productDefinitionTemplate":0,"productDefinitionTemplateName":"Analysis/forecast at horizontal level/layer at a point in time","parameterCategory":2,"parameterCategoryName":"UnknownDiscipline_0_Category_2","parameterNumber":2,"parameterNumberName":"UnknownParameter_D0_C2_2","parameterUnit":"Unknown","genProcessType":2,"genProcessTypeName":"Forecast","forecastTime":0,"surface1Type":103,"surface1TypeName":"Specified height level above ground","surface1Value":10.0,"surface2Type":255,"surface2TypeName":"Missing","surface2Value":0.0,"gridDefinitionTemplate":0,"gridDefinitionTemplateName":"Latitude_Longitude","numberPoints":615,"shape":6,"shapeName":"Earth spherical with radius of 6,371,229.0 m","gridUnits":"degrees","resolution":48,"winds":"true","scanMode":64,"nx":41,"ny":15,"basicAngle":0,"lo1":47.0,"la1":41.0,"lo2":87.0,"la2":55.0,"dx":1.0,"dy":1.0}, "data":
[rows 0 to 14 of 15, columns 0 to 40 of 41]
-2.0662396,-0.6762396,1.0037603,-1.7962396,-1.8962396,-0.96623963,1.0937604,1.9237604,-2.1562395,-0.14623962,0.72376037,1.1337603,2.6637604,-0.7862396,-1.6362396,-0.57623965,0.92376035,1.4137604,-0.9362396,-0.7362396,-0.50623965,-1.3562397,-0.7262396,1.1237603,-2.6462395,-2.1462395,-2.1462395,0.003760376,0.2637604,1.4737604,-1.4762397,0.46376038,0.61376035,-1.5462396,-1.9062396,-1.8862396,0.08376037,-1.7962396,-2.5762396,-1.8662397,-2.7762396
1.0137603,0.8837604,-2.4462397,-2.4662397,-1.2262397,0.14376038,1.0637604,-2.2862396,0.41376036,2.5637603,3.9537604,2.5937605,3.8337603,2.4937603,-1.1162397,-1.2262397,-0.11623962,-3.1062396,-2.1662397,-0.5962396,-0.64623964,-1.4762397,-1.7862396,-1.0562396,0.37376037,0.043760374,-0.50623965,1.8637604,-0.5662396,-0.006239624,0.34376037,-0.9762396,-0.88623965,-2.5662396,-0.046239626,1.1837604,0.31376037,-0.47623962,-0.58623964,0.24376038,-4.2162395
-1.4662396,-4.4862394,-4.4662395,-3.4162397,-3.3462396,-4.1462398,-3.7062397,-0.8762396,-2.2362397,-1.1762396,0.12376037,0.9037604,0.21376038,-1.6062397,-1.7562397,-0.4862396,-3.8362396,-2.5262396,0.67376035,0.92376035,0.66376036,1.7937604,0.8337604,0.31376037,-0.066239625,1.4437604,1.5737604,1.2837604,-3.2162397,0.18376037,-0.6162396,1.8037604,0.4537604,-0.9762396,-0.52623963,-1.2562397,0.19376038,-0.44623962,3.1937604,0.8937604,1.7837604
-4.4962397,-7.4562397,-7.79624,-5.83624,-4.5362396,-2.4562397,0.7537604,1.3037604,0.67376035,1.7837604,3.6237605,3.2937603,3.2737603,4.5837603,-0.28623962,-2.0062397,-3.2862396,-1.9362396,1.4637604,1.3637604,1.1237603,1.1237603,4.3637605,3.2037604,-0.106239624,-0.8562396,-2.0762396,-0.64623964,2.0637603,1.4037604,1.1937604,-0.6762396,0.67376035,-2.2862396,-2.3762395,-1.6762396,-1.2262397,2.5837603,-0.46623963,-0.63623965,0.13376038
-4.5062394,-6.2762394,-4.4962397,-3.2962396,-1.4362396,0.55376035,1.7437603,2.1237605,1.1937604,2.9237604,3.2937603,4.1137605,4.9837604,4.5937605,2.2437603,-1.5562396,-2.8762395,-0.96623963,1.2837604,2.2337604,2.8237603,3.2937603,3.0837603,3.5337603,3.5437603,2.0437603,2.2837603,2.2137604,-0.52623963,-2.4662397,0.043760374,-0.4862396,-1.6662396,1.7537603,1.0337604,0.28376037,-2.0462396,-1.8762397,-1.8562397,-1.6562396,-1.1962396
-2.2562397,-0.6062396,0.20376037,1.4337604,2.7637603,1.2137604,-0.46623963,1.0537604,1.5437604,2.7637603,3.9037604,5.0437603,2.7137604,-3.9462397,-3.8962395,-2.1262395,-2.5862396,-0.32623962,0.92376035,3.1637604,4.2637606,4.2237606,3.7137604,4.9237604,2.2237604,0.20376037,-0.24623962,-0.95623964,-2.9262397,-4.3662395,-4.3862395,-3.6662397,-4.4162397,-3.3862395,-1.7462397,-3.3062396,0.27376038,-0.77623963,-0.046239626,-1.7862396,-2.5762396
-2.3662395,-3.0062397,-3.1562395,-2.7662396,-1.2562397,-0.08623962,0.06376038,0.41376036,0.66376036,1.5937604,1.6437603,2.9337604,1.4637604,-3.2762396,-5.79624,-1.0662396,-2.1262395,-0.036239624,1.0137603,1.5037603,2.3737605,-0.026239624,-3.0662396,-3.5962396,-2.5662396,-2.0162396,-2.0462396,-1.5862396,-1.3662397,-1.5162396,-2.5962396,-3.1462395,-2.2462397,-3.2562397,-2.7162397,-2.6562395,-1.1662396,2.7237604,-0.51623964,1.7737603,-0.30623963
-3.1162395,-3.8062396,-3.5562396,-2.3062396,-1.5962396,-0.066239625,-0.006239624,0.10376038,0.2637604,0.5937604,-0.8662396,-3.5462396,-6.9162397,-6.6562395,-2.0062397,-0.016239624,-2.5862396,-0.8562396,0.40376037,-0.17623962,-2.2462397,-4.29624,-3.4262397,-2.7462397,-3.8862395,-1.7062396,-2.0062397,-1.5762396,-0.8062396,-1.0962396,0.41376036,1.2937604,-1.3662397,-0.15623963,-1.3062396,-0.5662396,-2.8662395,-7.6362395,-4.5562396,-3.2262397,-2.4762397
-3.1862397,-3.4562397,-2.9562397,-1.7762396,-1.3362396,0.22376038,-0.21623963,-0.28623962,-0.32623962,0.20376037,-1.4862397,-1.5762396,-1.9162396,-1.2962396,-0.41623962,-2.4962397,-3.1662397,-0.33623964,-1.0662396,-0.106239624,-0.21623963,-1.4862397,-1.2762396,-0.7862396,-2.4662397,-2.0062397,-1.6162397,-0.94623965,-0.57623965,-1.1962396,-3.3462396,-1.9962397,-1.5962396,-0.51623964,-1.6562396,-2.0662396,0.003760376,-1.5962396,-1.0262396,1.0637604,-2.2362397
-2.9262397,-2.3762395,-1.8762397,-0.96623963,-0.5962396,-0.52623963,-0.4862396,-1.1462396,-0.34623963,-0.70623964,-1.9262396,-2.4962397,-2.4962397,-5.2762394,-4.2462397,-2.1562395,-1.3362396,-0.34623963,0.8737604,0.40376037,0.12376037,0.23376037,0.5837604,0.6537604,-0.19623962,-0.7962396,-1.1262397,-1.7462397,-1.6462396,-1.6462396,-0.96623963,-0.5962396,-0.066239625,1.5737604,-0.36623964,-0.8762396,-2.3062396,-0.50623965,-1.0762396,0.7637604,-1.3362396
-1.2162396,-1.4662396,-0.35623962,0.033760376,0.033760376,-0.49623963,-0.22623962,-0.63623965,-0.52623963,-0.006239624,-0.35623962,-2.5762396,-2.0162396,-1.8762397,-0.9762396,-0.51623964,0.3237604,2.1137605,0.5837604,-0.24623962,-0.9962396,-1.3462396,-0.2962396,0.2637604,0.7637604,0.78376037,1.2837604,0.4537604,1.1137604,-0.21623963,0.8337604,0.8837604,0.8237604,0.80376035,2.2737603,-0.5462396,-1.1462396,0.21376038,-0.8562396,1.4637604,-1.2062396
0.37376037,0.66376036,0.14376038,0.2937604,0.9437604,0.5937604,0.44376037,-0.09623963,-0.17623962,-0.08623962,-1.5862396,-0.35623962,-0.5362396,0.27376038,1.3137604,1.2637603,1.4037604,2.1437604,1.3937603,1.4337604,0.55376035,1.5837604,1.4337604,1.7737603,1.9137604,3.0337603,2.3437605,1.6937604,0.86376035,0.12376037,0.06376038,0.98376036,1.3637604,1.3637604,1.4337604,2.6337605,3.4237604,0.46376038,0.66376036,0.5837604,-0.8162396
1.7037604,1.5837604,1.1437603,1.2837604,1.7237604,1.1637604,1.1537604,0.053760376,-0.69623965,-0.066239625,-0.32623962,0.55376035,1.0737604,0.23376037,0.79376036,2.2737603,1.6737604,2.1437604,2.1737604,2.5637603,2.5137603,2.4737604,2.4037604,2.3637605,3.1837604,2.5337603,2.6237605,3.1337605,2.2837603,1.8437604,1.8537604,2.1637604,2.1537604,2.2037604,2.0637603,2.7837603,2.1437604,2.6137605,1.1937604,0.053760376,-1.1062397
2.7137604,2.2237604,2.1937604,2.4737604,2.5537603,1.3237604,1.1037604,0.8237604,1.2337604,1.3337604,0.13376038,0.78376037,2.1237605,1.9537604,3.0837603,2.8637605,3.3737605,2.6537604,2.6437604,2.7437603,2.8937604,2.9637604,3.2137604,3.2737603,3.4037604,3.1837604,1.7137604,-0.64623964,-0.21623963,-0.31623963,0.7037604,2.1437604,2.6037605,2.1737604,2.5237603,2.7837603,2.3137603,1.9537604,0.18376037,-0.006239624,-0.5662396
1.8437604,2.7537603,3.4737604,2.7937603,3.0237603,2.3637605,2.5737603,2.0937605,2.9337604,2.0137603,1.2537603,1.7637603,1.6937604,1.8837603,2.9737604,3.2737603,2.3837605,3.2137604,2.8837605,2.7337604,2.8237603,2.8337603,2.8237603,3.1237605,2.5337603,2.6037605,3.0137603,2.0337603,1.1937604,1.6737604,3.1937604,3.8637605,2.5437603,2.1637604,2.4637604,2.9637604,1.7337604,1.9237604,0.9637604,-1.6362396,-1.3362396
