wind_kz.json
{"header": {"discipline":0,"disciplineName":"Meteorological products","gribEdition":2,"gribLength":1025,"center":7,"centerName":"US National Weather Service - NCEP(WMC)","subcenter":0,"refTime":"2023-09-29T00:00:00.000Z","significanceOfRT":1,"significanceOfRTName":"Start of forecast","productStatus":0,"productStatusName":"Operational products","productType":1,"productTypeName":"Forecast products","productDefinitionTemplate":0,"productDefinitionTemplateName":"Analysis/forecast at horizontal level/layer at a point in time","parameterCategory":2,"parameterCategoryName":"UnknownDiscipline_0_Category_2","parameterNumber":3,"parameterNumberName":"UnknownParameter_D0_C2_3","parameterUnit":"Unknown","genProcessType":2,"genProcessTypeName":"Forecast","forecastTime":180,"surface1Type":103,"surface1TypeName":"Specified height level above ground","surface1Value":10.0,"surface2Type":255,"surface2TypeName":"Missing","surface2Value":0.0,"gridDefinitionTemplate":0,"gridDefinitionTemplateName":"Latitude_Longitude","numberPoints":615,"shape":6,"shapeName":"Earth spherical with radius of 6,371,229.0 m","gridUnits":"degrees","resolution":48,"winds":"true","scanMode":64,"nx":41,"ny":15,"basicAngle":0,"lo1":47.0,"la1":41.0,"lo2":87.0,"la2":55.0,"dx":1.0,"dy":1.0}, "data":
[rows 0 to 14 of 15, columns 0 to 40 of 41]
1.9322754,1.3822753,-0.8377246,6.6422753,4.8422756,2.9422753,1.8622754,3.1322753,2.2722754,1.8122754,-0.05772461,-0.95772463,-0.57772464,-1.1977246,-2.9777246,-5.2077246,-6.2477245,-5.6377244,-5.427725,-0.8577246,2.6422753,0.2022754,-0.2577246,1.2022754,4.0822754,3.7322755,3.2322755,-0.22772461,-0.6177246,3.8422754,1.3722754,1.0522754,0.3822754,0.04227539,1.0022753,0.2622754,-1.8877246,-0.03772461,0.98227537,1.0922754,-1.6777246
-0.6577246,-4.0577245,6.282275,6.4122753,4.9122753,2.1522753,5.2522755,3.7422755,3.4322753,2.2122755,1.1722754,-0.4477246,-1.1677246,-2.9777246,-3.5377245,-5.487725,-5.2077246,-4.2877245,-2.3177247,-2.5577247,0.7422754,1.5422754,0.8022754,0.8122754,2.1022754,-1.7777246,-1.2977246,-1.9077246,-1.0777246,-2.6477246,-1.4177246,0.5722754,1.7922754,-1.6477246,-0.08772461,2.2022753,1.7522753,0.8422754,0.5322754,-0.7577246,-1.2077246
0.3522754,4.242275,4.052275,3.7222755,2.3622754,3.1022754,3.9822755,3.8722754,3.8222754,2.7322755,1.0322754,-1.0377246,-1.8577247,-4.217725,-3.1177247,-4.757725,-5.9077244,-3.1277246,-5.9177246,-7.5577245,2.8622754,4.1222754,1.8722754,1.1022754,-4.7777247,-3.3877246,-0.17772461,0.8722754,1.7222754,-0.88772464,-1.1477246,-1.3877246,-1.7777246,0.11227539,-0.3377246,-0.5277246,-1.5877246,-0.6977246,0.7222754,0.5722754,-0.8777246
3.9922755,3.7522755,3.2422755,2.4222753,3.4422753,4.2322755,4.9222755,4.6222754,2.8222754,1.5922754,0.67227536,0.18227538,-1.4477246,-1.7977246,-4.6477246,-4.507725,-5.0577245,-5.4577246,-3.3377247,0.6622754,2.6822753,2.4922755,-0.8777246,2.7822754,0.03227539,-3.7277246,-3.0177245,-2.2077246,-2.7477245,-4.6277246,-5.6477246,-4.3477244,1.8922753,-0.4177246,-1.1277246,-1.0177246,-3.1777246,-0.5277246,-0.3377246,0.08227539,-1.0177246
3.2322755,2.9322753,2.2922754,-0.6677246,-5.8577247,0.9422754,2.6222754,0.2922754,-0.3377246,0.8522754,0.09227539,0.98227537,1.1222754,0.8422754,-2.2777245,-1.7877246,-5.007725,-5.197725,-2.9177246,-4.1177244,-3.3577247,-0.8377246,1.7822754,0.8122754,-0.88772464,0.21227539,-3.6577246,-3.3777246,-3.5377245,-3.7577245,-5.6377244,-4.2477245,-1.8177246,-1.2777246,0.7522754,0.4822754,0.6922754,-1.8077246,-1.4277246,-0.51772463,-2.0677247
3.7122755,4.3322754,2.4422753,1.6622754,0.37227538,-0.3577246,-0.7577246,0.6822754,1.3622754,2.1122754,0.6522754,0.47227538,3.4322753,2.3422754,0.4522754,-2.2477245,-3.3577247,-4.427725,-4.6677246,-3.9177246,-4.237725,-2.9977245,-3.3577247,-1.1577246,-3.3177247,0.6922754,-1.1477246,-4.0577245,-2.9477246,-2.7077246,-2.9377246,-3.4677246,-3.6077247,-3.0077245,-1.1077247,0.40227538,-0.8477246,-0.17772461,4.5822754,0.2922754,-1.9277246
3.0722754,2.0622754,3.9022753,4.6022754,3.2422755,3.4622755,2.9222753,1.7122754,3.6522753,1.3922753,1.0322754,0.28227538,-0.05772461,-1.1277246,1.6322753,-0.3877246,-2.4477246,-2.8777246,-3.8477247,-3.3977246,-3.4877245,-2.6377246,-2.5277245,-1.5977246,-2.4077246,-0.8377246,-0.3377246,-1.9577246,-2.6177247,-3.5077245,-3.9077246,-3.4277246,-3.0677247,-0.63772464,-0.2677246,-0.2677246,-0.1577246,-2.0877247,-1.4377246,1.8322754,-0.7977246
-1.2777246,0.8422754,0.8422754,1.4122754,1.4322754,1.9822754,1.6022754,2.0522754,2.5522754,2.2622755,0.6522754,0.4622754,-0.077724606,-0.077724606,-0.2677246,-1.3277246,-0.7477246,-2.3277247,-2.0777247,-3.3377247,-2.4977245,-3.4977245,-2.4577246,-1.3877246,0.8122754,-0.63772464,-0.9777246,-1.3177246,-1.2877246,-2.6777246,-2.4377246,-2.8277247,-3.9077246,-3.4177246,-1.3877246,-0.8677246,-0.6677246,-0.63772464,0.13227539,0.34227538,-0.5577246
-2.2577245,-2.6277246,-2.6977246,-1.6877246,-1.6677246,1.9522754,1.3922753,2.7322755,1.9822754,2.1622753,1.3922753,0.4122754,-0.5477246,0.5922754,-0.8777246,-1.1277246,-1.0077246,-1.1777246,-1.3677247,-0.5977246,-2.3477247,-1.7577246,-2.5577247,-2.9377246,-2.0777247,-0.46772462,1.8422754,-0.6777246,-1.0177246,-2.0677247,0.05227539,-1.7577246,-1.2177246,-2.3877246,-2.1777246,-2.3677247,0.8822754,-2.1477246,-1.9077246,-1.3677247,-2.3977246
1.1322753,-1.7677246,-2.5877247,-2.4977245,-3.5177245,-2.8577247,-0.95772463,2.1222754,3.0322754,2.9822755,2.2422755,1.2622753,0.8922754,0.19227539,0.24227539,-0.5377246,-0.3377246,-1.0177246,-0.70772463,0.2622754,0.12227539,-0.9077246,-0.63772464,-1.6477246,-1.7677246,-2.7777245,-1.3477246,-0.3877246,-0.8577246,-0.9377246,-1.7177246,1.0922754,0.22227539,-1.2877246,-1.5077246,-1.2077246,-0.8077246,-0.10772461,-0.1877246,0.3622754,0.4222754
-0.8777246,-2.6177247,-3.4977245,-4.1577244,-4.5977244,-3.0777247,-1.0077246,-2.6877246,-0.24772461,-0.1277246,1.6222754,2.0922754,1.5422754,2.0422754,1.5522754,1.0522754,0.4522754,0.07227539,-0.6077246,-0.31772462,-0.20772462,-0.46772462,-0.7977246,0.08227539,-0.24772461,-0.2377246,-0.76772463,-1.1677246,-1.6477246,-1.8477246,-1.7277246,-1.2877246,-0.8577246,-0.95772463,-1.7077246,0.3222754,-0.3977246,-0.4277246,-0.5577246,-1.0777246,-0.2377246
-0.34772462,-3.3677247,-2.8577247,-3.8877246,-3.8877246,-4.2677245,-3.9477246,-4.0477247,-3.5477247,-0.8677246,-0.2577246,1.4122754,0.6422754,-0.8577246,1.1222754,0.47227538,-0.10772461,-0.31772462,-0.49772462,-0.077724606,-0.1877246,-0.4577246,-0.5377246,0.12227539,0.07227539,-0.4877246,0.6022754,0.5322754,0.9622754,1.1422753,0.7022754,0.7722754,0.73227537,0.3522754,-1.3277246,1.0722754,0.15227538,-0.6177246,0.2322754,-0.17772461,-0.14772461
-2.2077246,-3.1177247,-4.257725,-2.3977246,-2.9277246,-2.4277246,-2.8277247,-3.5577247,-3.7277246,-4.217725,-1.2577246,-1.0577246,-0.37772462,0.6022754,1.2022754,-0.7977246,-1.1177247,-1.9977247,-2.4377246,-2.1377246,-2.1677246,-1.0277246,-0.2677246,-0.2877246,0.18227538,0.3622754,-0.03772461,-0.2977246,1.0122753,1.9322754,2.2622755,2.0622754,1.9522754,1.3722754,1.1522754,1.0222754,1.9822754,0.7022754,1.5822754,0.98227537,-0.1877246
-0.63772464,-1.5177246,-2.5977247,-2.3077247,-2.6177247,-2.3177247,-2.2277246,-2.5777247,-2.7777245,-3.5077245,-2.1277246,-1.4077246,2.2322755,1.0722754,-0.4477246,-1.6577246,-1.4877247,-0.8777246,-0.9277246,-1.3177246,-2.0377245,-2.4177246,-2.9777246,-2.1977246,-1.7377247,-1.8677247,-0.51772463,-0.017724609,0.9522754,1.5622754,2.4722755,2.9822755,3.1822753,3.1422753,2.7122755,2.9022753,1.8122754,1.4922754,1.1222754,1.7622753,1.0022753
-0.9077246,-0.95772463,-0.1877246,-1.4877247,-0.9377246,-0.6977246,-1.5177246,-2.0277245,-2.5277245,-1.8077246,-1.3677247,-0.9277246,-0.88772464,-1.4877247,-1.4877247,-1.1377246,-1.8377246,-1.7877246,-1.6477246,-1.0677246,-1.8377246,-2.2077246,0.12227539,0.4522754,-1.0777246,-2.2577245,-3.3177247,-1.0977246,-0.5377246,-0.007724609,1.7622753,2.3322754,2.8822753,3.7022753,3.6222754,3.8422754,3.6022754,3.0622754,2.6522753,2.1822753,1.5822754
