wind_kz.json
{"header": {"discipline":0,"disciplineName":"Meteorological products","gribEdition":2,"gribLength":1025,"center":7,"centerName":"US National Weather Service - NCEP(WMC)","subcenter":0,"refTime":"2024-04-06T12:00:00.000Z","significanceOfRT":1,"significanceOfRTName":"Start of forecast","productStatus":0,"productStatusName":"Operational products","productType":1,"productTypeName":"Forecast products","productDefinitionTemplate":0,"productDefinitionTemplateName":"Analysis/forecast at horizontal level/layer at a point in time","parameterCategory":2,"parameterCategoryName":"UnknownDiscipline_0_Category_2","parameterNumber":3,"parameterNumberName":"UnknownParameter_D0_C2_3","parameterUnit":"Unknown","genProcessType":2,"genProcessTypeName":"Forecast","forecastTime":180,"surface1Type":103,"surface1TypeName":"Specified height level above ground","surface1Value":10.0,"surface2Type":255,"surface2TypeName":"Missing","surface2Value":0.0,"gridDefinitionTemplate":0,"gridDefinitionTemplateName":"Latitude_Longitude","numberPoints":615,"shape":6,"shapeName":"Earth spherical with radius of 6,371,229.0 m","gridUnits":"degrees","resolution":48,"winds":"true","scanMode":64,"nx":41,"ny":15,"basicAngle":0,"lo1":47.0,"la1":41.0,"lo2":87.0,"la2":55.0,"dx":1.0,"dy":1.0}, "data":
[rows 0 to 14 of 15, columns 0 to 40 of 41]
1.5971118,-3.2628882,1.4771118,-0.6828882,-2.5628881,-2.132888,-1.0028882,1.2971119,1.0671118,-0.86288816,-2.9528883,0.30711183,1.8371118,1.1471118,1.4971118,2.2671118,2.7571118,1.6171118,2.2471118,1.2371118,0.28711182,-0.3228882,-1.4028882,0.83711183,-2.0128882,0.12711182,0.23711182,0.9871118,3.4171119,6.017112,0.11711182,-1.3428882,1.6871119,0.31711182,3.2971117,2.3471117,0.89711183,1.8271118,0.4871118,1.2671118,-0.052888185
3.0671117,1.4971118,1.6171118,-1.9928882,-3.0328882,-2.112888,-2.122888,-0.7828882,0.007111816,-1.1428882,-1.7628882,-1.6128882,-0.06288818,0.4871118,1.0471119,2.4671118,4.917112,4.297112,4.2171116,3.377112,1.0571119,0.017111816,-0.13288818,-0.3528882,-1.3228881,0.51711184,-2.342888,2.5071118,1.3271118,2.1971118,6.6771116,6.147112,-0.2628882,-0.47288817,-4.512888,-1.2628882,0.46711183,-0.6428882,0.19711182,0.14711182,-1.3628882
0.8771118,2.2871118,-0.54288816,-2.4228883,-3.612888,-0.98288816,-1.9828882,-2.0828881,-0.9928882,-2.3028882,-3.7428882,-2.872888,-2.2228882,-1.1728882,-0.24288818,0.2671118,9.367112,6.6771116,3.4371119,3.0371118,1.8071119,0.3671118,2.5071118,0.22711182,0.47711182,0.30711183,0.6771118,1.0871118,-0.15288818,1.9271119,4.277112,1.7171118,2.2771118,-0.9528882,-0.49288818,3.5671117,6.487112,1.2371118,0.5471118,-1.8128881,-0.6928882
1.1571118,0.2971118,-2.6828883,0.9271118,-2.342888,-1.7228882,-2.2128882,-2.1528883,-1.7228882,-2.842888,-3.842888,-5.432888,-5.492888,-6.5728884,-2.7828882,2.127112,3.4671118,4.777112,3.4171119,2.9571118,-0.86288816,-0.16288818,-0.43288818,-0.8828882,-1.9328882,-1.0628881,-1.3628882,-0.8928882,0.28711182,-0.9728882,-0.8428882,-0.5328882,-0.9528882,-0.34288818,-0.31288818,-3.592888,-2.9128883,2.2071118,4.4071116,-0.73288816,0.31711182
0.8671118,-0.022888184,-2.132888,-1.7328882,-1.5928882,-3.0628881,-1.6228882,-1.2628882,-2.4228883,-2.5028882,-3.872888,-4.4028883,-5.332888,-3.2828882,-6.452888,-2.632888,-0.40288818,1.2471118,1.7671118,1.0671118,0.3571118,-1.0228882,-2.342888,-0.5728882,-1.5528882,-1.6228882,-2.0228882,-2.0128882,-1.9528881,-2.9728882,-3.092888,-0.10288818,1.3971118,2.3271117,-0.6328882,-1.7128882,0.6171118,-1.1428882,-3.0228882,-1.4828882,-1.0228882
1.7371118,0.6171118,-0.8328882,-1.8728882,-2.5528882,-3.4728882,-2.122888,-1.7528882,-2.4828882,-2.2728882,-3.4728882,-3.842888,-5.6928883,-5.602888,0.6271118,-3.1828883,-1.9128882,-0.042888183,-0.49288818,0.8071118,0.24711181,3.137112,2.4771118,0.13711181,-0.092888184,-0.66288817,-0.7728882,-2.372888,-2.4028883,-2.9828882,-3.1728883,-2.9328883,-2.602888,-2.9328883,1.1071118,5.027112,2.3171117,4.337112,-0.13288818,-2.092888,-1.7828882
2.5271118,1.2071118,0.6271118,0.10711182,-2.5728881,-2.5528882,-1.4728882,-2.0328882,-2.0728881,-2.2628882,-2.3328881,-2.4728882,-3.5428882,-3.9328883,-3.5728881,-3.112888,-2.5128882,-1.5328882,-0.5028882,-0.5128882,-0.3328882,0.22711182,0.7771118,0.5071118,0.6671118,0.5971118,-1.0828881,-1.1028882,-1.8528882,-1.8128881,-2.4728882,-3.7228882,-3.382888,-0.31288818,0.06711182,-1.2128882,-4.122888,-3.0628881,-0.7228882,-0.67288816,-0.0028881836
2.9971118,2.147112,0.5971118,-0.5128882,-1.4528881,-0.5328882,-0.23288818,-1.0928882,-1.4028882,-2.2728882,-2.842888,-1.2228882,-3.0128882,-2.2328882,-2.852888,-2.5328882,-2.0328882,-1.8428882,-1.2928882,0.6871118,-0.7828882,0.06711182,-0.46288818,1.8571118,2.147112,1.0371118,0.9371118,-0.9628882,-1.1528882,-1.8428882,-1.8728882,-1.0428882,-2.4228883,-3.6628883,-0.86288816,-0.27288818,-1.0828881,0.37711182,-0.8928882,0.6871118,-1.5528882
2.857112,3.4271119,2.3371117,1.9771118,1.0271118,-0.25288817,0.6671118,-0.6828882,-1.7528882,-1.5628881,-1.8528882,-2.0428882,-2.4228883,-3.0828881,-3.2228882,-1.7128882,-0.37288818,-0.5728882,-0.3628882,0.12711182,0.37711182,-0.3228882,1.0671118,0.3671118,0.2671118,1.0871118,0.30711183,1.1971118,1.4871118,1.1271118,1.2671118,1.6171118,1.9471118,2.9571118,3.0671117,2.367112,-1.3528882,-0.98288816,-2.4928882,-2.1728883,-3.5728881
3.117112,2.397112,1.6771119,0.6571118,1.4171119,0.8771118,1.5571119,0.047111817,-0.8428882,-0.8728882,-0.3528882,-2.0528882,-2.0628881,-2.6928883,-2.4028883,-2.3128881,-1.3728882,0.087111816,-0.6328882,0.57711184,1.6271118,0.7171118,0.3671118,1.4371119,1.3871118,1.3571118,0.88711184,1.0371118,0.9071118,1.5871118,2.2971117,2.1771119,2.5871117,2.0771117,2.5371118,1.2471118,0.7871118,-1.2628882,0.21711181,2.607112,3.2871118
2.9271119,2.107112,1.6571118,0.5971118,0.5071118,0.087111816,2.0571117,1.5771118,0.31711182,-0.082888186,-0.37288818,0.11711182,-1.5728881,-1.6128882,-2.4928882,-2.2828882,-2.5828881,-2.7928882,-1.3628882,1.2571118,1.3371118,1.2071118,0.95711184,2.2771118,2.2871118,2.0371118,1.5771118,1.7371118,2.3071117,1.5371118,2.357112,3.7471118,3.2971117,3.2071118,3.5271118,1.9571118,1.3171118,1.6471118,1.8471118,1.3871118,0.8171118
2.2671118,2.107112,1.7971119,2.1971118,2.0771117,1.8971118,1.5171118,1.3771118,0.95711184,1.0671118,1.1471118,-0.0028881836,0.11711182,1.0071118,0.9171118,0.3571118,-0.92288816,-2.4628882,-2.9728882,-3.092888,-0.5028882,-0.06288818,0.20711182,0.94711185,1.5771118,1.6271118,3.2871118,3.3071117,3.0771117,2.7671118,3.607112,4.957112,3.7771118,3.6671119,2.5471117,1.2771118,0.23711182,0.30711183,0.8171118,0.20711182,-0.6928882
-0.7028882,0.16711181,0.31711182,0.6871118,0.9071118,0.9971118,0.8071118,1.6671119,1.3371118,1.2471118,0.88711184,0.24711181,0.95711184,0.20711182,0.2971118,-0.3928882,-2.3128881,-2.382888,-2.3228881,-1.2028881,-1.3328881,0.17711182,0.82711184,0.70711184,0.5571118,1.7071118,1.2371118,1.5671118,2.4671118,2.397112,2.2371118,0.58711183,-0.30288818,0.9171118,0.83711183,1.1571118,0.57711184,-0.082888186,-0.092888184,-0.19288819,-0.47288817
1.7071118,0.4271118,0.3571118,1.3471118,0.9071118,0.58711183,0.16711181,0.51711184,0.8171118,0.9371118,1.6071118,0.6771118,-0.25288817,1.2771118,1.6171118,0.13711181,-1.5428882,-2.0728881,-2.7828882,-0.6328882,-0.5828882,-0.86288816,-1.3828882,-1.6328882,-2.0528882,-2.342888,-1.8428882,-0.8228882,0.9071118,1.6771119,2.0471117,1.5771118,1.9571118,2.387112,1.8071119,1.4771118,1.1471118,0.27711183,-0.3328882,-0.5628882,-0.6928882
1.3371118,0.95711184,0.6571118,1.1971118,1.5571119,1.6571118,1.4171119,1.9971118,1.2871118,0.7371118,1.3771118,2.0371118,2.377112,1.6971118,2.8471117,2.157112,0.7371118,-1.7328882,-2.592888,-2.3328881,-2.342888,-2.4828882,-2.142888,-1.4928882,-0.9428882,-0.55288815,0.007111816,0.14711182,0.007111816,0.6271118,0.94711185,1.3171118,1.8871118,1.6471118,0.9871118,0.37711182,0.3871118,0.30711183,0.34711182,-0.86288816,-0.8228882
