wind.json
{"header": {"discipline":0,"disciplineName":"Meteorological products","gribEdition":2,"gribLength":1211,"center":7,"centerName":"US National Weather Service - NCEP(WMC)","subcenter":0,"refTime":"2023-06-30T00:00:00.000Z","significanceOfRT":1,"significanceOfRTName":"Start of forecast","productStatus":0,"productStatusName":"Operational products","productType":1,"productTypeName":"Forecast products","productDefinitionTemplate":0,"productDefinitionTemplateName":"Analysis/forecast at horizontal level/layer at a point in time","parameterCategory":2,"parameterCategoryName":"UnknownDiscipline_0_Category_2","parameterNumber":3,"parameterNumberName":"UnknownParameter_D0_C2_3","parameterUnit":"Unknown","genProcessType":2,"genProcessTypeName":"Forecast","forecastTime":180,"surface1Type":103,"surface1TypeName":"Specified height level above ground","surface1Value":10.0,"surface2Type":255,"surface2TypeName":"Missing","surface2Value":0.0,"gridDefinitionTemplate":0,"gridDefinitionTemplateName":"Latitude_Longitude","numberPoints":688,"shape":6,"shapeName":"Earth spherical with radius of 6,371,229.0 m","gridUnits":"degrees","resolution":48,"winds":"true","scanMode":64,"nx":43,"ny":16,"basicAngle":0,"lo1":45.0,"la1":40.0,"lo2":87.0,"la2":55.0,"dx":1.0,"dy":1.0}, "data":
[rows 0 to 15 of 16, columns 0 to 42 of 43]
1.0101684,-1.0698315,2.1601684,4.0401683,1.8601685,-1.5398315,-0.9798315,-1.7298316,-2.0498316,8.960169,-5.9898314,-7.5298314,-5.7798314,-4.2298317,-4.2998314,-6.4698315,-7.7798314,-6.5298314,-4.0198317,-6.9098315,-8.059832,-8.939832,-6.6098313,-5.4898314,5.2301683,3.9801683,-0.35983154,-2.3998315,0.51016843,-0.13983154,-5.9298315,-0.92983156,-5.5998316,-0.13983154,0.86016846,-2.1198316,1.0201684,-1.1098316,-5.0698314,-0.17983155,-2.0398316,-1.8998315,-1.5098315
-0.29983154,0.47016847,5.2701683,3.1201684,0.010168457,-3.0998316,-1.9398315,-6.3698316,-12.829831,-4.9298315,-4.3798313,-5.7698317,-5.8198314,-3.9198315,-3.4398315,-6.8398314,-7.4098315,-6.8298316,-8.419831,-5.8298316,-8.049831,-7.9098315,-8.039831,-6.4198318,-3.8098316,1.0401684,6.8601685,-2.5298316,1.0401684,0.15016846,-2.2298315,-1.3898315,0.79016846,2.4401684,-1.8298316,-6.2798314,-2.4598315,-4.7398314,-3.3798316,-2.2198315,-0.7898315,1.6301684,1.4301685
-0.56983155,2.6901684,0.39016846,2.0601685,0.51016843,-1.0798316,-3.4698315,-4.5898314,-7.0298314,-3.1098316,-1.5698315,-5.0898314,-7.6098313,-3.0698316,-5.3298316,-3.8698316,-5.649832,-7.2698317,-6.6698318,-4.6598315,-6.4398317,-8.899832,-7.8598313,-9.549831,-8.479832,-5.0598316,-1.4398315,-2.4798315,-0.47983155,0.44016847,0.79016846,0.040168457,-2.5298316,-5.4298315,-2.8998315,-1.1498315,1.7701684,-7.0198317,0.55016845,-2.0598316,0.99016845,-4.1098313,-1.9598316
-1.9598316,-2.2998316,3.3901684,2.4401684,1.9101684,1.4301685,1.1201684,2.6501684,-1.5598315,-2.6498315,-1.8498316,-4.0498314,-4.8898315,-8.569832,-9.169831,-9.059832,-7.7098317,-8.449832,-7.3198314,-4.2998314,-4.1398315,-7.5598316,-7.5798316,-6.2598314,-7.2398314,-5.8298316,-5.7198315,-5.8498316,-6.0198317,2.3901684,-0.26983154,3.0901685,-1.7898315,-2.1298316,-1.5798316,0.80016845,-3.3098316,3.5001686,0.7201685,2.7301683,0.99016845,2.1201684,0.6401684
1.3701684,4.5601683,3.5901685,-0.019831544,-1.0398315,-1.3998315,-0.55983156,1.0301684,-0.95983154,-2.4598315,-2.7798316,-0.9198315,-3.6898315,-6.1198316,-7.0898314,-8.479832,-10.269832,-5.0098314,-5.0298314,-6.2798314,-6.5898314,-6.2898316,-5.5298314,-7.149832,-5.5798316,-4.8098316,-4.6898317,-7.8398314,-7.7698317,-8.779832,-6.5598316,-5.3698316,-6.1198316,0.47016847,-2.7198315,2.4701684,-0.16983154,0.11016846,1.0101684,0.090168454,-2.1798315,-1.0998316,-3.5498316
2.8101685,4.9901686,2.1401684,-1.3198315,-2.9398315,-4.5698314,-7.6698318,-6.2598314,-0.5298315,-3.0098314,-3.6498315,-4.7498317,0.32016847,-1.3498316,-5.5698314,-7.1798315,-8.399832,-6.6698318,-6.5898314,-4.2298317,-5.2398314,-6.2198315,-6.0398316,-4.1598315,-5.5898314,-5.9198318,-1.9998316,-4.3798313,-5.9798317,-10.209831,-5.649832,-9.399832,-10.009831,-1.7698315,-2.2698317,-2.1698315,-0.9198315,-6.149832,-12.129831,1.0901685,-2.3998315,-1.0798316,-3.0898316
5.3201685,5.3401685,5.7201686,1.9901685,0.57016844,-2.3898315,-3.6298316,-6.2498317,-0.19983155,-2.7198315,-3.2198315,-4.2998314,-5.1298313,0.47016847,1.0601685,-1.7198316,-8.129831,-5.4098315,-5.5098314,-4.649832,-4.3698316,-3.3598316,-5.7498317,-6.7898316,-6.2898316,-6.6898317,-8.189832,-9.899832,-0.75983155,-3.1198316,-4.9198318,-7.0398316,-7.0098314,-6.7398314,4.9201684,7.5001683,3.7701685,12.190168,0.120168455,-4.1398315,-3.3698316,-7.2298317,1.1301684
4.5601683,5.1601686,-0.049831543,-0.89983153,2.1301684,4.0701685,4.8201685,-2.8198316,-3.0998316,-3.6998315,-1.3698316,-2.1198316,-1.8398316,-3.8498316,-4.4198318,-5.7898316,-6.6098313,-6.1898317,-3.8098316,-4.1998315,-4.6798315,-5.2598314,-4.6698318,-6.6998315,-7.5498314,-5.6098313,-2.7598314,-4.1398315,-5.0198317,-7.2498317,-5.7098317,-7.1198316,-7.9998317,-8.629831,-10.119831,-11.099832,-4.7898316,-3.7798316,-5.9898314,-5.0598316,-3.4198315,-0.75983155,-2.4198315
3.9901686,4.2301683,1.5601685,-0.7198315,-0.45983154,-0.99983156,-1.3298316,-2.4498315,-2.0798316,-1.9798316,-0.89983153,-2.6098316,-3.3198316,-3.8098316,-4.2198315,-3.6298316,-5.0498314,-6.2398314,-6.9298315,-8.549831,-6.6298313,-4.7298317,-5.4798317,-6.6198316,-8.339831,-6.3598313,-6.9798317,-5.1398315,-8.639832,-5.8098316,-7.0298314,-9.329831,-9.159832,-9.199832,-9.129831,-9.379831,-9.879831,-8.329831,-6.2098317,-1.3598316,-0.019831544,1.3001685,-0.019831544
1.0801685,3.0701685,2.6201684,0.33016846,-1.2498316,0.68016845,-0.83983153,-1.3398316,-0.48983154,-1.3098315,-2.6398315,-3.3998315,-2.8098316,-2.8598316,-3.5498316,-4.4298315,-4.9798317,-5.5598316,-6.5398316,-5.2298317,-5.5098314,-5.2598314,-4.4298315,-4.0898314,-6.4998317,-6.5898314,-5.0098314,-5.5898314,-7.4698315,-7.0498314,-6.4798317,-3.5398316,-4.7398314,-4.5398316,-6.9298315,-7.5598316,-8.049831,-9.769832,-9.229832,-5.8298316,-4.1398315,-2.0898316,0.020168457
0.010168457,3.3201685,2.4701684,1.7601684,-0.12983154,1.1001685,0.62016845,-0.37983155,-0.56983155,-0.7798315,-2.1198316,-2.3198316,-3.3798316,-3.0998316,-3.4298315,-3.5098314,-3.7598314,-4.7198315,-5.2498317,-5.0398316,-4.6298313,-4.8198314,-5.1298313,-4.8398314,-4.8498316,-4.6198316,-5.5898314,-4.4498315,-5.5898314,-5.3498316,-5.8798313,-8.799831,-8.299831,-8.939832,-1.6498315,-7.7398314,-8.229832,-7.9498315,-5.0298314,-3.2098315,-4.2798314,-1.3398316,-1.8598316
-0.62983155,-2.7598314,-0.9098315,0.26016846,-0.16983154,-0.46983156,-0.15983154,-0.059831545,-0.029831544,-0.19983155,-0.82983154,-1.3798316,-1.0098315,-2.1598315,-2.8398316,-3.1998315,-3.2598314,-3.8398316,-4.5398316,-4.5498314,-5.0698314,-5.2998314,-5.149832,-5.1298313,-4.8698316,-3.3898315,-4.2598314,-4.3398314,-3.8898315,-6.4198318,-6.3898315,-4.6898317,-7.2698317,-8.399832,-8.819832,-5.9998317,-7.7898316,-7.9998317,-4.399832,-2.1798315,-2.6798315,-2.9798315,-2.6698315
1.4001684,-0.40983155,0.30016845,-3.8798316,-1.5498315,-1.1798315,-1.2398316,-1.1398315,-0.75983155,-0.8598316,-1.5798316,-2.7198315,-3.2598314,-1.5298315,-1.2898315,-1.9198315,-1.7698315,-3.9298315,-3.9898314,-2.7198315,-4.0698314,-4.8598313,-4.8698316,-4.8598313,-4.6998315,-5.3298316,-4.5298314,-5.1698318,-5.7598314,-6.5198317,-6.8298316,-6.0798316,-6.0998316,-4.9998317,-5.7598314,-7.4998317,-2.9998314,-7.3098316,-6.0298314,-4.6998315,-0.64983153,-1.5298315,-1.5898316
2.4601684,1.4701685,2.3501685,1.9501685,2.1901684,2.0401685,-0.25983155,-2.9198315,-3.0598316,-2.6198316,-2.7198315,-1.9798316,-0.7898315,-1.5198315,0.75016844,-2.2098315,-3.1598315,-4.4698315,-1.3798316,-3.1998315,-3.3298316,-3.1698315,-3.1198316,-3.3598316,-4.2198315,-4.7598314,-5.6698318,-5.6398315,-6.1998315,-6.3698316,-5.899832,-5.7498317,-5.8398314,-6.899832,-4.4598317,-4.9998317,-1.8898315,-3.3498316,-5.6798315,1.1801685,-3.2798316,-1.4698316,-1.9698316
2.3601685,0.010168457,2.7401686,0.57016844,1.4001684,-0.049831543,1.1301684,0.11016846,-0.23983154,-0.88983154,-1.3098315,-1.0198315,-1.9798316,-1.2498316,-1.1198316,-2.2398314,-3.5098314,-2.6898315,-3.6498315,-3.6598315,-3.5498316,-2.8798316,-2.4698315,-3.2798316,-3.9198315,-3.7898316,-4.0098314,-4.2898316,-4.3598313,-4.6798315,-4.7698317,-5.4698315,-5.4398317,-6.2998314,-5.8898315,-4.7898316,-4.3498316,-4.2798314,-2.3598316,-3.7698317,-4.899832,-3.4198315,-3.8298316
2.9401684,3.2601686,1.2601684,1.5501685,0.10016846,0.14016846,4.0401683,2.0701685,1.6001685,1.9001684,0.79016846,-1.7498316,-1.2098316,-2.6198316,-2.7798316,-2.8798316,-2.9898314,-1.2098316,-2.3398316,-2.9598315,-3.5898316,-1.8298316,-1.4198315,-2.3998315,-2.6998315,-2.9098315,-3.2998316,-3.2798316,-3.5498316,-3.4598315,-2.4198315,-3.7698317,-3.5198317,-2.9998314,-4.649832,-4.7798314,-4.0698314,-3.5798316,-1.3598316,-2.7498314,-1.2398316,0.31016845,-0.24983154
