wind.json
{"header": {"discipline":0,"disciplineName":"Meteorological products","gribEdition":2,"gribLength":1039,"center":7,"centerName":"US National Weather Service - NCEP(WMC)","subcenter":0,"refTime":"2023-06-30T00:00:00.000Z","significanceOfRT":1,"significanceOfRTName":"Start of forecast","productStatus":0,"productStatusName":"Operational products","productType":1,"productTypeName":"Forecast products","productDefinitionTemplate":0,"productDefinitionTemplateName":"Analysis/forecast at horizontal level/layer at a point in time","parameterCategory":0,"parameterCategoryName":"UnknownDiscipline_0_Category_0","parameterNumber":0,"parameterNumberName":"UnknownParameter_D0_C0_0","parameterUnit":"Unknown","genProcessType":2,"genProcessTypeName":"Forecast","forecastTime":60,"surface1Type":1,"surface1TypeName":"Ground or water surface","surface1Value":0.0,"surface2Type":255,"surface2TypeName":"Missing","surface2Value":0.0,"gridDefinitionTemplate":0,"gridDefinitionTemplateName":"Latitude_Longitude","numberPoints":688,"shape":6,"shapeName":"Earth spherical with radius of 6,371,229.0 m","gridUnits":"degrees","resolution":48,"winds":"true","scanMode":64,"nx":43,"ny":16,"basicAngle":0,"lo1":45.0,"la1":40.0,"lo2":87.0,"la2":55.0,"dx":1.0,"dy":1.0}, "data":
[rows 0 to 15 of 16, columns 0 to 42 of 43]
295.82822,288.32822,309.02823,318.2282,317.12823,298.92822,299.02823,296.2282,319.62823,320.92822,322.62823,321.12823,321.12823,320.12823,318.62823,319.12823,318.02823,319.2282,320.7282,321.62823,319.92822,312.62823,311.7282,318.12823,315.82822,309.82822,310.32822,299.32822,294.7282,290.82822,298.7282,308.52823,305.62823,311.42822,316.92822,316.32822,316.2282,313.7282,313.92822,312.42822,311.62823,312.12823,310.12823
294.42822,311.12823,312.92822,297.52823,305.2282,296.62823,298.7282,297.42822,309.2282,322.52823,320.92822,321.12823,318.62823,318.82822,317.82822,316.7282,318.2282,319.42822,318.92822,317.32822,324.02823,322.82822,318.02823,317.82822,316.52823,310.92822,314.82822,317.92822,312.92822,293.12823,293.12823,291.92822,291.2282,288.12823,304.02823,311.62823,314.92822,313.2282,312.32822,311.7282,311.62823,310.62823,310.62823
297.62823,292.7282,288.32822,300.62823,297.12823,298.2282,297.2282,294.92822,319.02823,317.2282,317.42822,317.42822,318.52823,317.02823,316.12823,316.02823,316.7282,315.2282,319.12823,317.12823,319.32822,322.2282,323.92822,320.42822,317.2282,304.62823,287.12823,287.12823,300.02823,294.12823,295.52823,288.82822,294.12823,281.2282,299.02823,264.52823,283.02823,307.2282,307.02823,307.7282,310.32822,302.52823,286.32822
295.32822,299.32822,308.2282,298.02823,297.92822,297.2282,296.12823,314.92822,315.52823,316.52823,316.2282,315.52823,315.92822,317.12823,313.92822,315.52823,313.62823,314.42822,315.2282,307.82822,315.42822,323.7282,325.7282,320.2282,318.92822,312.82822,317.82822,315.82822,315.32822,315.42822,312.32822,295.42822,288.92822,289.12823,295.42822,297.12823,298.42822,297.12823,287.7282,289.62823,289.52823,284.2282,281.2282
311.92822,318.2282,311.02823,298.62823,297.92822,297.12823,300.82822,314.7282,314.82822,315.2282,316.02823,315.82822,313.92822,314.42822,295.42822,294.42822,312.42822,313.62823,313.92822,309.02823,311.52823,322.52823,321.12823,315.7282,317.82822,320.12823,321.32822,318.2282,318.52823,313.52823,311.92822,312.7282,315.52823,310.7282,314.7282,313.32822,312.2282,305.52823,289.62823,289.32822,290.2282,299.92822,302.42822
314.02823,315.32822,315.82822,298.62823,298.2282,298.62823,304.52823,312.32822,314.2282,315.62823,314.42822,314.12823,312.82822,314.2282,296.12823,294.82822,292.12823,311.52823,315.2282,309.32822,315.42822,320.12823,321.7282,319.92822,319.62823,318.62823,317.62823,316.62823,313.52823,307.52823,312.42822,311.7282,313.42822,310.7282,295.62823,287.42822,294.7282,304.7282,305.32822,312.62823,312.52823,308.52823,308.32822
311.12823,315.82822,314.7282,313.02823,300.02823,298.2282,297.7282,297.02823,313.92822,312.32822,312.12823,305.12823,312.52823,313.32822,296.92822,294.62823,303.12823,311.62823,315.2282,309.02823,312.7282,319.7282,317.82822,317.12823,316.32822,316.7282,313.2282,310.82822,311.42822,290.7282,311.12823,311.7282,309.42822,309.52823,308.62823,306.2282,303.92822,302.2282,297.32822,297.02823,311.62823,308.52823,308.02823
311.7282,314.7282,311.2282,312.2282,314.52823,314.7282,308.32822,304.7282,309.42822,302.42822,308.82822,312.7282,308.62823,308.7282,311.42822,315.02823,312.12823,315.32822,318.62823,311.7282,310.2282,315.12823,315.12823,315.7282,313.32822,313.42822,310.2282,309.82822,310.62823,311.62823,312.52823,314.12823,312.12823,310.82822,310.12823,310.42822,309.32822,306.52823,297.62823,294.32822,288.32822,290.12823,300.52823
311.42822,309.62823,312.82822,313.2282,309.32822,311.92822,311.92822,305.42822,302.12823,302.2282,303.32822,300.82822,302.12823,304.12823,305.62823,313.42822,314.52823,316.2282,309.62823,305.32822,308.62823,314.42822,313.02823,312.12823,309.92822,310.92822,309.62823,308.02823,307.02823,307.7282,306.62823,309.92822,306.2282,307.12823,304.02823,300.42822,302.12823,304.92822,308.2282,288.7282,302.2282,301.02823,297.52823
294.92822,308.62823,308.82822,309.92822,309.62823,301.02823,309.02823,300.02823,302.52823,299.32822,303.02823,304.62823,302.2282,306.2282,298.12823,313.12823,312.42822,316.62823,304.42822,305.82822,312.2282,311.2282,309.92822,308.7282,307.12823,310.52823,309.82822,310.02823,305.52823,303.82822,302.7282,302.12823,301.12823,301.12823,302.2282,302.02823,301.52823,299.32822,299.02823,298.32822,285.82822,285.62823,286.7282
296.92822,301.82822,307.02823,302.12823,306.12823,300.02823,301.12823,297.42822,298.2282,296.92822,296.92822,298.42822,292.82822,295.92822,297.82822,307.52823,309.62823,308.02823,306.32822,306.42822,311.12823,305.92822,308.92822,309.62823,309.82822,312.02823,309.7282,308.92822,307.12823,305.62823,303.2282,303.32822,302.52823,303.92822,305.12823,304.42822,301.52823,299.2282,297.12823,292.12823,289.7282,287.52823,283.7282
300.52823,296.92822,303.92822,297.62823,302.2282,297.52823,297.7282,296.92822,296.32822,295.42822,299.52823,297.42822,295.42822,300.52823,305.2282,293.52823,305.62823,304.92822,300.92822,302.02823,306.82822,306.52823,309.2282,309.52823,309.32822,309.02823,306.42822,305.2282,302.62823,303.62823,305.62823,308.12823,306.32822,306.52823,304.2282,302.32822,298.62823,297.42822,292.12823,290.12823,290.7282,289.62823,287.2282
297.12823,299.2282,300.92822,298.82822,302.12823,296.82822,297.32822,295.02823,295.12823,294.42822,298.02823,295.92822,295.92822,293.52823,295.62823,302.62823,294.82822,296.32822,303.12823,303.52823,299.62823,300.52823,302.92822,305.62823,306.02823,305.82822,304.62823,305.52823,303.7282,305.7282,306.52823,305.42822,303.52823,305.62823,304.32822,300.2282,299.32822,298.2282,296.42822,295.12823,291.92822,293.82822,291.12823
296.2282,297.02823,298.52823,298.32822,302.42822,295.82822,301.02823,296.02823,294.52823,296.32822,293.42822,298.02823,291.7282,292.7282,296.02823,299.7282,298.92822,300.42822,300.12823,300.62823,299.42822,299.7282,298.2282,302.02823,303.52823,303.02823,304.62823,305.02823,306.42822,304.92822,302.52823,303.92822,305.12823,304.02823,299.92822,300.7282,299.7282,296.32822,296.52823,296.32822,291.82822,294.2282,290.42822
296.32822,296.42822,297.7282,297.92822,296.02823,295.32822,299.32822,295.62823,293.2282,294.42822,295.7282,295.92822,294.02823,293.82822,292.32822,299.42822,299.2282,298.52823,295.02823,297.62823,301.42822,298.32822,301.52823,302.2282,303.7282,303.7282,303.02823,303.12823,301.7282,302.2282,301.7282,302.82822,303.52823,303.32822,302.12823,300.82822,299.02823,296.2282,295.52823,293.92822,291.42822,291.92822,291.12823
295.82822,296.02823,294.62823,299.12823,291.32822,299.62823,299.62823,295.92822,295.02823,295.02823,295.7282,294.42822,294.52823,295.2282,290.42822,294.82822,299.12823,297.92822,299.82822,300.02823,303.32822,298.82822,301.12823,300.82822,301.62823,300.32822,300.02823,299.7282,300.2282,300.12823,300.02823,300.42822,297.42822,293.2282,300.02823,293.42822,293.62823,290.42822,292.52823,290.2282,291.32822,289.2282,290.7282
