wind_kz.json
{"header": {"discipline":0,"disciplineName":"Meteorological products","gribEdition":2,"gribLength":871,"center":7,"centerName":"US National Weather Service - NCEP(WMC)","subcenter":0,"refTime":"2023-09-18T18:00:00.000Z","significanceOfRT":1,"significanceOfRTName":"Start of forecast","productStatus":0,"productStatusName":"Operational products","productType":1,"productTypeName":"Forecast products","productDefinitionTemplate":0,"productDefinitionTemplateName":"Analysis/forecast at horizontal level/layer at a point in time","parameterCategory":0,"parameterCategoryName":"UnknownDiscipline_0_Category_0","parameterNumber":0,"parameterNumberName":"UnknownParameter_D0_C0_0","parameterUnit":"Unknown","genProcessType":2,"genProcessTypeName":"Forecast","forecastTime":240,"surface1Type":1,"surface1TypeName":"Ground or water surface","surface1Value":0.0,"surface2Type":255,"surface2TypeName":"Missing","surface2Value":0.0,"gridDefinitionTemplate":0,"gridDefinitionTemplateName":"Latitude_Longitude","numberPoints":615,"shape":6,"shapeName":"Earth spherical with radius of 6,371,229.0 m","gridUnits":"degrees","resolution":48,"winds":"true","scanMode":64,"nx":41,"ny":15,"basicAngle":0,"lo1":47.0,"la1":41.0,"lo2":87.0,"la2":55.0,"dx":1.0,"dy":1.0}, "data":
[rows 0 to 14 of 15, columns 0 to 40 of 41]
285.95386,281.95386,287.35385,293.65387,293.55386,293.55386,294.15387,296.45386,292.45386,292.25385,291.05386,292.25385,291.85385,291.75385,289.95386,287.35385,286.65387,287.65387,287.05386,288.25385,289.05386,287.35385,286.05386,281.95386,287.75385,288.05386,284.35385,273.85385,273.85385,275.05386,274.55386,275.15387,282.65387,288.45386,288.55386,287.65387,286.95386,287.05386,286.05386,284.25385,284.45386
270.15387,284.35385,293.25385,293.25385,293.05386,291.85385,293.35385,292.65387,290.95386,290.25385,291.35385,290.45386,290.45386,288.85385,289.25385,288.85385,285.25385,285.85385,285.55386,285.55386,288.85385,288.95386,286.25385,280.65387,273.25385,271.95386,280.75385,275.15387,276.75385,270.55386,277.55386,269.35385,275.05386,250.75386,258.15387,284.25385,282.25385,283.65387,286.25385,278.95386,283.55386
287.55386,292.45386,293.65387,293.15387,291.25385,291.45386,292.15387,290.85385,289.95386,289.25385,288.35385,288.95386,286.85385,287.45386,290.25385,287.25385,285.55386,283.75385,283.95386,284.35385,287.95386,287.45386,285.25385,282.95386,285.75385,285.95386,286.85385,285.55386,285.15387,278.35385,268.45386,271.75385,275.85385,274.65387,276.25385,276.95386,263.45386,268.05386,268.95386,265.45386,256.65387
285.55386,292.15387,293.35385,292.15387,291.25385,291.45386,293.35385,291.75385,291.65387,290.75385,289.65387,288.75385,291.05386,290.45386,288.65387,288.15387,288.05386,285.35385,283.65387,284.25385,285.65387,282.85385,287.95386,287.05386,289.25385,290.25385,290.35385,286.15387,284.45386,284.65387,283.75385,283.45386,286.45386,283.35385,281.75385,281.25385,265.05386,259.25385,267.95386,278.25385,281.45386
291.05386,290.65387,291.65387,290.75385,290.15387,289.85385,291.15387,290.45386,290.55386,290.35385,289.95386,289.15387,290.05386,288.95386,287.55386,289.35385,289.65387,288.45386,281.75385,286.45386,287.05386,286.95386,286.05386,286.45386,285.95386,286.05386,285.85385,286.65387,286.15387,284.35385,286.65387,283.65387,274.25385,261.75385,273.85385,281.65387,286.65387,284.95386,285.35385,285.55386,285.05386
292.75385,290.25385,290.15387,289.55386,290.45386,289.95386,289.65387,291.45386,289.95386,290.25385,290.65387,290.45386,289.95386,289.85385,289.25385,288.55386,290.75385,288.95386,288.75385,287.35385,286.35385,286.55386,286.65387,286.45386,285.35385,284.15387,284.25385,287.05386,286.25385,286.25385,284.65387,285.55386,282.95386,280.35385,281.55386,287.15387,275.85385,275.95386,282.25385,284.05386,284.25385
291.05386,289.85385,293.75385,293.25385,291.25385,290.05386,291.25385,290.65387,291.15387,291.45386,290.45386,290.25385,290.05386,290.15387,289.95386,290.55386,289.75385,290.55386,289.05386,287.05386,285.45386,285.65387,286.15387,285.85385,284.75385,284.15387,282.95386,284.05386,283.25385,284.05386,284.05386,283.85385,283.45386,284.45386,283.45386,281.75385,278.15387,274.35385,272.05386,269.45386,280.75385
289.15387,288.25385,290.75385,291.65387,292.15387,291.75385,290.95386,289.45386,288.55386,289.75385,289.75385,290.15387,290.35385,289.85385,291.55386,292.25385,292.35385,290.05386,289.35385,289.65387,285.45386,284.15387,283.75385,283.85385,283.65387,280.75385,281.15387,281.65387,280.65387,282.75385,281.35385,281.65387,281.15387,278.55386,278.85385,279.75385,281.35385,286.85385,281.05386,280.75385,277.25385
287.45386,287.75385,288.45386,288.05386,289.25385,289.05386,287.95386,287.85385,287.15387,286.25385,285.75385,285.85385,286.05386,286.75385,287.15387,287.85385,288.15387,289.65387,289.65387,288.45386,284.95386,284.25385,283.25385,281.35385,281.45386,282.65387,280.45386,280.15387,278.95386,278.25385,279.65387,280.55386,281.95386,281.45386,280.85385,278.25385,277.85385,277.45386,264.55386,263.95386,263.15387
286.15387,287.65387,287.45386,286.95386,287.05386,286.95386,286.35385,286.05386,284.75385,285.45386,286.65387,286.45386,287.25385,287.15387,284.85385,285.65387,286.45386,286.75385,287.05386,288.85385,286.85385,286.85385,285.35385,284.45386,283.65387,281.95386,281.35385,281.35385,280.75385,280.95386,281.55386,283.35385,284.35385,283.55386,282.05386,279.45386,277.15387,272.85385,269.05386,269.35385,266.95386
285.55386,285.55386,285.75385,285.35385,285.75385,284.75385,284.75385,283.75385,286.55386,285.15387,282.25385,283.75385,285.25385,284.35385,285.45386,286.65387,286.75385,285.55386,285.15387,284.65387,285.55386,286.75385,286.55386,286.05386,283.25385,282.35385,280.95386,282.45386,282.65387,284.45386,285.05386,285.25385,283.85385,284.35385,283.45386,280.15387,275.25385,270.85385,270.85385,270.95386,268.95386
283.75385,285.35385,284.25385,283.95386,283.35385,283.25385,281.85385,280.25385,281.85385,284.85385,281.55386,282.25385,282.85385,283.35385,284.85385,285.15387,283.85385,284.55386,284.05386,285.05386,285.05386,286.15387,285.65387,285.75385,285.55386,284.75385,284.15387,284.85385,285.35385,285.25385,284.45386,284.25385,284.55386,283.65387,283.05386,281.65387,281.75385,280.25385,278.55386,277.95386,277.25385
283.05386,282.85385,284.25385,282.75385,283.15387,284.65387,284.35385,283.35385,282.95386,282.75385,281.15387,280.55386,282.95386,283.35385,282.65387,283.85385,284.75385,286.05386,285.75385,284.15387,285.15387,284.05386,285.75385,284.35385,286.25385,286.85385,287.05386,286.75385,286.45386,287.75385,286.75385,284.15387,284.75385,285.95386,285.75385,282.65387,281.75385,280.95386,279.25385,278.65387,278.25385
282.75385,283.15387,285.35385,283.75385,281.65387,282.35385,283.35385,280.85385,282.95386,282.65387,281.05386,279.65387,281.45386,282.75385,280.85385,282.05386,282.95386,282.15387,282.15387,282.65387,284.15387,285.05386,285.35385,287.05386,287.05386,288.35385,287.15387,286.25385,285.85385,285.35385,287.25385,284.25385,284.15387,283.75385,284.75385,284.05386,281.95386,279.85385,278.15387,277.35385,278.95386
283.55386,284.05386,286.25385,281.55386,280.55386,279.45386,282.55386,280.85385,282.65387,282.25385,282.45386,281.25385,280.35385,281.55386,279.55386,280.95386,281.05386,280.95386,281.35385,280.95386,282.05386,283.15387,284.35385,286.45386,286.55386,284.45386,287.25385,288.65387,284.95386,287.05386,287.25385,286.15387,283.65387,282.85385,282.45386,282.45386,283.65387,281.65387,279.85385,279.35385,279.45386
