wind_kz.json
{"header": {"discipline":0,"disciplineName":"Meteorological products","gribEdition":2,"gribLength":1025,"center":7,"centerName":"US National Weather Service - NCEP(WMC)","subcenter":0,"refTime":"2023-09-20T00:00:00.000Z","significanceOfRT":1,"significanceOfRTName":"Start of forecast","productStatus":0,"productStatusName":"Operational products","productType":1,"productTypeName":"Forecast products","productDefinitionTemplate":0,"productDefinitionTemplateName":"Analysis/forecast at horizontal level/layer at a point in time","parameterCategory":2,"parameterCategoryName":"UnknownDiscipline_0_Category_2","parameterNumber":2,"parameterNumberName":"UnknownParameter_D0_C2_2","parameterUnit":"Unknown","genProcessType":2,"genProcessTypeName":"Forecast","forecastTime":60,"surface1Type":103,"surface1TypeName":"Specified height level above ground","surface1Value":10.0,"surface2Type":255,"surface2TypeName":"Missing","surface2Value":0.0,"gridDefinitionTemplate":0,"gridDefinitionTemplateName":"Latitude_Longitude","numberPoints":615,"shape":6,"shapeName":"Earth spherical with radius of 6,371,229.0 m","gridUnits":"degrees","resolution":48,"winds":"true","scanMode":64,"nx":41,"ny":15,"basicAngle":0,"lo1":47.0,"la1":41.0,"lo2":87.0,"la2":55.0,"dx":1.0,"dy":1.0}, "data":
[rows 0 to 14 of 15, columns 0 to 40 of 41]
0.49141175,1.3314117,-2.3085883,-6.768588,-3.5785882,-2.3485882,-5.1985884,-6.9885883,-7.038588,-6.538588,-5.4285884,-4.478588,-3.9585884,-3.8385882,-3.0485883,-3.0485883,-3.1285882,-4.0285883,-4.148588,-3.7385883,-3.1285882,-0.38858825,1.7014117,4.1314116,-1.8785882,-1.8885883,-2.4185882,3.0014117,1.2014117,2.1014118,4.3414116,0.54141176,0.66141176,1.9614117,-0.5485883,3.3614118,-0.61858827,-1.9585882,-1.1685883,-1.7585883,1.8814118
-0.43858826,-3.3285882,-6.3885884,-6.9485884,-3.2685883,-0.41858825,-5.338588,-5.3485885,-5.878588,-5.2385883,-5.188588,-3.5685883,-4.1185884,-3.2085884,-3.0385883,-2.1585882,-1.4285883,-2.5585883,-3.3685882,-3.3385882,-3.3485882,-1.7285882,-1.6985883,0.13141175,1.6514118,-0.6085883,-0.14858826,0.74141175,0.13141175,0.041411743,1.2814118,0.73141176,0.13141175,1.6814117,0.15141174,0.45141175,-0.19858825,-0.83858824,1.0014118,-1.2585883,-0.77858824
-6.3285885,-7.558588,-7.9085884,-6.0285883,-3.4585884,-5.0785885,-4.7185884,-4.518588,-4.038588,-3.9785883,-4.208588,-2.5685883,-3.7885883,-2.1485882,-1.6285882,-1.8285882,-1.3185883,-1.5485883,-2.8285882,-1.9085883,-0.56858826,-0.69858825,-3.3185883,-3.3185883,-0.6785883,0.13141175,-0.7285883,0.36141175,-2.7085884,0.20141174,1.4914117,-0.95858824,2.2114117,3.5014117,2.8214118,-1.6185882,1.0914117,-0.7285883,4.041412,-1.0485883,-0.5985882
-8.738588,-8.198588,-6.608588,-2.9885883,3.1114118,-3.0985882,-2.7585883,-3.4685884,-3.4585884,-3.1485882,-3.9985883,-5.458588,-4.038588,-2.0785882,1.6614118,-0.39858827,-0.88858825,0.101411745,-1.1985883,-2.1785882,-1.0885882,-3.4985883,-0.93858826,-0.43858826,0.09141174,1.0114118,-0.35858825,2.3314118,4.2614117,4.2014117,3.9114118,5.3614116,11.221411,11.001411,8.811412,6.021412,2.0114117,-0.44858825,-0.9785883,-1.1485883,-1.1985883
-8.458589,-8.278588,-6.998588,-5.0085883,-3.2485883,-2.5885882,-1.4585882,-1.6785883,-2.0185883,-1.6685883,-2.1085882,-5.058588,-1.4185883,-0.34858826,3.3914118,0.0014117431,0.7114117,0.33141175,-0.5385883,-0.64858824,0.08141174,0.6414117,-0.15858826,0.5214117,-0.94858825,-1.4985882,1.2614118,-1.2385882,1.2214117,-0.038588256,2.1714118,2.3514118,1.5514117,0.36141175,0.27141175,3.5214117,6.6314116,0.32141173,3.3614118,2.2214117,1.9714117
-6.5785885,-5.4285884,-5.168588,-4.2985883,-3.6985884,-2.1085882,-1.0085883,-1.3985883,-1.2285882,-2.4685884,-1.2385882,-0.34858826,0.50141174,1.6014117,0.85141176,0.25141174,1.6414118,1.8314117,1.2414117,1.6414118,-0.17858826,0.071411744,0.24141175,0.7614117,0.33141175,-2.6385882,1.3414117,-0.48858824,2.7414117,1.6014117,1.0014118,1.0714117,1.7814118,3.3414118,2.7314117,-0.39858827,5.5914116,7.4214115,10.091412,1.2314117,3.9814117
-4.708588,-4.7785883,-3.8485882,-4.2185884,-1.8985883,-0.038588256,-3.6685882,-2.7785883,-2.4785883,-1.5085883,-1.3085883,-0.29858825,-0.34858826,-0.26858824,0.54141176,1.3514117,1.4014118,1.6814117,2.1714118,3.0714118,1.7214117,1.6414118,1.3314117,1.1614118,1.7414117,2.8614118,1.5114118,2.4014118,1.4114118,1.2514118,0.39141175,0.84141177,0.79141176,1.6714118,3.6214118,1.5314118,2.2114117,-0.70858824,3.1714118,-0.63858825,2.7614117
-4.898588,-4.6585884,-3.9285882,-3.3985882,-3.5885882,-3.3785882,-2.2585883,-2.1685882,-1.7285882,-0.76858824,0.021411743,0.7614117,0.24141175,1.3014117,1.1714118,1.5914117,2.6714118,3.4814117,3.2114117,3.0414116,3.4514117,2.0314116,0.62141174,0.5214117,1.6814117,1.3114117,2.3814118,3.1914117,1.3914118,2.3914118,1.3314117,3.5614119,0.54141176,0.27141175,0.97141176,1.9114118,2.0314116,4.1314116,4.791412,4.2814116,3.0214117
-4.3685884,-3.8385882,-3.6085882,-3.1285882,-2.8485882,-1.8985883,-1.9385883,-1.1385883,-0.51858824,-0.18858826,1.2314117,2.1614118,2.6614118,2.4714117,2.9414117,3.5014117,3.7314117,3.9514117,4.3414116,4.771412,4.9514117,5.081412,3.3014116,3.2414117,4.0914116,3.4114118,3.4014118,3.7714117,3.1414118,3.0414116,0.18141174,0.69141173,1.8514117,2.6514118,0.33141175,1.0214118,-0.058588255,-0.25858825,0.9614117,0.19141175,-0.46858826
-3.0885882,-2.9285882,-2.6185882,-1.6985883,-1.3785882,-0.28858826,0.53141177,1.0514117,1.5814117,2.1714118,2.7114117,3.2614117,3.4614117,3.2114117,3.8314118,3.7314117,4.1514115,4.9914117,5.4514117,5.501412,6.7014117,6.851412,6.6114116,6.521412,6.1114116,6.161412,5.6714115,5.661412,5.311412,5.481412,1.8414117,2.6414118,1.8414117,2.7814116,0.46141174,-0.30858827,0.50141174,0.56141174,0.93141174,1.4914117,0.54141176
-1.3085883,-0.74858826,-0.078588255,0.7614117,1.5914117,2.0614119,1.6214118,2.2214117,2.7514117,2.8414118,3.2714117,4.161412,4.621412,4.8414116,5.4314117,5.391412,5.481412,5.0914116,5.061412,6.021412,6.851412,6.7014117,6.521412,6.6814117,6.521412,6.9714117,7.291412,6.9214115,6.371412,6.9214115,6.441412,3.9514117,3.9514117,3.7614117,3.7914116,1.9714117,0.55141175,1.4414117,0.7714117,-0.24858826,0.88141173
1.3214117,1.9114118,2.5614119,2.5114117,2.5014117,2.5614119,2.8814118,2.9614117,3.4314117,3.8314118,4.391412,5.441412,5.481412,5.161412,5.5514116,5.4714117,6.4214115,7.1514115,5.4014115,5.581412,5.6714115,6.5914116,6.4914117,6.8214116,7.0114117,7.4014115,7.8014116,8.001411,8.131412,7.5314116,4.941412,5.0914116,5.2814116,4.3814116,3.1014118,3.3714118,2.8814118,1.8914118,1.2914118,0.67141175,0.87141174
2.3814118,2.4714117,2.2214117,2.9014118,3.2414117,2.8414118,3.8914118,4.7014117,6.291412,3.4714117,3.4614117,5.5514116,5.0114117,5.7214117,5.9214115,5.371412,5.3014116,5.601412,5.3014116,7.4014115,5.9314117,6.9914117,6.5714116,7.211412,7.9014115,8.241412,8.571412,7.8614116,7.161412,6.9214115,6.771412,6.501412,5.851412,5.231412,5.3014116,4.2814116,3.9714117,1.5414118,2.2914116,2.0414116,1.1714118
2.3614118,2.0914118,1.1614118,3.8414118,4.391412,5.081412,4.1314116,5.371412,5.101412,3.8414118,2.2714117,3.8814118,4.7214117,3.9614117,4.0914116,4.4214115,5.441412,5.5114117,5.5914116,6.621412,7.061412,6.2814116,8.161411,7.371412,8.771412,8.311412,9.431412,8.461411,8.001411,7.7414117,7.081412,6.481412,5.6714115,5.501412,4.791412,4.941412,4.0114117,3.4614117,2.5014117,1.0714117,2.4614117
2.4914117,3.9014118,4.271412,4.331412,4.8014116,4.871412,3.9514117,3.6514118,5.0714116,4.2214117,2.6214118,4.041412,4.7014117,4.771412,5.4714117,6.271412,6.081412,4.4714117,6.001412,5.5714116,4.5114117,5.1814117,5.271412,7.3014116,7.6814117,6.891412,6.4514117,6.521412,8.531412,8.4214115,8.101412,7.661412,6.5314116,5.351412,5.751412,5.3614116,4.461412,5.811412,3.7814116,3.1114118,0.44141173
