wind.json
{"header": {"discipline":0,"disciplineName":"Meteorological products","gribEdition":2,"gribLength":953,"center":7,"centerName":"US National Weather Service - NCEP(WMC)","subcenter":0,"refTime":"2023-06-27T00:00:00.000Z","significanceOfRT":1,"significanceOfRTName":"Start of forecast","productStatus":0,"productStatusName":"Operational products","productType":1,"productTypeName":"Forecast products","productDefinitionTemplate":0,"productDefinitionTemplateName":"Analysis/forecast at horizontal level/layer at a point in time","parameterCategory":0,"parameterCategoryName":"UnknownDiscipline_0_Category_0","parameterNumber":0,"parameterNumberName":"UnknownParameter_D0_C0_0","parameterUnit":"Unknown","genProcessType":2,"genProcessTypeName":"Forecast","forecastTime":240,"surface1Type":1,"surface1TypeName":"Ground or water surface","surface1Value":0.0,"surface2Type":255,"surface2TypeName":"Missing","surface2Value":0.0,"gridDefinitionTemplate":0,"gridDefinitionTemplateName":"Latitude_Longitude","numberPoints":688,"shape":6,"shapeName":"Earth spherical with radius of 6,371,229.0 m","gridUnits":"degrees","resolution":48,"winds":"true","scanMode":64,"nx":43,"ny":16,"basicAngle":0,"lo1":45.0,"la1":40.0,"lo2":87.0,"la2":55.0,"dx":1.0,"dy":1.0}, "data":
[rows 0 to 15 of 16, columns 0 to 42 of 43]
285.80878,279.90878,295.5088,296.7088,296.6088,298.1088,297.2088,295.6088,301.1088,300.2088,299.80878,299.30878,299.80878,298.40878,296.30878,299.5088,300.1088,299.90878,299.5088,298.7088,296.90878,295.0088,292.30878,295.0088,291.0088,288.80878,289.30878,283.2088,278.5088,277.90878,279.2088,291.6088,294.30878,296.6088,296.2088,297.80878,298.7088,297.80878,300.40878,299.7088,298.6088,298.80878,298.7088
289.2088,296.30878,295.6088,289.80878,295.6088,297.2088,297.0088,295.2088,299.6088,301.80878,299.80878,296.6088,297.80878,299.6088,299.2088,299.2088,300.0088,297.90878,298.1088,298.30878,299.2088,296.5088,296.90878,295.7088,291.5088,290.30878,293.30878,295.7088,291.40878,277.80878,279.80878,279.40878,279.5088,281.0088,289.7088,296.7088,298.5088,297.90878,298.2088,299.2088,299.90878,299.90878,299.90878
289.0088,287.0088,277.7088,293.30878,296.80878,297.0088,296.6088,294.6088,301.6088,301.1088,298.30878,297.40878,298.40878,297.40878,296.6088,298.30878,298.80878,297.2088,298.0088,299.30878,297.7088,298.0088,296.2088,296.2088,293.0088,286.6088,275.7088,276.1088,283.90878,274.90878,277.6088,274.40878,280.30878,273.0088,282.0088,257.80878,278.0088,293.90878,292.90878,295.2088,298.6088,291.5088,283.40878
291.30878,294.2088,295.5088,297.0088,297.0088,297.0088,296.0088,301.0088,301.0088,300.30878,298.7088,297.2088,297.30878,296.7088,295.6088,296.40878,298.40878,298.2088,296.80878,295.80878,296.40878,296.6088,297.5088,296.7088,296.80878,289.5088,288.90878,289.2088,291.40878,289.80878,290.5088,281.30878,274.5088,276.40878,282.30878,281.80878,282.90878,284.6088,277.5088,280.1088,281.6088,277.80878,277.1088
296.7088,298.0088,296.5088,297.6088,297.80878,297.0088,297.40878,299.5088,300.90878,300.1088,299.80878,299.5088,296.90878,297.7088,295.1088,294.5088,297.2088,298.6088,299.2088,297.6088,298.90878,297.80878,296.40878,291.30878,294.6088,295.7088,293.90878,294.7088,295.40878,296.1088,292.30878,292.40878,292.7088,290.40878,295.0088,291.90878,292.40878,289.5088,278.90878,275.80878,283.1088,291.2088,295.0088
296.30878,299.2088,299.0088,298.2088,298.2088,298.5088,299.40878,300.5088,302.40878,301.7088,301.2088,299.40878,298.2088,296.80878,295.5088,294.90878,292.0088,299.0088,298.90878,298.1088,300.90878,298.5088,297.1088,297.40878,295.5088,295.5088,294.80878,295.2088,292.90878,292.6088,294.40878,294.6088,295.7088,290.7088,280.80878,273.90878,283.80878,293.30878,294.40878,298.7088,299.40878,297.6088,299.2088
297.6088,299.7088,299.40878,300.30878,298.80878,297.6088,297.7088,297.30878,302.30878,304.5088,301.40878,299.5088,298.80878,298.0088,294.30878,294.2088,295.2088,297.40878,297.5088,297.6088,297.7088,301.7088,297.2088,296.1088,295.7088,294.7088,294.80878,293.40878,294.2088,290.6088,295.1088,296.40878,294.90878,294.2088,293.7088,292.1088,291.0088,292.1088,285.7088,287.40878,297.40878,298.1088,298.6088
299.80878,301.5088,301.7088,297.5088,300.80878,300.40878,298.7088,299.7088,302.80878,302.30878,301.6088,300.30878,299.2088,298.5088,298.1088,297.6088,296.5088,297.1088,297.1088,297.40878,296.90878,297.0088,296.2088,296.30878,295.5088,295.2088,294.40878,294.40878,294.0088,295.1088,295.2088,295.0088,294.0088,294.6088,294.0088,294.2088,293.5088,291.7088,287.30878,283.80878,282.7088,282.80878,293.6088
298.5088,299.0088,301.90878,301.40878,302.5088,302.30878,303.1088,303.1088,303.80878,300.6088,298.80878,298.1088,296.7088,296.80878,295.30878,296.90878,296.40878,296.80878,296.2088,296.80878,298.1088,297.1088,293.5088,294.1088,293.7088,293.5088,292.5088,289.0088,290.5088,291.7088,290.5088,292.1088,291.40878,291.90878,290.7088,289.7088,289.2088,292.1088,292.40878,288.2088,293.40878,292.90878,291.40878
291.80878,299.6088,299.2088,299.90878,299.40878,297.90878,300.0088,300.30878,298.90878,298.80878,297.30878,296.0088,294.0088,294.6088,292.90878,294.30878,294.30878,295.1088,294.6088,294.40878,294.40878,293.5088,291.80878,292.1088,292.90878,292.40878,291.2088,291.2088,288.2088,287.7088,286.40878,286.7088,288.80878,289.40878,290.6088,291.30878,291.1088,289.30878,291.2088,289.90878,283.30878,281.80878,282.2088
291.5088,293.40878,295.1088,294.7088,297.5088,298.0088,297.30878,298.30878,296.80878,295.5088,295.1088,293.1088,292.40878,292.0088,293.0088,293.1088,293.0088,293.1088,294.0088,293.30878,293.1088,293.40878,292.1088,292.7088,293.2088,293.40878,294.5088,292.0088,291.30878,291.1088,289.90878,290.80878,290.7088,292.5088,293.1088,293.90878,292.5088,291.2088,287.80878,286.0088,284.1088,283.30878,282.30878
289.0088,290.1088,291.5088,293.40878,294.30878,294.1088,292.80878,294.2088,293.2088,293.0088,292.2088,292.90878,290.90878,289.80878,292.2088,292.2088,294.30878,294.6088,295.90878,292.30878,292.7088,291.90878,291.90878,292.1088,291.90878,291.7088,293.5088,294.1088,290.40878,293.0088,293.6088,294.90878,294.5088,294.30878,293.80878,292.5088,291.6088,290.6088,288.2088,284.80878,284.0088,284.7088,282.90878
286.0088,288.0088,289.0088,288.7088,289.2088,291.0088,292.1088,290.30878,290.2088,290.1088,291.30878,290.0088,287.6088,287.90878,290.6088,290.6088,291.2088,292.80878,295.30878,292.5088,291.1088,290.6088,290.5088,290.6088,291.0088,293.0088,291.6088,292.80878,292.40878,293.90878,294.7088,295.2088,293.6088,293.7088,292.90878,292.2088,291.0088,292.0088,291.7088,291.40878,289.80878,288.5088,287.40878
284.90878,284.90878,285.5088,285.2088,287.80878,288.5088,288.2088,289.2088,289.40878,289.7088,290.5088,290.2088,287.90878,286.90878,289.40878,288.80878,292.1088,290.5088,291.80878,291.6088,292.0088,291.6088,293.40878,289.2088,289.0088,290.2088,292.7088,293.90878,295.40878,294.2088,293.80878,292.90878,293.2088,292.6088,292.30878,292.2088,291.0088,290.1088,289.80878,290.2088,289.7088,289.40878,288.80878
285.30878,285.40878,288.7088,286.2088,288.90878,286.7088,285.90878,286.1088,287.1088,286.30878,287.1088,287.5088,287.7088,285.7088,285.6088,287.5088,288.90878,289.80878,290.0088,289.7088,290.40878,291.1088,291.0088,290.30878,291.2088,291.5088,291.6088,292.7088,294.6088,294.0088,294.0088,293.30878,292.6088,291.7088,290.80878,290.1088,290.5088,291.7088,289.0088,288.5088,289.0088,288.1088,289.2088
282.5088,284.2088,284.80878,287.30878,291.2088,286.90878,287.0088,285.1088,285.6088,288.7088,286.90878,284.40878,286.1088,284.90878,285.5088,285.5088,286.5088,287.40878,288.2088,289.40878,289.7088,289.6088,290.30878,290.6088,291.30878,291.0088,290.7088,290.7088,291.30878,291.80878,292.0088,292.5088,291.7088,287.6088,291.2088,290.7088,290.2088,289.7088,289.5088,288.90878,288.7088,290.0088,288.40878
