wind.json
{"header": {"discipline":0,"disciplineName":"Meteorological products","gribEdition":2,"gribLength":1125,"center":7,"centerName":"US National Weather Service - NCEP(WMC)","subcenter":0,"refTime":"2023-06-27T00:00:00.000Z","significanceOfRT":1,"significanceOfRTName":"Start of forecast","productStatus":0,"productStatusName":"Operational products","productType":1,"productTypeName":"Forecast products","productDefinitionTemplate":0,"productDefinitionTemplateName":"Analysis/forecast at horizontal level/layer at a point in time","parameterCategory":2,"parameterCategoryName":"UnknownDiscipline_0_Category_2","parameterNumber":2,"parameterNumberName":"UnknownParameter_D0_C2_2","parameterUnit":"Unknown","genProcessType":2,"genProcessTypeName":"Forecast","forecastTime":120,"surface1Type":103,"surface1TypeName":"Specified height level above ground","surface1Value":10.0,"surface2Type":255,"surface2TypeName":"Missing","surface2Value":0.0,"gridDefinitionTemplate":0,"gridDefinitionTemplateName":"Latitude_Longitude","numberPoints":688,"shape":6,"shapeName":"Earth spherical with radius of 6,371,229.0 m","gridUnits":"degrees","resolution":48,"winds":"true","scanMode":64,"nx":43,"ny":16,"basicAngle":0,"lo1":45.0,"la1":40.0,"lo2":87.0,"la2":55.0,"dx":1.0,"dy":1.0}, "data":
[rows 0 to 15 of 16, columns 0 to 42 of 43]
-3.8266993,-1.7766992,0.44330078,-0.2866992,2.513301,3.9633007,1.4933008,2.1533008,2.273301,1.1533008,5.0033007,2.4233007,3.1833007,3.8533008,5.093301,5.763301,6.513301,4.223301,0.32330078,0.53330076,-0.24669921,0.18330078,-0.23669922,0.6833008,0.23330078,-1.3566992,-0.24669921,-0.11669922,-0.3766992,-1.6266992,0.07330078,0.9933008,-0.8566992,-0.65669924,-1.8166993,-2.1966991,-2.2666993,-3.4166992,-2.4366992,-2.1466992,-0.6466992,-1.0066992,0.52330077
1.5133008,-0.5666992,-2.5366993,-0.7966992,2.2133007,3.0933008,2.4033008,3.6033008,3.7433007,3.3633008,2.3333008,1.9633008,2.2133007,4.143301,5.7733006,6.823301,7.743301,2.0533009,-0.04669922,3.1033008,1.4633008,3.0633008,3.5333009,3.3633008,-0.78669924,-3.4266992,1.1533008,-2.1266992,-3.3766992,-2.2466993,-0.026699219,0.22330078,-1.1566992,0.8833008,0.7333008,-0.9366992,-1.5966992,-1.4766992,-1.0566993,-0.23669922,0.27330077,0.19330078,-1.3366992
-0.78669924,-0.45669922,1.9733008,1.8333008,2.4033008,5.1933007,4.9633007,4.6033006,5.1933007,2.9033008,4.263301,1.7333008,3.763301,3.5933008,4.7533007,5.053301,3.2233007,0.9833008,1.6633008,2.3833008,2.1033008,3.1933007,3.1533008,1.5433007,0.5433008,-3.6366992,-0.5066992,1.3033007,-0.90669924,-0.18669921,-1.4066992,-2.0766993,0.12330078,-0.5666992,-0.13669921,-3.0666993,1.0533007,0.59330076,0.6333008,1.9733008,2.0333009,0.6833008,-1.6366992
-0.7066992,-0.3166992,1.8033007,4.8333006,6.113301,7.013301,6.823301,5.7733006,6.033301,4.5833006,3.4833007,2.263301,4.0633006,4.363301,3.9033008,5.183301,4.393301,-2.2866993,1.5933008,3.4833007,-1.2766992,-0.6766992,-3.0566993,-4.6466994,-3.7566993,-3.1966991,1.1233008,-0.65669924,-2.6866992,-2.5966992,-2.0366993,-0.84669924,-1.2866992,3.0333009,-0.18669921,-0.41669923,0.7333008,-0.6266992,0.4633008,-0.01669922,0.5433008,1.8733008,2.2933009
3.7233007,4.3333006,3.9933007,8.973301,7.223301,8.293301,5.893301,5.383301,6.343301,5.403301,3.5933008,3.8033009,5.613301,5.6033006,6.2333007,7.473301,3.9133008,-1.5866992,0.66330075,-0.36669922,-1.6266992,-1.3166993,-2.0066993,-1.7666992,-2.5766993,-5.776699,-6.2866993,-7.4966993,-7.696699,-10.346699,-3.9966993,0.48330078,-0.58669925,-3.6766992,-2.9266992,-3.3066993,-2.7666993,-2.486699,-1.5766993,2.5633008,1.7033008,0.7533008,1.6033008
4.8733006,5.283301,6.053301,8.9933,8.983301,8.4133005,7.763301,4.0833006,6.0633006,4.663301,3.9933007,3.8433008,5.4633007,6.413301,5.243301,5.283301,3.2833009,-2.6966991,-3.9366992,-3.3766992,-4.636699,-7.7266994,-9.366699,-7.236699,-8.1367,-7.586699,-8.066699,-8.606699,-11.326699,-6.236699,-6.0766993,-7.596699,-7.4566994,-3.2066991,-3.2066991,1.3733008,1.4933008,-0.30669922,0.65330076,-2.8966992,-2.6566992,-1.9366993,-4.7266994
6.033301,4.433301,5.5833006,4.0233006,7.783301,7.953301,7.913301,6.883301,6.243301,5.053301,3.0633008,3.2333007,3.8933008,4.413301,4.4233007,6.613301,-1.3866992,-2.9566991,-4.6666994,-4.566699,-6.136699,-5.7466993,-7.106699,-6.676699,-7.006699,-7.356699,-6.8266993,-7.8766994,-7.8966994,-8.156699,-8.0467,-8.556699,-7.986699,-6.236699,-4.986699,-2.4566991,-1.1566992,-0.5466992,1.1233008,2.6233008,3.8333008,3.4933007,-3.5666993
4.6933007,4.7733006,3.9033008,4.4233007,5.153301,5.1233006,5.0233006,4.5033007,5.223301,4.933301,2.1133008,1.8633008,2.9033008,4.0633006,4.5033007,4.703301,-3.6766992,-4.886699,-2.8666992,-3.8666992,-5.676699,-5.7466993,-5.086699,-4.606699,-5.3066993,-5.856699,-7.606699,-8.866699,-6.4366994,-6.7866993,-5.716699,-6.776699,-6.696699,-5.836699,-4.346699,-4.7666993,-1.3866992,-2.0766993,-0.8666992,2.7233007,1.0333008,2.1833007,4.743301
3.9133008,4.4633007,4.183301,4.6933007,4.893301,5.2733006,4.413301,3.5633008,4.0633006,2.8733008,1.7533008,0.10330078,2.0633008,3.8733008,3.6233008,5.343301,-4.8266993,-3.4966993,3.8133008,-4.656699,-4.716699,-7.096699,-3.8866992,-4.336699,-3.4666991,-3.7866993,-3.2966993,-3.6166992,-4.866699,-3.9066992,-5.3766994,-3.8566992,-5.0166993,-3.5066993,-4.1466994,-2.6266992,-2.4466991,2.3733008,5.383301,7.2533007,4.903301,6.383301,1.7233008
4.613301,4.183301,4.2533007,4.243301,4.493301,4.153301,3.5833008,3.9333007,3.1433008,2.5833008,0.29330078,-0.3466992,1.7533008,2.8933008,3.6633008,0.9933008,-4.6466994,-2.3266993,2.9133008,-5.046699,-5.8266993,-6.316699,-5.9566994,-3.5366993,-3.8566992,-4.1466994,-3.6066992,-4.5566993,-3.0066993,-3.3866992,-1.9766992,-2.2566993,-3.1366992,-2.1366992,-1.5566993,-1.4466993,0.45330077,0.9933008,0.35330078,-2.9066992,-2.4466991,0.4933008,-1.1866993
3.8033009,3.9333007,3.9633007,4.183301,3.9633007,3.9433007,3.9833007,3.773301,3.3433008,1.5433007,0.06330078,0.083300784,0.4033008,1.6833007,2.0933008,2.263301,-8.166699,-0.9866992,0.59330076,-3.8566992,-4.5566993,-3.236699,-4.346699,-2.8866992,-3.2866993,-4.546699,-4.886699,-4.2066994,-2.9366992,-3.9166992,-3.2966993,-2.3866992,-1.9766992,-1.9166992,-2.7066991,-1.5466992,-0.15669923,0.39330077,-0.4066992,-0.33669922,-2.7066991,-1.0566993,0.36330077
2.8233008,4.093301,3.773301,4.2133007,4.143301,4.203301,3.5533009,3.1333008,2.6933007,2.023301,0.10330078,-0.6266992,-0.58669925,1.9933008,2.9233007,2.7233007,-2.0366993,-2.2866993,-2.0866992,4.3533006,-3.4666991,-3.3866992,-3.7666993,-3.8366992,-2.986699,-3.1266992,-2.476699,-3.3366992,-2.3366992,-1.1666992,-1.1166992,-1.7866992,-2.5366993,-2.7566993,-2.6466992,-2.0166993,-1.3866992,-0.3466992,-1.3766992,-0.9866992,0.38330078,-0.11669922,-0.7366992
3.8533008,3.1033008,3.2933009,3.7933009,4.893301,3.6933007,3.1233008,2.3233008,1.2333008,0.8233008,-1.2766992,-1.8866992,-1.4166992,2.1933007,2.0433009,1.9933008,-0.97669923,1.2533008,0.4633008,4.0833006,-2.9666991,-2.8466992,-4.096699,-2.1166992,-3.4366992,-2.5066993,-1.9166992,-1.1266992,-2.1166992,-1.2866992,-2.1766992,-2.5866992,-2.6166992,-2.6566992,-1.7966992,-2.9266992,-1.8166993,-1.8866992,-1.3666992,0.9933008,0.4333008,0.3433008,-0.10669922
3.3933008,3.9033008,4.203301,4.4233007,3.1733007,2.8133008,2.013301,1.3233008,0.2833008,-0.9966992,-1.6266992,-1.8166993,-1.1466992,1.3333008,2.2233007,2.6933007,2.7233007,4.5833006,1.9333007,3.3333008,0.6733008,-3.0766993,-2.8566992,-1.9366993,-1.2566992,-1.7866992,-0.03669922,-0.7066992,-1.4566993,-2.226699,-1.9866992,-1.8866992,-1.6066992,-2.236699,-1.9066992,-2.3766992,-1.6566992,-2.0866992,-1.0766993,-0.6366992,-1.2166992,-0.19669922,0.3433008
3.023301,1.9433007,3.7533007,4.0633006,3.263301,2.8633008,1.4833008,0.66330075,0.21330078,-0.35669923,-0.41669923,0.0033007814,-1.0966992,0.6433008,1.9233007,3.9333007,2.7933009,0.8833008,-0.42669922,2.6633008,2.5733008,-2.9566991,-2.5166993,-2.1366992,-1.5866992,-1.8866992,-2.6766992,-3.0566993,-2.4166992,-1.8666992,-1.7066993,-2.0566993,-1.5866992,-1.0066992,-0.21669921,-0.72669923,-0.5166992,-0.24669921,-0.6966992,-0.7066992,-0.5166992,-0.18669921,0.27330077
3.5033007,2.9033008,2.4033008,3.773301,5.4633007,2.4133008,2.1733007,1.1333008,0.9533008,-0.04669922,1.6533008,0.53330076,-0.52669924,1.3633008,0.36330077,2.1633008,3.7533007,0.45330077,-1.8466992,-0.16669922,-0.4966992,-3.3266993,-2.8566992,-2.3966992,-2.1966991,-2.6266992,-2.5766993,-2.6366992,-1.9866992,-1.7166992,-1.7666992,-1.7466992,-1.0766993,-0.72669923,-0.2866992,0.33330077,1.0933008,1.3133007,0.27330077,0.6833008,0.7933008,-0.07669922,-0.35669923
