wind_kz.json
{"header": {"discipline":0,"disciplineName":"Meteorological products","gribEdition":2,"gribLength":948,"center":7,"centerName":"US National Weather Service - NCEP(WMC)","subcenter":0,"refTime":"2024-02-02T00:00:00.000Z","significanceOfRT":1,"significanceOfRTName":"Start of forecast","productStatus":0,"productStatusName":"Operational products","productType":1,"productTypeName":"Forecast products","productDefinitionTemplate":0,"productDefinitionTemplateName":"Analysis/forecast at horizontal level/layer at a point in time","parameterCategory":0,"parameterCategoryName":"UnknownDiscipline_0_Category_0","parameterNumber":0,"parameterNumberName":"UnknownParameter_D0_C0_0","parameterUnit":"Unknown","genProcessType":2,"genProcessTypeName":"Forecast","forecastTime":300,"surface1Type":1,"surface1TypeName":"Ground or water surface","surface1Value":0.0,"surface2Type":255,"surface2TypeName":"Missing","surface2Value":0.0,"gridDefinitionTemplate":0,"gridDefinitionTemplateName":"Latitude_Longitude","numberPoints":615,"shape":6,"shapeName":"Earth spherical with radius of 6,371,229.0 m","gridUnits":"degrees","resolution":48,"winds":"true","scanMode":64,"nx":41,"ny":15,"basicAngle":0,"lo1":47.0,"la1":41.0,"lo2":87.0,"la2":55.0,"dx":1.0,"dy":1.0}, "data":
[rows 0 to 14 of 15, columns 0 to 40 of 41]
289.03638,282.83636,290.13638,280.53638,280.93637,282.2364,289.03638,293.7364,292.03638,293.13638,292.53638,294.2364,293.43637,292.83636,292.2364,290.93637,291.33636,288.53638,292.53638,290.7364,290.33636,289.03638,288.7364,284.53638,283.63638,284.53638,275.33636,258.43637,257.13638,255.33638,258.33636,253.73637,263.13638,274.7364,275.63638,273.7364,274.2364,272.83636,271.93637,271.7364,273.2364
268.93637,290.7364,280.33636,280.2364,280.63638,281.13638,293.03638,293.33636,293.93637,294.63638,293.93637,291.93637,292.83636,291.7364,291.7364,291.2364,291.2364,290.7364,289.43637,290.43637,289.53638,287.7364,284.93637,274.7364,257.93637,261.53638,263.7364,253.73637,257.33636,251.93637,264.53638,242.03638,265.13638,241.23637,250.23637,265.43637,261.63638,271.83636,272.43637,268.93637,270.2364
287.93637,278.93637,280.13638,280.43637,280.43637,292.63638,292.43637,291.83636,290.33636,290.63638,290.13638,290.7364,290.53638,290.03638,287.7364,287.63638,287.83636,284.83636,284.93637,285.83636,286.43637,287.13638,285.93637,275.03638,283.03638,280.33636,278.33636,278.33636,277.7364,268.03638,255.73637,260.03638,261.43637,259.13638,257.93637,265.53638,257.03638,252.33638,254.43637,258.63638,253.63638
290.33636,275.7364,277.63638,278.83636,282.7364,291.13638,289.93637,289.93637,290.33636,287.93637,287.83636,286.13638,281.33636,282.03638,286.63638,284.53638,284.33636,283.33636,282.93637,282.93637,285.7364,270.83636,279.7364,278.33636,279.7364,279.53638,280.43637,278.13638,273.83636,271.93637,270.83636,270.93637,277.33636,273.2364,264.43637,267.2364,257.53638,254.93637,268.13638,258.63638,265.53638
285.2364,273.13638,272.2364,273.2364,279.93637,289.33636,288.13638,288.33636,287.43637,286.13638,284.43637,282.2364,279.03638,279.03638,278.33636,281.93637,281.63638,281.53638,281.53638,278.83636,280.93637,280.83636,278.33636,276.7364,274.53638,273.43637,270.53638,272.83636,276.7364,275.2364,272.83636,271.7364,265.2364,250.43637,267.93637,256.53638,258.53638,257.93637,259.43637,258.93637,260.83636
286.33636,285.13638,273.13638,272.83636,272.43637,272.83636,288.2364,288.03638,284.7364,283.63638,282.83636,281.7364,279.2364,279.03638,277.13638,279.33636,275.53638,278.33636,276.7364,276.83636,273.7364,277.03638,272.93637,270.43637,270.2364,270.43637,272.7364,271.03638,269.93637,269.03638,269.03638,271.7364,265.2364,263.03638,268.03638,268.53638,268.2364,266.2364,258.93637,257.2364,258.93637
285.93637,286.83636,288.2364,286.2364,280.7364,286.53638,288.13638,284.63638,284.03638,283.33636,280.7364,277.33636,278.83636,278.03638,275.63638,275.7364,274.63638,272.83636,271.43637,271.7364,270.43637,270.43637,270.03638,269.63638,269.83636,268.43637,266.63638,269.03638,268.83636,268.53638,268.43637,268.2364,266.7364,263.2364,262.93637,265.33636,266.2364,266.53638,260.63638,261.83636,260.13638
285.83636,285.93637,285.2364,285.2364,284.53638,283.7364,284.03638,282.33636,280.63638,277.2364,273.43637,274.53638,270.93637,271.13638,274.2364,274.2364,272.13638,270.93637,270.13638,270.83636,268.13638,267.7364,267.43637,268.13638,266.63638,266.03638,263.93637,264.33636,264.7364,267.03638,266.83636,264.7364,268.03638,264.93637,261.43637,256.63638,257.83636,259.53638,259.53638,260.93637,258.43637
284.43637,284.13638,284.53638,284.03638,283.2364,282.53638,281.7364,279.63638,275.63638,272.13638,271.33636,270.13638,268.43637,268.53638,269.03638,269.93637,270.53638,271.03638,270.33636,268.83636,268.43637,266.53638,266.2364,265.53638,265.7364,265.03638,265.43637,265.33636,263.13638,263.83636,263.2364,264.53638,271.13638,270.13638,266.43637,261.7364,261.33636,262.83636,261.2364,262.93637,259.7364
283.63638,282.33636,282.2364,282.13638,281.13638,279.53638,274.33636,271.63638,271.2364,271.43637,270.2364,269.13638,268.53638,267.43637,267.83636,267.33636,268.33636,268.63638,267.93637,268.53638,268.13638,267.83636,266.53638,265.43637,266.53638,265.33636,266.2364,264.83636,263.13638,262.93637,270.03638,270.83636,271.7364,271.13638,263.63638,262.2364,264.63638,267.43637,264.83636,266.93637,265.63638
282.2364,281.53638,280.2364,273.7364,275.2364,272.2364,271.53638,271.03638,270.53638,270.43637,269.43637,268.03638,267.53638,267.83636,266.43637,266.53638,266.2364,266.03638,266.93637,267.63638,267.2364,266.13638,264.43637,264.43637,264.93637,264.7364,265.2364,270.13638,271.53638,273.93637,272.03638,272.13638,271.83636,271.03638,269.13638,264.83636,269.43637,268.43637,265.2364,269.83636,268.13638
273.33636,278.83636,278.83636,273.83636,270.7364,270.53638,270.2364,270.03638,269.33636,270.2364,271.83636,265.93637,266.83636,266.43637,266.13638,265.93637,265.7364,265.53638,267.03638,265.7364,265.93637,263.93637,263.63638,262.83636,265.53638,266.43637,266.7364,271.53638,271.33636,270.2364,270.63638,268.7364,272.53638,272.83636,272.93637,272.43637,272.13638,273.2364,272.7364,272.93637,272.83636
274.83636,274.03638,274.93637,272.53638,274.33636,273.53638,269.33636,268.2364,268.93637,270.43637,273.13638,270.7364,266.63638,267.53638,267.2364,267.2364,266.63638,266.33636,265.2364,265.53638,265.63638,265.83636,267.43637,266.43637,268.13638,268.03638,270.33636,267.13638,271.7364,272.63638,272.63638,272.43637,272.7364,272.83636,272.7364,272.63638,272.83636,272.93637,272.43637,272.2364,271.93637
274.2364,271.93637,272.63638,271.33636,271.03638,270.83636,269.93637,270.53638,271.33636,270.43637,273.2364,272.93637,267.93637,266.83636,270.13638,268.2364,268.13638,267.2364,265.93637,266.43637,266.53638,266.83636,267.2364,270.03638,272.93637,272.7364,271.93637,271.7364,271.63638,271.2364,271.13638,271.03638,270.53638,270.63638,269.83636,268.33636,269.13638,269.63638,269.33636,268.13638,270.03638
273.63638,272.2364,271.33636,271.13638,271.53638,271.63638,270.83636,271.7364,271.83636,272.93637,273.2364,273.03638,273.33636,273.33636,272.93637,272.2364,271.93637,272.53638,272.63638,271.7364,271.63638,270.93637,271.03638,270.53638,270.33636,269.83636,267.93637,267.33636,268.63638,268.53638,268.13638,267.53638,267.03638,266.63638,265.83636,265.43637,265.13638,265.03638,265.33636,264.33636,264.83636
