wind_kz.json
{"header": {"discipline":0,"disciplineName":"Meteorological products","gribEdition":2,"gribLength":871,"center":7,"centerName":"US National Weather Service - NCEP(WMC)","subcenter":0,"refTime":"2024-02-03T12:00:00.000Z","significanceOfRT":1,"significanceOfRTName":"Start of forecast","productStatus":0,"productStatusName":"Operational products","productType":1,"productTypeName":"Forecast products","productDefinitionTemplate":0,"productDefinitionTemplateName":"Analysis/forecast at horizontal level/layer at a point in time","parameterCategory":0,"parameterCategoryName":"UnknownDiscipline_0_Category_0","parameterNumber":0,"parameterNumberName":"UnknownParameter_D0_C0_0","parameterUnit":"Unknown","genProcessType":2,"genProcessTypeName":"Forecast","forecastTime":60,"surface1Type":1,"surface1TypeName":"Ground or water surface","surface1Value":0.0,"surface2Type":255,"surface2TypeName":"Missing","surface2Value":0.0,"gridDefinitionTemplate":0,"gridDefinitionTemplateName":"Latitude_Longitude","numberPoints":615,"shape":6,"shapeName":"Earth spherical with radius of 6,371,229.0 m","gridUnits":"degrees","resolution":48,"winds":"true","scanMode":64,"nx":41,"ny":15,"basicAngle":0,"lo1":47.0,"la1":41.0,"lo2":87.0,"la2":55.0,"dx":1.0,"dy":1.0}, "data":
[rows 0 to 14 of 15, columns 0 to 40 of 41]
275.63153,266.43155,273.53156,280.23154,280.73154,282.13153,280.83154,279.63153,276.53156,276.93155,276.83154,276.53156,276.03156,276.03156,275.13153,273.93155,274.23154,273.53156,275.93155,275.43155,275.13153,275.63153,274.63153,271.03156,270.43155,272.43155,267.63153,253.43155,250.83154,250.43155,249.73154,248.03154,255.83154,267.63153,268.43155,268.63153,268.03156,268.13153,268.23154,266.73154,268.03156
256.63153,275.23154,280.23154,279.83154,280.43155,281.23154,279.23154,277.93155,277.33154,276.63153,276.83154,275.73154,275.03156,275.23154,272.83154,272.63153,274.63153,273.73154,273.93155,275.33154,274.63153,273.83154,271.73154,265.43155,250.43155,253.83154,259.43155,251.93155,254.13155,251.63155,258.63153,241.43155,252.33154,236.23154,244.63155,257.73154,263.13153,265.03156,265.83154,259.53156,261.83154
274.53156,279.03156,280.03156,280.23154,280.33154,276.13153,275.93155,276.33154,275.13153,275.53156,275.83154,274.73154,274.33154,273.93155,272.03156,271.13153,272.53156,271.53156,272.93155,272.93155,272.73154,271.93155,271.23154,264.23154,271.33154,268.93155,265.53156,265.63153,268.43155,260.43155,250.83154,253.63155,255.73154,254.43155,249.43155,256.93155,251.13155,247.03154,247.73154,248.63155,246.93155
274.83154,275.73154,277.83154,279.03156,278.03156,274.53156,274.43155,274.93155,276.03156,274.93155,275.23154,274.93155,281.23154,281.83154,272.53156,271.13153,271.83154,270.73154,271.03156,272.13153,272.03156,266.73154,269.93155,268.33154,268.53156,268.73154,268.43155,261.83154,261.63153,263.23154,263.43155,264.23154,268.43155,257.63153,255.63155,260.93155,251.43155,250.03154,257.53156,253.83154,253.93155
275.43155,272.93155,271.83154,272.83154,273.43155,273.73154,273.63153,274.53156,273.43155,273.13153,272.93155,273.23154,279.13153,279.13153,278.33154,271.23154,270.63153,270.43155,271.03156,270.73154,268.83154,268.03156,265.53156,265.83154,264.03156,262.33154,263.63153,262.03156,268.03156,267.33154,267.63153,265.13153,258.73154,245.33154,257.23154,255.63155,257.83154,252.03154,253.23154,254.43155,256.23154
275.63153,274.93155,273.13153,273.03156,271.83154,272.23154,272.63153,272.83154,272.43155,272.03156,271.73154,272.43155,278.23154,279.23154,271.63153,271.33154,270.53156,269.73154,269.33154,269.13153,267.93155,267.63153,266.03156,264.03156,262.83154,261.63153,261.23154,262.63153,261.93155,262.63153,261.83154,263.93155,257.83154,256.33154,260.73154,262.33154,260.73154,258.53156,255.43155,252.53154,254.83154
274.03156,275.03156,277.13153,276.23154,273.83154,274.23154,273.73154,273.03156,271.83154,271.93155,270.83154,270.83154,270.73154,270.83154,269.93155,270.03156,269.83154,269.03156,268.73154,267.13153,266.03156,265.73154,264.13153,263.93155,260.33154,259.73154,258.23154,257.53156,257.03156,257.73154,257.93155,259.23154,257.23154,255.53154,257.33154,257.93155,260.03156,259.03156,255.13155,254.13155,255.23154
273.83154,273.83154,274.13153,274.53156,274.13153,274.03156,273.13153,273.03156,272.13153,271.93155,272.13153,270.93155,270.03156,268.73154,269.63153,268.73154,267.73154,269.03156,269.03156,268.33154,262.13153,261.43155,259.03156,263.43155,262.73154,259.43155,259.93155,251.83154,253.03154,250.73154,252.53154,251.33154,254.43155,255.53154,252.63155,248.43155,249.13155,252.23154,257.03156,258.33154,255.43155
273.03156,273.03156,273.13153,273.23154,273.23154,273.43155,273.33154,273.23154,273.23154,272.93155,272.13153,271.83154,269.93155,270.13153,270.13153,268.63153,268.13153,268.53156,269.13153,269.93155,267.43155,263.23154,262.23154,260.13153,262.23154,261.33154,257.63153,258.23154,257.93155,256.73154,252.13155,255.53154,259.63153,260.93155,259.03156,257.23154,255.43155,255.23154,252.73154,249.83154,249.63155
273.13153,273.03156,272.83154,272.93155,272.63153,272.53156,272.83154,272.93155,272.83154,273.13153,273.13153,273.03156,272.93155,272.13153,271.83154,271.43155,271.63153,271.33154,270.13153,270.53156,269.13153,267.73154,265.53156,263.93155,263.33154,262.63153,260.53156,258.23154,259.23154,259.83154,261.03156,264.13153,264.43155,262.13153,256.43155,252.03154,258.13153,257.33154,253.23154,253.93155,249.33154
272.63153,272.83154,272.43155,272.33154,272.23154,272.43155,272.53156,272.33154,272.43155,272.33154,272.23154,272.83154,273.23154,273.23154,273.13153,272.83154,272.73154,272.33154,271.63153,270.53156,270.13153,269.63153,265.73154,265.23154,265.43155,264.93155,262.73154,264.13153,263.73154,263.63153,263.23154,264.13153,263.53156,262.73154,261.93155,254.43155,257.33154,255.23154,249.93155,254.83154,252.43155
272.43155,272.83154,272.13153,271.73154,271.83154,271.63153,271.23154,271.03156,271.83154,272.23154,271.73154,271.83154,273.03156,273.13153,273.03156,273.23154,273.13153,272.63153,271.83154,270.93155,271.23154,269.93155,268.83154,267.13153,266.33154,266.33154,267.03156,267.13153,266.43155,264.43155,262.63153,263.93155,263.83154,259.93155,261.13153,256.03156,258.43155,260.13153,260.93155,258.63153,255.43155
271.53156,271.83154,272.23154,271.73154,271.63153,271.83154,271.53156,270.73154,269.33154,270.03156,269.33154,270.83154,272.63153,272.43155,272.63153,273.23154,273.23154,272.93155,272.53156,271.73154,271.83154,270.63153,269.63153,267.63153,267.83154,268.63153,268.83154,265.83154,266.03156,265.03156,265.53156,265.53156,262.93155,262.63153,261.83154,261.23154,259.23154,260.13153,258.93155,255.73154,253.03154
271.13153,271.23154,271.43155,271.13153,270.43155,270.43155,270.33154,270.13153,263.63153,265.63153,266.83154,267.13153,266.93155,269.53156,271.23154,272.03156,273.13153,273.23154,273.13153,272.43155,271.53156,271.53156,270.73154,270.53156,270.43155,270.03156,268.93155,267.13153,265.93155,265.93155,265.33154,264.53156,264.73154,265.83154,265.13153,260.43155,259.83154,255.03154,253.13155,259.33154,254.43155
270.43155,270.83154,271.13153,270.83154,270.53156,270.13153,270.03156,265.33154,264.83154,269.83154,269.43155,258.73154,261.23154,261.93155,269.03156,270.53156,271.93155,273.03156,273.13153,272.63153,271.43155,271.53156,271.63153,270.73154,270.73154,269.93155,268.53156,267.13153,266.53156,266.43155,265.63153,265.63153,265.93155,265.13153,264.73154,264.53156,263.03156,259.93155,258.13153,260.43155,257.03156
