wind_kz.json
{"header": {"discipline":0,"disciplineName":"Meteorological products","gribEdition":2,"gribLength":1102,"center":7,"centerName":"US National Weather Service - NCEP(WMC)","subcenter":0,"refTime":"2023-09-19T18:00:00.000Z","significanceOfRT":1,"significanceOfRTName":"Start of forecast","productStatus":0,"productStatusName":"Operational products","productType":1,"productTypeName":"Forecast products","productDefinitionTemplate":0,"productDefinitionTemplateName":"Analysis/forecast at horizontal level/layer at a point in time","parameterCategory":2,"parameterCategoryName":"UnknownDiscipline_0_Category_2","parameterNumber":2,"parameterNumberName":"UnknownParameter_D0_C2_2","parameterUnit":"Unknown","genProcessType":2,"genProcessTypeName":"Forecast","forecastTime":120,"surface1Type":103,"surface1TypeName":"Specified height level above ground","surface1Value":10.0,"surface2Type":255,"surface2TypeName":"Missing","surface2Value":0.0,"gridDefinitionTemplate":0,"gridDefinitionTemplateName":"Latitude_Longitude","numberPoints":615,"shape":6,"shapeName":"Earth spherical with radius of 6,371,229.0 m","gridUnits":"degrees","resolution":48,"winds":"true","scanMode":64,"nx":41,"ny":15,"basicAngle":0,"lo1":47.0,"la1":41.0,"lo2":87.0,"la2":55.0,"dx":1.0,"dy":1.0}, "data":
[rows 0 to 14 of 15, columns 0 to 40 of 41]
-2.5596728,-0.6396729,1.0003271,-2.8796728,-6.559673,-9.6496725,-8.809673,-7.839673,-6.939673,-4.109673,-4.1596727,-3.5096729,-3.459673,-3.709673,-2.8496728,-3.2996728,-4.6596727,-4.599673,-3.7596729,-5.039673,-5.359673,-1.1296729,-1.1696728,-1.5496728,0.14032716,-1.8496728,-2.3896728,-1.1596729,0.020327149,0.45032716,1.1003271,1.9203272,0.28032714,0.33032715,-1.7096728,1.2103271,2.1103272,3.300327,3.780327,3.6403272,3.4703271
1.6403271,1.0703272,-7.129673,-5.619673,-6.899673,-8.839673,-6.819673,-5.879673,-4.879673,-5.669673,-7.019673,-5.149673,-3.169673,-2.989673,-4.229673,-4.749673,-5.169673,-5.5296726,-4.539673,-4.299673,-7.1596727,-5.559673,-3.3596728,-2.5596728,-0.6396729,0.29032716,-0.9396728,0.23032714,-4.129673,-0.58967286,-0.18967286,0.49032715,0.34032714,-2.2996728,1.5003271,0.120327145,2.3503273,0.40032715,1.6603272,-0.98967284,1.6903272
-2.6096728,-7.799673,-7.079673,-9.879673,-8.3996725,-7.1596727,-4.9896727,-4.849673,-8.009673,-6.999673,-5.369673,-4.4496727,-2.679673,-2.689673,-5.4896727,-4.119673,-5.209673,-4.459673,-4.189673,-4.069673,-7.4096727,-10.379673,-8.109673,-10.679673,-3.749673,-5.519673,-2.929673,-2.989673,-2.3596728,-1.0096729,-2.0096729,2.3603272,0.32032716,0.47032714,1.3503271,-1.4796729,2.9203272,-0.46967286,8.610327,5.5703273,2.1303272
-7.4896727,-8.579673,-7.9296727,-8.139673,-6.9296727,-4.689673,-3.5696728,-6.059673,-7.059673,-6.089673,-4.539673,-4.769673,-5.619673,-5.8896728,-5.519673,-4.999673,-5.249673,-4.829673,-4.479673,-3.669673,-6.399673,-7.269673,-5.559673,-8.249673,-8.3996725,-8.559673,-7.319673,-10.379673,-6.629673,-4.039673,-1.1496729,-0.58967286,4.420327,7.270327,0.10032715,-2.0696728,-2.4096727,2.310327,1.6503272,1.6403271,1.4303272
-8.349673,-9.279673,-9.3996725,-8.529673,-6.499673,-6.289673,-5.329673,-7.369673,-6.629673,-5.629673,-5.099673,-5.459673,-6.7796726,-6.499673,-5.379673,-4.5096726,-5.049673,-5.059673,-5.2596726,-6.6596727,-6.939673,-8.119673,-7.689673,-7.939673,-7.7796726,-7.169673,-8.239673,-6.599673,-4.839673,-5.4896727,-4.9896727,-3.169673,-3.929673,1.5603272,-1.6896728,-3.2596729,7.200327,-0.91967285,3.020327,4.7203274,5.410327
-7.4696727,-5.299673,-9.439672,-8.499673,-7.1596727,-5.4496727,-4.289673,-4.9496727,-3.489673,-4.1796727,-3.449673,-5.4296727,-5.899673,-6.919673,-4.9296727,-3.0696728,-4.879673,-5.339673,-6.769673,-6.289673,-7.149673,-7.209673,-5.119673,-6.2196727,-5.709673,-5.1996727,-4.0096726,-7.4896727,-3.8496728,-2.979673,-2.929673,-2.949673,-3.8396728,-3.1596727,1.8803271,4.350327,4.0103273,5.440327,8.120327,5.0103273,2.6203272
-5.499673,-4.809673,-4.9496727,-4.119673,-4.4096727,-4.1796727,-4.319673,-4.089673,-5.3896728,-6.099673,-5.1396728,-5.299673,-4.169673,-4.4496727,-3.6196728,-3.3796728,-3.719673,-5.109673,-5.329673,-5.8896728,-6.1796727,-6.1796727,-6.1996727,-5.939673,-5.7596726,-4.7796726,-4.4296727,-3.1196728,-2.6496727,-2.709673,-2.3796728,-3.1296728,-3.0496728,-1.2696729,3.3803272,-0.8196728,-0.83967286,1.2303271,2.8803272,-1.0696728,0.39032716
-3.719673,-3.2596729,-2.3596728,-0.74967283,-0.80967283,-1.1996728,-1.8796729,-3.989673,-3.8596728,-4.089673,-4.619673,-4.7196727,-3.969673,-3.6096728,-3.0196729,-3.2696729,-3.5596728,-4.559673,-4.599673,-5.249673,-4.9096727,-4.339673,-3.939673,-3.5096729,-3.489673,-2.5096729,-2.2896729,-1.3496728,-0.65967286,-1.0196729,-0.24967285,-1.0396729,-0.36967286,0.36032715,0.32032716,2.9003272,3.9703271,8.990327,7.750327,10.240327,6.900327
-3.8796728,-3.179673,-3.5496728,-3.2796729,-3.0196729,-3.6596727,-3.8996727,-2.739673,-3.969673,-3.6596727,-3.729673,-3.8596728,-3.489673,-3.5496728,-3.229673,-3.0096729,-3.2696729,-3.6496727,-4.1796727,-3.929673,-3.929673,-3.1396728,-2.919673,-2.5196729,-2.2696729,-1.5896728,-0.86967283,0.06032715,0.9803271,1.4503272,1.8303272,1.3603271,1.7803272,1.6303271,2.800327,1.7303271,1.9003272,1.6803272,-0.60967284,1.0603272,-1.5196729
-2.739673,-2.8096728,-2.989673,-2.709673,-2.2796729,-2.749673,-3.3496728,-3.5196729,-3.419673,-3.3496728,-3.1296728,-3.5196729,-2.7896729,-2.189673,-2.8796728,-2.749673,-3.1096728,-2.919673,-3.219673,-3.209673,-3.239673,-2.3896728,-1.7596729,-0.8796728,-0.58967286,0.27032715,1.4403272,2.270327,2.4903271,3.820327,4.0303273,3.2203271,2.6303272,2.3403273,1.1703272,0.84032714,0.45032716,0.8603271,0.6803272,0.44032714,-0.5196729
-2.8096728,-2.5296729,-2.1496727,-2.1496727,-1.8796729,-3.5496728,-3.709673,-3.489673,-2.0596728,-1.9296728,-1.0896728,-1.2296729,-1.8696729,-1.7396729,-1.7096728,-1.6196729,-1.4596728,-1.4296728,-1.9696728,-1.8196728,-1.1196729,0.53032714,1.1503272,2.010327,1.9803271,2.4803271,3.750327,3.6003273,3.9003272,4.650327,3.820327,2.9603271,1.4203272,2.5903273,0.040327147,0.040327147,-0.39967287,0.6803272,0.51032716,1.2003272,-0.98967284
-1.0196729,-0.37967286,-0.39967287,-2.7996728,-2.9096727,-3.189673,-2.739673,-2.489673,-1.2296729,-1.0696728,-1.8196728,-0.77967286,-0.59967285,0.06032715,1.3703271,1.2803272,1.7303271,2.050327,1.5603272,2.080327,1.9803271,3.070327,2.830327,2.9303272,3.3503273,4.000327,4.9703274,5.9903274,4.960327,3.9503272,2.9903271,3.1103272,2.8603272,2.4703271,2.030327,1.6403271,2.1003273,1.1903272,0.63032717,0.76032716,0.94032717
-0.79967284,-1.0796728,-1.7396729,-1.8896729,-1.4996729,-1.5496728,-1.6696728,-1.4596728,-1.6196729,-0.7596729,-0.54967284,0.47032714,1.0303272,2.1803272,2.1803272,2.570327,2.510327,2.9003272,2.7103271,3.060327,2.9303272,3.3503273,3.2403271,3.4303272,5.2203274,4.560327,6.120327,5.850327,5.5703273,3.290327,2.6803272,3.760327,2.8503273,2.780327,2.1103272,2.1503272,2.4103272,0.66032714,2.290327,1.4303272,0.05032715
0.97032714,0.54032713,-0.019672852,-0.44967285,-0.7696729,-0.58967286,-0.37967286,-1.0196729,-0.03967285,-0.67967284,-0.78967285,0.10032715,1.0603272,2.010327,2.9803271,2.9403272,2.9403272,2.9003272,2.6503272,3.520327,3.6803272,3.8703272,4.730327,4.870327,5.210327,4.5903273,4.520327,5.7803273,4.290327,2.2203271,1.4303272,2.530327,2.280327,1.3403271,1.4503272,2.810327,1.7003272,1.2603271,0.66032714,0.84032714,1.4503272
-0.36967286,0.19032715,0.6803272,-1.0296729,1.5403272,0.24032715,1.2303271,-0.08967285,0.84032714,-0.48967284,-1.0196729,0.13032715,0.82032716,1.4103272,2.3403273,2.4403272,3.2403271,3.560327,3.1603272,3.830327,3.9703271,4.460327,4.330327,4.7803273,4.180327,4.040327,4.0903273,4.180327,2.3403273,0.97032714,1.8303272,3.6603272,1.0403272,0.66032714,2.1403272,2.6403272,0.41032714,1.1703272,1.9803271,2.1503272,0.010327148
