wind.json
{"header": {"discipline":0,"disciplineName":"Meteorological products","gribEdition":2,"gribLength":953,"center":7,"centerName":"US National Weather Service - NCEP(WMC)","subcenter":0,"refTime":"2023-06-27T12:00:00.000Z","significanceOfRT":1,"significanceOfRTName":"Start of forecast","productStatus":0,"productStatusName":"Operational products","productType":1,"productTypeName":"Forecast products","productDefinitionTemplate":0,"productDefinitionTemplateName":"Analysis/forecast at horizontal level/layer at a point in time","parameterCategory":0,"parameterCategoryName":"UnknownDiscipline_0_Category_0","parameterNumber":0,"parameterNumberName":"UnknownParameter_D0_C0_0","parameterUnit":"Unknown","genProcessType":2,"genProcessTypeName":"Forecast","forecastTime":300,"surface1Type":1,"surface1TypeName":"Ground or water surface","surface1Value":0.0,"surface2Type":255,"surface2TypeName":"Missing","surface2Value":0.0,"gridDefinitionTemplate":0,"gridDefinitionTemplateName":"Latitude_Longitude","numberPoints":688,"shape":6,"shapeName":"Earth spherical with radius of 6,371,229.0 m","gridUnits":"degrees","resolution":48,"winds":"true","scanMode":64,"nx":43,"ny":16,"basicAngle":0,"lo1":45.0,"la1":40.0,"lo2":87.0,"la2":55.0,"dx":1.0,"dy":1.0}, "data":
[rows 0 to 15 of 16, columns 0 to 42 of 43]
284.35986,279.15985,293.75986,295.15985,296.95987,298.25986,297.25986,295.65985,301.15985,298.75986,299.55988,298.95987,300.95987,300.55988,299.75986,300.95987,300.55988,300.05988,298.55988,297.95987,296.25986,295.05988,292.65985,293.45987,289.25986,288.15985,288.15985,280.65985,275.15985,275.55988,277.75986,290.75986,290.85986,292.45987,295.85986,297.55988,297.75986,299.85986,300.95987,300.85986,299.85986,300.15985,300.55988
286.85986,295.25986,293.95987,288.35986,291.75986,297.35986,297.15985,295.55988,298.65985,300.45987,298.45987,297.55988,297.45987,299.85986,299.75986,300.15985,299.55988,296.65985,296.85986,296.85986,297.75986,296.55988,296.65985,294.05988,292.85986,290.55988,291.25986,292.05988,289.85986,275.15985,274.95987,275.05988,277.55988,279.35986,288.95987,295.05988,296.65985,298.55988,300.85986,301.15985,302.05988,301.85986,302.15985
289.55988,286.45987,277.75986,291.15985,296.75986,297.05988,296.95987,294.95987,299.15985,300.05988,297.75986,296.45987,297.45987,296.55988,296.35986,296.75986,295.25986,294.95987,294.15985,295.85986,295.05988,295.55988,296.05988,295.75986,292.85986,286.05988,272.05988,272.75986,282.75986,275.05988,276.25986,273.15985,279.25986,274.05988,281.85986,265.85986,277.85986,294.15985,294.15985,296.85986,302.35986,293.95987,283.65985
289.55988,290.95987,292.75986,297.05988,297.05988,297.25986,296.35986,300.65985,298.55988,299.35986,296.65985,295.35986,293.75986,294.35986,293.05988,294.65985,296.15985,293.55988,293.35986,291.85986,292.95987,295.55988,295.15985,293.25986,294.55988,287.55988,288.55988,293.05988,289.75986,288.65985,287.65985,281.05988,274.45987,276.45987,280.95987,280.95987,282.75986,283.95987,278.65985,281.15985,282.75986,280.35986,279.65985
294.05988,295.35986,293.85986,297.85986,298.15985,297.35986,298.15985,300.85986,299.35986,298.15985,297.25986,294.25986,294.25986,294.05988,295.25986,294.65985,294.45987,295.35986,294.55988,293.05988,293.45987,294.75986,292.85986,288.05988,293.25986,293.85986,293.65985,294.35986,293.75986,291.85986,291.15985,292.15985,293.25986,291.45987,295.45987,292.85986,293.25986,290.25986,280.55988,278.75986,284.45987,295.45987,297.55988
295.05988,297.75986,299.55988,298.55988,298.25986,298.65985,299.55988,300.65985,301.35986,300.55988,297.85986,295.85986,295.25986,294.15985,295.65985,294.95987,292.05988,293.85986,293.85986,292.45987,291.45987,294.35986,294.65985,294.95987,295.75986,293.75986,294.65985,293.95987,295.15985,292.65985,293.75986,295.35986,297.15985,293.55988,282.95987,274.85986,285.65985,294.75986,296.55988,302.05988,302.55988,301.75986,302.55988
295.95987,298.05988,296.35986,295.75986,298.95987,297.65985,297.85986,297.55988,301.15985,299.35986,296.75986,295.35986,295.25986,295.75986,293.95987,294.35986,293.25986,292.75986,293.65985,293.05988,292.15985,294.05988,293.15985,292.75986,291.65985,292.05988,291.65985,291.85986,293.75986,290.65985,295.75986,297.25986,296.55988,296.85986,295.05988,293.05988,293.35986,292.95987,289.85986,292.15985,300.35986,302.05988,300.35986
298.35986,297.85986,297.25986,296.95987,299.55988,301.65985,297.75986,297.35986,298.05988,297.25986,297.25986,297.15985,295.05988,294.75986,293.35986,293.15985,292.85986,292.15985,292.35986,292.25986,291.75986,290.55988,290.45987,291.95987,291.85986,292.35986,291.05988,291.15985,291.35986,293.35986,293.95987,294.25986,294.95987,294.75986,295.25986,296.15985,294.55988,293.25986,291.45987,288.45987,285.85986,285.55988,294.95987
297.35986,296.45987,298.25986,297.75986,301.25986,298.95987,298.05988,298.05988,297.65985,296.25986,295.05988,295.05988,293.75986,292.95987,292.15985,293.45987,293.65985,293.35986,292.65985,292.55988,291.55988,288.25986,288.95987,290.55988,290.15985,290.55988,290.05988,286.95987,287.55988,288.95987,288.45987,290.55988,290.15985,291.65985,291.85986,289.55988,290.55988,293.05988,293.95987,288.25986,295.55988,295.25986,294.15985
291.95987,298.05988,295.95987,296.15985,296.95987,295.95987,297.45987,296.75986,296.45987,296.75986,295.05988,293.05988,291.75986,291.65985,291.25986,292.35986,292.75986,293.35986,291.95987,291.55988,290.35986,289.55988,288.15985,288.25986,290.95987,290.45987,289.15985,289.85986,287.75986,287.55988,287.05988,286.05988,287.35986,288.55988,290.85986,291.55988,292.25986,290.45987,290.65985,290.05988,284.35986,283.65985,283.95987
292.65985,293.15985,293.45987,294.35986,294.25986,295.05988,295.75986,298.05988,298.85986,297.55988,293.55988,291.95987,290.35986,290.25986,290.95987,291.35986,291.35986,291.75986,291.95987,291.75986,290.65985,289.75986,290.85986,290.65985,291.45987,291.15985,291.25986,289.95987,288.65985,287.95987,287.65985,289.45987,289.25986,291.25986,291.95987,293.05988,292.75986,290.45987,287.85986,287.15985,287.05988,283.95987,282.55988
294.25986,290.95987,291.95987,292.25986,292.95987,292.95987,293.25986,293.65985,293.75986,292.65985,292.25986,290.15985,289.05988,288.25986,290.35986,289.55988,289.75986,289.75986,289.65985,290.15985,290.65985,288.95987,288.45987,287.95987,287.75986,290.05988,290.65985,288.55988,288.35986,290.45987,291.65985,293.65985,293.55988,293.05988,293.05988,292.25986,291.55988,290.65985,286.95987,285.15985,284.85986,284.35986,283.15985
292.45987,293.95987,293.35986,291.45987,291.55988,292.35986,295.65985,291.05988,291.15985,293.65985,291.95987,293.85986,286.95987,287.75986,289.65985,288.55988,288.75986,288.95987,288.85986,289.55988,288.75986,288.65985,288.25986,287.85986,288.75986,288.35986,287.55988,290.65985,290.95987,292.05988,293.35986,294.55988,292.65985,291.85986,291.55988,291.35986,291.45987,291.55988,290.75986,290.05988,288.95987,288.95987,288.15985
288.85986,288.95987,290.95987,291.35986,293.15985,292.45987,292.75986,294.05988,290.35986,287.55988,292.25986,292.15985,289.95987,285.85986,287.75986,287.95987,288.05988,288.75986,288.75986,288.55988,289.15985,288.55988,287.95987,287.45987,289.15985,288.75986,289.95987,290.95987,291.15985,290.45987,292.15985,292.05988,291.05988,290.95987,290.95987,290.75986,290.55988,290.05988,290.95987,290.45987,290.55988,289.65985,289.25986
289.05988,288.45987,287.35986,289.25986,290.65985,293.45987,289.55988,290.15985,287.95987,288.75986,287.75986,288.05988,287.45987,285.85986,285.55988,286.85986,288.25986,288.75986,288.55988,288.55988,288.45987,288.95987,289.05988,288.55988,289.85986,289.55988,289.95987,290.65985,290.75986,291.45987,291.25986,290.65985,290.75986,290.55988,290.35986,288.85986,289.75986,289.55988,290.85986,289.65985,290.45987,289.45987,290.35986
288.35986,292.35986,289.45987,288.95987,291.55988,292.25986,291.55988,288.05988,288.85986,287.85986,290.25986,288.05988,288.55988,285.55988,286.55988,287.55988,287.85986,288.85986,289.05988,288.75986,288.15985,288.65985,288.65985,288.85986,289.15985,288.65985,289.05988,289.25986,289.15985,289.75986,290.85986,290.75986,291.35986,287.05988,289.45987,289.95987,287.95987,288.75986,288.85986,288.55988,289.65985,290.85986,289.35986
