wind_kz.json
{"header": {"discipline":0,"disciplineName":"Meteorological products","gribEdition":2,"gribLength":871,"center":7,"centerName":"US National Weather Service - NCEP(WMC)","subcenter":0,"refTime":"2023-08-23T06:00:00.000Z","significanceOfRT":1,"significanceOfRTName":"Start of forecast","productStatus":0,"productStatusName":"Operational products","productType":1,"productTypeName":"Forecast products","productDefinitionTemplate":0,"productDefinitionTemplateName":"Analysis/forecast at horizontal level/layer at a point in time","parameterCategory":0,"parameterCategoryName":"UnknownDiscipline_0_Category_0","parameterNumber":0,"parameterNumberName":"UnknownParameter_D0_C0_0","parameterUnit":"Unknown","genProcessType":2,"genProcessTypeName":"Forecast","forecastTime":300,"surface1Type":1,"surface1TypeName":"Ground or water surface","surface1Value":0.0,"surface2Type":255,"surface2TypeName":"Missing","surface2Value":0.0,"gridDefinitionTemplate":0,"gridDefinitionTemplateName":"Latitude_Longitude","numberPoints":615,"shape":6,"shapeName":"Earth spherical with radius of 6,371,229.0 m","gridUnits":"degrees","resolution":48,"winds":"true","scanMode":64,"nx":41,"ny":15,"basicAngle":0,"lo1":47.0,"la1":41.0,"lo2":87.0,"la2":55.0,"dx":1.0,"dy":1.0}, "data":
[rows 0 to 14 of 15, columns 0 to 40 of 41]
297.82843,286.32843,293.0284,298.4284,298.62842,297.62842,299.0284,298.82843,297.32843,298.12842,296.12842,298.72842,297.9284,298.12842,298.12842,294.5284,294.32843,295.9284,293.4284,294.5284,292.9284,290.12842,289.32843,287.62842,292.4284,295.0284,288.0284,276.82843,273.12842,274.5284,275.4284,276.12842,289.22842,298.0284,300.82843,299.82843,299.82843,299.72842,300.32843,299.82843,298.4284
278.82843,291.32843,298.4284,298.62842,298.4284,297.12842,298.4284,295.9284,294.9284,295.0284,296.22842,294.5284,294.12842,294.22842,293.0284,292.9284,294.4284,294.82843,294.5284,291.82843,289.9284,291.32843,290.9284,282.32843,274.62842,275.9284,283.4284,276.82843,278.62842,274.72842,280.32843,271.82843,280.62842,268.72842,280.0284,296.72842,296.9284,299.72842,301.22842,292.72842,284.4284
293.72842,298.0284,298.62842,298.62842,297.12842,297.22842,295.9284,295.0284,294.9284,293.0284,292.4284,292.9284,291.22842,291.9284,294.0284,292.72842,292.62842,292.22842,292.22842,290.82843,290.82843,291.12842,291.72842,288.32843,290.62842,288.5284,288.12842,286.5284,284.0284,278.4284,273.62842,277.4284,281.9284,282.32843,283.72842,283.72842,279.82843,279.22842,283.72842,280.0284,277.82843
295.22842,298.9284,298.72842,297.72842,295.72842,295.0284,295.62842,294.0284,294.12842,294.0284,291.5284,291.62842,294.82843,294.22842,293.12842,292.72842,295.0284,293.4284,293.22842,291.22842,291.62842,287.72842,295.4284,294.62842,294.5284,294.4284,294.5284,290.82843,287.72842,289.0284,290.82843,287.5284,293.22842,292.62842,289.12842,286.32843,280.5284,281.12842,282.82843,292.32843,295.22842
296.12842,298.62842,298.72842,298.32843,297.12842,295.4284,296.4284,296.32843,295.22842,293.72842,292.82843,292.0284,294.4284,293.12842,291.0284,294.82843,295.12842,293.9284,293.0284,295.72842,295.32843,293.4284,294.4284,294.12842,293.82843,293.22842,291.22842,292.12842,290.62842,290.32843,293.32843,290.0284,280.0284,276.12842,285.12842,293.72842,295.4284,298.82843,297.12842,297.4284,295.4284
293.32843,291.4284,296.62842,297.62842,297.9284,297.32843,295.62842,296.32843,295.0284,294.5284,294.72842,294.22842,293.72842,293.9284,293.22842,292.9284,294.9284,294.12842,295.12842,295.4284,295.0284,294.82843,294.12842,295.82843,295.12842,291.72842,291.12842,292.32843,292.22842,293.72842,292.32843,292.62842,291.4284,290.62842,287.82843,290.62842,284.12842,284.72842,292.9284,294.32843,293.4284
293.0284,290.9284,292.5284,293.72842,295.0284,293.12842,294.5284,294.62842,295.5284,296.22842,294.5284,294.5284,294.0284,293.82843,293.12842,294.32843,294.12842,294.82843,294.12842,293.22842,292.62842,293.4284,293.4284,293.22842,292.9284,292.5284,291.82843,292.4284,291.0284,291.32843,291.4284,290.72842,290.62842,291.82843,291.4284,288.82843,283.72842,281.0284,277.62842,281.22842,290.5284
294.62842,292.4284,292.72842,292.5284,295.12842,295.5284,294.62842,293.9284,294.0284,294.22842,293.82843,293.4284,293.0284,293.82843,293.72842,294.0284,293.5284,293.82843,293.5284,290.82843,291.12842,290.32843,290.72842,290.82843,289.82843,287.72842,288.5284,289.22842,287.32843,289.0284,287.72842,288.5284,286.82843,285.12842,285.5284,286.62842,287.62842,289.32843,286.12842,287.4284,281.32843
296.0284,293.0284,292.5284,291.72842,294.4284,293.82843,292.9284,293.62842,293.32843,292.62842,290.82843,291.62842,291.4284,292.32843,292.12842,292.82843,292.12842,292.32843,291.72842,290.9284,288.5284,288.22842,288.9284,289.0284,287.72842,288.5284,285.4284,284.12842,282.62842,281.82843,284.12842,284.5284,285.4284,286.72842,285.0284,283.62842,284.0284,283.0284,273.9284,276.22842,275.32843
295.12842,294.62842,293.22842,292.82843,293.0284,292.62842,291.5284,291.62842,292.0284,289.82843,290.12842,290.4284,290.9284,290.72842,290.62842,290.82843,291.12842,290.5284,290.32843,290.32843,288.82843,288.62842,288.9284,288.5284,288.72842,287.12842,286.22842,285.32843,285.0284,282.9284,282.9284,287.22842,288.4284,287.9284,286.22842,284.62842,281.0284,280.22842,276.22842,275.12842,277.12842
293.12842,292.32843,292.32843,291.62842,291.4284,291.5284,291.22842,290.5284,290.12842,288.9284,288.5284,288.4284,288.4284,287.82843,288.4284,288.82843,288.9284,290.0284,289.82843,288.62842,289.0284,288.4284,287.72842,287.32843,287.62842,288.32843,285.72842,287.72842,287.72842,288.4284,289.32843,289.12842,285.72842,286.5284,284.9284,282.22842,279.4284,276.0284,275.12842,277.0284,277.0284
291.5284,292.62842,291.9284,291.12842,290.4284,289.4284,287.82843,287.9284,288.4284,288.5284,284.4284,286.32843,287.72842,286.9284,287.32843,287.72842,287.9284,288.72842,288.12842,288.12842,287.0284,286.82843,286.72842,286.9284,286.9284,288.22842,290.22842,290.72842,290.82843,289.12842,288.32843,288.5284,288.5284,285.32843,285.4284,284.0284,283.62842,282.22842,282.0284,281.4284,283.12842
291.12842,290.62842,291.9284,290.82843,289.9284,288.22842,286.5284,286.4284,286.12842,287.22842,284.4284,282.12842,287.0284,286.4284,286.5284,286.9284,287.5284,287.22842,288.22842,287.0284,286.62842,284.4284,284.72842,284.5284,286.9284,288.12842,290.62842,291.0284,292.32843,291.72842,291.12842,288.0284,291.32843,289.9284,286.0284,284.72842,284.5284,284.4284,282.4284,280.82843,280.82843
289.9284,292.0284,289.5284,290.5284,288.22842,287.22842,285.9284,287.0284,286.62842,285.5284,285.0284,283.5284,283.12842,285.72842,286.12842,287.0284,287.32843,287.22842,287.5284,287.62842,287.82843,287.0284,287.62842,287.12842,287.5284,288.4284,288.5284,289.9284,289.72842,289.5284,288.22842,287.5284,288.4284,289.72842,289.62842,288.12842,287.4284,285.82843,282.72842,281.9284,281.32843
288.9284,292.12842,289.9284,288.82843,288.62842,287.62842,288.32843,287.82843,288.0284,287.62842,286.72842,284.0284,285.4284,284.82843,286.32843,287.82843,288.22842,287.72842,287.72842,287.62842,288.12842,287.82843,287.32843,287.0284,287.32843,287.4284,287.62842,287.9284,288.22842,288.62842,289.72842,287.0284,286.12842,284.9284,284.9284,285.62842,288.62842,287.5284,287.12842,286.72842,284.5284
