wind.json
{"header": {"discipline":0,"disciplineName":"Meteorological products","gribEdition":2,"gribLength":1125,"center":7,"centerName":"US National Weather Service - NCEP(WMC)","subcenter":0,"refTime":"2023-07-02T06:00:00.000Z","significanceOfRT":1,"significanceOfRTName":"Start of forecast","productStatus":0,"productStatusName":"Operational products","productType":1,"productTypeName":"Forecast products","productDefinitionTemplate":0,"productDefinitionTemplateName":"Analysis/forecast at horizontal level/layer at a point in time","parameterCategory":2,"parameterCategoryName":"UnknownDiscipline_0_Category_2","parameterNumber":3,"parameterNumberName":"UnknownParameter_D0_C2_3","parameterUnit":"Unknown","genProcessType":2,"genProcessTypeName":"Forecast","forecastTime":60,"surface1Type":103,"surface1TypeName":"Specified height level above ground","surface1Value":10.0,"surface2Type":255,"surface2TypeName":"Missing","surface2Value":0.0,"gridDefinitionTemplate":0,"gridDefinitionTemplateName":"Latitude_Longitude","numberPoints":688,"shape":6,"shapeName":"Earth spherical with radius of 6,371,229.0 m","gridUnits":"degrees","resolution":48,"winds":"true","scanMode":64,"nx":43,"ny":16,"basicAngle":0,"lo1":45.0,"la1":40.0,"lo2":87.0,"la2":55.0,"dx":1.0,"dy":1.0}, "data":
[rows 0 to 15 of 16, columns 0 to 42 of 43]
-4.318091,0.4119092,1.6319091,3.2719092,-2.3580909,-5.258091,-2.5280907,-5.568091,-7.758091,-2.3580909,-2.338091,-2.8980908,-3.3880908,-3.5080907,-2.2080908,-1.6980908,-2.828091,-3.318091,-2.1480908,-4.7480907,-4.108091,-3.7480907,-4.718091,1.4419092,2.3719091,2.651909,-0.14809082,1.7019092,2.2519093,-1.1180909,-5.108091,-4.0380907,-0.83809084,-2.3580909,-2.9380908,-12.048091,-6.6380906,-6.568091,-4.8080907,-4.1380906,-4.3280907,-0.27809083,-3.3680909
2.3619092,1.1019092,-0.27809083,-2.348091,0.15190917,-5.5580907,-3.1180909,-5.338091,-6.968091,-5.088091,0.6919092,-2.1380908,-3.808091,-3.7780907,-2.9580908,-4.878091,-6.198091,-6.938091,-7.858091,-9.268091,-2.6180909,-1.5280908,-3.6680908,-1.6980908,-3.7880907,-1.1480908,-1.8680909,2.941909,-0.7580908,2.7919092,-2.098091,-2.818091,-0.7580908,-0.08809082,-0.90809083,-7.628091,-3.058091,-2.598091,-4.878091,-3.7180908,1.4219092,-2.348091,-1.3480908
0.011909179,-3.9980907,1.9919091,0.8219092,-1.9180908,-3.048091,-3.8980908,-4.738091,-5.0180907,-3.4580908,-2.2880907,-3.2280908,-3.2280908,-2.098091,-0.4280908,-2.3880908,-4.2680907,-4.5180907,-6.168091,-7.378091,-9.408091,-3.308091,-2.8680909,-1.1580908,-2.2880907,-0.64809084,-3.1380908,-3.2480907,-1.1380908,-2.0080907,-0.22809082,2.3119092,0.4819092,-0.46809083,-1.7480909,-1.5180908,-3.1980908,-2.9980907,-2.088091,-5.398091,-3.4480908,-3.6080909,-0.8080908
2.4919093,2.3119092,1.9719092,0.59190917,-1.7980908,-3.348091,-4.4080906,-4.178091,-5.7680907,-4.3480906,-1.9580908,-4.508091,-3.818091,0.21190917,-0.8480908,-2.7280908,-3.1880908,-4.168091,-3.848091,-4.478091,-5.428091,-4.438091,-2.848091,-1.4480908,-2.4580908,0.31190917,1.9619092,1.5819092,1.3819091,4.551909,0.19190918,2.2219093,1.6119092,0.7019092,2.2519093,-1.0380908,0.19190918,1.0719092,-2.1480908,0.78190917,0.3219092,-2.3780909,-2.298091
2.1119092,2.1119092,0.98190916,-0.35809082,-3.0280907,-4.7480907,-6.488091,-7.0380907,-7.0780907,-5.758091,-3.6180909,-4.858091,-3.598091,1.4319092,1.0419092,-0.2680908,-1.8980908,-3.1280909,-5.228091,-3.2080908,-3.9880908,-4.5380907,-3.9280908,-2.4580908,-2.2380908,-2.9080908,-3.5380907,-2.1080909,-0.5680908,1.2619091,4.371909,4.821909,-0.12809081,-3.598091,-2.0080907,1.2319092,1.4519092,-4.088091,-1.9080908,0.6819092,2.2219093,3.691909,0.04190918
3.0019093,3.3719091,2.2519093,-0.08809082,-3.0180907,-4.608091,-4.5780907,-3.6580908,-4.448091,-5.178091,-5.928091,-4.1180906,-3.1480908,-4.278091,2.1019092,0.9519092,0.14190918,-1.3880908,-4.628091,-2.4080908,-1.9280908,-2.7680907,-1.7880908,-3.0380907,-3.7080908,-2.8980908,-3.8680909,-5.9080906,-4.548091,-2.2280908,-1.0880908,4.031909,6.101909,3.3519092,1.3519092,-0.19809082,-1.1980908,-2.048091,-2.088091,-2.9980907,-0.24809082,-1.4480908,2.2819092
-4.8880906,5.2319093,3.8219092,2.2819092,2.201909,-0.32809082,-1.2280908,-2.4580908,-4.668091,-3.1580908,-3.0080907,-3.1480908,-5.4080906,-4.988091,-4.648091,-5.0180907,-1.5280908,-1.5180908,-4.198091,-3.1380908,-3.3880908,-4.418091,-1.8680909,-1.4880909,-1.6280909,-2.4280908,-3.2180908,-3.7180908,-5.7680907,-3.9080908,0.0019091797,0.13190918,1.8919091,1.4919091,2.2619092,3.3119092,3.8919091,4.9419093,4.301909,0.40190917,-2.298091,-1.6180909,-1.0480908
-2.8780909,-3.568091,-4.188091,-2.8580909,-2.088091,-0.18809082,-1.4880909,-8.548091,-3.1380908,-0.44809082,-3.3980908,-4.048091,-4.468091,-4.928091,-6.398091,-9.768091,-0.88809085,-3.0280907,-3.9980907,-5.1180906,-2.6980908,-2.1780908,-3.078091,-0.9180908,-0.88809085,-1.2380909,-2.3580909,-1.8980908,-3.5280907,-5.428091,-5.928091,-5.628091,-3.078091,-0.28809083,2.5719092,0.9019092,1.8719091,-1.6280909,-3.348091,-0.43809083,0.2919092,-0.49809083,-1.0580908
-3.1780908,-3.318091,-4.5380907,-7.7480907,-7.628091,-4.688091,-12.578091,2.8019092,0.34190917,-2.1580908,-3.6280909,-4.438091,-4.068091,-4.208091,-5.8880906,-5.0580907,-5.048091,-2.598091,-4.5780907,-4.738091,1.2019092,-0.52809083,-1.6780908,-2.6180909,-2.8980908,1.8019092,-0.11809082,-0.82809085,-1.7980908,-2.548091,-1.7880908,-6.458091,-8.9880905,-7.7680907,-4.5780907,-6.318091,-3.1480908,-3.1780908,-2.2680907,-3.4880908,-0.34809083,2.5519092,-0.8580908
-5.3880906,-4.128091,-1.6280909,0.60190916,-4.588091,-0.83809084,-2.068091,-2.4080908,-2.838091,-3.9480908,-2.6580908,-3.4180908,-3.2780907,-4.438091,-3.5180907,-5.568091,-4.458091,-3.6180909,-3.8680909,-2.808091,-0.65809083,-2.568091,-2.4180908,-4.178091,-1.7480909,-2.4880908,-1.4380908,-2.1380908,-0.15809081,0.11190918,-0.2680908,-0.3980908,-3.088091,-3.2280908,-1.3680909,-2.1280909,-1.3380908,-1.3880908,-1.8680909,0.78190917,0.7019092,-0.2680908,-0.38809082
-2.7280908,-0.8480908,4.181909,1.1419091,-2.1080909,-3.4480908,-4.258091,-3.4280908,-1.8080908,-1.6880908,-3.1080909,-3.6880908,-3.568091,-3.6880908,-4.178091,-3.7680907,-4.468091,-2.848091,-3.4080908,-3.4580908,-2.2180908,-2.1780908,-1.9980909,-1.8480908,-2.4180908,-2.1880908,0.011909179,0.84190917,-1.2580909,-2.6880908,-2.0080907,-0.96809083,-1.1680908,-1.6780908,-3.1280909,-3.9580908,-3.048091,-1.1380908,-0.41809082,-2.838091,-1.3480908,2.8519092,2.431909
-1.9380908,-3.6580908,-2.828091,0.33190918,-1.8980908,-3.318091,-3.6480908,-1.8680909,-2.4780908,-2.9580908,-2.9680908,-3.2680907,-2.6680908,-1.1280909,-3.7180908,-3.7880907,-3.8880908,-6.8080907,-2.6280909,-3.2680907,-2.9280908,-1.2880908,-1.7580909,-3.6180909,-4.278091,-4.198091,0.8119092,-0.6880908,-2.3980908,-2.1980908,-1.5080909,-0.9980908,-1.0080909,-3.298091,-4.398091,-4.428091,-4.648091,-3.6480908,-2.7680907,-0.38809082,-0.77809083,0.8219092,0.011909179
-2.1780908,-2.6580908,-2.2680907,-3.2180908,-3.2580907,-2.8680909,-0.8480908,-2.1580908,-2.5380907,-2.318091,-3.0180907,-2.9180908,-2.318091,-2.7880907,-3.6280909,-3.9680908,-4.738091,-3.808091,-4.148091,-0.8480908,-2.058091,-2.848091,-4.958091,-3.0180907,-2.3680909,-3.808091,-0.76809084,-1.7480909,-1.4180908,2.5419092,1.5419092,-0.71809083,-1.5380908,-2.798091,-2.9980907,-3.3980908,-3.2580907,-3.9180908,-2.6380908,0.49190918,0.28190917,1.8019092,-0.10809082
-1.5280908,-2.2780907,-1.7480909,-1.9280908,-1.3180908,-2.7380908,-2.7680907,-2.348091,-1.8580909,-2.1080909,-2.6880908,-1.6180909,-1.7380909,-1.9180908,-2.9380908,-1.1980908,-3.1080909,-5.028091,-2.9980907,-1.9980909,0.15190917,-4.338091,-3.8580909,3.7919092,1.1519092,0.53190917,-1.9980909,-2.8980908,-1.9280908,-1.2580909,-0.07809082,0.20190918,-0.9880908,-2.1580908,-3.2080908,-3.9480908,-3.8780909,-4.448091,-4.668091,-3.0280907,-3.9080908,-2.828091,-1.3180908
0.5619092,-0.16809082,-1.9680908,-1.6780908,-2.0080907,-2.3580909,-2.568091,-3.338091,-1.7380909,-1.5580908,-1.7180908,-1.6380908,-0.12809081,-1.3080908,-1.1980908,-3.1280909,-3.6180909,-3.9980907,-4.0180907,-3.3880908,-3.2780907,-2.7880907,-1.4880909,-0.8680908,-1.0080909,0.72190917,-0.7580908,-0.52809083,-1.5280908,-1.8180908,-1.8480908,2.1119092,-0.31809083,-1.4380908,-1.9680908,-2.6280909,-2.9580908,-3.2280908,-3.7380908,-3.588091,-4.0380907,-2.6780908,-2.2580907
-0.29809082,0.8819092,-1.0280908,-2.548091,-2.8680909,-1.7980908,-1.9380908,-2.6580908,-2.5080907,-1.4280908,-2.1580908,-2.0080907,-0.2680908,0.4119092,0.15190917,-0.8680908,-3.3680909,-3.4580908,-3.8580909,-3.9580908,-2.848091,-3.1080909,-2.6880908,-1.0080909,-0.6180908,-0.64809084,-0.01809082,0.3819092,-0.35809082,-0.46809083,-1.3880908,-1.1280909,-0.40809083,-0.41809082,-1.6280909,-3.0280907,-2.5380907,-3.328091,-2.7480907,-3.828091,-3.5380907,-4.3280907,-1.8380908
