wind_kz.json
[{"header":{"discipline":0,"disciplineName":"Meteorological products","gribEdition":2,"gribLength":871,"center":7,"centerName":"US National Weather Service - NCEP(WMC)","subcenter":0,"refTime":"2023-09-27T18:00:00.000Z","significanceOfRT":1,"significanceOfRTName":"Start of forecast","productStatus":0,"productStatusName":"Operational products","productType":1,"productTypeName":"Forecast products","productDefinitionTemplate":0,"productDefinitionTemplateName":"Analysis/forecast at horizontal level/layer at a point in time","parameterCategory":0,"parameterCategoryName":"UnknownDiscipline_0_Category_0","parameterNumber":0,"parameterNumberName":"UnknownParameter_D0_C0_0","parameterUnit":"Unknown","genProcessType":2,"genProcessTypeName":"Forecast","forecastTime":180,"surface1Type":1,"surface1TypeName":"Ground or water surface","surface1Value":0.0,"surface2Type":255,"surface2TypeName":"Missing","surface2Value":0.0,"gridDefinitionTemplate":0,"gridDefinitionTemplateName":"Latitude_Longitude","numberPoints":615,"shape":6,"shapeName":"Earth spherical with radius of 6,371,229.0 m","gridUnits":"degrees","resolution":48,"winds":"true","scanMode":64,"nx":41,"ny":15,"basicAngle":0,"lo1":47.0,"la1":41.0,"lo2":87.0,"la2":55.0,"dx":1.0,"dy":1.0},"data":[298.8,289.0,297.4,293.9,293.8,292.9,303.0,310.1,307.4,309.4,308.5,308.8,307.4,307.7,306.3,306.6,305.8,306.0,314.8,310.5,311.5,304.4,298.4,303.0,297.7,302.2,299.2,292.6,282.5,290.0,285.8,280.3,298.2,306.0,307.9,306.8,311.7,312.1,312.1,312.0,312.5,273.7,295.0,293.6,293.7,293.3,292.1,308.3,306.2,304.9,305.7,307.0,306.6,307.0,307.9,309.3,307.8,307.8,307.0,309.4,312.6,314.0,308.1,302.0,283.4,274.3,275.6,292.0,291.0,294.9,285.5,291.8,274.3,292.5,266.9,286.9,303.8,304.5,302.5,306.1,297.5,284.4,298.7,293.2,293.4,293.0,291.1,301.4,301.8,302.1,303.8,303.4,303.0,304.2,306.1,306.5,303.8,307.4,307.8,307.4,307.6,309.3,309.0,310.0,307.9,298.2,297.3,289.2,299.2,296.7,298.3,291.7,281.0,284.8,291.8,295.2,297.4,295.6,291.1,289.1,289.4,286.5,286.2,299.3,292.5,293.1,292.0,293.1,300.1,299.1,302.1,303.4,303.9,303.3,301.9,290.5,289.9,303.3,305.7,304.5,308.1,308.9,309.1,306.3,302.1,304.3,305.0,301.9,297.1,294.5,298.2,297.9,301.3,303.3,297.8,303.9,306.1,305.4,300.3,289.4,274.9,290.7,301.9,301.5,299.2,291.5,292.1,291.0,294.1,298.3,298.9,302.4,300.6,300.2,301.4,301.4,289.3,288.2,287.0,304.3,304.3,302.3,304.8,303.4,304.7,304.7,304.7,304.9,303.9,296.9,295.3,294.0,297.8,303.7,303.8,302.5,289.5,279.1,294.2,302.9,299.0,309.2,309.5,304.7,302.3,298.3,298.7,290.4,291.3,291.1,290.7,300.3,298.7,298.9,299.2,298.6,298.5,290.5,289.1,295.8,301.6,300.6,303.0,301.9,303.6,303.4,302.2,301.6,301.8,298.6,293.1,296.7,287.7,299.2,301.5,303.6,301.9,299.4,303.0,301.6,299.1,297.0,297.9,307.4,306.4,303.2,297.6,298.9,296.8,298.0,296.6,299.9,300.1,297.9,295.9,296.9,298.9,297.0,297.4,298.5,299.0,298.1,299.8,299.9,301.9,300.9,300.2,299.4,293.7,297.8,296.4,293.6,297.2,296.5,300.4,300.6,301.0,294.4,300.1,302.4,300.3,297.4,294.3,294.0,293.1,288.7,297.7,297.6,297.6,296.9,296.5,296.8,297.7,297.7,295.9,294.4,294.6,295.6,295.6,295.9,296.3,297.5,297.8,297.5,298.0,298.5,298.4,296.8,295.5,291.8,297.6,294.8,290.5,294.0,297.0,295.0,297.0,292.6,295.0,300.0,298.7,297.2,301.2,301.0,286.1,298.8,299.7,298.4,296.6,295.8,295.9,296.4,295.4,295.7,296.2,293.3,293.4,293.1,293.9,293.5,293.1,294.8,295.6,297.1,296.4,297.3,296.2,296.6,295.3,285.9,295.4,297.3,294.8,293.6,290.1,293.4,293.5,294.8,294.4,293.7,297.7,296.9,298.4,293.7,296.0,298.4,289.0,287.1,285.7,295.3,295.6,294.9,294.7,295.1,295.5,294.6,293.0,292.4,292.7,291.7,292.5,291.7,292.8,293.6,293.9,295.4,296.9,297.1,296.2,294.6,294.7,295.9,297.0,293.0,294.6,294.4,294.9,291.0,292.5,295.3,294.5,296.6,296.1,296.8,296.7,292.0,290.5,291.7,290.1,283.7,293.0,293.7,293.6,293.3,293.8,293.4,292.8,293.3,293.2,292.7,290.5,290.0,292.5,284.6,288.8,291.9,292.7,294.2,294.7,293.9,294.2,293.9,294.5,295.8,294.6,295.4,293.0,295.7,295.5,297.6,297.7,297.6,296.5,296.3,296.7,293.2,290.1,289.6,290.7,288.8,288.5,292.4,291.6,293.1,292.8,292.8,293.0,291.4,287.9,287.9,287.7,284.8,284.9,285.9,285.7,284.4,285.8,291.1,291.4,291.7,291.9,291.5,291.1,290.9,290.6,292.5,295.2,294.9,296.3,296.5,296.7,295.4,295.1,295.2,295.0,294.2,295.3,296.0,297.3,294.5,294.9,292.6,290.5,292.4,292.6,292.4,292.3,291.2,292.1,290.7,290.7,288.2,282.4,282.5,285.5,286.6,284.0,284.0,285.7,289.7,290.3,289.6,290.0,290.0,289.7,285.6,291.7,293.6,295.8,295.6,294.7,294.2,294.6,293.6,294.6,294.2,293.7,293.0,293.6,293.1,293.2,292.2,291.2,291.3,291.5,288.6,292.2,288.1,287.0,288.8,289.3,288.6,287.4,284.1,281.4,284.1,283.7,283.8,283.4,282.8,288.0,289.1,289.6,290.0,290.0,291.3,290.9,288.8,293.5,294.1,295.3,294.8,292.3,293.0,292.7,291.7,291.0,290.8,291.3,291.8,291.9,292.0,290.7,291.1,288.9,290.8,285.4,290.8,291.1,290.3,288.6,288.1,285.7,284.5,283.7,283.6,283.4,286.0,282.2,282.6,282.0,287.1,288.3,288.0,289.4,290.1,291.2,287.0,287.4,291.9,293.3,294.4,293.2,291.4,289.9,288.4,290.9,289.5,289.8,289.5,290.7,290.3,291.6,291.2,289.8]},{"header":{"discipline":0,"disciplineName":"Meteorological products","gribEdition":2,"gribLength":1025,"center":7,"centerName":"US National Weather Service - NCEP(WMC)","subcenter":0,"refTime":"2023-09-27T18:00:00.000Z","significanceOfRT":1,"significanceOfRTName":"Start of forecast","productStatus":0,"productStatusName":"Operational products","productType":1,"productTypeName":"Forecast products","productDefinitionTemplate":0,"productDefinitionTemplateName":"Analysis/forecast at horizontal level/layer at a point in time","parameterCategory":2,"parameterCategoryName":"UnknownDiscipline_0_Category_2","parameterNumber":2,"parameterNumberName":"UnknownParameter_D0_C2_2","parameterUnit":"Unknown","genProcessType":2,"genProcessTypeName":"Forecast","forecastTime":180,"surface1Type":103,"surface1TypeName":"Specified height level above ground","surface1Value":10.0,"surface2Type":255,"surface2TypeName":"Missing","surface2Value":0.0,"gridDefinitionTemplate":0,"gridDefinitionTemplateName":"Latitude_Longitude","numberPoints":615,"shape":6,"shapeName":"Earth spherical with radius of 6,371,229.0 m","gridUnits":"degrees","resolution":48,"winds":"true","scanMode":64,"nx":41,"ny":15,"basicAngle":0,"lo1":47.0,"la1":41.0,"lo2":87.0,"la2":55.0,"dx":1.0,"dy":1.0},"data":[1.1900488,1.3500488,-1.2099512,-2.019951,-2.3599513,-1.2899512,0.8800488,-0.3099512,-1.3099512,0.20004883,0.20004883,-0.11995117,-1.3799511,-0.6099512,-0.70995116,0.09004883,0.78004885,1.0900488,-0.53995115,-3.1499512,-1.9199512,0.86004883,-1.9799511,0.7500488,1.3400488,2.720049,4.640049,3.7600489,0.78004885,0.53004885,0.52004886,1.6900488,4.8828126E-5,-1.4199512,0.49004883,0.5500488,-0.019951172,-0.12995118,-0.28995118,-2.5799513,-3.2099512,1.6100488,-2.539951,-7.589951,-7.169951,-2.819951,-0.6199512,-0.58995116,-0.26995116,-1.9899511,-1.0299512,-0.27995118,-0.16995117,1.1100488,1.2100488,-0.08995117,0.47004882,0.8300488,-2.279951,-1.8199512,-0.8199512,-0.45995116,-2.019951,-3.269951,0.41004884,0.7000488,-0.39995116,1.6600488,0.43004882,2.5700488,1.3600488,0.31004882,1.0100489,-0.5599512,0.09004883,0.23004884,-0.53995115,-0.52995116,-1.3999512,-0.43995118,-1.7499511,-0.88995117,-2.019951,-5.419951,-5.0599513,-4.009951,-3.4799511,-3.069951,-2.6899512,-3.1899512,-2.1399512,-1.6899512,-1.5399512,0.59004885,0.85004884,2.3800488,2.460049,1.8200488,0.46004882,0.92004883,1.0800488,2.0500488,1.3700489,1.4400488,-1.2299511,3.200049,1.4600488,3.7500489,3.190049,3.960049,5.2300487,0.38004884,0.8900488,-1.8799511,-0.34995118,1.3800489,-1.2199512,0.7000488,0.16004883,0.13004883,-1.0999511,0.28004882,-1.4699512,-4.8099513,-4.449951,-3.9599512,-3.3999512,-2.1799512,-1.3299512,-1.1799512,-0.78995115,-0.65995115,-0.39995116,0.45004883,2.1100488,2.2500489,3.190049,3.6100488,4.850049,3.5100489,2.8300488,1.7000488,2.0200489,2.9200487,6.840049,5.9600487,3.210049,3.9200487,5.080049,5.260049,8.640049,7.510049,5.620049,3.2500489,-0.31995118,2.0700488,1.0600488,1.4300488,2.4200487,1.7500489,0.54004884,-1.5499512,-0.41995117,-3.2299511,-1.9499512,-2.4099512,-2.4999511,-2.4499512,-2.289951,-1.6499512,-0.76995116,-0.97995114,-0.83995116,-0.16995117,0.9400488,2.0900488,2.0500488,1.8700489,2.6300488,3.490049,4.240049,5.610049,4.2900486,2.8800488,3.1300488,4.9400487,6.950049,4.850049,6.030049,8.250049,6.970049,8.690049,8.330049,8.740048,4.7300487,-2.9499512,1.4300488,0.85004884,-2.269951,-1.1599512,-1.1199511,-1.5199512,-1.6999512,-1.4699512,-0.8599512,0.59004885,0.5800488,0.20004883,0.5000488,0.52004886,0.5800488,0.40004882,0.61004883,-0.09995117,-0.20995118,0.16004883,0.47004882,0.78004885,-0.35995117,-0.21995117,0.21004882,1.2400489,2.8800488,4.360049,3.9100487,4.870049,4.8800488,6.610049,6.330049,7.870049,8.070049,9.770049,6.0000486,9.100049,7.180049,6.590049,2.0800488,3.6500487,2.0200489,-1.6799512,0.8100488,1.2600489,0.48004884,-0.49995118,-0.8699512,-0.9899512,3.490049,3.450049,3.5700488,3.7900488,3.990049,3.9100487,3.1300488,2.3100488,2.5200489,1.9900489,1.0600488,1.0000489,0.59004885,0.65004885,0.78004885,1.4000489,1.7200488,1.8800489,1.6200489,3.690049,4.780049,1.1500489,4.780049,4.9400487,6.350049,8.020049,5.6300488,5.870049,2.8200488,2.6300488,0.48004884,-1.3999512,0.22004883,-0.65995115,-3.6299512,-1.9499512,1.1000488,0.97004884,3.6100488,1.1300489,-0.26995116,4.4400487,5.3800488,5.4000487,5.120049,5.260049,4.760049,5.0000486,4.110049,4.430049,3.710049,3.940049,2.6700487,2.6100488,2.180049,1.3100488,1.6500489,1.7200488,1.9200488,2.0500488,2.1500487,3.6100488,2.4000487,4.890049,3.8200488,2.7600489,6.120049,3.190049,-0.8599512,-5.949951,-3.9399512,-3.039951,-1.4199512,0.08004883,0.08004883,2.3200488,-0.25995117,-0.96995115,-2.8999512,-5.909951,-6.139951,-1.0599512,5.740049,5.600049,5.6500487,6.050049,5.990049,5.910049,5.580049,4.7300487,4.6700487,5.300049,5.160049,4.7300487,5.390049,4.060049,3.7800488,2.6500487,2.5100489,2.2900488,1.7600489,2.6200488,3.3400488,2.460049,2.960049,2.980049,1.7600489,0.39004883,4.2700486,4.560049,0.67004883,-0.26995116,0.45004883,1.4500488,2.930049,2.3400488,2.200049,-1.7599511,-1.6099511,0.6800488,1.2300488,-0.65995115,0.8300488,6.490049,6.5000486,6.200049,5.830049,5.950049,5.870049,5.4400487,4.810049,5.080049,5.2900486,5.4800487,5.870049,5.370049,5.600049,5.0000486,4.1900487,2.9000487,2.6700487,1.8900489,1.9100488,3.690049,4.260049,4.2300487,3.700049,3.1200488,2.6700487,1.7500489,4.7700486,3.1600487,2.5900488,1.0700488,1.9500488,1.3700489,1.3400488,1.7400489,0.4400488,-1.6699512,-1.0999511,2.4100487,0.6800488,-0.57995117,6.4600487,7.550049,6.560049,6.660049,6.240049,5.950049,6.0200486,5.9600487,5.660049,6.110049,6.0000486,6.2300487,6.010049,4.410049,5.660049,5.1900487,4.2700486,4.120049,3.190049,2.950049,2.4200487,2.8300488,3.720049,3.680049,3.6300488,4.240049,4.560049,3.940049,5.1500487,3.0900488,0.59004885,-0.52995116,0.7600488,0.8900488,-0.25995117,0.46004882,0.32004884,0.9400488,0.45004883,-0.36995116,1.0200489,5.970049,5.780049,6.800049,6.600049,7.140049,6.7300487,5.560049,3.3200488,4.2100487,3.6600487,3.6000488,5.100049,5.160049,5.700049,5.080049,3.7500489,5.0400486,4.640049,3.8500488,3.950049,3.2700489,2.7700489,2.6500487,4.1700487,4.620049,4.4000487,3.950049,4.7700486,2.440049,0.12004883,-1.3099512,-0.65995115,4.8828126E-5,0.32004884,0.4400488,1.3200488,1.3800489,-0.6299512,-0.03995117,4.8828126E-5,-0.8799512,5.370049,6.7700486,6.120049,6.100049,5.870049,4.330049,5.6700487,5.840049,7.0400486,2.1300488,1.8500488,5.860049,5.1700487,7.120049,4.7100487,3.7700489,3.0300488,4.600049,3.7500489,4.450049,4.450049,4.4000487,3.7900488,3.8000488,5.2500486,5.0200486,4.850049,4.430049,0.45004883,-0.5499512,-0.9299512,-1.2999512,-0.33995116,0.48004884,0.34004882,0.48004884,0.21004882,0.6800488,0.17004883,-0.8199512,-0.9999512,6.9200487,7.6500487,6.430049,6.160049,4.7700486,4.1300488,5.330049,6.0400486,5.2500486,2.740049,2.4000487,3.4200487,6.700049,5.450049,4.340049,4.070049,2.6000488,3.700049,3.4100487,4.600049,4.4200487,4.9200487,5.180049,5.010049,5.610049,5.9600487,4.660049,3.7500489,2.0600488,-1.4799511,-0.33995116,-0.72995114,0.100048825,0.13004883,-0.27995118,0.28004882,0.020048829,-0.6899512,-0.41995117,-0.22995117,-1.4899511,5.7300487,8.1200485,8.400049,6.830049,6.8800488,5.950049,5.9200487,5.740049,5.050049,2.3000488,2.470049,5.530049,4.090049,2.9200487,3.6200488,3.5100489,2.8000488,2.960049,3.1400487,4.1700487,4.2300487,4.490049,5.060049,4.590049,5.390049,5.240049,4.2700486,2.990049,2.180049,1.4400488,-0.21995117,-0.21995117,-0.09995117,0.48004884,0.54004884,0.43004882,0.52004886,1.3100488,0.21004882,-0.72995114,-0.63995117]},{"header":{"discipline":0,"disciplineName":"Meteorological products","gribEdition":2,"gribLength":1025,"center":7,"centerName":"US National Weather Service - NCEP(WMC)","subcenter":0,"refTime":"2023-09-27T18:00:00.000Z","significanceOfRT":1,"significanceOfRTName":"Start of forecast","productStatus":0,"productStatusName":"Operational products","productType":1,"productTypeName":"Forecast products","productDefinitionTemplate":0,"productDefinitionTemplateName":"Analysis/forecast at horizontal level/layer at a point in time","parameterCategory":2,"parameterCategoryName":"UnknownDiscipline_0_Category_2","parameterNumber":3,"parameterNumberName":"UnknownParameter_D0_C2_3","parameterUnit":"Unknown","genProcessType":2,"genProcessTypeName":"Forecast","forecastTime":180,"surface1Type":103,"surface1TypeName":"Specified height level above ground","surface1Value":10.0,"surface2Type":255,"surface2TypeName":"Missing","surface2Value":0.0,"gridDefinitionTemplate":0,"gridDefinitionTemplateName":"Latitude_Longitude","numberPoints":615,"shape":6,"shapeName":"Earth spherical with radius of 6,371,229.0 m","gridUnits":"degrees","resolution":48,"winds":"true","scanMode":64,"nx":41,"ny":15,"basicAngle":0,"lo1":47.0,"la1":41.0,"lo2":87.0,"la2":55.0,"dx":1.0,"dy":1.0},"data":[-0.90790224,1.1120977,0.9820978,8.942098,4.142098,0.2820978,-0.8179022,-0.027902221,0.7320978,-0.9479022,-0.32790223,1.5220978,2.0320978,0.2520978,-2.8779023,-4.777902,-6.737902,-6.107902,-1.4679022,-0.3479022,1.0220978,-3.4579022,-3.287902,-0.32790223,3.6020977,-7.647902,1.7820978,1.1720978,0.3720978,-0.41790223,1.0720978,3.0220978,-0.7979022,-0.8879022,1.0920978,0.46209776,0.38209778,-0.5579022,0.21209778,1.2120978,1.5520978,3.3120978,0.8620978,2.3820977,5.082098,3.0120978,1.1520978,0.8220978,2.0820978,0.2820978,-0.96790224,-0.6779022,0.7620978,1.4720978,-0.24790221,-2.3879023,-4.257902,-4.547902,-3.8179023,-3.037902,-2.2479022,-2.0079021,-0.41790223,-0.6379022,1.3420978,2.7520978,3.0020978,1.3420978,2.962098,1.3320978,2.2620978,1.7220978,1.8320978,1.2620978,2.1920977,2.1520977,2.3920977,2.2620978,1.4720978,1.6320977,0.6920978,0.16209778,0.5520978,6.472098,4.2520976,3.5120978,2.8120978,3.1520977,1.8120978,0.2820978,0.39209777,-0.9279022,-2.1079023,-2.1179023,-2.1879022,-0.52790225,-0.5779022,-2.4979022,-3.5779023,-3.8379023,-4.317902,-3.8879023,-1.1979022,1.0220978,1.5620978,1.5020977,-0.6179022,1.9920977,-3.0179021,-1.4979023,-1.6879022,-2.3579023,-0.35790223,-0.16790222,-3.3379023,0.38209778,-0.17790222,-2.8079023,-2.2079022,0.7620978,-0.33790222,0.0020977783,-1.0879022,3.5620978,4.2320976,3.452098,2.8720977,2.5820978,2.6420977,1.1520978,1.2020978,0.5620978,-0.47790223,-1.6179023,-2.3279023,-3.7679021,-3.1279023,-3.0979023,0.48209777,-0.52790225,-1.7779022,-2.8179023,-3.4179022,-2.0179021,2.1920977,-2.6579022,2.7620978,0.8920978,-3.9579022,1.3320978,-1.4179022,-1.1979022,-3.4479022,0.42209777,-5.087902,-1.1379023,1.6620978,1.6220977,1.8720977,1.9920977,1.4820977,-2.9979022,-2.2179022,-1.5879022,3.9020977,4.5220976,3.962098,3.3320978,2.6220977,2.5020978,2.1920977,1.4620978,0.2820978,-0.65790224,-1.7579023,-3.0579023,-3.8279023,-4.337902,-1.8079022,-1.4379022,-1.6579022,0.7420978,0.15209778,-1.6379023,-3.1679022,-2.9779022,2.4420977,2.5920978,1.1220977,-1.1079022,-1.9279022,0.71209776,0.8820978,1.4620978,1.0820978,1.0020977,2.4120977,0.8620978,0.48209777,1.2720978,2.2520978,0.77209777,-0.7679022,-1.2779022,-1.2279022,3.9420977,3.962098,4.512098,4.702098,4.452098,2.9920979,2.5620978,2.6520977,1.4820977,-0.6279022,-1.8079022,-2.8879023,-4.067902,-3.0679023,-4.167902,-3.9179022,-4.417902,-3.2679021,-0.26790223,-0.7479022,-2.4279022,-2.1779022,-0.21790223,0.24209778,0.65209776,-1.0779022,-3.7279022,4.122098,3.1020977,4.582098,4.682098,5.0920978,-0.47790223,0.45209777,-1.5979022,3.3120978,-2.7279022,-1.7279022,1.8520977,0.21209778,-0.22790222,4.912098,4.5020976,4.202098,3.5820978,3.2820978,3.3420978,2.9820979,2.5020978,1.8620977,0.7020978,-0.78790224,-2.1679022,-2.4779022,-2.9679022,-3.8779023,-4.7679024,-4.777902,-4.447902,-3.1779022,-2.3779023,-2.9879022,-2.0679023,-3.3379023,-0.27790222,-1.7179022,-1.3779023,-3.6479023,-2.1479023,3.9220977,6.972098,6.4420977,4.5220976,3.5720978,1.1720978,0.9220978,2.8320978,2.4920979,3.0120978,0.11209778,2.2720978,3.702098,4.052098,4.452098,4.852098,4.4820976,3.7420979,3.5720978,3.712098,3.4320977,3.4920979,1.9520978,1.3720977,0.16209778,-1.0379022,-1.7279022,-3.3279023,-3.8579023,-4.0979023,-3.8679023,-2.5179021,-2.5779023,-4.5579023,-1.2679023,-1.3679023,-2.0279021,-1.0079023,-2.8779023,-3.9079022,2.4120977,4.222098,4.762098,3.7920978,3.4020977,3.462098,2.2420979,1.0320978,-0.8879022,-1.0179023,2.0620978,0.012097779,1.5420978,2.8720977,4.622098,4.6920977,4.802098,4.972098,4.392098,3.8220978,3.7420979,3.6920977,3.5020978,3.5620978,2.2920978,1.8420978,0.84209776,-0.19790222,-1.3179022,-2.4779022,-3.3879023,-2.9279022,-2.8479023,-2.0579023,-3.2779021,-1.7079022,-2.9279022,-2.8479023,-2.0279021,-2.7579021,2.5420978,0.46209776,-0.6779022,3.0220978,3.5620978,2.452098,0.8620978,1.6320977,1.8720977,4.472098,3.1620977,1.8920978,3.5620978,2.5220978,1.3920978,5.352098,5.1720977,5.5420976,5.5220976,5.2320976,5.0620975,4.762098,4.822098,4.512098,4.102098,3.4420977,2.8520977,2.3020978,1.1220977,0.49209777,-0.23790222,-1.6179023,-0.8879022,-1.6879022,-2.6379023,-2.8779023,-2.537902,-2.047902,-1.5379022,-2.0779023,-2.7379022,-2.1879022,2.4220977,3.4020977,3.7720978,3.3120978,3.202098,2.6320977,1.6820978,3.2820978,3.7920978,3.1520977,2.6620977,1.5620978,0.65209776,2.1020977,4.432098,4.2120976,5.9420977,5.8120975,5.9020977,6.2520976,6.452098,6.222098,5.372098,4.9020977,4.7120976,4.832098,3.452098,3.712098,1.9020978,1.7620978,1.0520978,-0.11790222,0.7020978,-1.1179023,-2.5679023,-2.5779023,-1.9479022,-1.1079022,-2.1779022,-1.1279023,-2.1279023,-1.9479022,2.1120977,2.7920978,4.7320976,2.9020977,4.012098,3.2420979,2.5920978,3.1820977,2.6920977,1.8720977,3.1320977,1.3420978,0.7520978,3.8020978,4.4220977,4.6320977,5.2720976,5.6920977,6.352098,6.2520976,6.742098,5.3620977,5.2120976,4.412098,3.4920979,3.4920979,4.0620975,4.2720976,4.102098,3.7720978,1.7020978,2.8320978,1.2220978,-0.45790222,-2.5179021,-1.9179022,-1.1779022,-0.9579022,-1.7179022,-2.2779021,-2.8379023,2.3020978,3.5720978,4.452098,3.9020977,3.3720977,3.7320979,2.5720978,2.1420977,1.0620978,-0.017902222,-1.0479022,0.7920978,-0.13790222,1.9120978,3.8120978,4.9420977,4.782098,4.8120975,3.6820977,5.892098,6.7520976,8.452098,6.9020977,3.3520977,2.7620978,3.5720978,4.622098,4.5020976,5.162098,5.4220977,4.3820977,4.1720977,2.9720979,1.6620978,0.4320978,-1.1979022,-1.3779023,-1.4679022,-1.4879022,-2.2579021,-1.2279022,4.2720976,4.452098,4.4220977,3.9120977,3.5720978,2.8920977,2.9020977,3.212098,2.6420977,1.7120978,2.6520977,2.3320978,1.0520978,2.3820977,2.6020977,3.212098,4.102098,4.582098,4.2120976,4.3420978,5.2720976,5.4620976,7.0920978,4.832098,3.1620977,3.6620977,5.4020977,5.582098,5.302098,6.0020976,6.1720977,4.742098,3.7720978,2.8520977,2.1720977,0.4320978,-1.2879022,-0.4679022,-0.16790222,0.29209778,0.44209778,4.4020977,6.332098,5.572098,4.512098,4.0620975,3.8120978,3.1220977,3.1220977,2.5320978,2.1920977,2.9820979,2.702098,2.0020978,2.2420979,2.5420978,3.1320977,3.0920978,3.2220979,4.602098,5.552098,6.282098,5.2520976,4.472098,4.9220977,4.892098,2.8820977,1.5820978,5.552098,6.162098,6.142098,6.782098,5.8420978,4.332098,3.2920978,2.8520977,1.0020977,-0.4379022,0.39209777,1.2920978,1.8820977,0.7620978,4.282098,5.4620976,6.1320977,5.432098,4.282098,3.9320977,3.6620977,3.1920977,3.1620977,3.1020977,2.0720978,2.952098,1.5420978]}]