wind_kz.json
{"header": {"discipline":0,"disciplineName":"Meteorological products","gribEdition":2,"gribLength":1102,"center":7,"centerName":"US National Weather Service - NCEP(WMC)","subcenter":0,"refTime":"2024-01-31T18:00:00.000Z","significanceOfRT":1,"significanceOfRTName":"Start of forecast","productStatus":0,"productStatusName":"Operational products","productType":1,"productTypeName":"Forecast products","productDefinitionTemplate":0,"productDefinitionTemplateName":"Analysis/forecast at horizontal level/layer at a point in time","parameterCategory":2,"parameterCategoryName":"UnknownDiscipline_0_Category_2","parameterNumber":3,"parameterNumberName":"UnknownParameter_D0_C2_3","parameterUnit":"Unknown","genProcessType":2,"genProcessTypeName":"Forecast","forecastTime":120,"surface1Type":103,"surface1TypeName":"Specified height level above ground","surface1Value":10.0,"surface2Type":255,"surface2TypeName":"Missing","surface2Value":0.0,"gridDefinitionTemplate":0,"gridDefinitionTemplateName":"Latitude_Longitude","numberPoints":615,"shape":6,"shapeName":"Earth spherical with radius of 6,371,229.0 m","gridUnits":"degrees","resolution":48,"winds":"true","scanMode":64,"nx":41,"ny":15,"basicAngle":0,"lo1":47.0,"la1":41.0,"lo2":87.0,"la2":55.0,"dx":1.0,"dy":1.0}, "data":
[rows 0 to 14 of 15, columns 0 to 40 of 41]
-3.076986,-3.656986,3.813014,17.223015,16.343014,11.553014,7.183014,4.283014,3.353014,3.593014,4.523014,4.3630137,4.213014,4.453014,4.593014,4.583014,3.593014,1.7130139,1.5830139,1.7230139,2.173014,1.9930139,-0.41698608,-1.126986,-0.7469861,-1.866986,-1.7769861,0.4730139,2.9730139,3.603014,-0.8869861,-2.386986,1.9330139,-1.1569861,-0.25698608,0.79301393,-0.7269861,-0.7269861,-0.5769861,-0.066986084,0.39301392
8.223014,2.0530138,1.2030139,4.093014,15.783014,11.863014,4.763014,5.273014,4.223014,4.1330137,3.9830139,4.953014,4.353014,3.7730138,4.703014,5.223014,4.083014,2.873014,2.2830138,2.713014,2.063014,0.91301394,0.7530139,1.523014,-2.0269861,-1.6369861,-3.2569861,1.753014,0.84301394,1.013014,5.793014,5.753014,0.21301392,-0.8069861,-4.526986,-3.096986,-2.646986,-2.7069862,-0.9369861,0.27301392,0.6430139
2.333014,4.893014,4.083014,9.653014,12.093014,7.233014,4.443014,4.1530137,3.2930138,2.5530138,2.5430138,5.183014,4.483014,4.6530137,5.323014,4.8630137,4.793014,4.803014,4.453014,2.963014,2.613014,0.8030139,-0.7569861,0.2530139,0.3830139,1.4830139,0.3130139,0.17301391,0.23301391,2.893014,4.713014,2.2230139,3.2630138,-2.4469862,-0.14698608,2.613014,6.083014,0.15301391,0.9630139,-0.15698609,0.22301392
2.5330138,7.603014,8.883014,10.113014,7.4030137,6.833014,5.303014,5.503014,4.743014,4.213014,2.453014,3.953014,6.593014,8.613014,4.993014,4.513014,4.693014,4.393014,4.223014,3.623014,3.0230138,1.9530139,1.0530139,1.643014,0.9930139,0.46301392,0.24301392,-0.7469861,4.163014,1.4330139,0.19301392,-1.4169861,-1.5469861,0.3730139,-0.8769861,-3.7769861,-2.786986,2.133014,3.323014,1.6830139,1.3230139
1.883014,6.1130137,10.913013,7.273014,7.243014,5.323014,4.203014,3.573014,3.953014,4.713014,4.3830137,3.5530138,5.303014,9.163013,8.803014,4.663014,4.453014,4.143014,3.693014,3.813014,2.2630138,1.123014,0.6130139,0.48301393,0.023013916,-0.7369861,-1.096986,-1.6369861,-0.26698607,-1.096986,-2.176986,0.5730139,2.363014,3.0330138,-1.6669861,-1.596986,-0.5069861,-0.5069861,0.5630139,0.20301391,-0.32698607
5.913014,5.103014,6.643014,7.9230137,6.063014,4.843014,5.263014,4.793014,3.433014,3.693014,3.433014,3.903014,6.183014,8.133014,4.793014,4.6130137,4.933014,4.713014,3.9830139,3.103014,2.2830138,3.373014,3.113014,1.4930139,1.153014,0.14301391,-1.4369861,-2.046986,-0.8769861,-0.9169861,-1.4269861,-1.7769861,-0.6869861,-0.5169861,2.373014,7.463014,4.083014,4.483014,0.20301391,-1.606986,-1.226986
7.533014,10.463014,9.933014,10.533014,9.723014,6.303014,5.243014,5.313014,5.3830137,4.463014,4.9030137,4.343014,3.9930139,2.923014,4.8830137,4.8630137,5.583014,4.193014,5.503014,4.393014,3.453014,3.5330138,3.833014,3.363014,2.173014,1.3230139,-2.2569861,-2.436986,-2.6969862,-1.356986,-1.1369861,-2.4869862,-3.176986,-1.376986,-1.6769861,-2.146986,-3.816986,-0.6169861,0.33301392,-1.0069861,1.7130139
10.663013,12.183014,12.303014,10.673014,9.093014,7.443014,7.003014,7.463014,6.6130137,6.233014,6.853014,6.483014,5.773014,6.1130137,5.143014,6.043014,5.663014,5.143014,6.323014,6.713014,2.813014,2.573014,2.593014,4.683014,4.773014,3.173014,4.023014,-0.95698607,-0.9369861,-2.566986,-1.3169861,-0.8569861,-1.376986,-0.6369861,0.9930139,0.7030139,-0.35698608,-0.52698606,0.12301391,0.5530139,-1.6869861
11.673014,14.523014,12.813014,10.573014,8.073014,7.893014,7.913014,7.563014,6.433014,7.9030137,6.773014,7.033014,6.1130137,5.763014,7.103014,6.993014,7.323014,6.873014,7.193014,6.593014,4.843014,6.823014,7.4030137,4.743014,4.763014,3.343014,2.163014,2.663014,2.913014,2.343014,2.603014,4.073014,2.633014,4.593014,2.863014,3.353014,-2.7669861,1.633014,0.8730139,0.6830139,-2.7069862
13.933014,14.413013,13.993014,12.413013,8.243014,8.843014,8.6230135,8.413013,7.4230137,7.043014,7.083014,7.473014,6.9030137,7.263014,8.073014,8.493014,8.293014,8.053014,8.113014,7.843014,5.1730137,7.463014,7.563014,7.023014,5.223014,4.703014,2.573014,2.823014,2.683014,2.593014,3.113014,4.163014,5.243014,4.143014,3.663014,1.9630139,1.0930139,-3.116986,0.26301393,4.583014,4.093014
11.6230135,13.023014,11.693014,11.003014,10.1230135,9.683014,9.223014,7.763014,6.853014,6.703014,5.983014,4.963014,6.943014,7.3630137,8.203014,8.913013,9.443014,9.433014,9.043014,9.013014,7.983014,7.4030137,6.683014,6.163014,5.593014,5.6330137,4.533014,5.8830137,4.663014,2.3030138,3.5430138,1.6730139,3.573014,4.3630137,5.453014,1.5630139,1.123014,3.113014,1.3530139,1.6830139,-0.25698608
7.973014,9.683014,9.683014,9.743014,9.333014,8.753014,7.533014,7.333014,6.523014,5.303014,5.3630137,4.823014,5.703014,6.523014,6.593014,8.313014,9.463014,9.703014,9.673014,9.133014,8.493014,7.953014,6.993014,7.243014,6.803014,6.823014,7.683014,6.033014,6.223014,4.523014,3.963014,3.943014,3.373014,3.9830139,4.163014,2.093014,2.153014,3.2830138,2.7230139,2.0530138,0.7630139
3.433014,5.803014,6.283014,6.753014,6.063014,4.933014,6.6530137,6.693014,7.343014,5.413014,3.313014,3.2630138,5.8830137,6.033014,7.203014,6.973014,7.973014,8.703014,9.243014,8.683014,9.023014,8.463014,8.353014,7.823014,8.413013,8.043014,7.843014,6.583014,6.003014,6.073014,5.663014,5.933014,4.843014,4.753014,4.203014,4.603014,4.303014,1.893014,2.7830138,1.3430139,0.7530139
2.203014,3.093014,3.4830139,4.523014,5.1730137,6.073014,6.223014,6.593014,4.9230137,6.343014,3.313014,0.91301394,4.013014,5.963014,5.493014,5.943014,6.763014,7.233014,7.813014,8.323014,8.003014,7.843014,7.373014,6.913014,6.563014,6.573014,6.843014,7.603014,6.963014,7.343014,7.023014,6.893014,7.283014,7.223014,5.373014,4.703014,3.5330138,1.9530139,1.3030139,2.9730139,1.9330139
0.8030139,1.8530139,1.6830139,3.2530138,4.303014,4.023014,3.2230139,3.2230139,5.023014,4.523014,2.953014,1.9730139,1.623014,1.7430139,4.233014,4.493014,4.753014,5.163014,5.743014,6.143014,6.8830137,6.953014,6.703014,6.453014,6.223014,6.313014,6.6730137,7.1530137,7.143014,7.203014,7.6730137,8.203014,6.933014,7.553014,7.703014,7.283014,6.943014,7.003014,4.733014,4.413014,1.0730139
