wind_kz.json
{"header": {"discipline":0,"disciplineName":"Meteorological products","gribEdition":2,"gribLength":871,"center":7,"centerName":"US National Weather Service - NCEP(WMC)","subcenter":0,"refTime":"2024-02-03T00:00:00.000Z","significanceOfRT":1,"significanceOfRTName":"Start of forecast","productStatus":0,"productStatusName":"Operational products","productType":1,"productTypeName":"Forecast products","productDefinitionTemplate":0,"productDefinitionTemplateName":"Analysis/forecast at horizontal level/layer at a point in time","parameterCategory":0,"parameterCategoryName":"UnknownDiscipline_0_Category_0","parameterNumber":0,"parameterNumberName":"UnknownParameter_D0_C0_0","parameterUnit":"Unknown","genProcessType":2,"genProcessTypeName":"Forecast","forecastTime":0,"surface1Type":1,"surface1TypeName":"Ground or water surface","surface1Value":0.0,"surface2Type":255,"surface2TypeName":"Missing","surface2Value":0.0,"gridDefinitionTemplate":0,"gridDefinitionTemplateName":"Latitude_Longitude","numberPoints":615,"shape":6,"shapeName":"Earth spherical with radius of 6,371,229.0 m","gridUnits":"degrees","resolution":48,"winds":"true","scanMode":64,"nx":41,"ny":15,"basicAngle":0,"lo1":47.0,"la1":41.0,"lo2":87.0,"la2":55.0,"dx":1.0,"dy":1.0}, "data":
[rows 0 to 14 of 15, columns 0 to 40 of 41]
271.60895,264.80896,272.10895,280.40897,280.60895,281.90897,276.10895,274.30896,271.90897,271.90897,271.30896,272.50897,271.60895,271.60895,272.70895,272.40897,272.90897,271.80896,273.20895,272.30896,271.60895,271.40897,270.30896,265.70895,268.80896,270.20895,263.00897,247.40897,245.60896,246.20895,247.20895,246.80896,254.80896,267.00897,268.40897,268.90897,268.30896,267.60895,267.30896,265.40897,268.00897
255.40897,271.30896,280.10895,280.00897,280.60895,281.10895,271.90897,271.20895,270.60895,269.80896,269.90897,269.40897,270.00897,270.10895,269.60895,269.40897,271.70895,270.60895,272.10895,271.40897,272.30896,270.20895,265.00897,261.70895,247.20895,248.00896,253.30896,242.70895,248.60896,243.50896,253.30896,238.20895,257.20895,237.70895,243.30896,262.00897,263.10895,265.30896,264.70895,258.80896,264.50897
273.50897,279.10895,280.10895,280.30896,280.50897,273.50897,269.00897,269.60895,268.60895,268.80896,268.50897,265.60895,266.60895,266.10895,265.30896,266.50897,267.80896,266.50897,267.10895,267.00897,268.00897,267.40897,267.30896,262.00897,264.10895,261.90897,258.70895,259.40897,262.60895,255.50896,247.30896,249.70895,249.00896,249.80896,250.00896,255.20895,251.10896,251.50896,249.30896,248.40897,246.40897
274.30896,276.20895,277.90897,279.20895,278.30896,272.20895,270.50897,269.90897,270.40897,269.30896,268.00897,267.00897,281.00897,281.60895,264.20895,264.50897,265.20895,265.10895,262.80896,264.10895,262.90897,259.60895,264.70895,262.30896,263.40897,263.10895,260.90897,261.50897,259.30896,262.30896,257.40897,262.20895,267.70895,258.00897,256.20895,258.30896,246.70895,247.00896,255.20895,256.90897,262.10895
273.50897,272.80896,271.90897,272.50897,272.30896,273.30896,272.30896,272.00897,271.30896,270.00897,268.00897,268.30896,279.00897,279.10895,278.20895,263.10895,262.80896,261.80896,260.90897,259.10895,261.80896,262.80896,261.60895,261.50897,260.60895,260.90897,260.70895,258.20895,263.10895,262.70895,264.00897,260.40897,252.20895,239.90897,254.30896,259.00897,261.40897,254.10896,257.40897,256.50897,258.70895
273.50897,273.60895,272.80896,271.60895,271.00897,270.70895,270.80896,272.10895,270.00897,271.40897,270.40897,270.00897,277.80896,279.20895,272.40897,267.70895,266.00897,262.00897,264.00897,259.10895,261.50897,260.30896,261.00897,259.30896,259.20895,258.20895,258.20895,261.00897,259.60895,260.70895,260.10895,262.80896,258.80896,254.60896,259.60895,262.40897,255.40897,258.60895,257.60895,255.30896,256.60895
271.70895,271.20895,271.90897,273.50897,273.00897,273.10895,269.40897,269.50897,268.40897,270.00897,271.40897,271.60895,270.50897,270.80896,271.40897,271.70895,269.40897,267.50897,264.00897,263.00897,262.10895,263.30896,263.00897,261.30896,257.70895,257.40897,253.10896,256.20895,253.40897,255.50896,253.80896,254.90897,254.40897,257.50897,258.00897,257.90897,255.20895,253.50896,253.70895,256.70895,259.00897
271.10895,270.90897,272.30896,272.50897,272.60895,272.50897,272.00897,266.90897,267.00897,268.70895,271.00897,272.70895,272.40897,272.90897,271.80896,273.00897,271.50897,268.90897,267.00897,264.30896,263.00897,262.40897,262.30896,262.40897,260.70895,258.30896,259.30896,253.40897,249.20895,247.50896,246.80896,250.60896,248.90897,251.60896,248.00896,246.50896,250.50896,255.10896,261.20895,257.80896,258.70895
272.10895,272.20895,272.30896,272.90897,273.10895,273.20895,272.50897,272.20895,271.70895,271.60895,270.50897,271.50897,271.10895,271.20895,272.70895,272.60895,271.90897,269.90897,267.90897,266.60895,265.80896,263.90897,263.50897,262.40897,261.30896,261.80896,260.70895,258.10895,256.10895,250.50896,247.70895,250.20895,257.00897,258.50897,255.00896,252.10896,252.30896,254.70895,251.50896,254.50896,250.50896
270.40897,271.90897,271.90897,272.30896,272.70895,272.80896,272.70895,272.60895,272.40897,271.30896,271.80896,271.10895,269.20895,271.00897,268.40897,270.20895,271.50897,270.30896,269.40897,268.30896,267.20895,266.60895,266.10895,264.80896,263.90897,262.70895,262.60895,261.20895,260.40897,254.50896,256.40897,259.20895,259.80896,259.30896,255.10896,250.70895,254.40897,252.30896,250.00896,252.10896,249.50896
265.90897,269.30896,270.90897,271.40897,272.50897,271.90897,272.50897,272.80896,272.20895,271.70895,270.90897,269.50897,268.10895,267.70895,264.80896,266.40897,268.90897,269.90897,269.50897,268.10895,267.00897,268.20895,267.30896,265.80896,264.80896,263.40897,261.80896,262.00897,262.40897,260.10895,259.70895,258.70895,259.30896,259.10895,257.40897,259.00897,252.90897,251.10896,249.50896,254.80896,252.90897
268.20895,269.30896,270.50897,270.90897,271.00897,271.70895,271.20895,271.80896,272.20895,272.40897,270.80896,266.10895,267.80896,265.90897,265.90897,266.20895,267.70895,268.60895,269.10895,268.90897,268.10895,267.70895,267.10895,265.40897,263.70895,263.20895,263.00897,262.40897,261.50897,261.70895,259.50897,257.30896,260.40897,258.50897,258.60895,260.00897,261.30896,258.70895,260.10895,259.80896,263.40897
267.90897,264.60895,270.00897,267.40897,270.90897,271.30896,271.70895,271.40897,271.10895,268.90897,262.90897,263.30896,263.70895,264.50897,265.50897,265.80896,265.70895,267.20895,267.40897,266.80896,266.40897,264.50897,263.80896,262.40897,262.10895,261.60895,260.40897,260.50897,260.40897,259.50897,260.00897,260.20895,260.70895,261.40897,261.60895,260.60895,260.50897,262.40897,257.00897,262.30896,264.50897
267.30896,264.70895,266.40897,261.00897,259.80896,270.30896,271.60895,269.30896,265.50897,267.20895,262.70895,261.80896,260.90897,261.80896,263.30896,264.30896,263.70895,263.30896,263.10895,262.30896,261.30896,259.90897,256.20895,256.80896,258.20895,254.20895,259.00897,259.70895,257.00897,258.20895,257.20895,258.90897,259.30896,258.80896,260.50897,260.40897,260.50897,259.20895,255.70895,260.30896,260.20895
267.80896,258.60895,259.80896,265.70895,265.80896,270.60895,268.50897,268.30896,267.20895,267.60895,266.70895,262.90897,261.00897,259.60895,261.10895,260.90897,259.20895,257.60895,256.50897,254.60896,252.80896,253.70895,252.20895,254.10896,251.70895,249.10896,247.40897,245.80896,251.10896,255.50896,256.60895,258.60895,260.00897,260.90897,261.80896,259.30896,257.90897,258.80896,253.90897,259.30896,261.60895
