wind_kz.json
{"header": {"discipline":0,"disciplineName":"Meteorological products","gribEdition":2,"gribLength":1025,"center":7,"centerName":"US National Weather Service - NCEP(WMC)","subcenter":0,"refTime":"2023-10-02T18:00:00.000Z","significanceOfRT":1,"significanceOfRTName":"Start of forecast","productStatus":0,"productStatusName":"Operational products","productType":1,"productTypeName":"Forecast products","productDefinitionTemplate":0,"productDefinitionTemplateName":"Analysis/forecast at horizontal level/layer at a point in time","parameterCategory":2,"parameterCategoryName":"UnknownDiscipline_0_Category_2","parameterNumber":2,"parameterNumberName":"UnknownParameter_D0_C2_2","parameterUnit":"Unknown","genProcessType":2,"genProcessTypeName":"Forecast","forecastTime":60,"surface1Type":103,"surface1TypeName":"Specified height level above ground","surface1Value":10.0,"surface2Type":255,"surface2TypeName":"Missing","surface2Value":0.0,"gridDefinitionTemplate":0,"gridDefinitionTemplateName":"Latitude_Longitude","numberPoints":615,"shape":6,"shapeName":"Earth spherical with radius of 6,371,229.0 m","gridUnits":"degrees","resolution":48,"winds":"true","scanMode":64,"nx":41,"ny":15,"basicAngle":0,"lo1":47.0,"la1":41.0,"lo2":87.0,"la2":55.0,"dx":1.0,"dy":1.0}, "data":
[rows 0 to 14 of 15, columns 0 to 40 of 41]
-0.34661072,-0.03661072,1.7633892,6.5633893,6.2533894,1.3033893,-1.4866108,-5.1266108,-8.916611,-6.316611,-6.6266108,-7.7066107,-6.8766108,-4.3666105,-4.086611,-4.6866107,-3.8666108,-4.2666106,-5.2666106,-4.5366106,-1.9266107,-0.9366107,1.2633892,2.3133893,-2.6866107,-1.2566108,0.6333893,2.9433892,0.8733893,0.9933893,1.8833892,0.023389282,0.2633893,-0.06661072,0.73338926,0.7033893,1.5633893,-0.076610714,1.2933893,1.1833893,-3.1366107
-0.12661071,1.6533893,2.9233892,6.053389,0.91338927,-0.9466107,-1.9466107,-3.8766108,-5.1666107,-4.8866105,-5.5166106,-5.0766106,-4.5966105,-2.4566107,-3.9066107,-3.5066106,-2.8766108,-4.046611,-2.7366107,-0.51661074,1.5233893,1.0933893,1.1833893,3.2533894,0.6533893,0.05338928,0.7133893,0.3833893,3.1833892,1.3833892,0.72338927,0.4533893,-0.5066107,0.40338928,0.103389286,0.28338927,-0.046610717,-1.8666108,-2.2866106,-1.5366107,0.19338928
1.6533893,2.4033892,2.5133893,3.1633892,1.2733893,-5.176611,-6.3466105,-4.796611,-4.356611,-3.6066108,-2.2066107,-2.6266108,-2.8666108,-4.736611,-4.236611,-4.1266108,-4.3666105,-2.6966107,-1.0766107,0.25338927,-1.0766107,-1.1766107,-0.23661071,1.8433893,0.7433893,-0.52661073,-2.5066106,-2.4266107,2.2433894,0.09338928,0.9433893,-1.6566107,-1.5566107,0.21338928,0.23338929,1.2533892,1.3933892,0.073389284,1.4233893,6.913389,4.163389
2.8033893,4.473389,2.2233894,2.5233893,-1.3166107,-3.5566108,-1.3466107,-5.7866106,-5.3466105,-5.5166106,-4.196611,-3.5966108,-3.9966106,-4.0566106,-4.2066107,-4.3066106,-2.6566107,-2.5566108,-2.6266108,-4.1866107,-1.7966107,-2.1266108,-1.2766107,-2.6466107,-4.1666107,-4.3466105,-3.6966107,-5.6666107,-5.0966105,-3.2666106,-1.9766107,-3.3466108,-4.1866107,-2.2566106,-1.8466107,-0.6666107,1.2333893,1.4233893,-1.9466107,-3.0366106,-4.006611
1.9933892,1.8633893,-0.3966107,1.1333892,-0.9666107,-1.1466107,-1.4666107,-1.1566107,-3.6266108,-4.606611,-2.7566106,-4.946611,-4.506611,-4.256611,-2.9166107,-3.1266108,-3.1066108,-2.8866107,-3.3666108,-4.6266108,-5.696611,-4.9766107,-5.9366107,-6.106611,-6.796611,-7.3266106,-8.256611,-5.066611,-4.4166107,-3.8466108,-2.4166107,0.8833893,2.6133893,2.3033893,-2.5866108,-2.1766107,-2.9866107,-4.546611,-2.6766107,-2.4066107,-2.2066107
0.36338928,0.79338926,-0.5566107,-0.5366107,-0.63661075,-2.4166107,-2.4666107,-3.2166107,-3.9266107,-4.236611,-4.5366106,-4.276611,-4.236611,-3.3566108,-2.1366107,-3.2666106,-3.2266107,-3.9766107,-4.606611,-4.2266107,-5.3466105,-5.1466107,-5.3066106,-6.066611,-6.026611,-7.046611,-7.4766107,-4.856611,-5.3866105,-4.5166106,-3.4766107,-2.7466106,-2.1766107,-1.9566107,-0.8066107,-1.8466107,0.37338927,-0.82661074,-2.7466106,-2.8466108,-2.7766106
0.043389283,0.5933893,-0.016610717,-1.0866107,-1.0966107,-1.7666107,-3.4266107,-3.3966107,-3.6166108,-3.4066107,-2.9066107,-3.7066107,-3.1466107,-3.6866107,-3.2566106,-3.4466107,-3.3866107,-2.8866107,-3.1866107,-4.986611,-4.6366105,-3.7766106,-4.3866105,-5.1166105,-5.196611,-5.0566106,-4.296611,-3.8166108,-3.9366107,-3.5666108,-4.1466107,-4.2666106,-3.2366107,-3.8866107,-3.9366107,-1.2466108,-0.16661072,-0.43661073,0.2933893,0.97338927,0.22338928
1.5633893,2.1933892,1.2233893,0.4133893,-0.4866107,-1.6166108,-1.7966107,-2.8766108,-3.4866107,-2.7666106,-2.4866107,-2.8766108,-2.2666106,-2.3066108,-1.9666107,-1.9266107,-2.5266106,-2.6866107,-2.6466107,-3.4666107,-3.9866107,-3.7266107,-3.1866107,-2.3166108,-2.2466106,-1.8166107,-2.4766107,-2.4266107,-3.1666107,-2.3866107,-2.9466107,-2.3266108,-1.7366108,-2.3466108,-0.7166107,-3.9266107,-0.41661072,0.09338928,-1.2166107,-0.63661075,1.0633893
2.9633894,1.7233893,1.3833892,1.4333893,1.1133893,0.39338928,-0.5366107,-0.8466107,-0.9866107,-1.0466107,-1.1066108,-0.7366107,-0.6766107,-0.6966107,-0.76661074,-1.7166107,-2.2466106,-2.3866107,-2.2266107,-1.9566107,-2.7666106,-3.2266107,-3.1966107,-2.8966107,-2.7166107,-1.3766108,-0.11661072,0.49338928,-0.3066107,-0.18661071,0.023389282,-0.58661073,-1.4866108,-1.5366107,-1.2766107,-0.82661074,-1.9566107,-0.5366107,0.3533893,-0.13661072,0.4533893
3.8833892,3.1533892,1.5033892,2.2433894,1.9433893,1.8633893,1.9833893,1.8933892,0.6933893,0.7033893,1.6933893,1.8333893,2.1133893,0.7833893,1.4133893,0.6533893,0.09338928,-1.3366107,-1.7566108,-2.0066106,-2.4866107,-1.9266107,-1.7066107,-1.9766107,-1.5866107,-1.0266107,-1.3166107,-0.5366107,-0.08661072,1.4433893,1.3533893,1.7333893,-0.40661073,-0.13661072,-0.25661072,-1.7266107,-0.11661072,-0.28661072,1.8333893,0.6233893,-0.57661074
3.7733893,3.9333892,3.9133892,3.2433894,2.9233892,2.5333893,2.1133893,3.0533893,2.9433892,2.2333894,2.2633893,2.8933892,2.2133894,3.1133893,2.3433893,2.8633893,2.8533893,1.6833893,1.2533892,0.8233893,-0.05661072,0.4133893,0.37338927,0.6833893,0.72338927,0.8033893,1.3133893,0.14338928,0.22338928,0.33338928,0.7033893,-0.46661073,0.54338926,0.5633893,0.28338927,0.24338928,0.34338927,0.7533893,0.66338927,-0.25661072,1.1433892
3.8233893,4.2733893,4.1733894,3.8833892,4.4233894,3.7433894,3.0633893,3.3233893,4.033389,3.5233893,1.2433892,4.303389,3.4433892,3.6433892,4.163389,3.2033892,3.2233894,2.7733893,3.2133894,3.3033893,3.3733892,2.9633894,2.4833894,2.2533894,2.8433893,2.6133893,3.3033893,2.6633892,2.0133893,1.3133893,1.9133893,1.1433892,1.6733893,0.8833893,1.6033893,1.9833893,2.0033894,1.6233892,0.6233893,0.5233893,0.0033892822
2.9933894,4.783389,4.4833894,4.7733893,4.323389,3.7133894,4.973389,5.033389,5.6933894,2.7733893,2.1733892,4.643389,4.3333893,5.183389,4.9833894,4.4033895,4.203389,4.0633893,3.6333892,4.263389,3.7433894,3.8833892,3.8833892,3.1633892,4.8433895,4.183389,3.7133894,3.3933892,3.6833892,3.5533893,3.0633893,2.9133892,2.8833892,2.8133893,2.5733893,2.3733892,2.1133893,1.3333893,1.5433893,0.98338926,0.8033893
4.223389,2.6133893,2.3033893,5.143389,5.0033894,4.533389,4.893389,5.1033893,5.053389,4.3833895,3.0633893,4.143389,5.683389,5.7533894,5.5433893,5.5833893,5.163389,4.8833895,4.6333895,5.1533895,4.993389,5.183389,6.203389,5.663389,5.3133893,4.073389,4.013389,4.6333895,4.2933893,4.143389,4.3733892,3.9433892,3.5333893,3.6433892,3.2633893,3.3133893,2.6433892,1.9933892,1.3433893,1.7333893,0.24338928
3.5733893,4.803389,5.7933893,3.5433893,3.4533892,4.8133893,6.453389,5.6333895,5.7933893,3.9533892,2.6733892,5.4433894,3.9133892,3.0833893,4.2933893,3.7733893,4.7733893,5.203389,5.1733894,5.683389,5.5033894,5.453389,5.6233892,5.2533894,4.8733892,4.7733893,5.073389,4.5033894,5.0433893,4.8833895,5.3333893,4.803389,4.723389,4.5833893,4.4033895,4.4433894,3.2233894,4.203389,4.1033893,2.8333893,0.5333893
