wind_kz.json
{"header": {"discipline":0,"disciplineName":"Meteorological products","gribEdition":2,"gribLength":948,"center":7,"centerName":"US National Weather Service - NCEP(WMC)","subcenter":0,"refTime":"2023-08-23T06:00:00.000Z","significanceOfRT":1,"significanceOfRTName":"Start of forecast","productStatus":0,"productStatusName":"Operational products","productType":1,"productTypeName":"Forecast products","productDefinitionTemplate":0,"productDefinitionTemplateName":"Analysis/forecast at horizontal level/layer at a point in time","parameterCategory":0,"parameterCategoryName":"UnknownDiscipline_0_Category_0","parameterNumber":0,"parameterNumberName":"UnknownParameter_D0_C0_0","parameterUnit":"Unknown","genProcessType":2,"genProcessTypeName":"Forecast","forecastTime":240,"surface1Type":1,"surface1TypeName":"Ground or water surface","surface1Value":0.0,"surface2Type":255,"surface2TypeName":"Missing","surface2Value":0.0,"gridDefinitionTemplate":0,"gridDefinitionTemplateName":"Latitude_Longitude","numberPoints":615,"shape":6,"shapeName":"Earth spherical with radius of 6,371,229.0 m","gridUnits":"degrees","resolution":48,"winds":"true","scanMode":64,"nx":41,"ny":15,"basicAngle":0,"lo1":47.0,"la1":41.0,"lo2":87.0,"la2":55.0,"dx":1.0,"dy":1.0}, "data":
[rows 0 to 14 of 15, columns 0 to 40 of 41]
306.70944,295.00946,302.20944,299.00946,298.70944,297.70944,310.00946,318.10944,314.20944,314.60944,314.40945,312.90945,312.40945,313.50946,313.70944,317.80945,318.10944,315.40945,317.80945,315.10944,320.50946,310.90945,309.50946,307.40945,312.50946,313.60944,307.10944,303.70944,299.90945,294.30945,294.50946,283.20944,307.60944,317.30945,326.00946,323.70944,324.90945,323.40945,325.90945,325.90945,323.80945
289.00946,300.80945,298.70944,298.70944,298.50946,297.20944,311.20944,309.50946,313.30945,314.10944,314.90945,313.90945,315.50946,316.90945,320.60944,319.30945,320.90945,320.50946,318.90945,318.10944,318.50946,313.50946,308.90945,299.50946,294.20944,295.60944,303.50946,301.40945,302.00946,291.70944,298.90945,288.30945,299.60944,273.20944,282.90945,314.80945,309.80945,319.60944,323.30945,313.70944,285.70944
299.70944,298.10944,298.70944,298.70944,297.20944,308.60944,308.40945,310.10944,309.20944,309.50946,310.50946,312.60944,312.50946,313.90945,315.20944,317.90945,317.00946,318.90945,319.90945,318.10944,316.50946,316.00946,314.80945,309.90945,309.30945,307.10944,306.90945,306.40945,304.80945,298.70944,288.30945,296.40945,303.40945,303.20944,304.60944,303.90945,300.30945,299.50946,306.60944,289.20944,287.80945
306.90945,299.10944,298.90945,297.90945,299.20944,305.40945,306.50946,309.10944,310.40945,307.80945,309.30945,309.60944,295.20944,294.70944,314.30945,317.40945,314.60944,316.40945,316.60944,318.90945,312.50946,314.30945,314.30945,315.70944,313.60944,310.60944,311.50946,309.50946,308.20944,310.50946,310.90945,310.50946,314.00946,319.60944,320.10944,314.90945,300.20944,298.30945,296.50946,312.60944,316.30945
309.30945,298.90945,299.10944,298.70944,304.00946,307.40945,307.50946,308.80945,306.10944,305.40945,306.70944,305.40945,294.70944,293.70944,291.90945,311.40945,304.80945,308.50946,312.30945,311.10944,314.70944,318.30945,315.90945,315.40945,316.70944,316.20944,311.30945,304.50946,309.50946,308.70944,309.80945,307.80945,299.90945,297.80945,302.00946,312.50946,307.80945,321.50946,324.60944,318.90945,319.20944
305.80945,305.30945,296.90945,297.80945,298.10944,297.50946,307.60944,306.70944,306.30945,305.70944,304.80945,305.60944,295.60944,294.10944,298.80945,304.60944,307.30945,308.50946,306.20944,310.80945,309.50946,311.80945,316.20944,318.20944,315.80945,312.50946,313.20944,293.20944,307.60944,307.70944,307.80945,307.50946,307.60944,308.40945,303.60944,305.00946,306.50946,311.20944,321.60944,319.30945,319.90945
304.30945,304.60944,304.80945,305.10944,302.40945,304.80945,307.20944,305.10944,304.10944,302.80945,297.50946,298.50946,303.20944,304.00946,297.50946,301.60944,305.10944,306.30945,306.00946,305.00946,304.00946,306.50946,309.90945,313.00946,312.10944,313.50946,310.50946,310.70944,311.40945,313.20944,308.80945,309.10944,308.50946,309.00946,313.40945,314.40945,305.30945,304.90945,307.40945,301.90945,307.10944
302.60944,303.20944,303.10944,303.10944,302.80945,303.10944,302.90945,301.90945,302.00946,302.30945,300.10944,300.10944,301.60944,294.90945,303.70944,303.50946,300.50946,294.60944,302.60944,302.60944,295.40945,289.30945,298.30945,307.20944,308.90945,310.30945,310.70944,307.20944,305.70944,308.80945,309.10944,309.30945,309.20944,304.20944,304.40945,309.60944,311.50946,289.50946,310.80945,311.70944,309.40945
301.10944,302.40945,303.20944,302.90945,301.00946,300.60944,299.40945,299.10944,299.90945,300.20944,297.40945,300.20944,299.30945,301.20944,302.20944,304.50946,299.80945,292.60944,295.00946,305.20944,301.40945,303.20944,297.20944,304.90945,302.10944,303.30945,304.30945,305.30945,291.80945,291.10944,302.80945,306.90945,312.00946,304.80945,308.80945,306.80945,309.70944,303.80945,297.90945,296.50946,299.30945
302.20944,299.70944,300.10944,300.60944,299.70944,298.90945,298.00946,296.70944,297.50946,298.40945,296.80945,296.70944,288.30945,288.90945,298.50946,295.30945,301.90945,302.30945,297.20944,292.90945,298.20944,302.40945,289.90945,302.60944,303.70944,301.10944,292.80945,302.20944,302.00946,304.50946,305.00946,308.00946,310.60944,311.10944,305.10944,304.80945,296.80945,296.20944,291.60944,296.30945,296.30945
302.40945,299.90945,298.70944,297.20944,296.70944,296.10944,296.00946,295.90945,295.20944,295.00946,293.80945,294.30945,295.60944,288.20944,288.50946,296.20944,293.50946,294.00946,299.80945,301.60944,302.10944,302.70944,299.50946,298.70944,294.10944,300.30945,297.40945,301.10944,302.60944,304.90945,307.10944,309.00946,308.00946,306.70944,307.20944,299.60944,294.50946,294.60944,297.10944,292.70944,286.40945
299.30945,300.80945,297.90945,297.20944,296.00946,295.10944,293.70944,293.90945,294.00946,293.70944,291.20944,291.50946,286.80945,286.00946,286.00946,286.70944,287.30945,295.90945,298.20944,298.20944,296.10944,290.50946,292.70944,296.40945,293.50946,295.60944,299.60944,297.00946,304.70944,304.30945,304.40945,304.40945,305.10944,305.50946,301.60944,300.80945,302.80945,301.00946,297.10944,297.90945,294.30945
295.00946,298.50946,299.60944,299.20944,296.10944,294.00946,294.50946,295.60944,294.40945,291.40945,287.70944,288.80945,290.40945,288.20944,286.30945,287.70944,287.50946,286.30945,294.30945,289.10944,287.20944,290.10944,287.30945,292.90945,290.60944,296.60944,297.40945,300.50946,300.80945,301.20944,302.70944,302.50946,303.10944,306.50946,307.00946,293.40945,298.30945,297.80945,298.20944,298.10944,295.30945
296.00946,296.20944,293.90945,296.60944,295.50946,293.60944,293.70944,292.20944,292.70944,292.30945,286.60944,283.50946,288.20944,287.40945,287.40945,286.30945,286.20944,287.00946,287.50946,288.30945,286.80945,288.60944,291.50946,294.90945,295.30945,296.80945,297.50946,294.90945,292.80945,296.60944,300.30945,300.60944,299.60944,298.60944,298.40945,299.20944,297.60944,295.80945,296.70944,295.30945,299.80945
291.70944,296.00946,290.30945,294.40945,294.70944,292.60944,292.40945,292.20944,293.10944,291.70944,288.10944,288.40945,281.70944,286.00946,288.20944,286.20944,287.40945,287.40945,287.20944,285.70944,287.10944,287.60944,289.70944,288.70944,287.20944,293.40945,293.50946,294.20944,295.50946,294.60944,291.50946,291.60944,298.00946,297.50946,297.70944,298.40945,298.10944,295.60944,291.70944,294.60944,295.50946
