wind_kz.json
{"header": {"discipline":0,"disciplineName":"Meteorological products","gribEdition":2,"gribLength":1025,"center":7,"centerName":"US National Weather Service - NCEP(WMC)","subcenter":0,"refTime":"2023-08-25T18:00:00.000Z","significanceOfRT":1,"significanceOfRTName":"Start of forecast","productStatus":0,"productStatusName":"Operational products","productType":1,"productTypeName":"Forecast products","productDefinitionTemplate":0,"productDefinitionTemplateName":"Analysis/forecast at horizontal level/layer at a point in time","parameterCategory":2,"parameterCategoryName":"UnknownDiscipline_0_Category_2","parameterNumber":3,"parameterNumberName":"UnknownParameter_D0_C2_3","parameterUnit":"Unknown","genProcessType":2,"genProcessTypeName":"Forecast","forecastTime":300,"surface1Type":103,"surface1TypeName":"Specified height level above ground","surface1Value":10.0,"surface2Type":255,"surface2TypeName":"Missing","surface2Value":0.0,"gridDefinitionTemplate":0,"gridDefinitionTemplateName":"Latitude_Longitude","numberPoints":615,"shape":6,"shapeName":"Earth spherical with radius of 6,371,229.0 m","gridUnits":"degrees","resolution":48,"winds":"true","scanMode":64,"nx":41,"ny":15,"basicAngle":0,"lo1":47.0,"la1":41.0,"lo2":87.0,"la2":55.0,"dx":1.0,"dy":1.0}, "data":
[rows 0 to 14 of 15, columns 0 to 40 of 41]
0.6447339,1.9147339,3.544734,6.894734,4.734734,2.864734,5.244734,5.394734,3.334734,1.5247339,-0.62526613,-1.2552661,-0.5852661,-1.9852661,-4.475266,-4.555266,-5.605266,-5.305266,-7.3652663,-5.075266,-3.7252662,-2.835266,-0.5452661,1.6347339,3.054734,3.5247338,-0.6352661,0.26473388,-2.3152661,-3.2152662,-1.6852661,0.7347339,4.984734,0.07473388,-5.1552663,-4.085266,-4.895266,-2.4652662,-0.14526612,1.3247339,1.9547338
1.1247339,-1.6352661,8.384734,9.484734,7.214734,5.334734,7.194734,5.714734,2.844734,1.2247338,0.56473386,-0.8452661,0.5147339,-1.9652661,-4.1952662,-3.865266,-4.325266,-5.955266,-7.335266,-6.965266,-6.215266,-5.5952663,-3.145266,-1.5452662,2.864734,3.4647338,3.644734,0.104733884,0.034733888,-1.1852661,-2.885266,-3.105266,-0.9852661,-2.705266,0.08473389,-0.20526612,-3.435266,-4.935266,2.9447339,0.2047339,-0.5952661
-1.4752661,3.4447339,6.494734,8.904734,6.774734,7.144734,5.834734,4.794734,5.424734,2.574734,-0.3152661,0.4347339,-0.16526611,-1.1952661,-3.0752661,-4.215266,-4.315266,-4.705266,-6.8652663,-8.005266,-3.8052661,-3.5452662,-7.575266,-3.865266,-3.205266,-2.4652662,-2.095266,-3.2452662,-0.5152661,-2.685266,-3.0352662,-1.3152661,-0.19526611,-0.56526613,1.0847338,-3.0752661,-3.085266,-3.2252662,-1.7452661,1.4347339,1.0547339
1.4647338,7.104734,7.3447337,9.234734,9.234734,7.8247337,6.354734,6.194734,6.014734,3.7347338,2.0247338,2.2747338,0.08473389,-1.4252661,-2.895266,-4.0952663,-4.5952663,-4.245266,-5.605266,-6.835266,-6.6752663,-3.205266,-3.7552662,-5.105266,-5.375266,-4.165266,-3.9952662,-1.8852661,-2.895266,-2.0052662,-2.885266,-1.9652661,2.124734,3.294734,2.084734,2.7247338,3.614734,3.2547338,-3.5452662,-3.0552661,-4.6152663
7.414734,5.5747337,8.334734,9.704734,8.594734,6.8247337,6.854734,7.954734,7.8847337,4.894734,4.234734,3.9847338,2.374734,0.12473389,-1.5752661,-3.2352662,-4.495266,-5.045266,-4.375266,-4.0952663,-3.8152661,-4.1952662,-4.4452662,-4.755266,-4.565266,-4.545266,-3.9852662,-6.485266,-2.8252661,-3.135266,-2.0252662,-1.1752661,2.624734,-0.5752661,1.0447339,2.9947338,0.5947339,2.6747339,-2.8252661,-6.015266,-7.485266
6.944734,6.184734,4.164734,5.914734,5.714734,6.164734,6.014734,7.444734,8.544734,6.0947337,5.1547337,4.474734,3.794734,1.4847339,-1.7452661,-2.8052661,-3.7852662,-4.705266,-4.725266,-3.365266,-3.365266,-3.7452662,-5.125266,-5.645266,-5.275266,-5.085266,-4.4052663,-2.7952662,-5.275266,-3.5152662,-2.105266,-1.9452661,-0.81526613,-0.9052661,0.75473386,-1.4652661,-2.7452662,-6.0952663,-2.7352662,2.0347338,3.9847338
4.444734,4.954734,6.514734,7.624734,6.794734,5.474734,5.624734,7.5547338,8.094734,6.684734,6.084734,4.744734,4.274734,2.9747338,0.8447339,-1.0452662,-2.415266,-2.955266,-3.835266,-3.865266,-3.8252661,-4.6552663,-5.065266,-5.715266,-5.315266,-4.625266,-4.485266,-5.505266,-5.815266,-4.9252663,0.7347339,3.2547338,-0.2552661,-1.2252661,-3.185266,-0.1852661,3.9847338,0.15473388,-1.1852661,5.034734,-0.35526612
3.624734,5.194734,5.274734,6.424734,5.924734,5.6147337,5.674734,7.254734,8.204734,6.764734,6.284734,4.8647337,3.844734,3.144734,2.2147338,-0.22526611,-1.9352661,-3.0452662,-3.5452662,-5.3652663,-5.435266,-5.3852663,-5.125266,-4.575266,-4.605266,-4.355266,-5.015266,-5.015266,-4.745266,-3.7952662,-3.865266,-3.355266,-1.8552661,-1.9652661,-1.8052661,-1.6552662,-2.185266,-2.085266,-0.20526612,-0.5252661,-0.44526613
5.714734,6.004734,5.6347337,5.374734,4.334734,3.634734,4.0947337,4.544734,3.7147338,5.6147337,6.204734,4.3247337,3.374734,3.7747338,2.574734,0.6647339,-1.5552661,-2.2952662,-3.585266,-4.855266,-5.3652663,-5.515266,-5.5952663,-5.5952663,-5.6752663,-4.955266,-4.4452662,-4.465266,-4.335266,-4.665266,-3.655266,-2.605266,0.32473388,0.3847339,-1.7752662,-3.0052662,-2.3152661,-3.7752662,-1.5952661,1.7247338,6.024734
8.164734,7.264734,6.3447337,4.474734,2.9847338,3.1747339,2.7847338,0.87473387,1.4147339,4.244734,5.354734,4.254734,4.214734,4.3247337,2.604734,0.8947339,-0.22526611,-2.335266,-3.135266,-4.0952663,-4.225266,-4.415266,-4.975266,-5.575266,-6.255266,-6.705266,-4.9252663,-4.075266,-3.4952662,-4.585266,-4.9052663,-6.1752663,-3.355266,0.14473389,-1.4552661,-3.645266,-2.0052662,2.2047338,1.9147339,1.3247339,-0.4952661
7.254734,6.254734,4.3047338,2.404734,1.9747338,2.0047338,1.4447339,1.3747339,0.8947339,2.2847338,2.604734,3.6947339,3.904734,2.644734,2.0047338,0.6747339,0.23473388,-1.4752661,-2.5152662,-3.415266,-3.695266,-3.9652662,-4.565266,-5.335266,-5.215266,-5.435266,-5.0952663,-4.455266,-4.775266,-4.8652663,-3.8252661,-2.2552662,-2.7252662,-4.475266,-2.705266,-0.23526612,1.2347339,0.4047339,0.024733886,0.7347339,0.48473388
5.704734,5.774734,5.524734,5.254734,2.2447338,2.094734,2.834734,2.854734,1.7747339,1.5447339,1.6347339,1.5647339,1.7247338,1.2747339,0.5347339,0.81473386,0.064733885,-0.6152661,-2.405266,-2.7652662,-3.115266,-3.445266,-4.9452662,-4.575266,-4.005266,-4.825266,-5.025266,-5.785266,-5.825266,-5.415266,-3.8252661,-3.8052661,-2.0652661,-1.5752661,-1.0352662,-1.8552661,-0.4952661,1.7947339,1.8647339,-0.4352661,-1.8452661
3.814734,3.564734,0.93473387,2.5047338,1.3747339,1.8347338,2.5347338,3.1747339,3.404734,1.4147339,0.81473386,1.3747339,0.034733888,0.81473386,0.8547339,1.5547339,0.8347339,-0.2752661,-2.2252662,-2.7352662,-2.7652662,-1.9652661,-3.2352662,-3.4652662,-4.965266,-5.1552663,-5.1152663,-5.055266,-4.255266,-4.4052663,-1.8052661,-2.7852662,-3.935266,-2.2652662,-1.2552661,0.5947339,-0.80526614,-0.6652661,1.9647338,0.4947339,0.5947339
-1.5652661,-3.395266,1.5647339,3.074734,3.394734,2.914734,3.2447338,4.5947337,3.904734,3.7547338,0.9647339,0.9147339,0.6647339,1.5847338,1.6847339,1.5147339,0.9747339,-0.3652661,-1.5652661,-1.5352662,-3.865266,-2.875266,-3.7152662,-4.8852663,-4.565266,-5.415266,-4.965266,-4.6752663,-4.335266,-3.925266,-3.7152662,-2.7252662,-2.935266,-1.8252661,-1.7052661,0.7147339,0.3447339,-0.75526613,1.1347339,0.7847339,0.034733888
3.824734,5.0547338,4.414734,4.744734,4.754734,3.664734,3.5247338,3.4347339,3.9947338,4.314734,2.094734,1.2247338,1.6947339,1.0547339,2.9547338,1.8947339,1.4047339,-0.7152661,-1.1352661,-2.4752662,-2.835266,-3.895266,-4.275266,-4.305266,-4.755266,-5.065266,-4.985266,-5.395266,-5.215266,-4.105266,-4.375266,-4.645266,-3.2552662,-2.4652662,-2.925266,-1.2852662,-0.55526614,0.33473387,0.16473389,-0.74526614,1.8247339
