wind_kz.json
{"header": {"discipline":0,"disciplineName":"Meteorological products","gribEdition":2,"gribLength":1102,"center":7,"centerName":"US National Weather Service - NCEP(WMC)","subcenter":0,"refTime":"2023-10-04T18:00:00.000Z","significanceOfRT":1,"significanceOfRTName":"Start of forecast","productStatus":0,"productStatusName":"Operational products","productType":1,"productTypeName":"Forecast products","productDefinitionTemplate":0,"productDefinitionTemplateName":"Analysis/forecast at horizontal level/layer at a point in time","parameterCategory":2,"parameterCategoryName":"UnknownDiscipline_0_Category_2","parameterNumber":2,"parameterNumberName":"UnknownParameter_D0_C2_2","parameterUnit":"Unknown","genProcessType":2,"genProcessTypeName":"Forecast","forecastTime":300,"surface1Type":103,"surface1TypeName":"Specified height level above ground","surface1Value":10.0,"surface2Type":255,"surface2TypeName":"Missing","surface2Value":0.0,"gridDefinitionTemplate":0,"gridDefinitionTemplateName":"Latitude_Longitude","numberPoints":615,"shape":6,"shapeName":"Earth spherical with radius of 6,371,229.0 m","gridUnits":"degrees","resolution":48,"winds":"true","scanMode":64,"nx":41,"ny":15,"basicAngle":0,"lo1":47.0,"la1":41.0,"lo2":87.0,"la2":55.0,"dx":1.0,"dy":1.0}, "data":
[rows 0 to 14 of 15, columns 0 to 40 of 41]
2.3119738,0.7819739,-1.0480261,-4.458026,-5.528026,-8.748026,-9.818027,-10.148026,-11.118026,-6.938026,-7.408026,-6.3480263,-6.168026,-6.198026,-5.918026,-4.508026,-3.878026,-8.348026,-7.418026,-3.9380262,1.0019739,2.391974,0.9819739,2.2719738,-0.93802613,0.8619739,2.7719738,-2.9880261,-1.6780261,-0.6280261,-0.8880261,0.7819739,0.21197388,-0.7180261,1.0019739,2.5019739,2.9919739,2.0119739,3.0219738,2.5219738,2.3519738
1.1219739,0.89197385,-6.678026,-9.388026,-9.498026,-9.478026,-7.928026,-10.458026,-8.948026,-7.5380263,-7.108026,-6.668026,-5.968026,-6.0180264,-5.3680263,-5.188026,-5.358026,-6.5180264,-3.848026,-5.318026,-6.0380263,-5.108026,0.25197387,2.3519738,-0.7580261,-1.6680261,0.4819739,-2.078026,-1.2680261,-0.8480261,-0.22802612,-0.4280261,-1.3780261,-0.97802615,0.0119738765,0.25197387,0.7219739,-0.20802613,-2.278026,-0.14802612,0.13197388
-1.3480262,-2.1480262,-7.688026,-9.828026,-10.008026,-10.048026,-9.078026,-7.498026,-8.688026,-7.158026,-6.468026,-5.428026,-5.148026,-5.0180264,-4.878026,-5.158026,-5.698026,-5.798026,-6.0580263,-3.6880262,-2.6380262,-11.738026,-8.368026,-9.658026,-1.7680261,-5.3280263,-3.1980262,-0.5280261,2.951974,-0.67802614,0.19197388,-1.7480261,-1.4480262,-0.9480261,-0.8280261,0.44197387,0.63197386,0.2619739,5.661974,3.5419738,1.9719739
3.0019739,-5.8080263,-8.008026,-8.868026,-8.218026,-8.448026,-6.148026,-7.438026,-6.648026,-6.258026,-5.898026,-6.2880263,-4.3080263,-3.7080262,-4.638026,-4.928026,-4.358026,-5.128026,-5.668026,-6.648026,-7.628026,-5.968026,-3.9380262,-6.798026,-7.478026,-6.798026,-6.0780263,-8.018026,-5.928026,-3.2580261,-1.6780261,-3.038026,-6.2880263,-2.9480262,-2.878026,-0.67802614,-0.72802615,2.891974,-0.37802613,4.681974,0.77197385
-6.188026,-7.438026,-8.178026,-7.5580263,-6.458026,-6.528026,-5.838026,-6.0180264,-5.438026,-4.878026,-4.948026,-5.048026,-3.298026,-3.118026,-2.8980262,-4.088026,-4.508026,-4.3680263,-4.468026,-5.0380263,-6.2880263,-5.718026,-5.998026,-5.958026,-6.068026,-5.728026,-6.188026,-3.1380262,-3.2480261,-3.048026,-3.518026,-2.038026,1.1319739,1.2919738,-2.548026,-0.5680261,4.681974,-0.49802613,-0.97802615,6.491974,5.001974
-5.658026,-6.128026,-8.388026,-7.718026,-7.508026,-6.5580263,-5.878026,-5.228026,-4.218026,-4.138026,-3.6980262,-3.7180262,-3.278026,-2.7580261,-2.4680262,-3.058026,-3.128026,-4.008026,-4.218026,-3.358026,-4.5380263,-3.7280262,-2.8880262,-3.7380261,-4.0380263,-3.9980261,-3.578026,-3.528026,-3.278026,-3.2180262,-3.2580261,-2.8880262,-1.4580262,-0.6580261,0.50197387,0.16197388,3.3419738,4.851974,8.821974,-0.92802614,-0.28802612
-5.148026,-6.208026,-5.8680263,-5.428026,-6.568026,-5.0180264,-4.718026,-4.068026,-3.6880262,-3.4080262,-2.8880262,-3.808026,-3.128026,-3.578026,-2.9080262,-2.2280262,-2.298026,-2.288026,-3.018026,-3.4280262,-3.4880261,-3.4680262,-3.818026,-2.9880261,-2.9680262,-2.118026,-1.9780262,-2.028026,-2.118026,-2.028026,-1.4480262,-1.7780261,-2.1780262,0.111973874,2.121974,2.0519738,-0.5080261,-1.3880261,3.411974,0.7419739,5.831974
-4.318026,-4.958026,-4.738026,-4.3280263,-4.458026,-3.828026,-3.4980261,-2.838026,-3.1480262,-2.878026,-2.368026,-2.868026,-2.4780262,-2.4580262,-1.7480261,-1.4480262,-1.6180261,-1.4080261,-1.1380261,-1.7780261,-2.2480261,-1.9780262,-1.8980261,-1.9580262,-1.7480261,-0.8180261,-0.47802612,0.42197388,0.6819739,0.6519739,0.27197388,0.39197388,1.7119739,0.16197388,0.24197388,-0.038026124,1.6219739,4.741974,7.951974,9.481974,5.301974
-3.7080262,-3.768026,-3.588026,-3.318026,-2.858026,-2.578026,-2.3980262,-2.288026,-2.098026,-1.7480261,-1.7180262,-1.2780261,-1.4180261,-0.86802614,-0.30802613,-0.4580261,-0.32802612,-0.34802613,-0.13802612,-0.068026125,0.77197385,0.36197388,0.46197388,0.7919739,1.1919739,0.8019739,1.1419739,2.0119739,2.891974,4.041974,4.431974,4.511974,4.521974,2.0919738,1.4719739,1.5619739,0.18197387,-0.38802612,-0.73802614,0.47197387,0.12197388
-2.588026,-2.578026,-2.2080262,-2.278026,-1.7580261,-1.7180262,-1.5980262,-0.91802615,-0.5980261,-0.36802614,0.22197388,0.9619739,0.6119739,0.9919739,1.2419739,0.8619739,0.9319739,1.0719739,1.5419738,1.5519738,2.5219738,2.641974,2.2619739,2.451974,2.901974,3.131974,3.431974,4.051974,4.831974,5.751974,5.6319737,4.6319737,3.161974,2.8219738,1.8619739,1.2719738,1.0919739,-0.41802612,0.9219739,1.2319739,0.6219739
-1.0980262,-1.4780262,-1.8880261,-1.4880261,-0.91802615,-1.0180261,-0.44802612,0.46197388,0.3519739,0.43197387,1.5119739,2.411974,1.8719739,3.0119739,3.0119739,2.131974,2.431974,1.9819739,1.8919739,2.9919739,3.5219738,3.651974,3.951974,4.091974,4.161974,4.7319736,6.091974,5.871974,6.351974,6.991974,6.091974,4.6319737,3.681974,3.3519738,3.0719738,1.5319738,0.16197388,1.2319739,-0.16802612,0.24197388,1.0119739
-0.5980261,0.40197387,0.09197388,-0.33802614,-0.20802613,0.30197388,0.43197387,0.7419739,1.1719738,0.7319739,1.4619739,3.5219738,3.401974,4.431974,4.781974,3.7619739,3.881974,3.911974,2.7719738,3.391974,3.8019738,4.351974,4.601974,4.9419737,6.091974,6.751974,7.4619737,8.111974,7.761974,6.891974,6.1719737,6.451974,4.871974,5.011974,3.8519738,4.891974,5.341974,4.801974,2.141974,1.5519738,0.7219739
0.8619739,0.88197386,1.4919739,1.4119738,1.6119739,0.56197387,1.3019738,1.9619739,2.441974,0.8419739,1.0519738,4.221974,3.2419739,5.051974,4.971974,4.601974,4.521974,3.911974,2.711974,4.3819737,4.1719737,4.911974,5.681974,5.641974,6.411974,6.511974,7.1719737,7.6919737,7.9619737,7.791974,7.6919737,6.571974,5.271974,4.3819737,4.531974,4.491974,4.931974,3.161974,4.2119737,3.3519738,2.211974
1.9219738,1.5419738,0.5419739,1.0919739,0.9319739,1.8819739,2.5419738,2.8519738,3.151974,1.9119738,1.5319738,2.431974,5.6319737,5.4419737,5.501974,4.581974,4.161974,4.531974,4.201974,5.4019737,5.601974,6.081974,6.661974,6.871974,6.831974,6.311974,6.141974,6.821974,7.221974,7.891974,8.631974,6.841974,6.201974,5.751974,4.9819736,4.661974,3.131974,3.621974,4.1719737,2.5519738,3.381974
1.2619739,1.4719739,1.6819739,1.4619739,2.201974,2.5519738,3.6019738,3.0119739,3.691974,2.421974,1.3819739,4.751974,4.141974,4.141974,4.801974,5.161974,5.9219737,5.971974,5.081974,5.8819737,5.7119737,6.071974,6.091974,6.361974,6.091974,5.851974,5.931974,6.4419737,6.6919737,7.241974,8.151974,9.161974,7.4019737,7.1519737,6.4819736,6.4419737,4.9019737,4.681974,3.6019738,4.251974,2.0719738
