wind_kz.json
{"header": {"discipline":0,"disciplineName":"Meteorological products","gribEdition":2,"gribLength":948,"center":7,"centerName":"US National Weather Service - NCEP(WMC)","subcenter":0,"refTime":"2023-09-24T00:00:00.000Z","significanceOfRT":1,"significanceOfRTName":"Start of forecast","productStatus":0,"productStatusName":"Operational products","productType":1,"productTypeName":"Forecast products","productDefinitionTemplate":0,"productDefinitionTemplateName":"Analysis/forecast at horizontal level/layer at a point in time","parameterCategory":0,"parameterCategoryName":"UnknownDiscipline_0_Category_0","parameterNumber":0,"parameterNumberName":"UnknownParameter_D0_C0_0","parameterUnit":"Unknown","genProcessType":2,"genProcessTypeName":"Forecast","forecastTime":60,"surface1Type":1,"surface1TypeName":"Ground or water surface","surface1Value":0.0,"surface2Type":255,"surface2TypeName":"Missing","surface2Value":0.0,"gridDefinitionTemplate":0,"gridDefinitionTemplateName":"Latitude_Longitude","numberPoints":615,"shape":6,"shapeName":"Earth spherical with radius of 6,371,229.0 m","gridUnits":"degrees","resolution":48,"winds":"true","scanMode":64,"nx":41,"ny":15,"basicAngle":0,"lo1":47.0,"la1":41.0,"lo2":87.0,"la2":55.0,"dx":1.0,"dy":1.0}, "data":
[rows 0 to 14 of 15, columns 0 to 40 of 41]
302.20294,287.30292,292.50293,294.70294,294.40292,293.70294,303.80292,308.40292,305.20294,306.60294,304.50293,305.30292,305.00293,305.00293,304.40292,303.70294,303.80292,303.40292,304.70294,305.00293,306.60294,302.50293,303.10294,297.40292,299.50293,301.60294,295.60294,284.20294,282.50293,280.60294,279.20294,278.10294,288.80292,294.60294,295.70294,295.30292,295.90292,294.90292,294.20294,293.50293,291.30292
276.90292,294.30292,294.10294,294.30292,294.00293,293.00293,307.70294,305.40292,304.40292,303.90292,304.90292,303.60294,303.30292,302.80292,302.90292,303.40292,303.40292,303.60294,302.60294,303.50293,303.40292,302.40292,300.80292,291.50293,283.90292,284.50293,290.50293,284.20294,285.60294,275.90292,282.90292,269.60294,283.20294,256.90292,277.90292,290.90292,289.40292,289.90292,293.60294,286.50293,284.00293
299.20294,294.00293,294.00293,293.70294,292.40292,303.10294,304.30292,304.80292,303.70294,302.40292,301.30292,301.70294,301.20294,302.80292,302.20294,302.40292,302.00293,301.80292,302.80292,302.90292,302.40292,300.80292,301.10294,292.70294,296.20294,294.00293,294.40292,293.60294,292.50293,283.80292,275.40292,277.80292,282.10294,282.90292,284.10294,282.30292,274.00293,276.10294,277.40292,270.00293,267.60294
300.80292,293.10294,293.80292,293.20294,296.40292,304.50293,303.90292,303.50293,304.00293,303.40292,301.50293,298.90292,291.80292,291.20294,302.40292,302.30292,301.10294,301.00293,300.80292,300.90292,300.00293,294.40292,298.30292,297.90292,297.90292,297.50293,297.60294,293.80292,291.00293,292.90292,294.00293,290.90292,293.70294,292.60294,291.20294,286.10294,268.70294,262.10294,276.00293,285.00293,288.70294
302.10294,292.70294,293.00293,292.50293,297.20294,303.60294,303.70294,304.10294,301.90292,301.60294,302.00293,300.00293,290.80292,289.80292,288.90292,301.80292,301.60294,299.80292,299.60294,299.30292,299.50293,299.60294,298.70294,298.40292,298.20294,297.10294,294.40292,292.80292,295.20294,294.30292,295.60294,291.60294,279.90292,265.60294,282.90292,289.90292,291.50293,293.30292,292.80292,292.60294,291.70294
302.20294,300.80292,291.80292,292.50293,292.70294,292.40292,304.20294,303.90292,300.90292,301.50293,301.60294,301.20294,292.60294,290.90292,295.50293,300.10294,301.20294,300.60294,300.00293,300.10294,299.10294,298.00293,297.70294,297.50293,297.10294,295.70294,295.20294,289.00293,295.90292,296.00293,294.00293,294.80292,292.70294,291.00293,287.10294,289.30292,280.50293,282.40292,288.70294,291.10294,290.40292
304.50293,304.80292,304.70294,305.10294,301.10294,304.30292,304.80292,302.40292,302.70294,302.40292,300.70294,300.50293,299.90292,300.30292,300.00293,300.10294,300.60294,301.20294,300.60294,298.90292,298.00293,298.00293,297.70294,297.50293,296.00293,295.90292,295.10294,296.60294,295.80292,295.80292,294.50293,293.20294,292.70294,292.30292,290.50293,288.20294,283.30292,278.40292,273.30292,274.70294,283.10294
305.40292,305.20294,305.40292,305.10294,305.70294,305.50293,305.10294,304.50293,303.10294,302.10294,300.90292,300.60294,300.30292,300.00293,300.80292,300.60294,299.50293,300.20294,299.80292,297.60294,296.90292,296.80292,296.80292,295.00293,294.30292,291.00293,291.50293,292.50293,291.20294,291.10294,290.20294,290.20294,288.70294,284.50293,283.70294,285.00293,285.10294,287.50293,279.30292,280.10294,277.30292
304.10294,305.30292,305.30292,304.00293,304.10294,304.50293,304.40292,302.20294,300.80292,299.40292,294.90292,297.00293,294.70294,297.30292,298.80292,300.60294,299.40292,299.70294,298.10294,297.00293,294.70294,294.60294,295.30292,294.60294,293.00293,292.60294,290.10294,289.30292,288.10294,286.20294,286.20294,286.70294,286.00293,284.70294,282.10294,279.40292,279.30292,279.00293,264.70294,268.40292,268.60294
304.10294,302.90292,300.90292,303.30292,302.90292,299.90292,300.40292,299.40292,300.60294,299.60294,294.60294,292.80292,293.80292,293.80292,298.40292,298.30292,298.70294,299.00293,298.30292,297.40292,295.50293,294.70294,294.60294,294.60294,293.80292,292.20294,291.70294,291.00293,289.60294,289.00293,286.80292,285.50293,285.30292,284.00293,282.50293,281.30292,278.10294,270.90292,264.90292,260.90292,264.60294
303.40292,303.80292,302.80292,302.40292,301.40292,298.50293,299.60294,301.00293,299.50293,297.60294,297.80292,297.00293,298.30292,296.40292,296.50293,296.90292,297.00293,297.40292,297.00293,296.00293,295.90292,295.20294,294.30292,294.30292,293.40292,293.00293,291.20294,292.10294,291.70294,292.30292,288.70294,287.70294,284.80292,284.50293,283.20294,280.10294,272.30292,269.00293,268.60294,267.60294,267.40292
300.20294,300.80292,302.00293,300.90292,299.60294,299.00293,298.60294,297.40292,297.90292,297.00293,294.30292,295.00293,295.50293,294.20294,294.40292,295.20294,295.20294,295.30292,295.90292,295.10294,293.70294,292.90292,292.60294,293.20294,292.00293,292.00293,292.10294,293.90292,292.90292,292.50293,288.80292,286.50293,284.50293,282.40292,281.50293,279.70294,279.00293,277.20294,275.10294,273.80292,274.60294
295.70294,296.90292,297.20294,298.50293,297.20294,295.80292,297.00293,296.80292,295.10294,292.30292,291.20294,290.10294,292.90292,291.10294,291.90292,292.60294,292.50293,292.00293,293.30292,293.00293,293.10294,291.80292,291.00293,290.40292,292.20294,293.00293,293.90292,292.70294,292.20294,290.50293,288.70294,285.40292,284.00293,282.70294,281.20294,280.40292,278.80292,280.20294,276.60294,275.40292,275.80292
298.30292,296.80292,292.10294,296.60294,296.40292,295.80292,294.90292,293.30292,294.00293,293.20294,288.50293,287.40292,288.80292,290.20294,291.00293,292.10294,291.90292,291.40292,291.80292,291.40292,291.00293,290.80292,292.10294,292.20294,292.80292,292.90292,291.80292,291.30292,290.90292,289.80292,287.00293,283.60294,281.90292,280.50293,279.70294,278.30292,278.40292,277.60294,277.70294,275.40292,276.20294
293.80292,296.30292,287.30292,295.60294,295.60294,294.50293,294.00293,293.60294,293.90292,293.70294,292.20294,289.20294,285.80292,288.00293,289.10294,290.50293,290.00293,290.60294,291.50293,291.10294,291.40292,290.60294,290.80292,289.90292,290.50293,290.80292,290.90292,290.70294,289.90292,288.70294,286.00293,283.40292,281.40292,280.20294,279.60294,278.60294,277.80292,276.40292,276.50293,278.20294,277.90292
