wind_kz.json
{"header": {"discipline":0,"disciplineName":"Meteorological products","gribEdition":2,"gribLength":1102,"center":7,"centerName":"US National Weather Service - NCEP(WMC)","subcenter":0,"refTime":"2023-08-28T18:00:00.000Z","significanceOfRT":1,"significanceOfRTName":"Start of forecast","productStatus":0,"productStatusName":"Operational products","productType":1,"productTypeName":"Forecast products","productDefinitionTemplate":0,"productDefinitionTemplateName":"Analysis/forecast at horizontal level/layer at a point in time","parameterCategory":2,"parameterCategoryName":"UnknownDiscipline_0_Category_2","parameterNumber":2,"parameterNumberName":"UnknownParameter_D0_C2_2","parameterUnit":"Unknown","genProcessType":2,"genProcessTypeName":"Forecast","forecastTime":60,"surface1Type":103,"surface1TypeName":"Specified height level above ground","surface1Value":10.0,"surface2Type":255,"surface2TypeName":"Missing","surface2Value":0.0,"gridDefinitionTemplate":0,"gridDefinitionTemplateName":"Latitude_Longitude","numberPoints":615,"shape":6,"shapeName":"Earth spherical with radius of 6,371,229.0 m","gridUnits":"degrees","resolution":48,"winds":"true","scanMode":64,"nx":41,"ny":15,"basicAngle":0,"lo1":47.0,"la1":41.0,"lo2":87.0,"la2":55.0,"dx":1.0,"dy":1.0}, "data":
[rows 0 to 14 of 15, columns 0 to 40 of 41]
0.68303466,1.3630347,-2.2469654,-0.5369653,-2.7969654,-2.2969654,0.76303464,-2.2269654,-1.7769654,-1.6369653,-1.0169654,-0.8569653,0.32303467,0.8330347,-0.17696533,0.20303467,0.07303467,-0.69696534,0.07303467,-0.036965333,0.35303468,0.50303465,1.4630346,2.6430347,-1.9269654,2.6830347,5.703035,3.5030346,0.68303466,0.76303464,-0.31696534,2.3830347,1.6630347,0.39303467,1.6430347,1.4230347,1.3530346,1.0930346,1.6130347,1.7930347,1.0530347
-1.4769653,-2.5169654,-9.066965,-5.7869654,-3.1669652,-2.0469654,-1.5569654,-0.42696533,-0.57696533,2.0130346,2.0330346,0.28303468,1.1330347,1.0830346,1.7830347,3.5330346,2.9630346,1.9630346,1.4530346,0.75303465,2.7630346,2.5830348,2.9730346,3.8230348,5.203035,-0.036965333,1.8830347,1.7230346,4.3430347,3.5430346,1.3930347,0.45303467,-0.38696533,0.9730347,0.7830347,2.0630348,1.3130347,-0.08696533,-0.36696532,-1.6769654,-0.04696533
-2.8969653,-6.176965,-5.9369655,-3.6569653,-1.6069653,-1.3069654,-0.74696535,-0.7069653,1.3630347,0.9830347,1.8330346,2.5430346,4.3930345,3.6630347,3.2730346,3.8330348,4.9130344,5.803035,4.493035,3.3930347,2.4630346,3.4730346,4.453035,6.3130345,-0.5969653,2.0930347,-2.2669654,-1.4869653,4.033035,-1.1869653,2.0830348,-1.8169653,-0.6569653,0.9630347,-3.8269653,-2.5569654,0.9730347,-0.92696536,-0.99696535,-0.94696534,0.44303468
-5.5569654,-4.9069653,-3.5769653,-2.9369652,-0.98696536,0.13303466,0.19303466,0.7130347,1.4730346,3.3130348,4.6030345,5.2730346,5.6430345,6.303035,6.6230345,5.2930346,4.6930346,5.1130347,6.0930347,6.0630345,5.513035,6.1430345,2.3430347,3.9030347,6.1430345,5.513035,2.1530347,1.0930346,2.4630346,1.5930346,0.74303466,-0.11696533,8.233035,9.703034,7.3930345,5.3630347,1.9330347,-0.28696534,-0.68696535,1.3430346,-4.0369654
-4.7069654,-3.6069653,-1.9769653,-0.54696536,1.9830346,3.3030348,4.743035,6.2530346,6.4830346,6.3530345,7.4430346,7.8830347,7.2530346,7.6330347,7.8830347,8.393035,7.973035,7.4430346,7.013035,6.323035,6.6030345,7.0430346,7.5630345,6.7330346,7.3630347,6.6230345,6.2130346,4.473035,1.9930347,-1.0169654,4.9130344,2.8130348,2.9830346,0.7130347,-2.4169652,-1.5469654,10.923035,1.0030347,-0.006965332,1.6930346,0.9730347
0.013034668,1.6930346,2.0230346,3.7030346,4.933035,5.8830347,6.283035,5.2530346,5.1730347,4.993035,5.3630347,4.9130344,5.1630344,6.1530347,6.7730346,7.823035,9.263035,9.733035,8.723035,8.573034,7.1730347,7.533035,7.6330347,7.3330345,7.6230345,8.063035,8.013035,4.6430345,7.3930345,6.303035,4.0930347,6.6130347,6.9830346,8.503035,6.1730347,4.053035,7.803035,10.703034,17.413034,7.5430346,1.5730346
-0.7069653,-0.31696534,0.29303467,1.2730347,1.5730346,2.8130348,4.6330347,4.9130344,4.993035,5.183035,4.7930346,6.533035,5.5630345,6.8330345,6.6330347,6.3730345,6.2330346,7.4130344,9.293035,10.593035,9.343035,7.433035,7.5030346,7.1330347,7.203035,8.993034,8.543035,7.4130344,7.3830347,8.553035,7.683035,7.763035,8.3730345,12.293035,6.7130346,10.573034,0.32303467,0.50303465,4.4830346,1.0630347,-0.42696533
-0.6669653,0.003034668,0.61303467,0.51303464,1.4430346,2.8430347,3.9430346,4.5830345,5.9430346,5.3630347,6.3530345,4.953035,5.0630345,6.073035,6.2330346,6.6930346,7.453035,8.703034,9.423035,9.683035,9.233035,8.443035,8.893035,7.6730347,7.5430346,7.8530345,8.843035,7.0430346,7.763035,8.653034,7.5430346,8.463035,5.9830346,8.153034,6.5830345,9.843035,10.193035,5.2130346,5.9030347,-3.1769652,-1.0769653
0.29303467,-0.07696533,-0.21696533,0.06303467,1.2030346,2.4030347,2.5230346,2.9430346,4.703035,5.8430347,6.9230347,6.743035,6.473035,6.4130344,7.243035,7.6430345,7.7130346,8.273035,7.8630347,7.743035,8.213035,9.113034,8.893035,8.3330345,7.8130345,6.953035,8.453034,8.133035,7.2930346,6.9030347,9.703034,7.5430346,8.443035,7.5430346,7.8430347,6.2130346,6.3930345,5.5230346,2.5230346,-0.36696532,0.5430347
-0.57696533,0.32303467,0.8330347,1.3330346,2.1130347,2.4030347,3.5330346,4.9830346,6.1030345,5.5030346,5.1230345,6.743035,8.043035,6.3830347,7.4130344,7.3330345,6.5830345,7.2930346,6.6130347,6.4830346,6.7930346,7.4230347,8.663034,8.023035,5.5230346,8.313035,7.4130344,8.1230345,8.293035,8.3330345,6.743035,8.233035,6.513035,7.6530347,4.8630347,6.4130344,5.703035,1.3630347,3.1130347,0.9730347,-0.36696532
0.36303467,-0.12696533,-0.23696533,0.8530347,1.9130347,3.0530348,3.6730347,4.1330347,3.4930346,4.8330345,5.0630345,5.513035,7.4230347,8.0830345,7.473035,7.1630344,6.2330346,6.0930347,5.1730347,6.033035,6.723035,7.203035,7.1430345,6.073035,4.6530347,5.1330347,6.5430346,7.6430345,9.093035,7.5930347,7.3730345,4.9230347,4.8930345,1.3730347,5.723035,6.9430346,2.1330347,1.1830347,0.6030347,-0.6669653,0.88303465
0.06303467,-0.5969653,0.9130347,2.4130347,2.3330348,2.8930347,3.1130347,3.5030346,3.2130346,3.9330347,5.1430345,6.8130345,7.243035,6.1030345,6.5230346,5.6930346,5.1430345,5.8530345,5.493035,5.823035,5.3930345,6.2330346,4.9130344,6.0930347,8.253035,6.553035,5.5030346,8.683035,6.5830345,6.823035,5.8130345,4.1530347,0.63303465,4.783035,5.513035,7.1630344,7.203035,5.0030346,2.0930347,0.033034667,-0.6669653
-0.13696533,0.86303467,1.7730347,1.6230347,2.0330346,2.0730348,3.0030346,3.8730347,4.1630344,3.9730346,4.5830345,6.323035,6.6930346,6.3730345,6.5630345,5.4230347,5.243035,5.3630347,5.183035,3.6930346,4.303035,4.4830346,2.8230348,3.7830346,2.4030347,2.2130346,4.973035,4.573035,5.2730346,5.2130346,1.6330347,3.0930347,1.1230347,6.4030347,6.803035,5.9030347,1.9130347,0.94303465,-1.6069653,-2.0169654,-0.5369653
0.75303465,2.6230347,3.2830346,1.7730347,2.0330346,2.4330347,2.5330346,3.8230348,5.3430347,5.203035,3.1930346,4.9030347,5.513035,5.0230346,5.323035,4.513035,4.553035,4.4430346,4.2930346,2.8430347,2.2430346,1.7530347,-1.3169653,-1.3969654,-0.15696533,1.1730347,1.0530347,3.4130347,0.9830347,0.12303467,0.7930347,1.9630346,0.17303467,5.323035,5.473035,2.7830346,0.75303465,-1.7869654,-2.6369653,-0.16696534,-0.9669653
1.1030346,1.6330347,1.8630347,2.0230346,1.7630347,2.1330347,3.4730346,4.683035,4.1130347,4.5030346,3.4030347,5.5630345,4.203035,4.7530346,5.1130347,3.9830346,4.453035,2.5630348,2.1730347,2.0730348,0.35303468,-1.7869654,-2.4569654,0.43303466,-0.25696534,-0.34696534,-2.0269654,-2.0769653,-1.6369653,-0.18696533,0.5930347,3.8230348,5.7530346,5.453035,1.2630347,-1.1769654,-3.8169653,-2.4769654,-3.0669653,-2.5969653,-0.8469653
