wind_kz.json
{"header": {"discipline":0,"disciplineName":"Meteorological products","gribEdition":2,"gribLength":1025,"center":7,"centerName":"US National Weather Service - NCEP(WMC)","subcenter":0,"refTime":"2025-04-05T06:00:00.000Z","significanceOfRT":1,"significanceOfRTName":"Start of forecast","productStatus":0,"productStatusName":"Operational products","productType":1,"productTypeName":"Forecast products","productDefinitionTemplate":0,"productDefinitionTemplateName":"Analysis/forecast at horizontal level/layer at a point in time","parameterCategory":2,"parameterCategoryName":"UnknownDiscipline_0_Category_2","parameterNumber":3,"parameterNumberName":"UnknownParameter_D0_C2_3","parameterUnit":"Unknown","genProcessType":2,"genProcessTypeName":"Forecast","forecastTime":0,"surface1Type":103,"surface1TypeName":"Specified height level above ground","surface1Value":10.0,"surface2Type":255,"surface2TypeName":"Missing","surface2Value":0.0,"gridDefinitionTemplate":0,"gridDefinitionTemplateName":"Latitude_Longitude","numberPoints":615,"shape":6,"shapeName":"Earth spherical with radius of 6,371,229.0 m","gridUnits":"degrees","resolution":48,"winds":"true","scanMode":64,"nx":41,"ny":15,"basicAngle":0,"lo1":47.0,"la1":41.0,"lo2":87.0,"la2":55.0,"dx":1.0,"dy":1.0}, "data":
[rows 0 to 14 of 15, columns 0 to 40 of 41]
1.8096466,2.1996467,3.1996467,6.359647,4.2796464,1.6996466,2.3796465,1.6796466,1.5396466,2.1296465,2.6596465,2.1296465,1.2196466,0.9596466,0.2496466,-1.1003534,-0.72035336,-0.3103534,-2.0203533,-1.9203534,-2.9103534,-1.2003534,2.5596466,-1.8203534,1.7696466,-0.5703534,-4.5503535,1.0396466,-0.4003534,-0.2703534,0.32964662,1.9696466,-0.10035339,0.1296466,0.5796466,0.9596466,2.8996465,3.0296466,1.5696466,1.0396466,-1.6703534
5.2296467,-1.5503534,5.2596464,5.379647,4.359647,2.6596465,1.7496467,3.1296465,1.8096466,2.4096465,2.4496467,1.8796467,2.0296466,1.3096466,1.0196466,0.8196466,0.7296466,-0.030353393,-1.6403534,-3.2303534,-2.4603534,-1.1503534,3.7096467,3.4896467,2.0196466,2.3396466,0.20964661,2.1196465,1.5996466,2.7796466,3.1096466,3.6996467,0.3796466,1.9096466,1.5696466,3.2696466,0.8396466,4.5296464,-0.18035339,1.7196466,4.109647
0.7396466,3.2596467,3.4196465,3.6396465,3.1496465,4.109647,3.1096466,2.3196466,2.9596467,2.9996467,2.3896465,3.4096465,2.9196465,2.3896465,2.4396467,1.5896466,1.1896466,0.9396466,-0.8303534,-2.1303535,-1.2903534,-1.0903534,0.6396466,2.9096465,-2.2403533,-2.7403533,-0.8803534,-3.3303535,-1.1803534,-0.3103534,1.6396466,0.7496466,-0.3803534,-0.42035338,1.0896466,-2.0103533,0.7096466,1.8696465,0.009646607,0.8696466,-0.21035339
6.2496467,4.819647,3.6596465,3.7196467,3.9996467,3.2396467,3.3796465,3.8496466,2.8196466,1.4896466,1.7196466,3.6596465,1.8396466,1.6496466,0.9796466,0.9896466,1.2496467,0.6096466,-0.21035339,-1.0003533,-0.13035339,1.7996466,-0.72035336,-0.3103534,-1.4403534,-0.5103534,0.1396466,0.4496466,-1.9703534,-1.5203534,-4.9903536,-7.0703535,0.8196466,-1.5903534,2.5896466,1.7196466,3.2096467,3.0496466,-1.9303534,-2.4803534,-5.680353
6.4496465,4.1596465,3.7596467,3.5296466,3.0296466,2.6896467,3.0696466,2.5596466,3.8196466,4.109647,3.7696466,3.2596467,2.3796465,0.8396466,0.1696466,-0.4603534,-0.060353395,0.4796466,0.5196466,0.7396466,0.11964661,-1.6203533,-1.4503534,-2.1003535,-1.2403533,-1.2903534,0.4896466,-3.1703534,-1.5703534,-1.5003533,1.4096466,4.6396465,3.5996466,3.0296466,0.4696466,0.2196466,-3.0003533,0.32964662,1.6596466,-1.8303534,0.4996466
4.0996466,3.6896467,4.129647,3.7896466,4.839647,5.0796466,4.4996467,4.2896466,3.9996467,3.7896466,4.0996466,3.0796466,2.8896465,2.7296467,1.6796466,1.1296467,1.1296467,2.1796465,2.6196465,1.0896466,0.41964662,-0.4603534,-0.5203534,-0.9803534,-1.2603534,-0.4403534,0.2796466,-1.6103534,-2.4603534,-2.5503533,-1.0503534,-1.0203534,0.099646606,2.1896467,3.2696466,-1.5903534,-0.5703534,-5.4503536,-7.890353,-2.1903534,1.7996466
3.9196465,3.9696467,4.319647,4.7596464,5.2396464,5.0296464,6.1696467,5.4296465,4.5796466,3.6096466,5.2296467,4.7896466,3.0196466,3.4596467,4.6996465,3.9196465,4.069647,2.9096465,4.8496466,3.3596466,2.0796466,1.6096466,0.3496466,-0.36035338,-0.45035338,-0.2303534,0.23964661,-0.9003534,-0.110353395,-0.1403534,0.4896466,1.1896466,-1.1203533,-3.2303534,0.4796466,1.2896466,2.4896467,3.3796465,-2.1803534,0.3196466,-7.0503535
3.4596467,3.7996466,4.6996465,4.8996468,5.4296465,4.4596467,5.0996466,6.1396465,6.359647,6.4296465,5.7596464,5.3096466,3.6596465,1.9396466,2.1796465,4.7596464,5.0396466,3.4596467,5.8696465,5.4696465,4.1596465,2.8896465,1.5396466,0.7396466,0.5996466,0.5896466,-0.15035339,-1.1603534,-1.0303534,-0.7603534,-0.4703534,-1.0903534,-0.84035337,-1.5103534,-2.2903533,-2.3303535,-3.5603533,-0.3103534,-0.1903534,0.4396466,-1.6203533
4.069647,4.4696465,4.2996464,4.6796465,5.4296465,5.1696467,4.8696465,5.7996464,5.3696465,5.9196467,6.2096467,5.8096466,4.6696467,3.5496466,3.6696465,4.359647,3.8596466,3.7396467,6.0296464,6.819647,5.3296466,4.9796467,3.5696466,2.4096465,2.2596467,2.6996467,1.9496466,0.6496466,-0.5503534,-1.1403534,-1.0603534,-1.3003534,-0.8203534,-2.0403533,-2.0203533,-2.3703535,-1.0403534,-2.5803535,2.6096466,3.1496465,3.0696466
3.8196466,3.9696467,4.5596466,4.839647,5.0596466,5.1396465,5.3096466,6.319647,5.9996467,5.319647,5.0596466,5.6796465,6.2596464,4.6696467,4.319647,4.0296464,4.2396464,4.0096464,4.7796464,6.6896467,7.0996466,5.7096467,4.6696467,4.4596467,3.0496466,2.4696467,2.0496466,1.4396466,1.3396466,1.3296466,0.14964661,-0.3103534,-0.5503534,1.5296466,0.35964662,-0.24035339,0.7096466,1.6096466,2.5096467,3.6196465,2.5196466
3.9696467,4.339647,4.5096464,4.4296465,4.589647,5.1396465,5.609647,5.879647,5.7496467,5.4996467,4.8296466,5.2196465,5.3296466,4.6796465,4.3896465,4.7696466,5.2896466,4.9796467,4.7496467,5.6996465,6.3696465,6.2996464,5.359647,6.4596467,4.5396466,3.7496467,2.6296465,2.3396466,1.8496466,0.6196466,0.3496466,-0.18035339,-0.1403534,0.6896466,1.2096466,3.2996466,3.2996466,2.4396467,4.7496467,1.8096466,0.3196466
3.2396467,3.9596467,3.8796465,3.9896467,4.7896466,5.1196465,5.5496464,5.5496464,5.3296466,5.4796467,5.2496467,4.9896464,5.319647,5.089647,4.8696465,5.2196465,5.3696465,5.5796466,5.4996467,5.4596467,5.319647,4.8896465,4.1196465,4.9496465,6.109647,5.2796464,4.4096465,3.1896467,1.8296466,1.4196466,1.2496467,1.0296466,0.9596466,1.7396466,1.5096467,2.9896467,3.9196465,4.0496464,2.1596465,-0.110353395,-0.7503534
0.9396466,1.2996466,1.5296466,1.8596466,2.6796465,2.3996465,3.9896467,5.3896465,6.9196467,6.4396467,3.9096465,3.7096467,5.8696465,5.819647,5.879647,6.0796466,6.4196467,6.4296465,6.9696465,6.0196466,5.8296466,5.3696465,5.9496465,6.3496466,6.1196465,6.0996466,4.4496465,3.3896465,3.2396467,2.5596466,1.0996466,0.90964663,1.0296466,1.3096466,1.5096467,1.9296466,1.8496466,0.41964662,0.8396466,2.3696465,2.7596467
-0.6503534,-0.2603534,-1.8403534,-1.9703534,-2.4403534,-0.5403534,1.2596467,2.8196466,4.819647,5.2996464,3.8596466,2.1496465,3.7296467,6.4096465,6.4196467,6.5296464,6.7696466,6.9796467,7.1496468,7.089647,6.7196465,5.9596467,4.6796465,4.3096466,4.2596464,5.4796467,4.4996467,4.1596465,4.4596467,2.8196466,1.7496467,1.2196466,0.9896466,1.0596466,1.0296466,1.6596466,2.0196466,2.2096467,1.4896466,1.5696466,1.4396466
-1.3603534,-2.4103534,-1.2003534,-1.1403534,0.039646607,1.3696465,0.8396466,-0.4003534,-0.050353393,1.7296466,1.7696466,2.7896466,3.1296465,2.8396466,5.4996467,5.0796466,5.7196465,6.4096465,7.5296464,7.5596466,7.2096467,6.839647,5.6996465,5.2596464,5.3296466,4.4796467,4.0796466,5.2296467,3.6896467,2.1296465,1.4896466,2.4396467,1.4496466,0.9296466,0.5696466,0.3496466,1.0496466,1.4996467,1.0496466,0.20964661,0.4596466
