wind_kz.json
{"header": {"discipline":0,"disciplineName":"Meteorological products","gribEdition":2,"gribLength":1025,"center":7,"centerName":"US National Weather Service - NCEP(WMC)","subcenter":0,"refTime":"2023-09-09T00:00:00.000Z","significanceOfRT":1,"significanceOfRTName":"Start of forecast","productStatus":0,"productStatusName":"Operational products","productType":1,"productTypeName":"Forecast products","productDefinitionTemplate":0,"productDefinitionTemplateName":"Analysis/forecast at horizontal level/layer at a point in time","parameterCategory":2,"parameterCategoryName":"UnknownDiscipline_0_Category_2","parameterNumber":3,"parameterNumberName":"UnknownParameter_D0_C2_3","parameterUnit":"Unknown","genProcessType":2,"genProcessTypeName":"Forecast","forecastTime":240,"surface1Type":103,"surface1TypeName":"Specified height level above ground","surface1Value":10.0,"surface2Type":255,"surface2TypeName":"Missing","surface2Value":0.0,"gridDefinitionTemplate":0,"gridDefinitionTemplateName":"Latitude_Longitude","numberPoints":615,"shape":6,"shapeName":"Earth spherical with radius of 6,371,229.0 m","gridUnits":"degrees","resolution":48,"winds":"true","scanMode":64,"nx":41,"ny":15,"basicAngle":0,"lo1":47.0,"la1":41.0,"lo2":87.0,"la2":55.0,"dx":1.0,"dy":1.0}, "data":
[rows 0 to 14 of 15, columns 0 to 40 of 41]
6.0535545,1.5935547,-1.6564453,-9.366446,-9.336445,-10.376446,-6.766445,-7.516445,-6.016445,-8.186445,-8.276445,-4.476445,-2.7764454,-5.056445,-7.4064455,-1.9364454,-2.0164454,-1.5764453,-2.1364453,-1.5964453,-1.3364453,-3.5164454,-2.2764454,0.5835547,-1.6864454,-1.2364453,-1.3264453,1.5835547,1.0935547,1.9035547,1.1235547,0.7835547,-0.05644531,-2.7064452,-0.6764453,-0.9364453,-1.0464454,0.3535547,0.07355469,-0.7364453,1.2635547
-2.1364453,0.09355469,-7.576445,-8.776445,-8.296445,-8.446445,-3.8164454,-6.2764454,-6.6664453,-7.096445,-6.9664454,-6.746445,-3.3964453,0.5735547,3.3535547,-0.18644531,0.043554686,-0.6764453,0.85355467,-0.18644531,-1.0864453,-4.056445,-2.5464454,2.0235548,1.6635547,2.0635548,-1.6964453,2.7935548,0.6835547,2.9835546,4.1035547,5.3235545,0.8935547,0.2535547,0.7035547,-1.0064453,-2.5464454,-4.476445,0.2635547,-0.7764453,-0.9064453
-0.7464453,-6.3564453,-8.476445,-9.366446,-9.4064455,-4.2364454,-3.6764452,-4.9264455,-3.2964454,-4.5864453,-5.8664455,-5.9464455,-5.0664454,-5.2964454,-0.9864453,2.0335548,3.3835547,3.1135547,2.7335546,1.2235547,-0.8664453,-0.5964453,-3.9264452,-1.3064454,-1.2364453,-0.9364453,1.5835547,-0.18644531,-1.3664453,1.3335547,4.5835547,2.3735547,1.8435547,-0.4164453,-0.5564453,2.7135546,1.8735547,1.0735546,-0.51644534,-0.3664453,0.85355467
-2.5864453,-7.686445,-8.116446,-8.506445,-6.766445,-4.936445,-3.5164454,-2.8564453,-3.3864453,-2.6864452,-2.1064453,-3.1664453,-4.1064453,-6.6464453,-6.016445,2.6235547,1.4135547,4.8635545,4.503555,2.7435546,1.0535547,1.3135546,2.6835546,-1.8864453,-3.7664454,-3.3464453,-5.2764454,-3.0364454,1.0635546,-0.016445313,-2.8664453,-1.5864453,-1.5464454,-1.9164453,0.22355469,-2.6564453,0.85355467,3.3735547,0.28355467,1.2135547,1.1935546
-3.6064453,-7.8164454,-8.516445,-8.186445,-8.166446,-4.5464454,-3.1564453,-0.7264453,-2.5064454,-2.0764453,-2.2564454,-2.0064454,-5.476445,-3.3064454,-2.5364454,-1.0964453,3.4635546,3.2935548,4.0135546,5.0135546,2.9735546,1.8735547,2.6235547,3.1935546,1.7635547,-2.4264452,2.5735548,1.2335547,-1.1164453,-0.05644531,-0.37644532,0.07355469,1.6235547,3.0435548,-1.3064454,0.8835547,-0.6864453,-1.7964454,0.07355469,1.7335547,-0.046445314
-3.2964454,-3.3764453,-8.006445,-9.486445,-9.9064455,-9.516445,-6.6364455,-2.0764453,-1.8464453,-1.8564453,-1.1264453,-1.0564454,-2.3664453,-3.1164453,-2.2064452,2.2335546,2.6535547,2.6235547,3.9035547,4.063555,2.7435546,2.5535548,2.0235548,-0.4164453,1.6235547,0.85355467,-1.0464454,-2.8464453,-1.3764453,1.0935547,0.3835547,1.3835547,0.3935547,0.043554686,1.3735547,-1.5364453,0.9535547,0.6135547,-2.3064454,1.6835546,-1.7464453
-3.5164454,-3.4064453,-6.746445,-6.1164455,-7.2764454,-6.8664455,-6.2764454,-1.1764454,-0.89644533,-1.7264453,-2.5964453,-1.5664454,-0.23644531,-0.3864453,0.083554685,0.7235547,-2.3064454,-2.9164453,1.3635547,4.5535545,4.3335547,4.023555,2.7435546,2.9635546,1.9535546,2.2735548,0.4835547,-0.7564453,-2.6064453,-2.9264452,-1.0664454,-1.4064453,-2.7364454,-0.58644533,-0.2664453,-0.5464453,-2.2364454,-0.19644532,-0.8864453,-1.5264453,-1.5464454
-3.7964454,-4.456445,-5.556445,-6.8164454,-7.766445,-7.7164454,-7.1964455,-4.5264454,-2.1464453,-3.5364454,-0.7864453,-2.3564453,0.67355466,1.0035547,3.6135547,3.2935548,1.2935547,-1.2664453,-2.2964454,4.3635545,3.4235547,3.0435548,2.9335546,3.7535546,3.2835548,1.9235547,2.0735548,0.8435547,-0.21644531,-1.9164453,-1.7064453,-2.6964452,-1.4764453,-0.40644532,1.7635547,1.1735547,-0.9464453,0.3335547,0.9435547,1.7435547,-1.1664453
-4.1064453,-4.7164454,-5.6364455,-6.056445,-6.5864453,-7.286445,-7.186445,-6.6164455,-6.1464453,-5.0664454,-4.056445,-2.6364453,-3.4264452,-1.2564453,1.2535547,1.9335546,3.2235546,2.3735547,1.8335547,2.5635548,3.1135547,3.3335547,3.3335547,2.7135546,1.8535547,1.8835547,2.1235547,1.7335547,1.8735547,0.7635547,-0.9264453,-1.2864453,-0.76644534,-1.8864453,0.11355469,-0.22644532,-1.6564453,0.5635547,1.9535546,1.1735547,1.3435547
-3.6964452,-4.6364455,-5.266445,-5.5064454,-5.9664454,-6.2564454,-6.976445,-6.956445,-6.1364455,-5.8764453,-5.596445,-3.2964454,-3.5364454,-2.9064453,-3.2464454,-0.5564453,-0.9864453,-0.0064453124,3.3335547,2.1735547,3.3435547,3.5935547,3.2835548,3.1635547,3.0135546,2.0135546,0.5335547,1.4435546,2.0135546,2.0435548,2.1735547,2.3735547,-0.0064453124,0.4135547,0.5235547,1.0535547,0.91355467,-1.5464454,1.3535547,3.0935547,1.9135547
-3.6064453,-4.576445,-4.956445,-6.596445,-6.0664454,-6.056445,-6.4464455,-6.4264455,-6.2364454,-5.4264455,-3.8564453,-3.5164454,-4.8164454,-3.6264453,-3.0264454,-2.3064454,-2.8564453,-0.10644531,1.1935546,0.6335547,0.8235547,2.1735547,2.1335547,2.4535546,1.9835547,2.1035547,1.5935547,0.6535547,1.3835547,0.8135547,0.16355468,0.85355467,0.54355466,0.8835547,1.5335547,1.8235546,1.3635547,1.9535546,1.6135547,1.6635547,1.3135546
-2.9164453,-3.5064454,-4.4864454,-4.496445,-5.206445,-6.5264454,-5.9264455,-6.306445,-6.1264453,-3.3064454,-3.2164452,-4.6164455,-4.4864454,-3.7364454,-3.8164454,-3.6164453,-2.6664453,-2.1664453,-0.11644531,-0.25644532,0.3335547,-0.7264453,0.4835547,0.98355466,1.7435547,0.22355469,0.7035547,-0.28644532,0.3335547,0.4735547,0.6935547,1.4135547,1.1635547,1.5835547,2.0135546,3.0135546,2.6335547,2.7735548,2.4835546,2.6335547,1.3235546
-2.3564453,-1.8664453,-3.3364453,-3.3264453,-4.186445,-3.0564454,-4.5664454,-4.6164455,-6.516445,-4.6164455,-1.6464453,-2.4764452,-3.5664454,-3.9364452,-3.6664453,-2.9264452,-2.6264453,-2.2064452,-1.8764453,-1.7464453,-0.8864453,-0.18644531,0.30355468,-0.16644531,-1.0764453,-0.6664453,-0.7564453,-0.5664453,0.67355466,0.6335547,1.1335547,2.2935548,1.8435547,1.8135546,2.5135546,2.2835548,2.2135546,1.8635547,3.2435546,2.1535547,0.67355466
-2.2564454,-3.3964453,-5.1364455,-3.3864453,-4.3564453,-2.9064453,-4.8864455,-4.9864454,-5.0664454,-3.8164454,-1.7164453,-1.2064453,-1.8264453,-2.6764452,-3.1264453,-2.9164453,-2.8164454,-2.6664453,-0.7364453,-1.2564453,-1.8764453,-1.0964453,-0.9264453,-0.34644532,-0.5564453,-0.10644531,-0.036445312,-1.2564453,-1.7864453,-1.9464453,-1.5964453,-0.046445314,-0.5664453,-0.34644532,0.5735547,1.2435547,1.2235547,0.5035547,1.0535547,1.4935547,1.0535547
-1.7064453,-3.0864453,-5.976445,-3.0264454,-4.1764455,-2.9564452,-3.3964453,-4.4164453,-4.7764454,-4.186445,-1.7064453,-1.2064453,-0.34644532,-1.1064453,-3.3064454,-3.1564453,-2.8564453,-2.2664454,-2.2464454,-2.2864454,-1.8464453,-1.6864454,-1.3864453,-1.3664453,-0.83644533,-1.2664453,-1.2264453,-1.5364453,-2.1464453,-2.0864453,-2.1364453,-2.2164452,-1.2564453,-2.1864452,-1.8864453,-1.0564454,0.4435547,0.9735547,0.92355466,1.3535547,0.22355469
