wind_kz.json
{"header": {"discipline":0,"disciplineName":"Meteorological products","gribEdition":2,"gribLength":948,"center":7,"centerName":"US National Weather Service - NCEP(WMC)","subcenter":0,"refTime":"2024-04-08T06:00:00.000Z","significanceOfRT":1,"significanceOfRTName":"Start of forecast","productStatus":0,"productStatusName":"Operational products","productType":1,"productTypeName":"Forecast products","productDefinitionTemplate":0,"productDefinitionTemplateName":"Analysis/forecast at horizontal level/layer at a point in time","parameterCategory":0,"parameterCategoryName":"UnknownDiscipline_0_Category_0","parameterNumber":0,"parameterNumberName":"UnknownParameter_D0_C0_0","parameterUnit":"Unknown","genProcessType":2,"genProcessTypeName":"Forecast","forecastTime":240,"surface1Type":1,"surface1TypeName":"Ground or water surface","surface1Value":0.0,"surface2Type":255,"surface2TypeName":"Missing","surface2Value":0.0,"gridDefinitionTemplate":0,"gridDefinitionTemplateName":"Latitude_Longitude","numberPoints":615,"shape":6,"shapeName":"Earth spherical with radius of 6,371,229.0 m","gridUnits":"degrees","resolution":48,"winds":"true","scanMode":64,"nx":41,"ny":15,"basicAngle":0,"lo1":47.0,"la1":41.0,"lo2":87.0,"la2":55.0,"dx":1.0,"dy":1.0}, "data":
[rows 0 to 14 of 15, columns 0 to 40 of 41]
297.74927,287.44928,292.34927,282.54926,283.54926,284.64926,301.74927,311.54926,307.94928,308.74927,308.64926,306.84927,305.34927,305.34927,305.74927,305.34927,303.84927,306.14926,303.84927,303.34927,304.14926,299.34927,300.74927,290.64926,303.54926,304.94928,287.94928,284.84927,294.84927,294.94928,285.54926,283.64926,306.24927,316.64926,318.34927,315.64926,320.74927,317.94928,315.24927,315.64926,317.04926
273.84927,295.14926,282.84927,282.94928,283.14926,283.64926,308.44928,306.24927,306.54926,306.44928,308.54926,307.04926,307.84927,307.64926,304.14926,302.94928,303.64926,303.04926,301.64926,302.24927,302.14926,301.44928,294.34927,288.54926,273.74927,274.64926,282.04926,289.64926,294.94928,281.94928,297.64926,273.54926,302.94928,268.94928,273.14926,307.04926,309.04926,309.24927,312.54926,307.84927,282.24927
296.14926,282.74927,282.74927,282.94928,282.94928,298.14926,302.94928,304.54926,303.34927,303.84927,303.84927,305.14926,306.94928,307.84927,303.34927,303.34927,302.64926,301.24927,301.24927,301.44928,302.14926,302.84927,299.54926,292.24927,297.54926,293.84927,292.24927,285.34927,283.94928,279.44928,287.44928,292.64926,295.54926,300.94928,301.54926,299.14926,294.44928,298.84927,296.74927,295.24927,292.74927
292.74927,284.04926,282.94928,282.74927,286.94928,298.04926,300.94928,305.04926,305.04926,306.24927,304.14926,302.14926,286.64926,287.04926,302.84927,302.44928,303.44928,302.04926,301.84927,302.04926,300.14926,298.04926,299.94928,301.94928,302.04926,300.84927,298.14926,287.84927,283.94928,285.84927,299.94928,298.24927,303.64926,310.34927,306.44928,301.24927,294.14926,275.24927,300.44928,305.14926,307.04926
296.54926,284.94928,283.54926,284.04926,291.54926,302.64926,304.14926,307.44928,306.24927,305.94928,304.84927,303.14926,286.04926,285.84927,284.24927,303.94928,303.34927,302.54926,301.64926,300.94928,300.64926,301.74927,301.64926,302.94928,302.24927,301.94928,292.44928,286.64926,288.14926,295.34927,297.54926,300.54926,290.54926,275.74927,296.54926,304.34927,297.44928,312.64926,311.64926,308.74927,305.54926
295.94928,298.14926,284.84927,283.64926,282.14926,282.64926,303.84927,302.04926,304.84927,304.44928,302.64926,300.64926,286.74927,284.74927,287.94928,301.84927,298.74927,300.14926,298.04926,299.54926,298.24927,298.44928,300.64926,299.04926,300.44928,300.54926,292.64926,271.94928,286.14926,290.84927,297.44928,302.74927,304.04926,302.14926,298.34927,297.54926,299.04926,299.94928,310.94928,307.94928,307.04926
295.14926,297.24927,298.34927,299.44928,293.34927,300.64926,301.24927,301.84927,300.14926,299.24927,299.24927,294.74927,298.64926,298.34927,298.34927,296.94928,297.64926,294.34927,294.44928,294.84927,296.34927,297.14926,297.84927,296.44928,295.54926,295.84927,287.04926,285.44928,290.14926,296.54926,302.44928,304.64926,304.64926,303.94928,302.44928,302.44928,299.44928,297.44928,296.84927,296.74927,303.24927
285.24927,292.34927,293.34927,295.74927,298.04926,297.54926,298.44928,299.14926,298.14926,296.44928,293.64926,295.74927,297.34927,293.94928,295.24927,294.04926,294.94928,290.74927,283.54926,281.24927,290.14926,296.14926,297.24927,293.54926,294.64926,286.84927,282.14926,286.84927,286.64926,291.54926,296.44928,297.24927,299.94928,296.04926,298.64926,301.14926,300.44928,273.14926,306.24927,306.14926,302.74927
283.34927,283.24927,290.24927,294.84927,294.04926,294.94928,295.64926,291.44928,294.04926,291.94928,293.44928,295.94928,292.74927,293.34927,292.94928,291.14926,291.34927,286.14926,284.44928,283.24927,290.74927,294.24927,295.34927,295.74927,288.04926,283.74927,285.24927,288.54926,292.94928,291.74927,286.44928,291.54926,299.14926,297.84927,299.84927,298.54926,298.04926,296.54926,273.24927,273.64926,275.44928
282.74927,282.64926,288.54926,291.14926,291.74927,291.24927,287.14926,293.34927,292.44928,291.54926,291.14926,293.64926,291.84927,291.64926,287.64926,283.44928,286.24927,281.84927,284.34927,294.04926,292.84927,294.24927,295.54926,286.44928,287.04926,283.14926,287.04926,290.24927,291.74927,292.74927,295.64926,296.54926,296.84927,296.64926,300.44928,301.44928,299.54926,291.14926,273.64926,292.84927,287.04926
282.04926,285.54926,289.34927,291.14926,288.74927,287.04926,287.54926,285.84927,290.14926,288.64926,288.34927,291.24927,289.54926,283.74927,284.04926,284.94928,279.54926,282.44928,286.04926,294.44928,294.74927,292.84927,282.54926,283.84927,283.14926,287.04926,288.64926,296.04926,294.94928,292.34927,295.84927,297.14926,295.94928,294.64926,297.54926,299.04926,294.34927,295.64926,297.44928,293.24927,289.24927
283.04926,288.04926,286.54926,285.34927,285.34927,286.94928,285.54926,280.74927,282.94928,289.04926,287.14926,288.44928,284.94928,283.14926,282.64926,284.04926,279.44928,281.04926,284.94928,288.04926,289.14926,285.34927,284.24927,283.14926,282.84927,292.14926,290.44928,290.24927,293.54926,294.94928,294.54926,293.64926,294.14926,293.44928,292.44928,292.44928,292.34927,292.94928,291.94928,292.94928,291.14926
282.54926,286.04926,285.74927,283.54926,285.24927,282.74927,281.24927,280.24927,279.04926,288.44928,283.94928,285.34927,284.64926,282.94928,282.44928,281.84927,277.64926,279.84927,284.14926,283.74927,282.34927,280.94928,283.64926,281.84927,282.34927,287.94928,289.94928,288.54926,288.34927,290.14926,291.04926,291.14926,290.14926,290.84927,291.64926,291.04926,289.64926,290.34927,289.54926,289.44928,288.54926
284.34927,284.74927,277.24927,281.24927,281.34927,281.04926,280.44928,279.64926,279.84927,286.54926,284.84927,284.34927,280.14926,273.64926,273.34927,275.34927,278.94928,279.64926,280.64926,280.54926,278.84927,280.34927,279.14926,280.44928,286.64926,285.44928,287.54926,288.54926,286.14926,287.04926,286.64926,287.14926,287.04926,286.64926,286.74927,285.54926,285.64926,285.34927,285.94928,283.74927,288.24927
280.04926,281.94928,273.24927,281.34927,281.14926,280.64926,280.64926,280.34927,283.34927,287.44928,286.24927,287.44928,281.44928,282.94928,277.74927,276.44928,279.64926,278.34927,280.74927,278.94928,278.74927,278.04926,277.64926,280.04926,284.84927,284.64926,285.84927,285.74927,285.94928,284.34927,285.74927,281.04926,286.64926,286.04926,284.64926,284.14926,285.94928,284.24927,284.74927,284.44928,284.44928
