wind.json
{"header": {"discipline":0,"disciplineName":"Meteorological products","gribEdition":2,"gribLength":953,"center":7,"centerName":"US National Weather Service - NCEP(WMC)","subcenter":0,"refTime":"2023-06-30T18:00:00.000Z","significanceOfRT":1,"significanceOfRTName":"Start of forecast","productStatus":0,"productStatusName":"Operational products","productType":1,"productTypeName":"Forecast products","productDefinitionTemplate":0,"productDefinitionTemplateName":"Analysis/forecast at horizontal level/layer at a point in time","parameterCategory":0,"parameterCategoryName":"UnknownDiscipline_0_Category_0","parameterNumber":0,"parameterNumberName":"UnknownParameter_D0_C0_0","parameterUnit":"Unknown","genProcessType":2,"genProcessTypeName":"Forecast","forecastTime":0,"surface1Type":1,"surface1TypeName":"Ground or water surface","surface1Value":0.0,"surface2Type":255,"surface2TypeName":"Missing","surface2Value":0.0,"gridDefinitionTemplate":0,"gridDefinitionTemplateName":"Latitude_Longitude","numberPoints":688,"shape":6,"shapeName":"Earth spherical with radius of 6,371,229.0 m","gridUnits":"degrees","resolution":48,"winds":"true","scanMode":64,"nx":43,"ny":16,"basicAngle":0,"lo1":45.0,"la1":40.0,"lo2":87.0,"la2":55.0,"dx":1.0,"dy":1.0}, "data":
[rows 0 to 15 of 16, columns 0 to 42 of 43]
284.00742,279.70743,296.20743,299.30743,298.4074,297.60742,296.80743,294.9074,298.70743,299.20743,306.50742,304.9074,308.30743,305.20743,303.9074,304.70743,304.30743,303.50742,302.50742,300.70743,300.4074,298.4074,294.70743,294.20743,292.4074,291.10742,291.70743,286.00742,281.10742,279.00742,282.00742,294.20743,294.4074,296.60742,297.30743,299.4074,300.80743,294.60742,301.10742,299.10742,295.20743,295.00742,294.30743
285.80743,291.4074,294.4074,288.10742,289.4074,296.20743,296.20743,294.4074,297.10742,305.20743,305.30743,304.80743,305.70743,307.00742,306.50742,304.9074,303.9074,300.9074,300.4074,300.80743,298.9074,299.70743,299.60742,297.10742,294.10742,288.4074,294.60742,295.9074,290.4074,275.50742,276.00742,275.00742,276.20743,281.60742,290.00742,296.80743,298.80743,299.10742,297.4074,297.10742,297.70743,296.4074,295.20743
283.80743,283.9074,276.10742,291.80743,296.20743,296.10742,295.80743,293.4074,299.50742,300.50742,301.20743,304.20743,305.70743,305.20743,303.9074,304.10742,301.9074,299.9074,299.50742,298.80743,296.30743,296.9074,296.20743,297.80743,294.80743,285.30743,274.70743,274.80743,283.80743,277.70743,276.20743,271.10742,277.00742,271.70743,279.80743,267.10742,273.20743,293.60742,294.30743,295.00742,299.50742,290.70743,283.30743
284.00742,286.4074,289.4074,296.60742,296.4074,296.20743,295.10742,297.70743,301.00742,301.60742,299.70743,301.4074,303.30743,304.00742,303.30743,302.50742,301.00742,298.60742,297.10742,297.4074,296.30743,296.30743,296.70743,295.20743,297.50742,291.30743,289.00742,289.20743,289.80743,288.30743,287.9074,277.9074,269.9074,274.00742,280.10742,281.9074,281.4074,282.9074,276.80743,278.50742,278.70743,277.10742,275.9074
290.00742,292.20743,290.30743,297.50742,297.60742,296.60742,296.50742,299.70743,302.70743,302.20743,303.10742,301.30743,303.10742,300.4074,294.50742,293.9074,300.70743,297.10742,299.50742,296.50742,297.00742,295.70743,295.20743,289.4074,295.70743,296.9074,294.00742,294.80743,295.00742,292.10742,290.20743,289.30743,288.80743,287.70743,294.50742,294.20743,288.50742,284.9074,276.10742,275.4074,280.4074,287.60742,290.10742
291.4074,293.9074,293.60742,298.00742,298.00742,298.80743,299.00742,300.00742,300.80743,304.4074,303.00742,301.00742,300.4074,297.20743,295.00742,294.4074,291.50742,300.20743,300.00742,298.20743,291.9074,299.4074,299.4074,298.80743,296.30743,295.60742,295.20743,294.70743,292.50742,291.50742,291.60742,292.00742,295.20743,289.50742,276.00742,269.50742,283.20743,292.70743,295.10742,297.80743,296.10742,296.9074,297.00742
295.20743,297.9074,295.30743,295.20743,298.60742,298.20743,297.80743,297.4074,299.50742,304.80743,304.10742,301.20743,300.9074,300.10742,294.10742,293.50742,295.70743,297.00742,298.9074,299.70743,298.30743,300.00742,297.50742,297.00742,296.20743,295.30743,294.80743,293.20743,294.60742,290.30743,295.20743,296.80743,293.80743,293.9074,289.4074,287.50742,286.70743,289.9074,283.70743,285.60742,294.20743,294.4074,295.10742
295.4074,297.4074,298.10742,298.00742,300.80743,302.10742,300.20743,298.9074,300.4074,301.50742,303.70743,303.20743,300.10742,298.60742,298.00742,297.4074,296.80743,298.00742,298.50742,297.80743,299.00742,296.50742,296.60742,297.10742,295.60742,295.9074,294.50742,294.70743,295.20743,298.20743,293.30743,294.10742,294.9074,293.70743,294.9074,295.80743,288.70743,285.30743,282.80743,278.30743,275.50742,277.10742,289.9074
294.50742,294.70743,297.4074,298.50742,301.10742,301.50742,302.9074,303.20743,302.60742,300.70743,301.10742,301.00742,299.60742,298.00742,297.50742,299.00742,298.20743,299.20743,299.30743,299.4074,297.70743,294.20743,294.9074,295.10742,294.20743,294.50742,292.10742,287.80743,288.70743,289.9074,288.10742,290.4074,288.4074,291.4074,288.10742,287.00742,287.50742,289.70743,290.9074,287.9074,285.4074,287.10742,283.10742
290.60742,295.80743,296.30743,297.00742,298.60742,298.60742,300.9074,300.30743,298.9074,300.80743,301.50742,299.30743,299.30743,298.20743,295.30743,296.60742,296.50742,298.00742,296.9074,297.00742,298.30743,293.9074,290.10742,290.60742,292.4074,291.4074,288.20743,287.9074,283.00742,281.00742,280.4074,280.20743,283.20743,283.9074,286.00742,287.20743,286.30743,286.20743,284.9074,283.4074,268.9074,273.50742,269.50742
290.00742,292.60742,295.10742,296.00742,294.80743,295.50742,297.30743,298.50742,297.80743,300.00742,299.60742,296.60742,293.9074,296.20743,296.50742,296.20743,295.70743,296.60742,297.00742,294.50742,293.20743,293.60742,291.4074,291.30743,291.4074,290.50742,289.30743,286.30743,284.4074,283.4074,284.00742,283.80743,284.60742,288.20743,288.30743,287.4074,286.80743,285.00742,282.9074,278.9074,273.60742,275.80743,274.20743
287.70743,290.4074,292.9074,293.9074,292.70743,293.20743,294.30743,295.4074,296.60742,296.30743,294.20743,298.10742,293.70743,297.60742,296.20743,294.30743,294.30743,296.00742,294.30743,294.60742,294.10742,291.60742,290.80743,290.4074,290.00742,288.9074,286.9074,287.4074,284.80743,289.60742,286.30743,288.50742,289.60742,287.80743,287.60742,287.00742,285.60742,283.70743,282.4074,280.30743,278.20743,279.20743,276.4074
286.50742,286.50742,289.00742,288.4074,290.80743,291.50742,291.70743,294.20743,293.10742,292.70743,293.10742,294.50742,296.00742,293.50742,293.10742,294.30743,294.70743,295.20743,292.70743,292.10742,292.30743,290.70743,288.9074,288.20743,287.4074,286.00742,285.4074,285.9074,284.20743,286.10742,287.10742,288.10742,288.30743,288.50742,287.70743,284.70743,284.9074,285.20743,285.00742,284.20743,284.80743,285.00742,283.70743
286.20743,287.80743,286.70743,286.80743,289.4074,290.70743,290.9074,294.20743,292.9074,289.60742,288.00742,291.50742,289.9074,288.20743,291.4074,292.70743,290.50742,290.70743,291.10742,290.4074,290.00742,288.4074,287.70743,285.00742,283.60742,283.50742,286.00742,286.20743,288.00742,289.30743,285.9074,284.80743,285.10742,285.60742,285.30743,284.50742,284.60742,284.20743,285.70743,284.30743,285.4074,284.60742,283.80743
286.20743,286.70743,285.9074,287.60742,290.00742,292.20743,293.50742,291.50742,290.30743,291.10742,290.50742,292.60742,294.00742,289.00742,285.60742,289.30743,290.30743,290.20743,290.00742,289.60742,289.50742,289.00742,286.80743,286.4074,286.30743,285.20743,285.70743,285.00742,285.10742,284.20743,283.80743,284.30743,284.30743,283.9074,283.20743,283.50742,284.30743,287.30743,285.60742,285.00742,285.30743,285.4074,285.4074
285.60742,286.00742,286.80743,288.00742,290.30743,289.9074,291.80743,292.00742,290.9074,293.10742,291.60742,290.50742,291.20743,287.80743,288.50742,287.00742,289.4074,289.9074,289.50742,288.4074,289.60742,286.9074,286.50742,285.50742,283.60742,282.9074,283.9074,283.4074,283.30743,282.9074,283.20743,283.20743,283.70743,283.10742,283.00742,282.80743,282.50742,283.10742,283.30743,283.4074,285.00742,285.20743,285.70743
