wind_kz.json
{"header": {"discipline":0,"disciplineName":"Meteorological products","gribEdition":2,"gribLength":1025,"center":7,"centerName":"US National Weather Service - NCEP(WMC)","subcenter":0,"refTime":"2023-10-03T12:00:00.000Z","significanceOfRT":1,"significanceOfRTName":"Start of forecast","productStatus":0,"productStatusName":"Operational products","productType":1,"productTypeName":"Forecast products","productDefinitionTemplate":0,"productDefinitionTemplateName":"Analysis/forecast at horizontal level/layer at a point in time","parameterCategory":2,"parameterCategoryName":"UnknownDiscipline_0_Category_2","parameterNumber":2,"parameterNumberName":"UnknownParameter_D0_C2_2","parameterUnit":"Unknown","genProcessType":2,"genProcessTypeName":"Forecast","forecastTime":0,"surface1Type":103,"surface1TypeName":"Specified height level above ground","surface1Value":10.0,"surface2Type":255,"surface2TypeName":"Missing","surface2Value":0.0,"gridDefinitionTemplate":0,"gridDefinitionTemplateName":"Latitude_Longitude","numberPoints":615,"shape":6,"shapeName":"Earth spherical with radius of 6,371,229.0 m","gridUnits":"degrees","resolution":48,"winds":"true","scanMode":64,"nx":41,"ny":15,"basicAngle":0,"lo1":47.0,"la1":41.0,"lo2":87.0,"la2":55.0,"dx":1.0,"dy":1.0}, "data":
[rows 0 to 14 of 15, columns 0 to 40 of 41]
5.9180007,2.6180005,-0.6419995,3.7580004,1.2480005,3.4080005,-3.7719996,-6.9519997,-7.4119997,-6.2419996,-5.4219995,-4.8819995,-4.3919997,-4.2919993,-3.5819995,-3.0319996,-2.1119995,-2.1619995,-1.6019995,-1.3319995,-1.3319995,-0.32199952,1.3380005,1.8880005,0.3780005,2.3880005,2.3080006,3.1880004,2.6780005,1.4980005,-1.7719995,1.1680005,-0.8919995,-0.7819995,-0.52199954,-0.45199952,0.6980005,-0.47199953,-0.22199951,-2.9419994,-1.1219995
1.2980005,-0.6419995,4.8980007,-1.0219995,-0.41199952,1.4780005,-5.6319995,-6.2719994,-6.3419995,-5.5419993,-4.5919995,-3.9519994,-3.4519994,-3.5919995,-3.3319995,-3.6919994,-2.9819994,-3.6019995,-3.5219996,-2.6819994,-3.0519996,-0.19199951,0.8380005,2.5780005,2.3180006,0.21800049,0.27800047,2.3180006,3.6280005,2.9580004,1.6480005,3.8780005,-2.1119995,-0.45199952,0.45800048,3.4580004,0.10800049,-0.2519995,-0.4219995,1.9680005,-1.6219995
3.6080005,8.738001,2.5880005,-3.9519994,-2.9519994,-6.4719996,-6.2319994,-5.5519996,-5.8619995,-4.6919994,-3.9319994,-2.8719995,-3.6619995,-3.3419995,-3.2919996,-5.0319996,-4.9119997,-4.6319995,-3.6519995,-1.8919995,-1.9319996,0.5580005,1.9080005,-1.9119995,-3.0819995,-2.8419995,-2.1819994,-0.4919995,4.0480003,-0.5619995,-0.6019995,-2.6419995,0.27800047,-0.47199953,-0.45199952,-0.031999514,0.4680005,0.7080005,2.2980006,-1.1019995,-0.2119995
2.0380006,2.5280006,-0.96199954,-1.5119995,-2.7519996,-5.4419994,-3.8319995,-6.0619993,-5.1219997,-4.7319994,-5.2719994,-5.0719995,-3.7419996,-2.9519994,-4.2619996,-5.1019993,-4.1319995,-5.2619996,-3.8919995,-2.7919996,-4.2819996,-5.4719996,-2.3619995,-1.9419996,-0.9219995,0.66800046,2.2880006,2.6380005,3.8580005,1.6780005,1.6380005,4.2880006,4.7180004,2.0280006,3.0480006,2.7480004,0.008000488,1.9080005,-0.9719995,0.18800049,1.6080005
-1.7619995,1.1080005,-1.8319995,0.4380005,-0.13199951,-3.5519996,-6.4819994,-6.5419993,-5.2819996,-4.4119997,-4.7619996,-5.2119994,-4.7219996,-3.3619995,-0.5319995,-4.1619997,-3.8919995,-1.9719995,-3.3419995,-3.3119996,-2.8119996,-2.2319994,-1.9119995,-0.3619995,0.78800046,2.2180004,3.1580005,2.7180004,4.1080003,4.8980007,5.3080006,2.1580005,2.0280006,2.5380006,-1.3319995,3.0980005,4.6880007,-2.0619996,-1.5319995,-0.7319995,1.7580005
-2.9719994,-1.9219995,-1.2319995,-1.4719995,-0.65199953,-3.8719995,-5.3319993,-5.1219997,-5.2719994,-4.1819997,-4.1619997,-4.7619996,-2.4619994,-2.7919996,-1.7119995,-1.5319995,-1.0119995,-2.8619995,-2.3419995,-1.1719995,-2.9819994,-2.6819994,-1.2019995,-0.3919995,1.0080005,2.1780005,3.2980006,2.0180006,4.1780005,5.3780003,6.6580005,4.7680006,3.8880005,-1.2119995,-1.7619995,-1.6519995,-0.2519995,1.8480005,2.3280005,-0.8519995,-1.4619995
-0.021999512,-2.6919994,-1.7419995,-1.8819995,-1.8319995,0.7080005,-0.7519995,-2.9219995,-3.3919995,-3.6919994,-3.2919996,-3.7719996,-3.4519994,-3.1419995,-4.1119995,-4.0419993,-2.5519996,-1.5919995,-2.5319996,-3.0519996,-2.8619995,-2.5519996,-1.8519995,-0.8519995,-0.71199954,0.29800048,-0.77199954,0.66800046,3.1780005,4.3380003,3.7580004,4.2780004,5.0280004,1.4080005,-1.7019995,2.9480004,-1.5419995,1.2280005,-1.3419995,1.6180005,-0.8019995
-1.8519995,-0.22199951,-1.8519995,-0.4619995,4.4680004,8.458,3.3280005,0.59800047,-1.0519996,-2.5619996,-2.2119994,-3.1819994,-3.6619995,-3.8919995,-3.9719994,-4.6819997,-3.4919996,-3.2019994,-2.8619995,-1.9819995,-2.5719995,-3.0519996,-2.0119996,-2.4619994,-1.6019995,-0.8919995,-0.26199952,-0.6319995,-1.8419995,-0.6319995,-0.20199952,3.8780005,2.6380005,0.9880005,-0.11199951,-0.23199952,2.9880004,3.9980004,-2.0519996,-2.6319995,-1.1019995
1.2580005,-0.4019995,1.2180005,1.3480005,5.2980003,1.7280005,2.2880006,2.6980004,-0.38199952,-1.1619995,-1.0519996,-1.2419995,-1.8719995,-2.1519995,-2.9519994,-2.5719995,-3.3519995,-2.2319994,-2.6919994,-2.4419994,-2.4419994,-3.0219996,-2.4419994,-2.3819995,-3.3819995,-2.3519995,-2.9319994,-3.7719996,-3.1619995,-3.1419995,-3.4519994,-0.1819995,-3.4019995,-2.6719995,-2.5319996,2.5880005,1.6280005,-2.1919994,-0.20199952,0.4980005,-2.0319996
2.4680004,2.5680006,1.0980005,1.3080004,1.1180005,2.9080005,2.9980004,3.1880004,0.1780005,-0.52199954,-0.19199951,-0.22199951,-0.4319995,-0.22199951,-1.1019995,-1.7219995,-2.1019995,-2.0019996,-2.4819994,-2.5719995,-2.8019996,-2.4119995,-1.5919995,-2.4619994,-3.0719995,-3.5419996,-3.8619995,-3.1719995,-3.2619996,-3.6119995,-2.7219994,-0.7619995,-4.0119996,-1.5119995,0.6080005,1.8280005,0.65800047,0.15800048,-0.45199952,-0.29199952,-1.4719995
2.1780005,2.5780005,1.8680005,1.7380005,0.7480005,1.9480004,2.9880004,2.2480004,-0.17199951,-0.2519995,0.29800048,0.16800049,0.4480005,0.5080005,0.5780005,0.53800046,-0.051999513,-0.2419995,-1.5719995,-2.1419995,-2.1419995,-1.9919995,-1.6719995,-2.1819994,-2.1319995,-2.3919995,-3.1519995,-3.0619996,-2.6619995,-2.3419995,-1.7119995,-1.5919995,-2.6719995,-2.4719994,-1.2819995,-0.19199951,-0.6319995,0.91800046,-0.96199954,0.3180005,-1.4419996
2.3280005,1.6880004,2.7080004,2.2180004,2.5480006,2.2480004,1.7780005,-0.07199951,0.008000488,-0.41199952,0.16800049,0.8580005,1.1280005,1.8580005,2.4080005,1.9880005,1.9180005,2.5880005,1.1980004,-0.06199951,0.01800049,-1.4119995,-1.4819995,-0.90199953,-1.3919995,-2.1519995,-2.4419994,-1.7719995,-1.8019996,-2.2019994,-1.9919995,-2.2919996,-1.7519995,-2.4819994,-2.3519995,-1.7519995,-2.5119996,-2.3019996,-1.4219995,-0.7819995,-0.101999514
1.3380005,1.0380005,2.7780006,3.3480005,2.5980005,2.5180006,3.7480004,0.53800046,1.9380004,0.8980005,1.3680005,1.8080004,2.2680006,1.7680005,2.1080005,2.3980005,2.5880005,1.3880005,0.90800047,2.2580004,1.6880004,1.6880004,0.3580005,0.42800048,-0.6819995,-0.1819995,-0.7219995,-1.1719995,-0.9419995,-1.2519995,-1.7919995,-1.7219995,-1.8019996,-2.3919995,-2.2019994,-2.2619996,-2.4919996,-1.6419995,-2.2919996,-1.8419995,-0.6019995
1.8480005,1.4780005,3.1080005,4.1980004,4.4480004,1.1880004,4.0080004,2.9680004,1.8480005,-0.7019995,1.0380005,2.7980006,2.4780004,3.7980006,2.8280005,2.5380006,3.4880004,2.0580006,2.0980005,1.7080005,1.9680005,2.1180005,2.2080004,1.3880005,0.9580005,1.0180005,0.7680005,0.9580005,0.8280005,0.30800048,-0.011999512,-0.3919995,-0.5419995,-1.0119995,-0.4319995,-1.3319995,-0.7919995,-0.5019995,-2.1419995,-1.2219995,-0.29199952
2.8580005,3.5080004,0.23800048,2.3080006,3.1480005,4.0180006,1.6680005,1.9180005,0.2880005,1.1280005,0.8980005,3.4580004,2.1980004,1.9680005,2.7580004,2.0080004,1.9680005,1.7780005,1.9180005,2.4980004,2.8080006,2.6580005,2.6080005,2.1280005,1.8980005,2.2980006,2.2380004,1.9180005,2.1380005,2.0380006,1.0780005,1.8480005,1.8780005,1.6180005,1.7780005,1.6480005,0.5780005,1.6480005,-0.22199951,0.30800048,0.038000487
