wind.json
{"header": {"discipline":0,"disciplineName":"Meteorological products","gribEdition":2,"gribLength":1211,"center":7,"centerName":"US National Weather Service - NCEP(WMC)","subcenter":0,"refTime":"2023-06-29T12:00:00.000Z","significanceOfRT":1,"significanceOfRTName":"Start of forecast","productStatus":0,"productStatusName":"Operational products","productType":1,"productTypeName":"Forecast products","productDefinitionTemplate":0,"productDefinitionTemplateName":"Analysis/forecast at horizontal level/layer at a point in time","parameterCategory":2,"parameterCategoryName":"UnknownDiscipline_0_Category_2","parameterNumber":2,"parameterNumberName":"UnknownParameter_D0_C2_2","parameterUnit":"Unknown","genProcessType":2,"genProcessTypeName":"Forecast","forecastTime":240,"surface1Type":103,"surface1TypeName":"Specified height level above ground","surface1Value":10.0,"surface2Type":255,"surface2TypeName":"Missing","surface2Value":0.0,"gridDefinitionTemplate":0,"gridDefinitionTemplateName":"Latitude_Longitude","numberPoints":688,"shape":6,"shapeName":"Earth spherical with radius of 6,371,229.0 m","gridUnits":"degrees","resolution":48,"winds":"true","scanMode":64,"nx":43,"ny":16,"basicAngle":0,"lo1":45.0,"la1":40.0,"lo2":87.0,"la2":55.0,"dx":1.0,"dy":1.0}, "data":
[rows 0 to 15 of 16, columns 0 to 42 of 43]
3.220425,-1.3795753,0.15042481,-0.5195752,-4.7595754,-2.6095753,-1.2795752,-0.019575195,1.8304248,-4.209575,-3.539575,-3.5995753,-2.279575,0.6704248,1.6904248,1.0704248,2.5104249,4.330425,4.9904246,4.8904247,5.3704247,5.350425,5.270425,-0.7895752,3.3104248,1.0404248,1.4704248,0.1904248,-0.7395752,-1.3595752,2.3004248,1.5104249,-1.3895752,0.020424806,1.4304248,-1.5095752,-1.2895752,-1.5395752,1.6204247,-2.8895752,-4.059575,-5.829575,-6.909575
-0.8695752,1.5904248,3.8404248,1.1904248,-3.1295753,-5.899575,0.78042483,3.1304247,6.7204247,-5.2395754,-3.9395752,-0.7695752,-0.8595752,0.3104248,1.8904248,4.7604246,2.220425,3.1504247,5.2204247,4.1604247,6.090425,7.7004247,3.4004247,-2.059575,7.040425,3.480425,2.8304248,3.8804247,5.230425,3.480425,-2.3295753,2.6404247,5.380425,-0.7995752,-0.059575196,2.5204248,-1.5695752,-2.0095751,2.1504247,2.5204248,-0.7595752,-3.0095751,-0.6895752
-1.7595752,0.8104248,1.3004248,-2.059575,-2.7595751,-4.7995753,-3.2095752,3.0804248,-3.4395752,-5.229575,-2.6695752,-3.0795753,1.5504248,2.6704247,-2.4895751,-1.9395752,-2.3295753,-0.4995752,0.15042481,3.1704247,2.0904248,6.900425,-4.679575,3.700425,9.680425,0.8104248,-1.5195752,0.6204248,2.8704247,2.6304247,1.8204248,0.090424806,0.18042481,-0.019575195,-0.52957517,0.39042482,-0.4395752,2.6104248,2.440425,7.610425,2.1104248,3.1304247,-0.2595752
-0.7695752,-0.5595752,-6.559575,-4.3795753,-5.079575,-5.269575,0.3704248,1.3104248,-3.5695753,-3.4395752,-3.269575,-2.9395752,-2.5695753,-4.7995753,-2.4995751,1.0404248,-0.5395752,-0.5995752,-0.5995752,1.6404248,0.6004248,-1.1295753,-3.7195752,11.1304245,-2.6895752,0.8904248,2.7904248,-1.7095752,12.170424,1.9204248,-5.6995754,0.020424806,0.1904248,-0.71957517,0.5204248,-2.0795753,0.8104248,0.100424804,0.15042481,-0.32957518,5.350425,1.8404248,-0.14957519
-6.649575,-7.5695753,-7.559575,-5.0295753,-3.8595753,-1.0795752,4.6404247,-1.7395751,-1.8095752,-4.7395754,-2.1095753,-2.1595752,-4.929575,-4.0495753,0.9604248,2.8604248,4.060425,-3.1295753,-2.039575,-1.0095752,0.08042481,1.3604248,-1.0595752,-5.729575,-0.4595752,-5.289575,7.400425,0.9604248,-0.2495752,-0.4395752,3.450425,-1.6695752,2.8804247,-3.0995753,-2.3995752,2.220425,-9.539576,-3.1395752,-1.4595752,2.3404248,-1.0495752,1.5704248,6.440425
-4.659575,-8.649575,-3.9495752,-3.029575,-1.2195752,-5.4895754,-4.5495753,-3.049575,-3.3695753,-3.3495753,-1.2395751,-1.8795753,-0.8995752,-6.329575,-0.2495752,2.3004248,3.8104248,-5.039575,-2.519575,-3.6595752,-1.1795752,-7.6095753,-5.1095753,-3.1795752,-3.789575,0.1404248,-1.0495752,1.6004248,-6.409575,1.2104248,-4.519575,-3.2095752,-7.189575,-4.749575,-2.8595753,-0.41957518,3.5804248,5.6404247,2.7704248,2.6104248,9.490425,4.880425,-0.4995752
-3.6195753,-9.089575,-7.4895754,-6.289575,-5.869575,-4.709575,-3.4195752,-0.1595752,-0.7295752,-3.3495753,-5.459575,-1.9495752,-6.979575,-3.6395752,1.5904248,2.5704248,-0.2895752,-2.2495751,-7.659575,-5.729575,-6.2595754,-3.049575,-5.0095754,-4.249575,-9.6195755,-5.6095753,-5.6095753,-4.909575,-5.979575,-4.429575,-2.8395753,-3.2095752,-1.9495752,-2.3895752,-1.1795752,3.460425,4.040425,0.2504248,5.350425,2.470425,-0.2595752,-0.2295752,0.3504248
-4.6995754,-3.7295752,-2.6795752,-4.119575,-5.419575,-4.149575,0.090424806,2.9004247,-5.039575,-7.559575,-4.419575,-4.209575,-7.559575,-4.809575,-2.8295753,-4.4695754,-3.9695752,-3.9695752,-1.6895752,-5.639575,-1.9595752,-5.889575,-6.189575,-5.9695754,-4.3795753,-2.8995752,-4.5095754,-4.4495754,-4.7995753,-1.7495751,-4.099575,-3.1795752,-2.519575,-3.8395753,-0.5995752,5.460425,7.360425,5.540425,5.070425,-0.4695752,2.230425,-0.5495752,2.3104248
-5.479575,-4.829575,-3.559575,-6.7595754,-7.439575,-2.7195752,-3.6095753,-2.7595751,-3.3895752,-6.919575,-5.3595753,-5.2995753,-1.3095752,-5.2995753,-6.019575,-7.809575,-4.5895753,-2.799575,-4.539575,-10.029575,-8.359575,-5.619575,-6.599575,-5.5895753,-4.649575,-5.6095753,-5.4695754,-5.0495753,-4.5295753,-6.9495754,-6.229575,-5.289575,-4.1095753,-2.7495751,-3.1095753,-1.4895751,0.5904248,1.1804248,3.3104248,-0.1995752,4.770425,3.6704247,4.420425
-3.3595753,-3.5895753,-9.439575,-4.9895754,-4.2595754,-3.279575,-4.929575,-4.519575,-4.289575,-3.2595751,-6.1995754,-4.0295753,-3.9495752,-5.889575,-6.439575,-6.889575,-6.8195753,-6.249575,-4.429575,-6.499575,-6.829575,-6.9495754,-6.769575,-6.809575,-5.9695754,-5.439575,-6.0295753,-5.659575,-5.1995754,-5.159575,-5.849575,-4.519575,-4.0095754,-3.2295752,-0.1695752,-0.9595752,3.5504248,3.8204248,-2.6395752,-0.9795752,-1.3695751,-0.2195752,0.4304248
-2.529575,-3.019575,0.4404248,-4.869575,3.210425,-3.6695752,-2.559575,-1.3695751,-7.0295753,-6.309575,-7.3595753,-7.1295753,-5.519575,-4.249575,-4.8795753,-4.899575,-4.9495754,-4.959575,-7.099575,-6.899575,-6.729575,-6.5095754,-6.209575,-6.5695753,-6.0295753,-5.669575,-5.189575,-4.729575,-3.9495752,-4.679575,-4.2195754,-3.4295752,-2.779575,-2.9695752,-1.2695752,-2.279575,-0.9395752,1.1304249,-1.3895752,1.1804248,0.010424805,0.0704248,0.060424805
-4.829575,-3.539575,-5.249575,-5.419575,-1.5595752,-6.249575,-1.8095752,-4.7595754,-5.349575,-5.2195754,-7.889575,-4.829575,-6.689575,-5.519575,-5.269575,-5.169575,-4.929575,-4.349575,-5.1095753,-6.169575,-5.439575,-5.419575,-5.849575,-4.749575,-3.7095752,-3.2395751,-3.0895753,-1.8895752,-3.549575,-3.4595752,-3.1595752,-3.5795753,-3.039575,-1.9495752,-3.1195753,-3.4295752,-4.639575,-3.779575,-1.6595752,-0.7095752,-3.4695752,-0.2195752,-1.0095752
-2.269575,-2.9795752,-4.4495754,-3.4595752,-3.059575,-8.149575,-5.8195753,1.0004249,-4.2395754,-2.1495752,-7.1095753,1.5204248,-1.9495752,-3.9195752,-4.679575,-3.7595751,-3.9195752,-3.809575,-4.419575,-4.7795753,-3.8795753,-2.9695752,-2.4395752,-3.9995751,-1.8995752,-2.6095753,-2.4795752,-3.4795752,-2.0095751,-0.4495752,-2.9295752,-1.6995752,-2.4795752,-3.029575,-1.5195752,-4.729575,-3.2495751,-5.439575,-4.4695754,-5.479575,-3.4295752,0.2504248,-0.3195752
0.5404248,0.7004248,-3.4095752,0.010424805,-3.1795752,-3.3995752,-4.0695753,1.2704248,-3.6195753,-5.1295753,-3.2495751,-1.1895752,-2.3395753,-3.3595753,-3.5895753,-3.1195753,-3.1195753,-2.5695753,-2.559575,-3.3895752,-4.0095754,-2.9395752,-2.2095752,-1.1895752,-1.6495752,-1.7395751,-1.0795752,-0.6395752,-0.3795752,-0.4495752,0.7504248,0.21042481,-1.6195751,0.4704248,-0.3495752,0.9404248,-2.1695752,-3.5795753,-1.4295752,-1.8595752,-1.8695751,-3.8795753,-0.2695752
-1.8295752,-0.6595752,-4.019575,-5.789575,-0.1595752,-5.0895753,-1.4295752,-3.6095753,-1.2795752,-2.039575,0.2704248,-0.4695752,0.1104248,-1.5195752,-2.8295753,-1.6995752,-0.77957517,-0.52957517,-1.8895752,0.3404248,-0.7395752,-1.3395752,-1.9095752,-1.4995751,-0.2195752,-1.1795752,0.3804248,0.1304248,-0.6695752,0.050424803,-1.3295752,1.4704248,-1.6495752,0.4004248,2.8604248,1.0604248,0.5104248,-1.8495752,-0.049575195,0.7504248,-0.9795752,-0.3795752,0.6104248
-2.8295753,0.7704248,-2.1295753,0.100424804,-1.7895752,-0.9995752,-1.4495752,0.5604248,-1.5195752,1.6904248,1.6404248,-1.7995752,1.6804248,-2.5695753,0.5004248,-2.7095752,-0.9995752,-0.6995752,-1.5995752,-0.77957517,-0.9395752,-1.3095752,-0.6095752,0.3004248,1.0304248,-1.0895752,0.78042483,-0.9395752,0.15042481,0.100424804,1.9704248,1.2604249,1.0204248,2.730425,3.6704247,1.1104248,1.5304248,1.1004248,-0.9295752,3.230425,0.8404248,-2.019575,-0.7395752
