wind_kz.json
{"header": {"discipline":0,"disciplineName":"Meteorological products","gribEdition":2,"gribLength":871,"center":7,"centerName":"US National Weather Service - NCEP(WMC)","subcenter":0,"refTime":"2024-02-02T18:00:00.000Z","significanceOfRT":1,"significanceOfRTName":"Start of forecast","productStatus":0,"productStatusName":"Operational products","productType":1,"productTypeName":"Forecast products","productDefinitionTemplate":0,"productDefinitionTemplateName":"Analysis/forecast at horizontal level/layer at a point in time","parameterCategory":0,"parameterCategoryName":"UnknownDiscipline_0_Category_0","parameterNumber":0,"parameterNumberName":"UnknownParameter_D0_C0_0","parameterUnit":"Unknown","genProcessType":2,"genProcessTypeName":"Forecast","forecastTime":60,"surface1Type":1,"surface1TypeName":"Ground or water surface","surface1Value":0.0,"surface2Type":255,"surface2TypeName":"Missing","surface2Value":0.0,"gridDefinitionTemplate":0,"gridDefinitionTemplateName":"Latitude_Longitude","numberPoints":615,"shape":6,"shapeName":"Earth spherical with radius of 6,371,229.0 m","gridUnits":"degrees","resolution":48,"winds":"true","scanMode":64,"nx":41,"ny":15,"basicAngle":0,"lo1":47.0,"la1":41.0,"lo2":87.0,"la2":55.0,"dx":1.0,"dy":1.0}, "data":
[rows 0 to 14 of 15, columns 0 to 40 of 41]
278.91824,272.91824,278.31824,280.61823,280.91824,282.11823,283.81824,285.61823,282.11823,282.61823,281.21823,280.21823,280.71823,280.51825,280.91824,280.71823,280.01825,280.61823,283.11823,283.31824,282.11823,282.21823,282.41824,279.51825,280.71823,282.41824,273.31824,265.51825,264.61823,263.11823,267.71823,258.31824,268.51825,280.51825,280.51825,278.91824,280.91824,279.21823,277.01825,276.01825,278.91824
258.81824,277.41824,280.21823,280.01825,280.51825,281.11823,283.21823,281.91824,282.01825,282.71823,282.41824,279.81824,279.91824,280.21823,277.31824,276.01825,280.01825,280.71823,279.21823,281.41824,281.11823,280.71823,276.91824,271.51825,262.91824,265.51825,266.51825,263.11823,263.01825,260.21823,268.81824,258.31824,271.41824,249.41824,257.91824,269.71823,269.21823,276.71823,276.31824,271.41824,270.81824
276.71823,278.91824,280.11823,280.41824,280.41824,280.61823,280.51825,281.61823,281.11823,278.51825,277.91824,277.51825,278.21823,279.21823,273.41824,272.51825,273.51825,273.21823,274.61823,275.21823,276.51825,278.81824,279.11823,273.01825,277.11823,273.21823,272.91824,273.01825,275.71823,270.41824,266.91824,268.51825,262.71823,264.61823,261.81824,267.61823,267.81824,261.11823,262.71823,265.81824,263.41824
277.11823,276.01825,277.71823,279.01825,278.81824,278.51825,277.21823,277.91824,280.71823,279.81824,278.61823,278.01825,281.31824,281.91824,274.41824,272.81824,273.61823,272.61823,272.41824,273.81824,275.51825,273.21823,275.71823,273.71823,273.31824,273.31824,273.41824,273.21823,273.21823,272.41824,272.01825,271.41824,276.71823,273.31824,270.71823,270.71823,265.71823,261.41824,270.61823,268.01825,268.01825
277.31824,273.01825,271.91824,273.31824,275.01825,277.01825,275.51825,277.41824,277.51825,276.61823,275.01825,275.71823,279.11823,279.21823,278.31824,273.21823,273.21823,273.31824,274.01825,273.21823,272.31824,273.01825,270.41824,271.81824,270.21823,270.31824,270.91824,269.81824,275.11823,276.51825,273.31824,273.61823,270.01825,262.61823,269.41824,264.61823,266.91824,268.61823,270.11823,268.41824,267.01825
277.41824,277.41824,273.11823,273.01825,272.41824,272.91824,276.61823,275.01825,274.01825,276.31824,273.91824,273.81824,278.41824,279.21823,274.71823,273.91824,272.31824,272.61823,272.41824,273.31824,272.41824,271.01825,269.91824,270.21823,268.61823,267.31824,269.01825,266.21823,268.71823,269.31824,271.71823,272.11823,270.21823,268.71823,270.71823,268.11823,270.91824,269.71823,267.21823,265.11823,265.61823
274.51825,274.91824,276.31824,276.41824,273.71823,276.21823,276.41824,273.81824,273.11823,273.21823,273.21823,273.21823,273.21823,273.41824,273.11823,272.71823,271.41824,271.01825,269.61823,269.81824,271.11823,271.11823,267.71823,268.41824,268.91824,265.61823,262.81824,265.01825,264.21823,266.91824,265.51825,266.01825,265.41824,267.01825,266.41824,267.81824,267.81824,269.41824,266.71823,266.61823,267.61823
274.21823,274.01825,273.51825,273.61823,274.11823,273.81824,273.71823,273.21823,273.21823,273.21823,273.21823,273.21823,273.21823,273.21823,273.31824,273.21823,273.11823,273.21823,271.91824,270.31824,270.11823,270.81824,270.31824,269.81824,269.61823,267.51825,266.51825,262.61823,265.41824,261.61823,262.71823,262.91824,262.71823,264.11823,265.31824,262.01825,261.51825,262.61823,265.11823,265.51825,266.51825
273.31824,273.21823,273.31824,273.21823,273.21823,273.31824,273.21823,273.11823,273.21823,273.21823,273.11823,273.11823,272.81824,273.21823,273.21823,273.21823,273.21823,273.21823,273.01825,272.51825,270.91824,268.91824,269.01825,268.91824,268.51825,267.61823,266.91824,265.41824,264.71823,265.41824,261.41824,261.11823,271.11823,269.71823,265.51825,262.31824,263.81824,263.91824,263.91824,264.21823,263.61823
273.21823,272.81824,273.01825,273.21823,273.21823,273.11823,273.21823,273.21823,273.21823,273.21823,273.01825,272.21823,273.11823,272.71823,272.61823,272.31824,273.21823,273.21823,273.21823,273.01825,271.81824,270.71823,270.51825,269.91824,267.61823,266.61823,267.71823,266.41824,266.81824,265.21823,270.41824,272.11823,271.61823,268.81824,265.21823,264.21823,267.51825,268.81824,269.71823,269.61823,262.41824
269.71823,269.81824,270.01825,269.71823,271.01825,272.81824,272.81824,273.21823,273.11823,273.11823,272.81824,272.81824,272.51825,272.91824,272.21823,272.51825,271.61823,271.61823,272.21823,271.81824,271.01825,270.91824,270.11823,268.51825,266.81824,267.11823,267.81824,267.01825,268.41824,271.01825,270.81824,271.31824,271.11823,270.61823,266.51825,266.01825,268.21823,268.51825,266.51825,269.41824,268.51825
270.71823,268.41824,268.61823,268.01825,267.61823,268.61823,270.81824,271.11823,272.41824,273.01825,272.11823,272.31824,273.21823,272.51825,272.51825,272.41824,272.51825,271.71823,271.21823,270.91824,270.01825,269.91824,269.51825,267.11823,265.71823,266.81824,267.81824,268.41824,268.31824,268.21823,268.31824,266.21823,271.51825,267.41824,268.31824,266.61823,268.81824,269.71823,271.01825,270.81824,272.11823
269.11823,267.51825,265.91824,266.81824,267.71823,269.61823,269.11823,268.51825,271.01825,271.71823,271.11823,271.41824,272.21823,272.51825,272.91824,273.21823,273.11823,272.91824,272.61823,271.81824,270.41824,269.51825,267.91824,266.81824,266.51825,266.41824,266.71823,266.11823,266.41824,266.61823,265.51825,265.51825,265.61823,266.01825,266.81824,267.51825,267.81824,269.91824,268.81824,268.11823,270.61823
268.61823,267.01825,265.21823,265.21823,266.21823,267.51825,267.51825,267.01825,269.11823,270.61823,271.01825,270.71823,270.71823,271.61823,272.61823,273.11823,273.21823,272.71823,271.81824,270.91824,269.61823,269.51825,268.71823,268.11823,266.91824,265.81824,265.01825,264.91824,266.01825,266.21823,265.81824,265.71823,266.41824,266.11823,267.01825,267.41824,268.91824,268.71823,268.71823,269.31824,270.11823
268.41824,267.41824,267.61823,268.91824,268.31824,268.11823,267.61823,268.61823,268.71823,268.91824,270.51825,270.81824,269.31824,270.61823,271.81824,272.91824,272.81824,271.91824,271.41824,270.31824,269.51825,269.31824,268.31824,267.71823,267.01825,265.61823,264.51825,264.11823,264.11823,264.91824,264.91824,265.51825,265.71823,266.31824,266.91824,267.41824,267.91824,268.21823,268.51825,268.31824,269.71823
