wind.json
{"header": {"discipline":0,"disciplineName":"Meteorological products","gribEdition":2,"gribLength":953,"center":7,"centerName":"US National Weather Service - NCEP(WMC)","subcenter":0,"refTime":"2023-06-27T12:00:00.000Z","significanceOfRT":1,"significanceOfRTName":"Start of forecast","productStatus":0,"productStatusName":"Operational products","productType":1,"productTypeName":"Forecast products","productDefinitionTemplate":0,"productDefinitionTemplateName":"Analysis/forecast at horizontal level/layer at a point in time","parameterCategory":0,"parameterCategoryName":"UnknownDiscipline_0_Category_0","parameterNumber":0,"parameterNumberName":"UnknownParameter_D0_C0_0","parameterUnit":"Unknown","genProcessType":2,"genProcessTypeName":"Forecast","forecastTime":180,"surface1Type":1,"surface1TypeName":"Ground or water surface","surface1Value":0.0,"surface2Type":255,"surface2TypeName":"Missing","surface2Value":0.0,"gridDefinitionTemplate":0,"gridDefinitionTemplateName":"Latitude_Longitude","numberPoints":688,"shape":6,"shapeName":"Earth spherical with radius of 6,371,229.0 m","gridUnits":"degrees","resolution":48,"winds":"true","scanMode":64,"nx":43,"ny":16,"basicAngle":0,"lo1":45.0,"la1":40.0,"lo2":87.0,"la2":55.0,"dx":1.0,"dy":1.0}, "data":
[rows 0 to 15 of 16, columns 0 to 42 of 43]
283.65826,279.75824,293.95825,294.45825,295.25824,297.55826,296.65826,294.95825,299.15826,298.65826,299.75824,299.45825,300.75824,299.85825,298.55826,299.25824,298.65826,298.05826,296.65826,295.95825,295.55826,295.85825,292.65826,292.35825,292.05826,288.55826,289.15826,281.25824,276.85825,277.15826,280.45825,293.75824,293.75824,296.35825,297.35825,300.15826,300.25824,299.95825,302.05826,299.55826,298.65826,298.25824,300.15826
286.65826,297.35825,296.25824,288.05826,290.85825,296.65826,296.45825,294.95825,298.15826,301.55826,300.15826,299.05826,298.75824,300.55826,299.35825,298.65826,297.95825,294.65826,294.95825,295.65826,293.95825,294.15826,295.25824,292.55826,291.75824,287.25824,292.65826,294.05826,290.85825,276.65826,276.95825,277.95825,277.95825,281.25824,289.75824,296.55826,297.95825,299.05826,299.65826,299.65826,299.25824,300.75824,300.75824
287.65826,285.95825,278.15826,291.65826,296.15826,296.25824,296.25824,294.25824,300.35825,299.95825,298.65826,298.55826,299.05826,297.65826,296.15826,294.25824,293.45825,292.35825,292.05826,291.05826,292.45825,292.85825,293.35825,293.15826,291.35825,284.65826,272.95825,274.65826,281.65826,276.15826,277.75824,274.55826,282.55826,274.05826,283.05826,266.35825,277.75824,294.75824,294.25824,297.25824,301.05826,293.75824,283.55826
289.35825,291.35825,294.75824,296.55826,296.35825,296.45825,295.65826,298.95825,299.25824,298.95825,297.65826,297.05826,296.05826,295.55826,293.65826,294.05826,294.85825,291.95825,290.95825,290.65826,291.25824,292.25824,293.05826,293.05826,292.15826,286.85825,290.45825,290.35825,292.15826,289.25824,287.45825,282.65826,276.95825,278.65826,283.95825,283.85825,287.55826,286.55826,281.65826,283.25824,283.45825,280.55826,279.45825
295.25824,296.85825,294.25824,297.35825,297.45825,296.55826,296.55826,297.75824,296.65826,297.85825,297.65826,296.65826,296.05826,295.25824,294.75824,294.25824,293.05826,291.65826,292.65826,291.55826,292.45825,292.75824,291.85825,287.05826,295.05826,294.95825,293.15826,293.85825,295.65826,291.55826,293.35825,294.55826,293.55826,291.35825,297.35825,294.55826,291.35825,291.25824,281.85825,279.55826,286.35825,296.75824,299.75824
294.65826,296.95825,296.75824,297.85825,297.65826,297.95825,298.05826,297.55826,298.15826,298.45825,297.35825,296.25824,295.65826,294.35825,295.25824,294.55826,291.75824,292.95825,293.55826,293.65826,292.05826,295.15826,294.85825,294.65826,294.55826,293.95825,294.35825,294.75824,294.45825,294.45825,294.55826,296.35825,297.15826,293.15826,283.35825,275.35825,286.45825,295.85825,297.15826,302.25824,302.45825,302.05826,301.95825
293.25824,297.25824,295.25824,293.45825,298.35825,297.05826,297.15826,296.85825,297.25824,299.05826,297.35825,296.15826,294.65826,294.35825,293.45825,293.95825,292.85825,292.55826,294.15826,294.95825,295.45825,298.45825,293.85825,294.25824,292.75824,292.85825,292.05826,292.75824,294.65826,290.45825,297.35825,298.85825,297.65826,296.85825,295.95825,294.45825,294.95825,293.45825,289.65826,291.35825,299.05826,302.45825,300.45825
296.25824,297.95825,296.65826,298.95825,301.45825,298.45825,297.55826,297.85825,298.95825,297.85825,297.85825,296.75824,294.95825,293.75824,292.65826,291.85825,293.25824,293.45825,293.65826,293.95825,294.05826,293.05826,292.55826,293.05826,292.75824,292.95825,294.45825,293.55826,292.85825,294.25824,294.65826,294.25824,295.55826,296.15826,295.65826,295.25824,294.45825,293.45825,290.85825,289.15826,285.35825,286.85825,297.75824
296.55826,294.15826,297.75824,298.85825,299.05826,298.75824,299.65826,299.55826,299.25824,297.15826,295.35825,293.95825,293.05826,292.25824,290.75824,292.65826,294.35825,294.65826,293.35825,292.85825,291.95825,288.95825,289.35825,289.35825,290.15826,291.45825,291.55826,287.85825,289.25824,290.95825,290.15826,292.75824,294.05826,293.55826,293.35825,291.95825,292.35825,294.45825,295.35825,288.05826,295.65826,295.15826,292.35825
290.75824,294.05826,294.85825,294.65826,296.35825,298.05826,298.05826,296.75824,296.55826,295.25824,294.45825,291.65826,291.25824,290.45825,289.95825,292.25824,291.85825,292.85825,291.15826,290.85825,290.35825,289.35825,287.35825,286.85825,288.55826,288.65826,287.35825,288.85825,287.55826,286.85825,286.95825,287.15826,288.85825,289.75824,291.55826,291.85825,291.15826,289.55826,292.15826,292.35825,285.35825,282.75824,283.45825
290.15826,291.05826,291.35825,292.85825,293.15826,293.55826,294.15826,293.65826,296.15826,296.25824,292.55826,290.45825,289.75824,288.05826,289.55826,290.45825,289.85825,289.65826,289.95825,289.85825,289.25824,290.25824,288.05826,287.55826,291.85825,289.35825,289.65826,288.55826,289.05826,287.95825,289.85825,289.45825,290.25824,293.15826,293.65826,293.65826,291.45825,288.95825,287.35825,287.15826,287.25824,284.05826,282.85825
286.85825,289.45825,289.95825,290.25824,290.75824,290.85825,291.15826,291.65826,291.85825,293.05826,290.45825,290.15826,288.05826,286.75824,289.25824,288.15826,288.15826,287.75824,288.25824,289.15826,289.55826,288.35825,288.55826,288.15826,288.65826,288.35825,287.85825,288.05826,286.65826,289.15826,289.85825,292.15826,292.95825,293.05826,293.45825,292.35825,289.25824,286.65826,286.75824,284.05826,282.85825,283.35825,283.35825
286.05826,286.85825,287.55826,289.05826,289.75824,289.35825,288.95825,288.85825,288.25824,288.55826,291.35825,289.55826,285.05826,286.65826,287.85825,287.95825,288.05826,287.15826,287.55826,288.15826,288.45825,287.95825,287.85825,287.25824,287.05826,286.65826,288.55826,290.85825,291.45825,293.15826,293.75824,293.15826,291.75824,291.55826,291.55826,290.75824,290.45825,290.15826,289.05826,289.25824,288.95825,287.45825,286.05826
284.55826,284.45825,285.15826,285.45825,288.75824,288.75824,290.75824,288.55826,287.85825,290.05826,289.25824,287.45825,284.25824,284.65826,286.65826,287.55826,288.45825,288.05826,287.75824,287.55826,288.15826,287.35825,287.15826,286.65826,287.05826,286.95825,289.05826,290.55826,291.65826,291.75824,291.25824,290.95825,291.15826,290.35825,290.35825,289.95825,289.95825,289.65826,290.05826,290.45825,289.35825,289.85825,288.95825
288.45825,287.65826,286.95825,285.15826,288.45825,288.85825,287.65826,287.25824,286.45825,288.55826,289.25824,288.65826,285.15826,284.15826,284.75824,286.75824,288.35825,288.85825,288.85825,288.25824,288.55826,288.25824,287.35825,287.15826,288.25824,288.75824,289.05826,289.75824,289.75824,289.95825,290.15826,290.55826,290.55826,291.35825,290.85825,289.55826,289.45825,290.15826,290.05826,290.35825,290.85825,289.65826,289.55826
288.35825,289.15826,288.05826,285.75824,290.55826,285.95825,286.35825,286.75824,287.15826,287.15826,289.05826,289.55826,286.75824,283.85825,284.55826,286.15826,287.55826,288.25824,288.65826,288.85825,288.45825,288.05826,287.85825,287.75824,287.65826,287.65826,287.65826,288.15826,288.55826,288.95825,288.45825,288.95825,289.05826,287.15826,290.05826,290.15826,290.25824,290.85825,289.95825,288.85825,290.35825,290.05826,290.65826
