wind_kz.json
{"header": {"discipline":0,"disciplineName":"Meteorological products","gribEdition":2,"gribLength":1025,"center":7,"centerName":"US National Weather Service - NCEP(WMC)","subcenter":0,"refTime":"2025-04-05T06:00:00.000Z","significanceOfRT":1,"significanceOfRTName":"Start of forecast","productStatus":0,"productStatusName":"Operational products","productType":1,"productTypeName":"Forecast products","productDefinitionTemplate":0,"productDefinitionTemplateName":"Analysis/forecast at horizontal level/layer at a point in time","parameterCategory":2,"parameterCategoryName":"UnknownDiscipline_0_Category_2","parameterNumber":3,"parameterNumberName":"UnknownParameter_D0_C2_3","parameterUnit":"Unknown","genProcessType":2,"genProcessTypeName":"Forecast","forecastTime":180,"surface1Type":103,"surface1TypeName":"Specified height level above ground","surface1Value":10.0,"surface2Type":255,"surface2TypeName":"Missing","surface2Value":0.0,"gridDefinitionTemplate":0,"gridDefinitionTemplateName":"Latitude_Longitude","numberPoints":615,"shape":6,"shapeName":"Earth spherical with radius of 6,371,229.0 m","gridUnits":"degrees","resolution":48,"winds":"true","scanMode":64,"nx":41,"ny":15,"basicAngle":0,"lo1":47.0,"la1":41.0,"lo2":87.0,"la2":55.0,"dx":1.0,"dy":1.0}, "data":
[rows 0 to 14 of 15, columns 0 to 40 of 41]
0.84475344,-0.8252466,-2.4552467,-8.105247,-4.865247,3.4447534,-0.95524657,-1.6952466,-0.8852466,-1.7052466,-2.8852465,-1.7752466,-0.84524655,-1.2152466,-4.1052465,-3.7552466,-3.2952466,-1.9352466,0.9947534,0.9347534,1.1447535,-1.1152465,-1.7552466,-1.7352465,-2.5552466,-1.6352466,-1.8052466,0.8947534,2.9547534,4.174753,0.6147534,0.4147534,0.65475345,2.6247535,-1.2352465,2.7847533,2.7347534,2.8147535,0.46475342,2.2747533,-1.7152466
5.924753,-0.3952466,-7.9252467,-7.7352467,1.5047535,-1.0752466,-2.3752465,0.004753418,-0.17524658,-0.89524657,-2.2152467,-4.1552467,-5.2952466,-3.3152466,-4.615247,-4.1952467,-4.4452467,-0.7352466,-2.3352466,2.0247533,1.4347534,0.33475342,1.0947534,1.6347535,-1.2352465,-0.015246582,-1.8552465,2.1947534,0.7747534,1.8047534,5.1947536,3.8547535,1.4047534,0.16475342,-4.0852466,-1.5052466,-1.6052465,-2.1252465,-0.23524658,-1.7752466,0.26475343
-0.18524659,-3.9152465,-4.595247,-4.6852465,-2.7352467,-1.0252466,-0.47524658,1.2647535,0.37475342,-1.8052466,-3.2152467,-3.2652466,-4.8352466,-5.6752467,-3.9752467,-5.0252466,-4.7652464,-3.5652466,-2.9852467,0.84475344,1.3047534,-0.41524658,-0.37524658,-0.5752466,0.19475342,1.9747534,-0.005246582,1.2747535,0.124753416,2.8047533,4.2247534,1.8047534,2.6447535,-0.96524656,0.3847534,4.8447533,6.5747533,0.22475342,0.5147534,1.0247535,0.8747534
-3.0252466,-4.1452465,-4.1252465,-3.5952466,-2.2252467,0.9947534,-0.58524656,0.90475345,1.1347535,-0.11524658,-1.6252465,-2.0252466,-2.7252467,-3.0952466,-4.325247,-3.4252465,-4.5152464,-4.2052464,-4.3052464,-3.1352465,1.8347534,0.4447534,1.6347535,0.6247534,-1.1952466,-1.2752466,-1.1052465,-0.77524656,3.0547533,1.1747534,-0.6352466,-0.90524656,-2.0952466,0.85475343,0.6847534,-4.9252467,-2.1052465,1.5047535,3.6347535,0.78475344,1.3247534
-1.0552466,-3.2852466,-4.9252467,-6.4652467,-2.1452465,-2.2652466,-1.6952466,-0.84524655,0.8347534,1.4547534,1.0047535,-0.7252466,-3.5552466,-3.4752467,-4.1752467,-4.2152467,-4.5352464,-5.6552467,-4.615247,-3.7352467,1.4147534,1.3647534,0.73475343,-1.9552466,-0.8852466,-1.7952466,-2.0152466,-2.5352466,-0.38524657,-1.1452466,-2.0952466,0.14475341,2.0447533,3.8047533,-0.71524656,-2.7352467,-0.7452466,-2.0652466,-2.1352465,-3.3152466,-1.3052466
2.3347535,-0.05524658,-3.2352467,-5.6052465,-2.1152465,-1.3852466,-1.0752466,-1.3452466,-0.31524658,2.1747534,1.0747534,-0.9352466,-3.3452466,-4.3052464,-4.8852468,-2.7952466,-4.325247,-5.845247,-6.575247,-3.0752466,-0.4252466,2.7647533,1.2347534,0.3847534,-0.38524657,-0.8752466,-0.71524656,-1.7152466,-2.1052465,-3.4152465,-1.1852466,-1.0252466,-1.6652466,0.11475342,2.3647535,9.554753,5.0847535,4.0847535,0.39475343,-1.9752465,-1.9252466
-0.5452466,2.9447534,1.3847535,-0.14524658,-0.6352466,0.15475342,0.08475342,0.29475343,-0.18524659,-0.12524658,-0.45524657,-0.58524656,-1.7952466,-2.9052465,-4.1652465,-5.9052467,-4.8152466,-6.0152464,-7.2152467,-2.3752465,-2.7652466,2.0147533,1.2347534,1.9247534,0.9647534,-0.22524658,-1.6552466,-2.2052467,-3.3552465,-1.8052466,-2.7552466,-2.8352466,-1.7552466,-1.3952466,-0.23524658,-1.6652466,-3.7252467,0.24475342,1.6947534,0.124753416,3.4247534
1.0147535,4.1447535,3.0347533,2.4147534,0.6147534,2.2247534,1.6247535,1.3647534,0.9347534,0.014753418,-0.10524658,0.5747534,-2.3852465,-2.8752465,-4.5252466,-5.7052464,-5.4652467,-6.2552466,-6.8752465,-3.2252467,-5.2452464,-5.4752464,-5.4752464,1.0247535,2.1247535,1.4947534,2.0447533,-0.09524658,-1.0552466,-2.2452466,-2.1952467,0.044753417,0.45475343,-2.4952466,0.4747534,-1.2852466,-3.0052466,0.65475345,-2.9152465,-0.29524657,-1.4152466
1.6747534,5.6047535,4.2947536,2.9747534,1.4647534,1.2547535,1.5447534,1.4547534,1.1947534,1.1447535,-0.9252466,-0.28524658,-0.35524657,-2.1952467,-3.6252465,-4.7952466,-5.2652464,-6.075247,-5.8352466,-5.2452464,-3.4052465,-6.2052464,-7.4752464,-6.1252465,-1.9552466,0.16475342,0.07475342,-0.22524658,-0.7952466,-1.4852465,-2.1652465,-0.2752466,2.2247534,3.7847533,3.8447535,2.6547534,-2.6852465,0.45475343,0.2847534,0.85475343,-3.2352467
4.8247533,6.9547534,4.6247535,4.0147533,2.0547533,0.9547534,1.4347534,1.6047534,1.5247535,1.1147534,0.65475345,0.15475342,-0.71524656,-1.4252466,-2.7452466,-3.7752466,-4.825247,-5.4452467,-5.3052464,-5.2652464,-5.3552465,-4.6852465,-5.3052464,-6.345247,-6.9852467,-4.4152465,-5.9152465,-5.5452466,-5.4352465,-3.8952465,-4.6652465,-3.3952465,-3.3952465,3.4147534,4.3347535,1.7247534,0.6747534,-2.7552466,0.8747534,3.9347534,3.7847533
6.2847533,7.2247534,6.2747536,4.5447536,2.5747535,1.7047534,1.8247534,1.3047534,1.0747534,1.1947534,0.9547534,0.9247534,-0.35524657,-0.7952466,-1.1452466,-2.8652465,-3.7452466,-4.9852467,-4.6952467,-5.1552467,-5.2852464,-5.575247,-5.595247,-5.7252464,-5.5152464,-5.9152465,-5.1352468,-6.7852464,-6.8152466,-6.9752464,-8.385246,-7.5552464,-5.1052465,0.73475343,4.5047536,1.3347534,1.0147535,2.4047534,1.6747534,1.5847534,0.5747534
5.2247534,8.144753,6.2947536,5.9147534,4.2347536,3.7047534,2.3147535,2.5347533,0.9947534,1.2647535,2.1247535,1.0447534,0.33475342,-0.25524658,-0.96524656,-1.6652466,-1.9752465,-2.5152466,-2.9352465,-3.8452466,-3.9452467,-3.9152465,-4.4052467,-5.0652466,-5.8552465,-6.3952465,-6.8752465,-7.7452464,-7.8052464,-7.9852467,-8.085247,-8.695247,-7.2352467,-7.2252464,1.3547534,0.78475344,4.7347536,4.0447536,2.9947534,2.7847533,1.6047534
8.204754,8.3547535,6.8347535,4.4347534,4.2347536,2.6847534,2.8647535,2.3247535,3.3747535,2.1547534,0.3247534,0.8747534,1.4147534,0.6947534,0.8847534,0.18475342,-0.77524656,-0.9952466,-1.4152466,-2.6352465,-1.9852465,-2.6752465,-2.8152466,-2.7252467,-4.2352467,-5.0352464,-5.6552467,-6.7952466,-7.4552464,-7.2452464,-8.075247,-8.215246,-8.235247,-6.9652467,-6.0152464,-3.2452466,1.0647534,1.8747535,3.4347534,3.0047534,2.2147534
7.8747535,7.5947533,5.904753,5.6447535,4.7247534,3.7747533,3.0047534,2.9447534,1.9047534,0.9247534,0.6447534,0.21475342,0.60475343,1.5447534,2.6247535,2.1747534,1.4947534,0.79475343,-0.025246583,-0.5652466,-0.10524658,0.27475342,-0.8052466,-2.8452466,-3.0352466,-3.0352466,-4.5452466,-5.0152464,-6.1352468,-7.2852464,-7.7952466,-7.9552464,-6.9552464,-6.5152464,-6.2252464,-6.5852466,-5.2752466,-1.0352466,1.8147534,2.7947533,3.4947534
5.0847535,7.2247534,5.6147532,5.9547534,4.884753,3.0147533,2.7247534,3.6447535,3.5447533,1.7447534,0.14475341,0.6947534,1.0947534,0.06475342,1.5647534,0.11475342,1.7447534,2.5247533,1.6347535,0.27475342,0.014753418,0.7647534,0.72475344,-0.45524657,-1.6052465,-2.4552467,-2.5552466,-3.7752466,-4.845247,-5.5852466,-6.3052464,-6.9452467,-7.2052464,-7.2152467,-6.615247,-6.5152464,-4.6952467,-2.8552465,-1.1652466,1.7147534,2.4147534
