wind_kz.json
{"header": {"discipline":0,"disciplineName":"Meteorological products","gribEdition":2,"gribLength":1102,"center":7,"centerName":"US National Weather Service - NCEP(WMC)","subcenter":0,"refTime":"2023-09-28T12:00:00.000Z","significanceOfRT":1,"significanceOfRTName":"Start of forecast","productStatus":0,"productStatusName":"Operational products","productType":1,"productTypeName":"Forecast products","productDefinitionTemplate":0,"productDefinitionTemplateName":"Analysis/forecast at horizontal level/layer at a point in time","parameterCategory":2,"parameterCategoryName":"UnknownDiscipline_0_Category_2","parameterNumber":2,"parameterNumberName":"UnknownParameter_D0_C2_2","parameterUnit":"Unknown","genProcessType":2,"genProcessTypeName":"Forecast","forecastTime":240,"surface1Type":103,"surface1TypeName":"Specified height level above ground","surface1Value":10.0,"surface2Type":255,"surface2TypeName":"Missing","surface2Value":0.0,"gridDefinitionTemplate":0,"gridDefinitionTemplateName":"Latitude_Longitude","numberPoints":615,"shape":6,"shapeName":"Earth spherical with radius of 6,371,229.0 m","gridUnits":"degrees","resolution":48,"winds":"true","scanMode":64,"nx":41,"ny":15,"basicAngle":0,"lo1":47.0,"la1":41.0,"lo2":87.0,"la2":55.0,"dx":1.0,"dy":1.0}, "data":
[rows 0 to 14 of 15, columns 0 to 40 of 41]
1.560664,0.61066407,1.690664,8.870664,9.290664,11.090664,12.980664,11.550664,11.390664,11.100664,6.900664,4.100664,-1.299336,-3.6693358,-2.6293359,-1.509336,-3.4293358,-3.019336,-1.8293359,-1.939336,-2.829336,-2.249336,0.07066406,2.3106642,0.28066406,2.190664,2.210664,1.610664,-0.059335936,0.15066406,-1.6093359,1.6206641,-2.1693358,-0.31933594,-2.119336,-1.3293359,1.2606641,2.180664,1.700664,0.45066407,0.08066406
0.5906641,-1.169336,11.030664,13.850664,13.7406645,14.940664,11.2006645,9.590664,9.600664,8.090664,3.660664,0.89066404,-1.8293359,-5.959336,-2.4393358,-4.0393357,-4.159336,-4.079336,-3.549336,-3.599336,-2.9193358,-1.6293359,-1.169336,0.47066405,-0.5893359,0.20066406,0.30066407,0.19066407,1.310664,0.48066407,0.51066405,0.9206641,-1.8193359,-2.219336,-0.06933594,-2.059336,-0.29933593,-1.049336,-0.78933597,1.6306641,-0.41933593
7.850664,18.880665,16.930664,14.460664,12.770664,10.130664,6.2306643,7.020664,4.9806643,-2.709336,-3.249336,-3.089336,-2.6893358,-2.969336,-2.289336,-3.769336,-3.6793358,-3.539336,-3.6693358,-3.339336,-2.609336,-1.2493359,0.62066406,0.61066407,-2.6793358,-4.0593357,-2.619336,0.09066406,2.730664,-1.1293359,-1.559336,-1.049336,-0.06933594,-1.539336,-2.8793359,-0.66933596,-0.17933594,-0.17933594,-1.179336,1.210664,-0.8493359
5.840664,10.870664,10.100664,5.220664,-0.42933595,-2.949336,4.560664,-4.429336,-6.469336,-6.049336,-4.929336,-6.009336,-5.839336,-3.1593359,-2.809336,-2.239336,-2.039336,-2.609336,-2.869336,-2.359336,-0.9093359,-1.019336,-2.279336,-3.239336,-4.109336,-3.069336,-1.649336,-2.289336,-5.009336,-2.6893358,-1.6993359,-2.559336,-4.319336,-3.109336,-1.889336,-0.7193359,-0.23933594,1.470664,-0.8293359,0.34066406,-0.5993359
3.220664,2.790664,3.550664,-0.059335936,-0.93933594,-3.489336,-3.3793359,-4.649336,-5.799336,-3.109336,-5.779336,-4.249336,-1.779336,-3.029336,-3.319336,-1.529336,-0.97933596,-1.059336,0.010664063,-2.559336,-0.92933595,-2.1393359,-3.6493359,-4.399336,-3.599336,-5.169336,-6.739336,-2.319336,-4.379336,-3.499336,-4.149336,-2.819336,0.23066406,1.0006641,-1.2093359,2.020664,-1.389336,1.4006641,-1.049336,-1.9593359,-0.81933594
-0.13933593,-0.44933593,-0.93933594,0.82066405,-2.059336,-4.719336,-4.969336,-3.259336,-4.149336,-3.319336,-4.169336,-3.259336,-0.43933594,-0.35933593,0.62066406,1.690664,2.010664,1.6606641,1.6806641,2.030664,0.49066406,-1.5793359,-2.329336,-2.949336,-3.069336,-6.319336,-5.319336,-5.0593357,-4.689336,-3.9293358,-4.349336,-3.969336,-4.069336,-2.289336,-2.6293359,2.3406641,-1.0993359,-0.10933594,-1.4993359,-2.519336,-2.8993359
-0.24933594,-1.769336,-1.639336,-1.179336,-1.3593359,-1.639336,-3.699336,-2.549336,-3.119336,-0.93933594,-1.6993359,-1.7193359,1.7906641,4.020664,3.670664,3.690664,3.5706642,4.050664,1.1706641,1.450664,1.6206641,-0.94933593,-1.0793359,-0.7693359,-2.459336,-4.529336,-3.549336,-3.309336,-1.419336,0.6706641,-2.239336,-1.529336,-2.269336,-2.069336,-1.9793359,0.5306641,0.47066405,-0.25933594,1.350664,0.09066406,-0.7693359
-0.74933594,0.46066406,-1.2293359,-2.349336,-2.119336,-1.279336,-1.3193359,-2.1293359,0.50066406,2.440664,4.430664,3.8406641,2.6206641,5.7106643,4.640664,3.740664,2.910664,2.920664,3.010664,1.690664,0.69066405,0.64066404,0.06066406,0.86066407,0.07066406,-0.63933593,0.18066406,-0.49933594,-0.50933594,-1.799336,0.94066405,0.09066406,0.70066404,0.32066405,-0.31933594,-3.1493359,-2.999336,1.070664,2.8306642,1.5506641,1.6406641
-0.44933593,-0.47933593,-0.73933595,-0.08933594,-1.2093359,-1.3393359,-1.8293359,-2.059336,-1.769336,-1.7193359,2.290664,0.56066406,1.9006641,1.3906641,2.130664,1.4006641,3.0806642,2.460664,1.0006641,2.190664,1.9206641,1.1706641,0.7206641,1.4306641,1.2606641,0.51066405,-0.5793359,1.2706641,1.3806641,2.440664,1.960664,1.600664,2.5906641,1.2606641,-0.67933595,-1.3593359,-0.14933594,0.61066407,0.26066408,0.11066406,0.80066407
-1.7193359,-2.009336,-2.059336,-1.649336,-1.4693359,-1.3193359,-1.1993359,-0.88933593,-3.209336,-0.44933593,-0.36933595,1.070664,6.640625E-4,0.70066404,2.020664,1.6206641,1.610664,1.5306641,0.87066406,1.4306641,2.950664,1.9106641,2.0806642,1.0506641,1.710664,1.5506641,2.5706642,2.260664,4.950664,2.8606641,2.450664,4.000664,1.240664,0.50066406,-1.649336,-0.029335938,-1.8593359,-0.36933595,0.40066406,0.44066405,-0.30933595
-1.529336,-0.8293359,-1.049336,-2.339336,-2.109336,-1.8693359,-1.279336,-1.7293359,-1.029336,6.640625E-4,-1.189336,-1.429336,-0.47933593,-0.80933595,-2.349336,-0.6493359,0.28066406,2.690664,1.820664,0.7906641,1.700664,1.0006641,-0.54933596,0.51066405,0.9006641,2.220664,2.880664,2.8606641,2.950664,1.3906641,-0.53933597,2.050664,0.47066405,-0.019335937,-1.0993359,-1.3693359,-0.6493359,1.490664,-1.0693359,0.87066406,-1.009336
-2.3893359,-1.7493359,-1.289336,-1.549336,-1.019336,-1.759336,-1.9793359,-1.519336,-1.429336,0.13066407,-0.5893359,-2.559336,-4.0393357,-3.619336,-3.869336,-3.4393358,-2.559336,-1.289336,2.8106642,1.5006641,0.9206641,0.23066406,0.08066406,0.040664062,0.44066405,1.720664,2.230664,1.9006641,-1.8393359,-0.5893359,1.350664,2.540664,2.460664,-1.029336,-1.059336,0.21066406,0.8506641,-1.929336,-0.86933595,-0.88933593,-0.40933594
6.640625E-4,-0.06933594,-0.7093359,-0.54933596,-0.26933593,0.08066406,-0.45933592,-1.2493359,-2.219336,-1.149336,-0.39933595,-3.469336,-4.089336,-3.1793358,-4.079336,-2.6393359,-2.4393358,-1.509336,-0.55933595,-1.279336,-1.2193359,1.690664,0.06066406,0.70066404,1.4306641,0.7806641,1.0106641,0.9006641,1.1506641,1.460664,2.220664,1.220664,0.62066406,-1.559336,-1.389336,-0.87933594,-0.12933594,-0.48933592,-1.2293359,-0.5293359,-1.189336
1.570664,0.25066406,0.87066406,0.57066405,0.49066406,-0.16933593,-0.39933595,0.23066406,-0.62933594,0.050664064,0.07066406,0.51066405,-3.019336,-1.9593359,-1.939336,-0.97933596,-1.4693359,-1.8593359,-0.23933594,0.24066406,0.040664062,0.19066407,1.570664,1.9306641,2.260664,2.5706642,0.63066405,1.2806641,1.480664,1.2606641,1.240664,0.41066405,-1.6093359,-0.13933593,-1.2393359,-0.79933596,-0.87933594,-1.429336,-1.509336,-0.78933597,-0.40933594
1.5406641,1.980664,-0.35933593,2.630664,1.480664,0.39066407,0.5306641,0.70066404,0.46066406,0.19066407,0.23066406,-0.39933595,0.6506641,1.480664,0.89066404,0.15066406,0.5906641,1.0306641,1.4306641,-0.47933593,2.010664,1.200664,0.87066406,2.790664,4.130664,3.5906641,2.030664,1.060664,0.86066407,0.24066406,0.49066406,-1.039336,-0.5893359,-0.63933593,-0.40933594,-0.73933595,-1.0793359,-0.86933595,-0.68933594,-1.7493359,-1.039336
