wind_kz.json
[{"header":{"discipline":0,"disciplineName":"Meteorological products","gribEdition":2,"gribLength":419,"center":7,"centerName":"US National Weather Service - NCEP(WMC)","subcenter":0,"refTime":"2023-08-06T06:00:00.000Z","significanceOfRT":1,"significanceOfRTName":"Start of forecast","productStatus":0,"productStatusName":"Operational products","productType":1,"productTypeName":"Forecast products","productDefinitionTemplate":0,"productDefinitionTemplateName":"Analysis/forecast at horizontal level/layer at a point in time","parameterCategory":0,"parameterCategoryName":"UnknownDiscipline_0_Category_0","parameterNumber":0,"parameterNumberName":"UnknownParameter_D0_C0_0","parameterUnit":"Unknown","genProcessType":2,"genProcessTypeName":"Forecast","forecastTime":120,"surface1Type":1,"surface1TypeName":"Ground or water surface","surface1Value":0.0,"surface2Type":255,"surface2TypeName":"Missing","surface2Value":0.0,"gridDefinitionTemplate":0,"gridDefinitionTemplateName":"Latitude_Longitude","numberPoints":192,"shape":6,"shapeName":"Earth spherical with radius of 6,371,229.0 m","gridUnits":"degrees","resolution":48,"winds":"true","scanMode":64,"nx":32,"ny":6,"basicAngle":0,"lo1":56.0,"la1":41.0,"lo2":87.0,"la2":46.0,"dx":1.0,"dy":1.0},"data":[319.80774,318.60773,318.30774,317.30774,316.80774,318.70773,320.80774,321.10773,321.00775,325.90775,322.80774,324.80774,318.70773,316.30774,317.40775,319.20773,319.40775,315.20773,304.40775,305.80774,304.70773,294.90775,296.00775,293.80774,314.30774,315.40775,315.00775,320.60773,329.10773,330.60773,330.70773,329.00775,317.40775,320.10773,317.90775,317.80774,316.30774,319.20773,320.90775,321.80774,324.20773,322.70773,323.00775,323.60773,318.30774,318.10773,304.00775,297.20773,298.10773,309.60773,302.50775,304.30774,295.40775,301.10773,300.00775,305.20773,273.20773,296.20773,317.40775,315.70773,315.30774,327.10773,319.40775,285.60773,316.00775,316.10773,315.60773,314.60773,317.10773,318.00775,319.60773,320.10773,320.40775,320.90775,321.00775,321.90775,317.40775,317.50775,312.60773,315.00775,313.50775,321.50775,315.40775,315.30774,306.80774,297.30774,299.10773,308.00775,309.40775,307.60773,305.10773,301.10773,301.40775,305.20773,301.10773,301.10773,317.30774,317.00775,314.70773,296.90775,296.20773,317.20773,320.30774,317.70773,320.60773,321.80774,320.90775,316.00775,317.30774,317.40775,318.80774,321.70773,314.10773,317.60773,320.20773,318.80774,323.60773,330.60773,320.20773,328.70773,332.90775,328.90775,317.70773,302.60773,294.20773,304.30774,320.50775,323.60773,317.10773,318.60773,316.00775,297.60773,296.60773,293.40775,316.40775,316.90775,313.20773,314.90775,315.50775,317.50775,319.20773,313.60773,321.70773,325.80774,323.30774,319.40775,315.10773,322.50775,323.90775,324.40775,322.50775,307.80774,298.70773,309.40775,321.10773,316.40775,331.90775,331.70773,325.40775,327.90775,317.40775,318.40775,317.70773,299.70773,296.50775,304.60773,311.60773,314.70773,312.80774,314.50775,311.40775,310.90775,313.30774,316.60773,317.10773,318.90775,320.60773,322.70773,294.40775,318.90775,318.10773,321.10773,320.40775,324.00775,324.90775,318.60773,315.80774,311.90775,318.00775,338.80774,332.40775,325.70773]},{"header":{"discipline":0,"disciplineName":"Meteorological products","gribEdition":2,"gribLength":443,"center":7,"centerName":"US National Weather Service - NCEP(WMC)","subcenter":0,"refTime":"2023-08-06T06:00:00.000Z","significanceOfRT":1,"significanceOfRTName":"Start of forecast","productStatus":0,"productStatusName":"Operational products","productType":1,"productTypeName":"Forecast products","productDefinitionTemplate":0,"productDefinitionTemplateName":"Analysis/forecast at horizontal level/layer at a point in time","parameterCategory":2,"parameterCategoryName":"UnknownDiscipline_0_Category_2","parameterNumber":2,"parameterNumberName":"UnknownParameter_D0_C2_2","parameterUnit":"Unknown","genProcessType":2,"genProcessTypeName":"Forecast","forecastTime":120,"surface1Type":103,"surface1TypeName":"Specified height level above ground","surface1Value":10.0,"surface2Type":255,"surface2TypeName":"Missing","surface2Value":0.0,"gridDefinitionTemplate":0,"gridDefinitionTemplateName":"Latitude_Longitude","numberPoints":192,"shape":6,"shapeName":"Earth spherical with radius of 6,371,229.0 m","gridUnits":"degrees","resolution":48,"winds":"true","scanMode":64,"nx":32,"ny":6,"basicAngle":0,"lo1":56.0,"la1":41.0,"lo2":87.0,"la2":46.0,"dx":1.0,"dy":1.0},"data":[-4.992715,-5.162715,-3.222715,-1.6827148,-1.0227149,-0.8027148,0.22728516,1.2372851,0.18728516,-0.5627148,0.5772852,2.567285,2.1072853,4.527285,5.1172853,1.1072851,2.757285,5.697285,3.7372851,0.77728516,1.1572852,-0.6227148,-0.94271487,-0.33271486,3.587285,-1.0527148,-0.49271485,3.1172853,-1.7027148,-3.8227148,-4.2727146,-5.952715,-5.332715,-3.3927147,-4.082715,-2.3827147,-1.6027149,-1.1327149,0.49728516,1.2372851,0.98728514,2.087285,3.297285,4.157285,4.217285,4.027285,4.8472853,5.487285,-0.5027149,1.6772852,1.9672852,3.277285,1.6972852,0.51728517,0.48728517,-2.202715,0.6372852,0.35728514,0.29728517,-5.702715,-5.202715,-2.8127148,-1.6327149,-0.6227148,-5.242715,-4.702715,-2.8027148,-4.4627147,-2.6427147,-0.8627148,-0.5627148,0.13728516,2.1472852,3.317285,3.4872851,4.8272853,6.8272853,6.9772854,7.2672853,5.107285,4.167285,1.2872852,2.1672852,6.0772853,-0.90271485,2.1172853,-1.9027148,0.037285157,-1.1927148,-2.2527149,0.9372852,1.4572852,0.52728516,1.5872852,1.7572851,2.027285,-6.4227147,-5.6727147,-5.222715,-2.912715,-1.7327149,-1.4027148,-2.2927148,-0.76271486,1.1272851,1.6172851,2.7072852,2.9672852,0.41728514,3.8572853,5.407285,6.677285,4.877285,7.697285,4.437285,5.947285,3.7272851,-0.16271484,2.9072852,0.60728514,-1.3127148,0.8272852,1.8872851,1.5172851,1.1772852,-2.9027147,-2.5527148,-4.4027147,-5.872715,-4.602715,-5.702715,-3.8127148,-2.8927147,-0.042714845,-2.7727149,-3.1027148,-2.942715,-1.6727148,-0.35271484,0.057285156,2.007285,1.5172851,1.2272851,0.89728516,3.3472853,4.357285,4.177285,7.987285,5.7272854,4.587285,4.3672853,4.207285,3.4172852,-2.682715,-2.3127148,-1.3027148,-2.442715,-3.3227148,-2.702715,-2.692715,-5.0027146,-4.2327147,-4.122715,-4.3827147,-3.8027148,-3.6027148,-3.8427148,-4.142715,-3.9027147,-3.1127148,-2.732715,-3.452715,-1.9227148,-0.58271486,-0.9227148,-1.3627149,-1.4227148,-0.102714844,1.4072852,6.627285,6.067285,6.2872853,6.2872853,5.627285,4.737285,4.3272853,2.287285,5.107285,1.9472852,-0.63271487,1.2272851,1.0272851]},{"header":{"discipline":0,"disciplineName":"Meteorological products","gribEdition":2,"gribLength":443,"center":7,"centerName":"US National Weather Service - NCEP(WMC)","subcenter":0,"refTime":"2023-08-06T06:00:00.000Z","significanceOfRT":1,"significanceOfRTName":"Start of forecast","productStatus":0,"productStatusName":"Operational products","productType":1,"productTypeName":"Forecast products","productDefinitionTemplate":0,"productDefinitionTemplateName":"Analysis/forecast at horizontal level/layer at a point in time","parameterCategory":2,"parameterCategoryName":"UnknownDiscipline_0_Category_2","parameterNumber":3,"parameterNumberName":"UnknownParameter_D0_C2_3","parameterUnit":"Unknown","genProcessType":2,"genProcessTypeName":"Forecast","forecastTime":120,"surface1Type":103,"surface1TypeName":"Specified height level above ground","surface1Value":10.0,"surface2Type":255,"surface2TypeName":"Missing","surface2Value":0.0,"gridDefinitionTemplate":0,"gridDefinitionTemplateName":"Latitude_Longitude","numberPoints":192,"shape":6,"shapeName":"Earth spherical with radius of 6,371,229.0 m","gridUnits":"degrees","resolution":48,"winds":"true","scanMode":64,"nx":32,"ny":6,"basicAngle":0,"lo1":56.0,"la1":41.0,"lo2":87.0,"la2":46.0,"dx":1.0,"dy":1.0},"data":[0.37889647,-2.8811035,-4.0111036,-4.9811034,-5.9911036,-6.1511035,-5.9211035,-5.2011037,-4.4711037,-4.8511033,-4.2711034,-4.8211036,-4.4111037,-1.3611035,1.8588965,4.5688963,2.1088965,1.1588964,0.4588965,-1.5211035,-0.5311035,0.40889648,3.3488965,1.5288965,-0.5911035,-0.6211035,-0.2911035,-3.2611036,4.1088963,2.8388965,3.1188965,2.3688965,-0.43110353,-2.6011035,-3.9411035,-5.0311036,-5.6811037,-6.6811037,-6.6511035,-6.3211036,-4.9811034,-5.7411036,-6.3411036,-5.7511034,-5.2311034,-1.7811035,0.12889649,6.1488967,4.2688966,4.4888964,2.7888966,-0.6811035,1.8388965,-2.0011034,-1.0511035,2.2188964,2.1588964,2.8188965,0.5388965,4.0488963,1.4188964,2.7688966,2.6788964,0.7288965,-0.28110352,-3.2211034,-6.3611035,-6.9211035,-6.1411037,-6.2511034,-7.3811035,-6.6911035,-6.4111037,-6.4911036,-5.5411034,-6.1611037,-4.0811033,0.4288965,3.5088966,-1.0511035,-1.5611035,-1.4311035,-1.9611036,-1.3311036,-3.8511035,-2.6711035,0.34889647,-3.3911035,1.9088964,-0.9111035,-2.7411034,-0.7811035,2.5188966,-1.3911035,2.5288966,1.8588965,1.0688965,-1.8911035,-5.0111036,-5.9911036,-6.5011034,-7.6611037,-7.5411034,-7.4411035,-7.2111034,-6.8511033,-6.3511033,-7.0811033,-4.2211037,-4.3011036,-1.3211036,1.1788964,2.1388965,0.51889646,0.3588965,-3.1511035,-0.73110354,1.5088965,1.4288964,2.0288966,0.06889649,1.2188965,2.5288966,3.3688965,1.9188964,-3.8711035,-2.8311036,-1.4211035,0.3988965,-1.1911035,-3.1711035,-6.8311033,-7.9011035,-5.7211037,-8.601104,-9.241103,-9.161103,-7.3611035,-8.021104,-6.8911037,-5.5011034,-4.1011033,-3.7011034,-1.6311035,1.3088965,1.8688965,-2.6811035,-2.7811036,-0.25110352,2.9788964,0.24889648,-0.46110353,0.038896486,1.6888965,1.6188965,3.0088966,-0.5211035,-0.80110353,0.4588965,1.3488965,-0.0011035156,-2.3411036,-3.7611036,-3.6311035,-6.0611033,-8.811104,-8.851104,-9.371103,-9.051104,-9.051104,-8.111103,-8.371103,-8.621103,-7.6011033,-5.5811033,-4.8111033,-3.5911036,-3.7211034,-1.5911036,0.33889648,1.3688965,2.5388966,2.8488965,1.0488964,-0.80110353,-1.1511035,-0.6311035,-3.3711035,-3.8111036,0.5388965,1.9588965,1.7188965]}]