wind_kz.json
{"header": {"discipline":0,"disciplineName":"Meteorological products","gribEdition":2,"gribLength":871,"center":7,"centerName":"US National Weather Service - NCEP(WMC)","subcenter":0,"refTime":"2023-08-26T12:00:00.000Z","significanceOfRT":1,"significanceOfRTName":"Start of forecast","productStatus":0,"productStatusName":"Operational products","productType":1,"productTypeName":"Forecast products","productDefinitionTemplate":0,"productDefinitionTemplateName":"Analysis/forecast at horizontal level/layer at a point in time","parameterCategory":0,"parameterCategoryName":"UnknownDiscipline_0_Category_0","parameterNumber":0,"parameterNumberName":"UnknownParameter_D0_C0_0","parameterUnit":"Unknown","genProcessType":2,"genProcessTypeName":"Forecast","forecastTime":300,"surface1Type":1,"surface1TypeName":"Ground or water surface","surface1Value":0.0,"surface2Type":255,"surface2TypeName":"Missing","surface2Value":0.0,"gridDefinitionTemplate":0,"gridDefinitionTemplateName":"Latitude_Longitude","numberPoints":615,"shape":6,"shapeName":"Earth spherical with radius of 6,371,229.0 m","gridUnits":"degrees","resolution":48,"winds":"true","scanMode":64,"nx":41,"ny":15,"basicAngle":0,"lo1":47.0,"la1":41.0,"lo2":87.0,"la2":55.0,"dx":1.0,"dy":1.0}, "data":
[rows 0 to 14 of 15, columns 0 to 40 of 41]
293.4289,286.62888,291.22888,298.22888,298.12888,297.3289,295.62888,296.62888,295.22888,294.12888,294.02887,295.3289,294.8289,294.22888,293.3289,290.4289,290.9289,290.12888,290.02887,289.62888,291.8289,286.3289,284.9289,285.52887,286.12888,288.52887,287.3289,273.52887,272.12888,273.52887,273.8289,276.3289,285.8289,290.8289,292.62888,292.62888,292.02887,291.9289,292.12888,291.9289,292.62888
276.62888,291.8289,298.3289,298.4289,298.12888,296.9289,294.8289,295.22888,293.4289,293.72888,293.8289,293.4289,293.02887,292.12888,291.12888,291.12888,288.52887,289.72888,290.4289,288.8289,289.72888,289.9289,289.52887,283.4289,272.9289,272.12888,281.4289,272.02887,274.22888,270.9289,276.3289,270.9289,278.3289,254.72888,273.72888,289.12888,288.22888,291.22888,294.22888,286.52887,283.9289
295.4289,297.62888,298.52887,298.3289,296.9289,293.12888,294.3289,293.72888,292.72888,293.8289,292.22888,292.9289,292.12888,291.72888,292.12888,290.12888,289.12888,287.4289,288.22888,289.02887,291.4289,292.3289,291.62888,283.8289,282.62888,284.4289,284.9289,284.12888,284.4289,277.9289,272.02887,273.02887,277.12888,277.3289,279.22888,279.9289,272.9289,272.9289,274.4289,271.3289,271.72888
296.12888,297.72888,298.22888,297.52887,294.72888,292.8289,292.8289,292.9289,292.72888,292.62888,294.22888,294.12888,294.3289,293.62888,291.8289,290.8289,291.62888,290.02887,289.9289,290.52887,291.9289,285.72888,288.02887,289.12888,289.52887,289.12888,289.12888,288.3289,285.12888,284.4289,284.62888,284.22888,288.3289,286.12888,285.02887,283.8289,271.3289,270.4289,274.52887,284.4289,287.12888
295.8289,296.9289,297.72888,297.3289,295.4289,292.8289,294.02887,294.8289,292.8289,294.12888,294.22888,294.02887,293.8289,292.52887,290.52887,292.9289,292.72888,291.12888,289.62888,291.12888,291.4289,290.72888,289.02887,288.62888,289.12888,288.9289,287.22888,288.22888,285.22888,286.22888,287.9289,283.62888,276.22888,269.3289,277.72888,285.72888,290.3289,290.8289,290.02887,290.72888,291.12888
294.62888,292.72888,295.02887,295.62888,296.72888,295.9289,293.72888,295.4289,296.8289,296.12888,294.62888,293.52887,293.52887,293.62888,293.62888,292.52887,294.4289,292.8289,291.8289,291.4289,290.52887,290.02887,289.22888,288.9289,288.3289,286.52887,286.22888,292.02887,287.9289,288.3289,286.8289,287.8289,285.62888,283.22888,282.52887,286.02887,278.8289,281.62888,287.62888,290.22888,290.02887
292.9289,292.22888,293.52887,293.52887,295.12888,291.9289,293.9289,295.4289,295.72888,294.72888,292.62888,292.62888,294.72888,295.3289,294.02887,294.52887,294.4289,293.8289,292.8289,291.72888,290.4289,290.4289,290.02887,289.8289,287.9289,287.62888,286.12888,287.62888,287.3289,286.8289,286.12888,286.3289,285.8289,286.72888,284.72888,283.3289,280.52887,276.3289,273.4289,272.72888,284.22888
292.8289,291.9289,293.3289,293.12888,293.62888,293.22888,293.22888,293.4289,295.3289,292.8289,291.9289,292.4289,291.3289,292.72888,293.72888,294.02887,294.12888,294.02887,293.52887,292.02887,291.62888,290.8289,293.02887,289.4289,287.72888,283.8289,284.72888,285.22888,282.72888,284.4289,283.72888,284.02887,283.8289,281.02887,280.9289,282.62888,283.9289,289.22888,280.62888,282.52887,279.4289
290.9289,290.9289,291.22888,290.52887,291.72888,291.62888,291.12888,292.62888,294.52887,293.62888,291.3289,290.9289,290.52887,291.72888,293.22888,292.8289,292.52887,292.8289,292.72888,291.3289,290.4289,289.9289,291.9289,289.3289,288.02887,287.52887,288.12888,287.3289,281.22888,279.4289,280.3289,280.62888,280.22888,282.02887,280.4289,280.12888,281.9289,280.9289,268.72888,271.3289,270.72888
290.12888,291.4289,289.72888,289.72888,290.3289,290.3289,292.02887,294.3289,293.22888,292.02887,291.4289,290.62888,291.62888,290.22888,291.4289,292.72888,292.52887,292.4289,291.4289,290.8289,290.22888,289.4289,290.12888,291.22888,289.22888,285.72888,285.9289,286.72888,284.72888,283.8289,282.62888,284.72888,285.12888,283.3289,281.72888,280.4289,280.12888,277.22888,272.12888,271.9289,272.12888
288.62888,285.72888,287.02887,287.52887,289.12888,290.12888,292.22888,295.3289,290.72888,290.9289,290.8289,291.72888,290.02887,290.52887,289.3289,291.22888,292.52887,292.9289,292.52887,289.12888,290.3289,290.52887,291.22888,290.22888,288.52887,286.52887,285.02887,287.8289,287.22888,288.4289,287.02887,286.62888,285.02887,285.02887,283.02887,281.12888,278.8289,275.72888,275.02887,275.52887,273.72888
284.9289,286.22888,287.22888,288.9289,289.9289,291.02887,291.4289,290.12888,290.8289,289.62888,288.9289,287.72888,289.9289,289.12888,289.52887,290.62888,290.8289,291.4289,291.3289,291.4289,289.9289,289.52887,289.12888,287.9289,287.72888,287.3289,287.12888,288.12888,288.8289,288.22888,286.72888,286.52887,286.22888,283.3289,283.62888,282.62888,283.4289,282.3289,282.3289,280.62888,279.22888
285.4289,285.02887,286.3289,286.12888,288.62888,291.22888,290.4289,288.02887,289.12888,289.4289,286.9289,286.3289,288.22888,287.12888,288.62888,289.3289,289.62888,289.62888,290.72888,289.9289,289.4289,289.22888,287.9289,285.72888,287.4289,287.8289,289.02887,287.9289,287.4289,286.52887,286.72888,286.4289,285.62888,285.22888,284.4289,284.22888,287.9289,288.12888,286.4289,284.4289,283.52887
289.12888,288.9289,288.02887,288.4289,290.02887,289.62888,288.02887,289.52887,289.4289,288.72888,286.4289,282.4289,283.12888,288.3289,288.9289,288.72888,289.12888,288.8289,289.8289,289.9289,290.02887,290.22888,288.12888,287.72888,287.72888,288.22888,287.8289,287.3289,287.72888,285.9289,285.9289,285.8289,285.52887,285.3289,286.52887,285.8289,287.22888,283.22888,283.52887,282.9289,284.3289
291.72888,290.52887,289.62888,287.8289,286.8289,286.8289,285.52887,285.62888,290.22888,289.22888,288.02887,286.62888,285.52887,286.72888,288.52887,289.02887,288.72888,288.3289,288.02887,288.02887,287.62888,286.9289,286.3289,286.52887,286.3289,286.3289,286.02887,286.02887,285.62888,285.22888,285.02887,284.62888,284.4289,287.12888,286.72888,286.3289,286.12888,284.8289,284.8289,283.72888,283.4289
