wind_kz.json
{"header": {"discipline":0,"disciplineName":"Meteorological products","gribEdition":2,"gribLength":1025,"center":7,"centerName":"US National Weather Service - NCEP(WMC)","subcenter":0,"refTime":"2024-04-08T06:00:00.000Z","significanceOfRT":1,"significanceOfRTName":"Start of forecast","productStatus":0,"productStatusName":"Operational products","productType":1,"productTypeName":"Forecast products","productDefinitionTemplate":0,"productDefinitionTemplateName":"Analysis/forecast at horizontal level/layer at a point in time","parameterCategory":2,"parameterCategoryName":"UnknownDiscipline_0_Category_2","parameterNumber":3,"parameterNumberName":"UnknownParameter_D0_C2_3","parameterUnit":"Unknown","genProcessType":2,"genProcessTypeName":"Forecast","forecastTime":240,"surface1Type":103,"surface1TypeName":"Specified height level above ground","surface1Value":10.0,"surface2Type":255,"surface2TypeName":"Missing","surface2Value":0.0,"gridDefinitionTemplate":0,"gridDefinitionTemplateName":"Latitude_Longitude","numberPoints":615,"shape":6,"shapeName":"Earth spherical with radius of 6,371,229.0 m","gridUnits":"degrees","resolution":48,"winds":"true","scanMode":64,"nx":41,"ny":15,"basicAngle":0,"lo1":47.0,"la1":41.0,"lo2":87.0,"la2":55.0,"dx":1.0,"dy":1.0}, "data":
[rows 0 to 14 of 15, columns 0 to 40 of 41]
-0.17274903,1.577251,-0.74274904,4.257251,4.457251,2.6772509,3.467251,2.9172509,4.277251,4.767251,4.817251,4.127251,3.537251,2.407251,-0.392749,-3.282749,-5.352749,-5.062749,-5.192749,-3.962749,-3.932749,-5.932749,-0.712749,1.8572509,0.56725097,5.477251,-2.032749,1.077251,-0.61274904,5.617251,1.407251,3.1772509,1.247251,1.157251,0.297251,0.537251,1.497251,0.527251,0.63725096,0.94725096,1.947251
2.527251,-1.162749,-4.692749,5.0472507,6.237251,5.087251,4.337251,3.107251,3.787251,4.987251,4.827251,4.187251,4.507251,2.537251,0.48725098,-2.212749,-2.862749,-4.792749,-6.152749,-6.302749,-6.302749,-5.852749,-2.982749,-0.55274904,0.967251,2.447251,0.63725096,2.967251,0.857251,2.607251,1.447251,4.347251,1.0972509,2.357251,0.557251,3.097251,1.947251,3.1772509,2.597251,2.777251,-0.06274902
-5.052749,-4.982749,-1.982749,5.787251,6.507251,6.527251,4.417251,2.407251,5.237251,5.627251,5.807251,4.067251,3.537251,3.187251,2.187251,0.20725098,-1.582749,-3.452749,-5.2027493,-6.242749,-6.582749,-5.522749,-1.562749,0.867251,-2.532749,-0.692749,2.617251,2.967251,-1.002749,1.567251,-2.942749,0.07725098,-3.552749,1.217251,0.28725097,-2.422749,2.367251,3.577251,0.28725097,3.477251,2.127251
-3.592749,-3.412749,1.917251,6.107251,6.727251,6.667251,4.967251,5.377251,5.937251,4.267251,3.727251,3.1772509,2.097251,2.507251,1.327251,0.82725096,-0.31274903,-2.222749,-3.892749,-4.212749,-5.372749,-4.242749,-5.552749,-3.022749,-0.082749024,3.357251,1.127251,2.377251,-0.30274904,-3.362749,-3.452749,-0.54274905,1.6172509,1.017251,0.537251,2.217251,3.647251,1.717251,-3.262749,-2.492749,-1.822749
-4.802749,0.48725098,3.617251,2.937251,4.617251,4.777251,4.317251,4.637251,3.217251,2.027251,2.207251,1.577251,0.82725096,-0.30274904,-0.49274904,-0.91274905,-1.932749,-2.782749,-3.112749,-3.112749,-3.382749,-4.442749,-3.522749,-3.412749,-1.542749,0.37725097,5.467251,0.327251,0.10725097,-4.212749,-0.082749024,0.21725097,0.27725098,1.447251,0.24725097,0.987251,3.347251,-0.0027490235,-1.582749,-1.812749,-2.172749
-2.802749,1.837251,2.797251,2.547251,3.357251,3.057251,4.477251,4.127251,3.047251,1.947251,1.447251,0.46725097,0.527251,-0.86274904,-2.962749,-2.792749,-3.562749,-4.302749,-3.732749,-3.352749,-2.232749,-2.632749,-1.4027491,-0.93274903,0.44725096,2.237251,3.147251,3.627251,-1.182749,-2.712749,0.617251,-0.19274902,-0.522749,-1.162749,-1.832749,2.127251,-2.842749,4.317251,1.127251,0.20725098,-1.502749
-2.542749,1.3572509,3.227251,5.787251,4.847251,4.757251,4.197251,4.117251,3.397251,2.037251,1.4772509,1.567251,-0.332749,-2.312749,-2.652749,-3.382749,-3.8327491,-4.762749,-4.562749,-2.972749,-1.442749,-1.3927491,-0.652749,0.43725097,0.81725097,2.347251,-2.112749,0.807251,0.18725097,-1.532749,1.307251,1.547251,-1.5127491,1.047251,1.807251,2.547251,2.887251,1.297251,1.767251,2.497251,-0.09274902
1.467251,2.997251,4.577251,5.227251,5.947251,5.517251,4.647251,4.287251,3.357251,2.487251,2.747251,1.317251,-1.202749,-2.482749,-2.8227491,-4.872749,-5.262749,-5.9527493,-4.302749,-2.672749,-0.37274903,-0.332749,-0.87274903,0.75725096,2.9172509,1.467251,-2.122749,3.567251,2.537251,3.487251,0.357251,-1.1327491,0.967251,-2.002749,0.47725096,-0.702749,-2.152749,-0.112749025,-0.072749026,-0.422749,-0.16274902
-1.002749,5.117251,6.427251,6.517251,6.487251,6.357251,4.277251,4.687251,3.697251,3.187251,2.687251,0.747251,-2.212749,-3.522749,-4.402749,-5.242749,-4.682749,-5.172749,-4.712749,-0.46274903,-0.072749026,-2.302749,-3.752749,0.33725098,-1.1427491,-1.432749,-1.432749,6.577251,5.677251,2.4272509,1.187251,-0.642749,-1.372749,-2.452749,-1.842749,-1.5227491,1.9872509,-2.242749,-0.762749,-0.87274903,-1.582749
-0.772749,6.307251,7.477251,7.957251,6.5472507,4.467251,5.777251,5.267251,4.697251,3.737251,3.097251,0.57725096,-3.192749,-4.122749,-5.002749,-5.582749,-5.662749,-4.592749,-3.192749,-0.55274904,-0.052749023,-2.792749,-3.282749,-4.422749,-1.232749,-0.692749,2.297251,4.607251,3.587251,1.467251,0.727251,-1.682749,-2.132749,-1.782749,-0.25274903,-0.80274904,-0.332749,-0.392749,-0.43274903,-1.612749,-0.832749
-1.562749,7.517251,8.577251,7.817251,5.437251,5.987251,5.127251,3.1772509,4.417251,4.207251,3.577251,0.58725095,-2.422749,-3.5727491,-4.542749,-5.602749,-5.622749,-5.812749,-3.672749,-1.3927491,-1.432749,-2.122749,-0.13274902,-1.872749,-1.542749,2.057251,4.597251,5.257251,1.1072509,1.197251,-0.26274902,-1.852749,-2.712749,-3.052749,-3.442749,-2.462749,-0.592749,0.097250976,-1.442749,-0.832749,0.18725097
2.147251,7.907251,6.607251,5.337251,5.727251,5.847251,4.337251,2.897251,3.187251,4.207251,3.107251,1.427251,-2.132749,-2.502749,-3.842749,-5.152749,-5.962749,-5.712749,-4.352749,-4.612749,-4.832749,-3.812749,-1.922749,-1.5227491,-3.3327491,2.047251,3.907251,2.467251,1.8672509,0.677251,-0.44274902,-2.212749,-3.172749,-2.972749,-3.162749,-4.622749,-4.192749,-3.412749,-2.302749,-2.442749,-1.982749
5.037251,5.627251,5.807251,5.277251,5.557251,3.797251,4.117251,3.067251,3.797251,3.637251,1.957251,1.047251,-1.062749,-2.212749,-3.562749,-4.262749,-4.592749,-5.552749,-5.792749,-4.582749,-3.882749,-2.552749,-1.6327491,-1.922749,-0.30274904,1.527251,2.097251,1.157251,0.777251,-0.052749023,-0.752749,-0.632749,-1.462749,-2.882749,-3.132749,-3.752749,-4.4527493,-3.252749,-4.182749,-3.642749,-2.502749
3.787251,5.317251,3.647251,5.427251,4.817251,4.257251,4.707251,4.877251,3.107251,4.847251,2.307251,1.397251,1.1172509,-0.572749,-2.012749,-2.602749,-3.982749,-4.9527493,-4.912749,-4.722749,-3.632749,-2.392749,-1.822749,0.657251,1.8472509,1.837251,1.887251,1.4872509,0.547251,-0.27274904,-0.67274904,-1.452749,-2.3327491,-3.562749,-3.512749,-4.392749,-4.372749,-4.932749,-5.262749,-4.892749,-4.122749
-2.902749,3.987251,4.517251,5.517251,6.277251,5.5472507,4.927251,5.277251,5.247251,4.927251,2.707251,2.497251,0.297251,0.37725097,-1.5127491,-2.022749,-4.012749,-4.312749,-4.842749,-4.382749,-2.982749,-2.192749,-1.792749,0.42725098,2.227251,2.257251,1.747251,1.5972509,1.307251,0.51725096,-0.27274904,-0.68274903,-1.6427491,-2.252749,-3.202749,-3.802749,-4.852749,-4.722749,-4.872749,-5.942749,-4.392749
