wind_kz.json
{"header": {"discipline":0,"disciplineName":"Meteorological products","gribEdition":2,"gribLength":948,"center":7,"centerName":"US National Weather Service - NCEP(WMC)","subcenter":0,"refTime":"2023-09-22T12:00:00.000Z","significanceOfRT":1,"significanceOfRTName":"Start of forecast","productStatus":0,"productStatusName":"Operational products","productType":1,"productTypeName":"Forecast products","productDefinitionTemplate":0,"productDefinitionTemplateName":"Analysis/forecast at horizontal level/layer at a point in time","parameterCategory":0,"parameterCategoryName":"UnknownDiscipline_0_Category_0","parameterNumber":0,"parameterNumberName":"UnknownParameter_D0_C0_0","parameterUnit":"Unknown","genProcessType":2,"genProcessTypeName":"Forecast","forecastTime":240,"surface1Type":1,"surface1TypeName":"Ground or water surface","surface1Value":0.0,"surface2Type":255,"surface2TypeName":"Missing","surface2Value":0.0,"gridDefinitionTemplate":0,"gridDefinitionTemplateName":"Latitude_Longitude","numberPoints":615,"shape":6,"shapeName":"Earth spherical with radius of 6,371,229.0 m","gridUnits":"degrees","resolution":48,"winds":"true","scanMode":64,"nx":41,"ny":15,"basicAngle":0,"lo1":47.0,"la1":41.0,"lo2":87.0,"la2":55.0,"dx":1.0,"dy":1.0}, "data":
[rows 0 to 14 of 15, columns 0 to 40 of 41]
302.36896,293.46893,299.26895,293.16895,293.66895,293.06894,300.96893,305.06894,302.86896,303.16895,301.26895,301.36896,300.56894,300.26895,299.86896,299.76895,300.36896,299.26895,300.16895,299.46893,300.56894,297.76895,298.06894,292.66895,295.46893,297.16895,292.16895,278.16895,269.66895,272.66895,271.86896,276.06894,285.96893,293.36896,294.26895,295.56894,296.36896,294.76895,293.36896,293.66895,293.26895
284.36896,298.76895,292.56894,292.76895,292.86896,292.06894,306.36896,302.96893,301.16895,300.46893,301.26895,300.76895,300.96893,299.96893,299.66895,299.66895,299.76895,299.56894,298.36896,298.46893,299.16895,298.46893,296.26895,287.06894,278.36896,269.26895,286.26895,278.46893,279.06894,265.46893,276.36896,267.96893,269.66895,253.66895,269.66895,286.86896,288.46893,289.36896,293.66895,287.56894,284.26895
300.86896,292.16895,292.76895,292.66895,290.96893,302.96893,301.56894,301.26895,300.16895,299.46893,299.16895,300.06894,299.56894,299.56894,299.06894,298.86896,298.26895,297.96893,298.26895,298.26895,298.96893,297.36896,296.86896,289.76895,293.46893,291.36896,291.76895,291.16895,289.46893,278.46893,267.46893,272.96893,279.06894,278.36896,278.36896,278.86896,268.26895,273.86896,275.26895,274.36896,271.46893
298.76895,291.66895,292.86896,291.86896,294.26895,301.66895,300.36896,300.96893,300.56894,299.86896,298.46893,295.86896,290.56894,290.06894,299.16895,298.66895,297.66895,297.86896,298.26895,298.26895,297.16895,292.06894,296.06894,295.56894,295.76895,295.86896,296.46893,292.06894,289.46893,290.56894,290.36896,286.06894,291.46893,290.26895,288.16895,282.86896,272.16895,268.76895,274.86896,284.26895,287.06894
300.16895,291.06894,291.66895,290.76895,295.56894,300.76895,300.56894,301.36896,299.46893,299.06894,297.76895,295.66895,289.46893,288.66895,288.26895,298.56894,298.16895,297.36896,297.36896,297.26895,297.46893,297.26895,296.06894,295.66895,294.66895,293.56894,290.56894,290.76895,291.66895,289.96893,291.46893,288.06894,276.16895,261.96893,280.56894,287.86896,289.46893,291.16895,291.26895,290.66895,291.76895
301.56894,300.06894,290.06894,290.36896,290.46893,290.46893,300.76895,300.56894,298.76895,298.56894,298.56894,296.96893,290.86896,289.56894,293.86896,297.36896,298.16895,297.26895,297.26895,297.56894,296.46893,295.36896,295.06894,294.46893,293.56894,291.26895,290.26895,286.66895,291.46893,291.36896,288.56894,288.86896,287.46893,286.76895,284.56894,287.96893,278.56894,280.96893,289.06894,288.96893,287.76895
303.36896,302.66895,300.06894,298.66895,295.36896,300.36896,301.26895,298.56894,298.36896,299.06894,297.76895,297.66895,298.56894,298.76895,297.56894,297.56894,297.56894,297.86896,297.16895,295.96893,295.06894,294.86896,294.86896,294.56894,292.76895,292.36896,291.16895,292.56894,290.56894,290.26895,288.46893,288.26895,288.86896,288.76895,288.86896,284.26895,279.96893,277.46893,275.26895,275.46893,285.76895
303.16895,302.56894,302.06894,300.96893,300.86896,301.26895,300.46893,299.46893,298.26895,297.16895,297.46893,297.46893,297.06894,298.56894,298.96893,298.66895,297.06894,297.66895,297.06894,294.46893,293.66895,293.06894,292.06894,291.16895,290.06894,288.06894,288.06894,289.16895,287.56894,287.96893,286.36896,287.76895,285.06894,282.66895,283.86896,285.36896,286.06894,286.06894,284.36896,284.96893,282.56894
303.46893,302.06894,301.96893,301.26895,300.36896,300.06894,299.16895,299.16895,298.46893,298.06894,297.66895,297.16895,296.46893,297.46893,296.26895,297.86896,297.16895,297.16895,295.36896,294.36896,292.36896,291.96893,292.36896,291.36896,289.46893,289.56894,287.16895,285.96893,284.86896,283.66895,284.56894,284.26895,284.46893,284.16895,282.76895,281.56894,282.36896,280.36896,271.96893,272.46893,268.06894
302.76895,302.26895,301.96893,301.26895,300.46893,299.66895,298.06894,297.46893,296.96893,297.06894,296.36896,295.66895,296.26895,295.76895,295.76895,295.46893,296.56894,295.76895,295.26895,294.46893,292.96893,292.36896,292.76895,292.46893,291.66895,290.36896,290.26895,288.96893,287.26895,286.56894,285.86896,284.86896,284.36896,283.86896,283.26895,283.06894,280.26895,279.06894,272.66895,274.56894,272.06894
300.86896,300.66895,299.56894,299.16895,299.56894,298.16895,298.16895,298.26895,297.56894,296.66895,295.76895,295.66895,295.26895,294.36896,294.46893,294.86896,294.76895,295.06894,294.46893,293.36896,293.36896,292.66895,291.96893,291.66895,290.66895,290.56894,287.96893,289.36896,289.16895,290.66895,288.86896,285.16895,286.36896,284.56894,286.16895,281.86896,276.96893,275.76895,274.16895,273.56894,269.16895
299.96893,300.76895,299.76895,299.06894,298.06894,297.36896,296.66895,296.76895,297.26895,296.56894,293.76895,292.56894,293.46893,292.56894,293.06894,293.66895,293.76895,293.56894,293.26895,292.66895,291.06894,290.36896,289.96893,290.46893,289.26895,290.36896,289.46893,290.06894,289.76895,288.96893,287.16895,289.86896,287.66895,284.26895,284.46893,282.36896,284.56894,279.06894,278.36896,277.56894,279.76895
297.16895,298.66895,299.06894,298.86896,297.86896,296.76895,296.26895,295.96893,295.36896,295.26895,291.06894,289.86896,292.36896,290.16895,291.66895,291.96893,292.66895,292.36896,292.66895,291.06894,290.86896,289.36896,288.46893,287.86896,289.66895,289.86896,290.66895,289.16895,288.46893,288.06894,288.16895,287.36896,286.16895,285.16895,283.86896,282.56894,281.36896,282.06894,281.76895,277.36896,277.06894
298.76895,298.96893,291.96893,298.16895,297.26895,296.36896,295.16895,294.16895,294.86896,294.36896,290.66895,288.46893,289.56894,290.96893,291.16895,291.56894,291.36896,290.86896,290.96893,290.66895,290.86896,289.96893,290.26895,290.06894,290.26895,290.06894,289.66895,289.46893,288.36896,287.66895,286.26895,284.36896,283.46893,282.16895,282.16895,280.06894,279.86896,278.66895,277.86896,277.56894,279.06894
296.16895,298.06894,286.06894,298.26895,297.46893,296.66895,295.66895,294.76895,295.46893,295.36896,293.26895,290.36896,288.66895,289.46893,290.46893,291.06894,290.96893,290.56894,290.86896,290.56894,290.76895,290.66895,290.46893,289.76895,289.16895,289.56894,289.46893,289.06894,288.56894,286.86896,285.26895,283.86896,283.06894,281.26895,280.36896,279.26895,278.46893,275.56894,279.16895,279.16895,278.46893
