wind_kz.json
{"header": {"discipline":0,"disciplineName":"Meteorological products","gribEdition":2,"gribLength":1025,"center":7,"centerName":"US National Weather Service - NCEP(WMC)","subcenter":0,"refTime":"2023-08-25T06:00:00.000Z","significanceOfRT":1,"significanceOfRTName":"Start of forecast","productStatus":0,"productStatusName":"Operational products","productType":1,"productTypeName":"Forecast products","productDefinitionTemplate":0,"productDefinitionTemplateName":"Analysis/forecast at horizontal level/layer at a point in time","parameterCategory":2,"parameterCategoryName":"UnknownDiscipline_0_Category_2","parameterNumber":2,"parameterNumberName":"UnknownParameter_D0_C2_2","parameterUnit":"Unknown","genProcessType":2,"genProcessTypeName":"Forecast","forecastTime":0,"surface1Type":103,"surface1TypeName":"Specified height level above ground","surface1Value":10.0,"surface2Type":255,"surface2TypeName":"Missing","surface2Value":0.0,"gridDefinitionTemplate":0,"gridDefinitionTemplateName":"Latitude_Longitude","numberPoints":615,"shape":6,"shapeName":"Earth spherical with radius of 6,371,229.0 m","gridUnits":"degrees","resolution":48,"winds":"true","scanMode":64,"nx":41,"ny":15,"basicAngle":0,"lo1":47.0,"la1":41.0,"lo2":87.0,"la2":55.0,"dx":1.0,"dy":1.0}, "data":
[rows 0 to 14 of 15, columns 0 to 40 of 41]
-0.59921145,1.5307885,-1.7692114,-2.1292114,-3.2892115,-1.4092114,-0.24921143,-0.28921142,-3.8192115,-2.2192113,-3.1892114,-1.8592114,-0.2992114,1.1407886,2.5607886,3.6007886,3.4707885,2.6307886,-0.43921143,-0.8292114,1.3907886,0.23078857,0.11078858,4.170789,0.50078857,2.0607886,3.8807886,1.4607886,-0.049211428,0.8007886,-1.3292115,-0.9692114,-0.2992114,-1.5692115,-1.2892114,-0.24921143,-0.2992114,-0.8192114,-0.21921143,-1.6192114,-1.3192115
1.0707886,-1.4392114,-0.73921144,-1.2392114,-1.5892115,-0.16921143,0.34078857,0.17078857,1.0307885,-0.46921143,0.28078857,1.5907886,2.9907885,2.7807887,5.3007884,6.7307887,6.6107883,5.1907887,2.2007885,0.020788575,0.080788575,1.0407885,1.8207886,3.5007887,0.90078855,-0.019211426,1.3507886,-0.2992114,2.6507885,1.1507885,0.30078858,0.020788575,-1.1292114,0.82078856,0.24078858,-0.92921144,-1.5292114,-1.3492115,-0.22921142,-2.0092115,0.34078857
-0.7592114,-2.3392115,-2.1892114,-1.0292114,0.26078856,2.3407886,2.1707885,-0.41921142,0.20078857,0.28078857,0.9207886,1.0507885,1.4607886,2.2607887,5.2107887,8.190788,8.180789,6.1907887,3.7107885,0.76078856,-0.7792114,2.1207886,-0.49921143,1.0807886,0.94078857,1.1007886,1.4607886,2.3307886,4.1407886,-0.38921142,1.4107885,-1.7392114,-2.1192114,-0.2992114,-1.3392115,1.7807885,0.7407886,-0.17921142,0.8407886,2.0407887,0.120788574
-1.3092114,-0.2992114,1.7707886,0.28078857,2.7307885,1.6107886,2.2107885,3.9407885,4.3307886,3.9107885,3.2507887,1.5907886,0.82078856,1.4907886,1.2807885,-0.2992114,1.3807886,0.49078858,-1.5192114,-1.6192114,-0.8192114,-1.8092114,1.3107886,1.9807886,3.0207887,3.2607887,4.0507884,4.6907887,4.4307885,3.4707885,-2.4192114,-3.7792115,-4.9092116,-2.6292114,-0.28921142,0.8007886,1.9607886,0.27078858,-2.1092114,-0.5892114,-2.0492115
2.0607886,3.2907887,1.5907886,2.5007887,4.150789,5.7407885,5.9107885,5.4107885,6.3207884,5.6807885,5.5607886,4.2707887,1.8007885,0.38078856,-0.5292114,-2.9492114,-6.5092115,-6.7492113,-5.6392117,-4.8592114,-2.2492113,0.22078857,2.0707886,3.5907886,4.3607883,5.0807886,6.4707885,3.9207885,6.4107885,4.0907884,5.1907887,5.4307885,4.8907886,1.2607886,-2.2192113,-0.9092114,-0.16921143,-0.2692114,-1.0792115,-1.1892114,-0.59921145
4.9607887,3.6907885,2.3707886,3.8707886,5.4807887,6.1007886,5.5107884,4.920789,4.5307884,4.2907887,4.8507886,3.8607886,1.7207886,2.1407886,2.0007887,-0.019211426,-2.1192114,-4.4292116,-4.4992113,-3.4592113,-1.4392114,-1.1492114,1.2207886,3.0307887,5.420789,6.3507886,6.9407887,1.7407886,6.5907884,7.0007887,5.4107885,6.3707886,6.0207887,5.3307886,4.4707885,2.0607886,1.5407885,0.020788575,-1.0992115,1.0307885,2.2107885
4.0107884,3.6807885,4.0207887,4.5107884,4.5507884,4.6907887,5.6207886,6.0607886,4.8407884,3.7307885,3.6907885,3.8507886,3.5907886,2.6507885,1.3807886,1.7607886,1.7407886,-0.8792114,-0.6992114,-1.4192114,-1.6792114,-1.1492114,0.27078858,1.8507886,4.2807884,5.2607884,6.5207887,6.0207887,5.8507886,6.9407887,7.670789,6.5807886,5.3407884,0.28078857,-0.60921144,-1.3292115,2.2307885,1.6907886,3.6907885,0.020788575,-0.67921144
5.1607885,5.5107884,5.6107883,5.7407885,5.0707884,4.920789,3.8207886,3.6107886,3.2007885,4.2307887,4.8407884,3.9907885,3.5807886,2.4307885,0.58078855,-0.20921142,0.6207886,1.6207886,1.6407886,2.1607885,2.2007885,1.0507885,0.7307886,0.82078856,1.3307886,3.5407887,4.920789,5.2307887,5.6107883,4.8207884,6.6907887,7.5007887,4.5907884,4.2307887,4.8707886,4.400789,-4.599211,-5.5892115,-5.3092113,-2.3892114,1.0007886
3.7907887,4.6607885,6.2407885,5.5407887,4.2407885,4.6807885,4.6007886,4.5707884,4.7407885,4.4307885,4.0807886,2.1707885,1.6107886,-0.28921142,1.4307885,0.9707886,0.82078856,1.4507886,1.5707886,2.6407886,4.6807885,3.4007885,2.4207885,1.0007886,-1.0992115,-0.47921142,1.2907885,3.4007885,3.7907887,4.5307884,4.2607884,5.5007887,8.280788,7.8607883,6.8707886,-3.7792115,-2.3292115,0.030788574,1.4807886,-0.78921145,1.5207886
3.5307887,4.1907887,4.0907884,0.94078857,0.4807886,-0.18921143,0.26078856,1.6207886,-1.5092114,0.13078858,0.22078857,1.2407886,2.2207885,1.8207886,2.9607885,2.6707885,3.0707886,3.6107886,3.5307887,2.9107885,2.9407885,2.2407885,2.7107885,2.6807885,2.2707887,0.75078857,-0.10921142,-0.039211426,1.2807885,4.0007887,4.6107883,7.2707887,7.6907887,8.860788,9.940788,4.1607885,-4.1992116,-1.7692114,2.4707885,0.8607886,-0.17921142
-1.3692114,-1.0692115,-1.2092115,-1.1792114,-1.2492114,0.23078857,-1.3792114,-0.8192114,-0.54921144,-0.5692114,0.11078858,-0.06921142,0.9307886,4.5007887,2.6007886,4.5807886,4.7807884,6.0407887,3.5507886,4.0307884,3.5407887,3.0507886,2.3907886,2.1407886,3.1107886,2.3607886,2.6507885,1.5407885,2.1607885,5.420789,7.7007885,9.960789,8.910789,8.350788,7.6807885,1.3107886,1.0007886,1.2607886,1.7707886,-0.47921142,1.7107886
-1.4692115,-1.5792115,-1.2892114,-1.3192115,-2.6492114,-3.3692114,-2.5792115,-1.5392114,-1.8892114,-1.3992114,2.2807887,1.3507886,1.9107885,2.9407885,3.8207886,3.1007886,3.1407886,-2.0092115,-1.0092114,1.7207886,2.9207885,3.7507887,4.4907885,3.3607886,3.1907885,3.0107887,2.6707885,4.2707887,4.2207885,3.4207885,4.9607887,9.2007885,5.9607887,7.8907886,4.6207886,4.0707884,2.7107885,1.3007885,1.0607886,1.3207886,-0.24921143
-1.6592114,-0.14921142,0.9107886,0.040788576,0.9207886,0.8107886,-0.20921142,-0.42921144,-0.6392114,-0.12921143,0.09078857,0.94078857,0.7907886,1.7407886,2.7007885,0.15078858,-1.5192114,-1.9892114,-0.21921143,3.1707885,2.3207886,3.4607885,3.9907885,4.4507885,4.3907886,4.7607884,4.9807887,4.670789,5.2007885,2.8007886,4.3907886,7.7307887,2.1307886,2.0507886,1.1507885,-3.4892113,0.5307886,0.7407886,-2.3892114,-1.2792114,-0.55921143
-0.19921142,-0.86921144,0.11078858,0.7207886,1.4307885,0.64078856,0.060788576,1.4107885,1.3107886,0.89078856,1.5307885,2.1907885,1.9907886,0.9207886,0.8407886,0.40078858,1.3707886,3.0807886,3.3407886,3.9007885,3.1207886,3.1707885,3.2007885,3.7707887,3.8707886,5.7207885,5.380789,4.5607886,3.8407886,3.8507886,1.6407886,4.7407885,1.1507885,-1.2792114,-1.8492115,-3.2092113,2.0507886,0.7907886,-1.2192115,-0.8992114,-1.4992114
-0.16921143,-0.7592114,0.8007886,0.9707886,0.7907886,1.0807886,2.0207887,2.8307886,4.0307884,2.3607886,0.6807886,3.1507885,3.1707885,3.2507887,4.0607886,3.5507886,3.8707886,4.1007886,3.9607885,4.9807887,5.3507886,4.0107884,4.0207887,4.3007884,4.5707884,4.5907884,4.5707884,4.2407885,2.7407885,3.3107886,2.1507885,3.4807885,3.4607885,0.8407886,0.050788574,-0.45921144,6.150789,1.3207886,-0.97921145,-3.0492115,-1.6592114
