wind_kz.json
{"header": {"discipline":0,"disciplineName":"Meteorological products","gribEdition":2,"gribLength":1025,"center":7,"centerName":"US National Weather Service - NCEP(WMC)","subcenter":0,"refTime":"2023-09-10T00:00:00.000Z","significanceOfRT":1,"significanceOfRTName":"Start of forecast","productStatus":0,"productStatusName":"Operational products","productType":1,"productTypeName":"Forecast products","productDefinitionTemplate":0,"productDefinitionTemplateName":"Analysis/forecast at horizontal level/layer at a point in time","parameterCategory":2,"parameterCategoryName":"UnknownDiscipline_0_Category_2","parameterNumber":3,"parameterNumberName":"UnknownParameter_D0_C2_3","parameterUnit":"Unknown","genProcessType":2,"genProcessTypeName":"Forecast","forecastTime":0,"surface1Type":103,"surface1TypeName":"Specified height level above ground","surface1Value":10.0,"surface2Type":255,"surface2TypeName":"Missing","surface2Value":0.0,"gridDefinitionTemplate":0,"gridDefinitionTemplateName":"Latitude_Longitude","numberPoints":615,"shape":6,"shapeName":"Earth spherical with radius of 6,371,229.0 m","gridUnits":"degrees","resolution":48,"winds":"true","scanMode":64,"nx":41,"ny":15,"basicAngle":0,"lo1":47.0,"la1":41.0,"lo2":87.0,"la2":55.0,"dx":1.0,"dy":1.0}, "data":
[rows 0 to 14 of 15, columns 0 to 40 of 41]
-2.1762128,-0.57621276,-1.7862128,6.113787,0.5737872,-1.2162127,-0.44621277,-0.57621276,-0.58621275,-1.0762128,-2.6862128,-2.5962129,-3.2162127,-3.8762128,-5.036213,-4.9662127,-3.7362127,-3.5162127,-6.096213,-4.346213,-3.0262127,-4.1462126,0.30378723,-1.8162128,-2.5062127,-1.6162127,-1.4462128,1.1837872,2.1637871,2.9637873,-2.0362127,-2.8062127,-0.18621276,-2.2362127,-1.5962127,-1.0962127,-1.7562127,1.3437872,-0.31621277,0.27378723,2.9837873
5.5637875,-2.3762128,0.25378722,-0.94621277,-2.1762128,-2.1062129,-2.9862127,0.6437872,1.0437872,-1.4862127,-1.8462127,-2.8662128,-2.9362128,-2.3462129,-3.6262128,-5.246213,-1.8662127,-3.1362128,-4.2762127,-3.6962128,-3.8462129,-6.116213,-3.0362127,1.6637872,0.6337872,0.77378726,-1.8562127,2.5037873,0.44378722,2.4837873,3.9637873,4.443787,0.7037872,0.5637872,-1.7862128,-2.8462129,-2.6062129,-5.1862125,1.1037872,-0.70621276,0.36378723
-3.2362127,-7.1062126,1.2037872,-3.1362128,-2.1962128,-0.46621278,-0.48621276,0.98378724,0.37378722,0.10378723,-0.76621276,0.29378724,-1.2462127,-2.1462128,-2.076213,-3.9362128,-3.1762128,-3.0962129,-3.1462128,-4.1462126,-4.3162127,1.4337872,-6.906213,-1.9162128,-0.72621274,-1.3962128,-1.5962127,-0.58621275,-0.6862128,3.173787,5.053787,2.4737873,2.4337873,0.22378723,-0.6862128,2.5037873,3.3237872,-0.48621276,0.55378723,-1.1562128,-0.6262128
-2.0162127,-4.2362127,3.2637873,-1.2462127,-4.7362127,-1.0962127,-0.88621277,0.29378724,0.5837872,0.09378723,0.28378722,0.29378724,2.8537872,0.30378723,-1.9362128,0.5137872,-3.6562128,-3.6762128,-2.9462128,-3.8362129,-4.0462127,-1.8662127,-0.42621276,-2.6362128,-2.7862127,-3.0962129,-2.4862127,-1.4762127,-2.0062127,0.013787231,3.7837873,0.04378723,-1.2662128,-1.8862128,-0.71621275,-1.9962127,-0.29621276,2.8937871,3.0037873,1.1837872,1.6337873
-9.416213,1.8637872,2.3337872,2.673787,3.6637871,0.6437872,-1.3662127,1.0437872,0.41378725,-1.6562128,0.45378724,2.1337872,2.4037871,0.7537872,-0.8762128,-2.2962127,-2.0462127,-2.1362128,-3.0662127,-2.9262128,-2.8662128,-1.2862128,-1.4462128,-3.2662127,-3.8562129,-2.7862127,-2.0862129,-2.0562127,-2.6662128,-2.6462128,0.30378723,0.66378725,2.7637873,1.9037873,-0.64621276,-1.2062128,0.67378724,-0.59621274,-4.426213,-0.47621277,0.71378726
-4.386213,-4.706213,-4.386213,0.78378725,4.773787,-0.5562128,-0.6662128,3.5537872,2.3937871,1.4637872,1.6337873,2.1137872,2.7037873,1.3637872,0.26378724,-0.43621278,-2.1062129,-2.7662127,-2.4662127,-2.6862128,-2.826213,-3.6162128,-5.2762127,-5.326213,-4.386213,-4.7362127,-3.0262127,-0.20621277,-0.35621276,0.06378723,0.23378724,1.7037872,2.5137873,2.1637871,3.0937872,3.0237873,4.323787,4.1637874,-1.6862128,-2.8362129,-1.6262127
-1.1262127,-1.6962128,-2.4462128,-0.6862128,-0.35621276,1.9637872,2.0337873,0.59378725,0.36378723,2.4337873,3.0237873,3.0837872,2.0737872,1.6337873,0.92378724,-0.36621276,-1.3862128,-1.9762127,-2.3062127,-1.8562127,-2.4962127,-2.9162128,-3.5062127,-4.2362127,-5.346213,-5.676213,-3.7462127,-0.63621277,-0.09621277,0.8337872,0.9337872,1.6637872,2.6437871,2.5337873,-1.0462128,-1.7562127,-2.5162127,0.033787232,-0.6862128,-0.53621274,1.2937872
-2.2762127,-2.6962128,-1.5462128,-2.5462127,-1.3662127,2.0637872,-0.34621277,2.4537873,2.3837872,1.3237872,3.6337872,3.5437872,2.673787,1.7537873,0.33378723,-0.11621277,1.5437872,-1.2162127,-2.2162127,-1.5062127,-1.9862127,-2.3462129,-2.4562128,-2.9462128,-3.0662127,-2.2862127,-2.0262127,-2.2862127,0.22378723,2.8037872,2.5037873,3.2437873,2.9437873,2.6137872,1.4637872,0.46378723,-0.37621278,3.5137873,-1.2662128,0.0037872314,-1.6762128
-2.0962129,-1.7162127,-1.7562127,-2.4262128,-1.3162128,2.1237872,2.9337873,1.7537873,0.55378723,2.4937873,3.8837872,3.3237872,2.8037872,2.5137873,1.8537872,2.2037873,1.4637872,1.4537872,-0.21621276,-0.5562128,-1.1762128,-2.2162127,-2.3862128,-3.3962128,-3.2462127,-3.0362127,-0.6062128,2.4737873,3.1537871,2.1937873,3.7237873,4.923787,7.6437874,4.383787,6.6037874,3.1137872,-1.8862128,0.13378723,1.8037872,0.8837872,-0.07621277
-3.5662127,-3.3962128,-2.8662128,-1.6662128,-0.8562128,-2.6562128,-0.90621275,-1.2362127,0.9337872,1.8437872,2.9637873,3.3437872,3.0437872,2.423787,2.8937871,2.9937873,3.5237873,2.7437873,1.9437872,1.4637872,-0.17621277,-0.7962128,-1.6362128,-2.5962129,-3.6462128,-2.4462128,1.5437872,2.8637872,3.0037873,3.2937872,4.4337873,3.1937873,4.0337873,5.553787,2.2537873,1.2637873,0.86378723,-2.3162127,0.06378723,3.3837872,2.9437873
0.42378724,-0.13621277,-1.1562128,-2.2762127,-2.1762128,-1.5762128,-1.9262128,-2.9162128,-0.40621278,1.9237872,2.0137873,2.4537873,2.1937873,2.7537873,2.5837872,3.9137871,4.573787,4.753787,3.3637872,0.6837872,-0.47621277,-0.9862128,-2.0662127,-2.2862127,-3.1862128,-1.8362128,-2.0162127,1.2337872,0.38378724,1.4137872,0.35378724,-0.59621274,-3.0062127,-0.39621276,0.7437872,0.5037872,0.79378724,2.4737873,1.5737872,1.7137872,0.6837872
-3.8862128,-2.2862127,-0.7462128,1.0237873,0.77378726,0.55378723,0.28378722,0.44378722,0.97378725,1.7037872,1.0037873,0.44378722,1.7337872,3.4637873,4.043787,5.863787,6.323787,5.3337874,3.423787,2.173787,1.2137872,-0.5662128,-1.2162127,-1.0562128,-1.5762128,-0.9362128,0.5037872,-1.0962127,-0.03621277,0.66378725,0.47378722,1.5137873,1.2437873,0.67378724,0.13378723,-1.0462128,0.23378724,2.3037872,2.5137873,1.9937873,0.7537872
-3.6762128,-4.446213,-3.7962127,-2.1362128,-1.3962128,-0.6062128,-0.23621278,0.5037872,1.0637872,0.59378725,0.33378723,-0.14621277,0.38378724,0.90378726,2.3237872,3.0837872,3.9137871,3.8637872,3.5537872,3.4437873,3.1837873,1.5037873,0.92378724,0.17378724,0.39378724,-0.71621275,0.15378723,0.08378723,-1.1262127,-0.5662128,0.24378723,0.7637872,0.22378723,-0.6062128,-0.30621278,-0.106212765,0.10378723,0.13378723,0.39378724,0.04378723,0.16378723
-3.6662128,-4.1262126,-4.7962127,-3.8462129,-4.096213,-4.0862126,-5.1862125,-4.696213,-3.6662128,0.53378725,-0.25621277,-1.2762128,-1.6962128,-1.5362128,0.42378724,2.3237872,2.3737872,2.8537872,3.1337872,3.1037872,1.9737872,1.6837872,1.0137873,0.67378724,-1.1962128,-1.3262128,-0.53621274,-0.41621277,-0.03621277,-0.21621276,-0.46621278,-0.16621277,0.55378723,0.7537872,-0.18621276,0.013787231,-0.48621276,-0.70621276,-0.17621277,0.5137872,0.42378724
-2.6362128,-4.4862127,-6.976213,-4.286213,-4.726213,-4.196213,-4.556213,-4.536213,-5.4862127,-5.0462127,-2.8962128,-4.866213,-2.4462128,-2.0662127,-1.3862128,-0.25621277,1.2537873,2.4937873,2.3137872,0.8237872,1.7837873,1.6037872,0.80378723,0.16378723,0.59378725,-0.12621278,-0.51621276,-0.6662128,-0.52621275,-0.23621278,-0.21621276,0.29378724,0.5137872,0.71378726,0.65378726,-0.12621278,-0.52621275,-0.20621277,-0.24621277,-0.46621278,-0.15621276
