wind_kz.json
{"header": {"discipline":0,"disciplineName":"Meteorological products","gribEdition":2,"gribLength":871,"center":7,"centerName":"US National Weather Service - NCEP(WMC)","subcenter":0,"refTime":"2024-04-06T18:00:00.000Z","significanceOfRT":1,"significanceOfRTName":"Start of forecast","productStatus":0,"productStatusName":"Operational products","productType":1,"productTypeName":"Forecast products","productDefinitionTemplate":0,"productDefinitionTemplateName":"Analysis/forecast at horizontal level/layer at a point in time","parameterCategory":0,"parameterCategoryName":"UnknownDiscipline_0_Category_0","parameterNumber":0,"parameterNumberName":"UnknownParameter_D0_C0_0","parameterUnit":"Unknown","genProcessType":2,"genProcessTypeName":"Forecast","forecastTime":300,"surface1Type":1,"surface1TypeName":"Ground or water surface","surface1Value":0.0,"surface2Type":255,"surface2TypeName":"Missing","surface2Value":0.0,"gridDefinitionTemplate":0,"gridDefinitionTemplateName":"Latitude_Longitude","numberPoints":615,"shape":6,"shapeName":"Earth spherical with radius of 6,371,229.0 m","gridUnits":"degrees","resolution":48,"winds":"true","scanMode":64,"nx":41,"ny":15,"basicAngle":0,"lo1":47.0,"la1":41.0,"lo2":87.0,"la2":55.0,"dx":1.0,"dy":1.0}, "data":
[rows 0 to 14 of 15, columns 0 to 40 of 41]
301.4666,292.3666,298.5666,282.6666,283.6666,284.6666,300.2666,308.2666,304.4666,306.5666,306.3666,307.2666,307.2666,307.2666,307.0666,307.3666,306.3666,306.4666,305.0666,304.1666,307.0666,305.3666,304.3666,297.6666,308.2666,311.8666,298.1666,276.4666,274.8666,278.7666,279.4666,278.5666,298.7666,302.3666,310.1666,305.9666,313.5666,305.8666,306.5666,308.9666,311.9666
274.3666,297.1666,282.7666,282.9666,283.3666,283.7666,305.9666,304.7666,305.3666,304.7666,307.3666,307.2666,309.9666,309.6666,306.5666,304.6666,304.8666,304.8666,303.6666,303.8666,303.9666,302.7666,297.8666,289.4666,273.1666,273.1666,294.6666,288.2666,290.4666,275.3666,276.2666,273.2666,294.7666,269.1666,272.4666,305.2666,306.7666,310.3666,308.6666,302.5666,280.5666
300.6666,282.6666,282.3666,282.8666,283.1666,304.0666,304.2666,304.3666,303.4666,303.7666,304.1666,306.2666,308.2666,308.8666,305.0666,303.7666,302.7666,302.6666,303.0666,304.4666,305.2666,303.8666,299.3666,289.9666,295.8666,294.2666,294.2666,296.3666,295.1666,282.2666,275.2666,284.6666,292.5666,297.2666,292.2666,288.1666,275.0666,290.8666,290.3666,286.9666,277.5666
298.2666,283.8666,282.5666,282.5666,288.3666,303.5666,302.7666,304.1666,305.2666,305.5666,304.7666,303.1666,286.4666,287.0666,303.4666,302.8666,303.0666,302.1666,302.4666,302.7666,302.2666,296.3666,302.6666,302.2666,299.7666,298.3666,299.7666,293.4666,296.5666,294.3666,299.2666,296.3666,304.7666,307.2666,299.4666,290.8666,273.7666,273.7666,275.5666,280.9666,285.2666
296.6666,284.8666,283.5666,284.0666,292.8666,304.8666,305.0666,307.4666,306.7666,305.8666,305.3666,302.2666,285.8666,285.6666,283.9666,304.5666,304.5666,303.5666,303.1666,302.6666,302.6666,302.2666,301.1666,302.6666,300.1666,299.0666,294.3666,291.6666,297.4666,299.2666,298.3666,294.8666,286.8666,275.6666,285.3666,288.2666,282.1666,296.4666,298.0666,298.6666,289.3666
298.0666,300.6666,284.8666,283.4666,282.0666,282.8666,306.3666,304.2666,306.1666,304.0666,303.4666,303.2666,287.5666,284.8666,290.3666,304.0666,301.6666,303.1666,299.6666,300.2666,300.4666,299.0666,300.7666,297.6666,297.7666,294.4666,293.5666,271.9666,295.0666,295.0666,296.4666,295.4666,296.0666,295.8666,290.4666,288.0666,279.1666,285.1666,303.6666,298.9666,297.3666
300.6666,301.2666,301.1666,300.8666,295.2666,303.7666,304.9666,304.1666,302.1666,301.7666,302.9666,300.6666,302.1666,302.3666,303.0666,301.1666,301.8666,300.3666,301.6666,298.7666,298.1666,297.4666,298.2666,298.0666,295.9666,295.9666,295.3666,295.8666,296.9666,296.6666,296.2666,297.6666,296.4666,293.4666,299.5666,293.9666,289.6666,279.6666,274.6666,282.5666,284.2666
299.0666,300.2666,300.9666,301.4666,301.8666,301.1666,303.5666,301.7666,300.9666,299.7666,300.0666,299.4666,302.3666,301.5666,302.5666,301.8666,301.4666,299.3666,298.9666,296.7666,296.3666,297.6666,295.7666,297.8666,297.1666,294.9666,294.8666,297.7666,294.2666,295.5666,293.6666,294.3666,292.1666,286.6666,286.0666,289.4666,291.8666,273.0666,289.6666,290.3666,287.5666
296.2666,297.7666,300.1666,301.3666,300.0666,301.1666,299.8666,299.4666,298.9666,299.1666,300.0666,300.7666,293.9666,296.8666,295.8666,300.5666,293.6666,298.9666,296.4666,298.2666,296.1666,297.1666,296.5666,295.1666,294.5666,294.4666,295.0666,294.7666,293.0666,292.7666,290.1666,289.4666,290.6666,289.3666,285.9666,279.7666,288.5666,280.2666,270.5666,273.9666,274.7666
295.9666,295.7666,296.9666,298.5666,299.1666,298.4666,298.4666,299.0666,299.1666,299.0666,299.0666,300.1666,296.2666,293.4666,293.4666,297.9666,290.1666,291.2666,294.3666,288.6666,288.6666,288.5666,292.6666,294.2666,294.4666,293.8666,294.1666,293.2666,293.8666,294.5666,293.7666,293.0666,292.7666,290.4666,287.4666,283.6666,279.7666,287.0666,273.8666,278.5666,275.4666
294.9666,296.3666,296.9666,298.2666,298.3666,297.2666,297.5666,298.3666,298.0666,299.0666,296.9666,298.4666,301.5666,300.5666,300.4666,300.9666,294.9666,297.8666,294.6666,294.4666,295.2666,292.6666,285.2666,285.3666,291.1666,288.4666,289.7666,290.6666,293.3666,295.1666,295.1666,296.0666,292.6666,289.7666,289.4666,287.3666,280.5666,282.5666,282.2666,277.3666,274.8666
293.7666,294.7666,296.6666,296.0666,296.1666,296.3666,297.1666,296.8666,297.8666,297.8666,295.8666,297.5666,297.4666,298.7666,298.7666,298.7666,298.5666,297.5666,295.5666,294.8666,291.2666,291.5666,288.3666,287.9666,282.5666,288.9666,282.5666,289.8666,292.9666,292.9666,291.0666,291.5666,290.6666,292.5666,290.6666,292.7666,289.3666,282.9666,277.5666,278.5666,279.2666
292.2666,293.6666,294.3666,295.4666,295.9666,295.9666,295.7666,296.1666,296.7666,295.3666,293.7666,294.2666,298.5666,296.8666,297.4666,294.9666,295.8666,296.2666,294.1666,292.4666,293.0666,290.6666,287.9666,286.0666,287.4666,287.5666,282.3666,287.7666,288.5666,288.1666,287.9666,288.8666,289.7666,289.2666,290.9666,289.0666,291.9666,287.2666,285.8666,280.9666,276.6666
292.4666,292.3666,281.3666,292.5666,292.6666,293.7666,294.7666,293.8666,295.8666,295.7666,293.9666,292.4666,295.4666,296.5666,296.0666,295.7666,295.9666,296.3666,296.4666,294.5666,293.7666,291.0666,291.1666,289.5666,283.2666,278.8666,280.4666,278.8666,284.1666,284.2666,284.6666,284.4666,284.2666,285.1666,285.2666,284.0666,287.7666,287.2666,287.4666,282.7666,283.9666
292.9666,292.9666,273.3666,292.4666,292.3666,292.5666,292.9666,293.4666,295.9666,295.2666,293.2666,294.4666,292.5666,293.9666,294.1666,294.2666,294.0666,292.4666,294.7666,292.3666,293.4666,291.4666,286.7666,281.0666,278.2666,276.3666,276.9666,276.8666,281.0666,281.2666,281.6666,278.2666,281.8666,283.1666,283.4666,282.1666,284.3666,285.1666,285.9666,282.0666,283.4666
