wind_kz.json
[{"header":{"discipline":0,"disciplineName":"Meteorological products","gribEdition":2,"gribLength":948,"center":7,"centerName":"US National Weather Service - NCEP(WMC)","subcenter":0,"refTime":"2023-08-07T18:00:00.000Z","significanceOfRT":1,"significanceOfRTName":"Start of forecast","productStatus":0,"productStatusName":"Operational products","productType":1,"productTypeName":"Forecast products","productDefinitionTemplate":0,"productDefinitionTemplateName":"Analysis/forecast at horizontal level/layer at a point in time","parameterCategory":0,"parameterCategoryName":"UnknownDiscipline_0_Category_0","parameterNumber":0,"parameterNumberName":"UnknownParameter_D0_C0_0","parameterUnit":"Unknown","genProcessType":2,"genProcessTypeName":"Forecast","forecastTime":60,"surface1Type":1,"surface1TypeName":"Ground or water surface","surface1Value":0.0,"surface2Type":255,"surface2TypeName":"Missing","surface2Value":0.0,"gridDefinitionTemplate":0,"gridDefinitionTemplateName":"Latitude_Longitude","numberPoints":615,"shape":6,"shapeName":"Earth spherical with radius of 6,371,229.0 m","gridUnits":"degrees","resolution":48,"winds":"true","scanMode":64,"nx":41,"ny":15,"basicAngle":0,"lo1":47.0,"la1":41.0,"lo2":87.0,"la2":55.0,"dx":1.0,"dy":1.0},"data":[316.5,303.3,315.1,298.8,298.6,297.5,316.8,326.8,324.0,321.3,322.6,323.3,323.2,324.0,325.5,324.6,322.2,320.0,327.3,323.7,326.3,323.8,323.4,319.7,320.5,321.0,317.4,305.8,306.4,302.5,289.5,292.9,307.0,321.5,331.8,326.5,330.6,331.9,329.3,329.9,328.5,294.9,310.4,298.5,299.2,299.3,297.4,326.6,323.0,321.7,320.3,320.9,321.0,320.5,320.5,325.0,327.3,325.4,324.4,323.3,324.9,327.1,323.5,322.4,310.9,301.6,298.7,309.1,306.6,305.8,295.0,301.6,299.6,307.3,273.7,301.2,316.9,319.9,323.6,326.0,318.0,286.5,316.1,298.4,298.9,299.2,297.2,321.3,320.1,320.9,318.1,318.2,318.0,319.1,320.1,319.7,321.0,324.6,324.1,323.7,323.2,323.9,325.7,321.5,322.1,315.9,321.6,318.3,321.9,318.7,319.1,306.0,298.8,298.5,313.7,310.2,307.7,307.6,302.4,299.8,304.1,299.7,300.3,316.6,299.0,299.2,299.2,304.7,320.1,318.0,319.3,318.6,317.4,316.5,316.3,296.9,296.2,316.9,322.3,320.0,320.9,320.6,323.3,319.3,318.4,321.1,322.0,324.2,325.8,324.9,324.2,325.3,331.5,324.5,324.2,326.9,326.9,324.6,318.0,302.0,301.7,304.4,319.6,322.7,315.8,299.9,300.3,300.3,308.4,317.0,316.7,318.9,315.7,314.6,315.4,315.0,297.4,296.2,293.5,318.2,319.2,316.4,318.0,316.4,320.3,322.6,316.4,309.8,308.7,326.9,326.2,317.6,325.8,325.8,326.3,322.9,302.2,292.3,306.6,319.9,314.6,332.6,334.1,329.4,329.5,318.2,318.8,299.9,299.7,299.7,299.1,318.2,317.3,314.1,313.9,314.8,315.4,299.0,296.2,304.5,312.8,317.4,315.1,322.3,317.1,302.7,314.5,299.7,320.1,321.7,321.3,323.0,295.0,325.4,326.3,324.5,323.7,329.5,323.5,313.1,313.4,310.8,315.9,322.7,331.7,326.4,316.2,314.5,314.6,315.4,310.3,313.9,317.3,315.4,314.0,313.0,312.2,312.8,311.5,313.0,314.5,311.7,314.4,313.5,317.8,313.3,316.7,310.5,300.8,305.2,303.8,319.6,319.0,320.3,311.2,324.3,323.0,326.1,327.6,321.4,321.2,318.0,310.1,308.0,304.1,295.0,311.9,312.0,312.8,311.3,310.7,311.9,313.1,314.4,312.4,311.0,311.2,310.9,311.5,312.0,310.9,312.7,313.1,314.8,314.3,312.7,301.4,312.8,314.3,302.5,306.5,313.8,314.8,315.7,318.1,311.7,306.2,313.5,308.6,309.9,312.5,314.0,312.8,314.4,292.0,310.1,314.1,314.5,310.0,307.7,308.0,310.8,311.0,312.4,312.5,311.4,311.4,310.9,310.7,310.5,309.6,310.6,309.0,311.7,311.7,314.2,312.7,313.9,313.2,305.0,308.4,307.3,314.1,315.4,312.3,314.5,297.7,304.8,302.6,298.7,308.8,307.4,314.9,306.6,305.9,306.8,292.7,291.9,298.2,304.1,300.9,306.8,309.4,310.4,311.9,310.5,309.5,309.1,309.3,308.3,306.9,309.1,308.9,307.9,307.3,305.4,307.7,305.8,298.1,300.4,305.0,309.6,316.3,314.9,310.7,311.9,302.2,292.7,299.2,298.1,306.0,314.4,312.3,312.9,309.0,301.6,300.4,299.4,297.4,295.0,304.0,304.0,306.2,306.5,305.7,308.3,309.0,308.6,307.1,307.7,307.5,306.1,306.6,304.3,304.3,304.0,294.9,303.4,300.7,301.7,294.2,297.6,300.4,292.6,297.3,300.9,302.5,307.2,312.1,315.3,313.9,310.5,312.6,310.1,312.8,307.2,298.7,299.2,300.5,296.5,294.7,302.0,305.6,306.9,306.8,306.8,306.7,307.3,307.2,308.1,307.5,305.2,302.1,303.6,300.1,299.6,301.3,302.5,304.1,304.4,305.7,305.3,305.9,306.7,298.0,297.4,295.7,299.5,305.7,310.1,312.0,309.5,312.6,306.4,308.9,306.6,309.7,306.2,305.3,302.5,302.4,302.6,300.7,304.3,307.0,306.9,305.4,304.2,307.3,307.5,307.1,305.3,299.1,299.7,300.8,298.4,298.6,298.4,298.9,301.7,304.0,302.8,302.3,303.4,304.1,303.2,306.3,305.5,306.3,305.4,307.9,304.8,308.2,308.8,299.5,300.4,308.4,305.4,304.8,296.6,303.9,304.1,299.7,303.9,305.2,298.4,308.7,307.6,306.0,305.8,303.0,304.6,304.8,298.4,297.3,298.7,298.2,298.4,299.4,299.9,301.4,304.6,300.3,302.4,295.9,295.1,295.8,297.9,293.2,292.6,289.6,288.8,290.4,289.9,293.5,300.7,300.5,302.0,302.8,302.0,302.2,299.7,298.4,299.4,296.2,304.6,293.3,307.4,305.4,305.3,304.3,303.3,304.5,303.9,300.8,298.9,295.7,297.9,297.0,299.6,297.9,293.8,290.5,288.4,289.6,290.4,299.8,298.7,293.0,293.4,299.6,298.4,290.2,290.0,290.5,285.8,288.5,287.8,288.3,289.0,296.3,300.2,299.6,302.1,298.7]},{"header":{"discipline":0,"disciplineName":"Meteorological products","gribEdition":2,"gribLength":1025,"center":7,"centerName":"US National Weather Service - NCEP(WMC)","subcenter":0,"refTime":"2023-08-07T18:00:00.000Z","significanceOfRT":1,"significanceOfRTName":"Start of forecast","productStatus":0,"productStatusName":"Operational products","productType":1,"productTypeName":"Forecast products","productDefinitionTemplate":0,"productDefinitionTemplateName":"Analysis/forecast at horizontal level/layer at a point in time","parameterCategory":2,"parameterCategoryName":"UnknownDiscipline_0_Category_2","parameterNumber":2,"parameterNumberName":"UnknownParameter_D0_C2_2","parameterUnit":"Unknown","genProcessType":2,"genProcessTypeName":"Forecast","forecastTime":60,"surface1Type":103,"surface1TypeName":"Specified height level above ground","surface1Value":10.0,"surface2Type":255,"surface2TypeName":"Missing","surface2Value":0.0,"gridDefinitionTemplate":0,"gridDefinitionTemplateName":"Latitude_Longitude","numberPoints":615,"shape":6,"shapeName":"Earth spherical with radius of 6,371,229.0 m","gridUnits":"degrees","resolution":48,"winds":"true","scanMode":64,"nx":41,"ny":15,"basicAngle":0,"lo1":47.0,"la1":41.0,"lo2":87.0,"la2":55.0,"dx":1.0,"dy":1.0},"data":[0.8871143,2.0371141,-3.2428858,-2.5628858,-0.88288575,0.86711425,-1.3928857,-1.4828857,-0.62288576,0.26711425,2.6471143,6.057114,4.5871143,3.1271143,0.97711426,1.0471143,1.1971142,2.6471143,2.9771142,4.9371142,5.6271143,2.1271143,1.9571142,4.5071144,0.15711425,1.4371142,4.057114,3.2971144,0.38711426,2.9071143,-0.39288574,1.6271143,0.8871143,-0.71288574,-0.71288574,-1.8928857,-2.9328856,-1.4528857,0.71711427,-3.0928857,-3.9928858,-0.042885743,-3.0328858,-4.2428856,-3.7828858,-2.4628859,-2.1828856,-1.7028857,-0.45288575,0.31711426,1.4171143,2.6571143,5.077114,6.0271144,4.637114,4.2971144,2.1671143,2.3571143,3.2171142,3.6271143,6.497114,6.327114,4.9671144,3.9071143,4.3771143,1.8071142,-0.38288575,1.4571142,1.6771142,3.3071144,2.0871143,0.6371143,0.97711426,-0.44288576,0.55711424,-0.012885742,-0.28288573,-2.0728858,-2.3528857,-3.8128858,-3.1028857,0.7771143,-2.4928858,-5.9328856,-3.9728858,-3.1628857,-2.4928858,-1.2328857,-0.95288575,0.16711426,2.9471142,3.7171142,4.4671144,4.7171144,5.0871143,7.0471144,7.2171144,5.6871142,5.1871142,4.2571144,4.727114,4.057114,7.0871143,6.1071143,4.847114,6.2171144,2.7171142,4.9471145,0.79711425,0.87711424,3.1271143,-0.56288576,2.0471144,0.27711427,-0.5528858,-1.3928857,-2.2728858,1.6571143,0.107114255,0.44711426,1.1171143,4.327114,2.7771142,-5.112886,-4.1628857,-3.6128857,-2.9628859,-1.0028857,-0.9728857,0.027114257,-0.16288574,1.2371143,3.1171143,4.4371142,5.017114,2.4671142,5.7771144,9.667114,9.257114,6.7971144,6.0871143,5.0471144,4.5871143,7.037114,6.287114,5.957114,5.4671144,4.367114,2.7571142,2.5271142,2.5071142,3.0171142,-0.35288575,-4.3028855,-3.0128858,-4.542886,-2.0128858,-1.5828857,0.75711423,1.4871143,1.2271142,-2.3028858,-2.1028857,-4.2628856,-4.772886,-3.6628857,-2.5728858,-4.592886,-3.9428856,-3.6728857,-2.3828857,0.24711426,2.4471142,2.6971142,2.9571142,3.0171142,-0.58288574,-0.78288573,2.5971143,6.7171144,8.377114,7.4471145,5.347114,3.1271143,1.7371143,2.1471143,5.327114,2.2571142,1.7071142,2.7471142,4.5271144,3.8271143,5.8371143,4.347114,4.9271145,4.1871142,3.5871143,3.3071144,-3.8728857,-1.8928857,-0.74288577,-0.45288575,-1.2628857,-0.42288575,-0.13288574,-1.5028857,-2.6928856,-5.0528855,-7.9928856,-7.462886,-5.792886,-2.2128859,-1.5128857,-0.71288574,0.18711425,0.31711426,0.65711427,0.75711423,-0.76288575,-0.65288574,-1.0128857,1.6171143,4.5071144,1.3071142,1.2771143,-0.12288574,-2.0828857,-2.8128858,5.4671144,2.6571143,4.497114,5.157114,1.2271142,4.0071144,2.4071143,1.8471142,-0.78288573,0.19711426,0.32711425,1.5771142,2.6571143,2.6871142,2.1271143,-4.0628858,0.017114257,-0.36288574,-7.522886,-8.372886,-7.1428857,-6.3328857,-4.9328856,-4.1628857,-3.2928858,-2.2128859,-2.0328858,-1.3828857,-0.93288577,-0.94288576,-0.5528858,0.17711426,0.35711426,1.1471143,-0.5428857,-3.7528858,0.32711425,1.6371143,0.84711426,0.15711425,-2.1028857,3.9571142,3.9571142,2.1571143,4.117114,2.4471142,1.1971142,1.1071143,-0.32288575,-0.81288576,-1.3728857,-1.2128857,-1.3228858,1.3971143,3.2471142,3.3671143,7.747114,-0.8028858,0.20711426,-8.232885,-8.022885,-6.9128857,-6.3928857,-5.0828857,-4.7028856,-4.382886,-3.5028858,-3.2628858,-3.9728858,-4.3328857,-3.0628858,-3.0528858,-1.8528857,-0.82288575,0.45711425,1.4771142,2.4871142,3.3671143,1.2871143,1.9071143,2.1371143,1.6971142,5.4171143,2.9271142,2.4071143,2.1671143,5.1271143,3.5171142,-0.58288574,5.097114,-2.5428858,-1.5928857,1.1971142,2.5571144,-1.9428858,-2.5528858,1.1171143,-1.7028857,-0.11288574,2.8571143,-7.232886,-7.5728855,-6.652886,-6.3328857,-5.5828857,-4.6428857,-3.5328858,-2.8228858,-2.5528858,-2.2828858,-3.2128859,-4.9728856,-5.2428856,-5.442886,-6.9528856,-4.752886,-0.58288574,2.4871142,2.4971142,2.7971144,3.8771143,2.3271143,2.5371141,3.0771143,2.9971142,2.2371142,1.2671143,0.43711427,2.3871143,1.9171143,1.7471143,2.4271142,4.807114,1.3171142,0.85711426,0.47711426,0.24711426,3.1471143,3.4571142,0.33711424,2.5971143,-6.502886,-6.632886,-6.0328856,-5.6828856,-4.752886,-4.4328856,-3.9828858,-4.1828856,-3.6128857,-3.0228858,-3.8828857,-5.042886,-3.4628859,-4.732886,-5.5628858,-5.502886,-5.0728855,-5.862886,-5.132886,-3.2728858,-4.3728857,-2.4528856,-2.1628857,1.3271142,1.0771142,-2.6928856,-4.3328857,-4.6428857,-3.5328858,-0.25288573,1.3971143,0.29711425,-0.57288575,-2.7028856,-2.1028857,-2.3228858,-1.1928858,-1.4328858,2.9171143,1.9071143,0.8271143,-5.3128858,-4.8928857,-4.1628857,-4.3128858,-3.5428858,-3.7028856,-2.8228858,-2.9128857,-3.2028856,-2.9228857,-4.2428856,-4.3728857,-4.3028855,-4.3028855,-3.0728858,-4.542886,-4.0528855,-4.5628858,-5.2828856,-4.2828856,-2.2728858,-3.5428858,-6.442886,-3.4928858,-1.9528857,-3.5728858,-3.2628858,-0.87288576,-2.5328858,-0.69288576,-1.8828857,-2.3228858,-0.47288573,0.7771143,-0.072885744,0.15711425,0.87711424,0.9571143,-0.41288576,-0.08288574,1.9971143,-4.5728855,-3.5928857,-3.6528857,-3.1228857,-3.3128858,-2.7128859,-2.8128858,-1.9228858,-2.0428858,-2.4528856,-3.1628857,-3.7228858,-2.2828858,-3.0928857,-1.9428858,-2.2628858,-2.9828858,-4.2828856,-4.9928856,-3.6828856,-2.7128859,-2.0928857,-3.1528857,-1.5328858,-0.65288574,-1.2328857,-1.4628857,-1.8328857,-2.1128857,-2.3128858,-0.20288575,2.1571143,3.1171143,2.8371143,2.9471142,3.7671142,3.2171142,3.1571143,3.0971143,2.1971142,1.2371143,-2.3828857,-2.7028856,-2.8528857,-2.7528858,-1.2928858,-0.62288576,-1.6828858,-1.7228857,-2.4028857,-0.19288574,0.20711426,-0.49288574,-1.6928858,-1.6528858,-1.2428857,-1.2228857,-1.4328858,-1.6928858,-1.5828857,-2.9128857,-2.4028857,-2.1128857,-2.4728858,-1.8228858,-3.3328857,-4.842886,-4.402886,-3.5928857,-1.8828857,-1.5228858,2.3071144,2.8671143,2.2971144,3.9971142,4.537114,3.7671142,3.8671143,1.8371142,5.4271145,3.7071142,2.7371142,-1.1628858,-1.3728857,-1.2728858,-1.4428858,0.25711426,0.37711427,-1.3728857,-0.75288576,0.32711425,-0.64288574,0.5871143,0.78711426,-0.68288577,0.40711427,0.5171143,-0.002885742,-0.58288574,-1.0528858,-1.0428858,-1.2528857,-1.3428857,-1.2128857,-2.5828857,-3.3228858,-4.2228856,-3.9128857,-2.9628859,-1.2528857,-0.5528858,0.53711426,-0.9128857,1.4271142,1.4771142,2.4871142,3.4171143,5.517114,4.267114,4.2771144,3.4071143,1.7671143,-0.28288573,-1.1528858,-1.5228858,-1.1828858,-0.28288573,0.25711426,-0.87288576,-0.38288575,0.59711426,1.0071143,1.0271143,0.96711427,0.46711427,1.6771142,2.3671143,2.6571143,1.5771142,-0.43288574,-2.9428856,-4.022886,-0.71288574,1.1571143,1.3571143,1.0271143,-1.4528857,-0.68288577,0.6471143,0.73711425,1.6271143,1.5871142,2.0671144,2.4071143,4.727114,4.1971145,1.7971143,2.0871143,2.1071143,4.7971144,6.4371142,4.707114,4.907114,1.2071142]},{"header":{"discipline":0,"disciplineName":"Meteorological products","gribEdition":2,"gribLength":1025,"center":7,"centerName":"US National Weather Service - NCEP(WMC)","subcenter":0,"refTime":"2023-08-07T18:00:00.000Z","significanceOfRT":1,"significanceOfRTName":"Start of forecast","productStatus":0,"productStatusName":"Operational products","productType":1,"productTypeName":"Forecast products","productDefinitionTemplate":0,"productDefinitionTemplateName":"Analysis/forecast at horizontal level/layer at a point in time","parameterCategory":2,"parameterCategoryName":"UnknownDiscipline_0_Category_2","parameterNumber":3,"parameterNumberName":"UnknownParameter_D0_C2_3","parameterUnit":"Unknown","genProcessType":2,"genProcessTypeName":"Forecast","forecastTime":60,"surface1Type":103,"surface1TypeName":"Specified height level above ground","surface1Value":10.0,"surface2Type":255,"surface2TypeName":"Missing","surface2Value":0.0,"gridDefinitionTemplate":0,"gridDefinitionTemplateName":"Latitude_Longitude","numberPoints":615,"shape":6,"shapeName":"Earth spherical with radius of 6,371,229.0 m","gridUnits":"degrees","resolution":48,"winds":"true","scanMode":64,"nx":41,"ny":15,"basicAngle":0,"lo1":47.0,"la1":41.0,"lo2":87.0,"la2":55.0,"dx":1.0,"dy":1.0},"data":[1.312735,2.192735,0.36273497,2.832735,-2.577265,-3.347265,-1.057265,-1.437265,-2.017265,-3.677265,-3.737265,-1.367265,0.972735,1.422735,-0.667265,-3.947265,-6.447265,-6.657265,-4.367265,-3.337265,-3.167265,-1.217265,-1.107265,1.912735,3.152735,2.362735,1.512735,0.062734984,-1.477265,1.002735,2.132735,3.172735,0.16273499,-1.257265,0.512735,-1.827265,-0.38726503,-1.0272651,0.312735,2.592735,2.5227349,-0.21726501,2.352735,2.682735,1.7127349,-0.847265,-3.027265,-2.617265,-3.577265,-3.587265,-5.377265,-5.587265,-4.507265,1.282735,1.752735,0.462735,-1.987265,-3.897265,-5.707265,-6.257265,-3.107265,-1.5372651,-1.877265,0.442735,0.20273499,3.692735,4.212735,3.722735,1.022735,-0.74726504,1.4727349,-2.847265,-0.75726503,0.772735,0.882735,3.0227349,1.4627349,3.452735,0.342735,2.612735,1.772735,-0.23726502,0.802735,5.032735,3.862735,1.042735,-1.397265,-2.4672651,-3.2272651,-3.797265,-4.517265,-5.8472652,-6.507265,-5.707265,-2.117265,1.122735,0.642735,0.33273497,-1.817265,-4.547265,-5.967265,-6.317265,-0.647265,-0.797265,2.852735,2.152735,-3.257265,-2.107265,-2.327265,-2.837265,-0.81726503,-3.127265,-2.057265,2.612735,-1.097265,3.012735,-0.20726502,-3.307265,-2.297265,2.002735,-1.967265,1.7127349,1.152735,6.292735,5.272735,3.922735,1.012735,-1.447265,-3.587265,-5.537265,-5.777265,-6.677265,-6.977265,-7.067265,-6.437265,-6.287265,-3.607265,-2.267265,-0.10726502,-0.39726502,-2.267265,-3.647265,-6.617265,-2.2272651,2.042735,3.382735,2.822735,2.492735,-0.17726502,1.2227349,1.362735,-1.417265,-0.20726502,3.952735,1.872735,0.612735,-0.407265,1.682735,3.152735,3.432735,2.262735,-4.237265,-2.297265,-1.2772651,4.112735,3.962735,2.552735,-0.13726501,-1.997265,-2.547265,-4.907265,-6.637265,-7.387265,-7.377265,-7.307265,-7.197265,-6.887265,-7.127265,-5.037265,-0.477265,0.712735,-0.437265,-0.987265,-4.067265,-5.107265,-1.867265,1.742735,0.832735,2.672735,0.532735,1.352735,0.0027349854,0.42273498,2.602735,2.052735,-1.997265,-0.0072650146,-0.74726504,0.87273496,1.482735,1.872735,0.922735,-0.20726502,0.14273499,0.07273498,2.642735,1.602735,0.842735,0.632735,-1.997265,-4.787265,-6.157265,-6.757265,-6.877265,-6.897265,-7.177265,-6.587265,-6.837265,-5.457265,-6.887265,-7.047265,-4.947265,-0.29726502,0.092734985,-2.187265,-2.607265,-4.0972652,-6.677265,-0.20726502,1.322735,-0.927265,0.762735,-0.87726504,0.042734984,1.672735,4.532735,2.762735,-1.147265,-1.847265,-2.307265,1.872735,-3.457265,-1.597265,2.982735,1.132735,1.432735,1.232735,2.112735,1.102735,-1.577265,-3.037265,-5.167265,-6.077265,-6.807265,-7.0972652,-7.237265,-6.877265,-6.757265,-8.047265,-7.977265,-7.087265,-5.817265,-4.067265,-2.637265,-1.707265,-1.467265,-3.257265,-1.567265,-1.647265,-7.267265,-4.137265,-0.657265,-0.99726504,2.292735,5.232735,4.822735,4.302735,2.432735,0.23273498,1.752735,1.082735,2.592735,3.562735,2.7827349,0.122734986,3.402735,2.342735,1.672735,0.122734986,-1.217265,-3.067265,-3.097265,-4.3472652,-4.627265,-5.717265,-7.357265,-7.237265,-7.517265,-7.037265,-7.8472652,-8.217265,-6.467265,-5.407265,-4.497265,-1.987265,-2.2272651,-2.417265,-2.867265,-3.387265,7.532735,1.612735,-0.277265,-0.057265013,-2.157265,-0.0072650146,4.142735,6.862735,5.862735,2.352735,0.42273498,2.382735,0.30273497,-0.907265,-1.207265,-0.837265,0.08273499,0.48273498,1.432735,2.162735,0.582735,-1.357265,-1.687265,-1.967265,-3.4672651,-4.907265,-5.777265,-5.687265,-6.437265,-6.427265,-7.397265,-8.897265,-9.127265,-9.077265,-6.667265,-4.577265,-1.4072651,-0.13726501,-0.467265,-1.297265,-2.887265,-2.937265,-1.477265,-1.207265,0.012734985,-0.827265,-0.617265,3.092735,3.482735,3.972735,2.592735,2.352735,1.922735,0.87273496,3.392735,3.012735,0.13273498,1.8427349,2.882735,2.942735,1.2127349,0.68273497,-0.12726502,-0.047265016,-1.817265,-3.097265,-5.157265,-6.057265,-5.637265,-5.457265,-5.987265,-7.177265,-7.547265,-7.887265,-8.017265,-9.427265,-8.167265,-6.947265,-4.207265,-2.187265,-3.357265,-3.497265,-5.427265,0.012734985,2.102735,1.512735,-1.077265,-1.5272651,0.042734984,3.042735,4.142735,2.012735,2.592735,3.702735,2.162735,1.302735,2.002735,2.882735,1.922735,1.102735,1.612735,1.742735,2.242735,2.082735,0.07273498,-1.647265,-3.517265,-4.667265,-5.017265,-5.777265,-4.647265,-3.687265,-4.977265,-6.977265,-7.5972652,-8.167265,-8.117265,-6.677265,-7.357265,-4.297265,-4.407265,-4.017265,-2.137265,-3.2172651,-7.807265,-3.267265,2.352735,1.8427349,3.892735,-0.74726504,-0.22726502,0.50273496,4.182735,4.452735,3.602735,3.592735,3.062735,2.0227349,0.68273497,0.432735,1.662735,0.20273499,1.902735,2.562735,2.212735,1.382735,-0.827265,-2.917265,-4.207265,-4.857265,-5.0972652,-4.907265,-4.437265,-5.337265,-6.457265,-6.037265,-6.877265,-6.857265,-7.027265,-7.137265,-7.057265,-7.197265,-5.727265,-4.8472652,-3.747265,-1.397265,-2.247265,-1.497265,-1.807265,-2.157265,-2.287265,-2.117265,-2.837265,-1.597265,-1.117265,1.322735,1.412735,1.5927349,0.642735,-1.387265,-1.197265,-1.067265,0.11273499,2.502735,3.372735,2.182735,0.412735,-1.097265,-2.247265,-3.647265,-3.9772651,-4.827265,-4.787265,-2.917265,-4.137265,-5.477265,-5.757265,-6.057265,-5.997265,-5.967265,-6.167265,-6.867265,-6.3472652,-6.0972652,-5.617265,-5.177265,-5.127265,-4.967265,-5.467265,-7.5972652,-6.357265,-6.907265,-6.707265,-6.107265,-4.107265,0.50273496,1.412735,-0.307265,1.612735,1.832735,1.402735,1.312735,3.632735,1.8427349,3.622735,4.012735,2.712735,1.392735,-1.827265,-3.387265,-2.987265,-3.687265,-3.747265,-3.957265,-2.7272651,-3.377265,-4.467265,-4.137265,-4.727265,-5.057265,-5.177265,-5.5972652,-6.147265,-6.807265,-6.667265,-5.607265,-4.297265,-3.277265,-2.437265,-1.807265,-2.2172651,-2.347265,-2.287265,-3.817265,-3.787265,-6.567265,-6.057265,-5.107265,-2.437265,-1.307265,2.132735,1.672735,0.33273497,2.392735,3.842735,2.362735,3.892735,0.832735,-0.07726502,-2.587265,-2.527265,-3.317265,-4.117265,-4.537265,-4.197265,-2.187265,-3.2172651,-2.7272651,-4.017265,-5.247265,-4.407265,-4.677265,-3.097265,-1.707265,-3.327265,-4.387265,-4.837265,-4.927265,-2.877265,-2.997265,-4.317265,-5.207265,-4.437265,-3.507265,-3.9772651,-4.037265,-1.147265,1.242735,1.9627349,0.42273498,-2.617265,-3.307265,1.2127349,4.392735,3.752735,3.592735]}]