wind_kz.json
{"header": {"discipline":0,"disciplineName":"Meteorological products","gribEdition":2,"gribLength":871,"center":7,"centerName":"US National Weather Service - NCEP(WMC)","subcenter":0,"refTime":"2023-09-22T18:00:00.000Z","significanceOfRT":1,"significanceOfRTName":"Start of forecast","productStatus":0,"productStatusName":"Operational products","productType":1,"productTypeName":"Forecast products","productDefinitionTemplate":0,"productDefinitionTemplateName":"Analysis/forecast at horizontal level/layer at a point in time","parameterCategory":0,"parameterCategoryName":"UnknownDiscipline_0_Category_0","parameterNumber":0,"parameterNumberName":"UnknownParameter_D0_C0_0","parameterUnit":"Unknown","genProcessType":2,"genProcessTypeName":"Forecast","forecastTime":0,"surface1Type":1,"surface1TypeName":"Ground or water surface","surface1Value":0.0,"surface2Type":255,"surface2TypeName":"Missing","surface2Value":0.0,"gridDefinitionTemplate":0,"gridDefinitionTemplateName":"Latitude_Longitude","numberPoints":615,"shape":6,"shapeName":"Earth spherical with radius of 6,371,229.0 m","gridUnits":"degrees","resolution":48,"winds":"true","scanMode":64,"nx":41,"ny":15,"basicAngle":0,"lo1":47.0,"la1":41.0,"lo2":87.0,"la2":55.0,"dx":1.0,"dy":1.0}, "data":
[rows 0 to 14 of 15, columns 0 to 40 of 41]
292.6768,285.1768,287.87677,294.57678,294.6768,293.97678,295.37677,296.07678,293.47678,293.37677,292.37677,292.87677,292.87677,292.6768,291.6768,289.7768,289.47678,290.87677,288.37677,289.87677,290.6768,287.47678,286.07678,281.97678,286.6768,286.07678,284.87677,266.57678,267.1768,268.07678,270.7768,272.87677,281.37677,288.47678,289.37677,290.97678,289.7768,289.97678,289.07678,289.7768,290.6768
273.57678,286.97678,294.07678,294.47678,293.97678,292.87677,295.2768,293.47678,291.97678,291.97678,293.1768,291.87677,291.2768,289.37677,290.57678,290.6768,290.6768,288.87677,287.37677,287.1768,290.57678,288.87677,286.57678,278.6768,270.7768,270.97678,277.07678,268.6768,271.6768,259.6768,271.07678,264.6768,275.2768,259.7768,272.6768,286.87677,286.87677,289.57678,291.7768,283.97678,283.87677
289.2768,293.7768,294.47678,294.07678,292.07678,293.7768,293.7768,292.57678,290.97678,290.2768,289.37677,289.6768,287.7768,288.7768,290.7768,287.7768,287.37677,286.57678,287.1768,287.57678,289.7768,288.47678,287.87677,283.6768,285.37677,284.37677,284.47678,283.2768,280.7768,271.87677,259.7768,265.97678,277.37677,276.2768,276.87677,278.07678,272.57678,274.07678,274.37677,271.07678,271.57678
290.57678,293.47678,294.57678,293.47678,292.47678,293.57678,293.6768,292.07678,292.07678,290.7768,289.07678,287.2768,292.07678,291.47678,289.37677,289.6768,290.2768,287.87677,288.6768,287.1768,287.57678,283.47678,288.7768,289.97678,290.87677,292.87677,289.87677,285.97678,283.87677,284.37677,284.1768,283.47678,285.97678,285.47678,287.07678,281.97678,273.2768,270.07678,277.2768,285.1768,287.57678
292.2768,293.47678,293.87677,292.97678,292.97678,292.97678,293.7768,292.6768,291.57678,290.7768,289.57678,286.6768,290.97678,289.97678,288.47678,290.47678,290.97678,290.1768,285.57678,290.6768,290.7768,290.87677,289.07678,288.87677,289.57678,289.87677,286.87677,287.07678,286.6768,289.07678,289.6768,286.37677,274.1768,265.7768,280.07678,288.1768,290.37677,290.57678,292.2768,290.7768,290.7768
290.7768,288.2768,292.37677,292.87677,292.57678,292.6768,291.87677,293.2768,289.97678,290.07678,290.57678,290.07678,290.7768,290.97678,289.7768,289.37677,291.57678,290.6768,290.97678,291.07678,289.87677,289.1768,288.87677,291.7768,288.1768,290.07678,289.37677,289.7768,289.37677,289.7768,291.37677,291.97678,289.6768,286.97678,283.37677,288.07678,277.6768,280.87677,286.87677,288.57678,286.47678
290.2768,288.57678,292.57678,292.2768,290.97678,290.6768,292.1768,290.87677,290.87677,291.07678,288.87677,289.2768,288.6768,289.2768,289.07678,290.37677,290.1768,290.87677,289.47678,289.57678,289.1768,289.1768,289.7768,289.6768,287.97678,290.47678,289.7768,289.07678,287.97678,287.37677,287.2768,286.87677,288.6768,289.6768,288.57678,283.57678,279.1768,275.47678,276.1768,269.07678,283.07678
290.47678,289.57678,292.1768,292.87677,292.97678,292.1768,291.47678,290.07678,288.47678,289.07678,288.47678,288.2768,287.6768,288.47678,288.87677,289.57678,289.1768,289.47678,289.2768,286.7768,286.87677,287.37677,287.7768,287.97678,287.7768,286.57678,286.6768,287.57678,284.07678,287.37677,285.07678,284.7768,283.6768,284.2768,283.87677,283.2768,284.97678,288.07678,286.6768,283.97678,279.2768
289.37677,288.87677,289.87677,289.2768,291.1768,290.1768,288.87677,288.87677,287.97678,287.1768,286.6768,286.57678,286.07678,287.1768,286.87677,287.87677,287.7768,287.6768,287.07678,286.37677,284.37677,284.37677,285.2768,285.37677,283.97678,284.37677,282.07678,282.07678,282.7768,280.37677,281.57678,283.87677,285.97678,285.37677,285.37677,280.07678,280.2768,282.37677,272.57678,272.97678,274.97678
287.2768,288.97678,288.57678,288.07678,288.57678,287.97678,288.07678,288.87677,288.47678,287.87677,287.07678,286.2768,286.97678,286.7768,286.6768,287.07678,287.47678,287.47678,287.07678,286.7768,285.47678,285.07678,285.7768,285.57678,285.1768,283.7768,283.2768,283.2768,282.7768,283.37677,283.37677,285.37677,287.87677,288.2768,286.1768,283.7768,281.97678,279.2768,277.1768,275.97678,274.6768
287.47678,287.87677,288.7768,288.57678,288.7768,288.47678,288.87677,288.2768,287.7768,287.87677,287.07678,286.37677,287.37677,286.6768,286.87677,287.2768,287.47678,288.2768,289.47678,288.2768,288.97678,288.47678,286.2768,287.37677,286.37677,285.87677,284.07678,285.57678,285.6768,286.7768,287.1768,288.07678,287.87677,289.7768,288.2768,282.6768,279.07678,278.57678,275.97678,278.37677,274.87677
287.57678,288.97678,288.6768,288.37677,288.6768,288.1768,287.07678,287.2768,288.47678,286.87677,284.07678,285.47678,286.6768,285.97678,286.7768,287.37677,287.37677,287.57678,287.1768,286.7768,285.47678,285.47678,284.97678,286.97678,286.1768,287.57678,286.2768,288.2768,288.37677,288.1768,288.07678,287.07678,287.1768,286.57678,287.6768,285.37677,284.37677,283.7768,284.87677,282.47678,280.6768
287.57678,287.57678,288.7768,287.6768,288.07678,287.87677,286.7768,286.87677,285.97678,285.2768,283.1768,282.47678,285.47678,285.1768,286.1768,286.47678,286.37677,286.1768,286.87677,286.97678,287.1768,286.6768,285.37677,284.57678,286.47678,287.07678,288.1768,287.6768,287.57678,286.7768,287.1768,287.07678,287.6768,287.37677,286.87677,286.07678,285.2768,285.47678,282.87677,282.47678,282.7768
285.57678,287.1768,287.7768,288.7768,286.87677,286.37677,286.7768,286.87677,289.37677,285.57678,284.1768,282.97678,283.1768,285.87677,286.7768,288.37677,288.47678,287.6768,286.7768,286.47678,286.57678,285.6768,286.1768,284.2768,285.1768,285.37677,283.97678,284.7768,283.47678,282.97678,285.37677,286.37677,285.2768,286.07678,287.1768,285.57678,285.57678,284.7768,283.57678,281.87677,281.87677
287.57678,289.37677,287.2768,288.07678,287.37677,286.47678,287.97678,289.7768,286.6768,288.2768,287.37677,285.47678,285.87677,286.37677,288.07678,287.07678,286.47678,286.07678,285.87677,282.87677,282.47678,281.97678,281.6768,280.2768,279.7768,280.37677,280.37677,280.37677,280.6768,280.2768,282.37677,282.47678,282.6768,284.7768,284.07678,285.07678,284.37677,284.57678,285.87677,284.1768,284.07678
