wind_kz.json
{"header": {"discipline":0,"disciplineName":"Meteorological products","gribEdition":2,"gribLength":1025,"center":7,"centerName":"US National Weather Service - NCEP(WMC)","subcenter":0,"refTime":"2023-08-22T06:00:00.000Z","significanceOfRT":1,"significanceOfRTName":"Start of forecast","productStatus":0,"productStatusName":"Operational products","productType":1,"productTypeName":"Forecast products","productDefinitionTemplate":0,"productDefinitionTemplateName":"Analysis/forecast at horizontal level/layer at a point in time","parameterCategory":2,"parameterCategoryName":"UnknownDiscipline_0_Category_2","parameterNumber":3,"parameterNumberName":"UnknownParameter_D0_C2_3","parameterUnit":"Unknown","genProcessType":2,"genProcessTypeName":"Forecast","forecastTime":180,"surface1Type":103,"surface1TypeName":"Specified height level above ground","surface1Value":10.0,"surface2Type":255,"surface2TypeName":"Missing","surface2Value":0.0,"gridDefinitionTemplate":0,"gridDefinitionTemplateName":"Latitude_Longitude","numberPoints":615,"shape":6,"shapeName":"Earth spherical with radius of 6,371,229.0 m","gridUnits":"degrees","resolution":48,"winds":"true","scanMode":64,"nx":41,"ny":15,"basicAngle":0,"lo1":47.0,"la1":41.0,"lo2":87.0,"la2":55.0,"dx":1.0,"dy":1.0}, "data":
[rows 0 to 14 of 15, columns 0 to 40 of 41]
-1.1904804,-2.9404802,-1.1004803,-6.9504805,-7.6404805,-8.35048,-7.1404805,-4.94048,-0.9204804,-2.4804804,-3.2104805,-4.2804804,-4.04048,-3.6804802,-3.1804802,-3.5304804,-1.9404804,-2.4104803,-2.5304804,-2.4604805,-2.9004803,-3.8004804,-2.6804802,-1.2104803,-2.7504804,-0.63048035,-1.2504803,1.4795196,1.4295197,2.4295197,1.6195197,-0.9804804,0.32951966,2.7395196,0.17951965,0.97951967,-1.9104804,-0.050480347,-1.0004803,1.1495197,1.9995197
-0.5304803,-0.40048036,-2.3204803,-4.5504804,-7.3304806,-8.420481,-6.6204805,-6.3204803,-5.6604805,-3.5104804,-0.83048034,-3.5204804,-2.4004803,-3.9704804,-1.0704803,-1.5404804,-3.0604804,-3.1604803,-4.5504804,-3.6604803,-2.7304804,-2.2204804,-0.89048034,1.5795196,1.2095196,1.3195196,-2.2104805,2.4095197,0.75951964,2.4495196,3.4095197,4.70952,1.8695197,0.099519655,-0.15048034,-1.3904804,-1.1304803,-2.5104804,-2.3204803,-2.6304803,1.1295197
0.16951965,-4.1004806,-6.21048,-7.1104803,-5.19048,-4.8604803,-7.5304804,-3.6904802,-3.9704804,-4.79048,-4.23048,-2.1204803,1.4395196,0.069519654,-0.5904803,-2.8904803,-2.3104804,-2.5604804,-3.3104804,-3.2004805,-2.6604803,-2.0504804,-0.30048034,0.79951966,0.7195197,-0.22048035,1.3895197,2.5795197,0.8295196,3.0495195,3.9795196,2.3695197,2.6895196,-1.3604803,-0.62048036,3.1695197,4.9695196,-0.7904804,1.1695197,0.8295196,0.5895197
-0.48048034,-4.06048,-6.6004806,-8.420481,-7.94048,-8.03048,-7.6704803,-6.3504806,-6.8204803,-4.9904804,-2.6504803,-3.3004804,-4.4004803,-5.54048,-2.6604803,-1.0204804,-1.0704803,-2.4604805,-3.0204804,-3.6004803,-3.5204804,0.11951965,-1.3004804,-1.1604804,-0.90048033,-2.7304804,-2.2604804,-1.9604803,-0.07048035,-2.4004803,-2.7304804,-2.8004804,-2.0004804,-2.0904803,-0.74048036,-4.5304804,-1.1804804,2.9395196,0.27951965,0.7095196,2.0295196
-0.38048035,-2.2104805,-4.29048,-6.1304803,-6.9204803,-5.48048,-7.25048,-6.04048,-6.4504805,-4.9104805,-4.1604805,-1.0404804,-1.7604804,-1.6504804,-3.3804803,-2.5804803,-2.3404803,-1.0504804,-0.96048033,-2.2304804,-2.4204803,-4.4104805,-4.77048,-5.6804805,-2.0104804,-2.8104804,-2.3004804,-2.2304804,-3.4104803,-2.6304803,1.0295197,-0.47048035,2.4795196,4.4895196,-1.4004804,-2.1904802,0.81951964,-2.2204804,0.16951965,-1.0704803,-3.3604803
-3.6304803,-1.0104804,-6.0304804,-6.0304804,-6.73048,-7.1404805,-4.8804803,-6.1604805,-5.7204804,-5.96048,-5.98048,-5.0504804,-4.3704805,-0.58048034,0.12951966,0.7695196,0.66951966,1.9695196,2.4495196,-0.020480346,-1.4604803,-1.1704804,-2.4204803,-3.4204803,-5.6604805,-2.2504804,-1.0104804,-1.2604804,-1.5804803,0.7795197,2.1795197,1.5995196,-4.3204803,1.8895197,2.8895197,1.3295196,4.7395196,4.4495196,0.39951965,-0.32048035,-0.7204803
-1.8204803,-2.5704803,-3.3304803,-2.9004803,-3.6904802,-3.8304803,-3.8504803,-4.8404803,-5.29048,-5.6804805,-5.29048,-4.8304806,-4.98048,-5.1504803,-3.1704803,-3.8004804,-1.9404804,2.9395196,3.2495196,2.4595196,0.5295197,-0.18048035,-0.89048034,-2.0504804,-1.8004804,-2.4004803,-4.48048,-8.6604805,0.48951966,3.9695196,3.3695197,2.7495196,2.1595197,-2.3104804,0.37951964,-0.7204803,-2.6304803,1.9295197,1.2495197,0.18951966,3.3795197
-1.5504804,-2.6804802,-3.3204803,-2.8504803,-2.9304802,-3.0604804,-3.1604803,-2.9404802,-2.7304804,-3.0804803,-3.5804803,-3.6404803,-3.8604803,-5.0304804,-4.9904804,-3.9104803,-3.0804803,-2.4404802,-3.8804803,1.8995197,2.3595197,1.4495196,0.97951967,2.3595197,1.1895196,0.35951966,-0.36048034,-2.3704803,-3.9604805,5.5295196,5.97952,5.1495194,3.5995197,2.7095196,0.94951963,-1.7204803,2.7895195,2.1795197,0.28951967,-1.3104804,-1.7304803
-2.6404803,-2.4604805,-2.4104803,-3.2804804,-3.0504804,-2.9004803,-2.5304804,-1.6004803,-1.7904804,-1.0004803,-0.18048035,0.62951964,-0.9204804,-1.6604804,-3.7504804,-5.56048,-1.9904803,-0.61048037,0.33951965,-0.33048034,-0.28048036,0.93951964,1.0095197,1.1595197,3.2295196,2.9095197,2.4095197,2.5595198,1.1695197,-2.2704804,6.8695197,8.77952,5.6795197,5.3495197,4.0795197,3.2895195,-1.7804804,2.8495197,1.8895197,1.7095196,0.38951966
-2.8704803,-2.5204804,-2.5004804,-2.8904803,-2.6704803,-2.3904803,-1.9404804,-2.3004804,-1.6904804,-1.4204804,-2.5004804,0.28951967,1.1895196,0.7695196,2.2195196,1.6295197,-0.41048035,-1.2204803,0.7195197,3.1495197,2.4895196,2.8795197,3.9995196,3.6795197,2.6695197,3.7895195,3.5595198,2.9295197,4.1495194,3.3395197,-2.4104803,7.1795197,7.78952,6.8595195,4.1595197,2.3295197,1.3395196,-1.4204804,1.9695196,4.97952,3.6695197
-0.94048035,-1.9404804,-2.1304803,-1.5004803,-2.3604803,-2.6704803,-3.0904803,-3.6104803,-1.7304803,-3.3804803,-3.0804803,-2.0004804,-3.5404804,-2.5104804,-2.0004804,-0.83048034,0.31951964,0.07951965,0.6495197,2.4395196,3.0495195,2.8795197,1.5995196,2.6395197,4.70952,5.5695195,4.4295197,4.8795195,4.1595197,6.2395196,0.85951966,1.7595197,7.45952,5.1695194,5.3195195,2.8895197,1.9595196,3.0995197,2.9395196,1.8295196,1.1895196
-1.7704804,-2.8504803,-2.7304804,-3.3604803,-2.3604803,-3.6304803,-2.9104803,-1.3904804,-3.7204804,-3.3404803,-3.1104803,-3.5704803,-2.1804802,-1.8104804,-1.8304803,-0.5904803,1.3495196,1.3095196,1.1795197,2.7995195,2.2195196,1.2195196,1.3295196,2.4395196,3.9495196,4.20952,5.5995197,5.4095197,5.72952,9.52952,4.3995194,2.6095197,4.6995196,4.47952,3.2595196,1.2095196,1.3995197,2.4095197,2.1295197,1.5595196,0.36951965
-1.5004803,-1.5904803,-2.3904803,-2.2104805,-1.9004804,-1.7804804,-4.4104805,-4.94048,-5.1404805,-2.9004803,-1.0804803,-2.1404803,-3.3104804,-1.6204803,-1.8504803,-0.95048034,0.15951966,2.0495195,2.6295197,3.1995196,2.5695198,2.2595196,2.6795197,2.6095197,2.0595198,2.7795196,6.74952,4.9895196,7.3895197,7.9695196,4.9895196,3.3795197,2.2395196,4.0995197,2.8695197,1.5895196,1.1195197,0.87951964,1.7295196,0.35951966,0.14951965
-1.3904804,-1.6804804,-3.2804804,-2.6604803,-2.5204804,-4.23048,-3.5804803,-3.8104804,-4.02048,-3.4504805,-4.8034667E-4,-0.74048036,-2.2604804,-3.1204803,-3.8404803,-2.5704803,1.4995197,2.5795197,2.9295197,2.4895196,1.1795197,-0.25048035,1.1195197,0.37951964,2.1095197,4.1795197,3.5595198,5.4895196,6.05952,3.7295196,4.68952,5.7595196,4.4095197,3.0795197,1.3595196,1.1895196,0.9595196,0.73951966,1.0695196,1.6695197,1.9195197
-0.88048035,-2.0804803,-4.8904805,-3.7304804,-4.4504805,-3.0204804,-3.0404804,-3.4504805,-3.6404803,-3.2204804,-0.87048036,-0.44048035,-1.1604804,-3.5004804,-4.7004805,-4.9704804,-4.56048,1.8395196,2.9895196,1.8395196,0.31951964,1.0995196,0.34951964,-2.9004803,-3.9104803,3.6495197,3.1395197,3.0995197,3.0695198,6.3895197,5.5695195,3.2795196,2.6995196,1.7295196,1.7095196,2.0695198,1.2095196,1.1895196,1.3595196,2.6895196,0.98951966
