wind_kz.json
{"header": {"discipline":0,"disciplineName":"Meteorological products","gribEdition":2,"gribLength":948,"center":7,"centerName":"US National Weather Service - NCEP(WMC)","subcenter":0,"refTime":"2024-01-31T00:00:00.000Z","significanceOfRT":1,"significanceOfRTName":"Start of forecast","productStatus":0,"productStatusName":"Operational products","productType":1,"productTypeName":"Forecast products","productDefinitionTemplate":0,"productDefinitionTemplateName":"Analysis/forecast at horizontal level/layer at a point in time","parameterCategory":0,"parameterCategoryName":"UnknownDiscipline_0_Category_0","parameterNumber":0,"parameterNumberName":"UnknownParameter_D0_C0_0","parameterUnit":"Unknown","genProcessType":2,"genProcessTypeName":"Forecast","forecastTime":60,"surface1Type":1,"surface1TypeName":"Ground or water surface","surface1Value":0.0,"surface2Type":255,"surface2TypeName":"Missing","surface2Value":0.0,"gridDefinitionTemplate":0,"gridDefinitionTemplateName":"Latitude_Longitude","numberPoints":615,"shape":6,"shapeName":"Earth spherical with radius of 6,371,229.0 m","gridUnits":"degrees","resolution":48,"winds":"true","scanMode":64,"nx":41,"ny":15,"basicAngle":0,"lo1":47.0,"la1":41.0,"lo2":87.0,"la2":55.0,"dx":1.0,"dy":1.0}, "data":
[rows 0 to 14 of 15, columns 0 to 40 of 41]
284.61124,273.31122,280.81122,280.71124,280.71124,282.21124,284.91122,286.41122,282.41122,282.51123,281.21124,280.91122,278.81122,279.51123,279.11124,278.71124,278.31122,277.41122,281.41122,278.51123,279.81122,279.81122,278.91122,272.51123,275.01123,277.91122,267.11124,247.81123,246.01123,245.31123,245.11124,246.21123,256.61124,270.01123,269.41122,270.11124,269.51123,269.91122,270.91122,269.91122,271.11124
263.01123,282.61124,280.21124,280.11124,280.51123,281.11124,286.11124,283.21124,283.01123,282.71124,282.81122,278.91122,279.31122,280.61124,275.51123,273.81122,279.21124,276.71124,277.91122,277.71124,277.51123,277.51123,270.81122,261.91122,242.41122,246.81123,256.01123,245.91122,249.71123,243.51123,253.41122,235.11124,256.91122,232.81123,246.51123,264.91122,268.61124,269.61124,270.31122,266.01123,267.91122
283.11124,278.71124,280.31122,280.41122,280.51123,281.81122,281.71124,280.81122,277.81122,276.61124,276.91122,275.41122,276.81122,277.21124,271.11124,270.31122,271.91122,271.21124,272.11124,272.11124,272.91122,272.71124,272.01123,261.91122,270.31122,266.01123,267.01123,266.71124,268.71124,255.41122,248.11124,248.41122,254.41122,252.31123,254.21123,262.41122,253.11124,256.31122,255.01123,258.31122,257.21124
279.11124,276.21124,278.21124,279.21124,280.21124,279.01123,277.91122,275.51123,277.81122,274.91122,275.11124,273.11124,281.21124,281.81122,272.41122,271.01123,270.61124,270.61124,269.71124,271.11124,270.81122,262.61124,270.71124,267.41122,267.41122,267.71124,267.11124,263.51123,266.41122,268.31122,265.61124,263.61124,270.61124,266.81122,259.71124,261.31122,254.51123,248.51123,258.61124,261.71124,261.71124
276.41122,272.91122,272.51123,272.51123,275.71124,278.21124,278.61124,278.61124,275.81122,273.61124,272.51123,272.61124,279.01123,279.11124,278.31122,271.01123,270.31122,270.41122,270.31122,269.21124,269.11124,269.61124,266.81122,266.71124,265.71124,262.31122,261.01123,263.51123,267.51123,269.41122,269.61124,269.31122,257.91122,250.51123,261.51123,263.21124,264.11124,260.71124,260.11124,259.81122,260.91122
276.21124,276.71124,273.21124,272.61124,272.51123,272.31122,279.21124,277.21124,276.41122,274.31122,273.11124,272.81122,278.01123,279.21124,273.11124,272.21124,270.11124,269.71124,269.71124,269.41122,269.21124,268.71124,269.31122,269.31122,268.21124,265.21124,262.11124,264.61124,263.71124,264.71124,263.91122,267.41122,269.51123,269.41122,267.71124,266.21124,262.01123,260.21124,256.41122,258.81122,258.91122
273.51123,274.31122,275.61124,276.11124,273.41122,274.51123,275.01123,274.51123,273.51123,273.21124,273.21124,273.11124,272.51123,271.91122,272.31122,272.41122,272.01123,270.71124,269.81122,269.31122,270.01123,269.81122,268.61124,266.51123,264.91122,262.41122,255.21123,259.11124,256.11124,257.91122,259.81122,262.31122,259.41122,264.21124,265.71124,262.21124,261.51123,258.81122,255.01123,255.81123,259.51123
273.61124,273.51123,273.21124,273.41122,273.41122,273.31122,273.01123,273.11124,273.21124,273.21124,273.21124,273.21124,273.11124,272.51123,272.41122,272.01123,272.51123,272.41122,271.61124,269.61124,267.41122,266.91122,265.01123,264.61124,263.01123,259.91122,257.01123,249.81123,250.71123,252.61124,252.71123,259.01123,262.41122,264.31122,263.51123,257.21124,258.41122,262.11124,259.81122,258.41122,260.01123
273.21124,273.21124,273.21124,273.21124,273.21124,273.21124,273.21124,273.01123,272.71124,272.41122,272.41122,272.81122,272.31122,273.01123,271.81122,271.31122,271.11124,271.41122,269.61124,268.41122,267.11124,263.81122,263.61124,260.71124,259.41122,257.71124,256.91122,252.71123,253.31123,247.81123,252.01123,256.41122,260.81122,266.01123,265.61124,261.51123,262.61124,259.41122,250.11124,251.81123,258.31122
273.21124,273.21124,273.21124,273.21124,273.21124,273.21124,273.21124,272.91122,272.01123,271.81122,271.51123,271.41122,271.81122,271.61124,270.81122,269.71124,269.11124,269.01123,267.81122,264.91122,261.01123,259.81122,263.21124,259.81122,256.71124,257.81122,256.61124,256.11124,256.91122,258.31122,259.61124,263.41122,265.31122,266.11124,267.81122,266.91122,265.31122,260.71124,254.31123,256.31122,259.31122
273.21124,273.21124,272.51123,272.71124,273.21124,273.21124,272.91122,273.01123,272.01123,270.81122,270.21124,269.61124,271.41122,270.21124,269.21124,266.81122,265.01123,261.61124,262.51123,259.31122,260.91122,261.01123,254.61124,257.71124,257.11124,253.71123,256.01123,258.81122,259.81122,261.61124,262.11124,264.01123,263.41122,265.31122,268.31122,267.91122,266.61124,261.01123,255.81123,258.41122,258.71124
273.21124,273.21124,273.11124,272.91122,272.61124,273.01123,272.61124,271.61124,271.41122,270.81122,270.51123,268.91122,269.61124,268.11124,265.91122,263.81122,260.11124,258.71124,258.71124,257.91122,258.91122,253.21123,255.11124,252.91122,253.41122,254.71123,259.91122,261.41122,262.31122,259.41122,258.01123,260.81122,262.91122,263.41122,266.41122,268.51123,267.91122,262.31122,264.11124,262.21124,263.31122
273.21124,272.91122,273.01123,273.01123,272.81122,272.81122,270.31122,269.21124,269.21124,269.31122,268.91122,265.81122,265.01123,265.01123,262.31122,259.11124,258.81122,258.51123,257.01123,255.71123,256.41122,255.21123,253.91122,253.51123,255.41122,256.21124,260.51123,261.21124,262.11124,261.31122,258.81122,259.91122,259.61124,260.61124,267.21124,267.21124,262.31122,265.21124,261.51123,265.31122,266.21124
273.01123,272.71124,272.91122,272.51123,272.51123,271.11124,269.71124,268.91122,270.11124,269.41122,267.91122,266.41122,261.71124,260.61124,257.81122,258.51123,258.71124,256.71124,255.71123,254.91122,254.01123,253.11124,251.11124,249.51123,249.81123,250.71123,258.21124,262.51123,261.71124,263.61124,265.61124,264.61124,265.11124,264.61124,267.71124,267.21124,267.51123,265.31122,268.01123,269.41122,265.01123
273.21124,272.71124,272.71124,272.41122,272.01123,271.01123,270.11124,270.11124,268.51123,268.91122,269.61124,268.51123,265.41122,261.11124,260.11124,258.91122,257.91122,256.21124,254.81123,254.31123,252.91122,250.51123,250.11124,250.31123,252.41122,251.61124,252.41122,258.81122,260.71124,260.31122,265.11124,266.81122,267.51123,267.51123,267.51123,263.61124,267.51123,267.61124,267.11124,268.11124,266.91122
