wind_kz.json
{"header": {"discipline":0,"disciplineName":"Meteorological products","gribEdition":2,"gribLength":1025,"center":7,"centerName":"US National Weather Service - NCEP(WMC)","subcenter":0,"refTime":"2023-09-29T06:00:00.000Z","significanceOfRT":1,"significanceOfRTName":"Start of forecast","productStatus":0,"productStatusName":"Operational products","productType":1,"productTypeName":"Forecast products","productDefinitionTemplate":0,"productDefinitionTemplateName":"Analysis/forecast at horizontal level/layer at a point in time","parameterCategory":2,"parameterCategoryName":"UnknownDiscipline_0_Category_2","parameterNumber":2,"parameterNumberName":"UnknownParameter_D0_C2_2","parameterUnit":"Unknown","genProcessType":2,"genProcessTypeName":"Forecast","forecastTime":300,"surface1Type":103,"surface1TypeName":"Specified height level above ground","surface1Value":10.0,"surface2Type":255,"surface2TypeName":"Missing","surface2Value":0.0,"gridDefinitionTemplate":0,"gridDefinitionTemplateName":"Latitude_Longitude","numberPoints":615,"shape":6,"shapeName":"Earth spherical with radius of 6,371,229.0 m","gridUnits":"degrees","resolution":48,"winds":"true","scanMode":64,"nx":41,"ny":15,"basicAngle":0,"lo1":47.0,"la1":41.0,"lo2":87.0,"la2":55.0,"dx":1.0,"dy":1.0}, "data":
[rows 0 to 14 of 15, columns 0 to 40 of 41]
-0.85172606,-0.73172605,1.5282739,-3.421726,-0.8017261,-3.7717261,-6.171726,-6.531726,-7.461726,-4.671726,-4.6117263,-6.031726,-6.271726,-5.1117263,-3.101726,-2.5117261,-1.991726,-1.5817261,-3.301726,-3.4617262,-1.741726,-0.17172608,-0.20172608,-1.4017261,-1.621726,-1.7817261,-0.79172605,1.488274,0.70827395,1.018274,1.608274,1.7282739,-1.0317261,0.20827393,-3.091726,-3.101726,-4.101726,-4.711726,-7.671726,-8.451726,-6.481726
1.6582739,0.5082739,-5.691726,-4.8417263,-4.481726,-5.6117263,-5.981726,-6.071726,-4.801726,-5.511726,-6.391726,-5.871726,-5.271726,-3.171726,-2.601726,-2.7317262,-1.131726,-2.0217261,-3.0017262,-3.661726,-3.401726,-1.9417261,-0.22172607,-1.751726,-0.28172606,0.9182739,0.8582739,1.3082739,-2.581726,-0.011726074,-0.18172607,-0.021726074,1.2782739,-2.791726,0.7282739,0.43827394,-0.021726074,0.31827393,-0.28172606,-0.21172607,-7.451726
-0.9317261,-5.231726,-6.641726,-5.001726,-5.9017262,-6.0917263,-5.121726,-4.411726,-6.311726,-6.331726,-5.1317263,-4.621726,-3.5217261,-3.401726,-3.2517262,-3.0017262,-3.801726,-3.181726,-2.171726,-3.091726,-5.3617263,-8.151726,-6.301726,-4.961726,-0.73172605,-2.661726,0.20827393,-2.421726,-1.8317261,-0.30172607,0.3382739,0.37827393,0.07827392,-0.9317261,-1.7917261,-0.72172606,0.24827392,-0.61172605,5.448274,4.188274,2.058274
-3.911726,-6.811726,-5.351726,-4.331726,-3.4617262,-3.5017262,-3.851726,-4.391726,-6.191726,-5.721726,-4.581726,-4.011726,-6.961726,-6.311726,-3.7617261,-3.891726,-3.421726,-3.4617262,-4.741726,-4.251726,-5.981726,-3.451726,-3.801726,-6.681726,-6.891726,-6.8817263,-6.171726,-10.451726,-3.581726,-2.181726,1.6582739,-0.14172608,2.4682739,2.868274,0.47827393,-0.5617261,-1.2817261,2.588274,0.64827394,-0.42172608,-1.2117261
-4.481726,-6.6117263,-5.331726,-4.891726,-4.581726,-3.7717261,-5.061726,-3.941726,-5.521726,-5.211726,-3.7417262,-4.411726,-5.371726,-5.331726,-5.3817263,-4.211726,-4.301726,-3.901726,-5.461726,-7.521726,-8.971726,-7.981726,-7.441726,-6.671726,-6.371726,-7.081726,-9.101727,-7.261726,-4.541726,-3.601726,-3.9617262,-1.9217261,-0.8317261,1.628274,-1.351726,-0.96172607,3.2582738,-5.551726,-2.9617262,1.9282739,0.25827393
-3.7817261,-3.541726,-4.931726,-5.6517262,-5.531726,-6.1517262,-4.691726,-4.691726,-4.8617263,-4.6317263,-3.4817262,-3.421726,-4.031726,-4.911726,-4.4017262,-3.7717261,-4.261726,-4.251726,-5.1317263,-4.481726,-5.521726,-5.031726,-5.071726,-5.561726,-5.491726,-5.981726,-4.191726,-7.1517262,-3.2317262,-2.7817261,-2.9717262,-3.541726,-2.831726,-2.411726,-1.621726,-1.261726,-0.24172607,1.6582739,3.2482738,-8.311726,-7.931726
-1.631726,-2.2517262,-2.161726,-2.4917262,-2.681726,-3.061726,-3.451726,-3.201726,-3.791726,-3.411726,-2.601726,-2.7317262,-2.2317262,-2.361726,-2.7717261,-3.121726,-3.041726,-3.2717261,-3.821726,-4.051726,-3.811726,-3.651726,-3.391726,-2.911726,-2.801726,-2.651726,-1.241726,-1.4417261,-1.5517261,-1.881726,-1.4217261,-1.501726,-0.72172606,-1.391726,-2.871726,-2.091726,-0.22172607,2.418274,-0.6317261,0.76827395,1.5682739
-1.8017261,-1.131726,-0.49172607,0.21827392,0.13827392,1.7282739,-1.4417261,-2.2317262,-1.8317261,-2.171726,-1.4417261,-1.2817261,-0.9917261,-0.9417261,-0.48172608,-1.2717261,-1.501726,-1.601726,-1.5917261,-2.431726,-1.381726,-1.761726,-1.351726,-1.5317261,-0.29172608,0.3382739,1.2882739,1.1882739,2.338274,2.668274,2.378274,2.818274,1.498274,0.21827392,-1.241726,-1.2917261,-0.041726075,3.658274,3.928274,5.378274,1.1682739
-0.32172608,-0.13172607,-0.86172605,-1.131726,-0.13172607,-0.5217261,-0.7517261,-0.07172608,-0.9917261,-0.12172607,0.38827392,0.64827394,1.8382739,1.7782739,1.8282739,1.758274,1.6982739,1.9282739,1.9782739,1.3282739,1.4582739,2.308274,2.208274,1.998274,2.368274,2.118274,2.208274,2.9782739,3.9982738,3.568274,3.5182738,3.188274,3.558274,-0.16172607,0.51827395,-0.8017261,-0.40172607,-2.641726,-0.73172605,0.88827395,-1.981726
-0.13172607,-0.29172608,-0.031726073,-0.9917261,-0.8017261,-0.31172606,-1.1717261,0.64827394,0.34827393,1.1882739,1.7082739,2.398274,2.658274,2.7682738,2.938274,2.9682739,2.7482738,2.7382739,2.7582738,2.7682738,3.668274,3.4782739,3.408274,2.9982738,3.898274,4.248274,4.858274,5.648274,6.3882737,6.4082737,5.628274,3.948274,2.5182738,0.9282739,-0.48172608,-1.3417261,-2.391726,-0.71172607,-0.78172606,0.25827393,-1.2117261
0.098273925,0.3682739,0.13827392,0.018273925,0.6982739,0.7982739,0.8782739,1.738274,1.398274,1.508274,2.348274,2.838274,2.9982738,3.638274,3.678274,3.7882738,4.148274,4.608274,2.948274,4.668274,5.5982738,4.698274,5.6582737,5.3482738,5.558274,6.108274,7.6382737,7.318274,7.558274,8.098274,5.838274,4.698274,2.0082738,0.78827393,0.21827392,-1.601726,-1.4017261,1.2282739,-0.37172607,1.128274,-1.4017261
1.4582739,1.858274,1.9782739,1.8082739,2.0282738,1.768274,1.0582739,1.638274,2.118274,1.1782739,0.9882739,3.168274,3.148274,3.7482738,4.628274,4.198274,5.008274,5.818274,4.428274,6.018274,5.758274,6.058274,5.6382737,6.418274,7.558274,8.098274,8.098274,8.228274,7.708274,7.1382737,5.048274,3.948274,4.238274,1.5482739,1.138274,1.628274,2.548274,1.2282739,0.008273926,-0.5217261,-0.6917261
1.6682739,1.7282739,2.448274,2.388274,1.988274,1.3382739,1.738274,1.5782739,2.928274,1.268274,0.84827393,4.058274,2.548274,4.278274,4.708274,4.978274,5.088274,5.378274,4.028274,5.968274,4.878274,6.198274,7.048274,6.918274,8.508274,8.058274,8.158274,6.478274,5.978274,6.9082737,4.288274,4.728274,4.5982738,2.868274,1.4682739,1.5682739,2.0182738,1.2082739,1.878274,1.4082739,1.018274
2.678274,2.4682739,2.408274,2.608274,1.9482739,2.108274,2.0282738,2.5282738,2.088274,1.5582739,1.018274,1.5782739,5.238274,4.318274,5.038274,4.608274,4.688274,3.9682739,3.668274,5.678274,6.418274,6.548274,8.048274,8.168274,7.838274,7.108274,5.878274,4.488274,3.578274,5.548274,4.178274,3.388274,2.568274,2.648274,2.368274,0.19827393,0.13827392,0.48827392,0.14827393,2.308274,0.8682739
1.2982739,2.448274,3.558274,3.2382739,3.048274,2.128274,3.088274,2.4882739,2.9782739,2.108274,0.6082739,4.768274,3.078274,4.678274,2.9982738,3.2282739,4.038274,4.718274,3.838274,5.078274,5.8882737,5.988274,6.198274,5.468274,7.178274,5.318274,1.0482739,2.108274,4.1182737,3.908274,5.1182737,2.4682739,1.0282739,1.0282739,0.048273925,0.24827392,0.9782739,1.2982739,2.368274,3.118274,1.898274
