wind_kz.json
{"header": {"discipline":0,"disciplineName":"Meteorological products","gribEdition":2,"gribLength":871,"center":7,"centerName":"US National Weather Service - NCEP(WMC)","subcenter":0,"refTime":"2023-08-28T12:00:00.000Z","significanceOfRT":1,"significanceOfRTName":"Start of forecast","productStatus":0,"productStatusName":"Operational products","productType":1,"productTypeName":"Forecast products","productDefinitionTemplate":0,"productDefinitionTemplateName":"Analysis/forecast at horizontal level/layer at a point in time","parameterCategory":0,"parameterCategoryName":"UnknownDiscipline_0_Category_0","parameterNumber":0,"parameterNumberName":"UnknownParameter_D0_C0_0","parameterUnit":"Unknown","genProcessType":2,"genProcessTypeName":"Forecast","forecastTime":300,"surface1Type":1,"surface1TypeName":"Ground or water surface","surface1Value":0.0,"surface2Type":255,"surface2TypeName":"Missing","surface2Value":0.0,"gridDefinitionTemplate":0,"gridDefinitionTemplateName":"Latitude_Longitude","numberPoints":615,"shape":6,"shapeName":"Earth spherical with radius of 6,371,229.0 m","gridUnits":"degrees","resolution":48,"winds":"true","scanMode":64,"nx":41,"ny":15,"basicAngle":0,"lo1":47.0,"la1":41.0,"lo2":87.0,"la2":55.0,"dx":1.0,"dy":1.0}, "data":
[rows 0 to 14 of 15, columns 0 to 40 of 41]
294.20074,284.70074,285.00076,298.00076,297.90076,296.60077,293.30075,293.10077,291.60077,292.10077,290.80075,292.80075,292.30075,292.40076,291.60077,290.20074,289.20074,290.40076,288.00076,289.40076,293.10077,290.80075,291.50076,289.40076,291.90076,291.90076,288.70074,276.80075,276.30075,275.60077,274.10077,273.00076,286.20074,291.20074,291.10077,290.60077,290.80075,291.20074,291.20074,292.10077,291.80075
273.30075,285.80075,297.60077,298.30075,298.10077,296.40076,291.90076,290.90076,289.90076,289.90076,290.70074,290.10077,288.70074,287.50076,289.90076,289.70074,288.90076,288.70074,286.50076,286.80075,286.70074,290.00076,291.60077,286.20074,277.10077,274.70074,283.10077,277.50076,278.00076,274.20074,280.70074,271.70074,279.50076,257.80075,274.90076,289.30075,287.80075,290.30075,293.10077,286.30075,284.00076
287.30075,297.30075,297.80075,297.80075,296.20074,291.40076,290.90076,290.50076,288.70074,288.90076,289.00076,289.60077,287.90076,288.30075,288.60077,287.30075,285.60077,286.40076,286.70074,287.30075,286.90076,286.30075,289.60077,287.80075,292.20074,291.60077,291.80075,291.70074,289.30075,279.60077,274.60077,278.30075,282.20074,280.50076,281.40076,284.00076,275.30075,274.40076,277.30075,273.20074,273.00076
287.90076,297.20074,298.00076,296.80075,293.60077,289.30075,291.00076,289.60077,290.80075,292.60077,289.50076,288.10077,294.00076,293.40076,289.30075,286.80075,287.60077,288.10077,292.00076,287.70074,287.50076,283.90076,287.90076,289.20074,291.90076,295.40076,294.20074,291.50076,292.00076,293.20074,291.50076,287.90076,292.80075,288.80075,290.50076,289.40076,276.70074,273.80075,280.30075,287.30075,290.80075
290.00076,296.00076,296.90076,296.00076,294.00076,291.00076,294.00076,291.70074,291.10077,292.30075,290.60077,287.60077,293.40076,292.20074,290.40076,288.90076,288.50076,288.10077,286.30075,291.80075,292.30075,290.00076,288.00076,288.10077,286.30075,290.50076,294.90076,294.40076,294.60077,294.30075,294.10077,293.40076,283.30075,272.00076,280.90076,289.10077,291.30075,292.30075,292.50076,293.70074,294.20074
287.80075,287.80075,294.30075,294.30075,295.20074,294.60077,291.10077,292.50076,290.80075,290.60077,290.10077,291.20074,292.60077,293.50076,291.20074,289.70074,289.20074,288.30075,287.90076,289.20074,288.60077,291.10077,288.40076,287.80075,286.70074,285.50076,289.20074,292.00076,295.30075,294.80075,292.10077,292.10077,291.00076,290.50076,289.00076,292.30075,286.30075,286.70074,289.90076,292.60077,292.70074
289.40076,287.70074,290.80075,290.80075,290.90076,288.70074,289.20074,289.40076,289.70074,291.50076,290.00076,290.80075,287.30075,288.80075,288.30075,289.60077,287.70074,288.30075,288.90076,288.40076,287.60077,288.80075,288.80075,288.10077,287.30075,286.80075,287.40076,294.20074,291.80075,292.60077,292.00076,291.30075,289.70074,292.90076,293.10077,293.10077,286.70074,283.40076,278.70074,276.20074,288.50076
291.10077,290.10077,286.90076,286.50076,289.40076,288.60077,288.60077,288.10077,287.60077,288.70074,288.50076,290.20074,287.50076,288.00076,288.40076,288.20074,286.80075,287.50076,287.50076,286.20074,287.70074,286.70074,286.30075,287.00076,286.10077,283.70074,285.90076,290.40076,289.00076,290.80075,287.90076,287.90076,287.60077,284.00076,284.40076,284.80075,286.90076,289.30075,288.20074,288.30075,286.70074
290.90076,289.60077,291.80075,288.10077,288.40076,287.50076,286.60077,287.00076,286.20074,285.30075,286.00076,287.50076,287.20074,287.80075,287.50076,286.70074,286.80075,286.00076,285.90076,286.00076,284.60077,285.10077,286.20074,285.60077,284.70074,285.80075,284.50076,285.40076,283.20074,282.50076,283.50076,285.60077,281.70074,283.40076,282.70074,282.40076,285.70074,284.90076,273.70074,274.50076,272.70074
288.90076,290.70074,291.10077,291.90076,285.70074,285.50076,283.80075,285.30075,285.30075,284.20074,283.80075,283.80075,286.30075,287.10077,285.60077,287.00076,286.90076,286.80075,286.30075,285.30075,285.70074,284.40076,285.70074,286.40076,286.40076,285.20074,285.90076,285.10077,284.50076,283.70074,285.40076,285.00076,283.70074,283.90076,282.90076,283.10077,283.60077,282.10077,275.80075,278.50076,275.90076
290.60077,292.20074,288.60077,288.50076,288.10077,289.60077,284.10077,283.60077,283.70074,283.30075,282.40076,281.80075,283.70074,284.60077,286.10077,286.00076,285.10077,286.90076,287.10077,285.90076,285.80075,286.80075,286.60077,287.30075,287.00076,286.80075,284.70074,285.10077,283.80075,284.30075,285.90076,284.50076,283.70074,283.80075,282.20074,281.50076,282.40076,279.20074,276.10077,278.20074,277.40076
289.50076,288.90076,291.50076,287.60077,286.90076,286.10077,282.80075,281.90076,282.40076,282.70074,280.40076,281.30075,282.50076,282.70074,283.00076,285.00076,286.20074,286.10077,286.50076,286.70074,285.50076,284.90076,285.90076,286.10077,285.50076,286.00076,286.60077,287.10077,286.30075,283.70074,282.90076,282.80075,283.10077,282.20074,282.40076,282.00076,281.30075,280.20074,281.40076,281.40076,280.80075
288.40076,287.80075,290.60077,288.20074,287.00076,286.60077,284.40076,282.10077,279.80075,280.10077,279.10077,279.00076,280.90076,280.90076,281.80075,282.90076,283.30075,283.70074,284.10077,285.10077,285.40076,284.60077,284.20074,285.00076,284.90076,284.40076,285.00076,283.80075,283.60077,282.20074,282.00076,281.70074,281.60077,281.00076,280.10077,280.00076,280.00076,280.80075,280.20074,279.50076,279.90076
288.10077,288.70074,289.40076,289.70074,286.00076,289.10077,288.10077,283.00076,281.20074,280.70074,279.80075,278.70074,279.20074,279.60077,280.80075,281.60077,281.90076,282.00076,283.20074,283.00076,283.00076,283.00076,283.30075,283.00076,282.80075,282.70074,282.20074,281.70074,281.30075,281.10077,280.80075,280.00076,279.80075,279.00076,279.10077,278.50076,278.80075,278.50076,277.60077,277.30075,277.70074
289.60077,290.70074,289.40076,287.90076,287.10077,288.80075,288.10077,282.30075,281.50076,280.60077,280.90076,277.60077,278.50076,279.30075,279.90076,281.00076,281.30075,281.40076,281.80075,281.90076,282.00076,281.70074,281.70074,281.50076,281.50076,281.20074,280.80075,280.60077,280.40076,280.20074,280.20074,281.00076,278.70074,278.00076,277.90076,278.10077,277.90076,277.50076,277.70074,278.70074,277.80075
