wind_kz.json
{"header": {"discipline":0,"disciplineName":"Meteorological products","gribEdition":2,"gribLength":1025,"center":7,"centerName":"US National Weather Service - NCEP(WMC)","subcenter":0,"refTime":"2023-08-20T06:00:00.000Z","significanceOfRT":1,"significanceOfRTName":"Start of forecast","productStatus":0,"productStatusName":"Operational products","productType":1,"productTypeName":"Forecast products","productDefinitionTemplate":0,"productDefinitionTemplateName":"Analysis/forecast at horizontal level/layer at a point in time","parameterCategory":2,"parameterCategoryName":"UnknownDiscipline_0_Category_2","parameterNumber":2,"parameterNumberName":"UnknownParameter_D0_C2_2","parameterUnit":"Unknown","genProcessType":2,"genProcessTypeName":"Forecast","forecastTime":60,"surface1Type":103,"surface1TypeName":"Specified height level above ground","surface1Value":10.0,"surface2Type":255,"surface2TypeName":"Missing","surface2Value":0.0,"gridDefinitionTemplate":0,"gridDefinitionTemplateName":"Latitude_Longitude","numberPoints":615,"shape":6,"shapeName":"Earth spherical with radius of 6,371,229.0 m","gridUnits":"degrees","resolution":48,"winds":"true","scanMode":64,"nx":41,"ny":15,"basicAngle":0,"lo1":47.0,"la1":41.0,"lo2":87.0,"la2":55.0,"dx":1.0,"dy":1.0}, "data":
[rows 0 to 14 of 15, columns 0 to 40 of 41]
-2.0778637,-0.20786376,2.4821362,3.4121363,2.6421363,0.47213623,2.5221362,4.7121363,-3.9978638,-2.9278638,-3.4878638,-2.2178638,-0.52786374,-2.7778637,-0.70786375,-0.48786378,0.02213623,1.2821362,-3.8978639,-2.3078637,-1.1778637,-1.2278638,-1.3478638,-1.1278638,1.6021363,-3.8178637,-2.5478637,0.8821362,2.3621361,0.8821362,1.2321362,1.2821362,0.49213624,-3.8878639,-3.2278638,3.1621363,-1.0778638,3.5321362,-2.127864,-3.5178638,-6.167864
1.4721363,2.8221362,1.4721363,0.34213623,3.372136,2.3021362,2.5221362,1.7021363,3.7221363,-0.47786376,-0.93786377,1.5121362,-1.5478637,-2.2278638,-1.7378638,-1.2478638,-3.1078637,-3.2978637,-2.8478637,-1.0578637,-0.11786377,-0.57786375,-2.0178638,-2.377864,-0.21786377,0.41213623,-1.9278637,0.62213624,-4.127864,-2.0878637,-0.04786377,0.54213625,-0.94786376,0.08213623,0.42213622,2.0721362,1.9821362,0.8921362,-0.11786377,-0.19786377,-6.2178636
2.4721363,1.4521363,0.11213623,1.2621362,2.7621362,2.0421362,3.5321362,6.582136,0.7621362,3.0421362,0.20213623,-4.027864,-4.047864,-2.3878639,-1.2578638,-1.5878638,0.28213623,-1.2678638,0.5821362,1.9021362,2.3321362,1.9121362,0.74213624,-0.12786376,0.56213623,2.4621363,2.5721362,-0.5478638,-4.1578636,-0.31786376,-0.9278638,2.3021362,1.6721362,0.25213623,0.092136234,-0.6778638,0.10213623,-0.11786377,5.142136,2.8021362,1.3621362
-1.4178637,-1.5678638,1.0621362,3.6921363,3.0821362,2.872136,4.0321364,5.6521363,-2.3578637,-2.0278637,-1.8778638,-3.6078637,-2.8078637,-1.8878638,0.62213624,1.2521362,1.9821362,1.3121362,-0.11786377,2.0921361,1.8021362,0.19213623,2.8221362,-1.2778637,-0.56786376,-1.3078637,-3.9778638,-1.0678638,0.91213626,2.5821362,-1.4278637,-0.9878638,2.7721362,7.502136,-2.1678638,-1.5278637,-0.57786375,1.0321362,1.4521363,1.8521363,-0.6778638
0.07213623,2.3321362,3.1821363,3.872136,3.2121363,2.7921362,2.1321363,0.08213623,-2.2478638,-4.297864,-3.8978639,-1.3478638,0.25213623,3.9621363,3.0221362,3.2821362,3.9621363,4.372136,2.4921362,2.4021363,2.8321362,0.66213626,1.1221362,2.5321362,-1.3778638,-3.7678638,-3.9578638,1.2321362,-2.6878638,-3.4478638,-3.3178637,-2.6078637,-1.7778637,1.8421363,2.2421362,1.2521362,2.7821362,0.45213622,0.27213624,-3.5978637,-4.247864
3.0721362,1.5921363,4.8021364,4.452136,5.202136,3.6421363,3.6521363,2.2121363,1.0021362,-0.33786377,-3.2778637,-2.2378638,1.8321363,4.5721364,4.602136,4.8221364,4.042136,0.36213624,2.5621362,3.0721362,1.9221362,-0.06786377,1.6321362,-3.5878637,-2.7778637,-2.1478639,-2.0878637,-3.7578638,1.5121362,-1.5478637,-1.4678638,-1.0378637,-1.0778638,0.15213624,0.22213623,-0.68786377,0.61213624,1.9921362,4.1721363,-4.047864,-4.127864
2.5721362,3.8121362,3.0821362,4.8221364,4.662136,2.7121363,3.9821362,3.7221363,-0.50786376,-1.8078637,0.36213624,1.6621362,3.1321363,0.60213625,4.082136,4.742136,5.6921363,0.32213622,1.7521362,2.8621361,3.5321362,2.8221362,0.67213625,-1.6378638,-1.8078637,-1.1278638,-0.5378638,0.79213625,-3.5778637,-7.167864,-6.1778636,-4.647864,-0.81786376,-1.1878638,-1.0778638,-2.2578638,-1.6378638,1.7021363,-0.50786376,0.6421362,4.3021364
5.372136,5.2321362,4.7821364,4.222136,4.742136,-0.88786376,-2.6978638,0.6421362,0.47213623,2.4421363,1.9521363,2.2721362,3.3321362,4.182136,3.0421362,5.4621363,2.0921361,0.7621362,1.6621362,0.80213624,2.0021362,2.122136,0.9521362,0.5221362,-2.5978637,-0.6578638,1.3621362,-2.5778637,-3.0578637,-5.817864,-4.7378635,-2.3578637,-3.0278637,-0.76786375,1.5321362,-1.5878638,-2.1978638,0.8821362,3.4221363,4.4221363,-0.6778638
1.4821362,4.0721364,4.1721363,5.182136,2.1721363,0.68213624,0.02213623,-0.17786378,2.4221363,1.6221362,3.622136,2.2521362,5.522136,7.1321363,6.7321362,5.142136,1.2921362,-0.8478638,-2.1478639,-2.4678638,-2.5078638,-0.9178638,1.4021362,-0.24786377,-0.06786377,-2.5678637,-2.3678637,-2.4378638,-1.3678638,-2.0678637,-3.6178637,-2.9678638,4.642136,4.702136,5.312136,-0.33786377,0.9621362,-1.9778638,-1.4478638,0.9421362,-1.2378638
1.5221362,4.7821364,1.0721363,2.6121361,6.142136,2.0721362,2.2021363,3.4521363,3.7921362,1.0921363,-0.7378638,4.832136,2.1521363,5.1521363,4.8021364,2.1721363,-0.06786377,-1.4678638,-2.4578638,-3.5578637,-2.9478638,-1.8178638,-0.37786376,1.9521363,3.622136,0.25213623,-0.6578638,-0.87786376,0.43213624,-1.0578637,0.50213623,1.3321363,4.412136,3.0821362,-1.1978638,-0.22786377,-1.6578637,0.18213624,-1.8478638,0.23213623,-0.52786374
2.6021361,-0.36786377,1.2621362,-1.2578638,-2.2978637,-3.7078638,-3.3578637,0.22213623,-0.35786378,-0.94786376,3.4821362,4.6921363,3.4321363,0.80213624,0.17213623,2.1621363,0.92213625,0.26213622,-1.7278638,-1.7578638,-3.3178637,-2.3378637,-0.9678638,0.16213623,0.12213623,-2.3478637,-0.5478638,1.4121362,1.5821363,1.2921362,2.2121363,3.5021362,3.1521363,0.14213623,-2.1178637,-1.3578638,-1.1378638,0.17213623,0.03213623,0.6321362,-1.4178637
2.0921361,-1.5578637,-0.18786377,0.55213624,0.36213624,-0.17786378,-1.6378638,0.04213623,0.30213624,-1.7478638,-1.9278637,0.98213625,0.9021362,2.4721363,0.29213622,-1.2778637,-2.6178637,-2.3678637,0.092136234,-2.0178638,-2.3178637,-1.1078638,-1.5178638,-2.0278637,-2.8178637,-3.2778637,-2.4378638,0.7821362,1.0321362,3.122136,0.72213626,1.2621362,-1.6378638,-2.7278638,-2.3478637,-2.6478639,-2.1478639,-0.33786377,-0.03786377,-0.32786378,-0.38786376
1.9121362,1.5721363,-0.15786377,0.5821362,0.7621362,-0.29786378,-1.9278637,-1.5478637,-1.9878638,-1.3478638,-1.0378637,-1.7878637,1.7521362,-0.51786375,-2.5078638,-2.2078638,-1.5978638,-3.5678637,-2.0278637,-1.0078638,-2.7278638,-1.8378638,0.05213623,-0.13786377,-0.5978638,-2.6178637,-2.7778637,-0.8478638,-0.25786376,-2.1878638,-1.0278637,-1.4978638,-0.7378638,-2.4378638,-1.8278638,-1.6678637,-1.5678638,-1.5578637,-1.9878638,-0.94786376,-0.74786377
-2.6978638,-0.12786376,-2.4378638,-1.9278637,0.62213624,-1.2378638,0.22213623,-0.06786377,0.14213623,-0.01786377,-0.94786376,-0.5578638,0.47213623,1.1321362,-2.377864,-0.9878638,-2.2378638,-1.6578637,0.06213623,2.0921361,1.6421362,1.5921363,2.0021362,0.97213626,0.17213623,-1.4378638,-2.0878637,-2.5878637,-2.9478638,-2.7278638,-3.0478637,-1.6678637,-1.2478638,1.3821362,0.11213623,-1.3478638,-1.0078638,-0.7178638,-1.0878638,0.03213623,-0.38786376
-0.18786377,-0.9278638,-0.8678638,-0.29786378,-1.8078637,-2.4278638,-1.8078637,-1.3778638,-1.2878637,-1.0378637,-1.5278637,-1.1878638,-0.9078638,-0.17786378,-1.4378638,0.93213624,-0.23786376,1.0421362,0.01213623,-0.8478638,-1.1278638,-2.2778637,-3.4378638,-2.5678637,-2.2978637,-2.2778637,-1.4078637,-0.7878638,-2.4778638,-2.7578638,-3.0278637,-2.8978639,-0.82786375,1.1721362,1.5121362,1.7021363,-0.36786377,0.13213623,0.07213623,1.2321362,-0.93786377
