wind_kz.json
{"header": {"discipline":0,"disciplineName":"Meteorological products","gribEdition":2,"gribLength":1025,"center":7,"centerName":"US National Weather Service - NCEP(WMC)","subcenter":0,"refTime":"2024-04-06T12:00:00.000Z","significanceOfRT":1,"significanceOfRTName":"Start of forecast","productStatus":0,"productStatusName":"Operational products","productType":1,"productTypeName":"Forecast products","productDefinitionTemplate":0,"productDefinitionTemplateName":"Analysis/forecast at horizontal level/layer at a point in time","parameterCategory":2,"parameterCategoryName":"UnknownDiscipline_0_Category_2","parameterNumber":2,"parameterNumberName":"UnknownParameter_D0_C2_2","parameterUnit":"Unknown","genProcessType":2,"genProcessTypeName":"Forecast","forecastTime":180,"surface1Type":103,"surface1TypeName":"Specified height level above ground","surface1Value":10.0,"surface2Type":255,"surface2TypeName":"Missing","surface2Value":0.0,"gridDefinitionTemplate":0,"gridDefinitionTemplateName":"Latitude_Longitude","numberPoints":615,"shape":6,"shapeName":"Earth spherical with radius of 6,371,229.0 m","gridUnits":"degrees","resolution":48,"winds":"true","scanMode":64,"nx":41,"ny":15,"basicAngle":0,"lo1":47.0,"la1":41.0,"lo2":87.0,"la2":55.0,"dx":1.0,"dy":1.0}, "data":
[rows 0 to 14 of 15, columns 0 to 40 of 41]
-1.6156348,-1.4056348,0.97436523,-0.65563476,1.5743653,3.5643651,4.054365,2.1243653,1.6743653,-0.07563476,-0.065634765,2.4043653,3.3143651,4.824365,4.8743653,4.244365,1.7243652,2.8243651,3.3643653,2.8843653,-1.1956347,-0.6456348,-0.19563477,-0.31563476,-1.8356347,-1.4456347,-1.4156348,-0.54563475,-0.54563475,-0.30563477,-2.3256347,2.1443653,1.4243653,-0.24563476,0.59436524,1.4543653,0.9343652,0.044365235,-0.52563477,-2.2956347,-1.2856348
1.8143653,0.51436526,-0.7056348,-0.46563476,1.7243652,0.28436524,-1.3056347,-2.5156348,-2.7856348,-0.5756348,2.0043652,2.7243652,3.9143653,4.264365,4.424365,5.614365,2.3343651,0.37436524,2.6643653,1.6243652,2.2343652,1.4543653,-0.48563477,-0.46563476,-0.23563476,1.5543653,-0.79563475,-0.61563474,-3.1556349,-2.3356347,-0.065634765,-0.6856348,2.9343653,-2.8956347,-0.07563476,-0.17563477,0.40436524,-0.29563478,-1.4056348,3.3343651,-1.1256348
-0.26563478,-2.7556348,-1.6556348,1.3643652,0.14436524,-2.8456347,-2.4156349,-1.1256348,-1.6756347,0.36436522,1.6043652,3.3843653,4.2743654,4.6843653,5.424365,3.6743653,-0.28563476,-0.35563478,1.7543652,1.6243652,2.7043653,2.4543653,0.014365234,0.57436526,1.8743652,1.8643652,2.5143652,2.4343653,0.63436526,-0.095634766,-1.8356347,2.1843653,-0.66563475,-0.84563476,-0.095634766,-0.9356348,-0.9956348,-0.16563477,-1.2856348,1.2043653,1.8443652
-3.0956347,-3.1456347,-1.6356348,-3.0156348,-3.9556348,-1.9056348,0.46436524,-1.8256347,-0.71563476,-0.61563474,0.83436525,-0.36563477,-1.5456347,-3.2056348,-2.0256348,-3.1956348,-2.5856347,-0.97563475,1.4643652,-0.22563477,-1.3156347,0.58436525,-0.26563478,-1.6756347,-2.6356347,-2.7356348,-2.5256348,-4.025635,-0.91563475,2.4943652,1.6443652,-3.0956347,-1.9156348,-2.3456347,-2.5256348,-2.2956347,-2.3956347,1.8043653,1.0243652,-0.18563476,-1.1256348
-2.3756347,-2.5156348,-2.8456347,-3.6056347,-2.3856347,-1.6956347,-1.7356348,-1.4056348,-0.59563476,0.8743652,-0.91563475,-0.48563477,-4.175635,-7.3956347,-2.7656348,-3.4356349,-4.055635,-2.7456348,-2.1556349,-4.3356347,-6.155635,-5.3356347,-2.7856348,-3.1356347,-4.325635,-3.7456348,-5.7456346,-2.5656347,-2.6356347,-3.1956348,-4.325635,-2.1356347,-2.6356347,0.52436525,-0.90563476,-0.36563477,-3.2156348,-3.4656348,-2.2356348,-2.1256347,-2.5556347
-0.90563476,-1.2556348,-1.4356347,-1.1456348,-2.0556347,-0.8956348,0.084365234,-0.38563478,-0.71563476,-1.1156348,-1.8456348,-2.3956347,-1.6756347,-4.235635,-3.8056347,-2.7356348,-4.115635,-4.055635,-5.0156345,-4.6256347,-5.3356347,-2.8956347,-1.6956347,-3.9956348,-4.365635,-5.1256347,-3.4356349,-2.8856347,-3.4756348,-4.075635,-4.5156345,-3.7556348,-4.675635,-3.9256349,-2.2556348,-4.3756347,-0.105634764,-3.1656349,-1.1856347,-3.7856348,-4.285635
0.31436524,1.0343652,1.3343652,0.7443652,-0.36563477,-0.6256348,-2.3656347,-1.7556348,-2.5956347,-1.9556347,-1.7756348,-2.2956347,-2.3756347,-2.3256347,-2.7056348,-3.3756347,-3.6856349,-4.095635,-5.675635,-5.7956347,-4.0456347,-3.5156348,-3.6456347,-3.5956347,-3.5356348,-3.7556348,-2.4456348,-2.9956348,-2.5556347,-3.9856348,-4.7256346,-4.025635,-2.1056347,-3.0056348,-2.3856347,-1.1156348,-1.1656348,1.6843653,-1.7556348,1.3343652,-0.105634764
2.2143652,2.2343652,2.8643653,2.6343653,2.0843651,-1.9356347,-2.5456347,-2.8456347,-2.0556347,-2.8456347,-2.1756349,-2.2256348,-1.6356348,-2.1856349,-2.3256347,-2.8556347,-3.7356348,-3.4956348,-3.6156347,-4.635635,-3.5756347,-3.7156348,-2.8856347,-1.2056347,-1.6756347,-1.3256347,-1.2556348,-2.3256347,-2.0256348,-1.9056348,-2.7856348,-3.1556349,-3.2056348,-1.9456347,-4.095635,-1.8056347,-1.8456348,-2.2656348,-2.2756348,-2.6356347,-1.9156348
0.074365236,1.4143653,0.65436524,2.0743651,1.9043652,0.8543652,-0.015634766,-2.2156348,-2.2656348,-1.3056347,-2.1556349,-2.0756347,-0.9456348,-0.9356348,-0.78563476,-1.1756347,-2.5556347,-2.8656347,-3.3656347,-2.2256348,-2.6656349,-2.1756349,-1.6256348,-2.1056347,-1.5056348,-1.0856347,-0.78563476,-0.8156348,-0.53563476,-0.7656348,-0.9556348,-0.90563476,-0.80563474,-0.48563477,-1.1156348,-1.4156348,-0.45563477,-2.5556347,-2.1856349,1.2543652,-1.1756347
0.45436522,1.0943652,0.054365233,-1.1856347,0.66436523,1.2943653,1.2043653,0.83436525,-0.055634767,-0.0056347656,-1.1556348,-1.1456348,-0.96563476,-0.26563478,-1.0956348,-1.0256348,0.014365234,1.1343652,0.7943652,-0.46563476,-0.30563477,0.35436523,0.48436522,1.7443652,1.0243652,0.9843652,1.3943652,0.96436524,1.2643652,1.9843652,0.8043652,1.1043652,-0.78563476,-1.9256347,-1.4056348,-0.73563474,-1.9456347,-0.78563476,-1.7256348,0.72436523,-0.9456348
1.2443652,1.7543652,1.3243653,1.6243652,1.1043652,0.9943652,1.5343652,1.7043653,1.1843653,0.63436526,0.78436524,1.0243652,0.6043652,0.10436524,-0.11563477,-0.32563478,-0.025634766,0.66436523,0.6743652,2.1143653,2.6143653,2.4543653,2.8643653,2.6243653,2.7143652,2.2443652,2.4343653,2.9443653,3.3643653,2.9043653,3.2243652,0.054365233,-1.1756347,-0.14563477,0.47436523,-1.5656347,-1.2156348,0.90436524,-0.58563477,0.49436525,0.35436523
0.24436523,1.6443652,2.4243653,1.7943653,1.7743652,0.9343652,0.27436525,0.52436525,0.8643652,0.5543652,0.40436524,2.0343652,1.9243653,2.1143653,1.8743652,0.44436523,-1.3056347,-0.97563475,-0.54563475,1.3143653,3.2643652,3.5743651,3.0743651,3.1443653,3.2143652,3.7743652,3.4543653,4.6243653,4.224365,3.4243653,2.2643652,3.3843653,1.0043652,-1.5156348,-1.2156348,-2.4256349,-2.0956347,-1.5356348,-1.0756347,-0.8256348,-0.67563474
-0.34563476,-0.30563477,-0.54563475,-0.19563477,0.76436526,0.59436524,0.64436525,0.23436524,1.3043653,0.36436522,0.7943652,2.1543653,1.7843652,1.2243652,-2.1856349,-1.9856348,-0.5656348,1.1043652,1.7543652,2.9243653,2.4043653,2.7143652,2.2443652,2.5443652,3.9243653,3.7543652,4.6043653,4.4843655,3.8943653,3.1943653,1.9743652,-0.90563476,-4.675635,-5.6856346,-4.8556347,-4.535635,-3.5556347,-2.1456347,-3.0756347,-2.7456348,-0.9556348
1.5743653,0.8043652,-0.59563476,-0.07563476,-0.45563477,-0.8156348,-0.095634766,1.1643653,1.3443652,1.4743652,0.40436524,0.69436526,1.2143652,-0.36563477,-0.86563474,-1.2256348,0.7343652,1.6843653,1.9643652,2.8543653,2.9743652,2.5343652,2.7043653,2.0943651,1.1843653,0.6843652,-0.45563477,-2.7856348,-4.6056347,-6.425635,-7.2256346,-6.5656347,-5.6456347,-4.695635,-3.7456348,-3.3956347,-3.1756349,-3.5856347,-3.6256347,-1.8456348,-1.1756347
0.72436523,1.2843652,1.2543652,1.4643652,2.1843653,1.3143653,2.2243652,1.6243652,2.5443652,1.3543652,-0.33563477,0.6843652,0.6843652,0.58436525,0.34436524,0.6143652,-1.5556347,0.57436526,0.66436523,0.8043652,-1.1356348,0.024365235,-0.58563477,-1.5856347,-2.6956348,-3.6156347,-4.3556347,-4.785635,-5.365635,-5.405635,-6.115635,-5.595635,-4.775635,-4.3956347,-4.5656347,-3.9556348,-3.6356347,-4.2456346,-3.6356347,-3.1456347,-1.0656347
