wind_kz.json
{"header": {"discipline":0,"disciplineName":"Meteorological products","gribEdition":2,"gribLength":1025,"center":7,"centerName":"US National Weather Service - NCEP(WMC)","subcenter":0,"refTime":"2023-09-22T06:00:00.000Z","significanceOfRT":1,"significanceOfRTName":"Start of forecast","productStatus":0,"productStatusName":"Operational products","productType":1,"productTypeName":"Forecast products","productDefinitionTemplate":0,"productDefinitionTemplateName":"Analysis/forecast at horizontal level/layer at a point in time","parameterCategory":2,"parameterCategoryName":"UnknownDiscipline_0_Category_2","parameterNumber":3,"parameterNumberName":"UnknownParameter_D0_C2_3","parameterUnit":"Unknown","genProcessType":2,"genProcessTypeName":"Forecast","forecastTime":120,"surface1Type":103,"surface1TypeName":"Specified height level above ground","surface1Value":10.0,"surface2Type":255,"surface2TypeName":"Missing","surface2Value":0.0,"gridDefinitionTemplate":0,"gridDefinitionTemplateName":"Latitude_Longitude","numberPoints":615,"shape":6,"shapeName":"Earth spherical with radius of 6,371,229.0 m","gridUnits":"degrees","resolution":48,"winds":"true","scanMode":64,"nx":41,"ny":15,"basicAngle":0,"lo1":47.0,"la1":41.0,"lo2":87.0,"la2":55.0,"dx":1.0,"dy":1.0}, "data":
[rows 0 to 14 of 15, columns 0 to 40 of 41]
1.2485547,1.9485546,-1.0314453,-3.4514453,0.038554687,-0.38144532,-0.4314453,-0.6214453,-1.7914453,-3.0114453,-3.6914454,-4.5314455,-5.4414454,-6.181445,-2.5714452,-1.5114453,-2.3914454,0.8685547,1.5985547,0.22855468,-0.9714453,-0.5114453,-0.71144533,1.6085547,1.7485547,1.5185547,1.1385547,-0.95144534,-2.0014453,-1.9414454,-0.5914453,1.6085547,-1.0114453,-0.41144532,1.8585547,0.72855467,1.1385547,0.14855468,0.058554687,0.46855468,0.30855468
-1.0614454,0.6485547,0.008554688,0.098554686,1.6885546,1.8285546,-0.8714453,-1.3214453,-2.7014453,-3.4214454,-3.6314454,-5.561445,-6.2814455,-6.851445,-5.721445,-1.0614454,-0.44144532,-0.8414453,-1.7014453,-1.2614453,-0.14144531,0.07855469,-0.5614453,-1.4914453,2.2385547,2.5685546,2.5985546,0.18855469,-0.06144531,0.7785547,-1.8614453,-0.2614453,0.79855466,-2.1514454,1.7085547,2.3285546,2.0485547,1.2985547,1.2385547,1.7785547,-0.17144531
0.5685547,2.6885548,0.15855469,0.2685547,1.0785546,1.9085547,-0.111445315,-1.7214453,-2.4914453,-3.8414452,-4.561445,-5.181445,-6.1914454,-5.9014454,-5.7914453,-5.2114453,-3.3614454,-2.4114454,-0.04144531,-1.7714453,-1.7714453,-1.3914453,-1.2814453,1.0085547,-1.1014453,-1.6414453,-1.2914453,-1.8314453,-1.0214453,-2.0714452,-1.8614453,-0.35144532,-2.6114454,0.9885547,0.78855467,-2.3314452,-3.5714452,-0.071445316,-2.4514453,0.4185547,0.8085547
0.8685547,0.60855466,0.5085547,-0.16144532,-0.14144531,-0.35144532,-0.44144532,-1.8614453,-1.4214454,-2.1314454,-3.5914452,-5.2714453,-5.891445,-5.7414455,-4.951445,-5.1914454,-4.7914453,-4.971445,-3.7614453,-1.1814454,1.3685547,-1.4514453,1.2885547,-0.21144532,-0.8214453,-1.5914453,-1.8914453,-1.8914453,-1.8414453,-3.2914453,-2.1414454,1.6385547,1.6485547,0.97855467,0.36855468,1.7685547,2.3585546,2.1985548,-3.1014452,-2.4514453,-1.9114453
-0.6814453,-1.6414453,-0.70144534,-0.25144532,-0.4914453,-0.3014453,-0.7614453,-1.0414453,-1.7614453,-1.5814453,-2.9414454,-3.3614454,-5.2314453,-5.4014454,-4.2314453,-4.681445,-4.411445,-3.9014454,-3.3014452,-2.3914454,-0.5614453,0.60855466,0.2985547,0.018554688,0.018554688,-0.5514453,-1.4714453,-1.7514453,-2.7614453,-3.6214454,-4.141445,-2.8814454,-0.32144532,-0.8714453,0.7185547,1.5285547,1.1785547,-0.13144532,-2.0814452,-1.3314453,-0.23144531
-0.6814453,-0.77144533,-0.8714453,-1.4114453,-0.4514453,-1.3314453,-2.2214453,-2.1714454,-0.41144532,-0.95144534,-2.1014452,-3.3214452,-2.9514453,-4.4614453,-4.1314454,-4.0914454,-4.2814455,-2.6214454,-1.3914453,-0.2714453,-0.6614453,-0.58144534,0.2585547,0.3485547,0.4585547,-0.16144532,0.24855469,-3.3714454,-3.2814453,-3.0914452,-4.5214453,-5.0314455,-0.8814453,-1.7214453,-2.5814452,-1.6314453,-3.2014453,-2.3414452,-1.1714454,-0.58144534,0.5085547
0.5985547,-0.6314453,-1.4214454,-1.4114453,-1.7614453,-2.0114453,-1.9414454,-0.2714453,-0.9814453,-1.7314453,-1.9814453,-1.6014453,-2.7814453,-4.561445,-3.7914453,-3.5114453,-2.4414454,-2.0714452,-0.7214453,-0.5914453,-0.7214453,-0.8014453,-1.0314453,0.4785547,0.5985547,0.43855467,-0.21144532,-0.4914453,-2.7214453,-3.0814452,-3.0614452,-4.2914453,-4.951445,-0.7614453,0.23855469,1.4185547,1.2185547,-2.2514453,-1.5314453,1.1685547,-2.3414452
-1.1414453,1.0585546,-2.3214452,0.4785547,-1.7514453,-0.8114453,-2.7714453,-1.2014453,-1.5014453,-1.8414453,-2.6314454,-1.4214454,-2.5914452,-1.4914453,-2.8314452,-2.6114454,-3.3814454,-0.9014453,-0.2214453,0.1685547,-0.71144533,-0.64144534,-1.4214454,-1.9414454,-1.7614453,-1.1914454,-1.3314453,-1.2214453,-1.3114454,-3.0914452,-3.2414453,-3.3814454,-3.5314453,-4.641445,-3.2014453,-3.3214452,-2.9514453,0.4585547,-0.23144531,0.21855469,1.8485547
-3.0814452,-1.3014454,-0.89144534,-2.3414452,-0.89144534,-2.2814453,-1.6714454,-0.5514453,-1.4314454,-2.4414454,-2.7714453,-2.7214453,-2.0014453,-1.6914454,-2.2814453,-2.3414452,-1.6614453,-1.6914454,-0.8514453,-0.6314453,-0.2914453,-1.0914453,-1.6214453,-1.5114453,-2.0614452,-1.5414453,-1.7014453,-2.2814453,-2.8214452,-3.0614452,-3.5914452,-3.7814453,-4.061445,-4.2614455,-2.3614454,-4.6514454,1.0585546,-2.6914454,0.028554687,0.058554687,0.13855469
-1.9314454,-2.3914454,-1.6714454,-2.6114454,-2.8514452,-3.4114454,-2.5514452,-0.6314453,-2.5514452,-1.4914453,-2.7414453,-2.5214453,-2.1414454,-1.0014453,-1.7614453,-1.9514453,-2.1214454,-0.6314453,-0.6714453,-0.6614453,-0.8814453,-1.2714453,-1.4514453,-1.3914453,-1.2514453,-1.7714453,-1.5214453,-2.0014453,-2.7614453,-3.0414453,-2.8414452,-3.2114453,-2.6814454,-2.1714454,-1.7214453,-1.2014453,-0.051445313,1.5385547,0.5785547,0.15855469,2.3585546
-3.5614452,-3.2814453,-3.0114453,-3.5114453,-2.6414454,-2.1614454,-1.8014454,-2.1814454,-2.7614453,-2.9114454,-1.9414454,-1.9414454,-0.83144534,-0.89144534,-2.0914452,-2.7514453,-3.3914454,-4.2114453,-1.6114453,-1.5214453,-1.3314453,-1.6814454,-1.7614453,-2.2914453,-2.1814454,-2.7514453,-3.2814453,-2.5414453,-2.9914453,-2.0614452,-1.9114453,-2.0014453,-1.3014454,-0.6614453,-1.7214453,-1.2014453,1.1785547,1.3885547,1.5485547,1.9485546,1.3485547
-3.4514453,-4.1914454,-2.8814454,-3.5014453,-3.2414453,-1.2314453,-1.3114454,-1.7014453,-2.0014453,-2.1414454,-1.1014453,-2.2314453,-2.3714454,-1.4814453,-1.8214453,-2.0914452,-2.2314453,-3.5514452,-3.3914454,-3.3614454,-2.8314452,-2.5114453,-2.5314453,-2.9314454,-3.7014453,-4.3614454,-4.9014454,-5.851445,-4.2714453,-3.7314453,-1.3914453,-0.6814453,0.2585547,1.4085547,0.3485547,-1.1214453,-0.28144532,-0.96144533,-1.0614454,2.1285546,0.6185547
-2.3514452,-3.4314454,-3.6114454,-3.2114453,-3.3114452,-1.7414453,-2.0614452,-2.9814453,-4.0414453,-2.1114454,-0.6614453,-0.4814453,-1.5814453,-1.3914453,-2.2014453,-2.0714452,-2.0114453,-2.0614452,-2.7414453,-2.3414452,-2.6314454,-2.4114454,-2.4814453,-3.0714452,-3.9814453,-4.411445,-5.1914454,-5.5714455,-5.5314455,-5.411445,-3.6514454,-1.1814454,1.6185547,2.3685546,2.3785546,1.4285547,1.2385547,0.8685547,2.5485547,2.7185547,1.6785547
-1.8114454,-2.2414453,-2.9314454,-2.9914453,-2.6114454,-2.2514453,-2.4914453,-1.9714453,-2.5314453,-2.8414452,-1.3114454,-0.111445315,0.5085547,-1.0614454,-1.4214454,-2.2714453,-1.7314453,-1.9614453,-1.8714453,-1.8314453,-1.8414453,-1.5614454,-1.7414453,-2.8314452,-3.6814454,-4.5214453,-5.1114454,-4.5914454,-4.101445,-4.4814453,-4.5914454,-4.5714455,0.9985547,3.1485548,3.4185548,3.6085546,2.6585548,2.2785547,2.8485546,1.9785547,2.4285548
-0.6214453,-1.3114454,-0.8514453,-1.7814453,-2.0714452,-1.4814453,-1.7514453,-1.6514453,-2.0014453,-1.9914453,-0.7514453,-0.52144533,-0.52144533,-1.0114453,-1.2414453,-1.7714453,-2.2914453,-2.1014452,-2.0414453,-1.7714453,-1.4314454,-0.5414453,-1.3814453,-2.2614453,-2.8714454,-4.161445,-4.8014455,-4.0414453,-3.6814454,-3.6914454,-3.1814454,-2.5214453,-2.8814454,1.8685547,3.8985548,4.0985546,5.0585546,4.8085546,2.7585547,3.4985547,1.5685546
