wind_kz.json
{"header": {"discipline":0,"disciplineName":"Meteorological products","gribEdition":2,"gribLength":794,"center":7,"centerName":"US National Weather Service - NCEP(WMC)","subcenter":0,"refTime":"2023-08-24T06:00:00.000Z","significanceOfRT":1,"significanceOfRTName":"Start of forecast","productStatus":0,"productStatusName":"Operational products","productType":1,"productTypeName":"Forecast products","productDefinitionTemplate":0,"productDefinitionTemplateName":"Analysis/forecast at horizontal level/layer at a point in time","parameterCategory":2,"parameterCategoryName":"UnknownDiscipline_0_Category_2","parameterNumber":3,"parameterNumberName":"UnknownParameter_D0_C2_3","parameterUnit":"Unknown","genProcessType":2,"genProcessTypeName":"Forecast","forecastTime":180,"surface1Type":103,"surface1TypeName":"Specified height level above ground","surface1Value":10.0,"surface2Type":255,"surface2TypeName":"Missing","surface2Value":0.0,"gridDefinitionTemplate":0,"gridDefinitionTemplateName":"Latitude_Longitude","numberPoints":615,"shape":6,"shapeName":"Earth spherical with radius of 6,371,229.0 m","gridUnits":"degrees","resolution":48,"winds":"true","scanMode":64,"nx":41,"ny":15,"basicAngle":0,"lo1":47.0,"la1":41.0,"lo2":87.0,"la2":55.0,"dx":1.0,"dy":1.0}, "data":
[rows 0 to 14 of 15, columns 0 to 40 of 41]
-0.8194488,-1.6194489,3.7805512,11.680552,7.4805512,1.9805511,-1.4194489,1.8805511,0.78055114,0.78055114,0.18055114,-0.119448856,0.78055114,-0.5194489,-2.0194488,-1.9194489,-3.7194488,-3.9194489,-3.819449,-4.319449,1.7805512,2.5805511,-0.41944885,-1.3194488,-2.2194488,-1.5194489,-3.119449,2.5805511,-0.41944885,-2.819449,-1.6194489,0.78055114,0.28055114,-2.0194488,-2.7194488,0.6805512,0.18055114,-0.71944886,-2.0194488,-0.91944885,1.3805511
2.680551,0.9805511,12.180552,12.180552,8.880551,3.7805512,2.7805512,3.680551,2.4805512,2.180551,1.2805512,-0.61944884,-2.9194489,1.8805511,-0.21944885,-2.4194489,-2.9194489,-3.0194488,-2.5194488,-2.4194489,-3.9194489,-3.0194488,0.28055114,0.28055114,-0.119448856,0.78055114,-0.8194488,0.78055114,-0.31944886,2.7805512,-0.71944886,-4.819449,-2.9194489,2.0805511,1.9805511,-0.41944885,-0.61944884,-4.1194487,-1.8194488,-2.2194488,1.1805512
1.7805512,7.680551,10.680552,9.780551,5.3805513,1.9805511,2.4805512,2.2805512,2.180551,2.5805511,1.7805512,0.48055115,-0.71944886,-2.5194488,-3.119449,-3.819449,-4.6194487,-2.0194488,-1.7194488,-0.019448852,-1.5194489,-3.0194488,-3.0194488,0.08055115,2.9805512,2.4805512,2.180551,0.18055114,0.58055115,1.3805511,-1.6194489,-1.9194489,-2.0194488,-0.8194488,0.6805512,-1.3194488,-2.7194488,-4.919449,-1.1194489,-0.61944884,-2.2194488
3.5805511,7.8805513,7.780551,6.9805512,3.4805512,2.4805512,3.0805511,3.4805512,4.280551,3.5805511,2.7805512,3.4805512,4.080551,2.7805512,0.6805512,-2.4194489,-3.4194489,-3.5194488,-1.5194489,0.18055114,1.3805511,0.48055115,-0.71944886,-2.2194488,-0.61944884,0.9805511,3.5805511,3.0805511,4.3805513,1.2805512,-1.5194489,-1.6194489,4.4805512,4.780551,3.0805511,1.5805511,1.6805512,2.9805512,-1.5194489,-0.21944885,-2.7194488
4.4805512,6.580551,6.4805512,5.180551,-0.91944885,3.2805512,2.4805512,0.58055115,3.2805512,2.2805512,0.6805512,1.6805512,5.8805513,4.8805513,3.5805511,0.9805511,-0.71944886,-1.6194489,-2.7194488,-3.0194488,0.6805512,3.7805512,2.880551,-0.31944886,1.0805511,-2.7194488,-1.8194488,5.180551,2.4805512,3.380551,1.8805511,-0.119448856,0.9805511,-1.5194489,-1.6194489,-4.219449,-11.819448,-3.119449,-2.0194488,-3.4194489,-3.5194488
1.5805511,1.3805511,6.080551,3.0805511,0.88055116,-0.5194489,-1.6194489,0.9805511,1.2805512,1.0805511,2.0805511,1.9805511,0.6805512,6.080551,4.080551,2.680551,0.6805512,-0.119448856,-1.2194488,-2.0194488,-1.2194488,2.180551,2.180551,2.880551,3.880551,1.8805511,-1.1194489,-2.5194488,-2.0194488,2.2805512,4.4805512,2.7805512,-1.2194488,2.5805511,2.2805512,-7.5194488,-1.0194489,-6.219449,-7.219449,-3.119449,1.9805511
5.4805512,4.9805512,3.380551,3.180551,2.9805512,2.5805511,2.380551,0.9805511,0.38055116,2.0805511,2.680551,3.0805511,3.2805512,2.180551,3.380551,4.780551,3.4805512,1.8805511,0.6805512,-1.5194489,0.48055115,0.18055114,0.6805512,1.8805511,4.580551,3.0805511,1.0805511,-1.1194489,-2.7194488,-4.6194487,3.180551,3.4805512,1.9805511,2.2805512,3.0805511,-0.119448856,0.78055114,-0.71944886,-2.9194489,-5.319449,-12.819448
4.680551,6.9805512,6.780551,6.680551,5.9805512,5.3805513,4.3805513,3.880551,3.7805512,2.2805512,2.180551,2.680551,3.2805512,2.5805511,2.0805511,3.880551,3.2805512,2.7805512,2.7805512,0.88055116,0.78055114,0.9805511,0.18055114,0.48055115,0.08055115,4.280551,3.4805512,1.4805511,-1.1194489,-2.319449,-2.619449,1.4805511,3.180551,0.18055114,1.2805512,3.7805512,-0.71944886,-5.219449,-4.6194487,2.680551,-1.8194488
2.880551,3.180551,2.880551,2.680551,2.380551,2.4805512,2.180551,1.5805511,1.5805511,1.0805511,0.38055116,1.4805511,-0.41944885,-0.019448852,1.5805511,3.880551,3.880551,5.580551,5.8805513,3.880551,2.2805512,1.5805511,1.5805511,1.3805511,1.8805511,3.4805512,3.380551,2.7805512,2.680551,0.28055114,-1.3194488,-3.4194489,-3.619449,3.7805512,1.9805511,0.48055115,0.78055114,0.78055114,-2.319449,-3.4194489,0.9805511
3.2805512,3.2805512,3.4805512,3.380551,3.0805511,2.5805511,2.380551,0.78055114,0.48055115,0.08055115,0.08055115,0.08055115,0.28055114,0.88055116,1.0805511,2.880551,2.880551,6.080551,6.9805512,4.780551,3.380551,2.9805512,1.9805511,0.48055115,2.2805512,2.7805512,2.7805512,2.7805512,2.4805512,3.0805511,1.7805512,-0.8194488,-2.5194488,1.7805512,0.6805512,1.0805511,1.0805511,1.1805512,2.0805511,4.080551,-0.8194488
2.0805511,1.1805512,0.38055116,1.1805512,0.78055114,-0.41944885,-0.21944885,-0.5194489,0.78055114,-0.31944886,-0.019448852,1.0805511,-0.019448852,-0.5194489,0.38055116,0.88055116,3.0805511,5.4805512,6.3805513,6.080551,5.3805513,4.580551,3.0805511,1.7805512,0.08055115,4.580551,3.0805511,3.5805511,2.2805512,2.7805512,2.9805512,0.9805511,-1.2194488,2.4805512,2.880551,1.3805511,1.2805512,0.08055115,-0.91944885,-1.8194488,-1.4194489
-0.31944886,-0.71944886,0.08055115,0.88055116,0.48055115,0.18055114,0.18055114,0.48055115,0.88055116,0.78055114,-0.019448852,-0.31944886,-2.7194488,-2.9194489,-2.7194488,-5.0194488,-0.31944886,3.9805512,5.4805512,4.780551,4.780551,3.0805511,2.4805512,2.2805512,2.5805511,2.4805512,3.5805511,4.4805512,3.4805512,2.680551,3.5805511,1.9805511,1.3805511,1.3805511,1.2805512,1.9805511,2.0805511,1.7805512,1.5805511,1.0805511,-1.1194489
-0.61944884,-0.8194488,-0.41944885,0.78055114,1.1805512,0.78055114,1.0805511,0.88055116,0.18055114,1.5805511,1.0805511,-0.8194488,0.6805512,0.9805511,0.48055115,0.48055115,0.38055116,2.180551,4.4805512,4.9805512,5.680551,4.680551,3.380551,1.9805511,2.4805512,4.4805512,5.280551,4.9805512,4.580551,2.7805512,3.7805512,2.880551,3.380551,0.6805512,2.0805511,3.180551,2.7805512,1.4805511,1.7805512,0.88055116,0.58055115
-0.31944886,-1.3194488,-2.819449,-1.9194489,-1.7194488,-1.5194489,-1.5194489,-0.91944885,-0.019448852,-0.71944886,-0.41944885,-0.91944885,0.9805511,0.9805511,0.48055115,-0.41944885,-0.61944884,2.180551,1.9805511,3.680551,4.280551,3.2805512,2.5805511,2.0805511,2.5805511,3.9805512,4.180551,3.880551,3.7805512,3.9805512,3.7805512,3.680551,3.4805512,3.2805512,0.58055115,2.7805512,2.380551,2.5805511,1.7805512,0.88055116,0.6805512
-1.0194489,-2.4194489,-3.619449,-2.4194489,-1.8194488,-0.71944886,-0.31944886,0.38055116,-0.61944884,-0.41944885,0.58055115,0.58055115,-0.41944885,-1.3194488,0.18055114,0.38055116,0.9805511,2.180551,3.680551,3.180551,3.2805512,2.9805512,2.4805512,3.0805511,1.1805512,3.0805511,4.280551,3.9805512,3.0805511,3.5805511,4.680551,4.4805512,3.2805512,3.180551,2.0805511,0.58055115,3.7805512,3.680551,3.0805511,3.180551,1.2805512
