wind_kz.json
{"header": {"discipline":0,"disciplineName":"Meteorological products","gribEdition":2,"gribLength":1025,"center":7,"centerName":"US National Weather Service - NCEP(WMC)","subcenter":0,"refTime":"2023-09-08T06:00:00.000Z","significanceOfRT":1,"significanceOfRTName":"Start of forecast","productStatus":0,"productStatusName":"Operational products","productType":1,"productTypeName":"Forecast products","productDefinitionTemplate":0,"productDefinitionTemplateName":"Analysis/forecast at horizontal level/layer at a point in time","parameterCategory":2,"parameterCategoryName":"UnknownDiscipline_0_Category_2","parameterNumber":2,"parameterNumberName":"UnknownParameter_D0_C2_2","parameterUnit":"Unknown","genProcessType":2,"genProcessTypeName":"Forecast","forecastTime":120,"surface1Type":103,"surface1TypeName":"Specified height level above ground","surface1Value":10.0,"surface2Type":255,"surface2TypeName":"Missing","surface2Value":0.0,"gridDefinitionTemplate":0,"gridDefinitionTemplateName":"Latitude_Longitude","numberPoints":615,"shape":6,"shapeName":"Earth spherical with radius of 6,371,229.0 m","gridUnits":"degrees","resolution":48,"winds":"true","scanMode":64,"nx":41,"ny":15,"basicAngle":0,"lo1":47.0,"la1":41.0,"lo2":87.0,"la2":55.0,"dx":1.0,"dy":1.0}, "data":
[rows 0 to 14 of 15, columns 0 to 40 of 41]
0.2928546,1.0528547,0.2628546,-3.0571454,-3.9671454,-5.497145,-5.8171453,-6.5871453,-8.277145,-6.0971456,-6.2171454,-5.997145,-5.4671454,-5.7171454,-4.9871454,-5.0771456,-5.3771453,-7.1471453,-7.7571454,-6.5471454,-3.0471454,0.14285462,2.0428545,2.5528545,-2.2371454,2.8128545,3.5228546,5.9328547,2.3528547,1.4928546,4.6228547,1.2328546,1.4228547,-2.0071454,-3.9771454,-1.7471454,1.4628546,-0.3971454,-0.92714536,-1.9771454,-2.6871455
1.1528546,-1.2371454,-2.5371454,-4.3771453,-5.9271455,-4.7771454,-7.1171455,-7.3671455,-6.5471454,-5.2371454,-5.4671454,-6.0471454,-5.517145,-3.8671453,-3.8071454,-3.2271454,-3.8871453,-4.6171455,-4.7971454,-3.8771453,-1.6471454,-1.5771453,0.6728546,3.4028547,1.6728547,-0.2671454,1.1928546,2.7228546,4.1428547,2.5728545,1.2528546,0.7428546,0.76285464,-0.0071453857,0.70285463,-5.187145,-3.1171453,-4.6071453,-2.7071455,-4.997145,-3.4771454
-1.8871454,-3.1371453,-2.0871453,-4.207145,-4.1571455,-4.957145,-4.977145,-3.0871453,-4.747145,-3.2171454,-4.2971454,-3.6071453,-3.4471455,-2.5771453,-2.6571455,-1.7771454,-1.4471453,-1.4671454,-2.7971454,-2.4571455,-1.3471454,1.4028546,-2.6071453,-3.1271453,-1.8671454,-2.8171453,-1.8371453,1.4928546,3.5128546,-0.34714538,1.5628546,-2.5871453,-0.5771454,0.6628546,-2.2071455,0.6228546,1.5228546,-0.6571454,4.9928546,5.4728546,6.8428545
-3.6871455,-2.7171454,-3.8171453,-5.8871455,-3.2071455,-3.0571454,-1.0071454,-2.4971454,-0.5771454,-1.2871454,-2.1671455,-1.2171454,-2.7571454,-3.1771455,-2.4571455,-1.9171454,-0.11714539,-1.0371454,-0.92714536,-1.1071454,-0.7871454,-1.7771454,-2.2471454,-2.3271453,-1.5671453,-0.79714537,0.57285464,1.2128546,-0.21714538,0.22285461,1.6628547,1.5928546,0.9028546,0.57285464,3.1728547,2.6628547,1.9328547,3.9328547,-1.3171453,1.2828546,-4.1971455
-1.2771454,-0.7771454,-1.7971454,-1.4171454,-1.0671453,-0.8371454,-1.4071454,-0.3571454,0.7228546,0.43285462,0.64285463,0.9228546,0.8528546,-0.027145386,-0.67714536,-1.4871454,-2.2571454,-0.98714536,-2.2171454,-2.7071455,-3.0271454,-1.4771454,-0.3071454,0.4528546,1.5128546,2.5228546,2.6428547,0.17285462,2.7728546,2.9028547,2.3628547,2.9028547,2.7928545,2.9628546,-1.3671454,-1.2671454,-0.017145386,-3.4571455,-4.1171455,-3.8471453,-2.4971454
3.1228547,2.5228546,1.7028546,2.3228545,1.7928547,2.1528547,3.0828545,2.0028546,1.5028546,2.7828546,0.12285461,2.4828546,1.4328547,1.6928546,1.7928547,1.9328547,0.8428546,-0.19714539,-0.12714538,-0.3671454,0.22285461,0.95285463,1.8428546,1.9628546,2.5828545,3.3028545,3.4228547,0.46285462,4.002855,3.7828546,4.062855,4.4728546,5.562855,4.5328546,4.2028546,2.1928546,1.6928546,1.9628546,4.2628546,2.1128547,4.2028546
1.6028546,1.0728546,1.0128546,0.9728546,0.3828546,0.5828546,2.8928547,4.7228546,0.9928546,1.6428546,1.5928546,3.0528545,3.3728547,2.5128546,0.8528546,1.9928546,1.2028546,1.8228546,1.6128546,1.4428546,2.1328547,2.5328546,2.7828546,3.1028547,4.2828546,4.3628545,5.1128545,4.4728546,4.7428546,5.6028547,6.1428547,6.6728544,6.9628544,6.542855,4.4628544,3.1928546,3.5428545,3.0528545,6.8028545,1.1228546,0.022854615
-1.7371454,-3.4771454,-3.2271454,-2.6871455,-1.9471453,-0.5371454,0.70285463,1.9628546,2.5628545,1.1728547,3.3428545,4.7828546,4.002855,3.6428547,2.3028545,0.6628546,-0.9471454,1.6928546,2.2928545,3.2928545,4.772855,5.2028546,4.3428545,3.9328547,4.4128547,4.6328545,5.4928546,5.9628544,6.9728546,5.8528547,6.6928544,7.1428547,6.502855,6.8728547,8.412854,8.722855,3.5028546,-1.4871454,3.0428545,3.7928545,4.2028546
-3.6571455,-3.7371454,-2.4971454,-1.2071453,-1.9271454,-0.8771454,0.95285463,0.6128546,2.0628545,1.9628546,1.3228546,0.2628546,3.6528547,0.6628546,0.4228546,0.2628546,0.21285461,2.7928545,3.4328547,5.6728544,6.3928547,4.3528547,2.3928547,3.6528547,5.002855,5.3428545,6.4528546,7.2028546,7.732855,7.3728547,7.1328545,7.502855,7.3028545,7.2128544,7.252855,6.542855,6.7828546,4.022855,3.2628546,1.4728546,4.062855
-3.1471453,-2.5271454,-1.9371454,-1.7871454,-1.7771454,0.14285462,2.3928547,0.8528546,0.19285461,-1.0371454,-0.7871454,0.4728546,0.6828546,0.9028546,1.6828547,2.1628547,3.1228547,2.0028546,2.7628546,3.1828547,4.5928545,5.8028545,5.5928545,6.4128547,7.002855,8.042854,8.652855,9.182855,9.242855,9.3428545,9.742855,9.732855,9.512855,7.9628544,4.7628546,5.4928546,4.6528544,1.2328546,5.022855,3.3828547,1.6228546
-3.3871453,-1.1771454,-0.15714538,0.40285462,2.3428545,2.3728547,1.0628546,0.06285462,-2.2271454,-1.6571454,-1.3771454,-0.54714537,0.6628546,-1.0971454,3.0728545,2.7628546,0.7528546,-0.5371454,-0.8171454,-0.07714538,2.3328545,4.6628547,6.6428547,7.022855,5.4028544,5.8428545,6.982855,7.3928547,7.9928546,9.032855,8.832854,7.8028545,6.9028544,7.8228545,4.8628545,2.0828545,2.4328547,2.9628546,4.6528544,2.5328546,4.732855
1.3128546,2.2828546,1.8228546,0.6128546,1.2628546,-1.0571454,-0.7071454,-0.92714536,-0.9571454,-0.92714536,-1.8571454,-2.6171453,-1.3371453,-0.9471454,-0.5271454,-0.7771454,-1.4971454,0.31285462,2.1428547,2.5728545,3.6128547,4.8328547,5.4728546,5.4328547,5.732855,6.1428547,6.6028547,7.1528544,8.172854,7.2828546,7.8628545,6.752855,4.6228547,4.5528545,4.812855,2.9028547,2.6228547,5.5928545,4.1728544,4.4128547,5.3628545
-0.21714538,-0.3571454,-1.0671453,0.3828546,1.0828546,0.21285461,-1.9771454,-1.8671454,-1.8771454,-0.8871454,-1.0771453,-3.0171454,-2.2171454,-3.5971453,-2.4571455,0.032854613,0.9028546,2.4728546,3.4428546,4.0328546,4.4928546,4.772855,4.482855,4.8328547,4.8728547,5.292855,5.6528544,5.9028544,6.252855,5.8028545,6.6328545,5.312855,3.0628545,2.5928545,2.5428545,3.9128547,2.2028546,0.6828546,7.312855,2.6428547,1.3928546
0.17285462,0.06285462,1.7928547,0.8428546,0.69285464,1.3728546,0.25285462,0.06285462,-0.6271454,-1.7671454,-1.1071454,-2.3971453,-2.7671454,0.9228546,1.9928546,2.2528546,1.4828546,1.1228546,1.4328547,2.1228547,3.1928546,3.0728545,3.5428545,2.8228545,2.4928546,2.6628547,2.5228546,2.8628547,3.4528546,2.6428547,-1.1471454,1.9428546,0.31285462,0.09285461,-0.11714539,1.1328546,-0.86714536,0.5228546,2.6528547,3.1328547,1.2228546
-0.2071454,-0.017145386,-0.86714536,-1.1871454,-2.4571455,-3.4471455,-3.2571454,-2.7171454,-2.1171453,-2.1171453,-1.2771454,-0.7871454,-0.2671454,0.012854614,-1.0171454,-1.2971454,0.042854615,1.3428546,0.052854612,-0.6871454,-0.28714538,-0.15714538,0.9828546,0.5528546,0.4528546,0.18285461,0.3228546,-1.1771454,-0.46714538,-1.4971454,-2.3071454,-1.5071454,-1.7571454,-2.4071455,-1.4771454,-0.017145386,-0.8271454,0.16285461,2.9828546,1.9128547,1.0428547
