wind_kz.json
{"header": {"discipline":0,"disciplineName":"Meteorological products","gribEdition":2,"gribLength":871,"center":7,"centerName":"US National Weather Service - NCEP(WMC)","subcenter":0,"refTime":"2023-09-10T06:00:00.000Z","significanceOfRT":1,"significanceOfRTName":"Start of forecast","productStatus":0,"productStatusName":"Operational products","productType":1,"productTypeName":"Forecast products","productDefinitionTemplate":0,"productDefinitionTemplateName":"Analysis/forecast at horizontal level/layer at a point in time","parameterCategory":0,"parameterCategoryName":"UnknownDiscipline_0_Category_0","parameterNumber":0,"parameterNumberName":"UnknownParameter_D0_C0_0","parameterUnit":"Unknown","genProcessType":2,"genProcessTypeName":"Forecast","forecastTime":60,"surface1Type":1,"surface1TypeName":"Ground or water surface","surface1Value":0.0,"surface2Type":255,"surface2TypeName":"Missing","surface2Value":0.0,"gridDefinitionTemplate":0,"gridDefinitionTemplateName":"Latitude_Longitude","numberPoints":615,"shape":6,"shapeName":"Earth spherical with radius of 6,371,229.0 m","gridUnits":"degrees","resolution":48,"winds":"true","scanMode":64,"nx":41,"ny":15,"basicAngle":0,"lo1":47.0,"la1":41.0,"lo2":87.0,"la2":55.0,"dx":1.0,"dy":1.0}, "data":
[rows 0 to 14 of 15, columns 0 to 40 of 41]
288.92944,283.72943,285.12946,298.22943,297.92944,296.62946,294.22943,298.72943,295.92944,295.72943,294.52945,295.42944,295.22943,295.42944,294.12946,292.62946,292.12946,293.02945,291.42944,293.02945,294.02945,290.22943,289.42944,287.52945,290.12946,291.82944,288.52945,277.42944,277.62946,277.52945,279.02945,281.02945,290.82944,296.22943,295.52945,297.32944,296.22943,297.22943,297.72943,297.92944,297.32944
273.52945,285.92944,297.32944,297.62946,297.32944,295.52945,292.92944,292.22943,292.32944,293.52945,295.52945,293.22943,292.52945,290.92944,292.82944,293.42944,292.32944,290.62946,289.52945,289.42944,293.62946,290.62946,288.82944,283.02945,276.12946,276.22943,284.32944,278.02945,277.42944,274.82944,281.12946,272.72943,281.82944,260.12946,279.02945,294.42944,294.62946,295.92944,298.72943,290.82944,284.22943
288.72943,296.92944,297.72943,297.32944,295.22943,291.82944,291.92944,292.42944,292.72943,294.42944,294.92944,294.32944,289.22943,290.32944,291.92944,288.02945,287.42944,286.82944,287.32944,288.12946,292.22943,288.42944,288.12946,283.22943,287.82944,286.12946,287.92944,286.92944,285.92944,278.72943,275.72943,275.92944,280.62946,284.22943,285.32944,283.22943,279.82944,281.02945,282.52945,280.42944,278.62946
289.22943,296.22943,297.22943,296.22943,293.82944,291.32944,293.72943,292.92944,292.72943,293.62946,293.42944,291.32944,293.62946,292.92944,289.52945,289.42944,289.22943,286.82944,287.92944,287.22943,286.72943,283.72943,289.82944,289.92944,290.62946,291.12946,291.52945,288.22943,289.12946,289.72943,290.32944,288.42944,294.12946,294.12946,290.32944,288.52945,280.42944,278.82944,284.22943,290.62946,294.72943
293.62946,294.32944,295.52945,294.02945,292.92944,292.32944,294.42944,293.82944,291.42944,291.32944,291.02945,290.92944,292.92944,291.62946,289.92944,289.42944,289.22943,289.02945,286.22943,289.62946,289.62946,289.42944,287.42944,288.52945,288.52945,289.52945,288.32944,290.32944,288.62946,289.42944,292.22943,287.92944,280.32944,273.22943,285.22943,291.92944,292.02945,295.32944,295.02945,296.02945,296.42944
290.42944,287.62946,293.62946,293.02945,293.72943,292.52945,291.22943,293.02945,290.92944,290.62946,290.72943,290.82944,292.22943,292.82944,290.92944,288.32944,290.32944,289.92944,289.82944,290.12946,289.32944,288.32944,287.32944,286.72943,286.52945,286.62946,287.92944,291.22943,289.82944,291.02945,289.92944,291.02945,288.22943,286.92944,286.82944,290.52945,282.52945,285.32944,290.42944,295.12946,293.52945
287.22943,287.12946,291.12946,291.32944,291.92944,290.52945,290.72943,290.42944,293.62946,293.72943,289.92944,289.02945,288.02945,287.82944,288.42944,289.32944,288.72943,289.12946,288.02945,286.92944,286.72943,287.52945,287.62946,287.32944,285.82944,286.42944,286.22943,288.22943,288.32944,288.12946,287.72943,288.52945,288.62946,288.62946,286.42944,289.02945,284.12946,279.72943,278.62946,278.52945,288.02945
287.12946,288.12946,288.62946,291.82944,292.72943,293.02945,290.82944,292.42944,291.32944,290.52945,287.52945,287.12946,286.62946,286.52945,286.72943,287.12946,287.22943,287.82944,289.02945,286.12946,285.42944,286.62946,287.72943,288.32944,286.82944,284.42944,283.32944,283.52945,283.82944,286.02945,285.72943,287.42944,286.62946,284.42944,284.62946,286.22943,288.42944,289.42944,286.62946,287.32944,284.42944
286.92944,285.82944,286.12946,287.92944,288.92944,289.32944,287.32944,288.12946,286.62946,286.22943,287.02945,284.52945,283.62946,284.62946,286.22943,287.12946,286.52945,286.12946,285.22943,284.32944,282.62946,283.22943,284.22943,284.82944,283.82944,284.12946,282.82944,283.22943,282.72943,280.62946,282.92944,283.52945,286.92944,288.02945,286.72943,284.62946,282.92944,284.42944,273.72943,274.42944,270.02945
286.52945,284.22943,286.52945,286.52945,286.02945,286.52945,286.12946,286.12946,286.32944,286.62946,282.52945,282.42944,284.02945,283.82944,283.92944,284.32944,284.62946,285.02945,284.32944,283.52945,282.62946,282.52945,282.82944,282.52945,282.12946,282.12946,282.82944,283.12946,283.22943,284.42944,284.32944,288.02945,288.22943,289.52945,287.52945,288.52945,284.32944,280.82944,279.42944,274.92944,273.22943
286.02945,285.72943,286.82944,284.52945,287.62946,286.92944,287.82944,287.42944,283.82944,283.62946,283.02945,282.62946,283.52945,282.92944,283.22943,283.92944,284.52945,282.42944,281.72943,280.42944,280.32944,282.32944,282.22943,281.52945,281.62946,281.52945,280.12946,282.02945,283.92944,285.62946,287.52945,289.12946,289.02945,288.82944,289.02945,284.02945,283.82944,277.92944,276.52945,277.72943,275.92944
281.32944,281.62946,280.92944,280.92944,282.12946,281.92944,282.32944,283.12946,283.42944,283.32944,281.82944,282.32944,280.72943,282.72943,282.72943,281.12946,281.42944,283.72943,283.62946,282.32944,281.72943,281.82944,282.12946,281.82944,281.42944,282.42944,282.42944,283.42944,284.12946,285.02945,284.52945,286.42944,286.72943,284.32944,285.62946,284.52945,287.52945,287.22943,284.42944,283.22943,282.42944
283.12946,282.92944,283.32944,283.32944,283.42944,283.52945,283.52945,283.22943,281.52945,282.52945,278.92944,281.12946,280.42944,279.92944,280.92944,281.42944,281.92944,284.02945,284.52945,283.12946,282.62946,281.52945,280.52945,281.52945,281.62946,282.82944,284.12946,284.62946,284.72943,285.02945,285.12946,285.82944,285.92944,283.62946,284.42944,284.52945,283.12946,285.72943,286.82944,284.72943,284.92944
284.32944,285.42944,287.02945,285.52945,285.02945,284.92944,284.92944,284.62946,285.22943,284.52945,282.02945,277.82944,278.32944,280.02945,281.92944,281.92944,284.32944,284.32944,283.12946,284.42944,283.52945,284.52945,284.72943,283.82944,283.22943,283.22943,283.22943,283.52945,283.12946,283.62946,283.92944,283.82944,284.22943,281.52945,281.42944,280.92944,281.62946,281.82944,280.92944,281.62946,282.22943
286.32944,287.22943,288.92944,287.22943,286.92944,283.72943,282.32944,284.52945,285.72943,282.12946,286.02945,283.12946,279.22943,281.92944,284.12946,285.22943,284.72943,284.42944,285.22943,284.72943,284.92944,285.22943,285.32944,283.92944,283.82944,283.42944,283.02945,282.72943,282.92944,280.82944,283.42944,283.02945,281.72943,280.72943,280.32944,280.02945,280.12946,279.92944,281.02945,282.02945,283.02945
