wind_kz.json
{"header": {"discipline":0,"disciplineName":"Meteorological products","gribEdition":2,"gribLength":871,"center":7,"centerName":"US National Weather Service - NCEP(WMC)","subcenter":0,"refTime":"2023-08-25T00:00:00.000Z","significanceOfRT":1,"significanceOfRTName":"Start of forecast","productStatus":0,"productStatusName":"Operational products","productType":1,"productTypeName":"Forecast products","productDefinitionTemplate":0,"productDefinitionTemplateName":"Analysis/forecast at horizontal level/layer at a point in time","parameterCategory":0,"parameterCategoryName":"UnknownDiscipline_0_Category_0","parameterNumber":0,"parameterNumberName":"UnknownParameter_D0_C0_0","parameterUnit":"Unknown","genProcessType":2,"genProcessTypeName":"Forecast","forecastTime":120,"surface1Type":1,"surface1TypeName":"Ground or water surface","surface1Value":0.0,"surface2Type":255,"surface2TypeName":"Missing","surface2Value":0.0,"gridDefinitionTemplate":0,"gridDefinitionTemplateName":"Latitude_Longitude","numberPoints":615,"shape":6,"shapeName":"Earth spherical with radius of 6,371,229.0 m","gridUnits":"degrees","resolution":48,"winds":"true","scanMode":64,"nx":41,"ny":15,"basicAngle":0,"lo1":47.0,"la1":41.0,"lo2":87.0,"la2":55.0,"dx":1.0,"dy":1.0}, "data":
[rows 0 to 14 of 15, columns 0 to 40 of 41]
294.37604,285.97604,290.77606,299.47604,299.17606,298.57605,298.27606,298.87604,296.87604,297.57605,296.27606,296.87604,295.57605,295.57605,294.97604,291.57605,290.87604,291.57605,289.87604,291.17606,291.77606,287.47604,288.47604,289.57605,288.47604,287.67606,286.57605,275.17606,273.37604,271.87604,272.07605,275.87604,286.07605,292.27606,294.77606,295.87604,297.07605,297.57605,294.97604,295.17606,296.67606
272.37604,288.37604,299.07605,299.17606,299.47604,298.27606,296.87604,296.27606,297.17606,296.47604,295.97604,295.27606,295.37604,292.77606,293.67606,291.37604,295.57605,289.37604,287.07605,288.37604,290.57605,292.67606,292.97604,284.67606,271.67606,271.57605,281.07605,272.07605,276.37604,270.07605,277.37604,268.97604,278.87604,257.47604,276.27606,292.77606,292.27606,294.77606,296.67606,288.87604,283.97604
292.57605,298.77606,299.37604,299.47604,298.17606,294.07605,294.37604,294.17606,293.47604,293.97604,294.97604,296.37604,295.07605,294.37604,296.87604,294.47604,295.57605,293.97604,286.57605,289.07605,293.37604,292.87604,292.87604,286.97604,289.17606,287.07605,286.27606,284.87604,286.27606,280.37604,268.47604,273.77606,278.97604,277.67606,280.37604,282.27606,278.17606,280.07605,279.47604,276.57605,277.27606
294.27606,299.47604,299.57605,298.57605,296.17606,293.57605,294.37604,292.67606,292.57605,292.07605,292.77606,292.97604,295.27606,294.47604,294.07605,293.97604,294.07605,295.57605,293.67606,290.87604,289.67606,288.67606,292.27606,291.37604,291.37604,291.07605,291.77606,289.17606,287.77606,288.37604,287.77606,288.47604,290.27606,287.07605,286.67606,286.57605,279.37604,278.07605,279.87604,287.97604,292.07605
295.47604,299.07605,299.37604,299.07605,296.67606,291.87604,291.07605,290.87604,291.47604,293.07605,292.47604,291.57605,295.07605,293.77606,291.37604,292.57605,293.47604,291.87604,291.47604,291.87604,292.77606,291.37604,290.37604,290.97604,292.17606,290.57605,289.47604,289.57605,289.37604,288.97604,291.47604,286.87604,277.87604,265.27606,279.27606,288.87604,290.57605,294.07605,294.07605,294.07605,294.47604
292.17606,290.87604,296.97604,297.97604,298.67606,298.27606,288.57605,289.17606,288.37604,287.87604,288.07605,287.87604,293.07605,294.37604,292.17606,291.57605,292.47604,292.17606,292.57605,291.67606,291.07605,292.07605,289.67606,289.17606,289.57605,288.87604,288.57605,293.07605,290.07605,291.47604,289.67606,290.47604,288.47604,286.27606,285.07605,289.07605,282.57605,284.87604,291.07605,292.37604,291.57605
287.87604,286.07605,286.97604,286.77606,289.97604,286.37604,286.97604,286.67606,286.77606,287.07605,285.87604,285.87604,285.67606,286.07605,286.07605,287.67606,288.17606,290.87604,290.57605,290.57605,290.27606,289.37604,290.97604,290.37604,288.47604,287.87604,286.87604,289.87604,289.07605,289.87604,288.97604,288.67606,288.27606,288.87604,288.57605,286.67606,283.47604,280.27606,278.37604,278.37604,287.77606
285.97604,284.57605,285.57605,285.27606,287.17606,286.57605,286.27606,285.07605,284.47604,284.17606,282.67606,283.27606,282.67606,283.57605,285.07605,286.27606,286.77606,287.67606,288.17606,287.07605,287.97604,288.97604,289.97604,288.17606,288.77606,285.87604,286.67606,287.17606,285.27606,286.87604,286.17606,286.57605,285.27606,282.17606,282.57605,285.37604,286.77606,289.27606,286.67606,285.27606,285.37604
283.67606,284.57605,284.47604,283.77606,285.07605,285.47604,284.27606,283.47604,282.67606,284.47604,284.37604,280.57605,279.47604,281.07605,281.77606,283.17606,283.77606,284.17606,285.57605,284.27606,285.47604,286.07605,286.07605,288.17606,283.57605,288.17606,286.37604,286.37604,285.37604,282.27606,283.07605,283.57605,285.27606,286.27606,285.47604,284.07605,283.47604,283.47604,273.07605,275.07605,274.87604
281.97604,284.37604,283.87604,283.87604,286.67606,287.47604,282.97604,282.57605,283.57605,284.57605,283.47604,278.67606,279.17606,279.37604,279.87604,281.07605,281.67606,281.17606,283.57605,284.07605,281.67606,283.27606,283.47604,284.17606,284.97604,282.97604,285.87604,288.07605,285.27606,285.47604,285.67606,287.17606,288.07605,288.27606,286.77606,284.17606,283.77606,279.17606,275.37604,275.47604,276.67606
283.27606,282.57605,282.07605,282.47604,283.67606,284.17606,285.17606,284.47604,283.67606,282.97604,281.57605,277.07605,278.17606,277.57605,279.67606,279.47604,282.47604,282.07605,280.87604,280.57605,280.57605,280.57605,281.57605,282.47604,282.57605,286.77606,282.97604,284.67606,287.37604,289.57605,289.07605,289.07605,288.07605,288.27606,288.07605,284.77606,281.87604,277.57605,277.37604,278.97604,277.77606
280.67606,282.87604,281.97604,284.77606,285.37604,284.67606,283.27606,282.87604,283.07605,282.57605,280.07605,278.77606,277.87604,276.27606,276.97604,277.67606,278.37604,279.07605,281.77606,279.17606,278.67606,278.67606,279.57605,281.27606,281.57605,283.17606,286.77606,288.07605,288.47604,287.57605,286.67606,288.07605,288.17606,286.07605,287.57605,285.77606,285.97604,284.47604,284.47604,282.87604,281.67606
280.27606,279.67606,282.67606,286.07605,285.67606,283.67606,281.87604,282.67606,282.27606,282.27606,278.87604,277.77606,280.07605,278.97604,277.77606,278.47604,277.97604,277.37604,278.47604,277.47604,277.37604,276.67606,276.87604,278.27606,281.47604,283.57605,285.67606,286.67606,288.07605,288.27606,285.97604,286.27606,287.77606,288.67606,287.17606,285.97604,284.87604,286.07605,284.07605,282.97604,282.67606
278.57605,281.97604,287.77606,285.37604,283.37604,284.07605,283.17606,282.57605,283.47604,283.07605,281.07605,277.47604,277.97604,279.07605,281.17606,279.77606,279.57605,279.67606,279.87604,279.47604,279.87604,279.67606,278.77606,278.77606,279.07605,282.77606,283.17606,284.27606,283.97604,287.27606,286.97604,286.27606,285.87604,287.17606,286.27606,285.07605,284.57605,283.57605,283.37604,282.77606,282.97604
279.17606,281.77606,290.47604,284.87604,282.97604,284.07605,282.87604,282.27606,283.07605,283.27606,282.87604,279.97604,278.57605,280.07605,281.17606,281.97604,281.37604,281.27606,281.57605,280.47604,280.77606,279.17606,278.97604,278.47604,279.17606,280.17606,281.97604,282.57605,284.77606,284.77606,286.47604,286.27606,286.27606,286.47604,287.77606,286.37604,286.37604,285.27606,283.77606,283.67606,284.27606
