wind.json
{"header": {"discipline":0,"disciplineName":"Meteorological products","gribEdition":2,"gribLength":1125,"center":7,"centerName":"US National Weather Service - NCEP(WMC)","subcenter":0,"refTime":"2023-06-28T18:00:00.000Z","significanceOfRT":1,"significanceOfRTName":"Start of forecast","productStatus":0,"productStatusName":"Operational products","productType":1,"productTypeName":"Forecast products","productDefinitionTemplate":0,"productDefinitionTemplateName":"Analysis/forecast at horizontal level/layer at a point in time","parameterCategory":2,"parameterCategoryName":"UnknownDiscipline_0_Category_2","parameterNumber":3,"parameterNumberName":"UnknownParameter_D0_C2_3","parameterUnit":"Unknown","genProcessType":2,"genProcessTypeName":"Forecast","forecastTime":240,"surface1Type":103,"surface1TypeName":"Specified height level above ground","surface1Value":10.0,"surface2Type":255,"surface2TypeName":"Missing","surface2Value":0.0,"gridDefinitionTemplate":0,"gridDefinitionTemplateName":"Latitude_Longitude","numberPoints":688,"shape":6,"shapeName":"Earth spherical with radius of 6,371,229.0 m","gridUnits":"degrees","resolution":48,"winds":"true","scanMode":64,"nx":43,"ny":16,"basicAngle":0,"lo1":45.0,"la1":40.0,"lo2":87.0,"la2":55.0,"dx":1.0,"dy":1.0}, "data":
[rows 0 to 15 of 16, columns 0 to 42 of 43]
-4.9659863,3.0340137,-0.16598633,-0.47598633,-0.8459863,-0.7059863,-1.4859864,-3.4959862,-5.0359864,-1.1259863,-0.7159863,-2.0059862,-0.7159863,-1.1959863,-2.7159863,-2.2659864,-6.2159863,-4.9759865,-4.255986,-3.5359864,-4.1559863,-4.255986,-1.8259864,3.0640137,3.0340137,2.6540136,4.4840136,3.4040136,2.0540137,-1.2059864,-1.9159863,0.5340137,1.7940136,0.99401367,-1.9559864,-0.73598635,-2.9559863,-0.8959863,-3.2159863,-4.7059865,-8.545986,-9.345986,-3.5059862
0.6540137,-1.0659863,3.1640136,-3.3459864,2.7640138,2.7540138,-0.56598634,-3.8159864,-4.005986,-1.7859863,2.3240137,2.3840137,1.7840136,-1.6459863,-0.55598634,-1.9759864,-4.4059863,-6.985986,-8.215986,-5.315986,-7.5959864,-6.7259865,-7.485986,-5.355986,-3.5859864,-0.7059863,-1.4059863,-3.6459863,-2.0559864,0.87401366,-0.6559863,-0.39598632,-1.6959863,0.7940137,-1.1559863,-0.9159863,-2.0359864,-2.5459864,-1.0259863,-8.135986,-6.1659865,-6.315986,-4.1459866
0.25401366,-5.0959864,4.3040137,-1.5659863,2.5940137,2.2640138,-0.33598632,-2.9659863,-4.4159865,-3.6759863,-0.74598634,3.8940136,3.1540136,0.33401367,-1.7359864,-2.3059864,-4.5759864,-2.8959863,-3.7159863,-6.315986,-8.625986,-7.1859865,-6.1359863,-3.5559864,-2.5759864,0.40401366,-3.1159863,-3.3859863,-3.1959863,-1.4059863,0.7840137,-0.09598633,3.1240137,-0.56598634,-1.3159863,-3.4759862,-2.6259863,-1.3959863,-0.7159863,-0.12598632,-3.7759864,-3.1359863,-7.545986
1.2140137,2.4240136,0.27401367,-1.6159863,-2.0259864,-0.86598635,-1.7259864,-2.4359863,-4.7459865,-2.5759864,-0.67598635,-0.86598635,2.3640137,0.9840137,-0.55598634,-2.7759864,-3.5659864,-5.2459865,-0.87598634,-2.7459862,-5.5359864,-5.6759863,-4.9659863,-0.24598633,-2.0559864,-0.8859863,2.5340137,1.7140137,1.2940136,1.6140137,0.68401366,1.0140136,-0.7659863,2.0340137,3.0340137,-0.9559863,0.22401367,1.5540137,-0.14598633,-2.6759863,-0.04598633,0.56401366,0.6540137
-0.9659863,-0.9159863,-1.0459863,-3.8259864,-4.9959865,-5.525986,-4.4359865,-4.1459866,-6.3459864,-5.5359864,-4.9759865,-1.1859863,0.35401368,0.19401367,1.0940137,-1.9359863,-4.2659864,-4.8059864,0.68401366,-1.7659863,-4.4659863,-5.6759863,-2.4559863,-0.8259863,1.8640137,2.7140136,2.3240137,-0.46598634,-2.2659864,-2.6259863,1.0140136,-1.0959864,-6.255986,-1.8659863,-0.24598633,1.1740136,1.1440136,-0.86598635,1.0440136,2.3240137,1.6940137,3.0340137,2.2440138
0.33401367,-0.44598633,-1.8459864,-3.2859864,-4.0759864,-3.2559862,-2.5159864,-2.2959864,-3.5559864,-2.3659863,-2.9259863,-1.6759863,4.2340136,1.7840136,-1.3359864,-2.8559864,-4.6559863,-5.005986,-6.235986,-4.1759863,-4.1959863,-6.6859865,-7.6959863,-3.3159864,-2.3359864,0.51401365,-1.2459863,-2.5959864,2.3240137,-0.44598633,1.4440137,3.4540136,-3.0559864,-0.92598635,2.1740136,2.0140138,-0.9059863,-2.0659864,1.4540137,-1.4259863,-1.0359863,3.5740137,-1.2759863
-2.4959862,-3.1359863,-1.1059864,-0.9059863,-3.8859863,-3.1459863,-4.0159864,-3.1459863,-1.1459863,-2.5359864,0.48401368,2.0840137,3.7040136,2.0240138,0.12401367,-2.5459864,-4.355986,-5.4759865,-6.735986,-6.775986,-6.4759865,-5.8659863,-5.4959865,-4.2159863,-3.6259863,0.26401368,-0.50598633,-0.40598634,-0.33598632,0.27401367,-3.0859864,-6.9059863,-5.2059865,-4.1959863,-4.6859865,0.07401367,3.4040136,1.4140136,2.7240136,0.68401366,-2.0759864,-2.0159864,-2.9659863
-1.9859864,-2.4559863,-4.1659865,-3.5159864,-4.2259865,-4.875986,-4.6959863,-4.9659863,3.3340137,-0.23598632,-0.6359863,5.1340137,3.2240136,-1.2559863,-0.85598636,-2.7959864,-3.8859863,-4.5959864,-5.7259865,-5.295986,-6.5759864,-6.8959866,-7.525986,-2.3559864,-2.7259862,-2.2159863,-2.0559864,-3.0359864,-3.3459864,-4.1759863,-2.5059862,-8.175986,-9.065987,-4.9759865,-3.1959863,0.6140137,-1.8859863,-2.9859862,-4.2159863,-2.4459863,-1.1959863,-1.4259863,-4.6559863
-0.33598632,-1.1459863,-2.7359862,-3.3259864,-5.2459865,-4.8859863,-6.9559865,-5.9759865,-4.5359864,-1.3859863,-0.55598634,-0.035986327,-0.2759863,-1.3959863,-3.4659863,-3.7159863,-4.8659863,-2.8959863,-5.3959866,-5.9359865,-6.0959864,-3.3559864,-4.875986,-1.5959864,-2.4659863,-2.7059863,-2.1959863,-2.8859863,-3.2959864,-4.6659865,-1.7459863,-4.0359864,-8.715986,-9.385986,0.28401366,-2.3759863,-0.06598633,-0.46598634,-0.035986327,-2.9159863,-0.8959863,0.6640137,-1.2259864
-2.0559864,0.39401367,-1.0859864,-3.2859864,-4.4059863,-6.005986,-6.1959863,-4.1859865,-4.3859863,-4.255986,-2.0659864,-0.7659863,-1.3459864,-1.3159863,-2.2259862,-3.4059863,-4.9759865,-2.6759863,-3.7159863,-5.1859865,-3.8559864,-4.6159863,-3.7759864,-5.5159864,-5.6959863,-5.985986,-5.585986,-3.5759864,-3.1559863,-1.7759863,-2.4559863,-2.1159863,0.40401366,-2.5059862,-3.5959864,-2.0059862,-1.1759863,-0.49598634,-3.7359862,0.7740137,-0.7859863,-1.3259864,-1.0259863
0.51401365,1.0640137,-0.67598635,-2.6959863,-3.7759864,-3.9459863,-4.4159865,-2.9359863,-2.8059864,-1.9359863,-1.6759863,-0.43598634,-0.87598634,-1.5459863,-1.5659863,-2.6259863,-4.1159863,-5.0359864,-4.525986,-2.2959864,-3.2259862,-3.9959862,-3.6459863,-3.6759863,-4.025986,-5.125986,-4.005986,-4.7859864,-3.6459863,-4.8459864,-1.1059864,-0.34598634,-1.9659864,-3.5259864,-1.4659864,-3.4359863,-1.5759864,-0.61598635,0.5940137,-3.2859864,-1.0859864,0.9240137,1.5040137
1.7640136,-1.3759863,2.1240137,0.45401368,-0.7259863,-2.7159863,-3.5759864,-1.9059863,-1.2859863,-0.67598635,-0.22598633,1.1340137,0.74401367,0.74401367,0.13401367,-0.04598633,-2.3359864,-4.2459865,-1.4859864,-1.3259864,-2.6259863,-2.8459864,-3.0859864,-3.8159864,-4.235986,-4.0959864,-3.1159863,-2.7759864,-2.9659863,-5.3059864,-4.875986,-5.0559864,-4.375986,-2.2859864,-3.6359863,-3.7959864,-2.3959863,-1.2259864,-0.8859863,1.6940137,0.32401368,-0.13598633,-0.12598632
-1.8859863,-0.04598633,0.17401367,-2.0759864,-1.0159863,-0.5959863,-2.5559864,-1.3959863,-1.3659863,-1.4459863,-1.7459863,0.5240137,1.5840137,1.9740137,0.7340137,2.8040137,1.6040137,0.28401366,-0.67598635,-1.6559863,-2.7559862,-2.9959862,-2.3859863,-3.2859864,-3.7559862,-3.5359864,-3.2659864,-4.525986,-3.6459863,-3.1359863,-4.125986,-5.4059863,-4.6759863,-4.8259864,-2.8859863,-3.0859864,-2.7259862,-1.8059863,0.7240137,2.4040136,2.8840137,2.0440137,1.5040137
0.45401368,1.3640137,2.1440136,1.1540136,0.6640137,-1.8059863,-3.0959864,-3.5359864,1.1840137,0.07401367,-0.5759863,-0.5859863,0.32401368,1.5940137,2.6440136,1.5540137,1.3240137,-0.50598633,-0.67598635,-0.87598634,-1.7459863,-1.0459863,-1.1059864,-1.4559864,-2.2559862,-2.4059863,-3.7559862,-2.9759862,-4.0359864,-3.8359864,-2.7359862,-3.0859864,-3.4659863,-3.7359862,-4.4759865,-2.9159863,-2.2959864,-2.8859863,-1.7459863,0.26401368,1.7740136,1.5840137,0.9840137
-1.7859863,1.1240137,2.5340137,2.4740136,2.5540137,2.9640136,0.29401368,-1.6159863,-1.8559864,1.4740137,1.5740137,-0.075986326,0.5240137,-1.0359863,-0.30598632,2.3040137,2.4240136,1.5940137,0.82401365,-0.49598634,-1.4259863,-0.7059863,-1.1259863,-1.8459864,-2.8759863,-2.8959863,-3.4059863,-3.2659864,-4.125986,-3.6459863,-3.4159863,-3.0159864,-2.0759864,-2.3559864,-2.6059864,-2.9459863,-3.5159864,-2.9359863,-1.9859864,-0.6559863,-0.13598633,0.35401368,0.46401367
-2.7559862,0.30401367,0.9240137,2.2340136,2.7240136,2.5040138,2.0640137,0.21401367,-1.0159863,2.7240136,2.1340137,2.2440138,0.6740137,1.2040137,1.8640137,-0.20598632,-0.05598633,2.3440137,2.4840136,0.25401366,-0.67598635,-0.29598632,-1.2759863,-2.1959863,-0.9659863,-2.2859864,-2.9459863,-2.7659864,-3.0059862,-2.6859863,-3.3159864,-3.4359863,-3.4959862,-3.6559863,-2.7059863,-3.0559864,-1.8659863,-2.0259864,-1.2959863,-1.8559864,-0.74598634,-1.2759863,0.11401367
