wind_kz.json
{"header": {"discipline":0,"disciplineName":"Meteorological products","gribEdition":2,"gribLength":794,"center":7,"centerName":"US National Weather Service - NCEP(WMC)","subcenter":0,"refTime":"2023-09-07T00:00:00.000Z","significanceOfRT":1,"significanceOfRTName":"Start of forecast","productStatus":0,"productStatusName":"Operational products","productType":1,"productTypeName":"Forecast products","productDefinitionTemplate":0,"productDefinitionTemplateName":"Analysis/forecast at horizontal level/layer at a point in time","parameterCategory":2,"parameterCategoryName":"UnknownDiscipline_0_Category_2","parameterNumber":3,"parameterNumberName":"UnknownParameter_D0_C2_3","parameterUnit":"Unknown","genProcessType":2,"genProcessTypeName":"Forecast","forecastTime":60,"surface1Type":103,"surface1TypeName":"Specified height level above ground","surface1Value":10.0,"surface2Type":255,"surface2TypeName":"Missing","surface2Value":0.0,"gridDefinitionTemplate":0,"gridDefinitionTemplateName":"Latitude_Longitude","numberPoints":615,"shape":6,"shapeName":"Earth spherical with radius of 6,371,229.0 m","gridUnits":"degrees","resolution":48,"winds":"true","scanMode":64,"nx":41,"ny":15,"basicAngle":0,"lo1":47.0,"la1":41.0,"lo2":87.0,"la2":55.0,"dx":1.0,"dy":1.0}, "data":
[rows 0 to 14 of 15, columns 0 to 40 of 41]
-2.1441162,2.1558838,-1.8441162,-1.2441162,-5.6441164,-5.7441163,0.55588377,4.2558837,1.7558838,0.35588378,0.25588378,0.9558838,1.1558838,1.0558838,-0.14411621,-1.0441163,-0.24411622,-2.0441163,-3.5441163,-3.5441163,-2.5441163,-3.6441162,-4.1441164,0.6558838,5.2558837,1.6558838,0.7558838,1.6558838,-2.0441163,0.25588378,-3.444116,-2.1441162,0.15588379,3.055884,-0.8441162,-5.2441163,-2.944116,2.555884,3.055884,-0.14411621,-0.24411622
3.055884,-3.3441162,0.55588377,-1.1441162,-3.7441163,-7.6441164,-5.1441164,-3.6441162,-3.8441162,-5.844116,-8.144116,-6.7441163,-8.144116,1.6558838,-0.8441162,-1.2441162,-1.3441162,-2.6441162,-3.1441162,-3.5441163,-2.6441162,-3.944116,-2.944116,0.6558838,1.6558838,2.3558838,1.4558837,1.8558838,-1.0441163,-0.14411621,-0.6441162,-1.1441162,-4.2441163,-0.14411621,-1.3441162,-5.944116,-5.6441164,-9.344116,-3.5441163,-1.2441162,-1.2441162
-2.5441163,-1.8441162,-3.0441163,0.25588378,-5.444116,-3.8441162,-0.94411623,-0.4441162,-0.4441162,-2.1441162,-5.344116,-6.6441164,-5.7441163,-6.7441163,-11.144116,-6.044116,-5.344116,-4.7441163,-5.7441163,-4.344116,-3.2441163,-2.1441162,-2.2441163,0.25588378,-2.5441163,-1.8441162,2.555884,-0.5441162,-0.14411621,-1.8441162,-0.94411623,-0.6441162,-2.1441162,-3.944116,-3.5441163,-1.9441162,-1.8441162,1.6558838,0.4558838,2.055884,0.7558838
0.25588378,6.2558837,7.055884,5.2558837,3.9558837,4.3558836,2.9558837,2.7558837,2.4558837,0.35588378,2.3558838,2.555884,-2.0441163,-4.944116,-1.8441162,4.555884,-3.2441163,-3.6441162,-4.1441164,-3.444116,-2.6441162,-0.24411622,-6.1441164,-5.6441164,0.055883788,0.25588378,-1.9441162,-0.3441162,-0.7441162,3.1558838,0.55588377,-0.24411622,2.8558838,3.2558837,-0.4441162,-0.3441162,2.055884,1.4558837,-1.1441162,-0.5441162,-2.5441163
-5.944116,3.6558838,4.055884,2.2558837,-0.14411621,1.7558838,2.3558838,1.8558838,4.2558837,3.3558838,3.6558838,2.8558838,5.555884,2.9558837,0.4558838,0.15588379,0.8558838,-1.4441162,-3.7441163,-3.6441162,-1.7441162,-1.5441163,-0.94411623,-0.8441162,0.15588379,-0.24411622,0.55588377,1.2558838,-0.7441162,1.2558838,0.25588378,-2.8441162,-0.94411623,-1.2441162,0.35588378,1.2558838,0.055883788,1.6558838,-0.3441162,-1.3441162,-0.6441162
-5.7441163,-3.8441162,-3.444116,4.555884,2.6558838,2.3558838,3.2558837,1.7558838,-0.14411621,-0.24411622,1.5558838,1.2558838,5.3558836,4.455884,1.6558838,-0.8441162,-1.5441163,-3.0441163,-3.7441163,-4.2441163,-2.5441163,-1.5441163,-0.94411623,-0.8441162,-0.04411621,1.8558838,2.9558837,3.8558838,3.4558837,3.1558838,1.3558838,-1.9441162,-2.0441163,-1.2441162,-1.1441162,-1.6441162,-1.6441162,-1.9441162,1.0558838,1.5558838,-0.14411621
-1.2441162,-0.14411621,1.2558838,4.7558837,6.655884,4.7558837,1.2558838,1.2558838,0.35588378,-0.94411623,-0.94411623,-1.9441162,-0.94411623,0.55588377,5.055884,3.4558837,-1.2441162,-2.6441162,-4.544116,-3.944116,-3.0441163,-2.7441163,-2.0441163,-0.94411623,0.9558838,3.1558838,3.555884,5.2558837,4.955884,4.655884,3.555884,2.2558837,1.5558838,0.25588378,0.8558838,-2.0441163,2.055884,0.055883788,0.25588378,0.055883788,0.15588379
-2.0441163,1.4558837,1.7558838,1.1558838,3.1558838,3.3558838,1.8558838,1.6558838,0.55588377,0.35588378,0.15588379,0.055883788,0.055883788,-0.24411622,-0.4441162,-1.1441162,-0.24411622,-2.2441163,-2.7441163,-3.0441163,-3.3441162,-4.044116,-3.444116,-0.24411622,3.4558837,4.455884,6.7558837,7.455884,6.955884,4.555884,2.1558838,2.1558838,1.9558837,0.7558838,-1.0441163,-0.6441162,-0.24411622,0.15588379,0.6558838,-0.04411621,0.35588378
-1.9441162,-1.7441162,4.155884,5.155884,1.2558838,2.6558838,2.6558838,-0.24411622,0.25588378,-0.6441162,-0.14411621,-0.6441162,-0.3441162,0.055883788,-0.8441162,-0.24411622,0.055883788,0.4558838,-1.6441162,-1.5441163,-3.0441163,-4.544116,-4.2441163,0.4558838,4.7558837,4.155884,7.555884,5.8558836,4.555884,3.7558837,4.155884,2.9558837,1.0558838,0.15588379,-1.8441162,-0.6441162,1.8558838,-3.0441163,-2.8441162,-1.6441162,0.7558838
-3.444116,-4.444116,0.35588378,2.2558837,6.155884,1.4558837,1.0558838,0.8558838,0.6558838,-0.24411622,-0.14411621,-0.7441162,-0.7441162,-1.5441163,-1.0441163,-1.0441163,-0.3441162,-0.3441162,-0.6441162,-1.7441162,-0.94411623,-5.6441164,-5.444116,2.4558837,4.8558836,4.155884,3.7558837,2.6558838,2.3558838,3.2558837,3.1558838,2.555884,1.7558838,1.3558838,-1.1441162,-1.4441162,-1.0441163,1.2558838,0.15588379,-0.6441162,-2.0441163
0.8558838,3.3558838,1.9558837,1.1558838,-0.94411623,0.25588378,0.055883788,-0.4441162,-0.3441162,-1.0441163,0.15588379,-0.24411622,-1.0441163,-0.8441162,-1.7441162,-2.1441162,-1.7441162,0.8558838,0.35588378,-1.1441162,0.9558838,-6.044116,-3.6441162,-1.1441162,0.35588378,1.5558838,-0.5441162,-5.2441163,-3.944116,1.2558838,1.2558838,2.555884,2.555884,2.1558838,0.55588377,-0.24411622,-1.9441162,-1.5441163,-1.8441162,-1.0441163,-0.6441162
-3.7441163,-4.544116,-4.044116,-3.3441162,-3.444116,-2.7441163,-3.0441163,-3.0441163,-2.1441162,-1.1441162,-1.9441162,-1.2441162,1.5558838,-0.3441162,-1.1441162,0.15588379,1.6558838,2.8558838,3.4558837,2.555884,3.4558837,-2.0441163,-0.04411621,1.5558838,2.1558838,1.2558838,0.6558838,3.7558837,3.6558838,-1.2441162,-2.5441163,-1.7441162,-1.4441162,-1.1441162,0.055883788,-2.1441162,-2.0441163,-2.2441163,-0.5441162,-1.0441163,-0.94411623
-4.344116,-5.044116,-5.544116,-4.7441163,-5.344116,-3.8441162,-2.1441162,-1.1441162,-0.94411623,-0.24411622,0.4558838,0.25588378,-0.4441162,0.6558838,0.4558838,-0.14411621,1.9558837,1.5558838,2.8558838,3.555884,3.4558837,2.1558838,2.1558838,1.4558837,2.3558838,2.8558838,2.2558837,1.0558838,1.2558838,1.8558838,2.555884,1.3558838,-0.8441162,-0.24411622,-0.6441162,-0.8441162,1.0558838,-0.3441162,-1.4441162,-1.0441163,0.055883788
-2.8441162,-2.944116,-2.944116,-1.6441162,-1.2441162,-0.4441162,-1.1441162,-1.4441162,2.2558837,3.555884,1.1558838,-0.14411621,-0.7441162,1.6558838,-1.5441163,-1.3441162,0.055883788,1.0558838,0.9558838,2.6558838,4.8558836,3.9558837,2.555884,1.5558838,2.1558838,1.4558837,2.3558838,1.9558837,1.7558838,0.7558838,0.9558838,-0.04411621,-0.24411622,-0.6441162,0.25588378,-1.1441162,-1.3441162,-1.7441162,-1.3441162,-1.0441163,0.15588379
-2.7441163,-4.944116,-5.344116,-4.6441164,-4.344116,-4.6441164,-2.2441163,-0.3441162,0.35588378,0.15588379,-1.8441162,-3.0441163,-2.0441163,-1.4441162,-1.9441162,-2.6441162,-0.7441162,1.8558838,0.4558838,0.35588378,-0.5441162,0.055883788,0.55588377,1.0558838,1.1558838,1.0558838,0.8558838,0.8558838,0.7558838,0.55588377,0.35588378,-0.6441162,0.25588378,0.25588378,0.9558838,1.5558838,2.055884,-1.3441162,-0.6441162,0.6558838,0.25588378
