wind_kz.json
{"header": {"discipline":0,"disciplineName":"Meteorological products","gribEdition":2,"gribLength":871,"center":7,"centerName":"US National Weather Service - NCEP(WMC)","subcenter":0,"refTime":"2024-04-09T06:00:00.000Z","significanceOfRT":1,"significanceOfRTName":"Start of forecast","productStatus":0,"productStatusName":"Operational products","productType":1,"productTypeName":"Forecast products","productDefinitionTemplate":0,"productDefinitionTemplateName":"Analysis/forecast at horizontal level/layer at a point in time","parameterCategory":0,"parameterCategoryName":"UnknownDiscipline_0_Category_0","parameterNumber":0,"parameterNumberName":"UnknownParameter_D0_C0_0","parameterUnit":"Unknown","genProcessType":2,"genProcessTypeName":"Forecast","forecastTime":180,"surface1Type":1,"surface1TypeName":"Ground or water surface","surface1Value":0.0,"surface2Type":255,"surface2TypeName":"Missing","surface2Value":0.0,"gridDefinitionTemplate":0,"gridDefinitionTemplateName":"Latitude_Longitude","numberPoints":615,"shape":6,"shapeName":"Earth spherical with radius of 6,371,229.0 m","gridUnits":"degrees","resolution":48,"winds":"true","scanMode":64,"nx":41,"ny":15,"basicAngle":0,"lo1":47.0,"la1":41.0,"lo2":87.0,"la2":55.0,"dx":1.0,"dy":1.0}, "data":
[rows 0 to 14 of 15, columns 0 to 40 of 41]
286.19855,281.59854,283.89853,282.29852,283.09854,283.99854,287.59854,292.69855,293.09854,294.59854,291.69855,293.89853,293.09854,293.49854,293.49854,292.39853,291.39853,288.69855,290.49854,286.59854,290.29852,286.19855,284.89853,278.89853,283.59854,283.49854,279.89853,271.69855,272.79852,273.89853,270.09854,269.89853,283.69855,287.59854,288.99854,289.39853,288.49854,289.49854,290.29852,289.99854,289.59854
268.49854,283.89853,282.59854,282.59854,282.99854,283.29852,291.29852,292.19855,292.09854,292.79852,292.39853,291.39853,291.89853,290.99854,292.59854,292.99854,294.09854,291.89853,289.79852,289.39853,288.49854,286.29852,281.89853,274.39853,267.49854,271.09854,278.89853,274.89853,277.39853,272.89853,275.69855,267.99854,276.39853,250.29854,262.79852,286.29852,284.79852,289.29852,290.39853,283.49854,279.59854
285.69855,282.59854,282.79852,282.89853,282.79852,288.39853,289.69855,292.09854,290.79852,291.49854,290.89853,290.79852,290.39853,289.89853,289.59854,290.89853,291.39853,292.59854,290.29852,290.09854,288.79852,285.89853,284.19855,278.09854,282.89853,281.69855,282.89853,283.29852,281.89853,276.19855,266.09854,272.09854,279.29852,281.59854,280.59854,280.79852,274.29852,277.49854,277.39853,271.59854,268.19855
286.09854,283.49854,282.79852,282.79852,284.29852,289.69855,291.69855,290.99854,291.39853,291.39853,290.39853,288.79852,285.79852,286.39853,287.59854,289.79852,289.29852,291.19855,290.29852,289.99854,285.39853,279.99854,284.29852,284.69855,286.29852,284.59854,283.19855,281.59854,282.99854,284.79852,284.89853,283.19855,286.99854,286.39853,287.19855,283.49854,273.19855,263.09854,277.59854,282.99854,285.69855
287.09854,284.29852,283.39853,283.99854,285.69855,289.69855,291.49854,291.49854,290.39853,289.89853,290.49854,288.69855,285.09854,284.89853,283.19855,287.39853,288.99854,289.09854,289.09854,287.79852,285.79852,284.99854,284.89853,286.19855,285.39853,285.49854,283.89853,282.49854,287.39853,288.19855,288.79852,285.49854,276.19855,270.09854,281.79852,285.79852,283.79852,289.19855,288.79852,289.39853,287.99854
288.59854,287.29852,284.19855,283.29852,281.79852,282.19855,288.49854,290.79852,289.79852,289.59854,290.29852,290.09854,284.69855,284.29852,279.39853,287.59854,289.49854,288.89853,289.09854,288.59854,286.19855,283.69855,282.59854,284.79852,284.09854,282.79852,285.19855,271.79852,287.09854,288.19855,286.69855,288.49854,287.09854,287.09854,284.39853,282.99854,278.79852,280.09854,285.89853,286.99854,285.39853
289.09854,290.09854,291.09854,290.29852,286.29852,288.19855,288.69855,289.29852,289.79852,289.79852,288.49854,287.59854,287.49854,286.99854,286.79852,287.99854,287.49854,288.89853,287.89853,286.99854,285.49854,284.99854,283.49854,283.59854,282.99854,283.49854,284.09854,285.39853,285.39853,285.79852,286.69855,286.39853,285.99854,285.39853,286.59854,284.69855,278.79852,276.89853,270.19855,270.99854,281.79852
289.49854,290.29852,291.69855,291.59854,291.69855,290.29852,290.19855,289.59854,289.59854,288.89853,288.49854,288.19855,288.59854,288.09854,286.69855,286.89853,286.49854,286.29852,285.89853,286.89853,284.39853,285.59854,284.79852,284.29852,283.79852,282.29852,283.79852,284.49854,284.29852,286.49854,285.59854,285.89853,283.69855,279.89853,278.99854,280.09854,281.39853,272.79852,281.79852,281.59854,278.89853
287.49854,288.29852,290.49854,289.79852,290.19855,288.59854,287.29852,286.29852,285.59854,285.99854,286.19855,285.09854,283.89853,286.19855,287.09854,286.89853,284.59854,284.49854,284.09854,283.89853,284.59854,283.49854,284.79852,284.99854,284.19855,283.99854,282.79852,282.69855,282.29852,281.99854,282.59854,283.69855,281.99854,279.79852,279.19855,277.49854,278.19855,277.39853,259.99854,264.39853,259.49854
286.79852,287.19855,287.09854,287.59854,287.09854,285.99854,284.89853,284.49854,284.49854,283.59854,282.59854,281.89853,282.49854,284.99854,285.09854,284.99854,285.39853,284.79852,284.19855,283.49854,285.69855,282.59854,283.19855,284.49854,285.99854,283.19855,283.89853,283.19855,282.09854,279.89853,279.39853,280.59854,281.39853,279.69855,278.69855,277.99854,275.99854,270.49854,265.59854,269.89853,265.59854
287.19855,287.29852,286.49854,285.79852,286.59854,285.99854,285.69855,284.89853,283.49854,280.59854,279.69855,280.09854,280.99854,281.19855,281.99854,284.59854,283.69855,284.39853,284.49854,283.39853,283.29852,282.99854,283.99854,284.09854,281.49854,282.19855,279.59854,280.19855,280.09854,279.99854,278.99854,278.59854,278.69855,278.79852,278.79852,277.79852,273.19855,271.09854,273.79852,274.19855,268.89853
285.89853,287.09854,286.69855,285.89853,284.99854,284.69855,282.79852,281.59854,281.09854,280.39853,280.59854,279.09854,280.79852,278.79852,279.99854,282.99854,283.39853,283.09854,282.99854,283.09854,280.99854,280.19855,280.29852,281.59854,279.59854,280.39853,280.29852,279.69855,279.19855,277.99854,277.29852,276.79852,275.79852,275.19855,275.29852,275.09854,275.09854,274.59854,273.59854,274.49854,276.49854
285.39853,285.59854,286.09854,285.89853,284.79852,283.59854,282.69855,281.59854,279.99854,279.29852,276.69855,275.89853,277.99854,277.39853,278.49854,279.79852,281.79852,281.89853,282.19855,281.19855,280.59854,279.79852,278.99854,278.79852,279.99854,280.49854,279.89853,278.49854,277.49854,276.19855,275.49854,274.69855,273.69855,273.49854,273.49854,273.29852,272.99854,273.59854,272.59854,272.79852,272.69855
284.39853,284.79852,277.99854,283.79852,282.79852,281.89853,281.39853,280.09854,279.79852,278.89853,276.89853,274.59854,274.99854,276.59854,277.59854,278.19855,279.89853,280.89853,280.89853,280.59854,280.39853,279.89853,280.19855,281.29852,280.89853,279.49854,278.59854,277.79852,275.79852,275.89853,275.19855,273.59854,272.39853,272.19855,271.89853,271.59854,271.39853,272.09854,272.29852,271.19855,273.39853
283.09854,282.89853,273.19855,281.89853,281.79852,280.89853,281.09854,279.79852,280.69855,280.19855,278.39853,275.79852,275.69855,275.39853,276.89853,277.29852,277.29852,279.29852,280.09854,278.79852,278.99854,278.29852,278.69855,278.29852,277.99854,277.29852,276.59854,275.29852,274.29852,273.59854,272.99854,271.69855,272.19855,272.19855,272.29852,272.09854,272.09854,271.89853,271.79852,271.89853,270.99854
