wind_kz.json
{"header": {"discipline":0,"disciplineName":"Meteorological products","gribEdition":2,"gribLength":1025,"center":7,"centerName":"US National Weather Service - NCEP(WMC)","subcenter":0,"refTime":"2023-08-26T00:00:00.000Z","significanceOfRT":1,"significanceOfRTName":"Start of forecast","productStatus":0,"productStatusName":"Operational products","productType":1,"productTypeName":"Forecast products","productDefinitionTemplate":0,"productDefinitionTemplateName":"Analysis/forecast at horizontal level/layer at a point in time","parameterCategory":2,"parameterCategoryName":"UnknownDiscipline_0_Category_2","parameterNumber":2,"parameterNumberName":"UnknownParameter_D0_C2_2","parameterUnit":"Unknown","genProcessType":2,"genProcessTypeName":"Forecast","forecastTime":0,"surface1Type":103,"surface1TypeName":"Specified height level above ground","surface1Value":10.0,"surface2Type":255,"surface2TypeName":"Missing","surface2Value":0.0,"gridDefinitionTemplate":0,"gridDefinitionTemplateName":"Latitude_Longitude","numberPoints":615,"shape":6,"shapeName":"Earth spherical with radius of 6,371,229.0 m","gridUnits":"degrees","resolution":48,"winds":"true","scanMode":64,"nx":41,"ny":15,"basicAngle":0,"lo1":47.0,"la1":41.0,"lo2":87.0,"la2":55.0,"dx":1.0,"dy":1.0}, "data":
[rows 0 to 14 of 15, columns 0 to 40 of 41]
-0.28532714,0.67467284,2.804673,3.1546729,0.65467286,-0.055327147,0.024672851,0.28467286,0.49467286,0.8246729,0.014672851,2.9046729,-0.09532715,-0.9853271,-2.5253272,-3.135327,-1.3953271,0.014672851,-1.2353271,1.7946728,4.254673,2.844673,1.8246728,-0.94532716,1.3946729,-2.4753273,-2.5553272,-0.44532716,0.85467285,-0.9953272,-1.1153271,-0.07532715,4.044673,1.4046729,-2.395327,-2.7553272,-2.885327,-2.7553272,-3.5053272,-2.955327,-3.0253272
0.68467283,1.8246728,4.174673,4.714673,3.2046728,1.5446728,-0.10532715,-0.52532715,3.6846728,7.5346727,7.3246727,5.254673,1.4346728,-0.7453272,-1.0653272,-2.3253272,0.15467285,-0.13532715,0.31467286,1.9246728,3.564673,3.114673,2.054673,-2.375327,0.47467285,0.6446729,-0.19532715,-0.10532715,-0.23532715,-2.1053271,-0.07532715,-0.70532715,0.59467286,-1.5953271,-0.08532715,-0.75532717,-1.4353272,-0.31532714,-1.1953272,0.59467286,-1.2153271
2.7546728,6.714673,5.504673,5.4046726,6.254673,1.3146728,1.9246728,1.6846728,2.0146728,1.2146728,1.1446729,0.16467285,0.71467286,2.614673,0.25467286,-1.6053271,-3.415327,-1.7853272,0.62467283,2.854673,3.6346729,2.564673,-3.5353272,-1.3653271,0.72467285,0.5146729,0.7646729,1.1246729,-1.4953271,-0.88532716,-1.0553272,1.9846729,0.47467285,0.34467286,0.23467284,-0.8653271,-0.84532714,-0.0053271484,-1.1653272,-0.17532715,1.3746729
3.624673,7.0546727,7.8046727,8.844673,6.184673,2.6446729,2.2346728,2.854673,3.124673,3.084673,2.4146729,0.92467284,2.4346728,1.5946728,3.6646729,0.54467285,-1.2953272,-1.1453271,-1.3853271,-0.23532715,-0.0053271484,-1.5453272,-2.4953272,-3.7753272,-3.0153272,-3.8353271,-3.4853272,-6.285327,-0.6753271,-0.89532715,1.0046729,-2.125327,-0.035327148,-3.0753272,-2.4653273,-1.9353272,-2.1153271,-0.33532715,1.1146729,0.29467285,0.6946728
1.8346728,3.4646728,7.274673,3.9346728,9.094673,4.084673,4.664673,3.7746727,3.824673,4.624673,3.824673,3.4946728,4.0346727,5.144673,5.1346726,2.2146728,0.32467285,-0.18532714,-2.945327,-1.8253272,-3.5853271,-3.0153272,-3.405327,-3.4953272,-3.8053272,-3.5053272,-4.3453274,-2.0753272,-2.165327,-1.5753272,-2.8253272,-3.425327,-2.9653273,-0.41532716,-0.09532715,-0.53532714,0.23467284,-3.7953272,-3.2753272,-3.0953271,-3.905327
3.1446729,3.1746728,4.504673,4.5546727,8.604672,5.424673,8.124673,4.474673,2.6646729,4.3646727,2.9646728,1.9446728,3.084673,3.4246728,3.2146728,0.98467284,0.92467284,0.5646728,-2.4753273,-2.7253273,-3.7253273,-3.0753272,-3.205327,-4.645327,-5.015327,-4.9253273,-1.0953271,-3.7753272,-1.9153272,-0.53532714,-1.6853272,-0.8053272,0.034672853,1.2146728,1.0546728,-2.5153272,0.21467285,-1.7553271,0.43467286,-2.0553272,-2.205327
3.1646729,1.7946728,2.1346729,1.3046728,1.5146729,2.854673,6.044673,4.5146728,5.174673,3.4846728,4.0746727,3.624673,3.374673,3.354673,3.6846728,2.294673,2.4746728,1.2346729,-0.6753271,-2.2453272,-2.4653273,-3.0953271,-3.5453272,-3.705327,-4.045327,-2.395327,-1.8153272,-2.385327,-4.8453274,-3.3053272,-4.375327,-3.8253272,-3.2553272,-0.8553271,2.0246727,0.33467284,-1.1853272,2.4946728,-2.5653272,1.1246729,1.1346729
1.1246729,0.65467286,-0.57532716,-0.91532713,0.78467286,-0.71532714,-0.6053271,-1.4853271,-0.22532715,2.9046729,0.26467285,1.7646729,3.0246727,3.4046729,3.4446728,2.2746727,-2.5853271,2.8946729,2.854673,-1.9253272,-0.52532715,-1.6953272,-1.9053272,-2.4753273,-2.625327,-1.5853271,-2.145327,-2.135327,-5.1153274,-4.915327,-5.785327,-4.3453274,-4.6353273,-2.205327,-2.445327,3.094673,4.814673,5.7646728,1.0246729,-4.145327,-2.7153273
0.40467286,-0.13532715,2.0346727,0.28467286,-1.3053272,0.86467284,-0.39532715,1.2546729,-1.0853271,2.304673,0.04467285,0.68467283,1.6446729,-0.055327147,0.8846729,1.4746728,-0.78532714,7.0346727,1.4346728,-1.5453272,-1.7653271,-0.49532714,-1.1453271,-1.4153272,-1.3553271,-1.3253272,-1.7253271,-2.2353272,-1.7253271,-2.895327,-5.355327,-2.5253272,-1.0453272,-1.3653271,0.04467285,1.0746728,0.91467285,-1.6553272,-0.9353272,-0.26532716,-1.7953272
-0.51532716,-0.09532715,-0.24532714,-1.0453272,-0.57532716,-0.76532716,0.17467286,-0.42532715,0.25467286,0.8146728,1.2646729,0.62467283,0.08467285,1.6146729,0.47467285,0.23467284,-2.5553272,-3.375327,-0.57532716,0.55467284,1.9746728,0.5746729,-0.26532716,-0.75532717,-1.3953271,-0.9253271,-2.0353272,-2.8553271,-2.2853272,-2.5553272,-1.8853271,-0.83532715,-1.0553272,-1.5453272,-0.35532716,1.0446728,0.37467286,0.15467285,-0.58532715,0.054672852,-1.5153271
-0.87532717,-1.2153271,-1.6853272,-0.53532714,-0.69532716,0.014672851,0.5646728,-0.32532716,-0.025327148,-0.51532716,-0.17532715,0.16467285,-0.6053271,-2.395327,-1.7253271,0.0046728514,-2.625327,-3.165327,-4.755327,-3.5553272,0.85467285,2.044673,-1.2753272,-0.94532716,-0.89532715,-0.9853271,-0.97532713,-0.38532716,-0.47532713,-0.94532716,-1.6253271,-1.9353272,-0.6853272,-1.3053272,-1.0053271,0.17467286,0.26467285,-0.21532714,0.5046728,0.5046728,-1.0553272
0.47467285,0.6946728,0.43467286,0.5046728,0.87467283,-0.21532714,0.77467287,-0.91532713,-0.065327145,-1.0153271,-0.52532715,-0.33532715,-1.1353271,-0.6153271,-1.5053271,1.9246728,-1.1253271,-0.7953271,-0.81532717,-1.2353271,-0.6153271,-1.5053271,-1.3853271,-1.2353271,-0.59532714,0.46467286,0.114672855,0.014672851,-0.46532714,-0.78532714,-0.23532715,-1.2353271,-0.10532715,-0.9953272,-0.59532714,-0.10532715,1.1546729,2.2146728,1.1046729,0.98467284,0.5746729
1.3246728,1.8246728,1.7446729,1.0046729,1.6646729,1.2246728,1.0046729,0.55467284,0.35467285,0.67467284,0.28467286,0.93467283,0.19467285,-0.47532713,0.034672853,-0.24532714,-1.4453272,-0.34532714,-1.5553272,-1.2553271,0.46467286,-0.70532715,1.1846728,1.4746728,0.5146729,1.5446728,-0.52532715,-2.7853272,-1.1453271,0.23467284,0.98467284,0.58467287,0.86467284,0.20467286,0.12467285,0.46467286,1.5046729,1.8746729,1.0646728,1.0946728,1.4946729
1.9346728,2.114673,3.104673,2.2546728,1.9746728,1.4246728,1.0546728,0.5046728,0.8246729,1.3446728,0.6946728,0.23467284,1.2046728,0.80467284,0.91467285,0.6346729,0.90467286,-0.5553272,0.35467285,0.13467285,-0.015327148,0.06467285,0.91467285,-0.35532716,0.55467284,-1.0753272,-1.4153272,-0.33532715,0.31467286,1.1346729,1.6246729,1.2646729,0.97467285,0.87467283,1.0946728,1.5746728,0.9546729,1.5946728,2.6946728,1.0146729,2.314673
1.2946728,2.5046728,2.8846729,1.5546728,1.6246729,1.5046729,1.5346729,1.0546728,1.8546729,1.2646729,0.034672853,0.83467287,1.0046729,1.5946728,1.4146729,1.7246728,1.2646729,0.5646728,-0.055327147,-0.025327148,-1.2353271,1.9246728,1.2246728,-0.14532715,-0.75532717,0.21467285,0.42467284,1.5146729,1.9846729,1.1246729,0.92467284,0.7046729,1.4846729,1.7646729,1.4046729,2.7046728,1.6246729,2.2346728,3.354673,3.334673,1.2346729
