wind_kz.json
{"header": {"discipline":0,"disciplineName":"Meteorological products","gribEdition":2,"gribLength":871,"center":7,"centerName":"US National Weather Service - NCEP(WMC)","subcenter":0,"refTime":"2023-09-07T18:00:00.000Z","significanceOfRT":1,"significanceOfRTName":"Start of forecast","productStatus":0,"productStatusName":"Operational products","productType":1,"productTypeName":"Forecast products","productDefinitionTemplate":0,"productDefinitionTemplateName":"Analysis/forecast at horizontal level/layer at a point in time","parameterCategory":0,"parameterCategoryName":"UnknownDiscipline_0_Category_0","parameterNumber":0,"parameterNumberName":"UnknownParameter_D0_C0_0","parameterUnit":"Unknown","genProcessType":2,"genProcessTypeName":"Forecast","forecastTime":0,"surface1Type":1,"surface1TypeName":"Ground or water surface","surface1Value":0.0,"surface2Type":255,"surface2TypeName":"Missing","surface2Value":0.0,"gridDefinitionTemplate":0,"gridDefinitionTemplateName":"Latitude_Longitude","numberPoints":615,"shape":6,"shapeName":"Earth spherical with radius of 6,371,229.0 m","gridUnits":"degrees","resolution":48,"winds":"true","scanMode":64,"nx":41,"ny":15,"basicAngle":0,"lo1":47.0,"la1":41.0,"lo2":87.0,"la2":55.0,"dx":1.0,"dy":1.0}, "data":
[rows 0 to 14 of 15, columns 0 to 40 of 41]
297.44156,287.14154,289.14154,298.54156,298.54156,297.14154,296.44156,299.74155,298.54156,299.54156,298.84155,300.34155,299.64154,299.64154,299.04156,296.44156,296.44156,296.44156,294.64154,297.04156,299.84155,294.74155,295.14154,290.84155,293.44156,293.04156,290.64154,277.24155,276.54156,276.84155,275.44156,276.94156,288.34155,294.44156,294.34155,294.84155,294.64154,296.74155,295.34155,295.64154,295.84155
279.04156,288.94156,297.84155,298.14154,298.14154,296.54156,295.74155,296.24155,295.94156,296.24155,297.24155,297.24155,296.84155,293.84155,294.54156,294.74155,292.84155,292.84155,291.94156,292.04156,296.34155,297.34155,294.24155,287.94156,277.24155,277.44156,284.34155,278.44156,278.64154,272.64154,280.14154,270.04156,280.34155,258.44156,276.54156,292.24155,290.64154,293.44156,296.54156,288.34155,284.04156
292.44156,297.54156,298.64154,298.24155,295.84155,294.54156,294.44156,294.04156,294.24155,294.34155,294.84155,296.14154,292.24155,293.64154,292.64154,291.54156,292.44156,288.84155,288.64154,291.14154,296.74155,293.64154,295.24155,289.84155,292.24155,292.94156,291.74155,291.34155,290.34155,281.54156,273.94156,275.54156,279.64154,280.34155,282.04156,283.04156,275.54156,275.64154,278.04156,273.64154,272.94156
290.34155,297.34155,298.24155,297.14154,294.54156,292.64154,293.04156,293.04156,293.74155,294.14154,295.04156,293.74155,294.34155,293.54156,292.34155,291.24155,290.14154,288.34155,289.04156,289.74155,292.64154,290.24155,296.24155,296.94156,297.24155,295.44156,294.74155,292.14154,291.54156,292.44156,292.94156,289.34155,294.04156,290.34155,287.64154,286.64154,276.34155,274.64154,279.74155,287.04156,291.14154
295.84155,295.84155,296.74155,295.54156,294.34155,293.14154,293.44156,294.44156,293.54156,293.84155,292.74155,291.64154,293.94156,292.54156,290.54156,292.04156,292.04156,291.04156,290.34155,291.44156,291.94156,295.94156,295.34155,294.34155,293.14154,293.54156,290.64154,292.24155,292.94156,292.24155,294.04156,291.24155,282.84155,272.44156,281.04156,289.54156,293.44156,294.34155,294.14154,294.44156,294.74155
293.44156,296.54156,294.94156,294.54156,294.64154,294.34155,293.44156,295.14154,292.94156,293.94156,294.44156,293.04156,293.04156,293.54156,291.64154,290.84155,292.24155,290.54156,289.34155,290.14154,290.34155,293.44156,293.64154,292.34155,291.64154,288.54156,288.34155,292.14154,292.74155,293.34155,292.84155,292.34155,291.04156,290.34155,289.24155,290.34155,282.54156,286.94156,293.84155,293.14154,292.14154
291.14154,291.64154,294.94156,296.44156,295.34155,293.14154,295.14154,296.74155,293.94156,292.84155,289.64154,291.34155,289.04156,288.44156,290.94156,291.74155,291.04156,290.44156,289.54156,289.54156,291.04156,291.94156,292.44156,292.44156,289.84155,290.94156,290.94156,291.84155,291.94156,291.84155,291.04156,290.64154,290.64154,290.14154,291.04156,289.34155,284.44156,281.74155,281.04156,277.94156,288.04156
290.84155,292.94156,291.74155,293.84155,294.94156,297.44156,298.14154,294.14154,295.24155,295.04156,291.64154,292.24155,290.34155,288.74155,288.24155,289.94156,288.94156,288.64154,288.64154,287.24155,287.04156,287.94156,288.54156,289.04156,287.94156,287.14154,287.04156,289.34155,288.44156,288.94156,287.34155,287.34155,285.24155,283.64154,282.54156,286.14154,287.14154,289.24155,286.24155,286.24155,283.24155
286.74155,287.54156,288.14154,289.44156,291.64154,291.94156,290.94156,293.84155,293.64154,292.74155,293.74155,291.84155,292.34155,289.94156,287.24155,287.34155,288.84155,288.94156,287.94156,287.04156,285.64154,285.64154,286.74155,286.34155,286.24155,286.84155,285.64154,285.44156,282.94156,280.44156,282.64154,283.14154,283.44156,284.14154,282.34155,280.64154,281.04156,281.04156,270.04156,271.14154,273.14154
286.64154,287.14154,286.44156,286.34155,288.04156,289.54156,289.14154,290.74155,291.64154,292.34155,291.64154,288.44156,289.64154,291.34155,288.94156,289.34155,288.74155,289.64154,288.54156,288.34155,286.74155,286.64154,287.64154,287.14154,286.94156,286.04156,285.14154,285.64154,285.74155,281.34155,280.54156,283.34155,284.94156,287.24155,283.74155,280.74155,278.64154,275.04156,270.14154,272.74155,271.84155
284.54156,285.04156,284.44156,285.24155,284.14154,285.94156,288.14154,288.24155,289.44156,288.94156,289.24155,289.94156,288.74155,289.14154,289.14154,287.84155,290.54156,291.14154,289.94156,288.44156,289.14154,289.54156,287.24155,287.04156,287.44156,287.44156,284.74155,285.44156,282.44156,283.44156,284.24155,284.34155,286.64154,287.04156,286.64154,283.44156,279.04156,273.14154,271.64154,273.64154,271.64154
282.44156,283.24155,282.94156,283.04156,282.54156,284.24155,284.54156,286.74155,287.34155,287.14154,285.64154,286.74155,288.64154,285.74155,286.74155,287.44156,288.04156,288.74155,288.74155,285.84155,284.04156,284.84155,285.04156,283.44156,282.84155,283.84155,283.44156,286.74155,287.84155,284.94156,282.94156,283.34155,283.04156,281.34155,284.14154,283.54156,284.14154,284.14154,280.84155,279.84155,280.24155
280.84155,280.94156,285.14154,282.34155,282.34155,284.94156,282.84155,286.24155,286.24155,285.34155,283.44156,283.34155,287.04156,285.84155,284.94156,285.94156,285.84155,287.44156,285.14154,283.84155,283.04156,281.04156,280.54156,280.44156,282.04156,285.34155,288.14154,287.14154,284.74155,281.54156,281.84155,281.74155,283.14154,281.64154,283.04156,282.94156,283.04156,282.94156,281.34155,282.34155,282.74155
278.54156,281.34155,285.44156,282.74155,283.74155,280.94156,282.14154,283.54156,285.34155,285.94156,284.44156,282.84155,284.34155,283.44156,284.24155,285.04156,284.74155,284.04156,284.14154,283.14154,283.24155,282.44156,282.84155,282.94156,282.24155,281.84155,281.54156,281.44156,280.74155,279.94156,280.34155,282.44156,283.24155,282.54156,282.74155,281.94156,282.54156,281.84155,278.64154,277.74155,280.24155
278.54156,280.34155,289.34155,281.54156,282.04156,283.84155,281.24155,281.44156,283.74155,284.64154,285.24155,283.34155,282.14154,282.54156,283.74155,284.84155,287.54156,286.34155,282.94156,282.14154,282.94156,282.34155,281.64154,280.34155,280.54156,280.14154,279.54156,279.04156,279.34155,281.74155,282.54156,282.64154,283.14154,282.14154,279.04156,279.44156,279.44156,278.44156,278.24155,278.14154,277.84155
