wind_kz.json
{"header": {"discipline":0,"disciplineName":"Meteorological products","gribEdition":2,"gribLength":1025,"center":7,"centerName":"US National Weather Service - NCEP(WMC)","subcenter":0,"refTime":"2023-08-25T06:00:00.000Z","significanceOfRT":1,"significanceOfRTName":"Start of forecast","productStatus":0,"productStatusName":"Operational products","productType":1,"productTypeName":"Forecast products","productDefinitionTemplate":0,"productDefinitionTemplateName":"Analysis/forecast at horizontal level/layer at a point in time","parameterCategory":2,"parameterCategoryName":"UnknownDiscipline_0_Category_2","parameterNumber":2,"parameterNumberName":"UnknownParameter_D0_C2_2","parameterUnit":"Unknown","genProcessType":2,"genProcessTypeName":"Forecast","forecastTime":300,"surface1Type":103,"surface1TypeName":"Specified height level above ground","surface1Value":10.0,"surface2Type":255,"surface2TypeName":"Missing","surface2Value":0.0,"gridDefinitionTemplate":0,"gridDefinitionTemplateName":"Latitude_Longitude","numberPoints":615,"shape":6,"shapeName":"Earth spherical with radius of 6,371,229.0 m","gridUnits":"degrees","resolution":48,"winds":"true","scanMode":64,"nx":41,"ny":15,"basicAngle":0,"lo1":47.0,"la1":41.0,"lo2":87.0,"la2":55.0,"dx":1.0,"dy":1.0}, "data":
[rows 0 to 14 of 15, columns 0 to 40 of 41]
-6.711916,0.25808412,2.718084,7.448084,6.438084,3.948084,4.018084,6.208084,8.708084,8.668084,-2.471916,-3.961916,-6.021916,-3.1519158,-4.871916,-3.781916,-0.5119159,-0.82191586,-3.011916,-1.7019159,-2.511916,-0.94191587,-1.4719158,-0.7419159,0.9880841,-2.991916,-2.551916,0.2680841,-0.27191588,0.9480841,-0.6519159,2.048084,0.068084106,0.3080841,1.2880841,-4.801916,-5.631916,-3.421916,-2.171916,0.3980841,2.228084
1.4380841,1.1780841,3.208084,2.8680842,2.3880842,0.8580841,2.8980842,0.21808411,-1.0319159,-4.021916,-3.3719158,-4.101916,-2.241916,-3.051916,-3.931916,-2.921916,-1.0019159,-2.8719158,-1.9719158,-2.671916,-0.4419159,0.3680841,0.7280841,-2.1319158,-0.12191589,1.2280841,-0.3719159,2.718084,-1.8319159,-1.5019159,0.28808412,-0.3619159,0.9880841,-3.1119158,-0.2519159,-1.6219159,-0.041915894,-0.011915893,0.1680841,1.3480841,2.3780842
-1.2019159,-0.46191588,-1.9719158,-1.5019159,-0.4019159,-2.1119158,-4.591916,-1.231916,-0.3119159,-2.721916,-3.451916,-5.001916,-6.191916,-4.911916,-6.891916,-6.601916,-3.211916,-2.491916,-0.9919159,-1.3819159,-1.3519158,0.12808411,-3.291916,-2.3319159,1.6680841,0.6380841,0.6480841,0.6980841,-2.511916,-0.1919159,-0.2219159,2.1680841,0.078084104,-0.9219159,0.24808411,-1.4019159,-0.041915894,0.24808411,0.12808411,2.218084,1.3180841
-2.8219159,-6.7819157,-5.921916,-4.861916,-3.191916,-3.691916,-1.1919159,-4.271916,-4.271916,-8.081916,-5.331916,-5.591916,-4.4319158,-5.861916,-4.2819157,-3.9019158,-4.001916,-3.431916,-2.1019158,1.508084,-0.1919159,-0.8519159,3.6180842,0.5380841,0.8580841,0.9680841,0.108084105,-0.9919159,1.5980841,3.748084,-0.3619159,-1.1319159,1.1480842,-0.1319159,-1.9519159,-1.8419158,-1.5719159,2.1880841,1.2980841,0.3080841,0.5680841
-2.9019158,-5.051916,-5.901916,-4.791916,-4.351916,-2.981916,-3.3619158,-3.181916,-4.091916,-4.4719157,-2.991916,-3.471916,-4.101916,-4.7819157,-5.101916,0.9780841,2.528084,2.5980842,0.5680841,1.3080841,1.3280841,0.5180841,1.8580841,2.1680841,1.7080841,1.8580841,1.7880841,3.1080842,-1.6419159,-0.2919159,-2.1519158,-2.8519158,-1.9619159,1.4480841,1.388084,1.7880841,-2.771916,-3.261916,-3.501916,-4.171916,-1.1419159
-3.681916,-2.041916,-2.1319158,-2.8419158,-4.5119157,-3.471916,-1.9519159,-2.991916,-2.6219158,-3.501916,-3.421916,-5.361916,-5.351916,-4.861916,-4.861916,-3.1119158,-1.5419159,-1.6619159,-0.9819159,1.9580841,0.18808411,0.7480841,2.1680841,3.328084,4.8180842,3.788084,3.6280842,2.488084,-0.08191589,-3.011916,-2.4019158,-1.2819159,-1.4719158,0.9680841,0.068084106,-0.9719159,0.3580841,0.5080841,0.44808412,-1.6919159,-3.3719158
-3.1019158,-0.9619159,-0.3519159,-1.6719159,-1.8819159,-1.7019159,-2.481916,-2.451916,-2.451916,-2.451916,-2.1519158,-2.5819159,-3.531916,-3.481916,-1.491916,-0.9219159,-1.4419159,0.4080841,1.4180841,2.1780841,1.1580842,0.8980841,0.67808414,2.548084,2.548084,4.708084,3.798084,2.6080842,3.788084,0.28808412,1.3380841,2.578084,2.978084,2.4080842,-1.5119159,-1.7819159,-1.4519159,2.6680841,-2.6119158,1.888084,2.078084
-2.3819158,-0.3119159,-1.5819159,-2.1019158,-2.441916,-3.3319159,-2.041916,-1.1619159,-4.7419157,-5.2019157,-5.101916,-3.991916,-3.8819158,-3.8519158,-0.46191588,-1.3219159,-0.09191589,0.7480841,1.7980841,1.5980841,1.1680841,-0.021915894,-3.0719159,-2.0919158,-1.8419158,0.008084106,3.988084,4.3180842,2.9080842,3.6880841,2.528084,3.478084,2.948084,2.1580842,-0.7119159,2.0880842,0.068084106,-2.5719159,-2.551916,-3.541916,-2.431916
0.018084107,-2.1319158,-3.961916,-3.721916,-4.171916,-3.281916,-1.8719159,-5.731916,-6.171916,-4.941916,-4.361916,-3.771916,-1.9119159,-1.481916,-4.891916,-4.211916,-4.881916,-4.961916,-4.661916,-4.421916,-4.111916,-2.5719159,-1.0919158,0.1980841,-1.4519159,-1.3519158,-1.7219158,-2.421916,0.4580841,1.8180841,5.198084,4.208084,2.768084,0.7780841,0.9780841,-1.8719159,-0.23191589,-2.181916,-1.5519159,0.4680841,-1.231916
-3.761916,-2.3519158,-3.9019158,-3.0819159,-3.261916,-2.451916,-1.5319159,-4.591916,-5.661916,-4.921916,-5.321916,-6.071916,-4.551916,-5.4319158,-5.231916,-4.581916,-4.301916,-4.121916,-3.6419158,-3.3119159,-2.8219159,-0.7819159,1.3680841,2.568084,1.9280841,2.008084,0.1780841,-0.1619159,-1.4319159,-3.491916,2.558084,1.6180841,-2.8319159,-0.69191587,-1.1019158,-1.3319159,-2.961916,-0.88191587,-2.051916,-0.3819159,-0.63191587
-3.6219158,-3.961916,-4.141916,-4.021916,-3.291916,-1.6719159,-2.051916,-2.261916,-4.291916,-3.971916,-3.671916,-4.6819158,-4.861916,-5.381916,-4.111916,-3.9019158,-4.341916,-1.8519158,-2.8319159,-2.971916,-1.2219158,-0.061915893,1.3480841,1.7380841,2.1180842,2.818084,3.268084,3.058084,1.9080842,3.5880842,6.358084,2.4180841,3.228084,-2.8319159,-1.9719158,-1.5519159,-1.9719158,-0.2519159,-1.5519159,1.1280841,-1.481916
-3.3719158,-3.471916,-2.5819159,-2.5719159,-1.1619159,-1.1919159,-1.7719159,-3.251916,-2.231916,-3.181916,-3.961916,-4.4919157,-3.551916,-3.6619158,-2.281916,-1.6219159,-1.4219159,-0.021915894,-0.3619159,0.2280841,0.12808411,1.7180841,1.9180841,2.5980842,3.798084,4.668084,4.748084,4.838084,3.3880842,3.008084,0.1980841,3.998084,7.2980843,4.578084,-0.43191588,-0.3419159,-3.281916,0.7280841,-1.3119159,-0.27191588,-0.5119159
-0.8319159,-1.1519159,-0.9819159,-2.041916,-1.3419158,-2.6619158,-2.801916,-3.001916,-4.4319158,-0.051915895,-0.6519159,-4.401916,-3.3319159,-2.031916,-0.9019159,-0.8719159,0.24808411,0.13808411,0.1980841,-0.111915894,0.5280841,1.9280841,2.478084,2.828084,4.198084,4.128084,8.598084,5.958084,4.7780843,1.9480841,2.1180842,1.3780841,6.4880843,6.118084,0.2680841,0.15808411,-0.6219159,0.67808414,0.3380841,0.44808412,-1.241916
0.108084105,-0.8119159,-1.7119159,-2.701916,-3.271916,-2.1519158,-2.171916,-2.8319159,-3.791916,-3.8419158,-0.8319159,-1.8419158,-2.6019158,-1.4719158,-1.7019159,-0.9919159,-0.3819159,-0.7519159,-0.3419159,0.4880841,1.0380841,1.0780841,1.4080842,1.8780841,2.1280842,1.4780841,-0.1819159,2.228084,2.6680841,1.2880841,2.488084,2.6480842,0.4880841,0.3880841,1.2380841,0.15808411,-0.5619159,1.3380841,1.9080842,0.5380841,0.6680841
-2.0919158,-2.021916,-3.021916,-1.6719159,-2.961916,-2.951916,-1.991916,-3.991916,-3.261916,-1.4419159,-1.5219159,-2.961916,-0.6619159,-0.14191589,-0.43191588,-0.6519159,-1.3319159,-0.9319159,-0.6419159,-0.6619159,-0.5519159,-0.3719159,0.2980841,0.3380841,0.7980841,0.55808413,0.9180841,0.3580841,1.4880841,1.8180841,3.038084,1.8180841,1.0680841,0.28808412,0.8780841,2.208084,-0.2819159,1.7480841,2.068084,4.358084,-0.1919159
