wind_kz.json
{"header": {"discipline":0,"disciplineName":"Meteorological products","gribEdition":2,"gribLength":1025,"center":7,"centerName":"US National Weather Service - NCEP(WMC)","subcenter":0,"refTime":"2023-08-06T06:00:00.000Z","significanceOfRT":1,"significanceOfRTName":"Start of forecast","productStatus":0,"productStatusName":"Operational products","productType":1,"productTypeName":"Forecast products","productDefinitionTemplate":0,"productDefinitionTemplateName":"Analysis/forecast at horizontal level/layer at a point in time","parameterCategory":2,"parameterCategoryName":"UnknownDiscipline_0_Category_2","parameterNumber":3,"parameterNumberName":"UnknownParameter_D0_C2_3","parameterUnit":"Unknown","genProcessType":2,"genProcessTypeName":"Forecast","forecastTime":240,"surface1Type":103,"surface1TypeName":"Specified height level above ground","surface1Value":10.0,"surface2Type":255,"surface2TypeName":"Missing","surface2Value":0.0,"gridDefinitionTemplate":0,"gridDefinitionTemplateName":"Latitude_Longitude","numberPoints":615,"shape":6,"shapeName":"Earth spherical with radius of 6,371,229.0 m","gridUnits":"degrees","resolution":48,"winds":"true","scanMode":64,"nx":41,"ny":15,"basicAngle":0,"lo1":47.0,"la1":41.0,"lo2":87.0,"la2":55.0,"dx":1.0,"dy":1.0}, "data":
[rows 0 to 14 of 15, columns 0 to 40 of 41]
1.5729859,2.2429857,-2.8370142,-5.517014,-4.6570144,-3.727014,-1.5070142,-1.6870141,1.2929858,0.80298585,1.9229858,1.9429859,-0.34701416,-2.967014,-5.1970143,-5.357014,-3.737014,-3.4170141,-4.2770143,-3.437014,-2.0870142,-3.997014,-1.8570142,2.062986,2.9629858,2.1329858,1.7829858,0.62298584,-1.7070142,0.16298585,2.302986,3.9829857,0.41298583,-0.36701417,-1.9970142,0.99298584,1.7129859,1.4429859,1.1529858,0.84298587,-0.50701416
-1.0170141,-1.1670141,-0.61701417,-3.5270143,-4.9870143,-3.8470142,-0.9870142,2.1629858,0.7029858,2.2229857,3.562986,2.032986,0.38298583,-3.0570142,-4.797014,-5.4870143,-2.6270142,-2.3670142,-3.0470142,-4.797014,-5.2370143,-5.6570144,-4.297014,-0.93701416,3.1829858,3.522986,3.772986,2.502986,-0.93701416,2.552986,-1.3170142,1.4929858,1.7629858,1.2329859,2.6929858,2.302986,2.3329859,2.522986,2.052986,2.6129858,0.44298583
0.40298584,-0.38701415,-1.8370142,-3.717014,-4.537014,-3.3070142,-1.5370141,-1.6270142,0.10298584,2.752986,3.9429858,3.2029858,0.7729858,-0.56701416,-2.6470141,-3.967014,-4.2370143,-4.437014,-5.087014,-5.647014,-5.9870143,-4.517014,-2.457014,-0.00701416,-3.727014,-2.6170142,-1.9070141,-3.187014,-1.4770142,-3.3470142,-2.677014,0.68298584,-3.7670143,0.21298584,0.44298583,-2.437014,-3.227014,1.7129859,-1.4070141,0.87298584,1.7429858
1.3729858,0.81298584,-1.5370141,-3.8270142,-3.0770142,-1.5770142,-2.7970142,-1.0070142,-1.3370142,0.79298586,4.4929857,3.6229858,0.41298583,-0.45701417,-1.7170142,-2.0770142,-3.5670142,-4.9870143,-5.497014,-5.517014,-4.847014,-1.8270142,-3.8970141,-3.247014,-3.487014,-3.227014,-2.2570143,-1.7870141,-1.5570141,-3.6570141,-4.147014,-1.5470141,2.072986,0.22298583,1.4329858,2.1429858,3.792986,3.002986,-3.8470142,-3.0170143,-3.5370142
2.252986,1.7229859,0.41298583,-2.427014,-4.327014,-3.0470142,-2.5470142,-1.8370142,-1.1670141,1.1029859,4.0929856,5.2229857,5.732986,3.542986,1.8029858,-0.18701416,-2.6070142,-4.9670143,-5.297014,-6.087014,-4.957014,-3.987014,-3.0770142,-3.3970141,-3.717014,-3.4070141,-2.207014,-3.207014,-2.5270143,-2.1670141,-1.9870142,-1.2370142,2.3329859,-0.24701416,0.88298583,1.2929858,1.7229859,1.0229858,-1.0370141,-1.3070141,-2.0270143
-0.08701416,2.1529858,3.752986,0.67298585,-0.38701415,-1.9170141,-2.5770142,-1.7170142,-0.63701415,0.63298583,2.3429859,4.9729857,5.932986,4.3029857,1.2029859,0.49298584,-0.83701414,-2.737014,-4.077014,-4.7370143,-5.227014,-5.297014,-4.337014,-4.1770144,-3.697014,-4.1970143,-2.0270143,-1.6070142,-2.717014,-1.5570141,-1.2370142,-0.50701416,-0.23701416,-1.1670141,0.50298584,1.0929859,-1.9570142,-4.057014,4.4929857,0.62298584,1.1529858
-4.807014,-4.837014,-2.8270142,0.5229858,1.9529859,2.3729858,-0.03701416,-0.28701416,0.16298585,0.7029858,3.2329857,3.8629858,3.1929858,2.6729858,1.4429859,1.1729858,1.4329858,0.34298584,-1.8770142,-4.067014,-4.227014,-4.727014,-5.337014,-5.457014,-5.327014,-4.517014,-3.727014,-4.977014,-4.567014,-1.2770141,-0.45701417,-0.46701416,0.35298583,2.2229857,0.69298583,1.4629859,4.212986,4.662986,0.62298584,4.0929856,5.702986
-4.557014,-4.207014,-4.187014,-4.337014,-2.8370142,2.772986,4.932986,3.1529858,2.3729858,2.8929858,3.3829858,3.3329859,3.552986,2.1629858,1.5429858,1.7029859,1.8529859,2.4429858,-0.29701415,-2.7770143,-4.6770144,-3.3270142,-3.8270142,-4.687014,-5.047014,-5.4270144,-5.7370143,-5.647014,-5.537014,-4.747014,-4.4870143,-2.207014,0.88298583,1.7929858,4.8029857,3.802986,4.402986,2.3329859,0.0129858395,1.8429859,5.7229857
-4.607014,-3.7870142,-4.767014,-4.807014,-4.6970143,-0.81701416,4.002986,4.942986,3.752986,3.772986,3.1529858,3.262986,2.262986,2.3629858,0.63298583,-0.07701416,2.6829858,3.552986,2.1329858,0.06298584,-2.5270143,-3.437014,-3.8970141,-3.7670143,-3.2770143,-3.7970142,-4.187014,-4.707014,-5.577014,-5.357014,-4.787014,-4.017014,-5.417014,-5.167014,-4.727014,4.3429856,5.3029857,8.712986,6.982986,4.4729857,3.822986
-3.957014,-3.957014,-3.677014,-5.047014,-5.037014,-3.8070142,2.2329857,3.7229857,3.6929858,4.672986,3.752986,2.772986,2.1929858,0.56298584,0.43298584,0.45298585,4.022986,4.1129856,3.1829858,1.5829859,-0.94701415,-2.6370142,-4.037014,-5.357014,-2.1070142,-1.7270142,-3.0170143,-3.0370142,-2.8870142,-3.6470141,-4.297014,-3.447014,-3.237014,-2.9070141,-2.4170141,-1.9270141,1.3729858,-0.02701416,3.812986,4.902986,2.1529858
-3.447014,-3.3270142,-3.937014,-4.817014,-4.187014,-4.547014,-2.0770142,1.7229859,2.6929858,2.312986,2.512986,2.3829858,0.98298585,0.88298583,0.23298584,2.1629858,4.4729857,3.9429858,3.262986,2.1329858,0.14298584,-1.7170142,-3.3170142,-4.1970143,-1.9170141,-1.1870141,-2.3770142,-3.8870142,-5.4270144,-3.6070142,-4.377014,-3.927014,-1.8270142,-0.88701415,-0.40701416,0.30298585,4.162986,7.542986,8.512986,3.1329858,1.8629858
-1.5470141,-3.5470142,-3.6470141,-3.8070142,-4.7370143,-2.3370142,-2.2970142,-1.5670142,2.512986,2.3429859,1.1729858,1.4829859,1.1829858,0.98298585,1.0429858,1.2829858,3.1529858,4.8229856,4.5529857,2.322986,0.81298584,-1.2270142,-2.3470142,-3.8970141,-1.5870142,-2.227014,-2.937014,-3.957014,-4.2570143,-4.2570143,-3.727014,-2.5070143,-1.4670142,0.87298584,2.6929858,3.6529858,3.812986,0.97298586,4.232986,4.432986,2.4029858
-2.177014,-4.247014,-3.8270142,-4.0270143,-4.687014,-1.3470142,-0.13701417,0.93298584,1.3129859,-1.1770141,1.2529858,0.32298583,-0.71701413,2.1029859,2.2229857,3.552986,3.1329858,1.0229858,3.052986,1.4029858,1.4429859,-1.8170142,-2.0270143,-3.447014,-4.4070144,-4.117014,-3.8970141,-3.7870142,-3.967014,-5.867014,-3.3770142,-1.9670142,-0.5370142,2.7229857,5.562986,5.5729856,4.7829857,4.0129857,3.9529858,4.542986,2.312986
-2.687014,-3.6270142,-3.947014,-3.8970141,-3.6670141,-2.947014,-0.87701416,-1.1070142,1.1929859,1.0929859,2.0929859,0.84298587,0.92298585,1.4229858,1.4129858,1.4029858,2.1429858,0.22298583,-1.0770142,-1.9770142,-2.0070143,-2.3870142,-1.6270142,-2.247014,-2.5370142,-5.117014,-3.7670143,-2.7770143,-4.617014,-4.1970143,-2.8270142,-2.487014,-1.0370141,2.1929858,4.542986,6.9929857,4.682986,6.932986,7.392986,4.4729857,5.932986
-1.7170142,-3.3770142,-4.127014,-4.207014,-1.6470141,-1.9870142,0.16298585,1.0729859,0.45298585,0.36298585,0.91298586,1.3129859,0.68298584,0.12298584,2.4429858,1.7829858,-0.9270142,-2.497014,-2.0270143,-2.687014,-2.487014,-2.1370142,-3.987014,-2.957014,-2.747014,-3.177014,-5.5070143,-4.377014,-4.517014,-3.6570141,-2.6070142,-2.197014,-1.7570142,1.6829858,5.2629857,6.962986,7.632986,5.752986,2.022986,4.902986,1.1929859
