wind.json
{"header": {"discipline":0,"disciplineName":"Meteorological products","gribEdition":2,"gribLength":1125,"center":7,"centerName":"US National Weather Service - NCEP(WMC)","subcenter":0,"refTime":"2023-05-30T00:00:00.000Z","significanceOfRT":1,"significanceOfRTName":"Start of forecast","productStatus":0,"productStatusName":"Operational products","productType":1,"productTypeName":"Forecast products","productDefinitionTemplate":0,"productDefinitionTemplateName":"Analysis/forecast at horizontal level/layer at a point in time","parameterCategory":2,"parameterCategoryName":"UnknownDiscipline_0_Category_2","parameterNumber":3,"parameterNumberName":"UnknownParameter_D0_C2_3","parameterUnit":"Unknown","genProcessType":2,"genProcessTypeName":"Forecast","forecastTime":0,"surface1Type":103,"surface1TypeName":"Specified height level above ground","surface1Value":10.0,"surface2Type":255,"surface2TypeName":"Missing","surface2Value":0.0,"gridDefinitionTemplate":0,"gridDefinitionTemplateName":"Latitude_Longitude","numberPoints":688,"shape":6,"shapeName":"Earth spherical with radius of 6,371,229.0 m","gridUnits":"degrees","resolution":48,"winds":"true","scanMode":64,"nx":43,"ny":16,"basicAngle":0,"lo1":45.0,"la1":40.0,"lo2":87.0,"la2":55.0,"dx":1.0,"dy":1.0}, "data":
[rows 0 to 15 of 16, columns 0 to 42 of 43]
1.8677002,2.7677002,0.4177002,-0.062299803,0.9077002,1.1477002,-1.0322998,1.7377002,-0.032299805,0.49770018,-0.6222998,-2.2822998,-1.8822998,-1.2422998,-0.052299805,-1.5022998,-1.5522999,-1.3622998,-3.4822998,-5.9722996,-7.3122997,0.3577002,-1.6422998,1.7877002,1.4577003,-0.2922998,3.2277002,4.3777003,2.6977003,-1.1822999,1.5977002,1.5277002,-0.8022998,-1.4722998,-1.5022998,-1.8722998,0.6777002,0.2177002,-0.5122998,-0.3922998,0.4277002,0.9277002,1.5577002
1.1977001,-2.5022998,-2.1323,-2.8723,3.5377002,6.5877004,3.1277,4.5577,1.5177002,0.9777002,-0.13229981,-0.4422998,-1.8822998,-1.5722998,-0.9622998,-2.0122998,-2.8222997,-3.0522997,-1.8722998,-3.2522998,-5.3623,-3.3923,-3.1223,-1.6322998,1.3977002,-2.0822997,-1.3622998,-2.0022998,-2.0822997,0.3277002,1.5377002,2.0677001,-2.1922998,-3.3422997,0.8277002,-0.7322998,-0.5822998,0.2477002,0.2577002,1.0077002,0.047700197,-3.2122998,2.8977003
-0.7322998,-0.9122998,5.3577003,1.7577002,-2.3222997,5.9277,4.1377,4.4277,0.09770019,2.5477002,1.0877002,0.7277002,-0.6922998,-1.3022999,-1.3222998,-0.9022998,-4.0223,-2.7422998,-1.4922998,-4.1022997,-6.4423,-6.0523,-6.4423,-6.4722996,-0.4022998,1.5877002,-2.9122999,-2.3723,-4.5923,1.5177002,0.7477002,1.9277002,4.8077,4.1077003,-1.3522998,-3.8522997,-6.1523,-1.5922998,-2.3923,-3.9922998,-0.6322998,-3.1323,-0.6122998
2.3077002,2.4277003,0.047700197,-3.8823,2.9577003,7.4577003,5.5977,4.7177,2.8577,1.6077002,2.0277002,0.2377002,-0.2722998,0.017700195,-0.9122998,-1.1022998,-1.7422998,-2.1423,-2.6722999,-3.6622999,-3.8723,-4.2623,-3.7522998,-7.5223,-6.8122997,-1.9722998,-1.1622998,0.2777002,-0.6522998,-0.2722998,-0.7122998,0.9377002,4.2577,1.5077002,1.7977002,-0.5522998,-0.3522998,2.8977003,4.1577,0.6877002,0.17770019,-0.11229981,-0.8422998
-0.032299805,-0.2022998,-1.1122998,1.6977001,5.4377003,4.6777,5.7777004,5.8577003,4.3577003,3.3677,2.2177002,1.7777002,0.7577002,-0.2322998,0.9277002,-0.4722998,-0.7222998,-1.3422998,-2.5922997,-3.4122999,-3.9822998,-5.4522996,-6.3623,-4.8322997,1.0277002,-2.3222997,-2.5422997,-2.5422997,-2.1022997,-1.2722998,1.8177001,-0.3922998,-0.7522998,0.40770018,-0.7522998,0.22770019,-0.3822998,-1.4722998,-0.1922998,2.6077,1.9677002,3.1477003,1.5777001
-2.3222997,-0.022299804,0.85770017,1.4977002,1.6977001,2.0477002,5.0777,5.6277003,5.0577,6.2777004,4.0277004,2.8677,2.5577002,1.9177002,1.7377002,1.1577002,-0.2622998,-0.2622998,-0.3622998,-1.4922998,-2.3522997,-2.4023,-2.5622997,-1.2722998,-0.7822998,-1.0122998,-1.6222998,-2.0322998,-1.8622998,0.1577002,0.09770019,-0.9122998,-1.2522998,1.3777002,1.9577003,1.6177002,-1.0122998,-1.5022998,-2.9222999,1.3477002,0.6277002,0.9377002,-0.3022998
1.1477002,0.54770017,1.2977002,0.7177002,1.9777002,1.4177002,6.6777,6.5977,5.4977,5.2177,5.0377,2.8777,2.1077,2.1977003,1.3677002,1.9177002,0.9777002,-0.122299805,-0.2322998,-0.9422998,-1.8822998,-0.8722998,-0.9122998,-0.11229981,0.54770017,-0.31229982,-1.0722998,-0.7922998,-1.6822999,-0.6722998,-1.0322998,-1.6422998,-1.5922998,-1.1622998,-0.3922998,3.0877001,3.2277002,4.4277,2.8177001,1.3877002,-2.5622997,0.3777002,-1.1022998
0.6577002,1.6377002,1.5977002,1.6977001,0.2377002,-0.5822998,6.1377,7.9977,6.4777,5.5377,4.2677,3.5677001,3.0477002,3.3077002,2.8877,2.5277002,2.4677002,2.1677003,1.8377002,1.0877002,-0.4922998,-1.8522998,-1.3522998,0.14770019,1.8377002,2.0177002,0.9677002,-0.34229982,-0.7122998,-0.5322998,0.2177002,1.1777002,0.5977002,1.1977001,2.2077003,3.0777001,0.1077002,-0.122299805,-1.2922997,0.4477002,-1.2122998,-1.1122998,-0.1022998
-2.4122999,3.7877002,2.5977,2.8677,2.3477,0.1577002,5.4577003,7.7077003,6.4877,6.6077003,4.8977003,2.9477003,3.3977003,3.4677002,3.1877003,3.0777001,2.5177002,2.3177001,0.3177002,-0.7822998,-0.8122998,-1.1922998,-2.4722998,-3.3222997,-2.2622998,1.6077002,2.3677,1.6277002,-0.062299803,-2.0222998,-0.9722998,-1.6522998,-0.032299805,1.5077002,-1.4822998,3.0577002,2.9977002,1.8177001,-2.2222998,0.09770019,0.3177002,-1.3522998,-1.0122998
-7.0822997,1.7577002,3.6777003,3.4477003,3.2877002,2.2677002,6.8877,6.7477,6.7377,5.6577,4.4777,4.2577,3.6977003,3.0877001,3.1177,2.1777003,2.1977003,0.7277002,-0.8222998,-2.4822998,-3.1722999,-3.6523,-2.1622999,-3.7922997,-4.6323,-4.3823,-2.3522997,-0.7522998,0.6577002,-0.5422998,-2.5122998,-3.9122999,-3.8122997,-5.1422997,-2.1722999,1.7877002,2.5377002,4.2177,1.6577002,1.9277002,2.0877001,-0.16229981,-1.7522998
-3.4922998,-4.2623,-2.0022998,3.5777001,3.0477002,3.7877002,7.0077,6.1377,6.4577003,5.1677003,4.9877,4.1877003,4.5277004,3.9177003,3.0377002,3.3177001,2.5777001,0.4777002,-1.2522998,-0.6622998,-1.7922997,-3.1123,-3.0222998,-0.9322998,-1.1322998,-4.0023,-3.0622997,-2.4922998,-2.8522997,-2.4622998,-4.3623,-4.4322996,-3.1323,-0.5022998,-1.2422998,0.4177002,3.9577003,2.9877002,1.7877002,-0.022299804,1.5277002,3.5477002,2.8677
-3.4023,-6.1123,-4.7022996,-4.2123,-0.052299805,1.8177001,6.6877003,7.2877,5.6377,3.9877002,4.4777,2.8977003,3.1177,3.4977002,3.1677003,3.7377002,2.7777002,2.6977003,1.0977002,-0.18229981,-0.3822998,-2.6223,-3.2822998,0.4177002,-2.2322998,-1.8922998,-2.5522997,-2.9722998,-1.6922998,-3.6523,-3.8222997,-3.9422998,-5.4023,-3.6922998,-2.0122998,-2.7622998,2.3077002,3.0777001,-1.4522998,2.0277002,2.1377,1.7677002,0.7777002
-3.3322997,-3.5922997,-4.3522997,-4.9423,-4.7123,-3.4822998,0.3277002,0.5877002,3.3277001,2.5077002,2.1077,1.3377002,1.0277002,1.8877002,2.0777001,2.3377001,1.1777002,1.0677001,1.3577002,-0.2022998,0.0077001955,-0.2022998,-1.8422998,-2.0822997,1.6777002,2.7877002,0.9877002,0.60770017,-0.28229982,-1.3222998,-2.3022997,-4.5223,-2.9522998,-4.2222996,-3.7222998,-4.6523,-4.1022997,-0.1422998,5.1077003,2.6877003,0.2577002,1.3877002,0.3577002
-2.5122998,-2.4422998,-1.9322999,-3.1022997,-3.5122998,-3.5722997,-3.5322998,-2.2622998,-2.4122999,0.3077002,0.4777002,0.43770018,0.1877002,1.2177002,2.0377002,1.6777002,0.4477002,-0.28229982,-0.2222998,0.3377002,0.7177002,0.2477002,0.6177002,0.5777002,2.1777003,1.7177002,1.1477002,1.0077002,0.06770019,-1.9522998,-2.9622998,-2.1323,-2.1223,-3.1022997,-2.7722998,-3.3522997,-4.0723,-3.0322998,-1.6722999,1.1077002,0.5077002,-0.5522998,0.7277002
-1.1822999,-1.1822999,-1.6122998,-2.9722998,-2.8022997,-0.7522998,-0.6622998,-2.5822997,-1.6422998,-2.6722999,-2.9322999,-0.9322998,0.017700195,0.2077002,0.0777002,1.6677002,-0.4922998,-1.4422998,-2.7322998,-0.7222998,-0.4522998,0.5277002,-0.2622998,-0.042299803,0.7077002,3.5077002,3.0277002,2.8477,1.8877002,-0.1522998,-1.0422997,-0.9922998,-1.7822998,-1.9422998,-3.0222998,-3.0322998,-3.7622998,-3.6922998,-1.7022998,-1.5422997,0.2977002,0.5177002,0.7277002
-0.3222998,-0.4122998,-0.9222998,-0.9122998,-2.0722997,-0.9922998,-1.1122998,-0.5622998,-1.8222998,-1.6522998,-2.0622997,-2.2922997,-0.2722998,0.6777002,1.6677002,-0.6122998,-0.8222998,-1.4822998,-1.9122998,-1.4622998,-1.1522998,-0.8022998,-0.0022998047,-0.1422998,2.3377001,3.7777002,4.5377,1.1777002,1.8677002,1.1977001,0.60770017,0.06770019,-0.7322998,-1.8422998,-2.2822998,-3.4322999,-2.6622999,-2.5722997,-1.9922998,-1.8122998,-1.4822998,-1.0222998,0.17770019
