wind_kz.json
{"header": {"discipline":0,"disciplineName":"Meteorological products","gribEdition":2,"gribLength":1102,"center":7,"centerName":"US National Weather Service - NCEP(WMC)","subcenter":0,"refTime":"2025-04-05T06:00:00.000Z","significanceOfRT":1,"significanceOfRTName":"Start of forecast","productStatus":0,"productStatusName":"Operational products","productType":1,"productTypeName":"Forecast products","productDefinitionTemplate":0,"productDefinitionTemplateName":"Analysis/forecast at horizontal level/layer at a point in time","parameterCategory":2,"parameterCategoryName":"UnknownDiscipline_0_Category_2","parameterNumber":2,"parameterNumberName":"UnknownParameter_D0_C2_2","parameterUnit":"Unknown","genProcessType":2,"genProcessTypeName":"Forecast","forecastTime":300,"surface1Type":103,"surface1TypeName":"Specified height level above ground","surface1Value":10.0,"surface2Type":255,"surface2TypeName":"Missing","surface2Value":0.0,"gridDefinitionTemplate":0,"gridDefinitionTemplateName":"Latitude_Longitude","numberPoints":615,"shape":6,"shapeName":"Earth spherical with radius of 6,371,229.0 m","gridUnits":"degrees","resolution":48,"winds":"true","scanMode":64,"nx":41,"ny":15,"basicAngle":0,"lo1":47.0,"la1":41.0,"lo2":87.0,"la2":55.0,"dx":1.0,"dy":1.0}, "data":
[rows 0 to 14 of 15, columns 0 to 40 of 41]
-1.6705371,-1.4405371,1.0694629,-2.340537,0.3894629,1.4694629,2.0194628,4.249463,4.429463,4.889463,4.279463,3.709463,3.169463,2.2594628,4.559463,5.3794627,4.199463,4.279463,2.5594628,4.139463,5.3394628,1.1494629,-3.150537,-2.110537,0.42946288,-2.2105372,-3.1805372,0.2894629,0.01946289,0.8694629,0.2894629,1.6994629,0.5894629,1.019463,-4.150537,-4.0605373,-3.900537,-2.1905372,-0.07053711,-4.180537,-4.990537
2.0494628,1.5094628,0.6794629,2.839463,6.3794627,5.6094627,5.119463,5.159463,5.989463,6.179463,6.3394628,5.489463,5.1494627,3.4994628,4.829463,5.429463,5.509463,5.3794627,3.7394629,4.289463,4.369463,6.139463,-1.6305372,-2.790537,0.22946289,0.8194629,0.2594629,1.4894629,-1.9005371,-0.07053711,0.01946289,-0.6005371,2.619463,-2.9605372,1.019463,0.3094629,-0.05053711,0.06946289,1.1994629,2.889463,-3.4805372
1.269463,1.639463,4.989463,6.739463,7.369463,5.8794627,6.039463,7.5894628,8.889462,8.309463,7.6494627,6.479463,3.909463,3.7294629,3.959463,6.079463,4.9394627,7.009463,6.1494627,6.679463,6.6894627,6.969463,-2.170537,-0.4905371,0.9594629,-1.7705371,-2.150537,-0.4905371,-2.4605372,-0.5805371,-1.1205372,1.9994628,0.24946289,-1.0405371,-0.1805371,-1.0505371,0.15946288,0.8194629,3.5194628,3.839463,2.209463
3.8194628,6.179463,6.709463,7.6094627,7.429463,5.459463,6.769463,8.389462,8.529463,9.909463,9.5994625,8.919463,9.439463,10.039463,6.729463,6.459463,6.099463,7.479463,8.379463,8.249463,5.739463,3.679463,-0.8105371,0.9894629,-0.8605371,-4.010537,-5.050537,-5.3705373,-3.5005372,-1.7705371,-2.300537,-1.8905371,1.0494629,3.129463,-3.110537,-2.340537,-1.8705372,3.179463,1.0094628,-0.96053714,0.7094629
2.9994628,3.649463,1.1494629,3.679463,6.159463,5.569463,7.0894628,8.189463,9.319463,9.429462,10.899463,11.719463,11.809463,10.249463,7.8394628,6.529463,5.749463,7.6094627,8.179462,8.559463,9.299463,9.939463,10.969463,-2.550537,-6.650537,-6.030537,-6.4105372,-2.9505372,-5.070537,-4.710537,-4.570537,-2.7605371,-1.9305371,1.3394629,0.5094629,-1.4205371,3.2494628,-0.4205371,-0.48053712,1.2794629,4.199463
4.389463,-0.05053711,1.0594629,1.1494629,5.289463,6.249463,8.899463,7.8994627,6.6294627,7.279463,8.5994625,9.689463,9.789463,8.889462,7.389463,6.559463,6.029463,7.969463,9.339463,8.0994625,9.319463,9.269463,-5.970537,-7.750537,-7.700537,-7.190537,-4.270537,-3.820537,-3.5305371,-3.370537,-2.800537,-4.020537,-3.650537,-2.100537,1.4694629,-0.06053711,1.7594628,5.319463,10.799463,3.0594628,3.149463
2.899463,3.409463,0.18946289,2.0594628,1.4994628,1.4394629,3.5394628,2.0194628,7.0894628,7.429463,7.809463,6.809463,6.459463,7.469463,8.269463,3.9994628,5.139463,8.949463,7.909463,7.959463,-0.16053711,-7.230537,-9.640537,-8.990537,-7.480537,-5.960537,-2.610537,-2.620537,-0.6205371,0.02946289,-5.180537,-6.6405373,-5.300537,-3.170537,-0.41053712,-1.3505371,-0.9705371,-1.7905371,2.099463,1.8694628,3.7994628
1.3194629,1.889463,1.9894629,3.409463,2.889463,3.459463,2.0494628,2.929463,4.329463,6.509463,7.579463,8.169463,6.999463,6.489463,6.729463,6.349463,7.719463,7.029463,5.769463,0.5894629,-7.530537,-9.940537,-8.220537,-9.330537,-6.950537,-3.0305371,-0.8805371,-1.8105371,-0.5805371,-4.690537,-5.530537,-4.960537,-4.6405373,-3.560537,-2.660537,0.5794629,3.209463,5.819463,9.149463,13.249463,8.219463
2.129463,1.9894629,1.7894629,4.719463,3.579463,4.309463,2.389463,0.07946289,0.2394629,3.079463,0.65946287,0.3894629,0.06946289,2.5694628,6.729463,6.489463,5.139463,3.2394629,-3.0205371,-5.260537,-11.000537,-8.700537,-7.5605373,-5.950537,-3.9805372,-0.32053712,-1.6505371,0.2894629,0.5494629,-1.4705371,-3.090537,-2.9905372,-2.4905372,-1.8905371,0.3094629,1.3794628,1.5594629,0.1794629,0.4394629,0.7694629,1.3994629
-0.09053711,0.9494629,1.019463,1.9194629,0.4794629,3.389463,-0.10053711,-2.810537,-3.7805371,-3.420537,-5.480537,-6.630537,-5.740537,-4.9105372,-7.500537,-9.440537,-10.790537,-9.580537,-9.840537,-7.570537,-8.200537,-7.300537,-6.3905373,-4.1405373,-3.810537,-3.130537,-2.4705372,-2.290537,-3.660537,-3.0105371,-2.1905372,-1.8005371,0.06946289,1.8694628,1.6294628,-0.17053711,0.45946288,1.0794629,-0.35053712,0.7394629,0.6994629
-0.9505371,0.4494629,1.2094629,0.7794629,1.1794629,0.2094629,2.459463,-0.23053712,-4.750537,-4.010537,-6.710537,-6.8305373,-5.9105372,-8.470537,-7.1605372,-8.310537,-7.980537,-8.180537,-7.1605372,-7.1605372,-7.030537,-5.540537,-5.6205373,-5.8705373,-3.4905372,-2.4805372,-3.820537,-3.5005372,-2.7405372,-1.5505371,0.8894629,-0.20053712,-2.7205372,-2.5305371,-2.6805372,-0.7905371,-1.1305372,0.9294629,0.7794629,-0.35053712,1.0394629
-0.3705371,-0.5505371,0.4394629,1.019463,0.7694629,0.72946286,-0.26053712,-1.8705372,-2.170537,-3.120537,-4.930537,-5.3305373,-4.990537,-5.530537,-5.070537,-5.940537,-6.820537,-6.670537,-6.770537,-5.820537,-5.960537,-4.790537,-5.010537,-3.630537,-2.790537,-2.310537,-2.120537,-0.8105371,0.5694629,0.65946287,-2.4905372,-2.790537,-2.1805372,-2.0005372,-0.5705371,-0.9805371,-1.0905371,0.84946287,0.39946288,0.7594629,0.01946289
0.4094629,0.18946289,0.4994629,0.7794629,0.4694629,0.5794629,0.01946289,-1.2505372,-3.120537,-0.7405371,-1.2905371,-3.0005372,-2.7705371,-3.580537,-3.080537,-3.630537,-4.030537,-4.130537,-3.7805371,-3.620537,-3.4405372,-2.670537,-1.5505371,-2.0205371,-1.9305371,-2.390537,-1.1605371,-0.6305371,-0.8305371,-2.5005372,-2.920537,-3.900537,-2.650537,-2.340537,-2.170537,-1.4505371,-2.0005372,-0.9405371,-2.040537,-1.6605371,-0.96053714
1.7094629,1.5294629,1.5894629,0.7494629,0.9594629,0.5094629,-0.3305371,-0.19053711,-0.09053711,-0.26053712,-0.8205371,-1.8305371,-1.8205371,-2.540537,-2.390537,-3.040537,-3.290537,-3.4405372,-3.6805372,-3.310537,-3.0305371,-3.050537,-2.670537,-2.560537,-2.290537,-1.6705371,-0.9805371,-0.9505371,-1.9405371,-1.7705371,-1.6805371,-1.6905371,0.5094629,2.149463,0.7494629,-1.7505372,-0.52053714,-0.65053713,-0.71053714,0.15946288,0.11946289
1.1694629,2.459463,3.0394628,2.0294628,2.189463,1.2094629,1.3294629,0.21946289,1.019463,0.4094629,-0.4405371,-0.5305371,-0.6605371,0.8994629,-0.2705371,-0.6605371,-1.1605371,-0.5705371,-0.90053713,0.65946287,0.29946288,0.29946288,0.45946288,0.7794629,0.6894629,1.8594629,0.6994629,-1.0805371,-0.4605371,0.16946289,0.5194629,2.139463,2.3194628,-0.4405371,-0.07053711,0.8594629,-0.03053711,1.3294629,1.0894629,-0.2505371,-0.41053712
