wind_kz.json
{"header": {"discipline":0,"disciplineName":"Meteorological products","gribEdition":2,"gribLength":1025,"center":7,"centerName":"US National Weather Service - NCEP(WMC)","subcenter":0,"refTime":"2023-08-22T00:00:00.000Z","significanceOfRT":1,"significanceOfRTName":"Start of forecast","productStatus":0,"productStatusName":"Operational products","productType":1,"productTypeName":"Forecast products","productDefinitionTemplate":0,"productDefinitionTemplateName":"Analysis/forecast at horizontal level/layer at a point in time","parameterCategory":2,"parameterCategoryName":"UnknownDiscipline_0_Category_2","parameterNumber":3,"parameterNumberName":"UnknownParameter_D0_C2_3","parameterUnit":"Unknown","genProcessType":2,"genProcessTypeName":"Forecast","forecastTime":0,"surface1Type":103,"surface1TypeName":"Specified height level above ground","surface1Value":10.0,"surface2Type":255,"surface2TypeName":"Missing","surface2Value":0.0,"gridDefinitionTemplate":0,"gridDefinitionTemplateName":"Latitude_Longitude","numberPoints":615,"shape":6,"shapeName":"Earth spherical with radius of 6,371,229.0 m","gridUnits":"degrees","resolution":48,"winds":"true","scanMode":64,"nx":41,"ny":15,"basicAngle":0,"lo1":47.0,"la1":41.0,"lo2":87.0,"la2":55.0,"dx":1.0,"dy":1.0}, "data":
[rows 0 to 14 of 15, columns 0 to 40 of 41]
1.5068702,-2.1031299,2.6468701,6.54687,2.27687,-1.2131299,-1.8331299,0.63687015,0.6168701,-0.43312988,-0.16312988,-1.4131299,-1.0231299,-1.9631299,1.4868702,1.3668702,-1.4731299,-0.6231299,-1.5231299,-0.54312986,-0.54312986,-2.0931299,-0.16312988,-1.0731299,-0.12312988,-1.2631298,-1.4731299,1.5268701,1.5468701,-1.0831299,0.43687013,1.2668701,0.34687012,-2.47313,-1.1731299,-1.6731299,-0.6231299,-0.54312986,0.27687013,2.0568702,1.1068702
3.27687,0.7868701,3.02687,3.8168702,2.16687,-0.4831299,-2.1331298,0.08687012,1.0268701,-0.40312988,-2.57313,-2.9031298,-2.1731298,-2.51313,-1.7531298,1.5268701,-0.17312989,-0.09312988,-1.9531299,-2.6031299,-3.05313,-3.30313,-0.5731299,1.3168701,-2.52313,0.44687012,-1.9231299,0.63687015,-0.2931299,0.13687012,1.2768701,2.8568702,0.026870117,-0.8431299,-0.8231299,-1.7531298,-1.8331299,-3.3731298,-1.3631299,-2.53313,-0.67312986
1.5268701,4.0268703,3.1068702,3.77687,1.7368702,-0.72312987,-0.8231299,-0.033129882,1.6168702,-1.2431298,-2.72313,-1.6331298,-2.50313,-3.8731298,-2.83313,0.106870115,0.9768701,-0.8731299,-0.3231299,-2.2031298,-1.6231298,-3.6631298,-1.1431298,0.8068701,1.2368702,0.5368701,0.24687012,1.6168702,-0.28312987,0.9068701,2.71687,0.5068701,1.7568702,-1.2631298,-0.3531299,2.6368701,3.6168702,0.016870117,0.4868701,-1.0431299,-0.8231299
1.9368701,4.18687,1.6968701,-0.9631299,-2.74313,-1.9531299,-2.83313,-2.3831298,-3.1631298,-0.7731299,-2.00313,-1.2131299,-1.9731299,-3.4031298,-3.1031299,-3.1131299,-1.3231299,-1.3131299,-1.5831299,-1.5431299,-0.5231299,2.0968702,1.1168702,0.6168701,1.8968701,0.8568701,0.8768701,-1.3531299,2.16687,0.27687013,-1.5131298,-0.9931299,-0.7831299,-1.1031299,-1.0131298,-2.73313,-0.91312987,2.6268702,2.6268702,0.88687015,1.5768701
2.2968702,1.3468701,1.2568702,-0.31312987,2.0968702,-1.0331299,-1.0831299,0.20687012,-1.0031298,-1.6531299,-3.58313,1.4368701,-1.9631299,-2.46313,-0.05312988,-0.5931299,-1.6831299,-3.3831298,-3.6231298,-1.7131299,-2.6931298,3.1468701,2.8868701,2.6368701,1.5368701,0.4568701,0.7568701,0.8668701,0.51687014,-1.0131298,-2.33313,-0.23312989,1.8468701,2.8068702,-0.98312986,-2.02313,0.9768701,-0.49312988,-1.0031298,2.51687,0.9068701
2.6168702,1.7268701,0.9968701,-1.0031298,0.3368701,-0.4131299,-0.9431299,1.5368701,0.6768701,-2.28313,-2.6031299,-2.00313,-1.8131299,2.67687,0.6968701,0.15687011,-1.1731299,-3.05313,-4.11313,-3.1531298,-3.80313,0.40687013,-0.28312987,-1.0531299,-2.1031299,1.5068702,1.5968701,2.43687,0.9968701,-0.20312989,-1.3931298,-2.26313,-1.0731299,0.15687011,2.0968702,-0.66312987,2.95687,0.11687012,-3.32313,-1.1431298,-0.67312986
1.0268701,-0.13312988,1.6368701,2.43687,1.5468701,2.5868702,0.7268701,1.2668701,2.0868702,0.95687014,-1.6631299,-2.8531299,-2.83313,-1.6731299,2.77687,2.92687,1.8768702,-1.4731299,-3.21313,-2.83313,-4.19313,-2.07313,-4.90313,-1.0131298,-2.5931299,-1.3831298,0.5068701,0.11687012,0.24687012,-0.61312985,-3.01313,-2.55313,-0.13312988,0.3068701,-0.8331299,-2.29313,-3.97313,-2.77313,-1.9731299,-2.6231298,-0.6831299
4.20687,-1.2331299,-0.97312987,0.77687013,1.8668702,0.25687012,2.46687,3.5768702,2.92687,2.3068702,1.9068701,0.7968701,-2.6731298,-3.58313,-3.53313,2.00687,2.1568701,1.1468701,-1.6531299,-1.8131299,0.6968701,-2.07313,3.03687,-3.1531298,-5.5131297,2.75687,1.8468701,1.9368701,-0.4131299,-1.8031299,0.63687015,3.0968702,1.6768701,-0.6531299,0.9468701,0.89687014,-1.2431298,-0.8831299,0.3268701,-0.3231299,-1.4031299
1.8468701,3.8068702,2.8468702,3.1568701,1.4968702,-0.9931299,-0.28312987,0.3368701,0.026870117,1.9868702,3.03687,2.26687,0.8468701,-1.2731299,-2.52313,-3.78313,-2.1431298,-2.1531298,3.3868701,3.3068702,0.7568701,4.20687,1.3468701,-0.61312985,2.94687,3.48687,2.1568701,2.2968702,2.23687,1.8268701,1.8768702,2.92687,1.5768701,1.8968701,1.1268702,1.6168702,-2.30313,-0.72312987,-3.26313,-2.4531298,-2.6831298
-1.0031298,2.8568702,2.67687,2.70687,2.3068702,1.9668701,1.6968701,-0.23312989,0.7468701,1.8168701,3.03687,2.75687,1.1268702,-0.85312986,-0.4431299,-2.4431298,-1.9131299,-3.26313,-2.72313,0.2668701,2.71687,4.24687,2.48687,4.54687,3.6168702,3.01687,2.0868702,1.7968701,1.3068701,1.1568701,2.51687,1.1168702,1.3068701,0.026870117,-0.5131299,0.11687012,0.3368701,-2.1131299,0.106870115,1.6668701,2.0768702
-1.2531298,2.6468701,1.1468701,0.6768701,-0.8331299,-0.13312988,0.12687011,-1.1031299,-0.86312985,0.7568701,2.70687,3.0568702,1.3268701,0.5468701,1.3468701,1.1668701,1.0468701,-0.85312986,-1.9331299,-3.1931298,-3.26313,-2.1931298,1.8268701,4.30687,3.92687,3.72687,2.6168702,2.00687,2.1568701,2.48687,2.3968701,1.9468701,1.1568701,-0.20312989,-0.25312987,0.28687012,1.0368701,2.3568702,1.5768701,1.7468702,0.3268701
-1.8931298,-2.96313,-1.6231298,-1.1731299,-0.4231299,-2.1031299,-1.7831299,-1.2931299,-2.57313,-0.5231299,-0.033129882,-0.7431299,1.5468701,0.41687012,-0.5831299,-1.0831299,-1.5031298,-2.52313,-2.32313,-2.1831298,-1.6631299,-1.7931299,0.95687014,3.5468702,3.6368701,3.8168702,4.2168703,4.2168703,3.94687,2.75687,2.53687,2.3768702,1.1668701,0.9968701,0.026870117,-0.8231299,0.6268701,1.8468701,1.4168701,1.5168701,0.6268701
-2.28313,-2.33313,-1.8331299,-1.2631298,-1.6931299,-1.0831299,-1.4331299,-1.5231299,-2.4031298,-1.9131299,-0.0031298827,0.44687012,-0.46312988,0.57687014,-1.6131299,-2.1831298,-2.02313,-2.1731298,-1.9031299,-1.5031298,-1.2731299,-1.1531299,0.026870117,3.17687,5.51687,5.37687,5.18687,5.10687,4.37687,3.8068702,3.45687,2.8268702,1.6268702,1.5368701,1.5468701,0.4268701,0.31687012,0.5568701,-0.13312988,-0.37312987,-0.18312988
-2.1831298,-2.3731298,-2.9331298,-1.3331299,-0.72312987,-1.5131298,-2.07313,-2.3531299,-1.9131299,-2.1731298,-0.34312987,-0.023129882,-1.1131299,0.066870116,-1.4631299,-2.01313,-1.6631299,-1.3631299,-1.6731299,-1.2231299,-1.4231299,-1.5131298,-0.7731299,0.07687011,3.8168702,3.46687,5.07687,5.2768703,4.07687,3.6368701,3.46687,3.0868702,2.8668702,2.5668702,1.1368701,0.16687012,0.4268701,0.19687012,-0.27312988,-0.103129886,-0.28312987
-1.5131298,-1.8131299,-3.01313,-1.8131299,-1.1931299,-0.5231299,-1.2631298,-0.9631299,-0.06312988,-0.66312987,-0.5131299,1.0268701,0.8168701,-0.6931299,-2.55313,-2.32313,-2.01313,-1.7031299,-1.2331299,-2.03313,-1.9731299,-2.1331298,-2.00313,0.95687014,0.09687012,4.35687,4.80687,3.67687,4.89687,4.24687,3.66687,3.3168702,2.69687,2.6268702,2.1268702,1.3768702,0.3368701,0.6668701,1.0168701,0.18687011,0.08687012
