wind_kz.json
{"header": {"discipline":0,"disciplineName":"Meteorological products","gribEdition":2,"gribLength":1025,"center":7,"centerName":"US National Weather Service - NCEP(WMC)","subcenter":0,"refTime":"2023-09-22T18:00:00.000Z","significanceOfRT":1,"significanceOfRTName":"Start of forecast","productStatus":0,"productStatusName":"Operational products","productType":1,"productTypeName":"Forecast products","productDefinitionTemplate":0,"productDefinitionTemplateName":"Analysis/forecast at horizontal level/layer at a point in time","parameterCategory":2,"parameterCategoryName":"UnknownDiscipline_0_Category_2","parameterNumber":3,"parameterNumberName":"UnknownParameter_D0_C2_3","parameterUnit":"Unknown","genProcessType":2,"genProcessTypeName":"Forecast","forecastTime":120,"surface1Type":103,"surface1TypeName":"Specified height level above ground","surface1Value":10.0,"surface2Type":255,"surface2TypeName":"Missing","surface2Value":0.0,"gridDefinitionTemplate":0,"gridDefinitionTemplateName":"Latitude_Longitude","numberPoints":615,"shape":6,"shapeName":"Earth spherical with radius of 6,371,229.0 m","gridUnits":"degrees","resolution":48,"winds":"true","scanMode":64,"nx":41,"ny":15,"basicAngle":0,"lo1":47.0,"la1":41.0,"lo2":87.0,"la2":55.0,"dx":1.0,"dy":1.0}, "data":
[rows 0 to 14 of 15, columns 0 to 40 of 41]
-1.2614014,-1.8614013,1.2085986,-0.16140136,-2.6714013,-4.8914013,-2.8214014,-0.6714014,-2.1914015,-2.8914013,-4.1614013,-3.7814014,-4.9214015,-6.4414015,-7.0914016,-4.261401,-2.5814013,0.14859863,2.9485986,3.0985987,-0.24140137,-2.1514013,-1.0314014,-0.21140137,-1.9914013,-0.011401367,-1.0614014,1.1385987,-0.021401368,2.0085986,0.61859864,1.1685987,0.13859864,0.27859864,1.0685986,1.1785986,-0.111401364,0.30859864,-0.50140136,-1.2814014,-0.09140137
1.5585986,1.4185987,2.2285986,0.5285986,-3.2114015,-4.7714014,-3.1114013,-2.3814013,-0.96140134,-2.3214014,-2.0814013,-3.1014013,-3.8714013,-4.3414016,-7.1414013,-4.9814014,-4.1914015,-4.511401,-3.3714013,-1.7314013,0.108598635,-1.2214013,-0.9814014,-0.84140134,1.4085987,0.46859863,-2.0514014,-0.051401366,-0.9214014,0.44859862,0.61859864,1.8485986,-0.9714014,-1.2214013,-3.1814013,0.12859863,-1.0614014,-1.6214013,-0.8614014,-0.81140137,1.7985986
2.6685987,2.7285986,1.1785986,-0.6114014,-3.4614015,-3.8614013,-4.301401,-2.5314014,-3.2114015,-3.7814014,0.9585986,-1.1414014,-3.2814014,-4.2114015,-5.0814013,-4.801401,-4.1514015,-4.5014014,-4.0914016,-2.4114013,-0.95140135,-1.0414014,-2.3314013,0.72859865,-0.18140137,1.3385986,1.2985986,1.3785987,0.13859864,2.0385985,2.6885986,0.33859864,1.3185986,-0.95140135,-0.82140136,2.0685987,1.6785986,-2.0814013,-0.12140137,0.11859863,-0.71140134
0.038598634,-0.17140137,-2.2314014,-3.2514014,-3.8314013,-1.6714014,-3.1214013,-1.7914014,-2.3014014,-3.3114014,0.7585986,-0.8014014,-3.4714015,-4.7114015,-5.1014013,-4.2914014,-3.6914015,-4.2514014,-4.701401,-4.051401,1.4685986,-0.43140137,0.36859864,-1.1714014,-1.6014013,-1.6814014,-1.0714014,-1.3114014,1.8285986,-0.31140137,-1.8914014,-1.5614014,-0.7214014,0.32859862,-0.14140137,-2.4814014,-1.2014014,2.5685987,2.3585987,-0.08140137,0.5885986
0.14859863,-0.25140136,-0.81140137,-1.3914014,-2.7514014,-3.0614014,-3.7014015,-4.1014013,-1.7114013,-4.3814015,-1.1514014,-1.3314013,-5.5414014,-4.6414013,-5.6314015,-4.5814013,-4.491401,-3.8614013,-3.6114013,-3.8014014,-2.5414014,-2.1314013,-1.6714014,-0.061401367,-0.83140135,-2.1614013,-1.9014014,-1.3614013,-1.4514014,-1.8514013,-2.2514014,-0.08140137,2.2985985,2.7285986,-0.48140135,-0.13140136,0.41859862,-0.0014013671,-0.45140135,-0.19140136,-1.7114013
1.9985986,2.0585985,0.72859865,-3.0714014,-4.451401,-5.4414015,-3.3114014,-4.9214015,-1.0814013,1.4185987,-5.3314013,-1.2614014,-3.5014014,0.27859864,-2.5414014,-4.1014013,-4.2314014,-4.0014014,-2.4214013,-2.9214013,-3.6814013,-2.4414015,-2.0114014,0.41859862,0.6385986,-0.15140137,-0.95140135,-1.2314013,-1.8014014,-0.51140136,-1.3614013,-1.9314014,-0.041401368,-0.6014014,1.6785986,3.9885986,2.0985987,0.6485986,1.9985986,-0.45140135,-0.8014014
-0.77140135,-1.1214013,-2.9014013,-3.5514014,-4.1114016,-4.241401,-4.8714013,-4.8614016,-3.3414013,-0.90140134,-0.64140135,-2.3214014,-4.6514015,-5.6114016,-2.3514013,-4.0914016,-4.3614016,-4.281401,-2.1714013,-1.6914014,-1.9214014,-2.9014013,-3.1714013,-1.4614013,1.3585986,1.0385987,-0.09140137,-0.9714014,-1.5914013,0.6385986,-1.5114014,-2.7514014,-3.6914015,-1.7114013,-1.5714014,-0.9214014,-2.5214014,-1.0714014,-0.8014014,0.028598633,-0.64140135
-2.9714015,-3.2014015,-2.5514014,-3.4214013,-3.8214014,-4.221401,-4.531401,-3.8014014,0.26859865,-1.1014013,-1.1914014,-2.3914013,-3.1514013,-5.0914016,-3.5814013,-3.7114015,-2.5414014,-3.2214015,-3.9814014,-0.24140137,-2.9714015,-2.9714015,-3.0914013,-2.8014014,-3.1014013,0.8285986,-1.4414014,0.5785986,-0.9214014,-1.6314014,-1.6514014,-1.7014014,-2.8714013,-3.5114014,-1.2914014,0.8385986,0.60859865,-0.48140135,0.23859863,-0.40140137,-1.9214014
-2.5214014,-2.8314013,-3.2614014,-2.7614014,-3.4914014,-3.9214013,-4.1714015,-3.8114014,-3.8214014,-3.0114014,-3.1214013,-1.6714014,-2.9114013,-3.4314013,-2.8714013,-3.2014015,-1.9314014,-2.9414015,-2.2414014,-2.5414014,-0.96140134,-1.2814014,-2.1714013,-2.9914014,-2.8514013,-2.6514013,-1.2214013,-0.71140134,0.07859863,0.33859864,0.22859864,0.5885986,0.8285986,-0.17140137,-0.35140136,-0.48140135,-2.1614013,0.12859863,-0.59140134,-0.7314014,-3.4714015
-2.1614013,-2.7114015,-3.0014014,-3.0914013,-3.4214013,-3.8114014,-3.7614014,-3.7214015,-3.7414014,-1.9714013,-2.9314013,-1.0914013,-3.2214015,-3.0314014,-3.7614014,-2.5814013,-3.2114015,-3.0514014,-2.7514014,-3.0714014,-2.5514014,-0.28140137,-1.3914014,-1.8214014,-2.0514014,-1.7414013,-2.0414014,-2.3314013,-1.5014014,0.36859864,1.6185986,1.4385986,1.5585986,0.15859863,-0.58140135,-0.26140136,0.34859863,-1.9814013,-0.89140135,2.2085986,0.7585986
-1.4114014,-2.3114014,-2.4714015,-2.7714014,-3.0814013,-3.4714015,-3.5414014,-3.6114013,-4.9314013,-2.1814013,-1.9014014,-1.8114014,-3.4214013,-3.2514014,-4.5814013,-4.4214015,-3.4614015,-3.9214013,-2.3514013,-2.4014013,-2.8814013,-1.5814013,-2.0414014,-3.0714014,-2.0614014,-2.2414014,-0.10140137,-2.4214013,-2.2014015,-0.9714014,0.9485986,2.0685987,1.6285987,0.058598634,-0.021401368,0.44859862,-0.21140137,1.5885986,0.78859866,0.5085986,-0.64140135
0.31859863,-1.1014013,-1.4514014,-2.0214014,-2.1114013,-2.5514014,-2.4114013,-2.4714015,-3.5914013,-2.9914014,-0.5514014,-1.0214014,-1.7214013,-2.6414013,-3.6714013,-3.2114015,-3.6514013,-3.8414013,-3.2314014,-1.6714014,-2.0914013,-2.5014014,-1.8814014,-1.9314014,-1.3614013,-2.1614013,-2.1014013,-2.6614013,-3.4014013,-3.3414013,-3.6314013,-2.9314013,-1.2214013,1.2385986,0.07859863,1.0485986,1.3485986,2.7685986,2.3285987,2.0685987,0.97859865
-1.4214014,-1.2914014,-1.7014014,-1.7914014,-1.6514014,-1.4214014,-1.2314013,-0.7914014,-2.2014015,-1.8614013,-1.5214014,-1.3414013,0.108598635,-0.6814014,-2.2914014,-2.9414015,-3.1214013,-3.3514013,-3.1914015,-3.0614014,-1.8914014,-0.71140134,-0.62140137,-0.34140137,-0.96140134,-1.4514014,-1.9914013,-3.0614014,-3.2214015,-3.0114014,-3.5314014,-3.1714013,-3.0114014,-2.8214014,-3.3114014,-2.1814013,-0.31140137,1.5685986,2.8985987,1.9485986,0.93859863
-1.0014014,-1.8714013,-2.0014014,-1.7614014,-1.7014014,-1.5014014,-1.5614014,-1.0514014,-1.2514014,-1.1814014,-0.12140137,-0.8014014,-1.0314014,-0.26140136,-1.5714014,-0.9114014,-1.3814014,-1.8014014,-2.4714015,-2.5214014,-2.7414014,-1.7814014,-1.3414013,1.0885986,1.5685986,1.0585986,-0.87140137,-1.5914013,-2.4914014,-2.8114014,-2.9214013,-2.9114013,-2.7714014,-2.5514014,-2.5014014,-3.6014013,-3.1614013,-0.9714014,1.8185986,2.5285985,1.8085986
-0.7314014,-1.5914013,-2.0714014,-0.58140135,-1.4614013,-0.94140136,-0.7314014,-0.19140136,-0.9114014,-0.65140134,-0.35140136,0.5785986,1.1685987,-0.13140136,-1.9814013,-1.8214014,-1.0714014,-0.24140137,-0.32140136,-0.38140136,-0.56140137,-1.1014013,-1.0914013,-0.41140136,1.0185987,2.0885987,1.1985986,-0.84140134,-1.8014014,-1.5014014,-1.6914014,-2.2614014,-2.5514014,-2.4214013,-1.9314014,-2.1514013,-2.1414013,-1.8614013,-0.011401367,2.5385985,1.8885987
