wind_kz.json
{"header": {"discipline":0,"disciplineName":"Meteorological products","gribEdition":2,"gribLength":1025,"center":7,"centerName":"US National Weather Service - NCEP(WMC)","subcenter":0,"refTime":"2023-08-19T12:00:00.000Z","significanceOfRT":1,"significanceOfRTName":"Start of forecast","productStatus":0,"productStatusName":"Operational products","productType":1,"productTypeName":"Forecast products","productDefinitionTemplate":0,"productDefinitionTemplateName":"Analysis/forecast at horizontal level/layer at a point in time","parameterCategory":2,"parameterCategoryName":"UnknownDiscipline_0_Category_2","parameterNumber":3,"parameterNumberName":"UnknownParameter_D0_C2_3","parameterUnit":"Unknown","genProcessType":2,"genProcessTypeName":"Forecast","forecastTime":240,"surface1Type":103,"surface1TypeName":"Specified height level above ground","surface1Value":10.0,"surface2Type":255,"surface2TypeName":"Missing","surface2Value":0.0,"gridDefinitionTemplate":0,"gridDefinitionTemplateName":"Latitude_Longitude","numberPoints":615,"shape":6,"shapeName":"Earth spherical with radius of 6,371,229.0 m","gridUnits":"degrees","resolution":48,"winds":"true","scanMode":64,"nx":41,"ny":15,"basicAngle":0,"lo1":47.0,"la1":41.0,"lo2":87.0,"la2":55.0,"dx":1.0,"dy":1.0}, "data":
[rows 0 to 14 of 15, columns 0 to 40 of 41]
5.1089234,2.5589232,0.44892335,-0.21107666,-4.5610766,-7.0010767,-4.6010766,-3.2310767,-1.7810767,-4.0310764,-4.4410768,-6.091077,-6.8510766,-6.0410767,-0.99107665,0.45892334,2.1489234,0.08892334,-2.4110765,-2.6710768,-3.9710767,-5.1210766,-5.7310767,-0.44107667,4.408923,1.8289233,1.4789233,1.4889233,-4.131077,-3.7310767,2.0389233,3.0889235,0.23892334,1.8889233,0.50892335,-2.9710767,-3.8710766,-1.0910766,-1.0810766,-3.5510767,-0.5910767
3.8189232,2.4789233,1.7389233,-0.82107663,-3.0810766,-5.611077,-3.3210766,-3.2310767,-2.9810767,-4.151077,-6.2110767,-7.8110766,-9.161077,-9.601077,-6.631077,3.2389233,3.2089233,1.9289234,1.0989233,0.26892334,-1.7210766,-4.3910766,-5.4910765,-4.6010766,-2.2910767,-2.9810767,-0.88107663,-2.3810766,-2.0810766,-3.4910767,-0.80107665,-3.5510767,-3.8410766,-1.4410766,1.9389234,2.6489234,1.0989233,4.7889233,2.2689233,0.38892335,1.1689234
2.7689233,4.328923,1.2489233,-1.1910766,-3.1310766,-0.63107663,-2.6810768,-3.1710768,-3.4010766,-4.4410768,-4.8110766,-7.8710766,-9.431077,-10.871077,-9.971077,-7.551077,5.5389233,3.5989234,2.9089234,2.6389234,1.1089233,-1.6010766,-2.8310766,-3.0310767,-3.9310768,-2.5910766,-3.8010767,-3.8410766,-3.8510766,-4.4810767,-3.4510767,-2.6410766,-5.841077,-5.671077,-2.1110766,-2.6910768,-2.7810767,0.19892333,-0.7110767,0.57892334,-0.78107667
1.6689234,2.0089233,0.45892334,-0.50107664,-1.4710766,-2.4010766,-3.7110767,-3.6610765,-4.4410768,-4.6410766,-4.6810765,-6.421077,-9.811077,-11.641077,-11.001077,-8.931077,-8.071076,-6.2910767,-4.5310764,-4.1910768,1.3189234,0.39892334,-1.5110767,-2.2910767,-2.3410766,-2.4310768,-2.9610767,-2.1310766,-2.4610767,-3.0710766,-5.1810765,-2.6710768,2.3689234,1.0589234,-0.24107666,0.77892333,-0.62107664,0.75892335,-1.7610767,-2.0110767,-5.0810766
2.4189234,1.5389234,-0.49107665,-2.7010767,-6.4110765,-4.131077,-3.1010766,-3.5710766,-4.1410766,-4.2910767,-4.6010766,-1.3310766,-5.861077,-8.411077,-8.501077,-7.3310766,-6.651077,-6.151077,-6.4110765,-6.1010766,-5.4110765,-2.2310767,-1.7210766,-0.87107664,-0.30107665,-0.75107664,0.07892334,-2.4110765,-3.5910766,-1.6710767,-2.9010766,-1.9410766,-1.0010767,-3.1110766,1.0289234,1.6989233,1.3389233,-2.0410767,-1.8310766,-1.3210766,-1.6610767
5.098923,3.2189233,0.43892333,-1.1410767,-2.3010767,-2.8610766,-3.8810766,-3.6010766,-3.7310767,-3.9610767,-4.1810765,-4.4910765,-4.2410765,-3.9410768,-7.1010766,-7.2410765,-7.8510766,-7.7210765,-7.861077,-7.051077,-6.361077,-3.8910766,-3.0010767,-0.19107667,0.56892335,-0.22107667,0.12892334,4.4689236,0.58892334,-3.6810768,-1.0110767,-2.8310766,-5.111077,-3.6310766,-0.97107667,2.9289234,-2.8010767,1.9189234,3.5789232,0.69892335,-0.6410767
2.0889235,0.88892335,1.3189234,1.8589233,2.9989233,-0.66107666,-1.8710767,-2.6410766,-3.5110767,-4.0610766,-4.3310766,-4.5410767,-4.5110765,-5.5010767,-5.7610765,-6.2510767,-6.071077,-6.9610767,-7.5810766,-7.651077,-6.9110765,-6.091077,-6.6410766,-6.1210766,-1.3310766,0.7289233,0.80892336,0.6089233,5.388923,4.328923,2.9589233,1.7689233,5.2389235,-1.2810767,-1.6810766,0.9089233,2.8289232,3.2489233,-0.92107666,3.5789232,5.4189234
2.2189233,1.2889234,0.96892333,1.2289233,-0.16107666,-1.2410767,-2.6810768,-3.4210768,-3.3510766,-3.9710767,-4.5010767,-4.7910767,-5.2510767,-5.401077,-6.0210767,-6.5610766,-6.4910765,-5.9310765,-5.7810764,-5.921077,-6.071077,-5.9410768,-5.4810767,-4.5410767,-4.321077,-4.2410765,-1.6410767,1.1889234,2.4789233,2.4889233,2.6989233,3.1189234,2.2089233,1.4489233,0.7389233,1.5489234,-1.4110767,0.89892334,-0.82107663,0.82892334,3.2089233
2.7289233,1.9489233,1.6389233,-0.28107667,-0.88107663,-1.3610767,-2.3110766,-3.3110766,-3.7110767,-4.2210765,-4.5010767,-4.821077,-5.4510765,-5.651077,-5.9810767,-5.591077,-5.071077,-4.9510765,-5.1610765,-4.4310765,-4.1210766,-5.7610765,-5.2910767,-5.5410767,-4.631077,-3.4210768,-1.9910767,-2.7210767,0.67892337,2.8189232,3.0289233,3.2389233,2.6589234,2.8989234,3.3589234,2.2889233,4.1689234,3.8689234,3.8689234,2.4389234,0.17892334
1.5889233,0.70892334,-0.88107663,-0.63107663,-2.4010766,-2.1810768,-2.8110766,-3.0010767,-3.6710768,-4.131077,-3.7710767,-4.881077,-4.9610767,-5.6610765,-5.4410768,-4.9310765,-4.5310764,-3.6610765,-4.2810764,-5.0210767,-4.5810766,-4.921077,-4.881077,-3.2910767,-3.4810767,-2.6610765,-0.87107664,-0.17107666,-2.0010767,-3.5110767,2.0389233,4.8089232,2.0489233,1.2989234,2.1789234,2.1289234,0.44892335,-0.97107667,1.5689234,2.8289232,1.7989234
1.4689233,1.9889233,0.37892333,-1.2310767,-2.2710767,-2.3710766,-3.0010767,-3.3110766,-3.5510767,-4.0310764,-4.2110767,-3.9310768,-4.7310767,-5.2910767,-5.671077,-5.0010767,-4.7010765,-5.571077,-4.841077,-6.1210766,-4.4910765,-5.2610765,-4.671077,-2.9210768,-2.5410767,-1.2310767,-1.0010767,0.9889233,-0.99107665,0.00892334,-6.7410765,0.7389233,2.4089234,3.6389234,2.5389233,4.0489235,2.4089234,2.4189234,3.8889234,0.7389233,0.15892334
1.6089233,0.09892334,-0.72107667,-0.39107665,-1.6710767,-1.5210767,-2.6610765,-3.4210768,-4.091077,-3.9110765,-3.5710766,-4.7410765,-6.0610766,-4.2610765,-5.091077,-3.9210768,-4.3710766,-2.1910768,-2.2910767,-2.7810767,-3.1210766,-1.6310767,-1.1410767,-0.37107667,-0.39107665,0.86892337,0.7289233,-1.7610767,0.99892336,-0.57107663,0.9089233,-2.7310767,-4.7310767,3.3089232,2.9289234,0.68892336,5.1489234,2.6389234,-0.22107667,0.39892334,0.038923338
0.48892334,-0.67107666,-0.47107667,-1.4310766,-2.2010767,-3.5910766,-5.841077,-5.6410766,-4.7010765,-5.8710766,-2.6010766,-2.5610766,-4.1210766,-4.8310766,-3.8710766,-4.821077,-5.6410766,-4.151077,-4.5010767,-3.4110765,-1.0810766,0.37892333,0.96892333,0.35892335,0.13892335,0.95892334,2.5489233,2.2289233,-1.0510767,2.3889234,2.3389235,0.81892335,1.5589234,1.3289233,5.0289235,3.4389234,3.5289233,1.1489234,2.2489233,1.6789234,0.68892336
-1.3610767,-1.0210767,-2.0010767,-3.1210766,-3.1310766,-3.0110767,-2.3610766,-2.3510766,-3.6510766,-4.3110766,-2.6510766,-2.4910767,-3.0510767,-2.9810767,-3.1710768,-3.4810767,-2.7410767,-3.4710767,-3.3710766,-2.6410766,-1.3910767,-0.27107665,0.17892334,0.58892334,2.4489233,2.7889233,3.7689233,3.9089234,1.5189233,5.1289234,4.138923,3.0389233,5.1489234,0.15892334,5.1089234,4.5689235,3.4889233,2.8489234,3.6689234,1.9889233,1.8289233
-0.91107666,-2.3810766,-5.0110765,-3.4510767,-3.2610767,-2.9210768,-3.7810767,-3.4810767,-3.7510767,-2.3210766,-1.5010767,-2.2810767,-2.5110767,-2.3610766,-2.8310766,-2.5610766,-3.5110767,-3.6010766,-3.3610766,-2.9510767,-1.7910767,-0.20107666,0.89892334,0.76892334,4.8989234,5.3589234,6.658923,5.5589232,3.5889235,4.0289235,3.6689234,4.0889235,2.5589232,5.0589232,6.348923,5.448923,4.9389234,4.3189235,2.9889233,2.8789234,0.31892335
