wind_kz.json
[{"header":{"discipline":0,"disciplineName":"Meteorological products","gribEdition":2,"gribLength":871,"center":7,"centerName":"US National Weather Service - NCEP(WMC)","subcenter":0,"refTime":"2023-09-11T06:00:00.000Z","significanceOfRT":1,"significanceOfRTName":"Start of forecast","productStatus":0,"productStatusName":"Operational products","productType":1,"productTypeName":"Forecast products","productDefinitionTemplate":0,"productDefinitionTemplateName":"Analysis/forecast at horizontal level/layer at a point in time","parameterCategory":0,"parameterCategoryName":"UnknownDiscipline_0_Category_0","parameterNumber":0,"parameterNumberName":"UnknownParameter_D0_C0_0","parameterUnit":"Unknown","genProcessType":2,"genProcessTypeName":"Forecast","forecastTime":120,"surface1Type":1,"surface1TypeName":"Ground or water surface","surface1Value":0.0,"surface2Type":255,"surface2TypeName":"Missing","surface2Value":0.0,"gridDefinitionTemplate":0,"gridDefinitionTemplateName":"Latitude_Longitude","numberPoints":615,"shape":6,"shapeName":"Earth spherical with radius of 6,371,229.0 m","gridUnits":"degrees","resolution":48,"winds":"true","scanMode":64,"nx":41,"ny":15,"basicAngle":0,"lo1":47.0,"la1":41.0,"lo2":87.0,"la2":55.0,"dx":1.0,"dy":1.0},"data":[295.2,286.2,296.1,297.3,297.1,296.1,305.4,299.9,296.9,301.7,308.4,309.3,308.6,308.2,307.9,309.3,309.1,308.7,312.8,311.4,314.4,309.6,309.3,309.3,312.5,310.1,309.7,299.5,294.3,297.1,294.5,295.6,306.5,312.6,315.0,314.8,315.8,315.7,316.8,319.0,321.6,285.9,297.1,296.6,296.8,296.6,294.9,309.9,306.4,306.5,302.3,307.0,306.4,307.4,306.4,308.1,309.5,310.8,310.4,310.9,312.1,311.6,309.1,308.9,301.1,295.0,296.6,305.9,300.8,301.1,292.7,297.1,290.3,298.3,270.6,285.4,310.4,314.0,314.1,314.8,310.2,284.8,298.5,296.0,296.7,296.5,294.5,304.9,305.2,306.4,305.1,303.8,305.2,306.0,307.0,306.4,304.0,309.2,309.2,308.8,309.5,310.3,309.7,311.6,307.1,301.8,306.2,306.0,307.7,307.2,306.4,299.9,291.7,288.9,297.1,299.1,292.9,288.0,280.6,278.2,285.9,287.1,286.8,303.0,295.1,295.9,295.3,295.6,297.0,299.0,302.0,304.6,304.3,302.3,295.8,293.3,292.5,305.5,306.3,305.8,308.5,308.7,309.2,306.1,305.2,308.0,308.6,308.3,307.4,308.9,307.5,307.4,307.5,307.0,306.1,307.9,310.4,308.5,300.2,280.0,275.6,290.0,293.2,300.3,299.6,293.2,294.1,292.9,296.1,297.7,297.3,294.9,301.3,299.8,292.4,301.1,292.3,291.2,289.7,304.9,306.1,304.1,304.7,304.0,305.8,307.2,307.6,309.4,309.3,309.8,306.8,302.4,309.5,308.4,307.2,305.1,292.4,273.2,294.1,297.3,292.3,295.4,295.3,296.0,296.6,299.1,297.7,292.6,291.9,292.1,291.4,302.1,301.6,294.8,299.2,291.8,292.0,293.1,292.3,297.4,302.4,302.8,305.7,303.1,305.6,305.8,304.5,306.2,306.6,307.6,307.7,308.2,290.4,305.0,305.8,307.5,305.3,306.0,305.4,300.8,301.2,293.2,294.6,306.8,308.6,305.4,296.3,294.8,298.9,300.3,298.3,299.8,299.0,299.3,299.8,298.8,290.8,291.3,298.7,299.5,299.8,299.5,300.8,303.5,306.3,305.3,304.6,303.7,304.8,304.5,303.0,303.6,306.2,308.6,307.7,308.4,307.0,306.3,307.5,305.8,302.3,299.8,295.3,289.2,284.6,284.0,289.9,297.6,299.3,297.8,297.2,297.4,290.7,297.8,291.8,296.2,294.2,289.6,289.1,293.5,294.7,300.5,300.6,300.9,301.1,299.0,293.6,292.9,293.4,292.7,291.8,299.7,299.4,299.2,299.8,292.5,299.2,291.1,302.6,299.4,300.1,298.6,300.7,304.5,289.4,302.3,302.6,299.7,297.0,294.3,290.1,289.7,287.5,298.7,294.4,298.5,294.7,294.4,293.9,288.4,287.9,288.1,293.7,301.7,301.9,302.2,299.2,300.3,289.6,289.4,293.7,299.6,298.4,296.9,288.1,286.9,291.9,294.0,292.5,287.7,290.0,296.1,301.3,294.3,296.1,293.9,278.8,281.8,284.8,290.1,288.0,292.4,291.7,294.9,297.6,296.8,291.0,290.4,293.8,288.1,286.2,286.3,288.4,299.0,295.1,299.8,300.2,300.5,300.3,294.0,287.9,289.9,299.1,298.7,291.0,290.5,285.4,292.2,294.9,292.9,295.2,294.7,294.9,297.9,298.6,287.8,287.1,283.6,281.1,276.6,294.9,288.9,295.1,288.9,291.4,292.6,296.4,296.1,293.6,291.9,288.0,286.0,287.1,288.1,288.8,297.9,298.2,296.9,300.0,293.5,293.8,294.7,288.7,294.9,290.7,291.2,287.9,290.8,293.5,294.2,297.3,299.8,295.2,297.3,299.6,295.4,282.9,282.1,279.2,279.8,279.2,293.1,294.1,293.9,294.1,288.7,286.8,288.5,289.4,288.1,290.1,288.8,289.8,285.8,292.2,294.1,296.4,296.4,296.9,297.9,295.6,294.3,289.1,293.1,296.1,295.3,295.1,289.8,294.6,299.3,288.1,295.2,294.8,288.5,292.9,293.9,295.1,290.4,290.2,286.8,284.0,285.1,291.3,293.4,292.5,294.6,294.2,292.2,290.3,287.0,289.5,291.2,288.6,289.4,291.8,291.2,291.8,293.5,288.8,287.5,290.1,294.9,294.2,293.3,293.1,293.0,288.2,290.4,291.2,289.5,291.6,295.0,292.4,295.8,294.9,291.5,286.6,286.0,288.5,289.5,284.9,286.6,283.3,291.1,289.7,290.5,293.2,289.5,293.0,292.9,291.5,293.4,290.9,289.2,286.9,289.3,290.3,288.8,291.8,293.5,291.2,290.6,294.1,293.8,289.1,289.0,294.0,293.6,293.1,290.7,291.6,290.2,291.0,293.5,289.8,291.5,288.3,289.6,288.8,293.4,291.8,292.8,288.6,289.7,290.0,289.7,288.4,291.7,292.2,290.6,286.8,288.1,289.4,292.4,290.7,289.5,285.8,288.4,286.5,293.7,288.1,289.0,289.8,293.8,295.1,295.6,296.5,298.3,289.2,290.3,290.7,291.6,294.3,298.3,292.4,290.0,289.9,289.7,295.2,295.7,293.6,293.7,295.5,294.5,289.9]},{"header":{"discipline":0,"disciplineName":"Meteorological products","gribEdition":2,"gribLength":1025,"center":7,"centerName":"US National Weather Service - NCEP(WMC)","subcenter":0,"refTime":"2023-09-11T06:00:00.000Z","significanceOfRT":1,"significanceOfRTName":"Start of forecast","productStatus":0,"productStatusName":"Operational products","productType":1,"productTypeName":"Forecast products","productDefinitionTemplate":0,"productDefinitionTemplateName":"Analysis/forecast at horizontal level/layer at a point in time","parameterCategory":2,"parameterCategoryName":"UnknownDiscipline_0_Category_2","parameterNumber":2,"parameterNumberName":"UnknownParameter_D0_C2_2","parameterUnit":"Unknown","genProcessType":2,"genProcessTypeName":"Forecast","forecastTime":120,"surface1Type":103,"surface1TypeName":"Specified height level above ground","surface1Value":10.0,"surface2Type":255,"surface2TypeName":"Missing","surface2Value":0.0,"gridDefinitionTemplate":0,"gridDefinitionTemplateName":"Latitude_Longitude","numberPoints":615,"shape":6,"shapeName":"Earth spherical with radius of 6,371,229.0 m","gridUnits":"degrees","resolution":48,"winds":"true","scanMode":64,"nx":41,"ny":15,"basicAngle":0,"lo1":47.0,"la1":41.0,"lo2":87.0,"la2":55.0,"dx":1.0,"dy":1.0},"data":[-2.5291505,0.7708496,-0.3791504,-1.2891504,-5.0291505,-4.9791503,-5.7291503,-5.8191504,-6.55915,-4.6291504,-4.7791505,-4.2291503,-3.8591504,-3.9291503,-3.1191504,-2.8791504,-3.0991504,-4.3591504,-4.4391503,-3.7791505,-1.2491504,1.3808496,2.3308496,2.7408495,-1.2591504,1.8908496,3.3208497,5.7708497,4.8108497,4.2708497,6.4908495,1.2408496,-0.7891504,-6.1791506,-8.929151,-8.20915,-8.019151,-7.3991504,-5.9491506,-4.2191505,-1.8291504,0.010849609,-1.4291503,-0.5191504,0.09084961,-2.2891505,-2.9091504,-3.5491505,-3.1491504,-3.4591503,-3.2791505,-3.8691504,-3.9891503,-3.4991503,-3.0691504,-3.4491503,-3.3991504,-4.2691503,-5.4191504,-4.4291506,-5.2391505,-4.9991503,-2.7291503,0.7008496,3.2008495,2.0308497,-0.09915039,1.4308496,3.5708497,4.0108495,3.9108496,3.1608496,4.46085,2.0308497,2.9708495,0.91084963,-0.06915039,0.9908496,1.4308496,-1.8891504,-2.2691505,-1.9991504,-1.0991504,-1.6691504,-1.0891504,-1.5991504,-0.96915036,0.1408496,0.03084961,-0.96915036,-0.5991504,-0.9191504,-1.0291504,-2.6391504,-2.7791505,-3.8491504,-3.7591505,-3.5191505,-4.30915,-4.2991505,-3.6691504,-2.3191504,0.6808496,-1.2291504,-5.1291504,-5.8991504,-1.3491504,-3.0391505,-2.1891503,-1.0091504,3.5908496,-0.8991504,1.6608496,-1.6391504,-1.0891504,-0.5391504,-2.8691504,0.7708496,-1.0491503,-1.1791503,4.46085,5.7208495,3.0108497,-0.7991504,-0.9991504,0.18084961,0.12084961,0.2908496,-0.4391504,0.33084962,2.2408495,2.9108496,1.4008496,-1.0291504,-1.1591504,-2.1291504,-3.2891505,-3.5591505,-4.2991505,-4.86915,-5.09915,-5.2191505,-5.1691504,-5.5091505,-3.8291504,-1.1391504,-2.1291504,-2.6891503,-2.2991505,-2.0791504,-3.9791503,-4.8991504,-3.1591504,0.02084961,1.3308496,3.5608497,2.6008496,2.5908496,1.6308496,0.5108496,2.5308497,-1.7691504,-1.9291503,-0.5591504,1.1208496,0.04084961,-0.5791504,-0.2491504,0.8708496,1.2608496,2.4908495,3.0508497,1.8808496,-0.10915039,-0.3191504,0.15084961,-2.8591504,-3.2391503,-3.2891505,-3.9391503,-4.4591503,-3.9791503,-4.78915,-4.32915,-4.5191503,-3.7791505,-3.1791503,-2.7691505,-4.2391505,-4.7791505,-6.6091504,-3.4791503,-3.2291503,-2.7391503,-1.7991503,0.03084961,3.2208495,3.0008497,-3.8991504,-1.7391504,-3.6791503,-1.2391504,0.72084963,0.1408496,2.1108496,2.9808495,2.0008497,2.0008497,2.4308496,3.5608497,4.6808496,4.6208496,3.5308497,2.1808496,2.0308497,-0.52915037,-1.6391504,-2.8491504,-3.5091505,-2.2691505,-2.9391503,-3.0691504,-3.1791503,-3.1491504,-3.7191503,-3.7491503,-4.28915,-4.1491504,-5.0091505,-4.61915,-4.4491506,-3.7391503,-4.1591506,-2.4291503,-2.2591505,-0.52915037,0.9308496,1.0608497,1.4808496,2.7308495,2.7408495,4.4908495,4.4308496,4.8408494,0.6108496,0.4908496,1.3208497,2.9208496,4.44085,5.21085,5.0808496,4.1408496,5.3008494,4.3308496,2.7408495,2.1208496,-1.3291504,-2.7391503,-2.8291504,-1.5391504,-1.5091504,-1.6391504,-1.8191504,-1.9591504,-2.2891505,-2.7491503,-3.6191504,-3.9791503,-3.8891504,-3.9691503,-3.9191504,-2.9791503,-1.8091503,-1.0991504,-0.1891504,0.3808496,2.0108497,0.7108496,1.6408496,2.5708497,2.3108497,4.46085,2.3008497,-1.4191504,3.7708497,0.42084962,2.5008497,1.2908496,2.4608495,4.65085,5.46085,5.3508496,3.4808495,3.1908495,1.2408496,1.5008496,-1.8391504,-4.4091506,-3.3791504,-3.6191504,2.9108496,0.2608496,-0.9791504,-0.9891504,-1.0891504,-1.3091503,-1.8691504,-2.7991505,-3.2391503,-3.1191504,-2.6091504,-1.8891504,-0.90915036,-0.2191504,0.02084961,1.1308496,0.8608496,0.9308496,2.4708495,2.7408495,2.2308495,4.2508497,3.3008497,3.7108495,2.6508496,6.5208497,6.88085,5.7308497,0.36084962,2.2108495,3.3508496,3.3008497,2.7808497,2.3008497,1.3708496,0.4708496,1.0808496,0.7408496,-0.3491504,1.9408497,-0.11915039,5.2608495,-1.0991504,-0.7591504,-0.7991504,-0.2591504,0.20084961,-1.3191504,-1.3491504,-2.4591503,-2.0791504,-1.7391504,-2.0691504,-1.9991504,-0.65915036,-0.3191504,0.6108496,1.4508497,0.7708496,1.3508496,2.5808496,3.4508495,1.1908497,2.5308497,1.9108496,2.8208497,0.6508496,1.0508496,2.4008496,1.3108497,1.9008496,0.16084962,-0.7391504,-2.5891504,0.4108496,0.91084963,0.15084961,-0.77915037,1.0508496,-1.1491504,-2.5791504,0.21084961,1.5008496,-1.1291504,-0.2791504,-0.2791504,-1.0791504,-2.0391505,-1.5091504,-2.5191505,-3.0391505,-1.5191504,-1.8191504,-1.6191504,-0.8791504,0.7308496,0.8308496,1.9208496,-0.3791504,1.1608496,0.9208496,0.6808496,1.0108496,1.0708497,1.5308496,0.9208496,0.6708496,1.5708497,1.0008496,0.7708496,-0.5091504,-0.1691504,-2.5591505,-2.1591504,-2.5091505,-3.1591504,-2.5191505,-2.9191504,-3.3591504,-3.0691504,-2.2191503,0.9408496,0.8908496,0.5008496,2.1008496,0.7108496,1.1908497,-0.2591504,-0.2791504,-0.65915036,-1.5591503,-1.8691504,-1.0291504,-0.05915039,-0.2891504,0.3108496,1.5708497,0.5408496,-1.5791504,3.7908497,1.2108496,0.7908496,1.1708496,0.45084962,-0.2191504,1.0608497,0.3208496,-0.6691504,0.9208496,-0.77915037,1.2508496,-0.8191504,-0.96915036,-1.3591504,-3.4791503,-2.8191504,-2.5691504,-3.4291503,-3.2391503,-1.8691504,-1.7091504,-0.35915038,1.3408496,-1.4191504,2.3508496,0.45084962,1.2008497,1.3308496,0.42084962,1.1008496,-0.4291504,-1.0491503,-0.96915036,1.2208496,0.8508496,1.0908496,-1.1091504,1.3208497,1.0308496,1.0308496,-0.4991504,1.2808496,1.0708497,-0.7291504,2.0708497,1.6008496,1.9408497,1.4608496,2.2608497,1.1208496,-0.049150392,0.09084961,-0.2891504,-0.17915039,-1.1991504,-1.7391504,-2.0291505,-1.2991503,-1.9491504,-0.90915036,-2.2791505,-1.3591504,-0.5191504,-0.4091504,1.0308496,1.9308496,1.5008496,1.6108496,1.2708496,1.4108496,0.6708496,1.3008496,1.1808496,1.4708496,1.5108496,1.8308496,1.1208496,2.1808496,1.9508497,0.4008496,-1.3591504,-0.07915039,-0.47915038,-0.3991504,0.4608496,2.0908496,2.5408497,2.2908497,2.7408495,2.1908495,3.2208495,3.5208497,2.0208497,0.4708496,-0.09915039,0.7008496,-1.7491504,-0.1691504,-1.1491504,-1.5691504,-1.5491503,-0.9391504,-1.1291504,-0.4291504,-0.14915039,0.20084961,1.3008496,0.8508496,1.2408496,1.1308496,1.2608496,1.3408496,0.8008496,0.5508496,1.1608496,2.4008496,2.3108497,2.0608497,1.6608496,0.66084963,0.3408496,0.08084961,0.2808496,0.8608496,-0.22915038,0.11084961,-1.0191504,-0.17915039,1.4208496,0.8308496,1.8408496,2.0808496,-1.0691504,0.9908496,0.4908496,1.6608496,-0.71915036,0.6008496,-0.6291504,-1.1291504,-0.47915038,-0.2891504,-0.3991504,0.18084961,-0.6191504,-0.5991504,0.2208496,-0.22915038,0.7608496,0.4308496,-1.0991504,-1.3091503,-0.6891504,0.18084961,0.2208496,0.6308496,1.4108496,0.91084963,1.5608497,1.5108496,1.7108496,1.3708496,1.6408496,1.2808496,0.24084961,0.2208496,-0.22915038,-0.2491504,-0.3191504,-0.9791504,-2.1791503,-0.8791504,-1.3591504,-1.4791504,0.23084961]},{"header":{"discipline":0,"disciplineName":"Meteorological products","gribEdition":2,"gribLength":1025,"center":7,"centerName":"US National Weather Service - NCEP(WMC)","subcenter":0,"refTime":"2023-09-11T06:00:00.000Z","significanceOfRT":1,"significanceOfRTName":"Start of forecast","productStatus":0,"productStatusName":"Operational products","productType":1,"productTypeName":"Forecast products","productDefinitionTemplate":0,"productDefinitionTemplateName":"Analysis/forecast at horizontal level/layer at a point in time","parameterCategory":2,"parameterCategoryName":"UnknownDiscipline_0_Category_2","parameterNumber":3,"parameterNumberName":"UnknownParameter_D0_C2_3","parameterUnit":"Unknown","genProcessType":2,"genProcessTypeName":"Forecast","forecastTime":120,"surface1Type":103,"surface1TypeName":"Specified height level above ground","surface1Value":10.0,"surface2Type":255,"surface2TypeName":"Missing","surface2Value":0.0,"gridDefinitionTemplate":0,"gridDefinitionTemplateName":"Latitude_Longitude","numberPoints":615,"shape":6,"shapeName":"Earth spherical with radius of 6,371,229.0 m","gridUnits":"degrees","resolution":48,"winds":"true","scanMode":64,"nx":41,"ny":15,"basicAngle":0,"lo1":47.0,"la1":41.0,"lo2":87.0,"la2":55.0,"dx":1.0,"dy":1.0},"data":[2.3827147,1.0027149,-2.3772852,-5.817285,-5.7672853,-5.207285,-2.1572852,-0.60728514,-0.0072851563,1.3727149,-0.06728516,-0.30728516,-1.5772852,-2.6772852,-4.0372853,-4.667285,-5.897285,-4.9972854,-4.857285,-3.057285,-2.547285,-3.537285,-1.1872852,1.3227148,1.9527148,2.0027149,-0.53728515,2.702715,-1.4072852,-3.4072852,-1.7272851,-0.32728517,-3.317285,-0.60728514,-1.5372852,1.4427148,1.2127148,-0.70728517,0.71271485,0.6127148,-0.17728515,-1.2272851,-2.027285,-4.107285,-3.537285,-3.007285,-3.4372852,-2.6572852,-0.8772852,1.1327149,1.2127148,1.2327149,0.59271485,-0.61728513,-2.277285,-3.4272852,-4.197285,-2.7472851,-4.897285,-4.217285,-4.047285,-5.277285,-5.8272853,-2.6672852,-0.65728515,2.7927148,3.972715,3.162715,2.722715,-0.9472852,1.5927148,-2.797285,-1.6972852,2.8427148,-0.43728516,2.2827148,3.242715,1.3527149,2.6527147,4.142715,0.83271486,-0.61728513,-1.3872851,-2.9372852,-4.457285,-5.387285,-4.917285,-1.8372852,-0.44728515,0.20271485,2.6227148,3.2527149,2.942715,1.6727148,0.07271484,-0.40728515,-2.2172852,-2.797285,-3.2072852,-4.5972853,-5.5772853,-6.547285,-2.4372852,-2.6372852,-6.467285,-1.6672852,-2.2172852,-2.257285,-1.7472851,-2.7172852,-1.8472852,-3.3572853,-2.8672853,-0.49728516,-3.4272852,1.6027149,-0.84728515,-1.7772851,-1.5072851,-2.6872852,-3.4872851,-0.6972852,1.0827148,-1.2272851,-2.277285,-3.827285,-4.907285,-3.3672853,-2.6272852,-4.0372853,-1.7172852,0.58271486,3.3127148,3.6227148,2.7927148,1.3527149,0.53271484,-0.86728513,-1.8072852,-1.7572851,-3.787285,-5.547285,-6.427285,-5.7872853,-2.517285,-2.337285,-2.6972852,-2.1072853,-1.8672851,-2.087285,-1.5872852,-1.7472851,-3.3972852,-4.627285,-2.517285,1.2727149,1.5127149,0.42271483,1.4327148,2.672715,4.042715,-3.277285,-1.7272851,-2.3872852,-2.1272852,-2.007285,-2.1972852,-3.6872852,-5.0172853,-4.427285,-2.2272851,-1.3672851,2.162715,4.912715,3.7727149,1.6727148,3.222715,1.4027148,0.6127148,-0.077285156,-1.1072851,-2.7272851,-3.4272852,-3.9772851,-3.267285,-3.5972853,-3.9872851,-0.35728514,1.0027149,0.76271486,-1.1672852,-3.1272852,-2.1172853,-3.1272852,-3.007285,-2.817285,0.45271483,1.6827148,0.47271484,0.70271486,0.26271483,-3.087285,-1.5772852,-3.2172852,-3.587285,-2.017285,-1.7972852,-2.017285,-3.047285,-4.8272853,-5.047285,-3.027285,-0.08728515,2.922715,5.342715,4.7327147,4.742715,3.992715,2.0327148,0.7527149,0.23271485,-0.9372852,-0.9972851,-3.067285,-1.7472851,-2.4372852,-3.1372852,-2.297285,-0.20728515,0.08271484,-0.18728516,-1.5072851,-2.3772852,-1.8772851,-2.1572852,-2.8772852,-2.9772851,-2.4272852,-1.5872852,-1.9772851,-2.3572853,-3.027285,-4.377285,-2.8972852,2.2527149,1.4527148,-2.6672852,-1.7172852,-2.1772852,-2.547285,-2.7072852,-3.3472853,-2.047285,2.462715,2.672715,5.892715,5.562715,4.702715,1.4827149,-0.42728516,0.66271484,0.6227148,-0.52728516,-1.0072851,-1.4372852,-1.8372852,-1.9272852,-2.6472852,-2.2172852,-1.0972852,-0.31728515,-1.3572851,-2.1572852,-1.8172852,-2.1172853,-1.8972851,-1.6572852,-2.8672853,-1.0772852,-0.47728515,-1.2672851,0.20271485,3.0827148,1.7127148,-0.58728516,1.0627148,-0.55728513,-4.3072853,-4.0972853,-3.4872851,-2.277285,-0.66728514,-3.017285,-2.7172852,3.422715,1.6727148,5.8827147,4.6527147,3.5827148,1.0227149,-0.41728514,2.672715,1.6027149,-0.6272852,-1.0372852,-1.1072851,0.72271484,-0.6872852,-1.4472852,-2.287285,-2.257285,-1.6372851,-2.9772851,-2.767285,-2.6172853,-2.2472851,-1.5772852,-3.1872852,-2.1772852,-0.36728516,-0.78728515,2.5727148,-0.33728516,-1.1772852,-1.9772851,-0.80728513,-0.23728515,0.45271483,-5.457285,-5.3672853,-5.067285,-4.697285,1.5627148,-0.027285157,-0.51728517,0.8127148,2.5927148,5.802715,6.952715,6.6527147,3.722715,-4.3672853,3.712715,2.0427148,0.052714843,-1.4772851,0.29271483,0.6127148,1.3227148,-0.25728515,-0.71728516,-1.2472851,-1.8972851,-3.027285,-3.087285,-2.6672852,-2.9172852,-3.6672852,-4.8072853,-3.8672853,-3.027285,-1.7372851,0.9927148,-1.6872852,1.4827149,-1.1472851,-1.4172852,-1.3772851,1.0427148,-4.5172853,-4.627285,-6.957285,-5.777285,0.52271485,-0.117285155,-0.117285155,1.5527148,0.54271483,3.8927147,5.9827147,4.912715,4.7527146,-0.20728515,0.65271485,2.0427148,0.40271485,0.54271483,0.70271486,0.24271484,1.7027148,0.6727148,-0.44728515,-0.90728515,-2.087285,-3.557285,-2.6972852,-0.28728515,-2.517285,-2.787285,-2.4172852,-3.587285,-3.787285,-1.9772851,0.07271484,0.32271484,-0.60728514,1.3227148,0.49271485,-0.58728516,-1.9672852,-4.8472853,-5.837285,-5.8472853,-3.7172852,-2.4972851,-1.7872852,-0.35728514,-0.037285157,0.8727148,3.5927148,4.842715,4.182715,4.262715,1.2427149,-0.7572852,0.97271484,1.5627148,1.0527148,1.1327149,0.54271483,3.0327148,2.202715,0.23271485,-1.3672851,-1.6972852,-2.8572853,-3.3672853,-3.6372852,-3.1472852,-3.767285,-1.4772851,-1.8072852,-2.1072853,-2.017285,-1.0672852,1.3927149,1.0527148,0.23271485,0.31271484,-1.2772851,0.5627148,-4.777285,-5.8672853,-5.067285,-3.3972852,-1.3772851,-1.0572852,-1.2672851,-0.5672852,-0.08728515,2.5827148,4.372715,2.942715,1.8727149,0.6727148,1.4527148,1.6527148,2.5327148,1.8327148,2.0727148,2.992715,3.1327147,1.9327148,0.6827148,-1.4172852,-1.9172852,-1.9072852,-2.9972851,-4.027285,-1.7772851,-2.2172852,-2.8972852,-1.1372851,-2.087285,-1.8572851,-0.08728515,-0.80728513,0.45271483,-0.52728516,-1.5672852,-1.1572852,-0.7572852,-2.8472853,-4.0372853,-4.5172853,-3.4672852,-1.2872852,-0.7572852,-0.13728516,-1.1872852,1.3627149,1.8427148,0.58271486,1.5427148,1.8227148,2.162715,1.8827149,2.0927148,1.3127148,1.1927148,2.962715,2.8627148,3.162715,2.0627148,0.33271486,-1.2172852,-2.507285,-2.767285,-2.767285,-2.587285,-2.2072852,-2.9472852,-3.337285,-1.6372851,-0.23728515,1.6827148,0.8127148,-0.9472852,-1.1672852,-0.14728516,0.41271484,1.4327148,1.9927149,-2.817285,-2.9572852,-3.8472853,-3.337285,-2.517285,-1.8672851,-1.9872851,-1.5072851,-1.1072851,-1.0772852,0.20271485,0.27271485,0.5627148,0.58271486,1.2127148,1.2627149,1.8127148,2.7627149,3.6427147,2.8827147,2.912715,1.7627149,0.35271484,0.85271484,-0.5772852,-1.6172851,-2.1172853,-2.3572853,-1.5672852,-2.007285,-2.6972852,-2.8972852,-2.9272852,-1.2172852,-0.89728516,-1.7972852,-2.017285,-1.6072851,-0.5072852,0.6827148,1.3727149,-1.5072851,-2.1372852,-2.297285,-2.2272851,-2.9172852,-1.7272851,-1.4472852,-1.7472851,-1.1572852,-0.31728515,-0.10728516,0.14271484,-0.52728516,0.83271486,0.47271484,1.5427148,1.0627148,2.202715,2.3727148,3.2827148,2.492715,2.3227148,1.4427148,-0.41728514,-0.58728516,-1.1472851,-1.7872852,-1.7672851,-1.1772852,0.34271485,-2.1072853,-0.35728514,-1.2472851,-1.5972852,-2.9072852,-2.6772852,-2.8572853,-3.287285,-2.327285,-1.2072852,-0.33728516]}]