wind_kz.json
{"header": {"discipline":0,"disciplineName":"Meteorological products","gribEdition":2,"gribLength":1025,"center":7,"centerName":"US National Weather Service - NCEP(WMC)","subcenter":0,"refTime":"2023-08-27T12:00:00.000Z","significanceOfRT":1,"significanceOfRTName":"Start of forecast","productStatus":0,"productStatusName":"Operational products","productType":1,"productTypeName":"Forecast products","productDefinitionTemplate":0,"productDefinitionTemplateName":"Analysis/forecast at horizontal level/layer at a point in time","parameterCategory":2,"parameterCategoryName":"UnknownDiscipline_0_Category_2","parameterNumber":3,"parameterNumberName":"UnknownParameter_D0_C2_3","parameterUnit":"Unknown","genProcessType":2,"genProcessTypeName":"Forecast","forecastTime":0,"surface1Type":103,"surface1TypeName":"Specified height level above ground","surface1Value":10.0,"surface2Type":255,"surface2TypeName":"Missing","surface2Value":0.0,"gridDefinitionTemplate":0,"gridDefinitionTemplateName":"Latitude_Longitude","numberPoints":615,"shape":6,"shapeName":"Earth spherical with radius of 6,371,229.0 m","gridUnits":"degrees","resolution":48,"winds":"true","scanMode":64,"nx":41,"ny":15,"basicAngle":0,"lo1":47.0,"la1":41.0,"lo2":87.0,"la2":55.0,"dx":1.0,"dy":1.0}, "data":
[rows 0 to 14 of 15, columns 0 to 40 of 41]
2.4109936,1.3209937,-3.9990063,4.880994,1.6609937,-0.6890063,-4.809006,-2.3290064,-2.8290064,-3.8090065,-4.4990063,-5.0290065,-6.119006,-4.2590065,-3.8890064,-3.2490063,-4.309006,-3.0590065,-2.4490063,-0.11900635,-1.2190063,0.69099367,5.670994,1.8509936,3.4209936,1.3609936,0.40099365,2.3609936,-1.2590064,3.5109937,2.5209937,0.85099363,-1.7790064,-7.9590063,1.5009936,-0.92900634,0.66099364,-3.2790062,-4.2490063,-1.2490064,1.3009937
-1.7790064,1.3109937,0.6109936,0.51099366,1.7509936,-1.6190064,-4.639006,-3.9990063,-3.3390064,-5.8190064,-5.7390065,-5.1990066,-5.559006,-5.6890063,-4.539006,-4.159006,-4.369006,-0.85900635,-0.91900635,-1.6790063,-0.25900635,0.09099365,5.7709937,1.7209936,2.1409936,0.76099366,4.190994,2.9109936,-0.96900636,-1.1990063,-0.21900634,4.090994,2.3109937,2.9209936,1.2309936,3.7209938,1.7409936,0.5609937,1.9109937,-1.0990063,-2.2190063
-0.73900634,0.16099365,-0.24900635,1.4609936,1.2909937,0.28099364,1.2109936,-2.0490065,-3.6690063,-7.3190064,-6.4490066,-5.9890065,-5.4890065,-7.3990064,-7.079006,-5.349006,-4.539006,-4.5490065,-6.6090064,-1.5090064,-0.23900634,1.8509936,4.5109935,2.3509936,0.35099366,1.1909937,-1.1690063,-3.3590064,-3.4290063,-0.85900635,-3.1590064,-1.7390064,-0.85900635,0.09099365,3.8609936,-0.5090063,3.4409935,2.1309936,-0.079006344,3.7409937,2.6209936
-1.2690064,-0.18900634,-1.9590063,-3.6490064,-0.05900635,-5.099006,-6.0490065,-4.789006,-3.9190063,-3.2990065,-6.4890065,-6.7190065,-7.2490063,-5.5190063,-5.329006,-5.4890065,-5.9290066,-2.9990063,-2.1890063,-5.2290063,0.60099363,3.7309937,2.1609936,2.3109937,6.1609936,4.0409937,0.90099365,0.29099366,-2.1190064,-7.039006,-9.399006,-4.6790066,2.3609936,0.72099364,2.0009937,-1.2390064,-4.0090065,-0.5190064,-2.2690063,-0.84900635,4.0709934
4.6209936,2.9109936,1.9909936,-0.5090063,-3.1390064,-5.2690063,-5.9790063,-5.1090064,-5.2490063,-4.4890065,-6.0190063,-5.9390063,-6.2490063,-5.9390063,-2.8790064,-2.4590063,-3.5090063,-2.9890063,-2.8390064,-1.4990064,-1.4190063,2.6309936,2.9809937,5.110994,1.5309937,1.8209937,6.7509937,5.3209934,1.1409936,-1.8290063,-5.349006,-6.2290063,-0.39900634,-0.35900635,0.17099366,0.100993656,-2.2790062,0.91099364,-4.3990064,-1.2090063,-3.1090064
-1.0890063,-1.5090064,8.120994,4.4709935,1.2709937,-2.0390062,-2.6890063,-1.2390064,-5.9490066,-4.0290065,-5.7990065,-5.6890063,-7.369006,-4.0090065,-1.8590064,-3.3490064,-10.119006,-2.2090063,1.5209937,-0.9390063,-1.7590064,0.49099365,5.0809937,5.0209937,5.5409937,2.8009937,1.3809936,7.150994,5.1609936,1.6509937,-1.3390063,-5.7690063,-6.9690065,-0.32900634,1.9809936,-3.1990063,-2.8190064,-1.3190063,-1.3390063,-1.6490064,0.77099365
-1.2790064,-1.9490063,-1.7390064,-3.4190063,-3.2190063,-2.1790063,-3.5190063,-3.9690063,-4.7590065,-5.4690065,-7.059006,-5.4490066,-8.139007,-8.279006,-6.8190064,-5.1290064,-5.789006,-4.8990064,-4.7390065,-3.0890064,2.7609937,2.7909937,-0.5190064,1.9109937,2.2409937,2.7009935,1.3609936,-0.66900635,9.560993,5.170994,3.2109938,-1.2490064,0.70099366,3.6009936,1.5009936,-5.079006,-2.6790063,1.8809936,3.4509935,2.5209937,-3.8290064
-0.30900633,-1.0090064,-0.6990063,-0.9490063,-2.7690063,-2.3190064,-2.2190063,-2.5490065,-3.8490064,-5.0190063,-4.6790066,-6.5190063,-5.2790065,-4.7290063,-5.809006,-4.2390065,-6.3990064,-7.5290065,-8.539006,-1.2890064,2.5609937,0.90099365,3.9509935,6.0509934,2.5209937,5.5609937,4.9109936,-0.0090063475,7.2409935,6.7509937,7.1809936,3.3209937,0.69099367,3.1109936,4.9809937,-2.7090063,7.0409937,7.110994,-2.9090064,4.6609936,-1.5990063
3.7509937,0.22099365,-1.5590063,-0.53900635,-1.5090064,-1.5890063,-2.0490065,-2.4990063,-3.9090064,-3.8490064,-4.869006,-5.309006,-6.079006,-6.9290066,-6.1490064,-5.6290064,-0.6890063,-4.1990066,-7.349006,-7.4390063,-1.9790063,0.82099366,2.4509935,6.130994,8.820993,6.2609935,5.2709937,2.0609937,-1.1890063,1.6909937,3.0009937,2.7609937,4.610994,4.460994,6.2809935,-2.3090065,2.9509935,4.9909935,2.0709937,2.0309937,2.1709936
3.3609936,2.2309937,0.030993652,-3.6590064,-2.6990063,-2.0290062,-3.4790063,-2.6590064,-3.6690063,-2.2590063,-4.4690065,-3.8190064,-4.309006,-3.5190063,-3.5590065,-5.5490065,-4.1090064,-4.1090064,0.50099367,-6.289006,-9.289006,2.9609938,5.420994,7.2209935,6.650994,8.4909935,2.8409936,-0.20900635,0.31099364,0.6809937,1.6009936,-1.9290063,-5.2090063,-2.0190063,-0.37900636,-1.5390064,0.39099365,-0.99900633,0.21099365,2.0709937,1.6609937
1.6609937,1.9709936,1.5309937,1.6909937,-1.6990063,-0.6890063,-1.2090063,-0.95900637,-2.5890064,-2.6790063,-2.2790062,-1.9690063,-4.409006,-3.8190064,-3.1690063,-3.4690063,-5.079006,-7.3590064,-5.6690063,-2.3390064,-6.6890063,-7.9390063,-6.2490063,0.24099365,5.3109937,6.860994,4.110994,2.7409937,0.82099366,6.4509935,5.0809937,1.2709937,-0.28900635,-3.9090064,-2.8290064,-2.4790063,-1.0390064,1.4709936,2.1709936,-0.5190064,-0.44900635
0.6809937,2.3409936,1.3809936,0.8709937,1.1909937,-0.24900635,-0.34900635,-0.26900634,-0.97900635,-0.37900636,-1.4690063,-2.2090063,-1.6890063,-0.99900633,-1.0090064,-2.2990065,-3.1890063,-5.0690064,-5.9590063,-4.7390065,-1.8390063,-4.7190065,-6.289006,-5.639006,-6.079006,4.4909935,-1.5890063,3.9609938,-0.15900634,4.920994,3.3209937,3.3009937,0.21099365,0.25099364,-0.58900636,-2.1690063,-1.9790063,-1.4690063,-1.0390064,-1.6790063,-0.55900633
-0.98900634,-2.1890063,-0.38900635,0.7409937,1.6009936,-0.37900636,0.42099366,1.1809937,0.32099366,-0.64900637,0.17099366,-1.2890064,-1.3290063,-0.96900636,-1.2190063,-2.3990064,-1.8090063,-2.7990065,-3.6890063,-4.1890063,-3.7490063,1.2909937,-1.5190064,-3.3290064,-5.8790064,-7.869006,-2.9290063,4.0309935,1.9509937,4.7009935,4.6809936,2.5009937,1.6109936,2.0809937,1.2609936,-0.18900634,-2.3090065,-1.5690063,-0.12900634,-0.18900634,-0.78900635
-2.3390064,-2.7190063,-2.2590063,-1.9290063,-0.34900635,0.41099367,1.9509937,1.4509937,-0.11900635,0.40099365,1.4609936,0.89099365,0.63099366,-0.6890063,1.1509937,0.91099364,0.42099366,-0.61900634,-2.1990063,-4.2690063,-0.97900635,-2.6190064,1.7709937,1.7209936,-1.5390064,-3.1990063,-6.2190065,-6.4990063,-0.67900634,0.25099364,2.2009935,2.0609937,1.4709936,-0.30900633,2.4809937,1.5509937,-0.77900636,-0.6290063,0.05099365,0.6209937,0.64099365
-2.7390063,-4.7990065,-2.9390063,1.0409937,-0.30900633,-2.6790063,-2.1390064,-0.65900636,-0.5090063,0.28099364,2.4509935,3.1509936,1.9309937,-0.95900637,-0.7690064,0.50099367,1.4609936,1.2809937,-1.4190063,-1.6790063,-4.0290065,-0.48900634,-4.7790065,-0.44900635,0.8009937,2.1809936,-0.32900634,-3.7390063,-6.159006,0.48099366,-0.17900635,-0.20900635,-0.55900633,0.040993653,-0.52900636,0.41099367,-0.40900636,-0.90900636,-1.7190063,-1.7490064,-0.71900636
