wind.json
{"header": {"discipline":0,"disciplineName":"Meteorological products","gribEdition":2,"gribLength":1039,"center":7,"centerName":"US National Weather Service - NCEP(WMC)","subcenter":0,"refTime":"2023-06-30T00:00:00.000Z","significanceOfRT":1,"significanceOfRTName":"Start of forecast","productStatus":0,"productStatusName":"Operational products","productType":1,"productTypeName":"Forecast products","productDefinitionTemplate":0,"productDefinitionTemplateName":"Analysis/forecast at horizontal level/layer at a point in time","parameterCategory":0,"parameterCategoryName":"UnknownDiscipline_0_Category_0","parameterNumber":0,"parameterNumberName":"UnknownParameter_D0_C0_0","parameterUnit":"Unknown","genProcessType":2,"genProcessTypeName":"Forecast","forecastTime":300,"surface1Type":1,"surface1TypeName":"Ground or water surface","surface1Value":0.0,"surface2Type":255,"surface2TypeName":"Missing","surface2Value":0.0,"gridDefinitionTemplate":0,"gridDefinitionTemplateName":"Latitude_Longitude","numberPoints":688,"shape":6,"shapeName":"Earth spherical with radius of 6,371,229.0 m","gridUnits":"degrees","resolution":48,"winds":"true","scanMode":64,"nx":43,"ny":16,"basicAngle":0,"lo1":45.0,"la1":40.0,"lo2":87.0,"la2":55.0,"dx":1.0,"dy":1.0}, "data":
[rows 0 to 15 of 16, columns 0 to 42 of 43]
300.63892,294.33893,320.33893,329.0389,324.83893,298.33893,297.63892,297.83893,324.9389,328.13892,330.4389,329.13892,330.5389,329.13892,327.63892,326.4389,325.4389,324.5389,324.23892,324.0389,321.23892,320.9389,317.73892,320.23892,318.13892,313.33893,311.73892,294.5389,296.4389,295.5389,301.4389,312.4389,312.23892,310.63892,315.4389,315.9389,316.63892,313.33893,313.9389,312.33893,311.5389,311.4389,310.33893
301.63892,317.83893,319.83893,306.23892,311.23892,297.33893,297.4389,296.4389,316.0389,332.4389,330.83893,331.13892,328.5389,328.13892,326.5389,326.63892,325.4389,325.9389,324.4389,325.0389,325.33893,323.33893,324.4389,320.63892,319.9389,315.13892,317.33893,319.9389,314.9389,294.73892,293.63892,292.83893,293.33893,297.4389,304.13892,312.73892,314.63892,314.23892,312.9389,311.9389,309.83893,310.83893,312.13892
301.4389,298.63892,292.63892,303.83893,297.4389,297.73892,297.63892,295.33893,331.73892,330.83893,329.33893,328.73892,330.0389,327.0389,326.4389,324.13892,324.23892,324.63892,325.33893,326.23892,324.5389,323.63892,323.0389,323.9389,321.13892,308.13892,295.33893,295.13892,302.23892,293.73892,295.83893,288.4389,293.5389,285.83893,298.0389,268.0389,293.13892,307.83893,303.63892,306.83893,311.0389,301.5389,287.73892
294.23892,298.83893,311.23892,298.23892,298.13892,298.23892,297.33893,327.73892,328.83893,328.73892,327.13892,327.63892,325.9389,325.73892,322.23892,323.9389,324.13892,323.5389,324.73892,322.9389,322.0389,323.83893,322.83893,319.0389,318.63892,311.4389,315.4389,313.33893,313.73892,311.63892,310.23892,292.9389,287.9389,289.23892,294.13892,293.4389,298.5389,295.83893,284.23892,286.9389,286.9389,282.13892,281.13892
305.13892,311.73892,315.4389,298.83893,298.9389,298.63892,301.33893,318.83893,327.5389,328.63892,329.0389,328.63892,324.63892,319.63892,296.4389,295.83893,321.5389,324.5389,323.13892,321.83893,321.63892,320.9389,317.0389,313.33893,316.9389,315.33893,313.5389,313.0389,312.73892,308.9389,307.83893,307.9389,309.13892,304.23892,310.33893,310.83893,309.4389,303.5389,284.13892,285.4389,286.9389,296.5389,300.83893
311.33893,317.23892,317.33893,299.4389,299.5389,300.13892,309.23892,319.4389,328.23892,327.4389,327.4389,325.83893,325.73892,319.4389,297.13892,296.63892,296.4389,323.5389,324.0389,319.13892,316.4389,318.4389,318.5389,318.13892,316.4389,314.23892,313.0389,312.0389,309.63892,304.5389,308.5389,307.4389,308.73892,305.13892,289.83893,284.33893,293.0389,302.9389,300.33893,307.83893,309.4389,305.9389,305.9389
301.23892,304.63892,312.33893,309.63892,300.0389,299.83893,300.0389,298.83893,325.83893,321.83893,323.63892,324.73892,322.0389,320.9389,299.63892,296.5389,307.83893,319.13892,324.4389,321.73892,320.0389,319.5389,317.23892,315.5389,314.83893,313.13892,311.0389,308.13892,308.33893,290.63892,308.9389,309.0389,307.23892,306.13892,305.73892,304.23892,301.63892,300.0389,292.5389,294.73892,304.9389,306.5389,306.5389
312.0389,314.4389,303.4389,307.4389,315.5389,319.5389,316.63892,325.0389,324.73892,321.73892,321.83893,320.4389,325.0389,323.13892,321.73892,323.73892,323.9389,320.9389,322.83893,323.23892,321.33893,317.9389,315.13892,314.63892,314.63892,313.4389,310.23892,309.63892,309.33893,310.63892,309.9389,309.13892,309.23892,308.9389,307.83893,305.9389,304.4389,300.83893,293.9389,289.23892,285.63892,285.13892,297.9389
314.73892,311.5389,317.23892,316.63892,315.5389,319.4389,320.83893,325.13892,323.83893,324.73892,322.9389,321.5389,321.83893,322.9389,322.9389,322.5389,314.9389,322.0389,323.33893,321.5389,320.23892,316.83893,314.9389,314.23892,313.5389,313.0389,310.5389,307.13892,305.9389,306.4389,305.23892,306.83893,304.5389,305.83893,302.4389,298.5389,298.73892,299.9389,302.5389,288.83893,302.0389,301.0389,296.83893
296.4389,315.13892,316.73892,318.23892,320.0389,318.83893,321.73892,321.5389,315.4389,316.9389,315.33893,315.23892,317.33893,318.33893,318.23892,317.0389,319.83893,321.0389,319.5389,320.83893,318.73892,316.0389,311.83893,310.9389,311.83893,310.83893,308.83893,309.73892,303.63892,305.4389,301.9389,299.9389,299.63892,299.5389,300.5389,300.33893,299.83893,296.5389,297.23892,297.63892,284.23892,283.13892,281.63892
304.4389,303.0389,307.9389,314.83893,315.4389,317.63892,318.5389,321.4389,321.83893,317.83893,312.9389,306.83893,311.73892,311.33893,311.0389,315.23892,311.5389,317.13892,316.4389,317.0389,316.23892,315.63892,309.73892,310.5389,311.33893,309.9389,307.33893,303.9389,305.63892,304.83893,301.4389,300.73892,301.33893,302.83893,303.23892,302.5389,299.9389,298.0389,293.9389,288.0389,286.0389,284.63892,281.0389
302.23892,298.13892,301.9389,302.33893,309.33893,307.73892,309.4389,313.33893,315.13892,309.63892,308.13892,305.9389,307.4389,304.4389,303.73892,307.4389,305.63892,311.23892,310.4389,311.83893,312.4389,308.63892,308.63892,308.83893,306.4389,304.73892,303.33893,302.83893,299.9389,305.4389,306.5389,306.4389,306.73892,305.5389,302.73892,299.83893,297.83893,296.83893,289.13892,286.33893,285.9389,285.5389,283.33893
299.13892,301.5389,304.23892,305.33893,306.5389,304.0389,305.0389,305.5389,303.73892,304.33893,309.5389,310.13892,304.63892,304.9389,303.13892,300.33893,300.63892,304.13892,308.13892,308.63892,306.73892,304.5389,303.5389,301.83893,302.0389,302.83893,301.23892,302.9389,305.13892,307.33893,306.5389,306.33893,302.83893,303.23892,300.33893,299.73892,296.9389,297.9389,296.0389,295.4389,291.33893,290.83893,289.0389
299.33893,299.9389,301.4389,302.23892,305.23892,305.23892,300.33893,300.23892,299.13892,299.73892,301.13892,303.13892,301.73892,295.9389,302.33893,300.13892,301.73892,299.33893,299.9389,302.13892,304.13892,301.5389,300.83893,299.63892,300.4389,300.33893,304.13892,304.9389,306.83893,304.0389,304.0389,303.5389,304.83893,302.13892,299.83893,300.13892,299.63892,298.13892,296.33893,294.23892,292.0389,292.13892,288.9389
297.4389,298.4389,301.4389,303.33893,297.13892,303.33893,301.63892,300.5389,297.13892,296.5389,296.73892,293.4389,293.83893,296.5389,302.9389,297.13892,294.9389,296.23892,295.83893,298.4389,298.63892,301.0389,301.0389,300.23892,301.23892,301.0389,301.73892,303.33893,301.83893,300.5389,300.5389,301.5389,301.83893,301.83893,301.63892,301.13892,299.5389,297.9389,295.63892,294.63892,293.5389,291.33893,290.63892
295.9389,296.5389,298.73892,300.23892,292.73892,301.5389,300.63892,301.83893,301.33893,298.33893,296.63892,294.33893,291.83893,288.9389,287.73892,291.9389,297.9389,295.23892,295.9389,296.13892,301.5389,299.63892,298.5389,299.0389,299.0389,300.9389,300.83893,300.9389,300.0389,300.5389,298.63892,298.9389,295.23892,290.63892,297.73892,299.5389,298.9389,295.4389,294.13892,293.33893,293.0389,292.23892,291.73892
