wind_kz.json
{"header": {"discipline":0,"disciplineName":"Meteorological products","gribEdition":2,"gribLength":1025,"center":7,"centerName":"US National Weather Service - NCEP(WMC)","subcenter":0,"refTime":"2023-10-03T18:00:00.000Z","significanceOfRT":1,"significanceOfRTName":"Start of forecast","productStatus":0,"productStatusName":"Operational products","productType":1,"productTypeName":"Forecast products","productDefinitionTemplate":0,"productDefinitionTemplateName":"Analysis/forecast at horizontal level/layer at a point in time","parameterCategory":2,"parameterCategoryName":"UnknownDiscipline_0_Category_2","parameterNumber":2,"parameterNumberName":"UnknownParameter_D0_C2_2","parameterUnit":"Unknown","genProcessType":2,"genProcessTypeName":"Forecast","forecastTime":120,"surface1Type":103,"surface1TypeName":"Specified height level above ground","surface1Value":10.0,"surface2Type":255,"surface2TypeName":"Missing","surface2Value":0.0,"gridDefinitionTemplate":0,"gridDefinitionTemplateName":"Latitude_Longitude","numberPoints":615,"shape":6,"shapeName":"Earth spherical with radius of 6,371,229.0 m","gridUnits":"degrees","resolution":48,"winds":"true","scanMode":64,"nx":41,"ny":15,"basicAngle":0,"lo1":47.0,"la1":41.0,"lo2":87.0,"la2":55.0,"dx":1.0,"dy":1.0}, "data":
[rows 0 to 14 of 15, columns 0 to 40 of 41]
-1.253684,-0.5836841,2.516316,-0.4536841,-1.4236841,-1.363684,0.7863159,2.526316,-1.9336841,-2.543684,-2.0936842,-2.783684,-2.1736841,-1.0736841,1.5863159,-1.8436841,-1.1936841,-1.9536841,-4.203684,-3.9036841,-4.2636843,-2.303684,-0.6236841,-1.0436841,-0.5236841,-2.453684,-1.9536841,0.7363159,0.09631592,-0.10368408,-1.4736841,2.026316,0.4163159,1.3963159,-0.13368408,-3.223684,-3.493684,-2.9036841,-1.6736841,-1.1736841,-4.003684
3.726316,1.4163159,-0.47368407,-4.893684,-3.453684,-1.8436841,0.8163159,0.36631593,-0.7136841,-2.033684,-2.063684,-1.2336841,-0.28368407,1.9163159,-0.9336841,-1.003684,0.50631595,-2.293684,-2.953684,-3.8536842,-4.003684,-2.553684,-1.863684,-0.73368406,0.34631592,1.0663159,0.13631591,1.7063159,-2.203684,-0.20368408,0.20631592,-0.4236841,-0.38368407,-2.4136841,0.64631593,-0.8736841,-0.6436841,-1.1036841,-0.9536841,0.8463159,-1.8136841
-0.093684085,-5.003684,-7.0136843,-4.893684,-3.293684,-2.023684,0.5463159,0.27631593,-2.283684,-1.773684,1.0463159,1.9463159,2.1263158,1.876316,0.5463159,0.5563159,-0.7836841,-1.273684,-1.863684,-4.123684,-3.6136842,-1.003684,-1.763684,-1.4136841,2.696316,-0.54368407,-0.60368407,-2.183684,-2.043684,0.056315918,-0.3036841,1.7163159,0.21631593,0.9163159,-0.38368407,-0.7736841,0.8563159,-0.023684083,0.50631595,0.026315918,1.756316
-2.953684,-3.6636841,-2.983684,-2.803684,-2.493684,-0.4836841,0.57631594,-2.3836842,-0.6936841,0.5363159,-1.633684,-0.9536841,-0.55368406,0.4463159,-1.0436841,-0.37368408,-0.5236841,-1.4536841,-2.933684,-3.053684,-2.5936842,-0.92368406,0.8563159,0.9163159,0.43631592,0.7963159,0.15631592,-0.31368408,0.23631592,-1.2336841,-0.25368407,-0.8236841,1.5863159,3.186316,0.3863159,-1.4536841,-0.47368407,1.616316,0.37631592,0.5263159,-0.43368408
-0.74368405,-0.17368408,0.13631591,0.8463159,0.6263159,1.5363159,1.5863159,0.50631595,2.016316,2.0863159,1.506316,2.686316,2.696316,1.8263159,2.936316,2.056316,2.8563159,2.5963159,2.166316,1.116316,-0.7636841,0.4163159,2.056316,2.6563158,2.3963158,0.2663159,0.13631591,0.27631593,-1.5936841,-2.473684,-1.8136841,-2.273684,-1.363684,1.1563159,0.9963159,1.4263159,-1.4436841,-2.1336842,-2.3436842,-2.513684,-2.4236841
1.8463159,1.886316,2.996316,3.5863159,4.866316,5.376316,4.226316,3.546316,2.526316,2.6463158,3.8863158,2.966316,2.976316,3.6063159,3.3463159,2.3763158,3.1163158,4.126316,3.1263158,0.6163159,0.28631592,1.5463159,2.526316,1.756316,1.0263159,1.1763159,1.256316,2.1163158,1.2163159,1.0163159,-0.4836841,0.9863159,-0.98368406,2.266316,1.0363159,-2.253684,0.3863159,-1.523684,-0.023684083,-2.553684,-2.833684
3.286316,4.066316,4.576316,5.586316,6.646316,6.546316,7.116316,5.996316,5.9863157,6.516316,6.2363157,4.996316,3.506316,3.3963158,1.9263159,3.3363159,4.186316,4.226316,3.516316,1.976316,1.0463159,2.1263158,2.3663158,2.506316,2.196316,0.19631591,1.2663159,2.6063159,2.426316,2.6463158,2.8863158,3.246316,3.456316,2.036316,0.8163159,-1.613684,-0.7536841,2.696316,-2.083684,1.626316,1.756316
8.676316,7.676316,5.796316,3.6163158,6.906316,3.726316,4.926316,6.606316,5.936316,5.406316,6.496316,6.796316,5.936316,5.166316,2.996316,2.776316,3.186316,5.5063157,4.7363157,4.056316,2.276316,1.4663159,2.296316,1.1763159,1.1663159,1.0863159,1.866316,2.726316,1.6463159,2.976316,3.0863159,3.736316,3.3263159,1.7063159,0.056315918,1.1763159,-1.5436841,-4.153684,-4.133684,-3.6636841,-2.053684
11.256316,7.0263157,5.826316,5.0263157,7.806316,8.946316,7.246316,6.016316,1.636316,3.3763158,4.426316,5.7363157,7.126316,6.916316,4.826316,4.616316,4.096316,3.686316,4.356316,5.116316,5.166316,2.8663158,2.246316,0.9663159,0.34631592,0.70631593,1.5563159,1.5463159,1.7663159,1.4463159,2.5963159,2.436316,1.8463159,-0.7636841,-0.5136841,-1.5536841,-1.0436841,-1.493684,-1.383684,0.30631593,-1.4336841
10.336316,7.816316,9.156316,8.2263155,7.676316,5.976316,4.7563157,4.7563157,4.816316,4.946316,5.586316,7.166316,7.536316,7.676316,6.076316,6.456316,5.246316,5.046316,4.766316,5.266316,5.176316,4.726316,2.736316,3.026316,2.436316,0.49631593,1.1963159,2.026316,1.746316,2.6363158,2.006316,-0.8836841,-1.7336841,-2.753684,-1.5636841,-1.123684,-2.273684,-0.8436841,-1.1936841,0.4263159,-0.7236841
5.016316,5.346316,2.926316,1.9163159,1.4363159,2.756316,3.066316,3.6263158,3.3763158,4.186316,5.346316,6.536316,6.576316,7.346316,7.766316,8.356316,7.846316,6.626316,6.0063157,6.576316,7.176316,6.0063157,4.356316,2.8763158,1.9363159,1.4663159,1.0963159,1.2063159,2.1163158,2.1563158,3.1163158,0.17631592,-1.393684,-0.99368405,-0.2636841,-1.0336841,-1.5536841,-0.25368407,-1.133684,0.95631593,-1.133684
-5.663684,-5.553684,-5.463684,-4.933684,-3.543684,-1.753684,0.15631592,1.7063159,2.8663158,4.286316,5.2763157,6.886316,6.136316,6.916316,7.086316,7.786316,8.106316,8.296316,6.796316,7.406316,7.436316,6.226316,4.7563157,4.476316,1.976316,1.366316,1.6763159,1.616316,1.7163159,2.1563158,1.3363159,0.4263159,0.40631592,0.6663159,0.4463159,-1.2136841,-0.7636841,-0.79368407,-0.12368408,-0.85368407,-0.67368406
-3.073684,-4.113684,-3.533684,-2.3536842,-1.0736841,-0.5036841,0.9663159,2.5863159,4.246316,3.966316,4.346316,6.516316,5.386316,6.566316,6.726316,7.616316,7.816316,7.446316,6.746316,6.046316,8.296316,6.606316,4.856316,3.936316,4.146316,0.8563159,1.006316,0.5963159,-0.40368408,1.0363159,0.7763159,0.6663159,0.20631592,-0.40368408,-1.6036841,-1.2136841,-1.7336841,-1.1736841,-1.6936841,-1.2036841,-1.263684
-0.73368406,-0.92368406,-0.98368406,0.10631592,0.24631591,0.83631593,2.746316,5.086316,6.206316,6.326316,5.456316,6.796316,7.316316,8.2263155,6.7763157,6.576316,6.656316,6.5063157,6.2363157,8.316316,7.116316,8.316316,5.686316,4.156316,1.0163159,0.58631593,0.57631594,0.9863159,-0.21368408,2.1263158,0.3263159,-0.013684082,-0.3336841,-0.23368408,-0.44368407,-0.8236841,-0.6436841,-0.7736841,-1.493684,-0.31368408,-0.74368405
-0.55368406,-0.46368408,1.256316,0.026315918,1.7663159,1.8363159,3.816316,5.5263157,7.136316,7.9863157,4.396316,8.816316,6.576316,2.246316,4.0063157,5.866316,6.566316,6.536316,5.476316,5.886316,7.106316,6.7563157,7.166316,1.9063159,0.3863159,0.06631592,0.58631593,0.47631592,0.5663159,1.2863159,1.9663159,-0.3636841,-0.38368407,-0.3936841,-0.033684082,0.43631592,-0.66368407,0.7163159,0.33631593,-0.47368407,-1.1536841
