wind_kz.json
{"header": {"discipline":0,"disciplineName":"Meteorological products","gribEdition":2,"gribLength":1025,"center":7,"centerName":"US National Weather Service - NCEP(WMC)","subcenter":0,"refTime":"2023-09-24T06:00:00.000Z","significanceOfRT":1,"significanceOfRTName":"Start of forecast","productStatus":0,"productStatusName":"Operational products","productType":1,"productTypeName":"Forecast products","productDefinitionTemplate":0,"productDefinitionTemplateName":"Analysis/forecast at horizontal level/layer at a point in time","parameterCategory":2,"parameterCategoryName":"UnknownDiscipline_0_Category_2","parameterNumber":2,"parameterNumberName":"UnknownParameter_D0_C2_2","parameterUnit":"Unknown","genProcessType":2,"genProcessTypeName":"Forecast","forecastTime":60,"surface1Type":103,"surface1TypeName":"Specified height level above ground","surface1Value":10.0,"surface2Type":255,"surface2TypeName":"Missing","surface2Value":0.0,"gridDefinitionTemplate":0,"gridDefinitionTemplateName":"Latitude_Longitude","numberPoints":615,"shape":6,"shapeName":"Earth spherical with radius of 6,371,229.0 m","gridUnits":"degrees","resolution":48,"winds":"true","scanMode":64,"nx":41,"ny":15,"basicAngle":0,"lo1":47.0,"la1":41.0,"lo2":87.0,"la2":55.0,"dx":1.0,"dy":1.0}, "data":
[rows 0 to 14 of 15, columns 0 to 40 of 41]
-2.2757952,-0.49579528,1.3442047,-0.85579526,-1.3857952,0.9042047,-0.9957953,-3.7257953,-3.5957954,-2.0957954,-2.8357954,-4.405795,-2.8557954,-2.0957954,-0.2857953,-0.4557953,-0.09579529,1.1042047,-0.3957953,-0.2657953,-1.3357953,-0.4857953,-1.7657952,-1.3157953,-0.5357953,-2.0457952,-2.9057953,0.3342047,0.89420474,0.9942047,0.9042047,0.5442047,-0.3157953,0.9042047,0.7442047,-1.0757953,-0.10579529,0.2642047,-0.7057953,3.1442046,1.2042047
0.4342047,0.5742047,-1.5457953,-2.7357953,-0.025795288,-3.1157954,-3.4257953,-4.445795,-6.4157953,-5.385795,-4.1257954,-3.7857952,-2.2057953,-0.17579529,-1.8057953,-2.4657953,-2.0657952,-1.5057952,-2.4157953,-3.2157953,-2.7557952,-2.1557953,0.08420471,-2.0857954,-0.20579529,1.1542047,-0.5157953,1.5142047,-3.3557954,-0.34579527,0.014204712,-0.075795285,0.8042047,-2.1857953,0.054204714,1.3642048,1.0842047,-0.08579529,0.20420471,0.064204715,0.5542047
-1.7457952,-4.1657953,-3.3957953,-2.2957952,0.2942047,-3.8357954,-4.0857954,-4.1257954,-6.095795,-4.4957952,-2.7857952,-2.3257952,-0.8757953,-1.0557953,-1.9757953,-2.2957952,-2.9857953,-2.6657953,-2.5557952,-2.7657952,-4.9357953,-6.035795,-4.2457952,-4.805795,-1.5857953,-2.4357953,-2.6157954,-0.3157953,-2.2657952,-0.5157953,0.38420472,1.3442047,0.13420472,-0.015795289,-0.7157953,-1.6357952,0.70420474,0.064204715,3.9942048,2.6842048,2.4542048
-4.3757954,-5.2757955,-4.6857953,-5.265795,-4.9857955,-3.8557954,-3.7557952,-4.075795,-3.8957953,-4.1057954,-2.7957952,-2.2357953,-2.9357953,-2.5657952,-2.3157952,-2.3557954,-2.7157953,-2.6357954,-2.4857953,-2.7357953,-3.5857954,-3.2757952,-2.4557953,-5.925795,-5.825795,-4.555795,-3.7657952,-6.615795,-3.8157952,-2.0957954,-0.9357953,-0.54579526,1.8342047,2.1942048,-0.5957953,-1.4757953,-2.2257953,2.8342047,0.7142047,0.9842047,1.8642048
-5.075795,-6.5057955,-6.675795,-6.345795,-5.325795,-3.7657952,-3.3657954,-2.8557954,-3.5157952,-3.2657952,-2.6857953,-1.8057953,-2.4057953,-2.9157953,-2.4457953,-2.2057953,-2.3457954,-2.1157954,-2.6957953,-3.7057953,-3.7957952,-4.0057955,-4.805795,-4.575795,-4.4857955,-4.6257954,-4.365795,-3.7457952,-3.9457953,-3.1657953,-2.2957952,-1.5157952,-2.6057954,0.9642047,-0.09579529,-2.2557952,7.4742045,0.024204712,-2.8557954,3.3042047,3.3942046
-3.8357954,-3.3557954,-5.015795,-4.385795,-3.9257953,-4.095795,-3.3157952,-3.1357954,-2.7057953,-2.3657954,-2.1557953,-2.2357953,-1.7357953,-1.9957952,-2.1257954,-1.5057952,-1.6557953,-2.0557952,-2.6657953,-2.9657953,-3.2257953,-2.8357954,-3.2457952,-3.2757952,-3.5157952,-3.6957953,-2.5157952,-2.9557953,-1.6857953,0.70420474,-2.9157953,-4.7157955,-4.2757955,-2.6057954,1.7142047,2.9742048,3.3242047,6.9542046,2.7742047,-4.4957952,-6.905795
-2.1757953,-1.5357953,-1.3957953,-0.8457953,0.38420472,0.7542047,-1.1057953,-1.3957953,-1.1757953,-0.4257953,-0.4257953,-0.23579529,-1.6157953,-1.7757953,-1.0357953,-1.6757953,-1.1057953,-1.1357952,-2.1857953,-3.3057952,-2.8457954,-2.5757952,-2.4557953,-1.8957953,-2.6757953,-0.8957953,1.1042047,1.9142047,1.7242047,-4.3757954,-3.5757952,-2.8457954,-3.0457952,-1.2057953,1.7542048,-2.0857954,-0.8057953,0.6842047,0.5642047,2.3442047,6.3542047
-2.3757954,-2.2157953,-2.5657952,-2.0557952,-2.4257953,-1.9857953,-1.5057952,-2.6557953,-1.4057953,-1.7657952,0.18420471,-0.6457953,0.19420472,-0.72579527,0.6742047,-1.6857953,-1.1857953,-1.8057953,-1.6657953,-2.7057953,-2.2857952,-2.2457952,-1.9857953,-1.9057953,-2.4957952,-0.60579526,-0.8357953,-0.6557953,-0.8457953,-1.2557952,-2.0857954,-2.5157952,-2.0457952,-0.5657953,-2.0657952,1.6142048,3.0642047,4.4942045,0.2942047,2.7442048,2.2742047
-3.4757953,-3.0457952,-2.2257953,-2.2257953,-2.3557954,-1.8457953,-1.7057953,0.004204712,-0.3857953,0.8742047,-0.2557953,-0.3557953,0.20420471,-0.6457953,1.5742047,0.8242047,0.64420474,0.40420473,0.064204715,-0.66579527,-0.7557953,-0.7557953,-1.2457952,-0.22579528,0.31420472,0.2742047,0.7542047,0.6942047,1.3342047,0.4542047,0.1742047,-0.09579529,0.5542047,-0.5957953,0.4342047,0.20420471,0.3342047,-2.8557954,-2.7957952,0.9942047,-1.6057953
-2.6057954,-2.9457953,-1.7457952,-1.3557953,-1.4957952,0.51420474,2.0542047,-0.7457953,0.5542047,0.7142047,0.4242047,-1.3757952,-2.0557952,-1.3257953,-1.8057953,0.104204714,-1.1757953,-0.20579529,0.5742047,-0.2457953,0.6342047,2.0142047,1.6542047,2.3342047,2.1842048,1.8542047,2.1542046,2.1742048,2.1342046,0.8442047,0.2742047,-0.10579529,-0.9657953,-1.3757952,-0.4757953,-0.3157953,-1.6257952,0.25420472,-3.3757954,-0.8857953,-0.73579526
-2.3357954,-1.6957953,-2.9157953,-1.5057952,-1.9757953,-2.5257952,-1.4057953,-0.9657953,-3.0057952,-2.6357954,-1.4257953,-0.60579526,-1.8957953,-2.9957952,-3.2357953,-2.1157954,-2.1957953,-1.3357953,-1.3157953,-0.8457953,1.3342047,1.0542047,2.0742047,2.5942047,2.3942046,2.3342047,1.9142047,2.5042048,2.3242047,0.104204714,-1.4257953,-1.9657953,-2.6557953,-1.8157953,-1.0057952,-1.1857953,-1.7457952,0.31420472,-1.4857953,1.2742047,-1.5057952
-1.0657953,-2.4157953,-2.1357954,-1.3057953,-0.73579526,-0.5157953,-1.4657953,-1.8157953,-1.5457953,-1.9257953,-1.3057953,0.2642047,-2.0457952,-3.1457953,-1.4657953,-1.2057953,-0.79579526,-0.5657953,-1.5557953,-1.0657953,-1.2357953,-0.5757953,0.44420472,2.3342047,2.0442047,2.0842047,2.2142048,1.1442047,1.6042047,-0.49579528,-1.7157953,-1.6557953,-1.7857953,-2.4057953,-1.9257953,-2.5757952,-2.0257952,-1.3757952,-0.72579527,-0.79579526,-0.025795288
-1.1257952,-1.9757953,-1.7457952,-0.85579526,-0.30579528,-0.4757953,-1.8557953,-1.3357953,-1.3557953,-1.2057953,-0.6557953,-1.2457952,-1.8657953,-1.9457953,-0.40579528,1.3742048,0.4542047,0.2742047,0.38420472,0.7842047,0.37420473,0.51420474,0.64420474,1.4042047,1.6442047,0.9842047,2.4942048,3.0242047,2.7642047,-0.27579528,-0.8057953,-0.9257953,-1.5457953,-1.6157953,-1.2957953,-1.5357953,-1.8657953,-1.7457952,-2.1057954,-0.66579527,-0.4557953
-0.2857953,-1.5557953,-1.4557953,-1.7757953,-1.0557953,-1.0057952,-0.9557953,-1.1457953,0.4642047,-0.08579529,-0.2157953,-0.18579529,1.1342047,-0.30579528,0.8842047,1.2942047,-0.4257953,-1.5857953,-1.0857953,0.08420471,0.024204712,-0.05579529,0.76420474,0.38420472,0.6042047,1.4942048,0.6642047,-0.035795286,0.5642047,1.5142047,-0.4557953,-1.2257953,-0.85579526,-0.8657953,-0.5657953,-0.5657953,-0.4457953,0.47420472,-0.6857953,0.4942047,0.6142047
-0.3557953,-0.2557953,0.58420473,-0.22579528,-0.66579527,-0.36579528,0.83420473,0.064204715,0.7842047,0.13420472,-0.8357953,-0.3857953,0.40420473,0.8642047,1.1342047,1.6442047,1.5842047,1.6642047,0.2742047,1.4442047,2.2942047,0.34420472,0.1442047,0.34420472,-0.025795288,0.5342047,0.25420472,-0.005795288,0.024204712,-0.23579529,2.5742047,-0.40579528,-0.3857953,-0.3257953,-0.005795288,0.3642047,-0.19579528,0.5542047,0.7142047,0.95420474,-1.0057952
