wind_kz.json
{"header": {"discipline":0,"disciplineName":"Meteorological products","gribEdition":2,"gribLength":871,"center":7,"centerName":"US National Weather Service - NCEP(WMC)","subcenter":0,"refTime":"2023-09-30T18:00:00.000Z","significanceOfRT":1,"significanceOfRTName":"Start of forecast","productStatus":0,"productStatusName":"Operational products","productType":1,"productTypeName":"Forecast products","productDefinitionTemplate":0,"productDefinitionTemplateName":"Analysis/forecast at horizontal level/layer at a point in time","parameterCategory":0,"parameterCategoryName":"UnknownDiscipline_0_Category_0","parameterNumber":0,"parameterNumberName":"UnknownParameter_D0_C0_0","parameterUnit":"Unknown","genProcessType":2,"genProcessTypeName":"Forecast","forecastTime":180,"surface1Type":1,"surface1TypeName":"Ground or water surface","surface1Value":0.0,"surface2Type":255,"surface2TypeName":"Missing","surface2Value":0.0,"gridDefinitionTemplate":0,"gridDefinitionTemplateName":"Latitude_Longitude","numberPoints":615,"shape":6,"shapeName":"Earth spherical with radius of 6,371,229.0 m","gridUnits":"degrees","resolution":48,"winds":"true","scanMode":64,"nx":41,"ny":15,"basicAngle":0,"lo1":47.0,"la1":41.0,"lo2":87.0,"la2":55.0,"dx":1.0,"dy":1.0}, "data":
[rows 0 to 14 of 15, columns 0 to 40 of 41]
297.52277,290.22275,296.82275,293.72275,293.42276,292.42276,300.72275,305.32275,302.22275,303.62274,301.02277,302.22275,301.42276,302.42276,303.32275,304.72275,304.62274,302.12274,306.72275,304.82275,309.72275,307.82275,308.12274,305.12274,307.92276,309.72275,304.62274,297.52277,283.32275,286.02277,282.42276,281.22275,298.12274,305.52277,306.52277,305.72275,311.12274,308.62274,307.82275,309.22275,313.52277
279.82275,296.92276,293.42276,293.52277,293.42276,291.72275,304.02277,303.32275,301.52277,300.62274,301.62274,301.32275,301.62274,301.02277,301.82275,302.72275,304.42276,305.32275,305.62274,306.72275,304.42276,304.32275,305.72275,298.92276,287.02277,288.72275,298.82275,297.32275,298.62274,288.22275,290.52277,275.82275,291.92276,267.62274,285.92276,300.52277,304.72275,302.82275,307.32275,296.92276,284.52277
298.12274,293.12274,293.42276,292.92276,291.32275,300.22275,300.42276,300.52277,298.92276,299.52277,299.62274,299.32275,300.42276,299.92276,298.12274,302.12274,301.62274,302.92276,303.02277,302.82275,304.92276,301.92276,302.02277,296.12274,301.42276,299.82275,302.22275,303.32275,302.42276,292.62274,281.72275,280.52277,288.92276,285.02277,291.22275,292.42276,287.32275,293.42276,290.22275,286.32275,285.92276
301.42276,292.22275,293.02277,292.02277,292.92276,299.32275,298.72275,300.32275,301.02277,301.52277,300.42276,299.92276,289.82275,289.22275,298.62274,300.12274,298.12274,301.92276,304.22275,305.12274,303.82275,298.62274,299.62274,301.12274,300.22275,300.22275,301.32275,301.22275,300.02277,303.12274,303.52277,302.72275,305.22275,305.32275,302.32275,290.92276,278.42276,274.02277,292.32275,300.22275,301.12274
300.02277,291.72275,292.22275,291.42276,294.52277,299.02277,299.52277,302.12274,299.72275,299.42276,300.02277,299.72275,288.82275,287.62274,286.22275,297.92276,298.42276,298.22275,299.82275,297.92276,299.52277,301.12274,302.52277,301.42276,301.62274,302.42276,302.52277,297.62274,303.32275,304.12274,302.82275,301.92276,291.42276,283.52277,294.42276,300.32275,298.32275,303.32275,306.52277,303.42276,301.92276
297.22275,298.32275,290.12274,291.02277,291.22275,290.52277,300.82275,298.92276,298.22275,298.92276,298.12274,297.32275,289.72275,288.42276,292.72275,295.72275,295.12274,297.02277,297.52277,298.52277,298.82275,298.42276,299.42276,299.72275,300.22275,299.42276,302.42276,286.92276,299.52277,298.92276,300.72275,300.02277,300.92276,301.32275,299.52277,298.22275,292.72275,293.02277,303.92276,302.92276,296.82275
290.22275,296.82275,296.62274,296.92276,296.12274,299.32275,299.32275,297.82275,296.82275,296.62274,297.52277,296.32275,295.72275,294.92276,294.72275,293.62274,294.52277,294.62274,296.92276,298.22275,297.12274,298.32275,298.82275,298.42276,297.02277,296.92276,299.02277,299.52277,300.62274,299.92276,298.72275,298.92276,300.12274,298.62274,299.22275,297.02277,292.72275,293.12274,289.82275,286.12274,289.52277
285.52277,287.52277,294.62274,294.52277,295.62274,295.62274,297.02277,297.12274,297.12274,296.12274,295.62274,294.72275,294.52277,294.82275,296.42276,294.52277,293.12274,294.52277,294.62274,297.72275,296.52277,298.82275,298.72275,298.52277,297.92276,295.62274,293.42276,294.42276,290.52277,295.02277,293.92276,294.32275,295.32275,294.32275,293.82275,296.82275,299.72275,285.62274,294.32275,298.52277,295.42276
284.42276,285.52277,287.92276,289.82275,293.82275,294.82275,295.52277,294.92276,294.22275,294.32275,294.72275,294.62274,293.52277,294.92276,293.82275,295.62274,294.02277,293.72275,294.22275,294.32275,293.32275,296.12274,297.02277,295.92276,293.82275,291.32275,286.72275,285.62274,287.82275,287.92276,289.22275,286.42276,290.82275,292.32275,294.02277,292.22275,290.72275,290.22275,276.52277,283.62274,274.62274
281.22275,284.72275,287.42276,292.02277,292.42276,293.32275,293.22275,293.32275,292.62274,292.62274,293.22275,292.42276,294.12274,292.92276,293.62274,293.62274,294.32275,295.02277,294.22275,293.62274,293.62274,294.32275,294.92276,295.22275,286.42276,286.72275,286.72275,286.92276,285.72275,289.02277,288.52277,285.32275,286.42276,288.52277,288.62274,291.12274,283.82275,282.22275,284.42276,285.02277,281.32275
280.12274,282.92276,287.22275,289.72275,290.32275,291.42276,292.62274,292.62274,291.92276,291.62274,290.02277,291.02277,290.92276,291.02277,291.52277,292.82275,292.32275,293.72275,291.42276,291.52277,293.72275,293.62274,293.72275,294.12274,285.72275,287.72275,287.62274,286.72275,284.82275,291.82275,289.52277,291.92276,285.72275,287.92276,284.32275,282.72275,279.52277,280.62274,284.62274,283.52277,278.12274
279.92276,280.92276,284.52277,287.72275,288.22275,289.62274,289.52277,289.32275,290.72275,290.72275,286.42276,286.92276,289.62274,288.92276,290.12274,290.62274,291.02277,291.72275,292.92276,292.72275,292.42276,291.22275,290.92276,291.82275,290.82275,291.92276,288.42276,288.52277,291.92276,289.72275,288.32275,287.02277,287.32275,283.62274,283.02277,283.22275,284.52277,288.32275,287.92276,287.82275,284.42276
277.82275,280.22275,283.92276,285.32275,287.92276,288.12274,288.92276,288.82275,286.92276,285.32275,285.42276,284.72275,286.12274,287.02277,289.22275,290.22275,289.82275,289.32275,291.22275,291.12274,291.02277,289.52277,289.32275,289.72275,291.72275,292.82275,294.22275,291.22275,286.52277,290.42276,289.32275,289.22275,289.42276,284.12274,283.72275,282.92276,282.72275,285.92276,283.12274,283.42276,282.72275
280.52277,280.82275,284.42276,285.02277,285.52277,286.42276,287.32275,286.62274,287.12274,285.42276,283.32275,283.42276,283.62274,285.72275,288.32275,288.42276,288.82275,288.82275,289.62274,291.02277,291.12274,291.02277,291.62274,287.62274,289.62274,293.72275,291.52277,288.42276,288.72275,289.32275,288.02277,287.02277,283.12274,282.12274,282.62274,282.32275,282.72275,283.22275,288.52277,286.02277,284.02277
279.92276,281.72275,284.72275,285.92276,284.32275,286.02277,285.82275,285.62274,285.32275,284.12274,284.82275,285.92276,283.62274,283.62274,286.32275,288.02277,287.62274,288.12274,290.12274,289.22275,290.22275,291.12274,292.12274,290.62274,290.22275,291.92276,292.42276,291.42276,289.62274,290.42276,289.02277,285.62274,282.42276,282.32275,284.92276,283.22275,283.22275,286.32275,288.82275,288.52277,286.22275
