wind_kz.json
{"header": {"discipline":0,"disciplineName":"Meteorological products","gribEdition":2,"gribLength":1025,"center":7,"centerName":"US National Weather Service - NCEP(WMC)","subcenter":0,"refTime":"2023-08-07T00:00:00.000Z","significanceOfRT":1,"significanceOfRTName":"Start of forecast","productStatus":0,"productStatusName":"Operational products","productType":1,"productTypeName":"Forecast products","productDefinitionTemplate":0,"productDefinitionTemplateName":"Analysis/forecast at horizontal level/layer at a point in time","parameterCategory":2,"parameterCategoryName":"UnknownDiscipline_0_Category_2","parameterNumber":3,"parameterNumberName":"UnknownParameter_D0_C2_3","parameterUnit":"Unknown","genProcessType":2,"genProcessTypeName":"Forecast","forecastTime":180,"surface1Type":103,"surface1TypeName":"Specified height level above ground","surface1Value":10.0,"surface2Type":255,"surface2TypeName":"Missing","surface2Value":0.0,"gridDefinitionTemplate":0,"gridDefinitionTemplateName":"Latitude_Longitude","numberPoints":615,"shape":6,"shapeName":"Earth spherical with radius of 6,371,229.0 m","gridUnits":"degrees","resolution":48,"winds":"true","scanMode":64,"nx":41,"ny":15,"basicAngle":0,"lo1":47.0,"la1":41.0,"lo2":87.0,"la2":55.0,"dx":1.0,"dy":1.0}, "data":
[rows 0 to 14 of 15, columns 0 to 40 of 41]
3.975337,3.795337,-2.904663,4.845337,3.6453369,-1.6046631,-0.35466307,2.855337,1.9453369,0.81533694,-0.8446631,-2.244663,-3.8446631,-5.6646633,-7.044663,-7.674663,-8.344663,-7.894663,-8.074663,-6.824663,-6.504663,-7.584663,-5.7046633,1.3553369,4.845337,1.4653369,1.5153369,2.005337,-2.2946632,-3.514663,-2.5946631,-0.28466308,0.6753369,1.3553369,-3.1046631,-5.384663,-5.354663,-4.274663,-5.054663,-2.464663,-2.0746632
-2.6146631,-1.2746631,1.425337,3.6953368,4.995337,1.185337,3.1353369,4.8153367,4.0653367,2.295337,-0.044663087,-2.124663,-2.404663,-4.784663,-6.294663,-7.064663,-7.214663,-7.294663,-7.4346633,-7.734663,-8.754663,-7.074663,-6.794663,-2.8346632,0.8953369,2.245337,2.225337,0.21533692,0.6253369,-2.524663,-2.5846632,-3.684663,-2.714663,-2.234663,2.1353369,-6.464663,1.4053369,-4.634663,2.245337,-3.254663,-0.6346631
-1.7846631,-2.444663,-1.204663,2.095337,4.425337,4.645337,2.565337,4.695337,4.015337,3.375337,1.1153369,-0.8946631,-2.3446631,-2.944663,-3.724663,-5.734663,-6.514663,-6.464663,-7.404663,-7.9546633,-7.2446632,-2.904663,-7.4746633,-4.464663,-4.874663,-3.8546631,-2.934663,-4.344663,-2.5746632,-3.024663,-2.6046631,-2.3346632,-4.534663,-4.264663,-1.5046631,-2.8046632,-3.0746632,-5.9946632,-3.1046631,-0.38466308,2.115337
-4.214663,-5.114663,-3.3646631,0.6553369,3.1353369,4.075337,5.5253367,2.345337,3.865337,0.94533694,-3.474663,-0.17466308,4.175337,3.015337,-1.934663,-4.344663,-3.494663,-5.234663,-5.464663,-6.754663,-6.924663,-5.564663,-3.764663,-4.564663,-3.474663,-3.6046631,-3.664663,-1.6446631,-3.904663,-5.594663,-5.334663,-4.274663,-0.93466306,3.295337,2.1353369,1.9653369,3.765337,3.295337,-1.204663,-0.6546631,-0.4546631
-4.634663,0.45533693,0.33533692,-0.3646631,-2.394663,-2.654663,3.615337,4.0253367,3.125337,1.1153369,-3.134663,-5.754663,5.745337,7.605337,5.415337,1.6453369,-1.5046631,-2.984663,-3.874663,-4.404663,-4.764663,-4.624663,-4.594663,-3.874663,-2.874663,-1.0546631,-1.584663,-0.80466306,-3.6146631,-3.144663,-3.474663,-2.7946632,1.7253369,-0.4846631,-1.0146631,5.205337,-3.154663,3.4153368,3.785337,0.24533692,-2.8346632
-5.344663,-3.764663,-2.674663,4.765337,3.815337,3.045337,0.33533692,0.3153369,-1.2846631,0.8053369,1.7353369,0.14533691,-1.5046631,6.015337,5.885337,4.2953367,1.6253369,-1.6146631,-2.384663,-2.3146632,-3.504663,-3.414663,-3.744663,-3.3146632,-3.3046632,-3.0946631,-2.654663,3.515337,-0.2646631,-0.9746631,-4.304663,-4.144663,-4.794663,-5.214663,-1.8446631,-0.41466308,-1.574663,-4.904663,-2.684663,0.8953369,1.1553369
-4.964663,-2.124663,-2.8046632,-2.234663,-0.6646631,3.975337,4.665337,4.665337,2.1753368,1.2153369,0.33533692,0.3853369,4.715337,7.645337,7.215337,4.935337,1.6053369,-0.5146631,-2.444663,-2.7946632,-2.3346632,-2.164663,-2.3346632,-3.144663,-2.5946631,-1.8746631,-1.5446631,-1.6346631,2.845337,5.0653367,4.915337,-1.8546631,0.9753369,-1.2446631,-2.484663,-1.814663,1.3853369,1.5753369,1.1353369,0.15533692,-6.1646633
-4.424663,-3.024663,-1.8546631,-1.6046631,-1.214663,1.3653369,3.605337,3.485337,4.235337,1.915337,0.40533692,1.5953369,0.21533692,3.9653368,3.1353369,5.055337,3.4653368,-1.3546631,-1.7746631,-2.8646631,-3.504663,-3.3446631,-1.6346631,-1.2746631,-1.584663,-1.5246631,-2.3546631,-1.6546631,-0.7646631,-0.32466307,0.015336914,-0.4546631,1.2753369,0.82533693,-0.3046631,-1.6246631,-1.5346631,-1.714663,-1.4746631,-2.924663,-1.8946631
-3.0946631,-3.394663,0.10533691,-0.5346631,0.88533694,1.7753369,0.8653369,0.9153369,0.085336916,-0.8146631,0.7053369,-3.3546631,-1.434663,2.275337,3.475337,2.9553368,-0.17466308,-1.934663,-2.7846632,-2.484663,-3.264663,-3.774663,-3.654663,-2.734663,-1.2346631,-1.564663,-1.824663,-2.744663,-2.5846632,-1.6346631,-0.5846631,-1.0546631,0.3453369,3.375337,2.355337,0.76533693,1.3753369,0.6753369,2.075337,0.56533694,2.025337
-8.044663,-6.764663,-4.904663,-6.714663,-4.4746633,-5.4946632,-4.984663,-2.664663,-2.764663,-3.5346632,-1.5346631,-0.044663087,1.435337,0.4753369,0.7853369,0.13533692,-1.4946631,-1.6046631,-2.214663,-2.394663,-2.764663,-3.174663,-3.5546632,-2.964663,-4.134663,-4.104663,-2.464663,-3.0346632,-3.7946632,-3.654663,-3.414663,-1.944663,1.035337,-0.5946631,4.155337,4.495337,0.9753369,-0.2646631,1.665337,2.6453369,0.42533693
-7.424663,-10.804663,-5.9946632,-4.4146633,-1.8646631,-2.0546632,-2.6046631,-2.644663,-2.904663,-1.2846631,-2.444663,-1.7646631,-3.524663,-1.8546631,-1.5546631,-0.9646631,-2.704663,-3.994663,-4.6646633,-4.514663,-5.344663,-5.594663,-6.714663,-5.904663,-2.674663,-3.894663,-3.694663,-3.0846632,-1.214663,-1.7646631,-3.454663,-3.024663,-1.7446631,-1.6146631,2.1853368,4.3353367,2.095337,0.7853369,3.775337,1.535337,1.0753369
-3.654663,-2.5646632,-5.524663,-5.034663,-2.234663,-2.0446632,-2.774663,-3.1146631,-4.894663,-2.994663,-5.104663,-1.8046631,-2.394663,-3.934663,-3.2946632,-3.5846632,-4.9746633,-6.064663,-6.004663,-4.714663,-3.994663,-5.234663,-1.954663,-6.734663,-6.604663,-4.854663,-2.904663,-3.3646631,-3.124663,-2.0646632,-0.7546631,-1.084663,-1.954663,-2.764663,-0.2646631,2.775337,5.0853367,4.935337,2.785337,0.9653369,0.69533694
-2.984663,-5.354663,-5.714663,-4.354663,-1.464663,-1.8446631,-3.0446632,-5.654663,-5.764663,-4.734663,-2.524663,-2.624663,-1.814663,-3.164663,-3.184663,-4.394663,-4.4346633,-5.754663,-6.014663,-4.734663,-5.214663,-4.714663,-4.374663,-5.134663,-3.714663,-3.184663,-5.274663,-5.7446632,-3.0346632,-1.4846631,-1.064663,-1.6546631,-2.0546632,-0.5946631,-0.7646631,2.825337,2.1853368,2.1453369,0.6853369,3.4453368,1.8853369
-4.354663,-3.964663,-3.754663,-5.2046633,-3.974663,-3.884663,-3.714663,-3.0746632,-3.8446631,-3.914663,-2.7946632,-2.7946632,-3.2946632,-3.8046632,-3.174663,-1.6246631,-5.044663,-5.154663,-3.464663,-5.034663,-3.8646631,-2.964663,-2.8246632,-4.2246633,-4.964663,-3.714663,-2.3346632,-0.7146631,-0.8146631,-0.4046631,0.3553369,1.305337,0.94533694,2.9653368,1.9753369,3.845337,3.735337,4.0253367,0.055336915,1.0053369,1.9853369
-1.4246631,-4.514663,-0.34466308,-4.394663,-4.574663,-2.944663,-3.3346632,-3.8146632,-3.484663,-3.264663,-2.474663,-3.184663,-3.024663,-3.494663,-5.044663,-5.904663,-6.104663,-6.9346633,-3.0646632,-4.734663,-4.7246633,-5.114663,-4.1646633,-3.724663,-3.154663,-2.5346632,-2.494663,-1.1746631,-1.5446631,-1.814663,0.6753369,-0.004663086,1.4053369,0.7153369,3.865337,4.5053368,1.175337,2.365337,2.515337,-1.4146631,0.63533694
