wind_kz.json
{"header": {"discipline":0,"disciplineName":"Meteorological products","gribEdition":2,"gribLength":1025,"center":7,"centerName":"US National Weather Service - NCEP(WMC)","subcenter":0,"refTime":"2023-08-23T18:00:00.000Z","significanceOfRT":1,"significanceOfRTName":"Start of forecast","productStatus":0,"productStatusName":"Operational products","productType":1,"productTypeName":"Forecast products","productDefinitionTemplate":0,"productDefinitionTemplateName":"Analysis/forecast at horizontal level/layer at a point in time","parameterCategory":2,"parameterCategoryName":"UnknownDiscipline_0_Category_2","parameterNumber":2,"parameterNumberName":"UnknownParameter_D0_C2_2","parameterUnit":"Unknown","genProcessType":2,"genProcessTypeName":"Forecast","forecastTime":300,"surface1Type":103,"surface1TypeName":"Specified height level above ground","surface1Value":10.0,"surface2Type":255,"surface2TypeName":"Missing","surface2Value":0.0,"gridDefinitionTemplate":0,"gridDefinitionTemplateName":"Latitude_Longitude","numberPoints":615,"shape":6,"shapeName":"Earth spherical with radius of 6,371,229.0 m","gridUnits":"degrees","resolution":48,"winds":"true","scanMode":64,"nx":41,"ny":15,"basicAngle":0,"lo1":47.0,"la1":41.0,"lo2":87.0,"la2":55.0,"dx":1.0,"dy":1.0}, "data":
[rows 0 to 14 of 15, columns 0 to 40 of 41]
0.73282534,2.1128254,-3.1771746,-2.4571748,-5.7471747,-5.7571745,-7.5371747,-7.9071746,-9.207174,-5.9871745,-6.877175,-6.417175,-5.6771746,-4.8071747,-4.2471747,-3.5271747,-2.5671747,-3.1271746,-4.107175,-2.3671746,0.46282533,0.67282534,2.0428252,2.9928253,0.3328253,-0.5271747,3.4028254,3.1028254,0.6428253,1.5128254,1.5728253,0.24282531,-0.4171747,-1.6771747,-0.16717468,-0.6871747,1.0428253,0.5628253,1.1128253,0.8228253,-0.6671747
2.0128253,-3.2471747,-4.2271748,-6.0071745,-6.6371746,-4.2871747,-7.0071745,-7.4071746,-6.377175,-5.397175,-4.3271747,-5.0471745,-3.8571746,-2.6871748,-2.4571748,-1.9571747,-0.7371747,-1.1071746,-1.1671747,0.062825315,1.3328253,2.1728253,3.3628254,3.1128254,0.44282532,0.012825318,1.2628254,0.23282532,3.3528254,1.2328253,0.3628253,1.2628254,-0.8571747,-0.3571747,0.13282531,0.22282532,0.43282533,0.25282532,-0.3571747,-0.64717466,-0.09717468
-4.4671745,-6.2271748,-6.0471745,-6.317175,-5.707175,-5.2371745,-5.1171746,-3.9271746,-3.8071747,-3.0071747,-2.8571746,-1.8371747,-1.2071747,-0.76717466,0.07282532,0.3628253,0.8328253,1.6528254,2.1528254,2.2228253,2.5028253,4.0928254,-1.6471747,2.9528253,2.3628254,5.0028253,2.7828252,0.9028253,1.9328253,1.0428253,1.8028253,-0.25717467,4.932825,2.0528252,-0.40717468,2.6028254,0.7728253,-0.117174685,1.6628253,3.7428253,1.3528253
-6.1971745,-6.417175,-6.397175,-5.7371745,-3.8371747,-3.5771747,-3.0071747,-3.4371748,-2.5171747,-1.9671746,-1.6771747,-1.2071747,-1.2671747,-1.0871747,1.6028253,1.9528253,1.9528253,3.2328253,3.7028253,3.9328253,3.4228253,2.0228252,5.162825,4.9828253,5.4428253,4.6128254,2.4828253,1.9828253,4.082825,3.8428254,3.7528253,3.7828252,-1.6271747,0.55282533,0.73282534,3.2228253,2.3628254,1.4728253,-2.1071746,-0.8471747,-2.1271746
-5.5371747,-4.4071746,-3.9771748,-3.4271746,-2.3271747,-2.0271747,-1.9671746,-1.4971747,-0.57717466,0.24282531,1.1628253,2.2528253,2.1428254,1.3428253,2.0128253,2.7528253,3.5228252,4.5228252,4.1328254,5.0128255,4.8428254,5.622825,5.7628255,4.4428253,3.8028252,0.9328253,2.9428253,-0.27717468,2.1128254,2.1028254,2.5228252,3.4428253,4.0028253,2.8128252,-1.1371747,-0.8671747,-0.5971747,-2.0671747,-2.6171746,-2.1571746,-1.1571747
-3.5471747,-2.7371747,-2.8271747,-1.7371746,-0.49717468,-0.4171747,0.40282533,0.25282532,0.7128253,1.3828254,2.7028253,3.8228254,4.062825,4.912825,5.642825,5.1328254,5.352825,5.7128253,5.7728252,6.082825,6.7528253,6.372825,6.102825,5.102825,3.8628254,2.9728253,-0.037174683,-1.4571747,-1.8471746,-2.0871747,-1.5471747,0.24282531,3.1728253,2.6728253,3.2428253,2.8928254,0.7428253,0.14282532,-1.5071747,-0.4271747,-0.3271747
-1.7071747,-1.4271747,-0.8771747,-0.18717468,0.19282532,2.1328254,2.0628252,1.5728253,2.5328252,3.1228254,4.102825,5.162825,5.5128255,6.852825,6.832825,6.9928255,7.162825,7.062825,7.2028255,7.292825,7.6128254,7.2828255,6.5528255,5.9828253,3.4928253,2.7728252,-0.36717469,-2.0471747,-1.6271747,-1.9471747,-2.4771748,-2.4071746,-2.4971747,-0.9971747,-2.0471747,-1.4271747,1.4028254,-1.9371747,2.1428254,0.5628253,-0.6671747
-0.6271747,0.9028253,1.5828253,2.1628253,3.1728253,3.8628254,4.372825,4.162825,5.182825,5.6728253,6.2328253,6.832825,8.252826,8.132825,7.6528254,8.002826,8.232825,7.912825,7.4528255,8.542826,8.792826,8.142825,7.662825,6.182825,3.9728253,2.1728253,0.54282534,-0.7871747,-2.6171746,-2.6771746,-4.5471745,-4.4071746,-5.687175,-4.6571746,-2.9971747,-1.1671747,-0.6071747,2.6628253,3.8528254,2.7828252,3.3728254
1.7928253,2.2428253,3.1428254,3.8728254,4.2428255,4.4628253,5.312825,6.142825,6.2728252,7.5228252,8.482825,8.652825,9.982825,8.862825,8.432825,8.022825,7.9928255,8.002826,8.792826,8.7428255,8.9928255,8.512825,7.9028254,6.5328255,5.102825,3.4328253,2.0828254,1.3228253,-0.43717468,-3.1371746,-4.4271746,-5.1571746,-4.4971747,-2.9471748,-1.1271747,1.3428253,1.1528254,0.7728253,2.6828253,0.022825317,1.7928253
2.8928254,3.1328254,4.142825,4.792825,5.602825,6.8028255,7.142825,7.682825,8.342825,8.232825,8.852825,8.522825,8.282825,8.982825,8.512825,8.612825,8.102825,7.682825,8.4928255,8.292826,8.342825,8.842825,8.302825,6.3628254,6.5028253,2.1228254,2.3128252,0.4528253,-0.25717467,-2.4971747,-4.457175,-4.7971745,-3.4771748,-2.2971747,-0.8171747,0.12282532,1.8928254,0.27282533,2.5228252,1.1728253,1.1828253
3.9528253,4.432825,5.9928255,6.582825,6.062825,6.812825,7.162825,7.812825,7.412825,7.2728252,7.4828253,7.8428254,8.342825,8.922825,8.832826,8.472825,8.042826,7.622825,6.7228255,7.7028255,8.4928255,8.432825,7.412825,6.5028253,4.142825,1.7628254,-0.64717466,-0.4271747,-2.3871746,-5.1971745,-5.7171745,-4.707175,-4.0571747,-3.8671746,-2.9171746,-1.6971747,0.08282532,0.062825315,1.0628253,-0.6771747,1.8328253
4.622825,5.5228252,6.292825,6.582825,6.8228254,6.292825,6.4928255,6.042825,5.7328253,5.6928253,5.4928255,7.1128254,7.872825,8.512825,8.442825,7.832825,7.5028253,6.5228252,6.9928255,7.1928253,6.0528255,6.0728254,6.412825,3.4728253,0.4228253,-1.0371747,-4.067175,-5.8871746,-5.9271746,-6.2471747,-5.1771746,-4.647175,-3.7771747,-3.8771746,-3.5171747,-4.397175,-4.397175,-4.0371747,-2.4371748,-0.9871747,-0.43717468
4.2828255,6.0228252,5.9028254,6.392825,5.7728252,4.8628254,5.5928254,5.7228255,6.2128253,3.7328253,2.1128254,4.8228254,6.5928254,6.1328254,5.642825,5.7528253,6.392825,6.5328255,6.392825,5.182825,5.4828253,4.352825,0.12282532,-4.2771745,-4.6971745,-4.897175,-8.067175,-8.167174,-7.2571745,-6.2271748,-5.3671746,-5.187175,-5.4271746,-4.0971746,-3.6971748,-3.3371747,-2.9171746,-1.8071747,-2.6371746,-2.4271746,-1.0871747
4.6328254,5.9928255,7.0128255,5.562825,5.4628253,3.6428254,3.8428254,3.6028254,-0.10717468,0.07282532,1.2228253,1.7328253,-0.12717468,-0.037174683,-0.95717466,0.19282532,2.0128253,0.22282532,-3.7371747,-6.377175,-7.5171747,-7.087175,-6.1571746,-7.067175,-8.867175,-8.067175,-9.297174,-7.7271748,-7.187175,-6.1971745,-5.0971746,-4.5271745,-4.187175,-3.9671748,-3.2871747,-3.3871746,-2.5971746,-2.3471746,-2.2971747,-1.6671747,-0.7771747
3.1928253,4.682825,5.2728252,-0.04717468,-0.117174685,-0.9771747,-1.0671747,-1.5071747,-0.43717468,0.47282532,1.3328253,2.1628253,-1.0571747,-2.9571748,-5.6971745,-5.5371747,-4.5371747,-6.0971746,-6.4271746,-8.717175,-8.397175,-7.5471745,-7.687175,-8.127174,-9.157175,-9.727175,-8.707174,-7.8471746,-6.647175,-5.607175,-6.0471745,-4.9771748,-4.067175,-3.6771746,-3.4071746,-3.0071747,-2.1671746,-2.1871748,-1.6171746,-0.9171747,0.61282533
