wind.json
{"header": {"discipline":0,"disciplineName":"Meteorological products","gribEdition":2,"gribLength":953,"center":7,"centerName":"US National Weather Service - NCEP(WMC)","subcenter":0,"refTime":"2023-07-01T00:00:00.000Z","significanceOfRT":1,"significanceOfRTName":"Start of forecast","productStatus":0,"productStatusName":"Operational products","productType":1,"productTypeName":"Forecast products","productDefinitionTemplate":0,"productDefinitionTemplateName":"Analysis/forecast at horizontal level/layer at a point in time","parameterCategory":0,"parameterCategoryName":"UnknownDiscipline_0_Category_0","parameterNumber":0,"parameterNumberName":"UnknownParameter_D0_C0_0","parameterUnit":"Unknown","genProcessType":2,"genProcessTypeName":"Forecast","forecastTime":120,"surface1Type":1,"surface1TypeName":"Ground or water surface","surface1Value":0.0,"surface2Type":255,"surface2TypeName":"Missing","surface2Value":0.0,"gridDefinitionTemplate":0,"gridDefinitionTemplateName":"Latitude_Longitude","numberPoints":688,"shape":6,"shapeName":"Earth spherical with radius of 6,371,229.0 m","gridUnits":"degrees","resolution":48,"winds":"true","scanMode":64,"nx":43,"ny":16,"basicAngle":0,"lo1":45.0,"la1":40.0,"lo2":87.0,"la2":55.0,"dx":1.0,"dy":1.0}, "data":
[rows 0 to 15 of 16, columns 0 to 42 of 43]
281.7735,278.0735,294.87347,295.97348,296.6735,298.1735,297.37347,295.5735,303.37347,302.97348,301.7735,300.2735,301.87347,300.1735,298.7735,299.7735,299.47348,298.97348,297.97348,297.6735,296.97348,294.7735,292.37347,294.2735,290.97348,288.5735,289.0735,280.6735,276.6735,276.97348,278.5735,290.47348,294.87347,294.97348,296.0735,296.0735,297.1735,297.0735,298.87347,299.2735,300.0735,298.47348,298.1735
286.7735,295.37347,295.1735,287.0735,290.47348,296.87347,296.6735,294.97348,300.37347,304.1735,301.2735,299.5735,299.5735,301.37347,299.5735,298.47348,298.87347,296.47348,297.2735,297.7735,296.97348,297.47348,297.37347,295.7735,291.97348,287.7735,293.2735,293.5735,289.0735,277.7735,279.2735,277.87347,276.7735,280.1735,288.87347,293.87347,296.0735,296.97348,297.37347,298.37347,299.97348,300.1735,300.37347
290.5735,285.5735,275.5735,289.7735,296.6735,296.87347,296.47348,293.97348,303.1735,301.1735,298.87347,300.0735,299.7735,298.47348,297.6735,296.6735,297.0735,295.87347,296.87347,296.97348,295.97348,295.6735,295.47348,295.87347,292.1735,285.5735,273.6735,276.2735,281.47348,274.6735,278.5735,274.2735,279.97348,273.2735,280.97348,259.0735,276.5735,292.47348,291.0735,295.37347,301.1735,291.6735,283.47348
288.1735,290.37347,292.6735,297.2735,297.0735,296.97348,295.7735,301.6735,300.6735,300.47348,300.0735,298.37347,298.1735,298.1735,296.7735,296.6735,297.37347,295.97348,295.37347,293.87347,294.1735,294.6735,295.6735,293.1735,293.5735,287.6735,289.2735,289.37347,288.2735,289.1735,288.6735,280.47348,275.47348,277.6735,281.6735,281.87347,281.7735,282.37347,276.7735,279.7735,281.6735,277.6735,276.7735
294.6735,296.37347,294.37347,297.97348,298.1735,297.2735,296.97348,298.6735,299.0735,300.6735,299.2735,298.6735,299.1735,298.1735,294.87347,294.47348,296.1735,296.7735,297.2735,294.7735,295.5735,295.2735,293.87347,287.87347,292.1735,292.87347,292.87347,292.0735,292.5735,289.2735,290.37347,291.6735,291.97348,288.97348,294.87347,293.47348,291.1735,289.1735,278.6735,276.47348,284.1735,293.5735,296.6735
295.1735,298.1735,297.6735,298.5735,298.47348,299.2735,298.6735,298.7735,298.87347,299.7735,300.37347,300.1735,300.7735,301.47348,295.47348,294.87347,291.97348,298.6735,298.5735,297.0735,295.0735,296.37347,295.97348,295.0735,292.7735,292.37347,292.5735,292.87347,290.97348,291.47348,291.6735,292.2735,294.97348,292.6735,280.97348,275.7735,285.5735,291.7735,294.1735,298.2735,299.2735,299.5735,301.1735
296.7735,299.1735,296.97348,295.1735,299.0735,298.6735,298.37347,298.0735,299.2735,301.37347,300.47348,301.5735,299.47348,299.47348,294.2735,293.97348,295.0735,297.2735,297.1735,297.47348,296.0735,297.1735,295.2735,293.5735,292.47348,291.5735,290.97348,290.7735,291.6735,290.47348,295.37347,295.6735,293.37347,295.1735,294.97348,292.1735,288.7735,291.0735,288.37347,289.6735,297.7735,300.7735,299.2735
298.1735,297.7735,297.5735,297.37347,300.47348,300.6735,298.47348,298.2735,300.0735,299.47348,299.37347,299.7735,298.97348,299.6735,297.6735,297.37347,297.47348,296.2735,296.37347,296.0735,296.47348,295.0735,293.6735,292.6735,291.87347,290.87347,289.6735,290.1735,290.1735,292.1735,290.5735,292.5735,293.2735,293.2735,292.1735,293.7735,291.37347,291.2735,288.1735,287.2735,286.1735,283.97348,295.0735
297.87347,295.97348,298.0735,298.0735,300.87347,301.6735,300.1735,299.7735,299.2735,297.6735,296.6735,297.37347,296.47348,297.47348,295.87347,296.47348,298.37347,297.7735,296.37347,298.37347,294.87347,292.0735,291.37347,291.0735,290.5735,289.87347,288.5735,285.7735,285.2735,287.6735,286.37347,288.7735,287.97348,289.37347,288.47348,287.0735,288.6735,290.7735,292.5735,288.1735,294.1735,293.97348,292.87347
291.2735,296.1735,296.5735,296.47348,297.7735,296.87347,298.0735,296.87347,295.6735,296.47348,295.6735,294.7735,294.1735,295.0735,292.97348,294.47348,294.97348,295.47348,294.47348,294.87347,293.7735,292.37347,288.6735,289.7735,290.1735,288.97348,287.1735,287.37347,284.47348,285.0735,285.1735,286.47348,287.97348,288.7735,289.6735,290.0735,289.0735,288.6735,290.47348,290.1735,281.87347,282.7735,282.7735
291.1735,292.5735,293.5735,295.0735,294.87347,294.87347,294.1735,293.7735,293.1735,293.7735,293.6735,293.7735,292.0735,291.87347,292.47348,293.6735,293.0735,293.1735,294.0735,293.0735,292.6735,292.0735,290.47348,290.37347,291.47348,289.47348,288.2735,287.37347,287.2735,287.1735,289.2735,288.7735,287.5735,288.87347,291.37347,290.97348,290.2735,290.1735,287.6735,284.97348,284.5735,283.87347,281.2735
288.37347,290.47348,291.7735,292.0735,294.7735,292.0735,290.37347,291.7735,291.87347,291.47348,290.5735,290.5735,291.2735,290.37347,291.7735,293.2735,291.1735,292.1735,292.1735,292.2735,292.47348,291.37347,290.7735,291.1735,290.47348,289.1735,287.87347,287.6735,286.7735,288.97348,290.47348,290.7735,290.97348,289.87347,290.5735,288.2735,288.6735,287.2735,285.97348,282.6735,282.5735,282.97348,282.6735
287.97348,288.0735,293.97348,293.47348,294.7735,291.1735,290.47348,289.87347,289.0735,288.5735,290.2735,289.47348,287.5735,288.6735,290.87347,290.1735,290.87347,291.47348,290.87347,291.6735,292.1735,291.5735,291.1735,290.0735,289.47348,289.7735,288.47348,288.7735,289.7735,290.87347,290.5735,290.0735,288.1735,288.1735,287.37347,287.7735,287.1735,288.0735,287.97348,287.5735,287.5735,287.5735,286.6735
286.5735,286.97348,287.87347,287.2735,288.5735,288.37347,288.47348,289.0735,287.6735,287.0735,287.37347,287.6735,287.1735,286.47348,288.6735,291.37347,290.0735,290.5735,290.87347,290.5735,292.2735,290.87347,290.5735,289.1735,288.97348,289.47348,290.7735,290.5735,291.97348,291.0735,290.2735,288.37347,288.47348,288.2735,287.6735,287.47348,287.1735,287.87347,288.7735,289.87347,289.97348,289.6735,288.2735
286.7735,286.1735,285.5735,287.5735,289.37347,287.7735,286.7735,286.5735,287.2735,286.97348,286.5735,286.87347,287.2735,286.2735,286.7735,288.0735,291.37347,290.37347,290.2735,290.2735,291.1735,291.1735,290.97348,290.2735,290.7735,291.1735,291.1735,290.5735,290.47348,290.1735,289.87347,289.87347,289.0735,288.2735,288.5735,288.2735,288.7735,288.6735,288.97348,289.37347,289.7735,289.47348,290.47348
287.87347,287.6735,287.6735,287.97348,290.87347,286.7735,287.87347,286.2735,286.2735,285.87347,286.97348,292.37347,290.0735,287.37347,286.7735,287.7735,291.87347,290.87347,290.37347,291.0735,290.6735,290.37347,289.6735,289.6735,289.5735,289.97348,289.1735,289.97348,289.5735,289.87347,289.97348,291.1735,289.7735,286.37347,288.6735,288.47348,288.47348,288.7735,289.5735,288.2735,290.5735,290.5735,291.0735
