wind_kz.json
{"header": {"discipline":0,"disciplineName":"Meteorological products","gribEdition":2,"gribLength":1025,"center":7,"centerName":"US National Weather Service - NCEP(WMC)","subcenter":0,"refTime":"2024-01-31T12:00:00.000Z","significanceOfRT":1,"significanceOfRTName":"Start of forecast","productStatus":0,"productStatusName":"Operational products","productType":1,"productTypeName":"Forecast products","productDefinitionTemplate":0,"productDefinitionTemplateName":"Analysis/forecast at horizontal level/layer at a point in time","parameterCategory":2,"parameterCategoryName":"UnknownDiscipline_0_Category_2","parameterNumber":3,"parameterNumberName":"UnknownParameter_D0_C2_3","parameterUnit":"Unknown","genProcessType":2,"genProcessTypeName":"Forecast","forecastTime":300,"surface1Type":103,"surface1TypeName":"Specified height level above ground","surface1Value":10.0,"surface2Type":255,"surface2TypeName":"Missing","surface2Value":0.0,"gridDefinitionTemplate":0,"gridDefinitionTemplateName":"Latitude_Longitude","numberPoints":615,"shape":6,"shapeName":"Earth spherical with radius of 6,371,229.0 m","gridUnits":"degrees","resolution":48,"winds":"true","scanMode":64,"nx":41,"ny":15,"basicAngle":0,"lo1":47.0,"la1":41.0,"lo2":87.0,"la2":55.0,"dx":1.0,"dy":1.0}, "data":
[rows 0 to 14 of 15, columns 0 to 40 of 41]
0.78472656,-1.2852734,0.19472656,0.8847266,-0.7352734,-1.3952734,-0.90527344,-0.38527343,-2.2352734,-1.0952735,0.04472656,-0.71527344,-1.1352735,-1.3652735,-2.2852736,-2.0252733,-1.0352734,-0.07527344,2.1547265,1.3647265,-1.5052735,0.8247266,1.5347266,-1.7552735,-0.52527344,-1.3752735,-0.95527345,2.1147265,2.0247266,-0.25527343,-3.4652734,-5.0152736,1.7347265,0.38472655,0.23472656,0.59472656,0.34472656,0.7547266,0.65472656,0.59472656,-0.15527344
3.5647266,1.0347266,0.5847266,0.38472655,-0.27527344,-0.59527344,-2.6452734,-0.83527344,-2.6752734,-3.3652735,-3.0452735,-3.6952734,-3.6352735,-2.9452734,-4.5652733,-3.8252735,-0.90527344,-2.7952735,-2.5052733,-1.8452735,0.74472654,2.9247265,4.7747264,2.9447265,0.72472656,-2.2652733,-3.4452734,1.8347266,0.91472656,2.9347265,5.4847264,3.0347266,-0.94527346,-2.8652735,-4.875273,-2.8752735,-2.3052735,-1.6852734,0.71472657,-0.57527345,0.5747266
1.1847266,1.5047265,0.40472656,-0.34527344,-0.6152734,-0.87527347,-1.8052734,-2.2452734,-1.8652735,-3.4752734,-4.5652733,-3.5552735,-3.9452734,-4.0752735,-4.9352736,-5.4152737,-4.2252736,-3.9852734,-4.5552735,-4.125273,-3.2452734,-0.82527345,2.7247267,2.5247266,-1.6852734,2.4847267,1.4747266,-0.9252734,0.084726565,2.3347266,0.74472654,0.6447266,2.7747266,-2.6352735,-0.39527345,1.6547265,4.2647266,-0.71527344,1.1047266,-0.9352734,-0.0052734376
-1.3352734,-1.7652735,-2.0952735,-1.2052734,-1.3252734,-1.0252734,-0.34527344,-0.20527343,-0.13527344,-0.81527346,-2.2252734,-4.0052733,-5.0352736,-5.2052736,-4.6852736,-5.3652735,-5.3352733,-4.895273,-6.0752735,-7.1652737,-4.5752735,-2.3052735,-2.3952734,-3.0152733,-2.4452734,-2.7152734,-2.5652735,-2.4852734,4.2947264,1.7647265,2.8047266,-0.97527343,-0.32527342,-0.08527344,-0.76527345,-2.7252734,-0.045273438,4.2647266,5.2147264,1.9047265,2.2647266
-1.9152734,-2.4152734,-2.6752734,-2.5152733,-1.9352734,-0.94527346,-0.83527344,0.18472657,1.1047266,-0.50527346,-1.0552734,-2.1552734,-5.0352736,-5.7252736,-6.145273,-5.375273,-5.5252733,-5.3152733,-4.9452734,-5.3352733,-4.9052734,-4.2552733,-4.3152733,-4.1352735,-3.8152735,-3.8152735,-2.2452734,-3.7852736,-3.1352735,-2.6652734,-1.6752734,0.9547266,3.6947265,2.6547265,-1.1252735,-1.8552735,-0.065273434,0.34472656,0.8347266,1.7647265,1.3947265
-1.8452735,-2.0352736,-3.2052734,-2.9252734,-2.7352734,-2.2852736,-1.3552735,-0.38527343,0.67472655,-0.16527344,-0.9152734,-2.6252735,-5.1152735,-7.5252733,-6.3152733,-6.3552732,-6.5452733,-5.4252734,-4.5852733,-4.5652733,-5.4552736,-5.4052734,-5.2252736,-4.375273,-3.5252733,-2.1852734,-4.3652735,-4.6852736,-4.1352735,-3.5852735,-2.7652733,-2.4952734,-0.65527344,2.9647264,3.4747267,-0.70527345,0.73472655,-0.16527344,1.4047265,0.84472656,1.3247266
-1.5152735,-1.6952734,-1.2852734,-1.3152734,-1.1952734,-0.70527345,0.20472656,-0.07527344,-0.42527345,-0.9852734,-1.8752735,-2.7452734,-4.2952733,-6.4352736,-6.8252735,-7.9752736,-7.5952735,-6.0852733,-4.5152736,-3.4652734,-5.6152735,-6.2452736,-6.4052734,-5.875273,-4.3252735,-3.7952735,-4.5452733,-4.875273,-6.7852736,-6.145273,-6.2052736,-6.7752733,-6.5752735,-8.455274,0.6947266,0.86472654,0.7047266,1.7547265,-0.81527346,-3.0152733,-0.64527345
-1.7152734,-2.3752735,-2.8252735,-2.8552735,-2.8052735,-2.3352735,-0.6752734,-0.20527343,0.04472656,-0.49527344,-1.7252735,-1.5352734,-5.0152736,-4.8452735,-6.6752734,-6.6552734,-6.625273,-5.8852735,-4.3352733,-1.4552734,-4.4852734,-5.8252735,-6.4752736,-5.0652733,-3.9452734,-0.71527344,-2.0152733,-2.8252735,-2.8752735,-6.0752735,-5.7052736,-5.5652733,-6.8052735,-8.705274,-3.7752733,-3.5452735,-2.8852735,1.2047266,1.5447266,0.85472655,1.4147266
-1.9252734,-2.8052735,-3.1452734,-3.1752734,-2.9852734,-2.7452734,-2.0252733,-1.2552735,-0.87527347,-0.81527346,-1.5152735,-2.2452734,-3.0952735,-4.6552734,-5.1852736,-6.0552735,-5.7052736,-5.2752733,-4.4852734,-3.3752735,-0.43527344,-3.7652733,-5.0852733,-4.125273,-3.7652733,-3.6352735,-0.76527345,-1.3852735,-1.1152735,-2.0852735,-3.7252734,-4.875273,-4.3652735,-5.5352736,-4.3052735,-3.7752733,-4.0552735,-2.9452734,0.084726565,1.4447266,1.3247266
-1.7252735,-2.3352735,-2.7752733,-2.9652734,-2.9352734,-2.7552733,-2.2252734,-1.7752734,-1.3452735,-0.62527347,-1.2252735,-2.3552735,-2.7652733,-3.4152734,-4.0252733,-4.4252734,-4.1752734,-4.5852733,-3.3552735,-2.5852735,-1.7952734,-1.0952735,-1.5452734,-2.9952734,-2.8652735,-1.3852735,-2.5452735,-1.2552735,-1.9952735,-1.9452734,-3.9452734,-4.7352734,-5.1552734,-4.7952733,-2.1452734,-0.11527344,0.48472655,-3.5152733,1.3247266,2.4847267,1.5747266
-1.8052734,-2.0752735,-1.6152735,-2.3352735,-3.3552735,-2.3052735,-1.2052734,-0.6752734,-0.65527344,-0.87527347,-1.3552735,-0.64527345,-2.5952735,-2.4352734,-3.8052735,-3.9452734,-4.5152736,-4.4252734,-3.3652735,-3.1852734,-2.2352734,-2.4552734,-2.7552733,-2.6852734,-2.3052735,-1.5752734,-1.6252735,-1.2652735,-1.4552734,-2.8852735,-3.7552733,-3.9052734,-4.125273,-3.3952734,-2.3252735,-0.56527346,-1.8152734,0.04472656,-1.7652735,-2.4352734,-2.4452734
-1.2852734,-3.0152733,-1.6452734,-1.4652734,-0.58527344,-1.6352735,-1.1052735,0.49472657,-1.5652734,-0.63527346,-0.53527343,-2.5052733,-3.3352735,-3.0852735,-3.4452734,-3.2952735,-3.3752735,-3.8052735,-2.4852734,-3.0552735,-2.7752733,-3.0852735,-2.8652735,-2.7252734,-2.4752734,-2.8452735,-0.43527344,-1.9952735,-1.9452734,-2.0352736,-2.0752735,-2.5752735,-2.6752734,-2.2552733,-1.1752734,-1.2952734,0.084726565,-0.27527344,-0.19527344,-0.41527343,-0.83527344
-0.055273436,-1.0252734,-1.8352734,-1.5852734,-1.3352734,-0.97527343,-1.4652734,-1.2452735,-1.0552734,0.79472655,-0.13527344,-0.70527345,-2.8652735,-3.3952734,-3.4652734,-3.1852734,-3.0752735,-3.1652734,-3.1452734,-2.8852735,-2.2252734,-1.6152735,-1.1452734,-1.4852735,-3.1752734,-2.5452735,-2.7552733,-3.0852735,-2.6752734,-2.4352734,-2.4352734,-2.2952735,-2.1552734,-1.4952735,-1.6652734,-1.4152734,-1.9152734,-0.82527345,-0.72527343,-0.25527343,0.60472655
0.74472654,-1.2552735,-0.7452734,-0.47527343,-1.1352735,-0.8652734,-1.7452735,-1.3552735,-0.95527345,0.71472657,0.91472656,-0.21527344,-1.8152734,-2.3552735,-2.9152734,-2.9052734,-2.7852736,-2.7552733,-2.7752733,-2.3952734,-2.7152734,-1.7252735,-1.5752734,-2.3352735,-2.5052733,-2.3052735,-2.8252735,-2.8352735,-2.5952735,-2.7652733,-2.8152735,-2.5852735,-1.8452735,-2.1052735,-2.1752734,-2.7952735,-2.0652735,-1.4352734,-1.4552734,-1.2452735,-1.7352735
0.6947266,-0.095273435,-1.6952734,-0.15527344,-1.3052734,-1.0952735,-1.2252735,-1.5952735,-1.8052734,-0.5452734,-0.5552734,0.7647266,1.6647266,-1.2952734,-2.9252734,-2.8352735,-3.0452735,-3.1452734,-2.8552735,-3.0452735,-2.9152734,-3.0352736,-2.5052733,-2.7952735,-2.7652733,-2.8852735,-2.8552735,-2.8152735,-2.7552733,-2.8952734,-3.1752734,-3.1352735,-2.7452734,-2.7952735,-2.4052734,-2.4852734,-1.3652735,-1.0452734,-1.8252734,-2.4652734,-1.7652735
