wind.json
{"header": {"discipline":0,"disciplineName":"Meteorological products","gribEdition":2,"gribLength":953,"center":7,"centerName":"US National Weather Service - NCEP(WMC)","subcenter":0,"refTime":"2023-06-30T00:00:00.000Z","significanceOfRT":1,"significanceOfRTName":"Start of forecast","productStatus":0,"productStatusName":"Operational products","productType":1,"productTypeName":"Forecast products","productDefinitionTemplate":0,"productDefinitionTemplateName":"Analysis/forecast at horizontal level/layer at a point in time","parameterCategory":0,"parameterCategoryName":"UnknownDiscipline_0_Category_0","parameterNumber":0,"parameterNumberName":"UnknownParameter_D0_C0_0","parameterUnit":"Unknown","genProcessType":2,"genProcessTypeName":"Forecast","forecastTime":240,"surface1Type":1,"surface1TypeName":"Ground or water surface","surface1Value":0.0,"surface2Type":255,"surface2TypeName":"Missing","surface2Value":0.0,"gridDefinitionTemplate":0,"gridDefinitionTemplateName":"Latitude_Longitude","numberPoints":688,"shape":6,"shapeName":"Earth spherical with radius of 6,371,229.0 m","gridUnits":"degrees","resolution":48,"winds":"true","scanMode":64,"nx":43,"ny":16,"basicAngle":0,"lo1":45.0,"la1":40.0,"lo2":87.0,"la2":55.0,"dx":1.0,"dy":1.0}, "data":
[rows 0 to 15 of 16, columns 0 to 42 of 43]
284.64554,279.74554,295.64554,296.54553,296.94553,298.04553,297.14554,295.94553,302.44553,301.24554,300.94553,301.74554,301.04553,299.74554,299.64554,301.44553,301.04553,301.04553,299.24554,296.44553,295.74554,294.64554,292.04553,293.84552,293.94553,289.44553,290.74554,285.74554,278.74554,278.64554,283.84552,292.84552,295.84552,295.84552,297.44553,297.24554,298.74554,296.24554,298.14554,298.04553,298.94553,299.44553,299.14554
288.04553,297.44553,295.94553,289.64554,296.24554,296.84552,296.74554,295.44553,300.24554,303.34552,301.44553,300.34552,299.84552,301.64554,301.34552,301.34552,301.24554,299.14554,299.34552,297.74554,298.24554,297.74554,297.74554,293.84552,294.84552,289.24554,294.24554,295.04553,293.24554,281.04553,279.94553,279.64554,279.14554,281.34552,289.24554,295.34552,297.64554,297.74554,297.64554,296.74554,297.94553,299.64554,300.74554
288.14554,287.84552,278.54553,293.24554,296.94553,297.04553,296.84552,294.44553,301.54553,300.84552,299.24554,299.14554,299.54553,298.94553,298.44553,299.34552,300.24554,298.14554,298.64554,299.54553,298.94553,297.24554,296.84552,296.84552,292.64554,285.94553,274.74554,278.24554,285.14554,278.44553,278.74554,274.64554,279.84552,273.44553,281.34552,258.44553,274.04553,290.74554,290.24554,293.44553,297.74554,290.24554,283.44553
291.74554,293.64554,294.54553,297.64554,297.54553,297.44553,296.24554,302.54553,301.04553,299.74554,298.94553,297.44553,296.34552,296.64554,296.54553,297.64554,299.64554,298.34552,297.74554,296.74554,296.84552,297.24554,298.34552,296.84552,295.34552,291.54553,289.44553,291.24554,290.14554,289.74554,289.14554,281.04553,273.54553,275.24554,281.54553,281.64554,282.34552,284.04553,276.94553,278.74554,280.44553,278.54553,276.44553
296.54553,298.64554,295.34552,298.24554,298.24554,297.74554,298.04553,301.14554,300.74554,299.14554,299.24554,297.34552,296.44553,297.14554,295.14554,294.64554,299.34552,298.84552,299.84552,297.94553,297.64554,297.04553,294.24554,291.64554,294.74554,295.54553,294.04553,293.24554,293.74554,293.74554,291.94553,291.44553,292.44553,290.34552,294.64554,292.04553,292.24554,288.54553,278.94553,276.64554,282.74554,294.94553,297.74554
297.74554,300.04553,298.94553,299.14554,298.84552,299.44553,300.14554,302.34552,300.94553,300.74554,299.94553,299.24554,296.94553,296.94553,295.84552,295.14554,292.14554,299.94553,299.54553,298.54553,297.24554,298.94553,298.44553,297.34552,296.74554,295.64554,295.74554,295.84552,293.64554,292.74554,293.94553,294.04553,296.14554,291.54553,281.64554,275.24554,284.34552,293.84552,296.44553,301.34552,300.74554,301.64554,302.34552
297.94553,301.54553,302.04553,300.04553,299.54553,298.84552,298.54553,297.84552,301.34552,302.74554,300.74554,299.64554,299.64554,299.44553,294.64554,294.24554,296.14554,298.94553,299.44553,299.24554,299.74554,299.14554,298.34552,297.64554,296.34552,296.34552,296.44553,295.44553,295.54553,290.64554,296.94553,298.54553,295.74554,295.54553,294.34552,292.24554,292.44553,292.74554,287.74554,289.84552,298.74554,302.34552,300.34552
298.24554,299.64554,302.14554,302.34552,302.94553,303.14554,301.24554,301.34552,302.14554,302.54553,301.74554,302.44553,300.74554,299.74554,299.44553,298.64554,297.14554,299.54553,299.14554,299.84552,299.34552,297.94553,296.74554,297.64554,297.54553,297.34552,295.74554,296.44553,296.14554,296.94553,296.74554,296.84552,295.94553,295.74554,295.44553,294.34552,293.04553,292.64554,288.54553,286.64554,283.24554,285.54553,296.44553
299.54553,297.24554,300.04553,300.84552,303.84552,303.44553,302.74554,302.84552,302.34552,301.64554,300.34552,300.84552,300.34552,299.34552,297.24554,298.34552,298.94553,299.14554,297.94553,298.84552,298.74554,299.44553,294.34552,295.44553,295.54553,296.04553,294.74554,291.24554,291.34552,293.24554,290.94553,293.04553,292.64554,293.34552,292.14554,290.34552,289.44553,292.54553,294.64554,288.24554,292.74554,293.34552,290.44553
292.04553,300.04553,299.24554,300.94553,301.34552,299.54553,301.74554,301.24554,301.14554,300.94553,300.54553,300.44553,301.24554,299.24554,297.04553,300.74554,299.14554,299.14554,299.64554,299.84552,298.14554,298.14554,292.24554,293.94553,294.64554,292.54553,291.24554,292.14554,289.54553,289.04553,288.14554,287.74554,289.04553,290.04553,290.84552,291.74554,291.84552,290.54553,291.34552,291.54553,281.34552,282.14554,283.94553
298.54553,297.64554,299.14554,300.64554,301.54553,299.94553,300.04553,299.84552,299.14554,298.54553,297.74554,296.34552,294.74554,294.84552,294.54553,295.34552,296.54553,299.44553,298.04553,297.74554,296.54553,297.74554,294.04553,293.54553,295.24554,293.94553,292.84552,291.24554,290.54553,290.34552,290.04553,290.34552,290.44553,293.44553,294.84552,293.84552,293.04553,291.74554,287.54553,285.14554,284.84552,283.84552,282.64554
296.24554,292.54553,299.04553,298.54553,300.34552,299.24554,298.24554,300.14554,298.84552,297.64554,296.84552,296.34552,295.04553,293.94553,294.14554,293.24554,293.14554,293.74554,293.74554,293.54553,294.14554,293.44553,293.24554,292.44553,291.44553,290.74554,290.44553,290.94553,289.14554,291.64554,292.44553,293.64554,293.44553,292.74554,291.94553,291.64554,290.54553,291.54553,286.84552,285.04553,283.44553,284.74554,282.64554
293.44553,294.74554,296.74554,297.54553,300.04553,300.14554,298.14554,297.74554,295.14554,294.84552,293.94553,293.34552,290.34552,290.34552,291.64554,291.04553,291.44553,291.54553,291.44553,291.94553,291.54553,291.74554,290.74554,289.84552,290.24554,289.84552,290.04553,289.84552,289.74554,291.14554,291.34552,291.34552,289.84552,290.84552,290.34552,289.04553,290.24554,291.24554,289.04553,291.14554,288.14554,288.14554,288.74554
292.24554,294.64554,292.94553,297.44553,294.84552,296.64554,294.44553,295.04553,294.64554,292.74554,290.64554,289.74554,288.24554,287.24554,289.64554,289.34552,289.54553,289.34552,289.94553,289.94553,290.54553,289.04553,290.54553,289.34552,287.84552,288.94553,290.44553,290.04553,291.24554,289.14554,288.64554,287.94553,287.84552,287.64554,287.64554,287.64554,287.14554,286.34552,287.74554,288.14554,287.54553,288.54553,287.04553
291.34552,290.54553,293.34552,293.54553,291.94553,292.14554,291.04553,290.84552,289.74554,289.44553,288.94553,289.04553,287.74554,287.04553,289.24554,288.54553,288.04553,287.04553,287.44553,287.54553,287.84552,287.54553,288.14554,290.44553,290.24554,289.54553,287.44553,287.74554,287.04553,286.24554,285.74554,285.84552,285.94553,285.34552,284.74554,283.84552,283.64554,283.54553,284.44553,284.74554,285.94553,285.34552,286.54553
289.94553,289.24554,291.04553,290.64554,291.64554,289.64554,289.14554,288.34552,287.74554,287.54553,287.64554,287.04553,287.04553,284.24554,285.14554,285.34552,286.34552,287.14554,287.24554,288.74554,287.74554,286.44553,286.54553,286.14554,285.74554,285.14554,284.84552,284.24554,283.64554,283.14554,282.94553,282.94553,282.54553,281.94553,281.64554,281.84552,281.44553,281.74554,282.24554,282.04553,284.24554,284.54553,285.44553
