wind_kz.json
{"header": {"discipline":0,"disciplineName":"Meteorological products","gribEdition":2,"gribLength":1025,"center":7,"centerName":"US National Weather Service - NCEP(WMC)","subcenter":0,"refTime":"2023-10-04T00:00:00.000Z","significanceOfRT":1,"significanceOfRTName":"Start of forecast","productStatus":0,"productStatusName":"Operational products","productType":1,"productTypeName":"Forecast products","productDefinitionTemplate":0,"productDefinitionTemplateName":"Analysis/forecast at horizontal level/layer at a point in time","parameterCategory":2,"parameterCategoryName":"UnknownDiscipline_0_Category_2","parameterNumber":3,"parameterNumberName":"UnknownParameter_D0_C2_3","parameterUnit":"Unknown","genProcessType":2,"genProcessTypeName":"Forecast","forecastTime":300,"surface1Type":103,"surface1TypeName":"Specified height level above ground","surface1Value":10.0,"surface2Type":255,"surface2TypeName":"Missing","surface2Value":0.0,"gridDefinitionTemplate":0,"gridDefinitionTemplateName":"Latitude_Longitude","numberPoints":615,"shape":6,"shapeName":"Earth spherical with radius of 6,371,229.0 m","gridUnits":"degrees","resolution":48,"winds":"true","scanMode":64,"nx":41,"ny":15,"basicAngle":0,"lo1":47.0,"la1":41.0,"lo2":87.0,"la2":55.0,"dx":1.0,"dy":1.0}, "data":
[rows 0 to 14 of 15, columns 0 to 40 of 41]
0.589339,-0.230661,-1.440661,2.299339,1.269339,-1.770661,3.119339,4.219339,2.759339,1.969339,0.51933897,0.03933899,-0.810661,-1.770661,-1.980661,-4.670661,-4.150661,-0.720661,-1.270661,-1.760661,-2.710661,-1.520661,-0.510661,1.7993389,2.459339,0.749339,0.369339,-0.470661,3.209339,5.339339,1.559339,0.879339,-0.950661,1.099339,0.279339,-0.440661,0.629339,2.779339,0.339339,-0.79066104,-1.290661
4.459339,-1.580661,2.279339,2.589339,2.299339,1.849339,3.699339,3.409339,2.529339,1.129339,-0.12066101,-0.770661,-0.10066101,-1.090661,-1.990661,-2.900661,-0.580661,-1.480661,-1.370661,-0.650661,0.16933899,-1.420661,-2.660661,-1.640661,2.119339,2.039339,0.549339,1.979339,0.779339,-0.85066104,-0.34066102,2.619339,1.389339,-1.370661,-3.690661,1.379339,0.989339,1.689339,1.629339,0.63933897,-0.290661
-1.500661,1.569339,1.119339,2.009339,2.789339,3.429339,2.969339,2.789339,3.539339,2.659339,1.119339,0.159339,0.589339,-0.300661,-1.720661,-3.270661,-3.900661,-2.110661,-1.720661,-0.390661,1.849339,-2.620661,-4.850661,-1.260661,0.08933899,0.969339,0.76933897,0.369339,-0.350661,-0.900661,1.439339,-0.06066101,-1.590661,1.019339,0.31933898,1.229339,2.479339,-0.330661,0.57933897,1.449339,0.369339
-2.320661,0.31933898,1.739339,2.389339,3.589339,4.689339,3.959339,4.269339,4.129339,3.319339,1.479339,-1.460661,-3.120661,-5.310661,-1.810661,-1.780661,-2.980661,-3.390661,-4.770661,-3.630661,-3.730661,-2.840661,0.10933899,-1.890661,-2.050661,-3.440661,-3.280661,-1.690661,-1.400661,-1.390661,-1.860661,-1.580661,1.539339,-0.67066103,-1.270661,-3.480661,-2.620661,1.669339,0.06933899,-1.150661,-1.470661
-0.40066102,-1.110661,1.189339,-0.79066104,-0.050661013,2.389339,2.919339,3.639339,3.7393389,3.719339,3.589339,0.70933896,-1.190661,-3.020661,-3.330661,-2.350661,-2.390661,-2.860661,-2.230661,-1.610661,-1.330661,-1.090661,-1.0706611,-2.330661,-1.190661,-2.670661,-5.080661,-3.770661,-3.890661,-4.850661,-5.030661,-5.210661,-0.740661,1.219339,-0.350661,0.509339,0.599339,-1.160661,-2.490661,-1.690661,-1.170661
-1.600661,0.17933899,2.019339,2.029339,1.749339,1.059339,3.299339,3.639339,4.219339,3.629339,3.769339,2.7393389,0.909339,-2.390661,-3.090661,-3.070661,-2.280661,-2.160661,-1.2006611,-1.250661,-1.150661,-2.000661,-2.440661,-2.520661,-2.150661,-1.560661,0.10933899,-3.620661,-4.090661,-3.440661,-2.810661,-4.470661,-3.050661,-4.260661,0.25933897,6.419339,-0.350661,2.209339,1.1793389,-0.940661,-1.440661
-1.550661,-0.49066103,2.259339,4.319339,3.579339,4.079339,3.809339,4.139339,4.309339,4.029339,3.959339,3.269339,1.739339,-0.300661,-1.750661,-2.520661,-3.310661,-3.190661,-1.880661,-1.0706611,-1.050661,-1.870661,-2.320661,-2.440661,-1.390661,-1.460661,-2.120661,-2.150661,-2.880661,-3.680661,-3.440661,-3.5106611,-3.620661,-2.190661,0.779339,-0.350661,-1.670661,-2.870661,-1.780661,-0.800661,-0.16066101
-0.650661,0.21933898,1.889339,2.769339,3.019339,3.799339,4.379339,4.189339,4.439339,4.299339,4.059339,3.459339,2.2393389,0.849339,-0.960661,-1.680661,-2.790661,-2.850661,-3.600661,-2.0106611,-1.440661,-1.600661,-2.350661,-3.220661,-2.790661,-3.100661,-3.190661,-3.950661,-3.130661,-2.230661,-3.100661,-3.620661,-3.850661,-5.350661,-3.200661,-0.300661,-0.030661011,-0.260661,1.709339,-0.530661,-0.330661
0.509339,0.879339,1.739339,2.849339,3.009339,4.029339,4.059339,3.579339,3.829339,3.699339,3.439339,3.429339,3.149339,2.199339,0.63933897,-1.240661,-1.630661,-2.320661,-2.630661,-2.650661,-2.660661,-1.680661,-2.410661,-3.050661,-3.020661,-3.160661,-2.720661,-3.040661,-2.750661,-3.360661,-3.910661,-3.660661,-3.390661,-3.450661,-2.250661,-2.070661,1.0493389,-1.470661,-3.770661,-3.280661,-3.570661
0.839339,1.259339,1.599339,2.749339,3.049339,3.309339,3.519339,3.709339,3.889339,3.709339,3.969339,3.429339,2.9893389,2.609339,2.069339,0.599339,-0.870661,-1.2006611,-1.530661,-1.560661,-1.670661,-1.910661,-1.930661,-2.200661,-2.360661,-2.570661,-2.750661,-2.610661,-2.830661,-2.830661,-2.810661,-3.270661,-3.350661,-2.320661,-1.540661,-0.380661,0.609339,-2.740661,0.63933897,2.619339,3.019339
2.509339,2.179339,2.759339,2.719339,2.749339,3.279339,3.729339,3.109339,2.509339,2.849339,2.269339,2.089339,1.969339,2.7393389,2.149339,1.259339,0.869339,-0.200661,-0.25066102,-0.580661,-0.810661,-0.900661,-1.260661,-1.630661,-1.690661,-1.160661,-1.780661,-2.210661,-1.940661,-2.410661,-2.670661,-2.500661,-2.480661,-1.730661,-1.710661,2.079339,1.079339,2.469339,2.649339,1.459339,0.43933898
1.989339,3.549339,3.529339,3.599339,3.499339,2.959339,3.019339,3.029339,2.659339,2.659339,1.889339,2.339339,2.029339,1.939339,1.609339,2.029339,1.289339,0.459339,0.569339,-0.10066101,-0.17066102,-0.320661,0.209339,0.549339,-0.230661,-1.360661,-2.000661,-2.680661,-3.000661,-2.830661,-2.720661,-3.030661,-2.090661,-2.250661,-0.940661,-0.500661,0.969339,2.619339,1.269339,-0.480661,-0.780661
2.269339,4.199339,3.369339,3.609339,3.179339,2.379339,2.979339,3.369339,3.709339,2.329339,1.159339,1.229339,2.759339,2.269339,2.029339,1.659339,1.449339,1.669339,2.639339,1.149339,1.759339,0.46933898,-0.06066101,-0.520661,-1.560661,-1.340661,-1.960661,-2.280661,-2.670661,-2.920661,-3.120661,-3.270661,-3.090661,-3.390661,-3.550661,-3.2606611,-3.500661,-2.060661,-2.700661,-3.230661,-1.900661
3.699339,3.939339,4.009339,3.559339,3.789339,3.449339,3.409339,3.469339,3.029339,3.199339,1.449339,1.159339,0.949339,2.159339,2.299339,2.559339,2.139339,2.319339,1.899339,1.619339,1.139339,1.199339,0.939339,0.859339,0.21933898,-1.040661,-1.800661,-2.440661,-3.290661,-3.720661,-3.5106611,-3.980661,-3.610661,-4.190661,-3.820661,-4.350661,-4.470661,-3.820661,-3.730661,-2.810661,-4.350661
2.429339,3.149339,4.019339,4.169339,4.039339,3.449339,3.669339,3.659339,3.089339,3.169339,2.219339,2.459339,1.269339,1.359339,1.959339,2.749339,2.349339,1.969339,2.089339,1.849339,1.389339,1.529339,1.749339,0.82933897,-6.6101074E-4,-2.000661,-2.080661,-2.190661,-2.380661,-2.580661,-2.820661,-3.480661,-3.020661,-3.630661,-3.820661,-3.790661,-3.390661,-3.890661,-4.160661,-4.180661,-2.890661
