wind.json
{"header": {"discipline":0,"disciplineName":"Meteorological products","gribEdition":2,"gribLength":1211,"center":7,"centerName":"US National Weather Service - NCEP(WMC)","subcenter":0,"refTime":"2023-06-28T06:00:00.000Z","significanceOfRT":1,"significanceOfRTName":"Start of forecast","productStatus":0,"productStatusName":"Operational products","productType":1,"productTypeName":"Forecast products","productDefinitionTemplate":0,"productDefinitionTemplateName":"Analysis/forecast at horizontal level/layer at a point in time","parameterCategory":2,"parameterCategoryName":"UnknownDiscipline_0_Category_2","parameterNumber":3,"parameterNumberName":"UnknownParameter_D0_C2_3","parameterUnit":"Unknown","genProcessType":2,"genProcessTypeName":"Forecast","forecastTime":300,"surface1Type":103,"surface1TypeName":"Specified height level above ground","surface1Value":10.0,"surface2Type":255,"surface2TypeName":"Missing","surface2Value":0.0,"gridDefinitionTemplate":0,"gridDefinitionTemplateName":"Latitude_Longitude","numberPoints":688,"shape":6,"shapeName":"Earth spherical with radius of 6,371,229.0 m","gridUnits":"degrees","resolution":48,"winds":"true","scanMode":64,"nx":43,"ny":16,"basicAngle":0,"lo1":45.0,"la1":40.0,"lo2":87.0,"la2":55.0,"dx":1.0,"dy":1.0}, "data":
[rows 0 to 15 of 16, columns 0 to 42 of 43]
-5.6720557,3.2479444,0.81794435,2.0579443,0.5479443,-0.43205565,-0.46205565,-3.4820557,-3.6420557,0.49794433,0.50794435,-1.2920556,-1.5520557,-1.5120556,-4.1520557,-4.6320558,-5.0220556,-5.4620557,-5.342056,-5.9220557,-4.6020555,-5.362056,-3.1820557,2.4779444,5.9379444,3.5579443,2.3779442,4.9979444,3.7179444,1.4279443,0.28794435,-1.7420557,1.2679443,-0.42205566,-2.3820558,-4.242056,0.6579443,2.3379443,2.6279442,3.1979444,2.6279442,1.5579443,-0.9520557
1.0179443,-0.7820557,0.5879443,-3.8120556,-1.0020556,0.99794436,-0.63205564,-1.7320557,-3.3720558,2.0779443,0.21794434,0.21794434,-1.1220556,-2.6220558,-3.6520557,-5.6720557,-6.2120557,-4.532056,-5.802056,-7.1920557,-4.6420555,-7.1920557,-9.262055,-5.1720557,5.387944,-1.8720556,-2.5020556,-1.6020557,-1.3220557,1.2279444,2.5879443,-0.6620557,-1.1220556,1.3779444,1.3379444,0.40794432,-0.9620557,-4.1320558,-2.6820557,-2.3720558,4.657944,2.4779444,1.3379444
1.0979444,-4.342056,5.257944,-1.1420556,-3.4620557,-4.302056,1.5479443,-1.7920556,-2.8220556,2.7779443,0.80794436,-0.36205566,-1.1420556,-3.8220556,-5.342056,-6.9020557,-5.7120557,-5.782056,-5.6020555,-9.652056,-5.6520557,-5.6220555,-7.782056,-7.822056,-4.532056,1.9179443,-1.1020557,-2.2420557,-3.0420556,-0.38205567,-0.45205566,-0.14205566,1.9679444,-0.122055665,-1.7720556,-0.19205566,-1.7420557,-2.4620557,-2.4820557,-0.55205566,1.2879443,-3.6620557,0.87794435
-0.49205565,-0.68205565,-3.5820556,-9.652056,-1.1620556,-2.7320557,2.0979443,1.6379443,-0.6620557,2.2279444,0.76794434,-0.49205565,-1.3620557,-2.6120558,-3.7420557,-5.7220554,-7.2220554,-4.4020557,-5.302056,-4.992056,-5.762056,-5.8320556,-5.2520556,-6.262056,-7.572056,-4.6520557,-1.7620556,-0.43205565,-1.1620556,-0.9720557,-1.0920557,0.61794436,2.8579443,1.1979443,1.8479444,-1.7920556,-0.93205565,3.0979443,1.6179444,-1.1220556,0.45794433,0.007944336,-0.75205564
-3.9620557,-6.2020555,-6.302056,-2.6320558,-1.2920556,0.36794433,1.3979443,0.62794435,3.0179443,2.7479444,3.5379443,1.6079444,-0.48205566,-2.6520557,-4.3720555,-7.0420556,-5.1520557,-3.2420557,-4.2320557,-3.5820556,-2.9020557,-3.6620557,-4.8820558,-6.4720554,-2.5720556,-4.5820556,-4.592056,-3.2720556,-3.2920556,-3.9320557,-2.4720557,-2.3320556,-4.532056,-3.1220558,-0.48205566,2.3979445,1.0879444,-3.9520557,-2.3920557,1.6979443,0.98794436,2.3679442,2.6779444
-4.8920555,-7.3320556,-9.6420555,-3.3520555,-1.2020557,0.20794433,-0.94205564,-1.0920557,3.9679444,6.7079444,4.887944,3.9479444,1.7579443,-0.7720557,-3.4820557,-6.552056,-4.362056,-1.9520557,-1.9320557,-2.8620558,-2.0820556,-1.0720557,-1.4820557,-1.9620557,-2.8120556,-3.3820558,-3.1420557,-3.3520555,-3.7320557,-2.1720557,-2.2620556,-3.2320557,-6.742056,-4.4820557,1.2779443,3.1679444,-0.98205566,-2.3920557,-3.6320558,-0.10205566,-4.9220557,2.3079443,-0.26205567
-3.0220556,-6.5220556,-8.542056,-9.272056,2.0679443,-1.5820557,-1.2120557,3.5679443,4.5179443,7.697944,6.7979445,5.0779443,2.8079443,1.9379443,-0.9020557,-3.1720557,-2.6620557,-2.4220557,-2.1720557,-1.2620556,-1.3020557,-1.9120556,-0.8420557,0.95794433,0.38794434,-1.0120556,-1.1220556,-2.2320557,-2.9220557,-4.532056,-3.1720557,-4.052056,-6.302056,-7.9120555,-8.432055,-2.0620556,2.0779443,0.42794433,2.9979444,1.2479444,-1.8220557,2.3979445,2.0079443
-2.8620558,-5.822056,-7.7220554,-9.802055,0.9079443,2.9179444,2.2379444,3.6479445,4.3279443,5.677944,6.717944,6.7779446,5.737944,3.7879443,3.0679443,-0.79205567,-1.7120557,-2.3020556,-0.9120557,-0.082055666,-0.5820557,-1.3320557,-1.9020556,-1.2120557,-0.6620557,-0.39205566,-1.3920556,-0.80205566,-0.92205566,-1.8820556,-3.5120556,-4.1620555,-4.7320557,-7.1820555,-7.9820557,-8.252056,-1.1120557,-4.8320556,-5.7920556,-3.9620557,-2.9620557,-0.032055665,-2.5420556
-1.5920557,-3.1020555,-7.2320557,-9.072056,-13.192056,4.7679443,2.9379444,2.9579444,4.947944,4.6179442,4.467944,3.3579443,3.5879443,1.4979444,1.1779443,0.81794435,-0.09205566,-1.1420556,-2.2020557,-1.2320557,0.37794435,0.5279443,-1.2020557,-1.6220556,-2.8920557,-3.2120557,-2.1320558,-0.7020557,-0.37205565,-2.3920557,-1.9620557,-3.0820556,-4.242056,-4.3320556,-4.9420557,-5.4720554,-2.5320556,-2.2420557,-2.6620557,-2.9520557,0.7779443,0.93794435,-1.5320556
-0.69205564,-1.1820557,-3.2720556,-6.8920555,-9.942056,-9.102056,2.8779442,2.6679444,4.3679442,4.3079443,4.7079444,4.637944,3.9979444,2.3779442,2.2579443,2.2079444,1.2979443,-0.55205566,-0.50205564,-0.51205564,0.51794434,0.6679443,0.11794434,-1.3320557,-2.2420557,-3.0420556,-2.3520555,-0.87205565,-0.5920557,-0.28205568,-0.5920557,-1.3820556,-2.9820557,-3.6720557,-2.8220556,-2.5120556,-2.9620557,-2.7020557,-4.7720556,-2.5420556,-4.842056,-3.0020556,-3.4120557
0.6079443,0.95794433,-2.2220557,-2.7020557,-5.9120555,-7.2320557,-6.9120555,-6.1920557,3.6379442,5.257944,4.6279445,6.0979443,4.7479444,4.5979443,3.3879442,2.5879443,2.2779443,1.9079443,1.8779444,1.0379443,-0.18205567,0.5879443,1.7579443,1.5979444,-0.042055663,-0.6620557,-1.5620557,-0.6620557,-0.81205565,0.64794433,-0.082055666,-0.67205566,-1.2420557,-2.5220556,-2.8020556,-2.5820556,-3.4420557,-1.3720556,-0.11205567,-4.3520555,-2.6120558,-0.34205568,-1.1320556
-2.1820557,0.51794434,0.63794434,-1.8820556,-1.7420557,-3.9020557,-4.7320557,-5.112056,-6.5820556,3.0379443,5.3679442,3.8079443,6.1479445,7.6479445,5.5279446,4.2279444,2.8479443,2.8379443,2.7379444,2.9179444,1.8979443,0.89794433,2.0879443,1.7579443,1.0779443,1.1579443,0.13794434,1.3179443,0.037944335,1.6379443,1.7179444,2.0379443,1.4779444,-1.5720557,-2.0420556,-1.3820556,-1.8720556,-2.5220556,-1.8020557,1.2279444,-0.5920557,-0.19205566,-0.67205566
-2.0120556,-2.1320558,-2.2420557,-2.3620558,0.7979443,-2.1520557,-3.4420557,-5.1620555,-4.5620556,-6.532056,4.5479445,3.0979443,6.447944,5.927944,6.177944,5.3679442,4.507944,4.1679444,4.0479445,3.8779442,3.3779442,3.0479443,2.7779443,2.0079443,1.0479443,1.2479444,1.2079444,1.9879444,3.2379444,1.7379444,-0.30205566,2.0079443,2.4179444,1.8779444,0.48794433,-0.22205566,0.44794434,0.19794434,1.2879443,3.0979443,2.8079443,2.4579444,1.6579443
-1.1620556,-2.5720556,-2.5020556,-2.8320556,-4.2720556,-1.7720556,-0.9520557,-1.8820556,-5.1320558,-2.7620556,0.33794433,2.5679443,1.9179443,6.6179442,6.1179442,5.927944,5.2679443,4.4779444,4.1279445,4.3979445,3.9579444,3.1779444,2.8179443,2.4279444,1.6479443,1.1779443,-0.63205564,3.4179444,3.5279443,3.2879443,1.9079443,0.19794434,-0.07205567,2.9179444,2.5879443,1.7179444,2.4479444,2.8879442,3.1879444,2.0779443,3.3279443,1.2579443,0.67794436
-4.6320558,-0.6620557,-1.5920557,-3.3120556,-4.5820556,-3.5420556,-3.7520556,-2.8420556,0.34794435,-2.7420557,-2.9520557,-1.5020556,1.5679443,0.12794434,2.9479444,5.5879445,5.487944,5.0579443,4.5579443,4.5679445,4.2079444,4.0779443,3.5779443,3.3479443,2.7379444,0.29794434,0.007944336,-0.28205568,0.45794433,1.8679444,1.8979443,1.3679444,0.23794433,0.22794433,1.3479444,1.4679444,0.75794435,2.5379443,2.9779444,2.3379443,0.68794435,1.0779443,0.087944336
-3.3420556,-3.6520557,-2.3820558,-1.3220557,-3.3320556,-3.6020555,-3.0620556,-0.6520557,-2.8920557,1.8179443,-0.44205567,-2.2820556,0.36794433,1.2979443,2.4679444,2.4879444,5.7879443,5.4579444,5.0479445,4.3779445,3.9879444,3.8579443,3.7079444,3.3179443,2.6679444,1.4879444,1.1079444,1.7879443,2.0079443,2.1379442,1.5579443,1.3979443,0.5279443,0.46794432,1.0779443,-0.26205567,0.35794434,0.76794434,3.3279443,1.6579443,1.5079443,1.0179443,0.6079443
