wind.json
{"header": {"discipline":0,"disciplineName":"Meteorological products","gribEdition":2,"gribLength":1125,"center":7,"centerName":"US National Weather Service - NCEP(WMC)","subcenter":0,"refTime":"2023-06-30T18:00:00.000Z","significanceOfRT":1,"significanceOfRTName":"Start of forecast","productStatus":0,"productStatusName":"Operational products","productType":1,"productTypeName":"Forecast products","productDefinitionTemplate":0,"productDefinitionTemplateName":"Analysis/forecast at horizontal level/layer at a point in time","parameterCategory":2,"parameterCategoryName":"UnknownDiscipline_0_Category_2","parameterNumber":3,"parameterNumberName":"UnknownParameter_D0_C2_3","parameterUnit":"Unknown","genProcessType":2,"genProcessTypeName":"Forecast","forecastTime":180,"surface1Type":103,"surface1TypeName":"Specified height level above ground","surface1Value":10.0,"surface2Type":255,"surface2TypeName":"Missing","surface2Value":0.0,"gridDefinitionTemplate":0,"gridDefinitionTemplateName":"Latitude_Longitude","numberPoints":688,"shape":6,"shapeName":"Earth spherical with radius of 6,371,229.0 m","gridUnits":"degrees","resolution":48,"winds":"true","scanMode":64,"nx":43,"ny":16,"basicAngle":0,"lo1":45.0,"la1":40.0,"lo2":87.0,"la2":55.0,"dx":1.0,"dy":1.0}, "data":
[rows 0 to 15 of 16, columns 0 to 42 of 43]
2.2131915,-0.4168085,-2.1068084,2.6131916,2.4231915,1.2031915,-0.24680847,-0.62680846,2.0331914,3.2831914,2.1431916,1.7631916,-2.1568084,-3.9068084,-4.7168083,-4.5268083,-5.1368084,-6.2968082,-4.0368085,-3.6768084,-7.3968086,-5.0968084,-7.3868084,-4.3668084,-1.9468085,-1.9768084,-4.0468082,-3.8768084,-2.8168085,-0.5468085,-0.46680847,0.8331915,0.9531915,2.6531916,-1.7368084,2.0431914,-0.21680847,2.8831916,-0.95680845,-3.5068085,-1.2068084,-1.8568084,-3.4368086
-1.3168085,-0.21680847,2.4631915,2.4231915,4.6731915,3.4931915,-0.6568085,-2.5568085,3.1331916,0.7731915,1.2231915,0.30319154,-2.8268085,-4.0968084,-4.5168085,-3.8868084,-4.1768084,-5.4868083,-6.2168083,-1.8468084,-3.6868086,-5.0868087,-7.4768085,-5.4668083,2.9431915,0.7831915,3.1231916,2.5331914,1.4231915,0.9531915,-2.4568086,-2.9968085,-0.56680846,3.3531916,-1.5868084,0.50319153,-0.39680848,0.30319154,0.0031915284,-1.8668084,0.5831915,1.2531915,-1.9468085
-0.19680847,2.2431915,1.9231915,-0.08680847,1.5231916,2.9331915,0.45319152,-2.3968084,-0.9068085,-0.20680848,1.5031915,-0.25680846,-2.3868084,-4.1668086,-4.5968084,-5.4568086,-4.1468086,-3.8968084,-4.8668084,-5.7368083,-0.95680845,-3.8168085,-6.7768083,-9.396809,0.6531915,-0.7868085,3.0231915,3.1431916,3.2631915,0.60319155,-0.62680846,0.86319155,-3.2868085,-1.9068085,1.0431916,1.5631915,2.8631916,3.2031915,1.6931915,0.79319155,-0.006808472,0.68319154,-0.076808475
-1.7368084,-1.7368084,0.9531915,2.1731915,2.6131916,2.1931915,2.5531914,1.5331916,1.7531915,1.1831915,0.6431915,-0.9068085,-2.6668084,-3.7568085,-5.0968084,-5.2468085,-5.1268086,-4.5268083,-4.2168083,-6.7868085,-4.5468082,-3.4568086,-2.3768084,-5.4268084,-5.0868087,-3.6268084,-3.5868084,-1.7468085,-2.1268084,-2.6368084,-0.93680847,-2.0468085,-2.9268084,0.56319153,-1.4268085,2.2531915,1.1631916,-1.8668084,-2.1368084,-0.9168085,-1.6168084,1.8531915,2.2031915
2.0131915,1.4431915,0.103191525,-0.22680847,2.5431914,2.4231915,3.6631916,1.0031915,0.98319155,1.9131916,0.47319153,0.48319152,-2.0168085,-4.4168086,-3.6768084,-4.7568083,-6.1268086,-5.4968085,-6.9568086,-5.5568085,-5.9068084,-6.8768086,-0.38680848,-2.6868086,0.85319155,-1.2568085,-1.6368085,-1.8568084,-3.7368085,-2.6068084,-0.56680846,-0.99680847,-0.5568085,1.9131916,1.6831915,0.7631915,-0.8068085,1.1631916,2.8631916,2.2531915,-3.8068085,-0.94680846,-1.7968085
0.5931915,0.6531915,-0.31680846,-1.8468084,-0.62680846,1.3231915,0.9731915,1.1531916,-0.006808472,2.8831916,2.2831914,-0.5568085,0.17319153,-2.1768084,-4.6468086,-5.4868083,-4.7368083,-5.0068083,-5.8768086,-5.7868085,-6.2368083,-6.4068084,-4.9368086,-2.4368086,0.56319153,-0.04680847,-0.28680846,-0.12680846,-0.9768085,-1.1468085,1.0431916,-0.81680846,-1.7368084,-2.9368086,-1.8268085,-2.5368085,1.3031915,1.6931915,-0.44680846,-0.026808472,-0.04680847,-0.36680847,0.36319152
0.8831915,0.67319155,0.42319152,0.21319152,-0.32680848,1.8731915,1.7631916,0.24319153,2.5131915,3.6831915,1.6031915,1.3331915,0.09319153,-2.0968084,-2.6968086,-3.6768084,-6.0468082,-3.9468086,-4.7668085,-6.0368085,-6.1468086,-6.0668087,-5.8668084,-5.5768085,-5.3168087,-3.5668085,-2.8168085,-1.7968085,-1.7068084,3.9731915,0.9031915,0.27319154,-1.2768085,-1.1168084,-3.7668085,-2.6968086,-3.6468084,-1.7868085,-3.3968084,-1.5168085,-0.34680846,3.4431915,4.7631917
0.43319154,-0.016808473,-0.83680844,-0.42680848,-0.31680846,2.8131914,4.4631915,4.1431913,5.2631917,2.9931915,2.2231915,1.6931915,0.30319154,-1.7468085,-3.8368084,-5.3668084,-5.2668085,-5.1668086,-3.6468084,-3.6068084,-5.5468082,-5.9168086,-5.5268083,-5.3868084,-6.1268086,-6.1068087,-4.6968083,-2.8068085,-3.2468085,-2.3168085,3.1931915,3.0431914,-1.0368085,0.13319153,1.4131916,-1.8768085,0.50319153,1.4631915,-1.1368085,-1.4968085,-2.3368084,1.5031915,2.9231915
-0.75680846,-1.2168084,-0.93680847,-1.1568085,-1.1168084,-1.6368085,0.54319155,3.9031916,5.3031917,3.7831914,2.7631915,1.8231915,0.023191528,-1.2368084,-3.4668086,-3.8668084,-5.6968083,-5.5568085,-4.1968083,-3.1768084,-4.4968085,-5.9268084,-4.7868085,-5.0568085,-6.0268083,-5.7668085,-5.5368085,-5.4868083,-5.4368086,-3.7668085,-2.7968085,-5.0568085,-2.3768084,-1.0768085,-1.1868085,-3.7568085,-2.1768084,-2.1368084,-2.3568084,-1.7468085,-0.5468085,-1.0968084,0.15319152
-0.24680847,-1.6568085,-2.2268085,-2.2468085,-2.3768084,-1.9768084,-0.8468085,3.9331915,5.2631917,3.8231916,3.4631915,2.5431914,0.29319152,-1.0668085,-2.5468085,-3.6368084,-4.1468086,-4.9068084,-4.0468082,-4.0368085,-4.0968084,-5.1468086,-4.7168083,-5.3368087,-6.1768084,-6.1668086,-6.1668086,-6.6768084,-5.9568086,-6.1568084,-5.8368087,-5.6468086,-2.7268085,-3.0368085,-5.9868083,-4.4268084,-3.9968085,-2.7768085,-1.2268084,-4.1268086,-3.4468086,-0.46680847,2.0731916
2.3131914,-0.62680846,-1.9668084,-2.3368084,-3.1868086,-2.7468085,-0.35680848,4.6331916,5.2931914,4.8431916,4.2331915,2.9131916,1.9831915,-0.05680847,-1.7868085,-2.0568085,-2.9768085,-3.6168084,-3.9468086,-5.0168085,-5.3368087,-5.0768085,-4.7668085,-5.2968082,-5.6068087,-5.4268084,-5.3668084,-5.7568083,-5.6768084,-6.0368085,-6.0868087,-6.6168084,-2.9368086,-3.2068086,-5.4268084,-5.8368087,-4.8168087,-4.3368087,-1.0668085,1.1331916,1.1831915,-2.3268085,-2.0468085
4.7331915,1.9731915,0.24319153,-0.8568085,-2.6668084,-3.4068084,-1.8368084,1.9731915,3.3631916,3.9231915,4.6931915,4.3231916,2.8731916,1.4331915,0.04319153,-0.45680848,-1.4468085,-2.2568085,-2.9068084,-4.1568084,-3.9768085,-4.0568085,-4.0968084,-4.2668085,-4.6768084,-5.1368084,-5.5368085,-5.9668083,-5.9868083,-6.5468082,-6.7068086,-6.6968083,-7.4668083,-3.3568084,2.2131915,0.023191528,-3.2068086,-2.3868084,0.29319152,-1.1868085,-0.37680846,-0.10680847,-0.016808473
5.0531917,3.5131915,2.5331914,1.4031916,0.38319153,-1.0268085,-1.1168084,-1.5068085,0.9731915,3.6031916,3.0131915,3.8331916,3.2831914,3.2231915,3.0031915,2.0631914,1.7731916,0.5931915,-0.99680847,-1.8068085,-2.4268084,-3.4368086,-4.1968083,-4.8968086,-4.7468085,-5.8368087,-5.6268086,-6.6568084,-6.7668085,-6.0268083,-5.9368086,-5.8968086,-5.8468084,-6.3868084,-4.6068087,-3.0568085,-2.3768084,-1.9568084,-0.8468085,-0.9668085,0.103191525,-0.75680846,0.12319153
3.3931916,3.6531916,3.6031916,3.5831916,3.1131916,2.3831916,0.8431915,0.3331915,1.1231915,1.8831916,2.7931914,2.6431916,1.4131916,2.2031915,4.4631915,3.0531914,2.5431914,1.9131916,-0.48680848,-2.3368084,-2.1568084,-2.5268085,-3.3368084,-4.0468082,-5.0268083,-5.3768086,-4.8068085,-5.9268084,-6.6168084,-6.5568085,-6.4868083,-6.4868083,-5.4968085,-4.8368087,-3.8768084,-3.2668085,-3.6968086,-2.9868085,-2.4668086,1.2831916,1.2231915,2.8331916,0.9731915
1.6631916,1.7031915,2.5831916,2.9331915,2.7031915,3.6931915,4.0631914,3.6331916,2.9031916,2.5031915,2.2731915,2.4331915,0.7131915,0.7031915,3.0331914,4.6731915,4.0131917,2.4331915,0.37319154,-1.5568085,-1.5368085,-2.3168085,-2.6268084,-2.2868085,-4.3468084,-5.3668084,-6.1268086,-5.9468083,-5.0968084,-6.0168085,-6.1068087,-6.2368083,-5.6068087,-4.7468085,-4.3468084,-2.9168084,-2.1168084,-4.0868087,-2.0268085,-1.3568084,-0.016808473,1.7231915,2.9931915
1.3131915,1.3631915,1.3831916,2.0831916,1.9231915,2.3931916,4.1531916,4.0631914,4.8231916,4.3931913,4.0831914,3.3931916,1.4531915,-0.26680848,0.103191525,1.7731916,3.4531915,1.9931915,0.9031915,-0.15680847,0.14319153,-2.4468086,-1.3268085,-2.5268085,-3.1868086,-5.4668083,-5.9368086,-5.3068085,-5.4668083,-6.2968082,-6.9368086,-7.2268085,-6.9068084,-4.7568083,-2.4368086,-3.1068084,-2.3968084,-3.0168085,-1.8568084,-0.9068085,1.2331915,1.5231916,3.0531914
