wind_kz.json
{"header": {"discipline":0,"disciplineName":"Meteorological products","gribEdition":2,"gribLength":1025,"center":7,"centerName":"US National Weather Service - NCEP(WMC)","subcenter":0,"refTime":"2023-08-20T18:00:00.000Z","significanceOfRT":1,"significanceOfRTName":"Start of forecast","productStatus":0,"productStatusName":"Operational products","productType":1,"productTypeName":"Forecast products","productDefinitionTemplate":0,"productDefinitionTemplateName":"Analysis/forecast at horizontal level/layer at a point in time","parameterCategory":2,"parameterCategoryName":"UnknownDiscipline_0_Category_2","parameterNumber":2,"parameterNumberName":"UnknownParameter_D0_C2_2","parameterUnit":"Unknown","genProcessType":2,"genProcessTypeName":"Forecast","forecastTime":60,"surface1Type":103,"surface1TypeName":"Specified height level above ground","surface1Value":10.0,"surface2Type":255,"surface2TypeName":"Missing","surface2Value":0.0,"gridDefinitionTemplate":0,"gridDefinitionTemplateName":"Latitude_Longitude","numberPoints":615,"shape":6,"shapeName":"Earth spherical with radius of 6,371,229.0 m","gridUnits":"degrees","resolution":48,"winds":"true","scanMode":64,"nx":41,"ny":15,"basicAngle":0,"lo1":47.0,"la1":41.0,"lo2":87.0,"la2":55.0,"dx":1.0,"dy":1.0}, "data":
[rows 0 to 14 of 15, columns 0 to 40 of 41]
2.5675585,1.0975586,-0.6224414,1.3775586,0.057558592,1.2975585,4.3875585,3.7575586,2.7275586,1.6375586,2.8275585,3.2975585,3.2675586,1.1475586,-0.5524414,0.4275586,-1.3424414,-0.5324414,-0.6424414,-1.5724415,-0.2224414,-0.3524414,0.9875586,3.9175587,0.6575586,0.4375586,3.5975585,3.1275587,-0.2224414,0.41755858,1.7475586,0.3575586,-1.0424414,-0.20244141,-0.8724414,-1.7024415,-4.7924414,-4.0924416,-4.992441,-6.6724415,-1.9224414
-0.5824414,-2.5824413,0.1375586,2.7075586,0.9575586,1.6375586,1.9475586,2.4875586,2.5075586,3.3975587,3.9175587,3.0075586,4.3375587,3.4275587,1.4675586,-0.6124414,1.1675586,-3.0124414,-3.9324415,-3.2624414,-1.2024415,0.7175586,1.1875587,3.6875587,0.6275586,0.15755859,1.2975585,0.64755857,3.6975586,2.8075585,0.3675586,0.5775586,-0.6324414,0.8475586,0.5575586,-2.0224414,-0.9224414,-3.7624414,-4.5724416,-0.7124414,-0.4324414
3.0175586,8.687558,7.4875584,4.3775587,2.7175586,3.7475586,3.8475585,3.8075585,5.6075587,4.1475587,3.6675587,2.1475587,1.7075586,2.1075585,1.5075586,0.9475586,-0.1224414,-0.1324414,-0.6124414,-0.7524414,-0.9424414,0.9875586,2.7975585,2.1775587,2.4375587,2.5575585,1.1775585,2.3575585,3.6775587,-0.9624414,1.1575586,-1.7824414,0.2775586,1.6575586,-1.3924414,1.6475586,1.9675586,0.9675586,6.4075584,4.7175584,0.83755857
4.1475587,2.5175586,3.2875586,4.8475585,4.3575587,5.2875586,4.2275586,5.1175585,5.9375587,7.6375585,3.9875586,2.4575586,-0.062441405,0.017558593,1.7775586,3.3675585,3.0475585,2.8575585,3.1775587,2.6175585,1.8375586,0.9575586,3.5575585,3.9275587,3.5175586,3.6975586,1.1875587,1.7575586,-0.042441405,-1.7824414,0.2975586,3.3075585,0.6675586,0.77755857,2.3175585,3.6675587,2.7775586,1.3475586,-0.6824414,-0.1224414,0.5375586
4.4875584,2.6075585,2.0175586,3.2475586,7.527559,8.427559,6.3475585,7.2475586,6.6175585,6.6975584,6.797559,5.3275585,-0.3524414,1.1875587,1.6075586,4.1975584,2.4375587,2.9475586,2.9675586,2.1475587,2.0675585,4.257559,5.0875587,3.8175585,-1.3724414,-2.3624413,0.3275586,-2.5524414,-3.1124413,-3.5924413,-3.6624415,-0.9424414,2.1575587,1.4875586,-4.0324416,-2.3024414,-0.4224414,0.7475586,-1.2924414,-0.6324414,5.757559
6.5775585,5.067559,3.8975587,5.1275587,6.1175585,7.527559,9.147558,7.5575585,7.777559,5.9675584,3.1875587,4.757559,1.1075586,3.3475585,4.0375586,5.6875587,4.9875584,3.9375587,3.7175586,2.4375587,4.3675585,2.0975585,-0.27244142,0.44755858,2.2475586,-0.6724414,-1.2224414,-0.9024414,-2.6224413,-2.2924414,-2.4724414,-2.8424413,-2.2924414,-1.7124414,1.7375586,1.6675586,3.8675585,4.5775585,-0.8824414,-2.6624415,-3.4024415
6.3075585,6.1075587,5.797559,6.0775585,6.527559,6.3875585,7.9875584,7.7475586,8.147558,8.807559,6.817559,6.2375584,6.507559,6.9875584,4.8675585,4.2375584,4.047559,4.0975585,4.4275584,3.6175585,2.6675587,2.8875587,1.7375586,2.4075587,3.5275586,4.007559,0.7275586,-0.032441407,0.38755858,-0.8024414,-1.0224414,-0.18244141,-0.1424414,1.5275586,3.9075587,4.1075587,3.9475586,0.3175586,1.7875586,0.2775586,0.047558594
4.027559,4.777559,5.4475584,6.2075586,6.7175584,6.5175586,6.3375587,6.8875585,8.517559,9.567558,8.267559,7.817559,8.647558,8.477558,6.6075587,4.8475585,5.6075587,5.9975586,5.6675587,6.6175585,4.4975586,3.5275586,1.7575586,0.8275586,0.1675586,1.4175586,0.6075586,-0.6324414,-1.8924414,-0.8824414,0.6875586,0.9475586,1.7775586,-0.3424414,1.6275586,0.3675586,1.7475586,3.7375586,6.257559,3.2975585,3.8675585
3.1775587,2.5275586,3.6975586,5.7875586,6.4275584,6.7675586,6.3775587,6.797559,7.5575585,5.1975584,5.3775587,7.9975586,9.587559,6.047559,4.9275584,5.1375585,5.9575586,5.4975586,5.7075586,6.277559,6.6575584,3.9775586,2.9075587,2.2875586,1.9575586,0.18755859,0.3175586,1.1775585,2.3075585,2.5975585,1.5975586,1.5175586,-0.7724414,0.8275586,2.4275587,2.6575587,2.3075585,2.7475586,1.7575586,0.2475586,1.8675586
0.8275586,0.9475586,4.297559,5.047559,5.3475585,6.1575584,6.5375586,7.1075587,8.597559,8.067558,7.257559,3.8375585,10.297559,5.797559,6.4975586,5.4075584,5.1975584,6.1575584,6.567559,7.4375587,6.777559,3.9975586,3.6475587,4.4175587,2.5775585,1.9175586,2.2275586,3.1475587,2.9475586,2.6275587,1.2175586,0.8575586,-0.0024414062,0.1775586,-0.112441406,-0.7124414,1.2375586,-0.1924414,1.7775586,0.4875586,1.0875586
1.5275586,2.2475586,1.1175586,0.8675586,1.7475586,2.5875585,3.6075585,4.2375584,4.3675585,4.2475586,5.9775586,6.6675587,4.2075586,6.777559,9.057559,5.4475584,5.3475585,6.5775585,7.2675586,7.5775585,6.797559,4.5375586,2.0375586,2.1875587,1.7475586,2.4975586,3.1875587,2.9575586,2.2075586,0.9075586,-0.3924414,0.1975586,-0.4324414,-0.9024414,-0.9524414,-1.1324414,0.7675586,-0.2424414,-0.1324414,-1.3024414,1.0775586
2.9975586,2.5375586,2.0675585,2.6275587,1.7375586,0.9275586,0.4075586,-0.36244142,-0.2624414,-0.2524414,0.5575586,-0.8124414,1.0675586,3.3975587,4.8975587,5.297559,4.9175587,7.5575585,6.757559,6.5875587,5.0875587,2.7875586,1.4175586,1.0075586,0.25755858,-0.8024414,-2.0024414,-1.7724414,-2.6724415,-1.0324414,-0.49244142,1.2175586,0.9875586,0.3375586,-1.6424414,-2.3524413,-2.1924415,-1.2224414,-0.5624414,-0.5624414,-0.7124414
0.07755859,-0.8324414,0.10755859,0.9675586,0.1375586,-0.082441404,-0.85244143,-0.9224414,-2.0424414,-0.8824414,-0.5124414,-1.2124414,-0.3924414,2.9675586,5.5575585,5.4675584,5.6575584,4.2275586,3.4875586,4.6875587,3.1775587,1.6575586,0.5775586,0.0875586,0.11755859,-2.0824413,-2.7224414,-3.1624415,-2.7624414,-1.9624414,-0.4124414,1.8175586,2.2475586,1.5975586,-0.6724414,-1.8824414,-2.1824415,-1.4824414,-2.2324414,-1.9224414,-0.4424414
0.6375586,-0.5824414,0.8275586,0.77755857,0.9075586,-0.1624414,-1.6224414,-1.3924414,-0.4424414,-0.6924414,-0.062441405,-0.9424414,-1.6824414,-0.4124414,-1.2824414,2.7775586,-0.7424414,-0.91244143,1.2975585,1.9675586,2.4775586,1.6175586,0.1475586,-3.4424415,-0.7524414,-1.1524414,-0.8024414,-1.8124413,-1.5824414,-2.1624415,-0.6824414,0.8475586,1.9175586,0.9775586,-0.10244141,-0.7324414,-1.6224414,-1.9424415,-0.8424414,-1.2024415,-1.1224414
-0.4224414,0.027558593,-0.8324414,-0.1624414,-0.36244142,0.07755859,1.3475586,1.1475586,0.6975586,0.47755858,0.25755858,-0.5124414,-0.1424414,-0.07244141,-0.5124414,-1.2624414,-3.0824413,-1.5124414,-2.4124415,-3.3224413,-3.0124414,-1.4224414,-2.0624413,-3.4224415,-1.9224414,-1.3024414,0.1475586,-1.4424415,-0.33244142,-1.4724414,-2.7924414,-1.1724414,-0.5924414,-0.17244141,-0.1624414,-0.60244143,0.097558595,-1.4824414,-2.2724414,-1.7324414,-0.2424414
