wind_kz.json
{"header": {"discipline":0,"disciplineName":"Meteorological products","gribEdition":2,"gribLength":1025,"center":7,"centerName":"US National Weather Service - NCEP(WMC)","subcenter":0,"refTime":"2023-08-22T06:00:00.000Z","significanceOfRT":1,"significanceOfRTName":"Start of forecast","productStatus":0,"productStatusName":"Operational products","productType":1,"productTypeName":"Forecast products","productDefinitionTemplate":0,"productDefinitionTemplateName":"Analysis/forecast at horizontal level/layer at a point in time","parameterCategory":2,"parameterCategoryName":"UnknownDiscipline_0_Category_2","parameterNumber":2,"parameterNumberName":"UnknownParameter_D0_C2_2","parameterUnit":"Unknown","genProcessType":2,"genProcessTypeName":"Forecast","forecastTime":60,"surface1Type":103,"surface1TypeName":"Specified height level above ground","surface1Value":10.0,"surface2Type":255,"surface2TypeName":"Missing","surface2Value":0.0,"gridDefinitionTemplate":0,"gridDefinitionTemplateName":"Latitude_Longitude","numberPoints":615,"shape":6,"shapeName":"Earth spherical with radius of 6,371,229.0 m","gridUnits":"degrees","resolution":48,"winds":"true","scanMode":64,"nx":41,"ny":15,"basicAngle":0,"lo1":47.0,"la1":41.0,"lo2":87.0,"la2":55.0,"dx":1.0,"dy":1.0}, "data":
[rows 0 to 14 of 15, columns 0 to 40 of 41]
-2.4802802,0.73971987,2.43972,0.76971984,-1.8502802,-0.36028016,1.8497199,1.0497198,-1.7202802,-3.11028,-1.5102801,-1.6802802,-4.3902802,-5.3702803,-4.07028,-2.1402802,-2.59028,0.21971984,0.24971984,0.7797198,-1.1802802,-3.28028,-2.4902802,-0.79028016,0.88971984,-2.83028,-2.7602801,-0.39028016,0.51971984,0.24971984,-0.8302801,-0.49028015,-0.120280154,0.82971984,-1.6102802,-2.05028,0.13971984,1.4797199,-1.9602802,-1.9502802,-1.8902801
1.1197199,0.56971985,-0.37028015,0.48971984,0.8497198,2.7697198,4.17972,2.41972,4.8997197,3.5997198,2.95972,-1.0502801,-3.29028,-3.1702802,-3.33028,-1.7802801,0.30971986,-1.0802802,1.2897198,2.0597198,0.19971985,-0.25028014,-2.81028,-2.80028,-0.39028016,-0.36028016,-1.5402801,-0.33028015,-4.59028,-2.2402802,-0.44028014,-0.50028014,0.07971985,-1.1102802,0.15971985,-1.0602802,-0.7702801,0.05971985,-0.63028014,0.32971984,-5.44028
-1.1702801,2.0097198,1.7597198,2.5697198,3.5897198,5.09972,5.19972,2.9897199,2.4797199,2.0797198,2.69972,2.7997198,-1.3902801,-3.57028,-3.6902802,-2.1802802,0.81971985,3.8797197,3.4897199,2.2597198,0.48971984,3.95972,-1.9602802,-1.0702802,0.73971987,-0.44028014,0.46971986,1.5197198,-2.7502801,-0.87028015,-0.70028013,2.3497198,-0.28028014,-0.5202801,0.81971985,0.55971986,0.5997198,0.38971984,1.6797198,1.2497199,1.3797199
-0.75028014,-0.61028016,2.3397198,4.4797196,4.4997196,3.93972,3.66972,3.3097198,4.02972,5.03972,5.58972,5.46972,-0.33028015,-3.1502802,-2.2102802,-0.7202802,1.6797198,1.3297199,2.16972,2.3597198,2.0997198,0.34971985,5.29972,4.67972,-2.36028,-1.6402801,-1.5102801,-2.9202802,0.17971985,1.3197198,2.3597198,0.25971985,1.2997198,-0.20028014,-2.9802802,-2.3802803,-1.2002802,1.9097198,1.0497198,0.35971984,2.19972
-0.75028014,2.0997198,4.98972,4.27972,6.01972,5.25972,5.67972,4.9397197,6.9197197,8.45972,9.93972,9.67972,-1.5402801,-2.0202801,-1.5802802,-1.5002801,0.89971983,0.99971986,1.8597199,1.8597199,2.2697198,3.3597198,3.9997199,4.33972,1.4497199,0.5997198,0.31971985,3.3297198,0.6097199,2.7397199,1.1297199,-0.29028016,-2.29028,0.88971984,2.4997199,1.7897198,1.9297198,1.2097199,2.0297198,0.50971985,1.1697198
3.2697198,3.71972,4.81972,6.1497197,8.89972,1.8797199,1.2197199,2.8097198,-0.06028015,-2.8802803,-0.43028015,-1.6602801,-1.8802801,-1.5302801,1.1997199,1.6497198,-2.4102802,0.61971986,0.7297199,2.3497198,2.5197198,3.38972,3.16972,0.82971984,3.3497198,2.92972,3.16972,-1.3602802,2.3697197,3.8597198,2.1197197,-0.5802801,-1.6002802,-1.1402801,-0.56028014,-3.29028,0.06971985,1.3097198,2.44972,-2.4302802,-4.11028
3.20972,2.0697198,1.7997198,1.3697199,-0.30028015,1.6997199,2.2797198,0.31971985,-2.9802802,-3.82028,-1.4202801,-2.6702802,-0.40028015,2.5297198,-0.34028015,-2.9502802,-1.7502801,-0.70028013,1.7397199,2.1197197,1.3597199,0.61971986,-1.3102802,-0.39028016,-0.32028016,-2.4202802,-4.09028,-4.1002803,-2.1402802,-0.86028016,0.049719848,-2.9102802,2.41972,-2.60028,-3.5202801,-2.9602802,-1.0602802,3.5597198,-0.010280151,0.8497198,2.5497198
1.3697199,1.6697198,2.5897198,1.8697199,-0.7802802,-2.5002801,-2.7002802,-4.1402802,-1.7302802,-0.09028015,-0.080280155,-2.0002801,4.75972,3.4897199,2.8197198,-3.07028,-3.80028,-2.28028,-2.10028,-1.9302802,-1.0102801,-3.1402802,-1.7602801,-1.6802802,-0.63028014,-1.0702802,-1.4702802,-1.0402801,-1.0002801,-0.8402802,-2.1502802,-2.9902802,-4.1002803,-0.25028014,1.4197198,0.68971986,-4.30028,-1.3202802,-0.56028014,3.21972,-0.70028013
-0.13028015,-2.8015138E-4,-1.3402802,-0.13028015,1.1797198,0.80971986,-0.36028016,-0.34028015,-0.8302801,-1.4702802,0.38971984,-1.2102802,-0.42028016,-0.92028016,1.3297199,-2.7302802,-3.30028,-2.9002802,-2.7502801,-2.2102802,-1.0302801,-2.9902802,-1.6002802,-0.62028015,-1.3402802,-0.6502802,0.83971983,0.34971985,0.5297198,0.62971985,2.3297198,0.9097198,0.009719849,-2.36028,2.88972,-2.1302803,-0.95028013,-3.09028,-1.1202801,0.51971984,-1.0202801
2.92972,1.7197199,0.27971986,0.41971985,2.41972,2.8497198,1.9797199,3.2497199,1.8297199,1.1997199,2.2997198,2.0097198,2.0597198,1.8997198,0.36971986,-2.54028,-3.1402802,-2.8702803,-2.34028,-2.04028,-3.0102801,-1.3902801,-0.93028015,-0.63028014,-1.7302802,-1.0702802,-0.26028016,0.08971985,-1.2602801,-0.23028015,0.20971985,1.1997199,1.2297199,-3.2002802,0.89971983,-1.4902802,-2.7302802,-0.62028015,-1.6002802,-0.10028015,-0.57028013
1.7397199,2.0497198,-1.3502802,0.029719848,-0.63028014,-1.9102801,-0.79028016,-1.1402801,-1.3002801,-2.1802802,-0.85028017,0.9697198,3.0197198,-1.1402801,-3.11028,-0.94028014,-2.82028,0.29971984,-0.5902802,-2.4802802,-1.6102802,-0.9702802,-1.8802801,-1.1602801,-0.040280152,0.74971986,0.7797198,1.3397199,1.5897199,0.6097199,-1.2102802,-2.36028,1.1097199,-0.010280151,4.34972,-1.4202801,-1.4502802,0.57971984,-1.4802802,0.21971984,-1.3802801
0.46971986,-3.03028,-3.09028,-2.4902802,-1.8202802,-2.04028,-1.7902801,-0.8902801,0.6597198,1.0597198,-1.1002802,0.79971987,0.47971985,-2.1902802,0.09971985,0.26971984,-2.2702801,-2.0002801,-1.7602801,0.67971987,0.21971984,1.2497199,-0.19028015,0.29971984,1.1197199,1.9897199,1.6297199,2.5297198,1.7897198,5.05972,3.3097198,-2.7302802,1.0697198,3.0497198,4.7297196,4.07972,0.41971985,-1.8202802,1.4297198,-0.45028016,-0.87028015
-1.4202801,-2.4902802,-2.59028,-2.31028,-0.040280152,1.3197198,0.009719849,1.1397198,-1.9502802,0.58971983,-0.63028014,-0.33028015,1.2597198,-0.16028015,-1.3002801,-2.1502802,0.06971985,2.92972,1.2897198,0.92971987,-0.040280152,-0.8302801,1.8897198,1.9997199,3.41972,2.69972,1.8397199,0.62971985,0.24971984,1.6397198,3.3797197,3.0597198,-0.56028014,0.88971984,1.2797198,-0.41028014,-1.9002801,-1.0202801,2.4897199,-0.99028015,-1.2802801
-1.0002801,-2.06028,-0.40028015,-0.39028016,0.5997198,0.89971983,1.3597199,0.05971985,-0.62028015,1.4697199,0.89971983,-0.080280155,1.0697198,-0.34028015,1.2997198,0.8497198,1.6597198,-0.37028015,-0.7802802,1.5197198,0.10971985,0.50971985,2.64972,0.9797199,0.75971985,2.43972,1.2597198,0.15971985,0.07971985,0.89971983,0.70971984,1.2597198,-2.8015138E-4,-0.46028015,-0.16028015,-0.94028014,0.7197198,3.41972,0.33971986,-0.35028017,-0.81028014
-0.55028015,-0.63028014,2.17972,1.1097199,1.7197199,2.5197198,4.1497197,1.7797198,1.2997198,-1.0602802,-0.98028016,-0.10028015,0.06971985,1.0097198,1.2697198,-0.88028014,-0.75028014,0.10971985,-0.5902802,-0.93028015,0.12971985,0.43971986,1.7797198,0.32971984,0.24971984,-0.080280155,1.2497199,0.15971985,0.09971985,0.63971984,1.3497199,1.4897199,1.5497198,0.95971984,3.21972,0.7897198,0.26971984,3.9797199,0.89971983,-1.1802802,-1.0902802
