wind_kz.json
{"header": {"discipline":0,"disciplineName":"Meteorological products","gribEdition":2,"gribLength":1025,"center":7,"centerName":"US National Weather Service - NCEP(WMC)","subcenter":0,"refTime":"2023-09-19T06:00:00.000Z","significanceOfRT":1,"significanceOfRTName":"Start of forecast","productStatus":0,"productStatusName":"Operational products","productType":1,"productTypeName":"Forecast products","productDefinitionTemplate":0,"productDefinitionTemplateName":"Analysis/forecast at horizontal level/layer at a point in time","parameterCategory":2,"parameterCategoryName":"UnknownDiscipline_0_Category_2","parameterNumber":3,"parameterNumberName":"UnknownParameter_D0_C2_3","parameterUnit":"Unknown","genProcessType":2,"genProcessTypeName":"Forecast","forecastTime":0,"surface1Type":103,"surface1TypeName":"Specified height level above ground","surface1Value":10.0,"surface2Type":255,"surface2TypeName":"Missing","surface2Value":0.0,"gridDefinitionTemplate":0,"gridDefinitionTemplateName":"Latitude_Longitude","numberPoints":615,"shape":6,"shapeName":"Earth spherical with radius of 6,371,229.0 m","gridUnits":"degrees","resolution":48,"winds":"true","scanMode":64,"nx":41,"ny":15,"basicAngle":0,"lo1":47.0,"la1":41.0,"lo2":87.0,"la2":55.0,"dx":1.0,"dy":1.0}, "data":
[rows 0 to 14 of 15, columns 0 to 40 of 41]
2.9183667,1.4483666,-1.9716333,-5.3216333,-6.3616333,-6.1616335,-4.6116333,-5.3916335,-3.7416334,-4.0916333,-2.9716332,-0.8716333,-0.9216333,-3.0516334,-6.0316334,-3.0216334,-2.6516333,-2.5416334,0.4483667,-0.0216333,-0.5416333,-1.5816333,-0.7116333,1.8283668,2.7183666,2.0683668,1.3983667,0.3583667,-0.3316333,4.898367,2.6783667,3.6083667,-0.8616333,-0.6116333,1.0883667,2.1683667,2.3083668,1.9583668,2.8683667,3.5883667,1.3383667
-0.9716333,-0.6116333,-1.4116333,-4.8816333,-5.561633,-4.2416334,-5.1616335,-3.2516334,-4.4016333,-4.9016333,-5.5916333,-0.2716333,0.9083667,-2.7516334,-2.0416334,-1.5016333,-1.8216333,-1.0116333,-0.3216333,-1.7016333,-0.0616333,-0.3816333,0.0883667,2.2783668,4.1183667,3.7883668,3.5783668,2.0083666,-0.1016333,2.5083666,-0.6016333,3.7683668,1.3283668,2.5683668,2.0383668,2.5683668,1.2783667,4.3683667,1.6983666,2.2483666,-1.6116333
0.2283667,-1.9416333,-3.1716332,-5.0316334,-4.6116333,-5.3016334,-4.831633,-5.2816334,-2.2416334,-4.851633,-5.2216334,-3.2216332,-3.3416333,4.288367,1.5183667,-1.2916332,-0.2616333,-0.7716333,-2.4816332,-2.6116333,-0.1716333,1.0883667,1.9383667,1.6983666,-1.9116333,-1.8516333,-0.5316333,-3.0216334,-0.8116333,-1.7616333,0.1583667,2.0783668,-0.1716333,2.2483666,0.4083667,-2.9616332,-0.6916333,2.0883667,-1.6116333,0.4783667,1.0283667
-1.0616333,-2.6416333,-3.9916334,-3.8816333,-4.2816334,-6.0916333,-5.731633,-4.6516333,-4.811633,-4.6216335,-3.6016333,-2.2816334,-3.4316332,0.4183667,-0.5116333,0.8083667,-0.3416333,-0.6116333,-2.3216333,-1.5216333,4.1283665,1.4083667,2.2183666,1.2583667,0.5383667,-0.6616333,-1.2316333,-0.3516333,0.27836668,-0.8416333,-1.3516333,0.2283667,0.4083667,-0.2816333,0.7683667,1.8683667,3.1083667,3.3783667,-2.5516334,-1.4316334,-1.8916333
-2.4316332,-3.2816334,-4.4016333,-4.331633,-4.7616334,-5.041633,-2.9616332,-3.1816332,-5.4916334,-5.1416335,-3.5516334,-1.2316333,-0.8116333,2.1583667,1.5483667,-3.9916334,-2.2116332,-0.2516333,-2.8416333,3.0483668,3.8483667,3.1983666,2.0883667,1.4383667,0.1383667,-0.1516333,-1.1216333,-1.2316333,-1.0916333,-2.3616333,-2.8016334,-3.0416334,0.5683667,1.0083667,0.7683667,1.2883667,2.0183668,-0.5216333,-0.8616333,-1.5816333,-1.6516333
-2.6916332,-3.3616333,-3.3716333,-4.2416334,-5.0116334,-4.791633,-2.4616332,-4.521633,-5.0716333,-5.6316333,-6.711633,0.2483667,2.9283667,0.1883667,-1.5916333,-5.8916335,-6.191633,-0.5216333,2.3183668,3.1483667,3.5383668,3.5083666,2.6283667,1.6283667,1.4583668,-0.5816333,-1.0216333,-2.9216332,-0.9416333,-2.0116334,-2.7816334,-4.061633,-4.4516335,-2.7116332,-2.9916334,6.808367,-3.1216333,-0.1116333,0.8183667,0.0683667,-0.7616333
-1.1416333,-2.5516334,-4.2016335,-5.441633,-5.041633,-3.4616332,-2.0516334,-3.7316332,-4.601633,-5.7016335,-5.1216335,-4.351633,-0.3016333,-3.6516333,-2.0516334,-1.9416333,-6.0716333,-2.4316332,2.0283668,4.958367,4.1383667,4.0083666,4.018367,2.7383666,1.6783667,0.9583667,-0.5716333,0.1783667,-1.1116333,-1.4516333,-2.6516333,-3.1716332,-4.7816334,-1.5416332,1.1683667,3.8383667,3.1483667,3.3583667,2.8683667,4.168367,5.6783667
-1.2316333,-2.2116332,-2.7516334,-3.8416333,-4.981633,-4.8016334,-2.6816332,-1.5216333,-3.3916333,-4.4016333,-4.0716333,-3.3116333,-1.7116333,0.5583667,-2.1616333,0.4483667,-2.5616333,-3.9016333,-2.4316332,-0.2516333,-0.8316333,2.8083668,2.5483668,2.3683667,1.9583668,0.9583667,0.7483667,0.3183667,0.1483667,-1.3016334,-2.3416333,-2.5516334,-2.6416333,-4.231633,-1.2516333,-0.8616333,-1.9216332,1.2383667,-0.5516333,1.4783667,4.018367
-2.9116333,-2.6816332,-2.4316332,-1.8216333,-3.4616332,-4.3716335,-2.5716333,-3.0916333,-2.8316333,-3.0316334,-2.5716333,-3.1316333,-3.7216332,-2.6116333,-0.3316333,-1.7716333,0.6983667,-1.7816333,1.3183666,-1.8916333,-2.6516333,1.5183667,2.0283668,1.8783667,1.0083667,1.5383667,1.6083667,0.0683667,0.4183667,-0.2716333,-1.1216333,-1.5516334,-2.0116334,-3.1516333,-3.1516333,0.4383667,1.8783667,0.6083667,3.3283668,2.8283668,1.2783667
-4.7616334,-4.081633,-3.6616333,-2.1016333,-0.2716333,-2.3016334,-3.6116333,-1.6416333,-2.8116333,-3.3916333,-3.5116334,-1.8916333,-1.1416333,-1.3716333,-1.0116333,1.4983667,2.8083668,3.7583666,2.1683667,2.2783668,-2.5916333,0.9883667,1.1983666,1.0683666,1.1383667,1.1783667,1.1383667,0.4483667,-0.0416333,0.0783667,0.008366699,0.0283667,0.6083667,-1.0216333,-0.7016333,-0.2016333,0.3883667,2.2983668,1.7683667,0.9383667,1.9083667
-3.7616334,-4.351633,-3.4216332,-3.4416332,-1.9016333,-0.3416333,-2.6116333,-3.7516334,-0.5716333,-2.0916333,-2.8716333,-2.6516333,-2.4416332,-1.7916332,-1.2416333,2.6183667,2.4883666,0.9883667,3.7383666,4.0083666,3.7083666,2.6083667,1.3683667,1.3183666,1.5883667,1.0083667,1.5483667,0.5983667,-0.9116333,-0.0016333008,-1.0016333,-1.3316333,-1.2416333,-0.6116333,-0.9016333,2.0383668,1.5383667,0.27836668,1.3883667,0.8483667,0.2183667
-3.5716333,-4.2216334,-4.1216335,-3.9016333,-3.5716333,1.0383667,-0.9016333,-2.9116333,-3.2816334,-0.1616333,-0.8616333,-2.2116332,-1.4216332,-0.8916333,0.0483667,1.9583668,1.3683667,-0.5516333,0.3183667,5.248367,3.2083666,2.0483668,1.7283667,1.1683667,2.3883667,0.3783667,-0.7316333,-0.2616333,-0.9216333,-1.1116333,-1.5016333,-0.7816333,0.3383667,1.3883667,1.7683667,1.3783667,0.7383667,-1.3416333,-1.6416333,-0.8116333,-0.8016333
-3.4516332,-4.1216335,-4.8216333,-3.9116333,-3.7316332,-2.3516333,-1.8816333,-1.4816333,-2.5016334,-2.2216332,-0.1916333,-0.6616333,0.8883667,1.0083667,3.1283667,3.1383667,2.5683668,-0.5016333,2.7483666,2.1883667,2.6983666,1.8583667,1.6583667,2.4383667,1.9683667,1.0483667,0.5183667,-0.2916333,0.7683667,0.2983667,1.2083668,0.1483667,-0.011633301,0.3483667,-0.5516333,-0.2216333,1.3783667,0.6283667,0.8883667,0.8683667,-0.2916333
-3.3816333,-4.541633,-4.4916334,-4.1316333,-4.5116334,-2.9216332,-1.5016333,-2.8416333,-2.6816332,-1.5616333,-0.2316333,-0.3716333,0.6183667,2.6983666,4.038367,3.7783668,2.4883666,2.2583666,2.3583667,2.2583666,2.0983667,1.8783667,1.3983667,2.2183666,2.1883667,2.0683668,2.2783668,2.3683667,1.5283667,1.4683667,0.2283667,-0.0016333008,0.4783667,0.0483667,0.3483667,1.8183666,1.1883667,1.0583667,-0.3316333,-1.4416333,-1.5116333
-2.5016334,-4.1116333,-4.771633,-4.211633,-4.2816334,-4.021633,-4.1816335,-4.2816334,-3.6616333,-2.0216334,-0.1116333,0.6283667,0.5683667,-0.7616333,3.3183668,4.8183665,4.4483666,4.4883666,3.7383666,3.4583666,2.1883667,2.5383668,2.5183668,2.3383667,2.4983666,2.2483666,2.6183667,2.8083668,2.3283668,1.9183667,2.6283667,1.5583667,1.5283667,0.9483667,0.5783667,1.1483667,2.4783666,0.3883667,0.5183667,-2.5516334,-0.7816333
