wind.json
{"header": {"discipline":0,"disciplineName":"Meteorological products","gribEdition":2,"gribLength":1039,"center":7,"centerName":"US National Weather Service - NCEP(WMC)","subcenter":0,"refTime":"2023-07-01T06:00:00.000Z","significanceOfRT":1,"significanceOfRTName":"Start of forecast","productStatus":0,"productStatusName":"Operational products","productType":1,"productTypeName":"Forecast products","productDefinitionTemplate":0,"productDefinitionTemplateName":"Analysis/forecast at horizontal level/layer at a point in time","parameterCategory":0,"parameterCategoryName":"UnknownDiscipline_0_Category_0","parameterNumber":0,"parameterNumberName":"UnknownParameter_D0_C0_0","parameterUnit":"Unknown","genProcessType":2,"genProcessTypeName":"Forecast","forecastTime":0,"surface1Type":1,"surface1TypeName":"Ground or water surface","surface1Value":0.0,"surface2Type":255,"surface2TypeName":"Missing","surface2Value":0.0,"gridDefinitionTemplate":0,"gridDefinitionTemplateName":"Latitude_Longitude","numberPoints":688,"shape":6,"shapeName":"Earth spherical with radius of 6,371,229.0 m","gridUnits":"degrees","resolution":48,"winds":"true","scanMode":64,"nx":43,"ny":16,"basicAngle":0,"lo1":45.0,"la1":40.0,"lo2":87.0,"la2":55.0,"dx":1.0,"dy":1.0}, "data":
[rows 0 to 15 of 16, columns 0 to 42 of 43]
290.75565,287.65564,297.45563,307.85565,309.45563,297.55563,296.65564,295.05563,312.15564,320.15564,319.65564,320.55563,321.15564,323.65564,324.65564,324.15564,324.05563,323.55563,323.05563,322.35565,322.45563,320.25565,318.25565,320.65564,318.05563,316.95563,316.55563,303.15564,302.55563,303.55563,306.95563,320.15564,317.75565,318.35565,323.05563,324.65564,317.05563,320.15564,314.85565,307.15564,320.25565,331.95563,331.55563
292.15564,301.55563,304.05563,288.85565,289.45563,296.15564,296.05563,294.35565,305.95563,317.75565,319.15564,323.95563,321.05563,319.85565,323.25565,323.75565,323.55563,325.75565,324.25565,320.35565,326.85565,323.85565,329.25565,322.05563,318.65564,319.15564,318.65564,320.65564,315.05563,296.85565,300.25565,299.25565,298.85565,301.25565,308.35565,315.85565,318.75565,317.55563,315.35565,310.95563,305.75565,311.35565,321.85565
289.95563,289.35565,276.75565,292.35565,295.95563,296.05563,295.85565,293.15564,309.65564,319.45563,319.45563,321.75565,319.95563,320.25565,320.65564,320.55563,326.15564,326.35565,325.25565,325.95563,325.05563,326.45563,329.25565,322.35565,326.15564,310.35565,299.75565,297.45563,301.45563,299.05563,297.75565,292.35565,293.25565,275.95563,301.35565,268.05563,273.25565,311.75565,316.65564,315.95563,303.05563,289.35565,283.45563
292.75565,295.15564,301.65564,296.35565,296.15564,296.05563,294.95563,302.85565,311.85565,315.95563,319.45563,316.25565,317.85565,319.55563,318.75565,321.25565,321.25565,325.75565,324.55563,324.35565,323.95563,328.25565,325.75565,319.95563,320.85565,310.25565,318.15564,315.75565,315.15564,315.65564,319.25565,297.35565,294.75565,294.15564,298.75565,298.45563,302.95563,298.05563,284.55563,287.85565,293.15564,282.95563,273.75565
301.05563,303.95563,303.55563,297.25565,297.25565,296.35565,296.85565,294.15564,307.75565,313.05563,315.65564,319.05563,317.85565,316.85565,294.65564,294.35565,320.65564,323.05563,319.95563,323.45563,322.05563,322.95563,316.45563,313.65564,317.45563,317.45563,319.75565,320.25565,320.95563,316.35565,316.95563,316.95563,320.95563,316.85565,321.65564,316.65564,316.95563,307.05563,289.75565,288.25565,293.55563,302.35565,300.45563
303.85565,304.65564,305.85565,297.95563,297.65564,298.55563,297.65564,296.95563,303.35565,318.55563,319.85565,311.65564,311.55563,305.65564,295.25565,294.55563,291.85565,318.05563,321.05563,316.75565,317.05563,318.25565,319.05563,320.55563,320.35565,319.65564,321.25565,322.15564,321.45563,314.75565,323.15564,322.25565,322.25565,316.15564,298.05563,287.55563,300.75565,313.95563,311.95563,322.45563,321.05563,313.65564,308.55563
303.05563,306.75565,307.25565,305.25565,298.55563,297.95563,297.75565,297.45563,309.85565,316.85565,309.45563,313.55563,317.15564,316.15564,296.95563,293.75565,306.65564,315.55563,314.95563,320.25565,322.65564,320.55563,320.35565,319.45563,322.25565,322.35565,322.05563,323.25565,320.35565,290.75565,323.05563,322.55563,320.65564,317.15564,315.65564,313.65564,308.75565,305.65564,294.75565,307.45563,324.65564,321.15564,314.65564
303.55563,306.45563,305.95563,304.75565,303.55563,298.95563,294.85565,303.55563,315.75565,315.55563,312.85565,302.95563,299.95563,309.95563,314.05563,315.65564,318.25565,319.35565,323.25565,323.75565,322.25565,320.75565,319.05563,320.15564,319.85565,320.25565,318.85565,319.55563,319.95563,320.85565,324.25565,322.75565,320.75565,320.55563,321.15564,316.65564,313.35565,303.75565,297.25565,297.15564,293.35565,284.95563,318.05563
303.65564,303.35565,305.75565,304.65564,302.35565,295.35565,294.45563,301.25565,312.85565,313.85565,304.75565,313.35565,313.15564,312.15564,313.95563,312.85565,317.95563,319.15564,324.85565,321.45563,321.35565,319.55563,318.35565,320.15564,318.65564,317.45563,314.95563,313.55563,313.25565,316.05563,314.15564,316.85565,312.75565,315.05563,312.25565,305.25565,306.55563,303.95563,311.25565,288.45563,311.85565,310.45563,307.85565
292.25565,303.45563,304.75565,302.05563,296.65564,295.55563,294.25565,301.05563,309.05563,308.75565,310.15564,306.45563,306.65564,310.65564,310.05563,315.85565,316.95563,318.75565,319.75565,320.75565,318.35565,318.05563,314.45563,316.55563,319.85565,316.85565,311.85565,310.75565,306.95563,306.15564,305.45563,303.65564,305.55563,305.45563,304.85565,306.05563,306.25565,299.95563,300.85565,299.75565,280.55563,284.25565,291.35565
298.85565,301.15564,302.15564,301.75565,298.25565,293.55563,295.15564,302.55563,299.85565,304.75565,307.65564,308.45563,307.35565,307.35565,308.45563,310.55563,313.15564,313.65564,315.95563,317.75565,317.15564,317.75565,317.35565,315.75565,315.35565,318.25565,313.05563,309.25565,308.75565,305.95563,302.75565,303.85565,304.85565,306.45563,306.05563,307.35565,305.75565,295.45563,292.45563,289.55563,282.95563,280.25565,285.85565
294.15564,293.95563,297.55563,296.35565,297.85565,293.85565,293.45563,299.15564,307.05563,296.25565,304.95563,296.95563,305.45563,304.65564,307.85565,307.05563,308.75565,310.55563,301.95563,297.45563,310.95563,304.45563,312.95563,312.25565,312.45563,313.45563,306.25565,304.75565,303.05563,307.05563,307.65564,309.45563,308.15564,307.65564,306.05563,302.65564,299.85565,298.85565,287.25565,286.05563,289.45563,287.25565,286.45563
293.55563,294.45563,295.05563,295.85565,294.85565,294.85565,292.25565,297.15564,299.35565,299.55563,301.55563,300.65564,302.55563,301.75565,304.45563,304.85565,304.55563,306.15564,304.95563,303.75565,298.55563,298.95563,297.95563,305.05563,306.65564,308.55563,307.05563,309.35565,306.05563,308.35565,309.15564,306.85565,302.85565,305.55563,301.75565,300.65564,297.25565,298.65564,296.35565,298.05563,294.55563,292.15564,291.25565
292.55563,292.35565,293.75565,293.15564,294.95563,295.85565,294.95563,296.35565,299.75565,301.35565,306.15564,301.55563,300.55563,297.95563,301.35565,301.65564,303.15564,303.25565,303.85565,301.95563,303.15564,297.45563,295.15564,299.05563,302.05563,301.65564,307.15564,308.95563,311.05563,305.35565,304.45563,302.85565,304.05563,303.45563,300.85565,298.45563,296.85565,294.65564,295.15564,292.95563,292.35565,293.35565,290.75565
292.05563,291.35565,291.85565,294.45563,292.85565,293.95563,297.05563,295.35565,298.15564,297.55563,301.65564,298.35565,299.95563,299.95563,300.25565,301.15564,302.25565,300.15564,300.35565,298.05563,293.85565,297.15564,294.25565,298.45563,300.95563,301.05563,301.25565,304.05563,301.45563,300.85565,299.25565,300.65564,301.45563,300.55563,300.75565,299.35565,297.75565,296.55563,291.95563,291.95563,294.05563,294.05563,294.05563
292.05563,293.75565,293.55563,293.85565,290.25565,296.05563,297.35565,297.55563,297.55563,298.05563,298.85565,299.45563,299.95563,299.75565,301.55563,301.05563,300.65564,300.55563,299.65564,297.05563,298.35565,294.95563,295.95563,297.35565,298.65564,297.95563,297.25565,296.65564,298.25565,297.65564,297.15564,298.45563,297.95563,291.45563,298.45563,294.85565,297.05563,296.55563,294.15564,291.45563,291.25565,292.35565,288.15564
