wind_kz.json
{"header": {"discipline":0,"disciplineName":"Meteorological products","gribEdition":2,"gribLength":1025,"center":7,"centerName":"US National Weather Service - NCEP(WMC)","subcenter":0,"refTime":"2024-02-03T12:00:00.000Z","significanceOfRT":1,"significanceOfRTName":"Start of forecast","productStatus":0,"productStatusName":"Operational products","productType":1,"productTypeName":"Forecast products","productDefinitionTemplate":0,"productDefinitionTemplateName":"Analysis/forecast at horizontal level/layer at a point in time","parameterCategory":2,"parameterCategoryName":"UnknownDiscipline_0_Category_2","parameterNumber":2,"parameterNumberName":"UnknownParameter_D0_C2_2","parameterUnit":"Unknown","genProcessType":2,"genProcessTypeName":"Forecast","forecastTime":120,"surface1Type":103,"surface1TypeName":"Specified height level above ground","surface1Value":10.0,"surface2Type":255,"surface2TypeName":"Missing","surface2Value":0.0,"gridDefinitionTemplate":0,"gridDefinitionTemplateName":"Latitude_Longitude","numberPoints":615,"shape":6,"shapeName":"Earth spherical with radius of 6,371,229.0 m","gridUnits":"degrees","resolution":48,"winds":"true","scanMode":64,"nx":41,"ny":15,"basicAngle":0,"lo1":47.0,"la1":41.0,"lo2":87.0,"la2":55.0,"dx":1.0,"dy":1.0}, "data":
[rows 0 to 14 of 15, columns 0 to 40 of 41]
5.1394343,1.1894342,1.6494342,3.869434,0.059434205,-0.2605658,2.4494343,-0.8605658,-1.6405658,-1.5405658,-0.8305658,-1.0605658,-1.8005658,-1.8205658,-1.7505658,-1.2805657,-0.9205658,0.9494342,2.879434,3.4694343,-1.3605658,-2.7005658,-0.9605658,-2.9605658,-3.1505659,0.6094342,-1.8905658,0.3194342,-0.1705658,0.68943423,1.0094342,3.2794342,0.7294342,-1.9705658,-2.0005658,-0.5805658,2.4694343,3.1794343,3.6594343,3.0294342,0.9694342
3.9894342,-3.7205658,-5.8205657,-6.910566,-4.4205656,-2.6805658,1.9294342,2.0194342,2.4394343,1.6294342,1.5094342,0.6594342,0.7294342,0.9794342,0.2994342,0.1694342,1.4494342,2.9894342,0.6794342,2.2594342,1.5394342,-0.4705658,-0.010565796,-3.9605658,1.1194342,-5.657959E-4,-1.2305658,0.3394342,-1.1105658,0.14943421,0.3794342,0.8594342,1.1494342,-0.6405658,1.0094342,0.5994342,1.6094342,1.6394342,0.4894342,1.7994342,-2.4805658
2.2694342,-5.330566,-4.8805656,-6.480566,-4.730566,-2.5005658,2.399434,4.649434,4.3494344,4.589434,3.869434,2.889434,3.0994341,2.7494342,0.3994342,0.1594342,1.7094342,2.2494342,2.8394341,0.9594342,0.7694342,0.7594342,-2.2905657,0.1594342,-3.3105657,-3.9405658,-2.4105659,-1.6005658,-0.1905658,-1.3205658,0.9794342,-0.120565794,0.17943421,-0.7005658,0.039434206,-0.13056579,0.1694342,0.0794342,5.229434,4.069434,-0.1105658
-1.5705658,-6.100566,-6.1305656,-7.2105656,-4.5305657,-1.6005658,3.4894342,4.759434,6.649434,5.769434,4.4494343,5.149434,4.9894342,4.509434,1.7494342,0.8894342,2.6894343,1.2894342,1.7194343,1.0594342,-0.120565794,1.0294342,-2.4605658,-1.0905658,-2.110566,-2.1405659,-1.3705658,-2.2205658,0.1294342,0.039434206,-3.4105659,-3.5205657,-1.0005658,-3.7105658,-3.1505659,-2.5805657,-1.9905658,3.0394342,0.059434205,-0.1705658,-0.5405658
-2.0405657,-2.0805657,-4.1505656,-2.0505657,-0.0705658,2.889434,5.749434,6.879434,3.869434,3.2094343,2.9494343,4.379434,2.7894342,4.9094343,4.519434,0.7894342,2.4394343,2.389434,2.0394342,2.889434,3.369434,0.3694342,-2.0505657,-0.8405658,-1.6005658,-1.6105658,0.5494342,1.4194342,0.99943423,0.9794342,1.7894342,0.4294342,-0.9905658,2.7894342,-1.0305657,0.6394342,-2.1705658,-1.5305657,-1.1705658,-1.7205658,0.4994342
3.2394342,2.3194342,1.3794342,1.7694342,2.9494343,2.899434,4.4694343,5.069434,2.5394342,1.5894341,1.6394342,1.9694343,2.889434,5.4494343,5.029434,4.459434,3.0094342,3.0194342,2.4694343,3.119434,2.8194342,1.8194342,-0.9305658,-0.36056578,-0.3005658,-0.6105658,0.3694342,-0.4705658,-0.56056577,-2.0405657,-2.0005658,-0.8705658,-2.620566,-2.5405657,-1.1105658,-1.1205658,0.6194342,1.4794343,-1.5705658,-1.1605659,0.9594342
9.669435,10.179434,9.579434,9.409434,3.619434,5.1594343,5.749434,3.9194343,2.8394341,1.5094342,1.9394342,1.2994342,2.1594343,2.879434,3.9394343,4.629434,3.5994341,4.749434,2.2294343,1.7694342,3.5094342,2.2694342,0.5894342,-0.7605658,-1.0505658,-0.4505658,0.2494342,-0.9805658,-1.4205658,-2.0905657,-2.2505658,-1.2405658,-1.0905658,-2.2105658,-2.0405657,-2.0805657,-1.3705658,3.0194342,0.4894342,-0.8805658,2.1994343
8.659434,7.839434,8.329434,7.609434,6.1194344,4.1794343,3.4094343,2.0694342,3.6094341,2.9294343,2.9294343,3.2594342,3.139434,4.029434,3.3094342,4.129434,4.529434,4.749434,2.7094343,3.0994341,3.1794343,0.7294342,-0.4305658,-0.4605658,0.4894342,0.0694342,0.8694342,0.20943421,0.8294342,0.2994342,0.9694342,1.6694342,-1.3005658,2.4494343,0.4394342,1.9994342,-1.1805658,-1.8605658,0.7994342,1.7594342,0.8794342
8.099434,7.519434,6.8094344,5.629434,5.019434,4.3894343,3.7894342,3.2494342,3.2694342,3.3394341,3.4794343,3.0494342,5.509434,3.4194343,4.0794344,3.9394343,4.529434,4.1194344,4.0994344,4.519434,3.9394343,1.8594342,0.6994342,0.2394342,1.2794342,1.5594342,1.1794342,1.8294342,1.9394342,2.4194343,4.0994344,2.869434,7.1594343,2.5294342,0.9794342,-1.7405658,-0.3005658,-1.4505658,0.1094342,0.6594342,1.0694342
8.319434,7.609434,6.689434,5.269434,5.069434,4.109434,3.9394343,3.9094343,4.069434,4.439434,4.049434,4.8094344,3.9894342,3.9194343,5.0994344,4.5394344,4.339434,4.3494344,4.979434,5.069434,6.269434,3.4294343,1.5794342,0.9094342,1.8694342,2.2294343,2.8494341,2.7694342,3.5494342,4.8494344,5.019434,4.8494344,5.2894344,4.299434,0.3694342,-0.030565796,-2.3905659,-1.0005658,1.1494342,1.7694342,1.3494343
6.979434,7.3694344,6.709434,5.7894344,5.8494344,5.4894342,4.1994343,4.269434,3.649434,4.0594344,3.6594343,4.259434,2.5994341,3.6094341,4.0794344,4.879434,4.3894343,4.799434,4.6794343,4.859434,4.9294343,1.7794342,0.1894342,-0.040565796,1.8094342,1.8694342,3.369434,3.6794343,4.5594344,2.2694342,6.0394344,4.069434,2.4994342,1.6894342,0.3694342,-0.8605658,0.8994342,0.0794342,0.6794342,3.0394342,1.0694342
6.089434,6.279434,6.3094344,5.549434,4.6794343,3.5294342,2.9594343,3.0594342,2.9194343,1.5694342,1.5794342,2.9794343,2.5394342,3.8594341,4.8094344,4.3494344,3.9594343,3.7794342,2.9394343,2.8194342,1.3294342,0.1894342,-1.2105658,-0.050565794,1.1394342,2.0294342,3.2694342,4.299434,4.589434,2.6994343,2.4894342,2.4394343,3.0894341,2.8594341,0.8194342,1.8294342,3.6794343,5.3094344,-0.6805658,-0.9505658,-0.7705658
4.089434,4.8894343,4.959434,4.629434,3.6794343,1.7394342,1.3494343,0.0794342,-1.2105658,-0.5505658,0.6694342,2.7694342,-0.050565794,2.369434,0.9494342,1.6594342,2.0994341,1.2194343,0.8694342,0.7794342,0.9294342,0.2194342,0.4594342,0.1294342,2.149434,3.139434,3.1094341,3.2894342,1.6994342,2.0694342,2.2094343,3.7794342,4.259434,3.5194342,1.1394342,1.1294342,2.5094342,3.4094343,5.1394343,0.3194342,1.0094342
-4.5705657,-3.7805657,-4.930566,-5.0305657,-5.620566,-5.9405656,-5.2605658,-4.750566,-2.3305657,-3.0205657,-1.2905658,-1.0605658,-0.6005658,-0.6005658,-1.5005658,-1.4805658,-1.4605658,-0.9605658,-0.6005658,-1.1105658,-0.2205658,0.14943421,1.0294342,1.6394342,1.7094342,0.2794342,1.0794342,2.3194342,2.4894342,2.8494341,3.5494342,3.8294342,3.9194343,1.8794342,2.5294342,2.9594343,3.389434,2.8594341,3.119434,3.3494341,1.3294342
-4.540566,-5.750566,-6.950566,-6.750566,-6.020566,-5.8405657,-5.240566,-5.220566,-4.1305656,-3.2905657,-1.8605658,-1.0805658,-1.0305657,-0.4105658,-0.6905658,-1.0405658,-0.9505658,-0.1405658,-0.1505658,0.0794342,0.039434206,0.2994342,0.7294342,1.4394342,0.8094342,1.1894342,1.4394342,1.5894341,2.1694343,2.4094343,2.9194343,3.1894343,3.6094341,1.3094342,2.0294342,3.1994343,3.0994341,3.5094342,3.6894343,1.7194343,0.5094342
