wind_kz.json
{"header": {"discipline":0,"disciplineName":"Meteorological products","gribEdition":2,"gribLength":1102,"center":7,"centerName":"US National Weather Service - NCEP(WMC)","subcenter":0,"refTime":"2023-09-21T12:00:00.000Z","significanceOfRT":1,"significanceOfRTName":"Start of forecast","productStatus":0,"productStatusName":"Operational products","productType":1,"productTypeName":"Forecast products","productDefinitionTemplate":0,"productDefinitionTemplateName":"Analysis/forecast at horizontal level/layer at a point in time","parameterCategory":2,"parameterCategoryName":"UnknownDiscipline_0_Category_2","parameterNumber":2,"parameterNumberName":"UnknownParameter_D0_C2_2","parameterUnit":"Unknown","genProcessType":2,"genProcessTypeName":"Forecast","forecastTime":240,"surface1Type":103,"surface1TypeName":"Specified height level above ground","surface1Value":10.0,"surface2Type":255,"surface2TypeName":"Missing","surface2Value":0.0,"gridDefinitionTemplate":0,"gridDefinitionTemplateName":"Latitude_Longitude","numberPoints":615,"shape":6,"shapeName":"Earth spherical with radius of 6,371,229.0 m","gridUnits":"degrees","resolution":48,"winds":"true","scanMode":64,"nx":41,"ny":15,"basicAngle":0,"lo1":47.0,"la1":41.0,"lo2":87.0,"la2":55.0,"dx":1.0,"dy":1.0}, "data":
[rows 0 to 14 of 15, columns 0 to 40 of 41]
0.86948854,1.4094886,0.60948855,-6.7705116,-3.3805115,-3.4005115,-7.7805114,-8.400512,-8.300511,-7.0305114,-6.3205113,-4.7805114,-3.4305115,-2.0705116,-1.8005115,-0.89051145,-1.5805115,-2.0805116,-0.20051147,0.09948853,1.2894886,-0.37051147,2.8294885,0.13948852,2.5194886,2.7094886,3.4394884,2.1894884,0.78948855,0.8894885,-0.060511474,0.6994885,-0.63051146,-1.9305115,-2.6005116,-1.8905115,-0.7205115,-2.7205114,-0.36051148,1.3994886,-2.2805114
1.4494885,-4.7505116,-13.580511,-8.720511,-5.1905117,-0.7905115,-7.3505116,-6.8105116,-6.6005116,-5.9305115,-4.8705115,-3.9505115,-4.3405113,-3.5005114,-3.0005114,-1.8605114,0.37948853,-0.49051148,-0.51051146,-0.81051147,-1.2405114,-1.7205114,0.73948854,0.059488524,-0.030511474,-0.23051147,1.2494885,1.0694885,-2.9905114,-0.33051148,0.66948855,0.49948853,0.059488524,-2.2405114,-0.110511474,-0.51051146,-0.82051146,-0.6105115,0.37948853,-1.5605115,-3.4405115
-7.0405116,-12.300511,-11.270512,-8.690512,-5.2505116,-7.1905117,-6.4005113,-5.6005116,-5.6205115,-5.1305113,-4.3805113,-4.2905116,-4.1305113,-3.2305114,-2.6605115,-2.3505116,-1.6605115,-0.37051147,0.6594885,1.1994885,1.6994885,-1.2505115,-3.7705114,-4.4405117,-2.5105114,-2.6005116,-0.6105115,1.4794885,1.0794885,-1.5805115,0.5294885,-1.6205115,-0.83051145,1.5394886,-4.3705115,-1.0105115,-0.18051147,-0.5505115,6.4994884,4.5894885,0.5994885
-11.080511,-11.450512,-9.770512,-4.9405117,-3.7405114,-6.3605113,-4.3505116,-5.7105117,-5.3705115,-4.6905117,-4.8605113,-4.8705115,-2.8705115,-1.6505115,1.0394886,-2.1305115,-2.3705115,-1.9805114,-1.9505115,-1.6205115,-3.2605114,-5.6305113,-4.3905115,-3.5705116,-3.1005116,-3.4605114,-3.4105115,-5.1205115,-4.1705112,-0.9005115,1.4894885,1.0294886,7.0694885,5.9194884,3.0894885,2.1294885,0.43948853,2.1394885,-1.2105114,-0.71051145,-1.8205115
-10.750511,-10.010511,-7.1705112,-6.7205114,-6.3705115,-5.8005114,-5.6105113,-5.4405117,-4.3705115,-3.3205116,-3.2505114,-3.7105114,-1.4105115,0.08948853,3.6194885,-1.9905114,-2.4305115,-3.1105115,-2.7505114,-3.0505114,-4.1805115,-4.2305117,-4.0505114,-3.3905115,-3.3105116,-3.6405115,-4.4605117,-0.020511474,-3.4405115,-2.2205114,-2.5305114,-1.6805115,-0.25051147,1.1594886,-2.0205114,-0.83051145,5.8694887,2.9894886,1.5294886,2.8194885,2.9194884
-8.970511,-7.4905114,-7.7405114,-7.8505116,-6.5805116,-3.9605114,-5.3305116,-4.0305114,-3.1805115,-1.9205115,-1.4605114,-1.1005114,0.98948854,1.8094885,0.9494885,-1.3805115,-1.9405115,-2.8705115,-2.8805115,-3.0405114,-3.6505115,-3.1605115,-1.5905114,-1.5605115,-1.4505115,-0.6005115,-1.3705115,-1.6805115,0.9494885,1.6194885,0.8894885,-1.6605115,-0.9805115,1.5094886,1.8794885,-0.030511474,3.2594886,6.2394886,10.709489,5.1794887,-0.40051147
-7.5905113,-7.1505113,-6.5305114,-5.3705115,-3.5705116,-2.8805115,-4.1905117,-3.0105114,-1.7405114,-0.57051146,-0.15051147,1.0994885,0.2994885,0.6294885,0.73948854,0.31948853,-0.16051148,-0.4805115,-0.8405115,-0.63051146,-1.6105114,-1.1605115,-0.58051145,-0.10051148,1.0294886,1.4294885,1.8894886,1.8994886,2.3494885,2.6794884,3.8494885,3.5594885,2.6994886,4.0794888,3.0994885,5.0394883,2.6894884,-1.0005115,2.8394885,-0.9705115,-0.18051147
-6.3305116,-5.9305115,-5.3805113,-4.3305116,-3.9505115,-3.0605116,-2.1805115,-1.4205115,-0.4805115,0.20948853,-0.42051148,0.42948854,0.14948852,1.1594886,1.3594885,1.9594885,1.2594886,2.3394885,2.1894884,2.2594886,2.0294886,1.5994885,2.2294886,2.2994885,3.5194886,3.6994886,4.1794887,3.9994886,4.2794886,4.6694884,4.5494885,4.2594886,3.6694884,3.9394884,4.6894884,5.4794884,2.0394886,0.73948854,4.8494887,6.5794888,3.7394886
-5.5105114,-5.0005116,-4.1905117,-3.7105114,-2.8605115,-1.9305115,-1.2205114,-0.4505115,0.15948853,0.07948852,0.5094885,0.7094885,-0.040511474,-0.18051147,1.3194885,1.6994885,2.5094886,3.2994885,3.6794884,3.7494886,4.0894885,4.2094884,3.7994885,3.8294885,3.9194884,4.4294887,4.5294886,4.5094886,5.2194886,5.2794886,5.7094884,6.0994887,6.0794888,5.0194883,3.7694886,3.1294885,2.6294885,0.12948853,1.2294885,0.8294885,1.2694886
-3.9505115,-3.4305115,-3.2005115,-2.5105114,-1.7705115,-1.2305114,-0.31051147,-0.22051148,-0.09051147,0.44948852,0.7794885,0.91948855,-0.110511474,0.66948855,0.32948852,0.20948853,1.1594886,1.9894885,2.5894885,3.4094884,4.3594885,4.6394887,4.1694884,4.1194887,4.1694884,4.2194886,4.8694887,5.0894885,5.0494885,5.2794886,2.8794885,3.8194885,3.9694886,4.5494885,2.9994886,1.0494885,-2.5105114,-0.25051147,1.1294885,1.4394885,1.4394885
-2.3505116,-2.3305116,-1.5805115,-1.0505115,-0.5305115,0.5794885,0.8394885,0.4894885,0.6294885,0.8194885,1.5594885,1.6094885,0.8294885,0.98948854,0.22948852,0.35948852,0.8894885,1.4794885,2.1294885,2.8794885,3.2694886,3.0694885,3.4894886,3.2394886,3.2694886,3.6994886,3.5994885,3.1094885,4.0194883,4.5794888,5.1294885,5.6294885,4.1494884,4.9394884,5.2394886,1.3494885,-1.7105114,0.6294885,2.6194885,2.3594885,-0.35051146
-1.4605114,-0.81051147,-0.47051147,0.91948855,0.93948853,1.0694885,0.33948854,1.0194886,1.1694885,1.1894885,1.6194885,1.2594886,0.5994885,0.8294885,0.22948852,0.4594885,1.2294885,1.5194886,1.7694886,2.6794884,2.6094885,2.8994884,2.9794886,2.9194884,0.98948854,0.8794885,1.5894885,2.0194886,4.2494884,5.6594887,5.7194886,6.9094887,5.0094886,4.0794888,3.3394885,2.7394886,4.6494884,6.3694887,4.5294886,-0.42051148,1.0294886
0.38948852,0.37948853,0.9594885,1.1594886,0.8394885,1.0494885,0.8994885,1.2394885,1.2694886,0.19948852,1.3094885,1.6594886,0.8394885,0.23948853,-0.34051147,0.5694885,1.0894885,1.2994885,0.8194885,0.42948854,0.19948852,0.6494885,1.1994885,1.2294885,0.9494885,0.9694885,2.2194886,3.7894886,3.3194885,3.2394886,3.9394884,4.3894887,4.4594884,5.4894886,5.0794888,4.3194885,4.3794885,4.3494887,6.5294886,3.8994884,2.4194884
1.3094885,0.40948853,-0.44051147,1.0694885,0.93948853,1.0894885,0.67948854,0.80948853,0.07948852,0.53948855,1.2494885,2.5694885,0.5694885,-2.0705116,-0.37051147,0.34948853,-0.7405115,-0.040511474,0.4594885,0.09948853,0.08948853,0.41948852,1.1294885,1.3994886,1.5994885,2.3794885,3.5794885,2.4394884,3.5594885,2.6394885,3.5194886,3.8194885,4.0094886,4.1294885,4.9794884,5.5094886,2.8994884,3.6394885,3.1294885,3.5794885,3.0094886
0.79948854,0.5094885,-1.0605115,1.0094886,0.8394885,0.40948853,0.42948854,0.9094885,1.2394885,1.6594886,1.4294885,1.9294885,1.0994885,1.3794885,-0.2605115,0.72948855,1.2694886,1.3194885,0.6394885,0.5694885,1.0794885,1.0594885,0.5194885,1.2194885,1.3794885,3.0394886,1.8694885,2.0994885,2.9794886,2.8894885,3.3694885,3.7594886,2.3594885,2.7794886,3.6094885,4.8894887,3.7194886,2.7494886,3.9294884,4.0594883,2.0994885
