wind_kz.json
{"header": {"discipline":0,"disciplineName":"Meteorological products","gribEdition":2,"gribLength":1025,"center":7,"centerName":"US National Weather Service - NCEP(WMC)","subcenter":0,"refTime":"2023-09-11T00:00:00.000Z","significanceOfRT":1,"significanceOfRTName":"Start of forecast","productStatus":0,"productStatusName":"Operational products","productType":1,"productTypeName":"Forecast products","productDefinitionTemplate":0,"productDefinitionTemplateName":"Analysis/forecast at horizontal level/layer at a point in time","parameterCategory":2,"parameterCategoryName":"UnknownDiscipline_0_Category_2","parameterNumber":2,"parameterNumberName":"UnknownParameter_D0_C2_2","parameterUnit":"Unknown","genProcessType":2,"genProcessTypeName":"Forecast","forecastTime":300,"surface1Type":103,"surface1TypeName":"Specified height level above ground","surface1Value":10.0,"surface2Type":255,"surface2TypeName":"Missing","surface2Value":0.0,"gridDefinitionTemplate":0,"gridDefinitionTemplateName":"Latitude_Longitude","numberPoints":615,"shape":6,"shapeName":"Earth spherical with radius of 6,371,229.0 m","gridUnits":"degrees","resolution":48,"winds":"true","scanMode":64,"nx":41,"ny":15,"basicAngle":0,"lo1":47.0,"la1":41.0,"lo2":87.0,"la2":55.0,"dx":1.0,"dy":1.0}, "data":
[rows 0 to 14 of 15, columns 0 to 40 of 41]
1.3823614,1.6523614,-1.3276385,3.6523614,3.8223615,4.3123612,6.2923613,-1.4076385,-2.8376386,-3.8976386,-3.8576386,-3.2476385,-3.8976386,-3.6176386,-3.3576386,-4.8076386,-4.5176387,-5.6776385,-6.5576386,-7.1476383,-4.6576385,-1.2776386,-1.2576386,2.5923615,0.34236145,2.4423614,3.3423615,1.0623615,-2.4576385,-1.6676385,-0.38763854,1.5323615,-0.00763855,-0.67763853,-2.0876386,-0.20763855,-0.63763857,0.03236145,1.2423614,0.10236145,0.27236146
2.3323615,-1.0476385,5.3623614,7.0223613,5.2823615,4.9923615,6.5323615,-0.6976386,-1.9876386,-1.2976385,-1.4176385,-2.7276385,-2.2476385,-2.2976387,-3.7376385,-3.9276385,-4.8376384,-4.9776387,-5.2376385,-4.9876385,-4.167639,-2.9276385,-1.1476386,1.0023614,0.6223614,-0.5076386,0.58236146,1.3123615,-4.2776384,-1.6576385,0.61236143,-0.65763855,0.78236145,-1.2476386,-0.14763854,0.07236145,1.4523615,1.1823615,0.26236144,-1.6776385,-0.97763854
0.61236143,1.2823615,2.0423615,4.1223617,4.6723614,4.2223616,5.3523617,1.8123615,0.29236144,-0.24763855,0.02236145,-0.14763854,-1.6376386,-2.4476385,-2.5376387,-2.4276385,-4.6076384,-4.2776384,-3.9076385,-3.5976386,-2.8376386,-6.3476386,-5.7876387,-6.4676385,-3.6876385,-5.1576385,-3.0576386,-1.1976385,1.9523615,-1.0876385,-0.76763856,-1.8576386,0.6923615,-1.0176386,-2.7876387,-0.6976386,0.42236146,-0.28763855,3.4223614,0.08236145,-1.5876385
-2.7076385,-3.8976386,-4.1976385,-4.7376385,1.6223614,1.6323614,3.7223616,2.1623614,2.3923614,1.9023614,1.2423614,1.5823615,-3.6776385,-2.9476385,-1.0476385,-1.9776386,-3.4776385,-3.6376386,-4.1576385,-3.1876385,-3.2876387,-5.3276386,-4.1276383,-4.7176385,-4.1776385,-3.1376386,-2.4176385,-0.25763854,-3.0476387,-0.34763855,0.07236145,2.9023614,3.4723616,2.0123615,2.0723615,1.6923615,-0.16763856,1.0823615,-0.17763855,-0.8676385,-0.44763854
-2.7676384,-6.2176385,-6.6476383,-5.6276383,-4.9676385,-2.1876385,1.3023615,4.7723613,4.0923615,2.9223614,3.0223615,0.7423614,-3.2776384,-1.3476386,-0.5576385,-0.88763857,-1.4876386,-1.5976386,-1.6476386,-3.0576386,-4.7376385,-4.2576385,-3.7676384,-3.0176384,-2.2976387,-1.8176385,-1.3176385,-1.9176385,2.3223615,-1.6376386,0.12236145,1.6423614,0.32236144,0.10236145,-1.0276386,-0.89763856,1.6723615,1.2823615,0.59236145,0.6223614,1.6523614
-3.3076386,-3.7576385,-4.3676386,-5.8876386,-5.1376386,-4.1876388,-1.8976386,0.09236145,1.9123615,4.6623616,4.7423615,3.6223614,-0.65763855,-0.29763854,2.8923614,2.7123613,1.0923615,0.28236145,-0.24763855,-1.3076385,0.08236145,-0.25763854,-0.31763855,0.22236145,0.65236145,0.21236145,1.0323615,-0.39763856,0.71236145,3.1323614,2.6123614,1.7823615,0.89236146,1.2323614,-1.1376386,-0.027638549,0.61236143,2.1223614,0.5623615,1.9923614,2.9623613
-3.7176385,-3.6276386,-3.7876387,-3.3276386,-3.8076386,-3.2676384,-3.2176385,-1.4076385,-0.57763857,-0.03763855,1.4423615,4.9123616,1.3423615,1.0023614,2.6123614,0.9323614,2.4823616,1.6223614,0.46236145,2.7723615,3.0823615,3.0223615,3.1723614,3.5623615,4.3623614,4.4123616,4.7423615,4.1623616,2.3323615,4.2223616,4.1823616,4.7323613,2.6223614,2.7723615,2.2123613,-0.6976386,1.7223614,1.1123614,1.7623614,0.29236144,0.41236144
-4.3276386,-4.3276386,-3.4776385,-3.7476385,-3.7376385,-3.3376386,-2.9976385,-2.6776385,-3.2276385,-2.7476385,-1.3176385,-3.2376385,-3.5576386,-4.5276384,-3.5176384,-2.6376386,-2.3676386,-1.2476386,0.26236144,2.3323615,3.6023614,4.1023617,5.1123614,5.5923615,6.3623614,6.1723614,6.5123615,7.0123615,6.4923615,5.9323616,5.2023616,5.1423616,4.4023614,2.3823614,3.1523614,5.5423613,-2.0476387,1.3023615,-4.1076384,-4.8076386,-2.3076386
-3.8376386,-3.5376387,-3.9476385,-3.7976387,-3.1876385,-2.7276385,-1.5576385,-1.9276385,-3.2476385,-3.9576385,-4.3876386,-4.5176387,-3.6676385,-2.9476385,-2.9576385,-2.2676384,-2.3376386,-1.1576385,-1.8676386,0.54236144,3.2723615,3.8323615,4.3923616,5.6723614,6.7223616,6.9723616,7.7923613,7.7523613,6.7123613,8.102362,7.6023617,5.6723614,4.8723617,4.8623614,2.4323614,1.8523614,0.64236146,-0.28763855,-1.0876385,0.5023615,0.65236145
-1.0976386,-1.6576385,-2.4976385,-1.9276385,-3.7776384,-2.8776386,-2.9776385,-3.1676385,-3.4076385,-3.2076385,-2.4376385,-2.9776385,-2.2876387,-1.2676386,-1.8076385,-1.7676386,0.6223614,-1.5676385,-0.7476385,1.9723614,3.5323615,3.5123615,3.4023614,3.7723615,5.3423615,6.1723614,6.6023617,6.3723617,7.0323615,7.7723613,6.8023615,7.5723615,4.8623614,3.7823615,3.2323616,1.2023615,-2.5376387,-0.6176385,-0.26763856,0.6223614,0.90236145
0.51236147,0.90236145,0.54236144,0.13236146,-0.6976386,-0.79763854,-1.6476386,-2.1276386,-2.5676386,-2.2176385,-2.3176386,-2.4676385,-1.3576386,-1.3176385,-1.6576385,-2.1976385,-2.8676386,0.04236145,-2.2176385,-1.4376385,-0.47763854,-0.067638546,1.3323615,2.1423614,3.5823615,4.0323615,4.6923614,3.1023614,3.2123613,4.2823615,3.2123613,5.8623614,7.2923613,2.4723616,4.9323616,1.1223614,-0.53763855,0.44236144,0.6823614,1.8423615,-0.44763854
3.0223615,0.38236144,1.8523614,1.8623614,1.1423614,0.9323614,0.6923615,1.0023614,0.54236144,0.52236146,1.5423615,-1.1276386,-0.91763854,1.0723615,0.10236145,-0.65763855,0.39236146,0.09236145,-0.45763856,-0.22763854,-0.03763855,0.83236146,1.0023614,0.98236144,0.77236146,1.4723614,2.6623614,4.9123616,5.5323615,6.2123613,5.4923615,5.4523616,5.3923616,5.0523615,3.9023614,6.6823616,3.4523613,3.7323616,0.23236145,-0.59763855,-0.82763857
2.0023615,2.2523615,2.4623613,2.4823616,2.8023615,1.7923615,3.1723614,2.5323615,1.7023615,2.3423615,1.0823615,0.19236144,1.5423615,2.0423615,2.3023615,2.0623615,2.0223615,1.7923615,2.1823614,2.6723614,2.7123613,3.0623615,3.0323615,3.0323615,2.8223615,3.0423615,3.0223615,3.9323614,4.4223614,4.2623615,5.3623614,4.5923615,5.4723616,6.9623613,4.582361,5.7123613,4.0723615,2.7323616,1.4123615,-0.8676385,-1.1576385
3.0423615,2.9423614,3.4123614,3.7023613,3.3723614,3.6623614,4.0523615,2.9823616,2.7123613,1.7723614,1.0923615,1.9023614,1.3723614,2.7523615,2.6223614,3.0823615,3.1923614,3.8423615,3.7523615,4.1223617,4.8723617,5.0323615,5.1323614,5.0323615,4.7023616,4.5023613,4.2923613,3.6523614,3.3423615,3.4323614,4.1623616,4.9723616,4.4423614,6.082361,5.7123613,5.2923613,3.7923615,2.7223616,2.4423614,-0.05763855,-0.35763854
2.2323616,2.2723615,3.5123615,3.5323615,3.8823614,3.8423615,4.5123615,4.1523614,4.1823616,3.7123613,2.6723614,4.1123614,3.1223614,2.9123614,3.1423614,4.0423613,4.4623613,4.5923615,5.1523614,5.9323616,5.5223613,5.8823614,5.2523613,5.3223615,5.3423615,5.3823614,4.832361,4.332361,3.4823616,4.0923615,4.1623616,4.8223615,5.4323616,4.9623613,5.5023613,6.1823616,5.3623614,3.6723614,3.2323616,0.8823615,-0.25763854
