wind_kz.json
{"header": {"discipline":0,"disciplineName":"Meteorological products","gribEdition":2,"gribLength":1025,"center":7,"centerName":"US National Weather Service - NCEP(WMC)","subcenter":0,"refTime":"2023-09-30T12:00:00.000Z","significanceOfRT":1,"significanceOfRTName":"Start of forecast","productStatus":0,"productStatusName":"Operational products","productType":1,"productTypeName":"Forecast products","productDefinitionTemplate":0,"productDefinitionTemplateName":"Analysis/forecast at horizontal level/layer at a point in time","parameterCategory":2,"parameterCategoryName":"UnknownDiscipline_0_Category_2","parameterNumber":2,"parameterNumberName":"UnknownParameter_D0_C2_2","parameterUnit":"Unknown","genProcessType":2,"genProcessTypeName":"Forecast","forecastTime":180,"surface1Type":103,"surface1TypeName":"Specified height level above ground","surface1Value":10.0,"surface2Type":255,"surface2TypeName":"Missing","surface2Value":0.0,"gridDefinitionTemplate":0,"gridDefinitionTemplateName":"Latitude_Longitude","numberPoints":615,"shape":6,"shapeName":"Earth spherical with radius of 6,371,229.0 m","gridUnits":"degrees","resolution":48,"winds":"true","scanMode":64,"nx":41,"ny":15,"basicAngle":0,"lo1":47.0,"la1":41.0,"lo2":87.0,"la2":55.0,"dx":1.0,"dy":1.0}, "data":
[rows 0 to 14 of 15, columns 0 to 40 of 41]
5.1387453,-0.9612549,2.608745,2.8187451,3.2487452,2.0087452,1.4587451,2.878745,1.7687451,-0.23125488,-1.5712548,-1.3112549,-2.901255,-3.0312548,-3.331255,-3.4412549,-1.9812549,-1.9612548,-3.621255,-3.161255,-2.101255,-0.22125489,0.8587451,-0.42125487,-0.81125486,-0.9212549,-2.4612548,-2.2312548,-0.6412549,-0.09125488,-1.6312549,1.6587452,1.2787452,0.9687451,0.018745117,1.4287452,1.2087451,2.4787452,2.4687452,0.6087451,-0.12125488
3.618745,-0.4612549,8.218745,3.158745,3.7587452,-0.5812549,1.6887451,0.94874513,0.39874512,0.30874512,-0.12125488,-0.9112549,-1.3912549,-2.7112548,-2.091255,-3.341255,-2.851255,-3.2712548,-1.8812549,-1.9912549,-1.6612549,-0.6712549,1.2887452,-2.351255,-0.8212549,1.5387452,-0.24125488,0.2787451,-0.29125488,-0.021254882,0.3487451,-0.5212549,0.6787451,-2.7312548,-0.29125488,-0.7112549,-0.32125488,-0.74125487,-1.8312548,-0.031254884,-3.541255
3.2187452,5.048745,2.5187452,3.7787452,0.07874512,-0.3412549,1.0687451,2.4787452,1.1887451,0.9087451,0.44874513,1.0587451,-0.5712549,-1.6012549,-2.541255,-1.5512549,-2.0112548,-1.2512549,-1.7712549,-1.2712549,1.9187452,-1.3712549,-3.4612548,-3.051255,0.74874514,-2.6912549,-1.0112549,0.33874512,0.5787451,-0.55125487,-1.4812549,0.87874514,-0.39125487,-0.7012549,-0.23125488,-0.06125488,-0.74125487,0.5887451,-0.7312549,1.2187451,1.6187451
6.478745,10.818745,9.428745,4.708745,1.1287451,2.7687452,2.928745,3.628745,3.5687451,2.458745,1.7687451,0.45874512,-1.8712549,-2.161255,-1.7512549,-1.8512549,-1.2412549,-1.0112549,-1.7212548,-1.7512549,-1.4812549,-1.9512548,-2.131255,-3.7312548,-3.7512548,-3.901255,-3.071255,-5.101255,-1.9512548,-1.2912549,-0.39125487,-2.851255,-2.9812548,-2.291255,-2.161255,-1.9412549,-1.1212549,2.188745,-0.7312549,-0.48125488,1.4687451
6.898745,11.198745,10.118745,9.738745,7.398745,5.238745,5.008745,4.238745,4.208745,3.7887452,0.8487451,-0.36125487,-1.4412549,-1.7112548,-1.2112548,-1.5012549,-1.1812549,-0.8612549,-1.5612549,-3.131255,-4.0712547,-3.891255,-4.201255,-3.7412548,-4.231255,-4.121255,-4.921255,-3.161255,-3.5212548,-2.7612548,-1.9712548,-2.541255,-1.8812549,1.8287451,-0.42125487,-1.0312549,2.5087452,-0.8412549,2.888745,-0.0012548828,0.18874511
4.858745,2.9687452,3.608745,6.1187453,6.228745,7.248745,7.3487453,4.768745,3.2987452,3.0387452,0.6387451,-1.1212549,-0.4612549,-1.7512549,-1.2012548,-1.0712548,-1.3612549,-1.4512548,-2.2312548,-2.051255,-2.661255,-2.4812548,-3.2512548,-3.2712548,-3.571255,-3.4912548,-2.411255,-4.411255,-2.831255,-2.091255,-0.48125488,-1.3412548,-2.571255,-1.9912549,-0.81125486,-0.16125488,-1.2412549,1.8387451,4.818745,-2.801255,-4.161255
4.488745,4.418745,5.008745,4.028745,3.098745,4.168745,6.028745,6.748745,3.7987452,3.458745,1.1987451,-0.2512549,-1.2812549,-1.4112549,-0.41125488,-1.4612548,-1.1812549,-0.80125487,-1.4112549,-1.3412548,-0.111254886,-0.20125489,-0.8612549,-0.18125488,0.62874514,-1.0712548,-0.7112549,-1.0212549,-1.5512549,-0.99125487,0.29874513,0.3187451,0.9087451,-1.5312549,-1.4612548,-1.2012548,-0.6712549,1.0987451,-0.12125488,0.6187451,4.3487453
5.838745,4.538745,4.818745,5.458745,5.068745,3.7387452,6.538745,4.208745,5.748745,2.868745,1.0387452,1.9587451,0.068745114,-0.09125488,-0.051254883,-0.6612549,-0.3412549,-0.031254884,-0.19125488,-0.2712549,0.7387451,1.6587452,2.188745,1.1087451,0.068745114,0.3187451,1.4487451,-0.7612549,1.0287452,1.7387451,1.4987451,2.348745,2.5787451,0.9787451,0.4087451,0.7787451,-0.6112549,1.5387452,3.0587451,3.598745,1.7387451
4.988745,5.6387453,5.508745,4.548745,4.8487453,4.288745,5.898745,6.008745,5.788745,4.708745,3.138745,0.7087451,0.9587451,0.3487451,-0.6012549,-0.051254883,0.4087451,-0.35125488,0.6187451,0.6187451,0.8487451,1.3187451,2.0687451,3.0087452,1.0387452,1.9087452,0.93874514,1.5287452,1.3387451,1.6787452,2.168745,2.638745,4.568745,2.668745,0.9787451,0.56874514,0.45874512,-0.13125488,-0.5112549,-1.0812548,-1.2412549
7.078745,5.998745,6.798745,4.878745,5.128745,4.918745,4.808745,4.858745,6.028745,6.418745,3.588745,2.698745,1.0487452,0.048745118,-0.69125485,0.32874513,-0.10125488,0.26874512,0.15874511,-0.5212549,-0.18125488,0.41874513,-0.20125489,1.3087451,1.7487451,1.5987451,2.0387452,2.848745,2.128745,3.2887452,4.318745,2.5587451,3.7487452,3.148745,1.0287452,-0.7212549,-1.8612549,-1.0612549,0.4787451,0.4387451,-0.011254882
7.8687453,7.128745,5.798745,5.498745,4.788745,4.568745,5.048745,3.2387452,5.278745,4.998745,5.318745,3.3187451,0.8587451,-0.0012548828,0.21874511,0.14874512,0.33874512,0.9087451,-0.4012549,-0.07125488,1.2487451,1.1887451,1.0287452,2.108745,1.2087451,1.5587451,2.4987452,3.158745,3.7587452,2.0087452,3.608745,4.958745,3.7287452,2.938745,1.6787452,-0.7212549,-1.2712549,0.038745116,1.1287451,1.3587451,0.5887451
8.598745,7.4287453,6.528745,5.758745,5.048745,5.188745,3.0687451,2.5487452,4.728745,5.278745,7.608745,5.1387453,-0.38125488,0.33874512,0.9087451,0.5387451,-0.09125488,-0.18125488,-0.4012549,0.19874512,0.2887451,1.1887451,0.24874511,0.26874512,1.6387451,2.958745,2.9987452,3.678745,2.168745,0.68874514,2.9687452,5.038745,2.928745,2.8287451,1.2787452,2.8287451,0.5787451,-0.32125488,0.14874512,1.0387452,0.098745115
6.778745,7.298745,5.828745,5.128745,4.528745,3.448745,3.7787452,5.148745,5.648745,4.558745,8.128745,0.9187451,-0.081254885,-0.5312549,-0.24125488,-0.8912549,-1.0912548,-1.5712548,-2.1912549,-1.5612549,-1.1412549,-0.3412549,0.87874514,1.2487451,3.0287452,3.0687451,3.7187452,1.5887451,0.13874511,3.398745,1.5987451,1.3587451,0.2787451,1.7987452,1.1287451,0.18874511,1.1187451,1.0087451,0.35874513,0.16874512,-1.5712548
7.108745,5.978745,5.918745,4.0987453,3.378745,3.4687452,3.958745,5.058745,4.5987453,6.768745,2.368745,-1.2912549,0.19874512,-0.8512549,-1.7812549,-2.551255,-2.6912549,-3.591255,-3.091255,-2.1912549,-0.33125487,0.4087451,0.07874512,1.0187451,0.26874512,-0.7212549,-0.35125488,0.48874512,1.4087452,2.858745,2.338745,2.448745,0.9587451,0.7087451,0.4687451,-0.24125488,-1.0612549,-1.9312549,-1.3512549,-0.44125488,-0.44125488
3.918745,2.398745,5.208745,1.9887451,2.5287452,4.078745,3.5087452,3.0687451,4.938745,9.248745,1.1387451,-2.071255,-1.8112549,-1.2412549,-2.9312549,-3.4512548,-4.371255,-3.541255,-2.811255,-1.8112549,-1.5312549,-0.6612549,-0.4912549,-0.7812549,-0.26125488,0.99874514,1.4987451,0.8587451,1.3087451,1.1287451,1.4387451,-0.20125489,-0.2512549,1.4787451,-1.4112549,-0.35125488,-1.4812549,-1.4412549,-0.9612549,0.098745115,-0.8912549
