wind_kz.json
{"header": {"discipline":0,"disciplineName":"Meteorological products","gribEdition":2,"gribLength":1025,"center":7,"centerName":"US National Weather Service - NCEP(WMC)","subcenter":0,"refTime":"2023-09-19T12:00:00.000Z","significanceOfRT":1,"significanceOfRTName":"Start of forecast","productStatus":0,"productStatusName":"Operational products","productType":1,"productTypeName":"Forecast products","productDefinitionTemplate":0,"productDefinitionTemplateName":"Analysis/forecast at horizontal level/layer at a point in time","parameterCategory":2,"parameterCategoryName":"UnknownDiscipline_0_Category_2","parameterNumber":3,"parameterNumberName":"UnknownParameter_D0_C2_3","parameterUnit":"Unknown","genProcessType":2,"genProcessTypeName":"Forecast","forecastTime":0,"surface1Type":103,"surface1TypeName":"Specified height level above ground","surface1Value":10.0,"surface2Type":255,"surface2TypeName":"Missing","surface2Value":0.0,"gridDefinitionTemplate":0,"gridDefinitionTemplateName":"Latitude_Longitude","numberPoints":615,"shape":6,"shapeName":"Earth spherical with radius of 6,371,229.0 m","gridUnits":"degrees","resolution":48,"winds":"true","scanMode":64,"nx":41,"ny":15,"basicAngle":0,"lo1":47.0,"la1":41.0,"lo2":87.0,"la2":55.0,"dx":1.0,"dy":1.0}, "data":
[rows 0 to 14 of 15, columns 0 to 40 of 41]
2.5473492,1.1573492,0.21734925,-0.86265075,-3.5726507,-3.6826508,-4.072651,-3.3726509,-4.612651,-5.2926507,-5.4126506,-5.302651,-3.2826507,-0.36265075,-1.2526507,-4.2926507,-4.492651,-5.382651,-3.8726509,0.21734925,-1.9726508,-0.8926508,-2.0026507,-0.68265074,4.6273494,2.6073492,1.3873492,2.0973492,-5.0826507,-0.48265076,0.5973492,2.8373492,0.10734925,0.22734924,0.48734924,-1.1826508,0.38734925,1.3573493,0.40734923,1.9273492,-0.55265075
-3.0126507,0.34734926,0.62734926,-2.4726508,-4.4526505,-3.6826508,-5.532651,-6.442651,-5.532651,-5.7526507,-4.5426507,-4.532651,-4.8926506,-4.322651,-8.42265,1.6273493,-2.5126507,-3.2826507,-2.6626508,-1.8726507,0.26734924,-3.0426507,-0.63265073,1.5373492,2.2373493,2.3273492,2.6773493,3.1973493,1.8073492,-0.93265074,-1.1826508,0.09734924,-0.87265074,-0.052650757,1.0973493,2.2073493,-0.8326508,2.4273493,1.8473493,1.5373492,1.6873492
0.35734925,1.4173492,-1.6126508,-3.1826508,-2.9826508,-4.2326508,-5.362651,-6.922651,-8.222651,-7.6626506,-7.1626506,-7.1026506,-5.112651,-2.7426507,-2.4326508,1.7473493,1.7373493,-0.57265073,0.46734923,-2.6326509,-3.8026507,-0.6526508,1.3073492,2.6573493,-1.0326507,-2.2826507,-3.6926508,-1.9126507,1.0873493,-0.42265075,-1.9126507,-2.9726508,-2.2126508,2.2473493,0.38734925,-1.0526508,0.80734926,-1.0026507,-1.3126508,0.6673492,2.1073492
-2.0826507,-0.81265074,-1.7626507,-3.1126509,-2.6826508,-5.822651,-6.0426507,-7.0026507,-8.272651,-7.4826508,-7.4126506,-7.442651,-4.192651,-3.0826507,-1.9926507,-2.6726508,6.3173494,5.927349,6.427349,-3.5226507,-4.322651,1.2673492,-0.5126507,-0.44265077,-2.5126507,0.20734924,0.7873492,-1.6726508,-0.19265075,-2.6226509,-3.7026508,-0.6426508,2.0573492,-1.5926508,-3.1426508,-0.27265075,1.1473492,3.0873492,-0.91265076,-0.35265076,-0.46265075
2.0273492,0.63734925,-1.6026508,-2.5926507,-3.1126509,-4.9326506,-6.172651,-6.6626506,-6.652651,-7.1226506,-8.34265,-9.652651,-2.7826507,-0.49265075,0.45734924,-0.48265076,-1.1526507,-2.5226507,3.3473492,-0.12265076,0.057349242,1.2373493,0.6673492,-0.102650754,2.3373492,2.4073493,-1.3826507,-3.4426508,-1.6026508,-0.63265073,-3.1526508,-2.7926507,0.62734926,0.21734925,0.44734925,-0.032650758,0.31734926,-0.61265075,0.39734924,1.2973492,-0.24265076
0.75734925,-2.1326509,3.1473494,1.7673492,-0.57265073,0.38734925,-2.0226507,-5.402651,-6.0026507,-7.3326507,-8.332651,-9.582651,-0.61265075,-5.342651,-5.4526505,-0.6526508,-3.6226509,-4.882651,-1.9626508,2.2073493,3.6273491,1.8173492,2.6373491,3.4373493,2.7473493,2.8273492,-0.062650755,-5.672651,-0.8326508,-0.97265077,-2.0026507,-2.9826508,-4.612651,-2.5226507,-1.7626507,-0.5826508,-2.2926507,2.1373491,4.9373493,1.1473492,0.77734923
0.42734924,-0.052650757,-1.0126507,-3.5526507,-5.282651,-5.5626507,-2.4126508,-3.2126508,-4.3926506,-6.7026505,-7.5626507,-5.1626506,-3.0626507,-3.7326508,-3.9226508,-5.242651,-6.672651,-7.3326507,1.0473492,1.7973492,4.9573493,-3.6726508,2.9973493,1.3673493,0.88734925,3.0373492,4.3173494,3.5073493,3.2173493,-0.30265075,-2.5726507,-2.4926507,-2.8226507,-0.78265077,0.33734924,-0.49265075,0.25734925,0.30734923,0.49734923,2.2673492,5.697349
-2.8326507,-1.7026508,-3.4026508,-3.0726507,-3.1926508,-4.782651,-4.282651,-3.3026507,-3.7726507,-3.6726508,-3.5726507,-5.382651,-3.0826507,-1.3726507,-2.1226509,-4.132651,-2.8026507,-5.4326506,-1.2626507,-4.9326506,-1.2326508,-6.4826508,1.5873493,1.8973492,0.30734923,1.8473493,0.77734923,0.96734923,0.31734926,-1.5926508,-2.1726508,-1.8226508,-3.4026508,-4.8126507,-2.1826508,-1.2426507,-1.5726508,-2.3126507,-0.102650754,0.99734926,3.1073492
-3.3426507,-2.9726508,-2.5926507,-2.3226507,-2.7326508,-2.1026506,-4.382651,-3.8826509,-4.0626507,-4.9826508,-4.072651,-3.3926508,-2.2026508,-2.3526506,-2.5626507,-0.42265075,-1.2026508,-1.3326508,-0.93265074,0.40734923,-3.0026507,-3.5126507,-4.9726505,-2.2326508,-1.3226508,-1.2326508,0.5473492,0.22734924,0.75734925,-0.8326508,-2.0726507,-3.3326507,-3.1126509,-3.4726508,-2.7826507,-2.2326508,-2.8526506,-1.0926508,-0.25265077,1.0573492,0.25734925
-5.032651,-4.822651,-4.922651,-1.5926508,-1.5726508,-0.20265076,-1.9226508,-4.152651,-1.9026507,-3.1226509,-3.7026508,-5.5226507,-3.5426507,-2.5526507,-2.7026508,1.2273493,1.6273493,2.2173493,3.4773493,1.1273493,0.8573492,-0.93265074,2.2173493,-2.4626508,-0.78265077,-1.9726508,-0.93265074,-1.2426507,-2.8026507,-2.0026507,-1.1926508,-0.7726508,-0.7726508,-1.3926507,-0.99265075,-1.8426508,-0.9526508,-1.0026507,0.15734924,1.0873493,0.28734925
-3.5326507,-5.3926506,-5.4726505,-2.6626508,-2.8226507,-3.9526508,-2.5226507,-2.8826509,-4.242651,-4.462651,-4.0826507,-2.6626508,-2.5626507,-2.9726508,-1.7826507,-0.79265076,1.7873492,1.4173492,2.9073493,3.3373492,1.9273492,3.2073493,-0.052650757,-1.0426507,-0.9526508,-0.11265076,-0.0026507569,-1.1326507,-0.092650756,-0.67265075,-2.9026508,-1.5126507,-2.3926508,-0.91265076,-1.4626508,-1.5526508,1.2673492,0.47734925,-1.8026508,-0.74265075,-0.29265076
-4.2926507,-4.032651,-4.6626506,-3.9426508,-4.152651,-5.4326506,-3.2226508,-3.4126508,-4.2526507,-5.462651,-4.422651,-3.6826508,-1.4326508,-0.94265074,-0.25265077,1.5673492,2.2373493,0.9873493,2.1073492,1.0473492,2.7373493,1.5073493,0.34734926,1.3873492,1.3773493,-1.8826507,-0.82265073,0.6073492,0.10734925,0.20734924,-0.66265076,-1.0926508,-0.14265075,-2.2026508,-0.29265076,-1.1426507,0.56734926,1.5573492,0.37734926,-0.41265076,-0.052650757
-2.7126508,-3.4426508,-4.7226505,-3.7326508,-4.742651,-3.0126507,-3.3626509,-4.6826506,-6.092651,-4.1226506,-2.5126507,-1.9726508,-2.2926507,0.24734925,1.7373493,2.8673491,2.7473493,2.4173493,2.6473494,1.4673493,1.4573493,-0.14265075,-0.62265074,1.9773493,0.99734926,1.2273493,-0.23265076,0.96734923,-0.5926508,2.1473494,0.39734924,-1.2526507,1.9473492,0.30734923,-1.9226508,0.08734924,-0.19265075,-0.57265073,0.9773492,-0.8926508,-1.4226508
-2.4426508,-3.1726508,-3.6126509,-3.8726509,-3.9526508,-4.462651,-4.7926507,-4.862651,-3.3426507,-2.1526508,-2.4826508,-2.8926508,-2.6826508,-0.092650756,2.8973494,3.9173493,2.1473494,1.5873493,-0.24265076,1.7673492,0.23734924,2.3873491,1.3373493,1.3073492,1.2973492,1.4573493,2.2873492,1.9873493,2.1973493,1.0573492,1.0673492,0.69734925,-1.2926507,-0.87265074,-1.3726507,0.82734925,-0.22265075,-1.9026507,-0.91265076,-1.0426507,-1.8926507
-1.5126507,-2.5826507,0.26734924,-3.6226509,-4.2926507,-4.492651,-4.8726506,-4.7026505,-4.3726506,-3.5626507,-3.3526506,-1.6226507,-2.2326508,-3.1726508,-2.3226507,-1.5626508,0.64734924,2.2073493,2.0473492,2.6573493,1.6173493,3.4873493,-0.34265077,2.1273491,2.2673492,1.9973493,2.1673493,2.7973492,1.3673493,0.19734925,2.8273492,0.21734925,-0.6426508,0.057349242,-0.72265077,1.8673493,0.27734923,-1.1226507,-0.98265076,-2.4426508,-1.7726507
