wind_kz.json
{"header": {"discipline":0,"disciplineName":"Meteorological products","gribEdition":2,"gribLength":1025,"center":7,"centerName":"US National Weather Service - NCEP(WMC)","subcenter":0,"refTime":"2024-04-07T12:00:00.000Z","significanceOfRT":1,"significanceOfRTName":"Start of forecast","productStatus":0,"productStatusName":"Operational products","productType":1,"productTypeName":"Forecast products","productDefinitionTemplate":0,"productDefinitionTemplateName":"Analysis/forecast at horizontal level/layer at a point in time","parameterCategory":2,"parameterCategoryName":"UnknownDiscipline_0_Category_2","parameterNumber":2,"parameterNumberName":"UnknownParameter_D0_C2_2","parameterUnit":"Unknown","genProcessType":2,"genProcessTypeName":"Forecast","forecastTime":60,"surface1Type":103,"surface1TypeName":"Specified height level above ground","surface1Value":10.0,"surface2Type":255,"surface2TypeName":"Missing","surface2Value":0.0,"gridDefinitionTemplate":0,"gridDefinitionTemplateName":"Latitude_Longitude","numberPoints":615,"shape":6,"shapeName":"Earth spherical with radius of 6,371,229.0 m","gridUnits":"degrees","resolution":48,"winds":"true","scanMode":64,"nx":41,"ny":15,"basicAngle":0,"lo1":47.0,"la1":41.0,"lo2":87.0,"la2":55.0,"dx":1.0,"dy":1.0}, "data":
[rows 0 to 14 of 15, columns 0 to 40 of 41]
-0.52691406,-0.46691406,0.71308595,-5.376914,-0.98691404,-2.9669142,-5.8669143,-6.876914,-7.956914,-4.6169143,-5.056914,-5.006914,-4.456914,-3.936914,-3.076914,-3.0269141,-2.286914,-2.2469141,-3.676914,-3.566914,-3.5169141,-1.736914,-0.83691406,-2.856914,0.46308595,-1.216914,-1.976914,0.66308594,1.1630859,0.54308593,1.013086,2.5230858,2.703086,0.65308595,-2.206914,0.08308594,-0.90691406,-0.046914063,1.3430859,1.1630859,0.6930859
2.353086,1.6630859,-6.466914,-7.246914,-3.646914,-4.416914,-3.836914,-7.776914,-4.686914,-4.6169143,-4.0969143,-4.536914,-3.336914,-2.376914,-2.406914,-2.886914,-2.0269141,-3.336914,-2.9869142,-2.5069141,-2.7469141,-2.2169142,-1.396914,-4.196914,-0.22691406,0.19308594,-0.7569141,1.893086,0.7530859,0.98308593,-0.06691406,-0.18691406,2.133086,-2.066914,0.42308593,-0.026914062,-0.18691406,0.70308596,-0.92691404,2.653086,-3.646914
-1.016914,-4.956914,-7.066914,-6.196914,-6.766914,-5.656914,-4.746914,-2.926914,-4.156914,-3.556914,-2.686914,-2.886914,-2.166914,-2.126914,-2.426914,-2.166914,-2.676914,-1.516914,-1.5469141,-1.3069141,-0.8269141,-0.12691407,-1.986914,-1.266914,1.1630859,0.9430859,-0.42691407,-0.49691406,-3.356914,-0.22691406,-1.466914,2.393086,-0.5669141,1.6730859,2.943086,0.39308593,-0.48691407,-0.06691406,3.873086,1.633086,-0.21691406
-5.196914,-6.656914,-6.106914,-7.006914,-6.016914,-4.446914,-2.176914,-1.5769141,-0.44691408,-0.47691405,-0.39691406,0.57308596,0.72308594,0.11308594,-0.73691404,-0.60691404,-0.15691406,-0.06691406,-0.44691408,-0.18691406,0.21308593,-0.40691406,2.413086,1.5530859,1.5730859,2.403086,1.7230859,0.12308594,1.113086,3.433086,-0.72691405,-0.016914062,4.463086,9.323086,5.823086,1.133086,1.023086,2.643086,-1.246914,0.66308594,5.683086
-5.836914,-7.046914,-6.856914,-6.6369143,-5.236914,-3.896914,-3.406914,-2.0169141,-2.166914,-0.43691406,0.89308596,2.333086,3.183086,3.853086,3.323086,2.863086,2.863086,2.683086,2.333086,2.4830859,1.7230859,2.193086,2.843086,2.403086,2.703086,2.7230859,0.98308593,5.413086,4.8630857,3.583086,2.103086,-0.95691407,1.4630859,1.3130859,2.2230859,-3.0169141,7.033086,1.253086,0.11308594,2.933086,-1.116914
-3.806914,-3.396914,-4.276914,-3.806914,-3.7169142,-3.066914,-2.4669142,-1.636914,-0.37691405,1.383086,2.453086,2.7330859,3.4730859,4.303086,3.613086,3.863086,4.603086,3.923086,5.013086,4.1530857,3.403086,3.213086,3.323086,3.163086,3.383086,3.323086,3.5130858,3.463086,5.953086,6.053086,5.483086,5.683086,6.243086,6.603086,3.583086,-0.72691405,6.293086,7.663086,11.793086,7.483086,-3.4869142
-1.2969141,-1.126914,-0.026914062,0.5630859,1.483086,2.103086,2.563086,2.863086,3.0030859,3.593086,3.7430859,3.403086,4.413086,4.523086,4.3830857,5.263086,5.1330857,6.1130857,5.683086,5.073086,4.983086,5.043086,3.613086,3.163086,3.633086,4.053086,4.733086,4.243086,3.7530859,2.843086,3.933086,3.953086,5.433086,6.453086,1.403086,-1.626914,0.5630859,0.45308593,3.093086,0.103085935,4.753086
2.423086,2.813086,3.313086,3.5130858,3.7830858,4.283086,4.373086,3.183086,4.513086,4.293086,4.3830857,6.193086,6.103086,5.6130857,5.073086,5.333086,4.443086,4.163086,3.913086,4.243086,7.143086,5.213086,4.973086,3.453086,4.263086,3.143086,5.093086,5.563086,6.163086,7.003086,7.473086,7.103086,6.093086,3.2330859,3.303086,3.713086,4.483086,1.893086,2.9730859,3.0130858,1.5630859
3.573086,4.033086,4.093086,3.9730859,3.643086,3.5030859,3.4830859,3.363086,3.4830859,4.433086,4.923086,3.343086,4.753086,3.4830859,3.7230859,2.9730859,3.4830859,2.443086,3.303086,2.903086,3.883086,5.543086,4.543086,5.1330857,3.893086,3.673086,4.003086,5.583086,5.423086,6.273086,7.263086,6.9030857,9.3530855,5.3630857,5.733086,2.543086,-0.64691406,-0.97691405,0.053085938,0.51308596,0.37308595
2.9730859,3.5230858,3.543086,3.453086,3.623086,3.553086,3.2530859,3.073086,3.603086,3.933086,4.043086,3.553086,3.5130858,3.873086,3.553086,3.143086,2.5230858,2.673086,3.383086,3.463086,3.7230859,3.933086,5.313086,5.393086,4.733086,4.263086,4.423086,6.143086,7.303086,9.093086,7.563086,7.1330857,5.723086,7.093086,5.913086,1.403086,-1.5869141,-0.89691406,1.623086,0.29308593,-0.08691406
3.443086,3.623086,3.373086,3.573086,3.423086,3.4930859,3.873086,3.613086,3.2430859,3.383086,2.903086,3.363086,3.0030859,3.293086,3.363086,3.683086,3.4830859,3.883086,3.113086,3.7730858,3.893086,3.663086,3.4830859,4.023086,3.053086,3.203086,5.743086,7.103086,7.703086,7.473086,7.103086,6.423086,7.223086,6.323086,6.053086,2.813086,1.013086,0.90308595,-0.66691405,0.28308594,-0.026914062
2.463086,3.143086,3.633086,3.433086,3.7530859,3.353086,4.393086,5.1130857,3.7230859,2.7230859,1.013086,2.903086,2.373086,3.063086,3.583086,3.4730859,3.903086,3.833086,2.343086,3.423086,3.063086,3.2830858,3.183086,3.183086,5.753086,3.633086,5.873086,6.493086,7.693086,7.303086,5.173086,5.173086,4.773086,5.923086,3.7330859,3.7230859,4.533086,5.273086,2.213086,-0.39691406,-0.5569141
2.403086,2.573086,1.603086,2.393086,2.7430859,2.633086,4.993086,4.623086,1.7230859,0.54308593,0.88308597,2.2430859,2.613086,2.953086,2.673086,2.7630858,2.913086,2.913086,2.843086,2.653086,3.4830859,3.043086,5.163086,1.763086,4.073086,5.873086,4.603086,5.373086,6.793086,5.163086,5.263086,4.423086,3.2430859,2.853086,3.553086,4.663086,4.673086,5.4030857,5.293086,2.0030859,1.8330859
1.243086,0.49308595,1.613086,1.903086,2.123086,2.583086,3.403086,3.053086,3.0130858,2.423086,0.5030859,1.4230859,2.103086,2.563086,2.4730859,2.5330858,2.183086,2.5230858,2.353086,3.5030859,4.183086,2.853086,4.913086,2.933086,3.4730859,3.143086,3.573086,2.843086,1.3330859,1.3230859,3.5230858,3.053086,2.603086,4.1130857,4.1530857,4.453086,3.713086,3.393086,3.5230858,1.243086,0.90308595
-0.53691405,1.3030859,1.8130859,2.2330859,2.653086,2.203086,2.953086,2.883086,3.693086,3.293086,2.0030859,3.873086,1.373086,-0.40691406,0.46308595,0.73308593,2.453086,2.9730859,3.193086,2.9930859,3.7730858,3.7530859,3.663086,3.2830858,2.073086,2.543086,2.563086,2.613086,1.273086,0.6230859,1.7930859,1.4630859,2.0030859,3.463086,4.813086,4.783086,4.183086,5.233086,4.393086,0.41308594,-0.05691406
