wind_kz.json
{"header": {"discipline":0,"disciplineName":"Meteorological products","gribEdition":2,"gribLength":1025,"center":7,"centerName":"US National Weather Service - NCEP(WMC)","subcenter":0,"refTime":"2023-08-24T00:00:00.000Z","significanceOfRT":1,"significanceOfRTName":"Start of forecast","productStatus":0,"productStatusName":"Operational products","productType":1,"productTypeName":"Forecast products","productDefinitionTemplate":0,"productDefinitionTemplateName":"Analysis/forecast at horizontal level/layer at a point in time","parameterCategory":2,"parameterCategoryName":"UnknownDiscipline_0_Category_2","parameterNumber":2,"parameterNumberName":"UnknownParameter_D0_C2_2","parameterUnit":"Unknown","genProcessType":2,"genProcessTypeName":"Forecast","forecastTime":180,"surface1Type":103,"surface1TypeName":"Specified height level above ground","surface1Value":10.0,"surface2Type":255,"surface2TypeName":"Missing","surface2Value":0.0,"gridDefinitionTemplate":0,"gridDefinitionTemplateName":"Latitude_Longitude","numberPoints":615,"shape":6,"shapeName":"Earth spherical with radius of 6,371,229.0 m","gridUnits":"degrees","resolution":48,"winds":"true","scanMode":64,"nx":41,"ny":15,"basicAngle":0,"lo1":47.0,"la1":41.0,"lo2":87.0,"la2":55.0,"dx":1.0,"dy":1.0}, "data":
[rows 0 to 14 of 15, columns 0 to 40 of 41]
2.8057282,1.6957282,0.16572815,-5.944272,-3.0142717,1.1957282,-2.1642718,-4.5142717,-4.6342716,-2.8642719,-3.804272,-4.1342716,-3.6242719,-2.4642718,-1.5542718,-2.4142718,-2.4342718,-3.4642718,-3.344272,-3.324272,-2.4742718,0.34572816,2.7757282,3.0657282,2.3557281,1.8257282,2.895728,3.3257282,2.2957282,1.2657281,0.43572816,1.4157281,-1.3242718,-1.9342718,2.8557281,0.74572814,0.68572813,2.4857283,1.5557282,-0.8542718,-0.05427185
-0.13427185,-0.15427186,-4.2642717,-8.154272,-3.9242718,0.6957281,-2.9642718,-3.4242718,-3.774272,-3.7442718,-5.434272,-3.1442719,-1.8342719,-2.774272,-2.314272,-0.94427186,0.46572816,-1.3042718,-2.314272,-1.9442718,-1.7442719,0.28572816,1.0257281,2.155728,2.5757282,0.53572816,1.4457282,3.155728,3.3057282,3.0357282,2.655728,3.2357283,0.52572817,-1.6942718,0.18572815,0.11572815,1.5257281,-1.5742718,0.67572814,3.0857282,-1.3942719
-4.564272,-5.584272,-7.834272,-6.964272,-4.9942718,-2.2442718,-3.2242718,-3.074272,-3.4642718,-3.064272,-2.9142718,-2.334272,-3.554272,-3.6342719,-2.4342718,-2.074272,-1.3642719,-0.50427186,-1.1242719,-1.6342719,0.59572816,1.5957282,-0.71427184,-1.0142719,-2.304272,-2.334272,-2.3842719,1.8457282,3.905728,-0.7342718,0.67572814,-3.334272,0.54572815,-1.4142718,-2.1342719,-0.05427185,0.20572814,2.8757281,3.685728,0.26572815,0.52572817
-5.8842716,-5.6142716,-5.914272,-4.7842717,1.0457282,-1.1042719,-2.314272,-0.96427184,-1.3942719,-1.8242718,-1.3342719,-3.104272,-5.204272,-2.4042718,1.4257282,-0.33427185,-1.8442719,-0.06427185,-0.03427185,-0.23427185,1.8557281,-4.3242717,-0.10427185,0.06572815,0.41572815,-0.39427185,0.66572815,3.7657282,-4.334272,-1.3842719,1.5557282,0.23572814,1.5057281,1.2957282,1.2457281,2.3557281,1.3157282,1.4157281,-1.9442718,-1.0242718,0.55572814
-6.3842716,-5.214272,-4.064272,-0.03427185,-1.2942718,-0.6742718,0.23572814,0.33572814,0.085728146,1.0757282,1.7957282,-1.2542719,-0.88427186,2.1057281,2.685728,5.4657283,1.1457281,1.2257282,-0.04427185,1.0257281,0.55572814,1.7457281,1.1857282,2.2757282,2.8457282,2.435728,3.8357282,-3.294272,2.0157282,-0.46427184,0.19572815,1.6957282,0.44572815,3.3757281,-3.8842719,-1.4642719,6.595728,0.97572815,2.7357283,0.27572814,4.065728
-4.3642716,-2.074272,-1.8042718,-0.51427186,-0.08427185,-0.76427186,3.9857283,1.5957282,2.0257282,2.8157282,2.5857282,3.3157282,0.60572815,3.0457282,4.4857283,4.815728,2.225728,2.4857283,2.705728,1.9557282,2.9957283,1.1357281,1.7357281,3.2557282,2.5057282,1.8957281,2.185728,-3.024272,3.155728,2.7657282,1.7357281,-1.8142718,1.1757282,2.395728,-0.47427186,2.0457282,1.2057282,4.415728,10.085728,3.455728,4.1957283
-1.1242719,1.3257282,-1.9942719,-0.40427184,1.4857281,3.4957283,4.1357284,4.335728,2.3857281,5.125728,2.7457283,4.995728,4.575728,5.3657284,4.6357284,5.015728,6.3657284,5.4657283,5.4457283,4.645728,4.805728,4.4057283,4.225728,3.0657282,4.0057282,3.8257282,3.915728,3.6057281,3.685728,3.935728,4.5057282,4.5057282,2.2957282,2.435728,3.165728,2.8357282,3.0957282,-0.84427184,2.8457282,-1.4042718,3.1157281
1.6157281,2.165728,2.2857282,4.105728,5.2157283,2.8757281,0.19572815,-1.4442718,3.215728,4.305728,2.7957282,6.825728,8.655728,6.605728,6.335728,6.125728,7.315728,6.355728,6.725728,6.825728,5.555728,5.775728,5.775728,5.535728,5.565728,5.805728,6.075728,6.625728,3.5657282,4.3857284,4.565728,5.025728,3.455728,2.4857283,3.5957282,4.815728,-1.7242719,2.0757282,4.645728,6.6357284,6.435728
2.8657281,3.2557282,4.085728,5.1157284,6.725728,9.345728,5.2357283,6.725728,8.355728,7.7357283,8.045728,6.765728,10.305728,7.295728,6.625728,8.195728,5.265728,4.815728,5.065728,5.995728,6.265728,5.585728,5.295728,5.165728,5.205728,6.6557283,5.795728,5.515728,5.705728,5.2557282,3.405728,4.585728,4.305728,3.2757282,2.3257282,0.04572815,1.5357281,1.7357281,1.0257281,0.15572815,1.6857282
0.54572815,0.60572815,1.7057282,2.155728,3.8257282,3.7557282,5.9857283,7.6757283,7.305728,8.735728,8.845728,8.715728,4.9657283,8.055728,6.095728,6.045728,7.045728,5.935728,3.8657281,5.325728,4.625728,6.355728,6.835728,7.065728,6.825728,6.4857283,5.745728,6.225728,2.8457282,7.105728,6.775728,5.625728,2.655728,0.49572814,0.5057281,1.3457282,0.085728146,1.1757282,2.1257281,0.87572813,1.5457282
0.93572813,1.3257282,1.4457282,1.8957281,3.0757282,3.225728,3.1257281,2.3457282,3.225728,5.035728,5.545728,4.7557282,4.8857284,5.645728,4.455728,2.2657282,2.2557282,1.1457281,4.685728,4.835728,4.1957283,8.175728,7.435728,6.685728,2.905728,5.285728,6.6357284,6.415728,6.795728,7.855728,5.9057283,4.4857283,4.395728,3.4857283,3.9957283,3.925728,-1.0242718,1.5857282,0.43572816,-1.3342719,-1.1642718
2.0657282,1.0457282,2.8757281,2.425728,2.8857281,2.905728,3.395728,3.5657282,4.345728,1.8657281,1.0657282,0.74572814,0.61572814,1.8957281,3.435728,4.045728,4.3857284,3.0757282,2.2557282,4.5057282,4.9457283,6.4257283,5.315728,5.525728,5.535728,6.075728,5.035728,5.845728,5.495728,5.3657284,3.8257282,4.145728,3.165728,2.8457282,2.8757281,4.1357284,-4.794272,-1.6142719,-0.45427185,-1.2042718,-0.77427185
2.8657281,3.225728,3.695728,2.435728,4.335728,3.405728,4.8657284,4.745728,3.3757281,1.8557281,0.32572815,3.685728,2.5657282,2.415728,4.325728,2.7857282,4.1157284,4.525728,5.075728,5.4457283,4.4657283,3.9857283,4.515728,5.4057283,7.435728,5.8657284,3.175728,5.685728,4.205728,-0.12427185,3.5857282,1.0657282,3.0157282,2.935728,2.7357283,0.87572813,-1.3442719,-1.8942719,0.41572815,1.3757281,0.26572815
1.9357282,3.205728,3.695728,4.515728,4.2157283,2.5057282,0.99572814,-2.2142718,3.435728,2.2557282,1.5257281,3.6257281,4.455728,3.2557282,3.7557282,4.555728,3.8857281,3.645728,4.205728,4.775728,4.595728,4.875728,5.125728,5.2557282,4.745728,4.775728,5.265728,3.9957283,2.6157281,1.5257281,2.685728,0.26572815,2.0957282,1.8157282,2.6157281,2.0957282,-0.70427185,-1.7742718,0.53572816,0.85572815,2.145728
1.1357281,2.8657281,4.075728,4.1757283,3.8657281,4.3657284,4.845728,4.395728,5.1757283,6.1157284,3.215728,4.765728,4.065728,4.305728,5.275728,5.395728,6.045728,5.4457283,5.6157284,5.275728,4.545728,4.725728,4.6157284,4.975728,3.0857282,4.2157283,0.16572815,3.5957282,1.3657281,2.0457282,-2.2042718,3.415728,0.79572815,2.7957282,1.6157281,3.3257282,-0.9842718,-0.13427185,0.15572815,1.4057281,1.2257282
