wind_kz.json
{"header": {"discipline":0,"disciplineName":"Meteorological products","gribEdition":2,"gribLength":871,"center":7,"centerName":"US National Weather Service - NCEP(WMC)","subcenter":0,"refTime":"2023-08-28T12:00:00.000Z","significanceOfRT":1,"significanceOfRTName":"Start of forecast","productStatus":0,"productStatusName":"Operational products","productType":1,"productTypeName":"Forecast products","productDefinitionTemplate":0,"productDefinitionTemplateName":"Analysis/forecast at horizontal level/layer at a point in time","parameterCategory":0,"parameterCategoryName":"UnknownDiscipline_0_Category_0","parameterNumber":0,"parameterNumberName":"UnknownParameter_D0_C0_0","parameterUnit":"Unknown","genProcessType":2,"genProcessTypeName":"Forecast","forecastTime":0,"surface1Type":1,"surface1TypeName":"Ground or water surface","surface1Value":0.0,"surface2Type":255,"surface2TypeName":"Missing","surface2Value":0.0,"gridDefinitionTemplate":0,"gridDefinitionTemplateName":"Latitude_Longitude","numberPoints":615,"shape":6,"shapeName":"Earth spherical with radius of 6,371,229.0 m","gridUnits":"degrees","resolution":48,"winds":"true","scanMode":64,"nx":41,"ny":15,"basicAngle":0,"lo1":47.0,"la1":41.0,"lo2":87.0,"la2":55.0,"dx":1.0,"dy":1.0}, "data":
[rows 0 to 14 of 15, columns 0 to 40 of 41]
313.1601,299.36008,306.76007,299.5601,299.26007,298.0601,309.0601,320.26007,315.36008,314.6601,312.46008,312.86008,311.26007,309.6601,309.6601,309.26007,309.96008,308.76007,309.36008,309.0601,308.0601,303.1601,301.96008,299.76007,296.86008,296.6601,292.76007,277.26007,278.0601,275.5601,274.6601,277.96008,294.76007,302.5601,305.76007,305.1601,306.0601,306.26007,305.86008,307.96008,306.46008
291.6601,305.46008,300.5601,299.96008,299.76007,297.86008,315.36008,315.5601,312.5601,311.76007,311.46008,309.86008,308.5601,306.26007,307.6601,308.36008,307.46008,308.76007,306.76007,308.0601,307.6601,303.76007,300.36008,290.86008,281.6601,277.1601,288.86008,282.6601,283.1601,275.6601,281.6601,273.76007,279.5601,270.96008,282.96008,300.26007,299.86008,301.5601,306.26007,297.1601,284.36008
308.5601,300.1601,300.6601,299.6601,297.96008,308.76007,306.5601,311.6601,310.46008,309.46008,308.5601,308.86008,306.46008,307.76007,307.6601,307.46008,306.26007,305.46008,306.1601,306.76007,306.26007,304.26007,301.46008,292.86008,299.46008,296.46008,294.26007,288.0601,286.76007,281.0601,272.26007,275.76007,280.86008,282.1601,283.26007,286.26007,279.76007,283.76007,287.46008,284.46008,283.46008
310.36008,300.0601,301.26007,299.46008,300.1601,309.96008,310.76007,310.0601,309.46008,308.46008,307.76007,306.5601,295.76007,295.26007,306.6601,306.5601,305.26007,306.26007,306.36008,306.26007,302.86008,299.1601,302.96008,301.76007,301.36008,301.0601,299.46008,294.96008,290.1601,293.76007,292.1601,289.36008,294.26007,292.96008,292.86008,286.0601,281.6601,282.26007,287.1601,296.5601,301.26007
315.0601,298.46008,299.0601,298.26007,303.26007,308.96008,309.76007,311.0601,309.26007,307.96008,306.26007,301.26007,295.46008,293.96008,291.6601,303.46008,305.46008,302.46008,301.96008,303.26007,304.26007,304.5601,302.5601,301.46008,301.6601,301.1601,300.6601,298.36008,299.5601,297.5601,299.36008,296.1601,281.46008,273.6601,285.0601,294.46008,293.96008,301.76007,302.26007,303.96008,304.86008
314.1601,311.36008,296.76007,296.5601,297.46008,297.0601,307.26007,304.26007,299.26007,304.1601,298.26007,294.86008,294.5601,294.86008,297.46008,299.0601,302.46008,304.1601,303.46008,303.36008,302.36008,301.0601,299.86008,299.46008,295.36008,298.1601,299.36008,293.1601,299.46008,299.76007,301.46008,299.96008,296.96008,293.46008,289.86008,291.76007,284.26007,286.1601,294.36008,302.76007,303.96008
305.0601,308.36008,309.5601,307.86008,303.26007,302.0601,302.6601,298.86008,298.6601,300.5601,296.76007,292.5601,290.46008,294.46008,298.36008,298.86008,300.86008,302.5601,301.86008,301.46008,299.6601,299.46008,299.1601,298.0601,292.1601,291.5601,294.96008,296.96008,298.5601,299.76007,297.76007,296.1601,297.0601,298.6601,294.26007,291.5601,286.5601,285.46008,285.96008,290.0601,296.0601
302.5601,306.76007,302.1601,299.0601,305.96008,307.86008,307.1601,304.46008,301.0601,296.46008,295.76007,294.96008,293.0601,290.36008,291.46008,296.46008,299.86008,297.96008,297.1601,294.26007,295.0601,293.76007,295.36008,295.5601,293.5601,290.76007,288.26007,295.1601,294.26007,297.36008,295.96008,295.6601,293.1601,293.6601,291.96008,294.0601,291.26007,289.46008,296.76007,297.46008,296.5601
298.76007,296.5601,300.0601,299.76007,305.5601,304.6601,299.96008,299.86008,296.76007,294.46008,296.5601,293.46008,297.6601,291.96008,289.1601,290.5601,294.0601,295.96008,295.76007,293.36008,290.46008,293.96008,295.26007,293.36008,293.1601,293.26007,287.46008,288.36008,290.0601,291.0601,293.1601,293.46008,295.1601,295.26007,294.86008,291.6601,289.46008,291.36008,285.86008,288.76007,287.96008
302.86008,300.36008,299.36008,295.86008,294.46008,292.46008,296.0601,292.96008,290.96008,289.86008,289.0601,291.76007,293.1601,289.76007,290.96008,289.46008,290.1601,289.1601,290.1601,288.96008,288.26007,293.26007,291.96008,292.86008,293.36008,294.26007,289.46008,287.46008,289.5601,293.26007,294.6601,296.5601,297.96008,297.6601,296.0601,292.0601,287.96008,285.86008,288.1601,289.86008,289.26007
296.26007,296.36008,295.0601,291.1601,289.96008,293.0601,292.26007,292.26007,288.76007,288.76007,287.46008,289.46008,288.26007,285.6601,286.96008,286.76007,288.46008,288.5601,288.1601,288.1601,289.96008,291.5601,291.5601,289.36008,289.36008,293.46008,290.0601,289.6601,292.26007,296.36008,295.46008,298.5601,297.36008,297.1601,296.6601,290.96008,286.26007,288.36008,289.36008,289.6601,291.1601
294.96008,295.0601,295.96008,291.5601,287.26007,287.36008,285.5601,289.76007,289.1601,288.6601,286.36008,286.1601,288.0601,288.1601,285.0601,286.46008,285.96008,287.0601,288.1601,290.26007,291.6601,287.96008,289.5601,287.5601,288.96008,288.6601,289.1601,292.1601,293.86008,296.46008,296.86008,295.26007,296.26007,293.6601,293.46008,293.1601,293.1601,293.6601,290.46008,292.36008,290.76007
290.46008,291.5601,287.96008,287.76007,287.0601,286.96008,287.96008,289.86008,287.86008,287.5601,285.36008,284.76007,285.76007,287.46008,285.76007,284.76007,285.6601,287.0601,288.5601,292.86008,292.86008,288.76007,288.76007,288.96008,286.5601,286.76007,288.6601,293.26007,294.46008,295.26007,297.86008,296.5601,295.46008,297.1601,296.46008,291.5601,291.26007,293.36008,291.0601,293.0601,292.36008
290.86008,287.36008,289.26007,287.86008,285.0601,283.86008,285.5601,282.0601,281.6601,285.36008,281.46008,279.5601,285.0601,286.36008,284.26007,284.36008,284.96008,288.1601,291.86008,290.96008,291.96008,293.1601,291.76007,290.0601,289.5601,291.0601,291.5601,291.0601,293.76007,292.96008,295.26007,294.96008,294.5601,293.6601,292.6601,289.46008,289.5601,292.0601,294.1601,292.1601,294.5601
287.26007,288.26007,290.76007,284.76007,281.96008,281.1601,280.6601,280.46008,281.5601,281.76007,281.46008,281.76007,279.1601,283.6601,286.46008,284.0601,284.96008,287.96008,293.6601,293.5601,292.1601,293.46008,291.36008,287.5601,285.46008,287.86008,291.1601,292.26007,290.96008,293.1601,291.96008,289.96008,291.96008,291.0601,291.0601,289.46008,289.76007,290.36008,294.1601,293.86008,296.86008
