wind_kz.json
{"header": {"discipline":0,"disciplineName":"Meteorological products","gribEdition":2,"gribLength":1025,"center":7,"centerName":"US National Weather Service - NCEP(WMC)","subcenter":0,"refTime":"2023-08-07T12:00:00.000Z","significanceOfRT":1,"significanceOfRTName":"Start of forecast","productStatus":0,"productStatusName":"Operational products","productType":1,"productTypeName":"Forecast products","productDefinitionTemplate":0,"productDefinitionTemplateName":"Analysis/forecast at horizontal level/layer at a point in time","parameterCategory":2,"parameterCategoryName":"UnknownDiscipline_0_Category_2","parameterNumber":3,"parameterNumberName":"UnknownParameter_D0_C2_3","parameterUnit":"Unknown","genProcessType":2,"genProcessTypeName":"Forecast","forecastTime":120,"surface1Type":103,"surface1TypeName":"Specified height level above ground","surface1Value":10.0,"surface2Type":255,"surface2TypeName":"Missing","surface2Value":0.0,"gridDefinitionTemplate":0,"gridDefinitionTemplateName":"Latitude_Longitude","numberPoints":615,"shape":6,"shapeName":"Earth spherical with radius of 6,371,229.0 m","gridUnits":"degrees","resolution":48,"winds":"true","scanMode":64,"nx":41,"ny":15,"basicAngle":0,"lo1":47.0,"la1":41.0,"lo2":87.0,"la2":55.0,"dx":1.0,"dy":1.0}, "data":
[rows 0 to 14 of 15, columns 0 to 40 of 41]
2.9392653,3.379265,6.079265,5.329265,2.0392652,-2.5107348,-3.0107348,0.13926513,-0.10073486,-2.7707348,-6.570735,-8.450735,-9.890735,-8.480735,-8.810735,-9.120735,-9.080735,-8.070735,-8.940735,-8.930735,-8.480735,-5.770735,-4.1407347,-3.320735,0.16926514,3.679265,2.6992652,3.6992652,-2.8007348,-6.4107347,-4.490735,-2.570735,3.4992652,4.709265,2.909265,-7.270735,-0.90073484,0.86926514,-4.820735,-6.1207347,-6.840735
-0.84073484,1.4192652,5.1892653,4.6692653,2.609265,-2.2307348,1.2692652,1.0792651,-0.63073486,-3.5007348,-7.130735,-9.260735,-9.400735,-8.370735,-8.870735,-9.0907345,-9.5507345,-9.400735,-9.860735,-10.390735,-10.430735,-10.000735,-4.700735,-3.6807349,0.92926514,3.4792652,3.079265,1.7192651,7.6092653,-1.4207349,-3.620735,-2.320735,-0.080734864,0.059265137,2.159265,-3.7207348,-7.590735,-5.780735,1.4392651,-0.050734863,-1.2207348
1.2992651,4.6492653,4.719265,3.139265,2.879265,4.789265,3.159265,1.3292651,-0.9107349,-2.9907348,-5.820735,-8.610735,-8.900735,-10.0907345,-8.710735,-8.990735,-9.140735,-9.5507345,-9.990735,-10.440735,-10.830735,-9.8007345,-9.880734,-7.6607347,-4.450735,-2.320735,1.3592651,3.859265,-3.140735,-2.5407348,-1.2907349,-1.0907348,-5.500735,1.5292652,-0.15073486,-4.480735,0.5092651,0.13926513,0.74926513,1.2292651,-0.7407349
6.1292653,4.469265,4.3192654,4.559265,4.269265,3.9892652,3.3192651,0.8992651,-0.76073486,-1.1307349,-4.020735,-6.170735,-8.040735,-9.860735,-9.830735,-8.850735,-9.040735,-9.780735,-9.5507345,-9.8407345,-9.3407345,-10.140735,-8.570735,-7.6007347,-9.280735,-5.480735,-7.400735,-3.910735,-6.900735,-8.170734,-6.3707347,-2.130735,-4.290735,-0.35073486,1.7792652,0.65926516,2.2492652,0.6992651,-1.4107349,-1.5607349,-2.4607348
6.049265,3.6892653,3.3192651,0.5192651,0.17926514,4.469265,1.1392652,0.29926515,-1.1207348,-1.4907348,-1.3307348,-1.4307349,-4.730735,-8.8007345,-5.090735,-8.210735,-9.040735,-9.450735,-9.180735,-8.940735,-8.250735,-8.660735,-7.320735,-3.9507349,-5.630735,-5.510735,-6.880735,-10.310735,-6.1207347,-6.480735,-5.570735,-2.9507349,-3.380735,0.47926512,1.7592652,-5.420735,-12.640735,-4.960735,-3.570735,-0.47073486,-1.0307349
6.529265,5.279265,-0.5507349,-2.2307348,-3.4807348,-4.040735,-2.2007349,0.9492651,-0.31073487,-1.8907349,-2.7407348,-3.670735,0.46926513,1.7792652,-6.8907347,-7.8907347,-8.420734,-8.610735,-9.470735,-8.670734,-9.170734,-8.150735,-6.3507347,-7.540735,-8.450735,-1.6407349,-3.110735,-4.3907347,-6.720735,-5.960735,-6.090735,-4.920735,-4.6607347,-1.3507348,-1.0207349,4.549265,1.2992651,-1.3407348,1.3592651,1.0192652,-0.020734863
7.289265,4.549265,4.8392653,5.929265,4.8592653,6.929265,-0.6207349,1.2992651,-0.46073487,-0.8507349,-1.6407349,-3.110735,-5.480735,-6.5807347,-7.800735,-8.910735,-9.610735,-8.980735,-8.920734,-8.500735,-8.700735,-7.860735,-7.420735,-7.860735,-9.280735,-6.920735,-7.6207347,-5.9107347,-5.720735,-3.580735,-4.0607347,-5.290735,-2.7307348,-3.9807348,-2.7707348,3.919265,4.389265,-0.49073488,-0.21073486,1.8692651,-3.0307348
3.1992652,4.509265,2.109265,1.8292651,2.079265,2.6892653,1.0992651,-0.5507349,-0.24073486,-0.8607349,-2.2007349,-3.2607348,-5.300735,-6.4107347,-7.320735,-8.630734,-9.130734,-8.500735,-7.720735,-7.420735,-6.090735,-9.110735,-9.000735,-7.710735,-6.360735,-7.290735,-8.060735,-7.1207347,-8.810735,-6.920735,-5.5607347,-5.3907347,-6.670735,-7.610735,-6.010735,-8.310735,-3.7907348,-0.8607349,1.8092651,2.379265,-0.63073486
4.369265,3.7492652,3.1892653,3.2092652,2.609265,2.099265,0.13926513,-0.69073486,-0.64073485,-1.4107349,-2.380735,-3.7807348,-4.950735,-6.210735,-7.420735,-8.490735,-8.5907345,-8.500735,-7.6007347,-6.970735,-6.1007347,-6.8107347,-7.250735,-7.070735,-8.100735,-9.530735,-5.740735,-4.740735,-6.690735,-6.550735,-6.170735,-5.690735,-5.730735,-5.200735,-5.440735,-5.750735,-4.940735,-4.6007347,1.2492652,2.409265,3.2592652
4.479265,3.6992652,2.879265,2.899265,3.109265,2.7292652,0.54926515,-0.46073487,-0.42073485,-1.3907349,-2.6907349,-3.900735,-5.260735,-6.520735,-7.320735,-7.8907347,-8.110735,-8.760735,-8.420734,-8.000735,-7.900735,-3.2807348,-4.520735,-6.340735,-5.8307347,-5.880735,-5.690735,-6.920735,-5.010735,-5.880735,-5.240735,-6.220735,-7.5607347,-5.380735,-5.210735,-4.420735,-0.5407349,-0.6707349,2.0192652,1.1792651,-1.4107349
3.669265,2.869265,1.5492651,1.3392651,3.159265,3.129265,1.6492652,0.71926516,0.17926514,-0.49073488,-2.1907349,-3.2307348,-4.530735,-6.040735,-7.360735,-7.8507347,-8.260735,-8.360735,-8.000735,-8.740735,-8.5507345,-8.500735,-8.560735,-9.190735,-4.210735,-4.6407347,-5.260735,-3.5607347,-4.860735,-3.0307348,-4.6807346,-6.0807347,-5.4307346,-3.5507348,-4.300735,-1.3207349,-2.2007349,-1.6407349,-2.130735,-0.47073486,0.17926514
3.5492651,2.9592652,2.3092651,2.9492652,3.639265,3.7792652,2.589265,1.8592651,-0.15073486,-1.3707348,-1.5707349,-3.0607347,-4.510735,-5.240735,-6.360735,-7.070735,-7.6207347,-8.0507345,-8.530735,-8.270735,-8.410735,-8.270735,-8.100735,-7.970735,-7.8707347,-7.750735,-4.1607347,-3.570735,-5.9107347,-1.0507349,-4.980735,-5.010735,-4.510735,-5.490735,-3.5107348,-3.0107348,-3.5407348,1.0292652,-0.14073487,-1.2107348,0.37926513
2.7492652,2.2692652,1.8092651,1.5592651,2.5492651,2.089265,2.369265,0.91926515,1.0192652,-1.6707349,-1.1407349,-1.2807349,-3.0407348,-4.990735,-5.840735,-6.380735,-6.920735,-7.300735,-7.990735,-7.990735,-8.410735,-8.850735,-7.980735,-7.940735,-8.570735,-8.220735,-7.110735,-2.600735,-4.650735,-5.530735,-3.5307348,-2.410735,-4.230735,-4.050735,-3.0207348,-3.620735,-4.050735,-1.5007348,-3.080735,2.179265,-0.41073486
4.3792653,2.8192651,0.78926516,1.7792652,1.8592651,1.8092651,2.7692652,-0.34073487,-1.4407349,-3.0107348,-1.9907348,-1.6807349,-1.6807349,-4.190735,-4.920735,-5.760735,-6.1207347,-6.610735,-8.290735,-8.360735,-8.990735,-8.960735,-8.880734,-8.8007345,-8.5907345,-8.490735,-7.6807346,-6.540735,-1.8107349,-1.9407349,-4.290735,-5.590735,-3.150735,-4.190735,-3.0507348,-1.4907348,-2.100735,-2.7107348,-2.410735,-2.140735,-1.9507349
2.389265,3.679265,-4.110735,2.2192652,1.2192651,1.2692652,0.91926515,1.2292651,-0.35073486,-1.8807349,-1.1807349,-2.0207348,-2.840735,-3.7307348,-6.090735,-5.940735,-7.460735,-7.960735,-8.380734,-8.8007345,-9.040735,-9.540735,-9.400735,-9.060735,-8.690735,-8.5507345,-8.070735,-5.6007347,-5.320735,-0.9207349,-1.8107349,-3.570735,-3.870735,-4.1607347,-4.8307347,-4.550735,-0.76073486,-2.2007349,-3.660735,-2.7807348,-0.77073485
