wind_kz.json
{"header": {"discipline":0,"disciplineName":"Meteorological products","gribEdition":2,"gribLength":1025,"center":7,"centerName":"US National Weather Service - NCEP(WMC)","subcenter":0,"refTime":"2023-09-21T18:00:00.000Z","significanceOfRT":1,"significanceOfRTName":"Start of forecast","productStatus":0,"productStatusName":"Operational products","productType":1,"productTypeName":"Forecast products","productDefinitionTemplate":0,"productDefinitionTemplateName":"Analysis/forecast at horizontal level/layer at a point in time","parameterCategory":2,"parameterCategoryName":"UnknownDiscipline_0_Category_2","parameterNumber":2,"parameterNumberName":"UnknownParameter_D0_C2_2","parameterUnit":"Unknown","genProcessType":2,"genProcessTypeName":"Forecast","forecastTime":120,"surface1Type":103,"surface1TypeName":"Specified height level above ground","surface1Value":10.0,"surface2Type":255,"surface2TypeName":"Missing","surface2Value":0.0,"gridDefinitionTemplate":0,"gridDefinitionTemplateName":"Latitude_Longitude","numberPoints":615,"shape":6,"shapeName":"Earth spherical with radius of 6,371,229.0 m","gridUnits":"degrees","resolution":48,"winds":"true","scanMode":64,"nx":41,"ny":15,"basicAngle":0,"lo1":47.0,"la1":41.0,"lo2":87.0,"la2":55.0,"dx":1.0,"dy":1.0}, "data":
[rows 0 to 14 of 15, columns 0 to 40 of 41]
-1.8910693,-0.58106935,0.9989307,-0.21106933,0.5089307,1.9589306,-2.8710694,-3.9510694,-3.6810694,-0.44106933,1.3989307,2.0989306,1.0689306,0.55893064,-1.0610694,1.0489306,0.48893067,-1.2810693,-1.6410693,0.8789307,1.8789307,-0.36106932,-1.9710693,-1.2310693,-0.51106936,-1.9910693,-2.2310693,-0.34106934,0.17893067,-0.07106934,-1.2310693,0.55893064,0.33893067,-0.121069334,-1.2910694,-1.6410693,-1.3910693,-0.14106934,-1.3710693,0.52893066,-0.031069336
0.17893067,1.3589307,-1.7210693,0.7089307,0.83893067,0.92893064,-1.2810693,-2.9310694,-4.7610693,-3.8110693,-2.7610693,-2.5710692,-0.95106936,-1.1810694,-0.5610693,-1.9210694,-1.5010693,-2.3410692,-0.41106933,-2.6110694,-3.0010693,0.31893066,-1.4610693,-1.8610693,-0.27106935,1.1189307,-0.7310693,0.60893065,-3.1410694,-1.3810693,0.16893066,-0.9810693,-1.0410694,-2.4210694,0.73893064,0.8289307,0.48893067,0.13893066,-0.24106933,0.89893067,-1.6310693
-0.84106934,-3.2810693,-1.8110694,-1.0710694,0.89893067,-2.9710693,-2.3610694,-3.8410692,-5.2010694,-3.5410693,-2.1110694,-1.7310693,-1.2410693,-1.6310693,-3.7610693,-3.8210692,-4.361069,-4.171069,-2.4110694,-3.6310694,-4.7010694,-6.651069,-4.131069,-3.6210694,-1.1610694,-2.4210694,-0.6710693,0.44893065,-2.5110693,-0.22106934,-1.7010694,2.5489306,-0.09106933,0.098930664,-0.18106933,-1.6010693,0.058930665,0.11893067,-0.40106934,-0.8110693,2.0689306
-3.6510694,-5.0710692,-4.7410693,-3.3810694,-4.2010694,-3.0810692,-2.1610694,-3.3210692,-3.9810693,-3.6410694,-2.7910693,-4.1210694,-4.8510695,-3.8210692,-4.341069,-4.2010694,-3.6010695,-3.1610694,-3.3810694,-3.4910693,-4.841069,-2.7210693,-3.1510694,-5.4810696,-4.7810693,-3.6210694,-2.6710694,-5.8010693,-2.6610694,-0.85106933,0.25893065,-1.6110693,1.4389306,1.3689307,-0.51106936,-1.6510693,-1.7110693,2.0989306,-0.061069336,-0.19106933,-1.6710694
-4.4910693,-5.5810695,-4.9810696,-4.8510695,-4.111069,-2.6310694,-2.8510695,-2.2110693,-4.0610695,-3.3410692,-3.4410694,-2.9310694,-4.171069,-3.8910694,-3.7610693,-3.1510694,-2.9810693,-3.2310693,-3.6510694,-4.421069,-4.6610694,-4.4710693,-4.651069,-4.211069,-3.9010694,-4.1410694,-4.6610694,-3.1810694,-3.4410694,-2.7310693,-3.1610694,-1.6510693,-1.7210693,0.85893065,-0.40106934,-0.30106935,-2.6610694,-3.1910694,-3.4610693,-3.2110693,-3.1210694
-2.8910694,-2.9410694,-3.8810694,-3.3610694,-2.0010693,-2.9510694,-3.0410693,-2.7710693,-2.6610694,-2.8510695,-3.0910692,-2.5610693,-2.3910694,-2.7810693,-2.9410694,-1.9910693,-2.3610694,-3.1010695,-3.5510693,-3.6110694,-3.2410693,-3.2410693,-3.5410693,-2.7510693,-3.3110693,-3.6610694,-2.5510693,-2.6510694,-1.6910694,-2.6110694,-2.8910694,-2.4010694,-2.4410694,-2.2910693,0.30893067,-5.5010695,-0.07106934,-3.0410693,-0.44106933,-1.9810693,-2.8310692
-1.0910693,-0.57106936,-0.22106934,0.83893067,2.4089308,2.5189307,0.42893067,-0.28106934,-1.2910694,-1.6910694,-2.0010693,-2.4810693,-2.4710693,-1.8310694,-1.7410693,-2.0410693,-1.6710694,-1.9310694,-3.7010694,-4.8710694,-4.7010694,-3.8810694,-2.7610693,-2.7910693,-2.5410693,-2.7010694,-2.6310694,-1.7510693,-2.2810693,-2.9710693,-3.9010694,-4.3110695,-1.8510693,-2.0710692,-1.8010694,-1.4810693,-0.70106936,0.77893066,-2.8510695,1.8389306,-0.35106933
-1.6210693,-1.8510693,-0.8010693,0.46893066,-1.1610694,-2.6210694,-2.2810693,-1.5510694,-0.41106933,0.84893066,-0.021069337,-1.3710693,-1.5710694,-1.8310694,-1.9410694,-1.7110693,-2.3310692,-2.2810693,-2.5310693,-3.5410693,-3.0410693,-2.4110694,-2.6710694,-2.4110694,-3.2810693,-1.7610693,0.18893066,-2.0310693,-2.4310694,-3.3810694,-3.3510695,-2.5110693,-2.8910694,-1.3910693,-2.9410694,-1.9010693,-2.2310693,-4.841069,-3.5410693,-3.8110693,-2.2010694
-3.7510693,-3.4810693,-4.0510693,-4.4310694,-0.6210693,-0.63106936,1.9089307,-1.6610694,-1.3110694,0.16893066,-1.3510693,-0.85106933,0.86893064,-0.6110693,-1.9410694,-1.6410693,-1.9010693,-2.9410694,-2.7610693,-3.1810694,-1.8310694,-0.63106936,-1.7010694,-2.1010695,-2.0010693,-1.5110693,-1.1910694,-1.3410693,-1.1710694,-0.43106934,-1.6710694,-1.3710693,-0.94106936,-1.7610693,-1.3410693,-1.3210694,-0.27106935,-1.1510693,-1.1410693,0.89893067,-2.2310693
-2.8310692,-2.3210692,-1.6810694,-2.1910694,-1.0610694,-3.2510693,-2.5910692,-0.7910693,0.78893065,-0.10106934,-1.4510694,-1.4110694,-1.8310694,-3.2310693,1.9089307,1.3089306,1.8489307,1.3989307,1.7789307,2.0889306,2.6789308,0.77893066,0.37893066,0.83893067,0.28893065,0.5089307,0.9489307,1.2189307,1.4589306,0.73893064,-0.35106933,-0.121069334,-1.1010693,-0.7510693,-1.1110693,-0.83106935,-1.7110693,-0.20106934,-2.1010695,-0.34106934,-1.1110693
-3.2510693,-2.1010695,-2.1110694,-2.2510693,-1.8610693,-2.2410693,-2.3110693,-1.9710693,-2.9610693,-1.6510693,-0.46106935,0.60893065,2.9589307,-1.0410694,-0.5010693,-1.8610693,-0.66106933,-0.15106934,-1.1910694,0.5089307,0.5189307,2.0389307,1.3789307,0.27893066,0.7089307,2.6089306,1.8289306,3.0489306,2.7789307,1.8089306,0.27893066,-0.28106934,-0.47106934,-0.47106934,-1.4310694,-1.1710694,-1.2710693,0.018930664,-1.0410694,0.89893067,-1.4910693
-2.3510695,-2.4710693,-1.2010694,-2.2110693,-1.8010694,-1.6010693,-1.0510694,-1.6910694,-1.6310693,-0.5510693,-1.8410693,-0.6210693,-2.0710692,-3.6810694,-2.4610693,-2.9510694,-2.9510694,-1.7310693,-2.2710693,-0.9910693,-0.60106933,1.0089307,0.40893066,2.4189308,2.4989307,3.0289307,2.9289308,2.6189306,0.5189307,-0.17106934,0.0089306645,0.44893065,0.018930664,-0.89106935,-0.5010693,-1.5310693,-1.5010693,-0.39106932,-0.16106933,-0.7910693,-1.0110693
-1.4910693,-1.1710694,-0.77106935,-0.84106934,-0.7910693,-1.0410694,-1.0310693,-1.1510693,-2.0610693,-0.7310693,-0.65106934,-1.4810693,-1.7910694,-1.4210694,-0.24106933,-0.36106932,-0.65106934,-0.5510693,-0.22106934,-0.061069336,-0.47106934,0.048930664,1.2889307,1.4789307,3.1589308,3.2589307,2.8289306,0.84893066,1.4789307,1.0789306,1.6289307,1.1989306,0.72893065,0.018930664,-0.41106933,-0.15106934,-1.0910693,-1.4910693,-2.5910692,-1.8210694,-1.3710693
-0.37106934,-0.17106934,-0.35106933,-0.46106935,-0.13106933,-1.0110693,-0.7910693,-0.51106936,-0.35106933,-0.34106934,-0.83106935,-0.32106933,0.67893064,0.6289307,0.86893064,0.5189307,-0.53106934,0.47893065,0.018930664,-0.65106934,-0.31106934,0.61893064,1.7189307,2.3689306,2.2289307,1.7389307,2.8289306,2.8989305,2.8889306,2.7289307,2.3189306,1.5989307,0.9989307,0.37893066,0.84893066,0.14893067,-0.15106934,-0.6210693,-1.4510694,-0.41106933,-1.3510693
0.14893067,1.0989307,1.4489306,1.1089307,0.80893064,-0.24106933,0.54893064,-0.32106933,0.6889307,1.3989307,-0.7310693,0.048930664,0.32893068,1.3289306,1.8189306,1.0589306,-0.82106936,-0.13106933,-0.051069334,0.32893068,1.2689307,2.2089307,2.8589306,3.4789307,2.8689306,2.4089308,3.1589308,2.4189308,3.7189307,3.0189307,2.6289306,2.0089307,1.2789307,0.97893065,1.1589307,1.4589306,0.48893067,1.2189307,1.5789306,-0.5410693,-1.4210694
