wind_kz.json
{"header": {"discipline":0,"disciplineName":"Meteorological products","gribEdition":2,"gribLength":871,"center":7,"centerName":"US National Weather Service - NCEP(WMC)","subcenter":0,"refTime":"2023-08-06T12:00:00.000Z","significanceOfRT":1,"significanceOfRTName":"Start of forecast","productStatus":0,"productStatusName":"Operational products","productType":1,"productTypeName":"Forecast products","productDefinitionTemplate":0,"productDefinitionTemplateName":"Analysis/forecast at horizontal level/layer at a point in time","parameterCategory":0,"parameterCategoryName":"UnknownDiscipline_0_Category_0","parameterNumber":0,"parameterNumberName":"UnknownParameter_D0_C0_0","parameterUnit":"Unknown","genProcessType":2,"genProcessTypeName":"Forecast","forecastTime":120,"surface1Type":1,"surface1TypeName":"Ground or water surface","surface1Value":0.0,"surface2Type":255,"surface2TypeName":"Missing","surface2Value":0.0,"gridDefinitionTemplate":0,"gridDefinitionTemplateName":"Latitude_Longitude","numberPoints":615,"shape":6,"shapeName":"Earth spherical with radius of 6,371,229.0 m","gridUnits":"degrees","resolution":48,"winds":"true","scanMode":64,"nx":41,"ny":15,"basicAngle":0,"lo1":47.0,"la1":41.0,"lo2":87.0,"la2":55.0,"dx":1.0,"dy":1.0}, "data":
[rows 0 to 14 of 15, columns 0 to 40 of 41]
322.2137,306.6137,316.31372,298.31372,298.2137,297.51373,318.1137,327.01373,323.7137,322.6137,319.31372,320.01373,318.01373,317.1137,316.81372,316.1137,315.91373,315.81372,318.1137,317.1137,317.41373,313.2137,312.41373,308.31372,310.01373,314.7137,310.1137,293.51373,293.2137,289.31372,285.6137,286.91373,296.1137,306.81372,311.81372,311.7137,312.41373,315.2137,314.41373,314.7137,314.1137
294.7137,314.51373,298.01373,298.31372,298.91373,298.91373,327.1137,323.01373,320.51373,319.31372,320.1137,317.91373,315.41373,313.7137,315.91373,316.81372,317.2137,317.91373,316.31372,316.41373,316.6137,313.31372,312.6137,302.2137,292.01373,285.7137,301.41373,293.41373,297.01373,287.51373,293.7137,287.1137,291.7137,277.7137,289.2137,304.91373,305.6137,311.41373,313.31372,306.01373,288.51373
314.7137,298.41373,298.51373,298.7137,296.91373,323.2137,321.51373,320.81372,318.81372,317.7137,316.51373,314.7137,312.01373,312.51373,315.2137,316.51373,316.41373,315.91373,316.31372,316.41373,316.81372,313.2137,313.31372,308.01373,312.1137,309.1137,304.51373,293.1137,302.7137,296.51373,286.6137,288.1137,298.41373,292.81372,300.91373,297.81372,289.41373,291.01373,292.6137,288.31372,288.41373
314.81372,298.7137,298.91373,298.81372,304.81372,322.51373,322.01373,321.6137,321.51373,320.31372,319.01373,313.81372,297.2137,296.31372,312.51373,316.2137,314.81372,315.6137,316.51373,316.31372,314.2137,310.2137,312.81372,314.2137,313.31372,314.31372,309.1137,309.1137,305.51373,307.91373,299.7137,299.41373,298.91373,312.31372,313.41373,307.41373,292.31372,290.01373,293.01373,306.91373,309.7137
316.2137,299.31372,299.91373,299.91373,309.7137,320.81372,321.91373,323.91373,321.2137,319.41373,319.01373,315.01373,298.2137,296.81372,293.7137,315.2137,314.91373,311.6137,311.41373,313.7137,315.01373,314.7137,314.91373,313.2137,313.1137,312.91373,311.7137,306.91373,312.81372,312.51373,310.91373,302.41373,294.81372,285.1137,294.41373,306.1137,304.51373,315.31372,315.01373,313.41373,313.31372
317.41373,315.51373,299.91373,299.81372,299.91373,299.81372,323.2137,320.81372,320.01373,319.41373,319.51373,318.2137,300.31372,297.31372,304.41373,311.2137,313.31372,312.41373,312.81372,311.01373,311.2137,311.51373,311.81372,312.01373,311.1137,309.7137,311.51373,295.41373,312.1137,313.51373,308.01373,308.91373,309.51373,307.6137,301.2137,301.31372,292.41373,302.1137,310.31372,313.51373,311.31372
319.51373,317.41373,318.1137,319.01373,313.91373,320.31372,323.01373,320.31372,319.2137,318.91373,319.01373,316.81372,314.91373,316.41373,314.81372,312.51373,312.81372,311.6137,310.31372,309.81372,308.51373,309.81372,309.31372,309.01373,307.91373,303.91373,300.41373,300.6137,301.41373,307.7137,311.41373,312.2137,310.81372,309.51373,306.7137,309.6137,303.6137,299.01373,295.51373,292.7137,304.91373
320.41373,319.91373,320.7137,320.31372,321.41373,322.1137,322.1137,319.41373,317.91373,317.2137,316.41373,315.51373,315.41373,315.31372,315.31372,314.1137,312.41373,311.6137,308.51373,305.6137,302.81372,306.51373,306.51373,306.01373,304.6137,301.01373,302.7137,302.7137,302.01373,297.1137,298.91373,302.2137,301.81372,293.91373,295.81372,297.2137,305.91373,290.41373,308.91373,310.01373,306.31372
319.1137,319.1137,319.51373,319.01373,320.7137,321.51373,320.41373,321.01373,317.2137,316.1137,314.01373,314.7137,312.51373,314.01373,312.7137,311.1137,310.41373,307.7137,302.1137,302.81372,301.91373,302.51373,303.1137,300.31372,302.41373,302.41373,298.7137,292.7137,293.91373,293.51373,293.51373,292.2137,292.01373,293.51373,294.1137,293.01373,293.81372,300.6137,290.1137,290.41373,287.2137
318.1137,317.7137,317.91373,317.6137,317.91373,319.01373,316.41373,316.31372,315.51373,313.31372,312.1137,310.1137,310.51373,309.31372,306.91373,305.7137,306.1137,306.01373,304.51373,303.81372,301.31372,301.2137,303.2137,302.6137,301.51373,299.51373,296.6137,297.51373,291.31372,289.7137,291.81372,294.7137,292.01373,291.1137,292.51373,292.7137,292.1137,292.41373,291.51373,288.41373,285.91373
313.31372,312.01373,314.01373,314.7137,313.41373,314.6137,315.6137,313.51373,312.41373,312.2137,311.01373,308.1137,308.01373,304.81372,301.2137,303.51373,301.6137,302.51373,302.31372,299.81372,300.81372,300.7137,299.31372,299.01373,298.7137,297.51373,294.6137,296.51373,293.51373,296.51373,295.01373,295.1137,297.81372,292.51373,292.91373,289.31372,285.81372,283.6137,285.41373,286.2137,286.1137
301.81372,312.91373,315.01373,314.6137,312.51373,310.91373,310.81372,311.2137,310.81372,311.01373,307.81372,304.31372,304.31372,301.2137,299.7137,299.41373,299.31372,299.7137,299.6137,298.01373,296.81372,296.41373,297.7137,297.81372,295.31372,294.91373,294.91373,294.7137,297.91373,295.51373,292.91373,293.41373,293.1137,293.91373,293.01373,290.81372,288.51373,290.6137,288.01373,288.1137,287.81372
300.81372,305.51373,314.81372,313.51373,310.51373,308.31372,311.2137,310.41373,308.51373,307.6137,301.6137,296.91373,296.1137,298.2137,297.01373,296.81372,296.91373,297.6137,298.91373,297.6137,296.2137,295.51373,290.51373,290.31372,291.7137,292.91373,296.31372,295.41373,292.2137,291.91373,292.1137,292.81372,290.01373,294.41373,291.7137,290.41373,291.01373,289.01373,289.01373,290.2137,291.2137
301.01373,311.01373,302.81372,314.01373,311.31372,309.7137,308.41373,305.6137,305.41373,307.31372,300.41373,296.7137,296.2137,297.81372,296.6137,296.1137,295.51373,296.6137,298.81372,296.2137,295.01373,291.31372,290.01373,290.81372,291.81372,293.31372,291.81372,287.7137,287.1137,286.41373,286.01373,286.41373,289.01373,289.41373,289.51373,287.2137,290.31372,291.2137,290.6137,287.7137,287.41373
306.1137,311.01373,293.7137,309.41373,309.81372,308.51373,307.41373,305.51373,307.41373,306.91373,302.31372,297.51373,296.41373,297.41373,296.2137,296.31372,296.51373,296.91373,298.41373,294.7137,291.2137,289.91373,291.6137,291.2137,290.51373,292.1137,290.1137,284.81372,284.51373,283.91373,284.01373,283.81372,283.91373,284.6137,287.6137,288.31372,290.41373,289.01373,290.01373,291.41373,291.81372
