wind_kz.json
{"header": {"discipline":0,"disciplineName":"Meteorological products","gribEdition":2,"gribLength":871,"center":7,"centerName":"US National Weather Service - NCEP(WMC)","subcenter":0,"refTime":"2024-03-19T06:00:00.000Z","significanceOfRT":1,"significanceOfRTName":"Start of forecast","productStatus":0,"productStatusName":"Operational products","productType":1,"productTypeName":"Forecast products","productDefinitionTemplate":0,"productDefinitionTemplateName":"Analysis/forecast at horizontal level/layer at a point in time","parameterCategory":0,"parameterCategoryName":"UnknownDiscipline_0_Category_0","parameterNumber":0,"parameterNumberName":"UnknownParameter_D0_C0_0","parameterUnit":"Unknown","genProcessType":2,"genProcessTypeName":"Forecast","forecastTime":180,"surface1Type":1,"surface1TypeName":"Ground or water surface","surface1Value":0.0,"surface2Type":255,"surface2TypeName":"Missing","surface2Value":0.0,"gridDefinitionTemplate":0,"gridDefinitionTemplateName":"Latitude_Longitude","numberPoints":615,"shape":6,"shapeName":"Earth spherical with radius of 6,371,229.0 m","gridUnits":"degrees","resolution":48,"winds":"true","scanMode":64,"nx":41,"ny":15,"basicAngle":0,"lo1":47.0,"la1":41.0,"lo2":87.0,"la2":55.0,"dx":1.0,"dy":1.0}, "data":
[rows 0 to 14 of 15, columns 0 to 40 of 41]
283.91415,276.91415,281.71417,280.51416,281.51416,282.41415,287.61417,290.21417,288.61417,290.11417,287.31415,289.31415,288.51416,288.41415,288.51416,287.61417,287.91415,286.51416,288.71417,286.61417,287.41415,285.91415,286.41415,282.31415,285.61417,286.41415,281.31415,260.71417,263.11417,256.71417,259.11417,262.41415,276.71417,282.71417,284.71417,284.71417,285.11417,284.81415,285.21417,285.41415,285.21417
268.81415,283.81415,280.81415,280.81415,281.01416,281.41415,287.61417,286.51416,286.21417,285.21417,285.31415,285.21417,285.81415,285.91415,287.21417,287.21417,287.91415,287.31415,285.81415,285.81415,285.41415,283.51416,280.91415,275.41415,254.01416,258.01416,270.71417,261.51416,263.31415,256.81415,270.91415,244.91415,267.91415,247.51416,256.81415,279.41415,278.81415,280.71417,283.91415,276.91415,272.61417
284.91415,279.21417,280.81415,280.91415,280.71417,286.21417,285.71417,285.51416,283.81415,284.21417,284.21417,285.01416,285.31415,284.41415,284.21417,285.71417,285.11417,284.41415,285.01416,285.21417,284.71417,283.01416,281.71417,275.61417,279.41415,278.81415,279.61417,279.71417,279.21417,272.41415,257.71417,267.31415,271.11417,271.71417,268.81415,272.71417,266.91415,264.91415,269.61417,262.41415,260.71417
284.21417,279.91415,279.61417,280.21417,281.61417,284.91415,285.21417,283.01416,283.61417,283.41415,282.91415,282.41415,283.41415,284.01416,284.21417,283.81415,282.21417,283.51416,283.51416,283.21417,282.21417,276.91415,279.51416,278.41415,279.71417,278.81415,278.81415,276.31415,275.01416,275.21417,275.41415,275.51416,279.81415,280.91415,279.41415,272.01416,260.51416,254.21416,264.51416,268.71417,271.01416
284.31415,278.31415,278.61417,278.41415,281.61417,287.11417,286.31415,285.01416,283.81415,282.51416,281.11417,280.61417,281.71417,281.61417,280.51416,282.71417,281.81415,282.01416,281.71417,279.91415,279.31415,279.51416,277.81415,276.91415,275.81415,275.01416,273.01416,273.61417,275.01416,275.21417,275.91415,274.11417,262.71417,246.61417,269.11417,274.51416,273.71417,277.41415,275.21417,273.91415,271.11417
285.31415,284.11417,277.81415,275.91415,271.51416,272.81415,285.41415,285.01416,282.51416,281.71417,281.61417,281.71417,281.31415,281.31415,277.91415,282.11417,281.91415,280.51416,280.11417,278.71417,277.41415,276.71417,276.11417,274.31415,273.81415,271.51416,271.61417,271.01416,271.91415,273.01416,272.61417,273.11417,271.61417,271.01416,270.61417,271.51416,256.21417,257.51416,270.51416,272.41415,271.31415
285.01416,284.81415,285.01416,282.91415,278.61417,284.31415,284.61417,283.31415,282.91415,282.61417,280.81415,280.31415,280.81415,280.21417,279.61417,280.51416,279.71417,279.51416,277.31415,275.41415,274.21417,274.61417,273.21417,272.41415,267.01416,266.41415,264.51416,270.01416,270.91415,271.61417,271.11417,270.91415,271.21417,271.41415,271.61417,270.41415,260.81415,259.71417,249.91415,255.11417,269.31415
285.61417,284.11417,284.81415,285.51416,285.81415,285.11417,283.51416,282.61417,279.61417,280.61417,278.71417,278.21417,278.31415,277.61417,277.81415,277.61417,277.71417,277.41415,276.61417,274.01416,272.41415,271.91415,272.31415,271.91415,271.71417,269.41415,261.61417,259.11417,258.71417,259.81415,259.71417,261.11417,264.61417,263.11417,260.41415,260.41415,263.21417,265.21417,268.51416,268.31415,265.71417
283.81415,284.31415,284.61417,284.51416,285.11417,283.41415,281.01416,279.81415,278.61417,275.31415,272.51416,269.71417,270.01416,272.81415,272.71417,275.21417,275.71417,275.41415,272.11417,271.21417,268.11417,268.41415,269.91415,265.31415,263.71417,265.31415,259.61417,260.01416,256.81415,258.01416,253.61417,254.01416,267.31415,268.41415,266.91415,257.51416,256.41415,258.81415,254.31416,250.51416,247.81416
284.51416,284.11417,282.41415,282.51416,281.71417,278.11417,275.01416,272.71417,272.91415,272.61417,273.01416,271.71417,268.11417,267.11417,267.41415,267.21417,269.01416,271.21417,269.41415,267.91415,266.61417,265.91415,265.81415,264.21417,263.41415,262.01416,268.81415,264.61417,258.51416,256.21417,262.11417,268.91415,268.81415,268.51416,262.21417,257.81415,257.11417,255.71416,250.51416,256.91415,247.41415
284.21417,283.81415,282.21417,279.41415,278.01416,274.21417,273.21417,271.61417,271.41415,273.21417,273.21417,272.41415,272.21417,267.31415,265.21417,264.41415,264.91415,264.21417,266.21417,264.61417,264.61417,263.21417,261.61417,260.81415,258.91415,257.91415,258.61417,268.41415,267.61417,268.91415,269.01416,267.81415,268.41415,266.01416,263.91415,258.11417,253.61417,258.11417,264.01416,259.21417,250.71416
278.01416,276.81415,275.81415,274.01416,273.21417,273.21417,272.91415,271.41415,272.61417,273.21417,272.61417,272.91415,273.11417,272.61417,271.91415,265.31415,264.41415,263.51416,264.61417,264.41415,264.41415,262.41415,261.01416,258.21417,257.71417,259.51416,263.81415,269.41415,269.21417,268.21417,267.41415,261.81415,265.31415,255.61417,263.21417,261.91415,267.81415,267.81415,266.31415,268.41415,267.21417
277.61417,273.41415,273.21417,273.31415,275.21417,274.61417,272.51416,271.51416,270.71417,270.61417,271.01416,271.61417,272.31415,273.01416,273.11417,273.11417,272.01416,267.11417,264.01416,264.71417,265.41415,265.21417,266.81415,262.81415,262.81415,261.11417,261.91415,260.01416,261.91415,262.41415,262.61417,261.31415,259.31415,257.21417,258.31415,259.11417,261.71417,264.11417,263.91415,261.11417,264.31415
276.11417,273.21417,273.81415,273.71417,273.91415,273.61417,272.91415,272.61417,271.51416,272.71417,272.51416,271.71417,273.41415,272.41415,273.11417,273.21417,272.81415,271.81415,271.41415,270.81415,266.91415,266.61417,265.51416,264.01416,261.91415,260.91415,260.81415,261.31415,261.81415,262.61417,262.21417,261.51416,260.11417,257.01416,260.81415,255.71416,259.61417,255.91415,253.91415,255.21416,260.91415
277.61417,274.21417,273.11417,273.91415,274.91415,274.81415,273.61417,273.41415,272.71417,274.11417,273.51416,273.01416,272.71417,272.41415,274.81415,273.61417,272.91415,272.51416,272.01416,271.31415,271.01416,271.31415,266.21417,264.51416,262.51416,261.31415,262.11417,263.91415,264.81415,264.41415,262.91415,261.61417,260.41415,259.11417,259.01416,260.01416,256.21417,257.91415,255.81416,253.61417,253.91415
