wind.json
{"header": {"discipline":0,"disciplineName":"Meteorological products","gribEdition":2,"gribLength":1125,"center":7,"centerName":"US National Weather Service - NCEP(WMC)","subcenter":0,"refTime":"2023-07-01T06:00:00.000Z","significanceOfRT":1,"significanceOfRTName":"Start of forecast","productStatus":0,"productStatusName":"Operational products","productType":1,"productTypeName":"Forecast products","productDefinitionTemplate":0,"productDefinitionTemplateName":"Analysis/forecast at horizontal level/layer at a point in time","parameterCategory":2,"parameterCategoryName":"UnknownDiscipline_0_Category_2","parameterNumber":2,"parameterNumberName":"UnknownParameter_D0_C2_2","parameterUnit":"Unknown","genProcessType":2,"genProcessTypeName":"Forecast","forecastTime":300,"surface1Type":103,"surface1TypeName":"Specified height level above ground","surface1Value":10.0,"surface2Type":255,"surface2TypeName":"Missing","surface2Value":0.0,"gridDefinitionTemplate":0,"gridDefinitionTemplateName":"Latitude_Longitude","numberPoints":688,"shape":6,"shapeName":"Earth spherical with radius of 6,371,229.0 m","gridUnits":"degrees","resolution":48,"winds":"true","scanMode":64,"nx":43,"ny":16,"basicAngle":0,"lo1":45.0,"la1":40.0,"lo2":87.0,"la2":55.0,"dx":1.0,"dy":1.0}, "data":
[rows 0 to 15 of 16, columns 0 to 42 of 43]
-5.267788,-1.5977881,-2.637788,-5.107788,-7.507788,-3.607788,-1.8377881,-0.8377881,-0.117788084,-3.7477882,-4.377788,-4.6177883,-4.1177883,-0.7177881,-7.097788,-6.597788,-3.637788,-1.3177881,1.0322119,2.2522118,2.332212,1.0422119,-3.207788,4.422212,1.0422119,0.35221192,1.1222119,-0.5577881,-0.69778806,2.062212,1.3922119,0.13221191,1.8722119,4.1322117,-2.0077882,-5.347788,-0.7477881,-3.5377882,-1.4677881,0.61221194,-1.1877881,-2.147788,-0.15778808
2.322212,-8.147788,-6.1977882,0.12221191,2.042212,0.7222119,0.29221192,0.2822119,0.4322119,-2.097788,-4.6377883,-2.707788,-2.447788,-3.957788,-8.107788,-4.967788,-1.4277881,0.8822119,3.0122118,5.032212,1.7722119,0.19221191,1.362212,1.482212,0.61221194,-1.6977881,5.722212,9.912212,0.9422119,0.8522119,1.4422119,2.652212,1.852212,0.7522119,1.5322119,1.1422119,-5.827788,-3.847788,1.612212,-2.607788,0.41221192,1.592212,3.112212
-0.9177881,-1.027788,0.052211914,0.45221192,0.4022119,0.5222119,1.9922119,4.032212,3.6922119,-2.327788,-3.177788,-2.837788,-2.647788,-6.9477882,-4.9277883,-2.2477882,0.47221193,2.272212,3.9922118,2.082212,0.7122119,0.9222119,1.1222119,0.6522119,1.9222119,-1.887788,1.722212,1.852212,-2.0477881,0.7322119,-5.457788,-1.4377881,-0.7377881,-1.167788,-0.3577881,-1.9977881,-0.107788086,-5.1777883,4.242212,1.8722119,-0.81778806,-0.32778808,-0.6677881
-0.7277881,0.24221191,-1.5477881,-1.517788,-2.157788,-0.6477881,-0.5577881,-3.977788,-2.427788,0.6322119,-3.967788,-2.337788,-2.347788,-3.2877882,-2.397788,-0.15778808,2.782212,2.552212,3.7022119,5.352212,2.4822118,1.7622119,2.312212,3.882212,0.5922119,-1.0977881,1.4322119,2.4622118,2.882212,1.352212,-1.8377881,0.20221192,-0.6077881,2.642212,-0.20778808,0.11221191,1.332212,-1.1777881,-0.047788087,-1.3777881,-0.50778806,1.352212,2.1822119
-4.6177883,-4.247788,-2.7577882,-3.177788,-2.8077881,-1.1777881,-1.2077881,-2.407788,0.47221193,0.23221192,-2.577788,-0.5877881,0.20221192,0.5722119,1.6722119,2.9522119,3.9322119,4.372212,5.922212,3.5122118,1.8022119,2.2422118,3.652212,1.0522119,5.142212,4.5522118,4.202212,2.592212,4.022212,1.9222119,6.702212,3.782212,6.402212,0.7122119,0.56221193,-2.0677881,-3.657788,-2.967788,-1.417788,0.5322119,3.142212,2.2022119,2.4522119
-3.667788,-2.607788,-0.63778806,0.08221191,0.44221193,0.4022119,0.22221191,0.4022119,2.082212,0.7922119,-2.467788,-0.30778807,0.38221192,0.9522119,4.192212,5.8622117,5.1322117,4.182212,2.7022119,0.86221194,2.572212,3.172212,3.812212,3.6922119,4.182212,4.5522118,3.882212,3.9922118,3.622212,6.142212,6.372212,5.8222117,9.012212,2.102212,-2.3077881,0.4322119,3.2622118,4.082212,3.852212,6.532212,2.4522119,0.8422119,-1.767788
-2.697788,-3.897788,0.6922119,1.7022119,4.212212,4.392212,5.602212,4.332212,3.1922119,-1.8577881,-1.0777881,0.09221192,0.80221194,0.8222119,0.6322119,-6.9077883,-5.347788,-3.167788,-1.6277881,-2.0377882,-0.117788084,0.7522119,1.582212,3.4822118,3.152212,5.172212,3.522212,3.5022118,5.952212,6.5722117,7.3822117,9.032212,8.702212,6.722212,3.392212,0.4022119,-0.3477881,-0.08778808,0.22221191,2.072212,4.262212,1.1422119,1.7922119
-2.207788,-2.187788,-1.4477881,-3.5177882,0.2122119,-1.3777881,-2.397788,0.4322119,-1.7377881,0.19221191,-1.0777881,0.5822119,1.342212,-2.597788,-3.427788,-2.357788,-2.5377882,-2.147788,0.42221192,1.2922119,0.61221194,0.3622119,3.072212,1.7822119,2.382212,0.7622119,2.312212,1.832212,3.7322118,4.5922117,1.582212,1.082212,3.4722118,6.0722117,6.3222117,1.1522119,-1.6077881,-2.207788,-0.5877881,3.662212,-1.017788,1.592212,1.842212
1.6422119,0.44221193,-1.887788,-3.137788,1.0022119,0.8422119,-2.077788,1.332212,-0.5777881,0.3022119,-0.27778807,0.012211914,-0.4077881,-1.0977881,-3.0177882,-3.5477881,-0.4177881,-0.7477881,-0.6177881,-0.19778809,0.3422119,-1.0577881,1.0622119,2.522212,1.6922119,1.8022119,2.4822118,1.1522119,0.9422119,1.2522119,1.5022119,1.0622119,3.162212,6.082212,1.712212,1.3722119,0.18221192,7.082212,5.1122117,4.702212,1.9922119,3.622212,-2.0277882
-0.45778808,-0.09778809,0.9222119,-2.627788,1.7422119,2.592212,-0.8077881,-1.2177881,-0.7177881,-1.7977881,0.052211914,-0.20778808,0.052211914,-2.627788,-1.5877881,-1.4477881,1.5722119,1.5022119,1.3822119,1.5422119,1.0322119,0.5822119,0.9222119,2.4922118,3.782212,4.462212,4.542212,2.7222118,2.112212,1.602212,2.372212,2.7122118,6.942212,7.172212,-3.2977881,-3.2777882,0.4922119,1.1222119,1.4022119,-1.4777881,-1.0577881,0.2822119,-1.8477881
2.2422118,0.9522119,-2.457788,0.35221192,2.2122118,1.3922119,-2.5277882,-1.5077881,-1.8677881,-1.2077881,-0.037788086,-1.9777881,0.7022119,0.7122119,1.2622119,1.0622119,2.5022118,2.4922118,2.042212,3.332212,3.592212,1.222212,4.0922117,3.392212,5.122212,5.8422117,4.5922117,5.172212,3.522212,2.812212,2.772212,5.742212,5.872212,1.1422119,0.0022119142,-3.7477882,-5.557788,1.3122119,-2.717788,-1.167788,-2.207788,-0.36778808,-1.4777881
1.592212,1.602212,0.45221192,2.622212,2.782212,0.8822119,0.7722119,-2.7877882,-1.277788,-3.607788,-2.187788,-0.08778808,2.422212,0.93221194,2.102212,1.962212,0.012211914,2.162212,2.382212,3.532212,2.062212,1.9222119,2.802212,2.7222118,5.152212,3.402212,2.582212,0.012211914,4.022212,0.8322119,3.342212,5.452212,6.0722117,3.562212,3.4422119,0.24221191,-6.257788,-3.4877882,-2.5577881,1.4322119,-1.3077881,1.2622119,-1.9777881
2.9922118,1.232212,1.972212,0.6322119,2.9922118,-0.9577881,-1.8277881,-1.1177881,0.86221194,0.24221191,0.4022119,0.44221193,1.2722119,2.552212,2.102212,1.7522119,3.7222118,1.6622119,2.9522119,3.4622118,1.2022119,2.9522119,2.6822119,3.142212,2.412212,2.132212,0.3322119,3.272212,2.622212,2.2322118,3.882212,2.9822118,3.9522119,2.792212,0.6522119,2.2522118,-4.717788,-1.9777881,1.6322119,6.8622117,2.282212,0.042211913,-0.8677881
2.832212,2.6822119,1.4222119,1.1822119,1.7622119,2.162212,1.612212,-0.4777881,1.0022119,2.2322118,1.8222119,0.6722119,0.6622119,1.7022119,2.412212,2.662212,2.312212,2.802212,2.4722118,2.042212,1.9222119,2.132212,1.9022119,1.602212,2.042212,3.2522118,3.562212,2.832212,3.152212,2.4822118,2.5122118,2.822212,2.082212,-0.6677881,-0.9277881,1.2722119,-2.127788,1.842212,3.892212,3.312212,1.7922119,-2.837788,-0.75778806
3.122212,1.3022119,1.362212,0.8822119,1.4322119,1.4222119,-0.19778809,1.2622119,0.5922119,-0.8977881,-0.13778809,1.602212,0.6622119,1.1322119,2.2022119,1.852212,2.4922118,1.8222119,2.352212,2.422212,1.9122119,0.6322119,0.3122119,2.4722118,3.632212,3.652212,3.842212,3.7522118,3.302212,3.022212,2.282212,1.9422119,1.2922119,0.61221194,-0.30778807,1.2922119,-0.9777881,-0.13778809,2.802212,2.372212,-0.5977881,-0.7277881,-1.0677881
2.792212,0.17221192,-0.06778809,1.092212,1.832212,0.4022119,-0.8577881,-0.14778809,-0.057788085,-1.157788,2.0122118,1.3122119,0.3622119,1.6322119,1.4322119,1.4522119,2.1922119,-0.9177881,1.212212,1.3922119,2.922212,-0.06778809,0.5922119,2.1822119,3.082212,2.892212,2.7522118,3.132212,2.662212,2.4422119,1.7522119,1.612212,1.9322119,0.23221192,0.42221192,0.12221191,0.4022119,3.082212,2.2422118,2.372212,-1.8177881,0.7022119,-0.9877881
