wind_kz.json
{"header": {"discipline":0,"disciplineName":"Meteorological products","gribEdition":2,"gribLength":1025,"center":7,"centerName":"US National Weather Service - NCEP(WMC)","subcenter":0,"refTime":"2023-10-03T06:00:00.000Z","significanceOfRT":1,"significanceOfRTName":"Start of forecast","productStatus":0,"productStatusName":"Operational products","productType":1,"productTypeName":"Forecast products","productDefinitionTemplate":0,"productDefinitionTemplateName":"Analysis/forecast at horizontal level/layer at a point in time","parameterCategory":2,"parameterCategoryName":"UnknownDiscipline_0_Category_2","parameterNumber":2,"parameterNumberName":"UnknownParameter_D0_C2_2","parameterUnit":"Unknown","genProcessType":2,"genProcessTypeName":"Forecast","forecastTime":120,"surface1Type":103,"surface1TypeName":"Specified height level above ground","surface1Value":10.0,"surface2Type":255,"surface2TypeName":"Missing","surface2Value":0.0,"gridDefinitionTemplate":0,"gridDefinitionTemplateName":"Latitude_Longitude","numberPoints":615,"shape":6,"shapeName":"Earth spherical with radius of 6,371,229.0 m","gridUnits":"degrees","resolution":48,"winds":"true","scanMode":64,"nx":41,"ny":15,"basicAngle":0,"lo1":47.0,"la1":41.0,"lo2":87.0,"la2":55.0,"dx":1.0,"dy":1.0}, "data":
[rows 0 to 14 of 15, columns 0 to 40 of 41]
-0.14326172,0.5967383,-1.5032617,0.34673828,-0.43326172,-0.4732617,0.15673828,1.8467383,3.1767383,3.3067384,3.4667382,3.7767382,5.7467384,5.646738,5.5967383,5.7667384,5.1867385,4.236738,2.6567383,2.2867384,-1.1432617,-0.19326171,1.9967383,2.4567382,-1.5332618,-0.23326172,2.4067383,1.9367383,-0.17326172,0.79673827,-1.6132617,2.0567384,1.5467383,-0.0032617187,0.6667383,-0.16326171,-0.9132617,-0.4132617,0.09673828,-1.7632617,-2.0632617
1.7367383,-2.7432618,-0.17326172,0.15673828,-1.2432617,0.5167383,1.1467383,0.106738284,1.8667383,3.1267383,4.3067384,5.3267384,5.7667384,6.1167383,4.896738,4.0567384,2.5767384,2.2967384,-0.2932617,-1.2832618,-0.15326172,0.85673827,1.9967383,3.7367382,0.8467383,0.2767383,1.0467383,0.14673828,3.0467384,1.2267383,0.3967383,0.05673828,-1.1532617,0.6667383,0.6367383,1.3267382,0.5767383,-3.6132617,-4.2532616,-0.3832617,-0.17326172
-2.3732617,0.2667383,0.49673828,0.61673826,-1.0332618,0.41673827,0.3667383,2.1167383,2.4467382,2.3267384,2.8967383,4.3067384,4.4167385,4.9967384,2.5767384,2.5967383,2.8267384,1.1767383,-0.89326173,-0.2932617,0.5167383,0.80673826,0.5167383,2.6367383,1.0867382,-2.0432618,-1.7232617,0.38673827,2.5867383,0.14673828,0.8267383,-0.56326175,-1.8632617,-0.63326174,-0.5532617,1.0667382,0.74673826,-0.08326172,-0.9932617,-1.2332617,1.4367383
0.6267383,2.8067384,3.5667384,2.1367383,1.9467382,2.4567382,3.2167382,3.5367384,3.9967382,2.9867382,2.5667384,3.3367383,4.5367384,3.7267382,1.8567383,-0.043261718,-0.3232617,-1.2832618,-1.0232617,-0.7232617,0.3967383,0.2767383,-0.10326172,-0.11326172,-0.9632617,-0.8332617,-0.14326172,-0.06326172,-2.1932616,-2.3532617,-2.4532616,-2.7232618,-3.6332617,-2.0332618,-1.7732617,-0.9632617,0.44673827,0.86673826,-2.3332617,-2.7632618,-3.9032617
3.0667384,3.5267382,3.2267382,4.376738,4.4467382,4.256738,2.1667383,2.3367383,3.7467382,4.8467383,4.026738,4.216738,4.026738,5.6767383,2.6967382,2.3167384,0.6267383,0.03673828,0.85673827,0.15673828,-0.75326174,0.80673826,2.0267382,2.0767384,1.5167383,1.2867383,1.3667383,-1.5232617,-2.4032617,-2.3132617,-2.3532617,-0.21326172,2.4567382,1.6667383,-2.9332616,-1.4732617,-2.6632617,-4.0432615,-3.6832616,-3.6832616,-2.6332617
3.5567384,3.1667383,3.3667383,4.126738,3.3067384,3.5767384,3.8167384,2.7267382,3.2167382,4.6367383,5.376738,4.5767384,4.9967384,6.146738,5.1567383,3.2667382,3.0367384,2.8467383,2.6167383,2.0367384,3.0767384,4.046738,3.7867384,3.4467382,1.9667382,1.1767383,-0.75326174,-0.6832617,-2.1732616,-1.2532617,-0.9932617,-0.8532617,1.0567383,0.41673827,-0.8032617,1.2167382,-0.09326172,-1.8432617,-2.6732616,-2.2132616,-2.4432616
4.9367385,3.7867384,3.3767383,4.1667385,4.4367385,4.0767384,3.8467383,3.5967383,3.8967383,4.1667385,4.9467382,5.7267385,3.7467382,6.006738,6.6967382,4.6867385,3.9467382,4.506738,3.4567382,4.1767383,5.1167383,5.1567383,4.4067383,2.9667382,0.16673829,-0.6832617,-1.2932618,-2.0632617,-2.1532617,-0.9332617,-0.9832617,-1.3232617,-2.2932618,-2.3632617,-2.8832617,-1.7932618,-0.6232617,0.34673828,1.6867383,-0.0032617187,-1.6532617
4.6867385,4.2267385,4.7467384,4.986738,5.356738,5.856738,5.2067385,4.7267385,4.2667384,4.6367383,5.106738,5.256738,5.816738,2.4567382,3.3267384,5.506738,4.336738,4.146738,4.126738,3.6267383,4.486738,3.6367383,1.5067383,0.5167383,0.6567383,0.9167383,0.4567383,0.2667383,-1.7832618,-1.7132617,-1.6932617,-1.5932617,-0.9132617,-2.2832618,0.05673828,-2.7232618,-2.0232618,-2.6932616,-5.1132617,-3.7732618,-0.8632617
4.2467384,5.1167383,4.9067383,5.066738,5.0167384,5.796738,5.6667385,5.4967384,5.3467383,4.9167385,5.6367383,5.9267383,5.9467382,4.7267385,3.9467382,4.506738,4.1567383,3.1567383,2.7267382,2.9767382,4.006738,1.9267383,0.44673827,-0.88326174,-0.17326172,1.2267383,1.2367383,1.8967383,1.2667383,1.2167382,1.8167382,1.3367382,-1.6832618,-1.2832618,-0.9132617,-2.4832618,-1.7032617,0.6967383,0.7667383,-0.75326174,0.7867383
5.2067385,5.006738,4.6567383,4.6367383,4.796738,5.2467384,4.986738,4.986738,5.736738,6.216738,5.9967384,6.3667383,6.1967382,6.106738,4.466738,0.44673827,5.1367383,3.8467383,2.4767382,1.9667382,3.1667383,2.1767383,0.19673829,-0.50326174,-0.5832617,-0.17326172,0.09673828,-0.15326172,0.04673828,-0.6232617,-0.6532617,0.18673828,-0.6132617,-0.56326175,-0.6832617,-0.6232617,-1.0332618,-1.0532618,0.8767383,1.1367383,-0.69326174
3.8167384,4.966738,3.6267383,3.4267383,4.756738,5.1967382,5.816738,6.1567383,5.126738,6.3067384,6.2067385,6.0167384,6.546738,6.8267384,5.6367383,3.5567384,1.5367383,5.466738,3.4167383,2.3867383,2.2467382,0.61673826,-0.06326172,-0.6032617,-0.7432617,-0.5432617,-0.40326172,-0.40326172,-0.7432617,-1.8632617,-1.5332618,-0.18326172,0.61673826,0.9767383,0.67673826,1.7167382,0.5767383,0.3667383,0.23673828,-0.18326172,1.0267383
0.98673826,3.0467384,2.6767383,3.0967383,4.1367383,4.356738,5.0567384,5.606738,6.376738,5.5967383,5.626738,6.396738,6.2467384,6.4267383,6.7467384,4.0967383,4.6767383,6.3467383,4.0967383,2.1767383,1.8767383,1.5867382,0.49673828,0.24673828,0.55673826,0.5367383,0.80673826,0.37673828,0.3967383,-0.05326172,0.19673829,-0.22326171,0.4567383,1.3767383,1.0567383,1.1667383,0.93673825,-2.0432618,-0.40326172,-0.6132617,-0.5532617
0.18673828,1.5167383,1.7467383,2.6367383,3.1067383,3.6167383,4.2267385,4.9067383,6.1667385,4.626738,3.5867383,5.296738,5.9067383,6.816738,6.1367383,5.4067383,3.8267384,4.1167383,4.6967382,2.9667382,1.3267382,0.5967383,0.9667383,1.1167383,1.1667383,1.1067383,0.8967383,0.55673826,-0.57326174,-1.0832617,-1.0032617,-1.0132617,-1.5632617,-1.0432618,-1.0932617,-0.28326172,-0.5932617,-0.27326173,-1.2432617,-1.5332618,-1.2132617
-0.18326172,1.1867383,1.1467383,2.5267382,3.2267382,3.8467383,4.5367384,4.856738,4.626738,4.9767385,3.8867383,5.1667385,6.8467383,6.796738,6.6767383,6.126738,3.3967383,2.3367383,3.9567382,4.6167383,2.4267383,1.9567382,2.2267382,1.8067383,1.5167383,0.73673826,0.49673828,0.0067382813,-0.013261719,-0.25326172,-0.51326174,-0.7132617,0.0067382813,0.05673828,-0.5432617,0.03673828,0.18673828,-0.13326173,-0.2932617,0.8867383,-0.7132617
-1.6532617,0.37673828,0.6567383,1.9267383,3.2867384,3.5967383,4.466738,4.086738,3.8067384,3.8567383,3.3867383,5.4467382,4.5967383,4.1867385,5.1967382,5.3067384,4.856738,3.5267382,0.46673828,5.756738,1.7367383,0.8267383,2.1467383,1.3467383,0.98673826,0.55673826,0.7567383,0.93673825,0.3067383,0.54673827,0.01673828,1.2367383,0.7267383,0.6667383,0.46673828,-0.10326172,0.24673828,0.68673825,-0.5332617,-0.14326172,-0.2632617
