wind_kz.json
{"header": {"discipline":0,"disciplineName":"Meteorological products","gribEdition":2,"gribLength":1102,"center":7,"centerName":"US National Weather Service - NCEP(WMC)","subcenter":0,"refTime":"2024-04-09T00:00:00.000Z","significanceOfRT":1,"significanceOfRTName":"Start of forecast","productStatus":0,"productStatusName":"Operational products","productType":1,"productTypeName":"Forecast products","productDefinitionTemplate":0,"productDefinitionTemplateName":"Analysis/forecast at horizontal level/layer at a point in time","parameterCategory":2,"parameterCategoryName":"UnknownDiscipline_0_Category_2","parameterNumber":3,"parameterNumberName":"UnknownParameter_D0_C2_3","parameterUnit":"Unknown","genProcessType":2,"genProcessTypeName":"Forecast","forecastTime":240,"surface1Type":103,"surface1TypeName":"Specified height level above ground","surface1Value":10.0,"surface2Type":255,"surface2TypeName":"Missing","surface2Value":0.0,"gridDefinitionTemplate":0,"gridDefinitionTemplateName":"Latitude_Longitude","numberPoints":615,"shape":6,"shapeName":"Earth spherical with radius of 6,371,229.0 m","gridUnits":"degrees","resolution":48,"winds":"true","scanMode":64,"nx":41,"ny":15,"basicAngle":0,"lo1":47.0,"la1":41.0,"lo2":87.0,"la2":55.0,"dx":1.0,"dy":1.0}, "data":
[rows 0 to 14 of 15, columns 0 to 40 of 41]
-1.9386157,-2.2986157,4.1913843,2.6613843,1.4713843,-1.1186157,0.74138427,-0.73861575,-3.3686156,-2.9786158,-4.3686156,-3.6886158,-4.1786156,-4.668616,-4.5586157,-4.528616,-3.6186156,-4.418616,-5.108616,-2.6786158,-2.9286158,-4.8686156,-2.2686157,0.88138425,-0.12861572,3.1313844,-0.98861575,2.1113844,-1.5186157,-2.6486158,-3.2786157,-2.6186156,1.0613843,0.0013842774,-2.9586158,1.4913843,1.9313843,0.37138426,1.6813843,-1.0186157,0.7013843
4.391384,1.8513843,6.641384,3.8513842,1.8513843,2.5313842,-1.8186157,0.6013843,-1.2986157,-2.7486157,-3.3386157,-4.7186155,-4.628616,-4.278616,-5.3886156,-4.8286157,-3.2386158,-4.148616,-5.6986156,-6.1986156,-2.5186157,-5.5786157,-2.9586158,1.4913843,-2.6786158,-3.0886157,-4.278616,-3.2286158,-3.7386158,-2.2786157,-0.8886157,-0.4086157,-1.4986157,-1.0486157,-3.7186158,-2.0386157,-0.7986157,-2.2386158,-0.4986157,-2.3086157,2.1713843
2.0613842,8.381384,6.0113845,4.0713844,3.6113844,1.4213843,0.20138428,0.041384276,-0.19861573,-1.9386157,-3.0486157,-3.0786157,-3.9886158,-4.3686156,-5.0586157,-5.0186157,-3.1886158,-4.2486157,-6.048616,-6.8086157,-4.7286158,-2.0586157,-6.5186157,-2.8086157,-1.8686157,-0.37861574,-0.12861572,0.101384275,-0.5286157,3.0813842,-0.06861572,-2.2486157,-1.6086158,-2.3786156,1.2913842,-3.0886157,-4.5786157,-4.5086155,-1.8786157,0.42138427,1.5213842
5.931384,6.5513844,5.1113844,3.5713842,2.2813842,2.9513843,4.2313843,1.0313842,0.57138425,0.021384276,-1.6986157,-2.8986158,-4.3286157,-5.188616,-4.7486157,-5.1586156,-4.8886156,-4.918616,-5.4886155,-6.4786158,-7.4986157,-3.9286158,-4.1986156,-1.0886158,-3.1586158,-3.5486157,-3.7086158,-0.62861574,-1.6086158,0.26138428,-1.3586158,-1.6786157,-0.048615724,6.831384,1.9113842,0.18138428,5.0913844,4.2413845,-1.9886158,-0.44861573,0.33138427
4.2613845,5.1113844,3.1813843,3.4913843,3.6413844,3.1013842,2.5713842,2.3413842,1.9313843,0.18138428,-0.56861573,-1.6686157,-3.4486158,-4.188616,-4.8886156,-4.2586155,-5.168616,-5.0586157,-4.688616,-5.4486156,-5.5586157,-5.648616,-5.2686157,-3.7986157,-3.6286156,-3.4886158,-5.4986157,-5.9686155,-6.3686156,-7.1586156,-7.4986157,-3.5986156,2.8113842,2.1613843,-0.6686157,-2.7386158,-11.348616,1.5913843,-8.788616,-10.838615,-8.048615
2.3513842,2.8313842,4.5013843,4.561384,4.581384,4.351384,3.6313844,2.6913843,1.9913843,1.0713843,-0.5286157,-1.5686157,-3.4486158,-5.0086155,-4.278616,-4.5086155,-4.378616,-4.708616,-4.588616,-4.5586157,-5.2586155,-5.298616,-5.3886156,-4.898616,-4.338616,-4.5086155,-5.548616,-6.6186156,-6.9086156,-6.648616,-6.9686155,-7.2486157,-7.128616,-5.858616,-0.108615726,-7.3886156,0.15138428,-6.4286156,-4.3086157,1.6713843,-7.3886156
2.3713844,3.2613842,3.6713843,3.7113843,4.1913843,4.0313845,3.2013843,2.8013842,1.5313842,0.81138426,-0.09861572,-0.7186157,-1.7186158,-3.2786157,-3.9086158,-4.128616,-4.048616,-4.358616,-4.1986156,-3.7786157,-5.0386157,-5.1386156,-4.9486156,-4.6586156,-3.9986157,-3.9886158,-5.188616,-6.4686155,-6.318616,-8.048615,-8.7586155,-9.608616,-9.458615,-10.088615,-4.7386155,-5.1986156,-4.8486156,-0.81861573,-2.9586158,0.63138425,-7.5586157
2.4313843,3.0013843,3.0013843,2.9413843,2.8213842,3.0213842,2.5713842,2.3613844,1.3313843,0.4413843,-0.13861573,-0.19861573,-1.7286158,-1.9786158,-2.8886156,-2.8186157,-3.2086158,-2.8086157,-2.6086156,-1.7386158,-3.5986156,-4.088616,-4.4886155,-4.5086155,-4.7286158,-5.188616,-6.278616,-6.2586155,-7.8886156,-7.4986157,-8.618616,-8.848616,-10.5086155,-13.018616,-8.7586155,-6.858616,-4.1786156,-0.31861573,0.6113843,2.5113842,-0.18861572
1.6513842,1.8813843,2.0913842,1.9813843,1.9313843,2.2413843,2.0213842,1.7513843,1.4813843,1.1213843,0.21138428,-0.34861574,-0.37861574,-1.7086158,-2.1086156,-2.7386158,-2.5586157,-2.7686157,-2.7786157,-3.1186156,-1.4286157,-3.1486158,-3.6986158,-3.9886158,-4.5786157,-4.858616,-5.1786156,-5.3886156,-7.0086155,-7.7486157,-9.158616,-8.928616,-8.198616,-8.418615,-8.268616,-8.778616,-5.9286156,-4.9686155,0.5313843,-0.26861572,2.6113844
1.2413843,1.4213843,1.4713843,1.5313842,1.5913843,1.8813843,2.0013843,1.7513843,1.7213843,0.8913843,1.0413842,-0.06861572,-0.73861575,-1.3986157,-1.6886157,-2.1886158,-2.0886157,-2.1686158,-2.1586158,-1.9786158,-2.1786158,-2.2686157,-2.9986157,-3.7186158,-3.6286156,-3.6586158,-3.9386158,-4.5586157,-5.3086157,-5.818616,-5.7586155,-5.688616,-6.048616,-6.378616,-6.7186155,-7.1986156,-2.1886158,-0.21861573,0.48138428,1.8513843,1.1113843
1.7913842,1.6413842,1.5913843,1.2813842,1.4713843,2.1313844,2.0013843,1.6613842,1.0913843,0.9113843,0.20138428,0.41138428,0.7013843,0.33138427,-0.75861573,-1.4886158,-1.7386158,-1.7386158,-1.3286157,-1.4386157,-1.6486157,-2.2886157,-3.1286156,-3.2786157,-3.0886157,-3.3186157,-3.4286158,-3.9386158,-3.6386156,-4.108616,-4.9486156,-4.918616,-5.5386157,-5.1786156,-5.8286157,-6.4086156,-4.778616,-2.5686157,-3.9186158,-3.1886158,-3.4286158
1.2813842,1.1513842,1.4813843,1.9313843,2.2713842,2.2313843,1.8513843,2.1113844,1.0113842,0.81138426,0.43138427,0.17138427,0.21138428,0.11138428,-0.69861573,-1.5686157,-1.6286157,-2.1186156,-1.3186157,-1.5886158,-1.7986157,-2.1486158,-2.3186157,-2.1686158,-2.3886156,-2.8886156,-2.8286157,-2.7686157,-3.3986158,-4.148616,-4.3286157,-5.0986156,-4.188616,-5.278616,-4.1186156,-4.9086156,-3.8686156,-2.7986157,-2.1686158,-1.4286157,-0.12861572
2.2513843,2.1213844,2.0313842,1.9013842,1.7413843,1.1513842,1.7913842,2.0813842,2.9213843,1.2813842,0.7213843,0.8413843,2.2813842,1.6613842,1.1313843,0.27138427,-0.9786157,-1.4986157,-1.8186157,-1.5786157,-1.7286158,-1.7586157,-1.9386157,-1.6086158,-2.4586158,-3.0886157,-3.5186157,-3.5786157,-3.2386158,-3.5086157,-4.1786156,-4.938616,-4.708616,-4.6986156,-4.3486156,-3.9686158,-5.0786157,-3.4786158,-5.798616,-5.4986157,-2.2786157
2.3713844,2.9613843,2.8813844,3.0113842,1.9413843,1.9813843,2.0413842,2.9013844,2.6113844,2.6013842,1.5113842,0.36138427,0.41138428,1.8113843,1.8413843,1.0813843,0.32138428,-0.4686157,-1.0786157,-1.2986157,-1.6486157,-1.3886157,-1.6286157,-2.1286156,-2.3286157,-2.7486157,-3.6686158,-3.6386156,-3.5786157,-3.6786158,-2.7086158,-3.9986157,-5.0086155,-5.2386155,-4.898616,-5.4986157,-4.838616,-4.7886157,-5.108616,-4.898616,-7.278616
2.2113843,3.2513843,2.8213842,2.9313843,3.2213843,2.7613842,2.8213842,2.3313842,2.5013843,2.4413843,1.5713843,1.5813843,1.6513842,0.40138426,2.8913844,2.4213843,1.7613842,0.74138427,0.17138427,-0.48861572,-1.1986157,-1.3286157,-1.3486158,-1.6586157,-2.0786157,-2.5086157,-2.9786158,-3.1386156,-3.1986158,-3.0286157,-3.5886157,-3.9786158,-4.6386156,-4.548616,-4.088616,-2.7086158,-4.588616,-4.9986157,-5.4986157,-5.798616,-3.8286157
