wind_kz.json
{"header": {"discipline":0,"disciplineName":"Meteorological products","gribEdition":2,"gribLength":1025,"center":7,"centerName":"US National Weather Service - NCEP(WMC)","subcenter":0,"refTime":"2023-10-04T18:00:00.000Z","significanceOfRT":1,"significanceOfRTName":"Start of forecast","productStatus":0,"productStatusName":"Operational products","productType":1,"productTypeName":"Forecast products","productDefinitionTemplate":0,"productDefinitionTemplateName":"Analysis/forecast at horizontal level/layer at a point in time","parameterCategory":2,"parameterCategoryName":"UnknownDiscipline_0_Category_2","parameterNumber":3,"parameterNumberName":"UnknownParameter_D0_C2_3","parameterUnit":"Unknown","genProcessType":2,"genProcessTypeName":"Forecast","forecastTime":0,"surface1Type":103,"surface1TypeName":"Specified height level above ground","surface1Value":10.0,"surface2Type":255,"surface2TypeName":"Missing","surface2Value":0.0,"gridDefinitionTemplate":0,"gridDefinitionTemplateName":"Latitude_Longitude","numberPoints":615,"shape":6,"shapeName":"Earth spherical with radius of 6,371,229.0 m","gridUnits":"degrees","resolution":48,"winds":"true","scanMode":64,"nx":41,"ny":15,"basicAngle":0,"lo1":47.0,"la1":41.0,"lo2":87.0,"la2":55.0,"dx":1.0,"dy":1.0}, "data":
[rows 0 to 14 of 15, columns 0 to 40 of 41]
-0.5431079,-1.213108,-0.5731079,-9.963108,-8.383108,-4.603108,-0.3531079,0.22689208,-0.9431079,1.5768921,0.6168921,-0.42310792,-0.043107912,-0.18310791,-1.7731079,-1.9731079,-2.4931078,-2.563108,-3.4631078,-1.1731079,-2.023108,-4.223108,-3.4531078,-1.3731079,-2.373108,-0.6731079,-1.1631079,2.206892,2.366892,-1.1031079,-2.343108,-3.623108,-0.5231079,-1.2331079,-0.6131079,1.0068921,-0.4131079,-1.0231079,-0.7731079,0.08689209,-0.33310792
-0.03310791,0.10689209,-7.583108,-8.833108,-7.243108,-1.2731079,0.6368921,2.846892,1.8968921,2.496892,0.22689208,-1.0131079,-1.3431079,-0.9531079,-3.403108,-3.093108,-2.2131078,-3.7331078,-3.653108,-2.013108,-1.953108,-3.513108,0.2168921,1.9868921,1.036892,1.536892,-1.463108,2.616892,0.32689208,1.7468921,3.236892,2.5868921,-1.063108,-1.7831079,-4.003108,-1.4831079,-1.2331079,-3.403108,-1.4831079,-1.0931079,0.1668921
0.3368921,-5.333108,-7.503108,-6.3031077,-6.013108,-9.353107,0.19689208,-0.16310792,3.0768921,0.9868921,1.3168921,0.8668921,-0.7731079,-0.84310794,-2.2031078,-2.873108,-2.293108,-2.893108,-3.253108,-4.293108,-2.003108,-1.7731079,-2.6631079,-0.6331079,-0.5031079,0.6968921,0.3668921,0.3768921,0.3068921,2.0568922,2.396892,1.2168921,2.146892,-0.9831079,-0.8131079,1.6568921,1.6168921,-1.9031079,-0.16310792,1.2468921,1.1568921
1.3768921,-3.133108,-5.813108,-3.123108,-5.8631077,-7.333108,-9.433108,-6.1131077,-0.7631079,0.25689209,0.17689209,-0.2531079,-1.203108,-2.503108,-1.313108,-2.753108,-3.1931078,-3.2331078,-4.0931077,-4.5331078,-2.9831078,-1.453108,0.9568921,-2.063108,-2.4131079,-2.863108,-3.803108,-3.333108,0.29689208,-1.1531079,-1.9231079,-0.6431079,-1.2531079,-1.083108,-0.2231079,-2.513108,-0.043107912,3.8168921,0.5968921,0.44689208,-0.16310792
2.596892,0.04689209,-2.873108,-3.103108,-0.13310792,-4.043108,-6.883108,-4.0931077,-4.3231077,1.686892,2.0268922,1.2268921,-1.573108,-1.6731079,-2.083108,-1.583108,-2.4531078,-3.153108,-3.573108,-3.853108,-2.893108,-2.2331078,-2.1631079,-0.6131079,-1.5331079,-2.9631078,-2.283108,-1.1331079,-1.6631079,-1.9231079,-2.4731078,-0.4131079,2.426892,3.596892,-0.72310793,-0.8131079,-1.083108,-0.3831079,-2.293108,0.9568921,-1.6331079
0.23689209,1.306892,-0.8031079,-1.7331079,0.3068921,2.136892,2.2568922,-0.3831079,0.8868921,3.2568922,2.956892,1.786892,0.04689209,-0.9631079,-1.4931079,-0.7331079,-1.6531079,-3.093108,-3.4331079,-2.013108,-2.543108,-1.7431079,-1.0031079,0.8568921,1.0668921,-0.4031079,-1.193108,-1.823108,-1.4031079,-0.97310793,-1.0431079,-1.7731079,-1.2231079,-0.84310794,1.4868921,-0.84310794,2.0568922,-0.21310791,-2.403108,-0.78310794,-1.4331079
-1.5031079,-0.01310791,-0.9831079,-2.853108,-1.2231079,1.4068921,-0.84310794,-2.153108,-0.15310791,2.876892,4.496892,3.726892,2.926892,0.52689207,-0.8231079,-1.3631079,-0.043107912,-2.403108,-3.9431078,-1.4831079,-1.7531079,-1.7631079,-2.283108,0.4268921,1.2168921,1.4068921,0.11689209,-0.9531079,-1.1331079,-0.49310791,1.4668921,-1.6431079,-3.063108,-2.873108,-1.0031079,-1.313108,-2.583108,-0.7031079,-0.7931079,-1.4031079,-3.4331079
-2.4631078,3.5068922,2.5668921,0.77689207,-0.8331079,-2.2331078,-0.9231079,-2.863108,-1.9731079,-1.7431079,-0.3731079,2.2968922,0.7368921,0.22689208,0.52689207,-0.3731079,-1.713108,-1.5431079,-1.9931079,-2.4231079,-1.813108,-0.8331079,-1.4331079,-1.6831079,-0.4431079,1.6068921,1.6168921,0.3368921,-0.8931079,-1.7731079,0.25689209,0.2468921,-2.4331079,-3.7431078,-0.9631079,-0.01310791,-1.203108,-1.2331079,-0.12310791,0.7068921,-1.4031079
-1.6831079,2.3368921,4.506892,3.5568922,1.8468921,0.6268921,0.1668921,-0.6331079,-1.963108,-1.0931079,0.04689209,-0.01310791,1.9568921,1.6168921,1.426892,0.9168921,-0.02310791,-1.2831079,-1.7631079,-2.1931078,-1.8431079,-0.6331079,-1.313108,-1.5131079,0.4368921,1.4568921,0.3668921,-0.9431079,1.6068921,0.6368921,0.08689209,0.3968921,0.9868921,-1.573108,-0.9231079,0.19689208,-2.053108,-1.6731079,-0.5231079,-1.7531079,-2.613108
-1.3831079,-0.20310791,1.3368921,4.836892,4.146892,3.366892,3.236892,1.6068921,1.2168921,0.6368921,0.6368921,1.4068921,1.4868921,3.0268922,2.636892,2.446892,2.466892,1.7568921,-0.18310791,-0.72310793,-0.8231079,-1.8831079,-1.0131079,-1.9731079,-0.59310794,1.7068921,1.3168921,0.11689209,0.6268921,1.546892,2.0468922,1.556892,1.9468921,1.0968921,-0.8831079,0.1368921,0.6368921,-1.0931079,0.03689209,-0.4731079,1.6468921
1.4568921,-0.5131079,0.77689207,2.876892,4.776892,3.856892,4.006892,3.5068922,2.346892,1.806892,2.476892,2.636892,0.7668921,2.0468922,2.5268922,3.2768922,3.146892,2.876892,2.3268921,0.7368921,-0.4331079,-1.193108,-1.7331079,-1.813108,-0.6831079,-0.13310792,0.32689208,1.666892,2.436892,2.5568922,2.686892,2.096892,1.7568921,0.8668921,0.9968921,0.9468921,0.8968921,1.1268921,0.8568921,0.3368921,0.10689209
2.7868922,1.8668921,1.6368921,2.0168922,2.116892,3.366892,3.596892,2.866892,2.966892,2.686892,2.356892,2.116892,2.246892,1.8368921,1.7168921,3.096892,3.596892,3.416892,3.226892,2.676892,2.106892,0.5668921,0.04689209,-0.4031079,-0.45310792,-0.7731079,-0.1431079,1.926892,2.906892,2.996892,2.436892,2.406892,1.666892,2.0168922,1.3768921,0.5968921,1.0168921,2.216892,2.0068922,1.7668921,1.1468921
3.166892,3.2568922,3.226892,2.7568922,2.116892,1.2568921,1.4468921,2.146892,2.456892,2.216892,1.8768921,1.4868921,1.9868921,1.426892,2.5568922,1.916892,2.0368922,3.446892,3.876892,3.0668921,3.346892,3.156892,2.666892,2.166892,1.2368921,1.176892,0.6368921,1.0068921,2.616892,2.5268922,2.626892,3.136892,2.626892,2.096892,2.456892,2.2668922,1.436892,1.2168921,1.6168921,1.3468921,1.2568921
5.076892,4.3868923,3.916892,4.796892,3.106892,2.966892,2.706892,2.876892,2.2968922,2.5068922,2.426892,1.556892,1.166892,2.676892,1.796892,2.466892,2.906892,2.936892,2.5068922,3.0068922,3.396892,3.7968922,3.946892,3.2968922,2.646892,2.0368922,1.4868921,1.8268921,2.466892,2.7768922,2.656892,2.8068922,3.116892,2.846892,1.7068921,1.7168921,1.1968921,1.1068921,0.9468921,1.416892,1.666892
4.706892,5.956892,7.076892,5.516892,5.546892,4.6968923,4.126892,3.416892,2.876892,2.5268922,2.146892,2.896892,2.666892,1.3168921,2.0768921,1.166892,2.2968922,2.396892,3.126892,3.2968922,3.226892,2.7968922,3.0168922,3.616892,3.5868921,3.346892,3.0868921,2.7568922,2.656892,3.156892,2.996892,4.036892,3.0368922,3.0168922,2.606892,2.0368922,1.686892,2.5668921,1.7468921,1.5268921,1.1168921
