wind_kz.json
{"header": {"discipline":0,"disciplineName":"Meteorological products","gribEdition":2,"gribLength":948,"center":7,"centerName":"US National Weather Service - NCEP(WMC)","subcenter":0,"refTime":"2023-08-21T18:00:00.000Z","significanceOfRT":1,"significanceOfRTName":"Start of forecast","productStatus":0,"productStatusName":"Operational products","productType":1,"productTypeName":"Forecast products","productDefinitionTemplate":0,"productDefinitionTemplateName":"Analysis/forecast at horizontal level/layer at a point in time","parameterCategory":0,"parameterCategoryName":"UnknownDiscipline_0_Category_0","parameterNumber":0,"parameterNumberName":"UnknownParameter_D0_C0_0","parameterUnit":"Unknown","genProcessType":2,"genProcessTypeName":"Forecast","forecastTime":300,"surface1Type":1,"surface1TypeName":"Ground or water surface","surface1Value":0.0,"surface2Type":255,"surface2TypeName":"Missing","surface2Value":0.0,"gridDefinitionTemplate":0,"gridDefinitionTemplateName":"Latitude_Longitude","numberPoints":615,"shape":6,"shapeName":"Earth spherical with radius of 6,371,229.0 m","gridUnits":"degrees","resolution":48,"winds":"true","scanMode":64,"nx":41,"ny":15,"basicAngle":0,"lo1":47.0,"la1":41.0,"lo2":87.0,"la2":55.0,"dx":1.0,"dy":1.0}, "data":
[rows 0 to 14 of 15, columns 0 to 40 of 41]
310.76974,298.66974,306.66974,298.96976,298.66974,297.46976,309.86975,315.66974,311.06976,312.76974,311.26974,311.66974,311.06976,311.36975,311.56976,313.96976,314.86975,317.86975,321.06976,319.46976,322.46976,316.46976,314.96976,313.26974,313.96976,313.06976,311.66974,302.06976,301.86975,299.56976,298.06976,284.06976,294.16974,302.36975,318.26974,321.76974,325.96976,324.06976,324.66974,324.26974,324.06976
292.96976,304.66974,298.46976,298.46976,298.36975,297.16974,316.26974,314.36975,309.66974,309.96976,312.16974,310.06976,310.06976,308.66974,311.16974,313.36975,314.56976,318.26974,317.56976,318.76974,319.76974,316.06976,314.06976,305.26974,295.26974,287.46976,303.36975,299.46976,302.46976,291.96976,297.56976,296.26974,297.96976,272.76974,290.86975,307.76974,313.06976,317.16974,321.26974,312.86975,285.56976
306.46976,298.16974,298.46976,298.26974,297.06976,309.56976,309.86975,309.26974,308.26974,307.06976,305.36975,307.86975,307.16974,308.76974,308.96976,309.16974,311.26974,314.36975,315.06976,316.16974,317.46976,316.36975,317.56976,311.26974,312.06976,310.96976,314.06976,310.46976,310.66974,300.26974,292.76974,295.96976,301.96976,303.16974,302.86975,298.66974,296.56976,296.66974,302.26974,297.16974,294.16974
308.76974,299.16974,298.56976,297.46976,299.36975,309.56976,308.46976,306.96976,303.06976,305.46976,305.56976,305.06976,294.76974,294.06976,306.36975,307.96976,306.06976,304.36975,307.56976,311.46976,314.96976,312.16974,312.46976,311.86975,312.96976,313.16974,309.96976,302.06976,305.26974,300.66974,311.06976,314.96976,315.86975,316.76974,316.86975,310.76974,295.56976,290.76974,297.26974,309.16974,313.26974
308.86975,298.36975,298.76974,298.16974,303.66974,308.56976,308.16974,310.36975,308.06976,306.66974,306.96976,306.26974,294.66974,293.26974,291.16974,307.16974,305.46976,306.36975,307.36975,307.06976,306.66974,307.26974,307.06976,307.86975,307.46976,307.06976,305.06976,303.56976,305.16974,303.56976,302.26974,303.56976,299.76974,293.46976,300.36975,310.36975,306.56976,314.86975,315.26974,313.06976,312.96976
306.66974,306.26974,296.66974,297.56976,297.96976,297.26974,309.26974,306.36975,306.76974,306.16974,305.56976,303.76974,295.56976,294.06976,299.16974,302.56976,305.06976,305.76974,305.56976,303.96976,297.06976,296.76974,302.46976,300.56976,304.06976,302.86975,303.26974,292.56976,304.06976,302.46976,302.56976,301.86975,307.56976,310.96976,304.46976,304.16974,304.86975,305.06976,315.96976,318.46976,312.66974
305.36975,306.36975,309.26974,307.26974,303.56976,307.76974,308.96976,307.56976,305.76974,303.66974,304.56976,303.36975,302.36975,303.56976,304.46976,302.56976,303.86975,302.56976,303.66974,300.26974,302.46976,303.46976,302.96976,301.56976,299.56976,300.56976,301.46976,303.56976,303.16974,305.06976,301.16974,302.16974,302.06976,306.46976,309.66974,309.26974,303.16974,301.86975,301.46976,297.26974,307.06976
306.06976,306.86975,306.46976,306.26974,306.86975,306.26974,306.46976,304.56976,303.36975,301.66974,301.66974,300.06976,301.16974,300.16974,302.16974,302.06976,303.06976,301.96976,302.16974,301.06976,300.26974,301.56976,301.26974,301.46976,299.56976,299.16974,300.06976,300.96976,298.06976,299.46976,297.16974,297.36975,297.16974,293.76974,298.26974,304.26974,306.76974,289.36975,307.16974,309.16974,306.46976
305.26974,304.86975,305.46976,304.86975,304.66974,304.56976,304.16974,302.56976,301.66974,301.16974,300.96976,300.86975,299.96976,301.06976,300.46976,302.06976,301.16974,301.56976,299.76974,300.46976,298.36975,298.36975,299.66974,299.76974,298.06976,297.76974,295.06976,294.06976,293.86975,292.06976,292.46976,292.06976,294.16974,293.56976,295.06976,294.76974,303.46976,298.96976,295.36975,291.26974,294.96976
304.06976,303.96976,303.66974,303.56976,302.06976,302.56976,302.46976,301.56976,300.96976,301.36975,299.46976,298.86975,299.06976,298.26974,298.96976,299.46976,300.06976,300.06976,299.06976,298.66974,297.46976,297.86975,298.06976,297.56976,297.56976,296.16974,294.66974,294.26974,293.06976,293.06976,293.76974,295.06976,296.66974,294.66974,295.16974,293.56976,288.06976,291.06976,294.56976,289.76974,290.46976
301.06976,301.26974,301.16974,300.46976,301.06976,301.36975,301.06976,300.46976,299.46976,299.26974,297.46976,297.26974,297.86975,296.36975,296.66974,297.46976,298.76974,299.76974,298.56976,296.26974,296.86975,297.06976,295.46976,295.56976,294.26974,295.26974,292.16974,294.26974,294.36975,295.66974,296.06976,296.36975,294.96976,291.16974,291.16974,290.26974,286.06976,290.36975,295.86975,287.86975,289.96976
300.96976,302.16974,301.56976,301.56976,299.66974,299.76974,298.46976,298.16974,298.96976,297.86975,296.06976,294.96976,297.26974,294.86975,293.66974,295.46976,296.86975,297.16974,297.96976,296.36975,294.06976,293.16974,294.26974,294.56976,292.56976,293.66974,293.36975,295.26974,296.56976,295.26974,292.46976,293.46976,290.36975,291.36975,289.16974,290.36975,290.06976,290.16974,288.26974,289.66974,289.26974
297.76974,299.66974,300.76974,300.26974,297.96976,296.16974,297.86975,300.16974,298.76974,297.46976,293.16974,292.96976,295.06976,294.16974,295.86975,296.36975,295.56976,294.26974,295.86975,294.06976,293.36975,292.76974,292.86975,291.66974,294.86975,297.36975,296.76974,294.76974,294.56976,294.46976,288.96976,291.06976,291.46976,291.36975,290.56976,289.06976,289.76974,288.46976,290.16974,289.46976,287.86975
299.06976,300.06976,293.96976,299.66974,299.26974,299.16974,298.66974,298.36975,300.96976,295.96976,290.86975,289.06976,292.36975,290.96976,291.46976,293.06976,294.06976,294.16974,292.96976,293.76974,293.86975,293.96976,295.66974,295.56976,295.26974,297.66974,296.96976,293.36975,292.46976,296.26974,291.86975,291.66974,289.66974,288.66974,288.46976,288.06976,287.46976,288.66974,290.46976,286.16974,288.36975
296.86975,300.86975,290.46976,298.86975,298.26974,296.46976,295.66974,293.66974,297.36975,296.36975,292.16974,291.96976,289.66974,290.86975,290.56976,291.26974,292.56976,292.36975,292.76974,292.16974,291.66974,291.86975,292.26974,292.66974,293.76974,293.76974,294.26974,293.46976,292.46976,292.46976,291.86975,286.66974,287.36975,284.56976,286.36975,290.56976,289.76974,288.76974,292.06976,291.86975,288.66974
