wind.json
{"header": {"discipline":0,"disciplineName":"Meteorological products","gribEdition":2,"gribLength":1125,"center":7,"centerName":"US National Weather Service - NCEP(WMC)","subcenter":0,"refTime":"2023-06-30T18:00:00.000Z","significanceOfRT":1,"significanceOfRTName":"Start of forecast","productStatus":0,"productStatusName":"Operational products","productType":1,"productTypeName":"Forecast products","productDefinitionTemplate":0,"productDefinitionTemplateName":"Analysis/forecast at horizontal level/layer at a point in time","parameterCategory":2,"parameterCategoryName":"UnknownDiscipline_0_Category_2","parameterNumber":3,"parameterNumberName":"UnknownParameter_D0_C2_3","parameterUnit":"Unknown","genProcessType":2,"genProcessTypeName":"Forecast","forecastTime":120,"surface1Type":103,"surface1TypeName":"Specified height level above ground","surface1Value":10.0,"surface2Type":255,"surface2TypeName":"Missing","surface2Value":0.0,"gridDefinitionTemplate":0,"gridDefinitionTemplateName":"Latitude_Longitude","numberPoints":688,"shape":6,"shapeName":"Earth spherical with radius of 6,371,229.0 m","gridUnits":"degrees","resolution":48,"winds":"true","scanMode":64,"nx":43,"ny":16,"basicAngle":0,"lo1":45.0,"la1":40.0,"lo2":87.0,"la2":55.0,"dx":1.0,"dy":1.0}, "data":
[rows 0 to 15 of 16, columns 0 to 42 of 43]
-4.2782984,0.63170165,2.7017016,3.7417016,-6.8482985,-11.928298,-9.9082985,-8.748299,-7.708298,-6.9882984,-2.8682983,-3.7182984,-3.1982985,-5.228298,-6.8582983,-7.5782986,-8.978298,-8.968298,-5.6982985,-2.9482985,-2.4182982,-1.9682983,-2.8082983,1.0717016,5.6317015,3.5817018,5.1317015,2.8017015,2.8217018,-0.63829833,-2.5382984,2.0917017,1.8617016,0.99170166,0.36170167,-3.7182984,-3.7082984,-3.3082983,-6.708298,-7.7182984,-2.7082984,1.1217017,2.1917017
0.36170167,3.2417016,2.3317018,-3.0182984,-0.61829835,-6.708298,-3.1982985,-2.1482983,-7.2182984,-6.8882985,-4.1382985,-2.7082984,-4.4482985,-5.9482985,-5.9182982,-7.0782986,-7.6382985,-7.3882985,-7.6282983,-5.188298,-7.538298,-2.5282984,-5.8882985,-4.6382985,-3.0482984,-1.1282983,-0.39829835,5.7217016,-0.50829834,2.8717017,-0.41829833,-1.0282984,-0.35829833,0.18170166,0.03170166,-1.1582984,-6.9282985,-0.29829833,-12.638298,-10.688298,-2.1382983,-0.35829833,3.3317018
-1.7482983,-4.8682985,2.3117018,0.22170167,-3.1682982,-4.438298,-5.7182984,-5.4282985,-7.728298,-2.7582984,-5.9182982,-2.6082983,-3.9182982,-3.8582983,-3.6782982,-5.0682983,-6.9282985,-8.358298,-6.0282984,-6.8982983,-5.768298,-3.3382983,-1.8182983,-3.6582983,-2.6182983,1.7317016,-1.0182984,-2.6082983,-3.8482983,-1.7182983,-2.3782983,-0.68829834,-0.28829834,0.21170166,-1.6882983,-3.4182982,-3.3882983,-5.8582983,-10.538299,-5.5982985,-3.4182982,-2.8182983,-0.19829834
3.1017017,2.8317018,2.1617017,-1.4982983,-1.4482983,-5.6982985,-6.978298,-8.078299,-6.1082983,-6.1182985,-3.5382984,-1.3582983,-1.1682984,-2.9382982,-4.1082983,-4.308298,-5.9482985,-6.208298,-3.7282984,-4.558298,-3.9782984,-1.8682983,-2.2382984,-4.5282984,-0.26829833,0.94170165,2.6817017,2.1317017,2.0717018,-1.5682983,-0.03829834,3.3917017,3.2517016,1.3317016,1.9217017,-0.02829834,1.1717017,3.5517015,4.1317015,0.36170167,0.5417017,-0.78829837,0.63170165
2.8717017,2.0217016,1.3917017,-2.4282982,-5.808298,-6.0882983,-6.6782985,-7.518298,-4.6082983,-4.938298,-3.2582984,-4.6482983,1.8717017,-1.4582983,-3.6282983,-5.7982984,-6.6982985,-4.268298,-2.7682984,-4.2382984,-3.2182984,-3.4982984,-3.2982984,-0.24829835,-1.5482984,-2.9882984,3.8017015,4.1417017,6.3017015,3.4517016,6.1317015,5.541702,-0.38829833,-4.3282986,2.3717017,4.3017015,0.9017017,-0.8982983,1.2417016,1.0617017,-0.37829834,3.0117016,4.5917015
3.7517016,2.5017016,0.5417017,-1.3682983,-2.1482983,-4.1782985,-3.1582983,-2.6982985,-5.3882985,-7.018298,-2.2882984,-4.8582983,-5.498298,0.68170166,-1.0482984,-5.538298,-7.0482984,-4.8882985,-2.7382984,-3.9482985,-2.1682982,-2.0282984,-4.9282985,-3.0782983,-5.4282985,-4.9082985,-0.55829835,1.8817017,5.9117017,0.7317017,2.2517016,3.2617016,5.1417017,2.8417017,0.41170165,0.76170164,-0.8482983,-0.61829835,-1.2582984,-1.1682984,-0.00829834,0.67170167,2.5417016
-3.1682982,3.9417017,1.7617017,0.68170166,-0.06829834,-3.3382983,-4.2982984,-4.5082984,-6.188298,-10.058298,-5.4282985,-2.8382983,-5.0282984,-3.7682984,-3.5382984,-2.8082983,-4.938298,-4.3382983,-6.518298,-4.5082984,-7.4682984,0.14170165,-2.9382982,-3.5482984,-3.3282983,-3.7082984,-3.2082984,-1.1382984,-0.5882983,0.76170164,0.94170165,1.3117017,-1.9082984,-3.1782982,-3.5582983,3.6417017,3.6917017,3.9517016,2.7517016,-0.26829833,-2.2282984,2.7017016,-2.5682983
-2.3182983,0.5417017,-2.4582984,1.1417017,1.8017017,-3.2482984,-0.5282983,-2.3382983,1.0117017,-0.73829836,-4.6482983,-5.5482984,-4.1082983,-2.0882983,-4.058298,-3.8482983,-4.958298,-3.0882983,-0.8382983,-2.8682983,-4.9482985,-2.6982985,-4.208298,-8.198298,-7.3882985,-4.288298,-3.7782984,0.27170166,0.01170166,-0.93829834,0.55170166,-2.5782983,-5.0782986,-4.728298,-6.0982985,-7.0982985,-2.2882984,-1.6282983,-3.7782984,-1.2882984,-0.8482983,0.77170163,-2.0582983
-5.7382984,-5.1482983,-5.0082984,-3.4882984,-2.0682983,-4.558298,-3.1282983,-4.808298,-3.0882983,-6.3282986,-5.7782984,-5.7782984,-5.6382985,-2.7682984,-3.3682983,-4.9282985,-3.2682984,-3.6482983,-3.9882984,-4.978298,-4.6982985,-2.3482983,-4.5882983,-6.3782983,-6.8382983,-7.188298,-5.8682985,-4.1782985,-4.058298,-2.5782983,-2.1982985,-3.4182982,-5.1782985,-3.9682984,-3.8482983,-4.038298,-1.8082983,-1.7682984,-1.0882983,-1.1182983,0.6017017,1.3017017,-1.6582984
-5.538298,-7.1082983,-5.458298,-5.8582983,-2.8182983,-3.1082983,-5.7582984,-5.1382985,-0.38829833,-4.268298,-5.4082985,-4.9082985,-4.5082984,-3.7282984,-4.3982983,-5.308298,-2.6482983,-4.0282984,-4.1182985,-2.5482984,-3.5682983,-3.3982983,-2.4282982,-3.7782984,-5.0882983,-4.1482983,-4.1982985,-4.0782986,-2.3082983,-2.2282984,-1.8182983,-2.1282983,-3.8882983,-2.2082984,-2.3182983,-2.9782984,-2.4182982,-0.87829834,-3.6782982,0.14170165,1.4317017,1.0317017,0.68170166
-2.7182984,-4.3982983,-4.1782985,-4.4282985,-2.6782982,-3.4282982,-3.5182984,-3.5982983,-1.7682984,-1.6682984,-4.478298,-3.1582983,-4.1182985,-2.9282982,-2.4982984,-2.8982983,-5.7182984,-2.7982984,-3.7082984,-2.4282982,-2.0582983,-3.4582984,-3.5282984,-1.3282983,-2.9082983,-3.5582983,-2.9782984,-2.4182982,-1.9982983,-2.4982984,-2.9682984,-2.0982983,-2.1782982,-3.3582983,-4.1082983,-4.9682984,-2.9282982,-2.1482983,0.63170165,-2.7482984,-1.5282984,3.3617017,2.3717017
-2.3582983,-3.9482985,-3.1782982,-3.6582983,-3.3382983,-3.0782983,-3.1582983,-3.8182983,-3.2782984,-5.018298,-5.5882983,-3.7582984,-2.8482983,-0.25829834,-0.40829834,-1.7882984,-2.9282982,-4.478298,-4.3182983,-5.7582984,-0.7782983,-3.1082983,-3.5582983,-1.7982984,-1.6382984,-1.2682984,-2.1682982,-2.4582984,-1.2282983,-1.2982984,-2.2682984,-1.8882984,-0.21829835,-2.1182983,-3.9682984,-3.4782984,-4.478298,-3.6082983,-2.2382984,0.17170165,0.27170166,-0.33829835,-0.35829833
-2.6282983,-2.9782984,-2.4582984,-3.7882984,-2.6982985,-2.4082983,-1.3682983,-1.7882984,-2.8282983,-3.7382984,-4.058298,-3.8682983,-2.3182983,-2.6582983,-2.3282983,-0.73829836,-3.6782982,-0.75829834,-4.3782983,-6.6782985,-6.3982983,-0.88829833,-2.8682983,-3.1582983,-1.8682983,-1.3782983,-0.5882983,-2.5982983,-2.6982985,-3.1282983,-3.4682984,-3.7382984,-2.0782983,-0.32829833,-2.0982983,-2.1482983,-2.3282983,-3.5882983,-1.8182983,0.9017017,2.2917016,2.2017016,1.3117017
-1.3382983,-1.9782983,-1.5782983,-0.50829834,-2.5482984,-2.3582983,-0.45829833,-0.27829835,-0.69829834,-2.9082983,-3.9282982,-2.6782982,-2.0082984,-1.5782983,-0.7182983,-0.7682983,-1.7182983,-4.1182985,-0.88829833,3.5417016,1.8117017,-0.04829834,1.5517017,-2.6482983,-2.3782983,-0.15829834,-0.21829835,-0.74829835,-2.4982984,-3.6882982,-3.2782984,-3.3882983,-4.3882985,1.9717016,0.14170165,-2.6882982,-2.4982984,-2.7982984,-3.1882982,-1.9282984,-3.0282984,-0.21829835,0.43170166
0.83170164,-0.02829834,-1.8982984,-1.3082983,-3.4582984,-2.9582984,-0.29829833,-1.4282984,-0.25829834,-2.3682983,-2.0682983,-2.5882983,-0.75829834,-1.3582983,-1.5282984,-2.6782982,-2.9282982,-3.0782983,-2.8382983,-1.6382984,-1.0482984,0.11170166,-3.4582984,1.0617017,0.07170166,-1.7482983,0.25170165,0.83170164,-1.4482983,-2.8082983,-2.4782984,-3.1682982,-3.6882982,-3.1482983,1.7317016,1.0617017,-2.2882984,-3.9582984,-3.5382984,-2.9082983,-2.9582984,-2.2682984,-2.3182983
2.8617017,1.0517017,-0.22829834,-0.5282983,-2.0782983,-2.4682984,-2.9382982,-1.5482984,0.64170164,-1.5382984,-2.7482984,-2.1982985,-0.78829837,-0.00829834,0.95170164,-1.2282983,-3.2182984,-3.3682983,-3.0082984,-0.75829834,-3.2782984,-4.4482985,-4.9282985,-2.9482985,-1.5582983,-1.6682984,2.1317017,-1.8782983,1.5617017,-1.0082984,-2.2582984,-2.7082984,-3.4982984,-3.5982983,-2.6382983,-2.2882984,-0.85829836,-2.4682984,-2.5482984,-2.1582983,-1.9282984,-4.3482985,-1.4582983
