wind.json
{"header": {"discipline":0,"disciplineName":"Meteorological products","gribEdition":2,"gribLength":1211,"center":7,"centerName":"US National Weather Service - NCEP(WMC)","subcenter":0,"refTime":"2023-05-30T00:00:00.000Z","significanceOfRT":1,"significanceOfRTName":"Start of forecast","productStatus":0,"productStatusName":"Operational products","productType":1,"productTypeName":"Forecast products","productDefinitionTemplate":0,"productDefinitionTemplateName":"Analysis/forecast at horizontal level/layer at a point in time","parameterCategory":2,"parameterCategoryName":"UnknownDiscipline_0_Category_2","parameterNumber":3,"parameterNumberName":"UnknownParameter_D0_C2_3","parameterUnit":"Unknown","genProcessType":2,"genProcessTypeName":"Forecast","forecastTime":60,"surface1Type":103,"surface1TypeName":"Specified height level above ground","surface1Value":10.0,"surface2Type":255,"surface2TypeName":"Missing","surface2Value":0.0,"gridDefinitionTemplate":0,"gridDefinitionTemplateName":"Latitude_Longitude","numberPoints":688,"shape":6,"shapeName":"Earth spherical with radius of 6,371,229.0 m","gridUnits":"degrees","resolution":48,"winds":"true","scanMode":64,"nx":43,"ny":16,"basicAngle":0,"lo1":45.0,"la1":40.0,"lo2":87.0,"la2":55.0,"dx":1.0,"dy":1.0}, "data":
[rows 0 to 15 of 16, columns 0 to 42 of 43]
0.9394995,-1.2405005,-0.72050047,-1.8005005,3.1194994,-5.4605007,-6.3905005,-6.0705004,-6.5305004,-5.0605006,-0.73050046,3.1194994,1.5094995,0.38949952,-1.5805005,-3.3905005,-4.1205006,-5.4905005,-5.2805004,-7.2405005,-8.5305,-7.4705005,-6.0505004,-3.5405004,-0.8605005,-1.2105005,4.9394994,2.6894996,1.5494995,-0.8305005,-3.5405004,1.2894995,-1.4305005,-3.7405005,-5.2405005,2.0394995,-0.8905005,-0.08050049,-1.1205004,-2.4505005,-3.8105004,-3.2405005,-2.4805005
-0.7605005,-1.3105005,-0.8205005,2.2894995,-3.8505006,-5.0205007,-6.4305005,-6.1705003,-6.1405005,-2.3505006,2.8394995,1.5894995,2.4994996,0.31949952,-0.22050048,-0.9305005,-3.8905005,-5.9405003,-7.4705005,-6.3405004,-7.4705005,-6.5605006,-6.7005005,-3.2505004,-1.6005005,1.0194995,-5.2805004,-13.3105,-6.7505007,1.3494995,-2.1405005,-1.8005005,-1.6305004,-1.9505005,-1.3705004,-4.0705004,-2.9505005,0.04949951,-0.16050048,-1.7905005,-1.0905005,-2.8405006,-2.5605004
0.6094995,3.0294995,1.1694995,-0.18050049,0.20949951,-4.7105007,-6.1605005,-6.5205007,-6.1605005,2.8994994,2.8694994,3.1794996,1.0094995,1.0794995,1.6094995,-1.5505005,-3.9205005,-5.5805006,-6.2305007,-6.6505003,-4.4305005,-8.130501,-8.910501,-8.620501,-7.5705004,-2.9405005,-0.9905005,-3.0605004,1.0894995,-0.97050047,-0.7705005,-1.8705004,-2.7105005,-3.9905005,-0.6305005,-1.2005005,-2.1205006,-2.8805006,1.0994995,4.4794993,1.7194995,-1.7205005,-0.91050047
-1.2505004,-1.7505004,-6.9205003,-4.8405004,-6.0805006,-5.0605006,-4.6805005,-5.3505006,-1.9205005,4.8994994,4.1694994,4.0594997,2.4794996,1.3394995,0.2694995,0.70949954,-1.9605005,-4.5305004,-5.7605004,-6.4705005,-7.6005006,-0.79050046,-5.6805005,-6.1005006,-5.7305007,-6.0805006,-6.8305006,-1.1705005,0.25949952,-4.5205007,-3.8205004,-1.9205005,-2.7005005,-2.6305006,-1.4005005,-2.6705005,3.3794994,-2.7205005,-4.1705003,-4.7505007,-3.5605004,2.5494995,-0.05050049
-5.5605006,-5.0105004,-6.6705003,-7.1905003,-6.1905003,-2.9705005,-3.2005005,0.6794995,4.9194994,3.0794995,5.4394994,5.8794994,4.2494993,-1.1105005,-2.9305005,-4.7505007,-1.9005005,-1.2905005,-3.1505005,-4.2705007,-4.8205004,-4.6205006,-4.1905003,-5.9505005,-2.9305005,-3.4705005,-3.7405005,-4.3705006,-3.3305006,-3.7705004,-4.6605005,-5.0505004,-6.2805004,-8.7405,0.8794995,2.3794994,1.9094995,-0.9905005,-5.5205007,-2.8705006,-2.2405005,-0.73050046,-6.6605005
-4.8005004,-7.3605003,-8.590501,-9.960501,-6.6705003,-0.4805005,1.3794996,3.4894996,6.9894996,7.1694994,6.2594995,5.7494993,4.7094994,1.9194995,-1.1005005,-4.1205006,-5.5905004,0.5494995,-1.0105004,-1.5805005,-1.5205005,-2.0205004,-2.4205005,-2.0105004,-2.4505005,-2.7505004,-3.3605006,-4.0405006,-5.8305006,-3.5105004,-4.4505005,-5.2005005,-7.3605003,-7.8805003,-5.2305007,-2.6905005,1.1094995,3.5594995,-5.3805003,-1.9405005,-6.6205006,0.8694995,-2.6705005
-3.7005005,-5.0205007,-6.4305005,-7.5705004,-6.9505005,4.7294993,3.4294996,-0.2105005,-0.73050046,4.5894995,6.8594995,5.7094994,7.4694996,6.1394997,1.4794995,1.1094995,-0.6905005,3.0594995,2.0394995,1.0594995,-0.33050048,-0.6705005,-1.2105005,-1.8205005,-1.8705004,-2.2205005,-3.1505005,-0.2605005,-0.2605005,-4.4305005,-5.2305007,-4.9405003,-5.5205007,-6.5705004,-6.3005004,-5.7205005,-1.4205005,0.3094995,-4.4605007,-6.3905005,-3.0705004,-8.5705,-10.2805
-2.9005005,-5.9205003,-7.7805004,-7.3205004,-1.2105005,6.4494996,4.2194996,4.1494994,6.7694993,7.3394995,7.9894996,6.3794994,6.0794997,5.9394994,4.0894995,5.9294996,1.8494995,2.7294996,2.7494996,2.2394996,0.029499512,1.0294995,0.70949954,0.8694995,-0.72050047,-1.2605004,-1.9205005,-2.8105004,-3.0105004,-3.6705005,-3.8905005,-5.3505006,-6.1805005,-6.3505006,-5.9905005,-6.5205007,0.21949951,-4.6805005,-4.4505005,-5.4305005,-2.0605004,-2.9205005,0.64949954
-4.8605003,-4.9905005,-6.2305007,-10.3105,1.4794995,5.8194995,3.0594995,3.8094995,6.9394994,9.339499,1.4794995,4.1894994,5.7794995,4.8994994,4.5594997,1.7494996,3.0794995,1.8394995,3.3894994,2.9194994,1.2194995,0.70949954,-0.8305005,-1.1905005,-0.3105005,-0.6205005,-2.2805004,-2.8005004,-4.2505007,-4.3505006,-3.7405005,-5.1105003,-6.4105005,-6.8905005,-6.7805004,-7.5805006,-5.7005005,-4.2005005,-1.9305005,0.47949952,2.4594996,-0.8105005,0.4994995
-3.9705005,-4.5505004,-5.9905005,-10.340501,-9.830501,2.1594994,4.5294995,4.3094997,7.8594995,7.0694995,7.4494996,6.4994993,6.8694997,4.2894993,3.4494996,2.9194994,3.7294996,2.4194994,2.1794996,0.5694995,0.4594995,-0.18050049,-0.2805005,-1.0105004,-0.66050047,-0.9905005,-1.8505005,-1.2505004,-1.4105005,-3.6405005,-3.8705006,-4.4005003,-6.3205004,-7.0605006,-7.7105007,-7.8405004,-6.8705006,-4.8105006,-3.4405005,-3.4605005,-4.7405005,-3.1705005,-2.7705004
-5.4805007,-7.8005004,-6.2805004,-7.2405005,-8.410501,-7.1105003,-0.6305005,1.3894995,4.7594995,4.6594996,3.1394994,6.5394993,7.1694994,6.7394996,4.5294995,4.1694994,3.3494995,1.8394995,0.8494995,-0.7805005,-1.8605005,-1.7405005,-1.2105005,-0.7105005,-0.7605005,-0.34050047,-2.0605004,-0.73050046,-2.5305004,-2.0305004,-3.3205004,-3.7105005,-4.7805004,-5.2705007,-6.2305007,-7.4705005,-8.120501,-4.7405005,-0.9305005,0.069499515,-4.8005004,-2.0105004,-2.5705004
-5.2305007,-4.7705007,-4.6405005,-7.1305003,-6.1105003,-7.9005003,-5.2205005,-0.7605005,3.7694995,4.7594995,2.1394994,5.3594995,3.5394995,5.4294996,6.7794995,5.2894993,5.2694993,3.9894996,3.2094996,0.95949954,0.16949952,-1.2205005,-1.5305005,-1.3105005,-1.3605005,0.89949954,0.64949954,0.5594995,-0.6405005,-0.73050046,-0.8805005,-1.4405005,-3.7805004,-3.9705005,-5.7305007,-4.7005005,-5.3305006,-6.7805004,-4.1605005,-2.0305004,-4.0705004,-2.7705004,-2.9505005
-4.4905005,-3.7705004,-3.9305005,-3.9005005,-4.3905005,-4.6505003,-5.9305005,-3.5305004,0.9694995,1.0594995,4.9494996,2.2194996,2.0394995,3.7994995,7.4694996,5.8094997,6.8394995,2.7594995,1.1594995,-2.1605005,2.0294995,2.2994995,1.3094995,1.3494995,1.3894995,1.7994995,0.6994995,1.4694995,1.3794996,-0.4805005,-0.5505005,-0.9405005,-1.2405005,-3.9905005,-3.7705004,-3.2105005,-3.0505004,-3.2205005,-0.8105005,-0.46050048,-1.6305004,-0.9305005,-2.2005005
-2.7505004,-3.1505005,-3.3705006,-1.6805005,-1.4005005,-1.6505005,-2.1205006,-2.3205004,0.13949952,3.5394995,6.0494995,4.2994995,3.4094994,3.3694994,1.1794995,4.9794993,4.8794994,3.2294996,3.4394996,1.4394995,3.9594996,-2.7805004,2.9094994,1.1694995,0.5694995,1.2394996,0.89949954,2.3494995,2.5194995,1.3094995,1.3594995,-0.5005005,-0.79050046,-2.5405004,1.7894995,-0.5505005,-0.6405005,-0.7105005,-0.8105005,-0.33050048,-1.7605004,-1.4705005,-1.3505005
-1.7605004,-1.7805005,-3.1905005,-2.4305005,-2.5805006,-0.30050048,0.019499512,-1.1405005,0.6894995,1.0694995,2.3994994,0.8594995,3.3694994,4.1694994,5.7094994,5.5694995,3.4594996,6.4694996,4.0194993,1.7194995,4.4094996,5.0894995,3.6294994,4.3194995,2.5894995,3.4694996,1.6794995,2.9194994,3.4594996,2.5094995,2.2594995,1.6094995,1.3194995,0.13949952,-1.5305005,-1.3805004,-1.6805005,-0.6205005,-2.6405005,-3.8805006,-2.1705005,-1.8305005,-3.8805006
-2.0805006,-2.1205006,-0.8105005,-3.8205004,-0.6105005,-1.4305005,-0.9205005,-0.8905005,0.89949954,0.8694995,0.20949951,-2.6805005,2.7894995,2.6194994,1.6094995,3.2394996,3.7894995,5.7294993,4.0394993,4.8594995,4.8994994,1.3894995,0.9994995,5.2894993,3.6394994,2.9394996,1.1394995,1.0994995,-0.33050048,3.1594994,1.3494995,0.83949953,3.1394994,-0.2805005,-0.9505005,-0.5605005,1.0194995,1.0994995,1.8894995,-1.1105005,0.9194995,0.09949951,-0.6705005
