wind_kz.json
{"header": {"discipline":0,"disciplineName":"Meteorological products","gribEdition":2,"gribLength":1102,"center":7,"centerName":"US National Weather Service - NCEP(WMC)","subcenter":0,"refTime":"2023-09-11T00:00:00.000Z","significanceOfRT":1,"significanceOfRTName":"Start of forecast","productStatus":0,"productStatusName":"Operational products","productType":1,"productTypeName":"Forecast products","productDefinitionTemplate":0,"productDefinitionTemplateName":"Analysis/forecast at horizontal level/layer at a point in time","parameterCategory":2,"parameterCategoryName":"UnknownDiscipline_0_Category_2","parameterNumber":2,"parameterNumberName":"UnknownParameter_D0_C2_2","parameterUnit":"Unknown","genProcessType":2,"genProcessTypeName":"Forecast","forecastTime":0,"surface1Type":103,"surface1TypeName":"Specified height level above ground","surface1Value":10.0,"surface2Type":255,"surface2TypeName":"Missing","surface2Value":0.0,"gridDefinitionTemplate":0,"gridDefinitionTemplateName":"Latitude_Longitude","numberPoints":615,"shape":6,"shapeName":"Earth spherical with radius of 6,371,229.0 m","gridUnits":"degrees","resolution":48,"winds":"true","scanMode":64,"nx":41,"ny":15,"basicAngle":0,"lo1":47.0,"la1":41.0,"lo2":87.0,"la2":55.0,"dx":1.0,"dy":1.0}, "data":
[rows 0 to 14 of 15, columns 0 to 40 of 41]
-3.118506,1.4414941,0.6714941,3.9814942,6.731494,8.1714945,4.981494,5.1614943,7.491494,7.681494,9.471494,10.101494,10.241494,10.951494,10.781494,9.081494,8.371494,8.451494,2.111494,4.051494,2.9114943,1.2714942,0.24149413,-2.658506,1.4414941,-0.95850587,-3.6985059,-1.6285058,0.71149415,-0.15850586,-0.8785059,2.061494,0.6714941,0.34149414,-3.5485058,-3.2185059,-3.168506,-2.858506,-3.0385058,-2.5185058,-2.7485058
2.2914941,0.8614941,7.3514943,8.311494,8.291494,7.941494,3.571494,7.151494,10.151494,11.161494,11.271494,10.711494,10.731494,11.251494,12.491494,10.601494,9.551495,9.611494,2.7214942,2.7014942,0.38149413,-1.2785058,0.59149414,-3.6985059,-1.0585059,-0.22850586,-1.2285058,0.16149414,-0.83850586,-0.7585059,0.21149415,-0.28850585,1.6314942,-2.0185058,0.09149414,0.5514941,-0.8185059,0.38149413,-0.36850587,1.6114942,1.1714941
4.3714943,10.751494,9.161494,7.231494,7.861494,4.171494,6.5414944,7.701494,9.351494,9.1714945,9.6714945,11.901494,11.741494,11.331494,12.591495,11.031494,11.161494,12.311494,5.251494,1.1014942,0.121494144,-2.0085058,-1.4485059,-0.5785059,-0.02850586,-0.73850584,-1.6685059,-2.098506,-1.1785059,-0.8285059,-1.4285059,2.861494,-0.13850586,0.38149413,-1.6285058,0.96149415,0.59149414,1.5514941,-0.59850585,1.9114941,2.4614942
6.1414943,10.221494,9.361494,9.011494,4.8314943,5.671494,6.181494,7.051494,8.721494,9.3814945,11.541494,15.011494,19.071495,19.591494,13.401494,12.101494,13.021494,12.551495,4.951494,-0.6385059,-1.0885059,-0.22850586,-1.7885059,-3.108506,-3.3085058,-3.2185059,-1.2885059,-2.7685058,-2.0085058,-0.15850586,-1.5485059,-4.118506,-3.3385057,-3.2485058,-2.378506,-1.0085058,-0.33850586,1.8914942,1.8814942,0.25149414,0.47149414
2.9714942,6.021494,7.1414943,8.011494,8.931494,6.221494,5.931494,3.9114943,7.531494,8.251494,10.551495,15.211494,19.721495,19.001493,12.161494,10.431494,13.451494,-0.22850586,-4.138506,-2.428506,-1.1285058,-3.5785058,-4.348506,-4.0885057,-3.8385057,-4.1285057,-5.178506,-3.2085059,-3.658506,-3.148506,-3.358506,-2.7985058,-2.648506,0.49149415,1.0414941,-0.78850585,-0.48850587,-2.858506,-1.9885058,-2.4985058,-3.7885058
3.901494,3.6714942,7.461494,8.851494,8.651494,7.071494,7.3314943,5.481494,6.591494,6.271494,7.501494,8.001494,3.601494,3.091494,4.881494,1.0614941,-4.508506,-10.468506,-10.148506,-5.988506,-5.2085056,-4.828506,-4.4585056,-4.3785057,-4.428506,-5.488506,-3.8385057,-4.118506,-3.4785058,-3.8185058,-3.5185058,-2.618506,-3.4585059,0.0014941406,-0.11850586,1.8014941,0.70149416,-2.868506,0.66149414,-3.8385057,-3.138506
5.051494,4.741494,4.761494,5.5614944,5.961494,5.0414944,4.231494,4.431494,5.431494,1.8814942,2.901494,1.1714941,-4.058506,3.9914942,-6.4185057,-3.658506,-6.8785057,-9.0785055,-11.348506,-8.748506,-5.6285057,-5.228506,-4.888506,-4.718506,-4.8785057,-5.018506,-3.118506,-3.108506,-3.4885058,-3.648506,-3.598506,-3.0485058,-2.0185058,-2.0485058,-1.6185058,-3.188506,-1.3285059,2.391494,-3.2485058,2.571494,-0.44850585
4.0414944,3.131494,4.231494,4.4114943,3.9914942,3.111494,3.5414941,3.611494,2.111494,2.311494,1.2314942,-2.438506,-2.2085059,-5.618506,-6.2085056,-5.8785057,-6.9585056,-7.1685057,-6.468506,-9.378506,-6.408506,-3.848506,-4.318506,-4.6685057,-3.408506,-1.8785058,-2.2085059,-2.2885058,-2.658506,-2.7685058,-2.8185058,-2.4485059,-1.8985058,-1.4485059,-4.068506,-2.678506,0.09149414,-0.44850585,-3.648506,-2.3385057,-2.418506
1.6814941,2.9114943,2.5514941,3.2914941,3.151494,2.7714942,2.9714942,2.851494,2.111494,0.75149417,-1.5985059,-2.5585058,-4.6885056,-3.2485058,-6.4585056,-7.798506,-6.258506,-6.6685057,-6.558506,-7.888506,-6.7085056,-4.998506,-4.6685057,-5.5885057,-4.578506,-3.5085058,-2.7785058,-3.0185058,-1.8785058,-2.2185059,-3.168506,-2.0385058,0.83149415,0.39149415,-1.3285059,-2.108506,-1.7485058,-0.65850586,-2.0385058,-1.3785058,-1.2385058
2.6614943,1.5414941,2.131494,2.7914941,2.351494,0.58149415,1.6014942,1.2714942,0.16149414,0.76149416,0.10149414,-2.0885057,-5.258506,-5.038506,-6.3985057,-7.568506,-9.288506,-8.188506,-6.868506,-8.048506,-7.4385056,-5.298506,-4.068506,-5.1685057,-4.768506,-5.728506,-2.9885058,-2.918506,-1.9985058,-0.38850585,0.66149414,1.9314941,3.2114942,2.9514942,-1.4185059,-2.9685059,-2.5285058,-0.7685059,-0.12850586,-0.35850585,-1.4885058
1.7214942,1.2414942,1.4314941,1.3514942,1.6614941,0.09149414,0.17149414,0.9814941,-0.6885059,-0.73850584,-2.7885058,-2.158506,-2.8285058,-5.278506,-5.638506,-6.038506,-6.998506,-5.1085057,-6.298506,-6.658506,-6.1485057,-5.848506,-4.868506,-5.248506,-3.5085058,-3.098506,-2.188506,-0.20850585,1.3914942,4.231494,5.211494,3.901494,1.3514942,1.7814941,-2.5385058,-2.4485059,-1.0085058,0.06149414,-0.79850584,0.40149415,-1.1385058
1.5414941,0.63149416,1.5814941,1.2714942,0.28149414,0.63149416,0.32149413,-1.2685058,-0.6285059,-1.1985059,-2.7885058,-3.128506,-2.9485059,-2.358506,-3.6985059,-2.7985058,-3.8285058,-5.6485057,-4.888506,-4.808506,-5.158506,-3.9585059,-4.7085056,-3.5185058,-2.168506,-1.7185059,0.121494144,1.1214942,-1.5485059,-2.118506,-2.168506,-4.568506,-3.8185058,-5.8785057,-3.658506,-3.0885057,-2.8085058,-1.3585058,-0.96850586,-0.35850585,-0.45850587
0.89149415,1.2214942,0.19149414,0.38149413,0.8114941,0.07149414,-0.65850586,-1.6885059,-2.188506,-1.0185058,-0.90850586,-2.8385057,-0.70850587,-4.748506,-4.748506,-3.9985058,-3.2185059,-3.658506,-4.0885057,-3.618506,-3.4985058,-2.858506,-2.4485059,-1.8185059,-0.42850587,0.6814941,0.5514941,-2.658506,-3.6985059,-3.4885058,-4.598506,-4.678506,-5.478506,-4.868506,-3.358506,-3.608506,-3.648506,-2.2385058,-3.8085058,-2.148506,-0.97850585
1.2914941,0.32149413,0.64149415,0.15149415,0.121494144,0.52149415,-0.92850584,-0.99850583,-0.77850586,-1.0585059,-1.0985059,-2.398506,-2.5285058,-2.7285058,-3.2685058,-3.188506,-3.7385058,-3.858506,-3.7785058,-3.358506,-3.358506,-2.8085058,-2.2985058,-1.3885058,-1.2085059,-1.0285058,-2.9485059,-3.4985058,-3.7185059,-3.5785058,-4.118506,-3.688506,-3.598506,-3.3085058,-2.648506,-3.128506,-2.428506,-2.4785058,-2.2185059,-0.92850584,0.19149414
-0.34850585,-0.07850586,0.31149414,-0.71850586,-0.80850583,-0.09850586,-1.3385059,-1.4685059,-1.7085059,-3.4585059,-2.9585059,-1.5785059,-1.8985058,-2.428506,-3.0285058,-3.0385058,-3.168506,-2.0785058,-2.2385058,-3.108506,-2.7585058,-1.3585058,-1.8985058,-1.3185059,-1.2385058,-3.2385058,-3.388506,-3.4585059,-2.938506,-3.4585059,-3.648506,-3.418506,-2.9785058,-2.7985058,-2.7285058,-2.7885058,-2.648506,-2.388506,-0.84850585,-1.3185059,-0.38850585
