wind_kz.json
{"header": {"discipline":0,"disciplineName":"Meteorological products","gribEdition":2,"gribLength":1102,"center":7,"centerName":"US National Weather Service - NCEP(WMC)","subcenter":0,"refTime":"2023-08-24T06:00:00.000Z","significanceOfRT":1,"significanceOfRTName":"Start of forecast","productStatus":0,"productStatusName":"Operational products","productType":1,"productTypeName":"Forecast products","productDefinitionTemplate":0,"productDefinitionTemplateName":"Analysis/forecast at horizontal level/layer at a point in time","parameterCategory":2,"parameterCategoryName":"UnknownDiscipline_0_Category_2","parameterNumber":3,"parameterNumberName":"UnknownParameter_D0_C2_3","parameterUnit":"Unknown","genProcessType":2,"genProcessTypeName":"Forecast","forecastTime":120,"surface1Type":103,"surface1TypeName":"Specified height level above ground","surface1Value":10.0,"surface2Type":255,"surface2TypeName":"Missing","surface2Value":0.0,"gridDefinitionTemplate":0,"gridDefinitionTemplateName":"Latitude_Longitude","numberPoints":615,"shape":6,"shapeName":"Earth spherical with radius of 6,371,229.0 m","gridUnits":"degrees","resolution":48,"winds":"true","scanMode":64,"nx":41,"ny":15,"basicAngle":0,"lo1":47.0,"la1":41.0,"lo2":87.0,"la2":55.0,"dx":1.0,"dy":1.0}, "data":
[rows 0 to 14 of 15, columns 0 to 40 of 41]
-1.1941394,-0.2241394,-4.4241395,-7.9141393,1.6658607,-1.1041394,1.0958606,1.5058606,2.0858605,2.7158606,4.7058606,5.795861,6.1258607,6.0758605,5.6958604,5.255861,3.3358605,0.8258606,4.4558606,1.0658606,6.735861,3.5658605,2.7058606,-0.054139405,1.3258606,-1.2041394,-0.4941394,-1.3741394,-0.7341394,1.8058606,2.1758606,2.0958605,-0.29413942,-4.2841396,-0.8741394,-1.7941394,1.1758606,0.5958606,-3.0841393,-6.724139,-1.2241395
-2.7941394,-2.6041393,-5.4341393,-5.6441393,-3.5641394,-3.8541393,-3.0141394,1.4958606,2.3758607,5.3758607,5.5858607,5.8358607,6.3858604,5.8458605,5.5958605,5.7258606,2.9158607,1.1258606,2.4458606,3.8358605,3.5158606,2.2258606,1.3858606,2.1158607,2.9058607,2.9458606,3.2358606,1.6358606,0.7458606,2.6158607,0.39586058,3.5758605,1.4558606,2.9558606,2.5658605,2.2358606,1.0958606,1.4658606,-1.8841394,-3.0041394,-3.0841393
-3.4641395,-6.7541394,-5.954139,-4.9141393,-1.7541394,-2.9941394,-2.9741395,-3.1641395,-1.0441394,3.6458607,6.3658605,6.9758606,6.8458605,7.1758604,6.6258607,6.9258604,6.5758605,4.7258606,4.5358605,3.7258606,3.0858605,1.0258605,-0.2641394,1.4658606,-0.3441394,-1.3241394,-0.4741394,-1.0141394,-0.8941394,-0.6041394,3.9158607,2.6858606,0.3558606,1.9058605,0.6258606,-2.8141394,-2.2941394,2.3658607,0.5958606,2.8058605,2.9358606
-6.6241393,-8.184139,-7.8841395,-5.6341395,-2.7141395,-2.2041395,-4.0541396,-4.1841393,-4.4641395,-1.5841393,0.4358606,4.2058606,4.7658606,5.9158607,7.8058605,8.92586,7.4458604,6.1358604,5.7058606,6.4058604,5.2258606,5.4558606,-1.0841393,3.0458605,4.4158607,3.7358606,2.7058606,1.9058605,4.3558607,2.3858607,2.2458606,1.2258606,1.2458606,-0.034139406,0.4958606,2.2058606,3.1558607,2.1558607,-2.2841394,-0.9541394,-2.9941394
-6.5741396,-10.53414,-10.28414,-8.554139,-7.7541394,-7.0041394,-5.9641395,-3.1041393,-3.2941394,-6.1841393,-3.4641395,-4.0541396,-3.0741394,4.8758607,8.58586,7.8658605,9.615861,8.975861,8.065861,7.2658606,6.9258604,4.255861,3.3158605,5.025861,5.5358605,5.6758604,5.8458605,3.9558606,5.4258604,2.7358606,-0.4841394,-2.4341395,-1.8441395,1.4758606,0.8858606,1.3958606,0.18586059,0.9158606,0.8658606,1.8458606,-0.3641394
-7.5241394,-7.1241393,-8.754139,-9.024139,-8.70414,-9.474139,-8.1941395,-7.8341393,-7.7541394,-6.8741393,-6.3241396,-6.204139,-1.8841394,-2.6741395,-1.9941394,4.8558607,9.485861,10.525861,10.315861,9.895861,9.025861,7.2658606,6.9458604,6.1558604,6.9758606,7.3458605,6.3358607,2.3658607,5.0858607,3.9558606,2.3258605,0.9458606,0.015860595,-1.8541394,-2.2641394,-2.7141395,-2.8141394,-4.3241396,-4.8441396,3.8158605,-0.2641394
-7.7841396,-8.274139,-8.504139,-8.4441395,-8.95414,-8.91414,-8.33414,-7.8241396,-7.1941395,-6.6641393,-6.3941393,-5.6741395,-5.5741396,-2.4841394,0.8458606,2.2958605,0.3258606,7.9958606,11.475861,11.12586,11.04586,9.995861,9.065861,8.58586,7.4058604,8.17586,7.9458604,8.245861,7.045861,6.4758606,5.4158607,4.7158604,3.9858606,2.5758605,0.9458606,1.3858606,2.9758606,1.1358606,0.035860594,2.5858605,-6.6841393
-6.7741394,-7.494139,-7.5741396,-7.7741394,-8.144139,-8.174139,-7.8241396,-7.2841396,-5.974139,-5.3241396,-5.8141394,-5.244139,-4.6941395,-2.5541394,-5.1441393,-7.1941395,6.1858606,3.9858606,4.5758605,11.25586,10.575861,11.995861,11.535861,10.3058605,9.83586,9.88586,9.42586,8.825861,8.42586,6.4658604,4.4058604,4.9658604,5.045861,5.5358605,2.7558606,1.4758606,-0.4841394,-0.4341394,-0.5041394,-0.3141394,-1.1941394
-6.454139,-6.6141396,-6.7341394,-6.954139,-6.9441395,-6.7341394,-6.5241394,-6.4841394,-5.244139,-4.2841396,-4.5241394,-4.5741396,-4.3941393,-3.2341394,-2.6141393,-2.8741393,-5.764139,2.1958606,10.42586,8.37586,5.985861,10.895861,9.935861,11.115861,9.905861,10.88586,9.985861,9.535861,9.20586,7.8758607,6.5758605,5.0858607,4.7158604,5.7158604,4.6858606,3.6658607,2.7358606,-0.7041394,0.3458606,-1.8241394,1.3258606
-6.8341393,-7.244139,-7.5441394,-8.224139,-8.254139,-7.474139,-5.764139,-4.8241396,-5.9241395,-4.1841393,-3.3841393,-3.6941395,-4.1041393,-2.3841393,-2.4041395,-1.8541394,-2.8241394,-3.4741395,-1.0741394,11.75586,12.67586,10.645861,10.895861,7.6358604,8.91586,10.265861,9.645861,8.88586,8.54586,7.8558607,6.9358606,4.4358606,4.3458605,4.735861,5.4358606,3.8158605,2.5258605,2.3658607,1.8458606,0.1258606,-0.0641394
-7.474139,-7.8741393,-7.6841393,-8.03414,-6.7741394,-6.1941395,-6.6741395,-3.7241395,-3.5641394,-4.0941396,-2.6241393,-2.2441394,-2.9541395,-1.8041394,-1.9041394,-1.5241394,-0.5641394,0.8358606,-5.0041394,-1.4841394,7.4758606,9.775861,10.525861,11.735861,9.285861,4.9158607,9.435861,10.325861,9.20586,7.2658606,6.4458604,6.255861,5.4558606,3.9958606,5.5758605,5.545861,4.1158605,1.6058606,3.2158606,0.9858606,0.0058605955
-7.1241393,-7.2941394,-8.764139,-7.6041393,-7.3241396,-7.3741393,-3.8841393,-2.4041395,-2.5841393,-1.3041394,-1.4341394,-2.5941393,-1.4841394,-0.3641394,-1.7141395,-0.35413942,-0.2541394,1.0958606,1.7058606,3.9258606,4.1458607,4.1858606,1.9558606,10.25586,11.21586,12.13586,8.95586,9.8458605,9.515861,8.66586,7.1058607,7.7158604,5.7658606,4.005861,4.3558607,4.3058605,4.8558607,4.295861,2.9258606,1.5658606,1.7258606
-6.1041393,-7.4441395,-7.8941393,-8.07414,-7.7841396,-5.7841396,-6.9341393,-4.0641394,-3.7541394,0.085860595,0.42586058,-0.9441394,-1.0841393,-0.7341394,-1.0941395,-2.2141395,0.3358606,0.9658606,0.7258606,1.9158607,3.3958607,4.2258606,6.1558604,4.3458605,6.755861,7.1558604,11.435861,10.445861,10.16586,9.8458605,8.13586,8.235861,7.0858607,3.2258606,3.8958607,4.3358607,5.6658607,4.7058606,7.0858607,5.1258607,2.3058605
-6.3841395,-7.1741395,-9.24414,-7.974139,-7.6541395,-7.7941394,-7.6141396,-7.9641395,-5.5641394,-1.4441394,0.9658606,0.0758606,-0.2841394,-2.3441393,0.13586059,-0.4841394,0.1658606,0.75586057,1.1158606,0.7758606,3.3458605,4.8558607,4.3258605,4.6758604,7.2158604,4.7858605,7.1058607,7.0858607,8.29586,9.945861,9.42586,8.46586,6.4058604,3.7758605,3.7258606,4.1658607,4.2058606,6.3858604,5.9358606,4.4958606,4.775861
-4.8041396,-7.7741394,-10.674139,-8.854139,-8.08414,-7.3141394,-8.234139,-8.844139,-8.054139,-5.7341394,-0.6741394,1.3858606,0.7958606,-1.1741394,-0.7141394,-0.6541394,2.0858605,0.9858606,0.8558606,3.3058605,5.3258605,5.235861,5.5858607,4.5158606,7.5158606,7.8158607,7.3558607,6.3358607,6.9158607,9.225861,7.7458606,7.1958604,5.6558604,3.5658605,3.8558607,3.4958606,4.4058604,6.2458606,4.8558607,5.525861,3.6258607
