wind_kz.json
{"header": {"discipline":0,"disciplineName":"Meteorological products","gribEdition":2,"gribLength":871,"center":7,"centerName":"US National Weather Service - NCEP(WMC)","subcenter":0,"refTime":"2023-08-28T06:00:00.000Z","significanceOfRT":1,"significanceOfRTName":"Start of forecast","productStatus":0,"productStatusName":"Operational products","productType":1,"productTypeName":"Forecast products","productDefinitionTemplate":0,"productDefinitionTemplateName":"Analysis/forecast at horizontal level/layer at a point in time","parameterCategory":0,"parameterCategoryName":"UnknownDiscipline_0_Category_0","parameterNumber":0,"parameterNumberName":"UnknownParameter_D0_C0_0","parameterUnit":"Unknown","genProcessType":2,"genProcessTypeName":"Forecast","forecastTime":60,"surface1Type":1,"surface1TypeName":"Ground or water surface","surface1Value":0.0,"surface2Type":255,"surface2TypeName":"Missing","surface2Value":0.0,"gridDefinitionTemplate":0,"gridDefinitionTemplateName":"Latitude_Longitude","numberPoints":615,"shape":6,"shapeName":"Earth spherical with radius of 6,371,229.0 m","gridUnits":"degrees","resolution":48,"winds":"true","scanMode":64,"nx":41,"ny":15,"basicAngle":0,"lo1":47.0,"la1":41.0,"lo2":87.0,"la2":55.0,"dx":1.0,"dy":1.0}, "data":
[rows 0 to 14 of 15, columns 0 to 40 of 41]
293.50412,284.9041,287.9041,299.00412,298.80414,297.30414,295.4041,297.10413,294.4041,294.80414,293.10413,294.9041,294.60413,294.60413,293.20413,291.80414,290.50412,291.10413,289.60413,292.30414,295.70413,293.10413,292.60413,292.80414,297.20413,295.80414,290.50412,278.9041,279.4041,278.60413,275.50412,274.50412,290.50412,296.80414,296.80414,297.30414,295.9041,297.20413,296.50412,297.70413,298.00412
276.00412,287.70413,298.80414,299.20413,299.10413,297.30414,294.10413,293.80414,293.00412,292.4041,293.20413,291.9041,290.50412,289.4041,292.70413,292.30414,291.4041,290.10413,288.70413,288.9041,290.20413,295.70413,292.4041,285.4041,277.9041,279.9041,285.70413,279.30414,279.70413,273.9041,281.80414,270.10413,282.70413,260.00412,279.30414,294.50412,293.20413,295.70413,298.9041,292.20413,284.20413
289.9041,298.30414,299.00412,299.10413,297.4041,293.50412,293.30414,292.60413,291.60413,290.60413,290.4041,291.50412,287.9041,290.10413,289.4041,285.9041,286.20413,286.50412,287.00412,287.50412,288.30414,289.80414,292.30414,288.4041,295.00412,293.4041,294.00412,291.70413,291.4041,281.70413,273.9041,277.60413,282.80414,283.70413,284.4041,287.50412,279.4041,279.9041,280.20413,277.20413,278.10413
289.00412,298.50412,299.00412,298.30414,295.30414,292.50412,292.80414,291.20413,291.80414,291.30414,290.80414,290.4041,295.00412,294.30414,291.00412,291.9041,292.30414,288.50412,288.70413,287.9041,287.4041,284.20413,291.50412,294.60413,294.9041,294.4041,293.60413,293.70413,292.70413,295.00412,296.00412,294.30414,297.80414,294.00412,291.4041,291.4041,278.9041,278.60413,283.30414,289.70413,294.10413
292.10413,297.50412,298.30414,297.70413,295.50412,292.10413,292.60413,292.10413,291.60413,292.00412,290.70413,291.60413,295.00412,293.60413,291.30414,292.10413,290.10413,291.4041,289.9041,290.20413,290.9041,291.20413,288.60413,291.20413,293.50412,294.20413,293.9041,293.20413,295.30414,296.30414,299.00412,294.10413,284.20413,272.30414,283.9041,291.9041,295.80414,297.10413,297.20413,298.4041,297.70413
291.60413,288.9041,296.20413,296.10413,297.00412,296.50412,293.00412,293.50412,291.70413,290.60413,290.20413,289.30414,293.30414,294.4041,291.80414,289.60413,291.50412,291.4041,291.4041,292.20413,291.70413,289.80414,289.00412,289.30414,290.4041,292.30414,293.60413,293.10413,295.4041,297.70413,296.70413,298.80414,297.4041,291.00412,292.30414,296.00412,288.70413,289.9041,297.10413,297.20413,296.4041
291.60413,290.00412,294.10413,293.60413,293.9041,290.80414,292.10413,291.10413,291.20413,290.70413,288.80414,287.9041,287.4041,287.80414,288.9041,288.80414,289.4041,290.60413,289.00412,290.30414,290.10413,290.9041,289.4041,289.4041,288.70413,291.10413,292.4041,295.9041,295.30414,295.10413,295.70413,296.70413,298.00412,296.20413,295.50412,294.20413,289.50412,285.50412,282.9041,281.00412,294.60413
292.20413,290.9041,290.20413,290.00412,292.9041,291.4041,291.00412,289.9041,288.4041,287.80414,286.20413,287.30414,284.9041,286.70413,287.00412,288.20413,287.20413,288.00412,288.4041,287.00412,287.60413,288.4041,287.70413,287.50412,287.60413,286.4041,289.50412,290.60413,292.10413,294.20413,292.70413,295.10413,292.80414,290.00412,289.20413,292.50412,293.4041,289.30414,293.4041,293.4041,290.80414
290.10413,289.20413,288.70413,288.70413,288.9041,289.60413,288.4041,288.60413,286.9041,284.30414,284.00412,285.70413,285.20413,286.4041,284.9041,287.9041,286.00412,286.9041,286.30414,284.50412,283.50412,284.80414,285.20413,285.60413,285.00412,286.50412,288.4041,289.10413,288.80414,289.9041,290.4041,292.30414,295.10413,293.10413,292.20413,290.20413,289.60413,289.4041,277.70413,278.4041,275.20413
288.4041,289.4041,288.30414,288.4041,288.00412,287.70413,290.10413,286.70413,286.60413,284.00412,283.10413,284.00412,285.10413,285.00412,285.50412,286.10413,286.20413,286.10413,285.10413,283.00412,282.30414,283.30414,285.10413,285.50412,285.10413,284.80414,288.60413,288.70413,290.50412,291.20413,292.00412,294.80414,296.70413,295.20413,293.20413,289.9041,289.30414,285.4041,278.60413,282.30414,280.00412
288.10413,287.50412,287.10413,286.70413,286.4041,290.4041,286.70413,289.00412,285.20413,284.20413,282.50412,283.80414,284.20413,283.60413,284.10413,284.60413,284.9041,286.4041,284.20413,281.80414,283.10413,283.9041,284.20413,285.4041,285.60413,284.80414,284.80414,289.80414,290.80414,294.20413,296.00412,296.50412,292.60413,295.80414,293.30414,290.70413,287.00412,282.30414,279.70413,283.60413,281.50412
285.30414,286.70413,285.00412,285.70413,289.20413,289.10413,287.4041,283.60413,286.60413,286.4041,284.70413,282.80414,282.80414,282.20413,282.9041,283.50412,283.70413,283.9041,283.50412,282.50412,282.9041,283.00412,282.30414,284.10413,283.20413,284.4041,287.4041,289.4041,292.10413,294.00412,295.70413,294.20413,292.4041,291.70413,292.20413,289.60413,289.00412,287.4041,287.80414,286.60413,286.00412
283.80414,284.4041,289.30414,289.10413,288.20413,287.80414,284.20413,284.80414,285.30414,286.60413,281.4041,279.70413,281.60413,281.00412,282.10413,283.60413,281.4041,280.60413,283.70413,282.10413,281.60413,282.20413,282.80414,281.00412,282.10413,285.10413,289.30414,289.60413,290.4041,292.10413,295.30414,291.4041,292.60413,293.00412,291.00412,289.30414,287.80414,288.4041,287.00412,285.4041,284.80414
283.20413,289.20413,287.30414,285.00412,285.70413,287.30414,286.50412,285.80414,286.50412,284.00412,280.9041,279.60413,280.9041,281.4041,279.30414,279.60413,280.70413,281.50412,282.50412,281.9041,282.9041,281.50412,282.00412,281.60413,283.00412,285.20413,287.10413,288.4041,290.10413,293.10413,293.50412,293.80414,292.4041,290.4041,289.00412,287.50412,287.80414,286.9041,286.70413,285.60413,285.80414
283.4041,284.80414,290.4041,286.9041,284.30414,283.30414,286.10413,285.80414,286.30414,284.60413,283.4041,281.60413,280.20413,280.9041,281.10413,282.60413,283.00412,281.60413,282.00412,282.60413,280.4041,280.50412,280.80414,281.4041,281.70413,287.20413,285.30414,287.20413,290.70413,293.00412,290.70413,289.00412,290.70413,290.30414,288.80414,287.10413,286.9041,285.70413,285.70413,285.4041,285.20413
