wind.json
{"header": {"discipline":0,"disciplineName":"Meteorological products","gribEdition":2,"gribLength":1125,"center":7,"centerName":"US National Weather Service - NCEP(WMC)","subcenter":0,"refTime":"2023-06-28T00:00:00.000Z","significanceOfRT":1,"significanceOfRTName":"Start of forecast","productStatus":0,"productStatusName":"Operational products","productType":1,"productTypeName":"Forecast products","productDefinitionTemplate":0,"productDefinitionTemplateName":"Analysis/forecast at horizontal level/layer at a point in time","parameterCategory":2,"parameterCategoryName":"UnknownDiscipline_0_Category_2","parameterNumber":3,"parameterNumberName":"UnknownParameter_D0_C2_3","parameterUnit":"Unknown","genProcessType":2,"genProcessTypeName":"Forecast","forecastTime":120,"surface1Type":103,"surface1TypeName":"Specified height level above ground","surface1Value":10.0,"surface2Type":255,"surface2TypeName":"Missing","surface2Value":0.0,"gridDefinitionTemplate":0,"gridDefinitionTemplateName":"Latitude_Longitude","numberPoints":688,"shape":6,"shapeName":"Earth spherical with radius of 6,371,229.0 m","gridUnits":"degrees","resolution":48,"winds":"true","scanMode":64,"nx":43,"ny":16,"basicAngle":0,"lo1":45.0,"la1":40.0,"lo2":87.0,"la2":55.0,"dx":1.0,"dy":1.0}, "data":
[rows 0 to 15 of 16, columns 0 to 42 of 43]
-3.65094,1.86906,-0.65093994,-1.24094,-0.6009399,2.7590601,-0.43093994,-4.20094,-4.91094,-4.58094,-1.87094,-4.25094,-3.32094,-1.8109399,-3.13094,-3.4809399,-3.5109398,-2.80094,-3.42094,-4.26094,-7.04094,-4.29094,-2.7509398,-0.05093994,1.2890601,3.36906,1.98906,1.0690601,0.22906005,-2.39094,-3.10094,-2.20094,-1.2809399,0.67906004,-0.52093995,-0.24093994,2.57906,3.29906,4.56906,4.55906,2.87906,3.28906,2.65906
1.00906,0.23906006,0.93906003,-2.7209399,3.19906,6.08906,1.4590601,-4.1409397,-4.04094,-4.34094,-2.35094,-3.9809399,-3.87094,-1.01094,-2.55094,-2.9809399,-2.35094,-1.7909399,-3.64094,-1.9509399,-1.2809399,-0.29093993,-2.56094,-5.27094,-0.5509399,0.5790601,-1.84094,-0.100939944,-0.64093995,1.86906,-0.11093994,0.25906006,-1.37094,-0.16093995,2.4890602,0.20906006,-2.32094,-0.7309399,3.61906,3.33906,1.2990601,-0.19093995,2.34906
-0.19093995,-3.84094,3.12906,0.8990601,3.44906,5.24906,1.63906,-3.59094,-3.95094,-3.2709398,-3.10094,-3.39094,-4.02094,-3.7209399,-1.72094,-2.41094,-2.32094,-3.0009398,-3.0109398,-1.5509399,-3.06094,-1.87094,-1.47094,-1.63094,-1.10094,0.73906004,0.90906006,0.6490601,-0.41093993,1.65906,0.66906005,1.98906,4.08906,1.98906,-0.37093994,-0.70093995,-0.5409399,-0.96093994,-2.03094,-1.98094,0.09906006,-1.62094,-0.52093995
3.2790601,2.54906,1.9590601,2.89906,2.93906,3.2790601,0.31906006,-2.29094,-2.67094,-3.16094,-3.36094,-4.23094,-4.09094,-2.7209399,-2.36094,-1.77094,-1.87094,-2.5009398,-2.0109398,-0.9909399,-1.09094,0.32906005,-0.44093993,1.09906,4.52906,6.18906,-0.17093994,2.04906,2.2690601,1.38906,-1.7009399,2.96906,3.7490602,0.8990601,2.84906,-1.52094,-0.38093993,3.2790601,3.84906,0.19906005,0.96906006,0.03906006,0.14906006
2.03906,1.65906,1.50906,3.15906,3.4790602,2.32906,-0.82093996,-0.77093995,-2.71094,-3.30094,-3.36094,-3.9909399,-3.92094,-3.95094,-2.7709398,-2.2309399,-2.21094,-2.2609398,-1.7809399,-1.3009399,-0.17093994,1.0690601,1.60906,1.26906,-3.06094,-1.7809399,-6.34094,0.31906006,4.11906,2.92906,0.8990601,0.08906006,1.8190601,0.08906006,-0.100939944,0.10906006,-0.88093996,-3.18094,-0.8509399,3.34906,4.51906,2.54906,1.3190601
2.2590601,2.63906,2.2690601,3.64906,2.2790601,1.47906,0.74906003,-0.09093994,-0.66093993,-0.7309399,-1.98094,-2.89094,-3.29094,-3.05094,-2.9709399,-3.2309399,-2.59094,-2.83094,-2.7209399,-3.43094,-1.72094,0.30906007,3.5290601,2.68906,3.71906,1.9490601,-2.53094,-1.0609399,1.2190601,-0.40093994,0.079060055,-1.12094,-2.19094,-0.05093994,2.78906,2.7390602,-0.88093996,-2.07094,0.71906006,-1.15094,-1.09094,1.9590601,2.29906
2.39906,2.06906,1.39906,2.14906,3.86906,1.64906,1.1890601,1.1990601,-0.100939944,0.68906003,-0.89093995,-2.16094,-2.5009398,-3.7309399,-3.95094,-3.18094,-3.13094,-3.13094,-3.69094,-4.8709397,-3.5009398,0.43906006,3.09906,1.49906,-2.32094,1.4190601,3.34906,-0.26093996,-0.29093993,-1.10094,-0.76093996,-2.2509398,-2.68094,-3.20094,-0.9309399,-0.9209399,1.9490601,0.48906004,2.79906,1.63906,-0.7409399,-1.98094,2.03906
-2.06094,-2.84094,-1.22094,-1.8009399,2.78906,2.33906,0.7590601,1.02906,1.5590601,0.7690601,0.27906007,-0.57093996,-2.56094,-2.44094,-3.68094,-5.55094,-3.56094,-5.26094,-6.49094,-7.05094,0.67906004,1.7890601,3.88906,0.7690601,-3.86094,1.65906,2.2590601,2.35906,1.0790601,1.00906,-3.2309399,-2.88094,-4.63094,-6.21094,-6.45094,-2.68094,-1.85094,-1.26094,-3.70094,-2.78094,-1.49094,-0.70093995,0.98906004
0.45906007,0.8290601,-1.10094,-1.8209399,-0.33093995,0.44906005,-1.2009399,1.01906,0.23906006,0.96906006,2.29906,-1.25094,-2.55094,-1.52094,-3.2509398,-3.63094,-5.79094,-4.90094,-7.09094,-4.30094,-1.85094,-1.8109399,-2.34094,-0.96093994,1.5590601,3.21906,1.64906,5.32906,3.4990602,-0.010939942,-1.22094,-3.07094,-2.83094,-2.87094,-4.63094,-5.22094,-1.7109399,-0.48093995,-0.7909399,0.79906005,-0.15093994,0.29906005,-0.31093994
-0.08093994,-0.30093995,-0.21093994,2.0190601,0.10906006,-0.9809399,-1.24094,-1.4209399,-1.73094,-0.96093994,0.72906005,-0.65093994,-1.6909399,-2.10094,-2.56094,-3.4709399,-4.47094,-5.54094,-7.77094,-6.49094,-5.79094,-0.07093994,0.9490601,-2.28094,2.5090601,2.68906,1.8390601,5.52906,2.81906,4.16906,1.8090601,0.42906007,-0.32093993,-2.2709398,-1.7009399,-2.54094,-0.7909399,-1.4209399,-2.2709398,-1.75094,-3.32094,-2.85094,-2.4909399
0.44906005,0.8290601,-0.05093994,0.49906006,-0.06093994,0.19906005,0.73906004,-0.47093993,-0.83093995,-1.1609399,-0.75093997,0.44906005,-0.25093994,-1.7809399,-1.99094,-3.19094,-3.66094,-5.24094,-7.00094,-8.86094,-7.56094,-6.57094,3.34906,4.95906,3.84906,3.0090601,4.48906,2.92906,2.18906,2.80906,1.2990601,0.8290601,1.27906,0.47906005,-1.8109399,-4.02094,-2.46094,0.03906006,0.08906006,-1.9309399,-2.06094,-0.69093996,-1.09094
1.50906,1.47906,1.8190601,1.15906,0.22906005,0.19906005,0.13906007,-0.19093995,-0.29093993,0.079060055,0.08906006,0.68906003,-0.05093994,0.39906007,-1.72094,-2.07094,-3.16094,-4.02094,-5.40094,-6.70094,-7.01094,-7.52094,-1.89094,2.05906,2.33906,2.7390602,2.28906,4.30906,1.72906,1.87906,0.18906006,2.07906,1.7990601,0.26906005,-1.5709399,-3.38094,-4.80094,-3.38094,-1.1909399,0.97906005,0.42906007,0.24906006,-0.43093994
1.0390601,-9.399414E-4,1.2990601,1.63906,1.2090601,0.7590601,0.47906005,0.19906005,-0.25093994,0.40906006,0.6490601,0.38906005,0.9490601,0.15906006,-1.02094,-1.1709399,-1.4609399,-2.9709399,-3.39094,-4.88094,-4.8909397,-5.36094,-2.0109398,-2.55094,0.11906006,-0.19093995,1.51906,0.8990601,4.01906,2.9990602,2.57906,2.62906,1.2090601,0.49906006,-0.7409399,-1.72094,-2.45094,-3.53094,-2.70094,-0.49093994,0.68906003,1.0590601,0.25906006
1.11906,1.23906,1.0790601,1.2190601,1.00906,0.74906003,0.43906006,0.38906005,0.55906004,0.79906005,0.43906006,0.98906004,0.90906006,0.17906006,1.3090601,0.10906006,-0.64093995,-1.62094,-1.9409399,-3.16094,-4.30094,-3.46094,0.21906006,-1.14094,1.3090601,1.89906,2.4890602,3.2690601,3.82906,1.97906,2.20906,1.59906,1.09906,0.9490601,-0.32093993,-1.6609399,-1.72094,-2.08094,-2.68094,-1.2909399,-1.5809399,-0.83093995,-0.45093995
0.90906006,1.00906,1.13906,1.52906,0.61906004,0.97906005,0.86906004,0.72906005,0.7690601,1.4290601,1.10906,0.93906003,1.9590601,0.67906004,0.48906004,0.99906003,-0.010939942,0.14906006,-0.91093993,-1.9309399,-2.12094,-1.59094,1.72906,0.47906005,1.61906,2.40906,2.34906,2.9990602,2.9890602,2.43906,2.2590601,1.86906,1.22906,0.8890601,0.53906006,0.06906006,-1.24094,-1.73094,-2.0109398,-1.98094,-1.64094,-1.37094,-0.83093995
1.4590601,1.6790601,1.23906,0.99906003,1.09906,1.39906,0.77906007,1.3090601,1.15906,1.60906,1.26906,0.79906005,1.74906,2.32906,2.33906,0.6390601,1.63906,0.93906003,0.12906006,-0.82093996,0.22906005,0.46906006,1.9690601,3.32906,2.37906,3.19906,3.17906,3.65906,3.54906,3.15906,3.0090601,2.5090601,2.7790601,1.65906,1.1690601,0.52906007,-0.100939944,-1.4409399,-1.2109399,-1.10094,-0.72093993,-2.42094,-1.4109399
