wind_kz.json
{"header": {"discipline":0,"disciplineName":"Meteorological products","gribEdition":2,"gribLength":1025,"center":7,"centerName":"US National Weather Service - NCEP(WMC)","subcenter":0,"refTime":"2024-04-07T06:00:00.000Z","significanceOfRT":1,"significanceOfRTName":"Start of forecast","productStatus":0,"productStatusName":"Operational products","productType":1,"productTypeName":"Forecast products","productDefinitionTemplate":0,"productDefinitionTemplateName":"Analysis/forecast at horizontal level/layer at a point in time","parameterCategory":2,"parameterCategoryName":"UnknownDiscipline_0_Category_2","parameterNumber":3,"parameterNumberName":"UnknownParameter_D0_C2_3","parameterUnit":"Unknown","genProcessType":2,"genProcessTypeName":"Forecast","forecastTime":0,"surface1Type":103,"surface1TypeName":"Specified height level above ground","surface1Value":10.0,"surface2Type":255,"surface2TypeName":"Missing","surface2Value":0.0,"gridDefinitionTemplate":0,"gridDefinitionTemplateName":"Latitude_Longitude","numberPoints":615,"shape":6,"shapeName":"Earth spherical with radius of 6,371,229.0 m","gridUnits":"degrees","resolution":48,"winds":"true","scanMode":64,"nx":41,"ny":15,"basicAngle":0,"lo1":47.0,"la1":41.0,"lo2":87.0,"la2":55.0,"dx":1.0,"dy":1.0}, "data":
[rows 0 to 14 of 15, columns 0 to 40 of 41]
0.9383545,0.9283545,-0.1316455,-0.3816455,-2.6016455,-3.9116454,-1.8616455,-4.4116454,-1.6716455,0.0083544925,-1.6116455,-0.4516455,1.2383544,2.7083545,2.8583546,2.0883546,2.0383544,-0.10164551,-1.5216455,-0.97164553,1.1783545,0.068354495,-2.4116454,-0.3116455,0.7083545,-0.8016455,0.32835448,1.8183545,-3.6116455,-3.4116454,-2.1916456,-1.3616455,-1.8316455,-4.1516457,-0.20164551,-0.6516455,0.6783545,0.4083545,-1.1316456,0.5383545,0.3683545
-0.23164551,-0.4016455,3.2683544,1.3683544,-2.0116456,-2.0316455,-1.1216455,-0.3516455,0.4283545,-0.7916455,-2.3416455,-0.5416455,-0.3816455,2.2183545,1.8383545,2.7783544,2.0183544,1.1083544,0.7583545,-0.4416455,1.6983545,-0.4016455,-2.8216455,-0.1316455,1.0183545,0.18835449,2.0683546,-1.3716455,0.6083545,0.8083545,0.3183545,0.04835449,0.04835449,-0.9416455,1.0283545,3.7283545,3.6783545,4.0683546,2.3483546,0.09835449,-1.0816455
0.3983545,3.8083544,3.2883544,0.6283545,-1.3516455,-2.6616454,-0.3216455,-1.5216455,-2.0916455,-0.7916455,-0.3216455,-2.3816454,0.068354495,1.6983545,3.1383545,3.1083546,3.0283544,4.1183543,3.7483544,2.3183546,1.3183545,0.7683545,-0.4016455,-1.7216455,-0.6816455,-2.4116454,-1.0016456,-1.1516455,1.0183545,-0.8716455,-3.2216456,-1.8516455,-1.0916455,1.8783545,0.20835449,-3.5216455,-1.8016455,-0.36164552,-0.7116455,-1.9716455,-2.3816454
-0.3516455,1.3483545,-0.021645509,-0.5016455,-1.0016456,-0.9616455,-2.5916455,-1.8316455,-2.0916455,-1.4116455,-1.6116455,-1.9916455,-2.5616455,2.9183545,5.0883546,3.5483544,3.2383544,4.2983546,5.0683546,3.9283545,4.0783544,0.6783545,-1.9916455,-0.9216455,-1.4816455,-0.24164551,1.8683544,1.2883545,0.44835448,1.8183545,2.5783546,0.108354494,-1.8116455,-2.4416456,1.8283545,2.0083544,1.8083545,-1.0416455,-5.3016453,-3.1016455,-3.4216454
-0.6816455,-1.6816455,-2.2616456,-2.6216455,-2.4316454,-1.7616456,-1.2516456,-0.8716455,-1.0116456,-1.0516455,-0.111645505,-0.8716455,-2.1016455,1.9983544,3.4083545,4.0883546,2.8183546,4.0483546,4.0983543,5.3883543,4.9383545,1.2483544,-0.4316455,1.2683545,0.71835446,1.3283545,1.7383544,1.2583545,1.2583545,0.7983545,1.6483545,-0.12164551,-1.7316455,-1.8316455,0.04835449,1.6483545,1.2383544,1.7183545,-0.3516455,0.8083545,0.6883545
-1.3616455,-1.4916455,0.028354492,-0.8616455,-0.8916455,-1.6716455,-2.6616454,-1.8116455,-0.4316455,0.12835449,0.44835448,0.9183545,-1.2716455,0.1683545,-0.021645509,1.2183545,1.9783545,2.7583544,4.4883547,4.4183545,4.2783546,2.5483544,1.5383545,1.6583545,0.6083545,-1.3316455,-1.9816455,-0.7916455,-1.2216455,0.5083545,2.8383546,3.3883545,2.2083545,2.0683546,2.4483545,-1.4516455,-3.2716455,-6.4316454,-3.1316454,2.8683546,0.2683545
-1.1516455,-0.7316455,0.068354495,-1.0416455,-0.0016455078,-0.6516455,-1.1816455,-1.3916456,-0.27164552,0.7883545,1.3483545,0.9883545,4.2383547,1.7183545,-0.4716455,0.6283545,5.3783545,5.4083543,4.8583546,5.6583543,4.2083545,3.8183546,2.8283546,1.3483545,-1.2316455,-1.7416455,-1.2416455,-3.5016456,-2.1316454,-1.0316455,-0.08164551,1.4883544,2.4283545,1.6583545,0.4083545,2.3383546,2.2983544,2.5183544,-1.9116455,1.3483545,-2.5516455
-2.6416454,-2.5116456,-1.3816456,-2.1116455,-0.5616455,-0.4616455,0.52835447,0.38835448,0.08835449,2.0683546,1.9983544,2.4583545,5.2583547,7.1583543,1.7883545,1.9483545,0.4583545,3.6283545,4.0383544,4.7083545,4.1883545,3.8783545,2.7183545,2.9783545,0.17835449,-1.6716455,-2.7416456,-4.1416454,-3.1116455,-1.9816455,-1.3716455,-1.4616455,2.0083544,0.9083545,-0.4616455,-0.8316455,-1.3716455,-2.2016456,-0.5516455,-1.5116456,0.35835448
-4.1616454,-3.1816454,-2.6516454,-2.0716455,-0.72164553,0.3783545,0.5483545,0.058354493,0.6983545,2.7383544,1.8583544,3.2983544,3.7983544,2.6383545,4.7383547,3.2283545,2.6483545,1.5783545,0.6883545,1.7283545,3.2583544,3.9183545,3.2283545,1.2583545,-0.7116455,-1.1016455,0.12835449,-2.0816455,-3.0516455,-1.8716455,-2.9116454,-4.2716455,-4.3716455,-3.9216454,-3.0216455,-1.0416455,-0.7316455,-0.7016455,-0.15164551,-0.7916455,0.3383545
-3.3716455,-3.4616456,-1.9016455,-0.42164552,-0.1616455,1.3883545,0.108354494,-0.4016455,1.0883545,2.7583544,3.1583545,5.9983544,2.1083546,1.1583545,3.8083544,4.4183545,2.9983544,1.2883545,-0.18164551,0.7683545,2.7283545,2.2083545,0.6583545,-0.18164551,-1.9316455,-0.36164552,-2.5716455,-3.5316455,-4.1116457,-4.5916457,-6.4016457,-6.3516455,-6.0416455,-2.8316455,-1.8116455,-0.24164551,1.0683545,1.0783545,1.1083544,-0.011645508,1.3983545
-3.8316455,-3.8816454,-4.6816454,-4.2416453,0.7483545,0.8183545,-0.1916455,-0.3116455,1.9683545,2.5483544,4.7583547,4.5783544,1.6883545,3.3183546,4.3683543,4.2283545,3.0583544,1.0883545,1.3283545,1.2383544,1.8183545,2.0983546,1.0083545,-0.4516455,-1.9416455,-3.2616456,-2.3116455,-4.5416455,-5.0516453,-5.0716457,-6.1816454,-5.9316454,-4.6916456,-2.7316456,-1.2816455,2.1483545,1.5083545,0.4583545,0.5383545,1.0583545,-0.3516455
-3.0316455,-3.5516455,-3.8916454,-3.6716454,-2.4416456,-0.6116455,-0.9516455,0.58835447,2.1183546,3.5483544,0.4983545,-0.8616455,3.8883545,2.0383544,1.9883544,2.4083545,2.5783546,2.3883545,2.8483546,2.6483545,1.7983545,0.1683545,-0.1616455,-0.9816455,-1.8616455,-2.9816456,-4.1116457,-5.2916455,-5.6916456,-6.5016456,-6.5416455,-6.5416455,-5.1516457,-4.4716454,-1.4216455,1.0283545,1.0083545,-0.6516455,-1.4216455,-2.0916455,-1.5516455
-2.7216456,-3.3516455,-3.0016456,-2.3916454,-1.5716455,0.5483545,2.2283545,0.3483545,1.1683545,3.6483545,0.4283545,0.2883545,-1.2116455,1.5383545,2.0783546,1.2683545,1.7383544,1.8483545,1.1583545,1.0883545,1.3983545,0.6683545,-0.08164551,0.23835449,-1.6216455,-3.0016456,-4.2416453,-4.9216456,-6.0516453,-6.4016457,-6.9516454,-7.4716454,-6.9916453,-6.1416454,-6.3816457,-4.6416454,-3.0916455,-1.0116456,-1.3516455,0.6683545,0.4983545
-1.9316455,-2.5816455,-3.8516455,-2.8316455,-1.5016456,1.1483545,1.6583545,2.6183546,2.7383544,4.9283543,0.7483545,0.6783545,-0.53164554,-0.5416455,0.2283545,2.1583545,2.0983546,1.4883544,1.6583545,1.0983545,0.6583545,0.6183545,-0.12164551,-0.9516455,-2.3216455,-3.0916455,-4.1116457,-4.9216456,-5.4816456,-6.2816453,-7.1916456,-7.1616454,-6.8416457,-7.1116457,-6.1416454,-7.1816454,-5.8716455,-4.4316454,-1.6916455,-2.2116456,1.4083545
-0.5016455,-1.9616455,-2.2016456,-3.1316454,-2.6716454,-1.0716455,0.3483545,2.6783545,3.4483545,2.8683546,0.47835448,3.8583546,2.6783545,2.0983546,3.4483545,3.5183544,2.9683545,2.9483545,2.6583545,2.2783544,1.8283545,0.7983545,0.2683545,-0.53164554,-1.6016455,-2.7316456,-3.4116454,-4.2816453,-5.1516457,-5.6816454,-6.4316454,-7.2216454,-6.7516456,-6.8716455,-6.6516457,-6.4616456,-6.8016453,-6.8816457,-6.5316453,-5.5316453,-0.7016455
