wind_kz.json
{"header": {"discipline":0,"disciplineName":"Meteorological products","gribEdition":2,"gribLength":1025,"center":7,"centerName":"US National Weather Service - NCEP(WMC)","subcenter":0,"refTime":"2023-08-23T06:00:00.000Z","significanceOfRT":1,"significanceOfRTName":"Start of forecast","productStatus":0,"productStatusName":"Operational products","productType":1,"productTypeName":"Forecast products","productDefinitionTemplate":0,"productDefinitionTemplateName":"Analysis/forecast at horizontal level/layer at a point in time","parameterCategory":2,"parameterCategoryName":"UnknownDiscipline_0_Category_2","parameterNumber":3,"parameterNumberName":"UnknownParameter_D0_C2_3","parameterUnit":"Unknown","genProcessType":2,"genProcessTypeName":"Forecast","forecastTime":300,"surface1Type":103,"surface1TypeName":"Specified height level above ground","surface1Value":10.0,"surface2Type":255,"surface2TypeName":"Missing","surface2Value":0.0,"gridDefinitionTemplate":0,"gridDefinitionTemplateName":"Latitude_Longitude","numberPoints":615,"shape":6,"shapeName":"Earth spherical with radius of 6,371,229.0 m","gridUnits":"degrees","resolution":48,"winds":"true","scanMode":64,"nx":41,"ny":15,"basicAngle":0,"lo1":47.0,"la1":41.0,"lo2":87.0,"la2":55.0,"dx":1.0,"dy":1.0}, "data":
[rows 0 to 14 of 15, columns 0 to 40 of 41]
3.4297411,-1.3702588,1.9997412,2.0597413,-2.4402587,-0.3902588,-0.7802588,-1.2102588,-1.0702587,-1.1902587,-1.6902587,-2.5502589,-2.9602587,-3.8502588,-4.1802588,-3.9902587,-4.4302588,-5.8602586,-3.1102588,-1.9102588,-3.2302587,-2.530259,-2.2202587,-0.3502588,-3.1802588,-2.4002588,1.2997413,1.1297412,1.5597413,1.6697412,-0.19025879,-2.290259,-0.40025878,-8.7102585,-5.4502587,-0.03025879,-2.6202588,0.019741211,-1.5902588,-2.280259,-3.3102589
1.7797412,1.4997412,3.3397412,1.0697412,-1.6402588,-0.37025878,-0.1802588,0.15974121,-0.73025876,-3.280259,-3.5102587,-5.230259,-5.290259,-3.3402588,-4.770259,-4.900259,-4.7802587,-5.690259,-4.140259,-2.8102589,-1.1902587,-3.5102587,-2.3302588,1.5897412,1.7197412,3.0197413,-1.6602588,1.6197412,0.14974122,0.9797412,0.83974123,1.1497412,-0.24025878,2.5797412,-2.6302588,-6.3002586,-1.3002588,-0.49025878,-1.6602588,-2.540259,2.459741
2.6497412,6.169741,3.1697412,1.1597412,1.6897413,0.9397412,-0.10025879,-0.4202588,-2.0002587,-2.4702587,-3.0802588,-3.540259,-3.8802588,-4.4702587,-4.730259,-4.5702586,-4.3002586,-4.170259,1.5097412,-0.07025879,-2.270259,-4.500259,-1.6502588,-1.7502588,-0.9702588,-1.0702587,0.06974121,-0.21025878,-0.27025878,-0.7002588,1.2497412,0.82974124,0.89974123,-0.09025879,0.06974121,-0.5802588,-1.4002588,-3.5502589,-0.5102588,-1.7402588,-1.1502588
2.469741,4.6197414,2.3997412,-0.8802588,0.4197412,0.46974123,0.95974123,1.1097412,0.9697412,-0.3802588,-1.8402588,-3.6702588,-5.810259,-6.370259,-4.1102586,-4.830259,-5.670259,-5.370259,-4.0102587,-1.4802588,0.09974121,-2.1002588,-0.5002588,-1.1302588,-2.5102587,-3.040259,-1.3602588,-1.9102588,-1.5502588,-1.8702588,-3.2502587,-3.520259,0.43974122,1.8997412,2.0297413,2.0197413,2.3397412,1.3097413,-1.8602588,-1.1602588,-0.3002588
2.8997412,3.3397412,1.2197412,0.8597412,1.9097412,1.2797412,0.5597412,1.5997412,2.3497412,1.1397412,-0.24025878,-1.6002588,-4.250259,-5.270259,-5.4502587,-4.3002586,-5.350259,-5.7802587,-4.9902587,-5.210259,-3.1002588,-0.28025877,1.6697412,-0.05025879,0.82974124,-0.2602588,-1.9202588,-2.1902587,-2.6802588,-1.3902588,-2.9502587,-2.8502588,-1.1602588,1.1897413,0.2697412,-0.7102588,-4.750259,3.0597413,-2.290259,-1.9502587,-1.6202588
1.8197412,0.2397412,1.4497412,1.7097412,4.2797413,2.5897412,0.9897412,1.9997412,3.2597413,3.4097412,2.2497413,0.6597412,-1.5002588,-4.2002587,-3.7402587,-4.0702586,-3.8202589,-4.1302586,-4.7802587,-4.650259,-4.980259,-4.540259,-5.8202586,1.9797412,3.5297413,2.5297413,2.3397412,0.4997412,-2.4302588,-2.0102587,-1.3602588,-2.6202588,-4.080259,-3.6502588,1.8097413,-2.3302588,0.9397412,-1.6102588,-2.9402587,3.479741,-3.4502587
3.0297413,2.5097413,1.4597412,1.6397412,2.1597412,1.7997413,2.0997412,1.3097413,0.9797412,1.1797413,0.9297412,-0.13025878,-0.37025878,-1.4402587,-1.7902588,-3.6602588,-4.370259,-4.690259,-4.750259,-2.9202588,-4.7402587,-5.560259,-4.6102586,-3.7402587,-3.6202588,3.1497412,0.7497412,0.95974123,-2.1502588,-1.8602588,-2.5102587,-3.3102589,-5.8002586,-7.8202586,-0.5102588,-2.2602587,-3.9002588,-2.3502588,-1.7902588,-0.6102588,-5.810259
5.5497413,4.0497413,3.209741,2.9397411,2.4897413,2.6897411,2.5097413,2.5297413,2.219741,1.7097412,1.5497413,1.1897413,-0.8002588,0.64974123,-1.2902588,-0.8302588,-2.9902587,-3.3802588,-3.7602587,-3.1802588,-2.8102589,-3.8402588,-5.060259,-4.4702587,-3.2502587,-1.6902587,-0.9302588,-1.6402588,-1.4602588,-1.8302588,-2.790259,-3.520259,-4.2202587,-5.710259,-2.0002587,-0.7702588,-0.07025879,1.1197412,1.5397412,1.0497413,-0.7602588
6.629741,4.859741,4.3197412,3.719741,3.229741,2.4097412,2.3497412,2.3897412,2.2997413,2.5197413,0.7197412,0.049741212,1.3997412,0.28974122,-1.4902588,-1.2402588,-0.5102588,-2.1602588,-1.1902587,-2.5702589,-1.4702588,-1.9502587,-3.3402588,-3.4902587,-3.6202588,-2.9002588,-0.67025876,-1.4202588,-0.21025878,-1.5602587,-2.6702588,-2.4902587,-2.6302588,-3.3402588,-1.7602588,-3.0802588,-3.2502587,-1.2002587,-0.6902588,-1.6702588,-2.270259
5.559741,5.689741,3.709741,3.4997413,2.7997413,2.7497413,2.3397412,1.9797412,1.5997412,0.08974121,0.57974124,-1.2602588,-1.0802588,-2.780259,-2.9102588,-2.540259,-3.0002587,-2.3002589,-1.9402587,-0.60025877,-1.7802588,-1.0402588,-0.03025879,-1.0202588,-2.4702587,-3.040259,-1.9002588,-0.37025878,-0.8702588,0.8697412,0.6997412,-0.8702588,-2.8702588,-3.0502589,-1.9902588,-1.4202588,0.7297412,-1.8402588,-1.6702588,0.25974122,-1.1302588
3.3097413,3.1597412,3.3697412,2.9497411,3.2697413,3.0897412,2.8197412,2.0697412,1.0597413,-0.3002588,-0.24025878,-0.22025879,-0.24025878,-1.0002588,-2.3402588,-2.2602587,-2.6702588,-2.8202589,-2.2002587,-1.4302588,-1.9602588,-1.9402587,-1.5202588,-1.1902587,-1.4502587,-0.7602588,-1.0702587,-1.7602588,-1.4502587,0.5297412,2.5397413,0.5497412,-1.1102588,-1.1102588,-0.6402588,-1.8902588,-1.8002588,0.8697412,-0.120258786,-0.54025877,-0.19025879
1.7997413,2.8197412,3.0997412,2.7597413,3.1097412,1.6997412,1.4897412,1.5397412,0.9397412,0.6897412,-0.22025879,-1.1102588,-0.8902588,1.0497413,-0.4802588,-1.9102588,-1.5802588,-2.5702589,-1.8702588,-1.8402588,-1.4902588,-1.9202588,-2.0102587,-1.3402588,-0.46025878,-1.2702588,-0.40025878,-0.6302588,-0.10025879,-1.2002587,0.8697412,0.1797412,2.1597412,1.7097412,0.6597412,0.5697412,1.1097412,2.5997412,2.1897411,1.8897412,0.3097412
2.1697412,1.4597412,3.3997412,2.9997413,2.6297412,1.0297412,0.9997412,1.7797412,2.3197412,1.8197412,0.7497412,-0.5602588,-1.3102587,-0.1502588,0.08974121,-0.8302588,-0.79025877,-0.9702588,-1.2902588,-1.4002588,-0.5702588,0.15974121,0.6597412,0.3997412,-0.7602588,-0.6102588,-0.60025877,-0.8002588,-1.0502588,-0.10025879,0.02974121,-0.13025878,1.3297412,3.0097413,3.0897412,2.3297412,2.3997412,1.0997412,1.1697412,0.57974124,0.5097412
2.2597413,2.5797412,2.2797413,3.2797413,1.9497412,2.1497412,1.1797413,1.9497412,1.4697412,1.5197412,2.0897412,0.15974121,-0.6302588,-1.4702588,-1.4702588,-1.3102587,-0.49025878,-0.8302588,-1.1602588,-0.8602588,-0.54025877,0.3097412,-0.2302588,-0.5002588,-0.8602588,-1.3802588,-1.8002588,-0.05025879,1.0397412,-0.2502588,-0.11025879,-0.6102588,0.019741211,1.2197412,1.9697412,2.1597412,2.209741,2.5997412,2.1097412,1.8497412,1.3497412
1.2797412,3.1097412,2.5997412,1.6797413,2.729741,2.9397411,2.729741,2.0897412,1.6897413,0.8797412,0.7997412,1.9197412,2.2997413,-0.28025877,-1.1602588,-1.3402588,-1.2002587,-1.0002588,-0.66025877,-0.49025878,-0.34025878,-0.19025879,-0.120258786,-0.6402588,-0.91025877,-0.6502588,-0.6302588,-0.4202588,0.9797412,1.7897412,1.6797413,-0.06025879,-0.07025879,-0.2602588,-2.5878905E-4,-0.34025878,1.2797412,3.6397412,3.6297412,3.3797412,1.1097412
