wind_kz.json
{"header": {"discipline":0,"disciplineName":"Meteorological products","gribEdition":2,"gribLength":1025,"center":7,"centerName":"US National Weather Service - NCEP(WMC)","subcenter":0,"refTime":"2023-10-02T06:00:00.000Z","significanceOfRT":1,"significanceOfRTName":"Start of forecast","productStatus":0,"productStatusName":"Operational products","productType":1,"productTypeName":"Forecast products","productDefinitionTemplate":0,"productDefinitionTemplateName":"Analysis/forecast at horizontal level/layer at a point in time","parameterCategory":2,"parameterCategoryName":"UnknownDiscipline_0_Category_2","parameterNumber":3,"parameterNumberName":"UnknownParameter_D0_C2_3","parameterUnit":"Unknown","genProcessType":2,"genProcessTypeName":"Forecast","forecastTime":240,"surface1Type":103,"surface1TypeName":"Specified height level above ground","surface1Value":10.0,"surface2Type":255,"surface2TypeName":"Missing","surface2Value":0.0,"gridDefinitionTemplate":0,"gridDefinitionTemplateName":"Latitude_Longitude","numberPoints":615,"shape":6,"shapeName":"Earth spherical with radius of 6,371,229.0 m","gridUnits":"degrees","resolution":48,"winds":"true","scanMode":64,"nx":41,"ny":15,"basicAngle":0,"lo1":47.0,"la1":41.0,"lo2":87.0,"la2":55.0,"dx":1.0,"dy":1.0}, "data":
[rows 0 to 14 of 15, columns 0 to 40 of 41]
-0.84930664,0.8806934,0.16069336,1.8306934,7.6306934,7.4806933,4.0206933,3.5706933,3.0106933,3.2206933,2.7906933,1.1806934,1.1306933,0.5706934,-0.75930667,-2.6093066,-3.0593066,-2.4893067,-2.5793066,-0.00930664,-0.95930666,-3.4193068,-4.3893065,2.4806933,2.2106934,3.3406935,1.1406933,1.3806933,1.5606934,7.5006933,2.9306934,2.0806932,-0.6793066,0.23069336,0.72069335,0.59069335,1.8206934,0.99069333,-0.00930664,-0.24930663,0.11069336
-0.41930664,1.2406933,2.5406933,0.40069336,9.650693,10.460693,6.3206935,6.5506935,4.8306932,4.2606936,3.5906935,2.1006935,2.0906935,0.58069336,-0.31930664,-1.4593066,-1.2093066,-0.65930665,-1.0493066,-2.0293067,-2.4693067,-0.12930664,-0.83930665,1.5206933,3.8506935,3.6106935,3.5706933,3.3106933,1.1806934,3.5206933,1.2506933,6.160693,3.2706933,3.1706934,2.9706933,2.3506935,2.1806934,1.6906934,1.9806933,1.2606933,0.23069336
0.86069334,3.0806932,1.6306933,1.4206934,3.3206933,8.570693,6.4406934,8.160693,5.9906936,5.6506934,5.7406936,3.7406933,2.9406934,2.6306934,1.4306934,0.120693356,-0.37930664,-0.44930664,-1.4893067,-2.7193067,-3.7693067,-1.5093067,-0.45930663,1.5206933,1.5906934,-3.1793067,-4.3893065,-4.9393067,-0.53930664,-1.6893066,-0.16930664,-0.36930665,-3.3893065,1.0706934,0.010693359,-1.5293067,4.5706935,3.6906934,0.040693358,3.2306933,3.8006933
1.3706933,1.7606933,2.1506934,2.4206934,4.7206936,9.790693,9.810694,8.930694,8.150693,7.2606936,6.0606933,5.2606936,4.910693,4.0806932,4.0206933,2.6706934,1.2206933,0.20069335,-1.0593066,-1.9493066,-3.4293067,-0.21930665,-1.3693067,0.5106934,0.43069336,-0.6893066,-2.7993066,-4.089307,-3.9593067,-5.399307,-7.9093065,-7.2593064,2.8506935,2.2406933,1.7906934,1.5506934,4.0206933,3.3006933,-2.7193067,-2.9693067,4.950693
1.1806934,2.1506934,2.7106934,4.140693,5.5106936,7.100693,9.100694,8.830693,8.750693,7.8206935,6.680693,6.2406936,6.680693,4.4206934,3.8106933,4.180693,3.1906934,1.7206933,-0.15930665,-0.94930667,-2.0593066,-2.2493067,-1.5993066,-1.2293067,2.1106935,0.6306934,1.6106933,0.17069335,-2.0793066,-4.4893064,-4.1593065,-5.5093064,-1.9193066,2.7406933,0.55069333,2.6606934,-5.799307,-0.64930665,-3.7693067,-1.9193066,2.0706933
0.9406934,1.4806933,2.8506935,3.8606935,5.910693,6.9906936,9.700693,9.670693,8.990693,6.9606934,6.1706934,6.8106933,6.2506933,6.600693,4.4806933,3.9506934,3.6306934,2.9606934,1.7506933,0.7506934,-0.84930664,-1.7893066,-2.3493066,-2.3193066,-1.4693066,-1.2293067,1.0006933,2.5206933,2.2906933,0.26069337,-3.0293067,-3.1393065,-2.0393066,-2.4693067,-2.5093067,-5.379307,-3.6393065,-4.4493065,-5.1993065,-1.9193066,-2.2493067
-0.63930666,-0.12930664,0.6206934,1.4106934,1.8206934,2.0606933,4.9006934,8.580693,8.950693,8.080693,7.8106933,6.160693,6.0506935,6.5306935,4.9606934,4.5006933,4.350693,3.3506935,2.9706933,1.7406933,1.2706933,-0.049306642,-1.3093066,-1.6193067,-2.1593065,-2.4293067,-1.4093066,-0.95930666,1.4006934,0.8706934,-0.95930666,-1.7293067,-1.5493066,-0.34930664,-1.0593066,-1.0593066,1.8106934,2.6406934,2.8406935,4.7206936,-7.109307
-1.5793066,-1.2993066,-0.96930665,0.07069336,1.7706933,1.9106934,3.2506933,7.1106935,7.0006933,7.6706934,8.860693,7.9006934,6.4906936,5.7306933,5.870693,5.160693,4.700693,4.0906935,2.9606934,2.6306934,1.5606934,0.92069334,0.92069334,0.11069336,-1.0193067,-1.1093067,-1.5893066,-2.0293067,-1.0893066,-0.27930665,-0.70930666,-1.2793067,-1.5193067,-2.3793066,0.27069336,-3.2193067,-2.0793066,-2.1493065,-2.6793067,-2.1693068,2.0906935
-2.4093065,-2.3293066,-1.4993067,-0.76930666,0.20069335,2.2406933,4.1706934,4.4906936,6.6306934,4.8006935,8.220694,6.640693,7.5506935,5.8006935,5.9606934,5.3406935,5.1106935,4.7206936,4.140693,3.1606934,2.3006933,1.3806933,0.36069337,0.5006934,1.2106934,0.7606934,0.20069335,0.5106934,0.10069336,-0.049306642,0.25069335,-0.00930664,-1.3393066,-1.2093066,-0.35930663,-3.3893065,1.3006934,2.8906934,4.2406936,2.1506934,2.2106934
-4.129307,-2.8393066,-2.6593065,-2.0893066,-1.1393067,1.4606934,3.9106934,5.8206935,6.0106936,6.4606934,5.8306932,6.2306933,6.2406936,5.870693,5.8206935,5.0706935,4.700693,4.4806933,4.0506935,4.0406933,3.6406934,2.3906934,1.3106934,1.1206933,1.0706934,0.90069336,1.5506934,1.8406934,1.5806934,1.1406933,0.67069334,-0.02930664,-0.58930665,-0.15930665,-0.50930667,-2.0093067,-1.2493067,1.6306933,2.0406933,3.1606934,2.7606933
-2.8093066,-3.6493065,-3.7693067,-4.2493067,-2.8293066,2.0006933,4.600693,5.3606935,5.5106936,5.8106933,6.3206935,6.0306935,5.9006934,4.5406933,5.100693,4.7406936,4.5706935,4.3206935,4.2406936,4.0506935,3.7006934,2.9806933,2.5306933,2.1406934,1.4206934,1.8506933,1.7706933,1.6106933,1.7406933,1.3406934,1.1306933,0.92069334,1.6606934,1.5706934,1.2706933,1.2006934,1.9006934,0.120693356,-3.0293067,0.31069335,1.2206933
-4.1193066,-2.3893065,-4.1693068,-3.3493066,-2.4293067,1.2806934,3.0306933,3.7106934,4.0806932,4.3406935,4.910693,6.0906935,5.2506933,3.7906933,3.5906935,4.2706933,4.2606936,3.6406934,4.0506935,3.6106935,3.6406934,3.1606934,3.0306933,2.3406935,2.2406933,2.4706933,2.3906934,1.8506933,1.5706934,1.5306934,1.9306934,2.2806933,1.9206934,2.1706934,1.7406933,2.4006934,2.4006934,0.5706934,-0.6293066,0.18069336,-1.5793066
-1.6393067,-1.8993067,-2.4493067,-1.7493067,-0.22930664,1.4606934,2.9006934,3.5106933,5.4706936,4.660693,3.7206933,4.3806934,5.2106934,3.7106934,3.5506933,3.6506934,3.6506934,3.5306933,3.4806933,3.8506935,3.7106934,3.6206934,2.5306933,1.5306934,1.4806933,1.9806933,2.0406933,1.9206934,2.1306934,2.5206933,3.0106933,3.3306932,3.1706934,3.2306933,2.7506933,1.9606934,2.4406934,1.3206934,1.6306933,1.9806933,1.3406934
-1.6393067,-1.0293067,-1.3193066,0.6906934,1.9106934,1.7706933,1.9406934,2.7406933,3.3006933,4.680693,2.9406934,2.6506934,3.0906935,2.8506935,2.5406933,2.6806934,2.8906934,3.6106935,3.7106934,3.9706933,3.7806933,3.0206933,2.3406935,1.8006934,1.8506933,2.0106933,2.2906933,2.4206934,2.7006934,3.2806933,3.8406935,4.0506935,4.3206935,3.9806933,2.8606935,3.2306933,2.7306933,2.8006933,2.8606935,2.8806934,3.8806934
0.27069336,0.5106934,1.1706934,1.9606934,2.3106933,2.8206933,2.9806933,3.2906933,3.6006935,3.9106934,3.2306933,3.8306932,1.6606934,0.23069336,1.7406933,2.5406933,2.1106935,1.8506933,3.0906935,3.7006934,2.9406934,2.8006933,2.2506933,2.1306934,2.1606934,2.4006934,2.9206934,3.0306933,3.3306932,3.2806933,3.8406935,5.1106935,4.6706934,4.640693,4.1506934,4.0206933,4.0206933,4.3206935,3.9106934,4.2706933,3.8306932
