wind.json
{"header": {"discipline":0,"disciplineName":"Meteorological products","gribEdition":2,"gribLength":1211,"center":7,"centerName":"US National Weather Service - NCEP(WMC)","subcenter":0,"refTime":"2023-06-30T00:00:00.000Z","significanceOfRT":1,"significanceOfRTName":"Start of forecast","productStatus":0,"productStatusName":"Operational products","productType":1,"productTypeName":"Forecast products","productDefinitionTemplate":0,"productDefinitionTemplateName":"Analysis/forecast at horizontal level/layer at a point in time","parameterCategory":2,"parameterCategoryName":"UnknownDiscipline_0_Category_2","parameterNumber":3,"parameterNumberName":"UnknownParameter_D0_C2_3","parameterUnit":"Unknown","genProcessType":2,"genProcessTypeName":"Forecast","forecastTime":300,"surface1Type":103,"surface1TypeName":"Specified height level above ground","surface1Value":10.0,"surface2Type":255,"surface2TypeName":"Missing","surface2Value":0.0,"gridDefinitionTemplate":0,"gridDefinitionTemplateName":"Latitude_Longitude","numberPoints":688,"shape":6,"shapeName":"Earth spherical with radius of 6,371,229.0 m","gridUnits":"degrees","resolution":48,"winds":"true","scanMode":64,"nx":43,"ny":16,"basicAngle":0,"lo1":45.0,"la1":40.0,"lo2":87.0,"la2":55.0,"dx":1.0,"dy":1.0}, "data":
[rows 0 to 15 of 16, columns 0 to 42 of 43]
1.6602807,-0.009719239,-0.30971923,2.0102808,-2.5297194,-12.49972,-9.70972,-4.889719,1.7202808,0.43028077,3.1602807,1.5102807,-1.9597192,-3.3097193,-5.059719,-5.8797193,-6.1597195,-7.169719,-8.179719,-7.499719,-8.99972,-6.9497194,-5.6797194,-4.209719,-2.3197193,-2.0397193,-1.8697193,2.8502808,-2.9797192,-5.6297193,-2.1597192,5.420281,5.0302806,2.5402808,0.86028075,-2.2897193,-0.6797192,-3.5197191,-2.1497192,-4.249719,-3.7997193,-4.919719,-5.8397193
-2.1197193,-1.9797193,2.7402809,3.7302809,-6.209719,-9.379719,-8.649719,-6.459719,-2.2497191,5.3702807,2.8202808,1.0102807,-0.8597192,-3.9797192,-5.8197193,-5.499719,-5.6097193,-5.369719,-6.4497194,-3.4597192,-6.0297194,-6.7197194,-7.289719,-3.8397193,-1.9497192,0.88028073,3.3602808,1.9902807,3.6102808,-2.0797193,-2.7197192,-3.5297194,-4.4097195,-2.0797193,-2.1097193,2.1802807,-0.38971925,0.63028073,2.0702808,-4.479719,-8.949719,-7.4097195,-1.2997192
0.93028075,2.1002808,-0.31971923,-5.1797194,-8.549719,-8.03972,-7.419719,-5.1097193,3.3502808,5.020281,4.290281,2.3702807,1.3502808,-4.6797194,-4.2397194,-5.8197193,-6.119719,-6.439719,-5.7197194,-5.3797193,-4.9497194,-7.1597195,-8.529719,-2.7097192,2.2302809,-2.5197191,2.0202808,-0.15971924,1.8702807,-2.1797192,-0.21971923,-2.0397193,-2.3197193,-3.9297192,-3.1997192,-4.0497193,-1.8697193,4.4102807,-10.979719,-4.5297194,-3.4197192,-2.2997193,-1.5297192
-0.96971923,-1.1197193,-3.9197192,-8.879719,-8.49972,-6.249719,-5.2397194,-2.6497192,0.14028077,4.6202807,3.7402809,2.1902807,-2.3897192,-5.099719,-6.119719,-6.639719,-4.9497194,-6.789719,-5.0897193,-6.289719,-7.369719,-4.959719,-3.8297193,-9.379719,-5.619719,-5.5297194,-6.099719,-4.1597195,-4.269719,-5.5497193,-5.399719,-3.3397193,-2.3397193,-1.6797192,-2.6197193,-3.3297193,-2.6797192,-4.329719,-5.559719,-1.4297192,-0.18971924,-2.1197193,-3.9997191
-2.7897193,-3.5197191,-5.899719,-5.999719,-7.419719,-5.6797194,-1.2097192,2.4602807,3.2802808,5.000281,4.460281,2.2402809,-0.18971924,-2.6197193,-3.3597193,-5.079719,-8.069719,-4.039719,-4.059719,-5.3397193,-6.3397193,-6.9697194,-4.579719,-3.2597191,-1.3997192,-2.8597193,-3.5697193,-3.6397192,-3.4197192,-3.3497193,-3.0297194,-4.9097195,-6.8197193,-8.379719,-3.5397193,3.9802809,3.0102808,-3.9197192,-6.789719,-2.8997192,-2.1197193,-0.57971925,-2.2497191
-5.2397194,-4.139719,-6.2797194,-8.059719,-6.579719,-3.1197193,-3.0397193,-0.19971924,6.5702806,5.9302807,3.5902808,3.1202807,2.4802809,1.9202808,0.13028076,-4.459719,-5.289719,-3.8897192,-3.1397192,-2.6497192,-2.3997192,-2.6397192,-1.9097192,-1.0297192,-1.0697192,-1.8497193,-2.0197191,-2.8497193,-5.0497193,-3.2997193,-3.2797194,-4.8597193,-7.439719,-8.179719,-5.3597193,-3.1297193,0.42028075,-0.089719236,-9.32972,-11.149719,-4.269719,-6.289719,-3.2997193
-2.0297194,-4.7597194,-7.0497193,-7.119719,-5.479719,0.31028077,-2.9397192,-0.94971925,-2.0697193,6.9702806,5.1602807,3.6702807,5.540281,4.4902806,2.4502807,-1.1897192,-7.1797194,-3.2697191,-1.7997192,0.38028076,-0.43971923,-0.55971926,-0.7297192,-0.32971925,-0.05971924,-0.40971923,-0.5397192,-0.76971924,-1.7297193,-6.8597193,-2.4997191,-3.6197193,-3.6197193,-5.8197193,-5.579719,-5.579719,-4.649719,-2.5097191,-4.0297194,-7.769719,-10.729719,-6.309719,-0.25971925
-1.5097193,-1.7097192,1.9702808,-3.5997193,-5.1297193,-6.289719,-8.57972,0.8302808,6.0102806,8.820281,7.5502806,6.790281,5.1602807,4.6602807,4.860281,3.8702807,-0.75971925,-3.2997193,-1.9297192,0.11028076,1.5802808,0.63028073,0.61028075,0.18028076,0.26028076,1.2802807,1.5502808,1.2302808,0.30028075,-0.48971924,-2.5797193,-4.0697193,-4.919719,-4.7197194,-4.889719,-7.0897193,-7.0697193,-8.16972,-7.4897194,-9.109719,-8.009719,-0.5997192,-7.4697194
-4.5097194,-3.2297192,-3.1297193,-5.3597193,-5.0297194,-5.649719,-5.459719,-3.7397192,7.6202807,8.67028,8.690281,7.4302807,5.8402805,4.770281,3.6302807,1.4702808,0.62028074,-0.77971923,-1.9097192,0.17028075,1.6302807,1.7902808,1.1202807,1.3002808,1.2002808,1.1202807,1.8502808,1.6702808,1.4302808,-0.14971924,-0.41971925,-3.3297193,-4.9897194,-5.9297194,-6.2197194,-7.499719,-7.9097195,-8.16972,-8.839719,-3.7397192,-4.2797194,3.0602808,3.0102808
-5.7197194,-5.329719,-5.4097195,-5.7197194,-5.3397193,-3.7297192,-4.169719,-1.9797193,-3.1097193,-0.12971924,4.3002806,4.1202807,5.6402807,4.6802807,4.020281,3.1602807,2.3602808,0.49028075,-0.47971925,2.807617E-4,0.21028076,1.4702808,2.2102807,1.3702807,2.0702808,1.5402808,1.5102807,1.1002808,0.27028075,-1.0397192,-1.1397192,-2.9197192,-3.8297193,-5.8197193,-6.709719,-6.809719,-7.369719,-7.5697193,-7.349719,-7.6297193,-5.169719,-3.7897193,-0.18971924
-7.289719,-8.699719,-8.849719,-7.7797194,-8.149719,-6.5097194,-3.3297193,-1.8497193,2.4102807,4.040281,1.7402807,-1.2797192,1.3902807,3.1802807,4.290281,2.9402807,1.8202808,2.2002807,1.5602808,0.78028077,1.3302808,0.97028077,2.5902808,3.0702808,2.6202807,1.2802807,-0.089719236,-1.3397193,-1.1697192,0.33028075,-0.9297192,-2.7697191,-3.9797192,-5.039719,-4.479719,-6.209719,-7.979719,-7.869719,-4.979719,-4.019719,-6.4897194,-3.1497192,-3.0097191
-6.959719,-6.0497193,-6.4497194,-9.129719,-8.099719,-8.82972,-9.069719,-5.829719,-5.459719,-1.3197192,4.1402807,7.580281,8.470281,7.4302807,4.3002806,4.210281,7.7802806,5.150281,4.580281,3.2502809,2.8302808,2.5702808,2.6802807,2.9502807,2.4602807,2.9402807,2.6402807,1.8602808,1.5002807,1.2702807,-0.10971924,-1.0597192,-1.7497193,-2.1797192,-4.0697193,-4.0497193,-6.2597194,-5.6797194,-3.8197193,-2.6797192,-4.059719,-3.1697192,-2.7497191
-6.0697193,-6.479719,-6.709719,-7.5097194,-7.189719,-8.24972,-8.32972,-8.24972,-6.3397193,-7.6597195,-5.6297193,3.5402808,6.480281,6.480281,7.1802807,4.850281,4.5302806,5.690281,6.1802807,5.7602806,5.080281,4.4102807,4.0502806,3.8602808,3.9202807,4.0502806,3.2202806,2.3302808,1.5102807,1.5302807,1.5902808,1.3502808,-0.15971924,-1.9397192,-2.9397192,-2.0097191,-3.2097192,-2.2797194,-3.2597191,-1.8397193,-1.3797193,-1.9897193,-1.0597192
-5.999719,-6.939719,-5.7797194,-6.6997194,-7.6997194,-4.8797193,-5.5097194,-5.0297194,-7.4697194,-7.419719,-8.569719,-7.019719,-3.3697193,5.4702806,10.560281,9.71028,7.1402807,6.9102807,6.3702807,4.380281,5.9102807,5.2802806,4.960281,4.580281,4.8702807,4.4902806,2.9402807,4.850281,3.8702807,3.9002807,2.4102807,1.8702807,0.33028075,1.6502807,1.0302807,-1.1997192,-0.43971923,-2.0397193,-2.1597192,-0.82971925,-0.82971925,-0.32971925,-1.2697192
-7.269719,-6.3597193,-7.289719,-7.369719,-7.269719,-6.849719,-6.4497194,-4.349719,-5.649719,-6.1597195,-5.3197193,-6.0697193,-4.079719,-4.6297193,-0.24971923,2.7102807,4.230281,4.7602806,4.610281,5.7202806,6.0902805,6.920281,6.4702806,5.4102807,5.310281,3.9702806,4.440281,3.6202807,5.0702806,4.560281,3.8002808,3.8602808,3.2602808,2.3202808,-0.38971925,-0.83971924,-0.39971924,-0.31971923,-2.3597193,-1.5797192,-1.1897192,-2.4397192,-2.9697192
-5.8797193,-5.7997193,-4.6597195,-6.4697194,-7.019719,-7.2397194,-6.8197193,-6.399719,-5.289719,-3.6897192,-4.5897193,-3.2797194,-0.9097192,0.27028075,-3.8597193,-3.9597192,-0.34971923,3.7902808,4.880281,4.3902807,5.880281,6.540281,6.3702807,6.8202806,5.670281,5.8702807,5.1202807,4.9702806,5.610281,5.460281,4.2402806,3.6502807,2.5202808,-1.0897193,-0.9197192,-0.57971925,-1.3697193,5.7402806,2.2902808,0.010280762,-1.8297192,-1.9797193,-2.5197191
