wind_kz.json
{"header": {"discipline":0,"disciplineName":"Meteorological products","gribEdition":2,"gribLength":1102,"center":7,"centerName":"US National Weather Service - NCEP(WMC)","subcenter":0,"refTime":"2023-09-09T00:00:00.000Z","significanceOfRT":1,"significanceOfRTName":"Start of forecast","productStatus":0,"productStatusName":"Operational products","productType":1,"productTypeName":"Forecast products","productDefinitionTemplate":0,"productDefinitionTemplateName":"Analysis/forecast at horizontal level/layer at a point in time","parameterCategory":2,"parameterCategoryName":"UnknownDiscipline_0_Category_2","parameterNumber":2,"parameterNumberName":"UnknownParameter_D0_C2_2","parameterUnit":"Unknown","genProcessType":2,"genProcessTypeName":"Forecast","forecastTime":60,"surface1Type":103,"surface1TypeName":"Specified height level above ground","surface1Value":10.0,"surface2Type":255,"surface2TypeName":"Missing","surface2Value":0.0,"gridDefinitionTemplate":0,"gridDefinitionTemplateName":"Latitude_Longitude","numberPoints":615,"shape":6,"shapeName":"Earth spherical with radius of 6,371,229.0 m","gridUnits":"degrees","resolution":48,"winds":"true","scanMode":64,"nx":41,"ny":15,"basicAngle":0,"lo1":47.0,"la1":41.0,"lo2":87.0,"la2":55.0,"dx":1.0,"dy":1.0}, "data":
[rows 0 to 14 of 15, columns 0 to 40 of 41]
-0.496792,0.553208,-1.8967919,-1.546792,-0.206792,1.433208,4.453208,0.953208,2.813208,1.693208,2.113208,1.963208,2.413208,2.603208,2.633208,2.853208,4.793208,7.333208,7.783208,9.503208,11.193208,8.493208,4.673208,7.383208,5.003208,7.723208,4.333208,5.803208,3.803208,1.383208,0.09320801,1.323208,-2.646792,-1.386792,-1.416792,-0.21679199,0.63320804,0.453208,1.393208,1.463208,1.503208
2.113208,-3.416792,-0.356792,3.203208,3.923208,1.573208,6.133208,4.073208,4.123208,5.103208,4.623208,4.523208,4.313208,3.323208,4.143208,4.703208,6.373208,8.423208,10.143208,11.013208,11.523208,10.023208,8.223208,4.953208,5.143208,1.783208,0.863208,2.883208,7.563208,3.263208,2.733208,0.603208,-4.486792,-0.006791992,-0.016791992,-1.226792,0.833208,1.633208,2.853208,2.343208,5.753208
-0.876792,-1.856792,3.763208,3.183208,3.563208,5.243208,4.843208,6.273208,6.403208,6.753208,6.423208,6.303208,6.543208,6.193208,5.523208,6.983208,8.443208,10.423208,11.553208,12.173208,12.083208,11.293208,10.123208,11.613208,11.233208,8.083208,10.343208,4.623208,8.343208,-2.676792,0.233208,-0.19679199,-1.506792,-1.096792,-0.826792,-3.9567919,2.643208,0.20320801,-2.536792,3.463208,-1.366792
-1.816792,0.803208,2.003208,2.033208,4.663208,5.733208,5.153208,7.583208,7.943208,8.603208,9.053208,8.213208,6.283208,6.053208,7.873208,9.543208,10.663208,11.753208,13.443208,13.693208,12.573208,14.833208,9.133208,11.363208,13.693208,13.433208,11.863208,7.873208,12.083208,-2.726792,-3.776792,-3.186792,-3.526792,-1.056792,0.613208,2.383208,1.383208,3.083208,-0.826792,-2.486792,1.513208
3.163208,3.053208,5.253208,5.443208,6.373208,6.273208,6.793208,6.913208,6.903208,9.003208,9.703208,9.953208,8.553208,8.373208,6.453208,10.843208,10.913208,11.953208,12.773208,11.243208,13.623208,13.123208,13.393208,13.593208,12.393208,13.283208,9.863208,7.713208,8.983208,2.253208,2.113208,0.543208,1.793208,4.323208,-1.076792,-1.236792,1.043208,-2.036792,-1.966792,-1.326792,-2.556792
2.363208,5.313208,4.723208,3.573208,6.273208,6.523208,7.753208,7.643208,8.513208,7.173208,8.363208,9.243208,9.613208,3.663208,7.573208,7.483208,10.413208,12.923208,14.443208,12.173208,12.883208,10.873208,11.513208,11.643208,11.873208,11.323208,8.323208,-2.016792,5.013208,1.933208,-1.156792,-3.036792,-2.866792,-3.526792,-1.506792,-4.956792,-0.356792,-0.536792,0.003208008,-0.92679197,1.833208
3.443208,3.233208,2.913208,4.483208,4.833208,3.563208,6.693208,7.233208,5.963208,7.843208,8.133208,8.983208,7.073208,7.023208,8.133208,6.113208,9.003208,12.263208,11.943208,11.333208,11.063208,10.923208,9.303208,10.733208,6.983208,-1.276792,9.383208,-0.31679198,-2.816792,-2.876792,-1.926792,-1.836792,-0.436792,-2.916792,-2.996792,-1.866792,-0.86679196,1.713208,1.283208,1.033208,2.633208
2.253208,2.763208,4.703208,4.993208,4.643208,5.703208,4.543208,5.373208,6.863208,6.573208,7.323208,8.083208,7.663208,4.833208,0.693208,5.993208,7.943208,10.383208,10.563208,9.003208,10.833208,9.743208,8.343208,-0.716792,-1.996792,-2.826792,4.933208,3.253208,-1.666792,2.123208,1.373208,-0.076791994,0.03320801,-0.296792,2.103208,-5.036792,-3.366792,-5.186792,-4.346792,-4.836792,-2.986792
1.223208,2.213208,4.833208,2.803208,3.563208,2.733208,5.213208,6.103208,4.363208,5.303208,5.563208,5.683208,5.173208,5.203208,0.283208,4.073208,6.113208,6.433208,2.943208,3.423208,9.473208,-1.346792,-2.726792,-4.926792,-2.746792,-4.306792,5.253208,8.553208,-0.936792,-0.61679196,1.4832081,1.473208,2.163208,2.763208,-1.316792,-3.496792,-2.666792,-2.386792,-0.61679196,-1.616792,-0.336792
0.16320801,3.133208,4.273208,3.743208,4.423208,1.973208,4.553208,4.413208,3.503208,3.193208,3.283208,3.393208,-0.31679198,-2.336792,0.283208,1.793208,0.663208,-1.506792,-1.7667919,-2.136792,-12.116792,-7.426792,-5.316792,-3.076792,-2.006792,-0.67679197,5.473208,-1.596792,-2.496792,-5.186792,-1.086792,-6.596792,-3.566792,-0.606792,-4.036792,-6.096792,-2.4567919,-1.296792,-1.376792,-0.40679199,-0.996792
3.023208,1.3532081,4.093208,2.733208,2.743208,2.403208,2.503208,2.463208,4.443208,-0.206792,1.253208,-2.196792,-2.616792,-5.786792,-1.306792,-1.946792,-1.7667919,-0.28679198,-3.496792,-6.856792,-8.856792,-8.576792,-7.736792,-6.306792,-5.876792,-4.326792,-5.876792,-5.276792,-4.846792,-4.586792,-3.936792,-3.296792,-0.496792,-0.766792,0.023208007,-1.916792,-0.306792,-0.426792,-1.586792,-0.576792,0.06320801
2.353208,3.603208,3.913208,-1.346792,0.14320801,1.843208,3.0432081,2.463208,3.483208,-0.776792,-1.926792,-4.016792,-8.056792,-3.186792,-0.13679199,1.813208,-3.316792,-3.856792,-3.686792,-4.416792,-4.086792,-4.116792,-3.466792,-3.176792,-3.976792,-2.216792,-2.246792,-1.846792,-1.776792,-1.416792,-0.436792,1.683208,2.113208,0.983208,1.613208,-0.436792,-3.346792,-1.716792,-2.146792,-2.136792,-1.166792
2.723208,2.833208,1.423208,-3.376792,-0.416792,2.093208,2.713208,-0.586792,-1.536792,-3.876792,-1.606792,-3.586792,-6.186792,-4.066792,-0.496792,-1.496792,-2.216792,-4.426792,-4.406792,-5.556792,-5.436792,-4.446792,-2.556792,-3.116792,-5.006792,-4.586792,-4.236792,-2.976792,-2.946792,-2.256792,-1.3967919,0.76320803,0.873208,0.833208,1.673208,-1.546792,-3.576792,-2.216792,-3.296792,-2.876792,-1.276792
-1.456792,1.163208,-0.37679198,0.57320803,-1.286792,-4.316792,-5.456792,-3.386792,-4.256792,-4.176792,-2.186792,-4.366792,-6.056792,-1.126792,-2.686792,-2.276792,-2.836792,-4.736792,-5.216792,-4.996792,-6.276792,-6.416792,-6.786792,-6.876792,-7.016792,-6.796792,-6.826792,-8.166792,-7.656792,-6.766792,-7.076792,-6.906792,-6.716792,-5.806792,-4.686792,-5.266792,-4.226792,-3.4567919,-4.066792,-2.316792,-0.446792
-1.466792,-2.076792,-5.236792,-3.746792,-3.116792,-2.946792,-5.006792,-5.066792,-5.186792,-4.476792,-2.876792,-4.606792,-3.666792,-3.276792,-2.786792,-2.156792,-2.996792,-5.316792,-4.236792,-5.186792,-5.386792,-5.626792,-4.436792,-4.096792,-4.176792,-5.596792,-3.9567919,-4.386792,-6.446792,-6.466792,-6.626792,-7.116792,-5.896792,-6.566792,-6.206792,-4.906792,-4.926792,-4.276792,-2.746792,-2.046792,-0.176792
