wind.json
{"header": {"discipline":0,"disciplineName":"Meteorological products","gribEdition":2,"gribLength":1125,"center":7,"centerName":"US National Weather Service - NCEP(WMC)","subcenter":0,"refTime":"2023-06-27T00:00:00.000Z","significanceOfRT":1,"significanceOfRTName":"Start of forecast","productStatus":0,"productStatusName":"Operational products","productType":1,"productTypeName":"Forecast products","productDefinitionTemplate":0,"productDefinitionTemplateName":"Analysis/forecast at horizontal level/layer at a point in time","parameterCategory":2,"parameterCategoryName":"UnknownDiscipline_0_Category_2","parameterNumber":2,"parameterNumberName":"UnknownParameter_D0_C2_2","parameterUnit":"Unknown","genProcessType":2,"genProcessTypeName":"Forecast","forecastTime":0,"surface1Type":103,"surface1TypeName":"Specified height level above ground","surface1Value":10.0,"surface2Type":255,"surface2TypeName":"Missing","surface2Value":0.0,"gridDefinitionTemplate":0,"gridDefinitionTemplateName":"Latitude_Longitude","numberPoints":688,"shape":6,"shapeName":"Earth spherical with radius of 6,371,229.0 m","gridUnits":"degrees","resolution":48,"winds":"true","scanMode":64,"nx":43,"ny":16,"basicAngle":0,"lo1":45.0,"la1":40.0,"lo2":87.0,"la2":55.0,"dx":1.0,"dy":1.0}, "data":
[rows 0 to 15 of 16, columns 0 to 42 of 43]
-2.4956129,1.4543872,0.9643872,-3.4956129,-1.2156128,0.3143872,-0.8356128,-2.1456127,-1.1356128,-3.3556128,1.4143872,-2.9056127,-2.7256129,-2.9856129,-2.7756128,-1.8456128,-1.0856128,1.2443871,-0.8156128,-2.4256127,-2.1556127,-0.3456128,-2.0356128,0.4143872,0.1543872,0.2843872,-0.7656128,-0.4756128,0.7143872,1.0643872,0.124387205,-0.8356128,-1.9556128,-1.4856128,-3.705613,-3.3756127,-3.3856127,-3.8456128,-4.815613,-5.1856127,-2.7756128,-4.5356126,-5.6656127
1.6243873,1.6243873,-0.8556128,-1.1956128,2.2143872,-2.9056127,-1.3656127,-1.3156128,0.48438722,1.2043872,-0.6256128,0.8143872,0.6343872,0.7243872,-0.17561279,-1.4856128,-2.0556128,-1.7756128,1.7643872,1.5743872,-3.1856127,1.7943872,-0.5856128,-0.05561279,-2.2256129,-1.6356128,-0.11561279,-2.5256128,-2.3256128,-0.19561279,0.6043872,-0.1256128,-1.0856128,1.2043872,0.2043872,-0.4756128,-2.6056128,-1.9356128,-1.8356128,-3.9256127,-4.1256127,-2.8756127,-3.7756128
1.1443872,-1.5556128,2.3143873,2.4543872,-5.425613,-4.2456126,-2.3656127,-1.6556128,-0.1256128,-0.8856128,-2.2556129,-4.985613,-2.445613,-0.5656128,-2.2856128,-2.0356128,-2.2556129,-3.1156127,-1.6356128,-2.3156128,-0.9456128,-1.4256128,1.3943872,2.4643872,-1.0156128,-3.3156128,-0.045612793,0.8643872,-0.4156128,0.65438724,-0.4956128,-0.3756128,0.13438721,-0.14561279,1.0343872,-2.9156127,0.3343872,-0.2556128,-0.8756128,0.11438721,-0.4456128,0.07438721,-1.7656128
-0.45561278,-0.4156128,0.53438723,-5.315613,-5.425613,-3.8656127,-2.5856128,-2.695613,-3.715613,-3.6356127,-4.2456126,-2.8756127,-1.5556128,-2.1756127,-1.6956128,-1.4156128,-0.6356128,-0.6656128,-0.5456128,1.3843873,2.4443872,1.6543872,2.1643872,2.0743873,-2.695613,-0.5156128,0.21438721,0.48438722,1.8743873,0.9743872,-2.1456127,-0.2556128,-1.5256128,2.6843872,-0.5756128,-0.6456128,0.8343872,0.014387207,-0.7856128,0.29438722,-0.45561278,2.7243872,1.7743872
-2.1156127,-3.3856127,-5.195613,-8.145613,-6.755613,-5.7656126,-4.5156126,-2.4356127,-1.8256128,-4.2656126,-2.6356127,-2.8956127,-2.4256127,-2.8956127,-1.7856128,-1.1356128,0.5843872,1.6043872,1.8343872,2.6743872,1.8943872,1.2443871,2.8243873,0.4443872,0.8943872,3.5943873,4.094387,2.4143872,3.9443872,-1.2056128,0.3743872,-3.5556128,-7.065613,-7.095613,-5.545613,-3.4856129,-2.7556129,-2.5956128,-2.2256129,1.9443872,1.6943872,-0.03561279,-0.26561278
-1.9856128,-4.255613,-6.0556126,-8.315613,-7.835613,-7.965613,-7.325613,-4.4956126,-3.5656128,-2.6456127,-2.1356127,-2.1156127,-1.7856128,-0.11561279,-0.8156128,-0.6356128,0.7343872,0.9543872,0.7243872,-1.5856128,-2.1556127,-1.6856128,-0.2156128,0.1543872,2.9543872,1.9643872,4.0643873,3.8543873,1.5143872,3.1743872,3.6243873,1.9643872,2.544387,-2.3756127,-2.7656128,1.9643872,1.9743872,0.10438721,-0.96561277,-2.7756128,-2.215613,-3.9156127,-3.7756128
-1.8356128,-4.3756127,-4.2856126,-3.7656128,-6.2656126,-4.4556127,-3.0656128,-3.3656127,-2.0456128,0.4743872,1.4643872,2.4943871,2.6143873,2.9943871,3.2343872,3.2543871,1.4743872,0.4143872,0.4743872,-1.1156127,-1.1256127,-0.22561279,0.1843872,0.9943872,2.1943872,2.6943872,2.804387,3.4843872,4.8343873,3.5943873,1.8943872,1.4843872,1.9243872,0.8943872,-2.2756128,-2.3756127,-1.1556128,-5.4156127,0.2343872,-1.7656128,-0.5156128,-2.5856128,-2.0556128
-0.6456128,-3.205613,-2.955613,-1.1356128,-0.045612793,-6.115613,-4.6856127,-3.5656128,-2.8856127,-2.0356128,-1.5056129,-0.6256128,0.84438723,0.7943872,1.5943872,3.0843873,4.344387,4.1043873,3.1243873,1.9743872,1.3043872,1.6943872,2.4943871,2.6543872,3.1643872,2.5843873,3.5143871,3.9743872,3.5643873,4.0043874,0.5143872,-2.1656127,-3.9256127,-4.045613,-4.585613,-7.405613,-5.865613,-3.4956129,-1.4356128,1.7843872,-0.4156128,0.10438721,0.90438724
-2.6156127,-4.795613,-5.5356126,-6.2656126,-5.9356127,-4.485613,-3.1756127,-1.6056128,-0.7656128,-0.9756128,0.3343872,1.3143872,2.4443872,2.9043872,3.804387,4.184387,5.134387,5.1443872,4.994387,3.9243872,3.3843873,3.2043872,3.7243872,3.5643873,4.054387,3.7243872,3.3543873,2.3443873,3.6343873,2.4243872,1.6343873,-0.8956128,-1.7056128,-3.705613,-4.5556126,-0.06561279,-0.5056128,-2.0456128,-3.7256129,-7.1656127,-4.075613,-3.205613,-1.5856128
-4.4756126,-5.075613,-6.5356126,-5.9556127,-5.1456127,-3.3556128,-2.8856127,-1.7056128,-0.4356128,-0.13561279,0.7543872,2.054387,3.034387,3.2643871,4.454387,4.5843873,5.6243873,5.134387,6.514387,5.744387,5.8143873,3.534387,5.1943874,6.0043874,4.904387,4.0443873,3.3743873,3.4843872,2.9043872,2.5843873,0.65438724,-1.9756128,-0.2756128,-2.0556128,0.9543872,0.4043872,-2.7356129,-3.7956128,-1.6356128,-1.4756128,-0.05561279,-0.6156128,-1.2056128
-7.7656126,-4.9356127,-2.6556127,-3.7556129,-3.9056127,-2.6756127,-2.1056128,-0.7356128,-0.085612796,0.26438722,0.7043872,2.4243872,3.0743873,2.9243872,3.0143871,4.674387,5.1443872,5.994387,6.1243873,5.454387,5.914387,6.5643873,7.474387,7.164387,7.014387,7.0443873,6.414387,4.934387,4.954387,4.244387,4.884387,2.4943871,-1.2556129,-1.0656128,1.6443872,-1.2656128,-0.17561279,-2.1356127,-3.5156128,-0.9256128,-1.3556128,-0.3156128,-0.3456128
-2.0556128,-1.5756128,-2.9256127,-3.2356129,-3.4256127,-2.5056129,-1.0556128,-0.4356128,0.90438724,1.0343872,0.4043872,1.0543872,1.4843872,2.2643871,2.304387,4.174387,6.224387,6.994387,8.304387,8.834387,8.054387,8.474387,9.524387,9.164387,8.434387,8.704388,7.414387,5.994387,5.2343874,4.924387,4.8743873,0.3743872,-3.8256128,-3.1156127,-3.2956128,-1.8056128,1.9843872,-1.7256128,-1.7556129,0.004387207,-1.1456128,0.29438722,-0.7756128
-2.9956129,-1.3856128,-2.215613,-2.3956127,-2.8756127,-1.6856128,1.0843872,-0.59561276,-0.4756128,-0.4456128,0.6043872,1.6043872,0.8643872,2.3543873,3.2143872,4.3143873,4.204387,2.9743872,5.2943873,6.844387,7.724387,8.664387,7.8543873,7.2543874,6.3143873,5.7743874,5.5043874,6.574387,4.724387,2.9643872,0.8643872,-3.3356128,-5.115613,-5.1856127,-2.8656127,-5.005613,-3.0456128,-3.0456128,-2.945613,-1.5056129,-0.9856128,-0.9456128,-0.9956128
-2.8856127,-2.465613,-1.5656128,-0.6756128,0.65438724,1.0643872,-0.6656128,-0.4656128,0.26438722,0.9643872,1.5543872,1.5043873,1.0643872,2.5743873,2.0843873,2.5743873,3.1443872,3.3343873,2.7243872,2.0043871,1.5143872,2.6043873,3.5043871,3.6443872,2.4643872,2.1543872,4.2143874,4.074387,2.1943872,-0.3956128,-2.3556128,-5.405613,-6.0356126,-7.4156127,-4.6056128,-4.065613,-5.615613,-5.5556126,-5.815613,-3.0856128,-4.595613,-2.5856128,-1.8356128
-2.5256128,-1.0456128,-0.4356128,0.45438722,2.054387,0.9943872,0.3743872,1.0643872,0.8643872,1.3043872,1.8043872,2.1443872,0.9843872,1.6043872,2.4343872,1.5243872,1.6143872,1.2143872,0.6943872,-0.6156128,-2.465613,-2.9156127,-4.0556126,-5.175613,-5.295613,-3.5356128,-2.955613,-5.045613,-5.4756126,-4.735613,-5.5156126,-6.4356127,-7.4756126,-5.8756127,-6.3756127,-4.6456127,-4.635613,-5.3756127,-4.2056127,-3.8156128,-2.8556128,-2.3856127,-1.8656127
-1.0756128,-0.6856128,0.11438721,1.0943872,1.7443871,-0.10561279,-0.015612793,1.7943872,2.2643871,1.7343872,2.1143873,1.1343873,-0.005612793,1.2743872,1.3443872,1.5043873,0.9543872,0.6843872,-0.5156128,-1.3256128,-2.6256127,-4.445613,-6.365613,-6.635613,-7.4556127,-7.1056128,-8.155613,-7.1056128,-8.055613,-7.405613,-7.425613,-7.485613,-7.385613,-5.365613,-3.2556129,-3.1056128,-3.5456128,-3.445613,-3.0756128,-2.3356128,-2.6856127,-2.4756129,-1.3956128
