wind_kz.json
{"header": {"discipline":0,"disciplineName":"Meteorological products","gribEdition":2,"gribLength":871,"center":7,"centerName":"US National Weather Service - NCEP(WMC)","subcenter":0,"refTime":"2025-04-05T18:00:00.000Z","significanceOfRT":1,"significanceOfRTName":"Start of forecast","productStatus":0,"productStatusName":"Operational products","productType":1,"productTypeName":"Forecast products","productDefinitionTemplate":0,"productDefinitionTemplateName":"Analysis/forecast at horizontal level/layer at a point in time","parameterCategory":0,"parameterCategoryName":"UnknownDiscipline_0_Category_0","parameterNumber":0,"parameterNumberName":"UnknownParameter_D0_C0_0","parameterUnit":"Unknown","genProcessType":2,"genProcessTypeName":"Forecast","forecastTime":240,"surface1Type":1,"surface1TypeName":"Ground or water surface","surface1Value":0.0,"surface2Type":255,"surface2TypeName":"Missing","surface2Value":0.0,"gridDefinitionTemplate":0,"gridDefinitionTemplateName":"Latitude_Longitude","numberPoints":615,"shape":6,"shapeName":"Earth spherical with radius of 6,371,229.0 m","gridUnits":"degrees","resolution":48,"winds":"true","scanMode":64,"nx":41,"ny":15,"basicAngle":0,"lo1":47.0,"la1":41.0,"lo2":87.0,"la2":55.0,"dx":1.0,"dy":1.0}, "data":
[rows 0 to 14 of 15, columns 0 to 40 of 41]
288.97638,281.37637,283.07635,282.67636,283.37637,283.97638,287.27637,291.77637,292.87637,293.57635,291.57635,292.57635,290.97638,291.57635,291.67636,290.57635,291.57635,290.27637,292.77637,289.77637,290.87637,289.87637,290.37637,287.27637,292.27637,293.07635,287.37637,277.87637,275.57635,270.77637,273.47638,265.17636,283.87637,290.67636,291.27637,291.77637,291.87637,291.47638,291.17636,291.37637,291.07635
271.27637,283.17636,282.27637,282.27637,282.77637,283.27637,290.17636,290.67636,291.27637,290.97638,290.37637,289.37637,289.97638,288.77637,291.77637,292.07635,292.57635,292.57635,291.87637,290.87637,289.77637,288.87637,286.57635,282.57635,273.77637,278.37637,284.47638,277.07635,281.97638,274.17636,277.87637,259.27637,277.37637,249.07637,262.97638,286.77637,285.87637,287.47638,289.87637,283.37637,280.97638
285.87637,281.47638,282.07635,282.27637,282.37637,285.37637,287.37637,290.07635,289.77637,289.57635,288.77637,288.87637,289.27637,289.27637,289.87637,291.27637,290.77637,290.77637,292.27637,292.47638,292.37637,290.17636,288.37637,284.57635,287.07635,286.37637,288.87637,288.37637,286.97638,282.57635,270.57635,276.27637,282.17636,281.77637,283.07635,283.67636,274.07635,272.27637,275.97638,271.47638,266.97638
283.57635,282.07635,281.07635,281.97638,283.07635,286.27637,288.37637,289.37637,290.07635,288.17636,287.27637,286.17636,286.07635,286.67636,289.17636,290.47638,288.67636,290.27637,291.07635,292.47638,290.77637,285.37637,287.57635,287.17636,288.47638,289.17636,289.97638,288.77637,287.47638,289.87637,288.27637,286.87637,292.97638,293.27637,289.37637,285.47638,276.27637,264.77637,279.87637,287.57635,290.27637
287.67636,283.07635,282.17636,282.97638,283.57635,287.47638,289.67636,289.07635,289.17636,287.57635,287.07635,285.27637,285.07635,284.57635,281.87637,288.57635,288.97638,288.07635,288.27637,288.07635,290.47638,291.07635,289.77637,288.97638,287.97638,288.57635,288.67636,283.67636,289.07635,289.87637,291.67636,287.57635,278.47638,266.07635,283.37637,291.67636,289.07635,293.67636,293.07635,291.77637,290.47638
287.97638,286.77637,283.37637,282.67636,281.67636,281.37637,286.97638,290.27637,287.77637,286.67636,286.87637,285.67636,282.87637,283.27637,279.27637,288.57635,290.07635,288.17636,288.47638,287.97638,287.87637,287.97638,287.37637,288.17636,287.77637,285.77637,286.47638,273.07635,289.07635,289.57635,289.57635,290.77637,289.57635,290.07635,288.67636,287.67636,283.77637,285.27637,291.37637,290.47638,288.97638
285.37637,287.17636,286.47638,285.07635,283.67636,287.07635,288.17636,288.67636,288.57635,287.37637,285.87637,284.57635,284.17636,284.57635,285.57635,289.27637,289.37637,289.17636,287.47638,286.07635,285.47638,286.87637,286.77637,286.57635,284.97638,285.77637,284.47638,286.67636,287.47638,288.37637,290.27637,290.77637,290.17636,290.47638,290.47638,288.47638,285.37637,283.37637,278.87637,278.27637,287.77637
282.47638,284.47638,287.37637,286.97638,286.77637,286.37637,287.17636,287.17636,285.57635,284.87637,284.07635,284.27637,283.47638,285.17636,285.67636,287.17636,287.57635,287.17636,285.77637,283.57635,282.97638,283.57635,284.07635,284.27637,283.27637,281.47638,281.27637,283.37637,283.37637,285.47638,284.97638,286.97638,286.17636,284.17636,284.97638,286.17636,288.87637,273.07635,289.47638,287.97638,286.27637
281.77637,281.97638,283.07635,283.87637,285.87637,284.67636,284.47638,284.57635,284.17636,283.77637,282.67636,282.87637,283.47638,284.07635,285.27637,285.97638,284.87637,284.17636,283.37637,282.17636,281.17636,280.77637,281.67636,282.07635,281.47638,281.37637,279.97638,279.27637,278.87637,279.67636,281.57635,282.17636,283.87637,284.87637,285.97638,283.67636,284.67636,284.57635,271.17636,276.87637,271.97638
277.67636,279.07635,279.27637,278.97638,278.67636,281.77637,283.57635,283.47638,284.17636,283.87637,282.67636,282.27637,282.97638,283.27637,283.27637,283.27637,283.87637,283.37637,282.37637,280.87637,279.97638,280.07635,280.77637,281.07635,281.77637,281.07635,281.87637,280.87637,280.27637,279.97638,279.67636,284.37637,285.47638,285.47638,285.47638,285.07635,284.57635,281.77637,279.87637,279.37637,276.87637
278.27637,277.97638,276.97638,276.97638,277.47638,277.27637,277.47638,277.97638,281.27637,282.17636,281.27637,282.77637,284.07635,282.87637,283.27637,282.67636,281.17636,281.17636,280.97638,280.27637,280.37637,279.77637,280.07635,280.67636,280.87637,281.07635,279.57635,281.57635,281.87637,281.97638,282.57635,284.97638,285.17636,285.77637,286.97638,285.07635,281.97638,281.67636,282.17636,281.37637,278.47638
276.17636,277.87637,277.57635,277.07635,276.37637,276.37637,276.27637,276.17636,276.57635,277.27637,276.17636,276.97638,278.77637,279.57635,280.07635,281.87637,280.27637,279.77637,280.17636,279.77637,278.57635,278.47638,278.67636,279.57635,279.37637,280.37637,280.67636,281.77637,282.17636,282.87637,282.77637,282.27637,283.17636,282.97638,284.97638,285.57635,285.67636,286.27637,284.87637,285.07635,284.47638
273.77637,273.87637,275.27637,276.67636,275.47638,275.87637,275.97638,276.37637,276.47638,276.37637,274.67636,273.97638,277.17636,276.97638,278.17636,279.87637,279.97638,279.67636,280.17636,278.97638,278.87637,277.77637,277.97638,278.07635,279.77637,280.47638,281.77637,281.17636,281.57635,281.47638,281.57635,281.57635,281.57635,281.77637,282.67636,283.27637,283.57635,285.27637,283.87637,284.57635,284.17636
271.67636,274.17636,273.57635,276.47638,276.07635,274.97638,272.27637,274.57635,275.77637,275.57635,273.27637,271.97638,274.37637,276.17636,277.27637,278.07635,278.07635,277.27637,277.57635,277.57635,277.87637,278.17636,278.67636,278.97638,279.87637,280.27637,280.07635,280.47638,280.37637,280.37637,280.57635,280.67636,280.87637,280.17636,281.47638,280.87637,282.47638,280.97638,281.07635,280.97638,284.57635
273.67636,275.87637,272.57635,274.37637,274.57635,275.17636,275.97638,274.67636,275.17636,275.17636,274.07635,273.17636,272.27637,273.67636,275.27637,275.87637,275.97638,275.87637,276.07635,276.07635,276.57635,277.07635,277.57635,277.67636,278.27637,278.57635,279.27637,279.77637,280.07635,279.97638,279.67636,275.47638,279.27637,279.47638,279.87637,280.17636,280.07635,279.87637,280.77637,280.77637,281.97638
