wind_kz.json
{"header": {"discipline":0,"disciplineName":"Meteorological products","gribEdition":2,"gribLength":1025,"center":7,"centerName":"US National Weather Service - NCEP(WMC)","subcenter":0,"refTime":"2023-10-03T00:00:00.000Z","significanceOfRT":1,"significanceOfRTName":"Start of forecast","productStatus":0,"productStatusName":"Operational products","productType":1,"productTypeName":"Forecast products","productDefinitionTemplate":0,"productDefinitionTemplateName":"Analysis/forecast at horizontal level/layer at a point in time","parameterCategory":2,"parameterCategoryName":"UnknownDiscipline_0_Category_2","parameterNumber":3,"parameterNumberName":"UnknownParameter_D0_C2_3","parameterUnit":"Unknown","genProcessType":2,"genProcessTypeName":"Forecast","forecastTime":300,"surface1Type":103,"surface1TypeName":"Specified height level above ground","surface1Value":10.0,"surface2Type":255,"surface2TypeName":"Missing","surface2Value":0.0,"gridDefinitionTemplate":0,"gridDefinitionTemplateName":"Latitude_Longitude","numberPoints":615,"shape":6,"shapeName":"Earth spherical with radius of 6,371,229.0 m","gridUnits":"degrees","resolution":48,"winds":"true","scanMode":64,"nx":41,"ny":15,"basicAngle":0,"lo1":47.0,"la1":41.0,"lo2":87.0,"la2":55.0,"dx":1.0,"dy":1.0}, "data":
[rows 0 to 14 of 15, columns 0 to 40 of 41]
1.545697,1.4356971,-2.744303,-9.004303,-10.024303,-10.054303,-6.854303,-5.564303,-1.654303,-3.544303,-1.954303,-1.204303,-0.29430297,0.45569703,0.525697,1.085697,0.97569704,-0.304303,0.49569702,-0.794303,-1.954303,-2.384303,0.37569702,-0.14430298,2.785697,1.595697,1.335697,-0.274303,-2.034303,4.2556973,1.8156971,2.105697,-1.414303,-0.814303,-0.694303,0.19569702,2.455697,2.705697,0.675697,-0.23430298,2.505697
-2.314303,-2.454303,-10.904303,-9.374303,-8.794303,-8.964303,-6.984303,-5.534303,-5.884303,-7.334303,-5.434303,-4.674303,0.40569702,0.79569703,2.355697,3.155697,1.765697,2.055697,0.555697,1.035697,0.625697,-1.574303,-2.1243029,2.665697,3.895697,-0.10430298,-1.284303,1.765697,-1.3143029,0.945697,1.025697,4.155697,0.29569703,-2.604303,-0.08430298,1.545697,1.335697,1.365697,0.03569702,-0.42430297,-0.10430298
-2.504303,-7.414303,-7.824303,-6.204303,-7.734303,-6.794303,-5.954303,-5.944303,-5.574303,-1.374303,-2.794303,-5.634303,-2.524303,1.095697,4.325697,3.525697,3.555697,3.085697,2.055697,2.945697,0.79569703,2.905697,2.575697,1.045697,-4.314303,-3.184303,-1.494303,-2.224303,-1.144303,0.91569704,3.285697,1.655697,-0.31430298,1.1956971,0.685697,1.3156971,1.355697,-0.824303,-0.53430295,1.3256971,1.355697
-2.574303,-5.324303,-8.474303,-8.804303,-7.784303,-7.524303,-7.084303,-5.594303,-4.414303,-4.2443027,-4.2443027,0.775697,-1.5643029,-2.354303,-1.634303,-4.904303,4.815697,3.675697,2.455697,3.105697,1.465697,5.165697,-1.204303,-2.394303,0.995697,-2.384303,-4.564303,-3.904303,-3.264303,-0.044302978,-1.614303,-0.15430298,-0.24430297,-1.914303,0.34569702,-1.0643029,-0.44430298,2.675697,0.11569702,0.06569702,-0.634303
-6.904303,-8.514303,-8.014303,-8.534303,-8.094303,-7.424303,-7.654303,-6.674303,-6.124303,-4.324303,-2.844303,-3.654303,-4.214303,-1.914303,-1.414303,-0.564303,-0.39430296,-3.464303,4.185697,2.915697,2.775697,2.655697,1.675697,1.745697,1.635697,-1.624303,0.085697025,-4.284303,-1.964303,-0.874303,-2.784303,-2.514303,0.96569705,3.255697,0.085697025,-0.05430298,0.085697025,-1.514303,-1.374303,-0.08430298,-0.19430298
-6.9943027,-6.884303,-8.914303,-8.444303,-8.524303,-8.204303,-6.374303,-5.674303,-6.134303,-4.484303,-2.924303,-4.664303,-4.424303,-5.084303,1.115697,1.215697,3.405697,0.97569704,-0.29430297,-3.004303,3.1256971,3.805697,4.515697,2.975697,2.525697,2.015697,-1.824303,-2.894303,-1.584303,-1.654303,-1.1743029,-2.414303,-1.614303,-1.984303,1.155697,8.635697,0.71569705,4.285697,3.575697,-0.17430298,-1.324303
-7.374303,-7.714303,-7.924303,-7.964303,-8.124303,-7.594303,-7.4943027,-7.024303,-6.984303,-6.074303,-6.2443027,-3.984303,-2.984303,-3.654303,-4.784303,-3.254303,2.315697,2.325697,4.195697,2.895697,3.435697,3.595697,4.215697,4.845697,5.485697,3.515697,2.1356971,0.42569703,1.4356971,1.5756971,0.835697,0.96569705,0.96569705,0.705697,-0.11430298,-0.14430298,-0.924303,1.295697,0.315697,1.645697,1.845697
-7.024303,-7.394303,-7.664303,-7.724303,-7.9943027,-7.874303,-7.424303,-7.624303,-7.284303,-6.314303,-5.534303,-3.764303,-4.604303,-4.344303,-4.124303,-3.554303,-1.204303,-3.674303,2.105697,5.925697,3.335697,4.135697,6.305697,6.675697,4.735697,3.835697,5.445697,4.535697,3.485697,2.665697,1.665697,-0.464303,1.285697,1.045697,-0.37430298,-0.944303,-0.76430297,0.445697,-1.254303,0.14569703,0.36569703
-6.314303,-7.004303,-7.334303,-7.514303,-7.684303,-7.674303,-6.2443027,-6.084303,-6.134303,-6.834303,-5.934303,-4.314303,-4.224303,-3.304303,-2.944303,-1.864303,-1.3143029,0.72569704,-0.08430298,4.715697,5.545697,5.275697,1.235697,5.365697,7.165697,6.125697,4.425697,5.055697,5.595697,4.725697,5.365697,6.225697,2.715697,3.015697,3.105697,3.645697,-1.444303,0.78569704,2.465697,1.425697,0.07569702
-5.674303,-7.424303,-7.174303,-6.824303,-7.104303,-6.944303,-7.7443027,-7.524303,-6.324303,-6.284303,-5.304303,-4.434303,-5.484303,-5.904303,-2.894303,-3.064303,-0.39430296,0.06569702,1.055697,2.525697,4.845697,5.565697,6.535697,4.105697,1.365697,7.195697,4.565697,4.205697,2.935697,3.535697,4.685697,3.555697,3.065697,2.985697,1.965697,1.255697,1.295697,-1.0543029,1.385697,4.075697,2.925697
-5.214303,-5.544303,-5.144303,-5.824303,-4.644303,-5.154303,-4.814303,-5.604303,-5.004303,-5.544303,-5.534303,-4.424303,-3.504303,-4.704303,-4.894303,-4.024303,-1.514303,-1.374303,-4.184303,0.695697,1.975697,0.555697,4.595697,5.075697,5.625697,5.425697,5.735697,0.78569704,2.895697,3.025697,3.655697,3.465697,3.395697,3.205697,2.995697,2.065697,1.425697,2.505697,2.8856971,1.275697,0.565697
-5.054303,-4.954303,-5.054303,-4.984303,-5.154303,-4.274303,-4.684303,-4.404303,-4.924303,-4.354303,-5.304303,-5.424303,-4.284303,-3.754303,-2.894303,-2.894303,-1.7943029,-2.6243029,1.585697,-3.304303,0.805697,3.275697,-4.324303,3.955697,5.035697,6.215697,6.555697,5.315697,1.915697,3.495697,3.315697,3.765697,2.725697,3.315697,2.605697,2.165697,-0.35430297,0.685697,0.955697,0.285697,0.23569702
-3.684303,-3.954303,-4.224303,-3.724303,-3.804303,-3.004303,-3.474303,-3.844303,-6.604303,-4.314303,-2.184303,-2.534303,-4.564303,-3.6143029,-4.014303,-4.424303,-2.274303,0.20569701,-3.274303,2.145697,-0.65430295,-0.47430298,3.645697,-0.83430296,4.055697,4.035697,3.085697,-1.514303,1.985697,3.595697,3.815697,3.645697,3.325697,3.1356971,3.025697,3.165697,2.535697,1.515697,2.235697,1.085697,0.085697025
-4.014303,-3.474303,-3.674303,-3.604303,-3.814303,-3.834303,-3.464303,-3.1243029,-3.414303,-4.274303,-2.244303,-1.984303,-3.524303,-3.784303,-3.424303,-2.154303,-3.004303,-3.134303,-2.214303,-0.554303,0.0056970213,-0.52430296,0.12569702,-0.024302978,2.985697,1.5756971,5.515697,4.645697,2.215697,2.265697,3.225697,3.525697,3.655697,3.495697,2.865697,3.1256971,2.495697,2.365697,1.8256971,1.8256971,1.535697
-0.994303,-2.784303,-4.554303,-2.964303,-3.1143029,-2.564303,-2.384303,-2.554303,-2.014303,-0.614303,-1.034303,-1.114303,-1.954303,-2.254303,-3.284303,-2.474303,-2.224303,-1.204303,-2.044303,-0.19430298,-1.724303,-2.494303,-1.154303,1.375697,0.575697,3.865697,2.985697,2.765697,2.8856971,2.975697,3.655697,3.835697,3.205697,3.575697,3.245697,3.275697,3.075697,3.155697,2.645697,2.8756971,1.215697
