wind.json
{"header": {"discipline":0,"disciplineName":"Meteorological products","gribEdition":2,"gribLength":1125,"center":7,"centerName":"US National Weather Service - NCEP(WMC)","subcenter":0,"refTime":"2023-06-30T06:00:00.000Z","significanceOfRT":1,"significanceOfRTName":"Start of forecast","productStatus":0,"productStatusName":"Operational products","productType":1,"productTypeName":"Forecast products","productDefinitionTemplate":0,"productDefinitionTemplateName":"Analysis/forecast at horizontal level/layer at a point in time","parameterCategory":2,"parameterCategoryName":"UnknownDiscipline_0_Category_2","parameterNumber":3,"parameterNumberName":"UnknownParameter_D0_C2_3","parameterUnit":"Unknown","genProcessType":2,"genProcessTypeName":"Forecast","forecastTime":300,"surface1Type":103,"surface1TypeName":"Specified height level above ground","surface1Value":10.0,"surface2Type":255,"surface2TypeName":"Missing","surface2Value":0.0,"gridDefinitionTemplate":0,"gridDefinitionTemplateName":"Latitude_Longitude","numberPoints":688,"shape":6,"shapeName":"Earth spherical with radius of 6,371,229.0 m","gridUnits":"degrees","resolution":48,"winds":"true","scanMode":64,"nx":43,"ny":16,"basicAngle":0,"lo1":45.0,"la1":40.0,"lo2":87.0,"la2":55.0,"dx":1.0,"dy":1.0}, "data":
[rows 0 to 15 of 16, columns 0 to 42 of 43]
-1.3742603,1.4257398,3.3157396,4.45574,-2.6742601,-13.22426,-11.154261,-8.984261,-8.37426,-0.37426025,-2.0242603,1.0657398,1.5357398,0.7257397,-0.7742603,-2.3842602,-3.2042603,-2.9442604,-4.3542604,-4.6642604,-4.8742604,-2.8542602,-5.77426,1.8957398,3.0457397,2.7057397,2.1757398,3.6457398,0.70573974,-2.0942602,-1.3942603,-2.6542602,2.7657397,-1.9942603,-3.4542603,-1.4642602,-1.7442603,0.51573974,0.14573975,-2.2442603,-1.7842603,-1.5642602,-3.5842602
1.2357397,-3.0342603,-3.5442603,-1.6542603,-2.2642603,-9.64426,-9.96426,-9.45426,-6.59426,-3.4042602,0.40573975,2.1957397,3.9357398,2.5957398,0.73573977,-0.91426027,-3.5942602,-4.54426,-4.42426,-1.8742603,-4.4942603,-1.4042603,-4.04426,-5.7442603,-5.0342603,-0.56426024,-3.2542603,-1.6642603,-1.1942602,1.1257397,-0.15426025,0.13573974,-2.5942602,-3.3142602,-0.42426026,-0.92426026,0.57573974,3.3457398,1.5857397,-0.034260254,-2.4242601,-5.9342604,-2.3642602
0.79573977,-2.2542603,2.9557397,0.47573975,-10.64426,-8.444261,-9.26426,-9.13426,-7.73426,0.14573975,-3.3442602,3.0457397,4.32574,3.9357398,0.9657397,-0.19426025,-3.8142602,-5.4742603,-5.2042603,-3.8342602,-3.1642601,-1.7342602,-2.1042602,-3.7642603,-3.5042603,1.1357398,-2.8242602,-3.2642603,-5.3342605,-0.76426023,0.24573974,0.18573974,1.3357397,0.38573974,-2.2642603,-4.04426,-3.5442603,0.23573975,-0.40426025,-2.5642602,-1.8042603,-3.9142601,-2.1642601
2.4157398,1.3257397,-2.5942602,-9.88426,-9.59426,-5.71426,-7.1842604,-8.04426,-8.33426,-10.17426,-2.9342604,-2.6942604,5.3957396,2.2357397,2.0757399,-0.24426025,-2.9242601,-5.2242603,-4.7442603,-4.3142605,-3.3742602,-2.7042603,-3.7042603,-2.3542602,-2.8642602,-1.8642602,1.6857398,2.4657397,1.9557397,2.9257398,0.38573974,3.1257398,3.7957397,1.9957397,3.2457397,-1.4942603,-0.31426024,3.3057396,2.1957397,-0.034260254,0.12573975,-2.8342602,-3.1142602
2.6557398,0.38573974,-5.04426,-8.59426,-7.19426,-2.6742601,-4.3742604,-5.2442603,-6.94426,-8.45426,-7.8142605,-6.9742603,5.47574,5.6957397,5.2957397,3.3557398,-2.0942602,-4.8942604,-5.61426,-5.9742603,-5.8542604,-6.40426,-5.11426,-2.8542602,-5.69426,-4.9142604,-1.8342602,-3.1442602,-4.40426,-6.9542603,-4.59426,0.57573974,1.0557398,-1.2742603,-1.7042602,-1.7942603,-0.44426024,-2.9942603,-1.2842603,-1.5842602,1.0757397,4.1257396,3.6057398
3.0557396,-1.3642602,-0.19426025,-3.6142602,3.0457397,-2.1342602,-1.5842602,-0.94426024,-3.2442603,-3.7242603,-4.7642603,-3.0942602,2.3057396,-0.044260252,-1.1542603,0.015739746,-2.0842602,-3.2142603,-4.34426,-4.84426,-5.07426,-3.2342603,-2.4542603,-4.1842604,-6.23426,-4.25426,-4.21426,-3.6342602,-1.1742603,-2.9542603,-6.36426,-8.01426,-4.19426,-0.14426026,2.5357397,1.2557397,-0.50426024,-1.0442603,0.17573975,-1.7142602,0.63573974,-6.8142605,1.6357398
0.46573976,-1.2042602,-1.8442602,-4.2442603,-4.0542603,-5.11426,-4.17426,0.7857397,1.3057398,0.20573975,-3.6842604,1.6457398,3.8857398,2.0057397,-1.5942602,-3.4342604,-4.1242604,-3.8842602,-4.65426,-5.1642604,-5.61426,-4.4342604,-4.5842605,-4.7842603,-4.8542604,-5.5142603,-5.27426,-3.8942602,-2.7242603,-2.8742602,0.44573975,-1.6442603,-0.50426024,-0.99426025,-1.4542602,-3.6242602,1.9157398,0.6657398,3.1357398,1.7657398,-2.9342604,0.64573973,-1.5442603
-3.4442604,-6.0142603,-5.2242603,-6.3742604,-5.8142605,-2.9742603,-0.41426027,1.9457397,3.1457398,2.5257397,5.03574,5.01574,2.3057396,-0.30426025,-1.4042603,-2.8542602,-3.6042602,-5.04426,-5.75426,-5.8542604,-6.86426,-2.4542603,-4.36426,-5.6842604,-6.42426,-7.44426,-6.75426,-4.8342605,-4.3042603,-4.36426,-3.3842602,-0.61426026,-2.9642603,-5.38426,-4.00426,-5.7042603,2.4257398,0.89573973,-3.8042603,-2.7142603,-2.6642601,-3.4042602,-7.29426
-4.5642605,-4.54426,-5.79426,-6.15426,-10.2742605,-5.07426,1.9757397,-5.3942604,-1.7042602,1.6557398,4.01574,1.4557397,-0.51426023,-1.6042602,-1.9542602,-3.1942604,-4.3742604,-3.6342602,-4.2842603,-5.6442604,-6.11426,-3.0042603,-3.7342603,-4.04426,-5.57426,-5.77426,-6.88426,-3.2042603,-3.5642602,-4.4942603,-2.5942602,-4.46426,-4.71426,-4.8542604,-5.8542604,-5.5842605,-2.7242603,-3.7942603,-3.4942603,-0.91426027,0.13573974,2.8557398,-1.8442602
-2.1742601,-1.9942603,-2.0442603,-4.34426,-7.19426,-9.824261,-8.50426,-3.1242602,-1.3342602,-1.3942603,-3.0642602,-2.2342603,-1.1842602,-1.0142603,-2.4942603,-2.7542603,-3.2342603,-4.1642604,-4.6642604,-3.8942602,-4.13426,-4.3542604,-2.9142601,-4.1042604,-4.4342604,-4.7242603,-4.71426,-3.5442603,-2.7942603,-1.6942602,-2.2742603,-2.1142602,-2.9842603,-3.3542602,-4.11426,-3.8142602,-2.3342602,-3.7842603,-3.8242602,-1.6942602,-1.6042602,-2.8742602,-1.9942603
-3.3442602,-4.3542604,-3.8942602,-3.8042603,-5.1042604,-5.02426,-6.6642604,-5.8042603,-5.29426,-3.9642603,-4.1242604,-2.7642603,-1.5242603,-2.0742602,-2.0542603,-2.6542602,-2.3642602,-3.1542602,-3.5842602,-3.7342603,-3.7942603,-3.5842602,-3.6442602,-2.7242603,-3.1642601,-3.1842604,-3.6342602,-3.6642601,-2.3042603,-2.7342603,-2.2742603,-2.5542603,0.12573975,0.7257397,0.25573975,0.79573977,-0.35426027,-0.79426026,0.44573975,-2.3842602,1.2357397,2.4557397,0.9157398
-3.6442602,-2.5042603,-2.8842602,-2.9642603,-4.02426,-4.07426,-3.7942603,-4.5542603,-3.7042603,-0.74426025,0.49573976,-1.5242603,-1.7242602,-0.17426026,-0.5842602,-0.60426027,-1.2642603,-1.4942603,-1.6642603,-1.6542603,-2.3242602,-3.1742601,-3.3042603,-3.2642603,-3.2642603,-2.5342603,-1.0242603,-1.6342603,-1.0142603,-1.7042602,-2.1342602,-2.8142602,-2.6642601,-3.0242603,-1.2142602,0.73573977,1.0757397,-1.0242603,-1.5642602,-1.0442603,-1.1142602,-1.4842602,-1.6742603
-0.23426026,0.75573975,-0.74426025,-2.1142602,-2.9642603,-4.0542603,-3.7442603,-3.3442602,-3.7242603,-3.2742603,-1.9742602,1.0357398,0.36573973,-1.0142603,-0.85426027,1.0757397,-0.54426026,-0.76426023,-2.3342602,-2.4942603,-0.17426026,-0.16426025,-0.86426026,-0.86426026,-1.4842602,-0.8442603,-0.50426024,-0.94426024,-0.8442603,1.1557398,-0.61426026,-2.0542603,-1.9842602,-1.1942602,-1.6742603,-1.3342602,0.50573975,2.2557397,1.0957397,1.8257397,1.1357398,0.23573975,0.015739746
-3.4342604,-2.6342602,-1.5042603,-0.18426025,-1.1942602,-1.1942602,-1.7542603,-1.6942602,-2.7742603,-3.1442602,-4.4542603,-1.4642602,-0.43426025,-0.47426024,-1.0342603,-2.6642601,-1.8342602,-0.014260254,-0.18426025,-0.73426026,-1.2042602,-1.0042603,-0.92426026,-0.5342603,-0.54426026,-1.0342603,-0.25426024,2.4557397,2.7557397,2.6357398,0.7157397,-1.4042603,1.1957397,-0.57426023,-2.4242601,-3.3042603,-2.6042602,-0.57426023,0.50573975,1.7157397,1.6457398,1.5557398,0.11573975
-2.7542603,-0.92426026,-1.5742602,-1.8742603,0.51573974,1.6457398,-0.41426027,-0.66426027,-1.7242602,-2.3242602,-3.7042603,-3.4442604,-0.47426024,-0.94426024,-2.0142603,-2.5142603,-3.6842604,-3.9442604,-5.1042604,-3.9642603,-3.1942604,-2.1242602,-1.9142603,-0.75426024,-0.68426025,-0.5942603,-0.25426024,0.29573974,0.015739746,3.0357397,3.2557397,3.2257397,1.8257397,0.015739746,-1.4242603,-0.09426025,-0.15426025,-1.1742603,-2.0242603,-2.0242603,-1.0342603,-1.6942602,-0.024260255
-2.1242602,-2.0842602,-1.2342602,-2.9542603,-3.7242603,-3.1042602,-1.7542603,-1.1042602,-1.9942603,-2.0342603,-2.7942603,-3.7442603,-1.4642602,-2.1042602,-0.20426026,-1.2342602,-3.7742603,-2.9442604,-3.4942603,-3.5042603,-3.5242603,-3.6642601,-3.6242602,-3.2242603,-2.7242603,-2.0842602,-1.9242603,-0.15426025,3.0157397,2.0357397,-0.76426023,5.0257397,3.4557397,2.2957397,-0.30426025,-0.75426024,-0.5942603,-0.9742603,1.0557398,0.63573974,-0.8942602,-1.3342602,-0.70426023
