wind_kz.json
{"header": {"discipline":0,"disciplineName":"Meteorological products","gribEdition":2,"gribLength":948,"center":7,"centerName":"US National Weather Service - NCEP(WMC)","subcenter":0,"refTime":"2023-09-08T06:00:00.000Z","significanceOfRT":1,"significanceOfRTName":"Start of forecast","productStatus":0,"productStatusName":"Operational products","productType":1,"productTypeName":"Forecast products","productDefinitionTemplate":0,"productDefinitionTemplateName":"Analysis/forecast at horizontal level/layer at a point in time","parameterCategory":0,"parameterCategoryName":"UnknownDiscipline_0_Category_0","parameterNumber":0,"parameterNumberName":"UnknownParameter_D0_C0_0","parameterUnit":"Unknown","genProcessType":2,"genProcessTypeName":"Forecast","forecastTime":240,"surface1Type":1,"surface1TypeName":"Ground or water surface","surface1Value":0.0,"surface2Type":255,"surface2TypeName":"Missing","surface2Value":0.0,"gridDefinitionTemplate":0,"gridDefinitionTemplateName":"Latitude_Longitude","numberPoints":615,"shape":6,"shapeName":"Earth spherical with radius of 6,371,229.0 m","gridUnits":"degrees","resolution":48,"winds":"true","scanMode":64,"nx":41,"ny":15,"basicAngle":0,"lo1":47.0,"la1":41.0,"lo2":87.0,"la2":55.0,"dx":1.0,"dy":1.0}, "data":
[rows 0 to 14 of 15, columns 0 to 40 of 41]
294.77097,286.97098,293.97098,297.07098,296.97098,295.87097,304.17096,309.67096,306.37097,305.77097,305.37097,306.37097,305.77097,305.27097,305.37097,308.17096,309.77097,310.67096,318.37097,316.07098,317.67096,315.17096,312.57098,309.87097,312.77097,314.67096,310.37097,300.67096,300.77097,296.07098,296.17096,288.47098,293.17096,301.87097,309.77097,314.57098,317.37097,318.77097,320.47098,323.37097,320.17096
289.37097,295.67096,296.67096,296.77097,296.57098,294.87097,306.57098,304.77097,304.17096,303.37097,305.07098,304.87097,305.77097,302.97098,304.17096,306.67096,310.77097,312.27097,309.67096,316.27097,319.27097,313.67096,309.07098,301.97098,292.87097,295.07098,304.37097,301.27097,302.77097,292.17096,298.07098,275.57098,298.67096,271.27097,284.67096,301.27097,302.77097,309.77097,316.97098,309.67096,285.07098
296.77097,296.37097,297.27097,296.67096,294.37097,303.87097,302.47098,303.77097,302.57098,300.57098,299.17096,302.47098,303.87097,304.37097,303.37097,305.07098,307.77097,312.87097,304.87097,313.87097,319.97098,315.67096,311.67096,305.17096,312.07098,309.37097,310.07098,309.47098,308.97098,301.97098,293.47098,293.37097,301.87097,299.87097,301.07098,297.47098,292.67096,294.57098,293.47098,291.07098,292.27097
298.37097,295.67096,296.57098,295.57098,295.07098,297.47098,300.77097,300.47098,300.17096,302.67096,302.07098,300.27097,292.87097,292.27097,296.27097,306.17096,306.17096,306.27097,306.67096,310.97098,311.57098,312.97098,311.97098,311.47098,311.17096,309.67096,313.87097,310.27097,309.07098,310.97098,312.47098,310.47098,310.87097,313.17096,312.07098,304.67096,293.57098,287.57098,294.37097,306.17096,308.57098
298.97098,293.67096,294.57098,293.47098,295.97098,298.17096,298.87097,300.17096,298.97098,298.67096,301.27097,301.07098,292.07098,290.87097,289.27097,303.57098,304.87097,306.77097,299.37097,299.67096,299.67096,307.67096,311.87097,310.97098,311.27097,311.27097,307.87097,303.57098,309.57098,308.87097,309.17096,309.67096,297.87097,293.57098,298.27097,306.97098,304.47098,314.67096,309.87097,307.97098,305.57098
300.67096,300.87097,292.67096,292.07098,292.47098,292.07098,304.37097,300.57098,300.07098,297.47098,297.27097,297.77097,292.57098,291.97098,296.27097,301.27097,300.57098,300.57098,299.57098,299.07098,296.17096,305.27097,308.27097,306.47098,308.47098,307.57098,306.87097,290.67096,304.27097,304.87097,306.77097,305.27097,309.47098,308.47098,303.27097,306.07098,298.57098,299.47098,306.77097,305.57098,304.37097
301.97098,302.97098,301.67096,301.57098,298.57098,300.77097,302.47098,300.47098,299.37097,298.17096,294.67096,295.57098,295.07098,296.87097,298.47098,298.87097,301.67096,298.87097,291.47098,294.07098,291.97098,297.17096,304.27097,305.97098,303.37097,304.17096,305.87097,307.57098,308.77097,308.97098,307.37097,307.77097,308.27097,308.97098,305.77097,302.97098,299.57098,297.87097,295.47098,292.37097,302.27097
302.17096,303.37097,302.27097,300.77097,301.37097,298.77097,300.87097,297.77097,297.67096,297.57098,296.57098,296.07098,290.57098,290.57098,295.37097,292.77097,298.77097,297.77097,291.87097,286.57098,292.47098,294.47098,294.97098,302.27097,302.07098,301.07098,300.97098,303.77097,302.67096,305.57098,303.57098,304.67096,304.67096,300.97098,303.17096,306.17096,306.97098,288.97098,303.87097,303.87097,301.97098
301.07098,300.87097,300.77097,302.17096,299.27097,300.37097,298.17096,296.77097,296.37097,296.97098,296.67096,296.47098,292.47098,296.27097,297.27097,298.27097,297.07098,298.27097,288.77097,291.47098,295.37097,298.17096,299.87097,299.97098,299.87097,300.97098,297.87097,301.17096,291.37097,294.37097,300.37097,299.27097,301.17096,302.07098,301.77097,299.37097,301.47098,299.27097,292.37097,290.27097,290.97098
299.87097,298.67096,299.57098,299.77097,298.97098,298.47098,299.07098,296.67096,295.67096,295.57098,294.87097,294.67096,296.07098,294.17096,295.17096,296.17096,296.97098,297.87097,298.67096,295.87097,296.67096,297.67096,297.87097,299.77097,300.77097,296.57098,299.07098,298.87097,289.87097,297.27097,298.97098,300.27097,300.67096,301.47098,301.27097,298.97098,293.67096,292.97098,294.37097,288.87097,285.17096
298.37097,298.17096,298.87097,297.57098,296.67096,296.67096,297.67096,297.17096,295.87097,294.97098,293.87097,293.37097,293.37097,294.17096,294.17096,290.57098,290.77097,295.27097,297.87097,296.57098,297.27097,294.57098,292.87097,295.27097,297.77097,299.17096,289.97098,298.17096,297.37097,300.47098,299.87097,301.17096,301.77097,299.37097,298.07098,298.67096,292.37097,291.87097,297.87097,292.27097,289.17096
297.97098,299.87097,299.67096,299.17096,296.87097,296.67096,294.97098,295.27097,295.27097,295.07098,292.67096,291.77097,292.07098,290.97098,285.37097,292.97098,292.57098,294.17096,295.67096,294.47098,293.67096,293.67096,291.67096,294.57098,290.97098,293.77097,296.47098,298.07098,298.67096,298.17096,297.37097,298.37097,296.87097,296.87097,295.37097,296.37097,295.47098,295.27097,292.27097,293.57098,291.77097
293.37097,296.67096,297.67096,296.37097,296.17096,295.67096,296.87097,295.77097,295.07098,293.57098,289.97098,289.57098,292.07098,290.77097,289.37097,286.77097,289.47098,289.57098,293.47098,292.37097,289.87097,291.47098,287.47098,289.27097,294.37097,295.27097,296.77097,296.77097,296.17096,295.97098,296.97098,296.57098,295.47098,294.87097,296.27097,294.77097,293.97098,292.47098,292.97098,292.27097,290.07098
294.07098,294.97098,291.67096,294.47098,295.07098,295.57098,294.37097,293.27097,294.77097,292.77097,290.97098,289.97098,291.47098,291.37097,286.37097,287.37097,289.37097,286.67096,295.27097,295.17096,295.07098,293.77097,294.07098,293.97098,294.37097,295.67096,295.17096,294.77097,293.97098,294.17096,294.57098,294.67096,294.27097,292.87097,293.87097,294.17096,292.97098,292.37097,293.87097,290.27097,291.67096
290.37097,293.97098,288.27097,295.77097,293.87097,293.97098,294.07098,289.87097,294.57098,294.17096,292.17096,292.07098,290.27097,292.07098,291.87097,290.27097,291.07098,293.57098,289.27097,292.27097,296.87097,296.27097,295.57098,294.27097,293.77097,293.57098,293.97098,293.17096,293.17096,292.77097,291.87097,289.37097,292.67096,292.27097,292.37097,292.57098,293.77097,292.87097,294.07098,293.87097,291.67096
