wind_kz.json
{"header": {"discipline":0,"disciplineName":"Meteorological products","gribEdition":2,"gribLength":1025,"center":7,"centerName":"US National Weather Service - NCEP(WMC)","subcenter":0,"refTime":"2023-09-28T18:00:00.000Z","significanceOfRT":1,"significanceOfRTName":"Start of forecast","productStatus":0,"productStatusName":"Operational products","productType":1,"productTypeName":"Forecast products","productDefinitionTemplate":0,"productDefinitionTemplateName":"Analysis/forecast at horizontal level/layer at a point in time","parameterCategory":2,"parameterCategoryName":"UnknownDiscipline_0_Category_2","parameterNumber":2,"parameterNumberName":"UnknownParameter_D0_C2_2","parameterUnit":"Unknown","genProcessType":2,"genProcessTypeName":"Forecast","forecastTime":120,"surface1Type":103,"surface1TypeName":"Specified height level above ground","surface1Value":10.0,"surface2Type":255,"surface2TypeName":"Missing","surface2Value":0.0,"gridDefinitionTemplate":0,"gridDefinitionTemplateName":"Latitude_Longitude","numberPoints":615,"shape":6,"shapeName":"Earth spherical with radius of 6,371,229.0 m","gridUnits":"degrees","resolution":48,"winds":"true","scanMode":64,"nx":41,"ny":15,"basicAngle":0,"lo1":47.0,"la1":41.0,"lo2":87.0,"la2":55.0,"dx":1.0,"dy":1.0}, "data":
[rows 0 to 14 of 15, columns 0 to 40 of 41]
3.7344995,-0.9455005,1.8044995,6.6644993,2.6044996,3.7144995,-3.6855004,-5.8455005,-6.2855005,-3.2255006,-2.9755006,-3.6955004,-4.0755005,-3.7655005,-3.1155005,-3.4955006,-2.3855004,-4.0555005,-6.0055003,-4.1255007,-4.0855007,-2.4555006,-1.3255005,-1.2655005,0.3944995,-3.4055004,-2.7455006,0.83449954,0.3444995,0.5744995,0.7544995,1.6744995,0.4544995,1.7544996,-0.66550046,-1.5655005,-0.42550048,-1.7055005,-1.7055005,-1.7555004,1.5344995
-0.45550048,0.6944995,6.3144994,4.1344995,2.5744996,-3.4855006,-4.7755003,-5.5555005,-3.3655005,-2.8355005,-4.4655004,-5.2155004,-4.0555005,-3.2655005,-2.2655005,-2.9855006,-3.3955004,-4.1455007,-3.6655004,-3.4255004,-2.8155005,-3.3555005,-1.3855004,-2.6455004,1.4544995,0.9544995,-0.3755005,1.5944995,-0.23550048,-0.3755005,0.7044995,0.20449951,-1.1655005,-1.9355005,0.7544995,0.58449954,0.18449952,0.7244995,-1.0155005,1.4344995,-1.6055005
1.8444995,3.9744995,4.9844995,4.2844996,2.3944995,-1.1255004,-3.6055005,-3.5755005,-3.8255005,-5.7155004,-5.3455005,-5.7755003,-4.3055005,-2.8955004,-3.1855004,-3.3955004,-4.3655005,-3.8755004,-2.5755005,-2.1255004,-1.0155005,-0.6555005,-3.3055005,-3.1455004,1.4244995,0.9944995,-1.6055005,0.9444995,-2.2255006,-0.2555005,-1.4155005,1.5544995,0.9144995,0.7844995,-0.3755005,-2.2055006,-0.045500487,0.29449952,3.2444994,-0.49550048,1.5544995
0.44449952,2.9844995,3.9044995,3.8844995,1.5944995,-1.1455005,-2.4055004,-3.6855004,-3.1555004,-5.6055007,-4.9655004,-3.9455004,-5.1755004,-3.2155006,-2.2055006,-1.8655005,-2.0655005,-3.7755005,-2.8555005,-1.8555005,-0.9555005,-1.4155005,1.8044995,-0.4755005,0.20449951,-1.9155005,-2.9955006,-3.5555005,0.024499511,-1.7455004,-0.6155005,-1.0655005,1.0944995,-0.27550048,-0.5255005,0.5744995,-0.9955005,2.0644996,0.32449952,1.8644996,3.7144995
2.1644995,1.8844995,2.7244995,4.3344994,-2.8855004,1.0544995,-4.4355006,-2.9855006,-3.3555005,-5.1155005,-3.9655006,-2.6555004,-1.8155005,-2.7455006,-1.9055005,-0.60550046,-2.8955004,-2.0655005,0.09449951,1.0444995,1.1444995,-0.15550049,-1.2755005,-1.1455005,-2.0655005,-3.8355005,-2.5355005,-1.5955005,-3.6655004,-3.4455004,-3.3755004,-0.8155005,-1.2355005,1.4644995,1.3044995,-0.60550046,3.7044995,2.2544994,-0.15550049,2.5744996,1.4444995
0.38449952,-0.11550049,-0.5455005,-3.4955006,-0.09550049,-4.9355006,-3.2755005,-3.2055006,-3.4555006,-2.9255004,-1.2355005,0.9244995,2.1144996,2.0744996,-0.05550049,-0.5255005,-3.4655006,-1.3555005,0.06449951,1.2644995,-1.2455004,-3.2655005,-4.2655005,-4.3955007,-4.1555004,-3.8055005,-2.6955004,-4.2155004,-2.9755006,-3.0155005,-1.9055005,-3.3055005,-2.4755006,-0.6955005,0.9144995,-2.2255006,0.7544995,0.32449952,2.5844996,4.9444995,1.1444995
2.1444995,0.124499515,0.7544995,-3.0855005,-3.5555005,-4.2955003,1.0444995,-2.0555005,-2.4055004,-1.0255005,-2.3555005,-2.0555005,-1.1555005,-1.2255005,0.5544995,-2.5555005,-2.6955004,0.6944995,0.5944995,-2.8855004,-3.4155004,-3.3655005,-3.5755005,-3.2155006,-3.8755004,-3.6555004,-3.2055006,-3.4555006,-4.9455004,-5.8855004,-5.6155005,-4.9555006,-1.4555005,-0.9655005,-2.2955005,-0.6755005,-0.8955005,1.9244995,0.10449951,0.7544995,4.1744995
1.5944995,2.6344995,-0.4455005,0.5144995,-3.8455005,-0.5055005,-0.3855005,1.5044996,0.7444995,-1.4755005,-2.1355004,-2.1155005,-2.2655005,-2.0955005,-1.9555005,-3.1055005,-0.8055005,-1.0855005,-0.7055005,-4.1655006,-3.1655004,-4.2655005,-3.5855005,-3.6455004,-2.8255005,-1.4255005,-2.1455004,-3.5955005,-4.7855005,-3.8455005,-3.9755006,-1.4155005,-1.4055005,-0.9855005,-0.49550048,2.4344995,3.3944995,3.8644996,1.7244995,2.3844995,0.8144995
1.0544995,0.52449954,0.08449951,0.08449951,-0.12550049,3.2044995,2.3844995,5.5644994,-0.4755005,-0.3155005,0.03449951,-1.2055005,-1.0155005,-1.0555005,-2.0655005,-2.8655005,-2.2755005,-2.0155005,-1.5355005,-3.8455005,-4.2855005,-3.2755005,-3.2855005,-3.0855005,-2.9855006,-3.5155005,-2.8055005,-3.2955005,-1.5255005,-1.7855005,-1.1455005,-0.05550049,2.7344995,1.3044995,2.6344995,1.5744995,0.3144995,-0.97550046,-1.2855005,1.4844995,-1.7555004
1.4744995,2.0444994,1.6644995,1.9544995,1.8944995,0.7544995,4.9044995,1.5044996,-1.1855005,-0.3855005,0.2744995,0.124499515,-1.1555005,-1.2955005,-1.5055004,-3.0555005,-3.1255004,-1.2355005,-2.6555004,-3.2055006,-3.7755005,-2.8855004,-2.9355004,-3.4255004,-3.9255004,-4.3355007,-3.5955005,-3.4055004,-2.4155004,-1.8655005,0.08449951,0.83449954,0.9544995,0.6744995,1.2744995,1.6244996,-0.5555005,-0.6255005,-0.84550047,-0.4155005,-1.0755005
0.6844995,0.52449954,3.5644996,1.3944995,0.8844995,-3.8755004,1.0444995,0.9244995,-3.5955005,-1.0155005,-0.8055005,0.05449951,-1.1855005,-0.5255005,-1.1055005,-2.1155005,-2.1055005,-1.2355005,-1.9155005,-2.5555005,-2.7155006,-2.4755006,-2.7855005,-3.1755004,-2.5755005,-2.8355005,-1.7655005,-1.9955004,-1.3355005,-0.5755005,-0.97550046,-0.8355005,-0.85550046,-0.39550048,0.4244995,-0.12550049,-0.9955005,-0.6355005,-0.7355005,0.3744995,-1.2155005
0.7044995,0.3444995,0.7344995,0.1344995,-1.2655005,-0.23550048,-1.1355004,0.5644995,-0.10550049,-0.72550046,-0.72550046,1.1744995,-0.10550049,0.29449952,0.7944995,0.4044995,0.5344995,1.2744995,-0.3155005,-1.0855005,-1.9355005,-1.6355004,-1.9055005,-1.7355005,-1.4155005,-0.7355005,-1.2155005,-0.3855005,-0.3755005,-1.1055005,-0.9055005,-1.2655005,-0.8855005,-1.5955005,-0.85550046,-1.3555005,-2.2055006,-1.5355005,-0.66550046,-0.13550049,-0.36550048
0.25449952,0.6144995,0.64449954,-0.78550047,-0.015500489,-0.03550049,0.15449952,-0.23550048,0.6744995,-0.7955005,0.10449951,0.4844995,0.8544995,2.0344994,2.0244994,1.9044995,1.4544995,1.3344995,1.1844995,0.7044995,-0.46550047,0.3044995,0.4944995,0.6144995,2.2844994,0.7844995,1.0044996,1.0044996,1.2744995,0.9744995,1.5144995,0.8544995,-0.13550049,-0.97550046,-0.59550047,-1.0555005,-1.2755005,-1.1355004,-1.8455005,-1.4855005,-0.78550047
1.4644995,0.9944995,1.3744996,-0.7755005,0.9444995,0.124499515,-0.46550047,-1.2955005,0.7344995,1.2444996,-0.7555005,0.3444995,1.6044995,2.2644994,2.5344994,2.1344995,1.6344995,1.5544995,0.71449953,1.6444995,1.5944995,1.6044995,2.1344995,2.0944996,2.1544995,1.8744996,1.4044995,2.3444996,2.2144995,2.7444994,2.6844995,2.3944995,2.0144994,1.7144995,1.4644995,0.9444995,0.44449952,-0.18550049,-0.6455005,-0.3855005,-0.3855005
0.96449953,2.2144995,2.0844996,1.7944995,1.6344995,1.0344995,1.3744996,1.5144995,2.0144994,1.2544996,0.29449952,1.5244995,2.5344994,2.7444994,2.9244995,2.5844996,2.2844994,2.2644994,1.6544995,2.4544995,2.2444994,2.3644996,1.9944996,2.2144995,2.2344995,2.2344995,2.5444994,2.5644996,2.6844995,2.9444995,3.3444996,3.7944994,2.6144996,2.6744995,2.5944996,3.0144994,1.3144995,2.1044996,1.7944995,1.4944996,-0.7755005
