wind_kz.json
{"header": {"discipline":0,"disciplineName":"Meteorological products","gribEdition":2,"gribLength":1025,"center":7,"centerName":"US National Weather Service - NCEP(WMC)","subcenter":0,"refTime":"2023-08-25T12:00:00.000Z","significanceOfRT":1,"significanceOfRTName":"Start of forecast","productStatus":0,"productStatusName":"Operational products","productType":1,"productTypeName":"Forecast products","productDefinitionTemplate":0,"productDefinitionTemplateName":"Analysis/forecast at horizontal level/layer at a point in time","parameterCategory":2,"parameterCategoryName":"UnknownDiscipline_0_Category_2","parameterNumber":2,"parameterNumberName":"UnknownParameter_D0_C2_2","parameterUnit":"Unknown","genProcessType":2,"genProcessTypeName":"Forecast","forecastTime":120,"surface1Type":103,"surface1TypeName":"Specified height level above ground","surface1Value":10.0,"surface2Type":255,"surface2TypeName":"Missing","surface2Value":0.0,"gridDefinitionTemplate":0,"gridDefinitionTemplateName":"Latitude_Longitude","numberPoints":615,"shape":6,"shapeName":"Earth spherical with radius of 6,371,229.0 m","gridUnits":"degrees","resolution":48,"winds":"true","scanMode":64,"nx":41,"ny":15,"basicAngle":0,"lo1":47.0,"la1":41.0,"lo2":87.0,"la2":55.0,"dx":1.0,"dy":1.0}, "data":
[rows 0 to 14 of 15, columns 0 to 40 of 41]
-0.2756665,0.6543335,-0.1556665,-2.0756664,-2.3456664,0.2243335,2.5443335,-2.5956664,-3.0456665,0.8743335,0.4743335,0.2843335,1.2943335,3.3243334,3.5943334,2.4843335,-0.1156665,0.004333496,-0.1356665,1.2543335,2.4243336,1.4943335,4.3943334,2.5543334,2.4943335,3.8443334,2.9043336,3.5343335,-0.08566651,0.3643335,-0.9856665,1.2843335,-1.0556664,-2.4156666,-0.5756665,2.5843334,-0.5456665,0.9243335,2.0243335,3.7643335,2.6743336
0.16433349,-0.5556665,-4.4856663,-3.1256666,-2.7156665,-1.0656666,0.5443335,-0.3656665,-0.045666505,-1.4256665,-1.0456665,-1.7056665,-0.6356665,0.0643335,-0.08566651,2.6943336,1.8643335,1.2643335,3.0743334,2.9943335,4.0143337,1.3843335,4.0843334,3.5643334,3.2543335,0.5143335,0.53433347,2.4443336,1.5443335,1.0643334,0.024333496,-1.1156665,3.2943335,-1.4856665,0.2043335,-0.1356665,1.2643335,5.0843334,4.3143334,0.8243335,-1.6356665
-1.5456665,-2.4756665,1.2843335,2.7243335,-2.1156664,-1.8456665,-1.9756665,0.1443335,-1.2256665,-0.6856665,-0.8356665,-3.4756665,-2.6856666,0.6643335,1.5943335,1.0243335,3.4543335,4.7043333,5.8943334,3.8543334,3.8543334,2.8443334,4.4143333,5.7443333,4.6543336,-0.4256665,-0.6756665,0.2943335,2.9243336,-0.2556665,0.1443335,-2.7356665,0.6343335,-1.3656665,-1.4956665,1.0143335,1.3043334,1.7543335,1.9043335,3.1343336,-1.6256665
-1.8256665,-1.0656666,-1.4756665,-1.8156666,6.1743336,-2.4456666,-0.1956665,-1.5956665,-0.7056665,-0.025666503,0.53433347,0.034333497,-0.1256665,0.9143335,1.6043335,1.5943335,2.2743335,2.1043334,3.9843335,4.4943333,3.6643336,5.4743333,1.0743335,5.2843337,6.5543337,5.3043337,3.5743334,3.6843336,-1.7556665,-1.0256665,-1.3156666,2.3343334,1.7143335,1.0043335,1.6543335,-0.8556665,-0.1856665,-0.22566651,-2.3456664,-2.6856666,-1.1656665
-5.3556666,-3.8956666,-3.2756665,-2.0656664,-0.2856665,0.7543335,2.9943335,2.0543334,1.7543335,0.4943335,0.6843335,1.7543335,1.4743335,2.0443335,3.5443335,4.4643335,2.4143336,0.7543335,2.9443336,1.9443336,2.8843336,6.6943336,5.5743337,6.1043334,6.1043334,5.1543336,6.0043335,5.0143337,3.0743334,2.9243336,0.1443335,-2.0956664,-0.9756665,-0.6356665,-2.1256666,-1.3056664,-0.8156665,-4.8956666,-3.5056665,-1.9256665,-0.2656665
-2.3256664,0.21433349,-0.32566652,2.3543334,2.6443336,4.8243337,5.8643336,4.4343333,3.7843335,4.7843337,3.8543334,3.5043335,3.6643336,3.7143335,2.5043335,4.1443334,3.7343335,4.1243334,3.2643335,1.9043335,4.9643335,5.3243337,6.7843337,7.7043333,6.9743333,6.6543336,5.9543333,0.42433348,5.5543337,1.0043335,1.2043335,-1.0956665,-1.6056665,-1.1756665,-2.5656664,-3.2256665,-0.3056665,-2.7356665,-2.6956666,-1.5056665,-0.7356665
0.084333494,1.6343335,2.3943336,3.3143334,4.3743334,3.9843335,4.5443335,5.1943336,5.6043334,6.0143337,6.0943336,6.6843333,6.3243337,5.1143336,4.2143335,2.9943335,4.0043335,4.4643335,4.1143336,5.4343333,5.6043334,3.1543336,5.5143337,4.8343334,8.0043335,7.7843337,6.6743336,7.1343336,-0.5656665,-3.2356665,0.3343335,0.7043335,-0.1556665,-4.5556664,0.2943335,-4.2656665,-1.8556665,0.2843335,-0.7056665,0.39433348,-2.6456666
3.0143335,3.5743334,4.2843337,4.4343333,4.6043334,4.8643336,5.3743334,5.7843337,5.6943336,4.7943335,4.7543335,4.9443336,5.6643333,6.2743335,6.2443333,4.7043333,4.9343333,4.5543337,4.5143337,5.2043333,5.6243334,6.8443336,3.3743334,4.0943336,2.2343335,6.8643336,6.4543333,6.7743335,0.21433349,3.2643335,1.1443335,0.24433349,1.7443335,2.1343336,-1.3256665,-4.9356666,-3.0856664,-1.1656665,-4.9556665,-5.4356666,-2.3856666
3.4143336,3.6743336,4.6943336,4.5943336,5.6443334,5.6443334,4.5643334,4.8843336,5.8043337,6.6543336,6.8743334,4.4143333,6.9243336,7.5643334,7.4343333,7.9843335,6.6243334,5.5043335,6.1043334,5.9943333,5.5443335,6.2743335,6.5543337,3.0043335,4.0243335,5.5543337,2.1343336,6.3543334,2.8843336,3.1943336,2.6443336,1.6043335,3.5343335,2.7643335,-4.5556664,-1.4056665,-1.2756665,0.7543335,0.7743335,0.2643335,0.7943335
1.2943335,1.7543335,1.9843335,3.7043335,3.6043334,3.5643334,5.1243334,6.5143337,5.3643336,5.6943336,6.0443335,7.8243337,7.2643337,7.3843336,6.8443336,7.6443334,8.124333,7.1743336,6.9243336,6.4843335,6.8843336,6.8543334,5.2643337,6.2243333,1.6943336,4.5043335,6.2543335,4.4643335,4.3743334,2.8843336,2.2543335,0.9643335,2.8243334,-1.2756665,-2.4256666,0.2243335,-2.7556665,-0.3456665,0.6243335,0.7543335,1.4543335
1.6643335,1.8143334,2.0543334,3.1543336,2.5943334,3.9143336,4.1943336,5.0543337,6.1343336,5.5443335,5.4943333,8.154333,6.7343335,8.574333,8.604334,7.4343333,7.2343335,7.0943336,7.0743337,5.7343335,6.3243337,8.114333,6.5743337,6.7543335,5.9743333,2.3443334,5.2443333,8.7543335,7.7043333,3.9543335,3.4943335,0.21433349,-2.1056664,-0.3356665,0.8343335,-3.0256665,-0.4256665,1.1243335,0.1943335,-0.7556665,0.78433347
2.2943335,0.42433348,0.9043335,1.5043335,2.0443335,2.2743335,3.1843336,3.9843335,5.2643337,6.0643334,6.1543336,7.4243336,7.6143336,7.9343333,7.9843335,6.6943336,7.5143337,7.6243334,5.9743333,7.1743336,7.8543334,4.7543335,7.7843337,6.1643333,6.7043333,1.1843334,1.8843335,6.4643335,6.8043337,5.0443335,3.8343334,-0.055666503,-1.9856665,-2.1156664,-1.8856665,-1.3756665,-3.4456666,-3.5556664,-1.8756665,-1.7056665,-0.4256665
1.4743335,1.7343335,0.6843335,1.3043334,-1.0956665,2.7143335,3.2543335,4.4843335,5.0743337,3.6643336,3.1743336,5.8543334,6.9943333,7.7043333,7.8043337,5.8043337,6.6343336,5.5943336,4.0343337,4.2743335,5.7643337,5.8043337,5.3143334,5.3743334,6.0643334,0.6543335,0.2043335,1.5443335,5.1343336,3.6943336,3.9743335,5.8843336,-3.4656665,-2.4056666,-2.9356666,-3.9656665,-3.2456665,-2.5056665,-2.6756666,-1.6456665,-0.8956665
1.9443336,1.4843335,1.2443335,1.7043335,0.4643335,2.1843336,2.2643335,4.0943336,3.5843334,3.3543334,2.7243335,4.4243336,5.3043337,5.8143334,6.3243337,6.2943335,5.8143334,6.4943333,5.7643337,2.3443334,3.8543334,2.3343334,3.3443334,4.6143336,4.2043333,-1.7656665,-0.9156665,-2.1056664,-2.4856665,2.0043335,2.3043334,5.0743337,-3.7156665,-2.4856665,-3.0156665,-3.5956664,-2.5156665,-2.8656664,-1.8256665,-2.5256665,-0.3356665
1.0143335,1.1443335,0.5143335,0.7743335,-1.1056665,0.6743335,1.7143335,3.1043334,2.4243336,3.8743334,2.9743335,4.5443335,4.2343335,3.2443335,4.7943335,3.7043335,4.4643335,2.7943335,5.6043334,-0.6056665,1.8843335,2.6143334,0.13433349,3.4243336,-0.4456665,-2.2256665,-3.1256666,-3.1956666,-1.9256665,1.0143335,2.0743334,4.3843336,-1.6956666,-4.2856665,-3.3556664,-4.2856665,-2.5656664,-2.1756666,-3.4756665,-2.4756665,-1.4056665
