wind_kz.json
{"header": {"discipline":0,"disciplineName":"Meteorological products","gribEdition":2,"gribLength":1025,"center":7,"centerName":"US National Weather Service - NCEP(WMC)","subcenter":0,"refTime":"2023-08-24T06:00:00.000Z","significanceOfRT":1,"significanceOfRTName":"Start of forecast","productStatus":0,"productStatusName":"Operational products","productType":1,"productTypeName":"Forecast products","productDefinitionTemplate":0,"productDefinitionTemplateName":"Analysis/forecast at horizontal level/layer at a point in time","parameterCategory":2,"parameterCategoryName":"UnknownDiscipline_0_Category_2","parameterNumber":3,"parameterNumberName":"UnknownParameter_D0_C2_3","parameterUnit":"Unknown","genProcessType":2,"genProcessTypeName":"Forecast","forecastTime":240,"surface1Type":103,"surface1TypeName":"Specified height level above ground","surface1Value":10.0,"surface2Type":255,"surface2TypeName":"Missing","surface2Value":0.0,"gridDefinitionTemplate":0,"gridDefinitionTemplateName":"Latitude_Longitude","numberPoints":615,"shape":6,"shapeName":"Earth spherical with radius of 6,371,229.0 m","gridUnits":"degrees","resolution":48,"winds":"true","scanMode":64,"nx":41,"ny":15,"basicAngle":0,"lo1":47.0,"la1":41.0,"lo2":87.0,"la2":55.0,"dx":1.0,"dy":1.0}, "data":
[rows 0 to 14 of 15, columns 0 to 40 of 41]
1.0446631,1.824663,-0.2853369,7.824663,4.424663,2.0446632,4.404663,5.534663,4.734663,3.924663,3.0346632,1.7646631,0.11466309,-1.0853369,-3.025337,-3.735337,-3.4353368,-4.075337,-5.5653367,-4.375337,-3.2153368,-2.095337,2.754663,1.2746631,2.014663,0.80466306,0.9546631,-1.3353369,-1.7153369,1.194663,1.5946631,0.8746631,0.8946631,-4.725337,-2.575337,-3.1853368,1.8446631,1.3046631,0.8946631,-0.9653369,-0.8953369
2.8646631,0.9546631,5.234663,6.2446632,5.064663,3.894663,6.134663,6.4946632,6.214663,5.124663,3.644663,2.494663,1.3046631,-0.2553369,-2.285337,-2.1953368,-1.805337,-4.425337,-5.3153367,-5.715337,-7.105337,-1.7253369,1.7446631,-0.9353369,2.204663,3.014663,3.434663,0.11466309,-0.055336915,0.4646631,-1.4753369,2.5346632,1.5246631,1.6446631,-2.495337,-4.885337,0.25466308,2.0446632,2.184663,2.024663,-0.055336915
1.1146631,4.364663,4.264663,4.374663,4.854663,4.694663,6.854663,6.714663,7.234663,6.784663,6.374663,4.354663,2.154663,1.084663,-0.9853369,-2.1353369,-3.025337,-4.895337,-6.415337,-6.455337,-1.185337,-4.195337,-4.2953367,-2.105337,-2.1753368,-1.6253369,-1.925337,-0.2553369,-0.45533693,-3.115337,-1.3253369,0.10466309,-2.2153368,2.204663,-0.035336915,1.3646631,1.0546631,-4.3353367,-1.5153369,3.6046631,2.244663
3.154663,3.494663,2.994663,3.434663,4.334663,3.684663,6.4146633,9.594663,8.704663,7.864663,6.544663,5.334663,1.6246631,1.454663,0.93466306,-1.045337,-2.6553369,-3.8853369,-4.955337,-4.965337,-5.235337,-4.2753367,0.6646631,-1.555337,-2.865337,-2.755337,-3.245337,-2.795337,-3.865337,-5.435337,-0.3453369,2.3146632,1.694663,0.5946631,1.8446631,2.8346632,3.624663,2.3546631,-1.8553369,-1.6053369,-1.8653369
2.754663,2.3646631,1.5146631,1.214663,0.10466309,0.7546631,4.124663,8.544663,9.344663,8.734663,8.234663,6.6846633,4.924663,3.204663,1.7646631,0.32466307,-0.9953369,-2.485337,-2.245337,-1.9953369,-0.9753369,0.23466308,-0.5553369,-1.0753369,-0.9853369,-1.0253369,-2.625337,-3.515337,-4.3153367,-5.125337,-5.355337,-3.585337,-1.685337,-0.3853369,0.8946631,1.4746631,2.684663,-1.7453369,-1.0053369,0.06466308,-0.7153369
2.204663,2.5546632,1.814663,0.8946631,0.74466306,0.5046631,-0.10533691,5.2446632,8.804663,7.544663,6.694663,6.384663,4.264663,3.424663,2.444663,1.9246631,0.7746631,-0.12533692,-1.035337,0.25466308,0.29466307,0.4346631,0.8746631,0.24466309,-0.46533692,-0.8553369,-0.9253369,-4.445337,-3.055337,-4.475337,-5.875337,-3.825337,-2.4153368,-3.045337,-1.9453369,4.4546633,-3.295337,4.294663,1.704663,1.0046631,-1.425337
-0.3253369,0.29466307,0.7646631,0.21466309,1.2946631,-0.6153369,1.944663,0.124663085,6.374663,7.334663,6.514663,6.834663,6.794663,5.404663,3.5846632,2.774663,1.6746631,2.0446632,1.7246631,0.5946631,0.38466308,1.9046631,1.564663,0.8246631,1.2546631,0.35466307,-0.6153369,-1.815337,-4.075337,-4.365337,-4.765337,-4.845337,-2.9053369,-2.1753368,0.61466306,1.584663,3.124663,-1.0953369,0.084663086,1.9046631,-5.0053368
-2.585337,-1.545337,-2.275337,-2.845337,0.7946631,-0.3453369,1.584663,0.99466306,5.284663,6.714663,7.144663,7.544663,6.274663,4.7246633,3.664663,3.154663,2.274663,2.124663,3.694663,2.8346632,2.5546632,2.1146631,0.9046631,1.4146631,1.6546631,0.4646631,0.55466306,-1.1553369,-2.055337,-3.595337,-3.1953368,-2.6953368,-2.875337,-3.9153368,-2.1753368,-0.9353369,-2.565337,-2.105337,0.2646631,-1.2253369,0.4346631
-5.185337,-4.5653367,-2.815337,-2.6953368,-0.18533692,0.67466307,2.714663,1.1646631,3.884663,5.6846633,6.004663,6.1646633,6.054663,5.4346633,4.7446632,4.134663,3.174663,3.474663,3.6046631,3.5746632,3.014663,3.8346632,3.404663,2.454663,2.694663,2.3246632,0.7146631,-0.39533693,-1.815337,-1.4453369,-1.5153369,-2.8853369,-2.4053369,-2.845337,-3.615337,-4.095337,-0.11533692,-3.725337,-0.88533694,-0.7953369,1.3946631
-5.125337,-4.975337,-5.0453367,-4.285337,-2.4053369,1.0146631,2.5446632,3.0546632,4.384663,5.214663,5.624663,5.4746633,5.154663,5.314663,4.984663,4.584663,4.354663,3.3646631,4.064663,3.894663,2.994663,2.5746632,2.954663,3.3246632,2.2946632,1.3846631,1.5446631,1.3446631,0.5146631,0.4846631,0.37466308,0.5646631,-0.5253369,-2.1653368,-2.555337,-2.775337,-1.8653369,1.5546631,-0.81533694,-2.365337,-0.50533694
-5.265337,-5.105337,-4.605337,-4.415337,-3.585337,-3.1453369,0.4946631,3.154663,4.064663,5.2246633,5.564663,5.9146633,5.804663,5.2446632,5.054663,4.784663,5.234663,4.4346633,5.014663,5.594663,5.124663,4.144663,4.094663,3.944663,2.494663,1.834663,1.6046631,1.6446631,2.0546632,1.0446631,3.3246632,3.0946631,1.4246631,-0.56533694,-1.1353369,-1.535337,-1.285337,-1.3953369,-0.7353369,-0.3453369,0.07466309
-4.495337,-4.195337,-3.525337,-2.9353368,-3.1653368,-2.4053369,-1.555337,-0.9853369,2.674663,2.924663,5.314663,5.544663,5.624663,5.424663,5.234663,5.114663,5.094663,4.884663,5.6646633,5.9946632,5.774663,5.814663,5.534663,5.074663,3.764663,2.5946631,2.494663,2.134663,3.174663,5.264663,4.9946632,4.404663,2.654663,1.214663,1.2846631,0.13466309,-1.4853369,-1.5753369,-2.305337,-2.2053368,-1.685337
-4.5453367,-5.455337,-3.9553368,-2.1453369,-1.7753369,-0.9353369,-0.81533694,-0.19533691,0.9446631,2.994663,2.5346632,3.0646632,5.464663,4.9546633,5.644663,5.444663,5.234663,4.814663,6.004663,5.374663,5.764663,5.824663,6.174663,6.694663,5.864663,4.284663,3.894663,4.054663,4.9346633,5.9546633,6.064663,5.504663,3.884663,2.184663,2.014663,1.214663,-0.22533691,0.034663085,1.184663,0.86466306,0.8446631
-4.7553368,-4.035337,-4.855337,-2.025337,-1.8253369,-0.43533692,-0.63533694,0.18466309,2.2946632,2.454663,2.8546631,2.024663,3.424663,5.234663,4.904663,4.874663,5.444663,5.544663,5.324663,5.844663,5.524663,5.304663,5.534663,5.654663,5.364663,5.424663,5.1846633,5.874663,5.764663,6.144663,5.764663,5.504663,5.074663,4.074663,2.694663,2.1046631,1.684663,0.6446631,-0.15533692,1.314663,2.174663
-4.5253367,-6.165337,-6.695337,-4.7753367,0.14466308,2.014663,0.68466306,0.35466307,1.7446631,2.514663,3.2946632,4.2246633,2.8146632,2.514663,5.094663,5.374663,5.134663,4.604663,6.024663,6.294663,5.554663,5.104663,4.9346633,5.654663,5.7446632,6.064663,6.1646633,6.554663,6.374663,6.734663,5.354663,5.624663,5.844663,5.874663,4.874663,3.984663,3.2846632,2.484663,1.1146631,0.68466306,1.6446631
