wind_kz.json
{"header": {"discipline":0,"disciplineName":"Meteorological products","gribEdition":2,"gribLength":1025,"center":7,"centerName":"US National Weather Service - NCEP(WMC)","subcenter":0,"refTime":"2024-04-07T06:00:00.000Z","significanceOfRT":1,"significanceOfRTName":"Start of forecast","productStatus":0,"productStatusName":"Operational products","productType":1,"productTypeName":"Forecast products","productDefinitionTemplate":0,"productDefinitionTemplateName":"Analysis/forecast at horizontal level/layer at a point in time","parameterCategory":2,"parameterCategoryName":"UnknownDiscipline_0_Category_2","parameterNumber":2,"parameterNumberName":"UnknownParameter_D0_C2_2","parameterUnit":"Unknown","genProcessType":2,"genProcessTypeName":"Forecast","forecastTime":180,"surface1Type":103,"surface1TypeName":"Specified height level above ground","surface1Value":10.0,"surface2Type":255,"surface2TypeName":"Missing","surface2Value":0.0,"gridDefinitionTemplate":0,"gridDefinitionTemplateName":"Latitude_Longitude","numberPoints":615,"shape":6,"shapeName":"Earth spherical with radius of 6,371,229.0 m","gridUnits":"degrees","resolution":48,"winds":"true","scanMode":64,"nx":41,"ny":15,"basicAngle":0,"lo1":47.0,"la1":41.0,"lo2":87.0,"la2":55.0,"dx":1.0,"dy":1.0}, "data":
[rows 0 to 14 of 15, columns 0 to 40 of 41]
3.346382,1.4763818,1.7063818,5.5763817,4.716382,2.7863817,3.1863818,4.816382,-3.643618,-1.5536182,-1.9736181,-0.7436182,0.9263818,1.1063819,-3.5736182,-1.9636182,1.0863818,1.4263818,1.5363818,3.066382,2.1563818,3.8863819,4.086382,1.8463818,-0.20361817,0.6163818,0.16638184,2.316382,-2.193618,-0.71361816,-2.5636182,-0.10361817,0.15638183,0.07638183,-2.2236183,-3.8136182,-2.7736182,-1.4736181,-3.8436182,-1.1636182,-0.29361817
-1.5436182,2.9063818,7.276382,3.866382,1.1363819,1.5863818,3.4863818,1.0763818,-1.3036182,-1.0436182,-1.0236182,1.3463818,-3.393618,-2.883618,-2.7736182,1.1663818,-0.28361815,1.9263818,4.206382,3.4263818,3.2463818,5.566382,3.9963818,0.5663818,-0.83361816,0.30638182,0.19638184,0.57638186,-4.1736183,-1.6236181,-0.35361817,-1.2036182,2.4163818,-2.5736182,-0.89361817,0.15638183,-1.4736181,1.2263818,0.76638186,-0.23361817,-4.873618
2.316382,4.2863817,6.296382,5.3463817,4.706382,3.086382,3.586382,6.216382,1.3663819,1.6563818,-3.3536181,-4.453618,-3.5036182,-2.643618,-1.0536182,-1.6136181,-2.163618,1.4363818,1.5263819,4.2463818,7.4963818,1.7663819,-3.0536182,-2.3436182,-0.65361816,-1.9136182,-2.2536182,1.3363818,0.6163818,-0.39361817,-1.0736182,0.35638183,0.76638186,1.0163819,-1.5536182,-2.1136181,0.17638184,0.10638183,1.3163818,-0.71361816,1.5363818
4.3263817,7.676382,10.956382,10.746382,4.3263817,3.4363818,5.166382,4.6563816,1.9863819,3.856382,-2.5736182,-3.8536181,-3.5936182,-2.653618,0.08638184,0.23638183,1.5463818,4.8663816,0.5663818,-4.1536183,-1.8536181,-1.9236182,-1.9636182,-1.6436181,-1.2436181,-1.1336181,0.036381837,-2.7936182,-1.7836182,-0.39361817,-0.043618165,-0.21361816,3.316382,4.736382,1.6063819,-0.5036182,-0.8036182,1.1063819,0.6863818,0.006381836,0.97638184
4.356382,5.7463818,3.556382,5.2663817,4.176382,4.4063816,1.9763818,3.086382,3.1663818,2.4163818,-4.053618,-1.1936182,-0.8136182,0.44638184,1.4363818,1.3163818,-1.6036181,-1.8336182,-1.6736182,-2.4936182,-0.89361817,-1.3436182,-0.8836182,-0.7636182,-1.4436182,-4.4236183,-3.6236181,0.32638183,-0.9436182,-0.29361817,-0.53361815,-1.0236182,-1.3036182,1.0263819,0.6263818,1.5363818,-0.5536182,-1.5336182,-1.4136182,-0.35361817,-0.19361816
3.9463818,4.186382,6.3063817,4.736382,3.6963818,3.4463818,3.7063818,3.0163817,-0.023618164,-2.4836183,-1.0836182,-1.0236182,2.1763818,2.6363819,2.5263817,1.7663819,-1.0336182,-3.0636182,-1.8736181,1.4863819,-1.2236181,-1.0636182,-2.5836182,-3.2536182,-3.2436182,-3.7536182,-2.453618,-1.7336181,-1.3836181,-0.85361814,-0.42361817,-1.2636181,-1.2136182,-2.1236181,-0.033618163,-0.84361815,0.026381835,-0.24361816,0.6863818,-2.133618,-2.7136183
4.6163816,3.9063818,4.686382,2.4063818,3.9163818,3.6663818,3.7463818,2.546382,1.6763818,1.9063818,2.2763817,1.4863819,-0.31361815,1.7963818,2.7563818,2.806382,1.4863819,0.53638184,-2.8136182,-2.943618,-2.1136181,-0.8736182,-1.9036182,-3.3636181,-1.4236182,-1.7836182,-0.8736182,-0.83361816,-0.66361815,-1.3936181,-1.8836181,-1.0536182,-1.7236181,-0.72361815,0.19638184,-1.1036181,-0.54361814,1.4163818,-1.8436182,1.5363818,1.9263818
4.836382,5.7663817,3.556382,1.3763819,4.8263817,5.836382,4.2663817,1.5163819,0.21638183,0.8763818,0.63638186,1.4363818,2.6263819,2.1863818,2.6663818,0.30638182,-1.5836182,-1.0736182,-2.2236183,-1.0136181,-0.72361815,-1.7536181,-3.0536182,-3.3236182,-2.3236182,-1.3636181,-1.3836181,-0.5636182,0.5063818,0.25638184,-0.97361815,-3.193618,-4.4436183,-1.5736182,-2.8736181,-0.13361816,1.6263819,2.5163817,2.576382,1.6463819,-1.2636181
2.4463818,2.7363818,1.4063818,1.5963818,7.916382,1.3763819,3.616382,2.606382,2.4263818,0.5663818,0.6763818,1.1363819,3.9063818,2.9863818,-2.5736182,-3.9736183,-3.183618,-2.8236182,-3.0036182,-1.6936182,0.016381836,0.54638183,-1.3936181,-2.8436182,-2.393618,-1.3336182,-0.9436182,-1.3636181,-0.42361817,-0.5636182,-2.5336182,-3.1136181,-1.4936181,-2.153618,-0.5736182,-0.013618164,0.44638184,-2.7736182,-0.06361816,0.72638184,-2.0636182
1.9163818,1.5763818,0.22638184,0.43638185,0.97638184,0.91638184,0.046381835,2.1463819,1.7163818,0.14638184,1.9063818,3.806382,2.296382,0.19638184,-3.7736182,-3.163618,-3.2736182,-3.173618,-3.653618,-2.383618,-2.8536181,-2.3136182,-2.643618,-1.2736182,-1.5536182,-1.1736182,-0.89361817,-0.40361816,-2.153618,-2.5536182,-2.8736181,-2.2336183,-2.703618,-1.4336182,-1.1436181,-0.67361814,-1.5036181,0.78638184,-2.0536182,0.7363818,-0.65361816
-0.6336182,-0.6236182,-0.7536182,0.42638183,0.5663818,1.5063819,-0.46361816,0.10638183,2.2363818,0.59638184,1.8563819,0.72638184,1.0663818,-1.5636182,-1.7536181,-3.6236181,-3.6136181,-3.3736181,-3.7936182,-1.5636182,-2.163618,-2.3136182,-2.5136182,-2.0736182,-0.14361817,-1.1636182,-0.14361817,-1.6936182,-0.17361817,-2.6136181,-3.1136181,-3.2436182,-2.3536181,-1.7836182,-0.48361817,-1.4436182,-1.4236182,0.8763818,0.47638184,1.4063818,-1.2236181
-0.8136182,-2.0036182,-0.24361816,1.7463819,0.72638184,1.1263819,0.24638183,-0.21361816,-2.0036182,-2.8036182,-2.203618,-2.3636181,-3.1136181,-3.5236182,-3.703618,0.54638183,-2.7636182,-4.083618,-3.163618,0.11638184,-2.153618,-1.5136181,-1.6536182,-1.2136182,-0.98361814,-0.64361817,-0.5536182,0.53638184,-2.2436182,-4.1536183,-3.4936182,-2.8136182,-2.2636182,-2.683618,-1.7236181,-1.4836181,-0.91361815,-0.5036182,1.4863819,0.24638183,0.20638184
0.026381835,1.1363819,0.47638184,1.8063818,1.2063818,2.2263818,-0.39361817,-2.7636182,-2.7536182,-2.2136183,-1.2036182,-1.7636181,-1.2636181,-3.7736182,-3.3136182,-2.2436182,-3.163618,-3.683618,-3.383618,-2.703618,-2.5636182,-2.6036181,-1.9336182,-2.2336183,-2.7636182,-2.423618,-2.7136183,-4.2336183,-2.5936182,-3.2436182,-2.673618,-2.6136181,-2.663618,-2.423618,-1.4336182,-0.22361816,1.2263818,-0.06361816,0.26638183,0.9963818,0.27638185
2.296382,0.6163818,1.9763818,1.4863819,0.19638184,-0.13361816,-3.8036182,-2.7136183,-0.83361816,-1.3436182,-1.4536182,-1.6336181,-0.8836182,-2.9836183,-1.1436181,-1.7336181,-2.8036182,-2.7136183,-3.2736182,-2.903618,-2.8136182,-1.8836181,-2.3136182,-3.5336182,-3.8636181,-2.9836183,-2.943618,-2.7436182,-2.5636182,-1.8636181,-2.3636181,-1.4936181,-1.4336182,-0.073618166,0.8763818,0.39638183,0.34638184,0.9363818,0.33638182,0.5063818,0.33638182
0.26638183,0.85638183,0.14638184,-0.21361816,-1.2636181,-1.7136182,-1.9736181,-2.3236182,-1.6436181,-1.4136182,-0.71361816,-1.1236181,-0.92361814,-0.92361814,-2.3436182,-1.6136181,-3.3336182,-3.2136183,-2.153618,-1.3536181,-2.5036182,-4.0936184,-3.3436182,-3.203618,-3.7236183,-3.0336182,-2.393618,-2.443618,-2.143618,-1.7536181,-1.5636182,-1.7536181,-1.2736182,-0.52361816,-0.37361816,-0.6336182,-1.1136181,-0.23361817,-0.22361816,0.41638184,0.45638183
