wind_kz.json
{"header": {"discipline":0,"disciplineName":"Meteorological products","gribEdition":2,"gribLength":871,"center":7,"centerName":"US National Weather Service - NCEP(WMC)","subcenter":0,"refTime":"2024-04-09T12:00:00.000Z","significanceOfRT":1,"significanceOfRTName":"Start of forecast","productStatus":0,"productStatusName":"Operational products","productType":1,"productTypeName":"Forecast products","productDefinitionTemplate":0,"productDefinitionTemplateName":"Analysis/forecast at horizontal level/layer at a point in time","parameterCategory":0,"parameterCategoryName":"UnknownDiscipline_0_Category_0","parameterNumber":0,"parameterNumberName":"UnknownParameter_D0_C0_0","parameterUnit":"Unknown","genProcessType":2,"genProcessTypeName":"Forecast","forecastTime":60,"surface1Type":1,"surface1TypeName":"Ground or water surface","surface1Value":0.0,"surface2Type":255,"surface2TypeName":"Missing","surface2Value":0.0,"gridDefinitionTemplate":0,"gridDefinitionTemplateName":"Latitude_Longitude","numberPoints":615,"shape":6,"shapeName":"Earth spherical with radius of 6,371,229.0 m","gridUnits":"degrees","resolution":48,"winds":"true","scanMode":64,"nx":41,"ny":15,"basicAngle":0,"lo1":47.0,"la1":41.0,"lo2":87.0,"la2":55.0,"dx":1.0,"dy":1.0}, "data":
[rows 0 to 14 of 15, columns 0 to 40 of 41]
282.43683,276.43683,279.93683,281.83682,282.83682,284.0368,286.73682,288.83682,287.93683,288.5368,286.83682,288.6368,289.33682,289.93683,290.43683,290.43683,291.43683,290.1368,291.1368,288.1368,289.1368,287.23682,287.6368,283.73682,286.6368,287.83682,283.83682,267.6368,270.0368,267.93683,262.73682,263.23682,276.6368,281.83682,282.23682,283.83682,283.93683,284.83682,285.0368,285.23682,285.6368
261.73682,280.6368,282.23682,282.43683,282.73682,283.23682,286.43683,284.93683,284.93683,284.83682,285.6368,286.23682,285.83682,286.83682,288.1368,288.6368,289.5368,290.0368,288.6368,288.73682,288.5368,285.93683,283.43683,278.23682,263.5368,266.6368,278.73682,271.1368,273.43683,262.23682,272.1368,252.73682,269.5368,248.33682,257.73682,280.23682,279.1368,281.93683,284.1368,278.73682,279.33682
280.93683,282.0368,282.33682,282.33682,282.43683,285.6368,284.93683,284.23682,282.6368,282.6368,283.5368,284.93683,284.93683,285.5368,285.43683,287.73682,288.1368,287.83682,288.33682,288.23682,288.1368,288.1368,287.6368,280.73682,283.23682,281.1368,281.93683,282.0368,280.43683,274.83682,267.5368,270.0368,274.93683,275.93683,276.33682,275.73682,266.1368,270.5368,271.43683,267.23682,261.1368
282.43683,282.6368,282.0368,282.1368,282.83682,283.73682,284.5368,283.43683,283.43683,283.0368,282.33682,281.93683,285.33682,285.83682,283.6368,285.93683,285.33682,286.33682,286.23682,286.6368,286.43683,281.23682,285.23682,285.93683,286.43683,283.93683,282.43683,281.1368,280.6368,282.43683,283.43683,281.93683,285.5368,285.93683,283.0368,277.73682,268.83682,259.93683,273.0368,277.93683,281.23682
284.1368,283.23682,282.43683,282.83682,282.83682,283.6368,284.1368,283.73682,282.6368,282.1368,281.43683,280.83682,284.33682,284.23682,282.73682,284.33682,283.1368,283.5368,284.33682,284.83682,283.33682,284.23682,283.43683,284.0368,283.43683,282.93683,279.43683,279.73682,281.93683,282.23682,282.43683,280.6368,272.73682,263.6368,276.6368,281.23682,280.73682,283.0368,282.43683,283.23682,283.6368
285.43683,284.33682,282.93683,281.83682,280.5368,280.93683,284.43683,284.1368,281.6368,281.0368,280.6368,280.1368,282.83682,283.5368,276.33682,279.83682,280.5368,280.1368,280.43683,280.5368,279.33682,279.0368,278.93683,279.23682,279.83682,278.83682,278.43683,271.6368,279.83682,281.73682,280.73682,280.73682,278.43683,276.73682,275.83682,277.23682,274.23682,275.1368,279.1368,280.83682,279.83682
284.83682,284.43683,285.6368,285.0368,282.73682,283.93683,283.73682,282.6368,282.0368,281.0368,278.5368,277.6368,277.33682,277.0368,277.23682,277.93683,276.93683,277.23682,276.43683,275.33682,274.73682,275.23682,275.0368,274.83682,274.0368,274.33682,274.1368,275.5368,276.6368,276.43683,276.43683,275.6368,276.93683,276.0368,277.83682,278.23682,274.73682,273.33682,272.23682,271.1368,278.43683
284.43683,283.43683,284.33682,284.93683,284.43683,284.23682,283.0368,280.83682,278.93683,278.83682,277.5368,276.5368,275.6368,275.5368,276.23682,276.33682,275.93683,275.5368,274.5368,272.83682,272.33682,272.33682,272.5368,272.6368,272.0368,271.6368,271.6368,271.6368,271.33682,272.1368,271.33682,271.93683,270.93683,269.1368,270.6368,271.83682,274.43683,273.23682,278.73682,278.6368,276.33682
283.73682,282.33682,282.23682,281.33682,281.93683,281.5368,281.0368,279.73682,278.73682,277.43683,276.73682,275.1368,274.33682,274.93683,274.73682,274.93683,274.43683,274.0368,273.43683,272.83682,271.73682,271.43683,271.43683,271.6368,271.23682,271.73682,270.73682,270.1368,269.43683,268.6368,269.1368,269.6368,271.0368,271.5368,271.83682,269.93683,272.23682,272.33682,267.1368,266.93683,265.6368
283.83682,282.73682,281.43683,280.33682,280.43683,280.1368,279.23682,278.33682,278.1368,277.43683,276.1368,274.83682,275.43683,274.6368,273.93683,273.83682,273.93683,273.73682,273.43683,272.5368,272.0368,271.33682,271.33682,271.73682,271.73682,271.23682,271.23682,270.83682,270.43683,269.6368,268.0368,269.23682,271.93683,272.43683,272.23682,272.1368,271.23682,268.43683,269.93683,269.33682,265.73682
284.43683,283.23682,281.6368,280.33682,280.1368,279.23682,278.73682,278.73682,277.93683,276.83682,276.0368,275.43683,275.93683,274.83682,274.83682,274.73682,273.93683,274.0368,273.0368,272.23682,272.1368,271.83682,271.6368,271.73682,271.93683,271.23682,270.5368,270.6368,270.23682,270.43683,271.23682,271.83682,270.1368,270.0368,271.5368,271.83682,268.23682,268.33682,271.83682,271.23682,269.23682
285.33682,285.5368,284.23682,281.43683,280.23682,278.83682,277.1368,276.83682,276.83682,276.6368,275.23682,274.83682,275.43683,274.33682,274.5368,274.93683,274.5368,273.73682,273.0368,272.43683,272.43683,272.1368,271.93683,272.0368,271.83682,271.23682,271.5368,271.43683,271.6368,271.1368,270.5368,269.1368,268.43683,268.1368,268.73682,271.1368,271.73682,270.93683,272.6368,274.33682,273.83682
283.83682,283.93683,283.33682,283.1368,282.33682,281.23682,279.6368,277.73682,276.43683,276.83682,275.1368,274.93683,275.1368,275.43683,275.43683,275.23682,274.23682,273.5368,273.23682,272.73682,272.6368,272.33682,271.93683,271.93683,271.23682,270.5368,272.0368,271.93683,271.33682,269.5368,268.23682,268.33682,269.0368,269.23682,268.43683,269.23682,269.1368,271.23682,270.5368,271.5368,271.43683
282.5368,282.6368,277.6368,282.43683,281.33682,280.6368,280.83682,279.5368,279.5368,278.5368,277.1368,274.6368,276.33682,275.93683,276.0368,275.6368,275.1368,274.1368,273.33682,272.93683,272.73682,272.6368,272.43683,272.33682,272.33682,271.5368,271.6368,271.43683,270.93683,266.33682,269.83682,269.43683,269.73682,269.43683,269.23682,269.43683,269.43683,270.1368,270.43683,268.83682,271.5368
279.1368,281.5368,273.1368,281.1368,282.5368,282.43683,282.1368,281.93683,281.6368,280.83682,279.33682,278.83682,277.43683,277.33682,275.83682,275.6368,275.0368,274.0368,273.83682,273.0368,273.1368,272.6368,273.1368,272.23682,271.83682,272.0368,270.93683,271.0368,270.73682,270.33682,270.0368,268.23682,269.33682,269.1368,268.83682,269.33682,269.83682,269.43683,269.93683,270.23682,269.6368
