wind_kz.json
{"header": {"discipline":0,"disciplineName":"Meteorological products","gribEdition":2,"gribLength":871,"center":7,"centerName":"US National Weather Service - NCEP(WMC)","subcenter":0,"refTime":"2023-09-22T06:00:00.000Z","significanceOfRT":1,"significanceOfRTName":"Start of forecast","productStatus":0,"productStatusName":"Operational products","productType":1,"productTypeName":"Forecast products","productDefinitionTemplate":0,"productDefinitionTemplateName":"Analysis/forecast at horizontal level/layer at a point in time","parameterCategory":0,"parameterCategoryName":"UnknownDiscipline_0_Category_0","parameterNumber":0,"parameterNumberName":"UnknownParameter_D0_C0_0","parameterUnit":"Unknown","genProcessType":2,"genProcessTypeName":"Forecast","forecastTime":0,"surface1Type":1,"surface1TypeName":"Ground or water surface","surface1Value":0.0,"surface2Type":255,"surface2TypeName":"Missing","surface2Value":0.0,"gridDefinitionTemplate":0,"gridDefinitionTemplateName":"Latitude_Longitude","numberPoints":615,"shape":6,"shapeName":"Earth spherical with radius of 6,371,229.0 m","gridUnits":"degrees","resolution":48,"winds":"true","scanMode":64,"nx":41,"ny":15,"basicAngle":0,"lo1":47.0,"la1":41.0,"lo2":87.0,"la2":55.0,"dx":1.0,"dy":1.0}, "data":
[rows 0 to 14 of 15, columns 0 to 40 of 41]
298.08566,288.98566,298.38568,294.88568,294.78568,294.18567,302.38568,306.78568,304.68567,307.18567,306.48566,307.48566,307.08566,307.28568,307.98566,309.08566,308.08566,306.48566,310.38568,308.48566,312.78568,307.28568,304.88568,302.78568,306.58566,304.58566,294.08566,273.68567,279.48566,280.18567,290.48566,281.68567,297.18567,306.88568,309.78568,311.88568,302.18567,313.98566,313.58566,311.28568,313.18567
288.08566,297.78568,294.28568,294.38568,294.08566,292.98566,307.88568,304.48566,304.88568,304.78568,306.38568,305.08566,306.58566,306.38568,305.98566,306.48566,309.78568,310.18567,309.98566,312.38568,308.88568,307.58566,304.08566,295.18567,291.78568,284.88568,292.78568,288.08566,286.28568,275.88568,283.38568,273.38568,282.58566,269.58566,282.88568,297.68567,301.98566,303.28568,310.58566,301.48566,284.98566
299.18567,293.68567,294.38568,293.98566,292.18567,303.58566,303.48566,304.88568,304.78568,304.28568,303.68567,304.88568,306.18567,307.18567,304.38568,309.28568,309.88568,309.88568,310.48566,311.78568,308.98566,309.38568,307.18567,302.38568,301.88568,299.88568,296.08566,289.38568,283.28568,276.78568,273.98566,277.28568,287.98566,288.18567,288.18567,289.18567,288.68567,291.38568,291.08566,287.48566,288.58566
300.88568,293.18567,294.58566,293.38568,295.08566,304.08566,301.18567,303.88568,304.88568,304.18567,303.68567,302.58566,292.28568,291.68567,304.78568,306.78568,305.38568,309.28568,310.68567,313.08566,307.88568,304.18567,304.68567,305.58566,305.48566,303.18567,303.08566,297.28568,289.68567,286.88568,290.28568,288.88568,297.78568,302.88568,302.78568,298.68567,286.38568,274.78568,292.08566,301.18567,302.18567
299.18567,292.98566,293.78568,292.88568,296.18567,301.58566,302.08566,305.28568,301.28568,300.48566,301.78568,302.88568,291.28568,290.28568,288.68567,305.18567,306.08566,304.68567,306.78568,304.88568,306.88568,307.88568,307.58566,307.08566,308.18567,306.18567,305.48566,293.58566,304.68567,303.98566,304.78568,301.68567,286.98566,280.58566,295.98566,305.18567,302.28568,309.38568,309.68567,306.58566,304.38568
298.48566,298.78568,292.38568,292.78568,292.78568,292.48566,301.78568,301.08566,298.38568,299.68567,299.28568,299.18567,292.48566,291.18567,297.28568,303.38568,303.08566,306.48566,304.58566,306.08566,305.98566,304.58566,305.98566,306.58566,306.28568,305.98566,308.18567,289.88568,304.18567,303.98566,304.28568,303.08566,303.88568,304.68567,299.58566,300.58566,292.58566,294.98566,307.58566,309.58566,307.08566
300.28568,301.78568,299.68567,299.28568,298.58566,300.08566,301.58566,299.38568,299.58566,299.18567,298.48566,298.08566,298.68567,299.48566,300.38568,301.08566,303.18567,303.78568,306.08566,304.78568,304.88568,303.78568,302.58566,304.08566,303.78568,302.98566,304.48566,298.28568,305.28568,304.78568,303.58566,303.68567,302.48566,299.28568,298.68567,296.18567,294.08566,281.08566,283.18567,280.18567,295.98566
300.28568,301.48566,300.38568,299.58566,299.48566,298.68567,301.38568,301.78568,300.58566,299.08566,298.98566,297.48566,298.58566,297.18567,300.18567,300.08566,301.08566,301.48566,302.08566,302.68567,302.58566,303.48566,303.68567,302.18567,300.48566,298.68567,298.08566,292.88568,296.18567,300.68567,298.28568,297.58566,298.58566,295.38568,291.48566,286.98566,297.38568,288.58566,300.18567,300.88568,299.58566
299.68567,299.18567,299.88568,300.18567,299.18567,300.28568,301.48566,300.98566,300.48566,300.88568,298.78568,298.28568,297.18567,298.38568,297.98566,299.78568,299.88568,300.98566,298.98566,299.78568,298.98566,300.58566,296.18567,301.28568,298.88568,291.08566,292.68567,288.98566,290.78568,293.18567,296.18567,296.48566,297.18567,295.68567,286.38568,284.78568,292.18567,290.18567,276.88568,279.58566,284.98566
298.88568,298.28568,299.38568,299.38568,299.18567,299.98566,301.18567,300.68567,299.58566,298.68567,297.38568,296.28568,296.98566,296.28568,296.88568,296.68567,298.18567,299.18567,298.68567,298.98566,297.68567,297.98566,298.88568,299.38568,299.58566,297.88568,295.38568,294.08566,291.08566,291.88568,296.28568,293.38568,299.18567,298.28568,294.88568,291.38568,284.88568,280.98566,281.98566,283.18567,282.78568
299.38568,298.38568,297.78568,298.38568,298.58566,298.48566,298.68567,299.28568,298.38568,297.58566,295.28568,294.88568,295.28568,294.38568,295.08566,296.08566,296.18567,297.18567,297.18567,295.68567,296.38568,296.18567,295.38568,296.38568,295.38568,296.88568,294.28568,298.58566,294.98566,291.58566,299.98566,300.98566,299.28568,294.58566,296.28568,288.68567,282.38568,282.18567,281.48566,286.68567,283.28568
296.98566,297.78568,297.98566,298.28568,297.98566,297.28568,296.48566,296.88568,297.68567,295.68567,292.28568,292.88568,293.38568,292.58566,293.08566,295.08566,295.68567,295.68567,295.48566,294.48566,292.58566,291.88568,291.88568,292.98566,291.68567,293.88568,295.38568,297.18567,298.58566,298.68567,297.38568,298.98566,296.78568,294.78568,294.38568,293.48566,289.18567,288.38568,289.98566,289.68567,288.68567
293.98566,292.08566,297.38568,296.98566,296.68567,295.48566,296.58566,297.48566,296.68567,294.28568,290.68567,290.28568,293.08566,291.88568,293.78568,294.18567,294.88568,294.58566,294.48566,292.28568,292.38568,291.98566,290.88568,291.38568,293.08566,294.08566,294.78568,293.78568,294.88568,294.28568,296.68567,296.48566,296.88568,296.58566,296.58566,290.68567,294.28568,287.68567,293.48566,290.28568,289.18567
295.78568,292.28568,290.78568,292.18567,293.08566,294.38568,294.28568,291.98566,291.78568,290.08566,289.28568,288.08566,290.58566,289.88568,290.98566,293.08566,293.78568,293.88568,294.38568,293.58566,294.28568,293.38568,291.98566,291.38568,292.08566,293.98566,295.08566,294.78568,294.98566,292.58566,293.48566,293.68567,293.18567,292.98566,294.88568,295.28568,292.08566,290.48566,296.08566,289.38568,292.68567
293.18567,290.48566,287.68567,293.08566,292.88568,292.78568,293.88568,291.68567,295.38568,290.38568,286.38568,286.18567,284.98566,286.48566,289.08566,291.58566,288.78568,292.58566,290.68567,287.18567,287.48566,287.88568,294.38568,293.28568,292.68567,289.48566,294.58566,293.08566,294.88568,294.78568,294.28568,287.98566,292.18567,292.58566,292.98566,293.88568,295.88568,294.58566,296.48566,296.18567,287.18567
