wind_kz.json
{"header": {"discipline":0,"disciplineName":"Meteorological products","gribEdition":2,"gribLength":871,"center":7,"centerName":"US National Weather Service - NCEP(WMC)","subcenter":0,"refTime":"2023-09-22T18:00:00.000Z","significanceOfRT":1,"significanceOfRTName":"Start of forecast","productStatus":0,"productStatusName":"Operational products","productType":1,"productTypeName":"Forecast products","productDefinitionTemplate":0,"productDefinitionTemplateName":"Analysis/forecast at horizontal level/layer at a point in time","parameterCategory":0,"parameterCategoryName":"UnknownDiscipline_0_Category_0","parameterNumber":0,"parameterNumberName":"UnknownParameter_D0_C0_0","parameterUnit":"Unknown","genProcessType":2,"genProcessTypeName":"Forecast","forecastTime":240,"surface1Type":1,"surface1TypeName":"Ground or water surface","surface1Value":0.0,"surface2Type":255,"surface2TypeName":"Missing","surface2Value":0.0,"gridDefinitionTemplate":0,"gridDefinitionTemplateName":"Latitude_Longitude","numberPoints":615,"shape":6,"shapeName":"Earth spherical with radius of 6,371,229.0 m","gridUnits":"degrees","resolution":48,"winds":"true","scanMode":64,"nx":41,"ny":15,"basicAngle":0,"lo1":47.0,"la1":41.0,"lo2":87.0,"la2":55.0,"dx":1.0,"dy":1.0}, "data":
[rows 0 to 14 of 15, columns 0 to 40 of 41]
293.63028,285.43027,289.33026,293.33026,293.33026,292.83026,294.43027,295.03027,292.63028,292.03027,290.43027,290.83026,290.43027,291.83026,292.03027,288.7303,288.93027,290.03027,288.13028,289.43027,291.63028,286.13028,285.7303,283.63028,285.83026,285.63028,283.83026,272.13028,270.7303,274.13028,275.03027,274.13028,284.33026,291.43027,293.33026,293.03027,292.03027,291.53027,289.2303,289.43027,289.43027
275.93027,287.33026,292.7303,293.13028,292.63028,291.63028,294.03027,292.33026,290.93027,290.33026,290.7303,289.83026,289.83026,289.13028,290.03027,291.03027,289.2303,289.13028,288.43027,286.83026,291.03027,289.63028,287.13028,278.63028,262.7303,265.7303,277.83026,267.7303,271.7303,269.43027,274.93027,269.03027,275.53027,252.83028,274.2303,288.53027,286.53027,290.13028,292.03027,283.2303,283.7303
289.2303,292.2303,293.03027,292.7303,291.03027,293.7303,292.43027,291.2303,289.63028,288.93027,288.53027,289.83026,288.63028,289.33026,291.33026,288.83026,288.2303,287.2303,288.43027,288.33026,289.83026,288.33026,289.43027,283.83026,284.7303,284.2303,285.03027,285.93027,282.63028,275.2303,265.83026,267.83026,277.83026,278.53027,280.13028,279.93027,273.83026,274.7303,274.93027,272.43027,271.03027
289.53027,291.83026,293.03027,292.13028,291.7303,291.93027,292.2303,290.43027,290.13028,289.2303,289.13028,288.63028,290.53027,290.03027,290.43027,289.83026,290.13028,288.7303,291.63028,290.93027,288.13028,284.43027,288.43027,288.33026,291.63028,289.2303,289.13028,287.03027,284.2303,285.13028,285.63028,282.33026,287.93027,287.53027,288.63028,281.53027,274.53027,264.93027,276.33026,283.63028,287.63028
290.63028,291.43027,291.93027,291.03027,291.63028,291.53027,292.13028,290.63028,290.83026,290.43027,290.03027,287.7303,289.2303,288.33026,286.93027,290.43027,290.53027,290.13028,288.53027,291.03027,290.93027,290.93027,288.63028,292.7303,288.7303,287.93027,286.2303,287.03027,286.2303,286.33026,287.7303,283.43027,273.2303,260.63028,278.83026,285.63028,288.7303,290.43027,290.63028,290.33026,289.83026
289.53027,288.7303,290.33026,290.63028,290.53027,290.33026,290.43027,292.83026,291.43027,290.7303,290.2303,289.93027,289.2303,289.03027,289.2303,289.43027,291.03027,289.7303,291.2303,291.43027,290.7303,290.03027,289.33026,292.7303,292.13028,286.63028,288.33026,287.03027,288.33026,288.13028,285.93027,286.63028,284.43027,282.43027,281.43027,284.53027,276.7303,279.03027,285.93027,287.7303,287.43027
288.33026,288.03027,290.2303,290.33026,289.83026,289.93027,291.53027,291.93027,291.83026,291.53027,289.93027,289.53027,289.33026,289.33026,289.03027,289.83026,289.53027,290.13028,289.2303,288.93027,287.93027,288.83026,289.33026,289.63028,288.33026,289.03027,289.53027,287.43027,285.2303,284.7303,283.53027,283.33026,283.63028,284.63028,284.83026,283.2303,278.13028,275.03027,272.93027,274.93027,283.13028
288.2303,288.2303,289.43027,291.13028,291.63028,292.43027,292.03027,291.33026,289.33026,289.53027,288.63028,288.13028,287.83026,288.93027,289.2303,289.53027,289.03027,289.2303,288.83026,286.43027,285.93027,285.93027,286.33026,286.93027,286.63028,286.7303,287.7303,283.83026,281.83026,281.93027,280.13028,280.53027,279.2303,278.33026,277.7303,280.63028,283.03027,286.2303,284.63028,284.03027,280.13028
290.33026,290.13028,291.03027,290.83026,291.33026,291.2303,290.03027,289.93027,288.93027,287.53027,286.43027,286.7303,286.43027,287.53027,287.7303,288.13028,288.13028,287.53027,287.13028,286.13028,284.33026,283.63028,284.43027,284.63028,283.63028,284.2303,281.83026,280.7303,278.03027,276.13028,277.03027,277.33026,278.63028,279.13028,278.43027,278.03027,280.03027,279.43027,270.63028,271.83026,269.63028
289.53027,289.83026,289.53027,289.13028,289.7303,289.7303,288.63028,288.13028,287.83026,286.7303,285.53027,286.2303,286.63028,285.93027,285.83026,286.2303,286.33026,287.13028,286.03027,285.83026,284.63028,283.7303,284.63028,284.7303,284.03027,283.03027,282.63028,281.53027,279.33026,277.93027,277.93027,279.53027,280.7303,280.2303,279.43027,279.03027,277.53027,276.13028,272.13028,271.13028,268.13028
288.7303,288.63028,288.7303,288.33026,288.43027,287.83026,287.63028,286.03027,286.63028,286.03027,286.03027,285.7303,286.13028,284.13028,284.53027,285.13028,285.63028,286.83026,287.2303,285.33026,285.7303,284.93027,284.33026,284.33026,283.43027,283.2303,280.83026,282.53027,281.33026,281.93027,281.63028,280.43027,279.2303,280.13028,278.93027,277.03027,274.93027,272.2303,271.43027,272.53027,270.53027
285.93027,288.53027,287.83026,288.13028,287.13028,286.53027,285.7303,285.63028,285.63028,285.63028,284.33026,284.83026,285.43027,284.13028,284.43027,284.43027,284.83026,285.13028,286.33026,286.13028,284.83026,284.43027,284.13028,283.83026,283.03027,282.7303,283.2303,284.2303,283.63028,283.13028,281.2303,280.13028,280.43027,278.43027,278.2303,278.13028,278.2303,276.33026,276.63028,276.53027,275.83026
286.63028,286.53027,288.2303,285.53027,286.43027,286.03027,284.63028,285.43027,284.53027,284.2303,282.83026,281.03027,284.53027,283.33026,284.33026,284.33026,284.43027,284.43027,285.13028,285.2303,285.63028,283.53027,282.93027,282.83026,284.13028,284.43027,285.03027,283.93027,283.63028,282.53027,282.2303,281.13028,280.33026,279.63028,278.93027,278.7303,278.13028,278.93027,277.53027,276.7303,276.13028
286.2303,287.93027,286.93027,288.33026,287.2303,287.43027,287.2303,287.03027,286.03027,285.33026,284.33026,281.03027,281.7303,284.03027,284.83026,284.93027,285.13028,284.33026,284.03027,284.83026,285.7303,285.43027,285.33026,284.63028,284.93027,284.63028,283.7303,283.7303,283.13028,282.83026,281.83026,280.63028,279.7303,277.93027,277.93027,277.03027,277.53027,277.13028,276.53027,275.2303,275.43027
287.93027,288.83026,285.53027,284.7303,283.63028,282.63028,283.53027,284.7303,285.83026,284.93027,284.63028,284.43027,283.03027,281.7303,284.7303,286.13028,285.13028,285.33026,285.33026,285.03027,285.83026,285.63028,285.2303,284.63028,284.43027,284.03027,283.63028,283.2303,282.7303,281.7303,281.63028,282.13028,280.13028,279.03027,277.93027,276.93027,275.7303,274.93027,275.63028,275.63028,275.63028
