wind_kz.json
{"header": {"discipline":0,"disciplineName":"Meteorological products","gribEdition":2,"gribLength":1025,"center":7,"centerName":"US National Weather Service - NCEP(WMC)","subcenter":0,"refTime":"2023-08-28T12:00:00.000Z","significanceOfRT":1,"significanceOfRTName":"Start of forecast","productStatus":0,"productStatusName":"Operational products","productType":1,"productTypeName":"Forecast products","productDefinitionTemplate":0,"productDefinitionTemplateName":"Analysis/forecast at horizontal level/layer at a point in time","parameterCategory":2,"parameterCategoryName":"UnknownDiscipline_0_Category_2","parameterNumber":3,"parameterNumberName":"UnknownParameter_D0_C2_3","parameterUnit":"Unknown","genProcessType":2,"genProcessTypeName":"Forecast","forecastTime":120,"surface1Type":103,"surface1TypeName":"Specified height level above ground","surface1Value":10.0,"surface2Type":255,"surface2TypeName":"Missing","surface2Value":0.0,"gridDefinitionTemplate":0,"gridDefinitionTemplateName":"Latitude_Longitude","numberPoints":615,"shape":6,"shapeName":"Earth spherical with radius of 6,371,229.0 m","gridUnits":"degrees","resolution":48,"winds":"true","scanMode":64,"nx":41,"ny":15,"basicAngle":0,"lo1":47.0,"la1":41.0,"lo2":87.0,"la2":55.0,"dx":1.0,"dy":1.0}, "data":
[rows 0 to 14 of 15, columns 0 to 40 of 41]
2.5612898,1.5812896,-2.0087104,-1.5387104,-2.1087103,-4.3187103,-4.3987103,-2.1087103,-1.9587103,-2.4087102,-2.4987104,-2.7587104,-3.3087103,-2.8887103,-2.2587104,-2.7087104,-4.03871,-3.8087103,-3.5887103,-1.9087104,-4.6087103,-2.0387104,-2.7487104,0.011289673,6.6212897,2.0912898,1.4712896,1.5012897,-4.55871,4.06129,0.5312897,-0.6487103,-0.028710328,-3.4587104,-0.79871035,2.5712898,3.9012897,1.9812896,1.6412897,1.4412897,1.5312897
-1.5687103,-0.93871033,-0.20871033,-1.9687103,-2.8487103,-4.6787105,-4.0087104,-4.3387103,-4.03871,-3.5787103,-3.6587102,-2.5787103,-2.8687103,-3.0187104,-3.9587104,-1.6287103,-2.2887104,-1.9387103,-1.6287103,-1.0687103,-1.5287104,-2.4487104,-1.5887103,0.89128965,3.2312896,3.2712896,2.1612897,2.2012897,-0.32871032,-1.2287103,2.5912898,3.5912898,-1.6687104,-0.8287103,-0.68871033,2.3612897,1.4712896,1.1012896,1.2112896,1.3012897,0.5412897
0.5312897,2.6012897,-0.35871032,-2.5087104,-2.8487103,-2.0987103,-3.9687104,-4.24871,-4.5487103,-4.6487103,-4.53871,-3.4687104,-3.2587104,-7.5087104,-6.18871,-3.0587103,-2.7387104,-3.0487103,-3.3287103,-2.4987104,-2.4987104,-1.8987104,0.06128967,1.9812896,-1.1687104,-1.8887104,-2.4187102,-4.6587105,-2.6487103,-2.0487103,-2.1487103,-1.9387103,-2.5787103,4.9312897,0.7312897,-2.0287104,-0.13871032,-7.5887103,-0.42871034,2.5012896,-0.46871033
0.57128966,0.94128966,-1.2087103,-4.99871,-1.9687103,-4.41871,-4.8287106,-5.1787105,-5.3287106,-4.5787106,-3.7087104,-2.9287102,0.43128967,-0.80871034,-3.7587104,-5.1287103,-4.3787103,-2.4687104,0.48128968,-1.1387104,-1.0087104,1.4612896,-0.9087103,-0.9687103,1.1112896,0.15128967,0.44128966,0.37128967,-1.8787103,-2.9887104,-3.6587102,-0.8787103,2.4612896,0.44128966,-1.1187103,1.0112897,0.37128967,1.8512896,-0.6387103,-0.38871032,-0.8787103
1.9412897,1.1512897,-0.79871035,-2.5287104,-5.0087104,-5.78871,-6.5487103,-4.8887105,-4.93871,-4.3787103,-4.70871,-5.2387104,3.4612896,1.2212896,0.50128967,-1.4087104,-2.2787104,-4.68871,-2.9987104,-2.4887104,-2.6687102,-3.9887104,0.11128967,-0.55871034,-0.42871034,-1.9187104,4.33129,4.8412895,2.3112898,1.3412896,-0.7187103,-3.1687102,-2.5387104,0.14128967,-0.32871032,1.1312897,0.19128968,1.2312896,1.0412897,1.1112896,-2.5887103
-1.8087103,3.8012896,4.4912896,3.1112897,-0.018710326,-1.2187103,-4.01871,-5.9487104,-5.5287104,-3.8687103,-4.3587103,-4.9887104,-4.8487105,1.9412897,0.9212897,-3.0087104,-2.7887104,-3.7687104,-3.9587104,-1.0687103,-0.26871032,-0.98871034,-0.058710326,-1.3787103,1.1612897,1.1612897,3.4412897,6.1212897,3.8312898,1.8612896,2.2412896,0.49128968,-1.4187104,-2.4787104,-0.14871033,-1.5987103,0.82128966,-0.46871033,-1.0487103,-0.048710328,0.81128967
-1.6487104,-2.2487104,-3.6287103,-4.2787104,-4.0887103,-5.6787105,-5.6187105,-5.8387103,-5.51871,-5.1187105,-4.6487103,-7.43871,-6.2187104,-3.4087102,-4.5287104,-4.2187104,-4.1087103,-4.3887105,-4.3687105,-3.9587104,-2.4487104,1.3412896,0.63128966,-2.0887103,-2.8687103,0.5512897,2.3012896,7.2412896,4.44129,3.6912897,1.6812897,3.7412896,3.6612897,2.5312896,2.1512897,-1.7187103,1.4312897,2.5012896,0.8712897,3.3112898,-2.6087103
-1.3887104,-2.6087103,-3.9387102,-5.0487103,-5.1087103,-5.18871,-5.3287106,-6.05871,-6.20871,-5.41871,-4.6487103,-4.80871,-5.4087105,-4.93871,-5.3287106,-5.74871,-5.9487104,-5.16871,-3.6687102,-2.3487103,-4.0287104,0.6012897,1.8612896,-0.27871034,5.8812895,0.47128966,3.6012897,3.4012897,5.3912897,6.3412895,6.0512896,4.23129,4.04129,4.9512897,4.2812896,-1.1387104,-0.22871032,-1.9887103,-3.1387103,-1.1487104,-0.74871033
-1.8087103,-3.2987103,-4.4487104,-4.5287104,-4.3887105,-4.55871,-5.2387104,-4.9087105,-5.1487103,-5.9087105,-6.22871,-6.2587104,-8.25871,-8.92871,-6.3787103,-5.91871,-4.3287106,-4.47871,-3.7187104,-2.3887103,-1.5687103,-1.8387103,1.1412897,5.4312897,6.5912895,4.6512895,0.9012897,2.1412897,4.00129,4.29129,5.2812896,4.7012897,3.9312897,3.8712897,5.02129,2.9712896,1.5812896,0.14128967,-0.42871034,-0.23871033,0.6612897
-2.0587103,-3.7787104,-3.8687103,-3.6287103,-3.4687104,-4.6487103,-4.55871,-5.26871,-5.0087104,-5.3487105,-5.5787106,-7.2787104,-7.8687105,-6.47871,-6.1987104,-6.47871,-5.22871,-4.95871,-2.9687104,-2.7687104,-1.2087103,1.4212897,2.1812897,4.73129,6.5912895,6.5912895,5.2812896,1.3812897,0.48128968,4.3512897,-0.97871035,4.4312897,3.7912896,3.5812898,4.6112895,3.7312896,0.36128968,-0.37871033,-0.108710326,1.6412897,-1.0487103
-2.4987104,-2.6587102,-2.7087104,-3.3987103,-4.0987105,-4.0087104,-4.5987105,-5.2387104,-5.3787103,-5.2387104,-4.3387103,-4.1187105,-8.22871,-8.09871,-8.73871,-8.88871,-9.02871,-6.1287103,-5.41871,-5.1987104,-2.8287103,2.1812897,5.94129,6.75129,5.2612896,3.6212897,1.2912897,6.4112897,4.6212897,2.7912896,-1.4487103,-1.0687103,-3.1687102,-4.05871,-1.6487104,1.7212896,1.2212896,0.6112897,3.0412896,0.30128968,0.41128966
-2.5787103,-3.9687104,-3.2287104,-3.6887102,-3.9987104,-3.7587104,-4.2987103,-4.8987103,-5.3587103,-5.3287106,-3.1887102,-5.1287103,-7.5987105,-8.77871,-8.788711,-8.538711,-8.25871,-7.22871,-7.5887103,-6.05871,-4.01871,-0.12871033,-1.0087104,3.3612897,2.6612897,3.0212896,5.0312896,2.8212898,0.7212897,1.1412897,1.7112896,0.051289674,1.1112896,-0.9587103,-0.79871035,-2.2887104,-0.5987103,-2.2587104,-1.7987103,-0.8387103,-1.2187103
-1.4387103,-2.0787103,-4.01871,-4.05871,-3.2287104,-2.9287102,-3.8687103,-4.95871,-6.7387104,-6.5987105,-4.2587104,-3.2487104,-6.2587104,-7.68871,-8.828711,-6.2387104,-3.1287103,-4.2787104,-4.8387103,-6.3787103,-3.4487104,-0.5687103,1.0612897,2.5512896,4.6612897,1.4312897,0.20128967,0.2912897,2.1712897,1.0612897,0.09128967,1.9512897,1.6112896,-0.018710326,3.3512897,2.1912897,1.9912896,-0.12871033,-0.028710328,-0.34871033,0.42128968
-1.6287103,-2.5987103,-0.60871035,-3.8787103,-4.4287105,-4.2187104,-3.6487103,-4.1987104,-5.1987104,-5.1987104,-3.6387103,-3.7287104,-5.6287103,-6.6487103,-7.3687105,-5.8287106,-5.3187103,-3.7387104,-2.4687104,-2.6187103,-2.0387104,-2.5087104,-2.4187102,-1.9187104,-0.73871034,2.2012897,2.1612897,2.2712896,0.24128968,0.23128967,1.9112897,1.1312897,1.6512897,2.7212896,1.6912897,-0.9687103,0.031289674,-0.79871035,-2.3887103,-3.3587103,2.2912896
-0.8187103,-1.4087104,-0.24871033,-3.3387103,-2.8787103,-3.3787103,-2.7387104,-2.3887103,-2.2487104,-4.80871,-2.4487104,-4.4887104,-3.1687102,-3.7387104,-6.1287103,-5.4487104,-4.9887104,-5.1287103,-3.9087102,-2.4887104,-1.6587104,-2.2687104,0.011289673,2.0912898,0.45128968,-1.4887103,-0.7587103,4.00129,3.9312897,2.3312898,1.4612896,1.2812897,3.1612897,1.9312897,2.6212897,1.8212897,1.7112896,1.6912897,-1.1287103,-0.13871032,1.5012897
