wind_kz.json
{"header": {"discipline":0,"disciplineName":"Meteorological products","gribEdition":2,"gribLength":1025,"center":7,"centerName":"US National Weather Service - NCEP(WMC)","subcenter":0,"refTime":"2024-02-03T18:00:00.000Z","significanceOfRT":1,"significanceOfRTName":"Start of forecast","productStatus":0,"productStatusName":"Operational products","productType":1,"productTypeName":"Forecast products","productDefinitionTemplate":0,"productDefinitionTemplateName":"Analysis/forecast at horizontal level/layer at a point in time","parameterCategory":2,"parameterCategoryName":"UnknownDiscipline_0_Category_2","parameterNumber":3,"parameterNumberName":"UnknownParameter_D0_C2_3","parameterUnit":"Unknown","genProcessType":2,"genProcessTypeName":"Forecast","forecastTime":0,"surface1Type":103,"surface1TypeName":"Specified height level above ground","surface1Value":10.0,"surface2Type":255,"surface2TypeName":"Missing","surface2Value":0.0,"gridDefinitionTemplate":0,"gridDefinitionTemplateName":"Latitude_Longitude","numberPoints":615,"shape":6,"shapeName":"Earth spherical with radius of 6,371,229.0 m","gridUnits":"degrees","resolution":48,"winds":"true","scanMode":64,"nx":41,"ny":15,"basicAngle":0,"lo1":47.0,"la1":41.0,"lo2":87.0,"la2":55.0,"dx":1.0,"dy":1.0}, "data":
[rows 0 to 14 of 15, columns 0 to 40 of 41]
-1.5660766,-2.7060766,-0.38607666,-4.4160767,3.5439234,4.323923,2.4339232,0.13392334,1.5239234,0.70392334,2.1239233,2.0439234,2.2639234,-0.00607666,-1.7760767,-2.9060767,-3.2260766,0.18392333,2.2839234,0.69392335,-0.59607667,3.2739234,2.5839233,-0.22607666,-1.0960766,0.12392334,-0.69607663,1.3939233,2.0439234,-0.07607666,-2.0460768,-2.7460766,2.2539234,0.81392336,1.8339233,0.31392333,-0.61607665,-0.97607666,-1.4160767,-2.0460768,-2.0260766
6.2939234,0.33392334,-2.6260767,-1.5060767,-0.15607665,-0.5260767,-2.0160766,-2.0160766,-2.0560768,-2.2960768,-1.1860766,2.3439233,3.3739233,1.8739233,1.4039234,-1.0860766,-1.1960766,-1.3960767,-1.6660767,-1.6960766,-0.5860767,2.6239233,4.953923,1.7039233,-1.5560766,-0.6460767,-3.4260767,0.30392334,0.58392334,0.99392337,4.743923,3.5139234,-1.2860767,-2.2960768,-5.1560764,-2.5860767,-1.1860766,-2.0860767,-1.2560767,-1.6160767,-0.49607667
0.69392335,-1.3160766,-2.9560766,-2.4160767,-2.3560767,-0.5160767,-0.12607665,1.0339234,0.24392334,-0.79607666,-0.56607664,-2.7360766,1.8039234,2.3539233,2.0839233,2.4339232,1.9339234,1.0639234,-0.6360767,-1.2660767,0.09392334,0.63392335,2.0039234,1.1039233,1.6339233,1.7039233,1.3139234,1.7939234,0.07392334,2.8139234,2.8639233,1.6939234,3.2539234,-2.8760767,-0.24607666,2.1839232,5.013923,0.05392334,1.1239233,-1.6660767,-0.43607667
3.1739233,1.8039234,0.11392334,-1.2760767,-1.1560767,1.2139233,1.2939234,1.7039233,1.9539233,1.9139234,0.80392337,0.28392333,0.50392336,1.6039233,3.3839233,2.9539232,2.6639233,1.9439234,-0.38607666,-2.7160766,1.2639233,1.5939233,3.0239234,1.4739233,1.0039233,-0.23607665,-1.0060767,-0.04607666,4.0939236,2.0239234,0.14392334,-2.1060767,-1.4760766,-0.46607667,-0.38607666,-4.0360765,-2.4160767,3.4439232,2.4139233,1.4639233,0.38392335
3.0539234,3.6239233,2.1639233,2.0439234,1.5539234,1.8339233,1.6739234,3.0039234,1.3139234,0.88392335,1.9939233,1.6639234,0.41392335,0.40392333,2.3139234,2.6839232,3.4339232,2.7339234,1.6939234,-1.1660767,-0.06607666,0.89392334,0.39392334,-0.01607666,-0.14607666,-1.2760767,-1.0260767,-1.4060767,-0.53607666,-1.1860766,-1.0360767,1.5839233,2.0239234,1.4939233,-1.4760766,-1.9460766,-0.7160767,0.42392334,-0.11607666,-0.97607666,-0.7660767
3.9039233,3.1139233,3.1239233,4.1239233,3.6939232,3.2639234,3.0639234,2.6639233,2.8239233,2.3439233,1.5239234,1.7439233,2.3839233,1.7039233,0.6139233,3.3839233,3.8339233,4.6639233,3.6539233,2.9239233,2.3639233,3.0639234,3.4939234,2.3639233,1.9539233,1.2339233,-0.40607667,-1.4860767,-1.5260767,-2.0060766,-1.9360766,-1.2260766,-1.0960766,0.82392335,2.1139233,9.4239235,3.0139234,4.0439234,0.05392334,-1.5360767,-1.7860767
3.2039232,3.2239234,3.5939233,3.7539234,3.6239233,2.9139233,3.1439233,3.6739233,2.9439232,2.3039234,2.6539233,1.9239234,2.1939232,2.7039232,2.9639235,3.4539232,4.5639234,5.1239233,5.9139233,5.053923,3.5939233,3.1739233,3.6039233,3.8039234,2.2039232,1.2539233,-1.7960767,-2.1260767,-2.5960767,-1.9460766,-1.7060766,-2.8960767,-3.8060768,-2.2860765,-1.8760767,-1.2260766,-2.2760766,-1.3860767,1.4839233,-0.22607666,1.4739233
2.6439233,2.0239234,2.8539233,3.6439233,3.8339233,3.4239233,2.7639234,3.1939232,3.6939232,1.8039234,2.4539232,2.6139233,1.9839233,2.9639235,2.5239234,3.4539232,4.723923,5.3139234,6.8139234,6.8439236,5.1739235,5.5939236,4.783923,5.8339233,5.263923,4.0639234,4.453923,-0.09607666,0.64392334,-1.9960767,-0.66607666,-0.93607664,-2.1860766,-2.0260766,0.8539233,0.10392334,-0.14607666,-0.5860767,-0.00607666,0.7839233,-1.8160766
2.9539232,2.7339234,2.4039233,3.5039234,3.8739233,3.9339232,3.6939232,3.2739234,3.2539234,2.9039233,1.7639233,2.7239234,2.1039233,3.0439234,3.2439234,3.8439233,4.2339234,4.9639235,5.8539233,7.1739235,5.953923,6.3439236,7.0039234,6.3639235,6.6639233,6.0439234,4.013923,3.4439232,4.3339233,3.3239233,3.5539234,4.6239233,3.3139234,4.3639235,3.9239233,3.9739234,-2.7560766,1.5639234,1.1539234,0.9139233,-2.7460766
3.3239233,1.2439233,3.0039234,4.263923,3.0739233,2.9439232,3.5439234,3.4639235,3.3239233,3.0139234,2.8539233,1.5539234,2.3939233,2.4039233,3.5639234,3.4239233,4.1239233,4.6739235,5.3639235,5.8539233,7.5039234,6.0839233,6.1639233,7.3139234,7.1939235,7.0239234,6.3439236,5.6639233,5.323923,3.7539234,4.4039235,5.3439236,6.1039233,5.6039233,5.7939234,2.0639234,1.1639234,-2.8360767,0.5439233,4.553923,3.9239233
2.7739234,2.2939234,1.9339234,3.8139234,3.8539233,3.7639234,3.7539234,3.8439233,3.6739233,3.1639233,3.7339234,2.9839234,1.5239234,3.8739233,3.2439234,4.053923,4.743923,4.823923,5.8939233,6.2539234,6.3139234,6.553923,5.6839232,6.973923,6.4839234,6.493923,5.4439235,6.4239235,6.3639235,3.1539233,5.073923,4.8439236,5.223923,6.2539234,7.8539233,1.8939233,1.5439234,3.1239233,2.1839232,1.7639233,-0.07607666
2.6039233,2.4739234,2.2239234,3.7239234,3.6539233,3.6239233,3.7539234,4.2739234,3.8139234,3.1439233,2.8739233,2.2039232,2.1539233,3.7439234,3.6939232,4.263923,4.6139235,4.5839233,4.1539235,3.7439234,6.3339233,6.0939236,6.073923,5.9339232,6.0039234,5.803923,6.553923,5.803923,5.743923,5.2939234,5.3439236,6.5239234,5.4639235,6.493923,6.1839232,6.803923,2.9639235,3.4139233,2.4039233,1.9339234,1.2239233
2.1539233,2.3739233,3.1739233,2.3739233,2.6739233,2.6139233,3.3839233,3.9739234,4.7339234,3.9239233,2.7139235,2.0139234,2.4539232,3.5039234,3.7839234,3.7639234,4.6139235,4.0839233,4.8139234,4.4139233,5.453923,5.6739235,5.3839235,4.533923,4.6039233,4.6339235,4.703923,4.8639235,5.2939234,5.1939235,5.8939233,6.3439236,6.763923,6.743923,6.6239233,7.1539235,4.533923,2.3239233,3.2139235,1.5039233,0.58392334
1.8439233,2.0939233,1.7539233,3.2039232,3.0239234,3.5339234,4.3139234,4.6939235,5.3739233,4.4839234,3.0039234,1.7139233,1.5839233,3.9739234,3.4639235,3.6339233,3.8339233,3.9539232,3.9439232,3.7539234,3.6939232,3.3239233,3.1539233,3.0539234,2.9839234,3.0339234,3.1339233,3.4639235,3.8039234,4.1439233,4.2939234,4.8639235,5.8539233,6.0839233,5.1739235,5.9239235,5.5439234,3.7239234,3.0739233,1.3639233,0.58392334
1.3239233,1.4739233,1.4739233,2.4839234,2.7839234,2.8239233,3.3339233,4.9239235,5.453923,4.6039233,3.8339233,3.3739233,2.3139234,0.23392335,2.8039234,2.2339234,2.3539233,2.1539233,1.5439234,1.7839234,1.6539234,1.4539233,0.9739233,0.90392333,0.51392335,0.33392334,0.41392335,0.52392334,0.80392337,1.0339234,2.0639234,2.5039234,3.2739234,4.0939236,5.0239234,5.5939236,6.1839232,6.7939234,3.0639234,1.7239233,0.39392334
