wind_kz.json
{"header": {"discipline":0,"disciplineName":"Meteorological products","gribEdition":2,"gribLength":1025,"center":7,"centerName":"US National Weather Service - NCEP(WMC)","subcenter":0,"refTime":"2023-09-28T18:00:00.000Z","significanceOfRT":1,"significanceOfRTName":"Start of forecast","productStatus":0,"productStatusName":"Operational products","productType":1,"productTypeName":"Forecast products","productDefinitionTemplate":0,"productDefinitionTemplateName":"Analysis/forecast at horizontal level/layer at a point in time","parameterCategory":2,"parameterCategoryName":"UnknownDiscipline_0_Category_2","parameterNumber":2,"parameterNumberName":"UnknownParameter_D0_C2_2","parameterUnit":"Unknown","genProcessType":2,"genProcessTypeName":"Forecast","forecastTime":240,"surface1Type":103,"surface1TypeName":"Specified height level above ground","surface1Value":10.0,"surface2Type":255,"surface2TypeName":"Missing","surface2Value":0.0,"gridDefinitionTemplate":0,"gridDefinitionTemplateName":"Latitude_Longitude","numberPoints":615,"shape":6,"shapeName":"Earth spherical with radius of 6,371,229.0 m","gridUnits":"degrees","resolution":48,"winds":"true","scanMode":64,"nx":41,"ny":15,"basicAngle":0,"lo1":47.0,"la1":41.0,"lo2":87.0,"la2":55.0,"dx":1.0,"dy":1.0}, "data":
[rows 0 to 14 of 15, columns 0 to 40 of 41]
-0.35829833,-0.47829834,1.5317017,-0.08829834,0.21170166,-0.7682983,-4.3982983,-4.3782983,-5.0882983,-3.6882982,-4.2382984,-4.1382985,-3.9782984,-3.2482984,-3.0382984,-2.0482984,-2.0482984,-0.57829833,-2.2582984,-1.0882983,-1.1882983,-2.2482984,-1.6082983,-1.9382983,0.26170167,-1.3982984,-2.7882984,0.09170166,0.25170165,0.06170166,-1.1982983,2.4017017,-0.26829833,1.2817017,-1.5482984,0.94170165,0.69170165,0.68170166,-0.39829835,-0.5182983,-0.22829834
-0.39829835,2.0517015,-0.5182983,-1.2882984,-1.7882984,-4.6282983,-3.1182983,-4.558298,-4.0082984,-3.1382983,-2.4082983,-2.0582983,-3.0782983,-3.0382984,-1.9482983,-0.85829836,1.7717017,0.31170166,-0.93829834,-0.34829834,-0.75829834,-2.2182984,-1.4582983,-2.4982984,0.27170166,0.75170165,0.11170166,1.8717017,-1.3682983,-0.18829834,0.19170167,-0.22829834,-0.81829834,-2.1182983,0.11170166,1.3017017,-0.28829834,-0.45829833,-1.1382984,-0.50829834,-3.2282984
-0.03829834,-3.0782983,-2.6582983,-2.3982983,1.1817017,-3.5582983,-2.2282984,-0.8382983,-2.7482984,-2.6882982,-2.9482985,-4.268298,-3.1282983,-2.7382984,-1.7482983,0.07170166,-1.7982984,-1.7782984,-0.6582983,-0.85829836,-1.6782984,-1.3082983,-1.4582983,-0.9682983,1.9317017,-0.86829835,-1.8082983,1.2317016,-2.2682984,-0.19829834,-1.4182984,1.4117017,-0.08829834,-1.2982984,-1.2882984,-0.62829834,0.32170165,-0.25829834,1.0517017,-0.11829834,1.9317017
-3.9782984,-7.1682982,-6.1682982,-4.9082985,-4.6582985,-3.0982983,0.03170166,-2.3082983,-2.6982985,-1.4582983,0.22170167,-1.4682983,-2.1082983,-0.74829835,1.2317016,1.3217016,1.4717016,-0.14829834,0.61170167,-1.1282983,-1.9982983,-1.5582983,3.7017016,-1.2882984,-0.22829834,-0.42829835,-1.6782984,-2.6282983,-2.0282984,-1.5282984,-2.0682983,-3.0882983,-2.1882982,-3.4582984,-2.4182982,-1.8882984,-1.0582983,1.7917017,0.05170166,0.41170165,1.6617017
-3.3082983,-5.768298,-5.1682982,-4.308298,-2.9282982,-1.2782984,0.25170165,0.5317017,0.82170165,0.86170167,0.7817017,1.6517017,2.4717016,2.2817016,3.0817018,2.5517015,3.5517015,2.7717016,1.5317017,0.6617017,-1.0682983,-0.26829833,0.56170166,0.30170166,-0.00829834,-0.94829834,-0.09829834,-1.1282983,-3.5382984,-3.7682984,-3.8182983,-2.3882983,-1.7882984,1.2917017,0.22170167,0.7817017,2.3217018,0.88170165,3.1817017,-0.69829834,1.8617016
-4.438298,-3.1982985,-4.3682985,-4.8482985,-4.1082983,-2.9782984,-0.9582983,-0.06829834,0.47170165,3.2117016,3.5917017,3.7217016,3.7717016,4.711702,4.481702,3.4517016,0.5917017,-0.30829835,1.8217016,1.3617016,0.47170165,2.0517015,0.70170164,0.26170167,-0.20829834,-0.32829833,-1.5882983,-0.01829834,-0.49829835,-2.0082984,-2.8382983,-2.4082983,-2.1382983,-1.6182983,-0.97829837,-0.28829834,-0.39829835,0.6517017,2.4017017,1.5317017,-1.7782984
-3.9882984,-3.3082983,-3.3082983,-3.1482983,-2.3782983,-1.6982983,-1.0082984,-0.04829834,0.57170165,1.5717016,3.3817017,3.1817017,3.1217017,2.5217016,1.7017016,-0.02829834,-2.5782983,-1.8482983,0.29170167,-1.2282983,-0.21829835,1.7217016,0.7317017,-0.31829834,-0.91829836,1.1617017,0.06170166,0.10170166,-0.17829834,-1.3082983,-0.68829834,-0.39829835,-2.4182982,-4.3582983,-3.8782983,-2.2682984,-1.1382984,1.6017016,-1.7582984,2.2817016,-0.24829835
-2.4882984,-1.9782983,-1.5182984,-1.4282984,-0.69829834,-0.8382983,-0.27829835,0.31170166,0.62170166,0.19170167,0.5417017,0.89170164,1.5717016,-2.4482985,0.8517017,-2.9782984,-2.8482983,-3.2182984,-1.1882983,-2.4282982,-0.33829835,-1.2082983,-1.5182984,-0.5282983,-1.4982983,-0.69829834,1.0717016,0.76170164,1.5217017,1.6617017,1.2617017,1.9117017,-2.9382982,1.1417017,-1.1582984,-0.93829834,-2.1782982,-1.0482984,2.8417017,2.6617017,0.56170166
-0.7082983,-0.45829833,-0.07829834,0.15170166,-0.47829834,0.52170163,0.0017016601,-0.35829833,0.16170166,0.7817017,1.2317016,0.64170164,0.62170166,-1.1982983,-0.41829833,-1.3882984,-2.9082983,0.58170164,-2.6682982,-0.79829836,-0.38829833,0.03170166,-1.3282983,-1.6182983,-2.0082984,-2.3482983,-0.05829834,-0.41829833,-0.38829833,-0.04829834,0.11170166,0.83170164,2.0617018,0.17170165,0.10170166,-3.0582983,-0.93829834,-2.1782982,-1.6082983,-0.03829834,-2.2082984
0.43170166,1.3517016,-0.17829834,-0.31829834,-0.88829833,-2.2482984,-3.0382984,-0.99829835,-0.12829834,-0.9082983,1.2417016,0.8517017,1.1817017,-0.12829834,-0.35829833,-1.1482984,-1.8582983,-1.3182983,-1.7082983,-1.7782984,-1.6182983,-1.5682983,-1.6082983,-1.5982983,-2.2382984,-1.3982984,-1.6682984,-0.17829834,-0.19829834,1.0617017,-0.00829834,0.7917017,1.2117016,0.12170166,0.6017017,0.03170166,-2.9082983,-1.3382983,1.2117016,0.75170165,-0.74829835
-3.7282984,-0.98829836,-5.288298,-2.0882983,-0.88829833,-2.4882984,-1.7082983,-0.44829834,0.17170165,1.1917017,2.7717016,3.8317018,2.4917016,0.13170166,-2.0782983,-1.2582984,-1.1782984,-1.3382983,-1.3482983,-0.8482983,-0.79829836,-0.69829834,-1.1482984,-1.6782984,-1.4282984,-1.5482984,-0.87829834,-1.2682984,-1.2182983,0.05170166,0.89170164,2.7017016,1.9217017,1.2117016,1.6417017,-1.2982984,-1.1582984,0.01170166,-0.82829833,0.94170165,-0.44829834
-1.7882984,-2.9882984,-1.6682984,-2.7182984,-2.1382983,-0.82829833,-0.16829833,0.38170165,0.71170163,1.2117016,1.1217017,0.8417017,2.1917017,1.6517017,1.2317016,0.6517017,1.7617017,1.0417017,0.68170166,0.9117017,0.35170165,0.56170166,0.87170166,0.7917017,0.81170166,0.96170163,-0.09829834,-0.81829834,0.23170166,0.61170167,0.36170167,1.3217016,1.6217017,2.8517017,1.6117016,2.3917017,0.18170166,0.04170166,0.11170166,-0.15829834,-0.57829833
-1.7482983,-2.3482983,-1.7282983,-1.5382984,0.42170167,0.71170163,1.2317016,1.5117017,2.2817016,1.8317016,0.92170167,2.2617016,2.6317017,2.6017017,2.8217018,2.1517017,3.4717016,3.1117017,2.4117017,1.6317017,1.7417016,1.9817016,2.0217016,1.7017016,2.1517017,2.0417016,2.3117018,2.3817017,2.1317017,1.7417016,2.1217017,2.1517017,2.4617016,1.1817017,3.0217016,2.5917017,1.8617016,0.17170165,1.1617017,0.13170166,-0.21829835
-1.3682983,-0.04829834,0.9017017,0.7817017,1.4217017,0.87170166,1.1317017,0.9017017,1.6917017,1.4517016,0.92170167,1.2417016,2.8017015,2.7417016,4.021702,3.8317018,3.6017017,3.3817017,3.6017017,3.7117016,3.0317016,2.6717017,2.7017016,1.3217016,1.6517017,1.9917016,2.2217016,2.6217017,2.8917017,3.2817016,2.7717016,2.4717016,2.9117017,2.4717016,1.8417016,2.4217017,2.5317016,0.9817017,0.24170166,0.37170166,0.26170167
-0.06829834,1.7617017,3.0917017,-0.15829834,0.74170166,1.3517016,1.7217016,1.1117016,1.5817016,1.3417016,0.34170166,1.9117017,2.7217016,2.3417017,1.7817017,2.7117016,3.5617018,3.5917017,3.4317017,3.7417016,3.8217018,4.0317016,3.5517015,3.5017016,3.4117017,3.5717018,3.8717017,4.3417015,4.1117015,3.8517017,4.791702,6.3417015,2.9117017,2.7017016,3.1717017,4.2417016,2.8917017,2.5317016,2.2317016,0.8417017,-1.1682984
