wind_kz.json
{"header": {"discipline":0,"disciplineName":"Meteorological products","gribEdition":2,"gribLength":948,"center":7,"centerName":"US National Weather Service - NCEP(WMC)","subcenter":0,"refTime":"2023-08-24T06:00:00.000Z","significanceOfRT":1,"significanceOfRTName":"Start of forecast","productStatus":0,"productStatusName":"Operational products","productType":1,"productTypeName":"Forecast products","productDefinitionTemplate":0,"productDefinitionTemplateName":"Analysis/forecast at horizontal level/layer at a point in time","parameterCategory":0,"parameterCategoryName":"UnknownDiscipline_0_Category_0","parameterNumber":0,"parameterNumberName":"UnknownParameter_D0_C0_0","parameterUnit":"Unknown","genProcessType":2,"genProcessTypeName":"Forecast","forecastTime":240,"surface1Type":1,"surface1TypeName":"Ground or water surface","surface1Value":0.0,"surface2Type":255,"surface2TypeName":"Missing","surface2Value":0.0,"gridDefinitionTemplate":0,"gridDefinitionTemplateName":"Latitude_Longitude","numberPoints":615,"shape":6,"shapeName":"Earth spherical with radius of 6,371,229.0 m","gridUnits":"degrees","resolution":48,"winds":"true","scanMode":64,"nx":41,"ny":15,"basicAngle":0,"lo1":47.0,"la1":41.0,"lo2":87.0,"la2":55.0,"dx":1.0,"dy":1.0}, "data":
[rows 0 to 14 of 15, columns 0 to 40 of 41]
310.83728,299.73727,307.73727,298.83728,298.73727,298.13727,310.9373,318.0373,315.0373,315.9373,315.13727,315.73727,314.9373,314.83728,315.63727,317.23727,318.63727,315.13727,319.73727,317.63727,317.0373,312.9373,310.0373,309.83728,314.13727,319.5373,309.13727,302.63727,298.83728,295.0373,289.0373,280.4373,295.73727,306.9373,312.0373,321.33728,322.63727,323.63727,322.9373,325.4373,328.4373
291.4373,306.5373,298.73727,298.9373,298.9373,297.63727,317.23727,316.13727,312.83728,314.23727,315.5373,314.9373,316.0373,314.73727,316.83728,318.5373,319.4373,318.83728,318.9373,314.13727,319.23727,313.33728,311.33728,303.13727,298.33728,297.9373,305.23727,305.23727,301.33728,293.83728,297.23727,281.13727,298.33728,273.23727,277.5373,301.9373,304.73727,315.9373,319.73727,310.13727,285.5373
310.9373,298.33728,299.0373,298.9373,297.5373,312.73727,312.73727,313.73727,311.9373,311.83728,313.23727,314.23727,315.63727,315.73727,315.83728,318.33728,317.83728,317.5373,317.9373,318.83728,321.73727,314.83728,314.4373,303.63727,308.23727,308.73727,307.83728,311.23727,306.63727,300.5373,292.13727,296.23727,299.9373,300.0373,298.13727,299.13727,282.83728,291.4373,302.23727,298.13727,296.9373
311.5373,298.9373,298.83728,298.13727,300.4373,312.83728,312.63727,313.4373,314.5373,313.73727,313.13727,312.63727,295.33728,294.63727,316.4373,318.5373,315.33728,316.73727,317.63727,318.73727,314.33728,309.9373,312.73727,312.33728,310.23727,309.23727,311.13727,310.13727,310.0373,310.73727,317.4373,312.83728,314.63727,313.9373,309.73727,302.9373,292.13727,285.23727,289.63727,305.9373,312.83728
311.63727,298.5373,298.73727,298.73727,304.83728,310.9373,311.5373,314.83728,311.9373,310.83728,312.5373,312.33728,294.83728,293.5373,291.5373,316.83728,316.5373,312.9373,314.63727,313.4373,314.0373,315.4373,316.4373,315.5373,316.63727,316.23727,312.83728,307.23727,314.33728,312.9373,314.13727,311.63727,300.9373,295.4373,301.9373,311.13727,307.13727,313.23727,316.4373,314.33728,317.33728
313.63727,312.13727,296.9373,298.0373,298.73727,298.33728,315.5373,311.13727,311.13727,310.73727,309.9373,311.23727,296.33728,294.4373,303.13727,312.23727,313.4373,317.13727,314.73727,315.33728,315.0373,314.83728,314.33728,314.33728,315.33728,313.0373,313.83728,292.73727,312.33728,311.4373,312.23727,312.63727,314.5373,311.9373,307.73727,306.83728,304.13727,303.13727,315.73727,319.73727,317.73727
314.0373,316.5373,315.5373,316.5373,309.4373,314.63727,316.4373,313.33728,309.23727,307.83728,307.23727,306.13727,307.0373,308.23727,308.83728,309.5373,312.83728,311.83728,314.4373,314.63727,313.5373,314.0373,315.4373,314.73727,310.13727,312.5373,313.73727,313.83728,313.5373,315.33728,313.5373,311.4373,313.73727,314.5373,314.0373,314.73727,304.4373,301.4373,302.13727,299.0373,311.13727
312.9373,314.4373,313.5373,314.0373,311.9373,315.23727,312.4373,309.13727,307.33728,308.13727,307.83728,306.4373,306.33728,305.73727,307.0373,307.4373,308.0373,308.9373,308.63727,310.33728,309.9373,312.0373,314.0373,313.9373,312.13727,311.33728,310.63727,312.0373,309.63727,310.13727,308.83728,311.23727,308.73727,305.9373,306.9373,311.4373,313.4373,289.63727,311.63727,310.5373,308.73727
306.23727,308.4373,312.0373,311.13727,310.0373,312.63727,313.0373,312.23727,309.83728,308.13727,309.5373,308.9373,309.9373,310.0373,308.23727,308.13727,306.4373,309.5373,308.0373,307.9373,307.63727,308.4373,310.83728,310.83728,310.13727,310.0373,309.5373,311.23727,307.23727,305.5373,305.63727,305.63727,307.63727,307.83728,306.83728,304.5373,311.73727,303.5373,299.4373,294.9373,298.0373
303.5373,302.83728,303.33728,306.63727,309.0373,311.4373,310.9373,309.13727,306.83728,307.0373,306.83728,305.73727,307.63727,307.9373,306.73727,307.4373,306.23727,307.0373,307.4373,307.33728,306.73727,307.63727,307.4373,308.63727,309.83728,307.83728,306.83728,306.23727,306.13727,307.83728,312.0373,309.83728,312.5373,308.83728,307.0373,303.13727,297.0373,297.83728,299.13727,295.4373,296.4373
297.73727,298.83728,300.33728,301.83728,302.5373,304.83728,305.83728,307.63727,307.33728,306.0373,305.0373,305.83728,307.5373,305.4373,307.13727,307.0373,305.5373,304.0373,304.73727,304.23727,304.83728,306.23727,305.23727,305.23727,306.13727,307.13727,304.33728,309.23727,308.63727,311.83728,309.73727,310.5373,308.13727,305.23727,306.23727,301.83728,293.83728,294.0373,298.63727,293.0373,294.4373
295.23727,296.73727,298.9373,300.13727,299.9373,301.13727,301.9373,303.5373,303.83728,300.23727,302.73727,302.5373,304.13727,302.83728,303.33728,304.0373,304.0373,303.23727,300.83728,301.0373,300.73727,300.73727,301.5373,301.9373,301.9373,304.63727,305.83728,307.33728,308.73727,307.5373,305.13727,305.83728,302.9373,305.5373,302.73727,305.63727,301.9373,301.13727,296.63727,295.4373,295.5373
287.0373,292.5373,295.23727,295.13727,295.83728,295.9373,298.33728,301.33728,301.23727,300.73727,291.5373,293.23727,302.13727,296.13727,300.9373,301.73727,301.63727,302.33728,301.23727,300.9373,300.33728,299.0373,300.23727,299.73727,301.63727,303.4373,306.0373,305.13727,305.5373,305.4373,306.0373,304.0373,303.5373,304.33728,304.5373,300.13727,301.63727,297.83728,297.63727,296.73727,293.73727
284.5373,285.9373,289.0373,289.23727,293.5373,293.4373,295.63727,295.9373,299.23727,299.13727,294.13727,291.0373,297.73727,298.33728,297.9373,297.83728,297.9373,300.13727,303.0373,302.0373,301.23727,297.9373,299.4373,300.33728,301.63727,302.83728,301.13727,302.0373,302.23727,303.4373,303.33728,302.33728,301.4373,299.33728,299.33728,300.5373,297.73727,297.33728,297.13727,293.4373,296.63727
283.23727,285.13727,290.0373,285.83728,286.33728,288.4373,288.4373,290.0373,295.83728,296.83728,294.63727,293.5373,290.13727,294.73727,292.73727,294.13727,292.63727,297.83728,299.83728,298.23727,291.73727,295.33728,297.9373,298.83728,301.13727,300.33728,299.83728,299.23727,298.23727,299.73727,294.5373,290.23727,298.0373,295.9373,296.9373,296.13727,294.9373,294.33728,296.5373,296.83728,294.4373
