wind_kz.json
{"header": {"discipline":0,"disciplineName":"Meteorological products","gribEdition":2,"gribLength":1025,"center":7,"centerName":"US National Weather Service - NCEP(WMC)","subcenter":0,"refTime":"2024-02-01T06:00:00.000Z","significanceOfRT":1,"significanceOfRTName":"Start of forecast","productStatus":0,"productStatusName":"Operational products","productType":1,"productTypeName":"Forecast products","productDefinitionTemplate":0,"productDefinitionTemplateName":"Analysis/forecast at horizontal level/layer at a point in time","parameterCategory":2,"parameterCategoryName":"UnknownDiscipline_0_Category_2","parameterNumber":2,"parameterNumberName":"UnknownParameter_D0_C2_2","parameterUnit":"Unknown","genProcessType":2,"genProcessTypeName":"Forecast","forecastTime":240,"surface1Type":103,"surface1TypeName":"Specified height level above ground","surface1Value":10.0,"surface2Type":255,"surface2TypeName":"Missing","surface2Value":0.0,"gridDefinitionTemplate":0,"gridDefinitionTemplateName":"Latitude_Longitude","numberPoints":615,"shape":6,"shapeName":"Earth spherical with radius of 6,371,229.0 m","gridUnits":"degrees","resolution":48,"winds":"true","scanMode":64,"nx":41,"ny":15,"basicAngle":0,"lo1":47.0,"la1":41.0,"lo2":87.0,"la2":55.0,"dx":1.0,"dy":1.0}, "data":
[rows 0 to 14 of 15, columns 0 to 40 of 41]
0.4326709,-0.7073291,0.7126709,1.0126709,0.7826709,-0.0673291,-3.237329,-4.247329,-5.887329,-3.3673291,-4.197329,-5.2073293,-5.527329,-5.577329,-5.517329,-4.9773293,-4.9773293,-6.2073293,-6.987329,-6.327329,-3.8673291,-0.7873291,1.5326709,0.5526709,-1.7073292,-1.9873291,-1.3973291,1.0426708,0.1926709,-0.0773291,1.7826709,2.1726708,0.0426709,-0.6873291,1.4226708,1.6526709,2.582671,2.4826708,2.552671,1.7426709,2.2226708
0.5126709,0.8026709,3.4626708,2.2226708,-1.447329,-2.667329,-2.3173292,-0.2673291,-2.627329,-2.7873292,-3.427329,-4.217329,-4.337329,-4.737329,-4.427329,-5.807329,-5.837329,-6.587329,-4.927329,-4.4573293,-3.3373291,-2.237329,-1.3873291,0.2326709,-0.1573291,0.3626709,0.3026709,0.18267089,0.8626709,0.3426709,0.7726709,-0.2473291,1.9626709,0.8626709,0.18267089,-0.0773291,-0.7573291,-1.1573291,-2.5573292,-0.1173291,0.25267088
0.6526709,-0.3273291,-0.8473291,-2.3473291,-2.997329,-2.5373292,-2.0773292,-1.2473291,-2.2973292,-2.137329,-1.5273291,-2.5773292,-2.477329,-3.5573292,-3.627329,-4.107329,-5.377329,-3.927329,-3.2873292,-2.5473292,-1.2373291,0.4526709,-1.067329,-1.057329,-0.9173291,-1.3873291,-2.0473292,-1.1273291,1.5026709,-0.027329102,0.8826709,0.21267089,-0.7573291,-0.3073291,-1.557329,0.3426709,-0.1173291,-0.4273291,-0.4773291,3.112671,-0.3773291
0.2226709,1.1126709,0.4926709,-1.0073291,-2.177329,-0.2273291,-0.6873291,1.7126709,-0.2673291,-1.5973291,-1.5873291,-1.2273291,-0.9773291,-1.6173291,-1.5173291,-1.8373291,-2.387329,-1.9973291,-1.7273291,-1.0473291,-0.4173291,-1.2873291,-1.9273291,-0.5473291,0.4526709,0.9126709,0.5826709,1.3526709,1.7626709,0.1426709,0.0026708983,0.2026709,-0.17732911,-3.0773292,-2.757329,-0.7573291,-1.5373291,2.9726708,-2.0273292,-0.8073291,-0.1573291
1.7826709,2.372671,2.4626708,2.572671,1.8426709,1.6426709,1.2726709,1.0426708,-2.157329,-0.8973291,-0.4673291,1.6726708,3.252671,3.1426709,1.7226709,0.6726709,0.4826709,0.5326709,0.8426709,1.1426709,2.052671,2.852671,2.4226708,2.772671,2.572671,2.2326708,3.2126708,3.812671,3.9726708,3.4826708,3.612671,4.182671,1.2226709,5.5226707,-1.7173291,0.6226709,0.2626709,1.9926709,2.322671,-1.057329,0.1226709
3.772671,3.292671,3.762671,4.262671,3.3926709,2.762671,2.562671,1.4726709,-0.6773291,1.1426709,-0.087329105,0.64267087,4.052671,3.052671,1.2826709,1.2126709,0.7826709,1.5326709,2.242671,2.782671,3.622671,4.902671,4.952671,4.232671,4.662671,4.722671,5.592671,4.632671,4.932671,4.722671,4.5826707,5.492671,3.802671,1.3226709,2.322671,-2.147329,1.692671,4.3526707,9.642671,-2.3273292,0.6726709
4.362671,4.6026707,5.952671,6.2926707,5.122671,4.142671,3.4526708,1.1626709,-0.4773291,-1.8773291,-2.0973291,-1.0473291,-0.9573291,0.7526709,1.1526709,1.4526709,1.7026709,2.822671,1.6526709,2.7326708,4.302671,5.232671,4.972671,4.5626707,5.862671,5.532671,4.732671,5.992671,4.452671,5.172671,4.7726707,4.612671,4.972671,1.8626709,1.5026709,0.7226709,-0.1473291,1.1326709,2.3826709,-1.8973291,-0.0673291
2.512671,2.8926709,3.352671,3.582671,3.4226708,1.8926709,-1.057329,-2.127329,-2.637329,-3.0573292,-1.5473291,-0.5273291,1.2826709,2.262671,1.552671,2.6926708,2.7326708,3.242671,3.122671,4.672671,7.322671,6.5426707,5.732671,5.822671,6.3126707,5.782671,6.552671,1.552671,5.052671,3.7126708,4.382671,4.972671,1.7526709,3.002671,5.402671,6.472671,0.4126709,1.7126709,0.2226709,-1.307329,-0.2373291
-2.437329,-3.0173292,-3.487329,-3.5473292,-3.997329,-4.527329,-4.537329,-5.007329,-4.347329,-1.8473291,-1.1073291,0.7726709,3.262671,1.9726709,3.052671,3.072671,4.482671,4.942671,5.342671,5.932671,8.59267,8.632671,7.762671,6.2726707,7.3526707,6.662671,6.782671,5.382671,7.1026707,5.3326707,5.762671,5.3326707,10.232671,7.182671,5.712671,2.602671,0.6326709,1.062671,0.7926709,1.4726709,2.602671
-3.5373292,-3.747329,-4.217329,-4.507329,-4.387329,-4.217329,-3.907329,-3.157329,-1.9273291,-1.4073291,-0.017329102,2.502671,2.3926709,2.9826708,3.7126708,4.262671,4.3126707,4.462671,4.992671,5.802671,8.532671,9.2626705,8.602671,8.242671,8.072671,7.622671,8.132671,8.792671,7.922671,9.502671,7.982671,8.992671,6.702671,7.5226707,3.7226708,0.2026709,-0.0473291,-0.8673291,3.842671,3.1926708,2.272671
-3.197329,-3.3073292,-2.907329,-2.687329,-2.637329,-2.8073292,-1.8673291,-2.5173292,-1.7573291,-0.8773291,1.0426708,2.4426708,1.7526709,4.0826707,4.422671,4.1026707,4.532671,5.252671,4.612671,5.642671,7.372671,7.492671,8.272671,8.432671,8.192671,8.672671,9.322671,9.482671,10.102671,10.642671,10.3026705,8.692671,8.022671,5.7726707,4.202671,0.7926709,1.432671,1.5426708,4.282671,4.422671,5.032671
-1.4673291,-1.7173291,-1.7473291,-1.7673291,-1.5273291,-1.1573291,-0.9573291,-1.0473291,-0.6173291,-1.187329,0.7626709,2.622671,3.312671,3.802671,4.622671,4.282671,5.362671,5.932671,4.5426707,6.252671,6.632671,7.482671,7.732671,7.7926707,8.182671,8.322671,9.34267,10.102671,9.102671,8.59267,7.572671,6.992671,6.1026707,5.712671,4.982671,5.762671,7.682671,10.072671,6.912671,5.052671,3.242671
-0.6973291,0.5826709,0.1426709,-0.8173291,-0.4773291,-0.0473291,-0.2473291,-0.5673291,0.2726709,-0.5673291,-0.0973291,2.262671,2.8926709,3.752671,3.6826708,4.172671,4.822671,5.142671,5.162671,5.702671,5.922671,6.872671,6.982671,7.392671,7.782671,7.672671,8.042671,8.022671,7.442671,6.892671,6.8526707,6.922671,6.482671,6.8126707,6.552671,7.032671,7.342671,5.902671,9.152671,9.2626705,6.8126707
0.3526709,0.9926709,0.9226709,1.3326709,0.0426709,0.0526709,0.4326709,0.7226709,0.7126709,0.4626709,0.3626709,1.7226709,2.052671,3.2026708,3.862671,4.8326707,4.962671,5.092671,4.7926707,5.822671,6.142671,6.762671,7.3326707,6.942671,6.2926707,5.662671,5.652671,5.712671,5.672671,5.8326707,6.182671,6.552671,6.662671,7.1026707,6.742671,7.732671,7.0626707,7.402671,8.192671,7.122671,9.682671
0.7926709,1.4026709,1.7826709,1.2226709,1.192671,1.192671,1.5826709,1.4126709,1.812671,1.1026709,1.0426708,1.9926709,3.282671,4.682671,4.652671,5.112671,5.282671,5.342671,4.782671,5.572671,5.552671,5.982671,5.992671,5.5826707,5.212671,4.922671,4.892671,5.152671,5.5626707,6.0826707,6.842671,8.242671,7.5226707,7.682671,8.272671,8.712671,7.662671,9.152671,9.282671,9.392671,5.892671
