wind_kz.json
{"header": {"discipline":0,"disciplineName":"Meteorological products","gribEdition":2,"gribLength":1025,"center":7,"centerName":"US National Weather Service - NCEP(WMC)","subcenter":0,"refTime":"2024-01-31T00:00:00.000Z","significanceOfRT":1,"significanceOfRTName":"Start of forecast","productStatus":0,"productStatusName":"Operational products","productType":1,"productTypeName":"Forecast products","productDefinitionTemplate":0,"productDefinitionTemplateName":"Analysis/forecast at horizontal level/layer at a point in time","parameterCategory":2,"parameterCategoryName":"UnknownDiscipline_0_Category_2","parameterNumber":3,"parameterNumberName":"UnknownParameter_D0_C2_3","parameterUnit":"Unknown","genProcessType":2,"genProcessTypeName":"Forecast","forecastTime":300,"surface1Type":103,"surface1TypeName":"Specified height level above ground","surface1Value":10.0,"surface2Type":255,"surface2TypeName":"Missing","surface2Value":0.0,"gridDefinitionTemplate":0,"gridDefinitionTemplateName":"Latitude_Longitude","numberPoints":615,"shape":6,"shapeName":"Earth spherical with radius of 6,371,229.0 m","gridUnits":"degrees","resolution":48,"winds":"true","scanMode":64,"nx":41,"ny":15,"basicAngle":0,"lo1":47.0,"la1":41.0,"lo2":87.0,"la2":55.0,"dx":1.0,"dy":1.0}, "data":
[rows 0 to 14 of 15, columns 0 to 40 of 41]
0.7755475,0.46554747,0.6055475,4.2455473,1.9555475,0.2955475,0.2955475,0.69554746,0.6555475,-1.0244526,-2.8244524,-3.6544526,-4.5344524,-5.4544525,-6.7044525,-6.6244526,-7.5944524,-5.2144527,-7.0144525,-4.3944526,-5.0744524,-5.4644527,-0.7944525,1.4855475,2.8255475,1.6255475,-0.12445252,3.2955475,1.2655475,-0.9644525,-2.8944526,-4.6644526,-0.6544525,-1.0744525,-1.8544525,-2.9444525,-1.9544525,-0.4244525,0.46554747,1.2455475,3.8855474
3.3755474,4.3555474,6.3255477,5.6855474,3.9355476,1.9155475,1.1355475,1.1455475,0.24554749,-1.3444525,-2.2344525,-3.3444526,-4.1344523,-4.8444524,-6.5144525,-6.7744527,-6.0544524,-7.0944524,-8.624453,-7.1544523,-2.0444524,-7.9944525,-3.3644526,-1.0444525,1.7455475,2.5755475,2.0155475,2.8255475,0.9255475,3.3055475,2.5055475,4.3255477,0.88554746,-1.0544525,-3.9544525,-1.6144525,1.5655475,-0.064452514,1.4655474,-2.6844525,-0.61445254
3.4255476,8.835547,7.7155476,6.5555477,5.4755473,4.3855476,2.6655474,1.8955475,0.8655475,-0.3444525,-1.5044525,-2.6244526,-3.8044524,-4.3344526,-5.0644526,-6.0144525,-6.7344527,-7.7944527,-8.994452,-8.964453,-3.5344524,-0.3344525,-8.804453,-2.7544525,-2.6644526,-2.4944525,-2.3544526,-2.2844524,0.5355475,-1.1944525,-0.9544525,-1.7144525,-1.8044525,0.8055475,0.035547484,-1.0244526,-0.6444525,-1.9344525,0.8555475,-0.054452516,1.7255474
4.5055475,6.7555475,6.5855474,6.2955475,4.7955475,3.5755475,3.4355476,1.3455474,0.49554747,0.035547484,-1.1244525,-2.6844525,-3.7844524,-4.4544525,-4.5544524,-5.7544527,-6.4044523,-6.8844523,-8.074452,-9.084453,-7.6344523,-3.4544525,-2.8944526,-2.7944524,-3.7844524,-3.5044525,-4.2444525,-4.3044524,-3.4844525,-3.7044525,-4.1744523,-1.0644525,0.24554749,1.7355475,-0.99445254,-0.9844525,-0.13445252,4.0755477,-0.48445252,1.7555475,1.5755475
2.6255474,1.9355475,0.5155475,-0.014452514,1.8555474,2.6655474,1.8855475,2.2555475,1.6955475,0.81554747,0.12554748,-1.3044525,-3.1644526,-4.1244526,-4.8444524,-4.9544525,-5.5844526,-5.7544527,-5.5444527,-5.9044523,-5.8544526,-3.9444525,-4.7244525,-3.9544525,-3.8844526,-2.4044526,-2.8644526,-4.5244527,-3.5544524,-3.9344525,-4.2144527,-3.5144525,1.3555474,2.0355475,-0.4244525,0.5355475,-1.1144525,-0.3944525,-0.5144525,-0.4644525,-2.1044526
3.8255475,3.0255475,0.5455475,-0.17445251,-0.5244525,-0.4644525,2.1255474,2.3955474,1.4355475,0.9555475,-0.23445252,-0.5744525,-2.1244526,-3.6744525,-4.4844527,-4.1944523,-3.9444525,-4.0844526,-4.6044526,-3.9344525,-3.4144526,-3.8544526,-4.1444526,-3.1344526,-3.1144526,-2.6144526,-3.4944525,-4.0444527,-3.7344525,-3.3844526,-3.0044525,-3.3444526,-3.1544526,-2.7344525,-0.22445251,-2.8144524,2.8555474,1.9555475,0.025547486,-2.2944524,-1.5244526
2.8055475,3.1655474,3.8355474,3.2055476,2.4255476,2.2755475,1.6855475,0.13554749,0.33554748,0.015547485,-0.8944525,-0.6444525,-2.4744525,-2.2944524,-2.7344525,-3.4344525,-3.1844525,-2.8644526,-3.5444524,-1.7344525,-2.4644525,-2.6544526,-3.1944525,-3.3044524,-3.2644525,-2.2544525,-1.4544525,-3.3844526,-1.5844525,-2.7844524,-2.2144525,-1.9344525,-2.4144526,-1.4344525,-1.9744525,-2.1844525,-3.5244524,0.4755475,-0.5644525,1.4755474,0.8655475
4.2755475,4.3055477,4.1655474,3.9855475,3.8055475,3.1755476,2.6355474,1.6755475,0.9555475,0.14554748,-0.8144525,-0.5044525,-1.5744525,-1.9644525,-2.1044526,-2.7144525,-1.7544525,-2.1044526,-2.5944526,-2.9844525,-1.3244525,-2.1044526,-2.0244524,-2.7544525,-2.4244525,-1.7644525,-2.3144524,-3.0144525,-1.8944526,-1.1644526,-1.2944525,-0.4544525,-2.2144525,-0.80445254,1.5255475,0.9355475,0.81554747,-0.13445252,-0.21445252,0.39554748,-1.7944525
4.6655474,4.9555473,4.6255474,3.9955475,2.9355476,2.7155476,2.8255475,1.5755475,0.8955475,-0.054452516,-0.5744525,-1.0544525,-0.74445254,-1.6344525,-1.8244525,-1.8344525,-1.8444525,-2.1644526,-1.7944525,-2.1844525,-1.5844525,-2.1944525,-2.5544524,-2.5044525,-1.8044525,-1.5844525,-0.3744525,-0.99445254,-0.5644525,-1.2644525,-1.8744525,-0.10445251,0.9955475,-0.4544525,2.9855475,2.1755476,-2.7644525,1.9155475,0.06554749,0.36554748,-3.3144524
4.4155474,3.8555474,3.4655476,3.3555474,2.6455474,1.9055475,1.6255475,1.3455474,0.9855475,-0.12445252,-0.29445252,-0.24445252,-0.92445254,-0.5344525,-0.5644525,-1.4144526,-1.3844525,-1.3644525,-0.93445253,-0.9144525,-1.1744525,-1.1044525,-1.3444525,-0.9844525,-0.9144525,-0.7944525,-0.3944525,-0.9644525,-0.3444525,0.48554748,-0.3644525,-0.9144525,-2.2444525,-2.5344524,-1.8344525,1.8855475,0.7255475,-2.1244526,1.1755475,5.2755475,3.5655475
4.1755476,4.0455475,3.7255476,2.7055476,2.6255474,2.7955475,2.1655474,1.3955475,1.0955474,0.21554749,-0.10445251,0.07554749,0.33554748,0.5455475,0.5255475,-0.9044525,-1.4244525,-1.0844525,-0.3744525,-0.9644525,-1.1444526,-0.67445254,-1.3144525,-1.2644525,-0.4644525,0.07554749,-0.41445252,-0.4644525,-0.22445251,-1.3444525,-0.9444525,-1.1044525,-0.3744525,-0.12445252,2.1955476,1.9455475,3.3155475,2.6055474,3.1355474,1.1655475,0.8655475
3.3755474,3.6755476,3.8455474,4.3255477,3.7455475,3.1855476,2.2055476,2.0655475,1.0755475,0.5355475,0.23554748,2.0055475,1.6855475,1.2055475,1.3255475,1.0355475,0.07554749,-0.62445253,0.3755475,-0.044452514,-0.4244525,-1.1144525,-1.1244525,-0.3344525,-0.5344525,-1.2244525,-0.8244525,-1.7344525,-2.3644526,-2.2644525,-2.0444524,-1.0844525,0.42554748,0.7955475,1.3855475,2.3955474,2.6155474,1.1255475,-0.7544525,-0.014452514,-1.2644525
5.6355476,4.7355475,4.5855474,4.3255477,3.7955475,3.0855474,3.1055474,2.6755476,2.2555475,1.1555475,0.30554748,-0.4344525,1.9455475,1.2155474,1.9355475,1.2955475,0.88554746,0.62554747,1.6055474,0.9355475,1.4755474,0.63554746,0.15554748,-0.61445254,-1.4244525,-0.9044525,-1.6044525,-1.4944525,-1.2344525,-1.3644525,-1.3244525,-1.7344525,-0.8144525,1.4355475,2.2055476,2.3755474,2.1355474,2.7455475,2.8855474,1.8455474,1.4755474
7.1355476,7.1555476,7.5955477,6.0255475,5.7855473,5.0855474,4.4855475,3.8655474,3.2555475,2.8555474,0.4155475,0.085547484,2.3155475,2.1655474,1.7155474,1.6955475,1.4055475,1.2455475,1.6655475,1.5855474,1.6055474,1.1655475,0.7255475,0.50554746,0.2855475,-0.21445252,-0.8844525,-0.74445254,-0.8544525,-1.3744525,-1.3744525,-0.86445254,-1.8144525,-1.6344525,-0.07445251,2.4255476,2.7255476,2.8855474,3.1755476,3.3555474,3.8555474
4.9855475,7.0855474,8.485547,7.5255475,7.5055475,6.2555475,5.3655477,4.7555475,3.8955474,3.7355475,2.0255475,0.5955475,0.48554748,0.14554748,2.3255475,1.8955475,1.6855475,1.4955475,1.8455474,1.7355475,1.9055475,1.5755475,1.1655475,0.63554746,0.49554747,0.3455475,0.14554748,-0.32445252,-0.61445254,-0.7144525,-1.3544525,-1.6944525,-1.1344525,-1.8444525,-2.8444526,-2.2544525,1.8055475,2.6355474,2.2155476,3.1655474,3.0655475
