wind_kz.json
{"header": {"discipline":0,"disciplineName":"Meteorological products","gribEdition":2,"gribLength":871,"center":7,"centerName":"US National Weather Service - NCEP(WMC)","subcenter":0,"refTime":"2023-10-02T06:00:00.000Z","significanceOfRT":1,"significanceOfRTName":"Start of forecast","productStatus":0,"productStatusName":"Operational products","productType":1,"productTypeName":"Forecast products","productDefinitionTemplate":0,"productDefinitionTemplateName":"Analysis/forecast at horizontal level/layer at a point in time","parameterCategory":0,"parameterCategoryName":"UnknownDiscipline_0_Category_0","parameterNumber":0,"parameterNumberName":"UnknownParameter_D0_C0_0","parameterUnit":"Unknown","genProcessType":2,"genProcessTypeName":"Forecast","forecastTime":180,"surface1Type":1,"surface1TypeName":"Ground or water surface","surface1Value":0.0,"surface2Type":255,"surface2TypeName":"Missing","surface2Value":0.0,"gridDefinitionTemplate":0,"gridDefinitionTemplateName":"Latitude_Longitude","numberPoints":615,"shape":6,"shapeName":"Earth spherical with radius of 6,371,229.0 m","gridUnits":"degrees","resolution":48,"winds":"true","scanMode":64,"nx":41,"ny":15,"basicAngle":0,"lo1":47.0,"la1":41.0,"lo2":87.0,"la2":55.0,"dx":1.0,"dy":1.0}, "data":
[rows 0 to 14 of 15, columns 0 to 40 of 41]
290.3451,281.0451,286.0451,293.3451,293.4451,292.14508,291.2451,294.2451,291.8451,293.14508,291.7451,293.2451,292.8451,292.7451,291.64508,288.7451,288.64508,289.64508,286.4451,288.3451,289.9451,287.4451,286.64508,287.5451,290.0451,290.7451,286.3451,276.0451,274.9451,275.9451,274.8451,273.2451,284.3451,291.14508,292.3451,290.7451,290.7451,290.5451,290.9451,290.3451,289.0451
269.64508,285.4451,293.0451,293.0451,293.14508,291.5451,291.14508,291.4451,291.0451,291.2451,291.8451,291.2451,291.0451,290.14508,287.9451,287.4451,287.8451,286.14508,283.5451,283.8451,287.64508,289.14508,287.5451,281.14508,271.14508,273.9451,281.7451,275.9451,279.0451,274.2451,279.4451,271.3451,276.64508,255.74509,272.2451,287.0451,285.9451,288.3451,290.8451,283.8451,283.64508
287.8451,292.8451,292.8451,292.4451,290.7451,290.3451,290.3451,290.4451,289.8451,289.5451,290.0451,290.4451,289.2451,290.2451,290.2451,287.8451,287.4451,286.2451,284.14508,283.5451,286.0451,287.4451,287.3451,283.7451,285.5451,284.5451,286.4451,286.0451,286.7451,279.5451,271.5451,275.9451,281.0451,279.3451,282.5451,283.14508,273.9451,276.64508,277.3451,271.64508,271.14508
288.8451,291.8451,292.64508,291.8451,291.0451,291.8451,293.2451,290.2451,290.3451,290.0451,289.9451,289.0451,289.64508,289.0451,290.64508,287.4451,288.7451,286.64508,285.0451,284.0451,286.3451,281.4451,287.5451,288.0451,288.3451,290.2451,289.8451,288.2451,287.2451,287.64508,289.2451,286.5451,290.0451,288.9451,285.8451,284.8451,274.0451,266.3451,276.14508,283.2451,286.8451
287.2451,291.3451,291.64508,291.14508,291.3451,292.5451,292.14508,289.8451,290.2451,289.64508,289.3451,288.64508,288.5451,287.2451,285.9451,288.8451,288.4451,289.3451,285.14508,288.0451,287.8451,288.64508,287.7451,288.7451,289.4451,290.4451,288.9451,287.5451,289.64508,289.0451,290.3451,287.2451,278.14508,269.0451,277.7451,285.7451,288.3451,290.0451,291.14508,290.9451,289.7451
284.9451,284.5451,289.4451,290.14508,290.64508,290.3451,289.64508,290.2451,289.4451,289.3451,289.14508,289.14508,288.0451,288.3451,288.14508,287.5451,290.0451,289.0451,288.7451,288.8451,286.8451,286.5451,287.5451,287.7451,287.5451,286.7451,288.4451,286.0451,290.0451,289.8451,287.8451,289.14508,287.5451,285.14508,284.64508,287.0451,280.3451,281.9451,285.64508,288.5451,288.4451
282.64508,281.5451,284.2451,285.3451,287.7451,289.14508,288.9451,290.14508,288.9451,289.14508,287.9451,287.64508,287.4451,287.14508,287.0451,288.2451,288.7451,289.5451,288.3451,287.7451,287.0451,286.4451,287.7451,288.0451,286.8451,287.4451,286.5451,287.8451,287.3451,287.7451,286.8451,287.4451,287.7451,287.7451,287.2451,285.5451,281.8451,279.0451,275.7451,273.7451,284.4451
281.7451,281.9451,281.8451,283.3451,284.5451,285.7451,287.7451,288.64508,289.3451,289.14508,287.14508,286.9451,286.7451,287.5451,288.0451,288.64508,288.5451,288.7451,288.9451,286.64508,286.3451,286.0451,285.64508,285.9451,285.64508,283.14508,284.5451,284.8451,283.7451,285.4451,284.64508,284.8451,285.14508,282.7451,283.0451,282.9451,284.2451,284.8451,284.4451,284.0451,282.64508
280.4451,280.64508,281.5451,280.0451,282.64508,282.8451,284.3451,287.14508,287.7451,288.7451,288.9451,288.14508,286.9451,287.7451,286.8451,288.64508,288.5451,288.3451,287.9451,286.9451,284.8451,284.5451,285.2451,284.8451,283.3451,283.64508,282.14508,282.64508,281.64508,280.5451,281.4451,282.7451,283.9451,284.8451,283.7451,282.0451,282.8451,281.5451,271.2451,272.2451,270.64508
278.5451,279.8451,280.3451,280.9451,280.7451,282.14508,282.2451,282.9451,285.4451,286.3451,285.9451,288.5451,289.3451,288.5451,287.5451,287.3451,288.4451,289.14508,288.8451,287.7451,286.9451,285.3451,285.9451,285.5451,285.14508,283.7451,283.4451,283.2451,283.2451,283.3451,283.2451,285.64508,287.2451,286.7451,284.8451,283.4451,282.2451,278.14508,274.0451,273.3451,271.64508
278.0451,279.0451,279.4451,280.0451,280.14508,280.0451,280.8451,281.3451,281.3451,282.8451,284.4451,285.5451,287.7451,288.2451,288.0451,288.14508,287.0451,288.4451,288.7451,287.9451,288.14508,286.7451,285.7451,285.3451,284.8451,284.4451,282.2451,283.9451,284.2451,285.8451,286.7451,287.3451,286.64508,286.9451,286.5451,283.64508,279.64508,276.9451,275.9451,276.7451,274.5451
277.0451,277.4451,278.0451,278.64508,278.64508,279.0451,278.8451,278.9451,279.2451,280.7451,280.14508,282.14508,285.0451,285.7451,286.64508,288.2451,287.4451,287.5451,288.2451,287.9451,287.2451,286.7451,286.4451,285.8451,284.7451,284.7451,284.2451,285.3451,285.7451,286.0451,285.5451,285.7451,286.14508,284.14508,285.4451,284.8451,284.8451,283.8451,283.0451,281.7451,280.2451
274.3451,275.9451,276.14508,277.7451,278.0451,277.8451,277.9451,278.64508,278.4451,278.0451,277.5451,278.0451,282.0451,283.8451,286.14508,288.0451,288.4451,288.3451,288.2451,287.7451,288.14508,287.4451,287.0451,287.0451,286.64508,286.14508,286.14508,285.5451,285.5451,284.9451,285.0451,284.9451,284.9451,284.0451,284.2451,284.14508,283.8451,284.8451,282.9451,281.7451,281.3451
274.2451,275.14508,280.0451,275.64508,275.8451,276.5451,276.64508,276.64508,278.0451,278.5451,276.9451,276.14508,277.3451,281.14508,285.3451,286.5451,287.3451,287.8451,287.9451,288.0451,288.0451,288.5451,289.3451,288.9451,288.9451,287.2451,286.64508,286.3451,285.3451,284.9451,284.9451,284.3451,283.8451,283.0451,283.2451,282.3451,282.3451,282.2451,281.9451,281.64508,281.4451
273.64508,275.14508,284.0451,275.7451,275.4451,274.9451,275.7451,275.9451,277.0451,277.5451,277.0451,277.4451,276.9451,278.9451,281.3451,284.64508,285.5451,286.2451,287.0451,286.64508,288.2451,287.7451,288.8451,288.8451,288.4451,288.2451,287.5451,287.2451,287.0451,285.9451,284.64508,285.0451,284.64508,283.5451,282.8451,283.0451,283.2451,281.9451,282.5451,282.5451,281.9451
