wind.json
{"header": {"discipline":0,"disciplineName":"Meteorological products","gribEdition":2,"gribLength":953,"center":7,"centerName":"US National Weather Service - NCEP(WMC)","subcenter":0,"refTime":"2023-06-29T12:00:00.000Z","significanceOfRT":1,"significanceOfRTName":"Start of forecast","productStatus":0,"productStatusName":"Operational products","productType":1,"productTypeName":"Forecast products","productDefinitionTemplate":0,"productDefinitionTemplateName":"Analysis/forecast at horizontal level/layer at a point in time","parameterCategory":0,"parameterCategoryName":"UnknownDiscipline_0_Category_0","parameterNumber":0,"parameterNumberName":"UnknownParameter_D0_C0_0","parameterUnit":"Unknown","genProcessType":2,"genProcessTypeName":"Forecast","forecastTime":300,"surface1Type":1,"surface1TypeName":"Ground or water surface","surface1Value":0.0,"surface2Type":255,"surface2TypeName":"Missing","surface2Value":0.0,"gridDefinitionTemplate":0,"gridDefinitionTemplateName":"Latitude_Longitude","numberPoints":688,"shape":6,"shapeName":"Earth spherical with radius of 6,371,229.0 m","gridUnits":"degrees","resolution":48,"winds":"true","scanMode":64,"nx":43,"ny":16,"basicAngle":0,"lo1":45.0,"la1":40.0,"lo2":87.0,"la2":55.0,"dx":1.0,"dy":1.0}, "data":
[rows 0 to 15 of 16, columns 0 to 42 of 43]
281.82794,281.82794,294.32794,296.72794,298.52792,297.82794,297.22794,296.02792,297.72794,297.12793,301.32794,298.42792,301.42792,300.72794,300.72794,303.62793,303.82794,303.52792,300.62793,300.22794,300.22794,296.62793,296.82794,299.02792,297.82794,293.12793,292.72794,285.12793,279.32794,278.22794,280.12793,293.02792,297.22794,297.22794,298.52792,299.52792,300.72794,299.82794,301.22794,300.62793,302.32794,302.42792,302.32794
286.12793,295.02792,296.02792,287.42792,290.82794,297.32794,297.02792,295.72794,298.12793,302.92792,301.02792,302.32794,301.42792,303.42792,303.32794,303.52792,303.42792,300.32794,299.42792,299.02792,300.52792,299.42792,300.12793,296.22794,297.22794,292.72794,295.32794,295.52792,291.22794,280.12793,277.92792,278.12793,280.82794,281.82794,292.02792,298.42792,300.92792,301.62793,300.62793,300.02792,301.12793,302.32794,302.72794
287.32794,284.42792,278.22794,292.72794,297.12793,297.12793,296.92792,294.92792,299.32794,301.22794,302.72794,301.72794,302.62793,301.62793,301.02792,300.52792,301.72794,300.12793,301.82794,298.02792,298.42792,299.12793,300.42792,299.12793,298.52792,292.42792,279.42792,276.82794,286.82794,277.12793,278.82794,275.22794,281.92792,275.12793,283.32794,261.72794,278.82794,294.82794,293.92792,297.42792,301.52792,294.02792,283.52792
287.02792,288.82794,293.62793,297.82794,297.62793,297.42792,296.62793,298.22794,297.72794,299.12793,299.42792,300.42792,301.82794,302.42792,300.02792,299.42792,300.62793,301.02792,299.82794,300.72794,300.52792,301.52792,301.62793,297.22794,298.42792,291.62793,296.52792,294.52792,295.82794,292.92792,292.42792,284.62793,276.62793,279.92792,284.02792,283.82794,284.62793,286.62793,279.72794,282.72794,283.32794,279.22794,278.72794
294.62793,298.12793,293.12793,298.02792,298.22794,297.72794,297.12793,296.62793,297.42792,297.22794,297.72794,299.62793,301.72794,303.22794,295.42792,294.82794,298.12793,299.02792,300.42792,301.52792,302.02792,302.22794,299.82794,295.02792,298.72794,299.22794,299.52792,299.62793,300.22794,298.42792,297.52792,297.62793,296.32794,293.22794,298.92792,296.32794,295.62793,292.62793,281.12793,278.62793,284.92792,295.52792,298.32794
294.52792,298.72794,298.92792,298.62793,298.62793,299.12793,298.82794,298.32794,297.92792,298.42792,298.82794,299.72794,301.12793,302.92792,296.02792,295.32794,292.32794,299.72794,300.62793,299.42792,297.22794,300.32794,299.92792,300.92792,299.12793,299.52792,300.82794,300.72794,297.52792,295.32794,299.52792,299.22794,299.72794,296.92792,285.22794,275.52792,286.02792,295.22794,296.62793,301.82794,302.12793,301.32794,302.12793
295.52792,297.92792,297.32794,296.72794,299.22794,298.42792,298.42792,297.82794,299.72794,300.42792,300.22794,301.52792,304.62793,304.82794,295.72794,294.62793,294.72794,299.32794,300.42792,300.12793,299.92792,300.22794,299.92792,299.72794,299.42792,299.12793,298.42792,296.02792,297.32794,290.72794,297.72794,299.32794,298.22794,298.22794,297.02792,294.52792,295.12793,294.22794,290.92792,291.72794,300.02792,302.32794,300.22794
295.12793,296.52792,297.22794,296.22794,300.12793,299.22794,298.52792,298.22794,300.02792,300.12793,303.12793,304.32794,304.32794,303.42792,303.42792,299.02792,299.32794,299.42792,299.42792,297.92792,298.12793,298.02792,297.12793,298.42792,298.32794,298.52792,296.22794,296.62793,296.12793,296.32794,297.02792,296.62793,296.82794,297.02792,297.32794,297.62793,294.62793,294.52792,291.72794,289.32794,286.32794,286.02792,296.82794
294.12793,293.62793,296.42792,297.62793,299.52792,299.32794,299.12793,297.92792,300.62793,302.22794,301.12793,301.42792,302.22794,300.82794,299.22794,299.92792,298.32794,298.72794,299.02792,298.32794,296.82794,295.02792,294.22794,295.12793,294.42792,295.42792,292.72794,290.62793,292.52792,294.02792,292.82794,294.52792,293.62793,294.42792,294.32794,292.62793,292.22794,294.02792,296.52792,288.32794,296.02792,295.82794,293.92792
291.42792,294.82794,295.72794,296.32794,297.32794,296.82794,297.82794,296.82794,297.12793,298.82794,299.32794,299.82794,298.32794,298.62793,297.92792,297.12793,295.92792,297.22794,297.12793,296.92792,295.82794,293.62793,291.52792,291.12793,292.82794,293.02792,291.02792,291.82794,291.22794,290.92792,289.92792,288.82794,289.82794,291.52792,292.72794,292.62793,293.02792,290.32794,291.92792,292.62793,286.72794,285.62793,285.62793
290.22794,291.92792,292.82794,294.82794,294.42792,296.82794,294.62793,295.12793,295.92792,296.32794,298.62793,296.92792,295.52792,293.02792,293.72794,294.62793,296.22794,296.82794,296.72794,296.42792,293.92792,294.32794,292.62793,292.92792,294.12793,293.22794,292.62793,293.42792,292.92792,293.12793,291.52792,291.52792,291.12793,293.52792,293.92792,294.12793,293.32794,293.52792,291.02792,290.12793,287.52792,286.82794,283.12793
289.02792,291.02792,293.02792,293.12793,292.82794,293.42792,296.92792,294.92792,294.32794,296.02792,298.62793,296.82794,291.52792,291.52792,293.82794,292.52792,293.72794,294.42792,294.52792,295.12793,293.82794,293.02792,291.92792,292.42792,292.32794,293.12793,293.62793,292.62793,291.32794,293.22794,293.92792,295.52792,295.42792,295.02792,294.32794,293.02792,291.62793,292.72794,289.12793,286.52792,287.52792,288.12793,286.22794
288.92792,289.62793,290.32794,292.82794,291.62793,292.82794,294.32794,293.92792,294.12793,293.62793,296.82794,292.22794,290.12793,290.62793,292.92792,292.52792,292.62793,293.12793,293.82794,293.82794,293.52792,292.52792,292.02792,291.32794,291.92792,291.32794,291.72794,293.42792,293.92792,296.02792,296.92792,297.22794,294.72794,294.92792,295.02792,293.42792,292.62793,292.72794,291.82794,292.62793,292.52792,292.22794,291.12793
289.22794,289.52792,289.82794,290.42792,293.92792,292.92792,291.62793,291.22794,292.52792,291.72794,290.02792,290.52792,289.02792,286.82794,289.62793,289.62793,291.32794,292.42792,292.92792,294.02792,293.82794,291.82794,291.12793,290.12793,290.22794,291.32794,293.02792,295.12793,297.52792,296.02792,296.12793,295.72794,295.72794,295.02792,293.42792,294.12793,293.72794,293.52792,292.92792,291.22794,290.92792,292.92792,291.22794
289.82794,289.72794,291.32794,292.02792,291.42792,291.52792,290.32794,290.62793,292.02792,290.62793,289.22794,289.02792,287.92792,287.62793,285.82794,288.12793,289.72794,292.22794,291.72794,291.42792,292.32794,291.82794,292.02792,291.52792,292.02792,292.72794,293.52792,294.72794,294.12793,293.52792,293.82794,294.82794,295.72794,296.02792,295.22794,294.12793,293.02792,294.22794,293.22794,292.22794,292.32794,290.02792,291.02792
289.92792,291.02792,290.92792,290.52792,292.22794,292.12793,290.92792,289.62793,289.62793,290.02792,290.02792,290.02792,290.02792,287.72794,287.52792,287.52792,288.62793,289.62793,290.12793,290.42792,290.62793,291.22794,290.62793,291.02792,291.52792,291.62793,291.62793,291.52792,291.82794,292.32794,292.02792,292.22794,292.72794,288.02792,294.02792,295.12793,294.02792,293.42792,292.62793,292.52792,292.72794,291.62793,290.32794
