wind_kz.json
{"header": {"discipline":0,"disciplineName":"Meteorological products","gribEdition":2,"gribLength":871,"center":7,"centerName":"US National Weather Service - NCEP(WMC)","subcenter":0,"refTime":"2023-08-20T18:00:00.000Z","significanceOfRT":1,"significanceOfRTName":"Start of forecast","productStatus":0,"productStatusName":"Operational products","productType":1,"productTypeName":"Forecast products","productDefinitionTemplate":0,"productDefinitionTemplateName":"Analysis/forecast at horizontal level/layer at a point in time","parameterCategory":0,"parameterCategoryName":"UnknownDiscipline_0_Category_0","parameterNumber":0,"parameterNumberName":"UnknownParameter_D0_C0_0","parameterUnit":"Unknown","genProcessType":2,"genProcessTypeName":"Forecast","forecastTime":0,"surface1Type":1,"surface1TypeName":"Ground or water surface","surface1Value":0.0,"surface2Type":255,"surface2TypeName":"Missing","surface2Value":0.0,"gridDefinitionTemplate":0,"gridDefinitionTemplateName":"Latitude_Longitude","numberPoints":615,"shape":6,"shapeName":"Earth spherical with radius of 6,371,229.0 m","gridUnits":"degrees","resolution":48,"winds":"true","scanMode":64,"nx":41,"ny":15,"basicAngle":0,"lo1":47.0,"la1":41.0,"lo2":87.0,"la2":55.0,"dx":1.0,"dy":1.0}, "data":
[rows 0 to 14 of 15, columns 0 to 40 of 41]
299.2448,288.14484,293.04483,300.2448,299.64484,298.54483,300.14484,301.84482,300.7448,300.44482,300.84482,302.64484,304.34482,303.64484,303.84482,302.94482,302.54483,303.2448,299.7448,302.84482,301.44482,297.14484,296.14484,289.7448,294.7448,295.54483,292.34482,277.84482,279.14484,279.94482,280.7448,283.04483,292.34482,299.44482,300.84482,303.44482,300.2448,300.64484,299.94482,300.2448,299.84482
274.04483,293.04483,300.14484,300.14484,299.7448,298.44482,301.2448,300.04483,297.14484,298.44482,300.7448,303.04483,303.44482,301.34482,301.7448,300.34482,303.14484,301.94482,301.7448,298.94482,298.64484,299.44482,295.64484,287.84482,278.34482,278.34482,288.14484,276.7448,280.94482,275.34482,281.14484,275.7448,284.2448,263.94482,280.84482,296.7448,295.7448,297.54483,301.34482,292.7448,284.34482
295.2448,299.84482,300.64484,300.54483,298.7448,300.44482,300.2448,301.34482,299.54483,299.94482,301.94482,303.14484,298.54483,300.7448,304.14484,297.34482,301.7448,298.94482,299.44482,298.44482,299.2448,298.54483,297.94482,292.7448,291.7448,291.84482,293.7448,293.04483,292.64484,283.2448,276.44482,277.7448,283.64484,282.94482,286.04483,287.14484,277.44482,278.2448,281.44482,277.94482,278.34482
294.2448,301.14484,300.54483,299.54483,298.04483,300.54483,301.7448,300.64484,300.44482,301.34482,302.04483,299.64484,296.44482,295.54483,300.54483,298.44482,303.54483,300.2448,300.7448,298.44482,297.94482,293.64484,299.34482,299.34482,296.84482,296.34482,297.54483,296.44482,294.14484,294.14484,295.54483,293.54483,298.64484,291.94482,292.7448,289.64484,277.14484,278.94482,282.54483,289.84482,295.04483
301.04483,300.7448,300.84482,300.34482,300.2448,300.7448,300.94482,300.2448,299.34482,300.84482,299.7448,298.94482,296.84482,295.34482,292.54483,302.84482,301.84482,301.44482,298.2448,300.84482,300.64484,300.84482,299.34482,299.04483,298.04483,298.04483,295.14484,294.34482,294.7448,295.34482,298.04483,291.44482,282.04483,273.14484,283.2448,292.14484,295.54483,297.34482,297.54483,298.34482,297.44482
300.94482,297.7448,299.14484,299.94482,300.7448,300.2448,301.94482,300.84482,300.14484,300.64484,301.04483,299.64484,296.14484,295.7448,298.54483,300.54483,302.94482,302.2448,301.7448,301.64484,301.7448,299.54483,298.44482,298.84482,297.84482,296.64484,296.14484,294.2448,297.2448,298.54483,295.44482,297.2448,294.7448,291.44482,289.54483,291.94482,284.64484,287.84482,295.94482,297.04483,295.84482
300.04483,297.84482,303.64484,306.04483,303.44482,305.34482,305.14484,300.04483,303.7448,303.14484,301.7448,300.7448,299.34482,299.54483,297.54483,301.64484,302.34482,302.84482,300.54483,300.04483,298.2448,299.14484,298.94482,298.04483,297.64484,297.54483,297.14484,298.64484,297.64484,297.64484,296.54483,296.14484,296.34482,296.54483,293.94482,291.14484,286.14484,281.94482,277.14484,278.54483,292.44482
302.94482,301.84482,305.54483,304.54483,304.04483,303.54483,303.64484,303.34482,301.64484,302.34482,300.34482,300.54483,298.7448,300.14484,300.2448,301.14484,301.54483,301.54483,300.94482,297.2448,299.2448,297.34482,298.7448,299.64484,296.2448,292.04483,293.14484,295.04483,297.14484,297.64484,295.54483,295.64484,295.94482,288.84482,288.14484,291.34482,292.7448,289.2448,290.44482,290.54483,284.04483
302.04483,299.04483,298.54483,300.54483,301.14484,301.94482,299.64484,300.7448,300.54483,299.34482,298.44482,298.94482,301.34482,300.7448,301.44482,300.64484,301.94482,298.84482,298.54483,296.44482,293.64484,293.84482,294.94482,294.7448,293.04483,293.54483,291.64484,289.14484,288.14484,286.94482,288.04483,291.54483,290.84482,291.7448,290.2448,287.34482,287.34482,286.94482,273.14484,276.94482,273.54483
298.54483,299.84482,297.84482,302.2448,299.04483,298.84482,297.94482,298.54483,298.64484,297.44482,296.2448,296.44482,297.34482,296.64484,297.04483,296.64484,297.44482,295.7448,295.84482,296.14484,293.54483,293.64484,294.94482,294.04483,292.94482,291.44482,291.34482,292.84482,292.14484,289.2448,287.94482,292.44482,293.44482,293.64484,291.34482,289.2448,286.34482,282.2448,275.14484,276.54483,277.94482
296.64484,297.14484,297.04483,296.84482,295.54483,295.64484,295.54483,294.64484,293.14484,292.94482,293.14484,293.14484,295.04483,294.7448,294.34482,295.14484,294.94482,295.7448,293.84482,292.14484,291.84482,290.84482,290.34482,289.94482,289.54483,290.7448,287.34482,290.64484,291.2448,291.84482,292.84482,292.54483,292.34482,292.54483,290.94482,287.7448,284.84482,281.34482,280.84482,282.14484,279.2448
293.84482,293.84482,294.44482,293.64484,292.84482,292.54483,290.7448,289.7448,290.34482,289.7448,286.7448,289.34482,292.44482,293.14484,291.64484,291.54483,292.14484,292.54483,292.84482,292.94482,289.7448,288.34482,287.84482,287.54483,287.7448,289.7448,290.14484,291.2448,293.34482,291.54483,288.84482,290.44482,290.2448,289.7448,289.14484,289.7448,289.04483,287.14484,286.7448,285.84482,284.64484
291.94482,290.44482,291.64484,290.94482,291.04483,290.34482,288.44482,288.04483,285.7448,285.84482,285.34482,284.64484,287.2448,287.14484,288.34482,288.14484,289.54483,289.14484,288.84482,286.94482,286.34482,285.04483,284.7448,284.44482,286.44482,288.04483,290.94482,291.7448,291.84482,290.54483,288.7448,287.94482,287.94482,287.54483,287.14484,288.54483,287.7448,288.84482,287.84482,287.04483,287.44482
289.7448,290.2448,291.2448,290.14484,288.7448,286.7448,285.54483,285.14484,284.14484,284.2448,283.7448,283.94482,283.7448,284.34482,284.94482,287.2448,290.54483,287.64484,288.04483,286.54483,285.94482,284.64484,285.7448,285.7448,285.64484,286.04483,285.34482,285.34482,284.94482,285.44482,286.2448,285.84482,285.14484,284.44482,285.44482,284.44482,284.34482,285.04483,285.54483,285.2448,284.34482
288.34482,292.34482,291.84482,287.94482,289.94482,284.7448,287.84482,284.44482,284.94482,285.04483,285.54483,284.44482,284.54483,286.04483,286.84482,290.34482,289.84482,287.2448,286.04483,285.44482,284.54483,284.34482,283.2448,283.54483,283.64484,283.34482,283.2448,283.34482,283.34482,283.04483,283.94482,283.54483,282.94482,283.7448,286.84482,286.7448,286.44482,287.14484,285.7448,286.84482,286.34482
