wind_kz.json
{"header": {"discipline":0,"disciplineName":"Meteorological products","gribEdition":2,"gribLength":1025,"center":7,"centerName":"US National Weather Service - NCEP(WMC)","subcenter":0,"refTime":"2024-02-02T06:00:00.000Z","significanceOfRT":1,"significanceOfRTName":"Start of forecast","productStatus":0,"productStatusName":"Operational products","productType":1,"productTypeName":"Forecast products","productDefinitionTemplate":0,"productDefinitionTemplateName":"Analysis/forecast at horizontal level/layer at a point in time","parameterCategory":2,"parameterCategoryName":"UnknownDiscipline_0_Category_2","parameterNumber":3,"parameterNumberName":"UnknownParameter_D0_C2_3","parameterUnit":"Unknown","genProcessType":2,"genProcessTypeName":"Forecast","forecastTime":60,"surface1Type":103,"surface1TypeName":"Specified height level above ground","surface1Value":10.0,"surface2Type":255,"surface2TypeName":"Missing","surface2Value":0.0,"gridDefinitionTemplate":0,"gridDefinitionTemplateName":"Latitude_Longitude","numberPoints":615,"shape":6,"shapeName":"Earth spherical with radius of 6,371,229.0 m","gridUnits":"degrees","resolution":48,"winds":"true","scanMode":64,"nx":41,"ny":15,"basicAngle":0,"lo1":47.0,"la1":41.0,"lo2":87.0,"la2":55.0,"dx":1.0,"dy":1.0}, "data":
[rows 0 to 14 of 15, columns 0 to 40 of 41]
-2.4647143,-3.4447143,1.1952857,-2.4947143,-0.8047144,1.3652856,6.4952855,4.5352855,2.9152856,3.1052856,3.3752856,3.0952857,3.1852856,3.8752856,3.7952857,3.3052857,3.2852857,1.9652857,2.6752856,2.2452857,-0.074714355,2.5852857,-0.20471436,-1.1247144,-1.9047143,-1.9947144,-1.6147144,0.9452856,2.2252855,2.1352856,-2.7747145,-2.4347143,1.4852856,-0.27471435,0.70528567,0.5752857,-0.66471434,0.41528565,-0.27471435,-1.6947143,-1.1547143
5.8152857,2.0652857,2.9152856,-0.42471436,-4.4947143,2.9552855,6.7452855,8.005285,5.675286,5.1652856,4.2452855,3.9252856,3.5052857,3.0652857,3.0952857,3.5952857,2.1352856,0.52528566,2.3852856,2.7052855,1.9052856,2.7352858,1.7152857,1.4552857,-0.29471436,-1.4547143,-4.4247146,2.7952857,0.90528566,0.18528564,4.8052855,2.8652856,-1.7747144,-0.35471436,-3.6447144,-0.8147144,-1.8747144,-1.4047143,-1.7747144,-1.8647144,-1.0047144
3.0152857,6.2352858,4.8352857,1.7652856,-1.7147144,1.8152857,4.695286,5.135286,3.1552856,3.0752857,3.1352856,2.5452857,3.0852857,3.5952857,3.6152856,3.8652856,3.5352857,3.0952857,2.4852858,2.5752857,2.9052856,1.0152856,0.35528564,1.3752856,2.2152855,2.2952857,1.2552856,1.5852857,-0.90471435,1.8052857,3.2852857,1.7952857,1.8652856,-1.6147144,-0.58471435,1.3252857,2.5552857,-0.27471435,0.5052856,-1.5347143,-2.4047143
1.7152857,4.905286,4.0052857,4.3152857,1.9852856,2.1952856,3.2752857,6.1652856,6.5052857,5.8252854,4.5552855,3.4052856,4.5252857,4.5952854,3.3852856,2.8052857,2.7852857,2.4752855,3.0452857,3.1152856,3.1952856,3.3952856,-0.074714355,3.2952857,2.3052857,2.1352856,1.3452857,0.5752857,3.2752857,1.6652856,2.0852857,-1.4347143,-0.27471435,0.46528566,-0.64471436,-2.8647144,-0.52471435,1.6252856,2.8152857,0.98528564,1.4552857
2.3252857,3.2052855,4.4952855,4.115286,2.9952857,3.8852856,4.7352858,4.7952857,4.905286,4.8552856,6.2052855,4.7952857,6.5452857,5.9752855,4.425286,3.9852858,2.8252857,2.9452856,3.0152857,3.5352857,2.3552856,2.2452857,1.9752856,0.6952856,0.025285644,-0.014714356,1.0452857,-0.37471434,-0.044714354,2.5252857,3.3452857,2.0652857,2.4852858,2.5152857,-1.3647144,-0.54471433,-0.45471436,-0.83471435,0.32528564,0.9452856,-0.14471436
2.7052855,3.4852858,5.6452856,6.175286,5.6252856,4.2452855,5.6252856,4.905286,5.2652855,5.9852858,4.7952857,4.5652857,5.3452854,6.1852856,3.5352857,3.7152855,4.7352858,3.0552857,3.2452857,3.9252856,2.9252856,4.9352856,4.0652857,2.9752855,2.3652856,1.5952857,-0.85471433,-0.82471436,-1.3447144,1.6152856,2.2052855,2.1852856,2.0652857,0.65528566,2.1852856,6.135286,2.9652855,2.8452857,0.72528565,-0.50471437,-0.59471434
3.7452857,5.2352858,6.6652856,6.9852858,8.495286,7.3752856,6.8752856,6.8252854,5.7252855,7.195286,4.9852858,4.2852855,5.2052855,3.6552856,3.2052855,4.2052855,4.7552857,3.7052855,2.6852856,4.4152856,3.7052855,4.2552857,4.865286,4.615286,3.4452856,1.1052856,-0.45471436,-1.4447143,-1.6547143,0.07528564,0.18528564,-0.51471436,-1.2847143,1.4452857,-0.074714355,-1.5847144,-3.4347143,0.09528565,-0.70471436,-1.9347143,2.1252856
4.0652857,5.5952854,6.5052857,6.8052855,6.7552857,8.895286,9.405286,9.935286,8.835285,7.0552855,7.115286,7.615286,6.2952857,5.5252857,4.905286,5.0452857,4.8952856,4.2852855,4.0652857,5.5352855,4.0752854,3.8752856,4.2052855,4.695286,4.9352856,3.7452857,3.9852858,0.11528564,0.67528564,-0.24471435,0.31528565,1.5652857,1.1652856,2.1352856,1.0352856,0.09528565,-0.18471436,-0.31471434,-0.37471434,0.38528565,-1.6247144
4.4852858,5.635286,6.0452857,6.4952855,6.6852856,7.2852855,8.375286,9.755285,10.105286,9.215285,8.2652855,8.395286,7.5452857,6.8252854,5.4352856,5.115286,5.3952856,5.5752854,5.7052855,5.6052856,4.5252857,3.1252856,3.5252857,3.9152856,4.635286,4.675286,4.1452856,3.3752856,3.5352857,2.7352858,3.7652857,5.155286,6.2752857,6.0652857,3.0652857,4.1252856,-2.0747144,1.2352856,1.6052856,0.95528567,-2.4047143
4.405286,5.135286,5.655286,5.9552855,6.3152857,6.675286,7.7652855,8.905286,9.885285,9.5152855,9.025286,9.255285,8.525286,7.4152856,6.8752856,5.8152857,5.0052857,5.4152856,5.425286,5.1252856,5.5952854,4.6252856,4.0552855,3.6052856,4.2352858,4.445286,4.0352855,4.215286,3.9552855,4.0152855,3.3652856,5.2652855,6.3552856,4.695286,5.965286,1.8652856,1.6252856,-1.7647144,0.8252857,3.8952856,4.155286
2.9052856,4.7952857,5.3252854,5.5552855,5.5252857,5.8752856,7.0552855,8.095285,8.725286,9.115286,9.245286,8.645286,8.285286,7.8152857,5.6052856,5.3452854,5.9152856,5.5152855,5.5052857,5.8552856,5.7052855,5.4852858,4.8352857,5.5452857,4.6052856,4.7552857,3.9852858,4.6852856,4.675286,3.1052856,3.5052857,2.5752857,2.9352856,5.0752854,8.175285,5.3352857,3.2852857,3.2752857,2.9252856,1.9152856,0.43528566
2.3852856,4.155286,4.8552856,5.6052856,4.5052857,6.0752854,6.445286,7.135286,7.2952857,7.0452857,6.2852855,5.425286,6.7952857,6.2252855,5.6852856,5.2752857,5.3352857,5.0052857,5.4752855,5.4552855,5.905286,5.1052856,5.0252857,4.5452857,5.3152857,5.0452857,5.465286,4.405286,3.7852857,3.6552856,3.5752857,3.8952856,3.2952857,4.8052855,5.4552855,7.635286,6.9752855,3.6652856,2.4952857,2.6252856,1.0652857
1.3852856,3.6052856,5.0452857,4.715286,4.8452854,4.4552855,6.4552855,7.425286,9.085285,6.1452856,3.5152857,4.1252856,5.195286,5.0652857,4.615286,3.9952857,4.2952857,4.4952855,4.8552856,4.715286,5.965286,6.0652857,5.695286,5.905286,6.0152855,5.945286,5.4352856,4.7252855,4.7852855,3.3552856,3.0352857,4.3552856,4.4152856,4.885286,6.0652857,6.6252856,6.9352856,4.635286,4.6452856,2.3352857,0.64528567
-2.1447144,2.3052857,3.4852858,4.635286,5.4352856,6.1852856,6.925286,7.4152856,6.445286,6.465286,1.5352856,0.29528564,2.3952856,3.9752855,3.5852857,3.6452856,3.8652856,4.5252857,4.0852857,4.5852857,4.7052855,5.3952856,5.2352858,5.0852857,4.945286,3.8952856,3.9652855,4.9852858,4.2252855,4.2452855,4.135286,3.6352856,3.7752857,4.0652857,4.2952857,5.8352857,5.4852858,5.5952854,6.1052856,5.3952856,6.0752854
-0.48471436,1.5752857,4.7752857,5.0652857,6.0352855,6.2852855,6.1852856,6.4152856,6.0552855,4.7452855,0.66528565,1.6752857,1.8052857,0.13528565,2.8352857,2.8652856,3.1752856,3.1052856,4.115286,3.7552857,4.3052855,4.9752855,4.8452854,4.9152856,4.865286,4.865286,4.965286,4.635286,4.5052857,4.425286,4.1052856,4.5052857,3.6652856,4.3152857,4.7552857,5.655286,6.7052855,6.5952854,6.1252856,6.4552855,4.8452854
