wind_kz.json
{"header": {"discipline":0,"disciplineName":"Meteorological products","gribEdition":2,"gribLength":871,"center":7,"centerName":"US National Weather Service - NCEP(WMC)","subcenter":0,"refTime":"2023-09-27T12:00:00.000Z","significanceOfRT":1,"significanceOfRTName":"Start of forecast","productStatus":0,"productStatusName":"Operational products","productType":1,"productTypeName":"Forecast products","productDefinitionTemplate":0,"productDefinitionTemplateName":"Analysis/forecast at horizontal level/layer at a point in time","parameterCategory":0,"parameterCategoryName":"UnknownDiscipline_0_Category_0","parameterNumber":0,"parameterNumberName":"UnknownParameter_D0_C0_0","parameterUnit":"Unknown","genProcessType":2,"genProcessTypeName":"Forecast","forecastTime":180,"surface1Type":1,"surface1TypeName":"Ground or water surface","surface1Value":0.0,"surface2Type":255,"surface2TypeName":"Missing","surface2Value":0.0,"gridDefinitionTemplate":0,"gridDefinitionTemplateName":"Latitude_Longitude","numberPoints":615,"shape":6,"shapeName":"Earth spherical with radius of 6,371,229.0 m","gridUnits":"degrees","resolution":48,"winds":"true","scanMode":64,"nx":41,"ny":15,"basicAngle":0,"lo1":47.0,"la1":41.0,"lo2":87.0,"la2":55.0,"dx":1.0,"dy":1.0}, "data":
[rows 0 to 14 of 15, columns 0 to 40 of 41]
284.898,279.09802,281.69803,293.398,293.29803,292.398,288.79803,288.49802,286.29803,287.79803,288.59802,291.398,294.69803,294.19803,292.898,286.99802,288.59802,290.69803,290.19803,288.79803,289.19803,285.29803,285.29803,285.99802,285.69803,288.09802,286.59802,272.69803,270.79803,270.79803,270.898,273.09802,280.59802,286.19803,287.29803,288.09802,288.49802,287.59802,286.59802,286.79803,287.69803
265.69803,282.59802,292.69803,293.09802,292.99802,291.69803,285.69803,284.398,284.69803,286.59802,288.79803,288.898,293.99802,292.898,290.69803,290.09802,285.398,285.19803,285.79803,285.69803,285.79803,287.69803,286.99802,281.898,271.898,270.99802,279.79803,272.49802,272.99802,268.29803,274.898,261.398,272.398,250.49802,270.898,283.69803,282.398,285.09802,288.09802,280.79803,283.49802
282.79803,292.79803,293.09802,292.898,290.99802,285.79803,284.99802,285.19803,284.59802,285.09802,286.19803,289.59802,289.99802,291.09802,290.79803,290.79803,289.19803,286.898,285.398,285.49802,288.99802,285.79803,284.49802,282.49802,284.898,285.898,287.49802,286.79803,285.99802,278.19803,270.398,271.69803,275.99802,275.29803,277.29803,278.19803,270.19803,270.79803,271.19803,268.99802,269.29803
283.398,292.09802,292.79803,291.99802,289.49802,283.99802,285.69803,284.29803,285.398,285.19803,286.09802,288.29803,290.398,289.79803,289.69803,288.59802,289.898,286.398,285.898,285.69803,284.59802,280.99802,285.398,286.69803,287.19803,289.99802,288.898,286.29803,284.59802,284.99802,285.29803,284.898,287.09802,285.79803,284.19803,282.398,270.49802,265.49802,272.69803,279.99802,284.09802
286.29803,291.29803,291.99802,290.99802,288.79803,285.69803,286.898,286.59802,285.79803,285.09802,285.79803,285.69803,289.29803,288.09802,286.79803,290.29803,290.69803,289.09802,285.29803,285.79803,285.79803,285.49802,284.99802,285.49802,285.69803,286.29803,285.19803,285.29803,284.79803,284.898,286.19803,284.49802,274.19803,266.19803,273.99802,283.29803,287.29803,287.29803,287.19803,287.19803,286.59802
285.19803,282.99802,290.09802,290.99802,290.898,290.59802,286.398,287.29803,285.398,284.99802,286.49802,287.79803,288.79803,289.09802,288.99802,288.898,290.398,287.49802,286.49802,285.49802,285.29803,284.99802,284.898,284.49802,284.09802,282.898,282.59802,287.19803,284.69803,284.79803,283.79803,284.898,283.898,282.49802,281.99802,285.398,277.398,279.09802,283.29803,285.49802,285.29803
283.79803,279.99802,285.19803,285.398,286.49802,284.398,287.79803,285.79803,285.49802,285.59802,286.29803,286.79803,288.898,288.898,289.29803,290.09802,289.59802,287.59802,285.69803,284.898,283.79803,284.49802,284.29803,284.19803,282.398,281.99802,280.79803,282.398,281.59802,282.398,282.09802,282.49802,282.49802,284.09802,284.49802,283.09802,278.398,274.29803,271.59802,271.898,280.898
282.49802,280.79803,283.49802,285.09802,286.69803,285.19803,287.898,286.99802,283.398,285.69803,285.19803,286.79803,286.59802,288.398,289.398,289.99802,288.69803,286.29803,285.19803,282.898,281.898,282.19803,282.09802,282.29803,280.99802,277.09802,278.09802,278.99802,277.898,279.99802,279.09802,279.29803,279.49802,277.69803,278.69803,279.29803,280.99802,285.79803,281.79803,281.79803,279.19803
282.69803,281.09802,281.09802,281.898,283.49802,283.19803,282.79803,286.29803,286.398,286.19803,285.19803,285.398,285.09802,286.99802,287.09802,288.398,287.69803,285.99802,283.79803,282.69803,280.398,279.59802,280.398,279.99802,278.79803,279.69803,276.59802,276.898,275.398,274.59802,275.69803,276.29803,276.898,278.29803,277.59802,278.19803,278.898,278.09802,269.09802,270.29803,269.29803
282.59802,281.79803,280.19803,281.99802,282.99802,285.398,280.59802,281.29803,285.09802,285.79803,284.29803,284.29803,285.49802,286.49802,285.59802,287.29803,287.398,284.49802,283.69803,282.69803,281.398,280.79803,280.69803,280.398,279.898,278.99802,277.59802,278.398,277.398,276.79803,276.398,277.898,278.99802,279.19803,278.59802,278.79803,278.69803,275.69803,271.79803,270.398,269.49802
282.398,280.398,280.398,280.69803,280.59802,280.69803,284.59802,280.69803,284.79803,284.49802,284.09802,283.898,285.99802,284.99802,284.398,284.69803,285.09802,284.49802,284.09802,282.898,282.69803,281.69803,280.898,280.09802,278.79803,278.59802,276.79803,277.09802,277.69803,279.398,279.49802,278.898,278.398,278.59802,277.898,277.79803,276.59802,273.49802,272.69803,273.29803,270.99802
282.19803,281.19803,279.99802,279.19803,278.29803,283.19803,282.79803,278.59802,284.69803,284.398,282.69803,283.09802,284.59802,283.09802,283.898,283.398,283.99802,284.59802,284.09802,283.29803,282.99802,284.19803,281.19803,279.79803,278.49802,276.99802,276.99802,278.59802,279.59802,279.19803,277.99802,277.19803,277.59802,275.59802,276.79803,276.398,277.19803,277.09802,277.79803,277.29803,276.49802
283.29803,280.49802,280.398,279.29803,278.59802,278.398,282.19803,277.79803,282.09802,283.29803,281.79803,280.69803,283.09802,282.99802,283.29803,284.09802,283.09802,282.29803,284.69803,284.59802,283.99802,281.99802,282.99802,280.09802,279.29803,278.898,279.29803,278.49802,278.398,277.398,277.49802,276.898,276.19803,275.398,275.29803,275.69803,274.99802,276.99802,275.79803,274.59802,276.09802
282.398,281.59802,283.29803,279.69803,277.898,276.59802,281.19803,281.898,279.99802,280.898,281.898,280.79803,281.19803,282.898,283.59802,283.398,283.09802,283.09802,282.898,281.79803,280.398,280.59802,280.19803,280.09802,280.29803,280.19803,279.29803,278.898,277.79803,277.398,276.99802,276.29803,275.59802,274.79803,275.09802,274.398,274.398,273.59802,272.79803,273.69803,271.898
281.398,282.09802,285.09802,278.898,277.99802,280.398,281.59802,281.99802,283.398,283.59802,283.49802,282.99802,281.59802,282.398,283.59802,284.398,283.29803,281.898,281.59802,281.898,282.19803,282.29803,281.29803,279.99802,279.59802,279.398,279.29803,278.99802,278.69803,277.99802,277.99802,279.898,276.49802,275.898,275.69803,275.49802,275.398,275.19803,274.79803,273.79803,273.79803
