wind_kz.json
{"header": {"discipline":0,"disciplineName":"Meteorological products","gribEdition":2,"gribLength":871,"center":7,"centerName":"US National Weather Service - NCEP(WMC)","subcenter":0,"refTime":"2025-04-05T06:00:00.000Z","significanceOfRT":1,"significanceOfRTName":"Start of forecast","productStatus":0,"productStatusName":"Operational products","productType":1,"productTypeName":"Forecast products","productDefinitionTemplate":0,"productDefinitionTemplateName":"Analysis/forecast at horizontal level/layer at a point in time","parameterCategory":0,"parameterCategoryName":"UnknownDiscipline_0_Category_0","parameterNumber":0,"parameterNumberName":"UnknownParameter_D0_C0_0","parameterUnit":"Unknown","genProcessType":2,"genProcessTypeName":"Forecast","forecastTime":60,"surface1Type":1,"surface1TypeName":"Ground or water surface","surface1Value":0.0,"surface2Type":255,"surface2TypeName":"Missing","surface2Value":0.0,"gridDefinitionTemplate":0,"gridDefinitionTemplateName":"Latitude_Longitude","numberPoints":615,"shape":6,"shapeName":"Earth spherical with radius of 6,371,229.0 m","gridUnits":"degrees","resolution":48,"winds":"true","scanMode":64,"nx":41,"ny":15,"basicAngle":0,"lo1":47.0,"la1":41.0,"lo2":87.0,"la2":55.0,"dx":1.0,"dy":1.0}, "data":
[rows 0 to 14 of 15, columns 0 to 40 of 41]
289.22394,281.62396,287.92395,282.12396,283.02396,283.52396,288.92395,294.82394,293.42395,294.62396,293.02396,294.72394,293.82394,294.42395,294.32394,292.82394,293.62396,291.82394,294.52396,290.02396,292.62396,291.12396,290.72394,287.32394,290.52396,292.42395,286.42395,268.42395,268.72394,262.82394,266.12396,272.52396,281.02396,286.32394,288.22394,289.22394,289.12396,288.32394,287.62396,288.42395,287.52396
270.72394,285.22394,281.82394,281.92395,282.42395,283.12396,292.32394,292.72394,291.92395,291.92395,291.92395,291.02396,291.92395,291.82394,292.32394,291.92395,291.92395,292.12396,291.02396,291.42395,291.92395,290.42395,285.42395,280.12396,260.22394,272.22394,280.32394,270.82394,275.62396,269.02396,272.42395,261.82394,271.82394,247.22395,260.92395,284.72394,282.92395,284.92395,287.42395,279.82394,280.62396
284.22394,280.32394,281.42395,281.92395,282.02396,288.72394,290.82394,291.12396,290.62396,290.22394,289.42395,289.72394,290.12396,289.62396,289.02396,289.72394,289.52396,289.12396,289.42395,290.42395,291.42395,290.02396,287.22394,283.12396,286.32394,285.62396,286.42395,286.02396,284.62396,280.02396,264.22394,272.42395,279.22394,278.02396,278.92395,278.62396,268.02396,264.62396,266.52396,269.22394,265.62396
281.92395,280.82394,280.42395,281.62396,284.52396,289.42395,289.92395,288.82394,289.82394,289.22394,288.82394,288.12396,284.92395,285.62396,286.02396,287.12396,287.02396,288.02396,288.72394,289.32394,288.72394,284.22394,288.12396,287.62396,289.32394,289.32394,289.72394,284.72394,284.02396,286.52396,285.62396,283.52396,287.92395,286.32394,283.12396,279.02396,271.52396,268.02396,275.32394,282.92395,285.12396
283.82394,280.92395,280.62396,281.32394,283.42395,288.92395,289.82394,289.22394,288.72394,287.92395,287.72394,286.52396,283.62396,283.02396,280.52396,284.32394,284.62396,285.22394,287.12396,289.22394,287.72394,289.02396,289.32394,289.72394,289.32394,289.32394,287.22394,284.02396,289.22394,287.72394,288.02396,284.42395,274.32394,260.42395,275.52396,283.72394,283.62396,288.32394,287.42395,287.02396,286.92395
285.92395,286.02396,281.22394,280.72394,279.92395,279.62396,286.02396,288.32394,286.52396,286.32394,286.22394,286.32394,281.92395,282.02396,276.72394,284.12396,285.12396,286.82394,286.52396,289.22394,288.92395,288.82394,287.42395,287.52396,287.42395,285.72394,284.32394,273.12396,286.32394,285.52396,283.92395,284.72394,283.72394,282.52396,281.52396,281.22394,275.42395,276.42395,282.82394,285.42395,284.02396
285.32394,286.02396,287.22394,287.72394,284.12396,286.02396,287.02396,287.12396,287.22394,285.72394,285.02396,284.72394,284.12396,283.62396,283.52396,285.02396,285.62396,287.02396,287.32394,286.72394,286.42395,287.52396,287.62396,285.62396,283.52396,282.52396,282.32394,281.32394,281.32394,282.72394,282.22394,282.12396,283.32394,283.32394,281.22394,279.12396,275.52396,274.12396,268.22394,272.82394,280.02396
285.62396,285.42395,288.92395,288.52396,289.42395,290.52396,287.72394,285.92395,284.62396,284.12396,283.42395,283.92395,281.72394,282.12396,282.32394,283.52396,285.32394,285.72394,286.02396,283.72394,282.12396,283.72394,284.32394,284.62396,281.82394,280.12396,279.42395,279.42395,279.82394,280.32394,278.72394,283.02396,279.72394,276.12396,277.32394,277.82394,279.92395,270.92395,279.52396,279.42395,276.12396
285.82394,288.22394,288.22394,289.02396,289.22394,288.62396,285.92395,287.52396,286.22394,282.92395,282.32394,280.82394,281.42395,281.62396,281.82394,283.82394,284.12396,284.62396,284.72394,284.72394,282.42395,281.62396,281.32394,281.82394,281.12396,280.62396,279.72394,278.72394,278.22394,278.12396,277.22394,277.82394,279.82394,280.82394,280.42395,277.12396,272.82394,274.12396,259.62396,264.02396,259.92395
285.82394,285.92395,284.32394,287.42395,285.22394,283.72394,284.92395,283.42395,283.82394,285.52396,281.92395,283.02396,281.72394,283.42395,282.72394,283.42395,283.52396,284.02396,283.82394,284.22394,282.72394,282.72394,282.82394,281.62396,281.72394,280.32394,281.22394,281.32394,280.02396,279.12396,280.42395,282.42395,282.82394,281.62396,279.72394,278.42395,275.62396,272.02396,270.32394,269.22394,268.32394
287.02396,287.12396,284.32394,286.42395,285.02396,287.32394,286.62396,285.42395,284.02396,285.22394,282.42395,282.32394,283.82394,283.02396,282.22394,283.22394,282.92395,284.12396,284.32394,282.02396,284.12396,283.12396,282.62396,282.62396,281.82394,281.12396,279.22394,281.62396,281.72394,283.72394,283.22394,283.72394,283.62396,283.22394,281.92395,279.02396,273.52396,271.92395,273.82394,273.72394,269.22394
285.62396,284.82394,283.52396,283.72394,284.12396,286.32394,285.42395,284.72394,284.72394,281.82394,280.12396,281.02396,282.32394,282.92395,283.92395,284.02396,285.52396,284.62396,284.92395,284.92395,282.62396,282.32394,280.82394,280.02396,279.72394,281.62396,281.92395,282.72394,283.12396,283.72394,283.92395,283.02396,283.72394,281.02396,281.32394,283.22394,283.12396,282.42395,280.82394,281.52396,280.32394
283.52396,282.22394,283.32394,284.82394,283.12396,284.62396,284.62396,282.72394,279.62396,280.72394,278.82394,281.32394,281.32394,282.12396,283.62396,284.12396,284.62396,285.32394,285.12396,283.92395,283.32394,280.72394,280.82394,279.92395,280.42395,281.52396,282.32394,282.52396,282.92395,283.12396,283.32394,282.52396,281.72394,282.72394,282.82394,279.72394,279.92395,281.72394,279.42395,279.12396,279.62396
281.52396,282.82394,277.52396,284.32394,281.92395,280.22394,279.52396,279.02396,279.92395,279.62396,280.12396,278.92395,281.02396,281.72394,284.82394,283.82394,284.02396,283.82394,284.42395,283.92395,283.42395,282.92395,283.02396,282.62396,282.92395,283.12396,281.52396,281.72394,281.32394,280.92395,280.72394,279.92395,279.52396,279.42395,279.92395,278.52396,278.22394,277.72394,277.92395,276.62396,277.72394
281.72394,282.52396,273.02396,280.32394,279.22394,277.72394,277.22394,275.42395,276.12396,278.02396,278.22394,279.22394,279.12396,278.92395,280.82394,284.62396,284.72394,284.02396,283.52396,283.12396,282.62396,281.72394,282.02396,281.42395,281.72394,281.62396,281.02396,279.72394,279.62396,278.62396,278.12396,276.52396,278.42395,277.02396,276.22394,276.02396,276.02396,275.62396,277.02396,277.02396,277.52396
