wind_kz.json
{"header": {"discipline":0,"disciplineName":"Meteorological products","gribEdition":2,"gribLength":1025,"center":7,"centerName":"US National Weather Service - NCEP(WMC)","subcenter":0,"refTime":"2024-04-07T12:00:00.000Z","significanceOfRT":1,"significanceOfRTName":"Start of forecast","productStatus":0,"productStatusName":"Operational products","productType":1,"productTypeName":"Forecast products","productDefinitionTemplate":0,"productDefinitionTemplateName":"Analysis/forecast at horizontal level/layer at a point in time","parameterCategory":2,"parameterCategoryName":"UnknownDiscipline_0_Category_2","parameterNumber":3,"parameterNumberName":"UnknownParameter_D0_C2_3","parameterUnit":"Unknown","genProcessType":2,"genProcessTypeName":"Forecast","forecastTime":0,"surface1Type":103,"surface1TypeName":"Specified height level above ground","surface1Value":10.0,"surface2Type":255,"surface2TypeName":"Missing","surface2Value":0.0,"gridDefinitionTemplate":0,"gridDefinitionTemplateName":"Latitude_Longitude","numberPoints":615,"shape":6,"shapeName":"Earth spherical with radius of 6,371,229.0 m","gridUnits":"degrees","resolution":48,"winds":"true","scanMode":64,"nx":41,"ny":15,"basicAngle":0,"lo1":47.0,"la1":41.0,"lo2":87.0,"la2":55.0,"dx":1.0,"dy":1.0}, "data":
[rows 0 to 14 of 15, columns 0 to 40 of 41]
1.4733618,1.4933618,-0.8166382,-2.476638,-3.6366382,-2.936638,-3.3666382,-5.2266383,-2.8566382,-2.3066382,-2.436638,-1.8166382,0.13336182,0.7233618,0.22336182,0.61336184,-0.036638185,-0.8466382,-1.3066382,0.16336182,1.0533618,-0.9966382,-1.1366382,0.61336184,1.8433619,0.2733618,-0.95663816,1.3833618,-3.1766381,-4.6666384,-2.6266382,-4.4566383,1.2733618,-1.5166382,1.6133618,-1.5566382,-1.1466382,-0.2666382,-0.7766382,0.22336182,-1.4466382
-1.3966382,0.8833618,1.2133619,-2.9166381,-3.6566381,-3.1366382,-1.9466382,-3.6366382,-2.8266382,-3.436638,-5.426638,-2.466638,-1.5166382,-0.046638183,-0.50663817,0.22336182,0.38336182,0.6933618,0.5733618,0.9633618,0.8433618,-0.8466382,-3.0066383,0.9533618,0.9633618,0.19336182,1.9133618,-1.1666381,0.86336184,-1.4566382,0.4233618,-2.976638,-1.4366382,-3.216638,1.6933618,0.7233618,-1.0666382,0.4533618,1.1533618,1.8533618,0.3633618
0.103361815,2.0933619,0.92336184,-2.0566382,-4.096638,-0.3866382,-2.1066382,0.47336182,5.223362,0.18336181,0.5133618,-3.3366382,-1.8566382,-2.7966383,2.4733617,1.9133618,1.8233619,1.0433618,2.803362,2.033362,1.0333618,-0.5466382,-1.9366382,-1.8466382,-3.0666382,-2.4266381,0.15336181,-1.4166381,-2.946638,-0.21663818,-1.0666382,-0.89663815,1.3133618,-0.5866382,1.3033618,-1.6766381,-3.4066381,-5.8066382,0.8933618,-1.2166382,-2.216638
-0.6666382,-0.20663819,-0.9166382,-3.5466383,-2.7866383,-3.3066382,-4.1666384,-2.976638,-1.9966382,-0.89663815,-0.39663818,-0.27663818,1.1233618,-2.186638,-5.2066383,-5.756638,1.4133618,1.0533618,4.163362,2.9633617,2.513362,-0.40663818,-0.9066382,-0.8766382,-2.0166383,-0.9166382,-0.51663816,-0.026638184,-0.13663818,-0.016638184,0.4233618,-1.3266382,0.9433618,1.3133618,-0.31663817,1.2833618,-1.4166381,-1.4466382,-1.2166382,-3.196638,-3.5866382
3.7533617,1.8933618,0.3933618,-1.5066382,-3.2466383,-3.476638,-4.466638,-3.486638,-2.8666382,-2.7466383,-1.7566382,-2.5666382,5.2933617,2.4633617,1.5133618,-1.4266381,0.11336181,2.3633618,4.0233617,4.593362,3.543362,2.5933619,1.0133618,0.6433618,0.38336182,0.5833618,0.7633618,-0.15663819,-0.7866382,-0.50663817,1.0633618,1.1533618,1.2733618,-2.0166383,-0.7166382,-1.3766382,-7.3066382,-3.956638,-7.636638,-3.2866383,0.16336182
-2.1566381,-1.5366381,6.2733617,4.013362,3.7433617,1.7533618,-0.5966382,-2.1666381,-1.6666381,-1.2866381,-0.9166382,0.05336182,3.6233618,4.593362,1.1233618,6.593362,6.6233616,3.8233619,1.9833618,5.053362,5.3533616,3.1933618,2.9933617,1.2633618,3.3433619,1.5033618,1.1133618,2.1233618,-1.4966382,-1.6866382,-1.0466381,3.763362,1.9233618,-1.7666382,3.0933619,1.6333618,-0.28663817,-4.926638,-4.8766384,2.8333619,0.31336182
-5.196638,-4.906638,-5.3966384,-4.7466383,0.22336182,2.8433619,0.20336181,-0.21663818,-1.0866382,-0.046638183,0.74336183,1.3033618,0.8933618,1.1033618,1.0733619,2.7433617,3.6233618,2.293362,4.223362,4.5033617,6.653362,4.7733617,4.2933617,2.033362,0.22336182,-1.4166381,-1.1866382,-1.7766382,-0.94663817,4.2133617,3.263362,4.423362,4.2933617,0.3333618,-0.6166382,-1.0666382,-4.6666384,-2.3666382,-2.8766382,-1.8366382,-7.696638
-4.756638,-6.356638,-5.386638,-4.776638,-3.9066381,-3.0066383,-1.5266382,-0.9866382,-0.13663818,0.19336182,1.4633619,2.6633618,2.043362,1.6333618,4.8733616,1.2433618,3.7133617,3.0933619,4.363362,5.863362,6.393362,5.203362,4.473362,1.9233618,2.4433618,-1.3066382,-3.196638,-3.9066381,-2.5166383,-1.9866382,-1.0466381,-0.8466382,0.23336181,-3.3466382,-3.8866382,-5.616638,-3.436638,-1.7966381,-1.1466382,-3.5266383,-1.9966382
-4.026638,-4.136638,-4.0566382,-4.066638,-3.1766381,-1.3966382,-1.0066382,-0.5466382,0.19336182,-1.1766381,0.5633618,2.7433617,2.7533617,1.3133618,3.6633618,1.5033618,1.2633618,1.0233618,-0.30663818,7.7133617,5.433362,4.663362,3.2433617,2.063362,2.783362,0.3033618,0.54336184,-0.6766382,-2.8866382,-0.4566382,-2.6066382,-5.276638,-5.136638,-4.7066383,-4.156638,-3.1666381,-3.2666383,-1.1466382,-2.1066382,-2.4966383,-1.8166382
-3.4066381,-3.3366382,-3.6666381,-3.436638,-1.6666381,-0.64663815,0.6233618,1.1033618,0.6833618,1.6633618,1.9233618,2.3733618,1.5633618,3.1433618,4.3733616,4.423362,0.5633618,2.6933618,1.5333618,1.4233618,1.8933618,0.85336185,0.98336184,0.8833618,1.9733618,0.3633618,-1.0266382,-1.8766382,-2.9066381,-2.9966383,-3.6166382,-4.7466383,-5.8966384,-4.906638,-4.466638,-0.70663816,-1.1266382,-0.036638185,0.67336184,0.79336184,1.2633618
-2.986638,-3.3066382,-4.096638,-5.2466383,-4.196638,0.08336182,0.6333618,-0.3566382,-1.3666382,0.0033618165,2.293362,1.6333618,2.6533618,4.183362,7.263362,4.413362,5.153362,2.0833619,1.7833618,-0.23663819,0.55336183,0.99336183,1.6833618,2.023362,1.3333619,1.5933619,1.0633618,-0.21663818,-1.5266382,-2.736638,-4.3066382,-4.7866383,-5.1266384,-3.4266381,-2.5366383,1.0233618,0.3333618,-0.94663817,-3.3966382,-1.7766382,-1.4566382
-2.976638,-3.196638,-3.1366382,-3.7666383,-3.3166382,-2.2666383,-1.4666382,-3.1466382,-0.75663817,0.92336184,-0.6566382,0.46336183,1.4633619,4.3133616,2.1833618,5.0033617,4.673362,3.1433618,1.9733618,1.6733618,0.7233618,-0.6066382,-0.016638184,1.0233618,1.8933618,0.9533618,0.7833618,-0.76663816,-1.8666382,-3.2766383,-3.716638,-5.2466383,-4.616638,-5.486638,-4.9366384,-6.446638,-1.9166381,-0.5266382,-0.94663817,-0.4766382,-0.19663818
-2.2566383,-2.8566382,-3.0766382,-2.3666382,-2.7466383,-1.7866381,-2.3266382,0.17336182,0.38336182,1.1033618,-0.08663818,-0.43663818,-2.7866383,0.4833618,1.9333618,1.1133618,1.5333618,2.4133618,2.4833617,2.9533617,3.4433618,3.1733618,3.563362,3.1833618,2.033362,0.9333618,-0.40663818,-0.64663815,-2.206638,-3.1566381,-3.3366382,-4.386638,-4.3766384,-4.866638,-5.656638,-6.026638,-6.8066382,-4.966638,-6.776638,-3.5566382,-0.63663816
-1.9066381,-2.236638,-2.3166382,-2.696638,-2.726638,-2.476638,0.3033618,1.9733618,1.9533619,3.4133618,0.4533618,0.44336182,-0.8366382,-0.51663816,0.60336185,2.0833619,2.513362,2.8733618,2.0033617,1.6833618,1.6233618,2.0833619,2.3633618,1.9533619,1.6433618,0.6533618,-0.22663818,-1.0266382,-1.9766382,-3.1066382,-3.8866382,-3.8766382,-3.9266381,-4.156638,-3.7966383,-5.026638,-4.926638,-5.086638,-5.386638,-4.866638,-6.616638
0.16336182,-0.75663817,0.15336181,-0.7966382,-2.226638,-0.5566382,-1.2166382,1.4533619,2.523362,3.3333619,1.7233618,2.8233619,2.1333618,1.9233618,2.6233618,2.3333619,4.0233617,4.203362,4.3733616,3.543362,3.053362,2.6733618,2.0933619,2.4633617,1.8733618,1.5533618,0.5233618,-0.39663818,-0.95663816,-2.0566382,-2.5566382,-3.4166381,-3.5666382,-4.0566382,-4.1666384,-4.506638,-5.466638,-4.446638,-5.1466384,-5.1666384,-3.8966382
