wind_kz.json
{"header": {"discipline":0,"disciplineName":"Meteorological products","gribEdition":2,"gribLength":1025,"center":7,"centerName":"US National Weather Service - NCEP(WMC)","subcenter":0,"refTime":"2023-09-10T06:00:00.000Z","significanceOfRT":1,"significanceOfRTName":"Start of forecast","productStatus":0,"productStatusName":"Operational products","productType":1,"productTypeName":"Forecast products","productDefinitionTemplate":0,"productDefinitionTemplateName":"Analysis/forecast at horizontal level/layer at a point in time","parameterCategory":2,"parameterCategoryName":"UnknownDiscipline_0_Category_2","parameterNumber":3,"parameterNumberName":"UnknownParameter_D0_C2_3","parameterUnit":"Unknown","genProcessType":2,"genProcessTypeName":"Forecast","forecastTime":300,"surface1Type":103,"surface1TypeName":"Specified height level above ground","surface1Value":10.0,"surface2Type":255,"surface2TypeName":"Missing","surface2Value":0.0,"gridDefinitionTemplate":0,"gridDefinitionTemplateName":"Latitude_Longitude","numberPoints":615,"shape":6,"shapeName":"Earth spherical with radius of 6,371,229.0 m","gridUnits":"degrees","resolution":48,"winds":"true","scanMode":64,"nx":41,"ny":15,"basicAngle":0,"lo1":47.0,"la1":41.0,"lo2":87.0,"la2":55.0,"dx":1.0,"dy":1.0}, "data":
[rows 0 to 14 of 15, columns 0 to 40 of 41]
-0.0799707,-1.9599707,0.2300293,-3.8799708,-1.1899707,0.16002929,-1.9699707,-0.4799707,-2.7599707,-3.9499707,-5.349971,-4.9699707,-4.8399706,-5.309971,-5.9299707,-5.099971,-4.3399706,-3.9299707,-5.229971,-3.2099707,-4.6999707,-6.2199707,-3.4899707,0.3600293,-2.1899707,0.5900293,-0.5599707,2.6600294,2.0100293,-1.1699708,-0.6799707,0.5400293,-0.4999707,-1.9199708,-1.5599707,-0.069970705,2.0200293,2.7700293,2.4400294,2.6500292,1.7000293
4.670029,0.7400293,-0.6599707,-0.3499707,0.0400293,0.8700293,-1.5499707,-0.8799707,-2.4599707,-3.3599708,-3.8199706,-5.389971,-5.369971,-4.9699707,-5.059971,-5.3199706,-3.6599708,-4.329971,-5.9599705,-5.309971,-6.039971,-4.519971,-2.0599706,1.1600293,1.1300293,1.4300293,-1.3699707,1.1700293,-0.2499707,0.1800293,0.7000293,2.0700293,-0.019970704,-0.9499707,0.9700293,-1.2599707,-1.0699707,-1.7999707,0.2000293,0.3800293,1.4100293
3.1300292,2.4000292,-0.5899707,-1.3899707,-1.9999707,-1.5299706,-1.7999707,-0.5999707,-0.2899707,-1.7699707,-3.1599708,-3.3699708,-4.3599706,-5.2999706,-5.6799707,-4.119971,-4.0499706,-4.2999706,-3.9999707,-5.289971,-6.3999705,0.6900293,-5.2099705,-1.6299707,-0.8899707,0.6600293,0.7900293,-0.9599707,-1.2299707,3.4800293,2.5900292,-1.7399707,1.6100293,-1.4599707,-0.8799707,1.1200293,-1.5499707,-4.269971,-0.9799707,0.81002927,1.0200293
-0.26997072,-1.0399708,-0.8799707,-1.0199707,-2.0699706,-0.7799707,-0.7299707,-1.0799707,1.5800292,1.2600293,-0.1999707,-2.2199707,-4.019971,-6.249971,-3.9799707,-4.0699706,-3.6799707,-4.4499707,-4.8799706,-4.8399706,-4.9499707,-3.6099708,-2.1399708,-4.2599707,-2.9199708,-2.6099708,-2.3799708,-3.6099708,-1.5599707,-1.1499707,0.3400293,-1.7799706,-0.1299707,4.0500293,-2.1199708,-1.4699707,-0.059970703,3.8400292,-0.8499707,0.060029298,-0.039970703
-1.2199707,-1.4899707,-1.2599707,-1.2599707,-0.7499707,-0.2799707,-0.4399707,-0.1799707,-0.9699707,-0.029970704,1.6200293,0.8400293,-2.1399708,-4.2399707,-4.809971,-4.1299706,-3.3999708,-3.7199707,-3.9599707,-4.6599708,-4.1599708,-3.1499708,-4.5699706,-4.599971,-4.309971,-3.1999707,1.1400293,1.4800293,-1.2199707,-0.1999707,-0.6399707,-1.0399708,2.9300294,2.6400292,-0.5099707,-0.3599707,-0.68997073,1.7500293,1.1500293,1.2700293,-2.9699707
-0.3599707,-0.7099707,-0.32997072,-0.3899707,-0.3799707,-0.6599707,-0.7499707,-1.1799707,-1.4799707,-1.4999707,-3.0399706,-4.349971,0.7800293,-2.8399706,-3.3999708,-4.1699705,-4.769971,-4.7099705,-4.749971,-4.1799707,-4.1699705,-2.6699708,-2.7699707,-3.2199707,-3.8599708,-4.0899706,-3.6499708,-0.009970703,0.7500293,0.8800293,0.8400293,1.5700293,0.080029294,1.7400293,1.8000293,-0.4599707,-0.7699707,-1.8199707,-4.3999705,2.1300292,-3.1999707
2.2200294,1.7800293,1.3200293,0.3500293,-1.2699707,-1.5799707,-3.3299706,-3.7099707,-3.7299707,-3.8799708,-3.6899707,-3.1499708,-3.8499708,-2.2299707,-2.7799706,-4.1299706,-4.119971,-4.9099708,-4.079971,-3.5199707,-3.5699706,-2.8999708,-3.4599707,-3.4599707,-3.5699706,-3.8599708,-4.309971,-3.7499707,-2.6399708,-2.3299706,-0.4299707,0.4900293,1.4700294,1.3100293,-0.1899707,-1.6699708,-1.7699707,-0.4399707,-1.5599707,-3.1699708,-3.7899706
3.1200292,2.9100294,2.1400292,0.8300293,0.4000293,0.3000293,-0.8099707,-1.1799707,-2.6199708,-3.0799706,-3.1999707,-3.0599706,-2.3599708,-2.4099708,-3.3699708,-5.3599706,-3.1299708,-4.829971,-5.0699706,-5.3999705,-4.999971,-4.269971,-1.4799707,-1.2699707,-2.4199708,-2.2899706,-2.3899708,-3.0899706,-2.9099708,-4.2099705,-3.1499708,-4.1299706,1.8100293,2.6500292,3.6400292,2.4000292,3.2000294,1.9600292,0.5100293,1.0800292,-0.0499707
0.5800293,1.9900293,2.4500294,2.0400293,1.5200293,1.5700293,0.7800293,-0.6199707,-1.0499707,-1.9299707,-2.6999707,-3.0599706,-1.8599707,-3.1499708,-2.3599708,-3.0599706,-3.2099707,-3.2199707,-4.019971,-5.059971,-3.2599707,-4.389971,-5.0699706,-4.3599706,-2.8499708,-2.9699707,-0.3099707,0.42002928,-0.2599707,-1.9299707,-3.7899706,-3.6399708,-3.8699708,-6.5099707,-1.1799707,2.8400292,-1.0499707,2.0900292,2.0500293,0.8600293,1.0400293
1.2700293,0.2000293,0.2900293,0.3700293,0.9100293,2.0000293,-0.3199707,-1.3999707,-0.6999707,-0.1999707,-0.7999707,-2.2899706,-1.4899707,-1.4699707,-2.1399708,-2.1699708,-1.9399707,-2.3099706,-2.8699708,-3.4699707,-3.6699708,-3.6399708,-3.4499707,-3.9699707,-3.8499708,-3.6499708,0.110029295,0.7800293,2.8600292,3.0600293,0.8800293,-1.6699708,-3.1599708,-2.0999708,-3.0399706,-2.0799706,1.3400292,-1.5399708,1.6500293,3.4000292,2.5700293
2.8200293,3.3100293,3.8200293,2.4700294,2.0300293,2.0500293,-0.2399707,-0.1999707,-2.3999708,-2.1599708,-1.4599707,-1.0899707,-0.7699707,0.9700293,-1.8499707,-1.1599708,-1.6599708,-2.3899708,-2.1699708,-2.3499708,-2.7499707,-2.8099706,-3.2899706,-3.0699706,-2.8499708,-3.2799706,-1.5399708,-1.4499707,-0.069970705,0.48002928,1.0200293,-0.14997071,-0.8099707,-0.6699707,-1.0299706,-1.5899707,-0.7199707,2.9100294,3.2700293,2.1900294,0.8900293
-0.6199707,-0.9699707,0.030029297,0.2100293,2.8700292,0.5900293,0.3300293,-0.039970703,-0.4399707,-0.6999707,-0.3899707,-2.2099707,-3.2899706,-0.039970703,-0.4999707,0.24002929,-0.3199707,-1.8999707,-2.0899706,-1.6199707,-1.6899707,-1.8699707,-2.0099707,-1.9399707,-1.9199708,-1.7299707,-2.7399707,-3.1199708,-3.0099707,2.1600294,-1.3499707,-0.4099707,0.1400293,0.2600293,0.6000293,2.6600294,0.8400293,0.9600293,0.9200293,-0.8399707,1.8200293
1.2400293,1.2100292,0.7900293,-0.1599707,-0.0899707,0.020029297,-0.2899707,0.7800293,0.4300293,0.9400293,0.0900293,-0.3199707,-1.3999707,-2.8099706,-1.6399707,-0.2199707,-0.4599707,-1.0899707,-1.6199707,-1.6199707,-0.32997072,-1.7599707,-0.5999707,-1.1799707,-0.5899707,-0.29997072,-0.93997073,-1.9099708,-1.0399708,-0.6399707,-0.4399707,-1.5999707,-1.1299707,-1.1199707,-1.3699707,1.2200294,1.3500293,0.6100293,-2.1699708,-2.4699707,0.2600293
0.3000293,1.4900293,-0.099970706,-1.2299707,-0.6499707,-0.029970704,-0.6699707,-0.1799707,-0.029970704,0.56002927,1.5100293,-0.099970706,-0.2499707,-0.3199707,-0.6699707,-1.0599707,-1.4099708,-0.6599707,-1.7499707,-2.4899707,-2.3999708,-1.7999707,-2.2799706,-2.2999706,-2.5799706,-3.0599706,-1.9699707,-0.9299707,-0.22997071,-0.5799707,0.3700293,0.1800293,-0.5699707,-0.5099707,-0.3899707,-0.9199707,0.9500293,0.5300293,-0.8199707,-1.1099707,-3.7999706
0.8700293,2.6200292,2.0800292,1.4800293,0.1900293,-0.4399707,0.7400293,0.8300293,-0.0799707,0.050029296,0.4100293,1.3500293,1.7500293,-0.1699707,-0.7399707,0.8200293,-1.4699707,-0.93997073,-2.4999707,-1.8299707,-1.2599707,-1.2499707,-0.7299707,-0.7599707,-0.8599707,-1.5499707,-2.3399706,-1.9899707,-0.7699707,0.2200293,-0.6199707,-1.9299707,-0.3199707,-0.9099707,-1.2099707,-0.8699707,1.5500293,1.2600293,-0.9199707,-1.7499707,-0.8499707
