wind_kz.json
{"header": {"discipline":0,"disciplineName":"Meteorological products","gribEdition":2,"gribLength":1025,"center":7,"centerName":"US National Weather Service - NCEP(WMC)","subcenter":0,"refTime":"2023-09-07T18:00:00.000Z","significanceOfRT":1,"significanceOfRTName":"Start of forecast","productStatus":0,"productStatusName":"Operational products","productType":1,"productTypeName":"Forecast products","productDefinitionTemplate":0,"productDefinitionTemplateName":"Analysis/forecast at horizontal level/layer at a point in time","parameterCategory":2,"parameterCategoryName":"UnknownDiscipline_0_Category_2","parameterNumber":3,"parameterNumberName":"UnknownParameter_D0_C2_3","parameterUnit":"Unknown","genProcessType":2,"genProcessTypeName":"Forecast","forecastTime":300,"surface1Type":103,"surface1TypeName":"Specified height level above ground","surface1Value":10.0,"surface2Type":255,"surface2TypeName":"Missing","surface2Value":0.0,"gridDefinitionTemplate":0,"gridDefinitionTemplateName":"Latitude_Longitude","numberPoints":615,"shape":6,"shapeName":"Earth spherical with radius of 6,371,229.0 m","gridUnits":"degrees","resolution":48,"winds":"true","scanMode":64,"nx":41,"ny":15,"basicAngle":0,"lo1":47.0,"la1":41.0,"lo2":87.0,"la2":55.0,"dx":1.0,"dy":1.0}, "data":
[rows 0 to 14 of 15, columns 0 to 40 of 41]
-1.3230127,1.5569873,-0.9730127,-3.4930127,0.1469873,4.7069874,3.3869872,3.9069872,3.0769873,1.7669873,0.056987304,-0.2230127,-1.1030127,-2.4330127,-3.9630127,-4.8530126,-5.5430126,-4.6930127,-4.0630126,-2.7930126,-3.5730126,-3.2530127,-1.9430127,2.1369872,4.1269875,1.7669873,1.7469873,2.2669873,-2.5030127,-2.2930126,1.6269873,2.1369872,-0.4730127,0.3469873,-1.6230127,-1.7030127,-2.1930127,-1.0230126,0.026987305,-0.1430127,2.0269873
2.8169873,0.9269873,-0.5730127,1.5369873,2.4269874,3.7769873,2.8469872,4.2469873,2.0769873,0.9969873,0.6869873,-0.7530127,-1.6030127,-2.7930126,-3.9230127,-4.5630126,-3.9830127,-3.8130126,-3.6330128,-3.0830126,-3.3030126,-1.8930126,-0.6830127,2.7969873,3.5169873,2.9369874,3.7469873,4.9769874,-0.3930127,4.5669875,0.7869873,3.1669874,1.1769873,3.5069873,1.4369873,-1.0430127,-1.3930126,0.8669873,1.3769873,2.1069872,0.7269873
1.2069873,3.1469872,3.0769873,3.3869872,2.2369874,2.6569872,2.9269874,2.5969872,2.6669874,1.4269873,-0.5030127,-1.1030127,-2.2130127,-3.8030126,-4.053013,-5.3130126,-5.323013,-4.3730125,-3.6530128,-2.8230126,-2.0430126,-2.0830126,0.2869873,3.2569873,-0.3930127,-2.2530127,-2.6730127,2.5769873,-1.5230126,-2.7630126,-0.7330127,1.1769873,-4.593013,1.4069873,1.4769874,-2.3430128,-1.7330127,-1.7930127,-0.9430127,1.6169873,2.8069873
2.4269874,2.2869873,2.2969873,1.7369874,1.5569873,2.6669874,3.2869873,2.1769874,2.4169874,1.4269873,-0.2730127,-1.5030127,-2.8030126,-4.7130127,-5.343013,-5.243013,-5.723013,-5.5430126,-5.4630127,-4.1530128,-1.4530127,0.036987305,-3.2030127,-1.6630127,-0.073012695,0.9069873,1.6469873,-0.1330127,1.6669873,1.5469873,-2.6830127,-4.283013,-0.3730127,-4.4030128,6.506987,1.0069873,1.5869873,2.4769874,-4.823013,-3.5430126,-2.1530128
1.3869873,1.0169873,1.3169873,1.0469873,1.1069874,1.8469872,2.5569873,3.5669873,2.4669874,0.7869873,-0.5730127,-2.0330126,-4.053013,-4.9630127,-4.5430126,-7.013013,-7.6930127,-6.7130127,-6.383013,-5.0630126,-1.5830127,-1.2630126,0.016987305,1.3469872,0.9969873,1.3769873,3.5369873,1.9069873,1.3469872,-0.8630127,-0.9530127,-0.033012696,2.1169872,1.8469872,1.2869873,-3.9430127,-7.0830126,1.0369873,-6.2130127,-4.3330126,-1.1630127
2.2469873,2.6069872,1.5069873,1.8769873,2.0269873,2.0169873,3.5669873,2.8369873,1.9869874,1.4669873,-1.5930127,-3.2230127,-4.533013,-6.1930127,-7.223013,-7.613013,-8.803013,-8.363012,-8.333013,-5.783013,-3.2530127,-4.473013,-1.7730126,1.0769873,2.7769873,1.6969873,4.526987,3.2869873,0.9869873,-2.6230128,6.8569875,5.466987,4.3369875,3.9069872,2.2269874,-2.2430127,-0.4830127,-5.533013,-6.6630125,-3.1030128,-3.5230126
2.3069873,2.4469874,2.6369872,3.2269874,2.8469872,3.4469874,2.2669873,1.9269873,1.4969873,0.6669873,-0.9330127,-2.8130126,-5.5630126,-6.133013,-6.633013,-7.9130125,-8.323012,-8.673013,-9.243012,-6.8930125,-5.323013,-3.4830127,-4.2130127,0.4969873,1.9969873,0.5469873,3.5769873,2.4169874,0.15698731,1.5569873,-1.7430127,3.3769872,5.0669875,6.7669873,4.506987,-1.5430127,1.0269873,0.8769873,-0.8630127,-1.2830127,-3.1430128
2.0769873,2.1069872,2.1369872,2.4269874,2.5669873,2.4769874,2.4269874,1.4069873,0.4069873,0.4269873,-0.8230127,-2.4230127,-5.013013,-6.2930126,-6.633013,-7.4230127,-7.8530126,-8.153012,-9.223013,-9.173013,-6.763013,-4.1530128,-2.5430126,-3.0030127,-1.1930127,1.2969873,1.3769873,3.5469873,2.9369874,1.5769873,0.6769873,1.2569873,-0.4630127,1.4369873,5.366987,1.3269873,0.21698731,-4.263013,0.6169873,0.7369873,0.3769873
2.1169872,2.0269873,1.7369874,2.0569873,2.7369874,3.0269873,2.1669874,0.7969873,0.2869873,-0.2430127,-1.2330127,-2.5330126,-4.2730126,-5.613013,-6.6030126,-7.2530127,-7.9530125,-7.7530127,-8.443012,-8.483013,-7.783013,-6.8930125,-5.5030127,-3.1530128,0.1769873,0.056987304,-1.0430127,-1.1430126,-2.4230127,0.5969873,0.94698733,-0.073012695,-0.2230127,-2.5330126,-1.6530128,-1.5930127,2.3569872,-0.4530127,1.0069873,0.7469873,1.1669873
1.9869874,1.7569873,1.8569874,1.9869874,2.9969873,3.1769874,2.4469874,1.2169873,0.1169873,-0.3330127,-1.2730126,-2.1330128,-3.6630127,-4.283013,-5.613013,-6.1730127,-6.993013,-7.6530128,-6.613013,-6.9630127,-6.7330127,-5.0430126,-6.1530128,-5.303013,-3.9530127,-0.9630127,-2.2230127,-2.2630126,-1.0930127,0.15698731,0.1369873,-1.2530127,-1.5430127,-2.6630127,-2.6630127,-2.2130127,-0.9730127,2.3069873,2.0969872,1.0269873,0.9169873
1.7769873,2.3169873,2.3669872,1.6569873,1.9469873,2.7069874,2.2369874,1.4569873,1.2069873,0.23698731,-0.9630127,-1.5430127,-2.2230127,-3.5430126,-4.6930127,-5.033013,-5.533013,-5.863013,-6.2330127,-6.6030126,-6.3730125,-6.243013,-6.2330127,-5.3530126,-4.513013,-4.243013,-2.8830128,-3.7530127,-2.7830126,-2.1330128,-1.2330127,-0.80301267,-1.3430127,-2.0630126,-2.4930127,-1.3530127,-0.4630127,-1.1630127,-0.3430127,0.6769873,0.4569873
1.2969873,1.1769873,1.7669873,2.3569872,2.3869872,2.3069873,2.0469873,1.6569873,2.1969874,0.076987304,-1.2530127,-1.5330127,-0.8530127,-2.1130128,-2.8830128,-3.7830126,-4.2330127,-4.6830125,-4.1830125,-4.6630125,-5.013013,-4.8330126,-4.4230127,-4.553013,-4.8930125,-5.1730127,-4.863013,-4.5830126,-3.7630126,-1.8730127,-2.1830127,-0.7930127,-1.7130127,-2.0830126,-2.4530127,-0.1830127,0.3769873,-1.2330127,-2.1330128,-0.3230127,-0.41301268
2.4269874,2.4169874,1.6269873,1.4269873,1.3069873,1.3469872,1.6769873,1.4869874,1.5469873,0.4769873,-0.4630127,-1.5830127,-0.9430127,-2.0030127,-2.0030127,-2.2730126,-2.7530127,-3.3630128,-3.5630126,-3.0130126,-2.5230126,-2.9130127,-2.6030128,-3.1930127,-3.6530128,-3.8630128,-3.8730128,-4.303013,-4.383013,-3.4730127,-1.8030127,-0.043012694,0.8569873,-0.8930127,-0.5630127,-0.5830127,0.7269873,0.016987305,0.4369873,1.3869873,0.7369873
3.3169873,3.4369874,3.3369873,2.4769874,2.0469873,1.7469873,1.2669873,1.3769873,0.6669873,1.0969872,-0.103012696,-0.5730127,-0.8130127,-0.8630127,-2.7930126,-2.7930126,-2.9430127,-2.4830127,-3.0230126,-2.0630126,-3.1530128,-1.9230127,-1.3230127,-1.4930127,-1.8630127,-2.8030126,-2.9430127,-3.4230127,-3.7430127,-3.6130128,-2.1030128,-1.2530127,-1.9130127,0.3169873,0.6869873,0.7369873,0.33698732,0.2669873,0.8869873,1.2269874,1.9269873
2.6269872,3.7969873,3.3369873,2.8569872,2.4569874,1.7969873,1.4769874,1.2169873,0.5769873,0.4569873,0.7769873,-0.5630127,-1.0330127,-2.2930126,-3.4630127,-4.0830126,-3.8330126,-3.6130128,-3.1730127,-2.9830127,-2.7530127,-3.6930127,-1.5830127,-1.1630127,-1.5730127,-1.3930126,-1.8730127,-2.3130126,-2.7630126,-2.7830126,-2.4130127,-1.6430126,-1.6030127,0.2569873,0.1469873,1.0969872,0.33698732,0.066987306,-0.2630127,1.9369873,1.2069873
