wind_kz.json
[{"header":{"discipline":0,"disciplineName":"Meteorological products","gribEdition":2,"gribLength":871,"center":7,"centerName":"US National Weather Service - NCEP(WMC)","subcenter":0,"refTime":"2024-01-31T18:00:00.000Z","significanceOfRT":1,"significanceOfRTName":"Start of forecast","productStatus":0,"productStatusName":"Operational products","productType":1,"productTypeName":"Forecast products","productDefinitionTemplate":0,"productDefinitionTemplateName":"Analysis/forecast at horizontal level/layer at a point in time","parameterCategory":0,"parameterCategoryName":"UnknownDiscipline_0_Category_0","parameterNumber":0,"parameterNumberName":"UnknownParameter_D0_C0_0","parameterUnit":"Unknown","genProcessType":2,"genProcessTypeName":"Forecast","forecastTime":300,"surface1Type":1,"surface1TypeName":"Ground or water surface","surface1Value":0.0,"surface2Type":255,"surface2TypeName":"Missing","surface2Value":0.0,"gridDefinitionTemplate":0,"gridDefinitionTemplateName":"Latitude_Longitude","numberPoints":615,"shape":6,"shapeName":"Earth spherical with radius of 6,371,229.0 m","gridUnits":"degrees","resolution":48,"winds":"true","scanMode":64,"nx":41,"ny":15,"basicAngle":0,"lo1":47.0,"la1":41.0,"lo2":87.0,"la2":55.0,"dx":1.0,"dy":1.0},"data":[285.9,279.3,283.8,280.2,280.3,281.8,286.1,288.3,285.2,285.6,284.1,284.4,284.2,283.7,284.2,284.5,285.6,285.1,286.3,285.4,289.0,288.4,288.9,286.2,287.8,288.9,283.4,269.2,268.1,265.7,267.4,264.1,273.4,285.5,283.3,283.8,285.4,284.2,284.2,282.7,282.6,266.4,282.9,280.0,279.7,280.2,280.8,286.8,284.2,283.8,283.2,283.6,282.1,282.4,282.8,281.0,281.4,283.6,282.7,281.9,283.5,285.2,284.7,285.3,277.5,267.9,269.2,272.4,269.4,266.5,263.4,272.9,264.3,279.9,256.2,265.0,272.5,273.2,280.5,283.1,281.6,273.2,282.1,278.2,280.0,280.2,280.2,283.4,283.1,282.4,281.1,280.6,280.3,280.0,279.9,280.2,278.3,277.8,278.0,277.3,277.5,278.4,280.1,285.3,279.0,271.2,281.6,280.7,278.6,281.4,280.8,272.6,269.9,272.2,270.6,271.4,271.1,273.6,269.1,265.9,266.6,267.8,266.3,281.8,275.7,277.8,278.9,280.3,281.7,280.2,279.8,280.6,278.9,279.1,279.1,281.2,281.7,277.2,276.4,276.9,276.2,276.3,276.3,278.8,268.4,278.9,277.7,278.1,277.9,276.0,274.0,273.4,272.9,273.4,274.3,279.1,277.0,273.2,272.6,266.6,263.8,277.6,273.1,272.4,279.0,272.9,272.3,272.8,276.6,279.8,278.3,279.1,277.9,277.1,276.6,276.4,278.9,278.9,278.0,274.8,275.1,275.1,274.9,274.5,275.7,276.3,276.0,276.5,276.6,275.3,270.9,273.8,277.0,277.0,276.4,274.8,267.2,264.0,273.7,273.1,271.5,271.7,273.2,271.7,269.6,278.7,278.9,273.1,273.0,272.7,272.3,278.2,276.9,275.3,275.0,274.5,273.3,277.5,278.8,269.6,272.1,273.0,272.7,271.5,271.6,267.3,271.2,271.0,270.4,271.0,266.3,270.8,269.9,269.0,268.4,270.2,272.5,264.8,263.7,265.4,267.3,265.3,266.2,268.8,268.0,268.3,278.0,277.8,278.0,277.2,274.9,276.2,275.5,275.4,274.9,273.8,272.6,268.5,268.6,266.8,267.4,268.3,267.8,269.3,265.7,259.0,257.7,259.1,259.3,261.9,257.1,257.6,257.1,260.3,259.5,260.7,257.2,257.7,260.2,258.7,262.2,264.5,264.8,263.9,259.7,265.0,267.1,277.0,276.6,275.3,275.5,275.1,273.3,274.5,272.5,270.7,264.4,261.5,260.2,258.7,257.5,262.0,258.7,257.9,257.7,257.0,256.0,254.5,254.7,254.0,254.6,255.4,253.4,254.9,251.8,251.6,253.1,252.5,255.0,253.6,253.1,253.5,254.9,256.1,257.5,258.1,260.8,259.3,275.4,275.3,275.2,274.2,273.4,272.8,272.0,266.7,264.3,260.6,258.6,256.4,254.7,255.7,254.3,255.6,254.6,255.5,253.6,253.3,253.9,252.5,252.2,251.5,251.5,251.9,250.7,250.2,251.2,251.2,249.9,252.4,259.2,256.8,254.0,251.0,254.2,256.8,258.6,263.6,261.1,274.0,273.5,272.9,272.6,268.9,266.1,263.4,261.1,259.5,259.0,255.0,253.0,254.3,252.3,251.7,252.6,252.3,252.6,251.9,252.2,249.7,250.9,251.9,250.2,250.6,249.7,252.6,253.0,251.7,250.7,256.8,258.1,255.5,253.3,253.5,252.6,253.6,259.4,260.3,262.9,261.0,270.7,269.2,267.5,265.4,264.4,262.4,261.0,259.6,257.5,255.4,253.7,253.0,253.3,251.4,249.9,250.4,250.6,250.1,250.6,249.1,250.0,249.0,249.9,249.4,249.7,249.3,248.4,252.9,254.2,255.0,253.6,253.4,254.0,256.6,254.5,253.2,255.5,258.5,260.3,261.4,260.5,268.7,268.0,266.7,264.0,260.9,259.2,258.2,256.3,255.1,254.1,255.0,248.7,249.4,250.3,250.4,249.3,249.3,249.6,250.4,249.1,249.1,249.6,249.0,249.2,250.8,250.5,250.0,252.4,252.5,252.6,253.1,252.0,255.8,251.3,254.0,253.4,254.6,255.5,256.2,257.5,258.6,268.0,266.9,266.9,265.2,263.7,261.5,259.1,256.7,256.1,254.9,255.8,256.7,249.0,252.3,250.7,249.1,249.4,248.9,246.5,248.7,248.1,248.4,250.6,249.1,249.3,250.2,251.0,249.7,249.5,251.1,250.4,250.6,250.5,250.7,251.8,252.0,253.3,256.3,255.7,254.8,257.3,269.2,267.4,266.0,264.6,263.4,261.7,260.1,259.0,259.9,257.5,258.8,258.8,254.0,250.3,250.6,249.2,248.5,248.2,246.4,248.4,248.7,248.8,248.2,248.8,249.0,250.1,250.5,250.3,250.4,249.6,249.6,249.5,249.8,249.3,250.8,251.3,252.8,253.3,254.8,256.4,256.4,269.7,267.2,267.0,265.1,264.2,262.8,262.6,262.3,260.4,260.5,260.5,260.5,262.0,255.2,253.8,251.4,250.8,251.7,248.9,249.8,248.5,249.4,249.3,250.6,250.3,250.6,250.7,250.6,250.2,250.7,249.9,249.5,249.3,250.2,250.5,251.3,253.0,253.3,253.3,254.5,258.1]},{"header":{"discipline":0,"disciplineName":"Meteorological products","gribEdition":2,"gribLength":1102,"center":7,"centerName":"US National Weather Service - NCEP(WMC)","subcenter":0,"refTime":"2024-01-31T18:00:00.000Z","significanceOfRT":1,"significanceOfRTName":"Start of forecast","productStatus":0,"productStatusName":"Operational products","productType":1,"productTypeName":"Forecast products","productDefinitionTemplate":0,"productDefinitionTemplateName":"Analysis/forecast at horizontal level/layer at a point in time","parameterCategory":2,"parameterCategoryName":"UnknownDiscipline_0_Category_2","parameterNumber":2,"parameterNumberName":"UnknownParameter_D0_C2_2","parameterUnit":"Unknown","genProcessType":2,"genProcessTypeName":"Forecast","forecastTime":300,"surface1Type":103,"surface1TypeName":"Specified height level above ground","surface1Value":10.0,"surface2Type":255,"surface2TypeName":"Missing","surface2Value":0.0,"gridDefinitionTemplate":0,"gridDefinitionTemplateName":"Latitude_Longitude","numberPoints":615,"shape":6,"shapeName":"Earth spherical with radius of 6,371,229.0 m","gridUnits":"degrees","resolution":48,"winds":"true","scanMode":64,"nx":41,"ny":15,"basicAngle":0,"lo1":47.0,"la1":41.0,"lo2":87.0,"la2":55.0,"dx":1.0,"dy":1.0},"data":[0.120195314,0.31019533,0.8301953,-3.6198046,-5.659805,-6.2798047,-6.0398045,-7.9798045,-9.489804,-5.8598046,-6.7498045,-6.7898045,-6.3998046,-5.8998046,-4.9398046,-5.7498045,-5.9998045,-5.949805,-4.929805,-1.7998047,1.6401954,2.5301952,1.5001953,1.5401953,-0.6898047,-1.5898046,-0.42980468,3.7201953,0.92019534,1.1601954,4.2701955,2.6401954,0.67019534,0.5401953,1.9101954,2.9301953,3.7301953,3.5201952,3.1901953,3.0201952,3.6301954,2.9401953,-0.16980469,-4.0398045,-9.119804,-7.7098045,-7.2698045,-6.9198046,-10.819805,-9.359805,-8.729805,-7.949805,-8.339805,-7.4198046,-6.3398046,-6.599805,-6.1898046,-4.969805,-6.3998046,-3.7898047,-1.5298047,-0.4498047,-4.099805,0.3601953,-0.5198047,1.4401953,1.2801954,0.8401953,1.7701954,1.1901953,1.953125E-4,0.7001953,0.8301953,2.0101953,-0.27980468,0.15019532,0.22019531,1.1001953,0.9501953,1.3401953,1.1801953,4.8501954,-3.2298048,-7.9898047,-10.969805,-9.909804,-9.949804,-9.979805,-10.339805,-8.469805,-11.159804,-9.759805,-9.419805,-8.919805,-7.599805,-8.279804,-8.139805,-7.9598045,-8.669805,-6.1898046,-4.5198045,-2.1298046,0.9101953,-3.2098048,-8.589805,-4.6698046,0.6201953,1.4301953,2.3401954,3.2001953,2.5601952,0.99019533,2.9901953,-0.5198047,-0.6498047,1.7701954,-0.5998047,-0.15980469,1.1801953,-0.5398047,-0.23980469,7.650195,7.650195,-7.9898047,-9.689805,-10.709805,-11.369804,-9.679805,-9.629805,-8.359805,-10.4998045,-10.089805,-10.4998045,-10.569805,-11.319805,-11.529804,-11.219805,-8.859805,-8.489804,-8.309805,-7.409805,-7.179805,-7.119805,-6.1298046,-4.4198046,-1.3398046,-2.9998047,-2.4098046,-2.5198047,-2.9398048,-3.9998047,-0.13980469,2.4001954,3.3401954,3.4501953,7.5201955,2.9301953,0.7201953,1.9201953,1.8901954,4.2101955,1.0001953,-1.0998046,-1.0798047,-8.699804,-8.669805,-8.949804,-9.539804,-10.059805,-10.419805,-9.459805,-10.459805,-10.629805,-10.779804,-11.099805,-11.879805,-11.299805,-11.199804,-10.679805,-8.309805,-8.069805,-7.7098045,-7.409805,-8.399805,-8.929805,-7.2098045,-5.9198046,-4.5198045,-4.1298046,-4.8798046,-5.679805,-1.7498047,-1.0398047,-0.17980468,0.4301953,2.8601954,3.2201953,5.5601954,0.1901953,-1.3198047,4.3101954,-2.0098047,0.4501953,1.0101953,0.07019531,-8.649805,-8.169805,-8.709805,-10.159804,-10.559805,-10.289804,-11.049805,-10.399805,-10.129805,-10.199804,-10.369804,-10.149805,-9.639805,-10.629805,-7.6098046,-7.4998045,-7.5898046,-8.049805,-8.809805,-7.7798047,-8.929805,-7.5298047,-5.699805,-5.369805,-4.909805,-5.1098046,-3.9998047,-2.2998047,-2.2198048,-2.3198047,-1.9998047,-2.2998047,-0.06980469,1.0101953,6.9801955,5.550195,6.8901954,8.930195,17.880196,-5.389805,-3.2398047,-8.539804,-8.789804,-9.899805,-10.2498045,-10.439805,-9.739804,-10.209805,-10.229805,-10.279804,-10.099805,-9.519805,-10.429805,-8.739804,-8.9998045,-7.9598045,-7.469805,-7.1098046,-7.059805,-7.4198046,-7.5198045,-6.7698045,-6.179805,-5.7898045,-4.5498047,-3.7798047,-2.8998046,-2.2098048,-1.6198047,-2.4998047,-3.1698046,-2.9598048,-2.1198046,-0.13980469,0.6201953,5.190195,2.2401953,1.3101953,-2.1098046,3.1801953,-0.3598047,1.0201954,-8.239804,-8.779804,-8.629805,-8.619804,-8.989804,-8.759805,-8.959805,-8.629805,-9.439805,-8.509805,-8.289804,-9.919805,-7.6298046,-7.809805,-6.3798046,-6.199805,-5.679805,-5.7998047,-4.2998047,-6.5498047,-5.179805,-4.6898046,-4.2598047,-4.1098046,-4.079805,-1.2698047,-0.3598047,0.3401953,-0.33980468,-1.0498047,-1.3798047,0.15019532,-0.06980469,-2.1898048,0.23019531,6.5201955,8.860195,11.160195,12.460196,13.410195,6.340195,-7.3398046,-7.639805,-7.7498045,-7.389805,-7.619805,-8.289804,-7.9898047,-8.2498045,-7.829805,-7.2598047,-7.389805,-6.929805,-6.9198046,-5.1698046,-5.3198047,-4.659805,-5.449805,-5.559805,-4.889805,-4.2798047,-5.2298045,-3.9698048,-3.1398046,-1.7998047,-2.6398046,-1.3998047,-0.7798047,-0.3498047,1.3801953,1.4401953,2.1901953,2.0201952,3.5001953,3.6501954,4.190195,5.5101953,1.6201953,-0.6798047,1.4301953,1.3201953,2.6901953,-5.929805,-6.2498045,-6.5498047,-6.809805,-6.9798045,-6.8598046,-6.8798046,-7.159805,-6.699805,-6.429805,-6.809805,-7.809805,-5.389805,-3.9898047,-3.8498046,-3.5998046,-4.349805,-3.2698047,-3.9898047,-3.5998046,-4.7498045,-2.2498047,-1.2198046,-1.0298047,-0.9098047,0.050195314,0.22019531,1.2401953,2.5101953,4.3701954,5.2501955,5.8701954,5.6001954,6.150195,5.7901955,5.4701953,5.130195,1.5701953,2.8701954,2.7501953,2.5501952,-4.679805,-5.6698046,-6.219805,-6.2498045,-6.0198045,-5.8998046,-5.9198046,-6.6498046,-5.8798046,-5.889805,-5.699805,-4.199805,-2.7598047,-4.0398045,-2.9598048,-2.4598048,-2.6198046,-1.9898047,-2.1798048,-3.3398046,-2.3998046,-1.4498047,-1.2098047,-0.75980467,0.15019532,0.31019533,1.9501953,2.6801953,4.5201955,6.7301955,6.6201954,6.070195,5.7101955,4.860195,5.150195,3.6901953,1.9201953,2.3801954,1.6401954,-0.4098047,2.1301954,-4.159805,-4.139805,-4.7998047,-4.9798045,-6.159805,-5.6298046,-5.4598045,-5.969805,-4.5298047,-4.429805,-2.8098047,-1.7398047,-1.6098046,-2.2798047,-1.2898047,-0.7898047,-0.6898047,-0.6698047,-0.8498047,-1.4398047,-1.1198047,-0.2998047,0.22019531,-0.08980469,-0.24980469,1.9401953,3.3001952,4.840195,5.610195,5.5401955,5.2301955,5.3101954,4.3901954,4.7501955,4.360195,5.110195,6.5001955,7.9701953,6.5201955,6.7401953,5.280195,-1.8198047,-2.7498047,-3.0298047,-3.4698048,-3.4598048,-3.7998047,-4.5398045,-4.0398045,-3.5498047,-2.2398047,-1.3998047,-0.8998047,0.18019532,0.7001953,0.7501953,0.9701953,0.44019532,0.7101953,-0.08980469,-0.5398047,-0.2298047,0.20019531,1.0001953,1.7901953,3.8601954,3.9601953,4.9701953,4.7301955,4.400195,4.320195,4.550195,4.7201953,4.7201953,4.4701953,4.8301954,5.590195,5.6201954,4.3901954,6.3301954,6.7501955,5.2701955,-1.0598047,-1.5498047,-2.4598048,-3.4998047,-3.2998047,-3.7198048,-2.6198046,-2.2198048,-0.5598047,-0.45980468,-1.5098047,-0.9298047,0.5801953,1.2301953,0.9701953,1.4401953,1.2401953,1.4301953,1.1001953,0.8301953,0.8801953,1.9001954,2.7001953,3.3101952,3.5701952,3.3701954,3.1301954,3.6701953,3.6201954,3.8601954,3.9501953,3.9001954,3.8001952,4.1601954,3.9501953,4.1201954,4.2601953,4.6001954,4.9101954,3.7201953,6.7501955,-0.56980467,-2.2698047,-1.8998047,-2.4298048,-1.8398046,-1.2498047,-1.0198047,-0.6298047,-1.0298047,-1.4398047,-0.6198047,-0.9998047,-0.05980469,0.1601953,0.5401953,0.7701953,1.1601954,1.5301954,0.6901953,1.2401953,1.5401953,2.0501952,2.0401952,2.7001953,2.8501954,2.6801953,3.0501952,3.1001954,3.2101953,3.2101953,3.1501954,3.1001954,3.1801953,3.1901953,3.8201952,4.5201955,3.6401954,4.590195,5.440195,5.3701954,3.6001954]},{"header":{"discipline":0,"disciplineName":"Meteorological products","gribEdition":2,"gribLength":1025,"center":7,"centerName":"US National Weather Service - NCEP(WMC)","subcenter":0,"refTime":"2024-01-31T18:00:00.000Z","significanceOfRT":1,"significanceOfRTName":"Start of forecast","productStatus":0,"productStatusName":"Operational products","productType":1,"productTypeName":"Forecast products","productDefinitionTemplate":0,"productDefinitionTemplateName":"Analysis/forecast at horizontal level/layer at a point in time","parameterCategory":2,"parameterCategoryName":"UnknownDiscipline_0_Category_2","parameterNumber":3,"parameterNumberName":"UnknownParameter_D0_C2_3","parameterUnit":"Unknown","genProcessType":2,"genProcessTypeName":"Forecast","forecastTime":300,"surface1Type":103,"surface1TypeName":"Specified height level above ground","surface1Value":10.0,"surface2Type":255,"surface2TypeName":"Missing","surface2Value":0.0,"gridDefinitionTemplate":0,"gridDefinitionTemplateName":"Latitude_Longitude","numberPoints":615,"shape":6,"shapeName":"Earth spherical with radius of 6,371,229.0 m","gridUnits":"degrees","resolution":48,"winds":"true","scanMode":64,"nx":41,"ny":15,"basicAngle":0,"lo1":47.0,"la1":41.0,"lo2":87.0,"la2":55.0,"dx":1.0,"dy":1.0},"data":[-0.51489013,-0.15489013,3.35511,8.46511,5.3951097,3.2151098,2.7051098,1.6051098,0.15510987,-0.20489013,-2.87489,-2.4648902,-3.0548902,-4.49489,-5.1848903,-5.90489,-6.23489,-2.94489,-6.55489,-4.8748903,-4.56489,-4.3948903,1.3451098,0.6651099,1.3851099,-0.6648901,0.51510984,2.4851098,0.045109864,-1.8148901,-3.7148902,-4.06489,-0.19489014,0.99510986,0.70510983,0.5351099,0.40510985,0.31510985,0.29510987,-0.18489014,-1.3048902,6.03511,-1.0148902,6.55511,8.37511,5.97511,3.58511,0.8351099,3.2351098,1.2251098,-0.37489015,-1.3448901,-3.34489,-3.84489,-3.92489,-6.56489,-5.8948903,-3.5448902,-6.17489,-8.43489,-7.90489,-5.34489,-6.8948903,-2.9648902,1.9951099,0.95510983,2.4651098,0.87510985,1.0251099,-0.45489013,2.9651098,3.6651099,0.50510985,1.0951098,-3.41489,-2.09489,0.80510986,0.055109862,1.3351098,0.67510986,0.7251099,1.0451099,2.2651098,3.2051098,3.9551098,6.22511,4.67511,3.9851098,3.55511,2.39511,2.55511,-0.25489014,-2.16489,-2.4848902,-3.39489,-3.7948902,-5.00489,-5.7048903,-5.79489,-6.67489,-8.60489,-9.73489,-6.6048903,0.37510985,-10.28489,-2.2048903,-2.8348901,-3.10489,-2.8148901,-1.7848902,-0.49489012,1.7151098,-0.16489014,1.2651099,-1.2148901,-2.3248901,0.5951099,-2.18489,-3.11489,0.27510986,-0.50489014,-0.40489015,-0.09489014,3.13511,3.05511,4.07511,4.44511,4.71511,4.42511,5.47511,2.9951098,2.36511,1.2751099,-0.55489016,-2.8048902,-3.4848902,-4.06489,-4.23489,-5.29489,-5.71489,-6.53489,-8.12489,-10.52489,-8.39489,-3.87489,-3.7548902,-4.8348904,-4.9148903,-4.42489,-5.3948903,-4.4148903,-4.32489,-4.99489,-5.4148903,-2.17489,1.8151098,0.54510987,0.6651099,1.7651099,5.67511,5.69511,0.51510984,-1.8548901,-0.9748901,1.4451098,0.33510986,0.57510984,1.2951099,2.14511,3.0151098,2.83511,3.9251099,3.40511,1.4251099,0.44510987,-0.94489014,-3.41489,-4.54489,-5.3548903,-5.1448903,-5.6448903,-5.84489,-6.25489,-6.73489,-5.6248903,-4.77489,-5.54489,-5.67489,-5.36489,-4.92489,-5.61489,-6.65489,-5.07489,-5.4548903,-4.42489,-1.8348901,3.84511,1.4951099,0.86510986,1.3451098,-6.8548903,1.4151099,1.7351098,0.9051099,-1.2948902,1.6851099,1.6051098,1.0051099,2.08511,2.58511,2.9451098,4.1251097,3.7351098,3.1651099,2.7151098,0.9051099,-0.92489016,-4.4148903,-6.25489,-5.3948903,-5.28489,-4.84489,-5.27489,-4.9548903,-4.9548903,-6.11489,-6.6648903,-6.78489,-6.61489,-6.49489,-4.48489,-6.79489,-7.40489,-5.59489,-5.9148903,-6.1848903,-4.67489,-4.99489,-2.93489,1.5051099,-5.9348903,-0.50489014,-7.6448903,-9.344891,1.7251098,2.5351098,1.8051099,2.34511,3.35511,3.65511,3.9651098,3.7351098,4.1651096,4.27511,2.81511,1.8651099,0.6651099,-0.61489016,-2.4948902,-4.8348904,-5.4548903,-5.63489,-4.9348903,-3.64489,-3.0748901,-3.18489,-5.1648903,-6.03489,-6.63489,-6.11489,-5.9348903,-4.3748903,-5.84489,-7.94489,-4.71489,-6.00489,-6.97489,-7.19489,-8.40489,-8.37489,-2.4748902,0.82510984,1.9851098,0.87510985,-3.12489,-0.41489014,-4.27489,2.7351098,2.9351099,3.0051098,3.58511,3.60511,3.6751099,4.52511,3.88511,3.4951098,2.0351098,0.62510985,0.6051099,-2.17489,-2.3248901,-4.27489,-4.15489,-4.75489,-4.3348904,-3.7048903,-1.4648901,-3.69489,-5.17489,-6.22489,-6.2048903,-5.81489,-5.3748903,-6.44489,-5.47489,-4.88489,-5.3948903,-5.8748903,-7.09489,-6.00489,-8.70489,-5.02489,-3.64489,-3.65489,-0.54489017,-0.17489013,-1.1248901,-1.3948902,3.4451098,3.82511,3.89511,3.6751099,3.81511,4.32511,4.2951097,3.39511,2.9551098,2.37511,1.4651098,0.61510986,0.17510986,-1.7748902,-2.37489,-3.67489,-3.39489,-4.05489,-3.43489,-3.34489,-0.80489016,-3.85489,-4.94489,-5.17489,-5.52489,-4.98489,-3.66489,-3.34489,-5.56489,-4.31489,-7.50489,-7.27489,-7.67489,-6.88489,-5.3348904,-6.78489,-2.7748902,-3.63489,-0.9048901,-0.46489012,4.25511,3.56511,3.37511,3.4451098,3.89511,3.36511,3.37511,3.34511,3.07511,3.09511,2.90511,2.7051098,1.3951099,1.2451099,-0.21489014,-1.2348901,-2.0148902,-2.5248902,-3.2848902,-2.7948902,-2.19489,-1.7148901,-2.2748902,-2.7748902,-3.0248902,-3.43489,-3.91489,-3.9848902,-3.44489,-3.36489,-4.24489,-5.63489,-6.69489,-5.97489,-4.26489,-3.84489,-2.63489,-0.81489015,0.9651099,1.9551098,3.07511,1.7751099,3.40511,3.4351099,4.0651097,2.9851098,2.85511,3.7451098,3.58511,2.85511,2.39511,3.0451097,1.2051098,0.36510986,1.0751098,1.1651099,-0.35489014,-1.6448902,-2.3148901,-2.91489,-2.2548902,-2.7648902,-1.7448901,-2.0848901,-3.2848902,-3.0248902,-2.93489,-2.42489,-2.92489,-4.74489,-4.30489,-4.32489,-4.55489,-4.56489,-4.28489,-3.12489,-2.85489,-1.4548901,1.1151099,-0.8348901,-2.94489,-3.16489,-1.8848901,2.1851099,2.86511,3.65511,4.90511,5.28511,4.44511,4.17511,4.1051097,2.60511,2.2951097,0.6451099,0.27510986,0.55510986,1.0751098,0.33510986,-0.73489016,-1.0448902,-1.4648901,-1.1848902,-1.9248902,-2.69489,-3.0148902,-2.44489,-2.36489,-4.4348903,-4.75489,-3.68489,-4.88489,-4.8748903,-4.80489,-4.13489,-4.1448903,-3.42489,-3.38489,-2.19489,-0.9748901,1.0551099,0.63510984,-0.57489014,-2.2848902,-0.7848901,4.67511,4.43511,4.2951097,4.82511,4.4151096,3.83511,4.3751097,5.59511,6.0851097,1.9951099,0.24510986,1.4351099,1.3551098,1.4951099,1.1351099,-0.014890137,-0.5948901,-0.99489015,-0.6448901,-1.1148901,-1.3948902,-1.5548902,-1.4748901,-1.9748901,-3.90489,-3.59489,-4.04489,-3.64489,-3.62489,-4.24489,-4.36489,-4.32489,-3.7048903,-3.0348902,-2.5848901,-2.37489,-2.34489,-0.80489016,-1.5948901,-1.4448901,0.08510986,6.15511,6.68511,7.50511,6.44511,6.21511,5.75511,4.8151097,6.03511,4.6451097,3.10511,1.1251099,0.8451099,2.13511,1.9651098,1.8551098,1.0451099,-0.054890137,-0.15489013,-0.06489014,-0.92489016,-1.2348901,-0.8548901,-1.1948901,-2.0748901,-2.2548902,-3.19489,-4.21489,-4.23489,-4.22489,-4.24489,-4.3748903,-4.32489,-4.36489,-3.93489,-3.91489,-3.7248902,-3.0248902,-2.8148901,-2.8248901,-2.60489,-3.9948902,4.43511,6.99511,7.6651096,7.6051097,7.40511,6.8351097,5.8951097,6.28511,5.68511,3.82511,0.87510985,1.2151098,0.7751099,1.8051099,3.1751099,1.9651098,0.68510985,-0.33489013,0.015109863,-0.70489013,-1.3948902,-1.9348902,-1.9148902,-3.0848901,-3.7648902,-4.00489,-4.15489,-4.34489,-4.31489,-4.8348904,-5.29489,-5.1448903,-4.65489,-4.88489,-4.59489,-4.40489,-3.5348902,-3.90489,-4.13489,-4.2048903,-2.7048903]}]