wind_kz.json
{"header": {"discipline":0,"disciplineName":"Meteorological products","gribEdition":2,"gribLength":948,"center":7,"centerName":"US National Weather Service - NCEP(WMC)","subcenter":0,"refTime":"2023-08-18T06:00:00.000Z","significanceOfRT":1,"significanceOfRTName":"Start of forecast","productStatus":0,"productStatusName":"Operational products","productType":1,"productTypeName":"Forecast products","productDefinitionTemplate":0,"productDefinitionTemplateName":"Analysis/forecast at horizontal level/layer at a point in time","parameterCategory":0,"parameterCategoryName":"UnknownDiscipline_0_Category_0","parameterNumber":0,"parameterNumberName":"UnknownParameter_D0_C0_0","parameterUnit":"Unknown","genProcessType":2,"genProcessTypeName":"Forecast","forecastTime":120,"surface1Type":1,"surface1TypeName":"Ground or water surface","surface1Value":0.0,"surface2Type":255,"surface2TypeName":"Missing","surface2Value":0.0,"gridDefinitionTemplate":0,"gridDefinitionTemplateName":"Latitude_Longitude","numberPoints":615,"shape":6,"shapeName":"Earth spherical with radius of 6,371,229.0 m","gridUnits":"degrees","resolution":48,"winds":"true","scanMode":64,"nx":41,"ny":15,"basicAngle":0,"lo1":47.0,"la1":41.0,"lo2":87.0,"la2":55.0,"dx":1.0,"dy":1.0}, "data":
[rows 0 to 14 of 15, columns 0 to 40 of 41]
318.74203,302.04205,311.84204,299.64203,299.24203,298.24203,313.14203,323.14203,321.74203,323.04205,321.64203,321.84204,322.54205,321.94205,322.44205,324.14203,323.54205,322.74203,328.44205,324.14203,326.54205,322.14203,318.94205,319.24203,319.84204,317.84204,316.64203,307.34204,304.14203,300.94205,299.74203,296.44205,311.74203,320.84204,324.84204,323.34204,324.14203,316.64203,311.64203,314.44205,316.74203
290.74203,310.24203,299.34204,299.94205,299.74203,298.14203,325.94205,319.64203,320.14203,320.44205,321.84204,321.14203,322.54205,325.54205,324.84204,325.74203,326.74203,326.24203,324.54205,325.84204,326.34204,323.54205,320.64203,311.54205,302.24203,301.34204,311.24203,308.64203,305.14203,293.44205,296.94205,293.24203,303.04205,271.64203,298.44205,314.84204,315.64203,318.14203,319.84204,292.34204,284.24203
312.04205,299.24203,300.04205,299.74203,297.54205,318.34204,319.04205,319.14203,318.84204,318.14203,318.64203,320.24203,321.04205,322.34204,323.64203,326.34204,327.24203,325.84204,325.54205,325.44205,323.54205,322.54205,323.04205,314.94205,319.34204,319.64203,318.94205,317.84204,317.54205,306.24203,297.14203,297.34204,305.74203,305.84204,310.54205,305.04205,293.74203,295.24203,297.24203,279.74203,276.04205
313.34204,299.94205,299.84204,298.84204,302.74203,319.14203,318.84204,320.34204,321.04205,314.54205,318.44205,315.84204,296.54205,295.84204,321.64203,326.24203,323.04205,323.84204,327.44205,325.54205,320.34204,317.74203,321.04205,322.24203,325.64203,321.64203,324.54205,322.64203,325.14203,323.14203,324.14203,319.24203,320.74203,327.64203,318.74203,311.24203,293.94205,290.84204,303.94205,305.74203,303.04205
314.14203,300.14203,299.94205,299.34204,306.74203,316.84204,321.04205,314.54205,320.54205,320.94205,320.64203,319.24203,296.94205,295.24203,292.44205,318.24203,322.74203,317.84204,319.84204,320.84204,319.84204,325.04205,325.04205,327.04205,324.74203,325.94205,326.34204,316.54205,329.14203,328.34204,324.64203,320.34204,296.44205,294.84204,306.04205,319.54205,311.44205,323.84204,324.84204,316.64203,309.54205
315.54205,314.94205,298.74203,298.84204,299.44205,299.24203,319.04205,318.84204,317.44205,317.54205,319.04205,318.44205,299.74203,295.94205,304.34204,309.74203,316.64203,317.14203,321.64203,321.64203,322.44205,319.74203,322.84204,322.54205,323.54205,322.94205,326.14203,295.04205,321.84204,320.74203,320.64203,318.04205,319.94205,318.54205,312.64203,310.54205,299.84204,308.14203,319.04205,317.34204,312.64203
314.54205,315.84204,317.24203,315.14203,309.04205,314.54205,318.24203,317.94205,316.34204,314.64203,317.54205,316.84204,316.14203,318.04205,319.84204,314.14203,315.44205,314.54205,318.54205,316.94205,318.34204,318.94205,319.84204,319.74203,318.64203,319.14203,320.64203,322.54205,322.54205,323.64203,321.54205,321.34204,321.24203,318.44205,316.34204,314.34204,301.14203,291.44205,295.14203,289.14203,313.44205
312.24203,314.74203,317.04205,318.04205,316.54205,317.54205,306.44205,306.44205,308.24203,312.94205,305.54205,306.94205,310.84204,305.44205,317.44205,314.54205,317.74203,315.84204,314.64203,306.64203,313.14203,316.94205,319.74203,318.34204,316.94205,313.24203,312.24203,314.84204,313.54205,316.54205,316.04205,318.74203,318.94205,312.44205,313.34204,320.64203,318.34204,289.74203,313.94205,317.04205,312.64203
303.94205,307.54205,312.74203,313.04205,312.54205,313.64203,315.04205,313.74203,312.34204,311.04205,311.24203,312.24203,312.24203,313.74203,314.14203,317.04205,312.24203,317.34204,315.24203,313.14203,307.24203,313.24203,316.54205,315.94205,313.94205,315.84204,310.34204,308.74203,309.24203,309.44205,311.14203,312.94205,312.94205,311.44205,312.24203,309.24203,310.24203,306.14203,296.84204,293.04205,293.54205
301.64203,306.34204,306.94205,310.34204,309.24203,309.64203,309.74203,308.84204,309.44205,309.14203,306.74203,308.14203,310.64203,310.44205,311.04205,312.84204,313.84204,315.94205,315.94205,314.34204,310.04205,312.34204,313.04205,314.14203,313.94205,311.64203,312.24203,309.34204,308.44205,309.04205,310.74203,311.84204,312.74203,313.64203,313.04205,313.54205,302.04205,300.64203,300.84204,295.64203,288.74203
300.64203,300.84204,303.84204,299.54205,304.04205,305.74203,307.24203,306.54205,303.44205,305.54205,305.84204,306.24203,307.44205,307.24203,308.04205,310.24203,308.74203,311.34204,313.04205,311.64203,309.84204,310.54205,307.94205,309.74203,309.84204,308.14203,306.74203,308.94205,309.54205,309.94205,312.44205,312.14203,311.04205,308.34204,309.94205,305.64203,300.04205,299.64203,302.64203,298.64203,297.74203
294.34204,296.24203,298.64203,300.54205,301.34204,300.14203,300.44205,301.24203,301.74203,299.94205,297.24203,300.54205,302.44205,301.14203,300.84204,303.04205,305.64203,305.54205,307.64203,306.84204,304.74203,304.14203,305.94205,307.14203,306.24203,303.04205,308.44205,309.04205,309.74203,308.04205,305.34204,310.94205,305.14203,304.44205,303.44205,304.54205,302.24203,303.34204,303.24203,304.44205,303.74203
289.54205,292.84204,293.24203,293.14203,294.84204,295.04205,297.84204,299.24203,299.94205,298.24203,288.54205,289.44205,292.44205,286.84204,290.74203,287.24203,289.64203,295.34204,300.04205,303.94205,303.14203,302.04205,302.64203,298.84204,296.14203,298.84204,306.64203,307.94205,306.74203,307.74203,307.44205,306.34204,307.24203,304.44205,302.94205,299.54205,299.24203,299.44205,300.94205,301.14203,301.44205
290.04205,292.74203,292.04205,291.14203,292.14203,293.44205,300.74203,301.94205,301.24203,299.84204,288.24203,287.64203,288.64203,290.14203,289.14203,287.14203,286.14203,285.84204,292.64203,298.14203,302.14203,302.84204,303.54205,304.64203,304.74203,296.74203,298.94205,297.44205,305.24203,305.24203,305.44205,304.14203,303.24203,301.84204,301.24203,299.44205,300.44205,300.14203,299.74203,298.74203,297.64203
291.04205,293.84204,291.64203,290.54205,288.34204,291.24203,294.84204,295.04205,290.04205,290.74203,289.34204,290.04205,293.34204,287.54205,285.64203,289.04205,286.74203,284.64203,284.74203,284.64203,285.44205,295.94205,300.94205,293.04205,294.14203,299.74203,301.44205,298.14203,303.44205,303.64203,300.04205,294.34204,301.64203,300.54205,301.84204,301.04205,303.54205,295.84204,293.64203,298.84204,298.84204
