wind_kz.json
{"header": {"discipline":0,"disciplineName":"Meteorological products","gribEdition":2,"gribLength":1025,"center":7,"centerName":"US National Weather Service - NCEP(WMC)","subcenter":0,"refTime":"2023-09-29T18:00:00.000Z","significanceOfRT":1,"significanceOfRTName":"Start of forecast","productStatus":0,"productStatusName":"Operational products","productType":1,"productTypeName":"Forecast products","productDefinitionTemplate":0,"productDefinitionTemplateName":"Analysis/forecast at horizontal level/layer at a point in time","parameterCategory":2,"parameterCategoryName":"UnknownDiscipline_0_Category_2","parameterNumber":3,"parameterNumberName":"UnknownParameter_D0_C2_3","parameterUnit":"Unknown","genProcessType":2,"genProcessTypeName":"Forecast","forecastTime":120,"surface1Type":103,"surface1TypeName":"Specified height level above ground","surface1Value":10.0,"surface2Type":255,"surface2TypeName":"Missing","surface2Value":0.0,"gridDefinitionTemplate":0,"gridDefinitionTemplateName":"Latitude_Longitude","numberPoints":615,"shape":6,"shapeName":"Earth spherical with radius of 6,371,229.0 m","gridUnits":"degrees","resolution":48,"winds":"true","scanMode":64,"nx":41,"ny":15,"basicAngle":0,"lo1":47.0,"la1":41.0,"lo2":87.0,"la2":55.0,"dx":1.0,"dy":1.0}, "data":
[rows 0 to 14 of 15, columns 0 to 40 of 41]
0.8483887,-1.0816113,0.7183887,-7.4916115,-8.621612,-9.981611,-4.2416115,-3.2016113,-4.7316113,-4.1816115,-4.251611,0.47838867,1.5683887,0.6983887,-0.88161135,-2.7316113,-3.5916114,-4.121611,-4.7816114,-2.7616112,-3.8516114,-3.7316113,-3.2516112,-1.1616113,-1.9616113,0.78838867,-1.5516113,1.7383887,2.2383888,2.1683886,-1.4616113,-0.51161134,-0.75161135,1.2283887,0.7083887,1.2483886,-0.5916113,-0.6716113,1.1183887,-0.8016113,-0.57161134
0.9083887,1.0083886,-1.8116113,-5.351611,-6.9416113,-6.251611,-3.7816114,-3.2016113,-3.0616114,-3.8416114,-4.351611,-3.4516113,2.9483886,0.67838866,-0.5916113,-1.3216113,-2.8416114,-4.2816114,-5.291611,-4.8616114,-4.291611,-2.3016114,-1.0416113,1.8483887,1.6483886,1.8283887,-1.3316113,3.0783887,0.61838865,2.2283888,3.1883886,2.1783886,0.19838867,-0.45161134,-3.1616113,-0.89161134,-1.3516114,-2.5916114,0.24838868,-1.5416113,1.4283887
1.5883887,1.4883887,-0.6716113,-4.041611,-5.811611,-1.1916113,-2.4816113,-0.9916113,-2.4216113,-1.8316113,-2.9416113,-2.0816114,-4.5516114,-2.9916112,-2.1216114,1.2183887,-0.7316113,-3.1016114,-3.6016114,-5.121611,-5.1516113,-1.6816113,-3.4216113,-1.1116114,-0.9116113,0.118388675,0.20838867,1.0183886,0.66838866,2.1683886,3.3983886,0.44838867,1.7283887,-0.7816113,-0.9916113,1.7083887,1.6783887,-1.5516113,-0.25161132,0.34838867,1.2283887
0.30838868,-1.4516113,-0.42161134,-2.4916112,-3.0316114,-1.1916113,-0.8516113,-0.76161134,-0.57161134,-1.2516114,-1.8916113,0.058388673,-1.5916114,-5.0516114,-5.9816113,-5.5516114,-0.22161132,-1.0916114,-3.4216113,-4.521611,-5.061611,-2.0116112,0.25838867,-2.5216112,-2.5016112,-2.6116114,-3.7916114,-3.4816113,0.79838866,0.088388674,-1.3116113,-1.1816113,-1.1716113,-0.6616113,0.118388675,-2.2816114,0.19838867,3.4383886,0.058388673,0.8483887,1.9183887
1.6683887,1.0783887,-0.24161133,-0.57161134,-1.9916114,-2.0416114,-2.2116113,0.8283887,-0.031611327,-1.2616113,2.2783887,2.5783887,1.2983887,-2.0116112,-2.4916112,-2.9416113,3.2483888,-0.45161134,-3.0016112,-3.2116113,-3.2416112,-3.6116114,-4.2816114,-3.2316113,-2.5516114,-0.77161133,-0.69161135,-2.7316113,-1.9016113,-1.5116113,-1.6316113,-0.51161134,2.9383886,3.6583886,-0.81161135,-0.9816113,-0.62161136,-0.41161132,2.5183887,1.0283886,-1.2916113
-1.6016114,-1.2216114,1.9183887,0.37838867,-0.87161136,-1.4916114,-1.6916113,-1.5716113,2.6383886,1.1183887,-1.4416113,1.5683887,0.42838868,0.49838868,-0.87161136,-2.4016113,-1.2216114,-1.2016113,-3.4116113,-3.0616114,-2.3516114,-2.4916112,-2.7116113,-3.4616113,-2.2616112,1.9683887,1.2383887,-0.11161133,-0.7416113,-1.4716114,-0.41161132,-0.81161135,0.5983887,-0.8416113,1.6383886,-0.41161132,2.0083888,2.3483887,-1.9816114,-3.0616114,-1.3616114
1.4883887,-0.12161133,-1.6116114,-2.8916113,-0.83161134,-1.3016113,0.4583887,0.36838868,4.0883884,3.8783886,2.3483887,0.09838867,-0.26161134,-2.2716112,-2.7216113,-1.1116114,1.2883887,-1.1416113,-3.1716113,-3.2616112,-1.0916114,-2.3916113,-2.8316114,-2.8716114,-0.6816113,-0.33161134,-0.051611327,0.68838865,-0.48161134,0.7583887,1.2983887,0.7083887,1.0683887,0.028388672,-1.6916113,-1.3916113,-2.8716114,0.44838867,0.46838868,0.78838867,-0.6116113
2.7683887,1.2983887,0.32838866,-1.9716114,-2.4916112,-3.3816113,-2.8816113,-2.6116114,-1.7116113,4.128389,5.0183887,3.0083888,0.18838868,-0.34161133,-1.5116113,1.2283887,2.2183886,0.5883887,-1.8616114,-2.7116113,-2.4016113,-1.6116114,-2.4516113,-2.2816114,-2.0916114,-0.8516113,2.0483887,-0.83161134,-0.5516113,-0.27161133,-0.42161134,-0.69161135,0.35838866,-2.4416113,0.018388672,-0.7816113,-0.25161132,0.68838865,0.79838866,0.6383887,-1.3616114
2.8283887,2.2683887,3.1183887,0.4583887,-0.6616113,-2.3716114,-3.2016113,-2.8516114,-3.2016113,-2.1816113,3.6283886,4.148389,1.3083887,1.3383887,1.0883887,2.1983886,3.6183887,2.4583886,1.4283887,-0.89161134,-1.6016114,-2.9116113,-1.7416114,-2.3716114,-1.3316113,-1.7616113,0.29838866,0.16838866,1.4383887,1.0783887,1.0383887,0.99838865,2.2083886,0.118388675,0.5883887,-0.38161132,-1.7316114,0.86838865,1.4883887,0.5983887,-2.3016114
3.5283887,2.8683887,3.0883887,2.2783887,0.93838865,1.7983887,-1.1516113,-2.3316114,-2.2716112,-2.3916113,-1.7916113,-0.49161133,0.9083887,3.4383886,2.6283886,1.6483886,2.6283886,2.8983886,3.0083888,1.6883887,-0.06161133,-1.1316113,-1.6516113,-1.3916113,-1.8716114,-0.49161133,-0.44161132,0.25838867,-0.23161133,0.78838867,2.3383887,2.1383886,1.8583887,0.8983887,0.6483887,1.0183886,0.22838867,-0.7816113,0.29838866,3.8083887,1.8483887
3.3583887,3.9083886,3.1983886,2.4983888,2.1883886,1.8783886,1.6383886,0.25838867,-0.41161132,-1.6316113,-1.4116113,0.22838867,-0.5916113,1.7083887,2.6183887,2.5483887,2.6583886,2.0383887,4.1183887,3.6283886,2.7483888,2.0683887,1.1183887,-0.17161132,0.67838866,0.07838867,0.41838866,1.8083887,1.6183887,2.0683887,2.2083886,1.9883887,0.73838866,0.79838866,2.4783888,1.6183887,0.67838866,1.8883886,1.4183887,1.2983887,0.6483887
3.3383887,3.8683887,3.7883887,3.6383886,3.4983888,2.6483886,1.7083887,1.7683886,0.8183887,-0.10161133,-0.14161132,-0.71161133,-1.2816113,-1.1916113,1.9183887,2.4883888,3.0183887,3.1183887,2.7283888,2.5183887,3.3783886,2.8783886,2.5383887,1.8883886,1.0083886,0.60838866,1.9883887,1.9383887,3.2583888,2.7783887,2.0083888,1.7783886,1.1983887,1.1683887,1.9283887,1.0183886,1.4483887,2.1483886,1.8183887,1.2483886,0.55838865
4.2783885,4.2883887,4.858389,4.4083886,3.9983888,2.6683886,2.7183886,2.8883886,3.4683886,2.1783886,1.0383887,0.47838867,-0.6716113,-1.4816114,0.93838865,1.0483887,1.8983886,2.8183887,3.0483887,2.0883887,2.9783888,4.458389,3.1383886,2.7783887,2.7683887,2.1883886,2.1483886,2.7783887,2.9683886,2.5883887,2.1383886,2.5683887,2.1483886,1.8183887,1.9783887,2.1083887,1.5583887,1.0883887,1.7083887,1.4583887,1.2283887
6.2883887,5.668389,5.7583885,5.5283885,4.5583887,4.7883887,4.2883887,4.3283887,3.9983888,3.7583888,2.4183886,0.8983887,0.61838865,0.9683887,-0.011611328,1.4283887,1.8283887,2.4983888,2.1083887,1.6483886,2.2083886,2.8283887,2.9283886,3.1983886,3.2383888,2.3983886,2.7083886,3.2583888,2.9383886,2.7483888,2.3983886,2.4683886,2.8283887,2.5983887,1.7683886,1.9783887,1.2783886,1.0883887,0.73838866,1.5683887,1.6983887
5.358389,6.6383886,7.8483887,6.7683887,6.0983887,6.1783886,6.228389,5.5283885,5.358389,5.498389,3.5183887,3.8383887,2.8683887,1.2183887,0.9583887,0.15838867,1.1483886,2.4883888,2.3683887,1.5383887,1.2483886,1.4783887,2.0383887,3.1583886,3.0283887,2.9183886,3.5583887,3.6483886,3.5083888,3.1683886,2.7783887,3.5583887,2.6783886,2.6983886,2.7583888,2.6983886,2.2183886,2.1683886,1.5083886,1.5583887,0.85838866
