wind_kz.json
{"header": {"discipline":0,"disciplineName":"Meteorological products","gribEdition":2,"gribLength":1102,"center":7,"centerName":"US National Weather Service - NCEP(WMC)","subcenter":0,"refTime":"2024-01-31T12:00:00.000Z","significanceOfRT":1,"significanceOfRTName":"Start of forecast","productStatus":0,"productStatusName":"Operational products","productType":1,"productTypeName":"Forecast products","productDefinitionTemplate":0,"productDefinitionTemplateName":"Analysis/forecast at horizontal level/layer at a point in time","parameterCategory":2,"parameterCategoryName":"UnknownDiscipline_0_Category_2","parameterNumber":2,"parameterNumberName":"UnknownParameter_D0_C2_2","parameterUnit":"Unknown","genProcessType":2,"genProcessTypeName":"Forecast","forecastTime":240,"surface1Type":103,"surface1TypeName":"Specified height level above ground","surface1Value":10.0,"surface2Type":255,"surface2TypeName":"Missing","surface2Value":0.0,"gridDefinitionTemplate":0,"gridDefinitionTemplateName":"Latitude_Longitude","numberPoints":615,"shape":6,"shapeName":"Earth spherical with radius of 6,371,229.0 m","gridUnits":"degrees","resolution":48,"winds":"true","scanMode":64,"nx":41,"ny":15,"basicAngle":0,"lo1":47.0,"la1":41.0,"lo2":87.0,"la2":55.0,"dx":1.0,"dy":1.0}, "data":
[rows 0 to 14 of 15, columns 0 to 40 of 41]
1.9702588,0.5902588,-1.4897412,-5.3897414,-1.2697412,-0.02974121,2.4902587,-1.1197412,-3.6197412,-3.0197413,-3.3197412,-3.3397412,-3.6197412,-3.5697412,-3.0497413,-2.9497411,-2.2897413,-0.46974123,1.0102588,1.4202588,-1.4497412,-2.0597413,0.040258788,0.06025879,-0.3097412,0.2502588,-2.5997412,-1.1297412,1.2202588,0.8602588,-0.57974124,2.5002587,-0.14974122,0.8202588,2.030259,2.6302588,3.0602589,3.7602587,4.120259,3.8302588,3.4002588
2.3102589,-1.8997412,-2.6997411,-0.89974123,-2.5197413,-2.1997411,-2.1297412,-0.7897412,-3.3997412,-3.9397411,-3.7497413,-2.959741,-1.9997412,-1.5897412,-0.9697412,-0.08974121,1.0202588,1.9802588,3.1302588,3.1102588,2.4902587,1.4102588,1.1402588,-3.2497413,1.0502588,0.7402588,-1.3797412,0.8602588,-2.5897412,-1.3397412,0.40025878,-0.6897412,2.8602588,-2.6897411,-0.02974121,0.5602588,0.49025878,1.7002587,1.8402588,2.3802588,4.7402587
-3.0997412,-4.109741,-5.5697412,-6.7397413,-5.979741,-4.979741,-5.0297413,-3.4097412,-2.7597413,-1.9197412,-1.4297413,-0.3697412,0.4502588,0.8402588,-0.14974122,1.1402588,2.6102588,3.030259,2.3702588,2.1902587,2.5002587,1.5002588,0.02025879,0.8702588,0.6802588,0.4702588,-1.4097412,2.5878905E-4,0.6902588,-0.25974122,-1.8497412,1.1702588,0.9502588,0.08025879,0.13025878,-1.3197412,0.37025878,0.4202588,0.6902588,2.9002588,2.9302588
-6.089741,-4.9697413,-4.019741,-3.5497413,-5.289741,-5.749741,-3.6997411,-3.209741,-3.1197412,-2.7897413,-2.2697413,-2.5997412,-2.0797412,-0.6897412,1.4502587,1.3202587,2.1102588,2.5002587,2.5902588,2.2502587,0.9302588,-1.0697412,-2.0797412,4.9902587,5.460259,3.0002587,2.4202588,-2.8397412,4.0502586,1.7202588,-3.6597412,-4.289741,-3.4497411,-1.8997412,-1.3297412,-2.0597413,-1.8497412,3.3902588,0.40025878,-0.07974121,-0.03974121
-3.1697412,-2.4497411,-1.2097412,-0.6297412,-3.4097412,-3.1497412,-2.1397412,-1.8497412,-1.0197412,-0.2397412,0.67025876,0.4202588,-1.6997412,-1.1297412,-0.05974121,1.2902588,1.5402588,1.9102588,2.6802588,2.6402588,3.9302588,5.170259,4.060259,2.5502589,3.1002588,2.2302587,2.030259,4.620259,4.2802587,0.6902588,3.5002587,-0.5597412,-1.8497412,2.6602588,2.8702588,-0.16974121,-0.5097412,-0.47974122,0.1802588,-1.6897413,0.4102588
0.5002588,0.7002588,0.3902588,0.17025879,0.66025877,1.5102588,0.34025878,1.2702588,0.49025878,0.7002588,0.4202588,1.0602587,0.02025879,0.2502588,-0.6297412,-0.3597412,0.03025879,1.0002588,1.9502587,3.040259,3.1702588,4.8202586,4.3202586,4.330259,3.780259,4.060259,4.870259,3.8802588,3.9902587,4.0502586,3.5902588,4.500259,-1.0797412,-1.1097412,0.8702588,-5.4497414,1.0302588,-0.4497412,-0.2697412,1.1602588,0.8902588
3.9502587,2.9302588,4.410259,3.6902587,2.030259,2.7202587,3.0902588,-0.37974122,0.4502588,0.19025879,0.6202588,0.20025879,0.5102588,1.3202587,-0.06974121,1.5402588,2.0702589,2.6002588,2.6802588,3.7002587,3.9902587,3.790259,4.0702586,4.9502587,7.2402587,7.4902587,9.110259,7.060259,5.210259,2.6002588,3.1302588,2.2502587,3.540259,-3.469741,-2.2697413,-1.6997412,-1.6797413,2.6802588,0.27025878,3.3802588,0.24025878
4.230259,4.1302586,2.6402588,2.2102587,0.73025876,-1.1497412,-1.6297412,-1.2897412,-0.82974124,-1.5197412,-0.51974124,0.7402588,0.22025879,0.7702588,0.07025879,0.6302588,1.1402588,2.0002587,2.0002587,2.1202588,4.000259,3.0102587,3.2602587,4.8602586,7.3202586,8.160259,10.020259,9.110259,11.230259,8.530259,6.9702587,9.200259,5.020259,2.6002588,5.5702586,8.830258,-4.9297414,-9.409741,-7.9697413,-9.089741,-2.959741
-0.5097412,-1.5697412,-1.9297413,-3.1297412,-3.6397412,-3.229741,-2.6797411,-2.5197413,-1.1397412,-0.6097412,-0.4197412,0.5802588,2.540259,1.2402588,1.9202588,1.4902588,2.5102587,2.1802588,2.6502588,2.6602588,3.0002587,3.290259,3.3102589,3.8202589,5.540259,6.410259,9.360259,9.800259,10.9602585,11.9202585,11.750258,12.810259,14.330258,8.680259,7.670259,-0.7897412,0.28025877,-2.0597413,-1.7397412,0.34025878,1.1802588
-3.7497413,-3.9197412,-4.329741,-3.979741,-3.6897411,-2.4997413,-1.9897412,-0.95974123,-0.22974122,0.10025879,0.06025879,1.6102588,1.6702588,2.3802588,2.7602587,3.4802587,3.1202588,3.3402588,3.2602587,3.0902588,4.020259,4.770259,4.100259,4.5902586,6.980259,7.7002587,8.380259,10.350259,12.630259,14.570259,15.580258,14.700259,10.370258,13.1702585,9.270259,6.8602586,0.6902588,-0.9397412,4.210259,1.6102588,-0.9497412
-4.4897413,-4.419741,-3.6197412,-3.1697412,-2.3097413,-1.3797412,-0.5697412,0.7402588,1.7102588,0.9702588,2.1502588,3.7002587,2.4002588,3.530259,4.0102587,3.6902587,4.210259,4.4702587,3.1002588,4.080259,4.9502587,4.270259,5.480259,3.9802587,4.3802586,6.390259,7.9702587,7.350259,9.150259,10.390259,13.400259,14.280259,14.290258,10.330258,8.860259,4.7402587,3.4502587,2.3302588,4.5302587,1.8402588,1.5702587
-3.9197412,-2.8597412,-2.3297412,-1.4397413,-0.8597412,-0.19974121,0.4702588,1.1102588,1.1702588,1.6402588,2.8702588,5.0102587,3.4202588,4.9902587,5.500259,4.1802588,4.5702586,5.120259,3.5902588,5.460259,4.7802587,4.640259,3.6202588,3.4002588,4.6102586,4.770259,4.8802586,7.6302586,8.440259,9.190259,9.250258,7.4902587,10.410259,9.340259,6.0302587,7.160259,8.330258,7.690259,-0.57974124,0.9702588,-1.3797412
-1.1497412,-1.1297412,-0.8497412,0.2302588,0.2602588,0.9402588,-0.4197412,0.11025879,1.5802588,0.7502588,2.0102587,4.810259,2.9502587,5.270259,4.830259,4.420259,3.6602588,3.8202589,3.1602588,4.6302586,4.160259,4.670259,4.8402586,4.150259,4.190259,4.390259,5.640259,6.3202586,6.1302586,6.330259,4.620259,3.9402587,3.0802588,1.6202588,1.4902588,4.0502586,5.650259,-2.229741,-4.2797413,-4.0697412,-3.5097413
-0.5297412,-0.5397412,-1.4597412,0.54025877,0.4702588,0.85025877,1.1202588,1.6602588,2.3202589,2.0702589,2.3402588,4.0502586,5.7802587,5.560259,4.7602587,3.1202588,3.1002588,3.2202587,2.3302588,3.520259,3.7602587,3.8502588,3.520259,3.9802587,3.8502588,3.6802588,3.520259,3.9102588,3.7502587,3.4802587,2.5802588,1.8202587,0.17025879,-0.9997412,-2.0997412,-3.2397413,-3.0997412,-4.789741,-4.249741,-3.1697412,-4.0697412
0.7702588,-0.3697412,1.7402588,1.2002587,2.0602589,2.5002587,3.4402587,3.020259,2.5902588,2.3202589,2.8702588,5.040259,4.890259,4.3002586,5.620259,5.120259,3.3802588,4.060259,2.8802588,2.8202589,2.9802587,2.8102589,2.6502588,3.7302587,3.030259,2.7402587,2.5802588,2.8002589,2.6702588,2.7102587,2.0902588,1.4102588,-0.13974121,-1.0797412,-1.6497412,-1.9297413,-1.6697412,-2.2897413,-3.1897411,-2.459741,-1.8097413
