wind_kz.json
{"header": {"discipline":0,"disciplineName":"Meteorological products","gribEdition":2,"gribLength":871,"center":7,"centerName":"US National Weather Service - NCEP(WMC)","subcenter":0,"refTime":"2024-04-08T18:00:00.000Z","significanceOfRT":1,"significanceOfRTName":"Start of forecast","productStatus":0,"productStatusName":"Operational products","productType":1,"productTypeName":"Forecast products","productDefinitionTemplate":0,"productDefinitionTemplateName":"Analysis/forecast at horizontal level/layer at a point in time","parameterCategory":0,"parameterCategoryName":"UnknownDiscipline_0_Category_0","parameterNumber":0,"parameterNumberName":"UnknownParameter_D0_C0_0","parameterUnit":"Unknown","genProcessType":2,"genProcessTypeName":"Forecast","forecastTime":120,"surface1Type":1,"surface1TypeName":"Ground or water surface","surface1Value":0.0,"surface2Type":255,"surface2TypeName":"Missing","surface2Value":0.0,"gridDefinitionTemplate":0,"gridDefinitionTemplateName":"Latitude_Longitude","numberPoints":615,"shape":6,"shapeName":"Earth spherical with radius of 6,371,229.0 m","gridUnits":"degrees","resolution":48,"winds":"true","scanMode":64,"nx":41,"ny":15,"basicAngle":0,"lo1":47.0,"la1":41.0,"lo2":87.0,"la2":55.0,"dx":1.0,"dy":1.0}, "data":
[rows 0 to 14 of 15, columns 0 to 40 of 41]
286.84604,281.24603,283.04605,282.04605,282.64606,283.64606,287.04605,289.94604,289.74603,289.54605,286.14606,290.84604,288.34604,290.14606,290.34604,289.84604,287.24603,284.84604,288.64606,285.64606,286.14606,285.34604,288.04605,283.94604,289.64606,290.74603,285.84604,275.94604,273.84604,272.84604,268.54605,267.04605,282.74603,287.84604,289.24603,289.44604,289.34604,288.74603,287.94604,287.84604,287.34604
271.24603,285.64606,282.24603,281.84604,282.34604,282.64606,290.14606,288.24603,287.84604,286.94604,286.74603,286.24603,286.84604,287.64606,289.64606,290.14606,290.54605,288.64606,288.64606,288.94604,289.74603,288.14606,284.14606,279.54605,271.94604,273.14606,282.64606,276.84604,279.64606,267.04605,276.64606,258.74603,274.64606,249.84604,259.84604,284.94604,282.94604,284.54605,287.84604,281.14606,279.44604
286.94604,282.24603,282.34604,282.04605,282.14606,287.24603,289.84604,289.64606,287.54605,286.64606,286.14606,285.94604,286.34604,286.74603,287.44604,290.54605,289.84604,288.54605,288.74603,290.14606,292.04605,290.94604,287.84604,283.54605,287.34604,285.74603,286.54605,286.44604,284.54605,278.14606,271.24603,273.04605,277.84604,277.64606,278.24603,277.74603,267.54605,274.34604,271.74603,268.34604,261.04605
288.34604,283.14606,282.34604,282.34604,283.24603,287.24603,289.64606,288.64606,290.34604,288.94604,286.74603,285.04605,285.34604,285.94604,286.04605,288.44604,288.94604,291.14606,291.04605,292.04605,290.04605,286.24603,289.44604,287.44604,288.54605,287.04605,285.64606,283.24603,283.14606,282.24603,282.94604,282.54605,287.04605,286.64606,283.94604,281.34604,269.54605,259.24603,273.34604,276.84604,279.84604
289.54605,283.84604,282.84604,283.24603,284.64606,287.64606,289.14606,289.34604,288.54605,289.44604,288.44604,285.84604,284.54605,284.34604,282.84604,286.74603,288.34604,288.14606,288.84604,288.24603,288.34604,289.54605,288.04605,286.84604,284.74603,283.94604,281.24603,281.04605,283.04605,283.24603,284.34604,281.14606,272.24603,256.64606,274.64606,279.24603,278.84604,281.04605,281.34604,281.84604,280.04605
289.04605,290.54605,283.64606,282.34604,280.94604,281.44604,286.34604,289.94604,289.34604,288.44604,288.34604,287.84604,283.94604,283.74603,277.94604,286.14606,287.84604,286.34604,287.44604,286.24603,286.04605,285.94604,285.34604,283.44604,282.34604,280.54605,280.84604,271.64606,282.44604,282.64606,281.74603,282.44604,280.34604,278.64606,276.24603,277.84604,272.64606,274.54605,277.94604,279.04605,279.34604
287.64606,288.74603,291.54605,290.84604,287.24603,288.04605,287.84604,287.54605,288.14606,288.24603,286.54605,286.24603,286.44604,285.34604,285.24603,286.64606,285.94604,286.54605,284.74603,284.94604,283.84604,284.14606,283.94604,283.14606,281.24603,281.14606,280.34604,281.54605,280.84604,280.94604,280.64606,280.64606,280.44604,280.54605,279.64606,278.04605,272.44604,269.44604,262.84604,267.24603,274.84604
288.54605,285.74603,287.94604,288.84604,289.24603,289.64606,289.44604,288.54605,285.74603,285.84604,285.94604,285.64606,285.44604,285.74603,286.34604,286.64606,286.14606,285.64606,283.54605,281.34604,282.34604,281.84604,281.44604,279.94604,279.14606,277.84604,278.04605,279.24603,278.04605,278.94604,277.64606,278.44604,277.14606,273.84604,272.14606,273.04605,274.84604,272.14606,275.84604,275.54605,272.84604
284.64606,284.24603,287.54605,287.34604,285.54605,286.44604,286.54605,286.74603,285.84604,285.44604,283.84604,283.64606,283.84604,284.24603,284.14606,286.04605,285.54605,284.14606,283.44604,282.34604,280.84604,280.84604,280.94604,279.94604,278.74603,278.44604,277.44604,276.84604,276.74603,275.14606,275.84604,276.54605,278.94604,276.54605,275.64606,271.74603,272.24603,270.44604,258.34604,260.04605,258.94604
283.14606,283.74603,285.64606,286.04605,286.24603,283.04605,284.34604,285.34604,285.34604,285.44604,285.14606,283.24603,283.54605,283.94604,284.74603,285.94604,285.54605,285.04605,283.54605,283.04605,282.44604,281.94604,282.24603,281.64606,280.94604,281.14606,279.64606,279.64606,278.34604,278.14606,278.64606,282.84604,283.24603,280.14606,277.94604,275.44604,272.94604,267.54605,259.64606,266.84604,264.34604
282.44604,283.34604,283.44604,283.04605,285.64606,282.64606,284.14606,283.44604,283.74603,283.84604,283.84604,284.04605,283.44604,284.24603,284.44604,285.74603,284.94604,285.44604,286.14606,285.24603,284.04605,282.44604,281.84604,281.84604,280.94604,280.24603,279.94604,280.24603,280.24603,281.04605,280.74603,280.94604,282.24603,282.04605,280.24603,276.64606,272.74603,271.44604,270.44604,270.94604,269.84604
280.94604,281.34604,282.44604,281.34604,283.04605,282.54605,281.14606,281.04605,283.04605,282.04605,281.04605,281.14606,283.34604,283.24603,284.14606,286.04605,285.74603,284.44604,284.84604,285.64606,284.44604,283.44604,282.44604,281.24603,281.44604,281.14606,282.34604,283.54605,283.34604,282.44604,279.54605,279.24603,280.54605,278.34604,279.44604,278.24603,277.64606,277.64606,275.04605,274.54605,274.14606
277.84604,279.44604,281.04605,281.04605,280.24603,281.84604,280.64606,279.24603,280.04605,281.74603,280.54605,279.24603,281.64606,281.24603,282.94604,283.84604,283.94604,284.24603,282.84604,283.24603,282.74603,281.74603,279.94604,279.84604,281.54605,283.04605,283.74603,281.84604,281.74603,281.14606,281.04605,280.04605,279.14606,277.84604,277.24603,276.34604,276.44604,277.04605,275.44604,274.74603,273.74603
277.74603,278.74603,275.84604,279.14606,279.24603,278.34604,280.04605,279.54605,280.94604,278.84604,277.54605,278.64606,279.54605,280.64606,280.34604,281.54605,281.54605,281.84604,282.24603,281.24603,280.54605,279.74603,279.14606,279.44604,279.84604,278.74603,278.94604,279.64606,279.64606,280.24603,280.04605,278.54605,278.74603,276.74603,275.84604,274.54605,275.04605,274.64606,274.34604,273.14606,274.14606
274.54605,276.84604,273.14606,277.44604,277.84604,278.34604,278.74603,277.74603,279.34604,279.94604,279.54605,274.94604,276.64606,278.74603,279.24603,279.14606,279.64606,280.44604,281.44604,280.54605,278.94604,278.14606,277.74603,277.74603,278.34604,279.54605,280.54605,279.94604,279.54605,277.74603,277.34604,274.54605,278.34604,277.54605,275.94604,275.54605,274.54605,274.34604,274.54605,273.94604,273.84604
