wind_kz.json
{"header": {"discipline":0,"disciplineName":"Meteorological products","gribEdition":2,"gribLength":1102,"center":7,"centerName":"US National Weather Service - NCEP(WMC)","subcenter":0,"refTime":"2023-08-19T00:00:00.000Z","significanceOfRT":1,"significanceOfRTName":"Start of forecast","productStatus":0,"productStatusName":"Operational products","productType":1,"productTypeName":"Forecast products","productDefinitionTemplate":0,"productDefinitionTemplateName":"Analysis/forecast at horizontal level/layer at a point in time","parameterCategory":2,"parameterCategoryName":"UnknownDiscipline_0_Category_2","parameterNumber":3,"parameterNumberName":"UnknownParameter_D0_C2_3","parameterUnit":"Unknown","genProcessType":2,"genProcessTypeName":"Forecast","forecastTime":180,"surface1Type":103,"surface1TypeName":"Specified height level above ground","surface1Value":10.0,"surface2Type":255,"surface2TypeName":"Missing","surface2Value":0.0,"gridDefinitionTemplate":0,"gridDefinitionTemplateName":"Latitude_Longitude","numberPoints":615,"shape":6,"shapeName":"Earth spherical with radius of 6,371,229.0 m","gridUnits":"degrees","resolution":48,"winds":"true","scanMode":64,"nx":41,"ny":15,"basicAngle":0,"lo1":47.0,"la1":41.0,"lo2":87.0,"la2":55.0,"dx":1.0,"dy":1.0}, "data":
[rows 0 to 14 of 15, columns 0 to 40 of 41]
4.1775193,1.6275195,-2.1424804,3.7375195,-1.2124804,-5.3924804,-4.8324804,-2.5424805,-3.2024806,-4.1024804,-4.4924803,-5.1324806,-5.0124803,-4.0424805,-6.2424803,-7.6624804,-8.052481,-7.4024806,-4.7224803,-4.4224806,-6.2824802,-6.2224803,-2.4524806,-3.9124804,-2.7424805,3.5775194,1.7275195,2.1375196,-4.2124805,-0.63248044,4.1675196,2.3175194,-0.092480466,3.2775195,2.4675195,0.32751954,2.9475195,-0.17248046,-2.8624804,3.3075194,0.40751952
-1.4224805,1.2475195,4.0275197,3.4075196,0.63751954,-3.1124804,-3.7124805,-4.0624804,-4.1824803,-3.5824804,-3.2024806,-3.4324806,-5.3524804,-6.6924806,-7.0624804,-7.7024803,-8.062481,-6.8724804,-7.1324806,-7.2224803,-4.9524803,-4.6324806,-4.6024804,2.9575195,0.30751953,2.7875195,4.7975197,3.8875196,3.4175196,-1.8524804,-1.8824805,-3.2124805,2.5375195,0.9675195,1.4375196,4.8575196,0.6575195,-0.6024805,1.8475195,1.7575195,1.8875195
1.7975196,4.7775197,3.6575196,3.5175195,2.0575194,-1.3124804,-2.6224804,-4.3124804,-3.8324804,-3.4124804,-3.4224806,-3.0024805,-4.4424806,-6.4724803,-6.9124804,-7.1124806,-6.6124806,-7.3524804,-7.4324803,-6.8324804,-5.3624806,-3.9224806,-0.50248045,-0.7024805,0.31751955,2.9775195,1.3675195,-3.4724805,-5.4024806,-4.7124805,-4.5124803,-0.35248047,-0.7224805,1.3775195,3.6175196,1.7875196,1.1975195,0.37751952,-0.14248046,3.9775195,0.39751953
0.6575195,1.9175196,1.3275195,1.8175195,0.10751953,-2.2324805,-4.2224803,-3.7824805,-3.5324805,-3.6224804,-4.0024805,-2.2024806,1.4475195,0.7375195,-4.3824806,-7.4724803,-7.0824804,-7.3024807,-7.0824804,-6.4624805,-5.2924805,-2.1324804,-4.4124804,-5.0024805,-3.0324805,-0.93248045,6.9975195,3.3475196,0.32751954,-7.1524806,-11.52248,-9.65248,3.0075195,-0.46248046,-0.40248048,-0.47248048,-0.0024804687,-1.1224805,-1.5324805,-1.3724805,-2.0124805
0.56751955,0.39751953,0.33751953,-0.032480467,-4.4724803,-4.2424803,-5.1224804,-3.5424805,-3.6024804,-3.5524805,-4.7924805,-6.1824803,-0.17248046,2.3475196,0.63751954,-3.6224804,-7.1224804,-7.2124805,-6.6224804,-6.2424803,-5.0124803,-3.2224805,-1.9724804,-1.1924804,-1.0824804,-1.9224805,3.9675195,6.6575193,5.9775195,-0.43248045,-5.7924805,-7.8424807,-5.0024805,-1.6624805,0.36751953,0.30751953,1.3075196,-0.15248047,0.087519534,0.38751954,0.6575195
-0.29248047,6.5175195,5.3275194,2.9375196,-0.0024804687,-1.1824805,-2.1324804,-3.0424805,-3.0124805,-3.7924805,-3.7124805,-4.6024804,-5.7924805,2.1075196,3.1575196,-3.5724804,-7.1024804,-7.6024804,-7.5724807,-7.9624805,-5.2024803,-5.0224805,-2.5524805,-0.57248044,-0.27248046,-0.08248047,2.2675195,11.107519,8.12752,8.37752,0.06751953,-4.9324803,-5.4524803,-6.5324802,-6.9724803,-5.0824804,4.3675194,4.7075195,2.9775195,0.25751954,0.48751953
-0.73248047,-1.5724804,-0.92248046,-0.86248046,4.1275196,-0.39248046,-3.6824806,-4.3224807,-4.6824803,-4.6124806,-3.1224804,-2.0924804,-4.5124803,-3.8524804,-4.2424803,-4.0624804,-5.6724806,-7.2224803,-7.6724806,-7.1424804,-6.3724804,-3.9224806,-3.0724804,-1.9924805,-4.4524803,2.0375195,0.9075195,2.1375196,5.9675198,4.5275197,5.9875197,0.7975195,-2.2624805,-7.5424805,-6.8524804,0.04751953,3.2275195,5.8775196,3.3375196,1.4075196,4.6675196
0.81751955,-0.63248044,-1.3624805,-2.1524804,-1.6024804,-2.8824804,-3.5624804,-4.2024803,-4.7524805,-4.8824806,-3.4624805,-1.1124805,-3.7224805,-1.8524804,-1.7024804,-3.6224804,-4.9924803,-5.8524804,-4.9424806,-5.7024803,-8.312481,-6.0124803,-5.0624804,-3.9324806,-1.8024805,-0.5224805,4.5775194,3.3375196,4.0675197,4.4675198,7.4275193,3.7675195,0.16751952,-3.1824806,-6.8124804,-6.9624805,-1.4024805,0.24751954,-0.93248045,1.8575195,3.1675196
0.28751954,-0.7024805,-1.6824805,-1.8924805,-2.6124804,-1.6224805,-2.1524804,-2.9124804,-3.5624804,-4.3824806,-4.7324805,-4.3224807,-5.2924805,-4.8024807,-4.3724804,-3.0424805,-4.8324804,-6.1024804,-6.2124805,-5.6424804,-4.3924804,-6.0524807,-2.9124804,-2.8524804,-2.2024806,0.34751952,8.00752,5.8075194,1.8475195,-0.29248047,8.41752,8.7475195,4.8375196,1.3775195,-1.1824805,-6.9124804,1.5175195,1.8475195,2.9975195,0.99751955,-0.31248048
-1.6624805,-0.69248044,-0.5824805,-0.28248048,-0.22248048,-0.7824805,-3.7924805,-3.7624805,-5.3724804,-6.5424805,-6.2924805,-5.6524806,-4.5524807,-4.7824802,-6.6124806,-5.2124805,-3.2124805,-5.9624805,-6.1724806,-5.8524804,-3.9924805,-5.8824806,-3.8624804,0.42751953,3.1075196,1.8175195,0.94751954,8.907519,7.6875196,4.7175198,5.0275197,3.1175196,-2.2724805,6.4375196,3.8075194,-1.8024805,-3.4924805,-1.1624805,-0.56248045,0.5475195,0.27751952
1.6375195,0.7275195,0.027519532,-0.79248047,-1.5024805,-2.5424805,-2.9424806,-2.0724804,-1.4324805,-1.3024805,-2.7524805,-3.0824804,-3.1824806,-2.7724805,-3.3424804,-4.3324804,-5.4124804,-5.4624805,-3.7324805,-5.5324802,-7.4724803,-7.5624804,-9.132481,-3.0924804,3.0975196,8.50752,5.0575194,6.3975196,6.5775194,6.5675197,2.2375195,8.987519,12.487519,5.2275195,6.7675195,2.3275194,-0.68248045,-0.57248044,1.7175195,0.37751952,-1.0424805
0.25751954,1.5575196,1.0775195,-0.07248047,-3.1624804,-1.9924805,-3.1324804,-1.3224804,-1.7924805,-1.0424805,-1.8324804,-1.8924805,-3.7524805,-3.3624804,-3.1624804,-4.6324806,-3.1924806,-3.9524806,-6.0924807,-4.8324804,-5.3524804,-7.4224806,-8.172481,-9.19248,-2.3624804,1.0475196,3.9175196,3.8175194,-0.46248046,0.7375195,2.0275195,-0.82248044,1.9275196,8.51752,6.3375196,5.5575194,3.1975195,0.74751955,0.9875195,-1.3924805,-1.0824804
-0.092480466,-0.21248047,-0.19248047,0.29751953,-0.74248046,-0.38248047,-1.2824805,-1.5124805,-1.1624805,0.36751953,-0.20248047,-0.99248046,-3.1424804,-3.9424806,-3.7924805,-2.4124804,-2.6224804,-4.0624804,-4.8724804,-4.4324803,-5.2024803,-4.9724803,-6.6624804,-7.0824804,-7.5624804,-6.9724803,-4.8724804,3.5975196,6.9075193,4.0375195,-0.62248045,4.0475197,4.6975193,3.3175194,0.17751953,5.4875197,3.7075195,-0.23248047,-3.7324805,0.007519531,-0.9024805
-0.61248046,-0.36248046,-0.99248046,0.68751955,-0.18248047,-1.2824805,-0.032480467,0.40751952,-0.7024805,-0.6424805,-0.06248047,-1.2124804,-1.2524805,-3.5624804,-3.0024805,-2.9424806,-2.9924805,-2.4324806,-2.4024804,-3.5924804,-4.3124804,-2.8324804,-1.5324805,-4.6724806,-7.5824804,-6.2124805,-7.8524804,-9.382481,-0.45248047,5.9675198,4.7775197,3.4875195,-0.11248047,1.1975195,0.017519532,-1.2424805,2.3575196,2.6975195,0.9875195,-0.12248047,1.2575195
-0.21248047,-0.9724805,-1.7724805,-0.9724805,-0.6524805,0.55751956,0.94751954,-0.43248045,-0.5824805,-1.6324805,1.4175196,1.5375196,0.99751955,-0.37248048,-1.1124805,-1.3724805,-2.8824804,-2.4424806,-1.7524805,-0.38248047,-2.6824806,-4.1824803,-3.6324804,-0.74248046,-3.0024805,-4.6024804,-4.9524803,-6.8124804,-6.1724806,-1.2624805,-1.2224804,-0.41248047,-1.1124805,-0.73248047,-3.1524804,0.29751953,0.25751954,-2.6124804,3.0975196,3.2375195,1.2075195
