wind_kz.json
{"header": {"discipline":0,"disciplineName":"Meteorological products","gribEdition":2,"gribLength":1025,"center":7,"centerName":"US National Weather Service - NCEP(WMC)","subcenter":0,"refTime":"2024-02-02T06:00:00.000Z","significanceOfRT":1,"significanceOfRTName":"Start of forecast","productStatus":0,"productStatusName":"Operational products","productType":1,"productTypeName":"Forecast products","productDefinitionTemplate":0,"productDefinitionTemplateName":"Analysis/forecast at horizontal level/layer at a point in time","parameterCategory":2,"parameterCategoryName":"UnknownDiscipline_0_Category_2","parameterNumber":2,"parameterNumberName":"UnknownParameter_D0_C2_2","parameterUnit":"Unknown","genProcessType":2,"genProcessTypeName":"Forecast","forecastTime":240,"surface1Type":103,"surface1TypeName":"Specified height level above ground","surface1Value":10.0,"surface2Type":255,"surface2TypeName":"Missing","surface2Value":0.0,"gridDefinitionTemplate":0,"gridDefinitionTemplateName":"Latitude_Longitude","numberPoints":615,"shape":6,"shapeName":"Earth spherical with radius of 6,371,229.0 m","gridUnits":"degrees","resolution":48,"winds":"true","scanMode":64,"nx":41,"ny":15,"basicAngle":0,"lo1":47.0,"la1":41.0,"lo2":87.0,"la2":55.0,"dx":1.0,"dy":1.0}, "data":
[rows 0 to 14 of 15, columns 0 to 40 of 41]
0.21717529,0.23717529,0.42717528,-1.8828247,-1.6228247,-1.4828247,-1.5628247,-1.8828247,-3.5728247,-1.9328247,-2.6828246,-2.6828246,-2.9928248,-2.6828246,-2.6128247,-2.7528248,-2.8028247,-3.5628247,-4.0128245,-4.6028247,-5.1228247,-1.2228247,-0.042824708,-0.7228247,-1.3328247,-2.0028248,-3.2328248,-1.6828247,-0.9428247,0.7871753,1.7171752,1.9571753,0.017175293,0.037175294,2.9071753,4.077175,5.1271753,5.5071754,5.577175,5.287175,4.5071754
0.4371753,-1.4128247,-3.2828248,-2.7928247,-1.5128247,-1.5828247,-0.9628247,-2.8528247,-4.002825,-3.4028246,-3.1228247,-3.7928247,-3.0328248,-2.0828247,-2.0128248,-2.3828247,-3.4828248,-5.6628246,-3.0928247,-3.3828247,-2.5228248,-1.6928247,-0.3628247,-1.2328247,-0.7028247,-1.0428247,-0.55282474,0.2571753,0.4871753,-0.032824706,0.4471753,1.1971753,1.2471753,-0.1628247,0.50717527,0.5871753,0.9871753,1.9771752,1.1471753,1.1071754,5.267175
-1.2828248,-5.172825,-4.6028247,-4.5428247,-3.3128247,-3.7628248,-3.5628247,-2.6328247,-3.7428248,-3.2328248,-3.1928246,-2.8728247,-2.9028246,-3.2628248,-3.0828247,-3.1528246,-5.0128245,-3.1328247,-2.8228247,-2.2828248,-1.8328247,-1.8928246,-1.7928247,-2.0828247,-0.3428247,-1.4728247,-1.8728247,-1.2228247,0.117175296,0.21717529,0.8471753,-0.3728247,0.13717529,1.2271752,0.9271753,0.9171753,1.5871753,-0.1628247,2.3771753,5.3571754,2.8671753
-5.212825,-5.5728245,-5.522825,-5.5528245,-5.0528245,-4.0528245,-1.8928246,-2.9328246,-2.7828248,-2.5828247,-2.5128248,-3.1428246,-3.0828247,-3.2828248,-3.1728246,-3.0628247,-3.0828247,-2.5128248,-2.1828246,-1.1928247,0.1471753,-1.4128247,-0.6028247,0.13717529,0.6771753,1.4071753,1.2671753,-1.0928247,4.0071754,0.2671753,-1.5628247,0.06717529,-1.3728247,-2.6328247,-1.3328247,-0.44282472,0.3471753,3.4771752,0.81717527,0.3271753,0.117175296
-4.732825,-4.3928246,-3.9928248,-3.8328247,-3.7128248,-3.5528247,-2.8128247,-1.4328247,-1.9828247,-1.6128247,-1.8428247,-2.0128248,-1.9428247,-2.2228248,-1.9228247,-1.2928247,-1.1528248,-0.9528247,-0.6228247,-0.55282474,-0.4328247,0.6671753,1.1771753,1.5771753,1.9871753,0.7471753,1.8871753,2.9271753,3.8471754,3.5071752,2.8371754,0.3271753,0.7071753,3.3971753,0.9371753,1.8771753,1.0971752,1.6071754,2.3771753,1.6071754,1.5871753
-3.3428247,-3.1228247,-2.5528247,-2.7428248,-2.7828248,-2.5328248,-2.8328247,-2.1028247,-0.8828247,-1.0628247,-0.6628247,-0.5128247,-0.7728247,-1.3728247,-0.5928247,-0.2728247,0.15717529,0.7171753,0.6671753,-0.23282471,0.5571753,1.6071754,2.0871754,2.1771753,2.5871754,2.7571752,4.7171755,2.7071753,3.3271754,3.2471752,3.3971753,4.577175,4.867175,3.7871752,3.3471754,0.5371753,7.1671753,8.417175,14.377175,-0.29282472,1.2571753
-1.6328247,-1.9228247,-1.8028247,-1.2628247,-1.2328247,-0.5828247,-0.17282471,-0.2728247,0.2771753,0.5371753,-0.4328247,-1.0228248,-1.1128247,0.5371753,0.69717526,0.94717526,1.0271753,1.6171753,0.5371753,0.7071753,2.4371753,2.4071753,2.6771753,2.4971752,3.6971753,2.1271753,3.9371753,3.2071753,2.3371754,2.8071754,3.2871752,4.1771755,4.0271754,4.3571754,0.36717528,1.0571753,1.1771753,1.7171752,4.977175,1.2171752,-0.8428247
0.6071753,0.9571753,1.1171753,1.1371753,1.3071753,1.6471753,1.5271753,1.0271753,1.2771753,-0.8728247,0.057175294,0.5271753,1.7471753,1.4371753,2.5571754,2.1471753,1.5971752,0.6271753,0.3171753,1.4571753,2.6871753,2.6271753,2.4371753,1.5871753,2.6271753,1.4771752,2.9271753,2.7371752,3.6471753,3.6971753,4.577175,6.387175,2.2771752,3.2071753,5.847175,10.657175,8.307176,-1.2528247,-2.6428246,-3.0228248,-1.2728248
2.0471754,2.8271754,2.3571754,2.5471754,2.5271752,2.4071753,2.0771754,1.4971753,0.94717526,1.1871753,1.3171753,1.7471753,3.0571754,2.7871752,3.2271752,1.7071753,2.2271752,1.1271753,1.7371753,1.8271753,2.6171753,3.0771754,2.6071754,2.1271753,1.8871753,2.4471753,1.9671752,2.2971754,3.3071754,3.0171752,3.2971754,3.2671752,0.6671753,0.2071753,1.8071753,5.7771754,0.4971753,1.0871753,2.6771753,1.4671752,2.8671753
2.5371752,3.4371753,3.8271754,3.8571754,3.6171753,3.1471753,2.2671752,1.7671753,0.9871753,1.7771753,2.9071753,3.7571752,3.3671753,3.9871752,3.1071754,2.8871753,2.3871753,2.2871752,2.0471754,2.0771754,2.9571753,2.8871753,2.4571753,1.7171752,1.5771753,1.3271753,0.2671753,-1.2128247,-1.7028247,-1.2728248,1.1271753,1.5871753,2.9371753,3.4671752,3.4971752,3.0271752,1.5871753,-0.08282471,3.3671753,2.8271754,2.8771753
2.0371752,2.5971754,2.6271753,2.3971753,2.7071753,1.9971753,2.3471754,2.5071752,1.4971753,2.0771754,3.7671752,4.3371754,2.8471754,4.617175,3.9971752,3.0771754,2.8771753,2.2771752,1.4871753,2.0571754,0.5271753,-0.4828247,-1.8028247,-2.5228248,-2.1228247,-2.0728247,-0.74282473,-0.4528247,0.8571753,2.5471754,3.1771753,3.7971754,3.9871752,3.5471754,3.2771752,2.5871754,2.3371754,3.0771754,1.4671752,2.4971752,4.1071754
1.0371753,2.5771754,2.9571753,1.9471753,2.4171753,2.0471754,2.1771753,2.5271752,2.3171754,1.1971753,2.6171753,5.6071754,3.6571753,5.137175,4.597175,3.7271752,3.0771754,1.1771753,0.8571753,0.4971753,-1.3628247,-1.4728247,-1.8328247,-0.9728247,-1.1928247,-0.07282471,0.69717526,2.1271753,2.9871752,3.2371752,3.2971754,3.4071753,3.4771752,3.3871753,3.5071752,3.5971754,4.5071754,5.827175,5.2571754,4.037175,4.407175
2.9071753,2.0471754,2.2771752,2.1571753,2.1371753,1.8071753,2.7771752,2.7471752,3.4371753,0.6671753,1.3371753,5.157175,1.6171753,4.327175,4.117175,3.2771752,1.6871753,-0.6128247,-0.7828247,-0.80282474,-0.8428247,-0.35282472,0.13717529,0.21717529,1.1571753,1.7771753,1.3571754,2.0271752,2.3371754,2.8571754,3.5971754,3.3371754,3.7971754,3.6471753,4.077175,4.6871753,4.997175,3.4871752,5.1971755,4.597175,4.1471753
3.7471752,3.7971754,2.5171752,3.5871754,2.5571754,2.8271754,3.3271754,3.7871752,2.8271754,1.4671752,1.7071753,1.7571753,3.1171753,2.4771752,3.6371753,1.2871753,-1.0128247,-1.9928247,-1.8828247,-0.7328247,-0.55282474,-0.29282472,-0.32282472,1.0271753,0.8871753,0.9771753,1.3771753,1.8471752,2.1371753,3.0471754,3.0971754,2.9571753,3.1071754,3.6371753,3.9571753,4.5071754,4.117175,4.1271753,3.6171753,3.6271753,4.137175
3.7271752,5.0271754,5.637175,4.847175,4.5071754,4.1871753,4.477175,3.6871753,2.6771753,1.4171753,1.2471753,4.267175,1.9771752,0.3771753,0.06717529,-0.8328247,-2.1828246,-2.1228247,-1.0128247,-0.9128247,-0.6528247,-0.1528247,-0.022824707,0.2571753,1.3271753,1.3871753,1.5971752,1.7171752,2.7271752,2.6971753,2.4871752,2.6071754,2.8771753,3.6371753,4.037175,4.577175,4.1271753,4.8771753,4.827175,4.307175,2.2871752
