wind_kz.json
{"header": {"discipline":0,"disciplineName":"Meteorological products","gribEdition":2,"gribLength":1025,"center":7,"centerName":"US National Weather Service - NCEP(WMC)","subcenter":0,"refTime":"2023-09-27T18:00:00.000Z","significanceOfRT":1,"significanceOfRTName":"Start of forecast","productStatus":0,"productStatusName":"Operational products","productType":1,"productTypeName":"Forecast products","productDefinitionTemplate":0,"productDefinitionTemplateName":"Analysis/forecast at horizontal level/layer at a point in time","parameterCategory":2,"parameterCategoryName":"UnknownDiscipline_0_Category_2","parameterNumber":2,"parameterNumberName":"UnknownParameter_D0_C2_2","parameterUnit":"Unknown","genProcessType":2,"genProcessTypeName":"Forecast","forecastTime":300,"surface1Type":103,"surface1TypeName":"Specified height level above ground","surface1Value":10.0,"surface2Type":255,"surface2TypeName":"Missing","surface2Value":0.0,"gridDefinitionTemplate":0,"gridDefinitionTemplateName":"Latitude_Longitude","numberPoints":615,"shape":6,"shapeName":"Earth spherical with radius of 6,371,229.0 m","gridUnits":"degrees","resolution":48,"winds":"true","scanMode":64,"nx":41,"ny":15,"basicAngle":0,"lo1":47.0,"la1":41.0,"lo2":87.0,"la2":55.0,"dx":1.0,"dy":1.0}, "data":
[rows 0 to 14 of 15, columns 0 to 40 of 41]
-0.08013916,-1.3916015E-4,-1.7101392,3.079861,-1.3201392,-1.9001392,-0.44013917,-0.58013916,0.7498608,-0.51013917,-0.37013915,0.5598608,-0.67013913,-0.15013915,0.06986084,0.60986084,0.05986084,1.1098609,-2.7301393,-1.6401391,-0.37013915,-0.61013913,0.42986083,2.4098608,-1.3501391,-0.52013916,1.9898609,2.839861,0.44986084,1.9698608,0.54986084,0.79986084,-0.48013917,-1.3401392,-1.2901392,-1.2201391,-1.6001391,-1.8001392,-2.700139,-1.3701391,-1.3901391
0.44986084,-1.6201391,2.6798608,-1.5001391,-2.690139,-2.3701391,0.01986084,1.8698609,0.38986084,1.1398609,1.4598608,0.84986085,0.44986084,-0.24013916,-0.6201392,0.77986085,1.6998608,-0.84013915,-0.90013915,-0.7401392,-0.16013916,-0.83013916,0.09986084,2.4198608,1.0398608,-0.03013916,0.91986084,0.7598608,2.7598608,1.4898609,1.4498608,1.0098609,-0.6901392,0.7498608,-0.05013916,0.7598608,0.91986084,0.41986084,0.17986085,-0.46013916,0.20986085
-1.3601391,1.1298609,-3.3301392,-2.8001392,-4.580139,-1.2001392,-1.3916015E-4,0.09986084,1.4298608,1.3098608,1.5298609,1.6198609,2.1798608,2.6298609,2.0098608,0.9998608,1.1198609,2.079861,1.3798609,0.71986085,0.9398608,1.8898609,1.7998608,2.9398608,0.9498608,0.39986083,0.079860836,-0.46013916,2.6698608,0.38986084,0.78986084,0.78986084,-0.96013916,0.5698608,0.59986085,1.4898609,0.15986083,0.26986083,-0.25013915,2.319861,1.2898608
-2.3101392,-3.9701393,-4.300139,-3.3501391,-1.7701392,1.0298609,2.1698608,3.1998608,3.119861,3.569861,4.029861,4.569861,4.609861,4.6398606,4.919861,4.5198607,3.9798608,3.4498608,3.9698608,3.579861,3.1398609,3.069861,1.4998609,2.4498608,1.1598608,0.45986083,1.2198608,1.7798609,0.98986083,-1.0701392,-4.4601393,-3.3701391,-4.3801394,-3.410139,-3.2701392,-0.28013915,0.31986085,2.1398609,-0.8101392,0.01986084,-1.6201391
-0.78013915,-0.31013915,0.9398608,1.2498609,3.1898608,3.569861,3.9098608,4.899861,4.819861,5.089861,6.439861,7.719861,6.5598607,6.739861,6.6198606,8.229861,7.929861,6.939861,5.779861,5.199861,5.339861,5.0598607,5.129861,4.819861,4.439861,3.3898609,3.8898609,2.319861,3.0098608,2.569861,2.599861,3.2598608,2.6398609,1.9498608,-1.2201391,-0.7401392,0.10986084,0.18986084,-0.59013915,-1.7501391,-0.8001392
2.059861,2.6498609,3.4398608,4.939861,6.0598607,6.499861,6.929861,6.939861,7.189861,8.239861,8.789861,8.959861,8.89986,8.209861,9.189861,8.769861,8.689861,8.799861,8.439861,7.3098607,7.469861,6.649861,6.529861,6.279861,6.2698607,6.249861,6.5398607,2.7498608,5.069861,4.979861,4.469861,4.5798607,5.0598607,2.7098608,1.6498609,-3.130139,2.2698607,1.0298609,-0.54013914,-0.46013916,2.1498609
3.1498609,4.1398606,5.1598606,6.109861,6.7698607,7.799861,8.439861,8.699861,8.999861,9.259861,9.439861,9.239861,8.849861,8.949861,7.959861,7.689861,7.8698606,8.929861,8.719861,8.459861,7.759861,8.06986,7.319861,7.279861,7.529861,7.6198606,8.56986,7.169861,6.109861,5.529861,6.1398606,5.2698607,3.589861,0.92986083,-2.410139,-1.1601392,0.40986085,3.099861,3.829861,3.869861,1.5298609
-3.1101391,-2.0101392,-1.6101391,-0.15013915,1.5698608,2.7598608,4.1598606,5.189861,6.6398606,7.299861,7.669861,7.859861,7.499861,8.239861,7.879861,7.969861,5.8498607,7.1598606,8.699861,8.749861,10.449861,8.729861,8.499861,7.209861,7.609861,7.649861,7.8098607,7.0198607,7.8498607,7.089861,5.949861,6.589861,3.9798608,3.5398607,5.3698606,4.1198606,0.42986083,-3.5501392,-5.290139,-7.1501393,-3.3101392
-1.3501391,-0.89013916,-0.37013915,0.5598608,1.3998609,2.3898609,2.8898609,3.559861,4.239861,4.999861,5.719861,6.669861,8.829861,8.949861,9.739861,9.259861,10.139861,9.599861,7.649861,6.8098607,7.689861,7.6198606,8.949861,7.109861,8.739861,7.229861,7.729861,7.239861,7.5998607,5.439861,7.009861,7.6198606,7.799861,6.069861,4.949861,1.2298608,-1.1101391,0.70986086,0.5598608,-0.15013915,2.339861
0.66986084,1.3798609,2.369861,2.609861,3.2198608,3.569861,3.9498608,4.259861,5.199861,5.8098607,6.649861,7.4098606,7.719861,6.359861,6.0798607,6.259861,5.949861,6.739861,7.919861,8.64986,9.169861,9.789861,9.419861,7.259861,6.979861,6.279861,6.609861,7.8098607,8.849861,9.10986,8.919861,6.5398607,3.7498608,5.569861,7.0998607,1.5798608,-2.0401392,-1.2601391,5.089861,2.2098608,0.39986083
1.9098608,2.9698608,3.5198607,3.4898608,3.579861,3.799861,4.469861,5.249861,5.3098607,5.819861,6.649861,7.259861,7.529861,8.299861,8.56986,8.479861,8.159861,7.449861,7.5998607,4.989861,5.629861,9.009861,8.999861,7.969861,6.7698607,6.609861,6.7698607,6.949861,7.5198607,7.449861,5.5798607,6.5998607,5.399861,2.799861,8.119861,4.649861,-1.3916015E-4,-0.32013917,5.199861,2.4298608,3.609861
3.1998608,3.5098608,3.3798609,4.0798607,4.3698606,4.219861,4.319861,4.839861,5.5198607,5.779861,7.299861,7.6598606,7.5398607,8.349861,8.379861,8.289861,8.269861,8.329861,8.449861,8.219861,8.449861,8.239861,5.7698607,6.009861,6.359861,6.709861,7.169861,7.899861,7.669861,7.689861,6.7898607,5.969861,4.1198606,3.7298608,5.589861,7.839861,7.169861,6.679861,4.999861,4.899861,4.0398607
3.609861,4.589861,4.4098606,4.669861,4.7698607,4.6398606,6.149861,5.799861,8.889861,6.5198607,5.129861,6.8698606,8.189861,8.909861,6.7698607,8.709861,8.849861,8.079861,7.6198606,6.8898606,7.009861,7.709861,7.709861,7.969861,7.819861,7.989861,8.789861,8.179861,7.149861,6.3698606,5.469861,5.949861,6.169861,4.969861,4.719861,6.319861,7.3098607,5.0998607,6.949861,6.6198606,1.5298609
4.6598606,4.609861,5.3898606,5.439861,5.8298607,5.489861,5.919861,7.179861,6.549861,6.6398606,5.3498607,7.069861,7.069861,6.5598607,8.179861,7.839861,7.2898607,6.839861,7.0598607,7.0998607,7.319861,7.279861,7.859861,7.759861,7.979861,8.079861,7.969861,7.699861,7.1598606,6.7698607,7.319861,5.199861,5.799861,5.2698607,4.129861,5.149861,6.009861,5.749861,6.729861,4.419861,4.719861
3.6798608,4.629861,5.1398606,5.499861,5.799861,5.669861,4.719861,4.689861,7.3498607,6.529861,4.479861,7.1198606,5.719861,6.3898606,6.2698607,6.439861,8.419861,8.369861,7.219861,7.8498607,6.3498607,6.1198606,6.509861,7.089861,7.399861,7.379861,6.989861,7.249861,6.5598607,5.689861,5.509861,6.719861,5.689861,5.549861,5.339861,6.0598607,5.2698607,7.1598606,6.0998607,5.799861,2.0198607
