wind.json
{"header": {"discipline":0,"disciplineName":"Meteorological products","gribEdition":2,"gribLength":1125,"center":7,"centerName":"US National Weather Service - NCEP(WMC)","subcenter":0,"refTime":"2023-06-27T18:00:00.000Z","significanceOfRT":1,"significanceOfRTName":"Start of forecast","productStatus":0,"productStatusName":"Operational products","productType":1,"productTypeName":"Forecast products","productDefinitionTemplate":0,"productDefinitionTemplateName":"Analysis/forecast at horizontal level/layer at a point in time","parameterCategory":2,"parameterCategoryName":"UnknownDiscipline_0_Category_2","parameterNumber":3,"parameterNumberName":"UnknownParameter_D0_C2_3","parameterUnit":"Unknown","genProcessType":2,"genProcessTypeName":"Forecast","forecastTime":180,"surface1Type":103,"surface1TypeName":"Specified height level above ground","surface1Value":10.0,"surface2Type":255,"surface2TypeName":"Missing","surface2Value":0.0,"gridDefinitionTemplate":0,"gridDefinitionTemplateName":"Latitude_Longitude","numberPoints":688,"shape":6,"shapeName":"Earth spherical with radius of 6,371,229.0 m","gridUnits":"degrees","resolution":48,"winds":"true","scanMode":64,"nx":43,"ny":16,"basicAngle":0,"lo1":45.0,"la1":40.0,"lo2":87.0,"la2":55.0,"dx":1.0,"dy":1.0}, "data":
[rows 0 to 15 of 16, columns 0 to 42 of 43]
-0.8160864,0.35391358,2.4839137,1.6939136,-4.9560866,-9.026087,-5.666086,-5.4360867,1.7339135,1.8539135,1.5539136,-0.24608642,-1.1360865,-3.1560864,-4.0460863,-4.1760864,-3.6160865,-5.0660863,-5.5460863,-6.7260866,-9.516087,-8.756086,-6.6360865,-4.376086,-3.8660865,-1.7460865,-2.9260864,-3.7160864,-3.3160865,0.053913575,2.6239135,2.9639137,1.6039135,-1.4260864,-1.8960865,-3.9960864,-1.9360864,-5.0760865,-2.0760865,-0.65608644,-1.0960864,0.24391358,-2.1760864
-1.7560865,-0.8260864,3.4739137,2.3439136,-3.3960865,-9.336086,-5.9260864,-5.0960865,-2.5560865,1.9839135,1.6339135,1.2439135,-0.54608643,-2.3860865,-4.396086,-4.2660866,-3.4860864,-4.6160865,-5.4760866,-7.5760865,-7.2360864,-6.7860866,-5.3260865,-5.2660866,-3.8260865,2.4539137,3.4539137,2.7839136,0.15391357,0.70391357,-4.7660866,-0.13608642,3.6239135,2.7339137,-1.0760864,4.1739135,-0.91608644,-2.7260864,-2.1660864,2.1639135,2.1439135,0.39391357,0.28391358
-0.5060864,2.5039136,-0.16608642,-3.2960863,-6.916086,-6.0960865,-7.1360865,-4.9560866,-4.8260865,2.2739136,1.8739135,2.0739136,1.5539136,-0.3760864,-1.6760864,-3.3460865,-4.7260866,-5.9060864,-7.396086,-7.0360866,-7.7660866,-6.0160866,-5.666086,-5.4060864,-5.3260865,-2.4160864,3.3839135,3.9439135,3.9939137,1.4539136,-0.6160864,0.70391357,-3.5160863,-1.8160864,1.2139136,1.2639136,2.6739135,1.6439136,2.9739137,1.9039136,1.7339135,2.4039135,-0.3460864
-0.8160864,-1.5060865,-3.1560864,-6.0960865,-6.5360866,-3.8160865,-5.3060865,-2.2360864,1.3539135,2.9439135,3.8839135,4.0639133,3.5239136,2.1239135,0.60391355,-0.9860864,-3.9060864,-5.8060865,-6.0560865,-7.5460863,-9.396087,-7.3160863,-4.4760866,-6.4760866,-3.3660865,-3.4760864,-3.8960865,-3.6260865,-2.6360865,0.7339136,-1.5260864,-2.0860865,-2.8960865,-0.60608643,-3.3260865,0.9939136,0.33391356,-2.5160863,-3.3460865,2.4339135,-1.5960864,1.5139136,-0.48608643
-1.5660864,-2.9960864,-2.5260863,-3.9560864,-5.4860864,-3.5560865,-2.0360863,-2.8160865,-4.0460863,0.36391357,5.9439135,4.4039135,3.6039135,3.1339135,-0.8760864,-0.23608643,-3.8460865,-5.5060863,-5.7660866,-7.1360865,-7.626086,-7.9560866,-6.0060863,-5.1560864,-4.0760865,-4.9060864,-3.7260864,-3.5860865,-2.5760865,-0.90608644,-2.2860863,-0.42608643,-2.5060863,1.0439136,2.0939136,0.8639136,1.6739136,0.9839136,3.1839135,0.5439136,-3.8160865,-2.7260864,-2.6660864
-2.9660864,-5.7860866,-6.126086,-4.7860866,-4.9060864,-4.8360863,-3.0160863,-3.3160865,-4.3360863,0.77391356,4.6439137,4.6939135,3.2939136,1.9539136,4.2839136,1.1239135,-1.1760864,-4.6060863,-4.4760866,-5.626086,-6.5760865,-6.3060865,-5.2660866,-4.2060866,-5.0460863,-5.5060863,-4.2160864,-2.9460864,-1.9560864,-4.0460863,0.4039136,-0.29608643,-1.5860864,-3.0860865,-1.0960864,-0.24608642,1.1239135,0.89391357,0.5039136,0.59391356,-0.11608642,-1.5860864,-1.2560865
-3.7160864,-5.7260866,-6.8560863,-5.8560863,-4.5160866,-3.4660864,-3.7060864,-1.9060864,-5.7160864,3.2339137,5.853914,3.3139136,1.2039136,-0.8160864,2.7939136,2.0139136,-0.7060864,-2.6260865,-4.2560863,-6.4960866,-7.0160866,-4.7960863,-3.9860864,-3.6760864,-6.0760865,-6.4060864,-4.6960864,-2.0760865,-1.2660865,-0.8760864,-4.1060863,-3.9060864,-5.8660865,-5.1860867,-3.3860865,-2.9060864,-4.4660864,-2.8360865,-4.4660864,-3.3660865,-3.0560865,-0.18608643,-0.48608643
-5.1560864,-6.3160863,-7.4860864,-7.0360866,-6.6360865,-5.1560864,-3.0660865,-1.6160865,-2.4760864,0.12391357,1.5939136,2.1539135,0.59391356,-0.65608644,-1.8060864,-2.5660865,-2.2360864,-4.2060866,-6.0760865,-6.4860864,-5.2560863,-3.2260864,-2.8160865,-5.0160866,-5.2460866,-4.4560866,-3.5560865,-1.9260864,0.34391358,-3.1360865,-1.8160864,-3.3560865,0.72391355,-3.1660864,1.8639135,0.53391355,0.8039136,0.23391357,3.1139135,1.3439136,0.5639136,1.3839135,-2.7160864
-5.7460866,-6.7860866,-6.3660865,-7.0560865,-6.5960865,-5.4760866,-4.3360863,-3.4060864,-2.2560863,1.0639136,2.7239137,2.7139137,0.17391357,-1.1560864,-2.1360865,-1.7960864,-1.8960865,-5.1360865,-6.4960866,-5.3660865,-1.6960864,-5.3160863,-5.5860863,-4.6060863,-3.5560865,-3.1060865,-2.7260864,-2.2360864,-2.6060865,-1.4260864,-0.8860864,-1.2160864,-0.15608643,1.3739135,0.65391356,2.3439136,2.4639137,0.09391358,-0.9560864,-3.2260864,-2.1360865,-1.6560864,0.39391357
-5.3360863,-6.6160865,-7.4260864,-7.4660864,-6.5160866,-5.0460863,-3.9060864,-3.7460864,-1.1460865,0.83391356,3.4739137,2.2439137,2.0639136,1.8339136,-1.8260864,-1.6760864,-3.4360864,-5.7460866,-5.4460864,-4.4960866,-3.3060865,-2.0660865,-4.5460863,-4.5660863,-3.2160864,-3.4460864,-3.3360865,-2.9460864,-2.8160865,-2.0860865,-2.7060864,-1.8060864,-1.5660864,-1.5060865,-0.8760864,-1.4960865,0.18391357,1.0339136,2.0239136,1.3739135,2.0939136,1.1339135,2.8439136
-4.7960863,-5.7960863,-6.9860864,-7.7160864,-6.5160866,-5.2360864,-3.9160864,-3.8460865,-1.7860864,2.4139135,3.8439136,3.7239137,3.2939136,0.8139136,-1.7360864,-0.44608644,-3.3660865,-5.1160865,-5.6560864,-5.3860865,-2.8460865,-2.2760863,-1.2760864,-1.8460864,-3.2460864,-4.0460863,-5.7460866,-3.4560864,-1.3060864,-2.4460864,-2.5960865,-1.9860864,-1.8160864,-2.0460863,-1.8360864,-1.7960864,0.91391355,4.1839137,2.6539135,2.0739136,1.7239136,-0.8060864,-0.47608644
-3.7260864,-5.0160866,-5.8360863,-7.2060866,-6.6960864,-5.0760865,-4.2760863,-3.2160864,-3.0060863,1.4739136,3.2139137,3.4339135,3.1039135,-0.7560864,-1.7360864,-2.1660864,-3.1560864,-5.3460865,-6.5360866,-5.8060865,-3.5860865,-0.8260864,-0.79608643,-2.0560865,-2.8960865,-4.0660863,-4.3660865,-2.7260864,-3.2960863,-5.9260864,-3.2160864,-5.6060863,-3.3460865,-2.7460864,-1.1960864,0.34391358,1.0539136,3.5839136,2.9739137,1.7739136,1.3339136,1.5639136,-0.16608642
-2.9760864,-3.5360863,-4.4460864,-5.4260864,-5.9860864,-5.396086,-4.4360867,-4.2560863,-2.4560864,2.0839136,2.0039136,2.2739136,1.7339135,-0.26608643,-2.2560863,-1.8960865,-3.6560864,-4.7360864,-4.4860864,-3.2460864,-3.3560865,-1.8460864,-1.3860865,-2.8860865,-2.6560864,-3.6760864,-4.4360867,-4.1860867,-4.5660863,1.7739136,3.4739137,-1.0060865,-2.4960864,-3.9260864,-3.6560864,-3.6160865,-1.9460864,-2.7360864,-3.4860864,-2.1860864,-2.1060865,-2.3260865,-1.7960864
-2.4460864,-2.3160865,-2.5760865,-3.5460863,-3.2760863,-3.9460864,-3.7460864,-2.0160863,-1.8460864,-0.16608642,1.1739136,1.0339136,-0.06608643,-0.49608642,-0.6960864,-1.7360864,-3.6560864,-3.3960865,-1.8360864,-1.6860864,-2.9360864,-1.7560865,-2.2560863,-2.4660864,-3.3460865,-3.9760864,-5.2160864,-4.0260863,-3.7660863,-2.9860864,-3.2160864,-3.6960864,-3.5260863,-3.2660863,-2.4160864,-2.8360865,-2.2060864,-2.5960865,-1.7360864,-1.5760864,-2.5660865,-0.58608645,-0.47608644
-1.6460865,-1.3060864,-1.8260864,-3.2160864,-3.0660865,-1.2960864,-3.8860865,-1.5960864,0.25391358,1.7139136,1.1139135,2.0539136,1.3739135,0.90391356,1.3639135,-0.9860864,-2.0860865,-1.4060864,-0.85608643,-0.83608645,-0.5560864,-1.2160864,-1.9460864,-3.4260864,-3.0060863,-2.9260864,-3.4660864,-3.2860863,-2.6260865,-2.3760865,-2.6860864,-3.1060865,-3.7160864,-3.2460864,-3.6760864,-2.7960863,-2.6860864,-1.9660864,-2.5160863,-2.9260864,-2.8260865,-1.3260864,-1.4060864
-0.3760864,-1.1460865,-0.7560864,-1.7060864,-2.1960864,0.22391358,-1.1360865,-1.3360864,-0.036086425,1.9739136,2.4939137,2.6139135,2.0039136,1.2339135,-0.32608643,0.58391356,-0.28608644,-1.1860864,-0.59608644,-0.41608644,-0.3760864,-0.7360864,-1.4560864,-2.9060864,-3.3860865,-1.9260864,-2.3860865,-1.7960864,-0.026086425,-0.38608643,-1.3360864,-1.8860865,-2.0460863,-3.2460864,-2.9560864,-2.3460865,-2.4660864,-2.3360865,-3.1460865,-2.9260864,-2.5660865,-1.2660865,-0.7560864
