wind.json
{"header": {"discipline":0,"disciplineName":"Meteorological products","gribEdition":2,"gribLength":1125,"center":7,"centerName":"US National Weather Service - NCEP(WMC)","subcenter":0,"refTime":"2023-06-29T00:00:00.000Z","significanceOfRT":1,"significanceOfRTName":"Start of forecast","productStatus":0,"productStatusName":"Operational products","productType":1,"productTypeName":"Forecast products","productDefinitionTemplate":0,"productDefinitionTemplateName":"Analysis/forecast at horizontal level/layer at a point in time","parameterCategory":2,"parameterCategoryName":"UnknownDiscipline_0_Category_2","parameterNumber":3,"parameterNumberName":"UnknownParameter_D0_C2_3","parameterUnit":"Unknown","genProcessType":2,"genProcessTypeName":"Forecast","forecastTime":120,"surface1Type":103,"surface1TypeName":"Specified height level above ground","surface1Value":10.0,"surface2Type":255,"surface2TypeName":"Missing","surface2Value":0.0,"gridDefinitionTemplate":0,"gridDefinitionTemplateName":"Latitude_Longitude","numberPoints":688,"shape":6,"shapeName":"Earth spherical with radius of 6,371,229.0 m","gridUnits":"degrees","resolution":48,"winds":"true","scanMode":64,"nx":43,"ny":16,"basicAngle":0,"lo1":45.0,"la1":40.0,"lo2":87.0,"la2":55.0,"dx":1.0,"dy":1.0}, "data":
[rows 0 to 15 of 16, columns 0 to 42 of 43]
-4.0644655,2.2455347,0.26553467,0.9755347,0.5455347,-3.3444653,-5.4344654,-6.8044653,-2.5844653,-1.4744654,0.45553467,-3.1044652,-1.7044654,-2.4044654,-3.2944653,-3.4044654,-3.7044654,-4.7444654,-4.444465,-5.0444655,-4.3344655,-3.1544654,-3.4144654,-0.03446533,1.4555347,2.0055346,1.5555347,0.33553466,0.99553466,-1.2144654,-3.1544654,-2.7044654,-1.7944653,-1.2144654,0.51553464,-2.2944653,-5.754465,-5.694465,0.13553467,4.0455346,2.8155346,0.81553465,0.05553467
1.7455347,-0.82446533,-0.28446534,-2.4544654,0.5455347,-2.7544653,-4.7844653,-5.4544654,-3.4844654,-0.69446534,-1.5944654,0.5355347,-1.3644654,-1.4544654,-2.2544653,-3.3144653,-4.1844654,-4.1444654,-3.1544654,-3.0244653,-5.0144653,-1.4944654,-1.6144654,-3.0144653,-1.7544653,-1.4744654,-1.3144653,-1.3544654,-1.2244654,1.6155347,1.8655347,-0.87446535,-1.9244653,-3.0044653,1.4255347,-3.2944653,-2.8044653,-4.1244655,-2.6244652,-0.6044653,-0.7044653,-0.68446535,2.6455348
-0.42446533,-4.0244656,0.28553468,1.1355346,-0.19446534,-2.9144654,-4.234465,-4.4944654,-3.5844653,-1.1944653,0.045534667,2.8355346,1.5055346,-1.2144654,-2.0744653,-3.4344654,-4.114465,-4.3544655,-3.9044654,-2.2244654,-6.1444654,-4.114465,-3.8744652,-2.7344654,-1.0844654,0.29553467,-0.9044653,-1.1544653,-1.3544654,0.63553464,-0.18446533,1.7555346,1.1855347,1.4455347,-2.1944654,-1.4644654,-4.3344655,-4.3944654,-2.1544654,-4.9144654,-3.3844652,-2.8744652,0.49553466
2.9355347,2.1355348,0.105534665,2.1055346,-1.2444654,-3.7244654,-4.884465,-3.2544653,-4.1044655,-2.0944653,-0.5444653,-0.82446533,1.5255346,-0.8444653,0.29553467,-1.9044653,-2.8844652,-2.8944654,-3.6244652,-4.0944653,-3.9244654,-3.3744652,-3.6544654,-3.2144654,1.7255347,-0.03446533,1.3955346,1.4455347,2.2955346,-0.21446534,0.34553468,2.7455347,1.6855347,0.5255347,1.9355347,-1.1344653,-2.1944654,1.4255347,1.5355346,-3.7244654,-0.25446534,-0.76446533,-1.8544654
1.2655346,1.3055347,1.6155347,1.9055346,-1.1044654,-3.7144654,-3.4444654,-2.7444654,-3.9844654,-3.3144653,-4.1444654,-4.2044654,-3.9144654,-2.2344654,3.4455347,0.9755347,-1.4744654,-2.9544654,-3.7544653,-3.7644653,-3.9244654,-2.7044654,-2.7844653,-1.9744654,-1.0244653,-0.38446534,0.33553466,2.2255347,1.3955346,1.9255347,5.015535,3.8955348,2.3355346,-0.7744653,-1.5544653,-0.27446532,-0.7844653,0.13553467,1.6855347,2.4855347,2.0355346,2.8755348,1.6655346
2.5255346,3.1455348,2.0655346,1.1255347,-0.38446534,-1.5144653,-2.3844652,-2.9244654,-2.9244654,-2.2244654,-2.9944654,-4.234465,-4.924465,-4.8544655,-2.6644654,0.23553467,-2.5944653,-2.1744654,-2.1844654,-2.0244653,-2.1344652,-2.0744653,-2.3344653,-1.8944653,-1.3444654,-0.99446535,-0.19446534,-0.87446535,3.6355348,5.2155347,1.7555346,3.2555346,5.8755345,3.0155346,2.6255348,0.8455347,-1.1144654,-2.0344653,-0.94446534,-2.2744653,0.82553464,0.80553466,3.1455348
1.9755347,1.1855347,1.7355347,-0.024465332,-1.5444653,-2.2244654,-1.4744654,-2.5944653,-2.0844653,-2.6444654,-2.3444653,-1.7344654,-2.4944654,-2.0844653,-3.5244653,-3.3644652,-2.8944654,-2.8344653,-2.4344654,-2.2444654,-3.1344652,-1.3444654,-2.2244654,-1.8044653,-2.0944653,-1.6444653,1.1755347,1.3655347,1.3455347,3.4355347,2.7755346,4.285535,5.7255344,5.5055346,0.99553466,1.8655347,2.7255347,-2.1344652,0.29553467,-3.4544654,-5.9544654,-2.1344652,1.6155347
-3.3744652,0.31553468,0.45553467,1.0655347,1.5755347,-0.55446535,-0.24446534,0.50553465,-0.8944653,-0.67446536,-2.7444654,-2.1444654,-1.5844654,0.6555347,-0.7144653,-1.9444653,-2.2944653,-2.8444653,-2.5344653,-2.1944654,-2.7744653,-2.5844653,-1.9044653,-2.4144654,-3.1144652,-2.3844652,-3.0244653,0.37553465,1.3255347,1.0455346,2.2655346,4.995535,4.495535,5.6255345,-2.1744654,-0.9044653,-0.74446535,-1.2244654,-0.28446534,2.1055346,-0.94446534,-2.4244654,-1.0944654
-2.2344654,-2.7344654,0.065534666,-0.9544653,-2.3744652,-1.0244653,-2.4944654,-2.7744653,-3.6744654,-0.9744653,0.08553467,-0.7144653,-1.5544653,-0.87446535,-1.1344653,-1.8544654,-1.5844654,-1.7944653,-1.9144653,-2.0244653,-2.4344654,-2.2344654,-2.5244653,-2.3844652,-2.6344652,-3.1544654,-4.0544653,-1.6244653,-0.50446534,2.4855347,2.2755346,3.4755347,4.4655347,5.285535,2.9755347,0.7755347,2.3855348,0.05553467,-2.0944653,0.43553466,0.98553467,-0.024465332,-1.3944653
-2.9644654,-3.2744653,-2.3344653,-1.9544654,-0.074465334,-1.3944653,-2.3544652,-2.4044654,-1.5944654,-1.0844654,0.40553465,-0.82446533,-2.1144652,-2.1344652,-1.6844653,-2.2344654,-1.6644653,-1.9544654,-1.3844653,-0.86446536,-0.74446535,-1.4844654,-0.74446535,-1.6044654,-2.4144654,-3.9344654,-2.2044654,-2.5444653,-0.32446533,-1.2344654,1.4655347,-0.18446533,-0.25446534,-0.75446534,-0.014465332,-1.2344654,-0.9144653,-1.2544653,-2.6844654,-0.81446534,0.6655347,-1.1844653,-0.11446533
-1.9744654,-2.4144654,-2.0044653,-1.6644653,-1.1444653,-2.1244652,-2.4444654,-2.7644653,-3.1744654,-2.0344653,-0.93446535,-0.51446533,-1.1344653,-1.3744653,-2.1044652,-2.5344653,-2.8844652,-2.8244653,-2.8644652,-2.0644653,-1.0344653,-0.48446533,-0.94446534,-1.4944654,-1.5844654,-2.5444653,-3.5144653,-0.9144653,1.5855347,2.1255348,-0.8944653,-1.1644653,0.81553465,-1.2944653,-2.4944654,-4.5244656,-1.7144654,-0.12446533,0.27553466,-1.3744653,-0.37446535,1.3855346,1.3855346
-0.8944653,-1.7844653,-2.1144652,-1.4144653,-0.48446533,-1.3744653,-0.5944653,-2.2844653,-1.1644653,-0.36446533,-0.94446534,-1.1744653,-0.31446534,0.045534667,-2.3144653,-2.2944653,-2.5544653,-3.0944653,-3.8544652,-3.5244653,-2.6844654,-0.8344653,-0.5944653,-0.34446535,-0.82446533,-2.8344653,-2.0144653,-0.75446534,0.7855347,1.3255347,0.48553467,1.2355347,0.99553466,-1.6644653,-2.0844653,-3.5544653,-4.7444654,-2.1344652,-1.1644653,0.93553466,0.17553467,0.5255347,-0.05446533
-2.2244654,-1.1744653,-1.0044653,-0.9144653,-0.35446534,-0.6444653,-0.6444653,-0.36446533,1.1555346,0.20553467,-0.20446533,-0.09446533,-0.27446532,-1.5344653,-2.0544653,-3.0944653,-2.8044653,-2.9544654,-2.4144654,-3.2144654,-2.9744654,-2.1244652,-2.3044653,-2.5944653,-2.8944654,2.1155348,0.18553467,-0.56446534,1.7555346,1.5055346,1.1155347,1.3455347,0.27553466,-0.34446535,-1.3144653,-2.5944653,-3.3144653,-4.0944653,-2.7144654,-0.67446536,0.005534668,0.7255347,0.27553466
-1.1644653,-0.99446535,-0.45446533,-1.0344653,-0.49446532,-0.15446533,0.025534667,0.09553467,0.36553466,1.9655347,0.19553466,0.35553467,-0.06446533,-0.73446536,-0.94446534,-2.6144652,-2.5244653,-2.0144653,-0.42446533,-1.6944653,-1.8444654,-2.3544652,-1.2244654,-0.88446534,-0.9144653,1.1755347,0.9155347,2.0955346,2.8155346,1.6655346,1.6655346,1.3455347,0.7155347,-0.28446534,-1.5044653,-2.3244653,-2.5644653,-2.4644654,-2.5644653,-1.8844653,-2.8344653,-1.6244653,-0.25446534
-0.11446533,0.22553466,-0.40446532,-0.7844653,-1.0644653,-0.5344653,-0.94446534,-0.03446533,1.4655347,1.8755347,1.1055347,1.7955346,1.5255346,-0.12446533,-0.7844653,-0.87446535,-2.0044653,-1.8944653,-1.6844653,-1.6944653,-1.6544653,-1.2844653,-1.0744653,0.6455347,1.7855346,1.7755346,1.3955346,1.5155346,1.1055347,0.51553464,0.92553467,1.1055347,-0.14446533,-0.30446532,-0.47446534,-1.3844653,-2.2044654,-3.3144653,-3.2244654,-2.4944654,-2.4744654,-1.5344653,-1.3844653
0.30553466,0.38553467,-0.12446533,-0.9744653,-1.9144653,-0.5444653,-0.88446534,0.13553467,0.62553465,0.99553466,0.48553467,1.5055346,1.3355347,1.5855347,1.6555346,-0.87446535,-3.1644654,-2.0944653,-2.8644652,-3.0644653,-2.6144652,-2.8544652,-1.3344654,0.29553467,-0.24446534,1.6755347,2.2455347,1.3355347,1.7855346,1.2955346,1.0655347,0.43553466,0.9155347,0.49553466,0.05553467,-0.33446532,-1.1444653,-2.7044654,-2.5844653,-2.3544652,-1.8844653,-3.5644653,-1.4844654
