wind_kz.json
{"header": {"discipline":0,"disciplineName":"Meteorological products","gribEdition":2,"gribLength":1025,"center":7,"centerName":"US National Weather Service - NCEP(WMC)","subcenter":0,"refTime":"2024-03-19T12:00:00.000Z","significanceOfRT":1,"significanceOfRTName":"Start of forecast","productStatus":0,"productStatusName":"Operational products","productType":1,"productTypeName":"Forecast products","productDefinitionTemplate":0,"productDefinitionTemplateName":"Analysis/forecast at horizontal level/layer at a point in time","parameterCategory":2,"parameterCategoryName":"UnknownDiscipline_0_Category_2","parameterNumber":2,"parameterNumberName":"UnknownParameter_D0_C2_2","parameterUnit":"Unknown","genProcessType":2,"genProcessTypeName":"Forecast","forecastTime":120,"surface1Type":103,"surface1TypeName":"Specified height level above ground","surface1Value":10.0,"surface2Type":255,"surface2TypeName":"Missing","surface2Value":0.0,"gridDefinitionTemplate":0,"gridDefinitionTemplateName":"Latitude_Longitude","numberPoints":615,"shape":6,"shapeName":"Earth spherical with radius of 6,371,229.0 m","gridUnits":"degrees","resolution":48,"winds":"true","scanMode":64,"nx":41,"ny":15,"basicAngle":0,"lo1":47.0,"la1":41.0,"lo2":87.0,"la2":55.0,"dx":1.0,"dy":1.0}, "data":
[rows 0 to 14 of 15, columns 0 to 40 of 41]
0.41071412,0.7907141,-2.489286,-1.1692859,0.6907141,0.6307141,2.3907142,-0.88928586,-3.3892858,-3.5992858,-4.0392857,-4.859286,-4.809286,-4.279286,-3.0992858,-1.9592859,-0.30928588,-1.7892859,0.38071412,-0.4092859,-1.5592859,-2.0892859,0.6207141,1.0207142,2.760714,0.18071412,-1.9292859,2.270714,-0.30928588,1.3507141,2.3907142,0.2207141,-0.46928588,-0.27928588,-1.489286,0.1607141,2.750714,0.8707141,1.0907141,1.0807141,0.2707141
1.3907142,-2.509286,0.4207141,1.6407142,1.9207141,1.3507141,1.4307141,0.6407141,-2.769286,-4.319286,-5.109286,-4.589286,-3.8592858,-3.439286,-2.8492858,-2.3792858,-1.6992859,-1.4292859,-0.3292859,0.050714113,0.6607141,0.8907141,0.4907141,2.5907142,1.5007141,0.9807141,0.3007141,1.0707141,-0.9792859,0.6307141,0.6407141,-0.27928588,0.93071413,-0.8092859,-0.23928589,2.3807142,2.3307142,1.4007142,1.760714,-1.4192859,1.7207141
-5.629286,-1.3392859,-0.42928588,-1.2492859,-1.1292859,-0.43928587,2.970714,0.5207141,-3.3892858,-3.269286,-3.289286,-3.689286,-3.469286,-3.4192858,-2.269286,-1.7492859,-0.8092859,-0.6492859,-0.01928589,1.3007141,2.240714,3.470714,3.8907142,5.0207143,2.520714,3.4207141,3.0907142,1.5007141,2.9107141,1.2007141,-0.2892859,-1.6292859,-0.7792859,0.17071411,-0.2892859,0.25071412,0.7607141,0.6307141,5.590714,4.130714,1.9107141
-5.879286,-2.739286,-2.3192859,0.31071413,2.1907141,-2.019286,-1.4692858,-2.0992858,-2.219286,-3.249286,-3.189286,-4.609286,-5.119286,-2.4092858,0.25071412,-0.5292859,-0.4092859,-0.01928589,0.23071411,1.2307141,2.240714,3.4107141,1.4607141,0.7807141,2.000714,0.07071411,-0.21928589,3.780714,-0.30928588,0.06071411,1.760714,3.6907141,4.7107143,2.970714,2.6307142,1.8107141,-0.8992859,3.000714,-0.6192859,0.32071412,0.28071412
-5.839286,-3.8992858,-4.089286,-3.3392859,-4.429286,-5.649286,-5.389286,-4.379286,-3.5792859,-2.6492858,-1.5592859,-4.149286,-1.1492859,-0.7992859,0.8907141,3.260714,1.510714,1.9207141,1.5907141,1.2207141,2.010714,3.5907142,3.770714,3.1607141,2.3307142,2.1407142,2.490714,-0.18928589,0.20071411,1.2207141,2.6407142,2.560714,0.74071413,2.470714,-1.6692859,-0.8492859,6.600714,3.790714,1.880714,3.200714,2.6607141
-4.2692857,-4.129286,-4.4592857,-4.339286,-4.129286,-4.719286,-5.399286,-4.069286,-2.259286,-1.2492859,0.06071411,0.5607141,0.7907141,1.0307142,2.990714,2.3307142,3.000714,4.110714,3.8307142,1.760714,3.6207142,3.250714,3.810714,5.280714,3.540714,0.67071414,-0.5492859,-0.5592859,1.8907142,3.070714,4.400714,5.390714,3.230714,0.3707141,0.9007141,-0.08928589,2.310714,3.9307141,12.930714,4.160714,3.820714
-2.6492858,-2.679286,-2.3692858,-3.219286,-2.989286,-2.279286,-2.1592858,-1.2292858,-0.3492859,0.3307141,0.7507141,2.3507142,2.9207141,3.6507142,3.1907141,3.6307142,3.8607142,4.490714,3.240714,4.530714,4.090714,3.4307141,1.8307141,1.9007142,-0.42928588,0.28071412,2.6707141,2.710714,1.6207141,1.9107141,1.9507141,1.3507141,0.7307141,1.8107141,-2.8692858,-0.9692859,-0.3792859,-0.02928589,3.270714,-1.3192859,1.4807141
-1.8592858,-1.6892859,-1.4692858,-0.7092859,-0.9992859,0.24071412,0.5107141,1.7007141,1.9407141,2.6707141,3.320714,3.9307141,4.720714,4.630714,5.2507143,5.220714,5.100714,4.840714,4.8107142,5.970714,4.2707143,4.910714,2.1807141,3.6007142,2.6107142,3.1907141,4.320714,1.4807141,2.1907141,2.070714,1.4007142,1.9807141,0.74071413,1.3707141,1.6007141,0.06071411,-0.5892859,1.2107141,2.9307141,4.080714,1.5707141
0.06071411,0.24071412,0.7907141,1.260714,2.1907141,2.3407142,2.520714,2.460714,1.7207141,1.7007141,2.6007142,2.6007142,4.800714,4.820714,3.070714,4.8107142,5.5007143,5.950714,3.950714,3.520714,3.550714,3.020714,3.6207142,2.470714,3.310714,2.8807142,1.7307141,5.100714,3.5807142,2.450714,2.6307142,2.6907141,4.820714,3.6307142,0.9507141,-1.0392859,0.5207141,1.510714,0.92071414,0.080714114,1.3707141
2.1907141,1.9407141,2.6507142,3.000714,3.760714,0.07071411,-0.33928588,0.4607141,2.1207142,2.770714,4.400714,5.110714,4.780714,5.010714,5.2107143,5.190714,5.150714,5.5407143,3.750714,4.090714,6.680714,7.050714,5.860714,4.600714,4.410714,4.690714,5.7707143,5.870714,5.880714,6.280714,4.920714,6.200714,4.590714,2.6107142,-0.8792859,-0.81928587,-1.7892859,-0.4892859,1.6507142,1.5507141,1.1707141
3.1907141,3.570714,3.810714,2.980714,2.8807142,1.7807142,2.3707142,3.040714,3.560714,4.070714,5.4607143,6.260714,5.160714,6.880714,7.2307143,6.7707143,6.680714,7.2307143,5.010714,6.590714,8.010715,7.180714,7.470714,6.590714,6.320714,5.800714,7.200714,8.110714,8.880714,8.350714,7.130714,4.890714,4.450714,4.320714,-0.21928589,-1.0792859,-0.20928589,1.4707141,1.9007142,1.3207141,0.4907141
2.6707141,2.1207142,3.490714,3.3407142,4.300714,3.790714,4.160714,4.740714,5.180714,4.760714,5.970714,9.290714,6.7707143,8.500714,9.430714,8.750714,8.860714,9.420714,6.640714,7.990714,7.7907143,8.010715,7.640714,7.410714,8.100714,8.360714,8.040714,9.760715,8.650714,8.460714,3.530714,2.320714,2.790714,2.030714,3.270714,3.050714,4.7707143,6.420714,1.1707141,-0.3792859,-0.3292859
3.780714,3.070714,2.8407142,3.6107142,3.480714,3.4207141,3.950714,4.7507143,6.5007143,5.760714,4.5407143,7.470714,9.170714,8.510715,9.5507145,9.710714,8.850714,9.090714,8.270714,8.580714,8.250714,8.670714,8.610714,8.570714,9.460714,9.230714,9.260715,8.260715,7.4607143,7.170714,6.110714,4.660714,2.9007142,2.4407141,3.200714,4.690714,4.220714,3.0907142,5.130714,1.7307141,0.6207141
3.6507142,3.490714,1.4107141,3.800714,3.760714,4.100714,4.630714,5.2507143,5.4607143,5.660714,4.0207143,6.090714,7.420714,8.030714,8.570714,7.820714,7.900714,8.5507145,7.7107143,9.020714,8.530714,8.770714,10.280714,10.250714,9.570714,8.450714,7.0207143,6.550714,6.620714,6.2307143,5.880714,5.010714,4.180714,4.2307143,4.0407143,4.360714,4.260714,4.190714,3.6207142,4.0007143,4.080714
2.070714,3.250714,3.800714,4.050714,5.100714,5.300714,6.410714,6.8107142,7.0607142,5.970714,5.0407143,6.830714,6.380714,8.240714,7.700714,8.510715,7.9807143,7.880714,6.970714,8.770714,8.660714,8.660714,8.3007145,8.180714,8.190714,8.330714,7.5207143,6.530714,5.100714,5.030714,4.7707143,4.580714,3.8607142,3.9107141,4.0407143,4.620714,3.6307142,5.300714,5.160714,4.680714,2.500714
