wind_kz.json
{"header": {"discipline":0,"disciplineName":"Meteorological products","gribEdition":2,"gribLength":871,"center":7,"centerName":"US National Weather Service - NCEP(WMC)","subcenter":0,"refTime":"2023-09-19T06:00:00.000Z","significanceOfRT":1,"significanceOfRTName":"Start of forecast","productStatus":0,"productStatusName":"Operational products","productType":1,"productTypeName":"Forecast products","productDefinitionTemplate":0,"productDefinitionTemplateName":"Analysis/forecast at horizontal level/layer at a point in time","parameterCategory":0,"parameterCategoryName":"UnknownDiscipline_0_Category_0","parameterNumber":0,"parameterNumberName":"UnknownParameter_D0_C0_0","parameterUnit":"Unknown","genProcessType":2,"genProcessTypeName":"Forecast","forecastTime":300,"surface1Type":1,"surface1TypeName":"Ground or water surface","surface1Value":0.0,"surface2Type":255,"surface2TypeName":"Missing","surface2Value":0.0,"gridDefinitionTemplate":0,"gridDefinitionTemplateName":"Latitude_Longitude","numberPoints":615,"shape":6,"shapeName":"Earth spherical with radius of 6,371,229.0 m","gridUnits":"degrees","resolution":48,"winds":"true","scanMode":64,"nx":41,"ny":15,"basicAngle":0,"lo1":47.0,"la1":41.0,"lo2":87.0,"la2":55.0,"dx":1.0,"dy":1.0}, "data":
[rows 0 to 14 of 15, columns 0 to 40 of 41]
291.1706,282.1706,288.3706,293.4706,293.3706,293.3706,294.1706,294.6706,292.4706,292.6706,291.07062,292.3706,291.1706,290.57062,289.6706,287.57062,287.9706,289.3706,288.7706,289.3706,291.57062,288.9706,286.7706,282.7706,287.9706,288.1706,285.9706,273.2706,272.3706,273.8706,275.3706,275.57062,284.8706,290.6706,290.2706,290.9706,291.3706,290.6706,289.07062,289.4706,288.8706
275.2706,286.7706,293.1706,293.3706,292.9706,291.57062,293.8706,291.8706,290.6706,290.6706,290.3706,288.2706,287.4706,286.6706,286.6706,287.07062,288.1706,289.4706,287.1706,287.8706,287.9706,288.6706,286.57062,281.2706,272.7706,272.8706,281.1706,274.1706,275.6706,270.8706,276.1706,269.4706,277.57062,264.07062,270.7706,288.3706,285.57062,287.57062,289.8706,282.57062,283.6706
289.07062,292.2706,293.4706,292.9706,291.1706,293.3706,293.4706,292.1706,289.7706,288.2706,286.4706,286.6706,284.8706,286.07062,288.9706,287.2706,286.57062,286.4706,287.07062,287.07062,291.1706,289.2706,288.3706,281.4706,283.3706,283.9706,285.6706,284.2706,284.57062,277.2706,271.7706,272.2706,278.07062,277.7706,280.2706,279.4706,268.1706,271.8706,273.1706,269.7706,265.7706
289.57062,291.6706,293.1706,291.9706,291.1706,292.07062,293.6706,292.07062,290.4706,288.6706,286.4706,285.6706,290.7706,290.1706,287.7706,287.9706,288.3706,286.2706,286.57062,287.07062,288.6706,281.7706,286.4706,286.4706,286.3706,286.07062,286.07062,283.8706,281.7706,281.9706,283.4706,283.57062,287.8706,284.1706,283.9706,282.2706,269.9706,260.07062,273.07062,280.4706,282.7706
291.1706,290.2706,291.3706,290.4706,291.57062,293.2706,293.7706,292.2706,291.4706,290.2706,288.57062,285.7706,289.4706,288.4706,287.07062,287.2706,287.3706,287.2706,285.6706,288.2706,287.6706,287.07062,285.07062,283.6706,282.9706,283.3706,281.8706,284.07062,281.3706,281.07062,283.07062,279.9706,274.3706,266.9706,275.8706,282.6706,288.07062,286.8706,286.2706,285.4706,284.3706
291.4706,289.1706,289.57062,289.1706,290.07062,289.2706,291.7706,292.57062,290.6706,290.2706,289.9706,289.3706,289.07062,289.2706,287.6706,286.3706,288.07062,286.7706,288.3706,287.4706,285.9706,285.7706,284.4706,282.8706,281.4706,279.7706,280.2706,286.57062,282.07062,282.4706,280.4706,282.07062,280.07062,279.07062,278.2706,281.9706,274.6706,277.1706,280.9706,282.4706,281.2706
290.6706,288.9706,292.9706,291.7706,290.07062,290.8706,291.57062,290.6706,291.2706,291.4706,288.9706,289.07062,288.2706,287.8706,286.6706,287.7706,287.1706,287.8706,286.7706,285.57062,285.4706,285.8706,284.9706,284.1706,282.2706,281.9706,280.4706,280.9706,280.2706,280.4706,279.4706,278.7706,278.7706,280.6706,280.57062,278.9706,274.9706,271.6706,268.57062,270.7706,277.6706
290.9706,290.07062,292.7706,292.9706,293.1706,292.7706,291.4706,289.9706,289.2706,289.3706,288.8706,288.4706,287.8706,288.3706,287.8706,287.7706,287.07062,287.7706,286.6706,283.7706,283.1706,281.8706,281.07062,281.57062,280.9706,278.6706,279.57062,279.4706,278.57062,279.3706,277.2706,276.7706,274.9706,272.9706,273.4706,274.4706,275.6706,286.1706,273.6706,273.4706,272.07062
290.4706,289.6706,290.8706,290.57062,291.9706,291.4706,290.1706,289.7706,288.6706,288.57062,287.9706,287.4706,287.3706,287.8706,287.3706,288.07062,287.4706,286.7706,286.3706,284.1706,281.6706,281.3706,281.4706,280.4706,278.9706,278.9706,276.6706,276.9706,277.07062,275.6706,276.1706,275.1706,275.07062,275.2706,272.8706,272.57062,273.07062,272.07062,262.2706,265.1706,258.4706
290.4706,292.1706,291.8706,291.8706,291.8706,291.1706,290.2706,289.3706,289.2706,288.6706,287.6706,287.07062,287.7706,287.8706,287.3706,287.3706,286.9706,286.6706,285.2706,284.4706,282.6706,282.57062,282.9706,282.2706,281.3706,280.9706,281.8706,278.3706,277.7706,278.2706,277.57062,278.2706,278.2706,277.4706,275.1706,273.9706,271.7706,269.7706,268.07062,266.2706,264.7706
288.9706,288.07062,289.7706,290.3706,291.07062,289.9706,290.57062,290.2706,289.8706,292.07062,291.2706,291.07062,291.07062,288.3706,287.6706,287.3706,287.4706,288.07062,288.3706,287.1706,286.8706,283.57062,281.9706,281.07062,280.7706,280.6706,279.1706,283.4706,283.1706,283.57062,279.8706,279.8706,278.1706,278.2706,277.07062,273.9706,270.2706,268.3706,267.7706,266.3706,261.4706
286.7706,288.6706,288.3706,288.57062,288.07062,287.57062,286.6706,286.6706,287.6706,286.7706,284.9706,285.8706,287.1706,285.8706,286.6706,287.07062,287.57062,287.6706,287.2706,287.07062,285.4706,284.2706,283.6706,281.9706,280.6706,280.9706,281.07062,282.3706,284.8706,284.9706,282.7706,281.57062,280.2706,276.07062,276.3706,274.8706,274.8706,273.7706,273.57062,271.6706,270.1706
285.6706,285.9706,287.4706,286.7706,287.57062,287.07062,285.8706,285.8706,285.07062,284.8706,283.07062,282.1706,285.07062,284.7706,285.6706,285.9706,286.1706,286.1706,286.4706,285.6706,285.6706,284.8706,284.4706,282.9706,282.9706,282.8706,283.07062,281.3706,281.8706,284.07062,283.2706,282.07062,281.1706,280.4706,279.4706,277.1706,274.7706,276.2706,273.07062,272.07062,270.7706
283.9706,286.07062,286.07062,286.57062,285.8706,285.4706,285.6706,285.9706,285.4706,285.9706,284.07062,284.1706,284.2706,284.8706,286.2706,286.57062,286.7706,286.3706,285.8706,286.3706,286.3706,286.3706,286.57062,285.7706,285.1706,283.9706,282.2706,281.6706,280.6706,280.57062,281.6706,280.9706,280.6706,279.2706,278.4706,276.9706,276.4706,275.1706,272.4706,270.8706,271.07062
283.9706,284.8706,285.7706,285.57062,286.07062,285.2706,286.4706,286.57062,287.7706,285.6706,285.9706,283.9706,284.3706,286.4706,284.4706,285.4706,286.1706,286.6706,287.2706,286.6706,286.8706,286.57062,286.57062,285.8706,285.6706,285.2706,284.57062,282.57062,281.3706,281.2706,280.9706,282.7706,280.8706,279.4706,278.9706,277.4706,278.7706,275.8706,275.07062,273.57062,273.3706
